i,vehi,obj,vehiBest,objBest,loFunc,note
1,12,1488.9000000000008,12,1488.9000000000008,move,newBest
2,12,1341.6,12,1341.6,move,newBest
3,12,1330.8000000000002,12,1330.8000000000002,move,newBest
4,12,1330.8000000000002,12,1330.8000000000002,move,improve
5,12,1237.7999999999995,12,1237.7999999999995,move,newBest
6,12,1637.2999999999993,12,1237.7999999999995,2opt,acceptBad
7,12,1536.3999999999996,12,1237.7999999999995,swap,improve
8,12,1278.9999999999995,12,1237.7999999999995,move,improve
9,12,996.2999999999997,12,996.2999999999997,swap,newBest
10,12,996.2999999999997,12,996.2999999999997,move,improve
11,12,687.6,12,687.6,move,newBest
12,12,687.6,12,687.6,move,improve
13,12,687.6,12,687.6,move,improve
14,12,687.6,12,687.6,move,improve
15,12,993.9999999999998,12,687.6,2opt,acceptBad
16,12,1113.6999999999998,12,687.6,swap,acceptBad
17,12,1113.6999999999998,12,687.6,2opt,improve
18,12,1113.6999999999998,12,687.6,move,improve
19,12,1106.4999999999995,12,687.6,2opt,improve
20,12,999.9999999999998,12,687.6,2opt,improve
21,12,1028.8999999999999,12,687.6,swap,acceptBad
22,12,1152.9,12,687.6,2opt,acceptBad
23,12,1155.6000000000004,12,687.6,swap,acceptBad
24,12,1389.7000000000003,12,687.6,swap,acceptBad
25,12,1394.5000000000005,12,687.6,swap,acceptBad
26,12,1556.5,12,687.6,swap,acceptBad
27,12,1535.2,12,687.6,swap,improve
28,12,1276.0000000000007,12,687.6,move,improve
29,12,1135.9000000000003,12,687.6,2opt,improve
30,12,1135.9000000000003,12,687.6,2opt,improve
31,12,1242.7000000000005,12,687.6,swap,acceptBad
32,12,1252.9000000000008,12,687.6,swap,acceptBad
33,12,1263.5000000000005,12,687.6,swap,acceptBad
34,12,1281.5000000000005,12,687.6,swap,acceptBad
35,12,1426.9000000000005,12,687.6,move,acceptBad
36,12,1463.5000000000005,12,687.6,2opt,acceptBad
37,12,1465.600000000001,12,687.6,2opt,acceptBad
38,12,1578.6000000000013,12,687.6,swap,acceptBad
39,12,1575.0000000000005,12,687.6,2opt,improve
40,12,1601.900000000001,12,687.6,swap,acceptBad
41,12,1620.500000000001,12,687.6,swap,acceptBad
42,13,2079.400000000001,12,687.6,2opt,acceptBad
43,13,1954.4000000000008,12,687.6,move,improve
44,13,2102.600000000001,12,687.6,2opt,acceptBad
45,13,1983.2000000000007,12,687.6,swap,improve
46,13,2202.800000000001,12,687.6,2opt,acceptBad
47,13,2330.6000000000004,12,687.6,swap,acceptBad
48,14,4079.8000000000006,12,687.6,2opt,acceptBad
49,14,3547.700000000001,12,687.6,2opt,improve
50,14,3553.4000000000015,12,687.6,2opt,acceptBad
51,13,1709.800000000001,12,687.6,move,improve
52,13,1539.4000000000005,12,687.6,swap,improve
53,13,1539.800000000001,12,687.6,2opt,acceptBad
54,13,2075.4000000000015,12,687.6,swap,acceptBad
55,13,2142.0000000000005,12,687.6,swap,acceptBad
56,13,2054.0,12,687.6,2opt,improve
57,13,1908.6,12,687.6,swap,improve
58,13,1831.7999999999997,12,687.6,move,improve
59,14,2680.7999999999993,12,687.6,2opt,acceptBad
60,14,1931.9999999999998,12,687.6,move,improve
61,14,1787.8,12,687.6,move,improve
62,14,1694.8999999999999,12,687.6,move,improve
63,14,1691.3999999999999,12,687.6,move,improve
64,14,1807.1000000000004,12,687.6,2opt,acceptBad
65,14,1696.5000000000005,12,687.6,swap,improve
66,14,1696.5000000000005,12,687.6,move,improve
67,14,1826.6000000000004,12,687.6,swap,acceptBad
68,14,1786.0,12,687.6,2opt,improve
69,14,1785.5000000000002,12,687.6,2opt,improve
70,14,1785.5000000000002,12,687.6,move,improve
71,14,1822.5000000000005,12,687.6,2opt,acceptBad
72,14,1893.1000000000001,12,687.6,2opt,acceptBad
73,14,1893.1000000000004,12,687.6,2opt,acceptBad
74,14,2628.6000000000004,12,687.6,swap,acceptBad
75,14,2540.0000000000005,12,687.6,move,improve
76,14,2540.0000000000005,12,687.6,move,improve
77,14,2540.0000000000005,12,687.6,swap,improve
78,14,2613.3999999999996,12,687.6,2opt,acceptBad
79,14,2585.1000000000004,12,687.6,move,improve
80,14,2620.7000000000003,12,687.6,swap,acceptBad
81,14,2032.9999999999995,12,687.6,2opt,improve
82,14,1884.0,12,687.6,move,improve
83,14,2010.199999999999,12,687.6,swap,acceptBad
84,14,1981.6999999999994,12,687.6,move,improve
85,14,1956.3999999999996,12,687.6,move,improve
86,14,1858.9999999999995,12,687.6,move,improve
87,15,2751.7999999999997,12,687.6,2opt,acceptBad
88,15,2911.7999999999997,12,687.6,swap,acceptBad
89,15,2999.5999999999995,12,687.6,swap,acceptBad
90,15,3736.2,12,687.6,2opt,acceptBad
91,15,3195.599999999999,12,687.6,move,improve
92,15,3158.3999999999987,12,687.6,move,improve
93,16,4972.199999999999,12,687.6,2opt,acceptBad
94,16,4845.799999999999,12,687.6,swap,improve
95,16,4914.1,12,687.6,swap,acceptBad
96,16,4067.0999999999985,12,687.6,move,improve
97,16,4156.0999999999985,12,687.6,2opt,acceptBad
98,16,3338.899999999999,12,687.6,move,improve
99,16,3558.899999999999,12,687.6,2opt,acceptBad
100,16,3195.7999999999997,12,687.6,move,improve
101,16,3195.7999999999997,12,687.6,move,improve
102,16,2601.5999999999985,12,687.6,move,improve
103,17,3643.799999999999,12,687.6,2opt,acceptBad
104,17,3624.199999999999,12,687.6,move,improve
105,17,3457.7999999999993,12,687.6,swap,improve
106,17,4036.399999999999,12,687.6,2opt,acceptBad
107,17,4086.5999999999976,12,687.6,swap,acceptBad
108,17,4086.5999999999976,12,687.6,move,improve
109,17,3882.3999999999987,12,687.6,move,improve
110,17,3259.3999999999987,12,687.6,move,improve
111,17,3259.3999999999987,12,687.6,2opt,improve
112,17,3385.199999999999,12,687.6,swap,acceptBad
113,17,3371.3999999999996,12,687.6,swap,improve
114,17,3371.3999999999996,12,687.6,2opt,improve
115,17,3728.5999999999985,12,687.6,swap,acceptBad
116,17,2850.800000000001,12,687.6,move,improve
117,17,3517.999999999999,12,687.6,2opt,acceptBad
118,17,3517.999999999999,12,687.6,2opt,improve
119,17,3754.7999999999975,12,687.6,swap,acceptBad
120,17,3662.799999999997,12,687.6,swap,improve
121,17,4943.199999999999,12,687.6,swap,acceptBad
122,17,4336.7999999999965,12,687.6,move,improve
123,17,4371.399999999997,12,687.6,2opt,acceptBad
124,17,4127.199999999997,12,687.6,move,improve
125,17,4305.399999999998,12,687.6,2opt,acceptBad
126,17,3920.8,12,687.6,move,improve
127,17,3969.000000000001,12,687.6,swap,acceptBad
128,17,3969.000000000001,12,687.6,move,improve
129,17,4353.600000000002,12,687.6,2opt,acceptBad
130,17,4318.4,12,687.6,swap,improve
131,17,4257.199999999999,12,687.6,2opt,improve
132,17,4755.199999999998,12,687.6,2opt,acceptBad
133,17,4816.999999999997,12,687.6,swap,acceptBad
134,18,6165.0,12,687.6,2opt,acceptBad
135,18,6165.900000000001,12,687.6,2opt,acceptBad
136,18,6461.700000000002,12,687.6,swap,acceptBad
137,18,6467.400000000003,12,687.6,swap,acceptBad
138,18,6452.2000000000035,12,687.6,swap,improve
139,18,6526.100000000006,12,687.6,2opt,acceptBad
140,18,5897.0000000000055,12,687.6,swap,improve
141,18,5720.300000000006,12,687.6,swap,improve
142,18,4671.8,12,687.6,2opt,improve
143,18,4587.900000000001,12,687.6,swap,improve
144,18,4853.600000000001,12,687.6,2opt,acceptBad
145,18,5076.800000000001,12,687.6,swap,acceptBad
146,18,5044.300000000002,12,687.6,swap,improve
147,18,5100.400000000002,12,687.6,swap,acceptBad
148,18,4423.4000000000015,12,687.6,move,improve
149,18,3733.700000000001,12,687.6,move,improve
150,18,3381.7999999999997,12,687.6,swap,improve
151,18,3019.999999999999,12,687.6,move,improve
152,18,3122.9999999999986,12,687.6,swap,acceptBad
153,18,3723.4999999999986,12,687.6,2opt,acceptBad
154,18,3723.4999999999986,12,687.6,move,improve
155,18,3246.7000000000003,12,687.6,move,improve
156,18,3744.6000000000004,12,687.6,2opt,acceptBad
157,18,3473.3999999999996,12,687.6,move,improve
158,18,3471.0999999999995,12,687.6,move,improve
159,18,4950.100000000001,12,687.6,2opt,acceptBad
160,18,4910.100000000001,12,687.6,2opt,improve
161,18,5934.700000000001,12,687.6,2opt,acceptBad
162,18,4591.099999999999,12,687.6,move,improve
163,18,4726.699999999999,12,687.6,swap,acceptBad
164,18,4112.5999999999985,12,687.6,move,improve
165,18,4088.599999999999,12,687.6,2opt,improve
166,18,5639.700000000001,12,687.6,2opt,acceptBad
167,17,3738.7999999999997,12,687.6,2opt,improve
168,17,3738.8,12,687.6,2opt,acceptBad
169,17,3880.0,12,687.6,swap,acceptBad
170,17,3682.800000000001,12,687.6,move,improve
171,17,3419.4000000000015,12,687.6,move,improve
172,17,4763.800000000001,12,687.6,2opt,acceptBad
173,17,4526.200000000001,12,687.6,swap,improve
174,17,4525.400000000001,12,687.6,2opt,improve
175,16,3021.900000000002,12,687.6,move,improve
176,16,3399.500000000001,12,687.6,2opt,acceptBad
177,16,3487.500000000001,12,687.6,2opt,acceptBad
178,16,3518.300000000001,12,687.6,2opt,acceptBad
179,16,3386.000000000001,12,687.6,swap,improve
180,16,3369.800000000001,12,687.6,swap,improve
181,16,3069.300000000001,12,687.6,move,improve
182,16,3021.8000000000015,12,687.6,move,improve
183,16,2668.2,12,687.6,2opt,improve
184,16,3162.5999999999995,12,687.6,swap,acceptBad
185,16,3267.6,12,687.6,2opt,acceptBad
186,16,3267.6,12,687.6,move,improve
187,16,2561.8000000000006,12,687.6,move,improve
188,16,2410.4,12,687.6,swap,improve
189,16,2599.300000000001,12,687.6,2opt,acceptBad
190,16,2599.300000000001,12,687.6,move,improve
191,16,3023.300000000002,12,687.6,swap,acceptBad
192,16,2816.800000000002,12,687.6,move,improve
193,16,2664.200000000001,12,687.6,swap,improve
194,16,2664.200000000001,12,687.6,2opt,improve
195,16,2386.5000000000005,12,687.6,move,improve
196,17,4612.6,12,687.6,2opt,acceptBad
197,17,3430.0,12,687.6,move,improve
198,17,3732.2000000000007,12,687.6,swap,acceptBad
199,17,2976.999999999999,12,687.6,move,improve
200,17,2989.8,12,687.6,2opt,acceptBad
201,17,2891.7999999999984,12,687.6,2opt,improve
202,17,2755.199999999999,12,687.6,move,improve
203,17,2927.2,12,687.6,2opt,acceptBad
204,17,3307.200000000002,12,687.6,swap,acceptBad
205,17,3238.6000000000004,12,687.6,2opt,improve
206,17,3238.6000000000004,12,687.6,move,improve
207,17,3014.1999999999994,12,687.6,move,improve
208,17,2983.8000000000025,12,687.6,2opt,improve
209,17,2997.8000000000025,12,687.6,swap,acceptBad
210,17,2906.8000000000015,12,687.6,move,improve
211,17,3194.8000000000006,12,687.6,2opt,acceptBad
212,17,3194.8000000000006,12,687.6,move,improve
213,17,3201.4000000000015,12,687.6,2opt,acceptBad
214,17,3201.4000000000015,12,687.6,move,improve
215,17,3328.0,12,687.6,swap,acceptBad
216,17,3315.7999999999997,12,687.6,2opt,improve
217,17,3496.599999999999,12,687.6,swap,acceptBad
218,17,3496.599999999999,12,687.6,move,improve
219,17,3271.999999999998,12,687.6,swap,improve
220,17,3167.9999999999986,12,687.6,move,improve
221,17,3287.3999999999974,12,687.6,swap,acceptBad
222,17,3657.999999999998,12,687.6,swap,acceptBad
223,17,3981.3999999999996,12,687.6,swap,acceptBad
224,17,3833.4000000000005,12,687.6,2opt,improve
225,17,3833.4000000000005,12,687.6,move,improve
226,17,3861.9999999999995,12,687.6,2opt,acceptBad
227,17,3575.5999999999995,12,687.6,move,improve
228,17,3837.1999999999985,12,687.6,swap,acceptBad
229,17,3548.3999999999996,12,687.6,move,improve
230,17,3411.7999999999984,12,687.6,2opt,improve
231,17,3417.399999999998,12,687.6,2opt,acceptBad
232,17,3668.9999999999986,12,687.6,swap,acceptBad
233,17,3214.199999999999,12,687.6,2opt,improve
234,17,2461.399999999999,12,687.6,move,improve
235,17,2506.5999999999995,12,687.6,swap,acceptBad
236,17,2506.5999999999995,12,687.6,move,improve
237,17,2352.2,12,687.6,move,improve
238,17,2496.4,12,687.6,2opt,acceptBad
239,17,2627.1999999999994,12,687.6,swap,acceptBad
240,17,2964.3999999999996,12,687.6,swap,acceptBad
241,17,2827.5999999999995,12,687.6,move,improve
242,17,3305.4,12,687.6,swap,acceptBad
243,17,2936.4000000000005,12,687.6,move,improve
244,17,3182.600000000001,12,687.6,swap,acceptBad
245,17,2981.4000000000005,12,687.6,move,improve
246,17,3076.6000000000013,12,687.6,swap,acceptBad
247,17,3040.0000000000014,12,687.6,swap,improve
248,17,3040.0000000000014,12,687.6,move,improve
249,17,3392.2000000000007,12,687.6,swap,acceptBad
250,17,3876.9999999999986,12,687.6,2opt,acceptBad
251,17,3638.4,12,687.6,2opt,improve
252,17,3783.2,12,687.6,2opt,acceptBad
253,17,3959.3999999999996,12,687.6,swap,acceptBad
254,17,4077.4,12,687.6,2opt,acceptBad
255,17,4366.400000000002,12,687.6,swap,acceptBad
256,17,4383.800000000003,12,687.6,swap,acceptBad
257,17,4470.800000000002,12,687.6,swap,acceptBad
258,17,4901.4000000000015,12,687.6,2opt,acceptBad
259,17,4792.4000000000015,12,687.6,swap,improve
260,17,6283.800000000001,12,687.6,swap,acceptBad
261,17,6326.799999999999,12,687.6,2opt,acceptBad
262,17,6479.600000000001,12,687.6,2opt,acceptBad
263,17,6443.2,12,687.6,2opt,improve
264,17,5729.799999999997,12,687.6,move,improve
265,17,5748.999999999999,12,687.6,swap,acceptBad
266,17,5318.4000000000015,12,687.6,move,improve
267,18,6912.199999999998,12,687.6,2opt,acceptBad
268,18,6736.700000000003,12,687.6,2opt,improve
269,18,5547.900000000002,12,687.6,move,improve
270,18,4805.800000000003,12,687.6,move,improve
271,18,5001.400000000001,12,687.6,2opt,acceptBad
272,18,4862.4,12,687.6,2opt,improve
273,18,4905.999999999999,12,687.6,swap,acceptBad
274,18,5027.499999999999,12,687.6,2opt,acceptBad
275,18,5192.299999999999,12,687.6,swap,acceptBad
276,18,5352.7,12,687.6,swap,acceptBad
277,19,6573.399999999999,12,687.6,2opt,acceptBad
278,19,5666.600000000001,12,687.6,move,improve
279,19,6035.200000000001,12,687.6,swap,acceptBad
280,19,5324.800000000001,12,687.6,move,improve
281,19,5750.800000000001,12,687.6,2opt,acceptBad
282,19,6224.800000000001,12,687.6,2opt,acceptBad
283,18,4585.499999999998,12,687.6,move,improve
284,18,4563.699999999998,12,687.6,2opt,improve
285,18,4124.299999999999,12,687.6,move,improve
286,18,3133.6,12,687.6,swap,improve
287,18,3765.7000000000003,12,687.6,swap,acceptBad
288,18,3847.3999999999996,12,687.6,swap,acceptBad
289,18,4157.299999999997,12,687.6,swap,acceptBad
290,18,4099.199999999999,12,687.6,2opt,improve
291,18,4139.899999999999,12,687.6,2opt,acceptBad
292,18,4147.299999999998,12,687.6,swap,acceptBad
293,18,4147.299999999998,12,687.6,move,improve
294,18,4157.4,12,687.6,2opt,acceptBad
295,18,4269.1,12,687.6,swap,acceptBad
296,18,3838.0,12,687.6,move,improve
297,18,4481.299999999999,12,687.6,2opt,acceptBad
298,18,4136.399999999999,12,687.6,move,improve
299,18,4075.7999999999993,12,687.6,move,improve
300,18,4594.900000000001,12,687.6,2opt,acceptBad
301,18,4594.900000000001,12,687.6,move,improve
302,18,4850.499999999999,12,687.6,swap,acceptBad
303,18,4430.699999999999,12,687.6,move,improve
304,18,4323.899999999998,12,687.6,2opt,improve
305,18,4323.899999999998,12,687.6,move,improve
306,18,4130.899999999999,12,687.6,swap,improve
307,18,4575.399999999997,12,687.6,swap,acceptBad
308,18,4214.599999999999,12,687.6,move,improve
309,18,3442.999999999999,12,687.6,move,improve
310,18,4011.3999999999983,12,687.6,swap,acceptBad
311,18,4379.699999999999,12,687.6,2opt,acceptBad
312,18,3294.0999999999995,12,687.6,2opt,improve
313,18,3294.0999999999995,12,687.6,move,improve
314,18,3327.4000000000005,12,687.6,swap,acceptBad
315,18,3974.8999999999996,12,687.6,2opt,acceptBad
316,18,4058.1999999999994,12,687.6,swap,acceptBad
317,18,4424.6,12,687.6,2opt,acceptBad
318,18,4263.400000000001,12,687.6,move,improve
319,18,4269.299999999999,12,687.6,swap,acceptBad
320,18,4312.700000000001,12,687.6,2opt,acceptBad
321,18,4201.299999999999,12,687.6,swap,improve
322,18,4176.300000000001,12,687.6,swap,improve
323,18,4477.700000000002,12,687.6,swap,acceptBad
324,18,3719.5999999999995,12,687.6,move,improve
325,18,3328.8,12,687.6,move,improve
326,18,3309.9999999999995,12,687.6,swap,improve
327,18,3362.2999999999997,12,687.6,swap,acceptBad
328,18,3191.5000000000005,12,687.6,swap,improve
329,18,3373.5000000000005,12,687.6,swap,acceptBad
330,18,3389.3,12,687.6,2opt,acceptBad
331,18,3229.199999999999,12,687.6,2opt,improve
332,18,3680.599999999998,12,687.6,2opt,acceptBad
333,18,3680.599999999998,12,687.6,move,improve
334,18,5097.2,12,687.6,swap,acceptBad
335,18,4781.200000000001,12,687.6,2opt,improve
336,18,3464.5999999999995,12,687.6,move,improve
337,18,3287.9000000000005,12,687.6,move,improve
338,18,3147.7999999999993,12,687.6,2opt,improve
339,18,3287.9000000000005,12,687.6,2opt,acceptBad
340,18,3188.7000000000003,12,687.6,move,improve
341,18,3196.899999999999,12,687.6,2opt,acceptBad
342,18,3469.499999999999,12,687.6,2opt,acceptBad
343,18,3365.8999999999983,12,687.6,move,improve
344,18,3365.8999999999983,12,687.6,move,improve
345,18,3309.899999999999,12,687.6,swap,improve
346,18,3624.6999999999985,12,687.6,2opt,acceptBad
347,18,3927.6999999999994,12,687.6,swap,acceptBad
348,18,3879.0999999999985,12,687.6,swap,improve
349,18,3347.4,12,687.6,swap,improve
350,18,3335.8999999999996,12,687.6,move,improve
351,18,2948.2,12,687.6,move,improve
352,18,2794.1,12,687.6,2opt,improve
353,18,3310.8000000000006,12,687.6,2opt,acceptBad
354,18,3310.8000000000006,12,687.6,move,improve
355,18,3065.1999999999994,12,687.6,move,improve
356,18,3082.9,12,687.6,2opt,acceptBad
357,18,3402.8,12,687.6,swap,acceptBad
358,18,3157.3,12,687.6,move,improve
359,18,3007.2999999999997,12,687.6,swap,improve
360,18,2986.2999999999997,12,687.6,2opt,improve
361,18,2864.600000000001,12,687.6,2opt,improve
362,18,2917.2000000000003,12,687.6,swap,acceptBad
363,18,2917.2000000000003,12,687.6,move,improve
364,18,2810.5,12,687.6,move,improve
365,18,3002.0000000000005,12,687.6,swap,acceptBad
366,18,2923.2,12,687.6,swap,improve
367,17,2111.8000000000006,12,687.6,move,improve
368,17,1886.5999999999992,12,687.6,move,improve
369,17,1919.1999999999991,12,687.6,swap,acceptBad
370,17,1919.1999999999991,12,687.6,move,improve
371,17,2349.999999999999,12,687.6,swap,acceptBad
372,17,2594.2000000000007,12,687.6,2opt,acceptBad
373,17,2265.3999999999996,12,687.6,move,improve
374,17,2264.1999999999994,12,687.6,move,improve
375,17,2264.1999999999994,12,687.6,move,improve
376,17,2266.7999999999993,12,687.6,2opt,acceptBad
377,17,2352.1999999999994,12,687.6,swap,acceptBad
378,17,2344.5999999999985,12,687.6,swap,improve
379,17,3078.8,12,687.6,2opt,acceptBad
380,17,3331.9999999999973,12,687.6,2opt,acceptBad
381,17,3041.199999999998,12,687.6,move,improve
382,17,3241.199999999998,12,687.6,swap,acceptBad
383,17,3430.9999999999986,12,687.6,2opt,acceptBad
384,17,3430.9999999999986,12,687.6,move,improve
385,17,3449.999999999998,12,687.6,2opt,acceptBad
386,17,3621.599999999998,12,687.6,swap,acceptBad
387,17,3501.999999999998,12,687.6,move,improve
388,17,3516.3999999999996,12,687.6,2opt,acceptBad
389,17,3529.799999999999,12,687.6,2opt,acceptBad
390,17,3378.399999999999,12,687.6,swap,improve
391,17,3228.8,12,687.6,move,improve
392,17,3228.8,12,687.6,move,improve
393,17,3228.8,12,687.6,2opt,improve
394,17,3191.0000000000014,12,687.6,swap,improve
395,17,3298.8000000000006,12,687.6,2opt,acceptBad
396,17,3849.0,12,687.6,2opt,acceptBad
397,17,3496.2000000000003,12,687.6,swap,improve
398,17,3072.7999999999997,12,687.6,move,improve
399,17,3485.2,12,687.6,swap,acceptBad
400,17,3545.3999999999996,12,687.6,swap,acceptBad
401,17,4159.4,12,687.6,swap,acceptBad
402,17,4099.200000000001,12,687.6,swap,improve
403,17,4099.200000000001,12,687.6,2opt,improve
404,17,4268.199999999999,12,687.6,2opt,acceptBad
405,17,4583.799999999999,12,687.6,2opt,acceptBad
406,17,3995.8,12,687.6,move,improve
407,17,4616.000000000001,12,687.6,2opt,acceptBad
408,17,4852.800000000001,12,687.6,2opt,acceptBad
409,17,4165.399999999999,12,687.6,move,improve
410,17,4234.8,12,687.6,swap,acceptBad
411,17,4444.599999999999,12,687.6,swap,acceptBad
412,17,4400.799999999998,12,687.6,swap,improve
413,17,4519.399999999999,12,687.6,2opt,acceptBad
414,17,4518.199999999999,12,687.6,swap,improve
415,17,4652.399999999998,12,687.6,swap,acceptBad
416,17,4853.999999999997,12,687.6,swap,acceptBad
417,17,4734.399999999998,12,687.6,move,improve
418,17,4480.999999999996,12,687.6,2opt,improve
419,17,4024.9999999999986,12,687.6,move,improve
420,17,3874.9999999999973,12,687.6,2opt,improve
421,17,3783.999999999998,12,687.6,2opt,improve
422,17,3474.799999999999,12,687.6,2opt,improve
423,17,3496.999999999998,12,687.6,swap,acceptBad
424,18,5370.799999999997,12,687.6,2opt,acceptBad
425,18,4129.799999999997,12,687.6,move,improve
426,18,3903.6999999999985,12,687.6,move,improve
427,18,3514.099999999998,12,687.6,swap,improve
428,18,3500.799999999999,12,687.6,swap,improve
429,18,3500.799999999999,12,687.6,move,improve
430,18,3500.799999999999,12,687.6,move,improve
431,18,3340.9,12,687.6,swap,improve
432,18,3470.4999999999986,12,687.6,swap,acceptBad
433,18,3283.4999999999986,12,687.6,move,improve
434,18,3801.899999999999,12,687.6,swap,acceptBad
435,18,3523.9999999999986,12,687.6,swap,improve
436,18,3588.5999999999985,12,687.6,2opt,acceptBad
437,18,3209.2999999999984,12,687.6,move,improve
438,18,4316.4,12,687.6,2opt,acceptBad
439,18,4382.799999999998,12,687.6,swap,acceptBad
440,18,3939.0999999999995,12,687.6,move,improve
441,18,4068.8999999999996,12,687.6,swap,acceptBad
442,18,3968.8,12,687.6,swap,improve
443,18,3986.2999999999997,12,687.6,swap,acceptBad
444,18,4028.799999999999,12,687.6,2opt,acceptBad
445,18,4028.799999999999,12,687.6,2opt,improve
446,18,3535.899999999999,12,687.6,2opt,improve
447,18,3327.6999999999985,12,687.6,move,improve
448,18,3430.2999999999993,12,687.6,swap,acceptBad
449,18,3391.8,12,687.6,move,improve
450,18,2986.999999999998,12,687.6,move,improve
451,18,3052.7999999999975,12,687.6,2opt,acceptBad
452,18,2785.0999999999985,12,687.6,move,improve
453,18,2785.0999999999985,12,687.6,2opt,improve
454,18,2324.099999999998,12,687.6,move,improve
455,18,2324.099999999998,12,687.6,move,improve
456,18,2536.899999999999,12,687.6,swap,acceptBad
457,18,2536.899999999999,12,687.6,move,improve
458,18,2536.899999999999,12,687.6,move,improve
459,18,2313.3999999999983,12,687.6,swap,improve
460,18,2344.3999999999987,12,687.6,swap,acceptBad
461,18,2360.8999999999987,12,687.6,swap,acceptBad
462,18,2360.899999999999,12,687.6,2opt,acceptBad
463,18,3043.2999999999997,12,687.6,2opt,acceptBad
464,18,3050.800000000001,12,687.6,2opt,acceptBad
465,18,3384.499999999999,12,687.6,2opt,acceptBad
466,18,3204.4000000000005,12,687.6,swap,improve
467,18,3204.4000000000005,12,687.6,move,improve
468,18,2823.5999999999995,12,687.6,move,improve
469,18,2852.3,12,687.6,2opt,acceptBad
470,18,2703.4,12,687.6,move,improve
471,18,2703.4,12,687.6,move,improve
472,19,3911.200000000001,12,687.6,2opt,acceptBad
473,19,3419.6000000000004,12,687.6,move,improve
474,19,3419.6000000000004,12,687.6,move,improve
475,19,3209.6,12,687.6,move,improve
476,19,3474.400000000001,12,687.6,swap,acceptBad
477,19,3842.6000000000004,12,687.6,swap,acceptBad
478,19,4306.599999999999,12,687.6,swap,acceptBad
479,19,4306.599999999999,12,687.6,move,improve
480,19,4306.599999999999,12,687.6,move,improve
481,19,5001.400000000001,12,687.6,2opt,acceptBad
482,19,5061.200000000001,12,687.6,2opt,acceptBad
483,19,4629.800000000001,12,687.6,swap,improve
484,19,4058.2,12,687.6,move,improve
485,19,4311.599999999999,12,687.6,2opt,acceptBad
486,19,4325.599999999998,12,687.6,swap,acceptBad
487,19,5273.200000000001,12,687.6,2opt,acceptBad
488,18,4559.900000000001,12,687.6,2opt,improve
489,18,4578.100000000001,12,687.6,swap,acceptBad
490,18,3587.4999999999995,12,687.6,swap,improve
491,18,3043.4999999999995,12,687.6,move,improve
492,18,3071.9999999999995,12,687.6,2opt,acceptBad
493,18,3195.1000000000013,12,687.6,2opt,acceptBad
494,18,2886.3000000000006,12,687.6,swap,improve
495,18,2886.3,12,687.6,2opt,improve
496,18,2634.7000000000007,12,687.6,move,improve
497,18,2634.7000000000007,12,687.6,move,improve
498,18,2634.7000000000007,12,687.6,2opt,notBad
499,18,2634.7000000000007,12,687.6,move,improve
500,18,2485.7000000000007,12,687.6,move,improve
501,18,2329.2000000000007,12,687.6,move,improve
502,18,2501.2999999999993,12,687.6,swap,acceptBad
503,18,2690.9000000000005,12,687.6,2opt,acceptBad
504,18,2690.9000000000005,12,687.6,move,improve
505,18,2804.600000000001,12,687.6,2opt,acceptBad
506,18,3129.7999999999993,12,687.6,move,acceptBad
507,18,2966.1000000000004,12,687.6,swap,improve
508,18,2923.1000000000013,12,687.6,2opt,improve
509,18,2923.1000000000013,12,687.6,move,improve
510,19,4654.400000000001,12,687.6,2opt,acceptBad
511,19,5266.600000000001,12,687.6,swap,acceptBad
512,19,5117.200000000001,12,687.6,2opt,improve
513,19,4099.800000000001,12,687.6,move,improve
514,19,4527.799999999999,12,687.6,swap,acceptBad
515,19,4423.799999999998,12,687.6,2opt,improve
516,19,4198.799999999997,12,687.6,swap,improve
517,19,3845.599999999998,12,687.6,move,improve
518,19,3838.399999999997,12,687.6,2opt,improve
519,19,3484.9999999999973,12,687.6,move,improve
520,19,4083.9999999999986,12,687.6,swap,acceptBad
521,19,3353.5999999999985,12,687.6,move,improve
522,19,3687.4,12,687.6,2opt,acceptBad
523,19,3687.4,12,687.6,swap,improve
524,19,3687.3999999999996,12,687.6,move,improve
525,19,3376.600000000001,12,687.6,swap,improve
526,19,3376.600000000001,12,687.6,move,improve
527,19,3797.9999999999995,12,687.6,swap,acceptBad
528,19,3798.0,12,687.6,swap,acceptBad
529,19,3543.4000000000005,12,687.6,swap,improve
530,19,3734.9999999999995,12,687.6,swap,acceptBad
531,19,3910.2,12,687.6,2opt,acceptBad
532,19,3628.6,12,687.6,move,improve
533,19,3809.399999999999,12,687.6,2opt,acceptBad
534,19,3809.399999999999,12,687.6,2opt,improve
535,19,4403.400000000001,12,687.6,swap,acceptBad
536,19,4527.4,12,687.6,2opt,acceptBad
537,19,4187.2,12,687.6,2opt,improve
538,19,4182.6,12,687.6,move,improve
539,19,4745.800000000002,12,687.6,2opt,acceptBad
540,19,5043.4000000000015,12,687.6,swap,acceptBad
541,19,6383.600000000001,12,687.6,swap,acceptBad
542,19,5249.199999999999,12,687.6,move,improve
543,19,4804.800000000001,12,687.6,2opt,improve
544,19,3838.4,12,687.6,move,improve
545,19,3591.1999999999994,12,687.6,move,improve
546,19,3591.1999999999994,12,687.6,move,improve
547,19,3563.3999999999987,12,687.6,2opt,improve
548,19,3297.1999999999985,12,687.6,move,improve
549,19,3297.1999999999985,12,687.6,move,improve
550,19,3292.3999999999983,12,687.6,2opt,improve
551,19,3208.399999999999,12,687.6,move,improve
552,19,3208.399999999999,12,687.6,move,improve
553,19,2661.0000000000005,12,687.6,move,improve
554,19,2931.3999999999996,12,687.6,2opt,acceptBad
555,19,3528.9999999999995,12,687.6,swap,acceptBad
556,19,3404.999999999999,12,687.6,swap,improve
557,19,3713.399999999999,12,687.6,swap,acceptBad
558,19,3650.399999999999,12,687.6,swap,improve
559,19,3273.799999999999,12,687.6,swap,improve
560,19,3570.6000000000004,12,687.6,2opt,acceptBad
561,19,3373.000000000002,12,687.6,swap,improve
562,19,3054.6000000000004,12,687.6,move,improve
563,19,2777.6000000000004,12,687.6,move,improve
564,19,2542.0,12,687.6,move,improve
565,19,2829.1999999999994,12,687.6,swap,acceptBad
566,19,2611.3999999999987,12,687.6,move,improve
567,19,2331.3999999999987,12,687.6,swap,improve
568,19,2266.199999999999,12,687.6,2opt,improve
569,19,2266.199999999999,12,687.6,move,improve
570,19,2020.5999999999995,12,687.6,move,improve
571,19,4262.2,12,687.6,2opt,acceptBad
572,19,3520.3999999999983,12,687.6,move,improve
573,19,5006.6,12,687.6,swap,acceptBad
574,19,4451.199999999999,12,687.6,move,improve
575,19,4531.399999999998,12,687.6,2opt,acceptBad
576,19,4557.400000000001,12,687.6,swap,acceptBad
577,19,4840.600000000004,12,687.6,swap,acceptBad
578,19,5018.000000000005,12,687.6,swap,acceptBad
579,19,4635.600000000003,12,687.6,move,improve
580,19,4611.4,12,687.6,swap,improve
581,19,4256.799999999997,12,687.6,move,improve
582,19,4308.399999999999,12,687.6,swap,acceptBad
583,19,4508.600000000001,12,687.6,swap,acceptBad
584,19,4608.200000000001,12,687.6,swap,acceptBad
585,19,4339.200000000001,12,687.6,2opt,improve
586,19,4449.200000000001,12,687.6,2opt,acceptBad
587,19,4867.799999999997,12,687.6,2opt,acceptBad
588,19,5124.399999999999,12,687.6,swap,acceptBad
589,19,5479.799999999999,12,687.6,2opt,acceptBad
590,19,5061.399999999999,12,687.6,move,improve
591,19,4744.799999999999,12,687.6,move,improve
592,19,4502.200000000002,12,687.6,swap,improve
593,19,4502.200000000002,12,687.6,move,improve
594,19,4504.400000000003,12,687.6,swap,acceptBad
595,19,4249.400000000003,12,687.6,2opt,improve
596,19,4310.600000000004,12,687.6,swap,acceptBad
597,19,4062.4000000000037,12,687.6,2opt,improve
598,19,4911.800000000003,12,687.6,2opt,acceptBad
599,19,4912.200000000001,12,687.6,swap,acceptBad
600,19,4296.800000000001,12,687.6,2opt,improve
601,19,4970.799999999998,12,687.6,2opt,acceptBad
602,19,5060.399999999998,12,687.6,swap,acceptBad
603,19,5591.399999999996,12,687.6,swap,acceptBad
604,19,4356.000000000001,12,687.6,move,improve
605,19,4598.799999999999,12,687.6,swap,acceptBad
606,19,4436.800000000001,12,687.6,move,improve
607,19,4440.4000000000015,12,687.6,swap,acceptBad
608,19,4202.200000000002,12,687.6,2opt,improve
609,19,4260.000000000004,12,687.6,2opt,acceptBad
610,19,4192.400000000002,12,687.6,swap,improve
611,19,3275.0000000000005,12,687.6,move,improve
612,19,3328.4000000000024,12,687.6,2opt,acceptBad
613,19,3212.8000000000025,12,687.6,move,improve
614,19,3617.0,12,687.6,2opt,acceptBad
615,19,3671.0,12,687.6,2opt,acceptBad
616,19,3307.5999999999985,12,687.6,2opt,improve
617,19,3734.7999999999984,12,687.6,swap,acceptBad
618,19,3793.9999999999995,12,687.6,swap,acceptBad
619,19,3555.199999999998,12,687.6,2opt,improve
620,19,3899.799999999998,12,687.6,swap,acceptBad
621,19,3680.1999999999985,12,687.6,swap,improve
622,19,3242.9999999999986,12,687.6,move,improve
623,19,3227.9999999999986,12,687.6,swap,improve
624,19,3937.599999999998,12,687.6,2opt,acceptBad
625,19,3443.399999999999,12,687.6,2opt,improve
626,19,3230.799999999998,12,687.6,2opt,improve
627,19,3334.799999999999,12,687.6,2opt,acceptBad
628,19,3005.5999999999995,12,687.6,swap,improve
629,19,2482.3999999999996,12,687.6,swap,improve
630,19,2152.9999999999995,12,687.6,move,improve
631,19,1953.5999999999983,12,687.6,move,improve
632,19,1671.1999999999987,12,687.6,move,improve
633,19,2276.4,12,687.6,2opt,acceptBad
634,19,2276.4,12,687.6,move,improve
635,19,2672.800000000002,12,687.6,swap,acceptBad
636,19,2672.800000000002,12,687.6,move,improve
637,19,2437.8000000000006,12,687.6,swap,improve
638,19,2932.600000000002,12,687.6,swap,acceptBad
639,19,2633.000000000003,12,687.6,2opt,improve
640,18,1886.5999999999992,12,687.6,move,improve
641,18,2006.399999999999,12,687.6,swap,acceptBad
642,18,2170.6000000000004,12,687.6,swap,acceptBad
643,18,2170.6000000000004,12,687.6,move,improve
644,18,2084.6999999999994,12,687.6,swap,improve
645,18,4140.200000000003,12,687.6,2opt,acceptBad
646,18,4139.799999999999,12,687.6,2opt,improve
647,18,4370.8,12,687.6,2opt,acceptBad
648,18,4327.000000000004,12,687.6,swap,improve
649,18,3309.100000000002,12,687.6,move,improve
650,18,4078.6000000000026,12,687.6,2opt,acceptBad
651,18,3992.1000000000013,12,687.6,move,improve
652,18,4465.099999999999,12,687.6,2opt,acceptBad
653,18,4368.0999999999985,12,687.6,swap,improve
654,18,4046.6999999999985,12,687.6,move,improve
655,18,3589.2000000000003,12,687.6,move,improve
656,18,3479.6000000000004,12,687.6,move,improve
657,18,3203.9,12,687.6,swap,improve
658,18,3018.4999999999995,12,687.6,swap,improve
659,18,3042.9000000000015,12,687.6,2opt,acceptBad
660,18,3284.9,12,687.6,2opt,acceptBad
661,18,3284.9,12,687.6,move,improve
662,18,3021.7999999999993,12,687.6,swap,improve
663,18,3021.7999999999993,12,687.6,2opt,improve
664,18,2935.0,12,687.6,move,improve
665,18,3966.4,12,687.6,2opt,acceptBad
666,18,3884.3000000000015,12,687.6,2opt,improve
667,18,3884.3000000000015,12,687.6,move,improve
668,18,2926.3000000000006,12,687.6,2opt,improve
669,18,2663.3,12,687.6,move,improve
670,18,3349.5999999999985,12,687.6,2opt,acceptBad
671,18,3682.3999999999983,12,687.6,2opt,acceptBad
672,17,2706.5999999999976,12,687.6,move,improve
673,17,2705.799999999998,12,687.6,2opt,improve
674,17,2677.999999999998,12,687.6,swap,improve
675,17,2501.3999999999987,12,687.6,swap,improve
676,17,2754.8,12,687.6,2opt,acceptBad
677,17,2617.8000000000006,12,687.6,move,improve
678,17,3036.000000000001,12,687.6,swap,acceptBad
679,17,2862.0,12,687.6,2opt,improve
680,17,2794.399999999999,12,687.6,swap,improve
681,17,3605.599999999999,12,687.6,swap,acceptBad
682,17,3448.199999999999,12,687.6,swap,improve
683,17,2270.5999999999976,12,687.6,move,improve
684,17,2270.5999999999976,12,687.6,2opt,improve
685,17,2250.599999999998,12,687.6,move,improve
686,17,2265.3999999999987,12,687.6,swap,acceptBad
687,17,2799.999999999999,12,687.6,swap,acceptBad
688,17,2776.9999999999995,12,687.6,2opt,improve
689,17,2270.399999999999,12,687.6,move,improve
690,17,2270.399999999999,12,687.6,2opt,notBad
691,17,2314.9999999999973,12,687.6,2opt,acceptBad
692,17,2297.1999999999975,12,687.6,move,improve
693,17,2719.1999999999966,12,687.6,swap,acceptBad
694,17,3599.7999999999965,12,687.6,2opt,acceptBad
695,17,3415.199999999996,12,687.6,move,improve
696,17,2620.399999999996,12,687.6,move,improve
697,17,2704.7999999999947,12,687.6,swap,acceptBad
698,17,2838.3999999999983,12,687.6,swap,acceptBad
699,17,2838.3999999999983,12,687.6,move,improve
700,17,2787.7999999999984,12,687.6,swap,improve
701,17,2742.1999999999975,12,687.6,2opt,improve
702,17,2630.199999999997,12,687.6,2opt,improve
703,17,2654.1999999999966,12,687.6,2opt,acceptBad
704,17,2479.5999999999963,12,687.6,swap,improve
705,17,2445.5999999999967,12,687.6,2opt,improve
706,17,2445.5999999999967,12,687.6,move,improve
707,17,2349.7999999999965,12,687.6,move,improve
708,17,2151.3999999999974,12,687.6,move,improve
709,17,2151.3999999999974,12,687.6,move,improve
710,17,2231.3999999999983,12,687.6,swap,acceptBad
711,17,2282.999999999999,12,687.6,2opt,acceptBad
712,17,2095.999999999999,12,687.6,swap,improve
713,17,2095.999999999999,12,687.6,move,improve
714,17,2771.199999999999,12,687.6,swap,acceptBad
715,17,2349.5999999999985,12,687.6,move,improve
716,17,2748.199999999999,12,687.6,swap,acceptBad
717,17,2748.199999999999,12,687.6,move,improve
718,17,2799.199999999999,12,687.6,swap,acceptBad
719,17,2956.0,12,687.6,swap,acceptBad
720,17,3156.0000000000005,12,687.6,swap,acceptBad
721,17,3229.4000000000005,12,687.6,2opt,acceptBad
722,17,2629.000000000001,12,687.6,2opt,improve
723,17,2993.2000000000003,12,687.6,2opt,acceptBad
724,17,2885.2000000000003,12,687.6,2opt,improve
725,17,2897.8,12,687.6,swap,acceptBad
726,17,3215.2,12,687.6,2opt,acceptBad
727,17,3215.2,12,687.6,move,improve
728,17,3215.2,12,687.6,2opt,improve
729,17,3274.7999999999997,12,687.6,swap,acceptBad
730,17,2714.999999999999,12,687.6,move,improve
731,17,2618.3999999999996,12,687.6,2opt,improve
732,17,2252.5999999999985,12,687.6,move,improve
733,18,2707.9,12,687.6,2opt,acceptBad
734,18,2479.4,12,687.6,move,improve
735,18,2654.5999999999995,12,687.6,2opt,acceptBad
736,18,2470.2000000000007,12,687.6,2opt,improve
737,18,2470.2000000000007,12,687.6,2opt,notBad
738,18,2470.2000000000007,12,687.6,move,improve
739,18,3250.5000000000014,12,687.6,swap,acceptBad
740,18,2706.9000000000015,12,687.6,move,improve
741,18,4228.9,12,687.6,2opt,acceptBad
742,18,4214.400000000003,12,687.6,2opt,improve
743,18,4214.400000000003,12,687.6,2opt,improve
744,18,4431.200000000001,12,687.6,2opt,acceptBad
745,18,4420.800000000002,12,687.6,2opt,improve
746,18,4626.900000000002,12,687.6,2opt,acceptBad
747,18,4570.800000000001,12,687.6,2opt,improve
748,18,4673.400000000002,12,687.6,swap,acceptBad
749,18,4851.9,12,687.6,swap,acceptBad
750,18,3999.2999999999984,12,687.6,swap,improve
751,18,3412.1999999999966,12,687.6,move,improve
752,18,2978.0999999999967,12,687.6,move,improve
753,18,3068.0999999999985,12,687.6,swap,acceptBad
754,18,3068.0999999999985,12,687.6,swap,improve
755,18,3081.599999999998,12,687.6,swap,acceptBad
756,18,2795.799999999997,12,687.6,move,improve
757,18,3204.799999999999,12,687.6,swap,acceptBad
758,18,3204.799999999999,12,687.6,move,improve
759,18,2730.0999999999967,12,687.6,move,improve
760,18,3168.8999999999987,12,687.6,2opt,acceptBad
761,18,2115.1999999999985,12,687.6,move,improve
762,18,2122.799999999999,12,687.6,swap,acceptBad
763,18,2122.799999999999,12,687.6,move,improve
764,18,2111.199999999999,12,687.6,2opt,improve
765,18,2111.199999999999,12,687.6,move,improve
766,18,2278.1,12,687.6,2opt,acceptBad
767,19,3787.799999999999,12,687.6,2opt,acceptBad
768,19,3024.5999999999995,12,687.6,2opt,improve
769,19,3234.999999999998,12,687.6,swap,acceptBad
770,19,3673.5999999999985,12,687.6,2opt,acceptBad
771,19,3603.999999999998,12,687.6,2opt,improve
772,19,3441.799999999997,12,687.6,swap,improve
773,19,4203.999999999999,12,687.6,2opt,acceptBad
774,19,4202.199999999999,12,687.6,2opt,improve
775,19,3443.599999999998,12,687.6,move,improve
776,19,3079.999999999999,12,687.6,swap,improve
777,19,3083.399999999999,12,687.6,2opt,acceptBad
778,19,3308.399999999998,12,687.6,2opt,acceptBad
779,19,4306.5999999999985,12,687.6,2opt,acceptBad
780,19,3909.199999999998,12,687.6,move,improve
781,19,4000.799999999997,12,687.6,swap,acceptBad
782,19,4006.199999999997,12,687.6,2opt,acceptBad
783,19,4307.4,12,687.6,swap,acceptBad
784,19,3089.3999999999987,12,687.6,swap,improve
785,19,3549.3999999999983,12,687.6,2opt,acceptBad
786,19,3437.0,12,687.6,swap,improve
787,19,3854.8,12,687.6,2opt,acceptBad
788,19,3565.0,12,687.6,swap,improve
789,19,4513.400000000002,12,687.6,2opt,acceptBad
790,19,4962.000000000002,12,687.6,2opt,acceptBad
791,19,5035.600000000004,12,687.6,2opt,acceptBad
792,19,4917.4000000000015,12,687.6,swap,improve
793,19,4024.8000000000015,12,687.6,move,improve
794,19,3817.6000000000017,12,687.6,move,improve
795,19,3681.200000000002,12,687.6,swap,improve
796,19,3759.6000000000026,12,687.6,swap,acceptBad
797,19,4030.8000000000015,12,687.6,swap,acceptBad
798,19,4030.8000000000015,12,687.6,move,improve
799,19,3685.599999999999,12,687.6,swap,improve
800,19,3484.599999999999,12,687.6,2opt,improve
801,19,3484.6,12,687.6,2opt,acceptBad
802,19,3477.3999999999996,12,687.6,2opt,improve
803,19,3474.5999999999995,12,687.6,swap,improve
804,19,4344.999999999999,12,687.6,swap,acceptBad
805,19,5247.200000000005,12,687.6,2opt,acceptBad
806,19,5909.000000000006,12,687.6,2opt,acceptBad
807,19,6764.600000000001,12,687.6,2opt,acceptBad
808,19,6886.0,12,687.6,2opt,acceptBad
809,19,6881.199999999998,12,687.6,2opt,improve
810,19,6510.399999999998,12,687.6,2opt,improve
811,19,5950.200000000002,12,687.6,move,improve
812,19,5878.200000000002,12,687.6,2opt,improve
813,19,5408.200000000003,12,687.6,move,improve
814,19,4911.2,12,687.6,move,improve
815,19,4751.799999999999,12,687.6,move,improve
816,19,4671.199999999999,12,687.6,move,improve
817,19,4776.000000000002,12,687.6,swap,acceptBad
818,19,4906.4000000000015,12,687.6,swap,acceptBad
819,19,4806.199999999999,12,687.6,swap,improve
820,19,4340.399999999998,12,687.6,move,improve
821,19,3950.599999999997,12,687.6,move,improve
822,19,3081.799999999996,12,687.6,2opt,improve
823,19,3935.599999999996,12,687.6,2opt,acceptBad
824,19,5770.8,12,687.6,2opt,acceptBad
825,19,5813.799999999997,12,687.6,swap,acceptBad
826,19,5952.6,12,687.6,swap,acceptBad
827,19,5952.599999999999,12,687.6,2opt,improve
828,19,4798.799999999999,12,687.6,move,improve
829,19,4604.2,12,687.6,move,improve
830,19,4604.2,12,687.6,move,improve
831,19,3844.1999999999975,12,687.6,2opt,improve
832,19,3435.799999999997,12,687.6,2opt,improve
833,19,4456.999999999996,12,687.6,2opt,acceptBad
834,19,4454.399999999998,12,687.6,swap,improve
835,19,4695.6,12,687.6,swap,acceptBad
836,19,4695.5999999999985,12,687.6,2opt,improve
837,19,4695.5999999999985,12,687.6,move,improve
838,19,4702.199999999997,12,687.6,swap,acceptBad
839,19,4220.399999999996,12,687.6,move,improve
840,19,4220.399999999996,12,687.6,move,improve
841,19,4220.399999999996,12,687.6,move,improve
842,19,4499.399999999995,12,687.6,swap,acceptBad
843,19,3880.799999999998,12,687.6,move,improve
844,19,3898.999999999997,12,687.6,swap,acceptBad
845,19,3572.9999999999986,12,687.6,swap,improve
846,19,3534.3999999999996,12,687.6,2opt,improve
847,19,4399.600000000001,12,687.6,swap,acceptBad
848,19,3619.7999999999975,12,687.6,2opt,improve
849,19,3409.999999999998,12,687.6,swap,improve
850,19,4323.599999999999,12,687.6,2opt,acceptBad
851,19,5011.4,12,687.6,2opt,acceptBad
852,19,5011.4,12,687.6,move,improve
853,19,5761.799999999999,12,687.6,2opt,acceptBad
854,19,5634.799999999997,12,687.6,2opt,improve
855,19,5600.4000000000015,12,687.6,2opt,improve
856,19,5220.999999999999,12,687.6,2opt,improve
857,19,4920.999999999997,12,687.6,move,improve
858,19,4997.6,12,687.6,2opt,acceptBad
859,19,4997.5999999999985,12,687.6,2opt,improve
860,19,5663.5999999999985,12,687.6,2opt,acceptBad
861,19,5463.199999999999,12,687.6,move,improve
862,19,5009.199999999999,12,687.6,swap,improve
863,19,4598.999999999998,12,687.6,move,improve
864,19,4598.999999999998,12,687.6,2opt,improve
865,19,4569.200000000001,12,687.6,swap,improve
866,19,4854.8,12,687.6,swap,acceptBad
867,19,5144.000000000001,12,687.6,2opt,acceptBad
868,19,4652.4,12,687.6,move,improve
869,19,4652.4,12,687.6,move,improve
870,19,4791.400000000004,12,687.6,2opt,acceptBad
871,19,5619.4000000000015,12,687.6,2opt,acceptBad
872,19,4454.200000000002,12,687.6,move,improve
873,19,4454.200000000002,12,687.6,move,improve
874,19,4667.8,12,687.6,swap,acceptBad
875,19,4894.600000000004,12,687.6,2opt,acceptBad
876,19,4348.200000000002,12,687.6,move,improve
877,19,4348.200000000002,12,687.6,move,improve
878,19,4496.400000000001,12,687.6,2opt,acceptBad
879,19,4210.000000000002,12,687.6,move,improve
880,19,3519.2000000000003,12,687.6,move,improve
881,19,3727.8000000000006,12,687.6,2opt,acceptBad
882,19,3578.0000000000014,12,687.6,move,improve
883,19,3591.6000000000035,12,687.6,2opt,acceptBad
884,19,3801.6000000000035,12,687.6,swap,acceptBad
885,19,3715.6000000000017,12,687.6,swap,improve
886,19,3715.6000000000017,12,687.6,move,improve
887,19,3715.6000000000017,12,687.6,move,improve
888,19,3867.2000000000007,12,687.6,2opt,acceptBad
889,19,3797.600000000001,12,687.6,move,improve
890,19,4095.7999999999997,12,687.6,swap,acceptBad
891,19,3939.6,12,687.6,swap,improve
892,19,3893.6,12,687.6,2opt,improve
893,19,4416.800000000003,12,687.6,swap,acceptBad
894,19,4383.000000000004,12,687.6,swap,improve
895,19,4562.800000000007,12,687.6,swap,acceptBad
896,19,4278.600000000003,12,687.6,swap,improve
897,19,3907.3999999999996,12,687.6,swap,improve
898,19,3735.3999999999996,12,687.6,move,improve
899,19,3510.000000000001,12,687.6,move,improve
900,19,3510.0,12,687.6,swap,improve
901,19,3533.399999999998,12,687.6,2opt,acceptBad
902,19,3759.6000000000004,12,687.6,2opt,acceptBad
903,19,3919.599999999999,12,687.6,2opt,acceptBad
904,19,3782.1999999999994,12,687.6,swap,improve
905,19,3011.4000000000005,12,687.6,move,improve
906,18,3132.0999999999995,12,687.6,2opt,acceptBad
907,18,2934.6000000000004,12,687.6,swap,improve
908,18,2726.3999999999983,12,687.6,move,improve
909,18,2782.6999999999994,12,687.6,swap,acceptBad
910,18,2712.599999999999,12,687.6,swap,improve
911,18,2899.899999999999,12,687.6,swap,acceptBad
912,18,2829.2999999999984,12,687.6,move,improve
913,18,2829.2999999999984,12,687.6,move,improve
914,18,2800.6999999999985,12,687.6,2opt,improve
915,18,2921.299999999999,12,687.6,swap,acceptBad
916,18,2921.299999999999,12,687.6,move,improve
917,18,2860.099999999999,12,687.6,move,improve
918,18,2860.099999999999,12,687.6,move,improve
919,18,3542.599999999998,12,687.6,swap,acceptBad
920,18,3634.099999999998,12,687.6,2opt,acceptBad
921,18,3231.6999999999985,12,687.6,move,improve
922,18,3792.8999999999983,12,687.6,swap,acceptBad
923,18,4008.199999999999,12,687.6,swap,acceptBad
924,18,3459.3999999999996,12,687.6,move,improve
925,18,3108.399999999999,12,687.6,swap,improve
926,18,2956.599999999999,12,687.6,swap,improve
927,18,3275.2999999999993,12,687.6,swap,acceptBad
928,18,3624.4,12,687.6,2opt,acceptBad
929,18,3768.299999999999,12,687.6,2opt,acceptBad
930,18,3693.2999999999993,12,687.6,move,improve
931,19,4992.2,12,687.6,2opt,acceptBad
932,19,4800.200000000001,12,687.6,move,improve
933,19,4708.800000000001,12,687.6,move,improve
934,19,4494.4000000000015,12,687.6,move,improve
935,19,4219.4000000000015,12,687.6,move,improve
936,19,4176.200000000001,12,687.6,move,improve
937,19,4176.200000000001,12,687.6,move,improve
938,19,3996.399999999999,12,687.6,move,improve
939,19,3801.5999999999985,12,687.6,swap,improve
940,19,3943.7999999999993,12,687.6,2opt,acceptBad
941,19,3927.9999999999977,12,687.6,2opt,improve
942,19,4156.399999999997,12,687.6,swap,acceptBad
943,19,4161.599999999998,12,687.6,2opt,acceptBad
944,19,4161.599999999998,12,687.6,move,improve
945,19,4292.199999999999,12,687.6,swap,acceptBad
946,19,4413.6,12,687.6,2opt,acceptBad
947,19,4344.000000000002,12,687.6,swap,improve
948,19,4009.6000000000004,12,687.6,move,improve
949,19,3509.2000000000003,12,687.6,move,improve
950,19,3852.600000000001,12,687.6,2opt,acceptBad
951,19,3557.2000000000007,12,687.6,2opt,improve
952,19,3557.200000000001,12,687.6,swap,acceptBad
953,19,4930.4,12,687.6,swap,acceptBad
954,19,5196.000000000001,12,687.6,swap,acceptBad
955,19,3969.7999999999993,12,687.6,move,improve
956,19,4150.0,12,687.6,swap,acceptBad
957,19,4869.8,12,687.6,2opt,acceptBad
958,19,3967.2000000000007,12,687.6,move,improve
959,19,3967.2000000000007,12,687.6,move,improve
960,19,4213.400000000001,12,687.6,2opt,acceptBad
961,19,4213.400000000001,12,687.6,move,improve
962,19,3967.2000000000007,12,687.6,2opt,improve
963,19,3947.400000000001,12,687.6,move,improve
964,19,4058.200000000002,12,687.6,swap,acceptBad
965,19,3841.800000000004,12,687.6,move,improve
966,19,3841.800000000004,12,687.6,move,improve
967,19,3841.800000000004,12,687.6,move,improve
968,19,3817.800000000004,12,687.6,swap,improve
969,18,3749.000000000003,12,687.6,2opt,improve
970,17,3092.0000000000014,12,687.6,move,improve
971,17,2953.800000000002,12,687.6,2opt,improve
972,17,3058.6000000000013,12,687.6,2opt,acceptBad
973,17,3058.6000000000004,12,687.6,2opt,improve
974,17,2971.4000000000005,12,687.6,2opt,improve
975,17,3175.2000000000007,12,687.6,swap,acceptBad
976,17,3326.399999999999,12,687.6,swap,acceptBad
977,17,3379.1999999999994,12,687.6,2opt,acceptBad
978,17,3323.999999999999,12,687.6,move,improve
979,17,3096.5999999999985,12,687.6,move,improve
980,17,3096.5999999999985,12,687.6,2opt,notBad
981,18,4594.9000000000015,12,687.6,2opt,acceptBad
982,18,4594.9000000000015,12,687.6,2opt,improve
983,18,3344.5999999999976,12,687.6,move,improve
984,18,2901.299999999999,12,687.6,move,improve
985,18,2725.499999999998,12,687.6,2opt,improve
986,18,2555.499999999999,12,687.6,swap,improve
987,18,2753.000000000001,12,687.6,2opt,acceptBad
988,18,3557.7000000000003,12,687.6,2opt,acceptBad
989,17,2417.7999999999993,12,687.6,move,improve
990,17,2575.8000000000006,12,687.6,2opt,acceptBad
991,17,3633.4,12,687.6,swap,acceptBad
992,17,3856.6000000000004,12,687.6,2opt,acceptBad
993,17,3863.3999999999996,12,687.6,2opt,acceptBad
994,17,3117.8,12,687.6,move,improve
995,18,3874.300000000001,12,687.6,2opt,acceptBad
996,18,3568.399999999999,12,687.6,2opt,improve
997,18,3673.599999999999,12,687.6,swap,acceptBad
998,18,3681.4999999999995,12,687.6,swap,acceptBad
999,18,3364.3,12,687.6,move,improve
1000,18,3364.3,12,687.6,move,improve
1001,18,3314.9,12,687.6,swap,improve
1002,18,3252.799999999999,12,687.6,swap,improve
1003,18,3177.7999999999984,12,687.6,swap,improve
1004,17,2692.2,12,687.6,move,improve
1005,17,2737.599999999998,12,687.6,2opt,acceptBad
1006,17,2867.0000000000005,12,687.6,swap,acceptBad
1007,17,2834.600000000001,12,687.6,2opt,improve
1008,17,2693.800000000001,12,687.6,swap,improve
1009,17,2677.8000000000015,12,687.6,move,improve
1010,17,2677.8000000000015,12,687.6,move,improve
1011,17,3085.2,12,687.6,swap,acceptBad
1012,17,3070.9999999999973,12,687.6,swap,improve
1013,17,3120.399999999997,12,687.6,2opt,acceptBad
1014,17,3321.9999999999995,12,687.6,2opt,acceptBad
1015,17,3586.8,12,687.6,swap,acceptBad
1016,17,3664.3999999999996,12,687.6,swap,acceptBad
1017,17,3632.7999999999997,12,687.6,swap,improve
1018,17,4754.000000000001,12,687.6,2opt,acceptBad
1019,17,5140.400000000001,12,687.6,swap,acceptBad
1020,17,5189.200000000001,12,687.6,swap,acceptBad
1021,17,5189.200000000001,12,687.6,2opt,improve
1022,17,4749.799999999999,12,687.6,move,improve
1023,17,4055.6000000000017,12,687.6,move,improve
1024,16,3395.6000000000013,12,687.6,move,improve
1025,16,3117.6000000000004,12,687.6,swap,improve
1026,16,3117.6000000000004,12,687.6,move,improve
1027,16,3449.0000000000005,12,687.6,swap,acceptBad
1028,16,3449.0000000000005,12,687.6,2opt,improve
1029,16,3579.1,12,687.6,swap,acceptBad
1030,16,2750.2,12,687.6,move,improve
1031,16,3002.1,12,687.6,2opt,acceptBad
1032,16,2886.2,12,687.6,move,improve
1033,15,2481.1999999999985,12,687.6,move,improve
1034,15,2481.1999999999985,12,687.6,move,improve
1035,15,2419.999999999999,12,687.6,move,improve
1036,15,2411.2000000000003,12,687.6,move,improve
1037,15,2582.1999999999994,12,687.6,swap,acceptBad
1038,15,2366.399999999999,12,687.6,swap,improve
1039,15,1963.9999999999995,12,687.6,swap,improve
1040,15,1963.9999999999995,12,687.6,move,improve
1041,15,1716.1999999999998,12,687.6,move,improve
1042,15,1716.1999999999998,12,687.6,2opt,improve
1043,15,1581.1999999999994,12,687.6,move,improve
1044,15,2295.6000000000004,12,687.6,2opt,acceptBad
1045,15,2295.6000000000004,12,687.6,2opt,improve
1046,15,2353.8000000000006,12,687.6,swap,acceptBad
1047,15,2391.000000000001,12,687.6,2opt,acceptBad
1048,15,2904.4,12,687.6,2opt,acceptBad
1049,15,2211.8000000000006,12,687.6,move,improve
1050,16,3517.3999999999996,12,687.6,2opt,acceptBad
1051,16,3715.2000000000016,12,687.6,2opt,acceptBad
1052,16,3415.2000000000016,12,687.6,move,improve
1053,16,3055.5000000000005,12,687.6,move,improve
1054,16,3252.5,12,687.6,swap,acceptBad
1055,16,3025.6999999999994,12,687.6,2opt,improve
1056,16,3026.8,12,687.6,swap,acceptBad
1057,16,2941.6000000000004,12,687.6,swap,improve
1058,16,2667.2,12,687.6,move,improve
1059,16,3307.2999999999997,12,687.6,swap,acceptBad
1060,16,2727.7999999999993,12,687.6,swap,improve
1061,16,2844.1,12,687.6,swap,acceptBad
1062,16,2844.1,12,687.6,move,improve
1063,16,2883.3000000000006,12,687.6,2opt,acceptBad
1064,16,2871.9000000000005,12,687.6,swap,improve
1065,16,3341.7,12,687.6,swap,acceptBad
1066,16,2981.5000000000005,12,687.6,move,improve
1067,16,2981.5000000000005,12,687.6,2opt,notBad
1068,16,2772.000000000001,12,687.6,move,improve
1069,16,2606.7000000000016,12,687.6,move,improve
1070,16,2476.5000000000005,12,687.6,move,improve
1071,16,2478.3000000000006,12,687.6,2opt,acceptBad
1072,16,2729.4,12,687.6,2opt,acceptBad
1073,16,2729.6,12,687.6,swap,acceptBad
1074,16,2729.6,12,687.6,2opt,notBad
1075,16,2797.7999999999997,12,687.6,swap,acceptBad
1076,16,2528.799999999999,12,687.6,move,improve
1077,16,2528.799999999999,12,687.6,2opt,improve
1078,16,2542.199999999999,12,687.6,swap,acceptBad
1079,16,2933.8,12,687.6,2opt,acceptBad
1080,16,2495.2000000000003,12,687.6,2opt,improve
1081,16,2495.2000000000003,12,687.6,move,improve
1082,16,2495.2000000000003,12,687.6,move,improve
1083,16,2394.6000000000004,12,687.6,swap,improve
1084,16,2345.299999999999,12,687.6,2opt,improve
1085,16,2326.1999999999994,12,687.6,2opt,improve
1086,16,2490.7,12,687.6,swap,acceptBad
1087,16,2488.9,12,687.6,swap,improve
1088,16,2302.2999999999993,12,687.6,swap,improve
1089,16,2504.7000000000007,12,687.6,2opt,acceptBad
1090,16,2420.1000000000004,12,687.6,2opt,improve
1091,16,2538.6,12,687.6,swap,acceptBad
1092,16,2538.6,12,687.6,2opt,improve
1093,17,2414.4000000000015,12,687.6,2opt,improve
1094,17,3073.6000000000004,12,687.6,swap,acceptBad
1095,17,3073.6000000000004,12,687.6,2opt,notBad
1096,17,2826.8000000000015,12,687.6,swap,improve
1097,17,3607.8,12,687.6,swap,acceptBad
1098,17,3290.6000000000004,12,687.6,swap,improve
1099,17,4713.400000000002,12,687.6,2opt,acceptBad
1100,18,6204.799999999999,12,687.6,2opt,acceptBad
1101,18,5903.499999999999,12,687.6,move,improve
1102,18,5735.799999999998,12,687.6,swap,improve
1103,18,5946.700000000001,12,687.6,swap,acceptBad
1104,18,5787.299999999999,12,687.6,swap,improve
1105,18,5469.099999999999,12,687.6,swap,improve
1106,18,5311.999999999999,12,687.6,swap,improve
1107,18,5234.899999999998,12,687.6,swap,improve
1108,18,3915.999999999998,12,687.6,move,improve
1109,18,3604.1999999999994,12,687.6,move,improve
1110,18,3900.3999999999983,12,687.6,swap,acceptBad
1111,18,3392.600000000001,12,687.6,move,improve
1112,18,3077.2000000000007,12,687.6,2opt,improve
1113,18,3108.0,12,687.6,swap,acceptBad
1114,18,3108.0,12,687.6,move,improve
1115,18,3108.0,12,687.6,2opt,improve
1116,18,3969.900000000001,12,687.6,swap,acceptBad
1117,18,4068.800000000002,12,687.6,2opt,acceptBad
1118,18,4349.9000000000015,12,687.6,2opt,acceptBad
1119,18,4349.900000000002,12,687.6,2opt,acceptBad
1120,18,4753.200000000001,12,687.6,swap,acceptBad
1121,18,4596.100000000001,12,687.6,swap,improve
1122,18,4440.9000000000015,12,687.6,move,improve
1123,18,5354.6,12,687.6,2opt,acceptBad
1124,18,3790.6000000000004,12,687.6,move,improve
1125,18,4883.600000000001,12,687.6,swap,acceptBad
1126,18,4592.2,12,687.6,move,improve
1127,18,4510.0,12,687.6,swap,improve
1128,18,4489.5,12,687.6,swap,improve
1129,18,4538.200000000001,12,687.6,swap,acceptBad
1130,18,4423.699999999998,12,687.6,2opt,improve
1131,18,4423.699999999998,12,687.6,2opt,improve
1132,18,5717.699999999999,12,687.6,swap,acceptBad
1133,18,5329.899999999999,12,687.6,move,improve
1134,18,4661.9,12,687.6,move,improve
1135,18,4661.9,12,687.6,2opt,improve
1136,18,5483.799999999999,12,687.6,move,acceptBad
1137,18,5148.599999999999,12,687.6,2opt,improve
1138,18,5148.599999999999,12,687.6,2opt,improve
1139,18,5408.499999999998,12,687.6,2opt,acceptBad
1140,18,4742.499999999998,12,687.6,2opt,improve
1141,18,4446.999999999999,12,687.6,move,improve
1142,18,3633.499999999999,12,687.6,move,improve
1143,18,2828.9,12,687.6,move,improve
1144,18,2828.9,12,687.6,move,improve
1145,18,2828.9,12,687.6,move,improve
1146,18,2828.9,12,687.6,2opt,notBad
1147,18,3839.0,12,687.6,2opt,acceptBad
1148,18,3839.0,12,687.6,move,improve
1149,18,3403.5,12,687.6,move,improve
1150,18,3399.9999999999995,12,687.6,swap,improve
1151,18,3993.6999999999994,12,687.6,swap,acceptBad
1152,18,3494.1,12,687.6,move,improve
1153,18,3393.199999999999,12,687.6,move,improve
1154,17,2537.9999999999995,12,687.6,move,improve
1155,17,2640.3999999999983,12,687.6,2opt,acceptBad
1156,17,3593.3999999999987,12,687.6,2opt,acceptBad
1157,17,3985.600000000001,12,687.6,2opt,acceptBad
1158,17,3592.400000000001,12,687.6,move,improve
1159,17,2726.5999999999995,12,687.6,2opt,improve
1160,17,3197.8,12,687.6,2opt,acceptBad
1161,17,3220.6,12,687.6,swap,acceptBad
1162,17,2795.8000000000006,12,687.6,move,improve
1163,17,2951.9999999999995,12,687.6,swap,acceptBad
1164,17,2951.9999999999995,12,687.6,2opt,notBad
1165,17,2951.9999999999995,12,687.6,move,improve
1166,17,2859.7999999999997,12,687.6,move,improve
1167,17,3149.599999999999,12,687.6,2opt,acceptBad
1168,17,3177.599999999999,12,687.6,swap,acceptBad
1169,17,2767.7999999999997,12,687.6,move,improve
1170,17,2942.5999999999995,12,687.6,2opt,acceptBad
1171,17,3215.6,12,687.6,swap,acceptBad
1172,17,3434.2000000000007,12,687.6,swap,acceptBad
1173,17,3062.2000000000003,12,687.6,swap,improve
1174,17,3033.600000000001,12,687.6,swap,improve
1175,17,3033.600000000001,12,687.6,move,improve
1176,17,3147.4,12,687.6,2opt,acceptBad
1177,17,3590.7999999999997,12,687.6,2opt,acceptBad
1178,17,3594.7999999999997,12,687.6,swap,acceptBad
1179,17,3573.400000000001,12,687.6,2opt,improve
1180,17,3418.8000000000015,12,687.6,2opt,improve
1181,17,3345.400000000001,12,687.6,2opt,improve
1182,17,2913.2000000000007,12,687.6,move,improve
1183,17,2727.000000000001,12,687.6,move,improve
1184,17,2606.6000000000004,12,687.6,swap,improve
1185,17,2606.6000000000004,12,687.6,move,improve
1186,17,2733.4,12,687.6,swap,acceptBad
1187,18,4129.600000000002,12,687.6,2opt,acceptBad
1188,18,3579.9,12,687.6,move,improve
1189,18,4359.700000000002,12,687.6,swap,acceptBad
1190,18,4359.700000000002,12,687.6,2opt,notBad
1191,18,4453.900000000001,12,687.6,swap,acceptBad
1192,18,3964.499999999999,12,687.6,move,improve
1193,18,3959.2,12,687.6,2opt,improve
1194,18,3751.1000000000013,12,687.6,swap,improve
1195,18,3591.1,12,687.6,move,improve
1196,18,3598.2000000000003,12,687.6,swap,acceptBad
1197,18,3598.2000000000003,12,687.6,move,improve
1198,18,3663.3,12,687.6,swap,acceptBad
1199,18,3651.9,12,687.6,2opt,improve
1200,18,3564.6999999999994,12,687.6,swap,improve
1201,18,3569.1999999999985,12,687.6,swap,acceptBad
1202,18,3453.799999999998,12,687.6,move,improve
1203,18,3392.1999999999985,12,687.6,move,improve
1204,18,3262.3999999999996,12,687.6,2opt,improve
1205,18,3255.499999999999,12,687.6,2opt,improve
1206,18,3575.7000000000003,12,687.6,2opt,acceptBad
1207,18,3453.6,12,687.6,2opt,improve
1208,18,3501.799999999998,12,687.6,2opt,acceptBad
1209,18,3501.799999999998,12,687.6,2opt,notBad
1210,18,3501.799999999998,12,687.6,2opt,notBad
1211,18,3006.5999999999995,12,687.6,move,improve
1212,18,3006.5999999999995,12,687.6,move,improve
1213,18,2842.2000000000007,12,687.6,swap,improve
1214,18,3211.500000000001,12,687.6,swap,acceptBad
1215,18,3211.500000000001,12,687.6,2opt,notBad
1216,18,2920.9999999999995,12,687.6,move,improve
1217,18,2920.9999999999995,12,687.6,2opt,improve
1218,18,2944.4999999999995,12,687.6,2opt,acceptBad
1219,18,2904.8999999999987,12,687.6,move,improve
1220,18,2908.3999999999987,12,687.6,swap,acceptBad
1221,18,2908.4,12,687.6,2opt,acceptBad
1222,18,2908.4,12,687.6,move,improve
1223,18,3655.3,12,687.6,swap,acceptBad
1224,18,3921.1999999999994,12,687.6,2opt,acceptBad
1225,18,3921.1999999999994,12,687.6,2opt,improve
1226,18,3746.7000000000007,12,687.6,move,improve
1227,18,3797.1000000000004,12,687.6,swap,acceptBad
1228,18,3797.1000000000004,12,687.6,move,improve
1229,18,4039.3000000000015,12,687.6,swap,acceptBad
1230,18,4017.300000000001,12,687.6,2opt,improve
1231,18,4179.4000000000015,12,687.6,2opt,acceptBad
1232,17,3485.000000000001,12,687.6,move,improve
1233,17,3395.4000000000015,12,687.6,swap,improve
1234,17,4097.000000000001,12,687.6,swap,acceptBad
1235,17,4254.200000000003,12,687.6,swap,acceptBad
1236,17,3719.0000000000014,12,687.6,move,improve
1237,17,3439.8000000000006,12,687.6,move,improve
1238,17,3636.4000000000005,12,687.6,2opt,acceptBad
1239,17,3230.600000000001,12,687.6,2opt,improve
1240,17,3230.600000000001,12,687.6,move,improve
1241,17,2941.400000000001,12,687.6,move,improve
1242,17,2941.400000000001,12,687.6,move,improve
1243,17,2634.6000000000013,12,687.6,move,improve
1244,17,2634.6000000000013,12,687.6,move,improve
1245,17,2634.600000000001,12,687.6,2opt,improve
1246,17,2617.8000000000006,12,687.6,move,improve
1247,17,2226.8000000000006,12,687.6,swap,improve
1248,17,2978.600000000001,12,687.6,2opt,acceptBad
1249,17,2978.600000000001,12,687.6,move,improve
1250,17,2978.600000000001,12,687.6,move,improve
1251,17,2978.600000000001,12,687.6,2opt,improve
1252,17,3409.6000000000004,12,687.6,2opt,acceptBad
1253,17,3412.6000000000004,12,687.6,swap,acceptBad
1254,17,3034.2,12,687.6,move,improve
1255,17,3090.800000000001,12,687.6,swap,acceptBad
1256,17,2783.2000000000025,12,687.6,swap,improve
1257,17,2879.0000000000014,12,687.6,2opt,acceptBad
1258,17,2879.0000000000014,12,687.6,move,improve
1259,17,2879.0000000000005,12,687.6,move,improve
1260,17,2586.399999999999,12,687.6,swap,improve
1261,17,2586.399999999999,12,687.6,2opt,improve
1262,17,2586.399999999999,12,687.6,2opt,improve
1263,17,2586.399999999999,12,687.6,move,improve
1264,17,2608.4,12,687.6,swap,acceptBad
1265,17,2516.6000000000004,12,687.6,move,improve
1266,17,2516.6000000000004,12,687.6,move,improve
1267,17,2449.399999999999,12,687.6,move,improve
1268,17,1755.5999999999995,12,687.6,move,improve
1269,17,1755.5999999999995,12,687.6,move,improve
1270,17,1890.7999999999993,12,687.6,move,acceptBad
1271,17,1890.7999999999993,12,687.6,move,improve
1272,17,2157.1999999999994,12,687.6,swap,acceptBad
1273,17,2139.1999999999994,12,687.6,move,improve
1274,17,2139.1999999999994,12,687.6,move,improve
1275,17,2068.5999999999995,12,687.6,swap,improve
1276,17,1998.5999999999997,12,687.6,swap,improve
1277,17,2551.999999999999,12,687.6,swap,acceptBad
1278,17,2248.7999999999993,12,687.6,2opt,improve
1279,17,2320.2,12,687.6,2opt,acceptBad
1280,17,2784.6,12,687.6,swap,acceptBad
1281,17,3077.4000000000005,12,687.6,swap,acceptBad
1282,17,2777.4,12,687.6,move,improve
1283,17,3257.6000000000004,12,687.6,swap,acceptBad
1284,17,3257.6000000000004,12,687.6,swap,improve
1285,17,3176.4,12,687.6,2opt,improve
1286,17,2914.599999999998,12,687.6,2opt,improve
1287,17,2914.599999999998,12,687.6,move,improve
1288,17,2914.599999999998,12,687.6,2opt,improve
1289,17,3181.6,12,687.6,swap,acceptBad
1290,17,2927.0000000000005,12,687.6,move,improve
1291,17,3278.3999999999996,12,687.6,2opt,acceptBad
1292,17,3877.6000000000004,12,687.6,2opt,acceptBad
1293,17,3494.6,12,687.6,swap,improve
1294,17,3481.7999999999997,12,687.6,2opt,improve
1295,17,3175.0000000000014,12,687.6,2opt,improve
1296,17,3093.2000000000025,12,687.6,move,improve
1297,17,2981.800000000002,12,687.6,2opt,improve
1298,17,3280.4000000000024,12,687.6,swap,acceptBad
1299,17,3280.4000000000024,12,687.6,2opt,notBad
1300,17,3280.4000000000024,12,687.6,move,improve
1301,17,3369.800000000002,12,687.6,swap,acceptBad
1302,16,2724.3000000000015,12,687.6,move,improve
1303,16,2395.000000000002,12,687.6,swap,improve
1304,16,2584.0,12,687.6,swap,acceptBad
1305,16,2350.1,12,687.6,swap,improve
1306,16,2434.4999999999995,12,687.6,2opt,acceptBad
1307,16,2333.8999999999996,12,687.6,move,improve
1308,16,2333.8999999999996,12,687.6,move,improve
1309,17,3215.9999999999995,12,687.6,2opt,acceptBad
1310,17,3215.9999999999995,12,687.6,move,improve
1311,17,3065.4,12,687.6,swap,improve
1312,17,3065.4,12,687.6,move,improve
1313,17,2927.8000000000006,12,687.6,move,improve
1314,17,2927.8000000000006,12,687.6,2opt,notBad
1315,17,2942.199999999999,12,687.6,2opt,acceptBad
1316,17,2404.7999999999997,12,687.6,move,improve
1317,17,2298.7999999999997,12,687.6,move,improve
1318,17,2062.9999999999995,12,687.6,move,improve
1319,17,2062.9999999999995,12,687.6,move,improve
1320,17,2078.2,12,687.6,2opt,acceptBad
1321,17,2078.2,12,687.6,move,improve
1322,17,2078.2,12,687.6,move,improve
1323,17,1780.2000000000003,12,687.6,swap,improve
1324,17,1780.2000000000003,12,687.6,move,improve
1325,17,1780.2000000000003,12,687.6,2opt,notBad
1326,17,1780.2000000000003,12,687.6,move,improve
1327,17,1687.0000000000005,12,687.6,2opt,improve
1328,17,1796.6000000000001,12,687.6,2opt,acceptBad
1329,17,1774.3999999999996,12,687.6,2opt,improve
1330,17,2002.4000000000003,12,687.6,swap,acceptBad
1331,17,2006.3999999999996,12,687.6,2opt,acceptBad
1332,17,1683.7999999999997,12,687.6,move,improve
1333,17,2208.4000000000005,12,687.6,swap,acceptBad
1334,17,2076.4,12,687.6,move,improve
1335,17,1807.3999999999996,12,687.6,swap,improve
1336,17,1738.1999999999998,12,687.6,move,improve
1337,17,1738.1999999999998,12,687.6,2opt,notBad
1338,17,1752.3999999999999,12,687.6,2opt,acceptBad
1339,17,1850.8000000000002,12,687.6,swap,acceptBad
1340,17,2689.6000000000004,12,687.6,2opt,acceptBad
1341,17,2478.6,12,687.6,swap,improve
1342,17,2478.6,12,687.6,2opt,notBad
1343,17,2478.6,12,687.6,2opt,notBad
1344,17,2478.6,12,687.6,2opt,notBad
1345,17,2722.2000000000003,12,687.6,swap,acceptBad
1346,17,2288.7999999999997,12,687.6,move,improve
1347,17,2961.599999999999,12,687.6,swap,acceptBad
1348,16,2963.0000000000014,12,687.6,2opt,acceptBad
1349,16,3264.100000000001,12,687.6,swap,acceptBad
1350,16,3734.7000000000003,12,687.6,swap,acceptBad
1351,16,3762.3999999999996,12,687.6,swap,acceptBad
1352,16,4178.199999999999,12,687.6,swap,acceptBad
1353,16,4199.3,12,687.6,2opt,acceptBad
1354,16,4178.9,12,687.6,swap,improve
1355,16,3628.5999999999995,12,687.6,2opt,improve
1356,16,3628.5999999999995,12,687.6,move,improve
1357,16,3615.4,12,687.6,swap,improve
1358,16,3476.9,12,687.6,swap,improve
1359,16,3683.299999999999,12,687.6,swap,acceptBad
1360,16,3965.099999999998,12,687.6,2opt,acceptBad
1361,16,3538.2999999999997,12,687.6,swap,improve
1362,16,3362.1,12,687.6,move,improve
1363,16,3362.1,12,687.6,move,improve
1364,16,3007.3999999999996,12,687.6,move,improve
1365,16,3059.8999999999996,12,687.6,2opt,acceptBad
1366,16,3059.8999999999996,12,687.6,move,improve
1367,16,2675.0,12,687.6,swap,improve
1368,16,2671.499999999999,12,687.6,swap,improve
1369,16,2671.499999999999,12,687.6,move,improve
1370,16,2993.7,12,687.6,swap,acceptBad
1371,16,2651.1,12,687.6,2opt,improve
1372,16,2866.6000000000013,12,687.6,swap,acceptBad
1373,16,2789.900000000001,12,687.6,swap,improve
1374,16,2891.500000000001,12,687.6,swap,acceptBad
1375,16,3023.800000000001,12,687.6,move,acceptBad
1376,16,3235.900000000001,12,687.6,2opt,acceptBad
1377,16,3025.900000000001,12,687.6,swap,improve
1378,16,2873.6000000000013,12,687.6,swap,improve
1379,16,2622.9,12,687.6,move,improve
1380,16,2622.900000000001,12,687.6,2opt,acceptBad
1381,16,2695.800000000001,12,687.6,swap,acceptBad
1382,16,2708.600000000002,12,687.6,2opt,acceptBad
1383,16,2590.1000000000026,12,687.6,move,improve
1384,16,2693.9000000000005,12,687.6,2opt,acceptBad
1385,16,2673.300000000001,12,687.6,2opt,improve
1386,16,3438.599999999999,12,687.6,swap,acceptBad
1387,16,3382.0999999999985,12,687.6,move,improve
1388,16,4054.4999999999995,12,687.6,2opt,acceptBad
1389,16,3938.4000000000005,12,687.6,move,improve
1390,16,3938.4000000000005,12,687.6,2opt,notBad
1391,16,3334.700000000001,12,687.6,move,improve
1392,16,3253.2,12,687.6,2opt,improve
1393,16,3241.6999999999994,12,687.6,move,improve
1394,16,3078.2999999999993,12,687.6,swap,improve
1395,16,3078.2999999999993,12,687.6,move,improve
1396,16,2981.8999999999996,12,687.6,move,improve
1397,16,2687.3999999999996,12,687.6,swap,improve
1398,16,2687.3999999999996,12,687.6,move,improve
1399,16,2687.3999999999996,12,687.6,move,improve
1400,16,2687.3999999999996,12,687.6,move,improve
1401,16,2645.6000000000004,12,687.6,2opt,improve
1402,16,3435.9000000000015,12,687.6,2opt,acceptBad
1403,16,3228.4000000000005,12,687.6,swap,improve
1404,16,3277.0000000000023,12,687.6,2opt,acceptBad
1405,16,3362.0000000000027,12,687.6,2opt,acceptBad
1406,16,3272.600000000001,12,687.6,swap,improve
1407,16,2517.1000000000013,12,687.6,move,improve
1408,16,2762.6000000000017,12,687.6,2opt,acceptBad
1409,16,2756.900000000002,12,687.6,swap,improve
1410,16,2763.800000000002,12,687.6,swap,acceptBad
1411,16,2737.6000000000017,12,687.6,swap,improve
1412,16,2737.6000000000017,12,687.6,move,improve
1413,16,2544.600000000001,12,687.6,swap,improve
1414,16,2440.0,12,687.6,swap,improve
1415,16,2428.5,12,687.6,swap,improve
1416,16,2429.100000000001,12,687.6,swap,acceptBad
1417,16,3295.3999999999996,12,687.6,swap,acceptBad
1418,16,3295.3999999999996,12,687.6,2opt,improve
1419,16,2368.7000000000003,12,687.6,move,improve
1420,16,1947.7999999999986,12,687.6,move,improve
1421,16,1947.7999999999986,12,687.6,move,improve
1422,16,1746.1999999999991,12,687.6,move,improve
1423,16,2152.7999999999997,12,687.6,swap,acceptBad
1424,16,2275.2,12,687.6,2opt,acceptBad
1425,16,2650.800000000001,12,687.6,2opt,acceptBad
1426,16,2511.1000000000004,12,687.6,move,improve
1427,16,2531.7,12,687.6,2opt,acceptBad
1428,16,3055.7999999999993,12,687.6,swap,acceptBad
1429,16,2982.8999999999996,12,687.6,swap,improve
1430,16,2331.9000000000005,12,687.6,move,improve
1431,16,2430.3000000000015,12,687.6,swap,acceptBad
1432,16,2239.4000000000005,12,687.6,swap,improve
1433,16,2208.500000000001,12,687.6,swap,improve
1434,16,1934.1000000000004,12,687.6,move,improve
1435,16,1971.1,12,687.6,swap,acceptBad
1436,16,1876.2000000000003,12,687.6,swap,improve
1437,16,1996.5000000000005,12,687.6,2opt,acceptBad
1438,16,2077.5999999999995,12,687.6,swap,acceptBad
1439,16,2346.8000000000006,12,687.6,swap,acceptBad
1440,16,2766.700000000001,12,687.6,swap,acceptBad
1441,16,2757.2000000000007,12,687.6,2opt,improve
1442,16,3516.999999999999,12,687.6,swap,acceptBad
1443,16,3450.7999999999993,12,687.6,swap,improve
1444,16,3380.1999999999994,12,687.6,swap,improve
1445,16,3573.8,12,687.6,swap,acceptBad
1446,16,3620.2999999999997,12,687.6,2opt,acceptBad
1447,16,3620.2999999999997,12,687.6,2opt,notBad
1448,16,2657.899999999999,12,687.6,move,improve
1449,16,2657.899999999999,12,687.6,2opt,improve
1450,16,2657.899999999999,12,687.6,2opt,notBad
1451,16,2657.899999999999,12,687.6,move,improve
1452,16,2614.8999999999996,12,687.6,2opt,improve
1453,16,2502.199999999999,12,687.6,move,improve
1454,16,2415.0,12,687.6,2opt,improve
1455,16,2323.299999999999,12,687.6,swap,improve
1456,16,2790.9,12,687.6,2opt,acceptBad
1457,16,3084.2000000000003,12,687.6,swap,acceptBad
1458,16,2746.2000000000003,12,687.6,swap,improve
1459,16,2581.2999999999997,12,687.6,swap,improve
1460,16,2613.899999999999,12,687.6,swap,acceptBad
1461,16,2671.699999999999,12,687.6,2opt,acceptBad
1462,16,2292.2999999999984,12,687.6,swap,improve
1463,16,2589.6,12,687.6,swap,acceptBad
1464,16,2589.6,12,687.6,2opt,notBad
1465,16,2491.599999999999,12,687.6,2opt,improve
1466,16,2652.799999999999,12,687.6,swap,acceptBad
1467,16,2652.799999999999,12,687.6,2opt,improve
1468,16,2293.9,12,687.6,2opt,improve
1469,16,2293.9,12,687.6,move,improve
1470,16,2614.600000000001,12,687.6,swap,acceptBad
1471,16,2614.600000000001,12,687.6,2opt,notBad
1472,16,2606.4000000000005,12,687.6,swap,improve
1473,16,2796.900000000001,12,687.6,swap,acceptBad
1474,16,2441.4,12,687.6,move,improve
1475,16,2441.4,12,687.6,move,improve
1476,16,2317.7999999999993,12,687.6,move,improve
1477,16,2518.6999999999994,12,687.6,swap,acceptBad
1478,16,2518.6999999999994,12,687.6,move,improve
1479,16,2518.6999999999994,12,687.6,2opt,improve
1480,16,2568.1999999999994,12,687.6,swap,acceptBad
1481,16,2346.5999999999995,12,687.6,move,improve
1482,16,2537.0999999999995,12,687.6,2opt,acceptBad
1483,16,2521.6999999999994,12,687.6,swap,improve
1484,16,2834.699999999999,12,687.6,swap,acceptBad
1485,16,2834.699999999999,12,687.6,move,improve
1486,16,2824.3999999999987,12,687.6,move,improve
1487,16,2822.3,12,687.6,2opt,improve
1488,16,3157.3000000000006,12,687.6,swap,acceptBad
1489,16,3157.3000000000006,12,687.6,move,improve
1490,16,3034.5,12,687.6,swap,improve
1491,16,2881.6,12,687.6,swap,improve
1492,16,2881.6,12,687.6,2opt,notBad
1493,16,2881.6,12,687.6,move,improve
1494,16,2721.7999999999993,12,687.6,move,improve
1495,16,2693.2,12,687.6,swap,improve
1496,16,2769.9999999999995,12,687.6,swap,acceptBad
1497,16,2769.9999999999995,12,687.6,move,improve
1498,16,3138.699999999999,12,687.6,swap,acceptBad
1499,16,3461.9,12,687.6,2opt,acceptBad
1500,16,3691.5000000000005,12,687.6,2opt,acceptBad
1501,16,3332.1999999999994,12,687.6,swap,improve
1502,16,3563.499999999999,12,687.6,swap,acceptBad
1503,16,3363.2999999999993,12,687.6,swap,improve
1504,16,4052.7999999999997,12,687.6,swap,acceptBad
1505,16,3922.999999999999,12,687.6,2opt,improve
1506,16,3734.1,12,687.6,2opt,improve
1507,16,4180.600000000001,12,687.6,swap,acceptBad
1508,16,4158.799999999999,12,687.6,move,improve
1509,16,4152.099999999999,12,687.6,2opt,improve
1510,16,3846.699999999999,12,687.6,2opt,improve
1511,16,3856.2999999999993,12,687.6,swap,acceptBad
1512,16,3938.8,12,687.6,swap,acceptBad
1513,16,3786.7999999999993,12,687.6,2opt,improve
1514,16,3635.2,12,687.6,swap,improve
1515,16,3555.5000000000005,12,687.6,swap,improve
1516,16,4049.5000000000014,12,687.6,swap,acceptBad
1517,16,4049.5000000000014,12,687.6,move,improve
1518,16,3724.100000000001,12,687.6,2opt,improve
1519,16,3724.100000000001,12,687.6,2opt,notBad
1520,16,4143.300000000002,12,687.6,swap,acceptBad
1521,16,4009.6000000000004,12,687.6,2opt,improve
1522,16,3824.7000000000016,12,687.6,2opt,improve
1523,16,3850.2999999999997,12,687.6,2opt,acceptBad
1524,16,3819.9,12,687.6,swap,improve
1525,16,3756.5999999999985,12,687.6,move,improve
1526,16,3441.299999999999,12,687.6,2opt,improve
1527,16,3442.3999999999987,12,687.6,swap,acceptBad
1528,16,3401.3999999999996,12,687.6,2opt,improve
1529,16,3346.999999999999,12,687.6,swap,improve
1530,16,3346.999999999999,12,687.6,2opt,notBad
1531,16,3346.499999999998,12,687.6,2opt,improve
1532,16,3358.199999999998,12,687.6,swap,acceptBad
1533,16,2455.0999999999967,12,687.6,move,improve
1534,16,2266.199999999998,12,687.6,move,improve
1535,16,2258.8999999999996,12,687.6,2opt,improve
1536,16,2258.8999999999996,12,687.6,2opt,notBad
1537,16,2670.799999999999,12,687.6,swap,acceptBad
1538,17,3062.5999999999976,12,687.6,2opt,acceptBad
1539,17,3021.2000000000003,12,687.6,swap,improve
1540,17,2927.6000000000004,12,687.6,move,improve
1541,17,2898.2000000000007,12,687.6,swap,improve
1542,17,2717.6000000000004,12,687.6,swap,improve
1543,17,2685.6000000000013,12,687.6,move,improve
1544,17,2685.6000000000013,12,687.6,2opt,notBad
1545,17,2517.000000000001,12,687.6,swap,improve
1546,17,2525.600000000001,12,687.6,swap,acceptBad
1547,17,2525.600000000001,12,687.6,move,improve
1548,17,2525.600000000001,12,687.6,move,improve
1549,17,2525.600000000001,12,687.6,2opt,improve
1550,17,2522.6,12,687.6,swap,improve
1551,17,2522.6,12,687.6,2opt,notBad
1552,17,2796.7999999999993,12,687.6,2opt,acceptBad
1553,17,2796.7999999999993,12,687.6,swap,notBad
1554,17,2784.199999999999,12,687.6,move,improve
1555,17,2760.999999999998,12,687.6,move,improve
1556,17,2714.3999999999987,12,687.6,swap,improve
1557,17,2670.7999999999993,12,687.6,move,improve
1558,17,2930.6000000000004,12,687.6,swap,acceptBad
1559,17,2243.599999999999,12,687.6,move,improve
1560,17,2273.199999999999,12,687.6,2opt,acceptBad
1561,17,2449.799999999999,12,687.6,swap,acceptBad
1562,17,2972.1999999999994,12,687.6,swap,acceptBad
1563,17,2972.1999999999994,12,687.6,2opt,notBad
1564,17,3228.799999999999,12,687.6,swap,acceptBad
1565,17,3228.799999999999,12,687.6,swap,improve
1566,17,2741.7999999999984,12,687.6,2opt,improve
1567,17,2981.7999999999975,12,687.6,swap,acceptBad
1568,17,2797.799999999999,12,687.6,swap,improve
1569,17,3016.5999999999976,12,687.6,swap,acceptBad
1570,17,3016.599999999998,12,687.6,2opt,acceptBad
1571,17,2727.599999999998,12,687.6,move,improve
1572,17,2727.599999999998,12,687.6,2opt,improve
1573,17,2716.1999999999975,12,687.6,2opt,improve
1574,17,2383.5999999999985,12,687.6,swap,improve
1575,17,2364.799999999998,12,687.6,swap,improve
1576,17,2322.7999999999975,12,687.6,2opt,improve
1577,17,2912.9999999999986,12,687.6,swap,acceptBad
1578,17,2608.9999999999986,12,687.6,move,improve
1579,17,2612.3999999999996,12,687.6,swap,acceptBad
1580,17,2133.9999999999995,12,687.6,swap,improve
1581,17,2078.7999999999993,12,687.6,move,improve
1582,17,2095.5999999999995,12,687.6,2opt,acceptBad
1583,17,2069.599999999999,12,687.6,swap,improve
1584,17,1967.3999999999996,12,687.6,swap,improve
1585,17,1938.3999999999996,12,687.6,move,improve
1586,17,1938.3999999999996,12,687.6,move,improve
1587,17,1616.3999999999996,12,687.6,move,improve
1588,17,1616.3999999999996,12,687.6,move,improve
1589,17,2224.2000000000007,12,687.6,swap,acceptBad
1590,17,2224.2000000000007,12,687.6,2opt,notBad
1591,17,2224.2000000000007,12,687.6,move,improve
1592,17,2224.2000000000007,12,687.6,move,improve
1593,17,2224.2000000000007,12,687.6,move,improve
1594,17,2224.2000000000007,12,687.6,2opt,improve
1595,17,2224.2000000000007,12,687.6,2opt,notBad
1596,17,2224.2000000000007,12,687.6,move,improve
1597,17,2224.2000000000007,12,687.6,2opt,notBad
1598,17,2224.2000000000007,12,687.6,2opt,notBad
1599,17,2443.0,12,687.6,2opt,acceptBad
1600,17,2208.8,12,687.6,move,improve
1601,17,2208.8,12,687.6,2opt,improve
1602,17,2148.599999999999,12,687.6,2opt,improve
1603,17,2039.7999999999995,12,687.6,move,improve
1604,17,2861.3999999999996,12,687.6,swap,acceptBad
1605,17,2486.999999999999,12,687.6,move,improve
1606,17,2486.999999999999,12,687.6,2opt,notBad
1607,17,2529.0,12,687.6,swap,acceptBad
1608,17,2529.0,12,687.6,2opt,notBad
1609,17,2520.3999999999996,12,687.6,swap,improve
1610,17,2432.9999999999995,12,687.6,move,improve
1611,17,2603.8000000000006,12,687.6,2opt,acceptBad
1612,17,2294.200000000001,12,687.6,move,improve
1613,17,2402.7999999999997,12,687.6,swap,acceptBad
1614,17,2578.7999999999997,12,687.6,2opt,acceptBad
1615,17,2578.7999999999997,12,687.6,move,improve
1616,17,2578.7999999999997,12,687.6,2opt,notBad
1617,17,2578.7999999999997,12,687.6,swap,notBad
1618,17,2463.0000000000005,12,687.6,move,improve
1619,17,2621.2000000000003,12,687.6,2opt,acceptBad
1620,17,2621.2000000000003,12,687.6,move,improve
1621,17,2621.2000000000003,12,687.6,2opt,notBad
1622,17,2621.2000000000003,12,687.6,2opt,notBad
1623,17,2621.2000000000003,12,687.6,2opt,notBad
1624,17,2615.8000000000006,12,687.6,move,improve
1625,17,2615.8000000000006,12,687.6,move,improve
1626,17,2615.8000000000006,12,687.6,2opt,improve
1627,17,2671.8000000000006,12,687.6,swap,acceptBad
1628,17,2666.200000000001,12,687.6,move,improve
1629,17,2665.4000000000015,12,687.6,move,improve
1630,17,2634.8000000000015,12,687.6,move,improve
1631,17,2634.8000000000015,12,687.6,move,improve
1632,17,2491.6,12,687.6,2opt,improve
1633,17,2491.6,12,687.6,move,improve
1634,17,2491.6,12,687.6,move,improve
1635,17,2947.4,12,687.6,swap,acceptBad
1636,17,3088.4,12,687.6,2opt,acceptBad
1637,17,2655.2000000000007,12,687.6,move,improve
1638,17,2636.800000000002,12,687.6,swap,improve
1639,17,2636.800000000002,12,687.6,2opt,improve
1640,17,2838.8000000000006,12,687.6,2opt,acceptBad
1641,17,2838.8000000000006,12,687.6,move,improve
1642,17,2695.6000000000004,12,687.6,move,improve
1643,17,2695.6000000000004,12,687.6,move,improve
1644,17,2781.5999999999995,12,687.6,2opt,acceptBad
1645,17,2781.5999999999995,12,687.6,move,improve
1646,17,2781.6,12,687.6,2opt,acceptBad
1647,17,2785.9999999999986,12,687.6,2opt,acceptBad
1648,17,3026.599999999998,12,687.6,swap,acceptBad
1649,17,3026.599999999998,12,687.6,move,improve
1650,17,2967.2000000000003,12,687.6,2opt,improve
1651,17,2944.399999999999,12,687.6,move,improve
1652,17,2944.399999999999,12,687.6,2opt,notBad
1653,17,2927.7999999999984,12,687.6,swap,improve
1654,17,2880.7999999999984,12,687.6,move,improve
1655,17,3004.599999999998,12,687.6,swap,acceptBad
1656,17,2821.999999999999,12,687.6,move,improve
1657,17,2984.1999999999994,12,687.6,2opt,acceptBad
1658,17,2984.1999999999994,12,687.6,2opt,notBad
1659,17,2971.399999999999,12,687.6,swap,improve
1660,17,2971.399999999999,12,687.6,2opt,notBad
1661,17,2971.399999999999,12,687.6,move,improve
1662,17,2735.7999999999993,12,687.6,move,improve
1663,17,2735.7999999999993,12,687.6,move,improve
1664,17,2745.9999999999995,12,687.6,swap,acceptBad
1665,17,2607.2,12,687.6,move,improve
1666,17,2862.1999999999994,12,687.6,2opt,acceptBad
1667,17,2862.1999999999994,12,687.6,2opt,notBad
1668,17,2915.799999999999,12,687.6,swap,acceptBad
1669,17,2881.200000000001,12,687.6,2opt,improve
1670,17,2774.800000000001,12,687.6,move,improve
1671,17,2774.800000000001,12,687.6,2opt,notBad
1672,17,2892.4000000000005,12,687.6,2opt,acceptBad
1673,17,2868.600000000001,12,687.6,move,improve
1674,17,2868.600000000001,12,687.6,2opt,notBad
1675,17,2868.600000000001,12,687.6,move,improve
1676,17,2868.600000000001,12,687.6,2opt,notBad
1677,17,2868.600000000001,12,687.6,move,improve
1678,17,2705.0000000000014,12,687.6,move,improve
1679,17,2860.000000000001,12,687.6,swap,acceptBad
1680,17,2860.000000000001,12,687.6,2opt,notBad
1681,17,2860.000000000001,12,687.6,move,improve
1682,17,2977.0,12,687.6,2opt,acceptBad
1683,17,2977.0,12,687.6,move,improve
1684,17,2750.6000000000004,12,687.6,move,improve
1685,17,2701.0,12,687.6,move,improve
1686,17,2701.0,12,687.6,move,improve
1687,17,2701.0,12,687.6,move,improve
1688,17,2701.0,12,687.6,move,improve
1689,17,2701.0,12,687.6,move,improve
1690,17,2672.2,12,687.6,move,improve
1691,17,2672.2,12,687.6,move,improve
1692,17,2600.0000000000005,12,687.6,move,improve
1693,17,2366.000000000001,12,687.6,move,improve
1694,17,2436.8,12,687.6,swap,acceptBad
1695,17,2695.4,12,687.6,swap,acceptBad
1696,17,2928.2000000000007,12,687.6,2opt,acceptBad
1697,17,2928.1999999999994,12,687.6,2opt,improve
1698,17,2726.8000000000006,12,687.6,move,improve
1699,17,2509.2000000000007,12,687.6,swap,improve
1700,17,2453.8,12,687.6,2opt,improve
1701,17,2600.1999999999994,12,687.6,swap,acceptBad
1702,17,2525.9999999999995,12,687.6,move,improve
1703,17,2544.4000000000005,12,687.6,2opt,acceptBad
1704,17,2544.4000000000005,12,687.6,move,improve
1705,17,2658.8,12,687.6,2opt,acceptBad
1706,17,2658.8,12,687.6,move,improve
1707,17,2351.6,12,687.6,swap,improve
1708,17,2553.400000000001,12,687.6,2opt,acceptBad
1709,17,2553.400000000001,12,687.6,move,improve
1710,17,2553.400000000001,12,687.6,2opt,notBad
1711,17,2423.0000000000014,12,687.6,move,improve
1712,17,2423.0000000000014,12,687.6,2opt,notBad
1713,17,2354.0000000000014,12,687.6,move,improve
1714,17,2354.0000000000014,12,687.6,2opt,notBad
1715,17,2354.0000000000014,12,687.6,move,improve
1716,17,2354.000000000001,12,687.6,swap,improve
1717,17,2354.000000000001,12,687.6,move,improve
1718,17,2354.000000000001,12,687.6,2opt,notBad
1719,17,2354.000000000001,12,687.6,2opt,improve
1720,17,2354.000000000001,12,687.6,swap,notBad
1721,17,2354.000000000001,12,687.6,move,improve
1722,17,2354.000000000001,12,687.6,2opt,notBad
1723,17,2283.2000000000007,12,687.6,2opt,improve
1724,17,2255.999999999999,12,687.6,2opt,improve
1725,17,2208.4000000000005,12,687.6,move,improve
1726,17,2208.4000000000005,12,687.6,move,improve
1727,17,2360.800000000001,12,687.6,swap,acceptBad
1728,17,2509.0000000000005,12,687.6,swap,acceptBad
1729,17,2509.0000000000005,12,687.6,2opt,notBad
1730,17,2509.0000000000005,12,687.6,2opt,notBad
1731,17,2235.8000000000006,12,687.6,move,improve
1732,17,2218.6000000000004,12,687.6,swap,improve
1733,17,2218.6000000000004,12,687.6,2opt,notBad
1734,17,2213.6,12,687.6,move,improve
1735,17,2213.6,12,687.6,2opt,notBad
1736,17,2417.2000000000003,12,687.6,swap,acceptBad
1737,17,2818.0,12,687.6,swap,acceptBad
1738,17,2888.0000000000005,12,687.6,2opt,acceptBad
1739,17,2580.6000000000013,12,687.6,move,improve
1740,17,2580.6000000000013,12,687.6,2opt,notBad
1741,17,2979.6000000000013,12,687.6,swap,acceptBad
1742,17,3129.4,12,687.6,2opt,acceptBad
1743,17,3345.999999999999,12,687.6,2opt,acceptBad
1744,17,3714.7999999999997,12,687.6,swap,acceptBad
1745,17,4003.4,12,687.6,swap,acceptBad
1746,17,4003.4,12,687.6,2opt,notBad
1747,17,4226.800000000001,12,687.6,2opt,acceptBad
1748,17,3746.399999999999,12,687.6,2opt,improve
1749,17,3746.399999999999,12,687.6,2opt,notBad
1750,17,3291.0000000000005,12,687.6,2opt,improve
1751,17,3337.2000000000016,12,687.6,swap,acceptBad
1752,17,2745.8000000000006,12,687.6,2opt,improve
1753,17,3211.600000000001,12,687.6,swap,acceptBad
1754,17,3537.7999999999997,12,687.6,swap,acceptBad
1755,17,3537.7999999999997,12,687.6,2opt,notBad
1756,17,3265.2000000000003,12,687.6,move,improve
1757,17,2824.9999999999995,12,687.6,2opt,improve
1758,17,2824.9999999999995,12,687.6,move,improve
1759,17,2824.9999999999995,12,687.6,2opt,notBad
1760,17,2824.9999999999995,12,687.6,swap,notBad
1761,17,2824.9999999999995,12,687.6,2opt,improve
1762,17,3233.0,12,687.6,swap,acceptBad
1763,17,3233.0,12,687.6,swap,notBad
1764,17,3065.399999999999,12,687.6,move,improve
1765,17,2900.5999999999995,12,687.6,move,improve
1766,17,3055.999999999998,12,687.6,swap,acceptBad
1767,17,2924.199999999998,12,687.6,move,improve
1768,17,3453.4,12,687.6,swap,acceptBad
1769,17,3453.4,12,687.6,swap,notBad
1770,17,3453.4,12,687.6,2opt,notBad
1771,17,3453.4,12,687.6,2opt,notBad
1772,17,3302.1999999999985,12,687.6,move,improve
1773,17,3302.1999999999985,12,687.6,2opt,notBad
1774,17,3007.9999999999986,12,687.6,swap,improve
1775,17,3007.9999999999986,12,687.6,move,improve
1776,17,3007.9999999999986,12,687.6,move,improve
1777,17,2995.799999999998,12,687.6,move,improve
1778,17,3074.7999999999993,12,687.6,swap,acceptBad
1779,17,3074.8000000000006,12,687.6,2opt,acceptBad
1780,17,3083.000000000001,12,687.6,swap,acceptBad
1781,17,3069.2000000000003,12,687.6,move,improve
1782,17,3069.2000000000003,12,687.6,swap,notBad
1783,17,3499.0,12,687.6,swap,acceptBad
1784,17,3332.0000000000023,12,687.6,move,improve
1785,17,3065.600000000002,12,687.6,move,improve
1786,17,2859.6,12,687.6,2opt,improve
1787,17,2859.6,12,687.6,move,improve
1788,17,2859.6,12,687.6,move,improve
1789,17,2990.2000000000016,12,687.6,2opt,acceptBad
1790,17,2990.2,12,687.6,2opt,improve
1791,17,2990.2,12,687.6,2opt,notBad
1792,17,2990.2,12,687.6,2opt,improve
1793,17,3122.7999999999997,12,687.6,swap,acceptBad
1794,17,3122.7999999999997,12,687.6,move,improve
1795,17,2866.8,12,687.6,move,improve
1796,17,2866.8,12,687.6,swap,notBad
1797,17,2355.9999999999995,12,687.6,swap,improve
1798,17,2355.9999999999995,12,687.6,2opt,improve
1799,17,2355.9999999999995,12,687.6,2opt,notBad
1800,17,2197.6000000000004,12,687.6,2opt,improve
1801,17,2203.2000000000007,12,687.6,swap,acceptBad
1802,17,2309.4000000000005,12,687.6,swap,acceptBad
1803,17,2233.000000000001,12,687.6,swap,improve
1804,17,2217.6000000000004,12,687.6,2opt,improve
1805,17,2258.800000000001,12,687.6,swap,acceptBad
1806,17,2253.400000000001,12,687.6,move,improve
1807,17,2366.2000000000003,12,687.6,swap,acceptBad
1808,17,2355.6,12,687.6,move,improve
1809,17,2355.6,12,687.6,move,improve
1810,17,2387.7999999999993,12,687.6,swap,acceptBad
1811,17,2414.5999999999995,12,687.6,2opt,acceptBad
1812,17,2057.0,12,687.6,swap,improve
1813,17,2005.6000000000004,12,687.6,swap,improve
1814,17,2005.6000000000004,12,687.6,swap,notBad
1815,17,1988.4,12,687.6,move,improve
1816,17,2385.8,12,687.6,swap,acceptBad
1817,17,2291.6000000000004,12,687.6,move,improve
1818,17,2291.6000000000004,12,687.6,2opt,notBad
1819,17,2291.6000000000004,12,687.6,2opt,notBad
1820,17,1756.8000000000006,12,687.6,move,improve
1821,17,1756.8000000000006,12,687.6,swap,notBad
1822,17,1756.8000000000006,12,687.6,move,improve
1823,17,1756.8000000000006,12,687.6,move,improve
1824,17,1756.8000000000006,12,687.6,swap,notBad
1825,17,1756.8000000000006,12,687.6,move,improve
1826,17,1371.4000000000005,12,687.6,move,improve
1827,17,1371.4000000000005,12,687.6,2opt,improve
1828,17,1355.400000000001,12,687.6,swap,improve
1829,17,1355.400000000001,12,687.6,move,improve
1830,17,1355.400000000001,12,687.6,2opt,notBad
1831,17,1355.400000000001,12,687.6,2opt,notBad
1832,17,1355.400000000001,12,687.6,move,improve
1833,17,1715.4000000000005,12,687.6,swap,acceptBad
1834,17,1715.4000000000005,12,687.6,2opt,improve
1835,17,2014.1999999999996,12,687.6,swap,acceptBad
1836,17,1890.7999999999995,12,687.6,move,improve
1837,17,1890.7999999999995,12,687.6,move,improve
1838,17,1890.7999999999995,12,687.6,move,improve
1839,17,1894.5999999999992,12,687.6,2opt,acceptBad
1840,17,1894.5999999999992,12,687.6,2opt,notBad
1841,17,1894.5999999999992,12,687.6,2opt,notBad
1842,17,1910.2000000000003,12,687.6,swap,acceptBad
1843,17,1897.6000000000008,12,687.6,move,improve
1844,17,2226.000000000001,12,687.6,swap,acceptBad
1845,17,2226.000000000001,12,687.6,2opt,notBad
1846,17,2408.0000000000005,12,687.6,swap,acceptBad
1847,17,2500.600000000001,12,687.6,swap,acceptBad
1848,17,2486.8,12,687.6,move,improve
1849,17,2486.8,12,687.6,move,improve
1850,17,2479.8,12,687.6,swap,improve
1851,17,2184.0,12,687.6,move,improve
1852,17,2174.4,12,687.6,2opt,improve
1853,17,2174.4,12,687.6,move,improve
1854,17,2174.4,12,687.6,2opt,notBad
1855,17,2511.8,12,687.6,swap,acceptBad
1856,17,2497.3999999999987,12,687.6,swap,improve
1857,17,2854.799999999999,12,687.6,swap,acceptBad
1858,17,3164.7999999999984,12,687.6,swap,acceptBad
1859,17,3164.7999999999984,12,687.6,2opt,notBad
1860,17,2817.799999999999,12,687.6,2opt,improve
1861,17,2764.5999999999985,12,687.6,swap,improve
1862,17,2351.0,12,687.6,swap,improve
1863,17,2372.0,12,687.6,swap,acceptBad
1864,17,2108.000000000001,12,687.6,move,improve
1865,17,2108.000000000001,12,687.6,swap,notBad
1866,17,2346.7999999999997,12,687.6,swap,acceptBad
1867,17,2079.2000000000007,12,687.6,move,improve
1868,17,2079.2000000000007,12,687.6,move,improve
1869,17,2079.2000000000007,12,687.6,2opt,improve
1870,17,2079.2000000000007,12,687.6,move,improve
1871,17,2079.2000000000007,12,687.6,swap,notBad
1872,17,2079.2000000000007,12,687.6,2opt,notBad
1873,17,2079.2000000000007,12,687.6,2opt,notBad
1874,17,2079.2000000000007,12,687.6,move,improve
1875,17,2079.2000000000007,12,687.6,2opt,notBad
1876,17,1791.8000000000015,12,687.6,move,improve
1877,17,1791.8000000000015,12,687.6,move,improve
1878,17,1641.0000000000018,12,687.6,swap,improve
1879,17,1747.6000000000008,12,687.6,2opt,acceptBad
1880,17,1747.6000000000008,12,687.6,move,improve
1881,17,1833.4000000000005,12,687.6,swap,acceptBad
1882,17,1833.400000000001,12,687.6,swap,acceptBad
1883,17,1747.2000000000003,12,687.6,2opt,improve
1884,17,1938.2000000000012,12,687.6,move,acceptBad
1885,17,1938.2000000000012,12,687.6,move,improve
1886,17,1938.2000000000012,12,687.6,swap,notBad
1887,17,2015.800000000001,12,687.6,2opt,acceptBad
1888,17,2279.9999999999995,12,687.6,swap,acceptBad
1889,17,2279.9999999999995,12,687.6,swap,notBad
1890,17,2199.2,12,687.6,move,improve
1891,17,2225.6,12,687.6,swap,acceptBad
1892,17,2227.0,12,687.6,swap,acceptBad
1893,17,2227.0,12,687.6,swap,notBad
1894,17,2227.0,12,687.6,swap,notBad
1895,17,1860.3999999999999,12,687.6,move,improve
1896,17,2175.1999999999994,12,687.6,swap,acceptBad
1897,17,2175.1999999999994,12,687.6,2opt,improve
1898,17,2175.1999999999994,12,687.6,swap,notBad
1899,17,2175.1999999999994,12,687.6,2opt,notBad
1900,17,2222.9999999999995,12,687.6,swap,acceptBad
1901,17,2222.9999999999995,12,687.6,move,improve
1902,17,2222.9999999999995,12,687.6,move,improve
1903,17,2222.9999999999995,12,687.6,2opt,notBad
1904,17,2222.9999999999995,12,687.6,swap,notBad
1905,17,2222.9999999999995,12,687.6,move,improve
1906,17,2222.9999999999995,12,687.6,2opt,notBad
1907,17,2494.6,12,687.6,swap,acceptBad
1908,17,2349.3999999999983,12,687.6,move,improve
1909,17,2349.3999999999983,12,687.6,2opt,notBad
1910,17,2349.3999999999983,12,687.6,2opt,improve
1911,17,2567.9999999999995,12,687.6,swap,acceptBad
1912,17,2567.9999999999995,12,687.6,move,improve
1913,17,2567.9999999999995,12,687.6,2opt,notBad
1914,17,2567.9999999999995,12,687.6,move,improve
1915,17,2504.3999999999996,12,687.6,2opt,improve
1916,17,2492.8,12,687.6,swap,improve
1917,17,2492.8,12,687.6,2opt,notBad
1918,17,2551.2,12,687.6,swap,acceptBad
1919,17,2551.2,12,687.6,2opt,notBad
1920,17,2560.0,12,687.6,swap,acceptBad
1921,17,2413.6000000000004,12,687.6,move,improve
1922,17,2252.0,12,687.6,swap,improve
1923,17,2254.3999999999996,12,687.6,swap,acceptBad
1924,17,2254.3999999999996,12,687.6,2opt,improve
1925,17,2254.3999999999996,12,687.6,swap,notBad
1926,17,2297.7999999999997,12,687.6,swap,acceptBad
1927,17,2165.0,12,687.6,swap,improve
1928,17,2165.0,12,687.6,swap,notBad
1929,17,2117.0,12,687.6,move,improve
1930,17,2117.0,12,687.6,2opt,notBad
1931,17,2117.0,12,687.6,2opt,notBad
1932,17,1789.6,12,687.6,move,improve
1933,17,1789.6000000000004,12,687.6,2opt,acceptBad
1934,17,1800.3999999999996,12,687.6,swap,acceptBad
1935,17,1899.3999999999999,12,687.6,2opt,acceptBad
1936,17,1899.3999999999999,12,687.6,swap,notBad
1937,17,2143.1999999999994,12,687.6,swap,acceptBad
1938,17,2143.1999999999994,12,687.6,move,improve
1939,17,2143.1999999999994,12,687.6,move,improve
1940,17,2143.1999999999994,12,687.6,move,improve
1941,17,2166.5999999999995,12,687.6,swap,acceptBad
1942,17,2166.5999999999995,12,687.6,2opt,notBad
1943,17,2166.5999999999995,12,687.6,2opt,notBad
1944,17,1984.5999999999997,12,687.6,move,improve
1945,17,2223.2,12,687.6,swap,acceptBad
1946,17,2223.2,12,687.6,2opt,notBad
1947,17,2130.5999999999995,12,687.6,swap,improve
1948,17,2130.5999999999995,12,687.6,2opt,improve
1949,17,2115.799999999999,12,687.6,move,improve
1950,17,2115.799999999999,12,687.6,swap,notBad
1951,17,1799.1999999999994,12,687.6,2opt,improve
1952,17,1799.1999999999994,12,687.6,move,improve
1953,17,1887.4,12,687.6,swap,acceptBad
1954,17,1866.5999999999995,12,687.6,swap,improve
1955,17,1866.5999999999995,12,687.6,move,improve
1956,17,1866.5999999999995,12,687.6,move,improve
1957,17,1866.5999999999995,12,687.6,2opt,notBad
1958,17,1866.5999999999995,12,687.6,swap,notBad
1959,17,1866.5999999999995,12,687.6,move,improve
1960,17,1866.5999999999995,12,687.6,2opt,notBad
1961,17,1866.5999999999995,12,687.6,2opt,notBad
1962,17,1866.5999999999995,12,687.6,2opt,notBad
1963,17,1866.5999999999995,12,687.6,2opt,notBad
1964,17,1997.8000000000004,12,687.6,2opt,acceptBad
1965,17,1997.8000000000004,12,687.6,swap,notBad
1966,17,1997.7999999999995,12,687.6,2opt,improve
1967,17,2271.9999999999995,12,687.6,swap,acceptBad
1968,16,2079.9000000000005,12,687.6,move,improve
1969,16,2079.9000000000005,12,687.6,move,improve
1970,16,2145.8,12,687.6,swap,acceptBad
1971,16,2721.900000000001,12,687.6,move,acceptBad
1972,16,2705.8,12,687.6,swap,improve
1973,16,2669.6,12,687.6,swap,improve
1974,16,2583.4,12,687.6,move,improve
1975,16,2524.3999999999996,12,687.6,swap,improve
1976,16,2515.7,12,687.6,move,improve
1977,16,2324.0,12,687.6,move,improve
1978,16,2324.0,12,687.6,move,improve
1979,16,2352.1000000000004,12,687.6,swap,acceptBad
1980,16,2352.1000000000004,12,687.6,swap,notBad
1981,16,2352.1000000000004,12,687.6,move,improve
1982,16,2242.2000000000007,12,687.6,move,improve
1983,16,2239.4000000000005,12,687.6,swap,improve
1984,16,2215.8999999999996,12,687.6,move,improve
1985,16,2215.8999999999996,12,687.6,2opt,improve
1986,16,2215.8999999999996,12,687.6,move,improve
1987,16,2215.8999999999996,12,687.6,swap,notBad
1988,16,2215.8999999999996,12,687.6,move,improve
1989,16,2215.8999999999996,12,687.6,2opt,notBad
1990,16,2215.8999999999996,12,687.6,move,improve
1991,16,2287.799999999999,12,687.6,swap,acceptBad
1992,16,2374.2,12,687.6,swap,acceptBad
1993,16,2374.2,12,687.6,2opt,notBad
1994,16,2379.6999999999994,12,687.6,swap,acceptBad
1995,16,2379.6999999999994,12,687.6,2opt,notBad
1996,16,2379.6999999999994,12,687.6,swap,notBad
1997,16,2379.6999999999994,12,687.6,2opt,notBad
1998,16,2680.699999999999,12,687.6,swap,acceptBad
1999,16,2680.699999999999,12,687.6,2opt,notBad
2000,16,2680.699999999999,12,687.6,2opt,notBad
2001,16,2902.5000000000005,12,687.6,swap,acceptBad
2002,16,2930.800000000001,12,687.6,2opt,acceptBad
2003,16,2930.800000000001,12,687.6,2opt,notBad
2004,16,2913.7000000000007,12,687.6,swap,improve
2005,16,2913.7000000000007,12,687.6,move,improve
2006,16,2913.7000000000007,12,687.6,2opt,improve
2007,16,2906.4000000000015,12,687.6,swap,improve
2008,16,2906.4000000000015,12,687.6,move,improve
2009,16,2985.9000000000024,12,687.6,swap,acceptBad
2010,16,2985.9000000000024,12,687.6,move,improve
2011,16,2843.7000000000007,12,687.6,move,improve
2012,16,2654.3000000000006,12,687.6,swap,improve
2013,16,2654.3000000000006,12,687.6,2opt,notBad
2014,16,2878.3000000000006,12,687.6,swap,acceptBad
2015,16,2896.9000000000005,12,687.6,swap,acceptBad
2016,16,3230.200000000002,12,687.6,swap,acceptBad
2017,16,3293.5000000000014,12,687.6,2opt,acceptBad
2018,16,2766.900000000001,12,687.6,move,improve
2019,16,2807.500000000002,12,687.6,2opt,acceptBad
2020,16,2807.500000000002,12,687.6,swap,notBad
2021,16,2807.500000000002,12,687.6,swap,notBad
2022,16,2739.8000000000006,12,687.6,2opt,improve
2023,16,2670.5000000000005,12,687.6,move,improve
2024,16,2663.5,12,687.6,swap,improve
2025,16,2705.9000000000015,12,687.6,2opt,acceptBad
2026,16,2705.9000000000015,12,687.6,swap,notBad
2027,16,2454.2000000000003,12,687.6,2opt,improve
2028,16,2454.2000000000003,12,687.6,2opt,notBad
2029,16,2450.8999999999996,12,687.6,swap,improve
2030,16,2450.8999999999996,12,687.6,2opt,notBad
2031,16,2450.8999999999996,12,687.6,move,improve
2032,16,2243.3999999999987,12,687.6,move,improve
2033,16,2081.999999999999,12,687.6,swap,improve
2034,16,1912.2999999999995,12,687.6,move,improve
2035,16,1983.3999999999992,12,687.6,swap,acceptBad
2036,16,1983.3999999999992,12,687.6,2opt,notBad
2037,16,1979.5999999999995,12,687.6,swap,improve
2038,16,1979.5999999999995,12,687.6,move,improve
2039,16,1979.5999999999995,12,687.6,swap,notBad
2040,16,1846.4999999999986,12,687.6,swap,improve
2041,16,2068.4999999999986,12,687.6,swap,acceptBad
2042,16,1609.199999999998,12,687.6,move,improve
2043,16,1609.199999999998,12,687.6,swap,notBad
2044,16,1609.199999999998,12,687.6,2opt,notBad
2045,16,1609.199999999998,12,687.6,swap,notBad
2046,16,1609.199999999998,12,687.6,2opt,notBad
2047,16,1565.2999999999993,12,687.6,move,improve
2048,16,1722.3999999999992,12,687.6,swap,acceptBad
2049,16,1479.599999999999,12,687.6,swap,improve
2050,16,1402.3999999999987,12,687.6,2opt,improve
2051,16,1567.4999999999989,12,687.6,move,acceptBad
2052,16,1567.4999999999989,12,687.6,move,improve
2053,16,1483.3999999999999,12,687.6,move,improve
2054,16,1483.3999999999999,12,687.6,2opt,notBad
2055,16,1483.3999999999999,12,687.6,2opt,notBad
2056,16,1483.3999999999999,12,687.6,move,improve
2057,16,1582.7999999999997,12,687.6,swap,acceptBad
2058,16,1457.2999999999993,12,687.6,move,improve
2059,16,1457.2999999999993,12,687.6,swap,notBad
2060,16,1454.499999999999,12,687.6,swap,improve
2061,16,1454.499999999999,12,687.6,move,improve
2062,16,1454.499999999999,12,687.6,swap,notBad
2063,16,1433.1,12,687.6,move,improve
2064,16,1433.1,12,687.6,2opt,improve
2065,16,1433.1,12,687.6,move,improve
2066,16,1433.1,12,687.6,2opt,notBad
2067,16,1433.1,12,687.6,move,improve
2068,16,1437.2999999999993,12,687.6,swap,acceptBad
2069,16,1599.2000000000005,12,687.6,swap,acceptBad
2070,16,1498.1000000000001,12,687.6,move,improve
2071,16,1498.1000000000001,12,687.6,2opt,improve
2072,16,1498.1000000000001,12,687.6,2opt,notBad
2073,16,1498.1000000000001,12,687.6,2opt,notBad
2074,16,1498.1000000000001,12,687.6,swap,notBad
2075,16,1498.1000000000001,12,687.6,swap,notBad
2076,16,1498.1000000000001,12,687.6,move,improve
2077,16,1441.6999999999998,12,687.6,move,improve
2078,16,1441.6999999999998,12,687.6,move,improve
2079,16,1441.6999999999998,12,687.6,2opt,notBad
2080,16,1104.6999999999994,12,687.6,move,improve
2081,16,1274.9999999999998,12,687.6,swap,acceptBad
2082,16,1274.9999999999998,12,687.6,swap,notBad
2083,16,1445.9999999999998,12,687.6,swap,acceptBad
2084,16,1445.9999999999993,12,687.6,2opt,improve
2085,16,1422.5999999999995,12,687.6,2opt,improve
2086,16,1422.5999999999995,12,687.6,2opt,notBad
2087,16,1422.5999999999995,12,687.6,move,improve
2088,16,1422.5999999999995,12,687.6,2opt,improve
2089,16,1422.5999999999995,12,687.6,2opt,notBad
2090,16,1422.5999999999995,12,687.6,move,improve
2091,16,1422.5999999999995,12,687.6,move,improve
2092,16,1422.5999999999995,12,687.6,2opt,notBad
2093,16,1422.5999999999995,12,687.6,swap,notBad
2094,16,1440.0999999999995,12,687.6,swap,acceptBad
2095,16,1268.1999999999998,12,687.6,move,improve
2096,16,1268.1999999999998,12,687.6,2opt,notBad
2097,16,1256.099999999999,12,687.6,swap,improve
2098,16,1256.099999999999,12,687.6,move,improve
2099,16,1235.7999999999997,12,687.6,move,improve
2100,16,1235.7999999999997,12,687.6,2opt,notBad
2101,16,1222.1999999999998,12,687.6,swap,improve
2102,16,1222.1999999999998,12,687.6,2opt,notBad
2103,16,1380.9999999999995,12,687.6,swap,acceptBad
2104,16,1423.5999999999995,12,687.6,swap,acceptBad
2105,16,1423.5999999999995,12,687.6,swap,notBad
2106,16,1423.5999999999995,12,687.6,2opt,notBad
2107,16,1423.5999999999995,12,687.6,swap,notBad
2108,16,1590.7999999999993,12,687.6,swap,acceptBad
2109,16,1590.7999999999993,12,687.6,move,improve
2110,16,1590.7999999999993,12,687.6,2opt,notBad
2111,16,1590.7999999999993,12,687.6,2opt,notBad
2112,16,1590.7999999999993,12,687.6,2opt,improve
2113,16,1590.7999999999993,12,687.6,move,improve
2114,16,1439.3999999999985,12,687.6,2opt,improve
2115,16,1439.3999999999985,12,687.6,swap,notBad
2116,16,1485.699999999999,12,687.6,swap,acceptBad
2117,16,1485.699999999999,12,687.6,2opt,notBad
2118,16,1417.6999999999991,12,687.6,move,improve
2119,16,1417.6999999999991,12,687.6,2opt,notBad
2120,16,1441.6999999999991,12,687.6,swap,acceptBad
2121,16,1441.6999999999991,12,687.6,swap,notBad
2122,16,1441.6999999999991,12,687.6,2opt,notBad
2123,16,1441.6999999999991,12,687.6,move,improve
2124,16,1441.6999999999991,12,687.6,move,improve
2125,16,1461.999999999999,12,687.6,2opt,acceptBad
2126,16,1461.999999999999,12,687.6,swap,notBad
2127,16,1461.999999999999,12,687.6,2opt,notBad
2128,16,1428.8999999999987,12,687.6,swap,improve
2129,16,1428.8999999999987,12,687.6,2opt,notBad
2130,16,1407.8999999999994,12,687.6,move,improve
2131,16,1407.8999999999994,12,687.6,2opt,notBad
2132,16,1386.1000000000001,12,687.6,move,improve
2133,16,1559.0999999999997,12,687.6,swap,acceptBad
2134,16,1674.3999999999992,12,687.6,swap,acceptBad
2135,16,1651.8000000000002,12,687.6,2opt,improve
2136,16,1638.8000000000006,12,687.6,move,improve
2137,16,1625.8000000000006,12,687.6,2opt,improve
2138,16,1522.3000000000004,12,687.6,move,improve
2139,16,1522.3000000000004,12,687.6,2opt,notBad
2140,16,1522.3000000000004,12,687.6,2opt,notBad
2141,16,1571.6000000000001,12,687.6,swap,acceptBad
2142,16,1571.6000000000001,12,687.6,move,improve
2143,16,1571.6000000000001,12,687.6,2opt,notBad
2144,16,1571.6000000000001,12,687.6,move,improve
2145,16,1571.6000000000001,12,687.6,move,improve
2146,16,1551.6000000000001,12,687.6,move,improve
2147,16,1375.8999999999992,12,687.6,2opt,improve
2148,16,1366.2999999999993,12,687.6,swap,improve
2149,16,1412.299999999999,12,687.6,swap,acceptBad
2150,16,1412.299999999999,12,687.6,2opt,notBad
2151,16,1412.299999999999,12,687.6,move,improve
2152,16,1412.299999999999,12,687.6,move,improve
2153,16,1412.299999999999,12,687.6,2opt,notBad
2154,16,1412.299999999999,12,687.6,swap,notBad
2155,16,1412.299999999999,12,687.6,swap,notBad
2156,16,1594.1999999999996,12,687.6,swap,acceptBad
2157,16,1504.8000000000002,12,687.6,swap,improve
2158,16,1504.8000000000002,12,687.6,swap,notBad
2159,16,1504.8000000000002,12,687.6,2opt,notBad
2160,16,1504.8000000000002,12,687.6,2opt,notBad
2161,16,1504.8000000000002,12,687.6,move,improve
2162,16,1504.8000000000002,12,687.6,move,improve
2163,16,1433.4,12,687.6,move,improve
2164,16,1433.4,12,687.6,2opt,notBad
2165,16,1471.5000000000005,12,687.6,swap,acceptBad
2166,16,1456.1000000000001,12,687.6,2opt,improve
2167,16,1440.6999999999998,12,687.6,move,improve
2168,16,1429.4999999999995,12,687.6,move,improve
2169,16,1298.2000000000007,12,687.6,move,improve
2170,16,1298.2000000000007,12,687.6,move,improve
2171,16,1298.2000000000007,12,687.6,move,improve
2172,16,1298.2000000000007,12,687.6,2opt,notBad
2173,16,1298.2000000000007,12,687.6,2opt,notBad
2174,16,1298.2000000000007,12,687.6,2opt,notBad
2175,16,1298.2000000000007,12,687.6,move,improve
2176,16,1304.8000000000009,12,687.6,move,acceptBad
2177,16,1303.6000000000001,12,687.6,move,improve
2178,16,1303.6000000000001,12,687.6,2opt,notBad
2179,16,1303.6000000000001,12,687.6,2opt,notBad
2180,16,1303.6000000000001,12,687.6,move,improve
2181,16,1303.6000000000001,12,687.6,move,improve
2182,16,1303.6000000000001,12,687.6,swap,notBad
2183,16,1303.6000000000001,12,687.6,swap,notBad
2184,16,1307.7000000000005,12,687.6,swap,acceptBad
2185,16,1307.7000000000005,12,687.6,2opt,notBad
2186,16,1298.0,12,687.6,2opt,improve
2187,16,1199.0,12,687.6,swap,improve
2188,16,1199.0,12,687.6,move,improve
2189,16,1199.0,12,687.6,swap,notBad
2190,16,1199.0,12,687.6,2opt,notBad
2191,16,1199.0,12,687.6,2opt,improve
2192,16,1199.0,12,687.6,2opt,notBad
2193,16,1029.4999999999998,12,687.6,move,improve
2194,16,1029.4999999999998,12,687.6,move,improve
2195,16,1029.4999999999998,12,687.6,2opt,notBad
2196,16,1110.1999999999998,12,687.6,2opt,acceptBad
2197,16,1110.1999999999998,12,687.6,move,improve
2198,16,1110.1999999999998,12,687.6,2opt,notBad
2199,16,1173.5999999999995,12,687.6,2opt,acceptBad
2200,16,1173.5999999999995,12,687.6,move,improve
2201,16,1173.5999999999995,12,687.6,move,improve
2202,16,1133.8999999999999,12,687.6,2opt,improve
2203,16,1133.8999999999999,12,687.6,swap,notBad
2204,16,1133.8999999999999,12,687.6,move,improve
2205,16,1133.8999999999999,12,687.6,2opt,improve
2206,16,1133.8999999999999,12,687.6,2opt,notBad
2207,16,1133.8999999999999,12,687.6,2opt,notBad
2208,16,1141.8,12,687.6,swap,acceptBad
2209,16,1141.8,12,687.6,swap,notBad
2210,16,1276.5000000000002,12,687.6,swap,acceptBad
2211,16,1276.5000000000002,12,687.6,2opt,notBad
2212,16,1443.0000000000002,12,687.6,swap,acceptBad
2213,16,1443.0000000000002,12,687.6,move,improve
2214,16,1443.0000000000002,12,687.6,2opt,notBad
2215,16,1443.0000000000002,12,687.6,swap,notBad
2216,16,1443.0000000000002,12,687.6,move,improve
2217,16,1443.0000000000002,12,687.6,move,improve
2218,16,1443.0000000000002,12,687.6,2opt,notBad
2219,16,1436.3000000000009,12,687.6,move,improve
2220,16,1436.3000000000009,12,687.6,move,improve
2221,16,1436.3000000000009,12,687.6,2opt,notBad
2222,16,1430.3000000000013,12,687.6,swap,improve
2223,16,1638.4000000000017,12,687.6,swap,acceptBad
2224,16,1638.4000000000017,12,687.6,2opt,notBad
2225,16,1638.4000000000017,12,687.6,2opt,notBad
2226,16,1638.4000000000017,12,687.6,2opt,notBad
2227,16,1638.4000000000017,12,687.6,2opt,notBad
2228,16,1369.5000000000007,12,687.6,2opt,improve
2229,16,1369.5000000000007,12,687.6,move,improve
2230,16,1369.5000000000007,12,687.6,2opt,notBad
2231,16,1369.5000000000016,12,687.6,2opt,acceptBad
2232,16,1369.5000000000016,12,687.6,swap,notBad
2233,16,1300.9000000000015,12,687.6,2opt,improve
2234,16,1300.9000000000015,12,687.6,swap,notBad
2235,16,1300.9000000000005,12,687.6,2opt,improve
2236,16,1062.000000000001,12,687.6,move,improve
2237,16,1062.000000000001,12,687.6,2opt,notBad
2238,16,1062.000000000001,12,687.6,2opt,notBad
2239,16,1003.8000000000006,12,687.6,move,improve
2240,16,1003.8000000000006,12,687.6,2opt,notBad
2241,16,1003.8000000000006,12,687.6,2opt,notBad
2242,16,1003.8000000000006,12,687.6,move,improve
2243,16,1003.8000000000006,12,687.6,move,improve
2244,16,1003.8000000000006,12,687.6,2opt,notBad
2245,16,1003.8000000000006,12,687.6,move,improve
2246,16,1003.8000000000006,12,687.6,swap,notBad
2247,16,1003.8000000000006,12,687.6,swap,notBad
2248,16,888.8000000000006,12,687.6,swap,improve
2249,16,888.8000000000006,12,687.6,2opt,improve
2250,16,888.8000000000006,12,687.6,move,improve
2251,16,888.8000000000006,12,687.6,move,improve
2252,16,888.8000000000006,12,687.6,swap,notBad
2253,16,888.8000000000006,12,687.6,swap,notBad
2254,16,888.8000000000006,12,687.6,2opt,notBad
2255,16,990.700000000001,12,687.6,swap,acceptBad
2256,16,990.700000000001,12,687.6,swap,notBad
2257,16,1041.9000000000008,12,687.6,swap,acceptBad
2258,16,1041.9000000000008,12,687.6,swap,notBad
2259,16,1041.9000000000008,12,687.6,2opt,notBad
2260,16,1012.400000000001,12,687.6,move,improve
2261,16,1012.400000000001,12,687.6,swap,notBad
2262,16,1012.400000000001,12,687.6,move,improve
2263,16,1012.400000000001,12,687.6,move,improve
2264,16,831.5000000000007,12,687.6,move,improve
2265,16,881.1000000000004,12,687.6,swap,acceptBad
2266,16,881.1000000000004,12,687.6,2opt,notBad
2267,16,881.1000000000004,12,687.6,move,improve
2268,16,881.1000000000004,12,687.6,move,improve
2269,16,881.1000000000004,12,687.6,swap,notBad
2270,16,914.9000000000003,12,687.6,swap,acceptBad
2271,16,989.9000000000008,12,687.6,2opt,acceptBad
2272,16,989.9000000000008,12,687.6,2opt,notBad
2273,16,989.9000000000008,12,687.6,move,improve
2274,16,989.9000000000008,12,687.6,2opt,notBad
2275,16,989.9000000000008,12,687.6,swap,notBad
2276,16,989.9000000000008,12,687.6,2opt,notBad
2277,16,989.9000000000008,12,687.6,2opt,notBad
2278,16,989.9000000000008,12,687.6,2opt,improve
2279,16,989.9000000000008,12,687.6,2opt,notBad
2280,16,989.9000000000008,12,687.6,2opt,notBad
2281,16,1202.6000000000004,12,687.6,swap,acceptBad
2282,16,1202.6000000000004,12,687.6,2opt,improve
2283,16,1202.6000000000004,12,687.6,2opt,notBad
2284,16,1051.0000000000007,12,687.6,move,improve
2285,16,1051.0000000000007,12,687.6,2opt,notBad
2286,16,1051.0000000000007,12,687.6,move,improve
2287,16,877.5000000000007,12,687.6,move,improve
2288,16,877.5000000000007,12,687.6,swap,notBad
2289,16,877.5000000000007,12,687.6,move,improve
2290,16,877.5000000000007,12,687.6,move,improve
2291,16,877.5000000000007,12,687.6,move,improve
2292,16,877.5000000000007,12,687.6,move,improve
2293,16,877.5000000000007,12,687.6,2opt,notBad
2294,16,877.5000000000007,12,687.6,move,improve
2295,16,877.5000000000007,12,687.6,2opt,notBad
2296,16,877.5000000000007,12,687.6,swap,notBad
2297,16,877.5000000000007,12,687.6,2opt,notBad
2298,16,914.2000000000007,12,687.6,swap,acceptBad
2299,16,914.2000000000007,12,687.6,2opt,notBad
2300,16,914.2000000000007,12,687.6,2opt,notBad
2301,16,914.2000000000007,12,687.6,2opt,notBad
2302,16,869.6000000000006,12,687.6,swap,improve
2303,16,869.6000000000006,12,687.6,2opt,notBad
2304,16,869.6000000000006,12,687.6,2opt,notBad
2305,16,869.6000000000006,12,687.6,move,improve
2306,16,869.6000000000006,12,687.6,move,improve
2307,16,869.6000000000006,12,687.6,2opt,notBad
2308,16,869.6000000000006,12,687.6,swap,notBad
2309,16,869.6000000000006,12,687.6,2opt,notBad
2310,16,926.5000000000002,12,687.6,swap,acceptBad
2311,16,926.5000000000002,12,687.6,move,improve
2312,16,973.3999999999999,12,687.6,2opt,acceptBad
2313,16,973.3999999999999,12,687.6,2opt,notBad
2314,16,975.6999999999996,12,687.6,swap,acceptBad
2315,16,975.6999999999996,12,687.6,2opt,notBad
2316,16,975.6999999999996,12,687.6,move,improve
2317,16,975.6999999999996,12,687.6,swap,notBad
2318,16,975.6999999999996,12,687.6,2opt,notBad
2319,16,975.6999999999996,12,687.6,move,improve
2320,16,942.8999999999999,12,687.6,move,improve
2321,16,942.8999999999999,12,687.6,2opt,improve
2322,16,942.8999999999999,12,687.6,2opt,notBad
2323,16,767.6999999999998,12,687.6,move,improve
2324,16,767.6999999999998,12,687.6,2opt,notBad
2325,16,767.6999999999998,12,687.6,2opt,notBad
2326,16,767.6999999999998,12,687.6,swap,notBad
2327,16,767.6999999999998,12,687.6,swap,notBad
2328,16,767.6999999999998,12,687.6,swap,notBad
2329,16,978.6999999999999,12,687.6,swap,acceptBad
2330,16,911.2000000000002,12,687.6,swap,improve
2331,16,911.2000000000002,12,687.6,move,improve
2332,15,999.9999999999997,12,687.6,2opt,acceptBad
2333,15,999.9999999999997,12,687.6,move,improve
2334,15,999.9999999999997,12,687.6,2opt,notBad
2335,15,999.9999999999997,12,687.6,2opt,notBad
2336,15,999.9999999999997,12,687.6,move,improve
2337,15,1000.4,12,687.6,move,acceptBad
2338,15,1000.4,12,687.6,2opt,improve
2339,15,1098.3999999999996,12,687.6,swap,acceptBad
2340,15,1098.3999999999996,12,687.6,2opt,notBad
2341,15,1098.3999999999996,12,687.6,2opt,notBad
2342,15,1064.9999999999998,12,687.6,move,improve
2343,15,1064.9999999999998,12,687.6,swap,notBad
2344,15,968.2,12,687.6,swap,improve
2345,15,968.2,12,687.6,move,improve
2346,15,968.2,12,687.6,move,improve
2347,15,968.2,12,687.6,move,improve
2348,15,969.0,12,687.6,move,acceptBad
2349,15,968.2,12,687.6,move,improve
2350,15,872.5999999999998,12,687.6,swap,improve
2351,15,826.3999999999997,12,687.6,move,improve
2352,15,826.3999999999997,12,687.6,2opt,notBad
2353,15,826.3999999999997,12,687.6,2opt,notBad
2354,15,826.3999999999997,12,687.6,swap,notBad
2355,15,826.3999999999997,12,687.6,move,improve
2356,15,826.3999999999997,12,687.6,2opt,notBad
2357,15,826.3999999999997,12,687.6,move,improve
2358,15,826.3999999999997,12,687.6,swap,notBad
2359,15,826.3999999999997,12,687.6,2opt,notBad
2360,15,813.8000000000002,12,687.6,move,improve
2361,15,813.8000000000002,12,687.6,2opt,notBad
2362,15,813.8000000000002,12,687.6,2opt,notBad
2363,15,813.8000000000002,12,687.6,2opt,notBad
2364,15,813.8000000000002,12,687.6,swap,notBad
2365,15,813.8000000000002,12,687.6,2opt,improve
2366,15,590.2000000000005,15,590.2000000000005,move,newBest
2367,15,590.2000000000005,15,590.2000000000005,move,improve
2368,15,590.2000000000005,15,590.2000000000005,swap,notBad
2369,15,590.2000000000005,15,590.2000000000005,2opt,notBad
2370,15,590.2000000000005,15,590.2000000000005,move,improve
2371,15,590.2000000000005,15,590.2000000000005,move,improve
2372,15,590.2000000000005,15,590.2000000000005,swap,notBad
2373,15,590.2000000000005,15,590.2000000000005,2opt,notBad
2374,15,590.2000000000005,15,590.2000000000005,2opt,notBad
2375,15,590.2000000000005,15,590.2000000000005,move,improve
2376,15,590.2000000000005,15,590.2000000000005,2opt,notBad
2377,15,590.2000000000005,15,590.2000000000005,2opt,notBad
2378,15,590.2000000000005,15,590.2000000000005,move,improve
2379,15,590.2000000000005,15,590.2000000000005,swap,notBad
2380,15,650.4000000000005,15,590.2000000000005,2opt,acceptBad
2381,15,847.2000000000003,15,590.2000000000005,swap,acceptBad
2382,15,847.2000000000003,15,590.2000000000005,2opt,notBad
2383,15,847.2000000000003,15,590.2000000000005,swap,notBad
2384,15,847.2000000000003,15,590.2000000000005,swap,notBad
2385,15,847.2000000000003,15,590.2000000000005,move,improve
2386,15,915.6000000000004,15,590.2000000000005,swap,acceptBad
2387,15,1078.0000000000005,15,590.2000000000005,swap,acceptBad
2388,15,1078.0000000000005,15,590.2000000000005,2opt,notBad
2389,15,1078.0000000000005,15,590.2000000000005,2opt,notBad
2390,15,1078.0000000000005,15,590.2000000000005,2opt,notBad
2391,15,1078.0000000000005,15,590.2000000000005,2opt,notBad
2392,15,1177.4000000000008,15,590.2000000000005,swap,acceptBad
2393,15,1170.6000000000001,15,590.2000000000005,move,improve
2394,15,1173.0000000000005,15,590.2000000000005,swap,acceptBad
2395,15,1173.0000000000005,15,590.2000000000005,move,improve
2396,15,1243.0000000000002,15,590.2000000000005,swap,acceptBad
2397,15,1243.0000000000002,15,590.2000000000005,2opt,notBad
2398,15,1243.0000000000002,15,590.2000000000005,swap,notBad
2399,15,1243.0000000000002,15,590.2000000000005,2opt,notBad
2400,15,1243.0000000000002,15,590.2000000000005,swap,notBad
2401,15,1243.0000000000002,15,590.2000000000005,move,improve
2402,15,1243.0000000000002,15,590.2000000000005,swap,notBad
2403,15,1243.0000000000002,15,590.2000000000005,swap,notBad
2404,15,1243.0000000000002,15,590.2000000000005,2opt,notBad
2405,15,1243.0000000000002,15,590.2000000000005,swap,notBad
2406,15,1243.0000000000007,15,590.2000000000005,2opt,acceptBad
2407,15,1243.0000000000007,15,590.2000000000005,swap,notBad
2408,15,1243.0000000000007,15,590.2000000000005,swap,notBad
2409,15,1243.0000000000007,15,590.2000000000005,move,improve
2410,15,1243.0000000000007,15,590.2000000000005,move,improve
2411,15,1243.0000000000007,15,590.2000000000005,2opt,notBad
2412,15,1243.0000000000007,15,590.2000000000005,2opt,notBad
2413,15,1243.0000000000007,15,590.2000000000005,2opt,notBad
2414,15,1243.0000000000007,15,590.2000000000005,2opt,notBad
2415,15,1119.3999999999999,15,590.2000000000005,move,improve
2416,15,1119.3999999999999,15,590.2000000000005,2opt,notBad
2417,15,1120.5999999999997,15,590.2000000000005,2opt,acceptBad
2418,15,1120.5999999999997,15,590.2000000000005,2opt,notBad
2419,15,920.4000000000002,15,590.2000000000005,move,improve
2420,15,920.4000000000002,15,590.2000000000005,2opt,notBad
2421,15,857.2000000000002,15,590.2000000000005,move,improve
2422,15,857.2000000000002,15,590.2000000000005,2opt,notBad
2423,15,857.2000000000002,15,590.2000000000005,2opt,notBad
2424,15,857.2000000000002,15,590.2000000000005,2opt,notBad
2425,15,857.2000000000002,15,590.2000000000005,swap,notBad
2426,15,857.2000000000003,15,590.2000000000005,2opt,acceptBad
2427,15,857.2000000000003,15,590.2000000000005,swap,notBad
2428,15,857.2000000000003,15,590.2000000000005,move,improve
2429,15,857.2000000000003,15,590.2000000000005,2opt,improve
2430,15,914.7999999999998,15,590.2000000000005,swap,acceptBad
2431,15,914.7999999999998,15,590.2000000000005,2opt,notBad
2432,15,801.1999999999999,15,590.2000000000005,move,improve
2433,15,801.1999999999999,15,590.2000000000005,swap,notBad
2434,15,801.2000000000003,15,590.2000000000005,2opt,acceptBad
2435,15,801.2000000000003,15,590.2000000000005,swap,notBad
2436,15,801.2000000000003,15,590.2000000000005,move,improve
2437,15,801.2000000000003,15,590.2000000000005,move,improve
2438,15,801.2000000000003,15,590.2000000000005,move,improve
2439,15,800.4000000000001,15,590.2000000000005,swap,improve
2440,15,787.7999999999997,15,590.2000000000005,move,improve
2441,15,787.7999999999997,15,590.2000000000005,2opt,notBad
2442,15,787.7999999999997,15,590.2000000000005,swap,notBad
2443,15,787.7999999999997,15,590.2000000000005,2opt,notBad
2444,15,734.4000000000001,15,590.2000000000005,move,improve
2445,15,789.4000000000003,15,590.2000000000005,2opt,acceptBad
2446,15,871.4000000000003,15,590.2000000000005,swap,acceptBad
2447,15,871.4000000000003,15,590.2000000000005,2opt,notBad
2448,15,871.4000000000003,15,590.2000000000005,swap,notBad
2449,15,871.4000000000003,15,590.2000000000005,swap,notBad
2450,15,833.4000000000005,15,590.2000000000005,2opt,improve
2451,15,833.4000000000007,15,590.2000000000005,2opt,acceptBad
2452,15,764.6000000000003,15,590.2000000000005,move,improve
2453,15,764.6000000000003,15,590.2000000000005,move,improve
2454,15,764.6000000000003,15,590.2000000000005,2opt,improve
2455,15,696.3999999999999,15,590.2000000000005,2opt,improve
2456,15,696.3999999999999,15,590.2000000000005,move,improve
2457,15,696.3999999999999,15,590.2000000000005,swap,notBad
2458,15,696.3999999999999,15,590.2000000000005,2opt,notBad
2459,15,696.3999999999999,15,590.2000000000005,move,improve
2460,15,696.3999999999999,15,590.2000000000005,move,improve
2461,15,695.7999999999997,15,590.2000000000005,swap,improve
2462,15,807.4000000000001,15,590.2000000000005,swap,acceptBad
2463,15,807.4000000000001,15,590.2000000000005,move,improve
2464,15,807.4000000000001,15,590.2000000000005,2opt,notBad
2465,15,807.4000000000001,15,590.2000000000005,2opt,notBad
2466,15,807.4000000000001,15,590.2000000000005,swap,notBad
2467,15,945.2000000000003,15,590.2000000000005,swap,acceptBad
2468,15,850.4000000000003,15,590.2000000000005,move,improve
2469,15,850.4000000000003,15,590.2000000000005,move,improve
2470,15,850.4000000000003,15,590.2000000000005,2opt,notBad
2471,15,850.4000000000003,15,590.2000000000005,2opt,notBad
2472,15,850.4000000000003,15,590.2000000000005,move,improve
2473,15,850.4000000000003,15,590.2000000000005,move,improve
2474,15,850.4000000000003,15,590.2000000000005,swap,notBad
2475,15,850.4000000000003,15,590.2000000000005,2opt,notBad
2476,15,850.4000000000003,15,590.2000000000005,move,improve
2477,15,813.8000000000004,15,590.2000000000005,move,improve
2478,15,813.8000000000004,15,590.2000000000005,swap,improve
2479,15,813.8000000000004,15,590.2000000000005,swap,notBad
2480,15,813.8000000000004,15,590.2000000000005,move,improve
2481,15,813.8000000000004,15,590.2000000000005,swap,notBad
2482,15,848.0000000000002,15,590.2000000000005,2opt,acceptBad
2483,15,830.6000000000001,15,590.2000000000005,swap,improve
2484,15,830.6000000000001,15,590.2000000000005,2opt,notBad
2485,15,830.6000000000001,15,590.2000000000005,move,improve
2486,15,830.6000000000001,15,590.2000000000005,move,improve
2487,15,830.6000000000001,15,590.2000000000005,swap,notBad
2488,15,794.5999999999999,15,590.2000000000005,move,improve
2489,15,854.6000000000004,15,590.2000000000005,swap,acceptBad
2490,15,854.6000000000004,15,590.2000000000005,2opt,notBad
2491,15,854.6000000000004,15,590.2000000000005,move,improve
2492,15,854.6000000000004,15,590.2000000000005,swap,notBad
2493,15,854.6000000000004,15,590.2000000000005,2opt,notBad
2494,15,854.6000000000004,15,590.2000000000005,move,improve
2495,15,854.6000000000004,15,590.2000000000005,move,improve
2496,15,854.6000000000004,15,590.2000000000005,2opt,notBad
2497,15,888.8000000000006,15,590.2000000000005,swap,acceptBad
2498,15,888.8000000000006,15,590.2000000000005,2opt,notBad
2499,15,884.6000000000008,15,590.2000000000005,swap,improve
2500,15,884.6000000000008,15,590.2000000000005,move,improve
2501,15,884.6000000000008,15,590.2000000000005,2opt,notBad
2502,15,884.6000000000008,15,590.2000000000005,2opt,notBad
2503,15,884.6000000000008,15,590.2000000000005,move,improve
2504,15,884.6000000000008,15,590.2000000000005,2opt,improve
2505,15,884.6000000000008,15,590.2000000000005,move,improve
2506,15,884.6000000000008,15,590.2000000000005,move,improve
2507,15,871.0000000000011,15,590.2000000000005,move,improve
2508,15,871.0000000000011,15,590.2000000000005,2opt,improve
2509,15,871.0000000000011,15,590.2000000000005,2opt,notBad
2510,15,871.0000000000011,15,590.2000000000005,2opt,notBad
2511,15,871.0000000000011,15,590.2000000000005,2opt,notBad
2512,15,871.0000000000011,15,590.2000000000005,2opt,notBad
2513,15,871.0000000000011,15,590.2000000000005,swap,notBad
2514,15,871.0000000000011,15,590.2000000000005,move,improve
2515,15,871.0000000000011,15,590.2000000000005,swap,notBad
2516,15,912.4000000000009,15,590.2000000000005,2opt,acceptBad
2517,15,912.4000000000009,15,590.2000000000005,move,improve
2518,15,824.8000000000006,15,590.2000000000005,2opt,improve
2519,15,824.8000000000006,15,590.2000000000005,2opt,notBad
2520,15,824.8000000000006,15,590.2000000000005,swap,notBad
2521,15,794.3999999999999,15,590.2000000000005,swap,improve
2522,15,794.3999999999999,15,590.2000000000005,2opt,notBad
2523,15,836.2000000000007,15,590.2000000000005,swap,acceptBad
2524,15,836.2000000000007,15,590.2000000000005,move,improve
2525,15,830.0000000000009,15,590.2000000000005,move,improve
2526,15,830.0000000000009,15,590.2000000000005,2opt,notBad
2527,15,830.0000000000009,15,590.2000000000005,2opt,notBad
2528,15,828.2000000000007,15,590.2000000000005,swap,improve
2529,15,855.2000000000007,15,590.2000000000005,swap,acceptBad
2530,15,855.2000000000007,15,590.2000000000005,swap,notBad
2531,15,831.8000000000009,15,590.2000000000005,move,improve
2532,15,831.8000000000009,15,590.2000000000005,2opt,notBad
2533,15,831.8000000000009,15,590.2000000000005,move,improve
2534,15,882.6000000000013,15,590.2000000000005,swap,acceptBad
2535,15,882.6000000000013,15,590.2000000000005,2opt,notBad
2536,15,773.4000000000009,15,590.2000000000005,2opt,improve
2537,15,773.4000000000009,15,590.2000000000005,swap,notBad
2538,15,773.4000000000009,15,590.2000000000005,2opt,notBad
2539,15,773.4000000000009,15,590.2000000000005,2opt,notBad
2540,15,773.4000000000009,15,590.2000000000005,2opt,notBad
2541,15,773.4000000000009,15,590.2000000000005,2opt,notBad
2542,15,773.4000000000009,15,590.2000000000005,swap,notBad
2543,15,773.4000000000009,15,590.2000000000005,move,improve
2544,15,773.4000000000009,15,590.2000000000005,swap,notBad
2545,15,773.4000000000009,15,590.2000000000005,move,improve
2546,15,773.4000000000009,15,590.2000000000005,swap,notBad
2547,15,773.4000000000009,15,590.2000000000005,2opt,notBad
2548,15,841.2000000000004,15,590.2000000000005,swap,acceptBad
2549,15,841.2000000000004,15,590.2000000000005,swap,notBad
2550,15,841.2000000000004,15,590.2000000000005,move,improve
2551,15,841.2000000000004,15,590.2000000000005,2opt,notBad
2552,15,841.2000000000004,15,590.2000000000005,2opt,notBad
2553,15,841.2000000000004,15,590.2000000000005,move,improve
2554,15,810.2000000000002,15,590.2000000000005,2opt,improve
2555,15,902.2,15,590.2000000000005,move,acceptBad
2556,15,902.2,15,590.2000000000005,2opt,notBad
2557,15,874.4000000000001,15,590.2000000000005,move,improve
2558,15,859.4000000000002,15,590.2000000000005,2opt,improve
2559,15,859.4000000000002,15,590.2000000000005,move,improve
2560,15,859.4000000000002,15,590.2000000000005,move,improve
2561,15,859.4000000000002,15,590.2000000000005,2opt,notBad
2562,15,859.4000000000002,15,590.2000000000005,swap,notBad
2563,15,859.4000000000002,15,590.2000000000005,2opt,notBad
2564,15,859.4000000000002,15,590.2000000000005,swap,notBad
2565,15,859.4000000000002,15,590.2000000000005,move,improve
2566,15,859.4000000000002,15,590.2000000000005,2opt,notBad
2567,15,872.2000000000002,15,590.2000000000005,swap,acceptBad
2568,15,872.2000000000002,15,590.2000000000005,2opt,notBad
2569,15,954.4000000000004,15,590.2000000000005,swap,acceptBad
2570,15,954.4000000000004,15,590.2000000000005,move,improve
2571,15,954.4000000000004,15,590.2000000000005,move,improve
2572,15,915.4000000000004,15,590.2000000000005,move,improve
2573,15,915.4000000000004,15,590.2000000000005,2opt,notBad
2574,15,915.4000000000004,15,590.2000000000005,swap,notBad
2575,15,915.4000000000004,15,590.2000000000005,move,improve
2576,15,915.4000000000004,15,590.2000000000005,swap,notBad
2577,15,849.4000000000008,15,590.2000000000005,2opt,improve
2578,15,849.4000000000008,15,590.2000000000005,swap,notBad
2579,15,849.4000000000008,15,590.2000000000005,2opt,notBad
2580,15,905.2000000000007,15,590.2000000000005,swap,acceptBad
2581,15,945.0000000000002,15,590.2000000000005,swap,acceptBad
2582,15,945.0000000000002,15,590.2000000000005,2opt,notBad
2583,15,945.0000000000002,15,590.2000000000005,move,improve
2584,15,945.0000000000002,15,590.2000000000005,2opt,notBad
2585,15,896.8,15,590.2000000000005,swap,improve
2586,15,896.8,15,590.2000000000005,2opt,notBad
2587,15,954.6000000000004,15,590.2000000000005,swap,acceptBad
2588,15,954.6000000000004,15,590.2000000000005,swap,notBad
2589,15,876.8000000000002,15,590.2000000000005,move,improve
2590,15,876.8000000000002,15,590.2000000000005,move,improve
2591,15,876.8000000000002,15,590.2000000000005,move,improve
2592,15,876.8000000000002,15,590.2000000000005,swap,notBad
2593,15,876.8000000000002,15,590.2000000000005,swap,notBad
2594,15,876.8000000000002,15,590.2000000000005,2opt,notBad
2595,15,948.5999999999997,15,590.2000000000005,swap,acceptBad
2596,15,948.5999999999997,15,590.2000000000005,move,improve
2597,15,948.5999999999997,15,590.2000000000005,move,improve
2598,15,948.5999999999997,15,590.2000000000005,move,improve
2599,15,948.5999999999997,15,590.2000000000005,swap,notBad
2600,15,948.6000000000001,15,590.2000000000005,2opt,acceptBad
2601,15,936.6000000000001,15,590.2000000000005,move,improve
2602,15,936.6000000000001,15,590.2000000000005,2opt,improve
2603,15,936.6000000000001,15,590.2000000000005,2opt,notBad
2604,15,936.6000000000001,15,590.2000000000005,2opt,notBad
2605,15,936.6000000000001,15,590.2000000000005,move,improve
2606,15,936.6000000000001,15,590.2000000000005,move,improve
2607,15,877.2000000000002,15,590.2000000000005,2opt,improve
2608,15,877.2000000000002,15,590.2000000000005,move,improve
2609,15,877.2000000000002,15,590.2000000000005,2opt,notBad
2610,15,877.2000000000002,15,590.2000000000005,swap,notBad
2611,15,877.2000000000002,15,590.2000000000005,move,improve
2612,15,877.2000000000002,15,590.2000000000005,move,improve
2613,15,877.2000000000002,15,590.2000000000005,move,improve
2614,15,877.2000000000002,15,590.2000000000005,2opt,notBad
2615,15,877.2000000000002,15,590.2000000000005,2opt,improve
2616,15,877.2000000000002,15,590.2000000000005,swap,notBad
2617,15,961.2000000000011,15,590.2000000000005,swap,acceptBad
2618,15,961.2000000000011,15,590.2000000000005,move,improve
2619,15,877.2000000000002,15,590.2000000000005,move,improve
2620,15,850.2000000000002,15,590.2000000000005,move,improve
2621,15,850.2000000000002,15,590.2000000000005,2opt,improve
2622,15,951.6000000000003,15,590.2000000000005,swap,acceptBad
2623,15,850.2000000000002,15,590.2000000000005,move,improve
2624,15,850.2000000000002,15,590.2000000000005,2opt,notBad
2625,15,850.2000000000002,15,590.2000000000005,2opt,notBad
2626,15,850.2000000000002,15,590.2000000000005,move,improve
2627,15,850.2000000000002,15,590.2000000000005,swap,notBad
2628,15,850.2000000000002,15,590.2000000000005,move,improve
2629,15,850.2000000000002,15,590.2000000000005,swap,improve
2630,15,850.2000000000002,15,590.2000000000005,2opt,notBad
2631,15,850.2000000000002,15,590.2000000000005,2opt,notBad
2632,15,833.1999999999999,15,590.2000000000005,swap,improve
2633,15,833.1999999999999,15,590.2000000000005,swap,notBad
2634,15,940.4000000000002,15,590.2000000000005,swap,acceptBad
2635,15,940.4000000000002,15,590.2000000000005,2opt,improve
2636,15,834.2000000000004,15,590.2000000000005,2opt,improve
2637,15,834.2000000000004,15,590.2000000000005,move,improve
2638,15,834.2000000000004,15,590.2000000000005,swap,notBad
2639,15,834.2000000000004,15,590.2000000000005,2opt,notBad
2640,15,834.2000000000004,15,590.2000000000005,2opt,notBad
2641,15,760.8000000000003,15,590.2000000000005,swap,improve
2642,15,747.2000000000004,15,590.2000000000005,move,improve
2643,15,747.2000000000004,15,590.2000000000005,2opt,notBad
2644,15,747.2000000000004,15,590.2000000000005,move,improve
2645,15,747.2000000000004,15,590.2000000000005,2opt,notBad
2646,15,747.2000000000004,15,590.2000000000005,swap,notBad
2647,15,747.2000000000004,15,590.2000000000005,move,improve
2648,15,676.1999999999997,15,590.2000000000005,move,improve
2649,15,676.1999999999997,15,590.2000000000005,move,improve
2650,15,676.1999999999997,15,590.2000000000005,2opt,notBad
2651,15,676.1999999999997,15,590.2000000000005,2opt,improve
2652,15,676.1999999999997,15,590.2000000000005,swap,notBad
2653,15,676.1999999999997,15,590.2000000000005,2opt,notBad
2654,15,676.1999999999997,15,590.2000000000005,move,improve
2655,15,676.1999999999997,15,590.2000000000005,move,improve
2656,15,676.1999999999997,15,590.2000000000005,move,improve
2657,15,676.1999999999997,15,590.2000000000005,swap,improve
2658,15,676.1999999999997,15,590.2000000000005,move,improve
2659,15,676.1999999999997,15,590.2000000000005,swap,notBad
2660,15,676.1999999999997,15,590.2000000000005,2opt,notBad
2661,15,676.1999999999997,15,590.2000000000005,swap,notBad
2662,15,676.1999999999997,15,590.2000000000005,move,improve
2663,15,676.1999999999997,15,590.2000000000005,move,improve
2664,15,676.1999999999997,15,590.2000000000005,2opt,improve
2665,15,676.1999999999997,15,590.2000000000005,move,improve
2666,15,676.1999999999997,15,590.2000000000005,2opt,notBad
2667,15,676.1999999999997,15,590.2000000000005,swap,notBad
2668,15,676.1999999999997,15,590.2000000000005,move,improve
2669,15,676.1999999999997,15,590.2000000000005,2opt,notBad
2670,15,676.1999999999997,15,590.2000000000005,2opt,notBad
2671,15,676.1999999999997,15,590.2000000000005,2opt,notBad
2672,15,676.1999999999997,15,590.2000000000005,swap,improve
2673,15,676.1999999999997,15,590.2000000000005,2opt,improve
2674,15,676.1999999999997,15,590.2000000000005,2opt,notBad
2675,15,676.1999999999997,15,590.2000000000005,move,improve
2676,15,676.1999999999999,15,590.2000000000005,2opt,acceptBad
2677,15,676.1999999999999,15,590.2000000000005,swap,notBad
2678,15,676.1999999999999,15,590.2000000000005,2opt,notBad
2679,15,676.1999999999999,15,590.2000000000005,swap,notBad
2680,15,676.1999999999999,15,590.2000000000005,move,improve
2681,15,676.1999999999999,15,590.2000000000005,move,improve
2682,15,676.1999999999999,15,590.2000000000005,move,improve
2683,15,676.1999999999999,15,590.2000000000005,2opt,notBad
2684,15,676.1999999999999,15,590.2000000000005,swap,notBad
2685,15,676.1999999999999,15,590.2000000000005,2opt,notBad
2686,15,676.1999999999999,15,590.2000000000005,2opt,notBad
2687,15,676.1999999999999,15,590.2000000000005,swap,notBad
2688,15,676.1999999999999,15,590.2000000000005,swap,notBad
2689,15,676.1999999999999,15,590.2000000000005,swap,notBad
2690,15,676.1999999999999,15,590.2000000000005,2opt,notBad
2691,15,676.1999999999999,15,590.2000000000005,2opt,notBad
2692,15,676.1999999999999,15,590.2000000000005,move,improve
2693,15,676.1999999999999,15,590.2000000000005,move,improve
2694,15,676.1999999999999,15,590.2000000000005,move,improve
2695,15,676.1999999999999,15,590.2000000000005,2opt,notBad
2696,15,676.1999999999999,15,590.2000000000005,2opt,notBad
2697,15,676.1999999999999,15,590.2000000000005,2opt,notBad
2698,15,676.1999999999999,15,590.2000000000005,move,improve
2699,15,676.1999999999999,15,590.2000000000005,swap,notBad
2700,15,676.1999999999999,15,590.2000000000005,swap,notBad
2701,15,676.1999999999999,15,590.2000000000005,swap,notBad
2702,15,676.1999999999999,15,590.2000000000005,swap,notBad
2703,15,676.1999999999999,15,590.2000000000005,move,improve
2704,15,676.1999999999999,15,590.2000000000005,2opt,notBad
2705,15,676.1999999999999,15,590.2000000000005,2opt,improve
2706,15,716.1999999999998,15,590.2000000000005,2opt,acceptBad
2707,15,716.1999999999998,15,590.2000000000005,move,improve
2708,15,716.1999999999998,15,590.2000000000005,2opt,notBad
2709,15,716.1999999999998,15,590.2000000000005,swap,notBad
2710,15,716.1999999999998,15,590.2000000000005,move,improve
2711,15,671.3999999999996,15,590.2000000000005,swap,improve
2712,15,671.3999999999996,15,590.2000000000005,2opt,notBad
2713,15,671.3999999999996,15,590.2000000000005,swap,notBad
2714,15,810.5999999999995,15,590.2000000000005,swap,acceptBad
2715,15,810.5999999999995,15,590.2000000000005,move,improve
2716,15,793.7999999999997,15,590.2000000000005,move,improve
2717,15,793.7999999999997,15,590.2000000000005,move,improve
2718,15,793.7999999999997,15,590.2000000000005,2opt,notBad
2719,15,793.7999999999997,15,590.2000000000005,2opt,improve
2720,15,793.7999999999997,15,590.2000000000005,2opt,notBad
2721,15,793.7999999999997,15,590.2000000000005,2opt,notBad
2722,15,793.7999999999997,15,590.2000000000005,move,improve
2723,15,793.7999999999997,15,590.2000000000005,2opt,notBad
2724,15,793.7999999999997,15,590.2000000000005,2opt,notBad
2725,15,793.7999999999997,15,590.2000000000005,move,improve
2726,15,810.5999999999995,15,590.2000000000005,swap,acceptBad
2727,15,810.5999999999995,15,590.2000000000005,move,improve
2728,15,810.5999999999995,15,590.2000000000005,move,improve
2729,15,810.5999999999995,15,590.2000000000005,2opt,notBad
2730,15,810.5999999999995,15,590.2000000000005,2opt,notBad
2731,15,810.5999999999995,15,590.2000000000005,2opt,notBad
2732,15,810.5999999999995,15,590.2000000000005,move,improve
2733,15,810.5999999999995,15,590.2000000000005,2opt,notBad
2734,15,810.5999999999995,15,590.2000000000005,swap,notBad
2735,15,810.5999999999995,15,590.2000000000005,swap,notBad
2736,15,810.5999999999995,15,590.2000000000005,move,improve
2737,15,810.5999999999995,15,590.2000000000005,swap,notBad
2738,15,810.5999999999995,15,590.2000000000005,move,improve
2739,15,810.5999999999995,15,590.2000000000005,2opt,notBad
2740,15,810.5999999999995,15,590.2000000000005,swap,notBad
2741,15,810.5999999999995,15,590.2000000000005,swap,notBad
2742,15,810.5999999999995,15,590.2000000000005,swap,notBad
2743,15,810.5999999999995,15,590.2000000000005,swap,notBad
2744,15,810.5999999999995,15,590.2000000000005,2opt,notBad
2745,15,810.5999999999995,15,590.2000000000005,2opt,improve
2746,15,810.5999999999995,15,590.2000000000005,move,improve
2747,15,750.1999999999996,15,590.2000000000005,move,improve
2748,15,750.1999999999996,15,590.2000000000005,move,improve
2749,15,750.1999999999996,15,590.2000000000005,swap,notBad
2750,15,750.1999999999996,15,590.2000000000005,move,improve
2751,15,750.1999999999996,15,590.2000000000005,2opt,notBad
2752,15,750.1999999999996,15,590.2000000000005,swap,notBad
2753,15,777.3999999999994,15,590.2000000000005,2opt,acceptBad
2754,15,777.3999999999994,15,590.2000000000005,move,improve
2755,15,778.5999999999997,15,590.2000000000005,2opt,acceptBad
2756,15,778.5999999999997,15,590.2000000000005,2opt,notBad
2757,15,778.5999999999997,15,590.2000000000005,swap,notBad
2758,15,778.5999999999997,15,590.2000000000005,swap,notBad
2759,15,778.5999999999997,15,590.2000000000005,move,improve
2760,15,625.3999999999996,15,590.2000000000005,move,improve
2761,15,597.1999999999995,15,590.2000000000005,swap,improve
2762,15,597.1999999999995,15,590.2000000000005,2opt,notBad
2763,15,597.1999999999995,15,590.2000000000005,move,improve
2764,15,597.1999999999995,15,590.2000000000005,swap,notBad
2765,15,597.1999999999995,15,590.2000000000005,swap,notBad
2766,15,597.1999999999995,15,590.2000000000005,swap,notBad
2767,15,595.1999999999998,15,590.2000000000005,2opt,improve
2768,15,489.79999999999956,15,489.79999999999956,swap,newBest
2769,15,489.79999999999956,15,489.79999999999956,2opt,notBad
2770,15,489.79999999999956,15,489.79999999999956,move,improve
2771,15,489.79999999999956,15,489.79999999999956,2opt,notBad
2772,15,489.79999999999956,15,489.79999999999956,swap,notBad
2773,15,489.79999999999956,15,489.79999999999956,swap,notBad
2774,15,489.79999999999956,15,489.79999999999956,2opt,notBad
2775,15,489.79999999999956,15,489.79999999999956,swap,notBad
2776,15,489.79999999999956,15,489.79999999999956,2opt,notBad
2777,15,530.1999999999996,15,489.79999999999956,swap,acceptBad
2778,15,530.1999999999996,15,489.79999999999956,2opt,notBad
2779,15,530.1999999999996,15,489.79999999999956,2opt,notBad
2780,15,530.1999999999996,15,489.79999999999956,move,improve
2781,15,530.1999999999996,15,489.79999999999956,move,improve
2782,15,530.1999999999996,15,489.79999999999956,swap,notBad
2783,15,530.1999999999996,15,489.79999999999956,2opt,notBad
2784,15,530.1999999999996,15,489.79999999999956,swap,notBad
2785,15,530.1999999999996,15,489.79999999999956,move,improve
2786,15,513.8,15,489.79999999999956,swap,improve
2787,15,513.8,15,489.79999999999956,2opt,improve
2788,15,513.8,15,489.79999999999956,swap,notBad
2789,15,411.40000000000003,15,411.40000000000003,move,newBest
2790,15,411.40000000000003,15,411.40000000000003,move,improve
2791,15,411.40000000000003,15,411.40000000000003,swap,notBad
2792,15,411.40000000000003,15,411.40000000000003,move,improve
2793,15,411.40000000000003,15,411.40000000000003,2opt,notBad
2794,15,411.40000000000003,15,411.40000000000003,swap,notBad
2795,15,411.40000000000003,15,411.40000000000003,move,improve
2796,15,411.40000000000003,15,411.40000000000003,move,improve
2797,15,411.40000000000003,15,411.40000000000003,swap,notBad
2798,15,411.40000000000003,15,411.40000000000003,swap,notBad
2799,15,411.40000000000003,15,411.40000000000003,swap,notBad
2800,15,411.40000000000003,15,411.40000000000003,move,improve
2801,15,411.40000000000003,15,411.40000000000003,2opt,improve
2802,15,411.40000000000003,15,411.40000000000003,move,improve
2803,15,411.40000000000003,15,411.40000000000003,2opt,notBad
2804,15,411.40000000000003,15,411.40000000000003,move,improve
2805,15,411.40000000000003,15,411.40000000000003,move,improve
2806,15,411.40000000000003,15,411.40000000000003,2opt,notBad
2807,15,411.40000000000003,15,411.40000000000003,move,improve
2808,15,461.59999999999997,15,411.40000000000003,swap,acceptBad
2809,15,461.59999999999997,15,411.40000000000003,move,improve
2810,15,461.59999999999997,15,411.40000000000003,2opt,notBad
2811,15,461.59999999999997,15,411.40000000000003,2opt,notBad
2812,15,461.59999999999997,15,411.40000000000003,2opt,improve
2813,15,461.59999999999997,15,411.40000000000003,2opt,notBad
2814,15,461.59999999999997,15,411.40000000000003,2opt,notBad
2815,15,461.59999999999997,15,411.40000000000003,swap,notBad
2816,15,461.59999999999997,15,411.40000000000003,2opt,notBad
2817,15,461.59999999999997,15,411.40000000000003,2opt,improve
2818,15,460.4000000000005,15,411.40000000000003,swap,improve
2819,15,460.4000000000005,15,411.40000000000003,2opt,notBad
2820,15,460.4000000000005,15,411.40000000000003,2opt,improve
2821,15,460.4000000000005,15,411.40000000000003,move,improve
2822,15,460.4000000000005,15,411.40000000000003,swap,notBad
2823,15,460.4000000000005,15,411.40000000000003,2opt,notBad
2824,15,460.4000000000005,15,411.40000000000003,2opt,notBad
2825,15,460.40000000000055,15,411.40000000000003,2opt,acceptBad
2826,15,515.8000000000002,15,411.40000000000003,swap,acceptBad
2827,15,515.8000000000002,15,411.40000000000003,2opt,notBad
2828,15,480.00000000000034,15,411.40000000000003,2opt,improve
2829,15,480.00000000000034,15,411.40000000000003,2opt,notBad
2830,15,480.00000000000034,15,411.40000000000003,move,improve
2831,15,480.00000000000034,15,411.40000000000003,2opt,notBad
2832,15,480.00000000000034,15,411.40000000000003,swap,notBad
2833,15,534.8000000000006,15,411.40000000000003,swap,acceptBad
2834,15,534.8000000000006,15,411.40000000000003,2opt,notBad
2835,15,534.8000000000006,15,411.40000000000003,2opt,notBad
2836,15,534.8000000000006,15,411.40000000000003,swap,notBad
2837,15,534.8000000000006,15,411.40000000000003,move,improve
2838,15,534.8000000000006,15,411.40000000000003,swap,notBad
2839,15,514.0000000000006,15,411.40000000000003,move,improve
2840,15,514.0000000000006,15,411.40000000000003,swap,notBad
2841,15,514.0000000000006,15,411.40000000000003,2opt,notBad
2842,15,514.0000000000006,15,411.40000000000003,2opt,notBad
2843,15,534.8000000000006,15,411.40000000000003,swap,acceptBad
2844,15,534.8000000000006,15,411.40000000000003,move,improve
2845,15,534.8000000000006,15,411.40000000000003,move,improve
2846,15,534.8000000000006,15,411.40000000000003,2opt,notBad
2847,15,534.8000000000006,15,411.40000000000003,move,improve
2848,15,520.8000000000006,15,411.40000000000003,swap,improve
2849,15,520.8000000000006,15,411.40000000000003,swap,notBad
2850,15,520.8000000000006,15,411.40000000000003,swap,notBad
2851,15,506.2000000000005,15,411.40000000000003,swap,improve
2852,15,506.2000000000005,15,411.40000000000003,2opt,notBad
2853,15,506.2000000000005,15,411.40000000000003,2opt,notBad
2854,15,506.2000000000005,15,411.40000000000003,2opt,notBad
2855,15,506.2000000000005,15,411.40000000000003,move,improve
2856,15,506.2000000000005,15,411.40000000000003,move,improve
2857,15,506.2000000000005,15,411.40000000000003,move,improve
2858,15,506.2000000000005,15,411.40000000000003,2opt,notBad
2859,15,506.2000000000005,15,411.40000000000003,move,improve
2860,15,506.2000000000005,15,411.40000000000003,2opt,notBad
2861,15,506.2000000000005,15,411.40000000000003,move,improve
2862,15,506.2000000000005,15,411.40000000000003,move,improve
2863,15,506.2000000000005,15,411.40000000000003,move,improve
2864,15,506.2000000000005,15,411.40000000000003,2opt,notBad
2865,15,506.2000000000005,15,411.40000000000003,2opt,improve
2866,15,506.2000000000005,15,411.40000000000003,swap,notBad
2867,15,506.2000000000005,15,411.40000000000003,2opt,notBad
2868,15,506.2000000000005,15,411.40000000000003,swap,notBad
2869,15,506.2000000000005,15,411.40000000000003,swap,notBad
2870,15,506.2000000000005,15,411.40000000000003,2opt,notBad
2871,15,515.0000000000007,15,411.40000000000003,2opt,acceptBad
2872,15,515.0000000000007,15,411.40000000000003,swap,notBad
2873,15,492.8000000000006,15,411.40000000000003,swap,improve
2874,15,492.8000000000006,15,411.40000000000003,2opt,notBad
2875,15,472.4000000000006,15,411.40000000000003,swap,improve
2876,15,472.4000000000006,15,411.40000000000003,2opt,notBad
2877,15,472.4000000000006,15,411.40000000000003,move,improve
2878,15,472.4000000000006,15,411.40000000000003,swap,notBad
2879,15,472.4000000000006,15,411.40000000000003,swap,notBad
2880,15,472.4000000000006,15,411.40000000000003,2opt,notBad
2881,15,472.4000000000006,15,411.40000000000003,move,improve
2882,15,472.4000000000006,15,411.40000000000003,swap,notBad
2883,15,472.4000000000006,15,411.40000000000003,2opt,notBad
2884,15,491.0000000000006,15,411.40000000000003,swap,acceptBad
2885,15,491.0000000000006,15,411.40000000000003,swap,notBad
2886,15,491.0000000000006,15,411.40000000000003,2opt,notBad
2887,15,554.0,15,411.40000000000003,swap,acceptBad
2888,15,554.0,15,411.40000000000003,swap,notBad
2889,15,554.0,15,411.40000000000003,2opt,notBad
2890,15,554.0,15,411.40000000000003,move,improve
2891,15,554.0,15,411.40000000000003,2opt,notBad
2892,15,554.0,15,411.40000000000003,2opt,notBad
2893,15,491.0000000000006,15,411.40000000000003,swap,improve
2894,15,491.0000000000006,15,411.40000000000003,move,improve
2895,15,491.0000000000006,15,411.40000000000003,2opt,notBad
2896,15,491.0000000000006,15,411.40000000000003,2opt,improve
2897,15,491.0000000000006,15,411.40000000000003,2opt,notBad
2898,15,491.0000000000006,15,411.40000000000003,swap,notBad
2899,15,491.0000000000006,15,411.40000000000003,move,improve
2900,15,491.0000000000006,15,411.40000000000003,move,improve
2901,15,491.0000000000006,15,411.40000000000003,2opt,notBad
2902,15,491.0000000000006,15,411.40000000000003,swap,notBad
2903,15,491.0000000000006,15,411.40000000000003,swap,notBad
2904,15,491.0000000000006,15,411.40000000000003,move,improve
2905,15,491.0000000000006,15,411.40000000000003,swap,notBad
2906,15,491.0000000000006,15,411.40000000000003,move,improve
2907,15,491.0000000000006,15,411.40000000000003,swap,notBad
2908,15,491.0000000000006,15,411.40000000000003,swap,notBad
2909,15,491.0000000000006,15,411.40000000000003,move,improve
2910,15,491.0000000000006,15,411.40000000000003,swap,notBad
2911,15,491.0000000000006,15,411.40000000000003,2opt,notBad
2912,15,491.0000000000006,15,411.40000000000003,move,improve
2913,15,491.0000000000006,15,411.40000000000003,move,improve
2914,15,507.6000000000005,15,411.40000000000003,swap,acceptBad
2915,15,507.60000000000025,15,411.40000000000003,2opt,improve
2916,15,507.60000000000025,15,411.40000000000003,move,improve
2917,15,507.60000000000025,15,411.40000000000003,move,improve
2918,15,507.60000000000025,15,411.40000000000003,2opt,notBad
2919,15,507.60000000000025,15,411.40000000000003,2opt,notBad
2920,15,498.2000000000003,15,411.40000000000003,2opt,improve
2921,15,498.2000000000003,15,411.40000000000003,move,improve
2922,15,498.2000000000003,15,411.40000000000003,2opt,notBad
2923,15,498.2000000000003,15,411.40000000000003,swap,notBad
2924,15,498.2000000000003,15,411.40000000000003,move,improve
2925,15,498.2000000000003,15,411.40000000000003,swap,notBad
2926,15,498.2000000000003,15,411.40000000000003,2opt,notBad
2927,15,498.2000000000003,15,411.40000000000003,swap,notBad
2928,15,498.2000000000003,15,411.40000000000003,move,improve
2929,15,498.2000000000003,15,411.40000000000003,2opt,notBad
2930,15,498.2000000000003,15,411.40000000000003,2opt,notBad
2931,15,498.2000000000003,15,411.40000000000003,2opt,notBad
2932,15,476.6,15,411.40000000000003,move,improve
2933,15,476.6,15,411.40000000000003,swap,notBad
2934,15,476.6,15,411.40000000000003,move,improve
2935,15,476.6,15,411.40000000000003,2opt,improve
2936,15,476.6,15,411.40000000000003,2opt,notBad
2937,15,476.6,15,411.40000000000003,2opt,notBad
2938,15,476.6,15,411.40000000000003,2opt,notBad
2939,15,476.6,15,411.40000000000003,2opt,notBad
2940,15,476.6,15,411.40000000000003,2opt,notBad
2941,15,476.6,15,411.40000000000003,move,improve
2942,15,476.6,15,411.40000000000003,swap,notBad
2943,15,476.6,15,411.40000000000003,move,improve
2944,15,476.6,15,411.40000000000003,swap,notBad
2945,15,476.6,15,411.40000000000003,2opt,notBad
2946,15,476.6,15,411.40000000000003,2opt,improve
2947,15,476.6,15,411.40000000000003,swap,notBad
2948,15,476.6,15,411.40000000000003,move,improve
2949,15,476.6,15,411.40000000000003,2opt,notBad
2950,15,476.6,15,411.40000000000003,move,improve
2951,15,476.6,15,411.40000000000003,move,improve
2952,15,476.6,15,411.40000000000003,move,improve
2953,15,476.6,15,411.40000000000003,move,improve
2954,15,476.6,15,411.40000000000003,move,improve
2955,15,476.6,15,411.40000000000003,2opt,notBad
2956,15,490.9999999999999,15,411.40000000000003,2opt,acceptBad
2957,15,490.9999999999999,15,411.40000000000003,2opt,improve
2958,15,490.9999999999999,15,411.40000000000003,move,improve
2959,15,490.9999999999999,15,411.40000000000003,2opt,notBad
2960,15,490.9999999999999,15,411.40000000000003,swap,notBad
2961,15,535.9999999999999,15,411.40000000000003,swap,acceptBad
2962,15,578.5999999999998,15,411.40000000000003,2opt,acceptBad
2963,15,578.5999999999998,15,411.40000000000003,move,improve
2964,15,578.5999999999998,15,411.40000000000003,swap,notBad
2965,15,578.5999999999998,15,411.40000000000003,swap,notBad
2966,15,562.6,15,411.40000000000003,2opt,improve
2967,15,562.6,15,411.40000000000003,2opt,improve
2968,15,562.6,15,411.40000000000003,move,improve
2969,15,562.6,15,411.40000000000003,move,improve
2970,15,562.6,15,411.40000000000003,move,improve
2971,15,562.6,15,411.40000000000003,2opt,improve
2972,15,562.6,15,411.40000000000003,swap,improve
2973,15,562.6,15,411.40000000000003,move,improve
2974,15,562.6,15,411.40000000000003,move,improve
2975,15,562.6,15,411.40000000000003,swap,notBad
2976,15,562.6,15,411.40000000000003,move,improve
2977,15,562.6,15,411.40000000000003,swap,notBad
2978,15,562.6,15,411.40000000000003,2opt,notBad
2979,15,562.6,15,411.40000000000003,swap,notBad
2980,15,562.6,15,411.40000000000003,2opt,notBad
2981,15,562.6,15,411.40000000000003,move,improve
2982,15,562.6,15,411.40000000000003,2opt,notBad
2983,15,562.6,15,411.40000000000003,2opt,notBad
2984,15,562.6,15,411.40000000000003,2opt,notBad
2985,15,617.9999999999999,15,411.40000000000003,swap,acceptBad
2986,15,617.9999999999999,15,411.40000000000003,2opt,notBad
2987,15,617.9999999999999,15,411.40000000000003,move,improve
2988,15,617.9999999999999,15,411.40000000000003,move,improve
2989,15,617.9999999999999,15,411.40000000000003,2opt,notBad
2990,15,617.9999999999999,15,411.40000000000003,swap,notBad
2991,15,617.9999999999999,15,411.40000000000003,move,improve
2992,15,617.9999999999999,15,411.40000000000003,move,improve
2993,15,617.9999999999999,15,411.40000000000003,move,improve
2994,15,617.9999999999999,15,411.40000000000003,swap,notBad
2995,15,617.9999999999999,15,411.40000000000003,2opt,notBad
2996,15,617.9999999999998,15,411.40000000000003,2opt,improve
2997,15,617.9999999999998,15,411.40000000000003,swap,notBad
2998,15,617.9999999999998,15,411.40000000000003,2opt,notBad
2999,15,650.0,15,411.40000000000003,swap,acceptBad
3000,15,650.0,15,411.40000000000003,move,improve
3001,15,649.9999999999999,15,411.40000000000003,2opt,improve
3002,15,649.9999999999999,15,411.40000000000003,swap,notBad
3003,15,649.9999999999999,15,411.40000000000003,2opt,notBad
3004,15,649.9999999999999,15,411.40000000000003,move,improve
3005,15,649.9999999999999,15,411.40000000000003,2opt,improve
3006,15,649.9999999999999,15,411.40000000000003,swap,notBad
3007,15,649.9999999999999,15,411.40000000000003,2opt,notBad
3008,15,649.9999999999999,15,411.40000000000003,swap,notBad
3009,15,649.9999999999999,15,411.40000000000003,move,improve
3010,15,649.9999999999999,15,411.40000000000003,swap,notBad
3011,15,617.1999999999997,15,411.40000000000003,swap,improve
3012,15,595.5999999999996,15,411.40000000000003,move,improve
3013,15,538.7999999999992,15,411.40000000000003,move,improve
3014,15,538.7999999999992,15,411.40000000000003,2opt,improve
3015,15,537.9999999999994,15,411.40000000000003,move,improve
3016,15,537.9999999999994,15,411.40000000000003,move,improve
3017,15,537.9999999999994,15,411.40000000000003,2opt,improve
3018,15,537.9999999999994,15,411.40000000000003,move,notBad
3019,15,537.9999999999994,15,411.40000000000003,swap,notBad
3020,15,537.9999999999994,15,411.40000000000003,2opt,notBad
3021,15,537.9999999999994,15,411.40000000000003,move,improve
3022,15,537.9999999999997,15,411.40000000000003,2opt,acceptBad
3023,15,537.9999999999997,15,411.40000000000003,2opt,notBad
3024,15,537.9999999999997,15,411.40000000000003,2opt,improve
3025,15,582.7999999999994,15,411.40000000000003,swap,acceptBad
3026,15,582.7999999999994,15,411.40000000000003,move,improve
3027,15,582.7999999999994,15,411.40000000000003,swap,notBad
3028,15,582.7999999999994,15,411.40000000000003,2opt,notBad
3029,15,582.7999999999994,15,411.40000000000003,swap,notBad
3030,15,608.5999999999998,15,411.40000000000003,swap,acceptBad
3031,15,608.5999999999998,15,411.40000000000003,2opt,improve
3032,15,608.5999999999998,15,411.40000000000003,2opt,improve
3033,15,608.5999999999998,15,411.40000000000003,2opt,notBad
3034,15,608.5999999999998,15,411.40000000000003,swap,notBad
3035,15,608.5999999999998,15,411.40000000000003,2opt,notBad
3036,15,608.5999999999998,15,411.40000000000003,move,improve
3037,15,677.7999999999995,15,411.40000000000003,swap,acceptBad
3038,15,662.1999999999996,15,411.40000000000003,move,improve
3039,15,598.7999999999997,15,411.40000000000003,move,improve
3040,15,598.7999999999997,15,411.40000000000003,move,improve
3041,15,598.7999999999997,15,411.40000000000003,move,improve
3042,15,598.7999999999997,15,411.40000000000003,move,improve
3043,15,598.7999999999997,15,411.40000000000003,swap,notBad
3044,15,598.7999999999997,15,411.40000000000003,swap,notBad
3045,15,567.3999999999995,15,411.40000000000003,move,improve
3046,15,567.3999999999995,15,411.40000000000003,swap,notBad
3047,15,567.3999999999995,15,411.40000000000003,2opt,notBad
3048,15,567.3999999999995,15,411.40000000000003,2opt,notBad
3049,15,567.3999999999995,15,411.40000000000003,2opt,improve
3050,15,567.3999999999995,15,411.40000000000003,move,improve
3051,15,567.3999999999995,15,411.40000000000003,swap,notBad
3052,15,558.7999999999995,15,411.40000000000003,move,improve
3053,15,558.7999999999995,15,411.40000000000003,move,improve
3054,15,558.7999999999995,15,411.40000000000003,2opt,improve
3055,15,558.7999999999995,15,411.40000000000003,swap,notBad
3056,15,558.7999999999995,15,411.40000000000003,2opt,notBad
3057,15,558.7999999999995,15,411.40000000000003,2opt,notBad
3058,15,558.7999999999995,15,411.40000000000003,swap,notBad
3059,15,558.7999999999995,15,411.40000000000003,move,improve
3060,15,558.7999999999995,15,411.40000000000003,swap,notBad
3061,15,558.7999999999995,15,411.40000000000003,2opt,notBad
3062,15,558.7999999999995,15,411.40000000000003,swap,notBad
3063,15,496.59999999999945,15,411.40000000000003,move,improve
3064,15,496.59999999999945,15,411.40000000000003,move,improve
3065,15,496.59999999999945,15,411.40000000000003,2opt,notBad
3066,15,496.59999999999945,15,411.40000000000003,move,improve
3067,15,496.59999999999945,15,411.40000000000003,2opt,improve
3068,15,496.59999999999945,15,411.40000000000003,2opt,improve
3069,15,496.59999999999945,15,411.40000000000003,2opt,notBad
3070,15,496.5999999999998,15,411.40000000000003,2opt,acceptBad
3071,15,490.5999999999998,15,411.40000000000003,swap,improve
3072,15,490.5999999999998,15,411.40000000000003,2opt,notBad
3073,15,490.5999999999998,15,411.40000000000003,2opt,notBad
3074,15,490.5999999999998,15,411.40000000000003,swap,notBad
3075,15,490.5999999999998,15,411.40000000000003,move,improve
3076,15,490.5999999999998,15,411.40000000000003,swap,notBad
3077,15,490.5999999999998,15,411.40000000000003,2opt,notBad
3078,15,490.5999999999998,15,411.40000000000003,move,improve
3079,15,490.5999999999998,15,411.40000000000003,move,improve
3080,15,490.5999999999998,15,411.40000000000003,2opt,notBad
3081,15,490.5999999999998,15,411.40000000000003,swap,notBad
3082,15,490.5999999999998,15,411.40000000000003,move,improve
3083,15,490.5999999999998,15,411.40000000000003,move,improve
3084,15,490.5999999999998,15,411.40000000000003,move,improve
3085,15,490.5999999999998,15,411.40000000000003,swap,notBad
3086,15,490.5999999999998,15,411.40000000000003,move,improve
3087,15,490.5999999999998,15,411.40000000000003,move,improve
3088,15,490.5999999999998,15,411.40000000000003,2opt,notBad
3089,15,490.5999999999998,15,411.40000000000003,move,improve
3090,15,490.5999999999998,15,411.40000000000003,swap,notBad
3091,15,490.5999999999998,15,411.40000000000003,move,improve
3092,15,443.39999999999975,15,411.40000000000003,move,improve
3093,15,443.39999999999975,15,411.40000000000003,swap,improve
3094,15,443.39999999999975,15,411.40000000000003,move,improve
3095,15,443.39999999999975,15,411.40000000000003,move,improve
3096,15,443.39999999999975,15,411.40000000000003,2opt,notBad
3097,15,443.39999999999975,15,411.40000000000003,move,improve
3098,15,443.39999999999975,15,411.40000000000003,move,improve
3099,15,443.39999999999975,15,411.40000000000003,move,improve
3100,15,443.39999999999975,15,411.40000000000003,2opt,improve
3101,15,443.39999999999975,15,411.40000000000003,swap,notBad
3102,15,443.39999999999975,15,411.40000000000003,2opt,notBad
3103,15,443.39999999999975,15,411.40000000000003,2opt,notBad
3104,15,443.39999999999975,15,411.40000000000003,move,improve
3105,15,443.39999999999975,15,411.40000000000003,2opt,improve
3106,15,443.39999999999975,15,411.40000000000003,move,improve
3107,15,443.39999999999975,15,411.40000000000003,move,improve
3108,15,443.39999999999975,15,411.40000000000003,move,improve
3109,15,443.39999999999975,15,411.40000000000003,swap,notBad
3110,15,443.39999999999975,15,411.40000000000003,swap,notBad
3111,15,445.7999999999996,15,411.40000000000003,swap,acceptBad
3112,15,445.7999999999996,15,411.40000000000003,move,improve
3113,15,445.7999999999996,15,411.40000000000003,swap,notBad
3114,15,445.7999999999996,15,411.40000000000003,swap,notBad
3115,15,445.7999999999996,15,411.40000000000003,move,improve
3116,15,445.7999999999996,15,411.40000000000003,2opt,notBad
3117,15,468.1999999999999,15,411.40000000000003,move,acceptBad
3118,15,468.1999999999999,15,411.40000000000003,move,improve
3119,15,468.1999999999999,15,411.40000000000003,2opt,notBad
3120,15,468.1999999999999,15,411.40000000000003,2opt,improve
3121,15,468.1999999999999,15,411.40000000000003,swap,notBad
3122,15,468.1999999999999,15,411.40000000000003,2opt,notBad
3123,15,468.1999999999999,15,411.40000000000003,swap,notBad
3124,15,468.1999999999999,15,411.40000000000003,2opt,improve
3125,15,468.1999999999999,15,411.40000000000003,2opt,notBad
3126,15,468.1999999999999,15,411.40000000000003,move,improve
3127,15,468.1999999999999,15,411.40000000000003,2opt,notBad
3128,15,432.9999999999999,15,411.40000000000003,2opt,improve
3129,15,472.4000000000001,15,411.40000000000003,swap,acceptBad
3130,15,472.4000000000001,15,411.40000000000003,swap,notBad
3131,15,472.4000000000001,15,411.40000000000003,swap,notBad
3132,15,472.4000000000001,15,411.40000000000003,2opt,notBad
3133,15,472.4000000000001,15,411.40000000000003,swap,notBad
3134,15,472.4000000000001,15,411.40000000000003,move,improve
3135,15,472.4000000000001,15,411.40000000000003,swap,notBad
3136,15,472.4000000000001,15,411.40000000000003,2opt,notBad
3137,15,472.4000000000001,15,411.40000000000003,move,improve
3138,15,472.4000000000001,15,411.40000000000003,2opt,notBad
3139,15,472.4000000000001,15,411.40000000000003,swap,notBad
3140,15,472.4000000000001,15,411.40000000000003,move,improve
3141,15,472.4000000000001,15,411.40000000000003,move,improve
3142,15,472.4000000000001,15,411.40000000000003,2opt,improve
3143,15,472.4000000000001,15,411.40000000000003,move,improve
3144,15,472.4000000000001,15,411.40000000000003,swap,notBad
3145,15,472.4000000000001,15,411.40000000000003,move,improve
3146,15,472.4000000000001,15,411.40000000000003,move,improve
3147,15,436.5999999999997,15,411.40000000000003,move,improve
3148,15,436.5999999999997,15,411.40000000000003,move,improve
3149,15,436.5999999999997,15,411.40000000000003,2opt,notBad
3150,15,436.5999999999997,15,411.40000000000003,2opt,improve
3151,15,436.5999999999997,15,411.40000000000003,2opt,improve
3152,15,445.59999999999957,15,411.40000000000003,swap,acceptBad
3153,15,379.99999999999966,15,379.99999999999966,2opt,newBest
3154,15,379.99999999999966,15,379.99999999999966,move,improve
3155,15,379.99999999999966,15,379.99999999999966,2opt,notBad
3156,15,379.99999999999966,15,379.99999999999966,swap,notBad
3157,15,379.99999999999966,15,379.99999999999966,2opt,notBad
3158,15,379.99999999999966,15,379.99999999999966,swap,notBad
3159,15,379.99999999999966,15,379.99999999999966,move,improve
3160,15,379.99999999999966,15,379.99999999999966,2opt,notBad
3161,15,379.1999999999998,15,379.1999999999998,swap,newBest
3162,15,379.1999999999998,15,379.1999999999998,move,improve
3163,15,379.1999999999998,15,379.1999999999998,swap,notBad
3164,15,379.1999999999998,15,379.1999999999998,swap,notBad
3165,15,379.1999999999998,15,379.1999999999998,swap,notBad
3166,15,411.99999999999966,15,379.1999999999998,swap,acceptBad
3167,15,411.99999999999966,15,379.1999999999998,2opt,improve
3168,15,448.39999999999975,15,379.1999999999998,swap,acceptBad
3169,15,448.39999999999975,15,379.1999999999998,move,improve
3170,15,448.39999999999975,15,379.1999999999998,swap,notBad
3171,15,448.39999999999975,15,379.1999999999998,move,improve
3172,15,448.39999999999975,15,379.1999999999998,2opt,notBad
3173,15,448.39999999999975,15,379.1999999999998,swap,notBad
3174,15,448.39999999999975,15,379.1999999999998,move,improve
3175,15,448.39999999999975,15,379.1999999999998,move,improve
3176,15,448.39999999999975,15,379.1999999999998,move,improve
3177,15,448.39999999999975,15,379.1999999999998,move,improve
3178,15,448.39999999999975,15,379.1999999999998,swap,notBad
3179,15,448.39999999999975,15,379.1999999999998,2opt,notBad
3180,15,448.39999999999975,15,379.1999999999998,2opt,notBad
3181,15,448.39999999999975,15,379.1999999999998,2opt,improve
3182,15,448.39999999999975,15,379.1999999999998,move,improve
3183,15,448.39999999999975,15,379.1999999999998,2opt,notBad
3184,15,448.39999999999975,15,379.1999999999998,swap,notBad
3185,15,448.39999999999975,15,379.1999999999998,2opt,improve
3186,15,448.39999999999975,15,379.1999999999998,2opt,notBad
3187,15,448.39999999999975,15,379.1999999999998,2opt,notBad
3188,15,448.39999999999975,15,379.1999999999998,2opt,improve
3189,15,448.39999999999975,15,379.1999999999998,move,improve
3190,15,470.79999999999984,15,379.1999999999998,swap,acceptBad
3191,15,470.79999999999984,15,379.1999999999998,2opt,improve
3192,15,470.79999999999984,15,379.1999999999998,swap,notBad
3193,15,470.79999999999984,15,379.1999999999998,swap,notBad
3194,15,470.79999999999984,15,379.1999999999998,move,improve
3195,15,470.79999999999984,15,379.1999999999998,2opt,notBad
3196,15,470.79999999999984,15,379.1999999999998,2opt,notBad
3197,15,470.79999999999984,15,379.1999999999998,2opt,improve
3198,15,470.79999999999984,15,379.1999999999998,2opt,notBad
3199,15,470.79999999999984,15,379.1999999999998,swap,notBad
3200,15,470.79999999999984,15,379.1999999999998,move,improve
3201,15,470.79999999999984,15,379.1999999999998,2opt,notBad
3202,15,470.79999999999984,15,379.1999999999998,move,improve
3203,15,470.79999999999984,15,379.1999999999998,move,improve
3204,15,470.79999999999984,15,379.1999999999998,2opt,notBad
3205,15,470.79999999999984,15,379.1999999999998,2opt,notBad
3206,15,470.79999999999984,15,379.1999999999998,swap,notBad
3207,15,470.79999999999984,15,379.1999999999998,move,improve
3208,15,470.79999999999984,15,379.1999999999998,swap,notBad
3209,15,473.39999999999975,15,379.1999999999998,2opt,acceptBad
3210,15,473.39999999999975,15,379.1999999999998,swap,notBad
3211,15,473.39999999999975,15,379.1999999999998,2opt,notBad
3212,15,473.39999999999975,15,379.1999999999998,move,improve
3213,15,473.39999999999975,15,379.1999999999998,2opt,notBad
3214,15,473.39999999999975,15,379.1999999999998,swap,notBad
3215,15,473.39999999999975,15,379.1999999999998,move,improve
3216,15,473.39999999999975,15,379.1999999999998,2opt,notBad
3217,15,473.39999999999975,15,379.1999999999998,swap,notBad
3218,15,473.39999999999975,15,379.1999999999998,swap,notBad
3219,15,473.39999999999975,15,379.1999999999998,move,improve
3220,15,473.39999999999975,15,379.1999999999998,2opt,notBad
3221,15,473.39999999999975,15,379.1999999999998,move,improve
3222,15,473.39999999999975,15,379.1999999999998,move,improve
3223,15,473.39999999999975,15,379.1999999999998,2opt,notBad
3224,15,473.39999999999975,15,379.1999999999998,2opt,notBad
3225,15,473.39999999999975,15,379.1999999999998,swap,notBad
3226,15,473.39999999999975,15,379.1999999999998,move,improve
3227,15,473.39999999999975,15,379.1999999999998,move,improve
3228,15,473.39999999999975,15,379.1999999999998,swap,notBad
3229,15,473.39999999999975,15,379.1999999999998,move,improve
3230,15,473.39999999999975,15,379.1999999999998,2opt,notBad
3231,15,473.39999999999975,15,379.1999999999998,swap,notBad
3232,15,473.39999999999975,15,379.1999999999998,2opt,improve
3233,15,473.39999999999975,15,379.1999999999998,2opt,notBad
3234,15,473.39999999999975,15,379.1999999999998,swap,notBad
3235,15,473.39999999999975,15,379.1999999999998,2opt,notBad
3236,15,470.59999999999957,15,379.1999999999998,swap,improve
3237,15,470.59999999999957,15,379.1999999999998,swap,notBad
3238,15,470.59999999999957,15,379.1999999999998,swap,notBad
3239,15,470.59999999999957,15,379.1999999999998,2opt,notBad
3240,15,491.1999999999995,15,379.1999999999998,2opt,acceptBad
3241,15,491.1999999999995,15,379.1999999999998,swap,notBad
3242,15,491.1999999999995,15,379.1999999999998,move,improve
3243,15,491.1999999999995,15,379.1999999999998,2opt,notBad
3244,15,491.1999999999995,15,379.1999999999998,2opt,notBad
3245,15,491.1999999999995,15,379.1999999999998,swap,notBad
3246,15,413.9999999999995,15,379.1999999999998,swap,improve
3247,15,413.9999999999995,15,379.1999999999998,2opt,notBad
3248,15,413.9999999999995,15,379.1999999999998,swap,notBad
3249,15,413.9999999999995,15,379.1999999999998,move,improve
3250,15,413.9999999999995,15,379.1999999999998,2opt,notBad
3251,15,413.9999999999995,15,379.1999999999998,swap,notBad
3252,15,413.9999999999995,15,379.1999999999998,2opt,notBad
3253,15,413.9999999999995,15,379.1999999999998,swap,notBad
3254,15,413.9999999999995,15,379.1999999999998,move,improve
3255,15,413.9999999999995,15,379.1999999999998,2opt,notBad
3256,15,413.9999999999995,15,379.1999999999998,move,improve
3257,15,413.9999999999995,15,379.1999999999998,2opt,notBad
3258,15,413.9999999999995,15,379.1999999999998,swap,notBad
3259,15,413.9999999999995,15,379.1999999999998,2opt,improve
3260,15,413.9999999999995,15,379.1999999999998,move,improve
3261,15,413.9999999999995,15,379.1999999999998,swap,notBad
3262,15,413.9999999999995,15,379.1999999999998,swap,notBad
3263,15,413.9999999999995,15,379.1999999999998,move,improve
3264,15,413.9999999999995,15,379.1999999999998,move,improve
3265,15,413.9999999999995,15,379.1999999999998,swap,notBad
3266,15,413.9999999999995,15,379.1999999999998,2opt,notBad
3267,15,413.9999999999995,15,379.1999999999998,2opt,notBad
3268,15,413.9999999999995,15,379.1999999999998,move,improve
3269,15,413.9999999999995,15,379.1999999999998,move,improve
3270,15,413.9999999999995,15,379.1999999999998,2opt,notBad
3271,15,413.9999999999995,15,379.1999999999998,2opt,notBad
3272,15,413.9999999999995,15,379.1999999999998,move,improve
3273,15,413.9999999999995,15,379.1999999999998,2opt,notBad
3274,15,413.9999999999995,15,379.1999999999998,move,improve
3275,15,413.9999999999995,15,379.1999999999998,swap,notBad
3276,15,413.9999999999995,15,379.1999999999998,2opt,notBad
3277,15,413.9999999999995,15,379.1999999999998,2opt,notBad
3278,15,413.9999999999995,15,379.1999999999998,move,improve
3279,15,413.9999999999995,15,379.1999999999998,2opt,notBad
3280,15,413.9999999999995,15,379.1999999999998,swap,notBad
3281,15,413.9999999999995,15,379.1999999999998,swap,notBad
3282,15,413.9999999999995,15,379.1999999999998,move,improve
3283,15,413.9999999999995,15,379.1999999999998,move,improve
3284,15,413.9999999999995,15,379.1999999999998,swap,notBad
3285,15,413.9999999999995,15,379.1999999999998,swap,notBad
3286,15,413.9999999999995,15,379.1999999999998,swap,notBad
3287,15,413.9999999999995,15,379.1999999999998,2opt,notBad
3288,15,413.9999999999995,15,379.1999999999998,2opt,notBad
3289,15,425.39999999999986,15,379.1999999999998,2opt,acceptBad
3290,15,425.39999999999986,15,379.1999999999998,swap,notBad
3291,15,425.39999999999986,15,379.1999999999998,move,improve
3292,15,425.39999999999986,15,379.1999999999998,swap,notBad
3293,15,425.39999999999986,15,379.1999999999998,move,improve
3294,15,480.5999999999999,15,379.1999999999998,move,acceptBad
3295,15,480.5999999999999,15,379.1999999999998,swap,notBad
3296,15,480.5999999999999,15,379.1999999999998,move,improve
3297,15,480.5999999999999,15,379.1999999999998,move,improve
3298,15,480.5999999999999,15,379.1999999999998,move,improve
3299,15,480.5999999999999,15,379.1999999999998,2opt,notBad
3300,15,480.5999999999999,15,379.1999999999998,move,improve
3301,15,480.5999999999999,15,379.1999999999998,2opt,notBad
3302,15,480.5999999999999,15,379.1999999999998,2opt,notBad
3303,15,480.5999999999999,15,379.1999999999998,swap,notBad
3304,15,480.5999999999999,15,379.1999999999998,move,improve
3305,15,480.5999999999999,15,379.1999999999998,swap,notBad
3306,15,470.1999999999995,15,379.1999999999998,move,improve
3307,15,470.1999999999995,15,379.1999999999998,swap,notBad
3308,15,470.1999999999995,15,379.1999999999998,swap,notBad
3309,15,470.1999999999995,15,379.1999999999998,swap,notBad
3310,15,470.1999999999995,15,379.1999999999998,swap,notBad
3311,15,470.1999999999995,15,379.1999999999998,2opt,notBad
3312,15,470.1999999999995,15,379.1999999999998,2opt,notBad
3313,15,470.1999999999995,15,379.1999999999998,swap,notBad
3314,15,470.1999999999995,15,379.1999999999998,swap,notBad
3315,15,470.1999999999995,15,379.1999999999998,swap,notBad
3316,15,470.1999999999995,15,379.1999999999998,swap,notBad
3317,15,470.1999999999995,15,379.1999999999998,swap,notBad
3318,15,470.1999999999995,15,379.1999999999998,move,improve
3319,15,470.1999999999995,15,379.1999999999998,2opt,notBad
3320,15,470.1999999999995,15,379.1999999999998,move,improve
3321,15,470.1999999999995,15,379.1999999999998,swap,improve
3322,15,470.1999999999995,15,379.1999999999998,move,improve
3323,15,470.1999999999995,15,379.1999999999998,2opt,notBad
3324,15,470.1999999999995,15,379.1999999999998,move,improve
3325,15,470.1999999999995,15,379.1999999999998,2opt,notBad
3326,15,470.1999999999995,15,379.1999999999998,move,improve
3327,15,470.1999999999995,15,379.1999999999998,2opt,notBad
3328,15,470.1999999999995,15,379.1999999999998,2opt,notBad
3329,15,470.1999999999995,15,379.1999999999998,move,improve
3330,15,470.1999999999995,15,379.1999999999998,move,improve
3331,15,470.1999999999995,15,379.1999999999998,2opt,notBad
3332,15,470.1999999999995,15,379.1999999999998,move,improve
3333,15,470.1999999999995,15,379.1999999999998,2opt,notBad
3334,15,470.1999999999995,15,379.1999999999998,2opt,notBad
3335,15,470.1999999999995,15,379.1999999999998,move,improve
3336,15,470.1999999999995,15,379.1999999999998,2opt,notBad
3337,15,470.1999999999995,15,379.1999999999998,swap,notBad
3338,15,470.1999999999995,15,379.1999999999998,2opt,notBad
3339,15,470.1999999999995,15,379.1999999999998,2opt,notBad
3340,15,470.1999999999995,15,379.1999999999998,swap,notBad
3341,15,470.1999999999995,15,379.1999999999998,swap,notBad
3342,15,470.1999999999995,15,379.1999999999998,move,improve
3343,15,470.1999999999995,15,379.1999999999998,move,improve
3344,15,470.1999999999995,15,379.1999999999998,2opt,improve
3345,15,470.1999999999995,15,379.1999999999998,swap,notBad
3346,15,470.1999999999995,15,379.1999999999998,move,improve
3347,15,470.1999999999995,15,379.1999999999998,move,improve
3348,15,470.1999999999995,15,379.1999999999998,2opt,notBad
3349,15,470.1999999999995,15,379.1999999999998,swap,notBad
3350,15,470.1999999999995,15,379.1999999999998,move,improve
3351,15,470.1999999999995,15,379.1999999999998,swap,notBad
3352,15,470.1999999999995,15,379.1999999999998,move,improve
3353,15,470.1999999999995,15,379.1999999999998,move,improve
3354,15,470.1999999999995,15,379.1999999999998,2opt,notBad
3355,15,470.1999999999995,15,379.1999999999998,move,improve
3356,15,470.1999999999995,15,379.1999999999998,swap,notBad
3357,15,470.1999999999995,15,379.1999999999998,move,improve
3358,15,470.1999999999995,15,379.1999999999998,swap,notBad
3359,15,470.1999999999995,15,379.1999999999998,2opt,notBad
3360,15,470.1999999999995,15,379.1999999999998,move,improve
3361,15,470.1999999999995,15,379.1999999999998,swap,notBad
3362,15,491.7999999999996,15,379.1999999999998,swap,acceptBad
3363,15,491.7999999999996,15,379.1999999999998,2opt,notBad
3364,15,491.7999999999996,15,379.1999999999998,swap,notBad
3365,15,491.7999999999996,15,379.1999999999998,swap,notBad
3366,15,491.7999999999996,15,379.1999999999998,2opt,notBad
3367,15,478.1999999999996,15,379.1999999999998,swap,improve
3368,15,463.59999999999957,15,379.1999999999998,move,improve
3369,15,521.1999999999996,15,379.1999999999998,swap,acceptBad
3370,15,521.1999999999996,15,379.1999999999998,swap,notBad
3371,15,521.1999999999996,15,379.1999999999998,move,improve
3372,15,519.3999999999996,15,379.1999999999998,move,improve
3373,15,519.3999999999996,15,379.1999999999998,swap,notBad
3374,15,519.3999999999996,15,379.1999999999998,2opt,notBad
3375,15,519.3999999999996,15,379.1999999999998,move,improve
3376,15,519.3999999999996,15,379.1999999999998,swap,notBad
3377,15,519.3999999999996,15,379.1999999999998,2opt,improve
3378,15,519.3999999999996,15,379.1999999999998,2opt,notBad
3379,15,519.3999999999996,15,379.1999999999998,2opt,notBad
3380,15,519.3999999999996,15,379.1999999999998,2opt,notBad
3381,15,519.3999999999996,15,379.1999999999998,swap,notBad
3382,15,519.3999999999996,15,379.1999999999998,swap,notBad
3383,15,519.3999999999996,15,379.1999999999998,2opt,notBad
3384,15,525.1999999999996,15,379.1999999999998,swap,acceptBad
3385,15,512.7999999999996,15,379.1999999999998,swap,improve
3386,15,512.7999999999996,15,379.1999999999998,2opt,improve
3387,15,600.5999999999996,15,379.1999999999998,swap,acceptBad
3388,15,600.5999999999996,15,379.1999999999998,swap,notBad
3389,15,565.7999999999996,15,379.1999999999998,move,improve
3390,15,565.7999999999996,15,379.1999999999998,swap,notBad
3391,15,565.7999999999996,15,379.1999999999998,move,improve
3392,15,565.7999999999996,15,379.1999999999998,swap,notBad
3393,15,569.1999999999998,15,379.1999999999998,2opt,acceptBad
3394,15,573.9999999999995,15,379.1999999999998,2opt,acceptBad
3395,15,573.9999999999995,15,379.1999999999998,swap,notBad
3396,15,573.9999999999995,15,379.1999999999998,2opt,notBad
3397,15,573.9999999999995,15,379.1999999999998,2opt,notBad
3398,15,462.1999999999997,15,379.1999999999998,2opt,improve
3399,15,462.1999999999997,15,379.1999999999998,swap,notBad
3400,15,462.1999999999997,15,379.1999999999998,2opt,improve
3401,15,462.1999999999997,15,379.1999999999998,2opt,improve
3402,15,462.1999999999997,15,379.1999999999998,swap,notBad
3403,15,462.1999999999997,15,379.1999999999998,swap,notBad
3404,15,462.1999999999997,15,379.1999999999998,swap,notBad
3405,15,462.1999999999997,15,379.1999999999998,move,improve
3406,15,462.1999999999997,15,379.1999999999998,2opt,notBad
3407,15,462.1999999999997,15,379.1999999999998,move,improve
3408,15,462.1999999999997,15,379.1999999999998,swap,notBad
3409,15,462.1999999999997,15,379.1999999999998,2opt,notBad
3410,15,462.1999999999997,15,379.1999999999998,swap,notBad
3411,15,462.1999999999997,15,379.1999999999998,2opt,notBad
3412,15,462.1999999999997,15,379.1999999999998,swap,notBad
3413,15,438.39999999999975,15,379.1999999999998,move,improve
3414,15,438.39999999999975,15,379.1999999999998,2opt,notBad
3415,15,438.39999999999975,15,379.1999999999998,swap,notBad
3416,15,438.39999999999975,15,379.1999999999998,2opt,notBad
3417,15,438.39999999999975,15,379.1999999999998,swap,notBad
3418,15,438.39999999999975,15,379.1999999999998,move,improve
3419,15,438.39999999999975,15,379.1999999999998,swap,notBad
3420,15,438.39999999999975,15,379.1999999999998,2opt,notBad
3421,15,438.39999999999975,15,379.1999999999998,2opt,notBad
3422,15,438.39999999999975,15,379.1999999999998,move,improve
3423,15,438.39999999999975,15,379.1999999999998,swap,notBad
3424,15,438.39999999999975,15,379.1999999999998,swap,notBad
3425,15,438.39999999999975,15,379.1999999999998,swap,notBad
3426,15,438.39999999999975,15,379.1999999999998,2opt,notBad
3427,15,438.39999999999975,15,379.1999999999998,move,improve
3428,15,438.39999999999975,15,379.1999999999998,2opt,notBad
3429,15,438.39999999999975,15,379.1999999999998,swap,notBad
3430,15,438.39999999999975,15,379.1999999999998,move,improve
3431,15,438.39999999999975,15,379.1999999999998,2opt,notBad
3432,15,438.39999999999975,15,379.1999999999998,2opt,notBad
3433,15,438.39999999999975,15,379.1999999999998,move,improve
3434,15,438.39999999999975,15,379.1999999999998,swap,notBad
3435,15,438.39999999999975,15,379.1999999999998,2opt,notBad
3436,15,438.39999999999975,15,379.1999999999998,2opt,improve
3437,15,438.39999999999975,15,379.1999999999998,swap,notBad
3438,15,438.39999999999975,15,379.1999999999998,move,improve
3439,15,438.39999999999975,15,379.1999999999998,2opt,notBad
3440,15,438.39999999999975,15,379.1999999999998,2opt,notBad
3441,15,438.39999999999975,15,379.1999999999998,swap,notBad
3442,15,438.39999999999975,15,379.1999999999998,2opt,notBad
3443,15,455.5999999999998,15,379.1999999999998,swap,acceptBad
3444,15,455.5999999999998,15,379.1999999999998,2opt,improve
3445,15,455.5999999999998,15,379.1999999999998,2opt,notBad
3446,15,455.5999999999998,15,379.1999999999998,swap,notBad
3447,15,455.5999999999998,15,379.1999999999998,move,improve
3448,15,455.5999999999998,15,379.1999999999998,swap,notBad
3449,15,455.5999999999998,15,379.1999999999998,move,improve
3450,15,455.5999999999998,15,379.1999999999998,move,improve
3451,15,455.5999999999998,15,379.1999999999998,move,improve
3452,15,455.5999999999998,15,379.1999999999998,2opt,notBad
3453,15,455.5999999999998,15,379.1999999999998,move,improve
3454,15,455.5999999999998,15,379.1999999999998,2opt,notBad
3455,15,455.5999999999998,15,379.1999999999998,swap,notBad
3456,15,455.5999999999998,15,379.1999999999998,move,improve
3457,15,455.5999999999998,15,379.1999999999998,swap,notBad
3458,15,455.5999999999998,15,379.1999999999998,move,improve
3459,15,455.5999999999998,15,379.1999999999998,2opt,notBad
3460,15,455.5999999999998,15,379.1999999999998,swap,notBad
3461,15,524.6000000000003,15,379.1999999999998,swap,acceptBad
3462,15,524.6000000000004,15,379.1999999999998,2opt,acceptBad
3463,15,524.6000000000004,15,379.1999999999998,move,improve
3464,15,524.6000000000004,15,379.1999999999998,2opt,notBad
3465,15,524.6000000000004,15,379.1999999999998,move,improve
3466,15,411.60000000000036,15,379.1999999999998,move,improve
3467,15,411.60000000000036,15,379.1999999999998,2opt,notBad
3468,15,416.80000000000035,15,379.1999999999998,swap,acceptBad
3469,15,416.80000000000035,15,379.1999999999998,2opt,notBad
3470,15,416.80000000000035,15,379.1999999999998,move,improve
3471,15,416.80000000000035,15,379.1999999999998,swap,notBad
3472,15,416.80000000000035,15,379.1999999999998,2opt,notBad
3473,15,416.80000000000035,15,379.1999999999998,move,improve
3474,15,416.80000000000035,15,379.1999999999998,swap,notBad
3475,15,416.80000000000035,15,379.1999999999998,swap,notBad
3476,15,416.80000000000035,15,379.1999999999998,swap,notBad
3477,15,416.80000000000035,15,379.1999999999998,move,improve
3478,15,416.80000000000035,15,379.1999999999998,swap,notBad
3479,15,416.80000000000035,15,379.1999999999998,2opt,notBad
3480,15,416.80000000000035,15,379.1999999999998,2opt,notBad
3481,15,416.80000000000035,15,379.1999999999998,swap,notBad
3482,15,416.80000000000035,15,379.1999999999998,swap,notBad
3483,15,437.8000000000002,15,379.1999999999998,swap,acceptBad
3484,15,437.8000000000002,15,379.1999999999998,move,improve
3485,15,437.8000000000002,15,379.1999999999998,move,improve
3486,15,437.8000000000002,15,379.1999999999998,swap,notBad
3487,15,437.8000000000002,15,379.1999999999998,move,improve
3488,15,437.8000000000002,15,379.1999999999998,swap,notBad
3489,15,437.8000000000002,15,379.1999999999998,2opt,notBad
3490,15,437.8000000000002,15,379.1999999999998,2opt,notBad
3491,15,437.8000000000002,15,379.1999999999998,move,improve
3492,15,442.0,15,379.1999999999998,2opt,acceptBad
3493,15,442.0,15,379.1999999999998,move,improve
3494,15,442.0,15,379.1999999999998,move,improve
3495,15,442.0,15,379.1999999999998,move,improve
3496,15,442.0,15,379.1999999999998,swap,notBad
3497,15,442.0,15,379.1999999999998,swap,improve
3498,15,442.0,15,379.1999999999998,2opt,notBad
3499,15,442.0,15,379.1999999999998,swap,notBad
3500,15,442.0,15,379.1999999999998,2opt,notBad
3501,15,442.0,15,379.1999999999998,2opt,notBad
3502,15,442.0,15,379.1999999999998,swap,notBad
3503,15,442.0,15,379.1999999999998,2opt,notBad
3504,15,426.6000000000005,15,379.1999999999998,move,improve
3505,15,426.6000000000005,15,379.1999999999998,2opt,notBad
3506,15,426.6000000000005,15,379.1999999999998,move,improve
3507,15,426.6000000000005,15,379.1999999999998,swap,notBad
3508,15,426.6000000000005,15,379.1999999999998,swap,notBad
3509,15,426.6000000000005,15,379.1999999999998,2opt,notBad
3510,15,426.6000000000005,15,379.1999999999998,2opt,notBad
3511,15,426.6000000000005,15,379.1999999999998,move,improve
3512,15,426.6000000000005,15,379.1999999999998,swap,notBad
3513,15,426.6000000000005,15,379.1999999999998,swap,notBad
3514,15,425.8000000000003,15,379.1999999999998,move,improve
3515,15,425.8000000000003,15,379.1999999999998,swap,improve
3516,15,425.8000000000003,15,379.1999999999998,2opt,notBad
3517,15,425.8000000000003,15,379.1999999999998,move,improve
3518,15,425.8000000000003,15,379.1999999999998,move,improve
3519,15,425.8000000000003,15,379.1999999999998,2opt,notBad
3520,15,425.8000000000003,15,379.1999999999998,move,improve
3521,15,425.8000000000003,15,379.1999999999998,move,improve
3522,15,425.8000000000003,15,379.1999999999998,2opt,notBad
3523,15,425.8000000000003,15,379.1999999999998,move,improve
3524,15,425.8000000000003,15,379.1999999999998,2opt,notBad
3525,15,425.8000000000003,15,379.1999999999998,2opt,notBad
3526,15,425.8000000000003,15,379.1999999999998,swap,notBad
3527,15,425.8000000000003,15,379.1999999999998,swap,notBad
3528,15,452.8000000000002,15,379.1999999999998,swap,acceptBad
3529,15,452.8000000000002,15,379.1999999999998,swap,notBad
3530,15,452.8000000000002,15,379.1999999999998,2opt,improve
3531,15,452.8000000000002,15,379.1999999999998,move,improve
3532,15,452.8000000000002,15,379.1999999999998,2opt,notBad
3533,15,452.8000000000002,15,379.1999999999998,swap,notBad
3534,15,452.8000000000002,15,379.1999999999998,2opt,notBad
3535,15,452.8000000000002,15,379.1999999999998,2opt,improve
3536,15,452.8000000000002,15,379.1999999999998,swap,notBad
3537,15,452.8000000000002,15,379.1999999999998,move,improve
3538,15,452.8000000000002,15,379.1999999999998,2opt,notBad
3539,15,465.2000000000004,15,379.1999999999998,swap,acceptBad
3540,15,465.2000000000004,15,379.1999999999998,2opt,notBad
3541,15,465.2000000000004,15,379.1999999999998,move,improve
3542,15,465.2000000000004,15,379.1999999999998,2opt,improve
3543,15,465.2000000000004,15,379.1999999999998,swap,notBad
3544,15,465.2000000000004,15,379.1999999999998,2opt,notBad
3545,15,465.2000000000004,15,379.1999999999998,move,improve
3546,15,465.2000000000004,15,379.1999999999998,2opt,notBad
3547,15,465.2000000000004,15,379.1999999999998,2opt,notBad
3548,15,465.2000000000004,15,379.1999999999998,move,improve
3549,15,453.60000000000025,15,379.1999999999998,2opt,improve
3550,15,453.60000000000025,15,379.1999999999998,move,improve
3551,15,453.60000000000025,15,379.1999999999998,2opt,notBad
3552,15,453.6000000000001,15,379.1999999999998,2opt,improve
3553,15,453.6000000000001,15,379.1999999999998,move,improve
3554,15,453.6000000000001,15,379.1999999999998,2opt,notBad
3555,15,453.6000000000001,15,379.1999999999998,move,improve
3556,15,453.6000000000001,15,379.1999999999998,2opt,notBad
3557,15,453.6000000000001,15,379.1999999999998,2opt,improve
3558,15,453.6000000000001,15,379.1999999999998,2opt,notBad
3559,15,453.6000000000001,15,379.1999999999998,move,improve
3560,15,453.6000000000001,15,379.1999999999998,swap,notBad
3561,15,476.40000000000003,15,379.1999999999998,swap,acceptBad
3562,15,453.60000000000025,15,379.1999999999998,2opt,improve
3563,15,453.60000000000025,15,379.1999999999998,move,improve
3564,15,453.60000000000025,15,379.1999999999998,swap,notBad
3565,15,453.60000000000025,15,379.1999999999998,2opt,notBad
3566,15,453.60000000000025,15,379.1999999999998,2opt,improve
3567,15,453.60000000000025,15,379.1999999999998,move,improve
3568,15,453.60000000000025,15,379.1999999999998,move,improve
3569,15,453.60000000000025,15,379.1999999999998,2opt,notBad
3570,15,453.60000000000025,15,379.1999999999998,2opt,notBad
3571,15,453.60000000000025,15,379.1999999999998,swap,notBad
3572,15,453.60000000000025,15,379.1999999999998,2opt,notBad
3573,15,453.60000000000025,15,379.1999999999998,swap,notBad
3574,15,453.60000000000025,15,379.1999999999998,2opt,notBad
3575,15,453.60000000000025,15,379.1999999999998,move,notBad
3576,15,453.60000000000025,15,379.1999999999998,swap,notBad
3577,15,446.9999999999997,15,379.1999999999998,swap,improve
3578,15,446.9999999999997,15,379.1999999999998,move,improve
3579,15,446.9999999999997,15,379.1999999999998,move,improve
3580,15,446.9999999999997,15,379.1999999999998,move,improve
3581,15,446.9999999999997,15,379.1999999999998,swap,notBad
3582,15,446.9999999999997,15,379.1999999999998,2opt,notBad
3583,15,446.9999999999997,15,379.1999999999998,2opt,notBad
3584,15,492.7999999999999,15,379.1999999999998,swap,acceptBad
3585,15,492.7999999999999,15,379.1999999999998,swap,notBad
3586,15,492.7999999999999,15,379.1999999999998,2opt,notBad
3587,15,492.7999999999999,15,379.1999999999998,2opt,notBad
3588,15,492.7999999999999,15,379.1999999999998,2opt,notBad
3589,15,492.80000000000007,15,379.1999999999998,2opt,acceptBad
3590,15,492.80000000000007,15,379.1999999999998,move,improve
3591,15,447.0,15,379.1999999999998,move,improve
3592,15,447.0,15,379.1999999999998,2opt,notBad
3593,15,447.0,15,379.1999999999998,2opt,improve
3594,15,447.0,15,379.1999999999998,2opt,notBad
3595,15,447.0,15,379.1999999999998,swap,notBad
3596,15,447.0,15,379.1999999999998,move,improve
3597,15,447.0,15,379.1999999999998,swap,notBad
3598,15,447.0,15,379.1999999999998,move,notBad
3599,15,447.0,15,379.1999999999998,swap,notBad
3600,15,447.0,15,379.1999999999998,2opt,notBad
3601,15,447.0,15,379.1999999999998,move,improve
3602,15,447.0,15,379.1999999999998,swap,notBad
3603,15,447.0,15,379.1999999999998,2opt,notBad
3604,15,447.0,15,379.1999999999998,2opt,notBad
3605,15,447.0,15,379.1999999999998,swap,notBad
3606,15,447.0,15,379.1999999999998,2opt,notBad
3607,15,447.0,15,379.1999999999998,move,improve
3608,15,447.0,15,379.1999999999998,move,improve
3609,15,447.0,15,379.1999999999998,2opt,notBad
3610,15,447.0,15,379.1999999999998,2opt,notBad
3611,15,447.0,15,379.1999999999998,move,improve
3612,15,447.0,15,379.1999999999998,move,improve
3613,15,447.0,15,379.1999999999998,swap,notBad
3614,15,447.0,15,379.1999999999998,move,improve
3615,15,447.0,15,379.1999999999998,2opt,notBad
3616,15,369.7999999999995,15,369.7999999999995,2opt,newBest
3617,15,369.7999999999995,15,369.7999999999995,swap,notBad
3618,15,369.7999999999995,15,369.7999999999995,2opt,improve
3619,15,430.5999999999998,15,369.7999999999995,swap,acceptBad
3620,15,430.5999999999998,15,369.7999999999995,2opt,notBad
3621,15,430.5999999999998,15,369.7999999999995,move,improve
3622,15,430.5999999999998,15,369.7999999999995,move,improve
3623,15,430.5999999999998,15,369.7999999999995,swap,notBad
3624,15,430.5999999999998,15,369.7999999999995,2opt,notBad
3625,15,393.59999999999957,15,369.7999999999995,swap,improve
3626,15,393.59999999999957,15,369.7999999999995,move,improve
3627,15,393.59999999999957,15,369.7999999999995,move,improve
3628,15,393.59999999999957,15,369.7999999999995,swap,notBad
3629,15,393.59999999999957,15,369.7999999999995,move,improve
3630,15,393.59999999999957,15,369.7999999999995,2opt,notBad
3631,15,393.59999999999957,15,369.7999999999995,2opt,notBad
3632,15,393.59999999999957,15,369.7999999999995,2opt,notBad
3633,15,393.59999999999957,15,369.7999999999995,move,improve
3634,15,393.59999999999957,15,369.7999999999995,swap,notBad
3635,15,393.59999999999957,15,369.7999999999995,move,improve
3636,15,393.59999999999957,15,369.7999999999995,2opt,notBad
3637,15,393.59999999999957,15,369.7999999999995,move,improve
3638,15,393.59999999999957,15,369.7999999999995,move,improve
3639,15,393.59999999999957,15,369.7999999999995,2opt,notBad
3640,15,393.59999999999957,15,369.7999999999995,swap,notBad
3641,15,393.59999999999957,15,369.7999999999995,move,improve
3642,15,393.59999999999957,15,369.7999999999995,2opt,notBad
3643,15,393.59999999999957,15,369.7999999999995,move,improve
3644,15,393.59999999999957,15,369.7999999999995,2opt,notBad
3645,15,393.59999999999957,15,369.7999999999995,swap,notBad
3646,15,393.59999999999957,15,369.7999999999995,move,improve
3647,15,418.7999999999997,15,369.7999999999995,swap,acceptBad
3648,15,418.7999999999997,15,369.7999999999995,move,improve
3649,15,418.7999999999997,15,369.7999999999995,2opt,improve
3650,15,418.7999999999997,15,369.7999999999995,move,improve
3651,15,418.7999999999997,15,369.7999999999995,move,improve
3652,15,418.7999999999997,15,369.7999999999995,move,improve
3653,15,418.7999999999997,15,369.7999999999995,swap,notBad
3654,15,418.7999999999997,15,369.7999999999995,2opt,notBad
3655,15,418.7999999999997,15,369.7999999999995,2opt,notBad
3656,15,418.7999999999997,15,369.7999999999995,swap,notBad
3657,15,418.7999999999997,15,369.7999999999995,swap,notBad
3658,15,418.7999999999997,15,369.7999999999995,move,improve
3659,15,418.7999999999997,15,369.7999999999995,2opt,notBad
3660,15,418.7999999999997,15,369.7999999999995,move,improve
3661,15,418.7999999999997,15,369.7999999999995,2opt,notBad
3662,15,418.7999999999997,15,369.7999999999995,swap,notBad
3663,15,418.7999999999997,15,369.7999999999995,swap,notBad
3664,15,418.7999999999997,15,369.7999999999995,2opt,notBad
3665,15,418.7999999999997,15,369.7999999999995,move,improve
3666,15,418.7999999999997,15,369.7999999999995,2opt,notBad
3667,15,418.7999999999997,15,369.7999999999995,move,improve
3668,15,418.7999999999997,15,369.7999999999995,2opt,improve
3669,15,418.7999999999997,15,369.7999999999995,2opt,notBad
3670,15,418.7999999999997,15,369.7999999999995,2opt,notBad
3671,15,424.7999999999997,15,369.7999999999995,swap,acceptBad
3672,15,424.7999999999997,15,369.7999999999995,2opt,notBad
3673,15,424.7999999999997,15,369.7999999999995,2opt,notBad
3674,15,424.7999999999997,15,369.7999999999995,2opt,notBad
3675,15,424.7999999999997,15,369.7999999999995,swap,notBad
3676,15,424.7999999999997,15,369.7999999999995,swap,notBad
3677,15,424.7999999999997,15,369.7999999999995,2opt,notBad
3678,15,424.7999999999997,15,369.7999999999995,2opt,notBad
3679,15,410.39999999999986,15,369.7999999999995,move,improve
3680,15,410.39999999999986,15,369.7999999999995,2opt,notBad
3681,15,410.39999999999986,15,369.7999999999995,swap,notBad
3682,15,410.39999999999986,15,369.7999999999995,move,improve
3683,15,410.39999999999986,15,369.7999999999995,move,improve
3684,15,410.39999999999986,15,369.7999999999995,swap,notBad
3685,15,410.39999999999986,15,369.7999999999995,2opt,notBad
3686,15,410.39999999999986,15,369.7999999999995,2opt,notBad
3687,15,410.39999999999986,15,369.7999999999995,2opt,improve
3688,15,410.39999999999986,15,369.7999999999995,move,improve
3689,15,410.39999999999986,15,369.7999999999995,swap,notBad
3690,15,410.39999999999986,15,369.7999999999995,move,improve
3691,15,410.39999999999986,15,369.7999999999995,swap,notBad
3692,15,410.39999999999986,15,369.7999999999995,move,improve
3693,15,410.39999999999986,15,369.7999999999995,2opt,notBad
3694,15,410.39999999999986,15,369.7999999999995,2opt,notBad
3695,15,410.39999999999986,15,369.7999999999995,swap,notBad
3696,15,410.39999999999986,15,369.7999999999995,2opt,notBad
3697,15,410.39999999999986,15,369.7999999999995,move,improve
3698,15,410.39999999999986,15,369.7999999999995,move,improve
3699,15,410.39999999999986,15,369.7999999999995,2opt,notBad
3700,15,410.39999999999986,15,369.7999999999995,move,improve
3701,15,410.39999999999986,15,369.7999999999995,move,improve
3702,15,410.39999999999986,15,369.7999999999995,move,improve
3703,15,410.39999999999986,15,369.7999999999995,move,improve
3704,15,410.39999999999986,15,369.7999999999995,2opt,improve
3705,15,410.39999999999986,15,369.7999999999995,2opt,notBad
3706,15,410.39999999999986,15,369.7999999999995,move,improve
3707,15,410.39999999999986,15,369.7999999999995,swap,notBad
3708,15,410.39999999999986,15,369.7999999999995,2opt,notBad
3709,15,410.39999999999986,15,369.7999999999995,move,improve
3710,15,410.39999999999986,15,369.7999999999995,move,improve
3711,15,410.39999999999986,15,369.7999999999995,move,improve
3712,15,406.0000000000001,15,369.7999999999995,move,improve
3713,15,406.0000000000001,15,369.7999999999995,move,improve
3714,15,406.0000000000001,15,369.7999999999995,move,improve
3715,15,406.0000000000001,15,369.7999999999995,move,improve
3716,15,406.0000000000001,15,369.7999999999995,swap,notBad
3717,15,406.0000000000001,15,369.7999999999995,move,improve
3718,15,406.0000000000001,15,369.7999999999995,swap,notBad
3719,15,406.0000000000001,15,369.7999999999995,swap,notBad
3720,15,406.0000000000001,15,369.7999999999995,swap,notBad
3721,15,406.0000000000001,15,369.7999999999995,swap,notBad
3722,15,406.0000000000001,15,369.7999999999995,move,improve
3723,15,406.0000000000001,15,369.7999999999995,2opt,notBad
3724,15,406.0000000000001,15,369.7999999999995,2opt,notBad
3725,15,397.20000000000005,15,369.7999999999995,move,improve
3726,15,397.20000000000005,15,369.7999999999995,move,improve
3727,15,397.20000000000005,15,369.7999999999995,2opt,notBad
3728,15,397.20000000000005,15,369.7999999999995,2opt,notBad
3729,15,397.20000000000005,15,369.7999999999995,move,improve
3730,15,397.20000000000005,15,369.7999999999995,move,improve
3731,15,397.20000000000005,15,369.7999999999995,swap,notBad
3732,15,396.79999999999995,15,369.7999999999995,move,improve
3733,15,396.79999999999995,15,369.7999999999995,swap,notBad
3734,15,396.79999999999995,15,369.7999999999995,swap,notBad
3735,15,396.79999999999995,15,369.7999999999995,2opt,notBad
3736,15,396.79999999999995,15,369.7999999999995,swap,notBad
3737,15,398.0,15,369.7999999999995,swap,acceptBad
3738,15,398.0,15,369.7999999999995,move,improve
3739,15,398.0,15,369.7999999999995,swap,notBad
3740,15,398.0,15,369.7999999999995,move,improve
3741,15,398.0,15,369.7999999999995,swap,notBad
3742,15,398.0,15,369.7999999999995,move,improve
3743,15,398.0,15,369.7999999999995,move,improve
3744,15,398.0,15,369.7999999999995,2opt,notBad
3745,15,398.0,15,369.7999999999995,2opt,notBad
3746,15,398.0,15,369.7999999999995,2opt,improve
3747,15,398.0,15,369.7999999999995,move,improve
3748,15,398.0,15,369.7999999999995,2opt,improve
3749,15,398.0,15,369.7999999999995,swap,notBad
3750,15,398.0,15,369.7999999999995,swap,notBad
3751,15,398.0,15,369.7999999999995,swap,notBad
3752,15,398.0,15,369.7999999999995,2opt,notBad
3753,15,398.0,15,369.7999999999995,move,improve
3754,15,398.0,15,369.7999999999995,swap,notBad
3755,15,447.7999999999997,15,369.7999999999995,move,acceptBad
3756,15,447.7999999999997,15,369.7999999999995,move,improve
3757,15,447.7999999999997,15,369.7999999999995,swap,notBad
3758,15,447.79999999999984,15,369.7999999999995,swap,acceptBad
3759,15,447.79999999999984,15,369.7999999999995,swap,notBad
3760,15,447.79999999999984,15,369.7999999999995,swap,notBad
3761,15,459.7999999999997,15,369.7999999999995,swap,acceptBad
3762,15,459.7999999999997,15,369.7999999999995,move,improve
3763,15,459.7999999999997,15,369.7999999999995,swap,notBad
3764,15,417.20000000000005,15,369.7999999999995,move,improve
3765,15,417.20000000000005,15,369.7999999999995,move,improve
3766,15,417.20000000000005,15,369.7999999999995,2opt,notBad
3767,15,417.20000000000005,15,369.7999999999995,swap,notBad
3768,15,417.20000000000005,15,369.7999999999995,2opt,notBad
3769,15,417.20000000000005,15,369.7999999999995,move,improve
3770,15,417.20000000000005,15,369.7999999999995,2opt,notBad
3771,15,417.20000000000005,15,369.7999999999995,swap,notBad
3772,15,417.20000000000005,15,369.7999999999995,2opt,notBad
3773,15,417.20000000000005,15,369.7999999999995,2opt,notBad
3774,15,417.20000000000005,15,369.7999999999995,move,improve
3775,15,417.20000000000005,15,369.7999999999995,swap,notBad
3776,15,416.0,15,369.7999999999995,swap,improve
3777,15,416.0,15,369.7999999999995,2opt,notBad
3778,15,416.0,15,369.7999999999995,2opt,notBad
3779,15,416.0,15,369.7999999999995,swap,notBad
3780,15,416.0,15,369.7999999999995,2opt,improve
3781,15,416.0,15,369.7999999999995,move,improve
3782,15,449.6000000000005,15,369.7999999999995,swap,acceptBad
3783,15,420.6000000000006,15,369.7999999999995,move,improve
3784,15,420.6000000000006,15,369.7999999999995,swap,notBad
3785,15,420.6000000000006,15,369.7999999999995,move,improve
3786,15,410.8000000000005,15,369.7999999999995,move,improve
3787,15,410.8000000000005,15,369.7999999999995,move,improve
3788,15,410.8000000000005,15,369.7999999999995,2opt,notBad
3789,15,410.8000000000005,15,369.7999999999995,move,improve
3790,15,410.8000000000005,15,369.7999999999995,swap,notBad
3791,15,410.8000000000005,15,369.7999999999995,move,improve
3792,15,410.8000000000005,15,369.7999999999995,move,improve
3793,15,410.8000000000005,15,369.7999999999995,move,improve
3794,15,410.8000000000005,15,369.7999999999995,move,improve
3795,15,410.8000000000005,15,369.7999999999995,move,improve
3796,15,410.8000000000005,15,369.7999999999995,move,improve
3797,15,410.8000000000005,15,369.7999999999995,move,improve
3798,15,410.8000000000005,15,369.7999999999995,move,improve
3799,15,410.8000000000005,15,369.7999999999995,2opt,notBad
3800,15,410.8000000000005,15,369.7999999999995,2opt,notBad
3801,15,410.8000000000005,15,369.7999999999995,2opt,notBad
3802,15,410.8000000000005,15,369.7999999999995,2opt,improve
3803,15,410.8000000000005,15,369.7999999999995,move,improve
3804,15,410.8000000000005,15,369.7999999999995,move,improve
3805,15,410.8000000000005,15,369.7999999999995,move,improve
3806,15,410.8000000000005,15,369.7999999999995,2opt,notBad
3807,15,410.8000000000005,15,369.7999999999995,2opt,notBad
3808,15,410.8000000000005,15,369.7999999999995,move,improve
3809,15,410.8000000000005,15,369.7999999999995,move,improve
3810,15,410.8000000000005,15,369.7999999999995,move,improve
3811,15,410.8000000000005,15,369.7999999999995,2opt,notBad
3812,15,410.8000000000005,15,369.7999999999995,swap,notBad
3813,15,410.8000000000005,15,369.7999999999995,swap,notBad
3814,15,410.8000000000005,15,369.7999999999995,2opt,improve
3815,15,410.8000000000005,15,369.7999999999995,2opt,notBad
3816,15,410.8000000000005,15,369.7999999999995,move,improve
3817,15,410.8000000000005,15,369.7999999999995,swap,notBad
3818,15,410.8000000000005,15,369.7999999999995,2opt,improve
3819,15,410.8000000000005,15,369.7999999999995,move,improve
3820,15,410.8000000000005,15,369.7999999999995,swap,notBad
3821,15,410.8000000000005,15,369.7999999999995,swap,notBad
3822,15,410.8000000000005,15,369.7999999999995,2opt,notBad
3823,15,410.8000000000005,15,369.7999999999995,move,improve
3824,15,410.8000000000005,15,369.7999999999995,move,improve
3825,15,410.8000000000005,15,369.7999999999995,2opt,notBad
3826,15,410.8000000000005,15,369.7999999999995,move,improve
3827,15,410.8000000000005,15,369.7999999999995,move,improve
3828,15,410.8000000000005,15,369.7999999999995,2opt,notBad
3829,15,410.8000000000005,15,369.7999999999995,2opt,improve
3830,15,410.8000000000005,15,369.7999999999995,move,improve
3831,15,410.8000000000005,15,369.7999999999995,swap,notBad
3832,15,410.8000000000005,15,369.7999999999995,swap,notBad
3833,15,410.8000000000005,15,369.7999999999995,2opt,improve
3834,15,410.8000000000005,15,369.7999999999995,move,improve
3835,15,410.8000000000005,15,369.7999999999995,move,improve
3836,15,410.8000000000005,15,369.7999999999995,2opt,notBad
3837,15,410.8000000000005,15,369.7999999999995,2opt,notBad
3838,15,410.8000000000005,15,369.7999999999995,move,improve
3839,15,410.8000000000005,15,369.7999999999995,move,improve
3840,15,410.8000000000005,15,369.7999999999995,swap,notBad
3841,15,410.8000000000005,15,369.7999999999995,move,improve
3842,15,410.8000000000005,15,369.7999999999995,move,improve
3843,15,410.8000000000005,15,369.7999999999995,swap,notBad
3844,15,410.8000000000005,15,369.7999999999995,swap,notBad
3845,15,410.8000000000005,15,369.7999999999995,move,improve
3846,15,410.8000000000005,15,369.7999999999995,swap,notBad
3847,15,410.8000000000005,15,369.7999999999995,2opt,notBad
3848,15,410.8000000000005,15,369.7999999999995,2opt,notBad
3849,15,410.8000000000005,15,369.7999999999995,swap,notBad
3850,15,410.8000000000005,15,369.7999999999995,move,improve
3851,15,410.8000000000005,15,369.7999999999995,swap,notBad
3852,15,410.8000000000005,15,369.7999999999995,move,improve
3853,15,410.8000000000005,15,369.7999999999995,move,improve
3854,15,410.8000000000005,15,369.7999999999995,swap,notBad
3855,15,410.8000000000005,15,369.7999999999995,swap,notBad
3856,15,410.8000000000005,15,369.7999999999995,move,improve
3857,15,410.8000000000005,15,369.7999999999995,2opt,notBad
3858,15,410.8000000000005,15,369.7999999999995,2opt,notBad
3859,15,410.8000000000005,15,369.7999999999995,swap,notBad
3860,15,410.8000000000005,15,369.7999999999995,2opt,notBad
3861,15,410.8000000000005,15,369.7999999999995,swap,notBad
3862,15,410.8000000000005,15,369.7999999999995,swap,notBad
3863,15,410.8000000000005,15,369.7999999999995,2opt,notBad
3864,15,410.8000000000005,15,369.7999999999995,2opt,notBad
3865,15,410.8000000000005,15,369.7999999999995,2opt,notBad
3866,15,410.8000000000005,15,369.7999999999995,move,improve
3867,15,410.8000000000005,15,369.7999999999995,move,improve
3868,15,410.8000000000005,15,369.7999999999995,swap,notBad
3869,15,410.8000000000005,15,369.7999999999995,swap,notBad
3870,15,410.8000000000005,15,369.7999999999995,2opt,notBad
3871,15,410.8000000000005,15,369.7999999999995,swap,notBad
3872,15,410.8000000000005,15,369.7999999999995,move,improve
3873,15,410.8000000000005,15,369.7999999999995,2opt,notBad
3874,15,410.8000000000005,15,369.7999999999995,move,improve
3875,15,467.00000000000045,15,369.7999999999995,move,acceptBad
3876,15,467.00000000000045,15,369.7999999999995,move,improve
3877,15,467.00000000000045,15,369.7999999999995,2opt,improve
3878,15,467.00000000000045,15,369.7999999999995,2opt,notBad
3879,15,467.00000000000045,15,369.7999999999995,swap,notBad
3880,15,467.00000000000045,15,369.7999999999995,2opt,notBad
3881,15,443.0000000000001,15,369.7999999999995,2opt,improve
3882,15,443.0000000000001,15,369.7999999999995,2opt,notBad
3883,15,443.0000000000001,15,369.7999999999995,2opt,notBad
3884,15,443.0000000000001,15,369.7999999999995,move,improve
3885,15,443.0000000000001,15,369.7999999999995,swap,notBad
3886,15,443.0000000000001,15,369.7999999999995,swap,notBad
3887,15,443.0000000000001,15,369.7999999999995,move,improve
3888,15,443.0000000000001,15,369.7999999999995,swap,notBad
3889,15,443.0000000000001,15,369.7999999999995,2opt,improve
3890,15,443.0000000000001,15,369.7999999999995,move,improve
3891,15,443.0000000000001,15,369.7999999999995,move,improve
3892,15,443.0000000000001,15,369.7999999999995,move,improve
3893,15,443.0000000000001,15,369.7999999999995,2opt,notBad
3894,15,443.0000000000001,15,369.7999999999995,swap,notBad
3895,15,443.0000000000001,15,369.7999999999995,move,improve
3896,15,465.2000000000003,15,369.7999999999995,swap,acceptBad
3897,15,465.2000000000003,15,369.7999999999995,swap,notBad
3898,15,465.2000000000003,15,369.7999999999995,swap,notBad
3899,15,465.2000000000003,15,369.7999999999995,move,improve
3900,15,465.2000000000003,15,369.7999999999995,swap,notBad
3901,15,465.2000000000003,15,369.7999999999995,move,improve
3902,15,465.2000000000003,15,369.7999999999995,2opt,notBad
3903,15,465.2000000000003,15,369.7999999999995,swap,notBad
3904,15,465.2000000000003,15,369.7999999999995,swap,notBad
3905,15,465.2000000000003,15,369.7999999999995,2opt,notBad
3906,15,465.2000000000003,15,369.7999999999995,move,improve
3907,15,465.2000000000003,15,369.7999999999995,2opt,notBad
3908,15,465.2000000000003,15,369.7999999999995,swap,notBad
3909,15,465.2000000000003,15,369.7999999999995,swap,notBad
3910,15,465.2000000000003,15,369.7999999999995,move,improve
3911,15,465.2000000000003,15,369.7999999999995,move,improve
3912,15,465.2000000000003,15,369.7999999999995,move,improve
3913,15,465.2000000000003,15,369.7999999999995,move,improve
3914,15,465.2000000000003,15,369.7999999999995,swap,notBad
3915,15,465.2000000000003,15,369.7999999999995,swap,notBad
3916,15,465.2000000000003,15,369.7999999999995,2opt,notBad
3917,15,465.2000000000003,15,369.7999999999995,2opt,notBad
3918,15,465.2000000000003,15,369.7999999999995,2opt,notBad
3919,15,465.2000000000003,15,369.7999999999995,move,improve
3920,15,465.2000000000003,15,369.7999999999995,swap,notBad
3921,15,465.2000000000003,15,369.7999999999995,move,improve
3922,15,465.2000000000003,15,369.7999999999995,move,improve
3923,15,465.2000000000003,15,369.7999999999995,move,improve
3924,15,465.2000000000003,15,369.7999999999995,2opt,notBad
3925,15,465.2000000000003,15,369.7999999999995,move,improve
3926,15,465.2000000000003,15,369.7999999999995,2opt,improve
3927,15,465.2000000000003,15,369.7999999999995,move,improve
3928,15,465.2000000000003,15,369.7999999999995,swap,notBad
3929,15,465.2000000000003,15,369.7999999999995,swap,notBad
3930,15,463.0000000000001,15,369.7999999999995,move,improve
3931,15,462.8000000000002,15,369.7999999999995,move,improve
3932,15,462.8000000000002,15,369.7999999999995,swap,notBad
3933,15,462.8000000000002,15,369.7999999999995,swap,notBad
3934,15,462.8000000000002,15,369.7999999999995,swap,notBad
3935,15,462.8000000000002,15,369.7999999999995,2opt,improve
3936,15,462.8000000000002,15,369.7999999999995,move,improve
3937,15,462.8000000000002,15,369.7999999999995,move,improve
3938,15,462.8000000000002,15,369.7999999999995,2opt,notBad
3939,15,462.8000000000002,15,369.7999999999995,move,improve
3940,15,462.8000000000002,15,369.7999999999995,swap,notBad
3941,15,462.8000000000002,15,369.7999999999995,move,improve
3942,15,462.8000000000002,15,369.7999999999995,2opt,notBad
3943,15,462.8000000000002,15,369.7999999999995,move,improve
3944,15,462.8000000000002,15,369.7999999999995,swap,notBad
3945,15,462.8000000000002,15,369.7999999999995,move,notBad
3946,15,462.8000000000002,15,369.7999999999995,2opt,notBad
3947,15,462.8000000000002,15,369.7999999999995,2opt,notBad
3948,15,462.8000000000002,15,369.7999999999995,move,improve
3949,15,462.8000000000002,15,369.7999999999995,move,improve
3950,15,462.8000000000002,15,369.7999999999995,2opt,notBad
3951,15,462.8000000000002,15,369.7999999999995,2opt,notBad
3952,15,470.80000000000064,15,369.7999999999995,2opt,acceptBad
3953,15,470.80000000000064,15,369.7999999999995,swap,notBad
3954,15,470.80000000000064,15,369.7999999999995,move,improve
3955,15,470.80000000000064,15,369.7999999999995,2opt,notBad
3956,15,470.80000000000064,15,369.7999999999995,2opt,notBad
3957,15,470.80000000000064,15,369.7999999999995,move,improve
3958,15,470.80000000000064,15,369.7999999999995,swap,notBad
3959,15,470.80000000000064,15,369.7999999999995,2opt,notBad
3960,15,470.80000000000064,15,369.7999999999995,swap,notBad
3961,15,470.80000000000064,15,369.7999999999995,move,improve
3962,15,470.80000000000064,15,369.7999999999995,move,improve
3963,15,470.80000000000064,15,369.7999999999995,2opt,notBad
3964,15,470.80000000000064,15,369.7999999999995,2opt,improve
3965,15,470.80000000000064,15,369.7999999999995,move,improve
3966,15,470.80000000000064,15,369.7999999999995,move,improve
3967,15,470.80000000000064,15,369.7999999999995,swap,notBad
3968,15,417.60000000000025,15,369.7999999999995,2opt,improve
3969,15,417.60000000000025,15,369.7999999999995,2opt,improve
3970,15,417.60000000000025,15,369.7999999999995,2opt,notBad
3971,15,417.60000000000025,15,369.7999999999995,swap,notBad
3972,15,417.60000000000025,15,369.7999999999995,swap,notBad
3973,15,417.60000000000025,15,369.7999999999995,swap,notBad
3974,15,417.60000000000025,15,369.7999999999995,move,improve
3975,15,404.2000000000003,15,369.7999999999995,swap,improve
3976,15,404.2000000000003,15,369.7999999999995,2opt,notBad
3977,15,404.2000000000003,15,369.7999999999995,move,improve
3978,15,404.2000000000003,15,369.7999999999995,move,improve
3979,15,404.2000000000003,15,369.7999999999995,swap,notBad
3980,15,404.2000000000003,15,369.7999999999995,move,improve
3981,15,404.2000000000003,15,369.7999999999995,2opt,notBad
3982,15,404.2000000000003,15,369.7999999999995,2opt,notBad
3983,15,404.2000000000003,15,369.7999999999995,swap,notBad
3984,15,404.2000000000003,15,369.7999999999995,2opt,notBad
3985,15,404.2000000000003,15,369.7999999999995,move,improve
3986,15,404.2000000000003,15,369.7999999999995,2opt,improve
3987,15,404.2000000000003,15,369.7999999999995,2opt,notBad
3988,15,404.2000000000003,15,369.7999999999995,2opt,notBad
3989,15,404.2000000000003,15,369.7999999999995,move,improve
3990,15,404.2000000000003,15,369.7999999999995,2opt,notBad
3991,15,404.2000000000003,15,369.7999999999995,swap,notBad
3992,15,404.2000000000003,15,369.7999999999995,2opt,notBad
3993,15,404.2000000000003,15,369.7999999999995,swap,notBad
3994,15,404.2000000000003,15,369.7999999999995,move,improve
3995,15,404.2000000000003,15,369.7999999999995,move,improve
3996,15,404.2000000000003,15,369.7999999999995,swap,notBad
3997,15,440.4000000000003,15,369.7999999999995,swap,acceptBad
3998,15,440.4000000000003,15,369.7999999999995,move,improve
3999,15,440.4000000000003,15,369.7999999999995,2opt,improve
4000,15,440.4000000000003,15,369.7999999999995,move,improve
4001,15,440.4000000000003,15,369.7999999999995,move,improve
4002,15,411.4000000000004,15,369.7999999999995,move,improve
4003,15,411.4000000000004,15,369.7999999999995,move,notBad
4004,15,411.4000000000004,15,369.7999999999995,move,improve
4005,15,411.4000000000004,15,369.7999999999995,2opt,notBad
4006,15,411.4000000000004,15,369.7999999999995,2opt,improve
4007,15,411.4000000000004,15,369.7999999999995,move,improve
4008,15,411.4000000000004,15,369.7999999999995,swap,notBad
4009,15,411.4000000000004,15,369.7999999999995,swap,notBad
4010,15,411.4000000000004,15,369.7999999999995,swap,notBad
4011,15,411.4000000000004,15,369.7999999999995,swap,notBad
4012,15,411.4000000000004,15,369.7999999999995,2opt,notBad
4013,15,411.4000000000004,15,369.7999999999995,swap,notBad
4014,15,411.4000000000004,15,369.7999999999995,2opt,notBad
4015,15,411.4000000000004,15,369.7999999999995,move,improve
4016,15,411.4000000000004,15,369.7999999999995,2opt,notBad
4017,15,411.4000000000004,15,369.7999999999995,2opt,notBad
4018,15,411.4000000000004,15,369.7999999999995,move,improve
4019,15,411.4000000000004,15,369.7999999999995,move,improve
4020,15,411.4000000000004,15,369.7999999999995,move,improve
4021,15,411.4000000000004,15,369.7999999999995,move,improve
4022,15,411.4000000000004,15,369.7999999999995,2opt,notBad
4023,15,411.4000000000004,15,369.7999999999995,move,improve
4024,15,411.4000000000004,15,369.7999999999995,2opt,notBad
4025,15,411.4000000000004,15,369.7999999999995,move,improve
4026,15,411.4000000000004,15,369.7999999999995,2opt,notBad
4027,15,411.4000000000004,15,369.7999999999995,move,improve
4028,15,411.4000000000004,15,369.7999999999995,move,improve
4029,15,411.4000000000004,15,369.7999999999995,move,improve
4030,15,411.4000000000004,15,369.7999999999995,move,improve
4031,15,411.4000000000004,15,369.7999999999995,move,improve
4032,15,411.4000000000004,15,369.7999999999995,2opt,notBad
4033,15,433.60000000000025,15,369.7999999999995,swap,acceptBad
4034,15,433.60000000000025,15,369.7999999999995,swap,notBad
4035,15,433.60000000000025,15,369.7999999999995,swap,notBad
4036,15,433.60000000000025,15,369.7999999999995,move,improve
4037,15,433.60000000000025,15,369.7999999999995,move,improve
4038,15,433.60000000000025,15,369.7999999999995,swap,notBad
4039,15,433.60000000000025,15,369.7999999999995,move,improve
4040,15,452.4000000000002,15,369.7999999999995,swap,acceptBad
4041,15,452.4000000000002,15,369.7999999999995,swap,notBad
4042,15,452.4000000000002,15,369.7999999999995,2opt,notBad
4043,15,452.4000000000002,15,369.7999999999995,move,improve
4044,15,452.4000000000002,15,369.7999999999995,2opt,notBad
4045,15,452.4000000000002,15,369.7999999999995,move,improve
4046,15,452.4000000000002,15,369.7999999999995,move,improve
4047,15,452.4000000000002,15,369.7999999999995,move,improve
4048,15,452.4000000000002,15,369.7999999999995,2opt,notBad
4049,15,452.4000000000002,15,369.7999999999995,2opt,improve
4050,15,452.4000000000002,15,369.7999999999995,2opt,notBad
4051,15,452.4000000000002,15,369.7999999999995,move,improve
4052,15,452.4000000000002,15,369.7999999999995,move,improve
4053,15,467.8000000000002,15,369.7999999999995,swap,acceptBad
4054,15,467.8000000000002,15,369.7999999999995,move,improve
4055,15,467.8000000000002,15,369.7999999999995,move,improve
4056,15,467.8000000000002,15,369.7999999999995,swap,notBad
4057,15,467.8000000000002,15,369.7999999999995,swap,notBad
4058,15,467.8000000000002,15,369.7999999999995,swap,notBad
4059,15,467.8000000000002,15,369.7999999999995,swap,notBad
4060,15,467.8000000000002,15,369.7999999999995,2opt,notBad
4061,15,467.8000000000002,15,369.7999999999995,swap,notBad
4062,15,467.8000000000002,15,369.7999999999995,2opt,notBad
4063,15,454.20000000000016,15,369.7999999999995,move,improve
4064,15,454.20000000000016,15,369.7999999999995,swap,notBad
4065,15,454.20000000000016,15,369.7999999999995,move,improve
4066,15,454.20000000000016,15,369.7999999999995,2opt,notBad
4067,15,454.20000000000016,15,369.7999999999995,swap,notBad
4068,15,454.20000000000016,15,369.7999999999995,swap,notBad
4069,15,454.20000000000016,15,369.7999999999995,swap,notBad
4070,15,454.20000000000016,15,369.7999999999995,move,improve
4071,15,454.20000000000016,15,369.7999999999995,swap,notBad
4072,15,454.20000000000016,15,369.7999999999995,2opt,notBad
4073,15,454.20000000000016,15,369.7999999999995,move,improve
4074,15,454.20000000000016,15,369.7999999999995,2opt,notBad
4075,15,454.20000000000016,15,369.7999999999995,move,improve
4076,15,454.20000000000016,15,369.7999999999995,move,improve
4077,15,454.20000000000016,15,369.7999999999995,move,improve
4078,15,454.20000000000016,15,369.7999999999995,2opt,notBad
4079,15,454.20000000000016,15,369.7999999999995,swap,notBad
4080,15,454.20000000000016,15,369.7999999999995,swap,notBad
4081,15,454.20000000000016,15,369.7999999999995,move,improve
4082,15,454.20000000000016,15,369.7999999999995,swap,notBad
4083,15,454.20000000000016,15,369.7999999999995,swap,notBad
4084,15,454.20000000000016,15,369.7999999999995,swap,notBad
4085,15,485.4000000000003,15,369.7999999999995,swap,acceptBad
4086,15,485.4000000000003,15,369.7999999999995,2opt,notBad
4087,15,485.4000000000003,15,369.7999999999995,swap,notBad
4088,15,485.4000000000003,15,369.7999999999995,2opt,notBad
4089,15,485.4000000000003,15,369.7999999999995,swap,notBad
4090,15,485.4000000000003,15,369.7999999999995,2opt,notBad
4091,15,485.4000000000003,15,369.7999999999995,swap,notBad
4092,15,485.4000000000003,15,369.7999999999995,2opt,notBad
4093,15,485.4000000000003,15,369.7999999999995,swap,notBad
4094,15,485.4000000000003,15,369.7999999999995,move,improve
4095,15,485.4000000000003,15,369.7999999999995,2opt,improve
4096,15,485.4000000000003,15,369.7999999999995,2opt,notBad
4097,15,485.4000000000003,15,369.7999999999995,2opt,notBad
4098,15,486.60000000000036,15,369.7999999999995,swap,acceptBad
4099,15,486.60000000000036,15,369.7999999999995,move,improve
4100,15,486.60000000000036,15,369.7999999999995,swap,notBad
4101,15,486.60000000000036,15,369.7999999999995,swap,notBad
4102,15,485.4000000000003,15,369.7999999999995,swap,improve
4103,15,485.4000000000003,15,369.7999999999995,swap,notBad
4104,15,485.4000000000003,15,369.7999999999995,2opt,notBad
4105,15,485.4000000000003,15,369.7999999999995,swap,notBad
4106,15,485.4000000000003,15,369.7999999999995,move,improve
4107,15,485.4000000000003,15,369.7999999999995,move,improve
4108,15,485.4000000000003,15,369.7999999999995,2opt,notBad
4109,15,485.4000000000003,15,369.7999999999995,2opt,notBad
4110,15,485.4000000000003,15,369.7999999999995,move,improve
4111,15,485.4000000000003,15,369.7999999999995,2opt,notBad
4112,15,485.4000000000003,15,369.7999999999995,move,improve
4113,15,485.4000000000003,15,369.7999999999995,2opt,notBad
4114,15,485.4000000000003,15,369.7999999999995,move,improve
4115,15,485.4000000000003,15,369.7999999999995,move,improve
4116,15,485.4000000000003,15,369.7999999999995,2opt,notBad
4117,15,454.20000000000016,15,369.7999999999995,swap,improve
4118,15,454.20000000000016,15,369.7999999999995,move,improve
4119,15,454.20000000000016,15,369.7999999999995,swap,notBad
4120,15,454.20000000000016,15,369.7999999999995,swap,notBad
4121,15,454.20000000000016,15,369.7999999999995,move,improve
4122,15,454.20000000000016,15,369.7999999999995,move,improve
4123,15,454.20000000000016,15,369.7999999999995,swap,notBad
4124,15,454.20000000000016,15,369.7999999999995,move,improve
4125,15,454.20000000000016,15,369.7999999999995,2opt,improve
4126,15,454.20000000000016,15,369.7999999999995,2opt,notBad
4127,15,454.20000000000016,15,369.7999999999995,move,improve
4128,15,454.20000000000016,15,369.7999999999995,2opt,notBad
4129,15,454.20000000000016,15,369.7999999999995,swap,notBad
4130,15,454.20000000000016,15,369.7999999999995,swap,notBad
4131,15,454.20000000000016,15,369.7999999999995,swap,notBad
4132,15,454.20000000000016,15,369.7999999999995,swap,notBad
4133,15,454.20000000000016,15,369.7999999999995,move,improve
4134,15,454.20000000000016,15,369.7999999999995,move,improve
4135,15,454.20000000000016,15,369.7999999999995,2opt,notBad
4136,15,454.20000000000016,15,369.7999999999995,swap,notBad
4137,15,454.20000000000016,15,369.7999999999995,2opt,notBad
4138,15,454.20000000000016,15,369.7999999999995,2opt,notBad
4139,15,451.79999999999995,15,369.7999999999995,swap,improve
4140,15,451.79999999999995,15,369.7999999999995,2opt,notBad
4141,15,451.79999999999995,15,369.7999999999995,move,improve
4142,15,451.79999999999995,15,369.7999999999995,move,improve
4143,15,451.79999999999995,15,369.7999999999995,2opt,notBad
4144,15,451.79999999999995,15,369.7999999999995,2opt,notBad
4145,15,451.79999999999995,15,369.7999999999995,move,improve
4146,15,451.79999999999995,15,369.7999999999995,2opt,notBad
4147,15,451.79999999999995,15,369.7999999999995,2opt,notBad
4148,15,451.79999999999995,15,369.7999999999995,move,improve
4149,15,451.79999999999995,15,369.7999999999995,2opt,notBad
4150,15,451.79999999999995,15,369.7999999999995,move,improve
4151,15,451.79999999999995,15,369.7999999999995,move,improve
4152,15,451.79999999999995,15,369.7999999999995,2opt,notBad
4153,15,451.79999999999995,15,369.7999999999995,move,improve
4154,15,435.80000000000007,15,369.7999999999995,swap,improve
4155,15,435.80000000000007,15,369.7999999999995,move,improve
4156,15,435.80000000000007,15,369.7999999999995,2opt,notBad
4157,15,435.80000000000007,15,369.7999999999995,swap,notBad
4158,15,435.80000000000007,15,369.7999999999995,2opt,notBad
4159,15,435.80000000000007,15,369.7999999999995,2opt,improve
4160,15,435.80000000000007,15,369.7999999999995,2opt,notBad
4161,15,435.80000000000007,15,369.7999999999995,move,improve
4162,15,435.80000000000007,15,369.7999999999995,2opt,improve
4163,15,435.80000000000007,15,369.7999999999995,2opt,notBad
4164,15,435.80000000000007,15,369.7999999999995,2opt,notBad
4165,15,435.80000000000007,15,369.7999999999995,swap,notBad
4166,15,435.80000000000007,15,369.7999999999995,2opt,notBad
4167,15,435.80000000000007,15,369.7999999999995,move,improve
4168,15,435.80000000000007,15,369.7999999999995,swap,notBad
4169,15,435.80000000000007,15,369.7999999999995,swap,notBad
4170,15,435.80000000000007,15,369.7999999999995,move,improve
4171,15,435.80000000000007,15,369.7999999999995,swap,notBad
4172,15,435.80000000000007,15,369.7999999999995,swap,notBad
4173,15,435.80000000000007,15,369.7999999999995,swap,notBad
4174,15,435.80000000000007,15,369.7999999999995,move,improve
4175,15,435.80000000000007,15,369.7999999999995,move,improve
4176,15,435.80000000000007,15,369.7999999999995,move,improve
4177,15,435.80000000000007,15,369.7999999999995,swap,notBad
4178,15,435.80000000000007,15,369.7999999999995,move,improve
4179,15,435.80000000000007,15,369.7999999999995,move,improve
4180,15,435.80000000000007,15,369.7999999999995,move,improve
4181,15,435.80000000000007,15,369.7999999999995,2opt,notBad
4182,15,435.80000000000007,15,369.7999999999995,swap,notBad
4183,15,435.80000000000007,15,369.7999999999995,2opt,notBad
4184,15,435.80000000000007,15,369.7999999999995,swap,notBad
4185,15,435.80000000000007,15,369.7999999999995,move,improve
4186,15,435.80000000000007,15,369.7999999999995,swap,notBad
4187,15,435.80000000000007,15,369.7999999999995,2opt,improve
4188,15,435.80000000000007,15,369.7999999999995,2opt,notBad
4189,15,435.80000000000007,15,369.7999999999995,move,improve
4190,15,435.80000000000007,15,369.7999999999995,swap,notBad
4191,15,435.80000000000007,15,369.7999999999995,swap,notBad
4192,15,435.80000000000007,15,369.7999999999995,swap,notBad
4193,15,435.80000000000007,15,369.7999999999995,swap,notBad
4194,15,435.80000000000007,15,369.7999999999995,swap,notBad
4195,15,435.80000000000007,15,369.7999999999995,swap,notBad
4196,15,435.80000000000007,15,369.7999999999995,2opt,notBad
4197,15,435.80000000000007,15,369.7999999999995,swap,notBad
4198,15,428.80000000000007,15,369.7999999999995,swap,improve
4199,15,428.80000000000007,15,369.7999999999995,swap,notBad
4200,15,428.80000000000007,15,369.7999999999995,swap,notBad
4201,15,428.80000000000007,15,369.7999999999995,2opt,notBad
4202,15,428.80000000000007,15,369.7999999999995,move,improve
4203,15,428.80000000000007,15,369.7999999999995,swap,notBad
4204,15,428.80000000000007,15,369.7999999999995,move,improve
4205,15,428.80000000000007,15,369.7999999999995,2opt,notBad
4206,15,428.80000000000007,15,369.7999999999995,swap,notBad
4207,15,428.80000000000007,15,369.7999999999995,2opt,improve
4208,15,428.80000000000007,15,369.7999999999995,swap,notBad
4209,15,428.80000000000007,15,369.7999999999995,move,improve
4210,15,428.80000000000007,15,369.7999999999995,2opt,notBad
4211,15,428.80000000000007,15,369.7999999999995,move,improve
4212,15,428.80000000000007,15,369.7999999999995,2opt,notBad
4213,15,428.80000000000007,15,369.7999999999995,move,improve
4214,15,428.80000000000007,15,369.7999999999995,move,improve
4215,15,428.80000000000007,15,369.7999999999995,move,improve
4216,15,428.80000000000007,15,369.7999999999995,move,improve
4217,15,428.80000000000007,15,369.7999999999995,2opt,improve
4218,15,428.80000000000007,15,369.7999999999995,2opt,notBad
4219,15,428.80000000000007,15,369.7999999999995,swap,notBad
4220,15,428.80000000000007,15,369.7999999999995,swap,notBad
4221,15,428.80000000000007,15,369.7999999999995,2opt,notBad
4222,15,428.80000000000007,15,369.7999999999995,swap,notBad
4223,15,428.80000000000007,15,369.7999999999995,move,improve
4224,15,428.80000000000007,15,369.7999999999995,move,improve
4225,15,428.80000000000007,15,369.7999999999995,2opt,notBad
4226,15,428.80000000000007,15,369.7999999999995,swap,notBad
4227,15,428.80000000000007,15,369.7999999999995,2opt,notBad
4228,15,428.80000000000007,15,369.7999999999995,2opt,notBad
4229,15,428.80000000000007,15,369.7999999999995,move,improve
4230,15,428.80000000000007,15,369.7999999999995,move,improve
4231,15,428.80000000000007,15,369.7999999999995,swap,notBad
4232,15,428.80000000000007,15,369.7999999999995,move,improve
4233,15,428.80000000000007,15,369.7999999999995,swap,notBad
4234,15,428.80000000000007,15,369.7999999999995,swap,notBad
4235,15,428.80000000000007,15,369.7999999999995,2opt,notBad
4236,15,428.80000000000007,15,369.7999999999995,swap,notBad
4237,15,428.80000000000007,15,369.7999999999995,swap,notBad
4238,15,428.80000000000007,15,369.7999999999995,swap,notBad
4239,15,428.80000000000007,15,369.7999999999995,swap,notBad
4240,15,428.80000000000007,15,369.7999999999995,swap,notBad
4241,15,428.80000000000007,15,369.7999999999995,2opt,notBad
4242,15,428.80000000000007,15,369.7999999999995,move,improve
4243,15,428.80000000000007,15,369.7999999999995,move,notBad
4244,15,428.80000000000007,15,369.7999999999995,2opt,notBad
4245,15,428.80000000000007,15,369.7999999999995,2opt,notBad
4246,15,428.80000000000007,15,369.7999999999995,swap,notBad
4247,15,428.80000000000007,15,369.7999999999995,move,improve
4248,15,428.80000000000007,15,369.7999999999995,swap,notBad
4249,15,428.80000000000007,15,369.7999999999995,2opt,notBad
4250,15,428.80000000000007,15,369.7999999999995,move,improve
4251,15,428.80000000000007,15,369.7999999999995,swap,notBad
4252,15,428.80000000000007,15,369.7999999999995,2opt,improve
4253,15,428.80000000000007,15,369.7999999999995,2opt,notBad
4254,15,428.80000000000007,15,369.7999999999995,move,improve
4255,15,428.80000000000007,15,369.7999999999995,move,improve
4256,15,428.80000000000007,15,369.7999999999995,2opt,notBad
4257,15,428.80000000000007,15,369.7999999999995,move,improve
4258,15,428.80000000000007,15,369.7999999999995,swap,notBad
4259,15,428.80000000000007,15,369.7999999999995,2opt,notBad
4260,15,428.80000000000007,15,369.7999999999995,swap,notBad
4261,15,428.80000000000007,15,369.7999999999995,2opt,notBad
4262,15,428.80000000000007,15,369.7999999999995,move,improve
4263,15,428.80000000000007,15,369.7999999999995,2opt,notBad
4264,15,428.80000000000007,15,369.7999999999995,move,improve
4265,15,428.80000000000007,15,369.7999999999995,move,improve
4266,15,428.80000000000007,15,369.7999999999995,move,improve
4267,15,428.80000000000007,15,369.7999999999995,2opt,notBad
4268,15,428.80000000000007,15,369.7999999999995,2opt,notBad
4269,15,428.80000000000007,15,369.7999999999995,move,improve
4270,15,428.80000000000007,15,369.7999999999995,swap,notBad
4271,15,428.80000000000007,15,369.7999999999995,2opt,notBad
4272,15,428.80000000000007,15,369.7999999999995,swap,notBad
4273,15,428.80000000000007,15,369.7999999999995,swap,notBad
4274,15,428.80000000000007,15,369.7999999999995,2opt,notBad
4275,15,428.80000000000007,15,369.7999999999995,move,improve
4276,15,428.80000000000007,15,369.7999999999995,2opt,notBad
4277,15,428.80000000000007,15,369.7999999999995,swap,notBad
4278,15,428.80000000000007,15,369.7999999999995,swap,notBad
4279,15,428.80000000000007,15,369.7999999999995,move,improve
4280,15,428.80000000000007,15,369.7999999999995,move,improve
4281,15,428.80000000000007,15,369.7999999999995,move,improve
4282,15,428.80000000000007,15,369.7999999999995,2opt,notBad
4283,15,428.80000000000007,15,369.7999999999995,2opt,notBad
4284,15,428.80000000000007,15,369.7999999999995,2opt,improve
4285,15,428.80000000000007,15,369.7999999999995,2opt,notBad
4286,15,428.80000000000007,15,369.7999999999995,swap,notBad
4287,15,428.80000000000007,15,369.7999999999995,move,improve
4288,15,428.80000000000007,15,369.7999999999995,swap,notBad
4289,15,428.80000000000007,15,369.7999999999995,swap,notBad
4290,15,428.80000000000007,15,369.7999999999995,move,improve
4291,15,428.80000000000007,15,369.7999999999995,2opt,notBad
4292,15,428.80000000000007,15,369.7999999999995,2opt,notBad
4293,15,428.80000000000007,15,369.7999999999995,swap,notBad
4294,15,428.80000000000007,15,369.7999999999995,2opt,notBad
4295,15,428.80000000000007,15,369.7999999999995,2opt,notBad
4296,15,428.80000000000007,15,369.7999999999995,move,improve
4297,15,428.80000000000007,15,369.7999999999995,2opt,notBad
4298,15,428.80000000000007,15,369.7999999999995,swap,notBad
4299,15,411.8000000000002,15,369.7999999999995,move,improve
4300,15,411.8000000000002,15,369.7999999999995,swap,notBad
4301,15,411.8000000000002,15,369.7999999999995,2opt,notBad
4302,15,411.8000000000002,15,369.7999999999995,move,improve
4303,15,411.8000000000002,15,369.7999999999995,swap,notBad
4304,15,411.8000000000002,15,369.7999999999995,2opt,notBad
4305,15,411.8000000000002,15,369.7999999999995,move,improve
4306,15,411.8000000000002,15,369.7999999999995,swap,notBad
4307,15,411.8000000000002,15,369.7999999999995,move,improve
4308,15,411.8000000000002,15,369.7999999999995,move,improve
4309,15,411.8000000000002,15,369.7999999999995,2opt,notBad
4310,15,411.8000000000002,15,369.7999999999995,2opt,notBad
4311,15,411.8000000000002,15,369.7999999999995,move,improve
4312,15,411.8000000000002,15,369.7999999999995,move,improve
4313,15,432.8000000000003,15,369.7999999999995,swap,acceptBad
4314,15,432.8000000000003,15,369.7999999999995,move,improve
4315,15,432.8000000000003,15,369.7999999999995,move,improve
4316,15,432.8000000000003,15,369.7999999999995,2opt,improve
4317,15,432.8000000000003,15,369.7999999999995,2opt,notBad
4318,15,432.8000000000003,15,369.7999999999995,2opt,notBad
4319,15,432.8000000000003,15,369.7999999999995,2opt,notBad
4320,15,432.8000000000003,15,369.7999999999995,move,improve
4321,15,432.8000000000003,15,369.7999999999995,2opt,notBad
4322,15,432.8000000000003,15,369.7999999999995,swap,notBad
4323,15,432.8000000000003,15,369.7999999999995,2opt,notBad
4324,15,432.8000000000003,15,369.7999999999995,swap,notBad
4325,15,432.8000000000003,15,369.7999999999995,swap,notBad
4326,15,432.8000000000003,15,369.7999999999995,move,improve
4327,15,432.8000000000003,15,369.7999999999995,move,improve
4328,15,432.8000000000003,15,369.7999999999995,2opt,notBad
4329,15,432.8000000000003,15,369.7999999999995,swap,notBad
4330,15,432.8000000000003,15,369.7999999999995,2opt,notBad
4331,15,432.8000000000003,15,369.7999999999995,2opt,improve
4332,15,432.8000000000003,15,369.7999999999995,move,improve
4333,15,432.8000000000003,15,369.7999999999995,2opt,notBad
4334,15,432.8000000000003,15,369.7999999999995,move,improve
4335,15,432.8000000000003,15,369.7999999999995,2opt,notBad
4336,15,432.8000000000003,15,369.7999999999995,move,improve
4337,15,436.6,15,369.7999999999995,swap,acceptBad
4338,15,436.6,15,369.7999999999995,swap,notBad
4339,15,436.6,15,369.7999999999995,move,improve
4340,15,436.6,15,369.7999999999995,move,improve
4341,15,436.6,15,369.7999999999995,2opt,improve
4342,15,436.6,15,369.7999999999995,move,improve
4343,15,436.6,15,369.7999999999995,swap,notBad
4344,15,436.6,15,369.7999999999995,swap,notBad
4345,15,436.6,15,369.7999999999995,swap,notBad
4346,15,436.6,15,369.7999999999995,swap,notBad
4347,15,436.6,15,369.7999999999995,2opt,notBad
4348,15,436.6,15,369.7999999999995,2opt,notBad
4349,15,436.6,15,369.7999999999995,2opt,improve
4350,15,436.6,15,369.7999999999995,move,improve
4351,15,436.6,15,369.7999999999995,2opt,notBad
4352,15,436.6,15,369.7999999999995,swap,notBad
4353,15,453.60000000000014,15,369.7999999999995,swap,acceptBad
4354,15,453.60000000000014,15,369.7999999999995,move,improve
4355,15,453.60000000000014,15,369.7999999999995,swap,notBad
4356,15,453.60000000000014,15,369.7999999999995,move,improve
4357,15,453.60000000000014,15,369.7999999999995,2opt,notBad
4358,15,453.60000000000014,15,369.7999999999995,move,improve
4359,15,453.60000000000014,15,369.7999999999995,move,improve
4360,15,453.60000000000014,15,369.7999999999995,swap,notBad
4361,15,453.60000000000014,15,369.7999999999995,2opt,notBad
4362,15,453.60000000000014,15,369.7999999999995,2opt,notBad
4363,15,453.60000000000014,15,369.7999999999995,move,improve
4364,15,453.60000000000014,15,369.7999999999995,move,improve
4365,15,453.60000000000014,15,369.7999999999995,swap,notBad
4366,15,453.60000000000014,15,369.7999999999995,2opt,improve
4367,15,453.60000000000014,15,369.7999999999995,2opt,notBad
4368,15,453.60000000000014,15,369.7999999999995,move,improve
4369,15,453.60000000000014,15,369.7999999999995,swap,notBad
4370,15,453.60000000000014,15,369.7999999999995,move,improve
4371,15,453.60000000000014,15,369.7999999999995,swap,notBad
4372,15,453.60000000000014,15,369.7999999999995,2opt,notBad
4373,15,453.60000000000014,15,369.7999999999995,2opt,notBad
4374,15,453.60000000000014,15,369.7999999999995,2opt,notBad
4375,15,453.60000000000014,15,369.7999999999995,swap,notBad
4376,15,453.60000000000014,15,369.7999999999995,swap,notBad
4377,15,453.60000000000014,15,369.7999999999995,2opt,notBad
4378,15,453.60000000000014,15,369.7999999999995,move,improve
4379,15,453.60000000000014,15,369.7999999999995,2opt,notBad
4380,15,453.60000000000014,15,369.7999999999995,swap,notBad
4381,15,453.60000000000014,15,369.7999999999995,move,improve
4382,15,453.60000000000014,15,369.7999999999995,move,improve
4383,15,453.60000000000014,15,369.7999999999995,2opt,improve
4384,15,453.60000000000014,15,369.7999999999995,swap,notBad
4385,15,453.60000000000014,15,369.7999999999995,move,improve
4386,15,453.60000000000014,15,369.7999999999995,2opt,notBad
4387,15,453.60000000000014,15,369.7999999999995,swap,notBad
4388,15,453.60000000000014,15,369.7999999999995,swap,notBad
4389,15,453.60000000000014,15,369.7999999999995,swap,notBad
4390,15,453.60000000000014,15,369.7999999999995,2opt,notBad
4391,15,453.60000000000014,15,369.7999999999995,move,improve
4392,15,453.60000000000014,15,369.7999999999995,swap,notBad
4393,15,453.60000000000014,15,369.7999999999995,2opt,notBad
4394,15,437.20000000000016,15,369.7999999999995,move,improve
4395,15,437.20000000000016,15,369.7999999999995,swap,notBad
4396,15,437.20000000000016,15,369.7999999999995,2opt,notBad
4397,15,437.20000000000016,15,369.7999999999995,swap,notBad
4398,15,437.20000000000016,15,369.7999999999995,2opt,notBad
4399,15,437.20000000000016,15,369.7999999999995,move,improve
4400,15,437.20000000000016,15,369.7999999999995,move,improve
4401,15,437.20000000000016,15,369.7999999999995,2opt,notBad
4402,15,437.20000000000016,15,369.7999999999995,swap,notBad
4403,15,437.20000000000016,15,369.7999999999995,2opt,notBad
4404,15,437.20000000000016,15,369.7999999999995,move,improve
4405,15,437.20000000000016,15,369.7999999999995,move,improve
4406,15,437.20000000000016,15,369.7999999999995,move,improve
4407,15,459.00000000000045,15,369.7999999999995,swap,acceptBad
4408,15,459.00000000000045,15,369.7999999999995,move,improve
4409,15,459.00000000000045,15,369.7999999999995,2opt,notBad
4410,15,459.00000000000045,15,369.7999999999995,move,improve
4411,15,459.00000000000045,15,369.7999999999995,move,improve
4412,15,459.00000000000045,15,369.7999999999995,2opt,notBad
4413,15,459.00000000000045,15,369.7999999999995,2opt,notBad
4414,15,459.00000000000045,15,369.7999999999995,2opt,notBad
4415,15,459.00000000000045,15,369.7999999999995,2opt,notBad
4416,15,459.00000000000045,15,369.7999999999995,move,improve
4417,15,459.00000000000045,15,369.7999999999995,move,improve
4418,15,459.00000000000045,15,369.7999999999995,move,improve
4419,15,459.00000000000045,15,369.7999999999995,2opt,improve
4420,15,459.00000000000045,15,369.7999999999995,move,improve
4421,15,459.00000000000045,15,369.7999999999995,move,improve
4422,15,459.00000000000045,15,369.7999999999995,2opt,improve
4423,15,459.00000000000045,15,369.7999999999995,move,improve
4424,15,459.00000000000045,15,369.7999999999995,2opt,notBad
4425,15,459.00000000000045,15,369.7999999999995,move,improve
4426,15,459.00000000000045,15,369.7999999999995,move,improve
4427,15,459.00000000000045,15,369.7999999999995,swap,notBad
4428,15,459.00000000000045,15,369.7999999999995,move,improve
4429,15,459.00000000000045,15,369.7999999999995,move,improve
4430,15,459.00000000000045,15,369.7999999999995,2opt,notBad
4431,15,459.00000000000045,15,369.7999999999995,2opt,notBad
4432,15,459.00000000000045,15,369.7999999999995,move,improve
4433,15,459.00000000000045,15,369.7999999999995,move,improve
4434,15,459.00000000000045,15,369.7999999999995,2opt,notBad
4435,15,459.00000000000045,15,369.7999999999995,move,improve
4436,15,459.00000000000045,15,369.7999999999995,swap,notBad
4437,15,459.00000000000045,15,369.7999999999995,move,improve
4438,15,459.00000000000045,15,369.7999999999995,2opt,notBad
4439,15,459.00000000000045,15,369.7999999999995,swap,notBad
4440,15,459.00000000000045,15,369.7999999999995,move,improve
4441,15,459.00000000000045,15,369.7999999999995,move,improve
4442,15,459.00000000000045,15,369.7999999999995,move,improve
4443,15,459.00000000000045,15,369.7999999999995,move,improve
4444,15,459.00000000000045,15,369.7999999999995,2opt,notBad
4445,15,459.00000000000045,15,369.7999999999995,move,improve
4446,15,459.00000000000045,15,369.7999999999995,2opt,notBad
4447,15,459.00000000000045,15,369.7999999999995,move,improve
4448,15,459.00000000000045,15,369.7999999999995,2opt,notBad
4449,15,459.00000000000045,15,369.7999999999995,swap,notBad
4450,15,459.00000000000045,15,369.7999999999995,2opt,notBad
4451,15,459.00000000000045,15,369.7999999999995,swap,notBad
4452,15,459.00000000000045,15,369.7999999999995,move,improve
4453,15,459.00000000000045,15,369.7999999999995,2opt,notBad
4454,15,459.00000000000045,15,369.7999999999995,2opt,notBad
4455,15,459.00000000000045,15,369.7999999999995,2opt,notBad
4456,15,459.00000000000045,15,369.7999999999995,move,improve
4457,15,459.00000000000045,15,369.7999999999995,move,improve
4458,15,459.00000000000045,15,369.7999999999995,2opt,notBad
4459,15,459.00000000000045,15,369.7999999999995,swap,notBad
4460,15,459.00000000000045,15,369.7999999999995,2opt,notBad
4461,15,459.00000000000045,15,369.7999999999995,2opt,improve
4462,15,459.00000000000045,15,369.7999999999995,swap,notBad
4463,15,459.00000000000045,15,369.7999999999995,2opt,notBad
4464,15,459.00000000000045,15,369.7999999999995,move,improve
4465,15,459.00000000000045,15,369.7999999999995,swap,notBad
4466,15,459.00000000000045,15,369.7999999999995,move,improve
4467,15,459.00000000000045,15,369.7999999999995,swap,notBad
4468,15,459.00000000000045,15,369.7999999999995,swap,notBad
4469,15,459.00000000000045,15,369.7999999999995,2opt,improve
4470,15,459.00000000000045,15,369.7999999999995,swap,notBad
4471,15,459.00000000000045,15,369.7999999999995,swap,notBad
4472,15,459.00000000000045,15,369.7999999999995,move,improve
4473,15,459.00000000000045,15,369.7999999999995,move,improve
4474,15,459.00000000000045,15,369.7999999999995,2opt,notBad
4475,15,459.00000000000045,15,369.7999999999995,2opt,notBad
4476,15,459.00000000000045,15,369.7999999999995,2opt,notBad
4477,15,459.00000000000045,15,369.7999999999995,swap,notBad
4478,15,459.00000000000045,15,369.7999999999995,2opt,notBad
4479,15,459.00000000000045,15,369.7999999999995,swap,notBad
4480,15,459.00000000000045,15,369.7999999999995,swap,notBad
4481,15,459.00000000000045,15,369.7999999999995,swap,notBad
4482,15,459.00000000000045,15,369.7999999999995,move,improve
4483,15,459.00000000000045,15,369.7999999999995,swap,notBad
4484,15,459.00000000000045,15,369.7999999999995,move,improve
4485,15,459.00000000000045,15,369.7999999999995,2opt,notBad
4486,15,459.00000000000045,15,369.7999999999995,2opt,improve
4487,15,459.00000000000045,15,369.7999999999995,2opt,notBad
4488,15,459.00000000000045,15,369.7999999999995,move,improve
4489,15,459.00000000000045,15,369.7999999999995,2opt,notBad
4490,15,459.00000000000045,15,369.7999999999995,move,improve
4491,15,459.00000000000045,15,369.7999999999995,swap,notBad
4492,15,459.00000000000045,15,369.7999999999995,move,improve
4493,15,459.00000000000045,15,369.7999999999995,2opt,notBad
4494,15,459.00000000000045,15,369.7999999999995,move,improve
4495,15,459.00000000000045,15,369.7999999999995,move,improve
4496,15,459.00000000000045,15,369.7999999999995,swap,notBad
4497,15,459.00000000000045,15,369.7999999999995,move,improve
4498,15,459.00000000000045,15,369.7999999999995,move,improve
4499,15,459.00000000000045,15,369.7999999999995,2opt,notBad
4500,15,459.00000000000045,15,369.7999999999995,swap,notBad
4501,15,459.00000000000045,15,369.7999999999995,swap,notBad
4502,15,459.00000000000045,15,369.7999999999995,2opt,notBad
4503,15,459.00000000000045,15,369.7999999999995,swap,notBad
4504,15,459.00000000000045,15,369.7999999999995,2opt,notBad
4505,15,459.00000000000045,15,369.7999999999995,swap,notBad
4506,15,459.00000000000045,15,369.7999999999995,swap,notBad
4507,15,459.00000000000045,15,369.7999999999995,2opt,notBad
4508,15,459.00000000000045,15,369.7999999999995,swap,notBad
4509,15,459.00000000000045,15,369.7999999999995,swap,notBad
4510,15,459.00000000000045,15,369.7999999999995,2opt,notBad
4511,15,459.00000000000045,15,369.7999999999995,move,improve
4512,15,459.00000000000045,15,369.7999999999995,swap,notBad
4513,15,459.00000000000045,15,369.7999999999995,2opt,notBad
4514,15,459.00000000000045,15,369.7999999999995,move,improve
4515,15,459.00000000000045,15,369.7999999999995,swap,notBad
4516,15,459.00000000000045,15,369.7999999999995,swap,notBad
4517,15,459.00000000000045,15,369.7999999999995,move,improve
4518,15,459.00000000000045,15,369.7999999999995,move,improve
4519,15,459.00000000000045,15,369.7999999999995,2opt,notBad
4520,15,469.40000000000055,15,369.7999999999995,2opt,acceptBad
4521,15,469.40000000000055,15,369.7999999999995,2opt,notBad
4522,15,469.40000000000055,15,369.7999999999995,2opt,improve
4523,15,469.40000000000055,15,369.7999999999995,2opt,notBad
4524,15,469.40000000000055,15,369.7999999999995,2opt,notBad
4525,15,469.40000000000055,15,369.7999999999995,swap,notBad
4526,15,469.40000000000055,15,369.7999999999995,move,improve
4527,15,469.40000000000055,15,369.7999999999995,move,improve
4528,15,469.40000000000055,15,369.7999999999995,swap,notBad
4529,15,436.00000000000045,15,369.7999999999995,swap,improve
4530,15,436.00000000000045,15,369.7999999999995,swap,notBad
4531,15,436.00000000000045,15,369.7999999999995,swap,notBad
4532,15,436.00000000000045,15,369.7999999999995,2opt,notBad
4533,15,436.00000000000045,15,369.7999999999995,2opt,notBad
4534,15,436.00000000000045,15,369.7999999999995,swap,notBad
4535,15,436.00000000000045,15,369.7999999999995,2opt,notBad
4536,15,429.40000000000055,15,369.7999999999995,move,improve
4537,15,429.40000000000055,15,369.7999999999995,swap,notBad
4538,15,429.40000000000055,15,369.7999999999995,move,improve
4539,15,429.40000000000055,15,369.7999999999995,move,improve
4540,15,429.40000000000055,15,369.7999999999995,2opt,improve
4541,15,429.40000000000055,15,369.7999999999995,swap,notBad
4542,15,429.40000000000055,15,369.7999999999995,2opt,notBad
4543,15,429.40000000000055,15,369.7999999999995,2opt,notBad
4544,15,429.40000000000055,15,369.7999999999995,2opt,notBad
4545,15,429.40000000000055,15,369.7999999999995,swap,notBad
4546,15,429.40000000000055,15,369.7999999999995,2opt,notBad
4547,15,444.60000000000036,15,369.7999999999995,swap,acceptBad
4548,15,444.60000000000036,15,369.7999999999995,move,improve
4549,15,444.60000000000036,15,369.7999999999995,2opt,notBad
4550,15,444.60000000000036,15,369.7999999999995,2opt,notBad
4551,15,444.60000000000036,15,369.7999999999995,swap,notBad
4552,15,444.60000000000036,15,369.7999999999995,move,improve
4553,15,444.60000000000036,15,369.7999999999995,swap,notBad
4554,15,444.60000000000036,15,369.7999999999995,2opt,notBad
4555,15,444.60000000000036,15,369.7999999999995,swap,notBad
4556,15,444.60000000000036,15,369.7999999999995,move,improve
4557,15,444.60000000000036,15,369.7999999999995,swap,notBad
4558,15,444.60000000000036,15,369.7999999999995,2opt,notBad
4559,15,444.60000000000036,15,369.7999999999995,swap,notBad
4560,15,444.60000000000036,15,369.7999999999995,2opt,notBad
4561,15,444.60000000000036,15,369.7999999999995,2opt,notBad
4562,15,444.60000000000036,15,369.7999999999995,swap,notBad
4563,15,444.60000000000036,15,369.7999999999995,2opt,notBad
4564,15,444.60000000000036,15,369.7999999999995,move,improve
4565,15,389.20000000000016,15,369.7999999999995,swap,improve
4566,15,389.20000000000016,15,369.7999999999995,move,improve
4567,15,389.20000000000016,15,369.7999999999995,swap,notBad
4568,15,389.20000000000016,15,369.7999999999995,2opt,notBad
4569,15,389.20000000000016,15,369.7999999999995,2opt,notBad
4570,15,389.20000000000016,15,369.7999999999995,swap,notBad
4571,15,389.20000000000016,15,369.7999999999995,move,improve
4572,15,389.20000000000016,15,369.7999999999995,2opt,notBad
4573,15,389.20000000000016,15,369.7999999999995,move,improve
4574,15,389.20000000000016,15,369.7999999999995,2opt,notBad
4575,15,389.20000000000016,15,369.7999999999995,move,improve
4576,15,389.20000000000016,15,369.7999999999995,swap,notBad
4577,15,389.20000000000016,15,369.7999999999995,swap,notBad
4578,15,389.20000000000016,15,369.7999999999995,swap,notBad
4579,15,389.20000000000016,15,369.7999999999995,move,improve
4580,15,389.20000000000016,15,369.7999999999995,swap,notBad
4581,15,389.20000000000016,15,369.7999999999995,move,improve
4582,15,389.20000000000016,15,369.7999999999995,move,improve
4583,15,390.8000000000003,15,369.7999999999995,swap,acceptBad
4584,15,390.8000000000003,15,369.7999999999995,2opt,notBad
4585,15,390.8000000000003,15,369.7999999999995,swap,notBad
4586,15,390.8000000000003,15,369.7999999999995,move,improve
4587,15,390.8000000000003,15,369.7999999999995,swap,notBad
4588,15,390.8000000000003,15,369.7999999999995,move,improve
4589,15,390.8000000000003,15,369.7999999999995,move,improve
4590,15,390.8000000000003,15,369.7999999999995,2opt,notBad
4591,15,390.8000000000003,15,369.7999999999995,move,improve
4592,15,390.8000000000003,15,369.7999999999995,swap,notBad
4593,15,390.8000000000003,15,369.7999999999995,swap,notBad
4594,15,390.8000000000003,15,369.7999999999995,move,improve
4595,15,390.8000000000003,15,369.7999999999995,move,improve
4596,15,390.8000000000003,15,369.7999999999995,2opt,notBad
4597,15,390.8000000000003,15,369.7999999999995,2opt,notBad
4598,15,390.8000000000003,15,369.7999999999995,swap,notBad
4599,15,390.8000000000003,15,369.7999999999995,swap,notBad
4600,15,390.8000000000003,15,369.7999999999995,2opt,notBad
4601,15,390.8000000000003,15,369.7999999999995,swap,notBad
4602,15,390.8000000000003,15,369.7999999999995,2opt,notBad
4603,15,390.8000000000003,15,369.7999999999995,move,improve
4604,15,390.8000000000003,15,369.7999999999995,swap,notBad
4605,15,390.8000000000003,15,369.7999999999995,swap,notBad
4606,15,390.8000000000003,15,369.7999999999995,move,improve
4607,15,390.8000000000003,15,369.7999999999995,swap,notBad
4608,15,390.8000000000003,15,369.7999999999995,move,improve
4609,15,390.8000000000003,15,369.7999999999995,swap,notBad
4610,15,390.8000000000003,15,369.7999999999995,move,improve
4611,15,390.8000000000003,15,369.7999999999995,move,improve
4612,15,390.8000000000003,15,369.7999999999995,move,improve
4613,15,390.8000000000003,15,369.7999999999995,move,improve
4614,15,390.8000000000003,15,369.7999999999995,move,improve
4615,15,390.8000000000003,15,369.7999999999995,swap,notBad
4616,15,390.8000000000003,15,369.7999999999995,move,improve
4617,15,390.8000000000003,15,369.7999999999995,swap,notBad
4618,15,390.8000000000003,15,369.7999999999995,swap,notBad
4619,15,390.8000000000003,15,369.7999999999995,2opt,notBad
4620,15,390.8000000000003,15,369.7999999999995,2opt,notBad
4621,15,390.8000000000003,15,369.7999999999995,2opt,improve
4622,15,390.8000000000003,15,369.7999999999995,swap,notBad
4623,15,390.8000000000003,15,369.7999999999995,2opt,notBad
4624,15,390.8000000000003,15,369.7999999999995,2opt,notBad
4625,15,390.8000000000003,15,369.7999999999995,2opt,notBad
4626,15,390.8000000000003,15,369.7999999999995,2opt,notBad
4627,15,390.8000000000003,15,369.7999999999995,2opt,improve
4628,15,390.8000000000003,15,369.7999999999995,swap,notBad
4629,15,390.8000000000003,15,369.7999999999995,swap,notBad
4630,15,390.8000000000003,15,369.7999999999995,swap,notBad
4631,15,391.0000000000002,15,369.7999999999995,swap,acceptBad
4632,15,391.0000000000002,15,369.7999999999995,move,improve
4633,15,391.0000000000002,15,369.7999999999995,2opt,notBad
4634,15,391.0000000000002,15,369.7999999999995,move,improve
4635,15,391.0000000000002,15,369.7999999999995,2opt,notBad
4636,15,391.0000000000002,15,369.7999999999995,move,improve
4637,15,391.0000000000002,15,369.7999999999995,swap,notBad
4638,15,391.0000000000002,15,369.7999999999995,move,improve
4639,15,391.0000000000002,15,369.7999999999995,move,improve
4640,15,391.0000000000002,15,369.7999999999995,swap,notBad
4641,15,391.0000000000002,15,369.7999999999995,move,improve
4642,15,391.0000000000002,15,369.7999999999995,move,improve
4643,15,391.0000000000002,15,369.7999999999995,swap,notBad
4644,15,391.0000000000002,15,369.7999999999995,swap,notBad
4645,15,391.0000000000002,15,369.7999999999995,swap,notBad
4646,15,391.0000000000002,15,369.7999999999995,move,improve
4647,15,387.0000000000001,15,369.7999999999995,move,improve
4648,15,387.0000000000001,15,369.7999999999995,move,improve
4649,15,387.0000000000001,15,369.7999999999995,swap,notBad
4650,15,387.0000000000001,15,369.7999999999995,swap,notBad
4651,15,387.0000000000001,15,369.7999999999995,2opt,notBad
4652,15,387.0000000000001,15,369.7999999999995,swap,notBad
4653,15,387.0000000000001,15,369.7999999999995,2opt,notBad
4654,15,387.0000000000001,15,369.7999999999995,swap,notBad
4655,15,387.0000000000001,15,369.7999999999995,2opt,notBad
4656,15,387.0000000000001,15,369.7999999999995,swap,notBad
4657,15,387.0000000000001,15,369.7999999999995,move,improve
4658,15,387.0000000000001,15,369.7999999999995,2opt,notBad
4659,15,387.0000000000001,15,369.7999999999995,move,improve
4660,15,387.0000000000001,15,369.7999999999995,2opt,notBad
4661,15,387.0000000000001,15,369.7999999999995,swap,notBad
4662,15,387.0000000000001,15,369.7999999999995,2opt,improve
4663,15,387.0000000000001,15,369.7999999999995,2opt,notBad
4664,15,387.0000000000001,15,369.7999999999995,swap,notBad
4665,15,387.0000000000001,15,369.7999999999995,move,improve
4666,15,387.0000000000001,15,369.7999999999995,swap,notBad
4667,15,387.0000000000001,15,369.7999999999995,move,improve
4668,15,387.0000000000001,15,369.7999999999995,2opt,notBad
4669,15,387.0000000000001,15,369.7999999999995,move,improve
4670,15,405.60000000000014,15,369.7999999999995,swap,acceptBad
4671,15,405.60000000000014,15,369.7999999999995,swap,notBad
4672,15,405.60000000000014,15,369.7999999999995,2opt,notBad
4673,15,405.60000000000014,15,369.7999999999995,swap,notBad
4674,15,405.60000000000014,15,369.7999999999995,move,improve
4675,15,405.60000000000014,15,369.7999999999995,move,improve
4676,15,405.60000000000014,15,369.7999999999995,swap,notBad
4677,15,405.60000000000014,15,369.7999999999995,swap,notBad
4678,15,405.60000000000014,15,369.7999999999995,swap,notBad
4679,15,405.60000000000014,15,369.7999999999995,move,improve
4680,15,405.60000000000014,15,369.7999999999995,swap,notBad
4681,15,405.60000000000014,15,369.7999999999995,swap,notBad
4682,15,405.60000000000014,15,369.7999999999995,swap,notBad
4683,15,405.60000000000014,15,369.7999999999995,2opt,notBad
4684,15,405.60000000000014,15,369.7999999999995,2opt,notBad
4685,15,380.80000000000035,15,369.7999999999995,2opt,improve
4686,15,380.80000000000035,15,369.7999999999995,swap,notBad
4687,15,380.80000000000035,15,369.7999999999995,swap,notBad
4688,15,380.80000000000035,15,369.7999999999995,move,improve
4689,15,380.80000000000035,15,369.7999999999995,move,improve
4690,15,402.00000000000017,15,369.7999999999995,move,acceptBad
4691,15,402.00000000000017,15,369.7999999999995,2opt,notBad
4692,15,402.00000000000017,15,369.7999999999995,move,improve
4693,15,402.00000000000017,15,369.7999999999995,move,improve
4694,15,402.00000000000017,15,369.7999999999995,move,improve
4695,15,402.00000000000017,15,369.7999999999995,move,improve
4696,15,402.00000000000017,15,369.7999999999995,swap,notBad
4697,15,402.00000000000017,15,369.7999999999995,swap,notBad
4698,15,402.00000000000017,15,369.7999999999995,2opt,notBad
4699,15,402.00000000000017,15,369.7999999999995,2opt,notBad
4700,15,402.00000000000017,15,369.7999999999995,swap,notBad
4701,15,402.00000000000017,15,369.7999999999995,move,improve
4702,15,402.00000000000017,15,369.7999999999995,2opt,notBad
4703,15,402.00000000000017,15,369.7999999999995,swap,notBad
4704,15,402.00000000000017,15,369.7999999999995,move,improve
4705,15,398.8000000000003,15,369.7999999999995,move,improve
4706,15,398.8000000000003,15,369.7999999999995,2opt,notBad
4707,15,398.8000000000003,15,369.7999999999995,swap,notBad
4708,15,398.8000000000003,15,369.7999999999995,move,improve
4709,15,398.8000000000003,15,369.7999999999995,swap,notBad
4710,15,398.8000000000003,15,369.7999999999995,2opt,improve
4711,15,398.8000000000003,15,369.7999999999995,2opt,notBad
4712,15,398.8000000000003,15,369.7999999999995,move,improve
4713,15,398.8000000000003,15,369.7999999999995,2opt,notBad
4714,15,398.8000000000003,15,369.7999999999995,swap,notBad
4715,15,398.8000000000003,15,369.7999999999995,move,improve
4716,15,398.8000000000003,15,369.7999999999995,move,improve
4717,15,398.8000000000003,15,369.7999999999995,2opt,notBad
4718,15,398.8000000000003,15,369.7999999999995,swap,notBad
4719,15,398.8000000000003,15,369.7999999999995,swap,notBad
4720,15,398.8000000000003,15,369.7999999999995,2opt,notBad
4721,15,398.8000000000003,15,369.7999999999995,2opt,notBad
4722,15,398.8000000000003,15,369.7999999999995,swap,notBad
4723,15,398.8000000000003,15,369.7999999999995,2opt,notBad
4724,15,398.8000000000003,15,369.7999999999995,2opt,notBad
4725,15,398.8000000000003,15,369.7999999999995,move,improve
4726,15,398.8000000000003,15,369.7999999999995,2opt,notBad
4727,15,398.8000000000003,15,369.7999999999995,move,improve
4728,15,398.8000000000003,15,369.7999999999995,2opt,notBad
4729,15,398.8000000000003,15,369.7999999999995,2opt,notBad
4730,15,398.8000000000003,15,369.7999999999995,swap,notBad
4731,15,398.8000000000003,15,369.7999999999995,move,improve
4732,15,398.8000000000003,15,369.7999999999995,move,improve
4733,15,398.8000000000003,15,369.7999999999995,2opt,notBad
4734,15,398.8000000000003,15,369.7999999999995,2opt,notBad
4735,15,398.8000000000003,15,369.7999999999995,2opt,notBad
4736,15,398.8000000000003,15,369.7999999999995,swap,notBad
4737,15,398.8000000000003,15,369.7999999999995,move,improve
4738,15,398.8000000000003,15,369.7999999999995,2opt,notBad
4739,15,398.8000000000003,15,369.7999999999995,2opt,notBad
4740,15,419.6000000000004,15,369.7999999999995,swap,acceptBad
4741,15,419.6000000000004,15,369.7999999999995,move,improve
4742,15,419.6000000000004,15,369.7999999999995,move,improve
4743,15,419.6000000000004,15,369.7999999999995,2opt,notBad
4744,15,419.6000000000004,15,369.7999999999995,2opt,notBad
4745,15,419.6000000000004,15,369.7999999999995,2opt,notBad
4746,15,419.6000000000004,15,369.7999999999995,2opt,improve
4747,15,419.6000000000004,15,369.7999999999995,2opt,notBad
4748,15,419.6000000000004,15,369.7999999999995,2opt,notBad
4749,15,419.6000000000004,15,369.7999999999995,swap,notBad
4750,15,419.6000000000004,15,369.7999999999995,2opt,notBad
4751,15,419.6000000000004,15,369.7999999999995,2opt,notBad
4752,15,419.6000000000004,15,369.7999999999995,2opt,improve
4753,15,419.6000000000004,15,369.7999999999995,move,improve
4754,15,419.6000000000004,15,369.7999999999995,move,improve
4755,15,419.6000000000004,15,369.7999999999995,move,improve
4756,15,419.6000000000004,15,369.7999999999995,swap,notBad
4757,15,419.6000000000004,15,369.7999999999995,swap,notBad
4758,15,419.6000000000004,15,369.7999999999995,move,improve
4759,15,419.6000000000004,15,369.7999999999995,swap,notBad
4760,15,419.6000000000004,15,369.7999999999995,2opt,notBad
4761,15,419.6000000000004,15,369.7999999999995,move,improve
4762,15,419.6000000000004,15,369.7999999999995,move,improve
4763,15,419.6000000000004,15,369.7999999999995,move,improve
4764,15,419.6000000000004,15,369.7999999999995,swap,notBad
4765,15,419.6000000000004,15,369.7999999999995,2opt,notBad
4766,15,401.0000000000004,15,369.7999999999995,move,improve
4767,15,401.0000000000004,15,369.7999999999995,2opt,improve
4768,15,401.0000000000004,15,369.7999999999995,move,improve
4769,15,401.0000000000004,15,369.7999999999995,move,improve
4770,15,401.0000000000004,15,369.7999999999995,2opt,notBad
4771,15,401.0000000000004,15,369.7999999999995,swap,notBad
4772,15,401.0000000000004,15,369.7999999999995,move,improve
4773,15,401.0000000000004,15,369.7999999999995,2opt,notBad
4774,15,401.0000000000004,15,369.7999999999995,move,improve
4775,15,401.0000000000004,15,369.7999999999995,2opt,notBad
4776,15,401.0000000000004,15,369.7999999999995,2opt,notBad
4777,15,401.0000000000004,15,369.7999999999995,move,improve
4778,15,401.0000000000004,15,369.7999999999995,2opt,improve
4779,15,401.0000000000004,15,369.7999999999995,2opt,notBad
4780,15,401.0000000000004,15,369.7999999999995,move,improve
4781,15,401.0000000000004,15,369.7999999999995,2opt,notBad
4782,15,401.0000000000004,15,369.7999999999995,2opt,notBad
4783,15,401.0000000000004,15,369.7999999999995,move,improve
4784,15,401.0000000000004,15,369.7999999999995,2opt,notBad
4785,15,401.0000000000004,15,369.7999999999995,swap,notBad
4786,15,401.0000000000004,15,369.7999999999995,2opt,notBad
4787,15,401.0000000000004,15,369.7999999999995,move,improve
4788,15,401.0000000000004,15,369.7999999999995,swap,notBad
4789,15,401.0000000000004,15,369.7999999999995,move,improve
4790,15,401.0000000000004,15,369.7999999999995,swap,notBad
4791,15,401.0000000000004,15,369.7999999999995,move,improve
4792,15,401.0000000000004,15,369.7999999999995,swap,notBad
4793,15,401.0000000000004,15,369.7999999999995,2opt,notBad
4794,15,401.0000000000004,15,369.7999999999995,2opt,notBad
4795,15,401.0000000000004,15,369.7999999999995,swap,notBad
4796,15,401.0000000000004,15,369.7999999999995,2opt,improve
4797,15,401.0000000000004,15,369.7999999999995,2opt,notBad
4798,15,401.0000000000004,15,369.7999999999995,swap,notBad
4799,15,401.0000000000004,15,369.7999999999995,move,improve
4800,15,401.0000000000004,15,369.7999999999995,swap,notBad
4801,15,401.0000000000004,15,369.7999999999995,2opt,notBad
4802,15,401.0000000000004,15,369.7999999999995,swap,notBad
4803,15,401.0000000000004,15,369.7999999999995,2opt,notBad
4804,15,401.0000000000004,15,369.7999999999995,swap,notBad
4805,15,401.0000000000004,15,369.7999999999995,2opt,improve
4806,15,401.0000000000004,15,369.7999999999995,swap,notBad
4807,15,401.0000000000004,15,369.7999999999995,swap,notBad
4808,15,401.0000000000004,15,369.7999999999995,swap,notBad
4809,15,401.0000000000004,15,369.7999999999995,move,improve
4810,15,401.0000000000004,15,369.7999999999995,swap,notBad
4811,15,372.60000000000065,15,369.7999999999995,move,improve
4812,15,372.60000000000065,15,369.7999999999995,swap,notBad
4813,15,342.6000000000004,15,342.6000000000004,swap,newBest
4814,15,342.6000000000004,15,342.6000000000004,swap,notBad
4815,15,342.6000000000004,15,342.6000000000004,swap,notBad
4816,15,342.6000000000004,15,342.6000000000004,2opt,notBad
4817,15,342.6000000000004,15,342.6000000000004,move,improve
4818,15,342.6000000000004,15,342.6000000000004,2opt,notBad
4819,15,342.6000000000004,15,342.6000000000004,swap,notBad
4820,15,342.6000000000004,15,342.6000000000004,2opt,notBad
4821,15,342.6000000000004,15,342.6000000000004,swap,notBad
4822,15,342.6000000000004,15,342.6000000000004,2opt,improve
4823,15,342.6000000000004,15,342.6000000000004,swap,notBad
4824,15,342.6000000000004,15,342.6000000000004,2opt,notBad
4825,15,342.6000000000004,15,342.6000000000004,2opt,notBad
4826,15,342.6000000000004,15,342.6000000000004,2opt,notBad
4827,15,342.6000000000004,15,342.6000000000004,2opt,notBad
4828,15,342.6000000000004,15,342.6000000000004,move,improve
4829,15,342.6000000000004,15,342.6000000000004,2opt,notBad
4830,15,342.6000000000004,15,342.6000000000004,move,improve
4831,15,342.6000000000004,15,342.6000000000004,move,improve
4832,15,342.6000000000004,15,342.6000000000004,move,improve
4833,15,342.6000000000004,15,342.6000000000004,swap,notBad
4834,15,342.6000000000004,15,342.6000000000004,move,improve
4835,15,342.6000000000004,15,342.6000000000004,2opt,improve
4836,15,342.6000000000004,15,342.6000000000004,swap,notBad
4837,15,342.6000000000004,15,342.6000000000004,move,improve
4838,15,342.6000000000004,15,342.6000000000004,2opt,notBad
4839,15,342.6000000000004,15,342.6000000000004,move,improve
4840,15,342.6000000000004,15,342.6000000000004,2opt,notBad
4841,15,342.6000000000004,15,342.6000000000004,move,improve
4842,15,342.6000000000004,15,342.6000000000004,move,improve
4843,15,342.6000000000004,15,342.6000000000004,swap,notBad
4844,15,342.6000000000004,15,342.6000000000004,2opt,notBad
4845,15,342.6000000000004,15,342.6000000000004,2opt,notBad
4846,15,342.6000000000004,15,342.6000000000004,swap,notBad
4847,15,342.6000000000004,15,342.6000000000004,move,improve
4848,15,342.6000000000004,15,342.6000000000004,2opt,notBad
4849,15,342.6000000000004,15,342.6000000000004,swap,notBad
4850,15,342.6000000000004,15,342.6000000000004,2opt,notBad
4851,15,330.60000000000065,15,330.60000000000065,swap,newBest
4852,15,330.60000000000065,15,330.60000000000065,2opt,notBad
4853,15,330.60000000000065,15,330.60000000000065,move,improve
4854,15,330.60000000000065,15,330.60000000000065,2opt,notBad
4855,15,330.60000000000065,15,330.60000000000065,swap,notBad
4856,15,330.60000000000065,15,330.60000000000065,swap,notBad
4857,15,330.60000000000065,15,330.60000000000065,swap,notBad
4858,15,330.60000000000065,15,330.60000000000065,swap,notBad
4859,15,330.60000000000065,15,330.60000000000065,move,improve
4860,15,330.60000000000065,15,330.60000000000065,swap,notBad
4861,15,330.60000000000065,15,330.60000000000065,move,improve
4862,15,330.60000000000065,15,330.60000000000065,2opt,notBad
4863,15,330.60000000000065,15,330.60000000000065,swap,notBad
4864,15,330.60000000000065,15,330.60000000000065,2opt,notBad
4865,15,330.60000000000065,15,330.60000000000065,move,improve
4866,15,330.60000000000065,15,330.60000000000065,2opt,notBad
4867,15,330.60000000000065,15,330.60000000000065,move,improve
4868,15,330.60000000000065,15,330.60000000000065,2opt,notBad
4869,15,330.60000000000065,15,330.60000000000065,swap,notBad
4870,15,330.60000000000065,15,330.60000000000065,swap,notBad
4871,15,330.60000000000065,15,330.60000000000065,move,improve
4872,15,330.60000000000065,15,330.60000000000065,move,improve
4873,15,330.60000000000065,15,330.60000000000065,swap,notBad
4874,15,330.60000000000065,15,330.60000000000065,swap,notBad
4875,15,330.60000000000065,15,330.60000000000065,swap,notBad
4876,15,330.60000000000065,15,330.60000000000065,move,improve
4877,15,330.60000000000065,15,330.60000000000065,swap,notBad
4878,15,330.60000000000065,15,330.60000000000065,swap,notBad
4879,15,330.60000000000065,15,330.60000000000065,move,improve
4880,15,330.60000000000065,15,330.60000000000065,2opt,notBad
4881,15,330.60000000000065,15,330.60000000000065,swap,notBad
4882,15,330.60000000000065,15,330.60000000000065,move,improve
4883,15,330.60000000000065,15,330.60000000000065,2opt,notBad
4884,15,330.60000000000065,15,330.60000000000065,move,improve
4885,15,330.60000000000065,15,330.60000000000065,2opt,notBad
4886,15,330.60000000000065,15,330.60000000000065,swap,notBad
4887,15,330.60000000000065,15,330.60000000000065,move,improve
4888,15,330.60000000000065,15,330.60000000000065,2opt,improve
4889,15,330.60000000000065,15,330.60000000000065,move,improve
4890,15,330.60000000000065,15,330.60000000000065,swap,notBad
4891,15,330.60000000000065,15,330.60000000000065,2opt,notBad
4892,15,330.60000000000065,15,330.60000000000065,move,improve
4893,15,330.60000000000065,15,330.60000000000065,2opt,improve
4894,15,330.60000000000065,15,330.60000000000065,2opt,notBad
4895,15,330.60000000000065,15,330.60000000000065,swap,notBad
4896,15,330.60000000000065,15,330.60000000000065,2opt,notBad
4897,15,330.60000000000065,15,330.60000000000065,swap,notBad
4898,15,330.60000000000065,15,330.60000000000065,swap,notBad
4899,15,330.60000000000065,15,330.60000000000065,2opt,improve
4900,15,330.60000000000065,15,330.60000000000065,2opt,notBad
4901,15,330.60000000000065,15,330.60000000000065,2opt,improve
4902,15,330.60000000000065,15,330.60000000000065,2opt,notBad
4903,15,330.60000000000065,15,330.60000000000065,2opt,notBad
4904,15,330.60000000000065,15,330.60000000000065,swap,notBad
4905,15,330.60000000000065,15,330.60000000000065,swap,notBad
4906,15,330.60000000000065,15,330.60000000000065,move,improve
4907,15,330.60000000000065,15,330.60000000000065,move,improve
4908,15,330.60000000000065,15,330.60000000000065,swap,notBad
4909,15,330.60000000000065,15,330.60000000000065,2opt,notBad
4910,15,330.60000000000065,15,330.60000000000065,move,improve
4911,15,330.60000000000065,15,330.60000000000065,2opt,notBad
4912,15,330.60000000000065,15,330.60000000000065,2opt,notBad
4913,15,330.60000000000065,15,330.60000000000065,swap,notBad
4914,15,330.60000000000065,15,330.60000000000065,swap,notBad
4915,15,330.60000000000065,15,330.60000000000065,swap,notBad
4916,15,330.60000000000065,15,330.60000000000065,2opt,improve
4917,15,330.60000000000065,15,330.60000000000065,move,improve
4918,15,330.60000000000065,15,330.60000000000065,swap,notBad
4919,15,330.60000000000065,15,330.60000000000065,move,improve
4920,15,330.60000000000065,15,330.60000000000065,move,improve
4921,15,330.60000000000065,15,330.60000000000065,swap,notBad
4922,15,330.60000000000065,15,330.60000000000065,2opt,improve
4923,15,330.60000000000065,15,330.60000000000065,move,improve
4924,15,330.60000000000065,15,330.60000000000065,move,improve
4925,15,330.60000000000065,15,330.60000000000065,swap,notBad
4926,15,330.60000000000065,15,330.60000000000065,2opt,notBad
4927,15,330.60000000000065,15,330.60000000000065,move,improve
4928,15,330.60000000000065,15,330.60000000000065,move,improve
4929,15,330.60000000000065,15,330.60000000000065,swap,notBad
4930,15,330.60000000000065,15,330.60000000000065,2opt,improve
4931,15,330.60000000000065,15,330.60000000000065,move,improve
4932,15,330.60000000000065,15,330.60000000000065,2opt,notBad
4933,15,330.60000000000065,15,330.60000000000065,2opt,notBad
4934,15,330.60000000000065,15,330.60000000000065,2opt,notBad
4935,15,330.60000000000065,15,330.60000000000065,swap,notBad
4936,15,330.60000000000065,15,330.60000000000065,move,improve
4937,15,330.60000000000065,15,330.60000000000065,2opt,notBad
4938,15,330.60000000000065,15,330.60000000000065,move,improve
4939,15,330.60000000000065,15,330.60000000000065,2opt,notBad
4940,15,330.60000000000065,15,330.60000000000065,2opt,improve
4941,15,330.60000000000065,15,330.60000000000065,2opt,notBad
4942,15,330.60000000000065,15,330.60000000000065,move,improve
4943,15,330.60000000000065,15,330.60000000000065,swap,notBad
4944,15,330.60000000000065,15,330.60000000000065,move,improve
4945,15,330.60000000000065,15,330.60000000000065,2opt,notBad
4946,15,330.60000000000065,15,330.60000000000065,swap,notBad
4947,15,330.60000000000065,15,330.60000000000065,2opt,notBad
4948,15,330.60000000000065,15,330.60000000000065,move,improve
4949,15,330.60000000000065,15,330.60000000000065,2opt,notBad
4950,15,330.60000000000065,15,330.60000000000065,2opt,notBad
4951,15,330.60000000000065,15,330.60000000000065,move,improve
4952,15,330.60000000000065,15,330.60000000000065,2opt,notBad
4953,15,330.60000000000065,15,330.60000000000065,swap,notBad
4954,15,330.60000000000065,15,330.60000000000065,2opt,improve
4955,15,330.60000000000065,15,330.60000000000065,2opt,improve
4956,15,330.60000000000065,15,330.60000000000065,move,improve
4957,15,330.60000000000065,15,330.60000000000065,2opt,notBad
4958,15,330.60000000000065,15,330.60000000000065,2opt,notBad
4959,15,330.60000000000065,15,330.60000000000065,2opt,notBad
4960,15,330.60000000000065,15,330.60000000000065,move,improve
4961,15,330.60000000000065,15,330.60000000000065,move,improve
4962,15,330.60000000000065,15,330.60000000000065,move,improve
4963,15,330.60000000000065,15,330.60000000000065,move,improve
4964,15,330.60000000000065,15,330.60000000000065,2opt,notBad
4965,15,330.60000000000065,15,330.60000000000065,2opt,notBad
4966,15,330.60000000000065,15,330.60000000000065,move,improve
4967,15,330.60000000000065,15,330.60000000000065,2opt,notBad
4968,15,330.60000000000065,15,330.60000000000065,swap,notBad
4969,15,360.80000000000047,15,330.60000000000065,swap,acceptBad
4970,15,360.80000000000047,15,330.60000000000065,2opt,notBad
4971,15,360.4000000000003,15,330.60000000000065,move,improve
4972,15,360.4000000000003,15,330.60000000000065,move,improve
4973,15,360.4000000000003,15,330.60000000000065,2opt,improve
4974,15,360.4000000000003,15,330.60000000000065,swap,notBad
4975,15,360.4000000000003,15,330.60000000000065,2opt,notBad
4976,15,360.4000000000003,15,330.60000000000065,move,improve
4977,15,360.4000000000003,15,330.60000000000065,2opt,notBad
4978,15,360.4000000000003,15,330.60000000000065,move,improve
4979,15,360.4000000000003,15,330.60000000000065,swap,notBad
4980,15,360.4000000000003,15,330.60000000000065,swap,notBad
4981,15,360.4000000000003,15,330.60000000000065,2opt,improve
4982,15,360.4000000000003,15,330.60000000000065,move,improve
4983,15,360.4000000000003,15,330.60000000000065,move,improve
4984,15,360.4000000000003,15,330.60000000000065,swap,notBad
4985,15,364.60000000000036,15,330.60000000000065,2opt,acceptBad
4986,15,364.60000000000036,15,330.60000000000065,move,improve
4987,15,364.60000000000036,15,330.60000000000065,move,improve
4988,15,364.60000000000036,15,330.60000000000065,swap,notBad
4989,15,364.60000000000036,15,330.60000000000065,swap,notBad
4990,15,364.60000000000036,15,330.60000000000065,move,improve
4991,15,364.60000000000036,15,330.60000000000065,swap,notBad
4992,15,364.60000000000036,15,330.60000000000065,swap,notBad
4993,15,364.60000000000036,15,330.60000000000065,move,improve
4994,15,364.60000000000036,15,330.60000000000065,move,improve
4995,15,364.60000000000036,15,330.60000000000065,swap,notBad
4996,15,341.4000000000003,15,330.60000000000065,move,improve
4997,15,341.4000000000003,15,330.60000000000065,move,improve
4998,15,341.4000000000003,15,330.60000000000065,2opt,notBad
4999,15,340.80000000000007,15,330.60000000000065,move,improve
5000,15,340.80000000000007,15,330.60000000000065,move,improve
5001,15,340.80000000000007,15,330.60000000000065,2opt,notBad
5002,15,340.80000000000007,15,330.60000000000065,move,improve
5003,15,340.80000000000007,15,330.60000000000065,2opt,notBad
5004,15,340.80000000000007,15,330.60000000000065,swap,notBad
5005,15,340.80000000000007,15,330.60000000000065,swap,notBad
5006,15,340.80000000000007,15,330.60000000000065,2opt,notBad
5007,15,340.80000000000007,15,330.60000000000065,move,improve
5008,15,340.80000000000007,15,330.60000000000065,move,improve
5009,15,340.80000000000007,15,330.60000000000065,swap,notBad
5010,15,340.80000000000007,15,330.60000000000065,move,improve
5011,15,340.80000000000007,15,330.60000000000065,move,improve
5012,15,340.80000000000007,15,330.60000000000065,2opt,improve
5013,15,340.80000000000007,15,330.60000000000065,move,improve
5014,15,340.80000000000007,15,330.60000000000065,swap,notBad
5015,15,340.80000000000007,15,330.60000000000065,move,improve
5016,15,340.80000000000007,15,330.60000000000065,swap,notBad
5017,15,340.80000000000007,15,330.60000000000065,move,improve
5018,15,340.80000000000007,15,330.60000000000065,move,improve
5019,15,340.80000000000007,15,330.60000000000065,swap,notBad
5020,15,340.80000000000007,15,330.60000000000065,move,improve
5021,15,340.80000000000007,15,330.60000000000065,move,improve
5022,15,340.80000000000007,15,330.60000000000065,2opt,notBad
5023,15,363.79999999999995,15,330.60000000000065,swap,acceptBad
5024,15,363.79999999999995,15,330.60000000000065,2opt,improve
5025,15,363.79999999999995,15,330.60000000000065,move,improve
5026,15,363.79999999999995,15,330.60000000000065,2opt,notBad
5027,15,366.00000000000034,15,330.60000000000065,2opt,acceptBad
5028,15,366.00000000000034,15,330.60000000000065,move,improve
5029,15,366.00000000000034,15,330.60000000000065,swap,notBad
5030,15,366.00000000000034,15,330.60000000000065,move,improve
5031,15,366.00000000000034,15,330.60000000000065,move,improve
5032,15,366.00000000000034,15,330.60000000000065,move,improve
5033,15,366.00000000000034,15,330.60000000000065,2opt,notBad
5034,15,366.00000000000034,15,330.60000000000065,move,improve
5035,15,366.00000000000034,15,330.60000000000065,2opt,notBad
5036,15,366.00000000000034,15,330.60000000000065,move,improve
5037,15,366.00000000000034,15,330.60000000000065,move,improve
5038,15,366.00000000000034,15,330.60000000000065,move,improve
5039,15,366.00000000000034,15,330.60000000000065,move,improve
5040,15,366.00000000000034,15,330.60000000000065,move,improve
5041,15,366.00000000000034,15,330.60000000000065,swap,notBad
5042,15,366.00000000000034,15,330.60000000000065,move,improve
5043,15,366.00000000000034,15,330.60000000000065,move,improve
5044,15,366.00000000000034,15,330.60000000000065,swap,notBad
5045,15,366.00000000000034,15,330.60000000000065,swap,notBad
5046,15,360.4000000000001,15,330.60000000000065,move,improve
5047,15,360.4000000000001,15,330.60000000000065,move,improve
5048,15,360.4000000000001,15,330.60000000000065,2opt,notBad
5049,15,360.4000000000001,15,330.60000000000065,move,improve
5050,15,360.4000000000001,15,330.60000000000065,2opt,notBad
5051,15,360.4000000000001,15,330.60000000000065,move,improve
5052,15,360.4000000000001,15,330.60000000000065,move,improve
5053,15,360.4000000000001,15,330.60000000000065,swap,notBad
5054,15,360.4000000000001,15,330.60000000000065,swap,notBad
5055,15,360.4000000000001,15,330.60000000000065,2opt,notBad
5056,15,360.4000000000001,15,330.60000000000065,move,improve
5057,15,360.4000000000001,15,330.60000000000065,2opt,notBad
5058,15,360.4000000000001,15,330.60000000000065,swap,notBad
5059,15,360.4000000000001,15,330.60000000000065,swap,notBad
5060,15,360.4000000000001,15,330.60000000000065,move,improve
5061,15,360.4000000000001,15,330.60000000000065,2opt,notBad
5062,15,360.4000000000001,15,330.60000000000065,swap,notBad
5063,15,360.4000000000001,15,330.60000000000065,2opt,notBad
5064,15,360.4000000000001,15,330.60000000000065,swap,notBad
5065,15,360.4000000000001,15,330.60000000000065,move,improve
5066,15,360.4000000000001,15,330.60000000000065,swap,notBad
5067,15,360.4000000000001,15,330.60000000000065,swap,notBad
5068,15,360.4000000000001,15,330.60000000000065,move,improve
5069,15,360.4000000000001,15,330.60000000000065,move,improve
5070,15,360.4000000000001,15,330.60000000000065,2opt,notBad
5071,15,360.4000000000001,15,330.60000000000065,move,improve
5072,15,360.4000000000001,15,330.60000000000065,move,improve
5073,15,360.4000000000001,15,330.60000000000065,swap,notBad
5074,15,360.4000000000001,15,330.60000000000065,swap,notBad
5075,15,360.4000000000001,15,330.60000000000065,swap,notBad
5076,15,360.4000000000001,15,330.60000000000065,swap,notBad
5077,15,360.4000000000001,15,330.60000000000065,move,improve
5078,15,364.4,15,330.60000000000065,swap,acceptBad
5079,15,364.4,15,330.60000000000065,swap,notBad
5080,15,364.4,15,330.60000000000065,2opt,notBad
5081,15,364.4,15,330.60000000000065,swap,notBad
5082,15,364.4,15,330.60000000000065,swap,notBad
5083,15,364.4,15,330.60000000000065,swap,notBad
5084,15,364.4,15,330.60000000000065,swap,notBad
5085,15,364.4,15,330.60000000000065,move,improve
5086,15,364.4,15,330.60000000000065,move,improve
5087,15,364.4,15,330.60000000000065,swap,notBad
5088,15,364.4,15,330.60000000000065,swap,notBad
5089,15,364.4,15,330.60000000000065,2opt,notBad
5090,15,377.4000000000001,15,330.60000000000065,swap,acceptBad
5091,15,377.4000000000001,15,330.60000000000065,2opt,notBad
5092,15,377.4000000000001,15,330.60000000000065,move,improve
5093,15,377.4000000000001,15,330.60000000000065,2opt,improve
5094,15,377.4000000000001,15,330.60000000000065,2opt,notBad
5095,15,377.4000000000001,15,330.60000000000065,move,improve
5096,15,377.4000000000001,15,330.60000000000065,move,improve
5097,15,377.4000000000001,15,330.60000000000065,move,improve
5098,15,377.4000000000001,15,330.60000000000065,2opt,notBad
5099,15,377.4000000000001,15,330.60000000000065,2opt,notBad
5100,15,377.4000000000001,15,330.60000000000065,swap,notBad
5101,15,377.4000000000001,15,330.60000000000065,swap,notBad
5102,15,377.4000000000001,15,330.60000000000065,swap,notBad
5103,15,377.4000000000001,15,330.60000000000065,2opt,notBad
5104,15,377.4000000000001,15,330.60000000000065,swap,notBad
5105,15,377.4000000000001,15,330.60000000000065,swap,notBad
5106,15,377.4000000000001,15,330.60000000000065,swap,notBad
5107,15,377.4000000000001,15,330.60000000000065,swap,notBad
5108,15,377.4000000000001,15,330.60000000000065,2opt,notBad
5109,15,377.4000000000001,15,330.60000000000065,move,improve
5110,15,377.4000000000001,15,330.60000000000065,swap,notBad
5111,15,377.4000000000001,15,330.60000000000065,move,improve
5112,15,374.2000000000004,15,330.60000000000065,move,improve
5113,15,374.2000000000004,15,330.60000000000065,2opt,notBad
5114,15,377.4000000000001,15,330.60000000000065,swap,acceptBad
5115,15,377.4000000000001,15,330.60000000000065,2opt,improve
5116,15,377.4000000000001,15,330.60000000000065,2opt,notBad
5117,15,377.4000000000001,15,330.60000000000065,2opt,notBad
5118,15,377.4000000000001,15,330.60000000000065,2opt,notBad
5119,15,377.4000000000001,15,330.60000000000065,2opt,notBad
5120,15,378.2000000000003,15,330.60000000000065,swap,acceptBad
5121,15,378.2000000000003,15,330.60000000000065,swap,notBad
5122,15,378.2000000000003,15,330.60000000000065,swap,notBad
5123,15,378.2000000000003,15,330.60000000000065,2opt,notBad
5124,15,378.2000000000003,15,330.60000000000065,move,improve
5125,15,378.2000000000003,15,330.60000000000065,swap,notBad
5126,15,378.2000000000003,15,330.60000000000065,swap,notBad
5127,15,378.2000000000003,15,330.60000000000065,2opt,notBad
5128,15,378.2000000000003,15,330.60000000000065,swap,notBad
5129,15,378.2000000000003,15,330.60000000000065,move,improve
5130,15,378.2000000000003,15,330.60000000000065,move,improve
5131,15,378.2000000000003,15,330.60000000000065,2opt,notBad
5132,15,378.2000000000003,15,330.60000000000065,2opt,notBad
5133,15,376.0000000000002,15,330.60000000000065,swap,improve
5134,15,376.0000000000002,15,330.60000000000065,move,improve
5135,15,376.0000000000002,15,330.60000000000065,2opt,notBad
5136,15,376.0000000000002,15,330.60000000000065,move,improve
5137,15,376.0000000000002,15,330.60000000000065,2opt,notBad
5138,15,376.0000000000002,15,330.60000000000065,2opt,notBad
5139,15,376.0000000000002,15,330.60000000000065,swap,notBad
5140,15,376.0000000000002,15,330.60000000000065,swap,notBad
5141,15,376.0000000000002,15,330.60000000000065,swap,notBad
5142,15,376.0000000000002,15,330.60000000000065,2opt,notBad
5143,15,376.0000000000002,15,330.60000000000065,2opt,notBad
5144,15,376.0000000000002,15,330.60000000000065,2opt,improve
5145,15,376.0000000000002,15,330.60000000000065,move,improve
5146,15,376.0000000000002,15,330.60000000000065,move,improve
5147,15,376.0000000000002,15,330.60000000000065,swap,notBad
5148,15,376.0000000000002,15,330.60000000000065,swap,notBad
5149,15,376.0000000000002,15,330.60000000000065,move,improve
5150,15,376.0000000000002,15,330.60000000000065,2opt,notBad
5151,15,376.0000000000002,15,330.60000000000065,move,improve
5152,15,376.0000000000002,15,330.60000000000065,move,improve
5153,15,376.0000000000002,15,330.60000000000065,swap,notBad
5154,15,376.0000000000002,15,330.60000000000065,2opt,notBad
5155,15,376.0000000000002,15,330.60000000000065,swap,notBad
5156,15,376.0000000000002,15,330.60000000000065,move,improve
5157,15,376.0000000000002,15,330.60000000000065,swap,notBad
5158,15,376.0000000000002,15,330.60000000000065,2opt,notBad
5159,15,376.0000000000002,15,330.60000000000065,swap,notBad
5160,15,376.0000000000002,15,330.60000000000065,move,improve
5161,15,376.0000000000002,15,330.60000000000065,swap,notBad
5162,15,376.0000000000002,15,330.60000000000065,2opt,improve
5163,15,376.0000000000002,15,330.60000000000065,swap,notBad
5164,15,376.0000000000002,15,330.60000000000065,move,improve
5165,15,376.0000000000002,15,330.60000000000065,2opt,notBad
5166,15,376.0000000000002,15,330.60000000000065,swap,notBad
5167,15,376.0000000000002,15,330.60000000000065,2opt,notBad
5168,15,376.0000000000002,15,330.60000000000065,move,improve
5169,15,376.0000000000002,15,330.60000000000065,swap,notBad
5170,15,395.19999999999993,15,330.60000000000065,swap,acceptBad
5171,15,395.19999999999993,15,330.60000000000065,move,improve
5172,15,395.19999999999993,15,330.60000000000065,move,improve
5173,15,395.19999999999993,15,330.60000000000065,swap,notBad
5174,15,395.19999999999993,15,330.60000000000065,swap,notBad
5175,15,395.19999999999993,15,330.60000000000065,2opt,notBad
5176,15,395.19999999999993,15,330.60000000000065,swap,notBad
5177,15,395.19999999999993,15,330.60000000000065,2opt,notBad
5178,15,395.19999999999993,15,330.60000000000065,2opt,notBad
5179,15,395.19999999999993,15,330.60000000000065,swap,notBad
5180,15,395.19999999999993,15,330.60000000000065,move,improve
5181,15,395.19999999999993,15,330.60000000000065,swap,notBad
5182,15,395.19999999999993,15,330.60000000000065,swap,notBad
5183,15,395.19999999999993,15,330.60000000000065,2opt,notBad
5184,15,395.19999999999993,15,330.60000000000065,move,improve
5185,15,395.19999999999993,15,330.60000000000065,2opt,notBad
5186,15,395.19999999999993,15,330.60000000000065,2opt,notBad
5187,15,395.19999999999993,15,330.60000000000065,swap,notBad
5188,15,395.19999999999993,15,330.60000000000065,2opt,notBad
5189,15,395.19999999999993,15,330.60000000000065,swap,notBad
5190,15,395.19999999999993,15,330.60000000000065,swap,notBad
5191,15,395.19999999999993,15,330.60000000000065,2opt,improve
5192,15,395.19999999999993,15,330.60000000000065,swap,notBad
5193,15,395.19999999999993,15,330.60000000000065,swap,notBad
5194,15,395.19999999999993,15,330.60000000000065,2opt,improve
5195,15,395.19999999999993,15,330.60000000000065,swap,notBad
5196,15,415.79999999999995,15,330.60000000000065,swap,acceptBad
5197,15,415.79999999999995,15,330.60000000000065,2opt,notBad
5198,15,415.79999999999995,15,330.60000000000065,move,improve
5199,15,415.79999999999995,15,330.60000000000065,move,improve
5200,15,415.79999999999995,15,330.60000000000065,move,improve
5201,15,415.79999999999995,15,330.60000000000065,move,improve
5202,15,415.79999999999995,15,330.60000000000065,swap,notBad
5203,15,446.9999999999999,15,330.60000000000065,swap,acceptBad
5204,15,446.9999999999999,15,330.60000000000065,move,improve
5205,15,446.9999999999999,15,330.60000000000065,move,improve
5206,15,446.9999999999999,15,330.60000000000065,2opt,notBad
5207,15,446.9999999999999,15,330.60000000000065,swap,notBad
5208,15,446.9999999999999,15,330.60000000000065,2opt,notBad
5209,15,446.9999999999999,15,330.60000000000065,swap,notBad
5210,15,446.9999999999999,15,330.60000000000065,2opt,notBad
5211,15,446.9999999999999,15,330.60000000000065,swap,notBad
5212,15,446.9999999999999,15,330.60000000000065,2opt,notBad
5213,15,446.9999999999999,15,330.60000000000065,move,improve
5214,15,446.9999999999999,15,330.60000000000065,2opt,notBad
5215,15,446.9999999999999,15,330.60000000000065,2opt,notBad
5216,15,446.9999999999999,15,330.60000000000065,swap,notBad
5217,15,446.9999999999999,15,330.60000000000065,move,improve
5218,15,446.9999999999999,15,330.60000000000065,2opt,improve
5219,15,446.9999999999999,15,330.60000000000065,move,improve
5220,15,446.9999999999999,15,330.60000000000065,2opt,improve
5221,15,446.9999999999999,15,330.60000000000065,swap,notBad
5222,15,446.9999999999999,15,330.60000000000065,swap,notBad
5223,15,446.9999999999999,15,330.60000000000065,move,improve
5224,15,446.9999999999999,15,330.60000000000065,swap,notBad
5225,15,446.9999999999999,15,330.60000000000065,swap,notBad
5226,15,446.9999999999999,15,330.60000000000065,move,improve
5227,15,446.9999999999999,15,330.60000000000065,swap,notBad
5228,15,446.9999999999999,15,330.60000000000065,swap,notBad
5229,15,446.9999999999999,15,330.60000000000065,swap,notBad
5230,15,446.9999999999999,15,330.60000000000065,swap,notBad
5231,15,446.9999999999999,15,330.60000000000065,2opt,notBad
5232,15,446.9999999999999,15,330.60000000000065,move,improve
5233,15,446.9999999999999,15,330.60000000000065,2opt,notBad
5234,15,446.9999999999999,15,330.60000000000065,move,improve
5235,15,446.9999999999999,15,330.60000000000065,move,improve
5236,15,446.9999999999999,15,330.60000000000065,2opt,notBad
5237,15,446.9999999999999,15,330.60000000000065,move,improve
5238,15,446.9999999999999,15,330.60000000000065,2opt,notBad
5239,15,468.5999999999999,15,330.60000000000065,swap,acceptBad
5240,15,468.5999999999999,15,330.60000000000065,2opt,notBad
5241,15,468.5999999999999,15,330.60000000000065,2opt,notBad
5242,15,468.5999999999999,15,330.60000000000065,swap,notBad
5243,15,468.5999999999999,15,330.60000000000065,move,improve
5244,15,467.2000000000003,15,330.60000000000065,swap,improve
5245,15,467.2000000000003,15,330.60000000000065,swap,notBad
5246,15,467.2000000000003,15,330.60000000000065,2opt,notBad
5247,15,467.2000000000003,15,330.60000000000065,swap,notBad
5248,15,467.2000000000003,15,330.60000000000065,move,improve
5249,15,465.60000000000036,15,330.60000000000065,move,improve
5250,15,465.60000000000036,15,330.60000000000065,swap,notBad
5251,15,465.60000000000036,15,330.60000000000065,move,improve
5252,15,465.60000000000036,15,330.60000000000065,2opt,notBad
5253,15,465.60000000000036,15,330.60000000000065,swap,notBad
5254,15,465.60000000000036,15,330.60000000000065,2opt,notBad
5255,15,465.60000000000036,15,330.60000000000065,2opt,notBad
5256,15,465.60000000000036,15,330.60000000000065,swap,notBad
5257,15,465.60000000000036,15,330.60000000000065,swap,notBad
5258,15,465.60000000000036,15,330.60000000000065,move,improve
5259,15,465.60000000000036,15,330.60000000000065,2opt,notBad
5260,15,465.60000000000036,15,330.60000000000065,move,improve
5261,15,465.60000000000036,15,330.60000000000065,2opt,improve
5262,15,465.60000000000036,15,330.60000000000065,swap,notBad
5263,15,465.60000000000036,15,330.60000000000065,move,improve
5264,15,465.60000000000036,15,330.60000000000065,move,improve
5265,15,465.60000000000036,15,330.60000000000065,move,improve
5266,15,465.60000000000036,15,330.60000000000065,swap,notBad
5267,15,465.60000000000036,15,330.60000000000065,swap,notBad
5268,15,465.60000000000036,15,330.60000000000065,2opt,notBad
5269,15,465.60000000000036,15,330.60000000000065,2opt,notBad
5270,15,465.60000000000036,15,330.60000000000065,move,improve
5271,15,465.60000000000036,15,330.60000000000065,2opt,notBad
5272,15,465.60000000000036,15,330.60000000000065,2opt,notBad
5273,15,465.60000000000036,15,330.60000000000065,move,improve
5274,15,465.60000000000036,15,330.60000000000065,swap,notBad
5275,15,465.60000000000036,15,330.60000000000065,swap,notBad
5276,15,465.60000000000036,15,330.60000000000065,2opt,improve
5277,15,465.60000000000036,15,330.60000000000065,swap,notBad
5278,15,465.60000000000036,15,330.60000000000065,2opt,improve
5279,15,465.60000000000036,15,330.60000000000065,2opt,notBad
5280,15,465.60000000000036,15,330.60000000000065,2opt,notBad
5281,15,465.60000000000036,15,330.60000000000065,swap,notBad
5282,15,465.60000000000036,15,330.60000000000065,move,improve
5283,15,465.60000000000036,15,330.60000000000065,swap,notBad
5284,15,465.60000000000036,15,330.60000000000065,2opt,notBad
5285,15,469.00000000000034,15,330.60000000000065,2opt,acceptBad
5286,15,469.00000000000034,15,330.60000000000065,move,improve
5287,15,469.00000000000034,15,330.60000000000065,move,improve
5288,15,469.00000000000034,15,330.60000000000065,move,improve
5289,15,469.00000000000034,15,330.60000000000065,2opt,notBad
5290,15,469.00000000000034,15,330.60000000000065,swap,notBad
5291,15,469.00000000000034,15,330.60000000000065,2opt,notBad
5292,15,495.0000000000002,15,330.60000000000065,swap,acceptBad
5293,15,495.0000000000002,15,330.60000000000065,2opt,notBad
5294,15,495.0000000000002,15,330.60000000000065,swap,notBad
5295,15,495.0000000000002,15,330.60000000000065,2opt,notBad
5296,15,495.0000000000002,15,330.60000000000065,move,improve
5297,15,495.0000000000002,15,330.60000000000065,move,improve
5298,15,555.4000000000001,15,330.60000000000065,move,acceptBad
5299,15,555.4000000000001,15,330.60000000000065,move,improve
5300,15,555.4000000000001,15,330.60000000000065,swap,notBad
5301,15,550.3999999999997,15,330.60000000000065,2opt,improve
5302,15,550.3999999999997,15,330.60000000000065,move,improve
5303,15,550.3999999999997,15,330.60000000000065,move,improve
5304,15,550.3999999999997,15,330.60000000000065,swap,notBad
5305,15,550.3999999999997,15,330.60000000000065,swap,notBad
5306,15,550.3999999999997,15,330.60000000000065,move,improve
5307,15,550.3999999999997,15,330.60000000000065,2opt,notBad
5308,15,489.9999999999999,15,330.60000000000065,move,improve
5309,15,489.9999999999999,15,330.60000000000065,swap,notBad
5310,15,489.9999999999999,15,330.60000000000065,2opt,notBad
5311,15,489.9999999999999,15,330.60000000000065,2opt,improve
5312,15,489.9999999999999,15,330.60000000000065,2opt,improve
5313,15,489.9999999999999,15,330.60000000000065,swap,notBad
5314,15,489.9999999999999,15,330.60000000000065,2opt,notBad
5315,15,489.9999999999999,15,330.60000000000065,move,improve
5316,15,489.9999999999999,15,330.60000000000065,swap,notBad
5317,15,489.9999999999999,15,330.60000000000065,swap,notBad
5318,15,489.9999999999999,15,330.60000000000065,move,improve
5319,15,489.9999999999999,15,330.60000000000065,swap,notBad
5320,15,489.9999999999999,15,330.60000000000065,move,improve
5321,15,489.9999999999999,15,330.60000000000065,swap,notBad
5322,15,489.9999999999999,15,330.60000000000065,move,improve
5323,15,489.9999999999999,15,330.60000000000065,2opt,notBad
5324,15,489.9999999999999,15,330.60000000000065,move,improve
5325,15,489.9999999999999,15,330.60000000000065,move,improve
5326,15,489.9999999999999,15,330.60000000000065,2opt,improve
5327,15,489.9999999999999,15,330.60000000000065,swap,notBad
5328,15,489.9999999999999,15,330.60000000000065,2opt,notBad
5329,15,489.9999999999999,15,330.60000000000065,move,improve
5330,15,489.9999999999999,15,330.60000000000065,move,improve
5331,15,489.9999999999999,15,330.60000000000065,swap,notBad
5332,15,489.9999999999999,15,330.60000000000065,2opt,notBad
5333,15,489.9999999999999,15,330.60000000000065,2opt,notBad
5334,15,489.9999999999999,15,330.60000000000065,2opt,improve
5335,15,514.9999999999999,15,330.60000000000065,swap,acceptBad
5336,15,514.9999999999999,15,330.60000000000065,move,improve
5337,15,514.9999999999999,15,330.60000000000065,2opt,notBad
5338,15,514.9999999999999,15,330.60000000000065,move,improve
5339,15,514.9999999999999,15,330.60000000000065,2opt,notBad
5340,15,514.9999999999999,15,330.60000000000065,move,improve
5341,15,514.9999999999999,15,330.60000000000065,move,improve
5342,15,514.9999999999999,15,330.60000000000065,move,improve
5343,15,514.9999999999999,15,330.60000000000065,swap,notBad
5344,15,514.9999999999999,15,330.60000000000065,2opt,improve
5345,15,514.9999999999999,15,330.60000000000065,swap,notBad
5346,15,514.9999999999999,15,330.60000000000065,2opt,notBad
5347,15,514.9999999999999,15,330.60000000000065,2opt,notBad
5348,15,514.9999999999999,15,330.60000000000065,move,improve
5349,15,504.5999999999998,15,330.60000000000065,move,improve
5350,15,504.5999999999998,15,330.60000000000065,move,improve
5351,15,504.5999999999998,15,330.60000000000065,2opt,notBad
5352,15,504.5999999999998,15,330.60000000000065,2opt,improve
5353,15,504.5999999999998,15,330.60000000000065,swap,notBad
5354,15,504.5999999999998,15,330.60000000000065,move,improve
5355,15,504.5999999999998,15,330.60000000000065,move,improve
5356,15,504.5999999999998,15,330.60000000000065,move,improve
5357,15,504.5999999999998,15,330.60000000000065,move,improve
5358,15,504.5999999999998,15,330.60000000000065,swap,notBad
5359,15,504.5999999999998,15,330.60000000000065,swap,notBad
5360,15,504.5999999999998,15,330.60000000000065,swap,notBad
5361,15,504.5999999999998,15,330.60000000000065,swap,notBad
5362,15,504.5999999999998,15,330.60000000000065,move,improve
5363,15,504.5999999999998,15,330.60000000000065,2opt,improve
5364,15,504.5999999999998,15,330.60000000000065,move,improve
5365,15,504.5999999999998,15,330.60000000000065,move,improve
5366,15,504.5999999999998,15,330.60000000000065,2opt,notBad
5367,15,504.5999999999998,15,330.60000000000065,2opt,notBad
5368,15,504.5999999999998,15,330.60000000000065,2opt,notBad
5369,15,504.5999999999998,15,330.60000000000065,2opt,notBad
5370,15,504.5999999999998,15,330.60000000000065,move,improve
5371,15,504.5999999999998,15,330.60000000000065,2opt,notBad
5372,15,504.5999999999998,15,330.60000000000065,move,improve
5373,15,504.5999999999998,15,330.60000000000065,move,improve
5374,15,504.5999999999998,15,330.60000000000065,2opt,notBad
5375,15,504.5999999999998,15,330.60000000000065,move,improve
5376,15,504.5999999999998,15,330.60000000000065,swap,notBad
5377,15,504.5999999999998,15,330.60000000000065,swap,notBad
5378,15,504.5999999999998,15,330.60000000000065,swap,notBad
5379,15,504.5999999999998,15,330.60000000000065,2opt,notBad
5380,15,504.5999999999998,15,330.60000000000065,2opt,notBad
5381,15,504.5999999999998,15,330.60000000000065,move,improve
5382,15,504.5999999999998,15,330.60000000000065,swap,notBad
5383,15,504.5999999999998,15,330.60000000000065,move,notBad
5384,15,504.4,15,330.60000000000065,move,improve
5385,15,504.4,15,330.60000000000065,swap,notBad
5386,15,504.4,15,330.60000000000065,move,improve
5387,15,504.4,15,330.60000000000065,move,improve
5388,15,504.4,15,330.60000000000065,swap,notBad
5389,15,504.4,15,330.60000000000065,move,improve
5390,15,504.4,15,330.60000000000065,swap,notBad
5391,15,504.4,15,330.60000000000065,move,improve
5392,15,504.4,15,330.60000000000065,swap,notBad
5393,15,504.4,15,330.60000000000065,2opt,notBad
5394,15,504.4,15,330.60000000000065,swap,notBad
5395,15,504.4,15,330.60000000000065,move,improve
5396,15,504.4,15,330.60000000000065,swap,notBad
5397,15,504.4,15,330.60000000000065,2opt,notBad
5398,15,504.4,15,330.60000000000065,2opt,notBad
5399,15,504.4,15,330.60000000000065,swap,notBad
5400,15,504.4,15,330.60000000000065,move,improve
5401,15,504.4,15,330.60000000000065,2opt,notBad
5402,15,504.4,15,330.60000000000065,2opt,notBad
5403,15,504.4,15,330.60000000000065,swap,notBad
5404,15,504.4,15,330.60000000000065,2opt,notBad
5405,15,504.4,15,330.60000000000065,move,improve
5406,15,504.4,15,330.60000000000065,swap,notBad
5407,15,504.4,15,330.60000000000065,move,notBad
5408,15,504.4,15,330.60000000000065,move,improve
5409,15,504.4,15,330.60000000000065,2opt,notBad
5410,15,504.4,15,330.60000000000065,swap,notBad
5411,15,479.4,15,330.60000000000065,swap,improve
5412,15,479.4,15,330.60000000000065,swap,notBad
5413,15,479.4,15,330.60000000000065,swap,notBad
5414,15,479.4,15,330.60000000000065,move,improve
5415,15,479.4,15,330.60000000000065,2opt,notBad
5416,15,479.4,15,330.60000000000065,move,improve
5417,15,479.4,15,330.60000000000065,2opt,notBad
5418,15,479.4,15,330.60000000000065,swap,notBad
5419,15,479.4,15,330.60000000000065,2opt,notBad
5420,15,479.4,15,330.60000000000065,move,improve
5421,15,479.4,15,330.60000000000065,swap,notBad
5422,15,479.4,15,330.60000000000065,swap,notBad
5423,15,479.4,15,330.60000000000065,swap,notBad
5424,15,479.4,15,330.60000000000065,swap,notBad
5425,15,479.4,15,330.60000000000065,swap,notBad
5426,15,479.4,15,330.60000000000065,swap,notBad
5427,15,479.4,15,330.60000000000065,swap,notBad
5428,15,479.4,15,330.60000000000065,swap,notBad
5429,15,479.4,15,330.60000000000065,move,improve
5430,15,479.4,15,330.60000000000065,2opt,notBad
5431,15,479.4,15,330.60000000000065,2opt,notBad
5432,15,479.4,15,330.60000000000065,2opt,notBad
5433,15,479.4,15,330.60000000000065,swap,notBad
5434,15,479.4,15,330.60000000000065,swap,notBad
5435,15,479.4,15,330.60000000000065,2opt,notBad
5436,15,479.4,15,330.60000000000065,swap,notBad
5437,15,479.4,15,330.60000000000065,move,improve
5438,15,479.4,15,330.60000000000065,2opt,notBad
5439,15,479.4,15,330.60000000000065,move,improve
5440,15,479.4,15,330.60000000000065,move,improve
5441,15,479.4,15,330.60000000000065,move,improve
5442,15,479.4,15,330.60000000000065,swap,notBad
5443,15,479.4,15,330.60000000000065,2opt,notBad
5444,15,479.4,15,330.60000000000065,swap,notBad
5445,15,479.4,15,330.60000000000065,2opt,notBad
5446,15,479.4,15,330.60000000000065,move,improve
5447,15,479.4,15,330.60000000000065,swap,notBad
5448,15,479.4,15,330.60000000000065,2opt,notBad
5449,15,479.4,15,330.60000000000065,swap,notBad
5450,15,479.4,15,330.60000000000065,move,improve
5451,15,479.4,15,330.60000000000065,move,improve
5452,15,479.4,15,330.60000000000065,move,improve
5453,15,479.4,15,330.60000000000065,2opt,notBad
5454,15,479.4,15,330.60000000000065,2opt,notBad
5455,15,479.4,15,330.60000000000065,move,improve
5456,15,479.4,15,330.60000000000065,2opt,notBad
5457,15,479.4,15,330.60000000000065,2opt,improve
5458,15,479.4,15,330.60000000000065,move,improve
5459,15,494.99999999999983,15,330.60000000000065,swap,acceptBad
5460,15,494.99999999999983,15,330.60000000000065,2opt,notBad
5461,15,494.99999999999983,15,330.60000000000065,2opt,notBad
5462,15,494.99999999999983,15,330.60000000000065,move,improve
5463,15,494.99999999999983,15,330.60000000000065,swap,notBad
5464,15,494.99999999999983,15,330.60000000000065,move,improve
5465,15,494.99999999999983,15,330.60000000000065,swap,notBad
5466,15,506.59999999999997,15,330.60000000000065,swap,acceptBad
5467,15,506.59999999999997,15,330.60000000000065,swap,notBad
5468,15,506.59999999999997,15,330.60000000000065,2opt,improve
5469,15,506.59999999999997,15,330.60000000000065,swap,notBad
5470,15,506.59999999999997,15,330.60000000000065,2opt,notBad
5471,15,506.59999999999997,15,330.60000000000065,move,improve
5472,15,506.59999999999997,15,330.60000000000065,2opt,notBad
5473,15,506.59999999999997,15,330.60000000000065,swap,notBad
5474,15,506.59999999999997,15,330.60000000000065,2opt,notBad
5475,15,506.59999999999997,15,330.60000000000065,move,improve
5476,15,506.59999999999997,15,330.60000000000065,move,improve
5477,15,506.59999999999997,15,330.60000000000065,move,improve
5478,15,506.59999999999997,15,330.60000000000065,2opt,notBad
5479,15,506.59999999999997,15,330.60000000000065,move,improve
5480,15,506.59999999999997,15,330.60000000000065,move,improve
5481,15,506.59999999999997,15,330.60000000000065,2opt,notBad
5482,15,506.59999999999997,15,330.60000000000065,move,improve
5483,15,506.59999999999997,15,330.60000000000065,move,improve
5484,15,506.59999999999997,15,330.60000000000065,2opt,improve
5485,15,506.59999999999997,15,330.60000000000065,swap,notBad
5486,15,506.59999999999997,15,330.60000000000065,swap,notBad
5487,15,506.59999999999997,15,330.60000000000065,2opt,notBad
5488,15,506.59999999999997,15,330.60000000000065,swap,notBad
5489,15,506.59999999999997,15,330.60000000000065,move,improve
5490,15,506.59999999999997,15,330.60000000000065,2opt,notBad
5491,15,498.80000000000007,15,330.60000000000065,move,improve
5492,15,498.80000000000007,15,330.60000000000065,2opt,notBad
5493,15,498.80000000000007,15,330.60000000000065,2opt,improve
5494,15,493.39999999999975,15,330.60000000000065,swap,improve
5495,15,493.39999999999975,15,330.60000000000065,2opt,improve
5496,15,493.39999999999975,15,330.60000000000065,swap,notBad
5497,15,493.39999999999975,15,330.60000000000065,swap,notBad
5498,15,493.39999999999975,15,330.60000000000065,swap,notBad
5499,15,493.39999999999975,15,330.60000000000065,swap,notBad
5500,15,493.39999999999975,15,330.60000000000065,swap,notBad
5501,15,493.39999999999975,15,330.60000000000065,2opt,notBad
5502,15,493.39999999999975,15,330.60000000000065,2opt,notBad
5503,15,493.39999999999975,15,330.60000000000065,swap,notBad
5504,15,493.39999999999975,15,330.60000000000065,move,notBad
5505,15,493.39999999999975,15,330.60000000000065,move,improve
5506,15,493.39999999999975,15,330.60000000000065,2opt,notBad
5507,15,493.39999999999975,15,330.60000000000065,2opt,notBad
5508,15,493.39999999999975,15,330.60000000000065,swap,notBad
5509,15,493.39999999999975,15,330.60000000000065,move,improve
5510,15,493.39999999999975,15,330.60000000000065,2opt,notBad
5511,15,493.39999999999975,15,330.60000000000065,2opt,notBad
5512,15,493.39999999999975,15,330.60000000000065,2opt,notBad
5513,15,493.39999999999975,15,330.60000000000065,swap,notBad
5514,15,493.39999999999975,15,330.60000000000065,2opt,notBad
5515,15,493.39999999999975,15,330.60000000000065,move,improve
5516,15,493.39999999999975,15,330.60000000000065,2opt,notBad
5517,15,493.39999999999975,15,330.60000000000065,swap,notBad
5518,15,493.39999999999975,15,330.60000000000065,move,improve
5519,15,493.39999999999975,15,330.60000000000065,swap,notBad
5520,15,493.39999999999975,15,330.60000000000065,2opt,notBad
5521,15,488.59999999999974,15,330.60000000000065,move,improve
5522,15,488.59999999999974,15,330.60000000000065,swap,notBad
5523,15,488.59999999999974,15,330.60000000000065,swap,notBad
5524,15,478.99999999999983,15,330.60000000000065,move,improve
5525,15,478.99999999999983,15,330.60000000000065,move,improve
5526,15,478.99999999999983,15,330.60000000000065,swap,notBad
5527,15,478.99999999999983,15,330.60000000000065,swap,notBad
5528,15,478.99999999999983,15,330.60000000000065,2opt,notBad
5529,15,478.99999999999983,15,330.60000000000065,swap,notBad
5530,15,478.99999999999983,15,330.60000000000065,swap,notBad
5531,15,478.99999999999983,15,330.60000000000065,swap,notBad
5532,15,478.99999999999983,15,330.60000000000065,2opt,notBad
5533,15,478.99999999999983,15,330.60000000000065,swap,notBad
5534,15,478.99999999999966,15,330.60000000000065,2opt,improve
5535,15,478.99999999999966,15,330.60000000000065,2opt,notBad
5536,15,478.99999999999966,15,330.60000000000065,move,improve
5537,15,478.99999999999966,15,330.60000000000065,2opt,notBad
5538,15,478.99999999999966,15,330.60000000000065,swap,notBad
5539,15,478.99999999999966,15,330.60000000000065,move,improve
5540,15,478.99999999999966,15,330.60000000000065,2opt,notBad
5541,15,478.99999999999966,15,330.60000000000065,move,improve
5542,15,478.99999999999966,15,330.60000000000065,swap,notBad
5543,15,478.99999999999966,15,330.60000000000065,move,improve
5544,15,478.99999999999966,15,330.60000000000065,move,improve
5545,15,478.99999999999966,15,330.60000000000065,swap,notBad
5546,15,478.99999999999966,15,330.60000000000065,2opt,improve
5547,15,478.99999999999966,15,330.60000000000065,swap,notBad
5548,15,478.99999999999966,15,330.60000000000065,swap,notBad
5549,15,478.99999999999966,15,330.60000000000065,move,improve
5550,15,478.99999999999966,15,330.60000000000065,move,improve
5551,15,478.99999999999966,15,330.60000000000065,move,improve
5552,15,478.99999999999966,15,330.60000000000065,2opt,notBad
5553,15,478.99999999999966,15,330.60000000000065,swap,notBad
5554,15,478.99999999999966,15,330.60000000000065,2opt,notBad
5555,15,478.99999999999966,15,330.60000000000065,move,improve
5556,15,478.99999999999966,15,330.60000000000065,swap,notBad
5557,15,478.99999999999966,15,330.60000000000065,move,improve
5558,15,478.99999999999966,15,330.60000000000065,move,improve
5559,15,478.99999999999966,15,330.60000000000065,move,improve
5560,15,478.99999999999966,15,330.60000000000065,move,improve
5561,15,478.99999999999966,15,330.60000000000065,move,improve
5562,15,478.99999999999966,15,330.60000000000065,move,improve
5563,15,478.99999999999966,15,330.60000000000065,2opt,notBad
5564,15,478.99999999999966,15,330.60000000000065,2opt,notBad
5565,15,478.99999999999966,15,330.60000000000065,2opt,notBad
5566,15,478.99999999999966,15,330.60000000000065,2opt,improve
5567,15,478.99999999999966,15,330.60000000000065,2opt,notBad
5568,15,478.99999999999966,15,330.60000000000065,2opt,notBad
5569,15,478.99999999999966,15,330.60000000000065,2opt,notBad
5570,15,478.99999999999966,15,330.60000000000065,move,improve
5571,15,478.99999999999966,15,330.60000000000065,2opt,notBad
5572,15,478.99999999999966,15,330.60000000000065,2opt,notBad
5573,15,478.99999999999966,15,330.60000000000065,swap,notBad
5574,15,478.99999999999966,15,330.60000000000065,2opt,notBad
5575,15,478.99999999999966,15,330.60000000000065,move,improve
5576,15,478.99999999999966,15,330.60000000000065,swap,notBad
5577,15,478.99999999999966,15,330.60000000000065,2opt,notBad
5578,15,478.99999999999966,15,330.60000000000065,swap,notBad
5579,15,478.99999999999966,15,330.60000000000065,move,improve
5580,15,478.99999999999966,15,330.60000000000065,move,improve
5581,15,478.99999999999966,15,330.60000000000065,2opt,notBad
5582,15,478.99999999999966,15,330.60000000000065,swap,notBad
5583,15,478.99999999999966,15,330.60000000000065,move,improve
5584,15,478.99999999999966,15,330.60000000000065,2opt,improve
5585,15,478.99999999999966,15,330.60000000000065,swap,notBad
5586,15,478.99999999999966,15,330.60000000000065,move,improve
5587,15,478.99999999999966,15,330.60000000000065,swap,notBad
5588,15,478.99999999999966,15,330.60000000000065,swap,notBad
5589,15,478.99999999999966,15,330.60000000000065,move,improve
5590,15,478.99999999999966,15,330.60000000000065,swap,notBad
5591,15,478.99999999999966,15,330.60000000000065,move,improve
5592,15,478.99999999999966,15,330.60000000000065,move,improve
5593,15,478.99999999999966,15,330.60000000000065,swap,notBad
5594,15,478.99999999999966,15,330.60000000000065,swap,notBad
5595,15,478.99999999999966,15,330.60000000000065,2opt,notBad
5596,15,478.99999999999966,15,330.60000000000065,swap,notBad
5597,15,478.99999999999966,15,330.60000000000065,swap,notBad
5598,15,478.99999999999966,15,330.60000000000065,2opt,notBad
5599,15,478.99999999999966,15,330.60000000000065,2opt,notBad
5600,15,478.99999999999966,15,330.60000000000065,2opt,notBad
5601,15,478.99999999999966,15,330.60000000000065,2opt,notBad
5602,15,478.99999999999966,15,330.60000000000065,2opt,notBad
5603,15,478.99999999999966,15,330.60000000000065,move,improve
5604,15,478.99999999999966,15,330.60000000000065,2opt,notBad
5605,15,478.99999999999966,15,330.60000000000065,move,improve
5606,15,478.99999999999966,15,330.60000000000065,swap,notBad
5607,15,478.99999999999966,15,330.60000000000065,move,improve
5608,15,478.99999999999966,15,330.60000000000065,2opt,improve
5609,15,479.9999999999999,15,330.60000000000065,swap,acceptBad
5610,15,479.9999999999999,15,330.60000000000065,swap,notBad
5611,15,479.9999999999999,15,330.60000000000065,move,improve
5612,15,479.9999999999999,15,330.60000000000065,swap,notBad
5613,15,479.9999999999999,15,330.60000000000065,swap,notBad
5614,15,479.9999999999999,15,330.60000000000065,swap,notBad
5615,15,479.9999999999999,15,330.60000000000065,swap,notBad
5616,15,479.9999999999999,15,330.60000000000065,move,improve
5617,15,479.9999999999999,15,330.60000000000065,swap,notBad
5618,15,479.9999999999999,15,330.60000000000065,2opt,notBad
5619,15,456.5999999999999,15,330.60000000000065,swap,improve
5620,15,456.5999999999999,15,330.60000000000065,2opt,improve
5621,15,456.5999999999999,15,330.60000000000065,swap,notBad
5622,15,456.5999999999999,15,330.60000000000065,move,improve
5623,15,456.5999999999999,15,330.60000000000065,move,improve
5624,15,456.5999999999999,15,330.60000000000065,swap,notBad
5625,15,456.5999999999999,15,330.60000000000065,2opt,notBad
5626,15,456.5999999999999,15,330.60000000000065,2opt,notBad
5627,15,456.5999999999999,15,330.60000000000065,2opt,notBad
5628,15,456.5999999999999,15,330.60000000000065,2opt,notBad
5629,15,456.5999999999999,15,330.60000000000065,2opt,notBad
5630,15,448.5999999999997,15,330.60000000000065,move,improve
5631,15,448.5999999999997,15,330.60000000000065,swap,notBad
5632,15,448.5999999999997,15,330.60000000000065,2opt,notBad
5633,15,448.5999999999997,15,330.60000000000065,swap,notBad
5634,15,447.3999999999995,15,330.60000000000065,move,improve
5635,15,447.3999999999995,15,330.60000000000065,swap,notBad
5636,15,447.3999999999995,15,330.60000000000065,2opt,improve
5637,15,447.3999999999995,15,330.60000000000065,swap,notBad
5638,15,447.3999999999995,15,330.60000000000065,swap,notBad
5639,15,447.3999999999995,15,330.60000000000065,2opt,improve
5640,15,447.3999999999995,15,330.60000000000065,move,improve
5641,15,447.3999999999995,15,330.60000000000065,move,improve
5642,15,447.3999999999995,15,330.60000000000065,2opt,notBad
5643,15,447.3999999999995,15,330.60000000000065,2opt,notBad
5644,15,447.3999999999995,15,330.60000000000065,swap,notBad
5645,15,447.3999999999995,15,330.60000000000065,move,improve
5646,15,447.3999999999995,15,330.60000000000065,2opt,notBad
5647,15,447.3999999999995,15,330.60000000000065,swap,notBad
5648,15,447.3999999999995,15,330.60000000000065,swap,notBad
5649,15,447.3999999999995,15,330.60000000000065,2opt,notBad
5650,15,447.3999999999995,15,330.60000000000065,2opt,improve
5651,15,447.3999999999995,15,330.60000000000065,2opt,improve
5652,15,447.3999999999995,15,330.60000000000065,2opt,notBad
5653,15,447.1999999999996,15,330.60000000000065,move,improve
5654,15,447.1999999999996,15,330.60000000000065,swap,notBad
5655,15,447.1999999999996,15,330.60000000000065,swap,notBad
5656,15,447.1999999999996,15,330.60000000000065,2opt,notBad
5657,15,447.1999999999996,15,330.60000000000065,2opt,notBad
5658,15,447.1999999999996,15,330.60000000000065,move,improve
5659,15,447.1999999999996,15,330.60000000000065,move,improve
5660,15,447.1999999999996,15,330.60000000000065,2opt,improve
5661,15,447.1999999999996,15,330.60000000000065,move,improve
5662,15,447.1999999999996,15,330.60000000000065,2opt,notBad
5663,15,447.1999999999996,15,330.60000000000065,2opt,improve
5664,15,447.1999999999996,15,330.60000000000065,2opt,improve
5665,15,447.1999999999996,15,330.60000000000065,2opt,improve
5666,15,428.59999999999945,15,330.60000000000065,move,improve
5667,15,428.59999999999945,15,330.60000000000065,move,improve
5668,15,428.59999999999945,15,330.60000000000065,move,improve
5669,15,428.59999999999945,15,330.60000000000065,swap,notBad
5670,15,428.59999999999945,15,330.60000000000065,2opt,improve
5671,15,428.59999999999945,15,330.60000000000065,swap,notBad
5672,15,400.99999999999966,15,330.60000000000065,move,improve
5673,15,400.99999999999966,15,330.60000000000065,move,improve
5674,15,400.99999999999966,15,330.60000000000065,2opt,improve
5675,15,400.99999999999966,15,330.60000000000065,swap,notBad
5676,15,400.99999999999966,15,330.60000000000065,move,improve
5677,15,400.99999999999966,15,330.60000000000065,move,improve
5678,15,400.99999999999966,15,330.60000000000065,2opt,notBad
5679,15,400.99999999999966,15,330.60000000000065,2opt,notBad
5680,15,400.99999999999966,15,330.60000000000065,move,improve
5681,15,400.99999999999966,15,330.60000000000065,swap,notBad
5682,15,400.99999999999966,15,330.60000000000065,2opt,notBad
5683,15,400.99999999999966,15,330.60000000000065,move,improve
5684,15,400.99999999999966,15,330.60000000000065,move,improve
5685,15,400.99999999999966,15,330.60000000000065,2opt,notBad
5686,15,400.99999999999966,15,330.60000000000065,move,improve
5687,15,400.99999999999966,15,330.60000000000065,swap,notBad
5688,15,400.99999999999966,15,330.60000000000065,2opt,notBad
5689,15,400.99999999999966,15,330.60000000000065,swap,notBad
5690,15,400.99999999999966,15,330.60000000000065,swap,notBad
5691,15,400.99999999999966,15,330.60000000000065,move,improve
5692,15,400.99999999999966,15,330.60000000000065,swap,notBad
5693,15,400.99999999999966,15,330.60000000000065,2opt,notBad
5694,15,400.99999999999966,15,330.60000000000065,2opt,notBad
5695,15,400.99999999999966,15,330.60000000000065,move,improve
5696,15,400.99999999999966,15,330.60000000000065,swap,notBad
5697,15,400.99999999999966,15,330.60000000000065,2opt,notBad
5698,15,400.99999999999966,15,330.60000000000065,2opt,improve
5699,15,400.99999999999966,15,330.60000000000065,2opt,improve
5700,15,400.99999999999966,15,330.60000000000065,swap,notBad
5701,15,400.99999999999966,15,330.60000000000065,move,improve
5702,15,400.99999999999966,15,330.60000000000065,move,improve
5703,15,400.99999999999966,15,330.60000000000065,2opt,notBad
5704,15,400.99999999999966,15,330.60000000000065,2opt,notBad
5705,15,400.99999999999966,15,330.60000000000065,2opt,improve
5706,15,400.99999999999966,15,330.60000000000065,swap,improve
5707,15,400.99999999999966,15,330.60000000000065,move,improve
5708,15,400.99999999999966,15,330.60000000000065,move,improve
5709,15,400.99999999999966,15,330.60000000000065,move,improve
5710,15,400.99999999999966,15,330.60000000000065,swap,notBad
5711,15,400.99999999999966,15,330.60000000000065,2opt,improve
5712,15,400.99999999999966,15,330.60000000000065,swap,notBad
5713,15,400.99999999999966,15,330.60000000000065,swap,notBad
5714,15,400.99999999999966,15,330.60000000000065,move,improve
5715,15,400.99999999999966,15,330.60000000000065,2opt,improve
5716,15,400.99999999999966,15,330.60000000000065,move,improve
5717,15,400.99999999999966,15,330.60000000000065,move,improve
5718,15,400.99999999999966,15,330.60000000000065,swap,notBad
5719,15,400.99999999999966,15,330.60000000000065,move,improve
5720,15,400.99999999999966,15,330.60000000000065,2opt,notBad
5721,15,400.99999999999966,15,330.60000000000065,2opt,notBad
5722,15,400.99999999999966,15,330.60000000000065,move,improve
5723,15,400.99999999999966,15,330.60000000000065,swap,notBad
5724,15,400.99999999999966,15,330.60000000000065,2opt,improve
5725,15,400.99999999999966,15,330.60000000000065,swap,notBad
5726,15,400.99999999999966,15,330.60000000000065,move,improve
5727,15,400.99999999999966,15,330.60000000000065,move,improve
5728,15,400.99999999999966,15,330.60000000000065,swap,notBad
5729,15,400.99999999999966,15,330.60000000000065,2opt,notBad
5730,15,400.99999999999966,15,330.60000000000065,2opt,improve
5731,15,400.99999999999966,15,330.60000000000065,move,improve
5732,15,400.99999999999966,15,330.60000000000065,move,improve
5733,15,400.99999999999966,15,330.60000000000065,2opt,improve
5734,15,400.99999999999966,15,330.60000000000065,2opt,notBad
5735,15,400.99999999999966,15,330.60000000000065,swap,notBad
5736,15,400.99999999999966,15,330.60000000000065,2opt,notBad
5737,15,400.99999999999966,15,330.60000000000065,2opt,improve
5738,15,400.99999999999966,15,330.60000000000065,swap,notBad
5739,15,400.99999999999966,15,330.60000000000065,move,improve
5740,15,400.99999999999966,15,330.60000000000065,move,improve
5741,15,400.99999999999966,15,330.60000000000065,move,improve
5742,15,400.99999999999966,15,330.60000000000065,swap,notBad
5743,15,400.99999999999966,15,330.60000000000065,swap,notBad
5744,15,400.99999999999966,15,330.60000000000065,move,improve
5745,15,400.99999999999966,15,330.60000000000065,2opt,notBad
5746,15,400.99999999999966,15,330.60000000000065,2opt,notBad
5747,15,400.99999999999966,15,330.60000000000065,swap,notBad
5748,15,400.99999999999966,15,330.60000000000065,move,improve
5749,15,400.99999999999966,15,330.60000000000065,2opt,notBad
5750,15,400.99999999999966,15,330.60000000000065,2opt,notBad
5751,15,400.99999999999966,15,330.60000000000065,swap,notBad
5752,15,400.99999999999966,15,330.60000000000065,swap,notBad
5753,15,400.99999999999966,15,330.60000000000065,move,improve
5754,15,400.99999999999966,15,330.60000000000065,move,improve
5755,15,400.99999999999966,15,330.60000000000065,2opt,notBad
5756,15,400.99999999999966,15,330.60000000000065,2opt,notBad
5757,15,400.99999999999966,15,330.60000000000065,2opt,improve
5758,15,400.99999999999966,15,330.60000000000065,2opt,notBad
5759,15,400.99999999999966,15,330.60000000000065,2opt,notBad
5760,15,400.99999999999966,15,330.60000000000065,2opt,notBad
5761,15,400.99999999999966,15,330.60000000000065,move,improve
5762,15,400.99999999999966,15,330.60000000000065,2opt,notBad
5763,15,400.99999999999966,15,330.60000000000065,2opt,notBad
5764,15,400.99999999999966,15,330.60000000000065,swap,notBad
5765,15,400.99999999999966,15,330.60000000000065,move,improve
5766,15,423.7999999999997,15,330.60000000000065,move,acceptBad
5767,15,423.7999999999997,15,330.60000000000065,swap,notBad
5768,15,423.7999999999997,15,330.60000000000065,2opt,notBad
5769,15,423.7999999999997,15,330.60000000000065,2opt,notBad
5770,15,423.7999999999997,15,330.60000000000065,move,improve
5771,15,423.7999999999997,15,330.60000000000065,move,improve
5772,15,423.7999999999997,15,330.60000000000065,move,improve
5773,15,423.7999999999997,15,330.60000000000065,2opt,notBad
5774,15,423.7999999999997,15,330.60000000000065,swap,notBad
5775,15,423.7999999999997,15,330.60000000000065,swap,notBad
5776,15,434.8000000000002,15,330.60000000000065,swap,acceptBad
5777,15,434.8000000000002,15,330.60000000000065,swap,notBad
5778,15,434.8000000000002,15,330.60000000000065,2opt,notBad
5779,15,434.8000000000002,15,330.60000000000065,move,improve
5780,15,434.8000000000002,15,330.60000000000065,2opt,notBad
5781,15,434.8000000000002,15,330.60000000000065,move,improve
5782,15,434.8000000000002,15,330.60000000000065,move,improve
5783,15,434.8000000000002,15,330.60000000000065,2opt,notBad
5784,15,434.8000000000002,15,330.60000000000065,swap,notBad
5785,15,434.8000000000002,15,330.60000000000065,2opt,notBad
5786,15,434.8000000000002,15,330.60000000000065,move,improve
5787,15,434.8000000000002,15,330.60000000000065,move,improve
5788,15,434.8000000000002,15,330.60000000000065,2opt,notBad
5789,15,434.8000000000002,15,330.60000000000065,2opt,improve
5790,15,434.8000000000002,15,330.60000000000065,2opt,notBad
5791,15,434.8000000000002,15,330.60000000000065,swap,notBad
5792,15,434.8000000000002,15,330.60000000000065,swap,notBad
5793,15,434.8000000000002,15,330.60000000000065,move,improve
5794,15,434.8000000000002,15,330.60000000000065,move,improve
5795,15,434.8000000000002,15,330.60000000000065,move,improve
5796,15,434.8000000000002,15,330.60000000000065,swap,notBad
5797,15,434.8000000000002,15,330.60000000000065,move,improve
5798,15,434.8000000000002,15,330.60000000000065,2opt,notBad
5799,15,434.8000000000002,15,330.60000000000065,2opt,improve
5800,15,434.8000000000002,15,330.60000000000065,swap,notBad
5801,15,434.8000000000002,15,330.60000000000065,swap,notBad
5802,15,434.8000000000002,15,330.60000000000065,move,improve
5803,15,434.8000000000002,15,330.60000000000065,2opt,notBad
5804,15,434.8000000000002,15,330.60000000000065,move,improve
5805,15,434.8000000000002,15,330.60000000000065,swap,notBad
5806,15,434.8000000000002,15,330.60000000000065,swap,notBad
5807,15,434.8000000000002,15,330.60000000000065,move,improve
5808,15,434.8000000000002,15,330.60000000000065,swap,notBad
5809,15,434.8000000000002,15,330.60000000000065,move,improve
5810,15,404.6,15,330.60000000000065,swap,improve
5811,15,404.6,15,330.60000000000065,2opt,notBad
5812,15,404.6,15,330.60000000000065,swap,notBad
5813,15,404.6,15,330.60000000000065,move,improve
5814,15,404.6,15,330.60000000000065,2opt,notBad
5815,15,404.6,15,330.60000000000065,swap,notBad
5816,15,404.6,15,330.60000000000065,move,improve
5817,15,404.6,15,330.60000000000065,2opt,notBad
5818,15,404.6,15,330.60000000000065,move,improve
5819,15,404.6,15,330.60000000000065,swap,notBad
5820,15,404.6,15,330.60000000000065,swap,notBad
5821,15,404.6,15,330.60000000000065,2opt,improve
5822,15,404.6,15,330.60000000000065,move,improve
5823,15,404.6,15,330.60000000000065,swap,notBad
5824,15,404.6,15,330.60000000000065,swap,notBad
5825,15,404.6,15,330.60000000000065,swap,notBad
5826,15,404.6,15,330.60000000000065,move,improve
5827,15,404.6,15,330.60000000000065,swap,notBad
5828,15,404.6,15,330.60000000000065,2opt,notBad
5829,15,404.6,15,330.60000000000065,swap,notBad
5830,15,404.6,15,330.60000000000065,2opt,notBad
5831,15,404.6,15,330.60000000000065,move,improve
5832,15,404.6,15,330.60000000000065,swap,notBad
5833,15,404.6,15,330.60000000000065,2opt,notBad
5834,15,404.6,15,330.60000000000065,move,improve
5835,15,404.6,15,330.60000000000065,swap,notBad
5836,15,404.6,15,330.60000000000065,2opt,notBad
5837,15,404.6,15,330.60000000000065,swap,notBad
5838,15,404.6,15,330.60000000000065,2opt,notBad
5839,15,404.6,15,330.60000000000065,2opt,notBad
5840,15,404.6,15,330.60000000000065,move,improve
5841,15,404.6,15,330.60000000000065,2opt,notBad
5842,15,404.6,15,330.60000000000065,move,improve
5843,15,404.6,15,330.60000000000065,2opt,notBad
5844,15,404.6,15,330.60000000000065,2opt,notBad
5845,15,404.6,15,330.60000000000065,2opt,notBad
5846,15,404.6,15,330.60000000000065,swap,notBad
5847,15,404.6,15,330.60000000000065,move,improve
5848,15,404.6,15,330.60000000000065,2opt,notBad
5849,15,404.6,15,330.60000000000065,move,improve
5850,15,404.6,15,330.60000000000065,2opt,improve
5851,15,404.6,15,330.60000000000065,2opt,notBad
5852,15,404.6,15,330.60000000000065,move,improve
5853,15,404.6,15,330.60000000000065,move,improve
5854,15,404.6,15,330.60000000000065,2opt,notBad
5855,15,404.6,15,330.60000000000065,move,improve
5856,15,404.6,15,330.60000000000065,2opt,notBad
5857,15,404.6,15,330.60000000000065,swap,notBad
5858,15,404.6,15,330.60000000000065,2opt,notBad
5859,15,404.6,15,330.60000000000065,2opt,notBad
5860,15,404.6,15,330.60000000000065,move,improve
5861,15,395.19999999999993,15,330.60000000000065,2opt,improve
5862,15,395.19999999999993,15,330.60000000000065,2opt,notBad
5863,15,395.19999999999993,15,330.60000000000065,2opt,improve
5864,15,395.19999999999993,15,330.60000000000065,2opt,notBad
5865,15,395.19999999999993,15,330.60000000000065,move,improve
5866,15,395.19999999999993,15,330.60000000000065,swap,notBad
5867,15,395.19999999999993,15,330.60000000000065,swap,notBad
5868,15,395.19999999999993,15,330.60000000000065,swap,notBad
5869,15,395.19999999999993,15,330.60000000000065,swap,notBad
5870,15,395.19999999999993,15,330.60000000000065,swap,notBad
5871,15,395.19999999999993,15,330.60000000000065,2opt,notBad
5872,15,395.19999999999993,15,330.60000000000065,move,improve
5873,15,395.19999999999993,15,330.60000000000065,swap,notBad
5874,15,395.19999999999993,15,330.60000000000065,move,improve
5875,15,395.19999999999993,15,330.60000000000065,swap,notBad
5876,15,395.19999999999993,15,330.60000000000065,2opt,improve
5877,15,395.19999999999993,15,330.60000000000065,2opt,improve
5878,15,395.19999999999993,15,330.60000000000065,2opt,improve
5879,15,395.19999999999993,15,330.60000000000065,swap,notBad
5880,15,395.19999999999993,15,330.60000000000065,2opt,improve
5881,15,395.19999999999993,15,330.60000000000065,2opt,notBad
5882,15,395.19999999999993,15,330.60000000000065,2opt,notBad
5883,15,395.19999999999993,15,330.60000000000065,move,improve
5884,15,395.19999999999993,15,330.60000000000065,move,improve
5885,15,395.19999999999993,15,330.60000000000065,2opt,improve
5886,15,395.19999999999993,15,330.60000000000065,move,improve
5887,15,395.19999999999993,15,330.60000000000065,2opt,notBad
5888,15,395.19999999999993,15,330.60000000000065,swap,notBad
5889,15,395.19999999999993,15,330.60000000000065,swap,notBad
5890,15,395.19999999999993,15,330.60000000000065,swap,notBad
5891,15,395.19999999999993,15,330.60000000000065,2opt,notBad
5892,15,382.19999999999993,15,330.60000000000065,2opt,improve
5893,15,382.19999999999993,15,330.60000000000065,move,improve
5894,15,382.19999999999993,15,330.60000000000065,move,improve
5895,15,382.19999999999993,15,330.60000000000065,move,improve
5896,15,382.19999999999993,15,330.60000000000065,2opt,improve
5897,15,382.19999999999993,15,330.60000000000065,swap,notBad
5898,15,382.19999999999993,15,330.60000000000065,swap,notBad
5899,15,382.19999999999993,15,330.60000000000065,2opt,improve
5900,15,382.19999999999993,15,330.60000000000065,move,improve
5901,15,382.19999999999993,15,330.60000000000065,2opt,notBad
5902,15,382.19999999999993,15,330.60000000000065,2opt,improve
5903,15,382.19999999999993,15,330.60000000000065,move,improve
5904,15,382.19999999999993,15,330.60000000000065,move,improve
5905,15,382.19999999999993,15,330.60000000000065,move,improve
5906,15,382.19999999999993,15,330.60000000000065,2opt,notBad
5907,15,382.19999999999993,15,330.60000000000065,swap,notBad
5908,15,382.19999999999993,15,330.60000000000065,move,improve
5909,15,382.19999999999993,15,330.60000000000065,move,improve
5910,15,382.19999999999993,15,330.60000000000065,swap,notBad
5911,15,382.19999999999993,15,330.60000000000065,swap,notBad
5912,15,382.19999999999993,15,330.60000000000065,move,improve
5913,15,382.19999999999993,15,330.60000000000065,2opt,notBad
5914,15,382.19999999999993,15,330.60000000000065,2opt,notBad
5915,15,382.19999999999993,15,330.60000000000065,2opt,notBad
5916,15,382.19999999999993,15,330.60000000000065,swap,notBad
5917,15,382.19999999999993,15,330.60000000000065,swap,notBad
5918,15,382.19999999999993,15,330.60000000000065,2opt,improve
5919,15,382.19999999999993,15,330.60000000000065,swap,notBad
5920,15,382.19999999999993,15,330.60000000000065,move,improve
5921,15,382.19999999999993,15,330.60000000000065,move,improve
5922,15,382.19999999999993,15,330.60000000000065,move,notBad
5923,15,382.19999999999993,15,330.60000000000065,swap,notBad
5924,15,382.19999999999993,15,330.60000000000065,swap,notBad
5925,15,382.19999999999993,15,330.60000000000065,2opt,notBad
5926,15,382.19999999999993,15,330.60000000000065,2opt,notBad
5927,15,382.19999999999993,15,330.60000000000065,move,improve
5928,15,382.19999999999993,15,330.60000000000065,2opt,notBad
5929,15,382.19999999999993,15,330.60000000000065,2opt,notBad
5930,15,382.19999999999993,15,330.60000000000065,move,improve
5931,15,382.19999999999993,15,330.60000000000065,move,improve
5932,15,382.19999999999993,15,330.60000000000065,2opt,notBad
5933,15,408.9999999999999,15,330.60000000000065,swap,acceptBad
5934,15,408.9999999999999,15,330.60000000000065,2opt,notBad
5935,15,408.9999999999999,15,330.60000000000065,move,improve
5936,15,408.9999999999999,15,330.60000000000065,swap,notBad
5937,15,408.9999999999999,15,330.60000000000065,move,improve
5938,15,408.9999999999999,15,330.60000000000065,swap,notBad
5939,15,408.9999999999999,15,330.60000000000065,move,improve
5940,15,408.9999999999999,15,330.60000000000065,swap,notBad
5941,15,408.9999999999999,15,330.60000000000065,swap,notBad
5942,15,408.9999999999999,15,330.60000000000065,move,improve
5943,15,408.9999999999999,15,330.60000000000065,2opt,notBad
5944,15,408.9999999999999,15,330.60000000000065,move,improve
5945,15,408.9999999999999,15,330.60000000000065,swap,notBad
5946,15,408.9999999999999,15,330.60000000000065,swap,notBad
5947,15,408.9999999999999,15,330.60000000000065,move,improve
5948,15,408.9999999999999,15,330.60000000000065,move,improve
5949,15,408.9999999999999,15,330.60000000000065,2opt,improve
5950,15,408.9999999999999,15,330.60000000000065,swap,notBad
5951,15,408.9999999999999,15,330.60000000000065,swap,notBad
5952,15,408.9999999999999,15,330.60000000000065,move,improve
5953,15,408.9999999999999,15,330.60000000000065,move,improve
5954,15,408.9999999999999,15,330.60000000000065,swap,notBad
5955,15,408.9999999999999,15,330.60000000000065,2opt,notBad
5956,15,408.9999999999999,15,330.60000000000065,move,improve
5957,15,408.9999999999999,15,330.60000000000065,swap,notBad
5958,15,408.9999999999999,15,330.60000000000065,move,improve
5959,15,408.9999999999999,15,330.60000000000065,swap,notBad
5960,15,408.9999999999999,15,330.60000000000065,2opt,notBad
5961,15,408.9999999999999,15,330.60000000000065,2opt,notBad
5962,15,408.9999999999999,15,330.60000000000065,move,improve
5963,15,408.9999999999999,15,330.60000000000065,2opt,notBad
5964,15,408.9999999999999,15,330.60000000000065,2opt,notBad
5965,15,408.9999999999999,15,330.60000000000065,2opt,notBad
5966,15,408.9999999999999,15,330.60000000000065,move,improve
5967,15,408.9999999999999,15,330.60000000000065,2opt,notBad
5968,15,408.9999999999999,15,330.60000000000065,move,improve
5969,15,408.9999999999999,15,330.60000000000065,2opt,notBad
5970,15,408.9999999999999,15,330.60000000000065,move,improve
5971,15,408.9999999999999,15,330.60000000000065,swap,notBad
5972,15,408.9999999999999,15,330.60000000000065,2opt,notBad
5973,15,408.9999999999999,15,330.60000000000065,2opt,notBad
5974,15,408.9999999999999,15,330.60000000000065,2opt,notBad
5975,15,408.9999999999999,15,330.60000000000065,2opt,notBad
5976,15,408.9999999999999,15,330.60000000000065,swap,notBad
5977,15,408.9999999999999,15,330.60000000000065,2opt,notBad
5978,15,408.9999999999999,15,330.60000000000065,move,improve
5979,15,400.1999999999995,15,330.60000000000065,2opt,improve
5980,15,400.1999999999995,15,330.60000000000065,swap,notBad
5981,15,400.1999999999995,15,330.60000000000065,move,improve
5982,15,400.1999999999995,15,330.60000000000065,swap,notBad
5983,15,400.1999999999995,15,330.60000000000065,swap,notBad
5984,15,400.1999999999995,15,330.60000000000065,2opt,notBad
5985,15,400.1999999999995,15,330.60000000000065,2opt,notBad
5986,15,400.1999999999995,15,330.60000000000065,swap,notBad
5987,15,400.1999999999995,15,330.60000000000065,move,improve
5988,15,400.1999999999995,15,330.60000000000065,2opt,notBad
5989,15,400.1999999999995,15,330.60000000000065,2opt,notBad
5990,15,400.1999999999995,15,330.60000000000065,swap,notBad
5991,15,400.1999999999995,15,330.60000000000065,2opt,notBad
5992,15,400.1999999999995,15,330.60000000000065,swap,notBad
5993,15,400.1999999999995,15,330.60000000000065,2opt,notBad
5994,15,400.1999999999995,15,330.60000000000065,2opt,notBad
5995,15,400.1999999999995,15,330.60000000000065,swap,notBad
5996,15,400.1999999999995,15,330.60000000000065,move,improve
5997,15,400.1999999999995,15,330.60000000000065,move,improve
5998,15,400.1999999999995,15,330.60000000000065,move,improve
5999,15,400.1999999999995,15,330.60000000000065,move,improve
6000,15,400.1999999999995,15,330.60000000000065,2opt,notBad
6001,15,400.1999999999995,15,330.60000000000065,move,improve
6002,15,400.1999999999995,15,330.60000000000065,move,improve
6003,15,400.1999999999995,15,330.60000000000065,2opt,notBad
6004,15,400.1999999999995,15,330.60000000000065,move,improve
6005,15,389.1999999999997,15,330.60000000000065,move,improve
6006,15,389.1999999999997,15,330.60000000000065,2opt,notBad
6007,15,389.1999999999997,15,330.60000000000065,2opt,notBad
6008,15,389.1999999999997,15,330.60000000000065,swap,notBad
6009,15,389.1999999999997,15,330.60000000000065,2opt,notBad
6010,15,389.1999999999997,15,330.60000000000065,2opt,notBad
6011,15,389.1999999999997,15,330.60000000000065,swap,notBad
6012,15,389.1999999999997,15,330.60000000000065,swap,notBad
6013,15,389.1999999999997,15,330.60000000000065,swap,notBad
6014,15,389.1999999999997,15,330.60000000000065,2opt,notBad
6015,15,389.1999999999997,15,330.60000000000065,2opt,notBad
6016,15,389.1999999999997,15,330.60000000000065,move,improve
6017,15,389.1999999999997,15,330.60000000000065,swap,notBad
6018,15,389.1999999999997,15,330.60000000000065,move,improve
6019,15,389.1999999999997,15,330.60000000000065,2opt,notBad
6020,15,389.1999999999997,15,330.60000000000065,2opt,notBad
6021,15,389.1999999999997,15,330.60000000000065,2opt,improve
6022,15,389.1999999999997,15,330.60000000000065,swap,notBad
6023,15,389.1999999999997,15,330.60000000000065,move,improve
6024,15,389.1999999999997,15,330.60000000000065,move,improve
6025,15,389.1999999999997,15,330.60000000000065,move,improve
6026,15,389.1999999999997,15,330.60000000000065,swap,notBad
6027,15,389.1999999999997,15,330.60000000000065,2opt,notBad
6028,15,389.1999999999997,15,330.60000000000065,swap,notBad
6029,15,389.1999999999997,15,330.60000000000065,swap,notBad
6030,15,389.1999999999997,15,330.60000000000065,2opt,notBad
6031,15,389.1999999999997,15,330.60000000000065,swap,notBad
6032,15,389.1999999999997,15,330.60000000000065,2opt,notBad
6033,15,389.1999999999997,15,330.60000000000065,swap,notBad
6034,15,389.1999999999997,15,330.60000000000065,move,improve
6035,15,389.1999999999997,15,330.60000000000065,swap,notBad
6036,15,389.1999999999997,15,330.60000000000065,move,improve
6037,15,389.1999999999997,15,330.60000000000065,move,improve
6038,15,389.1999999999997,15,330.60000000000065,2opt,improve
6039,15,389.1999999999997,15,330.60000000000065,swap,notBad
6040,15,389.1999999999997,15,330.60000000000065,2opt,improve
6041,15,389.1999999999997,15,330.60000000000065,2opt,notBad
6042,15,389.1999999999997,15,330.60000000000065,2opt,notBad
6043,15,389.1999999999997,15,330.60000000000065,move,improve
6044,15,389.1999999999997,15,330.60000000000065,2opt,notBad
6045,15,389.1999999999997,15,330.60000000000065,move,improve
6046,15,389.1999999999997,15,330.60000000000065,move,improve
6047,15,389.1999999999997,15,330.60000000000065,swap,notBad
6048,15,389.1999999999997,15,330.60000000000065,2opt,notBad
6049,15,389.1999999999997,15,330.60000000000065,move,improve
6050,15,389.1999999999997,15,330.60000000000065,2opt,improve
6051,15,389.1999999999997,15,330.60000000000065,2opt,improve
6052,15,389.1999999999997,15,330.60000000000065,2opt,improve
6053,15,389.1999999999997,15,330.60000000000065,move,improve
6054,15,389.1999999999997,15,330.60000000000065,2opt,notBad
6055,15,389.1999999999997,15,330.60000000000065,2opt,notBad
6056,15,389.1999999999997,15,330.60000000000065,swap,notBad
6057,15,389.1999999999997,15,330.60000000000065,2opt,notBad
6058,15,389.1999999999997,15,330.60000000000065,move,improve
6059,15,389.1999999999997,15,330.60000000000065,2opt,improve
6060,15,389.1999999999997,15,330.60000000000065,swap,notBad
6061,15,389.1999999999997,15,330.60000000000065,2opt,notBad
6062,15,389.1999999999997,15,330.60000000000065,move,improve
6063,15,389.1999999999997,15,330.60000000000065,swap,notBad
6064,15,389.1999999999997,15,330.60000000000065,move,improve
6065,15,389.1999999999997,15,330.60000000000065,move,improve
6066,15,389.1999999999997,15,330.60000000000065,2opt,notBad
6067,15,389.1999999999997,15,330.60000000000065,move,improve
6068,15,389.1999999999997,15,330.60000000000065,move,improve
6069,15,389.1999999999997,15,330.60000000000065,swap,notBad
6070,15,389.1999999999997,15,330.60000000000065,2opt,notBad
6071,15,389.1999999999997,15,330.60000000000065,swap,notBad
6072,15,389.1999999999997,15,330.60000000000065,swap,notBad
6073,15,389.1999999999997,15,330.60000000000065,2opt,notBad
6074,15,389.1999999999997,15,330.60000000000065,move,improve
6075,15,389.1999999999997,15,330.60000000000065,swap,notBad
6076,15,389.1999999999997,15,330.60000000000065,swap,notBad
6077,15,389.1999999999997,15,330.60000000000065,swap,notBad
6078,15,389.1999999999997,15,330.60000000000065,move,improve
6079,15,389.1999999999997,15,330.60000000000065,swap,notBad
6080,15,389.1999999999997,15,330.60000000000065,2opt,notBad
6081,15,389.1999999999997,15,330.60000000000065,2opt,notBad
6082,15,389.1999999999997,15,330.60000000000065,move,improve
6083,15,389.1999999999997,15,330.60000000000065,move,notBad
6084,15,389.1999999999997,15,330.60000000000065,swap,notBad
6085,15,389.1999999999997,15,330.60000000000065,2opt,notBad
6086,15,389.1999999999997,15,330.60000000000065,swap,notBad
6087,15,389.1999999999997,15,330.60000000000065,2opt,notBad
6088,15,389.1999999999997,15,330.60000000000065,move,improve
6089,15,389.1999999999997,15,330.60000000000065,move,improve
6090,15,389.1999999999997,15,330.60000000000065,move,improve
6091,15,389.1999999999997,15,330.60000000000065,swap,notBad
6092,15,389.1999999999997,15,330.60000000000065,swap,notBad
6093,15,389.1999999999997,15,330.60000000000065,swap,notBad
6094,15,389.1999999999997,15,330.60000000000065,swap,notBad
6095,15,389.1999999999997,15,330.60000000000065,swap,notBad
6096,15,389.1999999999997,15,330.60000000000065,swap,notBad
6097,15,389.1999999999997,15,330.60000000000065,swap,notBad
6098,15,389.1999999999997,15,330.60000000000065,move,improve
6099,15,389.1999999999997,15,330.60000000000065,swap,notBad
6100,15,389.1999999999997,15,330.60000000000065,swap,notBad
6101,15,389.1999999999997,15,330.60000000000065,2opt,notBad
6102,15,389.1999999999997,15,330.60000000000065,swap,notBad
6103,15,389.1999999999997,15,330.60000000000065,move,improve
6104,15,389.1999999999997,15,330.60000000000065,2opt,notBad
6105,15,389.1999999999997,15,330.60000000000065,move,improve
6106,15,389.1999999999997,15,330.60000000000065,2opt,notBad
6107,15,389.1999999999997,15,330.60000000000065,2opt,improve
6108,15,389.1999999999997,15,330.60000000000065,2opt,notBad
6109,15,389.1999999999997,15,330.60000000000065,swap,notBad
6110,15,389.1999999999997,15,330.60000000000065,move,improve
6111,15,389.1999999999997,15,330.60000000000065,swap,notBad
6112,15,389.1999999999997,15,330.60000000000065,move,improve
6113,15,389.1999999999997,15,330.60000000000065,move,improve
6114,15,389.1999999999997,15,330.60000000000065,swap,notBad
6115,15,389.1999999999997,15,330.60000000000065,swap,notBad
6116,15,389.1999999999997,15,330.60000000000065,2opt,notBad
6117,15,389.1999999999997,15,330.60000000000065,move,improve
6118,15,389.1999999999997,15,330.60000000000065,2opt,notBad
6119,15,389.1999999999997,15,330.60000000000065,swap,notBad
6120,15,389.1999999999997,15,330.60000000000065,2opt,notBad
6121,15,389.1999999999997,15,330.60000000000065,swap,notBad
6122,15,389.1999999999997,15,330.60000000000065,move,improve
6123,15,389.1999999999997,15,330.60000000000065,2opt,improve
6124,15,389.1999999999997,15,330.60000000000065,swap,notBad
6125,15,389.1999999999997,15,330.60000000000065,2opt,improve
6126,15,389.1999999999997,15,330.60000000000065,move,improve
6127,15,389.1999999999997,15,330.60000000000065,move,improve
6128,15,389.1999999999997,15,330.60000000000065,swap,notBad
6129,15,389.1999999999997,15,330.60000000000065,move,improve
6130,15,387.20000000000016,15,330.60000000000065,move,improve
6131,15,387.20000000000016,15,330.60000000000065,2opt,improve
6132,15,387.20000000000016,15,330.60000000000065,move,improve
6133,15,387.20000000000016,15,330.60000000000065,swap,notBad
6134,15,387.20000000000016,15,330.60000000000065,move,improve
6135,15,387.20000000000016,15,330.60000000000065,2opt,notBad
6136,15,387.20000000000016,15,330.60000000000065,2opt,notBad
6137,15,387.20000000000016,15,330.60000000000065,move,improve
6138,15,387.20000000000016,15,330.60000000000065,move,improve
6139,15,387.20000000000016,15,330.60000000000065,move,improve
6140,15,387.20000000000016,15,330.60000000000065,2opt,notBad
6141,15,387.20000000000016,15,330.60000000000065,move,improve
6142,15,387.20000000000016,15,330.60000000000065,move,improve
6143,15,387.20000000000016,15,330.60000000000065,move,improve
6144,15,387.20000000000016,15,330.60000000000065,2opt,improve
6145,15,387.20000000000016,15,330.60000000000065,2opt,notBad
6146,15,387.20000000000016,15,330.60000000000065,2opt,notBad
6147,15,387.20000000000016,15,330.60000000000065,move,improve
6148,15,387.20000000000016,15,330.60000000000065,swap,notBad
6149,15,387.20000000000016,15,330.60000000000065,2opt,notBad
6150,15,379.4000000000001,15,330.60000000000065,move,improve
6151,15,379.4000000000001,15,330.60000000000065,2opt,improve
6152,15,379.4000000000001,15,330.60000000000065,move,improve
6153,15,379.4000000000001,15,330.60000000000065,swap,notBad
6154,15,379.4000000000001,15,330.60000000000065,move,improve
6155,15,379.4000000000001,15,330.60000000000065,2opt,notBad
6156,15,396.6,15,330.60000000000065,swap,acceptBad
6157,15,396.6,15,330.60000000000065,swap,notBad
6158,15,396.6,15,330.60000000000065,swap,notBad
6159,15,396.6,15,330.60000000000065,swap,notBad
6160,15,396.6,15,330.60000000000065,2opt,notBad
6161,15,396.6,15,330.60000000000065,swap,notBad
6162,15,396.6,15,330.60000000000065,2opt,improve
6163,15,396.6,15,330.60000000000065,swap,notBad
6164,15,396.6,15,330.60000000000065,2opt,notBad
6165,15,396.6,15,330.60000000000065,swap,notBad
6166,15,396.6,15,330.60000000000065,2opt,notBad
6167,15,396.6,15,330.60000000000065,swap,notBad
6168,15,396.6,15,330.60000000000065,move,improve
6169,15,396.6,15,330.60000000000065,2opt,notBad
6170,15,396.6,15,330.60000000000065,move,improve
6171,15,396.6,15,330.60000000000065,move,improve
6172,15,396.6,15,330.60000000000065,swap,notBad
6173,15,396.6,15,330.60000000000065,move,improve
6174,15,396.6,15,330.60000000000065,swap,notBad
6175,15,396.6,15,330.60000000000065,move,improve
6176,15,396.6,15,330.60000000000065,swap,notBad
6177,15,396.6,15,330.60000000000065,2opt,improve
6178,15,391.59999999999974,15,330.60000000000065,2opt,improve
6179,15,391.59999999999974,15,330.60000000000065,swap,improve
6180,15,391.59999999999974,15,330.60000000000065,2opt,notBad
6181,15,391.59999999999974,15,330.60000000000065,swap,notBad
6182,15,391.59999999999974,15,330.60000000000065,swap,notBad
6183,15,391.59999999999974,15,330.60000000000065,move,improve
6184,15,391.59999999999974,15,330.60000000000065,move,improve
6185,15,391.59999999999974,15,330.60000000000065,move,improve
6186,15,391.59999999999974,15,330.60000000000065,swap,notBad
6187,15,391.59999999999974,15,330.60000000000065,swap,notBad
6188,15,391.59999999999974,15,330.60000000000065,swap,notBad
6189,15,391.59999999999974,15,330.60000000000065,move,improve
6190,15,391.59999999999974,15,330.60000000000065,swap,notBad
6191,15,391.59999999999974,15,330.60000000000065,2opt,notBad
6192,15,391.59999999999974,15,330.60000000000065,move,improve
6193,15,391.59999999999974,15,330.60000000000065,swap,notBad
6194,15,391.59999999999974,15,330.60000000000065,2opt,notBad
6195,15,391.59999999999974,15,330.60000000000065,swap,notBad
6196,15,391.59999999999974,15,330.60000000000065,swap,notBad
6197,15,391.59999999999974,15,330.60000000000065,move,improve
6198,15,391.59999999999974,15,330.60000000000065,move,improve
6199,15,391.59999999999974,15,330.60000000000065,move,improve
6200,15,366.59999999999985,15,330.60000000000065,move,improve
6201,15,366.59999999999985,15,330.60000000000065,swap,notBad
6202,15,366.59999999999985,15,330.60000000000065,2opt,notBad
6203,15,366.59999999999985,15,330.60000000000065,move,improve
6204,15,366.59999999999985,15,330.60000000000065,swap,notBad
6205,15,366.59999999999985,15,330.60000000000065,2opt,notBad
6206,15,366.59999999999985,15,330.60000000000065,2opt,notBad
6207,15,366.59999999999985,15,330.60000000000065,move,improve
6208,15,366.59999999999985,15,330.60000000000065,move,improve
6209,15,366.59999999999985,15,330.60000000000065,swap,notBad
6210,15,366.59999999999985,15,330.60000000000065,swap,notBad
6211,15,354.59999999999985,15,330.60000000000065,2opt,improve
6212,15,354.59999999999985,15,330.60000000000065,swap,notBad
6213,15,354.59999999999985,15,330.60000000000065,move,improve
6214,15,354.59999999999985,15,330.60000000000065,swap,notBad
6215,15,333.2,15,330.60000000000065,swap,improve
6216,15,333.2,15,330.60000000000065,swap,notBad
6217,15,333.2,15,330.60000000000065,swap,notBad
6218,15,333.2,15,330.60000000000065,move,improve
6219,15,333.2,15,330.60000000000065,2opt,notBad
6220,15,333.2,15,330.60000000000065,move,improve
6221,15,333.2,15,330.60000000000065,swap,notBad
6222,15,333.2,15,330.60000000000065,2opt,notBad
6223,15,333.2,15,330.60000000000065,move,improve
6224,15,333.2,15,330.60000000000065,move,improve
6225,15,333.2,15,330.60000000000065,2opt,improve
6226,15,333.2,15,330.60000000000065,move,improve
6227,15,333.2,15,330.60000000000065,move,improve
6228,15,333.2,15,330.60000000000065,move,improve
6229,15,333.2,15,330.60000000000065,2opt,notBad
6230,15,333.2,15,330.60000000000065,move,improve
6231,15,333.2,15,330.60000000000065,2opt,notBad
6232,15,333.2,15,330.60000000000065,swap,notBad
6233,15,333.2,15,330.60000000000065,swap,notBad
6234,15,333.2,15,330.60000000000065,move,improve
6235,15,333.2,15,330.60000000000065,move,improve
6236,15,333.2,15,330.60000000000065,move,improve
6237,15,333.2,15,330.60000000000065,2opt,notBad
6238,15,333.2,15,330.60000000000065,2opt,notBad
6239,15,333.2,15,330.60000000000065,move,improve
6240,15,333.2,15,330.60000000000065,swap,notBad
6241,15,331.79999999999995,15,330.60000000000065,2opt,improve
6242,15,331.79999999999995,15,330.60000000000065,move,improve
6243,15,331.79999999999995,15,330.60000000000065,swap,notBad
6244,15,331.79999999999995,15,330.60000000000065,swap,notBad
6245,15,331.79999999999995,15,330.60000000000065,move,improve
6246,15,331.79999999999995,15,330.60000000000065,swap,notBad
6247,15,331.79999999999995,15,330.60000000000065,swap,notBad
6248,15,331.79999999999995,15,330.60000000000065,move,improve
6249,15,331.79999999999995,15,330.60000000000065,move,improve
6250,15,331.79999999999995,15,330.60000000000065,move,improve
6251,15,331.79999999999995,15,330.60000000000065,2opt,notBad
6252,15,331.79999999999995,15,330.60000000000065,2opt,notBad
6253,15,331.79999999999995,15,330.60000000000065,swap,notBad
6254,15,331.79999999999995,15,330.60000000000065,swap,notBad
6255,15,331.79999999999995,15,330.60000000000065,2opt,notBad
6256,15,331.79999999999995,15,330.60000000000065,move,improve
6257,15,331.79999999999995,15,330.60000000000065,swap,notBad
6258,15,331.79999999999995,15,330.60000000000065,2opt,notBad
6259,15,331.79999999999995,15,330.60000000000065,swap,notBad
6260,15,331.79999999999995,15,330.60000000000065,move,improve
6261,15,331.79999999999995,15,330.60000000000065,swap,notBad
6262,15,331.79999999999995,15,330.60000000000065,move,improve
6263,15,331.79999999999995,15,330.60000000000065,2opt,notBad
6264,15,331.79999999999995,15,330.60000000000065,swap,notBad
6265,15,331.79999999999995,15,330.60000000000065,move,improve
6266,15,331.79999999999995,15,330.60000000000065,swap,notBad
6267,15,331.79999999999995,15,330.60000000000065,2opt,notBad
6268,15,345.2000000000001,15,330.60000000000065,move,acceptBad
6269,15,342.60000000000014,15,330.60000000000065,move,improve
6270,15,342.60000000000014,15,330.60000000000065,swap,notBad
6271,15,342.60000000000014,15,330.60000000000065,2opt,notBad
6272,15,342.60000000000014,15,330.60000000000065,swap,notBad
6273,15,342.60000000000014,15,330.60000000000065,swap,notBad
6274,15,342.60000000000014,15,330.60000000000065,swap,notBad
6275,15,342.60000000000014,15,330.60000000000065,swap,notBad
6276,15,342.60000000000014,15,330.60000000000065,move,improve
6277,15,342.60000000000014,15,330.60000000000065,move,improve
6278,15,342.60000000000014,15,330.60000000000065,swap,notBad
6279,15,342.60000000000014,15,330.60000000000065,move,improve
6280,15,342.60000000000014,15,330.60000000000065,swap,notBad
6281,15,342.60000000000014,15,330.60000000000065,move,improve
6282,15,342.60000000000014,15,330.60000000000065,move,improve
6283,15,342.60000000000014,15,330.60000000000065,2opt,notBad
6284,15,311.8000000000003,15,311.8000000000003,2opt,newBest
6285,15,311.8000000000003,15,311.8000000000003,swap,notBad
6286,15,311.8000000000003,15,311.8000000000003,swap,notBad
6287,15,311.8000000000003,15,311.8000000000003,swap,notBad
6288,15,311.8000000000003,15,311.8000000000003,move,improve
6289,15,311.8000000000003,15,311.8000000000003,move,improve
6290,15,311.8000000000003,15,311.8000000000003,swap,notBad
6291,15,311.8000000000003,15,311.8000000000003,move,improve
6292,15,311.8000000000003,15,311.8000000000003,swap,notBad
6293,15,311.8000000000003,15,311.8000000000003,move,notBad
6294,15,311.8000000000003,15,311.8000000000003,swap,notBad
6295,15,311.8000000000003,15,311.8000000000003,2opt,notBad
6296,15,311.8000000000003,15,311.8000000000003,2opt,notBad
6297,15,311.8000000000003,15,311.8000000000003,2opt,notBad
6298,15,311.8000000000003,15,311.8000000000003,move,improve
6299,15,311.8000000000003,15,311.8000000000003,move,improve
6300,15,311.8000000000003,15,311.8000000000003,2opt,notBad
6301,15,311.8000000000003,15,311.8000000000003,swap,notBad
6302,15,311.8000000000003,15,311.8000000000003,swap,notBad
6303,15,311.8000000000003,15,311.8000000000003,move,notBad
6304,15,311.8000000000003,15,311.8000000000003,2opt,notBad
6305,15,311.8000000000003,15,311.8000000000003,2opt,notBad
6306,15,311.8000000000003,15,311.8000000000003,swap,notBad
6307,15,311.8000000000003,15,311.8000000000003,2opt,notBad
6308,15,311.8000000000003,15,311.8000000000003,move,improve
6309,15,311.8000000000003,15,311.8000000000003,swap,notBad
6310,15,311.8000000000003,15,311.8000000000003,2opt,notBad
6311,15,311.8000000000003,15,311.8000000000003,2opt,notBad
6312,15,311.8000000000003,15,311.8000000000003,move,improve
6313,15,311.8000000000003,15,311.8000000000003,move,improve
6314,15,311.8000000000003,15,311.8000000000003,2opt,notBad
6315,15,311.8000000000003,15,311.8000000000003,swap,notBad
6316,15,311.8000000000003,15,311.8000000000003,2opt,notBad
6317,15,311.8000000000003,15,311.8000000000003,2opt,notBad
6318,15,311.8000000000003,15,311.8000000000003,move,improve
6319,15,311.8000000000003,15,311.8000000000003,move,improve
6320,15,311.8000000000003,15,311.8000000000003,move,improve
6321,15,311.8000000000003,15,311.8000000000003,2opt,notBad
6322,15,311.8000000000003,15,311.8000000000003,swap,notBad
6323,15,311.8000000000003,15,311.8000000000003,move,improve
6324,15,311.8000000000003,15,311.8000000000003,2opt,notBad
6325,15,311.8000000000003,15,311.8000000000003,swap,notBad
6326,15,311.8000000000003,15,311.8000000000003,move,improve
6327,15,311.8000000000003,15,311.8000000000003,move,improve
6328,15,296.0,15,296.0,move,newBest
6329,15,296.0,15,296.0,move,improve
6330,15,296.0,15,296.0,2opt,notBad
6331,15,296.0,15,296.0,swap,notBad
6332,15,296.0,15,296.0,move,improve
6333,15,296.0,15,296.0,2opt,notBad
6334,15,296.0,15,296.0,swap,notBad
6335,15,296.0,15,296.0,swap,notBad
6336,15,296.0,15,296.0,move,improve
6337,15,296.0,15,296.0,move,improve
6338,15,296.0,15,296.0,2opt,notBad
6339,15,296.0,15,296.0,swap,notBad
6340,15,296.0,15,296.0,2opt,notBad
6341,15,296.0,15,296.0,2opt,notBad
6342,15,296.0,15,296.0,swap,notBad
6343,15,296.0,15,296.0,2opt,notBad
6344,15,296.0,15,296.0,swap,notBad
6345,15,296.0,15,296.0,2opt,improve
6346,15,296.0,15,296.0,2opt,notBad
6347,15,296.0,15,296.0,move,improve
6348,15,296.0,15,296.0,2opt,notBad
6349,15,296.0,15,296.0,2opt,notBad
6350,15,296.0,15,296.0,swap,notBad
6351,15,296.0,15,296.0,swap,notBad
6352,15,296.0,15,296.0,move,improve
6353,15,296.0,15,296.0,swap,notBad
6354,15,296.0,15,296.0,2opt,notBad
6355,15,296.0,15,296.0,2opt,improve
6356,15,296.0,15,296.0,2opt,notBad
6357,15,296.0,15,296.0,swap,notBad
6358,15,296.0,15,296.0,2opt,improve
6359,15,296.0,15,296.0,move,improve
6360,15,296.0,15,296.0,swap,notBad
6361,15,296.0,15,296.0,2opt,notBad
6362,15,296.0,15,296.0,2opt,notBad
6363,15,296.0,15,296.0,move,improve
6364,15,296.0,15,296.0,swap,notBad
6365,15,296.0,15,296.0,swap,notBad
6366,15,296.0,15,296.0,move,improve
6367,15,296.0,15,296.0,swap,notBad
6368,15,296.0,15,296.0,move,improve
6369,15,296.0,15,296.0,2opt,notBad
6370,15,296.0,15,296.0,2opt,notBad
6371,15,296.0,15,296.0,swap,notBad
6372,15,296.0,15,296.0,2opt,notBad
6373,15,296.0,15,296.0,swap,notBad
6374,15,296.0,15,296.0,move,improve
6375,15,296.0,15,296.0,move,improve
6376,15,296.0,15,296.0,move,improve
6377,15,296.0,15,296.0,swap,notBad
6378,15,296.0,15,296.0,swap,notBad
6379,15,296.0,15,296.0,2opt,notBad
6380,15,296.0,15,296.0,swap,notBad
6381,15,296.0,15,296.0,move,improve
6382,15,296.0,15,296.0,move,improve
6383,15,296.0,15,296.0,move,improve
6384,15,296.0,15,296.0,move,improve
6385,15,296.0,15,296.0,swap,notBad
6386,15,296.0,15,296.0,swap,notBad
6387,15,296.0,15,296.0,move,improve
6388,15,296.0,15,296.0,2opt,notBad
6389,15,296.0,15,296.0,2opt,notBad
6390,15,296.0,15,296.0,2opt,notBad
6391,15,296.0,15,296.0,2opt,notBad
6392,15,296.0,15,296.0,2opt,notBad
6393,15,296.0,15,296.0,2opt,notBad
6394,15,296.0,15,296.0,move,improve
6395,15,296.0,15,296.0,move,improve
6396,15,296.0,15,296.0,move,improve
6397,15,296.0,15,296.0,swap,notBad
6398,15,296.0,15,296.0,swap,notBad
6399,15,296.0,15,296.0,swap,notBad
6400,15,296.0,15,296.0,swap,notBad
6401,15,296.0,15,296.0,move,improve
6402,15,296.0,15,296.0,2opt,notBad
6403,15,296.0,15,296.0,swap,notBad
6404,15,296.0,15,296.0,swap,notBad
6405,15,296.0,15,296.0,swap,notBad
6406,15,296.0,15,296.0,move,improve
6407,15,296.0,15,296.0,swap,notBad
6408,15,296.0,15,296.0,2opt,notBad
6409,15,296.0,15,296.0,swap,notBad
6410,15,296.0,15,296.0,2opt,notBad
6411,15,296.0,15,296.0,swap,notBad
6412,15,296.0,15,296.0,move,improve
6413,15,296.0,15,296.0,move,improve
6414,15,296.0,15,296.0,swap,notBad
6415,15,296.0,15,296.0,2opt,notBad
6416,15,296.0,15,296.0,2opt,notBad
6417,15,296.0,15,296.0,2opt,notBad
6418,15,296.0,15,296.0,swap,notBad
6419,15,296.0,15,296.0,move,improve
6420,15,296.0,15,296.0,2opt,notBad
6421,15,296.0,15,296.0,move,improve
6422,15,296.0,15,296.0,move,improve
6423,15,296.0,15,296.0,2opt,notBad
6424,15,296.0,15,296.0,swap,notBad
6425,15,296.0,15,296.0,swap,notBad
6426,15,296.0,15,296.0,move,improve
6427,15,296.0,15,296.0,move,improve
6428,15,296.0,15,296.0,2opt,notBad
6429,15,296.0,15,296.0,move,improve
6430,15,296.0,15,296.0,2opt,notBad
6431,15,296.0,15,296.0,2opt,notBad
6432,15,296.0,15,296.0,move,improve
6433,15,296.0,15,296.0,2opt,notBad
6434,15,296.0,15,296.0,2opt,notBad
6435,15,296.0,15,296.0,swap,notBad
6436,15,296.0,15,296.0,swap,notBad
6437,15,296.0,15,296.0,swap,notBad
6438,15,296.0,15,296.0,2opt,notBad
6439,15,296.0,15,296.0,move,improve
6440,15,296.0,15,296.0,move,improve
6441,15,296.0,15,296.0,2opt,notBad
6442,15,296.0,15,296.0,move,improve
6443,15,296.0,15,296.0,2opt,notBad
6444,15,296.0,15,296.0,swap,notBad
6445,15,296.0,15,296.0,swap,notBad
6446,15,296.0,15,296.0,swap,notBad
6447,15,296.0,15,296.0,move,improve
6448,15,296.0,15,296.0,move,improve
6449,15,296.0,15,296.0,move,improve
6450,15,296.0,15,296.0,move,improve
6451,15,296.0,15,296.0,move,improve
6452,15,296.0,15,296.0,2opt,notBad
6453,15,296.0,15,296.0,swap,notBad
6454,15,296.0,15,296.0,move,notBad
6455,15,296.0,15,296.0,move,improve
6456,15,296.0,15,296.0,2opt,notBad
6457,15,296.0,15,296.0,swap,notBad
6458,15,296.0,15,296.0,2opt,improve
6459,15,296.0,15,296.0,swap,notBad
6460,15,296.0,15,296.0,swap,notBad
6461,15,296.0,15,296.0,2opt,notBad
6462,15,296.0,15,296.0,move,improve
6463,15,296.0,15,296.0,move,improve
6464,15,296.0,15,296.0,move,improve
6465,15,296.0,15,296.0,2opt,notBad
6466,15,296.0,15,296.0,move,improve
6467,15,296.0,15,296.0,move,improve
6468,15,296.0,15,296.0,swap,notBad
6469,15,296.0,15,296.0,move,improve
6470,15,296.0,15,296.0,2opt,improve
6471,15,296.0,15,296.0,2opt,improve
6472,15,296.0,15,296.0,2opt,improve
6473,15,296.0,15,296.0,2opt,notBad
6474,15,296.0,15,296.0,2opt,notBad
6475,15,296.0,15,296.0,2opt,notBad
6476,15,296.0,15,296.0,move,improve
6477,15,296.0,15,296.0,move,improve
6478,15,296.0,15,296.0,2opt,notBad
6479,15,296.0,15,296.0,2opt,notBad
6480,15,296.0,15,296.0,2opt,notBad
6481,15,296.0,15,296.0,swap,notBad
6482,15,296.0,15,296.0,2opt,notBad
6483,15,296.0,15,296.0,swap,notBad
6484,15,296.0,15,296.0,2opt,notBad
6485,15,296.0,15,296.0,swap,notBad
6486,15,296.0,15,296.0,move,improve
6487,15,296.0,15,296.0,2opt,notBad
6488,15,296.0,15,296.0,move,improve
6489,15,296.0,15,296.0,swap,notBad
6490,15,296.0,15,296.0,2opt,notBad
6491,15,296.0,15,296.0,2opt,notBad
6492,15,296.0,15,296.0,swap,notBad
6493,15,296.0,15,296.0,move,improve
6494,15,296.0,15,296.0,swap,notBad
6495,15,296.0,15,296.0,swap,notBad
6496,15,296.0,15,296.0,swap,notBad
6497,15,296.0,15,296.0,move,improve
6498,15,296.0,15,296.0,2opt,notBad
6499,15,296.0,15,296.0,2opt,notBad
6500,15,296.0,15,296.0,move,improve
6501,15,296.0,15,296.0,move,notBad
6502,15,296.0,15,296.0,move,improve
6503,15,296.0,15,296.0,swap,notBad
6504,15,296.0,15,296.0,2opt,notBad
6505,15,296.0,15,296.0,swap,notBad
6506,15,296.0,15,296.0,2opt,notBad
6507,15,296.0,15,296.0,swap,notBad
6508,15,296.0,15,296.0,2opt,improve
6509,15,296.0,15,296.0,swap,notBad
6510,15,296.0,15,296.0,swap,notBad
6511,15,296.0,15,296.0,move,improve
6512,15,296.0,15,296.0,swap,notBad
6513,15,296.0,15,296.0,2opt,improve
6514,15,296.0,15,296.0,swap,notBad
6515,15,296.0,15,296.0,move,improve
6516,15,296.0,15,296.0,move,improve
6517,15,296.0,15,296.0,move,improve
6518,15,296.0,15,296.0,move,improve
6519,15,296.0,15,296.0,swap,notBad
6520,15,296.0,15,296.0,2opt,notBad
6521,15,296.0,15,296.0,swap,notBad
6522,15,296.0,15,296.0,2opt,notBad
6523,15,296.0,15,296.0,2opt,notBad
6524,15,296.0,15,296.0,2opt,notBad
6525,15,296.0,15,296.0,2opt,notBad
6526,15,296.0,15,296.0,2opt,notBad
6527,15,296.0,15,296.0,2opt,notBad
6528,15,296.0,15,296.0,2opt,notBad
6529,15,296.0,15,296.0,2opt,notBad
6530,15,296.0,15,296.0,swap,notBad
6531,15,296.0,15,296.0,move,improve
6532,15,296.0,15,296.0,swap,notBad
6533,15,296.0,15,296.0,swap,notBad
6534,15,296.0,15,296.0,move,improve
6535,15,296.0,15,296.0,2opt,notBad
6536,15,296.0,15,296.0,move,improve
6537,15,296.0,15,296.0,swap,notBad
6538,15,296.0,15,296.0,swap,notBad
6539,15,296.0,15,296.0,swap,notBad
6540,15,296.0,15,296.0,move,improve
6541,15,296.0,15,296.0,move,improve
6542,15,296.0,15,296.0,2opt,notBad
6543,15,296.0,15,296.0,2opt,notBad
6544,15,296.0,15,296.0,2opt,notBad
6545,15,296.0,15,296.0,2opt,notBad
6546,15,296.0,15,296.0,swap,notBad
6547,15,296.0,15,296.0,move,improve
6548,15,296.0,15,296.0,swap,notBad
6549,15,296.0,15,296.0,2opt,notBad
6550,15,296.0,15,296.0,move,improve
6551,15,296.0,15,296.0,2opt,notBad
6552,15,296.0,15,296.0,swap,notBad
6553,15,296.0,15,296.0,2opt,notBad
6554,15,296.0,15,296.0,2opt,notBad
6555,15,296.0,15,296.0,2opt,notBad
6556,15,296.0,15,296.0,2opt,notBad
6557,15,296.0,15,296.0,swap,notBad
6558,15,296.0,15,296.0,2opt,notBad
6559,15,296.0,15,296.0,move,improve
6560,15,296.0,15,296.0,swap,notBad
6561,15,296.0,15,296.0,swap,notBad
6562,15,296.0,15,296.0,swap,notBad
6563,15,296.0,15,296.0,move,improve
6564,15,296.0,15,296.0,move,improve
6565,15,296.0,15,296.0,swap,notBad
6566,15,296.0,15,296.0,move,improve
6567,15,296.0,15,296.0,2opt,notBad
6568,15,310.4000000000002,15,296.0,swap,acceptBad
6569,15,310.4000000000002,15,296.0,move,improve
6570,15,310.4000000000002,15,296.0,2opt,notBad
6571,15,310.4000000000002,15,296.0,swap,notBad
6572,15,310.4000000000002,15,296.0,2opt,notBad
6573,15,310.4000000000002,15,296.0,2opt,notBad
6574,15,310.4000000000002,15,296.0,move,improve
6575,15,310.4000000000002,15,296.0,2opt,notBad
6576,15,318.79999999999995,15,296.0,swap,acceptBad
6577,15,318.79999999999995,15,296.0,swap,notBad
6578,15,318.79999999999995,15,296.0,move,improve
6579,15,318.79999999999995,15,296.0,2opt,notBad
6580,15,318.79999999999995,15,296.0,2opt,improve
6581,15,318.79999999999995,15,296.0,2opt,improve
6582,15,318.79999999999995,15,296.0,2opt,notBad
6583,15,318.79999999999995,15,296.0,2opt,improve
6584,15,318.79999999999995,15,296.0,swap,notBad
6585,15,318.79999999999995,15,296.0,2opt,improve
6586,15,318.79999999999995,15,296.0,swap,notBad
6587,15,318.79999999999995,15,296.0,swap,notBad
6588,15,318.79999999999995,15,296.0,swap,notBad
6589,15,318.79999999999995,15,296.0,move,improve
6590,15,318.79999999999995,15,296.0,move,improve
6591,15,318.79999999999995,15,296.0,move,improve
6592,15,318.79999999999995,15,296.0,2opt,improve
6593,15,318.79999999999995,15,296.0,swap,notBad
6594,15,318.79999999999995,15,296.0,move,improve
6595,15,318.79999999999995,15,296.0,2opt,notBad
6596,15,318.79999999999995,15,296.0,move,improve
6597,15,318.79999999999995,15,296.0,2opt,notBad
6598,15,318.79999999999995,15,296.0,move,improve
6599,15,318.79999999999995,15,296.0,swap,notBad
6600,15,318.79999999999995,15,296.0,2opt,notBad
6601,15,318.79999999999995,15,296.0,swap,notBad
6602,15,318.79999999999995,15,296.0,move,improve
6603,15,318.79999999999995,15,296.0,swap,notBad
6604,15,318.79999999999995,15,296.0,2opt,notBad
6605,15,318.79999999999995,15,296.0,2opt,improve
6606,15,318.79999999999995,15,296.0,swap,notBad
6607,15,318.79999999999995,15,296.0,move,improve
6608,15,318.79999999999995,15,296.0,2opt,improve
6609,15,318.79999999999995,15,296.0,2opt,notBad
6610,15,318.79999999999995,15,296.0,2opt,notBad
6611,15,318.79999999999995,15,296.0,swap,notBad
6612,15,318.79999999999995,15,296.0,swap,notBad
6613,15,318.79999999999995,15,296.0,move,improve
6614,15,318.79999999999995,15,296.0,swap,notBad
6615,15,318.79999999999995,15,296.0,2opt,notBad
6616,15,318.79999999999995,15,296.0,swap,notBad
6617,15,318.79999999999995,15,296.0,swap,notBad
6618,15,318.79999999999995,15,296.0,swap,notBad
6619,15,318.79999999999995,15,296.0,swap,notBad
6620,15,318.79999999999995,15,296.0,move,improve
6621,15,318.79999999999995,15,296.0,2opt,improve
6622,15,318.79999999999995,15,296.0,2opt,improve
6623,15,318.79999999999995,15,296.0,move,improve
6624,15,318.79999999999995,15,296.0,move,improve
6625,15,318.79999999999995,15,296.0,swap,notBad
6626,15,318.79999999999995,15,296.0,swap,notBad
6627,15,318.79999999999995,15,296.0,move,improve
6628,15,318.79999999999995,15,296.0,move,improve
6629,15,318.79999999999995,15,296.0,2opt,notBad
6630,15,318.79999999999995,15,296.0,swap,notBad
6631,15,318.79999999999995,15,296.0,swap,notBad
6632,15,318.79999999999995,15,296.0,swap,notBad
6633,15,318.79999999999995,15,296.0,move,improve
6634,15,318.79999999999995,15,296.0,2opt,notBad
6635,15,318.79999999999995,15,296.0,swap,notBad
6636,15,318.79999999999995,15,296.0,2opt,notBad
6637,15,318.79999999999995,15,296.0,swap,notBad
6638,15,318.79999999999995,15,296.0,move,improve
6639,15,318.79999999999995,15,296.0,2opt,improve
6640,15,318.79999999999995,15,296.0,swap,notBad
6641,15,318.79999999999995,15,296.0,swap,notBad
6642,15,318.79999999999995,15,296.0,move,improve
6643,15,318.79999999999995,15,296.0,2opt,notBad
6644,15,318.79999999999995,15,296.0,swap,notBad
6645,15,318.79999999999995,15,296.0,swap,notBad
6646,15,318.79999999999995,15,296.0,2opt,notBad
6647,15,318.79999999999995,15,296.0,2opt,notBad
6648,15,318.79999999999995,15,296.0,2opt,notBad
6649,15,318.79999999999995,15,296.0,2opt,notBad
6650,15,318.79999999999995,15,296.0,move,improve
6651,15,318.79999999999995,15,296.0,swap,notBad
6652,15,318.79999999999995,15,296.0,move,improve
6653,15,318.79999999999995,15,296.0,move,improve
6654,15,318.79999999999995,15,296.0,2opt,notBad
6655,15,318.79999999999995,15,296.0,swap,notBad
6656,15,318.79999999999995,15,296.0,move,improve
6657,15,318.79999999999995,15,296.0,2opt,notBad
6658,15,318.79999999999995,15,296.0,move,improve
6659,15,318.79999999999995,15,296.0,2opt,notBad
6660,15,318.79999999999995,15,296.0,2opt,notBad
6661,15,318.79999999999995,15,296.0,swap,notBad
6662,15,318.79999999999995,15,296.0,swap,notBad
6663,15,318.79999999999995,15,296.0,2opt,notBad
6664,15,318.79999999999995,15,296.0,swap,notBad
6665,15,318.79999999999995,15,296.0,swap,notBad
6666,15,318.79999999999995,15,296.0,2opt,notBad
6667,15,318.79999999999995,15,296.0,move,improve
6668,15,318.79999999999995,15,296.0,2opt,notBad
6669,15,318.79999999999995,15,296.0,swap,notBad
6670,15,318.79999999999995,15,296.0,swap,notBad
6671,15,318.79999999999995,15,296.0,move,improve
6672,15,318.79999999999995,15,296.0,move,improve
6673,15,318.79999999999995,15,296.0,move,improve
6674,15,318.79999999999995,15,296.0,swap,notBad
6675,15,318.79999999999995,15,296.0,swap,notBad
6676,15,318.79999999999995,15,296.0,swap,notBad
6677,15,318.79999999999995,15,296.0,2opt,notBad
6678,15,318.79999999999995,15,296.0,swap,notBad
6679,15,318.79999999999995,15,296.0,move,improve
6680,15,318.79999999999995,15,296.0,move,improve
6681,15,318.79999999999995,15,296.0,move,improve
6682,15,318.79999999999995,15,296.0,2opt,notBad
6683,15,318.79999999999995,15,296.0,swap,notBad
6684,15,267.99999999999983,15,267.99999999999983,swap,newBest
6685,15,267.99999999999983,15,267.99999999999983,2opt,notBad
6686,15,267.99999999999983,15,267.99999999999983,swap,notBad
6687,15,267.99999999999983,15,267.99999999999983,swap,notBad
6688,15,267.99999999999983,15,267.99999999999983,swap,notBad
6689,15,267.99999999999983,15,267.99999999999983,2opt,notBad
6690,15,267.99999999999983,15,267.99999999999983,swap,notBad
6691,15,268.6000000000006,15,267.99999999999983,swap,acceptBad
6692,15,268.6000000000006,15,267.99999999999983,2opt,improve
6693,15,268.6000000000006,15,267.99999999999983,2opt,notBad
6694,15,268.6000000000006,15,267.99999999999983,swap,notBad
6695,15,268.6000000000006,15,267.99999999999983,swap,notBad
6696,15,268.6000000000006,15,267.99999999999983,move,improve
6697,15,268.6000000000006,15,267.99999999999983,move,improve
6698,15,268.6000000000006,15,267.99999999999983,2opt,notBad
6699,15,268.6000000000006,15,267.99999999999983,move,improve
6700,15,254.2,15,254.2,move,newBest
6701,15,254.2,15,254.2,swap,notBad
6702,15,276.80000000000007,15,254.2,swap,acceptBad
6703,15,276.80000000000007,15,254.2,2opt,notBad
6704,15,276.80000000000007,15,254.2,move,improve
6705,15,276.80000000000007,15,254.2,2opt,notBad
6706,15,276.80000000000007,15,254.2,move,improve
6707,15,276.80000000000007,15,254.2,move,improve
6708,15,276.80000000000007,15,254.2,swap,notBad
6709,15,276.80000000000007,15,254.2,move,improve
6710,15,276.80000000000007,15,254.2,move,improve
6711,15,276.80000000000007,15,254.2,move,improve
6712,15,276.80000000000007,15,254.2,2opt,notBad
6713,15,276.80000000000007,15,254.2,move,improve
6714,15,276.80000000000007,15,254.2,swap,notBad
6715,15,276.80000000000007,15,254.2,swap,notBad
6716,15,276.80000000000007,15,254.2,2opt,notBad
6717,15,276.80000000000007,15,254.2,swap,notBad
6718,15,276.80000000000007,15,254.2,2opt,notBad
6719,15,276.80000000000007,15,254.2,move,improve
6720,15,276.80000000000007,15,254.2,2opt,notBad
6721,15,276.80000000000007,15,254.2,2opt,notBad
6722,15,276.80000000000007,15,254.2,move,improve
6723,15,276.80000000000007,15,254.2,2opt,notBad
6724,15,276.80000000000007,15,254.2,move,improve
6725,15,276.80000000000007,15,254.2,2opt,notBad
6726,15,276.80000000000007,15,254.2,move,improve
6727,15,276.80000000000007,15,254.2,2opt,notBad
6728,15,276.80000000000007,15,254.2,move,improve
6729,15,276.80000000000007,15,254.2,swap,notBad
6730,15,276.80000000000007,15,254.2,move,improve
6731,15,276.80000000000007,15,254.2,swap,notBad
6732,15,276.80000000000007,15,254.2,swap,notBad
6733,15,276.80000000000007,15,254.2,move,improve
6734,15,276.80000000000007,15,254.2,move,improve
6735,15,276.80000000000007,15,254.2,move,improve
6736,15,276.80000000000007,15,254.2,swap,notBad
6737,15,276.80000000000007,15,254.2,swap,notBad
6738,15,276.80000000000007,15,254.2,swap,notBad
6739,15,276.80000000000007,15,254.2,swap,notBad
6740,15,276.80000000000007,15,254.2,move,improve
6741,15,276.80000000000007,15,254.2,swap,notBad
6742,15,276.80000000000007,15,254.2,move,improve
6743,15,276.80000000000007,15,254.2,move,improve
6744,15,276.80000000000007,15,254.2,move,improve
6745,15,276.80000000000007,15,254.2,2opt,notBad
6746,15,276.80000000000007,15,254.2,swap,notBad
6747,15,276.80000000000007,15,254.2,2opt,notBad
6748,15,276.80000000000007,15,254.2,move,improve
6749,15,276.80000000000007,15,254.2,2opt,notBad
6750,15,276.80000000000007,15,254.2,move,improve
6751,15,276.80000000000007,15,254.2,2opt,notBad
6752,15,276.80000000000007,15,254.2,2opt,improve
6753,15,276.80000000000007,15,254.2,swap,notBad
6754,15,276.80000000000007,15,254.2,move,improve
6755,15,276.80000000000007,15,254.2,swap,notBad
6756,15,276.80000000000007,15,254.2,swap,notBad
6757,15,276.80000000000007,15,254.2,2opt,notBad
6758,15,276.80000000000007,15,254.2,move,improve
6759,15,276.80000000000007,15,254.2,2opt,notBad
6760,15,276.80000000000007,15,254.2,move,improve
6761,15,276.80000000000007,15,254.2,2opt,notBad
6762,15,276.80000000000007,15,254.2,swap,notBad
6763,15,276.80000000000007,15,254.2,2opt,notBad
6764,15,276.80000000000007,15,254.2,move,improve
6765,15,276.80000000000007,15,254.2,move,improve
6766,15,276.80000000000007,15,254.2,2opt,notBad
6767,15,276.80000000000007,15,254.2,swap,notBad
6768,15,276.80000000000007,15,254.2,move,improve
6769,15,276.80000000000007,15,254.2,swap,notBad
6770,15,276.80000000000007,15,254.2,2opt,notBad
6771,15,276.80000000000007,15,254.2,swap,notBad
6772,15,276.80000000000007,15,254.2,swap,notBad
6773,15,276.80000000000007,15,254.2,swap,notBad
6774,15,276.80000000000007,15,254.2,2opt,notBad
6775,15,276.80000000000007,15,254.2,move,improve
6776,15,276.80000000000007,15,254.2,swap,notBad
6777,15,276.80000000000007,15,254.2,swap,notBad
6778,15,276.80000000000007,15,254.2,swap,notBad
6779,15,276.80000000000007,15,254.2,2opt,notBad
6780,15,276.80000000000007,15,254.2,2opt,notBad
6781,15,276.80000000000007,15,254.2,2opt,notBad
6782,15,276.80000000000007,15,254.2,swap,notBad
6783,15,276.80000000000007,15,254.2,2opt,notBad
6784,15,276.80000000000007,15,254.2,2opt,notBad
6785,15,276.80000000000007,15,254.2,move,improve
6786,15,276.80000000000007,15,254.2,2opt,notBad
6787,15,276.80000000000007,15,254.2,move,improve
6788,15,276.80000000000007,15,254.2,move,improve
6789,15,276.80000000000007,15,254.2,move,improve
6790,15,276.80000000000007,15,254.2,move,improve
6791,15,276.80000000000007,15,254.2,move,improve
6792,15,276.80000000000007,15,254.2,swap,notBad
6793,15,276.80000000000007,15,254.2,2opt,notBad
6794,15,276.80000000000007,15,254.2,move,improve
6795,15,276.80000000000007,15,254.2,2opt,notBad
6796,15,276.80000000000007,15,254.2,2opt,notBad
6797,15,276.80000000000007,15,254.2,move,improve
6798,15,276.80000000000007,15,254.2,swap,notBad
6799,15,276.80000000000007,15,254.2,swap,notBad
6800,15,276.80000000000007,15,254.2,move,improve
6801,15,276.80000000000007,15,254.2,swap,notBad
6802,15,276.80000000000007,15,254.2,2opt,notBad
6803,15,276.80000000000007,15,254.2,2opt,notBad
6804,15,276.80000000000007,15,254.2,2opt,notBad
6805,15,276.80000000000007,15,254.2,swap,notBad
6806,15,276.80000000000007,15,254.2,swap,notBad
6807,15,276.80000000000007,15,254.2,2opt,notBad
6808,15,276.80000000000007,15,254.2,swap,notBad
6809,15,276.80000000000007,15,254.2,move,improve
6810,15,276.80000000000007,15,254.2,2opt,notBad
6811,15,276.80000000000007,15,254.2,2opt,notBad
6812,15,276.80000000000007,15,254.2,2opt,improve
6813,15,276.80000000000007,15,254.2,swap,notBad
6814,15,276.80000000000007,15,254.2,swap,notBad
6815,15,276.80000000000007,15,254.2,move,improve
6816,15,276.80000000000007,15,254.2,swap,notBad
6817,15,276.80000000000007,15,254.2,2opt,notBad
6818,15,276.80000000000007,15,254.2,move,improve
6819,15,276.80000000000007,15,254.2,swap,notBad
6820,15,276.80000000000007,15,254.2,move,improve
6821,15,276.80000000000007,15,254.2,move,improve
6822,15,276.80000000000007,15,254.2,move,improve
6823,15,276.80000000000007,15,254.2,swap,notBad
6824,15,276.80000000000007,15,254.2,2opt,notBad
6825,15,276.80000000000007,15,254.2,swap,notBad
6826,15,276.80000000000007,15,254.2,swap,notBad
6827,15,276.80000000000007,15,254.2,swap,notBad
6828,15,276.80000000000007,15,254.2,move,improve
6829,15,276.80000000000007,15,254.2,move,improve
6830,15,276.80000000000007,15,254.2,swap,notBad
6831,15,276.80000000000007,15,254.2,2opt,notBad
6832,15,276.80000000000007,15,254.2,move,improve
6833,15,276.80000000000007,15,254.2,move,improve
6834,15,276.80000000000007,15,254.2,move,improve
6835,15,276.80000000000007,15,254.2,move,improve
6836,15,276.80000000000007,15,254.2,move,improve
6837,15,276.80000000000007,15,254.2,move,improve
6838,15,276.80000000000007,15,254.2,2opt,notBad
6839,15,276.80000000000007,15,254.2,move,improve
6840,15,276.80000000000007,15,254.2,2opt,notBad
6841,15,276.80000000000007,15,254.2,2opt,notBad
6842,15,276.80000000000007,15,254.2,2opt,notBad
6843,15,276.80000000000007,15,254.2,swap,notBad
6844,15,276.80000000000007,15,254.2,swap,notBad
6845,15,276.80000000000007,15,254.2,move,improve
6846,15,276.80000000000007,15,254.2,move,improve
6847,15,276.80000000000007,15,254.2,swap,notBad
6848,15,276.80000000000007,15,254.2,2opt,notBad
6849,15,276.80000000000007,15,254.2,2opt,notBad
6850,15,276.80000000000007,15,254.2,2opt,notBad
6851,15,276.80000000000007,15,254.2,swap,notBad
6852,15,276.80000000000007,15,254.2,move,improve
6853,15,276.80000000000007,15,254.2,move,improve
6854,15,276.80000000000007,15,254.2,move,improve
6855,15,276.80000000000007,15,254.2,2opt,notBad
6856,15,276.80000000000007,15,254.2,move,improve
6857,15,276.80000000000007,15,254.2,move,improve
6858,15,276.80000000000007,15,254.2,swap,notBad
6859,15,276.80000000000007,15,254.2,2opt,notBad
6860,15,276.80000000000007,15,254.2,move,improve
6861,15,276.80000000000007,15,254.2,2opt,notBad
6862,15,276.80000000000007,15,254.2,2opt,notBad
6863,15,276.80000000000007,15,254.2,2opt,notBad
6864,15,276.80000000000007,15,254.2,2opt,notBad
6865,15,276.80000000000007,15,254.2,swap,notBad
6866,15,276.80000000000007,15,254.2,move,improve
6867,15,276.80000000000007,15,254.2,2opt,notBad
6868,15,276.80000000000007,15,254.2,swap,notBad
6869,15,276.80000000000007,15,254.2,move,improve
6870,15,276.80000000000007,15,254.2,swap,notBad
6871,15,276.80000000000007,15,254.2,2opt,notBad
6872,15,276.80000000000007,15,254.2,swap,notBad
6873,15,276.80000000000007,15,254.2,2opt,notBad
6874,15,276.80000000000007,15,254.2,move,improve
6875,15,276.80000000000007,15,254.2,swap,notBad
6876,15,276.80000000000007,15,254.2,2opt,notBad
6877,15,276.80000000000007,15,254.2,2opt,notBad
6878,15,276.80000000000007,15,254.2,swap,notBad
6879,15,276.80000000000007,15,254.2,move,improve
6880,15,276.80000000000007,15,254.2,swap,notBad
6881,15,276.80000000000007,15,254.2,swap,notBad
6882,15,276.80000000000007,15,254.2,2opt,notBad
6883,15,276.80000000000007,15,254.2,move,improve
6884,15,276.80000000000007,15,254.2,swap,notBad
6885,15,276.80000000000007,15,254.2,2opt,notBad
6886,15,276.80000000000007,15,254.2,move,improve
6887,15,276.80000000000007,15,254.2,2opt,notBad
6888,15,276.80000000000007,15,254.2,move,improve
6889,15,276.80000000000007,15,254.2,move,improve
6890,15,276.80000000000007,15,254.2,move,improve
6891,15,276.80000000000007,15,254.2,swap,notBad
6892,15,276.80000000000007,15,254.2,2opt,improve
6893,15,276.80000000000007,15,254.2,swap,notBad
6894,15,276.80000000000007,15,254.2,swap,notBad
6895,15,276.80000000000007,15,254.2,swap,notBad
6896,15,276.80000000000007,15,254.2,swap,notBad
6897,15,276.80000000000007,15,254.2,2opt,notBad
6898,15,276.80000000000007,15,254.2,move,improve
6899,15,276.80000000000007,15,254.2,move,improve
6900,15,276.80000000000007,15,254.2,move,improve
6901,15,276.80000000000007,15,254.2,2opt,notBad
6902,15,276.80000000000007,15,254.2,swap,notBad
6903,15,276.80000000000007,15,254.2,swap,notBad
6904,15,276.80000000000007,15,254.2,swap,notBad
6905,15,276.80000000000007,15,254.2,move,improve
6906,15,276.80000000000007,15,254.2,swap,notBad
6907,15,276.80000000000007,15,254.2,swap,notBad
6908,15,276.80000000000007,15,254.2,swap,notBad
6909,15,276.80000000000007,15,254.2,swap,notBad
6910,15,276.80000000000007,15,254.2,2opt,notBad
6911,15,276.80000000000007,15,254.2,swap,notBad
6912,15,276.80000000000007,15,254.2,move,improve
6913,15,276.80000000000007,15,254.2,swap,notBad
6914,15,276.80000000000007,15,254.2,swap,notBad
6915,15,276.80000000000007,15,254.2,swap,notBad
6916,15,276.80000000000007,15,254.2,2opt,notBad
6917,15,276.80000000000007,15,254.2,move,improve
6918,15,276.80000000000007,15,254.2,swap,notBad
6919,15,276.80000000000007,15,254.2,move,improve
6920,15,276.80000000000007,15,254.2,move,improve
6921,15,276.80000000000007,15,254.2,swap,notBad
6922,15,276.80000000000007,15,254.2,swap,notBad
6923,15,276.80000000000007,15,254.2,2opt,notBad
6924,15,276.80000000000007,15,254.2,swap,notBad
6925,15,276.80000000000007,15,254.2,swap,notBad
6926,15,276.80000000000007,15,254.2,move,improve
6927,15,276.80000000000007,15,254.2,swap,notBad
6928,15,276.80000000000007,15,254.2,2opt,notBad
6929,15,276.80000000000007,15,254.2,move,improve
6930,15,276.80000000000007,15,254.2,swap,notBad
6931,15,276.80000000000007,15,254.2,swap,notBad
6932,15,276.80000000000007,15,254.2,2opt,notBad
6933,15,276.80000000000007,15,254.2,move,improve
6934,15,276.80000000000007,15,254.2,swap,notBad
6935,15,276.80000000000007,15,254.2,swap,notBad
6936,15,276.80000000000007,15,254.2,swap,notBad
6937,15,276.80000000000007,15,254.2,move,improve
6938,15,276.80000000000007,15,254.2,move,improve
6939,15,276.80000000000007,15,254.2,swap,notBad
6940,15,276.80000000000007,15,254.2,swap,notBad
6941,15,276.80000000000007,15,254.2,move,improve
6942,15,276.80000000000007,15,254.2,swap,notBad
6943,15,276.80000000000007,15,254.2,move,improve
6944,15,276.80000000000007,15,254.2,move,improve
6945,15,276.80000000000007,15,254.2,swap,notBad
6946,15,276.80000000000007,15,254.2,move,improve
6947,15,276.80000000000007,15,254.2,swap,notBad
6948,15,276.80000000000007,15,254.2,move,improve
6949,15,276.80000000000007,15,254.2,2opt,notBad
6950,15,276.80000000000007,15,254.2,move,improve
6951,15,276.80000000000007,15,254.2,2opt,notBad
6952,15,276.80000000000007,15,254.2,2opt,notBad
6953,15,276.80000000000007,15,254.2,2opt,improve
6954,15,276.80000000000007,15,254.2,move,improve
6955,15,276.80000000000007,15,254.2,swap,notBad
6956,15,276.80000000000007,15,254.2,2opt,notBad
6957,15,276.80000000000007,15,254.2,move,improve
6958,15,276.80000000000007,15,254.2,2opt,notBad
6959,15,276.80000000000007,15,254.2,2opt,notBad
6960,15,276.80000000000007,15,254.2,move,improve
6961,15,276.80000000000007,15,254.2,swap,notBad
6962,15,276.80000000000007,15,254.2,2opt,notBad
6963,15,276.80000000000007,15,254.2,swap,notBad
6964,15,274.40000000000015,15,254.2,2opt,improve
6965,15,274.40000000000015,15,254.2,2opt,notBad
6966,15,274.40000000000015,15,254.2,swap,notBad
6967,15,274.40000000000015,15,254.2,move,improve
6968,15,274.40000000000015,15,254.2,swap,notBad
6969,15,274.40000000000015,15,254.2,move,improve
6970,15,274.40000000000015,15,254.2,2opt,notBad
6971,15,274.40000000000015,15,254.2,move,improve
6972,15,274.40000000000015,15,254.2,swap,notBad
6973,15,274.40000000000015,15,254.2,swap,notBad
6974,15,274.40000000000015,15,254.2,move,improve
6975,15,274.40000000000015,15,254.2,move,improve
6976,15,274.40000000000015,15,254.2,2opt,notBad
6977,15,274.40000000000015,15,254.2,swap,notBad
6978,15,274.40000000000015,15,254.2,move,improve
6979,15,274.40000000000015,15,254.2,swap,notBad
6980,15,274.40000000000015,15,254.2,swap,notBad
6981,15,274.40000000000015,15,254.2,swap,notBad
6982,15,274.40000000000015,15,254.2,move,improve
6983,15,274.40000000000015,15,254.2,swap,notBad
6984,15,274.40000000000015,15,254.2,swap,notBad
6985,15,274.40000000000015,15,254.2,move,improve
6986,15,274.40000000000015,15,254.2,2opt,notBad
6987,15,274.40000000000015,15,254.2,move,improve
6988,15,274.40000000000015,15,254.2,move,improve
6989,15,274.40000000000015,15,254.2,2opt,notBad
6990,15,274.40000000000015,15,254.2,move,improve
6991,15,274.40000000000015,15,254.2,2opt,notBad
6992,15,274.40000000000015,15,254.2,move,improve
6993,15,274.40000000000015,15,254.2,swap,notBad
6994,15,274.40000000000015,15,254.2,swap,notBad
6995,15,274.40000000000015,15,254.2,move,improve
6996,15,274.40000000000015,15,254.2,2opt,notBad
6997,15,274.40000000000015,15,254.2,2opt,notBad
6998,15,274.40000000000015,15,254.2,2opt,notBad
6999,15,274.40000000000015,15,254.2,swap,notBad
7000,15,274.40000000000015,15,254.2,move,improve
7001,15,274.40000000000015,15,254.2,swap,notBad
7002,15,274.40000000000015,15,254.2,swap,notBad
7003,15,274.40000000000015,15,254.2,swap,notBad
7004,15,274.40000000000015,15,254.2,move,improve
7005,15,274.40000000000015,15,254.2,move,improve
7006,15,274.40000000000015,15,254.2,swap,notBad
7007,15,274.40000000000015,15,254.2,swap,notBad
7008,15,274.40000000000015,15,254.2,move,improve
7009,15,274.40000000000015,15,254.2,move,improve
7010,15,274.40000000000015,15,254.2,move,improve
7011,15,274.40000000000015,15,254.2,move,improve
7012,15,274.40000000000015,15,254.2,move,improve
7013,15,274.40000000000015,15,254.2,move,improve
7014,15,274.40000000000015,15,254.2,2opt,improve
7015,15,274.40000000000015,15,254.2,swap,notBad
7016,15,274.40000000000015,15,254.2,move,improve
7017,15,274.40000000000015,15,254.2,2opt,notBad
7018,15,274.40000000000015,15,254.2,2opt,notBad
7019,15,274.40000000000015,15,254.2,move,improve
7020,15,274.40000000000015,15,254.2,swap,notBad
7021,15,274.40000000000015,15,254.2,move,improve
7022,15,274.40000000000015,15,254.2,swap,notBad
7023,15,274.40000000000015,15,254.2,move,improve
7024,15,274.40000000000015,15,254.2,move,notBad
7025,15,274.40000000000015,15,254.2,swap,notBad
7026,15,274.40000000000015,15,254.2,move,improve
7027,15,274.40000000000015,15,254.2,2opt,notBad
7028,15,274.40000000000015,15,254.2,2opt,notBad
7029,15,274.40000000000015,15,254.2,move,improve
7030,15,274.40000000000015,15,254.2,2opt,improve
7031,15,274.40000000000015,15,254.2,2opt,improve
7032,15,274.40000000000015,15,254.2,move,improve
7033,15,274.40000000000015,15,254.2,move,improve
7034,15,274.40000000000015,15,254.2,move,improve
7035,15,274.40000000000015,15,254.2,swap,notBad
7036,15,274.40000000000015,15,254.2,move,improve
7037,15,274.40000000000015,15,254.2,move,improve
7038,15,274.40000000000015,15,254.2,swap,notBad
7039,15,274.40000000000015,15,254.2,2opt,notBad
7040,15,274.40000000000015,15,254.2,swap,notBad
7041,15,274.40000000000015,15,254.2,2opt,notBad
7042,15,274.40000000000015,15,254.2,swap,improve
7043,15,274.40000000000015,15,254.2,2opt,improve
7044,15,274.40000000000015,15,254.2,2opt,notBad
7045,15,274.40000000000015,15,254.2,swap,notBad
7046,15,274.40000000000015,15,254.2,2opt,notBad
7047,15,274.40000000000015,15,254.2,2opt,notBad
7048,15,274.40000000000015,15,254.2,2opt,notBad
7049,15,274.40000000000015,15,254.2,move,improve
7050,15,274.40000000000015,15,254.2,swap,notBad
7051,15,274.40000000000015,15,254.2,2opt,notBad
7052,15,274.40000000000015,15,254.2,swap,notBad
7053,15,274.40000000000015,15,254.2,swap,notBad
7054,15,274.40000000000015,15,254.2,swap,notBad
7055,15,274.40000000000015,15,254.2,2opt,notBad
7056,15,274.40000000000015,15,254.2,2opt,notBad
7057,15,274.40000000000015,15,254.2,move,improve
7058,15,274.40000000000015,15,254.2,move,improve
7059,15,274.40000000000015,15,254.2,swap,notBad
7060,15,274.40000000000015,15,254.2,2opt,notBad
7061,15,274.40000000000015,15,254.2,2opt,notBad
7062,15,274.40000000000015,15,254.2,swap,notBad
7063,15,274.40000000000015,15,254.2,move,improve
7064,15,274.40000000000015,15,254.2,move,improve
7065,15,274.40000000000015,15,254.2,swap,notBad
7066,15,274.40000000000015,15,254.2,swap,notBad
7067,15,274.40000000000015,15,254.2,move,improve
7068,15,274.40000000000015,15,254.2,2opt,notBad
7069,15,274.40000000000015,15,254.2,swap,notBad
7070,15,274.40000000000015,15,254.2,2opt,notBad
7071,15,274.40000000000015,15,254.2,move,improve
7072,15,274.40000000000015,15,254.2,2opt,notBad
7073,15,274.40000000000015,15,254.2,move,improve
7074,15,274.40000000000015,15,254.2,2opt,notBad
7075,15,274.40000000000015,15,254.2,move,improve
7076,15,274.40000000000015,15,254.2,swap,notBad
7077,15,274.40000000000015,15,254.2,2opt,notBad
7078,15,274.40000000000015,15,254.2,2opt,notBad
7079,15,274.40000000000015,15,254.2,move,improve
7080,15,274.40000000000015,15,254.2,move,improve
7081,15,274.40000000000015,15,254.2,swap,notBad
7082,15,274.40000000000015,15,254.2,move,improve
7083,15,274.40000000000015,15,254.2,2opt,notBad
7084,15,274.40000000000015,15,254.2,move,improve
7085,15,274.40000000000015,15,254.2,swap,notBad
7086,15,274.40000000000015,15,254.2,swap,notBad
7087,15,274.40000000000015,15,254.2,2opt,notBad
7088,15,274.40000000000015,15,254.2,swap,notBad
7089,15,274.40000000000015,15,254.2,swap,notBad
7090,15,274.40000000000015,15,254.2,move,improve
7091,15,274.40000000000015,15,254.2,2opt,notBad
7092,15,274.40000000000015,15,254.2,2opt,notBad
7093,15,274.40000000000015,15,254.2,2opt,notBad
7094,15,274.40000000000015,15,254.2,2opt,notBad
7095,15,274.40000000000015,15,254.2,2opt,improve
7096,15,274.40000000000015,15,254.2,move,improve
7097,15,274.40000000000015,15,254.2,2opt,improve
7098,15,274.40000000000015,15,254.2,swap,notBad
7099,15,274.40000000000015,15,254.2,2opt,notBad
7100,15,274.40000000000015,15,254.2,swap,notBad
7101,15,255.4000000000001,15,254.2,swap,improve
7102,15,255.4000000000001,15,254.2,swap,notBad
7103,15,255.4000000000001,15,254.2,swap,notBad
7104,15,255.4000000000001,15,254.2,2opt,improve
7105,15,255.4000000000001,15,254.2,swap,notBad
7106,15,255.4000000000001,15,254.2,move,improve
7107,15,255.4000000000001,15,254.2,move,improve
7108,15,255.4000000000001,15,254.2,swap,notBad
7109,15,255.4000000000001,15,254.2,2opt,notBad
7110,15,255.4000000000001,15,254.2,swap,notBad
7111,15,255.4000000000001,15,254.2,2opt,notBad
7112,15,255.4000000000001,15,254.2,2opt,improve
7113,15,255.4000000000001,15,254.2,swap,notBad
7114,15,255.4000000000001,15,254.2,swap,notBad
7115,15,255.4000000000001,15,254.2,2opt,notBad
7116,15,255.4000000000001,15,254.2,2opt,improve
7117,15,255.4000000000001,15,254.2,move,improve
7118,15,255.4000000000001,15,254.2,swap,notBad
7119,15,255.4000000000001,15,254.2,swap,notBad
7120,15,255.4000000000001,15,254.2,swap,notBad
7121,15,255.4000000000001,15,254.2,2opt,improve
7122,15,255.4000000000001,15,254.2,swap,notBad
7123,15,255.4000000000001,15,254.2,move,improve
7124,15,255.4000000000001,15,254.2,swap,improve
7125,15,255.4000000000001,15,254.2,2opt,notBad
7126,15,255.4000000000001,15,254.2,swap,notBad
7127,15,255.4000000000001,15,254.2,2opt,notBad
7128,15,255.4000000000001,15,254.2,2opt,notBad
7129,15,255.4000000000001,15,254.2,swap,notBad
7130,15,255.4000000000001,15,254.2,move,improve
7131,15,255.4000000000001,15,254.2,move,improve
7132,15,255.4000000000001,15,254.2,2opt,notBad
7133,15,255.4000000000001,15,254.2,move,improve
7134,15,255.4000000000001,15,254.2,swap,notBad
7135,15,257.8000000000004,15,254.2,2opt,acceptBad
7136,15,257.8000000000004,15,254.2,2opt,notBad
7137,15,257.8000000000004,15,254.2,swap,notBad
7138,15,257.8000000000004,15,254.2,2opt,notBad
7139,15,257.8000000000004,15,254.2,move,improve
7140,15,257.8000000000004,15,254.2,2opt,notBad
7141,15,254.80000000000058,15,254.2,swap,improve
7142,15,254.80000000000058,15,254.2,swap,notBad
7143,15,254.80000000000058,15,254.2,2opt,notBad
7144,15,254.80000000000058,15,254.2,swap,notBad
7145,15,254.80000000000058,15,254.2,swap,notBad
7146,15,254.80000000000058,15,254.2,move,improve
7147,15,254.80000000000058,15,254.2,swap,notBad
7148,15,254.80000000000058,15,254.2,2opt,notBad
7149,15,254.80000000000058,15,254.2,2opt,notBad
7150,15,254.80000000000058,15,254.2,move,improve
7151,15,254.80000000000058,15,254.2,move,improve
7152,15,254.80000000000058,15,254.2,swap,notBad
7153,15,254.80000000000058,15,254.2,swap,notBad
7154,15,254.80000000000058,15,254.2,swap,notBad
7155,15,254.80000000000058,15,254.2,move,improve
7156,15,254.80000000000058,15,254.2,swap,notBad
7157,15,254.80000000000058,15,254.2,swap,notBad
7158,15,254.80000000000058,15,254.2,2opt,notBad
7159,15,254.80000000000058,15,254.2,2opt,notBad
7160,15,254.80000000000058,15,254.2,move,improve
7161,15,254.80000000000058,15,254.2,2opt,notBad
7162,15,254.80000000000058,15,254.2,2opt,notBad
7163,15,254.80000000000058,15,254.2,move,improve
7164,15,254.80000000000058,15,254.2,swap,notBad
7165,15,254.4000000000005,15,254.2,swap,improve
7166,15,254.4000000000005,15,254.2,2opt,notBad
7167,15,254.4000000000005,15,254.2,move,improve
7168,15,254.4000000000005,15,254.2,move,improve
7169,15,254.4000000000005,15,254.2,2opt,notBad
7170,15,254.4000000000005,15,254.2,swap,notBad
7171,15,254.4000000000005,15,254.2,2opt,notBad
7172,15,254.4000000000005,15,254.2,move,improve
7173,15,254.4000000000005,15,254.2,swap,notBad
7174,15,254.4000000000005,15,254.2,move,improve
7175,15,254.4000000000005,15,254.2,swap,notBad
7176,15,254.4000000000005,15,254.2,2opt,notBad
7177,15,253.8000000000003,15,253.8000000000003,move,newBest
7178,15,253.8000000000003,15,253.8000000000003,swap,notBad
7179,15,253.8000000000003,15,253.8000000000003,move,improve
7180,15,253.8000000000003,15,253.8000000000003,2opt,notBad
7181,15,253.8000000000003,15,253.8000000000003,2opt,notBad
7182,15,253.8000000000003,15,253.8000000000003,move,improve
7183,15,253.8000000000003,15,253.8000000000003,move,improve
7184,15,253.8000000000003,15,253.8000000000003,move,improve
7185,15,253.8000000000003,15,253.8000000000003,swap,notBad
7186,15,253.8000000000003,15,253.8000000000003,2opt,notBad
7187,15,253.8000000000003,15,253.8000000000003,move,improve
7188,15,253.8000000000003,15,253.8000000000003,2opt,notBad
7189,15,253.8000000000003,15,253.8000000000003,2opt,notBad
7190,15,253.8000000000003,15,253.8000000000003,swap,notBad
7191,15,253.8000000000003,15,253.8000000000003,move,notBad
7192,15,253.8000000000003,15,253.8000000000003,swap,notBad
7193,15,253.8000000000003,15,253.8000000000003,2opt,notBad
7194,15,253.8000000000003,15,253.8000000000003,2opt,notBad
7195,15,253.8000000000003,15,253.8000000000003,swap,notBad
7196,15,253.8000000000003,15,253.8000000000003,move,improve
7197,15,253.8000000000003,15,253.8000000000003,move,improve
7198,15,253.8000000000003,15,253.8000000000003,swap,notBad
7199,15,254.40000000000043,15,253.8000000000003,swap,acceptBad
7200,15,254.40000000000043,15,253.8000000000003,2opt,notBad
7201,15,254.40000000000043,15,253.8000000000003,swap,notBad
7202,15,254.40000000000043,15,253.8000000000003,move,improve
7203,15,254.40000000000043,15,253.8000000000003,2opt,notBad
7204,15,254.40000000000043,15,253.8000000000003,swap,notBad
7205,15,254.40000000000043,15,253.8000000000003,swap,notBad
7206,15,254.40000000000043,15,253.8000000000003,move,improve
7207,15,254.40000000000043,15,253.8000000000003,swap,notBad
7208,15,254.40000000000043,15,253.8000000000003,2opt,notBad
7209,15,254.40000000000043,15,253.8000000000003,swap,notBad
7210,15,254.40000000000043,15,253.8000000000003,swap,notBad
7211,15,254.40000000000043,15,253.8000000000003,2opt,notBad
7212,15,254.40000000000043,15,253.8000000000003,swap,notBad
7213,15,254.40000000000043,15,253.8000000000003,2opt,notBad
7214,15,254.40000000000043,15,253.8000000000003,move,improve
7215,15,254.40000000000043,15,253.8000000000003,move,improve
7216,15,254.40000000000043,15,253.8000000000003,2opt,notBad
7217,15,254.40000000000043,15,253.8000000000003,2opt,notBad
7218,15,254.40000000000043,15,253.8000000000003,swap,notBad
7219,15,254.40000000000043,15,253.8000000000003,2opt,notBad
7220,15,254.40000000000043,15,253.8000000000003,swap,notBad
7221,15,254.40000000000043,15,253.8000000000003,swap,notBad
7222,15,254.40000000000043,15,253.8000000000003,swap,notBad
7223,15,254.40000000000043,15,253.8000000000003,move,improve
7224,15,254.40000000000043,15,253.8000000000003,swap,notBad
7225,15,254.40000000000043,15,253.8000000000003,swap,notBad
7226,15,254.40000000000043,15,253.8000000000003,2opt,notBad
7227,15,254.40000000000043,15,253.8000000000003,2opt,notBad
7228,15,254.40000000000043,15,253.8000000000003,move,improve
7229,15,254.40000000000043,15,253.8000000000003,2opt,notBad
7230,15,254.40000000000043,15,253.8000000000003,2opt,improve
7231,15,254.40000000000043,15,253.8000000000003,swap,notBad
7232,15,254.40000000000043,15,253.8000000000003,swap,notBad
7233,15,254.40000000000043,15,253.8000000000003,move,improve
7234,15,254.40000000000043,15,253.8000000000003,move,improve
7235,15,254.40000000000043,15,253.8000000000003,move,improve
7236,15,254.40000000000043,15,253.8000000000003,swap,notBad
7237,15,254.40000000000043,15,253.8000000000003,swap,notBad
7238,15,254.40000000000043,15,253.8000000000003,2opt,notBad
7239,15,254.40000000000043,15,253.8000000000003,swap,notBad
7240,15,254.40000000000043,15,253.8000000000003,swap,notBad
7241,15,254.40000000000043,15,253.8000000000003,swap,notBad
7242,15,254.40000000000043,15,253.8000000000003,swap,notBad
7243,15,254.40000000000043,15,253.8000000000003,move,improve
7244,15,254.40000000000043,15,253.8000000000003,2opt,notBad
7245,15,254.40000000000043,15,253.8000000000003,move,improve
7246,15,254.40000000000043,15,253.8000000000003,move,improve
7247,15,254.40000000000043,15,253.8000000000003,swap,notBad
7248,15,254.40000000000043,15,253.8000000000003,move,improve
7249,15,254.40000000000043,15,253.8000000000003,move,improve
7250,15,254.40000000000043,15,253.8000000000003,swap,notBad
7251,15,254.40000000000043,15,253.8000000000003,move,improve
7252,15,254.40000000000043,15,253.8000000000003,move,improve
7253,15,254.40000000000043,15,253.8000000000003,2opt,notBad
7254,15,254.40000000000043,15,253.8000000000003,move,improve
7255,15,254.40000000000043,15,253.8000000000003,2opt,notBad
7256,15,254.40000000000043,15,253.8000000000003,swap,notBad
7257,15,254.40000000000043,15,253.8000000000003,swap,notBad
7258,15,254.40000000000043,15,253.8000000000003,2opt,improve
7259,15,254.40000000000043,15,253.8000000000003,swap,notBad
7260,15,254.40000000000043,15,253.8000000000003,2opt,notBad
7261,15,254.40000000000043,15,253.8000000000003,2opt,notBad
7262,15,254.40000000000043,15,253.8000000000003,2opt,notBad
7263,15,254.40000000000043,15,253.8000000000003,2opt,notBad
7264,15,254.40000000000043,15,253.8000000000003,swap,notBad
7265,15,254.40000000000043,15,253.8000000000003,move,improve
7266,15,254.40000000000043,15,253.8000000000003,2opt,notBad
7267,15,254.40000000000043,15,253.8000000000003,2opt,notBad
7268,15,254.40000000000043,15,253.8000000000003,2opt,notBad
7269,15,254.40000000000043,15,253.8000000000003,swap,notBad
7270,15,254.40000000000043,15,253.8000000000003,swap,notBad
7271,15,254.40000000000043,15,253.8000000000003,move,improve
7272,15,254.40000000000043,15,253.8000000000003,swap,notBad
7273,15,254.40000000000043,15,253.8000000000003,2opt,improve
7274,15,254.40000000000043,15,253.8000000000003,swap,notBad
7275,15,254.40000000000043,15,253.8000000000003,move,improve
7276,15,254.40000000000043,15,253.8000000000003,move,improve
7277,15,254.40000000000043,15,253.8000000000003,swap,notBad
7278,15,254.40000000000043,15,253.8000000000003,move,improve
7279,15,254.40000000000043,15,253.8000000000003,move,improve
7280,15,254.40000000000043,15,253.8000000000003,swap,notBad
7281,15,254.40000000000043,15,253.8000000000003,move,improve
7282,15,254.40000000000043,15,253.8000000000003,swap,notBad
7283,15,254.40000000000043,15,253.8000000000003,move,improve
7284,15,254.40000000000043,15,253.8000000000003,2opt,notBad
7285,15,254.40000000000043,15,253.8000000000003,2opt,notBad
7286,15,254.40000000000043,15,253.8000000000003,move,improve
7287,15,254.40000000000043,15,253.8000000000003,move,improve
7288,15,254.40000000000043,15,253.8000000000003,move,improve
7289,15,254.40000000000043,15,253.8000000000003,2opt,improve
7290,15,254.40000000000043,15,253.8000000000003,move,improve
7291,15,254.40000000000043,15,253.8000000000003,2opt,notBad
7292,15,254.40000000000043,15,253.8000000000003,move,improve
7293,15,254.40000000000043,15,253.8000000000003,move,improve
7294,15,254.40000000000043,15,253.8000000000003,swap,notBad
7295,15,254.40000000000043,15,253.8000000000003,swap,notBad
7296,15,254.40000000000043,15,253.8000000000003,2opt,notBad
7297,15,254.40000000000043,15,253.8000000000003,2opt,notBad
7298,15,254.40000000000043,15,253.8000000000003,move,improve
7299,15,254.40000000000043,15,253.8000000000003,swap,notBad
7300,15,254.40000000000043,15,253.8000000000003,move,improve
7301,15,254.40000000000043,15,253.8000000000003,move,improve
7302,15,254.40000000000043,15,253.8000000000003,move,improve
7303,15,254.40000000000043,15,253.8000000000003,move,improve
7304,15,254.40000000000043,15,253.8000000000003,2opt,improve
7305,15,254.40000000000043,15,253.8000000000003,move,improve
7306,15,254.40000000000043,15,253.8000000000003,move,improve
7307,15,254.40000000000043,15,253.8000000000003,2opt,improve
7308,15,254.40000000000043,15,253.8000000000003,2opt,notBad
7309,15,254.40000000000043,15,253.8000000000003,swap,notBad
7310,15,254.40000000000043,15,253.8000000000003,2opt,improve
7311,15,254.40000000000043,15,253.8000000000003,move,improve
7312,15,254.40000000000043,15,253.8000000000003,move,improve
7313,15,254.40000000000043,15,253.8000000000003,swap,notBad
7314,15,254.40000000000043,15,253.8000000000003,swap,notBad
7315,15,254.40000000000043,15,253.8000000000003,2opt,notBad
7316,15,254.40000000000043,15,253.8000000000003,move,improve
7317,15,254.40000000000043,15,253.8000000000003,move,improve
7318,15,254.40000000000043,15,253.8000000000003,move,improve
7319,15,254.40000000000043,15,253.8000000000003,swap,notBad
7320,15,254.40000000000043,15,253.8000000000003,move,improve
7321,15,254.40000000000043,15,253.8000000000003,move,improve
7322,15,254.40000000000043,15,253.8000000000003,move,improve
7323,15,254.40000000000043,15,253.8000000000003,move,improve
7324,15,254.40000000000043,15,253.8000000000003,swap,notBad
7325,15,254.40000000000043,15,253.8000000000003,move,improve
7326,15,254.40000000000043,15,253.8000000000003,swap,notBad
7327,15,254.40000000000043,15,253.8000000000003,swap,notBad
7328,15,254.40000000000043,15,253.8000000000003,2opt,improve
7329,15,254.40000000000043,15,253.8000000000003,move,improve
7330,15,254.40000000000043,15,253.8000000000003,2opt,notBad
7331,15,254.40000000000043,15,253.8000000000003,2opt,notBad
7332,15,254.40000000000043,15,253.8000000000003,2opt,notBad
7333,15,254.40000000000043,15,253.8000000000003,swap,notBad
7334,15,254.40000000000043,15,253.8000000000003,2opt,notBad
7335,15,254.40000000000043,15,253.8000000000003,move,improve
7336,15,254.40000000000043,15,253.8000000000003,2opt,notBad
7337,15,254.40000000000043,15,253.8000000000003,swap,notBad
7338,15,254.40000000000043,15,253.8000000000003,swap,notBad
7339,15,254.40000000000043,15,253.8000000000003,swap,notBad
7340,15,254.40000000000043,15,253.8000000000003,2opt,notBad
7341,15,254.40000000000043,15,253.8000000000003,2opt,improve
7342,15,254.40000000000043,15,253.8000000000003,move,improve
7343,15,254.40000000000043,15,253.8000000000003,swap,notBad
7344,15,254.40000000000043,15,253.8000000000003,move,improve
7345,15,254.40000000000043,15,253.8000000000003,2opt,notBad
7346,15,252.00000000000034,15,252.00000000000034,move,newBest
7347,15,252.00000000000034,15,252.00000000000034,move,notBad
7348,15,252.00000000000034,15,252.00000000000034,2opt,notBad
7349,15,252.00000000000034,15,252.00000000000034,swap,notBad
7350,15,252.00000000000034,15,252.00000000000034,swap,notBad
7351,15,252.00000000000034,15,252.00000000000034,swap,notBad
7352,15,252.00000000000034,15,252.00000000000034,2opt,notBad
7353,15,252.00000000000034,15,252.00000000000034,swap,notBad
7354,15,252.00000000000034,15,252.00000000000034,2opt,notBad
7355,15,252.00000000000034,15,252.00000000000034,move,improve
7356,15,252.00000000000034,15,252.00000000000034,move,improve
7357,15,252.00000000000034,15,252.00000000000034,2opt,notBad
7358,15,252.00000000000034,15,252.00000000000034,2opt,notBad
7359,15,252.00000000000034,15,252.00000000000034,swap,notBad
7360,15,252.00000000000034,15,252.00000000000034,2opt,notBad
7361,15,252.00000000000034,15,252.00000000000034,2opt,notBad
7362,15,252.00000000000034,15,252.00000000000034,swap,notBad
7363,15,252.00000000000034,15,252.00000000000034,swap,notBad
7364,15,252.00000000000034,15,252.00000000000034,move,improve
7365,15,252.00000000000034,15,252.00000000000034,swap,notBad
7366,15,252.00000000000034,15,252.00000000000034,2opt,notBad
7367,15,252.00000000000034,15,252.00000000000034,move,improve
7368,15,252.00000000000034,15,252.00000000000034,2opt,notBad
7369,15,252.00000000000034,15,252.00000000000034,swap,notBad
7370,15,252.00000000000034,15,252.00000000000034,2opt,notBad
7371,15,252.00000000000034,15,252.00000000000034,swap,notBad
7372,15,252.00000000000034,15,252.00000000000034,2opt,notBad
7373,15,252.00000000000034,15,252.00000000000034,move,improve
7374,15,252.00000000000034,15,252.00000000000034,swap,notBad
7375,15,252.00000000000034,15,252.00000000000034,2opt,notBad
7376,15,252.00000000000034,15,252.00000000000034,2opt,notBad
7377,15,252.00000000000034,15,252.00000000000034,2opt,notBad
7378,15,252.00000000000034,15,252.00000000000034,swap,notBad
7379,15,252.00000000000034,15,252.00000000000034,2opt,notBad
7380,15,252.00000000000034,15,252.00000000000034,2opt,notBad
7381,15,252.00000000000034,15,252.00000000000034,2opt,notBad
7382,15,252.00000000000034,15,252.00000000000034,move,improve
7383,15,252.00000000000034,15,252.00000000000034,2opt,notBad
7384,15,252.00000000000034,15,252.00000000000034,2opt,notBad
7385,15,252.00000000000034,15,252.00000000000034,2opt,notBad
7386,15,252.00000000000034,15,252.00000000000034,2opt,notBad
7387,15,252.00000000000034,15,252.00000000000034,swap,notBad
7388,15,252.00000000000034,15,252.00000000000034,move,improve
7389,15,252.00000000000034,15,252.00000000000034,2opt,notBad
7390,15,252.00000000000034,15,252.00000000000034,move,improve
7391,15,252.00000000000034,15,252.00000000000034,move,improve
7392,15,252.00000000000034,15,252.00000000000034,2opt,notBad
7393,15,252.00000000000034,15,252.00000000000034,move,improve
7394,15,252.00000000000034,15,252.00000000000034,move,improve
7395,15,252.00000000000034,15,252.00000000000034,move,improve
7396,15,252.00000000000034,15,252.00000000000034,2opt,notBad
7397,15,252.00000000000034,15,252.00000000000034,2opt,notBad
7398,15,252.00000000000034,15,252.00000000000034,2opt,improve
7399,15,252.00000000000034,15,252.00000000000034,2opt,notBad
7400,15,252.00000000000034,15,252.00000000000034,2opt,notBad
7401,15,252.00000000000034,15,252.00000000000034,swap,notBad
7402,15,252.00000000000034,15,252.00000000000034,swap,notBad
7403,15,252.00000000000034,15,252.00000000000034,move,improve
7404,15,252.00000000000034,15,252.00000000000034,swap,notBad
7405,15,252.00000000000034,15,252.00000000000034,2opt,notBad
7406,15,252.00000000000034,15,252.00000000000034,2opt,notBad
7407,15,252.00000000000034,15,252.00000000000034,2opt,notBad
7408,15,252.00000000000034,15,252.00000000000034,move,improve
7409,15,252.00000000000034,15,252.00000000000034,swap,notBad
7410,15,252.00000000000034,15,252.00000000000034,move,improve
7411,15,252.00000000000034,15,252.00000000000034,swap,notBad
7412,15,252.00000000000034,15,252.00000000000034,2opt,improve
7413,15,252.00000000000034,15,252.00000000000034,move,improve
7414,15,252.00000000000034,15,252.00000000000034,2opt,notBad
7415,15,252.00000000000034,15,252.00000000000034,2opt,notBad
7416,15,252.00000000000034,15,252.00000000000034,move,improve
7417,15,252.00000000000034,15,252.00000000000034,2opt,notBad
7418,15,252.00000000000034,15,252.00000000000034,swap,notBad
7419,15,252.00000000000034,15,252.00000000000034,move,improve
7420,15,252.00000000000034,15,252.00000000000034,2opt,notBad
7421,15,252.00000000000034,15,252.00000000000034,2opt,notBad
7422,15,252.00000000000034,15,252.00000000000034,swap,notBad
7423,15,252.00000000000034,15,252.00000000000034,move,improve
7424,15,252.00000000000034,15,252.00000000000034,2opt,notBad
7425,15,252.00000000000034,15,252.00000000000034,2opt,notBad
7426,15,252.00000000000034,15,252.00000000000034,2opt,notBad
7427,15,252.00000000000034,15,252.00000000000034,move,improve
7428,15,252.00000000000034,15,252.00000000000034,2opt,notBad
7429,15,252.00000000000034,15,252.00000000000034,swap,notBad
7430,15,252.00000000000034,15,252.00000000000034,move,improve
7431,15,252.00000000000034,15,252.00000000000034,swap,notBad
7432,15,252.00000000000034,15,252.00000000000034,2opt,notBad
7433,15,252.00000000000034,15,252.00000000000034,swap,notBad
7434,15,252.00000000000034,15,252.00000000000034,2opt,notBad
7435,15,252.00000000000034,15,252.00000000000034,2opt,notBad
7436,15,252.00000000000034,15,252.00000000000034,2opt,notBad
7437,15,252.00000000000034,15,252.00000000000034,2opt,notBad
7438,15,252.00000000000034,15,252.00000000000034,swap,notBad
7439,15,252.00000000000034,15,252.00000000000034,move,improve
7440,15,252.00000000000034,15,252.00000000000034,swap,notBad
7441,15,252.00000000000034,15,252.00000000000034,swap,notBad
7442,15,252.00000000000034,15,252.00000000000034,swap,notBad
7443,15,252.00000000000034,15,252.00000000000034,swap,notBad
7444,15,252.00000000000034,15,252.00000000000034,swap,notBad
7445,15,252.00000000000034,15,252.00000000000034,swap,notBad
7446,15,252.00000000000034,15,252.00000000000034,swap,notBad
7447,15,252.00000000000034,15,252.00000000000034,move,improve
7448,15,252.00000000000034,15,252.00000000000034,swap,notBad
7449,15,252.00000000000034,15,252.00000000000034,move,improve
7450,15,252.00000000000034,15,252.00000000000034,move,improve
7451,15,252.00000000000034,15,252.00000000000034,2opt,notBad
7452,15,252.00000000000034,15,252.00000000000034,swap,notBad
7453,15,252.00000000000034,15,252.00000000000034,2opt,notBad
7454,15,252.00000000000034,15,252.00000000000034,swap,notBad
7455,15,252.00000000000034,15,252.00000000000034,swap,notBad
7456,15,252.00000000000034,15,252.00000000000034,2opt,improve
7457,15,252.00000000000034,15,252.00000000000034,2opt,notBad
7458,15,252.00000000000034,15,252.00000000000034,2opt,improve
7459,15,252.00000000000034,15,252.00000000000034,move,improve
7460,15,252.00000000000034,15,252.00000000000034,2opt,notBad
7461,15,252.00000000000034,15,252.00000000000034,2opt,notBad
7462,15,252.00000000000034,15,252.00000000000034,move,improve
7463,15,252.00000000000034,15,252.00000000000034,move,improve
7464,15,252.00000000000034,15,252.00000000000034,move,improve
7465,15,252.00000000000034,15,252.00000000000034,swap,notBad
7466,15,252.00000000000034,15,252.00000000000034,swap,notBad
7467,15,252.00000000000034,15,252.00000000000034,2opt,notBad
7468,15,252.00000000000034,15,252.00000000000034,swap,notBad
7469,15,252.00000000000034,15,252.00000000000034,move,improve
7470,15,252.00000000000034,15,252.00000000000034,move,improve
7471,15,252.00000000000034,15,252.00000000000034,2opt,notBad
7472,15,252.00000000000034,15,252.00000000000034,move,improve
7473,15,252.00000000000034,15,252.00000000000034,swap,notBad
7474,15,252.00000000000034,15,252.00000000000034,2opt,notBad
7475,15,252.00000000000034,15,252.00000000000034,swap,notBad
7476,15,252.00000000000034,15,252.00000000000034,swap,notBad
7477,15,252.00000000000034,15,252.00000000000034,move,improve
7478,15,252.00000000000034,15,252.00000000000034,swap,notBad
7479,15,252.00000000000034,15,252.00000000000034,2opt,notBad
7480,15,252.00000000000034,15,252.00000000000034,move,improve
7481,15,252.00000000000034,15,252.00000000000034,move,improve
7482,15,252.00000000000034,15,252.00000000000034,move,improve
7483,15,252.00000000000034,15,252.00000000000034,2opt,notBad
7484,15,252.00000000000034,15,252.00000000000034,2opt,notBad
7485,15,252.00000000000034,15,252.00000000000034,move,improve
7486,15,252.00000000000034,15,252.00000000000034,move,improve
7487,15,252.00000000000034,15,252.00000000000034,swap,notBad
7488,15,252.00000000000034,15,252.00000000000034,2opt,notBad
7489,15,252.00000000000034,15,252.00000000000034,2opt,notBad
7490,15,252.00000000000034,15,252.00000000000034,2opt,notBad
7491,15,267.0000000000004,15,252.00000000000034,swap,acceptBad
7492,15,267.0000000000004,15,252.00000000000034,swap,notBad
7493,15,267.0000000000004,15,252.00000000000034,swap,notBad
7494,15,267.0000000000004,15,252.00000000000034,swap,notBad
7495,15,267.0000000000004,15,252.00000000000034,2opt,notBad
7496,15,267.0000000000004,15,252.00000000000034,swap,notBad
7497,15,267.0000000000004,15,252.00000000000034,2opt,notBad
7498,15,267.0000000000004,15,252.00000000000034,2opt,improve
7499,15,267.0000000000004,15,252.00000000000034,swap,notBad
7500,15,267.0000000000004,15,252.00000000000034,2opt,improve
7501,15,267.0000000000004,15,252.00000000000034,move,improve
7502,15,267.0000000000004,15,252.00000000000034,2opt,notBad
7503,15,267.0000000000004,15,252.00000000000034,swap,notBad
7504,15,267.0000000000004,15,252.00000000000034,2opt,notBad
7505,15,267.0000000000004,15,252.00000000000034,swap,notBad
7506,15,267.0000000000004,15,252.00000000000034,move,improve
7507,15,267.0000000000004,15,252.00000000000034,swap,notBad
7508,15,267.0000000000004,15,252.00000000000034,2opt,notBad
7509,15,267.0000000000004,15,252.00000000000034,swap,notBad
7510,15,267.0000000000004,15,252.00000000000034,swap,notBad
7511,15,267.0000000000004,15,252.00000000000034,2opt,notBad
7512,15,267.0000000000004,15,252.00000000000034,swap,notBad
7513,15,267.0000000000004,15,252.00000000000034,move,improve
7514,15,267.0000000000004,15,252.00000000000034,move,improve
7515,15,267.0000000000004,15,252.00000000000034,swap,notBad
7516,15,267.0000000000004,15,252.00000000000034,swap,notBad
7517,15,267.0000000000004,15,252.00000000000034,2opt,notBad
7518,15,267.0000000000004,15,252.00000000000034,2opt,notBad
7519,15,267.0000000000004,15,252.00000000000034,swap,notBad
7520,15,267.0000000000004,15,252.00000000000034,move,improve
7521,15,267.0000000000004,15,252.00000000000034,move,improve
7522,15,267.0000000000004,15,252.00000000000034,swap,notBad
7523,15,267.0000000000004,15,252.00000000000034,move,improve
7524,15,267.0000000000004,15,252.00000000000034,move,improve
7525,15,267.0000000000004,15,252.00000000000034,2opt,notBad
7526,15,267.0000000000004,15,252.00000000000034,move,improve
7527,15,267.0000000000004,15,252.00000000000034,swap,notBad
7528,15,267.0000000000004,15,252.00000000000034,swap,notBad
7529,15,267.0000000000004,15,252.00000000000034,move,improve
7530,15,267.0000000000004,15,252.00000000000034,2opt,notBad
7531,15,267.0000000000004,15,252.00000000000034,2opt,notBad
7532,15,267.0000000000004,15,252.00000000000034,2opt,notBad
7533,15,267.0000000000004,15,252.00000000000034,swap,notBad
7534,15,267.0000000000004,15,252.00000000000034,move,improve
7535,15,267.0000000000004,15,252.00000000000034,move,notBad
7536,15,267.0000000000004,15,252.00000000000034,swap,notBad
7537,15,267.0000000000004,15,252.00000000000034,2opt,notBad
7538,15,267.0000000000004,15,252.00000000000034,move,improve
7539,15,267.0000000000004,15,252.00000000000034,2opt,improve
7540,15,267.0000000000004,15,252.00000000000034,swap,notBad
7541,15,267.0000000000004,15,252.00000000000034,move,improve
7542,15,267.0000000000004,15,252.00000000000034,swap,notBad
7543,15,267.0000000000004,15,252.00000000000034,2opt,notBad
7544,15,267.0000000000004,15,252.00000000000034,2opt,notBad
7545,15,267.0000000000004,15,252.00000000000034,swap,notBad
7546,15,267.0000000000004,15,252.00000000000034,move,improve
7547,15,267.0000000000004,15,252.00000000000034,move,improve
7548,15,267.0000000000004,15,252.00000000000034,move,improve
7549,15,267.0000000000004,15,252.00000000000034,move,improve
7550,15,267.0000000000004,15,252.00000000000034,swap,notBad
7551,15,267.0000000000004,15,252.00000000000034,2opt,notBad
7552,15,267.0000000000004,15,252.00000000000034,move,improve
7553,15,267.0000000000004,15,252.00000000000034,2opt,notBad
7554,15,267.0000000000004,15,252.00000000000034,move,improve
7555,15,267.0000000000004,15,252.00000000000034,2opt,notBad
7556,15,267.0000000000004,15,252.00000000000034,move,improve
7557,15,267.0000000000004,15,252.00000000000034,move,improve
7558,15,267.0000000000004,15,252.00000000000034,2opt,notBad
7559,15,267.0000000000004,15,252.00000000000034,move,improve
7560,15,267.0000000000004,15,252.00000000000034,move,improve
7561,15,267.0000000000004,15,252.00000000000034,swap,notBad
7562,15,267.0000000000004,15,252.00000000000034,move,improve
7563,15,267.0000000000004,15,252.00000000000034,swap,notBad
7564,15,267.0000000000004,15,252.00000000000034,2opt,notBad
7565,15,267.0000000000004,15,252.00000000000034,swap,notBad
7566,15,267.0000000000004,15,252.00000000000034,2opt,notBad
7567,15,267.0000000000004,15,252.00000000000034,2opt,notBad
7568,15,267.0000000000004,15,252.00000000000034,2opt,notBad
7569,15,267.0000000000004,15,252.00000000000034,move,notBad
7570,15,267.0000000000004,15,252.00000000000034,swap,notBad
7571,15,267.0000000000004,15,252.00000000000034,swap,notBad
7572,15,267.0000000000004,15,252.00000000000034,2opt,notBad
7573,15,267.0000000000004,15,252.00000000000034,move,improve
7574,15,267.0000000000004,15,252.00000000000034,swap,notBad
7575,15,269.6000000000004,15,252.00000000000034,swap,acceptBad
7576,15,269.6000000000004,15,252.00000000000034,move,improve
7577,15,269.6000000000004,15,252.00000000000034,2opt,notBad
7578,15,269.6000000000004,15,252.00000000000034,move,improve
7579,15,269.6000000000004,15,252.00000000000034,swap,notBad
7580,15,269.6000000000004,15,252.00000000000034,2opt,notBad
7581,15,269.6000000000004,15,252.00000000000034,2opt,notBad
7582,15,269.6000000000004,15,252.00000000000034,move,improve
7583,15,269.6000000000004,15,252.00000000000034,move,improve
7584,15,269.6000000000004,15,252.00000000000034,swap,notBad
7585,15,269.6000000000004,15,252.00000000000034,2opt,notBad
7586,15,269.6000000000004,15,252.00000000000034,2opt,notBad
7587,15,269.6000000000004,15,252.00000000000034,move,improve
7588,15,269.6000000000004,15,252.00000000000034,move,improve
7589,15,269.6000000000004,15,252.00000000000034,move,improve
7590,15,269.6000000000004,15,252.00000000000034,swap,notBad
7591,15,269.6000000000004,15,252.00000000000034,move,improve
7592,15,269.6000000000004,15,252.00000000000034,swap,notBad
7593,15,269.6000000000004,15,252.00000000000034,swap,notBad
7594,15,269.6000000000004,15,252.00000000000034,2opt,improve
7595,15,269.6000000000004,15,252.00000000000034,2opt,notBad
7596,15,269.6000000000004,15,252.00000000000034,move,improve
7597,15,269.6000000000004,15,252.00000000000034,move,improve
7598,15,269.6000000000004,15,252.00000000000034,swap,notBad
7599,15,269.6000000000004,15,252.00000000000034,2opt,notBad
7600,15,269.6000000000004,15,252.00000000000034,swap,notBad
7601,15,272.6000000000005,15,252.00000000000034,2opt,acceptBad
7602,15,272.6000000000005,15,252.00000000000034,2opt,notBad
7603,15,272.6000000000005,15,252.00000000000034,swap,notBad
7604,15,272.6000000000005,15,252.00000000000034,swap,notBad
7605,15,272.6000000000005,15,252.00000000000034,move,notBad
7606,15,272.6000000000005,15,252.00000000000034,2opt,notBad
7607,15,272.6000000000005,15,252.00000000000034,move,improve
7608,15,272.6000000000005,15,252.00000000000034,swap,notBad
7609,15,272.6000000000005,15,252.00000000000034,move,improve
7610,15,272.6000000000005,15,252.00000000000034,swap,notBad
7611,15,272.6000000000005,15,252.00000000000034,2opt,notBad
7612,15,272.6000000000005,15,252.00000000000034,move,improve
7613,15,272.6000000000005,15,252.00000000000034,swap,notBad
7614,15,272.6000000000005,15,252.00000000000034,move,improve
7615,15,272.6000000000005,15,252.00000000000034,move,improve
7616,15,272.6000000000005,15,252.00000000000034,2opt,notBad
7617,15,272.6000000000005,15,252.00000000000034,move,improve
7618,15,269.60000000000036,15,252.00000000000034,move,improve
7619,15,269.60000000000036,15,252.00000000000034,swap,notBad
7620,15,269.60000000000036,15,252.00000000000034,swap,notBad
7621,15,269.60000000000036,15,252.00000000000034,move,improve
7622,15,269.60000000000036,15,252.00000000000034,swap,notBad
7623,15,266.20000000000016,15,252.00000000000034,swap,improve
7624,15,266.20000000000016,15,252.00000000000034,swap,notBad
7625,15,266.20000000000016,15,252.00000000000034,swap,notBad
7626,15,266.20000000000016,15,252.00000000000034,move,improve
7627,15,266.20000000000016,15,252.00000000000034,swap,notBad
7628,15,266.20000000000016,15,252.00000000000034,2opt,notBad
7629,15,266.20000000000016,15,252.00000000000034,swap,notBad
7630,15,266.20000000000016,15,252.00000000000034,move,improve
7631,15,266.20000000000016,15,252.00000000000034,swap,notBad
7632,15,266.20000000000016,15,252.00000000000034,swap,notBad
7633,15,266.20000000000016,15,252.00000000000034,2opt,notBad
7634,15,266.20000000000016,15,252.00000000000034,move,improve
7635,15,266.20000000000016,15,252.00000000000034,move,improve
7636,15,266.20000000000016,15,252.00000000000034,swap,notBad
7637,15,266.20000000000016,15,252.00000000000034,move,improve
7638,15,271.2000000000002,15,252.00000000000034,2opt,acceptBad
7639,15,271.2000000000002,15,252.00000000000034,move,improve
7640,15,271.2000000000002,15,252.00000000000034,2opt,notBad
7641,15,271.2000000000002,15,252.00000000000034,2opt,improve
7642,15,271.2000000000002,15,252.00000000000034,2opt,notBad
7643,15,271.2000000000002,15,252.00000000000034,move,improve
7644,15,271.2000000000002,15,252.00000000000034,2opt,notBad
7645,15,271.2000000000002,15,252.00000000000034,swap,notBad
7646,15,271.2000000000002,15,252.00000000000034,swap,notBad
7647,15,271.2000000000002,15,252.00000000000034,move,improve
7648,15,271.2000000000002,15,252.00000000000034,2opt,notBad
7649,15,271.2000000000002,15,252.00000000000034,2opt,notBad
7650,15,271.2000000000002,15,252.00000000000034,move,improve
7651,15,271.2000000000002,15,252.00000000000034,2opt,notBad
7652,15,271.2000000000002,15,252.00000000000034,move,improve
7653,15,271.2000000000002,15,252.00000000000034,move,improve
7654,15,271.2000000000002,15,252.00000000000034,swap,notBad
7655,15,271.2000000000002,15,252.00000000000034,move,improve
7656,15,271.2000000000002,15,252.00000000000034,move,improve
7657,15,271.2000000000002,15,252.00000000000034,2opt,notBad
7658,15,271.2000000000002,15,252.00000000000034,2opt,notBad
7659,15,271.2000000000002,15,252.00000000000034,move,improve
7660,15,271.2000000000002,15,252.00000000000034,2opt,notBad
7661,15,271.2000000000002,15,252.00000000000034,move,improve
7662,15,271.2000000000002,15,252.00000000000034,move,improve
7663,15,271.2000000000002,15,252.00000000000034,swap,notBad
7664,15,271.2000000000002,15,252.00000000000034,swap,notBad
7665,15,271.2000000000002,15,252.00000000000034,swap,notBad
7666,15,271.2000000000002,15,252.00000000000034,2opt,improve
7667,15,271.2000000000002,15,252.00000000000034,swap,notBad
7668,15,271.2000000000002,15,252.00000000000034,2opt,notBad
7669,15,271.2000000000002,15,252.00000000000034,2opt,notBad
7670,15,271.2000000000002,15,252.00000000000034,move,improve
7671,15,271.2000000000002,15,252.00000000000034,swap,notBad
7672,15,271.2000000000002,15,252.00000000000034,swap,notBad
7673,15,271.2000000000002,15,252.00000000000034,move,improve
7674,15,271.2000000000002,15,252.00000000000034,move,improve
7675,15,271.2000000000002,15,252.00000000000034,2opt,improve
7676,15,271.2000000000002,15,252.00000000000034,2opt,notBad
7677,15,271.2000000000002,15,252.00000000000034,2opt,notBad
7678,15,271.2000000000002,15,252.00000000000034,2opt,notBad
7679,15,271.2000000000002,15,252.00000000000034,move,improve
7680,15,271.2000000000002,15,252.00000000000034,swap,notBad
7681,15,271.2000000000002,15,252.00000000000034,2opt,notBad
7682,15,271.2000000000002,15,252.00000000000034,2opt,notBad
7683,15,271.2000000000002,15,252.00000000000034,swap,notBad
7684,15,271.2000000000002,15,252.00000000000034,move,improve
7685,15,271.2000000000002,15,252.00000000000034,2opt,notBad
7686,15,271.2000000000002,15,252.00000000000034,move,improve
7687,15,271.2000000000002,15,252.00000000000034,2opt,improve
7688,15,271.2000000000002,15,252.00000000000034,swap,notBad
7689,15,271.2000000000002,15,252.00000000000034,2opt,notBad
7690,15,271.2000000000002,15,252.00000000000034,move,improve
7691,15,271.2000000000002,15,252.00000000000034,2opt,notBad
7692,15,271.2000000000002,15,252.00000000000034,move,improve
7693,15,271.2000000000002,15,252.00000000000034,swap,notBad
7694,15,271.2000000000002,15,252.00000000000034,swap,notBad
7695,15,271.2000000000002,15,252.00000000000034,swap,notBad
7696,15,271.2000000000002,15,252.00000000000034,swap,notBad
7697,15,271.2000000000002,15,252.00000000000034,move,improve
7698,15,271.2000000000002,15,252.00000000000034,2opt,notBad
7699,15,271.2000000000002,15,252.00000000000034,2opt,notBad
7700,15,271.2000000000002,15,252.00000000000034,move,improve
7701,15,271.2000000000002,15,252.00000000000034,swap,notBad
7702,15,271.2000000000002,15,252.00000000000034,swap,notBad
7703,15,271.2000000000002,15,252.00000000000034,2opt,notBad
7704,15,271.2000000000002,15,252.00000000000034,move,improve
7705,15,271.2000000000002,15,252.00000000000034,swap,notBad
7706,15,271.2000000000002,15,252.00000000000034,swap,notBad
7707,15,271.2000000000002,15,252.00000000000034,move,improve
7708,15,271.2000000000002,15,252.00000000000034,2opt,notBad
7709,15,271.2000000000002,15,252.00000000000034,2opt,notBad
7710,15,271.2000000000002,15,252.00000000000034,swap,improve
7711,15,271.2000000000002,15,252.00000000000034,2opt,notBad
7712,15,271.2000000000002,15,252.00000000000034,2opt,improve
7713,15,271.2000000000002,15,252.00000000000034,2opt,notBad
7714,15,271.2000000000002,15,252.00000000000034,swap,notBad
7715,15,271.2000000000002,15,252.00000000000034,swap,notBad
7716,15,271.2000000000002,15,252.00000000000034,swap,notBad
7717,15,271.2000000000002,15,252.00000000000034,move,improve
7718,15,271.2000000000002,15,252.00000000000034,move,improve
7719,15,271.2000000000002,15,252.00000000000034,2opt,notBad
7720,15,271.2000000000002,15,252.00000000000034,2opt,notBad
7721,15,271.2000000000002,15,252.00000000000034,move,improve
7722,15,271.2000000000002,15,252.00000000000034,swap,notBad
7723,15,271.2000000000002,15,252.00000000000034,swap,notBad
7724,15,271.2000000000002,15,252.00000000000034,2opt,notBad
7725,15,271.2000000000002,15,252.00000000000034,swap,notBad
7726,15,271.2000000000002,15,252.00000000000034,swap,notBad
7727,15,271.2000000000002,15,252.00000000000034,move,improve
7728,15,271.2000000000002,15,252.00000000000034,2opt,notBad
7729,15,271.2000000000002,15,252.00000000000034,move,improve
7730,15,271.2000000000002,15,252.00000000000034,swap,notBad
7731,15,271.2000000000002,15,252.00000000000034,move,improve
7732,15,271.2000000000002,15,252.00000000000034,2opt,notBad
7733,15,271.2000000000002,15,252.00000000000034,move,improve
7734,15,271.2000000000002,15,252.00000000000034,2opt,notBad
7735,15,271.2000000000002,15,252.00000000000034,2opt,improve
7736,15,271.2000000000002,15,252.00000000000034,move,improve
7737,15,271.2000000000002,15,252.00000000000034,swap,notBad
7738,15,271.2000000000002,15,252.00000000000034,swap,notBad
7739,15,271.2000000000002,15,252.00000000000034,2opt,notBad
7740,15,271.2000000000002,15,252.00000000000034,2opt,notBad
7741,15,271.2000000000002,15,252.00000000000034,move,improve
7742,15,271.2000000000002,15,252.00000000000034,2opt,notBad
7743,15,271.2000000000002,15,252.00000000000034,swap,notBad
7744,15,271.2000000000002,15,252.00000000000034,swap,notBad
7745,15,271.2000000000002,15,252.00000000000034,move,improve
7746,15,271.2000000000002,15,252.00000000000034,2opt,improve
7747,15,271.2000000000002,15,252.00000000000034,2opt,notBad
7748,15,271.2000000000002,15,252.00000000000034,move,improve
7749,15,271.2000000000002,15,252.00000000000034,move,improve
7750,15,271.2000000000002,15,252.00000000000034,2opt,notBad
7751,15,271.2000000000002,15,252.00000000000034,2opt,notBad
7752,15,271.2000000000002,15,252.00000000000034,2opt,notBad
7753,15,271.2000000000002,15,252.00000000000034,2opt,notBad
7754,15,271.2000000000002,15,252.00000000000034,swap,notBad
7755,15,271.2000000000002,15,252.00000000000034,2opt,notBad
7756,15,271.2000000000002,15,252.00000000000034,2opt,notBad
7757,15,271.2000000000002,15,252.00000000000034,swap,notBad
7758,15,271.2000000000002,15,252.00000000000034,move,improve
7759,15,271.2000000000002,15,252.00000000000034,swap,notBad
7760,15,271.2000000000002,15,252.00000000000034,move,improve
7761,15,271.2000000000002,15,252.00000000000034,2opt,notBad
7762,15,271.2000000000002,15,252.00000000000034,2opt,notBad
7763,15,271.2000000000002,15,252.00000000000034,swap,notBad
7764,15,271.2000000000002,15,252.00000000000034,move,improve
7765,15,271.2000000000002,15,252.00000000000034,move,improve
7766,15,271.2000000000002,15,252.00000000000034,swap,notBad
7767,15,271.2000000000002,15,252.00000000000034,2opt,notBad
7768,15,271.2000000000002,15,252.00000000000034,swap,notBad
7769,15,271.2000000000002,15,252.00000000000034,swap,notBad
7770,15,271.2000000000002,15,252.00000000000034,2opt,improve
7771,15,271.2000000000002,15,252.00000000000034,swap,notBad
7772,15,271.2000000000002,15,252.00000000000034,2opt,improve
7773,15,271.2000000000002,15,252.00000000000034,move,improve
7774,15,271.2000000000002,15,252.00000000000034,swap,notBad
7775,15,271.2000000000002,15,252.00000000000034,move,improve
7776,15,271.2000000000002,15,252.00000000000034,swap,notBad
7777,15,271.2000000000002,15,252.00000000000034,swap,notBad
7778,15,266.20000000000016,15,252.00000000000034,2opt,improve
7779,15,266.20000000000016,15,252.00000000000034,2opt,notBad
7780,15,266.20000000000016,15,252.00000000000034,2opt,notBad
7781,15,266.20000000000016,15,252.00000000000034,swap,notBad
7782,15,266.20000000000016,15,252.00000000000034,swap,notBad
7783,15,266.20000000000016,15,252.00000000000034,move,improve
7784,15,266.20000000000016,15,252.00000000000034,2opt,notBad
7785,15,266.20000000000016,15,252.00000000000034,2opt,improve
7786,15,266.20000000000016,15,252.00000000000034,move,improve
7787,15,266.20000000000016,15,252.00000000000034,2opt,improve
7788,15,266.20000000000016,15,252.00000000000034,2opt,improve
7789,15,266.20000000000016,15,252.00000000000034,2opt,notBad
7790,15,266.20000000000016,15,252.00000000000034,2opt,notBad
7791,15,264.8000000000002,15,252.00000000000034,swap,improve
7792,15,264.8000000000002,15,252.00000000000034,move,improve
7793,15,244.0000000000001,15,244.0000000000001,swap,newBest
7794,15,244.0000000000001,15,244.0000000000001,2opt,notBad
7795,15,244.0000000000001,15,244.0000000000001,move,notBad
7796,15,244.0000000000001,15,244.0000000000001,move,improve
7797,15,244.0000000000001,15,244.0000000000001,2opt,notBad
7798,15,244.0000000000001,15,244.0000000000001,move,improve
7799,15,244.0000000000001,15,244.0000000000001,2opt,improve
7800,15,244.0000000000001,15,244.0000000000001,swap,notBad
7801,15,244.0000000000001,15,244.0000000000001,2opt,notBad
7802,15,244.0000000000001,15,244.0000000000001,swap,notBad
7803,15,244.0000000000001,15,244.0000000000001,2opt,improve
7804,15,244.0000000000001,15,244.0000000000001,2opt,improve
7805,15,244.0000000000001,15,244.0000000000001,swap,notBad
7806,15,244.0000000000001,15,244.0000000000001,2opt,notBad
7807,15,244.0000000000001,15,244.0000000000001,swap,notBad
7808,15,244.0000000000001,15,244.0000000000001,2opt,notBad
7809,15,244.0000000000001,15,244.0000000000001,swap,notBad
7810,15,244.0000000000001,15,244.0000000000001,swap,notBad
7811,15,244.0000000000001,15,244.0000000000001,move,improve
7812,15,244.0000000000001,15,244.0000000000001,swap,notBad
7813,15,244.0000000000001,15,244.0000000000001,move,improve
7814,15,244.0000000000001,15,244.0000000000001,swap,notBad
7815,15,244.0000000000001,15,244.0000000000001,2opt,notBad
7816,15,244.0000000000001,15,244.0000000000001,2opt,notBad
7817,15,244.0000000000001,15,244.0000000000001,2opt,notBad
7818,15,244.0000000000001,15,244.0000000000001,2opt,improve
7819,15,244.0000000000001,15,244.0000000000001,2opt,notBad
7820,15,244.0000000000001,15,244.0000000000001,swap,notBad
7821,15,244.0000000000001,15,244.0000000000001,2opt,notBad
7822,15,244.0000000000001,15,244.0000000000001,swap,notBad
7823,15,244.0000000000001,15,244.0000000000001,2opt,notBad
7824,15,244.0000000000001,15,244.0000000000001,swap,improve
7825,15,244.0000000000001,15,244.0000000000001,swap,notBad
7826,15,244.0000000000001,15,244.0000000000001,move,improve
7827,15,244.0000000000001,15,244.0000000000001,swap,notBad
7828,15,244.0000000000001,15,244.0000000000001,swap,notBad
7829,15,244.0000000000001,15,244.0000000000001,2opt,notBad
7830,15,244.0000000000001,15,244.0000000000001,move,improve
7831,15,244.0000000000001,15,244.0000000000001,swap,notBad
7832,15,244.0000000000001,15,244.0000000000001,move,improve
7833,15,244.0000000000001,15,244.0000000000001,swap,notBad
7834,15,244.0000000000001,15,244.0000000000001,swap,notBad
7835,15,244.0000000000001,15,244.0000000000001,2opt,notBad
7836,15,244.0000000000001,15,244.0000000000001,swap,notBad
7837,15,244.0000000000001,15,244.0000000000001,move,improve
7838,15,244.0000000000001,15,244.0000000000001,move,improve
7839,15,244.0000000000001,15,244.0000000000001,2opt,notBad
7840,15,244.0000000000001,15,244.0000000000001,move,improve
7841,15,244.0000000000001,15,244.0000000000001,swap,notBad
7842,15,244.0000000000001,15,244.0000000000001,swap,notBad
7843,15,244.0000000000001,15,244.0000000000001,move,improve
7844,15,244.0000000000001,15,244.0000000000001,move,improve
7845,15,244.0000000000001,15,244.0000000000001,move,improve
7846,15,244.0000000000001,15,244.0000000000001,swap,notBad
7847,15,244.0000000000001,15,244.0000000000001,move,improve
7848,15,244.0000000000001,15,244.0000000000001,move,improve
7849,15,242.9999999999999,15,242.9999999999999,swap,newBest
7850,15,242.9999999999999,15,242.9999999999999,move,improve
7851,15,242.9999999999999,15,242.9999999999999,2opt,notBad
7852,15,242.9999999999999,15,242.9999999999999,2opt,notBad
7853,15,242.9999999999999,15,242.9999999999999,move,improve
7854,15,242.9999999999999,15,242.9999999999999,move,improve
7855,15,242.9999999999999,15,242.9999999999999,swap,notBad
7856,15,242.9999999999999,15,242.9999999999999,2opt,improve
7857,15,227.9999999999999,15,227.9999999999999,swap,newBest
7858,15,227.9999999999999,15,227.9999999999999,move,improve
7859,15,227.9999999999999,15,227.9999999999999,move,improve
7860,15,225.60000000000002,15,225.60000000000002,move,newBest
7861,15,225.60000000000002,15,225.60000000000002,swap,notBad
7862,15,225.60000000000002,15,225.60000000000002,move,improve
7863,15,225.60000000000002,15,225.60000000000002,2opt,notBad
7864,15,225.60000000000002,15,225.60000000000002,move,improve
7865,15,225.60000000000002,15,225.60000000000002,move,improve
7866,15,225.60000000000002,15,225.60000000000002,swap,notBad
7867,15,225.60000000000002,15,225.60000000000002,move,improve
7868,15,225.60000000000002,15,225.60000000000002,move,improve
7869,15,225.60000000000002,15,225.60000000000002,move,improve
7870,15,225.60000000000002,15,225.60000000000002,2opt,improve
7871,15,225.60000000000002,15,225.60000000000002,swap,improve
7872,15,225.60000000000002,15,225.60000000000002,swap,notBad
7873,15,225.60000000000002,15,225.60000000000002,2opt,notBad
7874,15,225.60000000000002,15,225.60000000000002,swap,improve
7875,15,225.60000000000002,15,225.60000000000002,swap,notBad
7876,15,225.60000000000002,15,225.60000000000002,2opt,notBad
7877,15,225.60000000000002,15,225.60000000000002,2opt,notBad
7878,15,225.60000000000002,15,225.60000000000002,2opt,notBad
7879,15,225.60000000000002,15,225.60000000000002,swap,notBad
7880,15,225.60000000000002,15,225.60000000000002,move,improve
7881,15,225.60000000000002,15,225.60000000000002,2opt,notBad
7882,15,225.60000000000002,15,225.60000000000002,2opt,notBad
7883,15,225.60000000000002,15,225.60000000000002,swap,notBad
7884,15,225.60000000000002,15,225.60000000000002,2opt,notBad
7885,15,225.60000000000002,15,225.60000000000002,move,improve
7886,15,225.60000000000002,15,225.60000000000002,2opt,improve
7887,15,225.60000000000002,15,225.60000000000002,2opt,notBad
7888,15,225.60000000000002,15,225.60000000000002,2opt,notBad
7889,15,225.60000000000002,15,225.60000000000002,swap,notBad
7890,15,225.60000000000002,15,225.60000000000002,move,improve
7891,15,225.60000000000002,15,225.60000000000002,2opt,notBad
7892,15,225.60000000000002,15,225.60000000000002,2opt,notBad
7893,15,225.60000000000002,15,225.60000000000002,2opt,improve
7894,15,225.60000000000002,15,225.60000000000002,2opt,notBad
7895,15,225.60000000000002,15,225.60000000000002,2opt,notBad
7896,15,225.60000000000002,15,225.60000000000002,2opt,notBad
7897,15,225.60000000000002,15,225.60000000000002,2opt,notBad
7898,15,225.60000000000002,15,225.60000000000002,2opt,notBad
7899,15,225.60000000000002,15,225.60000000000002,swap,notBad
7900,15,225.60000000000002,15,225.60000000000002,2opt,notBad
7901,15,225.60000000000002,15,225.60000000000002,swap,notBad
7902,15,225.60000000000002,15,225.60000000000002,swap,notBad
7903,15,225.60000000000002,15,225.60000000000002,move,improve
7904,15,225.60000000000002,15,225.60000000000002,move,improve
7905,15,225.60000000000002,15,225.60000000000002,move,improve
7906,15,225.60000000000002,15,225.60000000000002,2opt,notBad
7907,15,225.60000000000002,15,225.60000000000002,move,improve
7908,15,225.60000000000002,15,225.60000000000002,2opt,improve
7909,15,225.60000000000002,15,225.60000000000002,move,improve
7910,15,225.60000000000002,15,225.60000000000002,move,improve
7911,15,225.60000000000002,15,225.60000000000002,swap,notBad
7912,15,225.60000000000002,15,225.60000000000002,2opt,notBad
7913,15,225.60000000000002,15,225.60000000000002,swap,notBad
7914,15,225.60000000000002,15,225.60000000000002,move,improve
7915,15,225.60000000000002,15,225.60000000000002,2opt,notBad
7916,15,225.60000000000002,15,225.60000000000002,move,improve
7917,15,225.60000000000002,15,225.60000000000002,move,improve
7918,15,225.60000000000002,15,225.60000000000002,swap,notBad
7919,15,225.60000000000002,15,225.60000000000002,swap,notBad
7920,15,225.60000000000002,15,225.60000000000002,move,improve
7921,15,225.60000000000002,15,225.60000000000002,2opt,notBad
7922,15,225.60000000000002,15,225.60000000000002,move,improve
7923,15,225.60000000000002,15,225.60000000000002,move,improve
7924,15,225.60000000000002,15,225.60000000000002,move,improve
7925,15,225.60000000000002,15,225.60000000000002,move,improve
7926,15,225.60000000000002,15,225.60000000000002,2opt,notBad
7927,15,225.60000000000002,15,225.60000000000002,swap,notBad
7928,15,225.60000000000002,15,225.60000000000002,swap,notBad
7929,15,225.60000000000002,15,225.60000000000002,swap,notBad
7930,15,225.60000000000002,15,225.60000000000002,2opt,improve
7931,15,225.60000000000002,15,225.60000000000002,2opt,notBad
7932,15,225.60000000000002,15,225.60000000000002,swap,notBad
7933,15,225.60000000000002,15,225.60000000000002,move,improve
7934,15,225.60000000000002,15,225.60000000000002,move,improve
7935,15,225.60000000000002,15,225.60000000000002,2opt,notBad
7936,15,225.60000000000002,15,225.60000000000002,2opt,notBad
7937,15,225.60000000000002,15,225.60000000000002,2opt,notBad
7938,15,225.60000000000002,15,225.60000000000002,move,improve
7939,15,225.60000000000002,15,225.60000000000002,2opt,notBad
7940,15,225.60000000000002,15,225.60000000000002,swap,notBad
7941,15,225.60000000000002,15,225.60000000000002,swap,notBad
7942,15,225.60000000000002,15,225.60000000000002,move,improve
7943,15,225.60000000000002,15,225.60000000000002,swap,notBad
7944,15,225.60000000000002,15,225.60000000000002,move,improve
7945,15,225.60000000000002,15,225.60000000000002,move,improve
7946,15,225.60000000000002,15,225.60000000000002,2opt,notBad
7947,15,225.60000000000002,15,225.60000000000002,2opt,notBad
7948,15,225.60000000000002,15,225.60000000000002,2opt,notBad
7949,15,225.60000000000002,15,225.60000000000002,2opt,improve
7950,15,225.60000000000002,15,225.60000000000002,2opt,notBad
7951,15,225.60000000000002,15,225.60000000000002,move,improve
7952,15,225.60000000000002,15,225.60000000000002,swap,notBad
7953,15,225.60000000000002,15,225.60000000000002,2opt,notBad
7954,15,225.60000000000002,15,225.60000000000002,swap,notBad
7955,15,225.60000000000002,15,225.60000000000002,move,improve
7956,15,225.60000000000002,15,225.60000000000002,swap,notBad
7957,15,225.60000000000002,15,225.60000000000002,swap,notBad
7958,15,225.60000000000002,15,225.60000000000002,move,improve
7959,15,225.60000000000002,15,225.60000000000002,move,improve
7960,15,225.60000000000002,15,225.60000000000002,move,improve
7961,15,225.60000000000002,15,225.60000000000002,swap,notBad
7962,15,225.60000000000002,15,225.60000000000002,swap,notBad
7963,15,225.60000000000002,15,225.60000000000002,swap,notBad
7964,15,225.60000000000002,15,225.60000000000002,move,improve
7965,15,225.60000000000002,15,225.60000000000002,swap,notBad
7966,15,225.60000000000002,15,225.60000000000002,move,improve
7967,15,225.60000000000002,15,225.60000000000002,swap,notBad
7968,15,225.60000000000002,15,225.60000000000002,swap,notBad
7969,15,225.60000000000002,15,225.60000000000002,2opt,notBad
7970,15,225.60000000000002,15,225.60000000000002,swap,notBad
7971,15,225.60000000000002,15,225.60000000000002,swap,notBad
7972,15,225.60000000000002,15,225.60000000000002,2opt,notBad
7973,15,225.60000000000002,15,225.60000000000002,move,improve
7974,15,225.60000000000002,15,225.60000000000002,move,improve
7975,15,225.60000000000002,15,225.60000000000002,swap,notBad
7976,15,225.60000000000002,15,225.60000000000002,2opt,notBad
7977,15,225.60000000000002,15,225.60000000000002,2opt,notBad
7978,15,225.60000000000002,15,225.60000000000002,move,improve
7979,15,225.60000000000002,15,225.60000000000002,swap,notBad
7980,15,225.60000000000002,15,225.60000000000002,2opt,notBad
7981,15,225.60000000000002,15,225.60000000000002,move,improve
7982,15,225.60000000000002,15,225.60000000000002,move,improve
7983,15,225.60000000000002,15,225.60000000000002,swap,notBad
7984,15,225.60000000000002,15,225.60000000000002,swap,notBad
7985,15,225.60000000000002,15,225.60000000000002,swap,notBad
7986,15,225.60000000000002,15,225.60000000000002,swap,notBad
7987,15,225.60000000000002,15,225.60000000000002,2opt,notBad
7988,15,225.60000000000002,15,225.60000000000002,swap,notBad
7989,15,225.60000000000002,15,225.60000000000002,move,improve
7990,15,225.60000000000002,15,225.60000000000002,swap,notBad
7991,15,225.60000000000002,15,225.60000000000002,2opt,improve
7992,15,225.60000000000002,15,225.60000000000002,move,improve
7993,15,225.60000000000002,15,225.60000000000002,2opt,notBad
7994,15,225.60000000000002,15,225.60000000000002,move,improve
7995,15,225.60000000000002,15,225.60000000000002,2opt,improve
7996,15,225.60000000000002,15,225.60000000000002,swap,notBad
7997,15,225.60000000000002,15,225.60000000000002,move,improve
7998,15,225.60000000000002,15,225.60000000000002,2opt,notBad
7999,15,225.60000000000002,15,225.60000000000002,swap,notBad
8000,15,225.60000000000002,15,225.60000000000002,2opt,notBad
8001,15,225.60000000000002,15,225.60000000000002,swap,notBad
8002,15,225.60000000000002,15,225.60000000000002,move,improve
8003,15,225.60000000000002,15,225.60000000000002,swap,notBad
8004,15,225.60000000000002,15,225.60000000000002,2opt,notBad
8005,15,225.60000000000002,15,225.60000000000002,2opt,notBad
8006,15,225.60000000000002,15,225.60000000000002,2opt,notBad
8007,15,225.60000000000002,15,225.60000000000002,move,improve
8008,15,225.60000000000002,15,225.60000000000002,move,improve
8009,15,225.60000000000002,15,225.60000000000002,move,improve
8010,15,225.60000000000002,15,225.60000000000002,move,improve
8011,15,225.60000000000002,15,225.60000000000002,move,improve
8012,15,225.60000000000002,15,225.60000000000002,move,improve
8013,15,225.60000000000002,15,225.60000000000002,move,improve
8014,15,225.60000000000002,15,225.60000000000002,2opt,improve
8015,15,225.60000000000002,15,225.60000000000002,2opt,notBad
8016,15,225.60000000000002,15,225.60000000000002,move,improve
8017,15,225.60000000000002,15,225.60000000000002,2opt,notBad
8018,15,225.60000000000002,15,225.60000000000002,swap,notBad
8019,15,225.60000000000002,15,225.60000000000002,2opt,notBad
8020,15,225.60000000000002,15,225.60000000000002,2opt,improve
8021,15,225.60000000000002,15,225.60000000000002,swap,notBad
8022,15,225.60000000000002,15,225.60000000000002,swap,notBad
8023,15,225.60000000000002,15,225.60000000000002,2opt,notBad
8024,15,225.60000000000002,15,225.60000000000002,move,improve
8025,15,225.60000000000002,15,225.60000000000002,move,improve
8026,15,225.60000000000002,15,225.60000000000002,swap,notBad
8027,15,225.60000000000002,15,225.60000000000002,move,improve
8028,15,225.60000000000002,15,225.60000000000002,swap,notBad
8029,15,225.60000000000002,15,225.60000000000002,swap,notBad
8030,15,225.60000000000002,15,225.60000000000002,2opt,notBad
8031,15,225.60000000000002,15,225.60000000000002,move,improve
8032,15,225.60000000000002,15,225.60000000000002,swap,notBad
8033,15,225.60000000000002,15,225.60000000000002,2opt,notBad
8034,15,225.60000000000002,15,225.60000000000002,move,improve
8035,15,225.60000000000002,15,225.60000000000002,2opt,improve
8036,15,225.60000000000002,15,225.60000000000002,move,improve
8037,15,225.60000000000002,15,225.60000000000002,2opt,notBad
8038,15,225.60000000000002,15,225.60000000000002,move,improve
8039,15,225.60000000000002,15,225.60000000000002,2opt,notBad
8040,15,225.60000000000002,15,225.60000000000002,2opt,notBad
8041,15,225.60000000000002,15,225.60000000000002,2opt,notBad
8042,15,225.60000000000002,15,225.60000000000002,move,improve
8043,15,225.60000000000002,15,225.60000000000002,2opt,notBad
8044,15,225.60000000000002,15,225.60000000000002,2opt,improve
8045,15,225.60000000000002,15,225.60000000000002,2opt,notBad
8046,15,225.60000000000002,15,225.60000000000002,swap,notBad
8047,15,225.60000000000002,15,225.60000000000002,2opt,notBad
8048,15,227.40000000000026,15,225.60000000000002,2opt,acceptBad
8049,15,227.40000000000026,15,225.60000000000002,move,improve
8050,15,227.40000000000026,15,225.60000000000002,swap,notBad
8051,15,227.40000000000026,15,225.60000000000002,2opt,improve
8052,15,227.40000000000026,15,225.60000000000002,swap,notBad
8053,15,227.40000000000026,15,225.60000000000002,2opt,notBad
8054,15,227.40000000000026,15,225.60000000000002,move,improve
8055,15,227.40000000000026,15,225.60000000000002,swap,notBad
8056,15,227.40000000000026,15,225.60000000000002,swap,notBad
8057,15,227.40000000000026,15,225.60000000000002,2opt,notBad
8058,15,227.40000000000026,15,225.60000000000002,move,improve
8059,15,227.40000000000026,15,225.60000000000002,move,improve
8060,15,227.40000000000026,15,225.60000000000002,move,improve
8061,15,227.40000000000026,15,225.60000000000002,swap,notBad
8062,15,227.40000000000026,15,225.60000000000002,2opt,notBad
8063,15,227.40000000000026,15,225.60000000000002,move,improve
8064,15,227.40000000000026,15,225.60000000000002,2opt,notBad
8065,15,227.40000000000026,15,225.60000000000002,2opt,improve
8066,15,227.40000000000026,15,225.60000000000002,swap,notBad
8067,15,227.40000000000026,15,225.60000000000002,2opt,notBad
8068,15,227.40000000000026,15,225.60000000000002,swap,notBad
8069,15,227.40000000000026,15,225.60000000000002,move,improve
8070,15,227.40000000000026,15,225.60000000000002,move,improve
8071,15,227.40000000000026,15,225.60000000000002,swap,notBad
8072,15,227.40000000000026,15,225.60000000000002,move,improve
8073,15,227.40000000000026,15,225.60000000000002,swap,notBad
8074,15,227.40000000000026,15,225.60000000000002,swap,notBad
8075,15,227.40000000000026,15,225.60000000000002,swap,notBad
8076,15,227.40000000000026,15,225.60000000000002,move,improve
8077,15,227.40000000000026,15,225.60000000000002,swap,notBad
8078,15,227.40000000000026,15,225.60000000000002,move,notBad
8079,15,227.40000000000026,15,225.60000000000002,2opt,notBad
8080,15,227.40000000000026,15,225.60000000000002,2opt,notBad
8081,15,227.40000000000026,15,225.60000000000002,swap,notBad
8082,15,227.40000000000026,15,225.60000000000002,2opt,notBad
8083,15,227.40000000000026,15,225.60000000000002,swap,notBad
8084,15,227.40000000000026,15,225.60000000000002,2opt,notBad
8085,15,227.40000000000026,15,225.60000000000002,2opt,notBad
8086,15,227.40000000000026,15,225.60000000000002,2opt,notBad
8087,15,227.40000000000026,15,225.60000000000002,move,improve
8088,15,227.40000000000026,15,225.60000000000002,2opt,notBad
8089,15,227.40000000000026,15,225.60000000000002,swap,notBad
8090,15,227.40000000000026,15,225.60000000000002,swap,notBad
8091,15,227.40000000000026,15,225.60000000000002,2opt,notBad
8092,15,227.40000000000026,15,225.60000000000002,swap,notBad
8093,15,227.40000000000026,15,225.60000000000002,swap,notBad
8094,15,227.40000000000026,15,225.60000000000002,2opt,notBad
8095,15,227.40000000000026,15,225.60000000000002,move,improve
8096,15,227.40000000000026,15,225.60000000000002,swap,notBad
8097,15,227.40000000000026,15,225.60000000000002,move,improve
8098,15,227.40000000000026,15,225.60000000000002,move,improve
8099,15,227.40000000000026,15,225.60000000000002,swap,notBad
8100,15,227.40000000000026,15,225.60000000000002,swap,notBad
8101,15,227.40000000000026,15,225.60000000000002,swap,notBad
8102,15,227.40000000000026,15,225.60000000000002,swap,notBad
8103,15,227.40000000000026,15,225.60000000000002,2opt,notBad
8104,15,227.40000000000026,15,225.60000000000002,swap,notBad
8105,15,227.40000000000026,15,225.60000000000002,move,improve
8106,15,227.40000000000026,15,225.60000000000002,swap,notBad
8107,15,227.40000000000026,15,225.60000000000002,swap,notBad
8108,15,227.40000000000026,15,225.60000000000002,2opt,notBad
8109,15,227.40000000000026,15,225.60000000000002,move,improve
8110,15,227.40000000000026,15,225.60000000000002,2opt,notBad
8111,15,227.40000000000026,15,225.60000000000002,2opt,notBad
8112,15,227.40000000000026,15,225.60000000000002,2opt,improve
8113,15,227.40000000000026,15,225.60000000000002,2opt,notBad
8114,15,227.40000000000026,15,225.60000000000002,swap,notBad
8115,15,251.60000000000042,15,225.60000000000002,move,acceptBad
8116,15,251.60000000000042,15,225.60000000000002,2opt,notBad
8117,15,251.60000000000042,15,225.60000000000002,swap,notBad
8118,15,251.60000000000042,15,225.60000000000002,swap,notBad
8119,15,251.60000000000042,15,225.60000000000002,swap,notBad
8120,15,251.60000000000042,15,225.60000000000002,2opt,notBad
8121,15,251.60000000000042,15,225.60000000000002,2opt,notBad
8122,15,251.60000000000042,15,225.60000000000002,move,improve
8123,15,251.60000000000042,15,225.60000000000002,2opt,notBad
8124,15,251.60000000000042,15,225.60000000000002,2opt,notBad
8125,15,251.60000000000042,15,225.60000000000002,move,improve
8126,15,251.60000000000042,15,225.60000000000002,move,improve
8127,15,251.60000000000042,15,225.60000000000002,2opt,improve
8128,15,251.60000000000042,15,225.60000000000002,swap,notBad
8129,15,251.60000000000042,15,225.60000000000002,swap,notBad
8130,15,244.60000000000065,15,225.60000000000002,swap,improve
8131,15,244.60000000000065,15,225.60000000000002,2opt,notBad
8132,15,244.60000000000065,15,225.60000000000002,move,improve
8133,15,244.60000000000065,15,225.60000000000002,swap,notBad
8134,15,244.60000000000065,15,225.60000000000002,2opt,notBad
8135,15,244.60000000000065,15,225.60000000000002,2opt,improve
8136,15,244.60000000000065,15,225.60000000000002,swap,notBad
8137,15,244.60000000000065,15,225.60000000000002,2opt,notBad
8138,15,244.60000000000065,15,225.60000000000002,2opt,notBad
8139,15,244.60000000000065,15,225.60000000000002,move,improve
8140,15,244.60000000000065,15,225.60000000000002,move,improve
8141,15,244.60000000000065,15,225.60000000000002,2opt,notBad
8142,15,244.60000000000065,15,225.60000000000002,2opt,notBad
8143,15,244.60000000000065,15,225.60000000000002,2opt,notBad
8144,15,254.20000000000073,15,225.60000000000002,swap,acceptBad
8145,15,254.20000000000073,15,225.60000000000002,2opt,notBad
8146,15,254.20000000000073,15,225.60000000000002,2opt,notBad
8147,15,254.20000000000073,15,225.60000000000002,move,improve
8148,15,254.20000000000073,15,225.60000000000002,move,improve
8149,15,254.20000000000073,15,225.60000000000002,move,improve
8150,15,254.20000000000073,15,225.60000000000002,2opt,notBad
8151,15,254.20000000000073,15,225.60000000000002,2opt,improve
8152,15,254.20000000000073,15,225.60000000000002,move,improve
8153,15,254.20000000000073,15,225.60000000000002,swap,notBad
8154,15,254.20000000000073,15,225.60000000000002,swap,notBad
8155,15,254.20000000000073,15,225.60000000000002,move,improve
8156,15,254.20000000000073,15,225.60000000000002,move,improve
8157,15,254.20000000000073,15,225.60000000000002,2opt,notBad
8158,15,254.20000000000073,15,225.60000000000002,swap,notBad
8159,15,254.20000000000073,15,225.60000000000002,move,improve
8160,15,254.20000000000073,15,225.60000000000002,2opt,notBad
8161,15,254.20000000000073,15,225.60000000000002,move,improve
8162,15,254.20000000000073,15,225.60000000000002,move,improve
8163,15,254.20000000000073,15,225.60000000000002,2opt,notBad
8164,15,259.2000000000006,15,225.60000000000002,2opt,acceptBad
8165,15,259.2000000000006,15,225.60000000000002,2opt,notBad
8166,15,259.2000000000006,15,225.60000000000002,move,improve
8167,15,259.2000000000006,15,225.60000000000002,swap,notBad
8168,15,259.2000000000006,15,225.60000000000002,2opt,notBad
8169,15,259.2000000000006,15,225.60000000000002,2opt,improve
8170,15,259.2000000000006,15,225.60000000000002,move,improve
8171,15,259.2000000000006,15,225.60000000000002,swap,notBad
8172,15,245.60000000000053,15,225.60000000000002,move,improve
8173,15,245.60000000000053,15,225.60000000000002,2opt,improve
8174,15,245.60000000000053,15,225.60000000000002,move,improve
8175,15,245.60000000000053,15,225.60000000000002,2opt,notBad
8176,15,245.60000000000053,15,225.60000000000002,move,improve
8177,15,245.60000000000053,15,225.60000000000002,2opt,notBad
8178,15,245.60000000000053,15,225.60000000000002,2opt,notBad
8179,15,245.60000000000053,15,225.60000000000002,swap,notBad
8180,15,245.60000000000053,15,225.60000000000002,move,improve
8181,15,245.60000000000053,15,225.60000000000002,move,improve
8182,15,245.60000000000053,15,225.60000000000002,move,improve
8183,15,245.60000000000053,15,225.60000000000002,2opt,notBad
8184,15,245.60000000000053,15,225.60000000000002,swap,notBad
8185,15,245.60000000000053,15,225.60000000000002,swap,notBad
8186,15,245.60000000000053,15,225.60000000000002,swap,notBad
8187,15,245.60000000000053,15,225.60000000000002,swap,notBad
8188,15,245.60000000000053,15,225.60000000000002,2opt,notBad
8189,15,245.60000000000053,15,225.60000000000002,move,improve
8190,15,245.60000000000053,15,225.60000000000002,swap,notBad
8191,15,251.4000000000005,15,225.60000000000002,swap,acceptBad
8192,15,251.4000000000005,15,225.60000000000002,move,improve
8193,15,251.4000000000005,15,225.60000000000002,swap,notBad
8194,15,251.4000000000005,15,225.60000000000002,2opt,notBad
8195,15,230.2000000000004,15,225.60000000000002,move,improve
8196,15,230.2000000000004,15,225.60000000000002,swap,notBad
8197,15,230.2000000000004,15,225.60000000000002,swap,notBad
8198,15,230.2000000000004,15,225.60000000000002,2opt,improve
8199,15,230.2000000000004,15,225.60000000000002,swap,notBad
8200,15,230.2000000000004,15,225.60000000000002,swap,notBad
8201,15,230.2000000000004,15,225.60000000000002,swap,notBad
8202,15,230.2000000000004,15,225.60000000000002,swap,notBad
8203,15,230.2000000000004,15,225.60000000000002,2opt,notBad
8204,15,230.2000000000004,15,225.60000000000002,move,improve
8205,15,230.2000000000004,15,225.60000000000002,swap,notBad
8206,15,230.2000000000004,15,225.60000000000002,move,improve
8207,15,230.2000000000004,15,225.60000000000002,move,improve
8208,15,230.2000000000004,15,225.60000000000002,move,improve
8209,15,230.2000000000004,15,225.60000000000002,2opt,notBad
8210,15,230.2000000000004,15,225.60000000000002,2opt,notBad
8211,15,230.2000000000004,15,225.60000000000002,2opt,notBad
8212,15,230.2000000000004,15,225.60000000000002,2opt,notBad
8213,15,230.2000000000004,15,225.60000000000002,2opt,notBad
8214,15,230.2000000000004,15,225.60000000000002,swap,notBad
8215,15,230.2000000000004,15,225.60000000000002,swap,notBad
8216,15,230.2000000000004,15,225.60000000000002,2opt,notBad
8217,15,230.2000000000004,15,225.60000000000002,swap,notBad
8218,15,230.2000000000004,15,225.60000000000002,swap,notBad
8219,15,230.2000000000004,15,225.60000000000002,2opt,improve
8220,15,230.2000000000004,15,225.60000000000002,2opt,notBad
8221,15,230.2000000000004,15,225.60000000000002,2opt,notBad
8222,15,230.2000000000004,15,225.60000000000002,2opt,notBad
8223,15,230.2000000000004,15,225.60000000000002,2opt,notBad
8224,15,230.2000000000004,15,225.60000000000002,move,improve
8225,15,230.2000000000004,15,225.60000000000002,2opt,improve
8226,15,230.2000000000004,15,225.60000000000002,move,improve
8227,15,230.2000000000004,15,225.60000000000002,move,improve
8228,15,230.2000000000004,15,225.60000000000002,move,improve
8229,15,230.2000000000004,15,225.60000000000002,move,improve
8230,15,230.2000000000004,15,225.60000000000002,move,improve
8231,15,230.2000000000004,15,225.60000000000002,swap,notBad
8232,15,251.4000000000005,15,225.60000000000002,move,acceptBad
8233,15,251.4000000000005,15,225.60000000000002,move,improve
8234,15,251.4000000000005,15,225.60000000000002,swap,notBad
8235,15,251.4000000000005,15,225.60000000000002,swap,notBad
8236,15,251.4000000000005,15,225.60000000000002,2opt,notBad
8237,15,251.4000000000005,15,225.60000000000002,2opt,notBad
8238,15,251.4000000000005,15,225.60000000000002,move,improve
8239,15,251.4000000000005,15,225.60000000000002,2opt,improve
8240,15,251.4000000000005,15,225.60000000000002,2opt,notBad
8241,15,251.4000000000005,15,225.60000000000002,swap,notBad
8242,15,251.4000000000005,15,225.60000000000002,2opt,notBad
8243,15,251.4000000000005,15,225.60000000000002,move,improve
8244,15,251.4000000000005,15,225.60000000000002,2opt,notBad
8245,15,251.4000000000005,15,225.60000000000002,swap,notBad
8246,15,251.4000000000005,15,225.60000000000002,swap,notBad
8247,15,251.4000000000005,15,225.60000000000002,move,improve
8248,15,251.4000000000005,15,225.60000000000002,swap,notBad
8249,15,251.4000000000005,15,225.60000000000002,2opt,notBad
8250,15,251.4000000000005,15,225.60000000000002,move,improve
8251,15,251.4000000000005,15,225.60000000000002,2opt,notBad
8252,15,251.4000000000005,15,225.60000000000002,move,improve
8253,15,251.4000000000005,15,225.60000000000002,move,improve
8254,15,251.4000000000005,15,225.60000000000002,2opt,improve
8255,15,251.4000000000005,15,225.60000000000002,2opt,notBad
8256,15,251.4000000000005,15,225.60000000000002,swap,notBad
8257,15,251.4000000000005,15,225.60000000000002,move,improve
8258,15,251.4000000000005,15,225.60000000000002,move,improve
8259,15,251.4000000000005,15,225.60000000000002,swap,notBad
8260,15,251.4000000000005,15,225.60000000000002,swap,notBad
8261,15,251.4000000000005,15,225.60000000000002,2opt,notBad
8262,15,251.4000000000005,15,225.60000000000002,2opt,notBad
8263,15,230.2000000000004,15,225.60000000000002,move,improve
8264,15,230.2000000000004,15,225.60000000000002,move,improve
8265,15,230.2000000000004,15,225.60000000000002,2opt,notBad
8266,15,230.2000000000004,15,225.60000000000002,swap,notBad
8267,15,230.2000000000004,15,225.60000000000002,move,improve
8268,15,230.2000000000004,15,225.60000000000002,move,improve
8269,15,230.2000000000004,15,225.60000000000002,move,improve
8270,15,230.2000000000004,15,225.60000000000002,2opt,notBad
8271,15,230.2000000000004,15,225.60000000000002,2opt,notBad
8272,15,230.2000000000004,15,225.60000000000002,swap,notBad
8273,15,230.2000000000004,15,225.60000000000002,swap,notBad
8274,15,230.2000000000004,15,225.60000000000002,swap,notBad
8275,15,230.2000000000004,15,225.60000000000002,move,improve
8276,15,230.2000000000004,15,225.60000000000002,move,improve
8277,15,230.2000000000004,15,225.60000000000002,move,improve
8278,15,230.2000000000004,15,225.60000000000002,move,improve
8279,15,230.2000000000004,15,225.60000000000002,move,improve
8280,15,230.2000000000004,15,225.60000000000002,2opt,improve
8281,15,230.2000000000004,15,225.60000000000002,swap,notBad
8282,15,230.2000000000004,15,225.60000000000002,2opt,notBad
8283,15,230.2000000000004,15,225.60000000000002,2opt,notBad
8284,15,230.2000000000004,15,225.60000000000002,move,improve
8285,15,230.2000000000004,15,225.60000000000002,move,improve
8286,15,230.2000000000004,15,225.60000000000002,move,improve
8287,15,230.2000000000004,15,225.60000000000002,2opt,notBad
8288,15,230.2000000000004,15,225.60000000000002,2opt,notBad
8289,15,230.2000000000004,15,225.60000000000002,swap,notBad
8290,15,230.2000000000004,15,225.60000000000002,swap,notBad
8291,15,230.2000000000004,15,225.60000000000002,move,improve
8292,15,230.2000000000004,15,225.60000000000002,swap,notBad
8293,15,230.2000000000004,15,225.60000000000002,swap,notBad
8294,15,230.2000000000004,15,225.60000000000002,swap,notBad
8295,15,230.2000000000004,15,225.60000000000002,move,improve
8296,15,230.2000000000004,15,225.60000000000002,2opt,notBad
8297,15,227.4000000000002,15,225.60000000000002,swap,improve
8298,15,227.4000000000002,15,225.60000000000002,2opt,notBad
8299,15,227.4000000000002,15,225.60000000000002,2opt,notBad
8300,15,227.4000000000002,15,225.60000000000002,swap,notBad
8301,15,230.40000000000026,15,225.60000000000002,swap,acceptBad
8302,15,230.40000000000026,15,225.60000000000002,move,improve
8303,15,230.40000000000026,15,225.60000000000002,2opt,notBad
8304,15,230.40000000000026,15,225.60000000000002,swap,notBad
8305,15,230.40000000000026,15,225.60000000000002,swap,notBad
8306,15,230.40000000000026,15,225.60000000000002,swap,notBad
8307,15,230.40000000000026,15,225.60000000000002,swap,notBad
8308,15,230.40000000000026,15,225.60000000000002,move,improve
8309,15,230.40000000000026,15,225.60000000000002,swap,notBad
8310,15,230.40000000000026,15,225.60000000000002,swap,notBad
8311,15,230.40000000000026,15,225.60000000000002,2opt,improve
8312,15,230.40000000000026,15,225.60000000000002,move,improve
8313,15,230.40000000000026,15,225.60000000000002,move,improve
8314,15,230.40000000000026,15,225.60000000000002,swap,notBad
8315,15,230.40000000000026,15,225.60000000000002,2opt,notBad
8316,15,230.40000000000026,15,225.60000000000002,swap,improve
8317,15,230.40000000000026,15,225.60000000000002,2opt,notBad
8318,15,230.40000000000026,15,225.60000000000002,2opt,notBad
8319,15,230.40000000000026,15,225.60000000000002,move,improve
8320,15,230.40000000000026,15,225.60000000000002,move,improve
8321,15,230.40000000000026,15,225.60000000000002,swap,notBad
8322,15,230.40000000000026,15,225.60000000000002,move,improve
8323,15,230.40000000000026,15,225.60000000000002,swap,notBad
8324,15,230.40000000000026,15,225.60000000000002,swap,notBad
8325,15,230.40000000000026,15,225.60000000000002,2opt,improve
8326,15,230.40000000000026,15,225.60000000000002,2opt,notBad
8327,15,230.40000000000026,15,225.60000000000002,swap,notBad
8328,15,230.40000000000026,15,225.60000000000002,2opt,notBad
8329,15,230.40000000000026,15,225.60000000000002,2opt,notBad
8330,15,230.40000000000026,15,225.60000000000002,2opt,notBad
8331,15,230.40000000000026,15,225.60000000000002,move,improve
8332,15,230.40000000000026,15,225.60000000000002,2opt,notBad
8333,15,230.40000000000026,15,225.60000000000002,swap,notBad
8334,15,230.40000000000026,15,225.60000000000002,swap,notBad
8335,15,230.40000000000026,15,225.60000000000002,move,improve
8336,15,230.40000000000026,15,225.60000000000002,2opt,notBad
8337,15,230.40000000000026,15,225.60000000000002,swap,notBad
8338,15,230.40000000000026,15,225.60000000000002,2opt,notBad
8339,15,230.40000000000026,15,225.60000000000002,move,improve
8340,15,230.40000000000026,15,225.60000000000002,2opt,improve
8341,15,230.40000000000026,15,225.60000000000002,move,improve
8342,15,230.40000000000026,15,225.60000000000002,move,improve
8343,15,230.40000000000026,15,225.60000000000002,swap,notBad
8344,15,230.40000000000026,15,225.60000000000002,swap,notBad
8345,15,230.40000000000026,15,225.60000000000002,move,improve
8346,15,230.40000000000026,15,225.60000000000002,2opt,notBad
8347,15,230.40000000000026,15,225.60000000000002,move,improve
8348,15,230.40000000000026,15,225.60000000000002,swap,notBad
8349,15,230.40000000000026,15,225.60000000000002,move,improve
8350,15,230.40000000000026,15,225.60000000000002,move,improve
8351,15,230.40000000000026,15,225.60000000000002,2opt,improve
8352,15,230.40000000000026,15,225.60000000000002,swap,notBad
8353,15,230.40000000000026,15,225.60000000000002,swap,notBad
8354,15,230.40000000000026,15,225.60000000000002,2opt,improve
8355,15,230.40000000000026,15,225.60000000000002,swap,notBad
8356,15,230.40000000000026,15,225.60000000000002,move,improve
8357,15,230.40000000000026,15,225.60000000000002,move,improve
8358,15,230.40000000000026,15,225.60000000000002,move,improve
8359,15,230.40000000000026,15,225.60000000000002,2opt,notBad
8360,15,230.40000000000026,15,225.60000000000002,move,improve
8361,15,230.40000000000026,15,225.60000000000002,move,improve
8362,15,230.40000000000026,15,225.60000000000002,2opt,notBad
8363,15,230.40000000000026,15,225.60000000000002,move,improve
8364,15,230.40000000000026,15,225.60000000000002,move,improve
8365,15,230.40000000000026,15,225.60000000000002,swap,notBad
8366,15,230.40000000000026,15,225.60000000000002,2opt,notBad
8367,15,230.40000000000026,15,225.60000000000002,swap,notBad
8368,15,230.40000000000026,15,225.60000000000002,2opt,notBad
8369,15,230.40000000000026,15,225.60000000000002,swap,notBad
8370,15,230.40000000000026,15,225.60000000000002,swap,notBad
8371,15,230.40000000000026,15,225.60000000000002,2opt,notBad
8372,15,230.40000000000026,15,225.60000000000002,2opt,improve
8373,15,230.40000000000026,15,225.60000000000002,move,improve
8374,15,230.40000000000026,15,225.60000000000002,2opt,notBad
8375,15,230.40000000000026,15,225.60000000000002,2opt,improve
8376,15,230.40000000000026,15,225.60000000000002,2opt,notBad
8377,15,230.40000000000026,15,225.60000000000002,swap,notBad
8378,15,230.40000000000026,15,225.60000000000002,2opt,improve
8379,15,230.40000000000026,15,225.60000000000002,swap,notBad
8380,15,230.40000000000026,15,225.60000000000002,swap,notBad
8381,15,230.40000000000026,15,225.60000000000002,swap,notBad
8382,15,230.40000000000026,15,225.60000000000002,move,improve
8383,15,230.40000000000026,15,225.60000000000002,swap,notBad
8384,15,230.40000000000026,15,225.60000000000002,move,improve
8385,15,230.40000000000026,15,225.60000000000002,move,improve
8386,15,230.40000000000026,15,225.60000000000002,2opt,notBad
8387,15,230.40000000000026,15,225.60000000000002,swap,notBad
8388,15,230.40000000000026,15,225.60000000000002,swap,notBad
8389,15,227.00000000000028,15,225.60000000000002,move,improve
8390,15,227.00000000000028,15,225.60000000000002,move,improve
8391,15,227.00000000000028,15,225.60000000000002,move,improve
8392,15,227.00000000000028,15,225.60000000000002,move,improve
8393,15,227.00000000000028,15,225.60000000000002,swap,notBad
8394,15,227.00000000000028,15,225.60000000000002,2opt,improve
8395,15,227.00000000000028,15,225.60000000000002,2opt,notBad
8396,15,227.00000000000028,15,225.60000000000002,2opt,notBad
8397,15,227.00000000000028,15,225.60000000000002,move,improve
8398,15,227.00000000000028,15,225.60000000000002,2opt,notBad
8399,15,227.00000000000028,15,225.60000000000002,move,improve
8400,15,227.00000000000028,15,225.60000000000002,swap,notBad
8401,15,227.00000000000028,15,225.60000000000002,2opt,notBad
8402,15,227.00000000000028,15,225.60000000000002,2opt,improve
8403,15,227.00000000000028,15,225.60000000000002,2opt,improve
8404,15,227.00000000000028,15,225.60000000000002,2opt,notBad
8405,15,227.00000000000028,15,225.60000000000002,move,improve
8406,15,227.00000000000028,15,225.60000000000002,swap,notBad
8407,15,227.00000000000028,15,225.60000000000002,2opt,notBad
8408,15,227.00000000000028,15,225.60000000000002,2opt,notBad
8409,15,227.00000000000028,15,225.60000000000002,move,improve
8410,15,227.00000000000028,15,225.60000000000002,move,improve
8411,15,227.00000000000028,15,225.60000000000002,2opt,notBad
8412,15,227.00000000000028,15,225.60000000000002,move,improve
8413,15,227.00000000000028,15,225.60000000000002,move,improve
8414,15,227.00000000000028,15,225.60000000000002,swap,notBad
8415,15,227.00000000000028,15,225.60000000000002,swap,notBad
8416,15,227.00000000000028,15,225.60000000000002,swap,notBad
8417,15,227.00000000000028,15,225.60000000000002,move,improve
8418,15,227.00000000000028,15,225.60000000000002,move,improve
8419,15,227.00000000000028,15,225.60000000000002,swap,notBad
8420,15,227.00000000000028,15,225.60000000000002,swap,notBad
8421,15,227.00000000000028,15,225.60000000000002,move,improve
8422,15,227.00000000000028,15,225.60000000000002,move,improve
8423,15,227.00000000000028,15,225.60000000000002,move,improve
8424,15,227.00000000000028,15,225.60000000000002,2opt,improve
8425,15,234.80000000000007,15,225.60000000000002,swap,acceptBad
8426,15,234.80000000000007,15,225.60000000000002,2opt,notBad
8427,15,234.80000000000007,15,225.60000000000002,move,improve
8428,15,234.80000000000007,15,225.60000000000002,move,improve
8429,15,234.80000000000007,15,225.60000000000002,swap,notBad
8430,15,234.80000000000007,15,225.60000000000002,move,improve
8431,15,234.80000000000007,15,225.60000000000002,2opt,improve
8432,15,234.80000000000007,15,225.60000000000002,swap,notBad
8433,15,234.80000000000007,15,225.60000000000002,2opt,notBad
8434,15,234.80000000000007,15,225.60000000000002,2opt,improve
8435,15,234.80000000000007,15,225.60000000000002,2opt,notBad
8436,15,234.80000000000007,15,225.60000000000002,2opt,notBad
8437,15,234.80000000000007,15,225.60000000000002,2opt,notBad
8438,15,234.80000000000007,15,225.60000000000002,2opt,notBad
8439,15,234.80000000000007,15,225.60000000000002,move,improve
8440,15,234.80000000000007,15,225.60000000000002,2opt,notBad
8441,15,234.80000000000007,15,225.60000000000002,2opt,notBad
8442,15,234.80000000000007,15,225.60000000000002,move,improve
8443,15,234.80000000000007,15,225.60000000000002,2opt,notBad
8444,15,234.80000000000007,15,225.60000000000002,swap,notBad
8445,15,234.80000000000007,15,225.60000000000002,2opt,notBad
8446,15,234.80000000000007,15,225.60000000000002,swap,notBad
8447,15,234.80000000000007,15,225.60000000000002,2opt,notBad
8448,15,234.80000000000007,15,225.60000000000002,2opt,notBad
8449,15,234.80000000000007,15,225.60000000000002,swap,notBad
8450,15,234.80000000000007,15,225.60000000000002,2opt,improve
8451,15,234.80000000000007,15,225.60000000000002,2opt,notBad
8452,15,234.80000000000007,15,225.60000000000002,2opt,notBad
8453,15,234.80000000000007,15,225.60000000000002,swap,notBad
8454,15,234.80000000000007,15,225.60000000000002,swap,notBad
8455,15,234.80000000000007,15,225.60000000000002,2opt,notBad
8456,15,234.80000000000007,15,225.60000000000002,2opt,improve
8457,15,234.80000000000007,15,225.60000000000002,swap,notBad
8458,15,234.80000000000007,15,225.60000000000002,move,improve
8459,15,234.80000000000007,15,225.60000000000002,2opt,improve
8460,15,234.80000000000007,15,225.60000000000002,move,improve
8461,15,234.80000000000007,15,225.60000000000002,2opt,notBad
8462,15,234.80000000000007,15,225.60000000000002,swap,notBad
8463,15,234.80000000000007,15,225.60000000000002,swap,notBad
8464,15,234.80000000000007,15,225.60000000000002,move,improve
8465,15,234.80000000000007,15,225.60000000000002,2opt,notBad
8466,15,234.80000000000007,15,225.60000000000002,move,improve
8467,15,234.80000000000007,15,225.60000000000002,move,improve
8468,15,234.80000000000007,15,225.60000000000002,swap,notBad
8469,15,234.80000000000007,15,225.60000000000002,move,improve
8470,15,234.80000000000007,15,225.60000000000002,2opt,notBad
8471,15,234.80000000000007,15,225.60000000000002,swap,notBad
8472,15,234.80000000000007,15,225.60000000000002,swap,notBad
8473,15,234.80000000000007,15,225.60000000000002,2opt,improve
8474,15,234.80000000000007,15,225.60000000000002,move,improve
8475,15,234.80000000000007,15,225.60000000000002,move,improve
8476,15,234.80000000000007,15,225.60000000000002,move,improve
8477,15,234.80000000000007,15,225.60000000000002,2opt,improve
8478,15,234.80000000000007,15,225.60000000000002,move,improve
8479,15,234.80000000000007,15,225.60000000000002,swap,notBad
8480,15,234.80000000000007,15,225.60000000000002,2opt,notBad
8481,15,234.80000000000007,15,225.60000000000002,swap,notBad
8482,15,234.80000000000007,15,225.60000000000002,2opt,notBad
8483,15,234.80000000000007,15,225.60000000000002,move,improve
8484,15,234.80000000000007,15,225.60000000000002,move,improve
8485,15,234.80000000000007,15,225.60000000000002,swap,notBad
8486,15,234.80000000000007,15,225.60000000000002,2opt,notBad
8487,15,234.80000000000007,15,225.60000000000002,swap,notBad
8488,15,234.80000000000007,15,225.60000000000002,2opt,notBad
8489,15,234.80000000000007,15,225.60000000000002,move,improve
8490,15,234.80000000000007,15,225.60000000000002,move,improve
8491,15,234.80000000000007,15,225.60000000000002,move,improve
8492,15,234.80000000000007,15,225.60000000000002,swap,notBad
8493,15,234.80000000000007,15,225.60000000000002,2opt,notBad
8494,15,234.80000000000007,15,225.60000000000002,swap,notBad
8495,15,234.80000000000007,15,225.60000000000002,2opt,notBad
8496,15,234.80000000000007,15,225.60000000000002,2opt,notBad
8497,15,234.80000000000007,15,225.60000000000002,move,improve
8498,15,234.80000000000007,15,225.60000000000002,move,improve
8499,15,234.80000000000007,15,225.60000000000002,swap,notBad
8500,15,234.80000000000007,15,225.60000000000002,2opt,notBad
8501,15,234.80000000000007,15,225.60000000000002,swap,notBad
8502,15,234.80000000000007,15,225.60000000000002,swap,notBad
8503,15,227.00000000000028,15,225.60000000000002,swap,improve
8504,15,227.00000000000028,15,225.60000000000002,move,improve
8505,15,227.00000000000028,15,225.60000000000002,swap,notBad
8506,15,227.00000000000028,15,225.60000000000002,move,improve
8507,15,227.00000000000028,15,225.60000000000002,swap,notBad
8508,15,227.00000000000028,15,225.60000000000002,move,improve
8509,15,227.00000000000028,15,225.60000000000002,2opt,notBad
8510,15,227.00000000000028,15,225.60000000000002,move,improve
8511,15,227.00000000000028,15,225.60000000000002,swap,notBad
8512,15,227.00000000000028,15,225.60000000000002,2opt,improve
8513,15,227.00000000000028,15,225.60000000000002,2opt,notBad
8514,15,227.00000000000028,15,225.60000000000002,swap,notBad
8515,15,227.00000000000028,15,225.60000000000002,move,improve
8516,15,227.00000000000028,15,225.60000000000002,move,improve
8517,15,229.6000000000003,15,225.60000000000002,swap,acceptBad
8518,15,229.6000000000003,15,225.60000000000002,2opt,notBad
8519,15,229.6000000000003,15,225.60000000000002,swap,notBad
8520,15,229.6000000000003,15,225.60000000000002,2opt,notBad
8521,15,229.6000000000003,15,225.60000000000002,2opt,notBad
8522,15,229.6000000000003,15,225.60000000000002,swap,notBad
8523,15,229.6000000000003,15,225.60000000000002,swap,notBad
8524,15,229.6000000000003,15,225.60000000000002,move,improve
8525,15,229.6000000000003,15,225.60000000000002,2opt,notBad
8526,15,229.6000000000003,15,225.60000000000002,swap,notBad
8527,15,229.6000000000003,15,225.60000000000002,move,improve
8528,15,229.6000000000003,15,225.60000000000002,move,improve
8529,15,229.6000000000003,15,225.60000000000002,swap,notBad
8530,15,229.6000000000003,15,225.60000000000002,swap,notBad
8531,15,229.6000000000003,15,225.60000000000002,move,improve
8532,15,229.6000000000003,15,225.60000000000002,move,improve
8533,15,229.6000000000003,15,225.60000000000002,move,improve
8534,15,229.6000000000003,15,225.60000000000002,2opt,notBad
8535,15,229.6000000000003,15,225.60000000000002,move,improve
8536,15,229.6000000000003,15,225.60000000000002,2opt,notBad
8537,15,229.6000000000003,15,225.60000000000002,swap,notBad
8538,15,229.6000000000003,15,225.60000000000002,2opt,notBad
8539,15,229.6000000000003,15,225.60000000000002,2opt,notBad
8540,15,229.6000000000003,15,225.60000000000002,2opt,notBad
8541,15,229.6000000000003,15,225.60000000000002,move,improve
8542,15,229.6000000000003,15,225.60000000000002,swap,notBad
8543,15,229.6000000000003,15,225.60000000000002,move,improve
8544,15,229.6000000000003,15,225.60000000000002,move,improve
8545,15,229.6000000000003,15,225.60000000000002,2opt,improve
8546,15,229.6000000000003,15,225.60000000000002,swap,notBad
8547,15,229.6000000000003,15,225.60000000000002,2opt,notBad
8548,15,229.6000000000003,15,225.60000000000002,move,improve
8549,15,229.6000000000003,15,225.60000000000002,move,improve
8550,15,229.6000000000003,15,225.60000000000002,move,improve
8551,15,229.6000000000003,15,225.60000000000002,swap,notBad
8552,15,229.6000000000003,15,225.60000000000002,move,improve
8553,15,229.6000000000003,15,225.60000000000002,swap,notBad
8554,15,229.6000000000003,15,225.60000000000002,move,improve
8555,15,229.6000000000003,15,225.60000000000002,move,improve
8556,15,229.6000000000003,15,225.60000000000002,swap,notBad
8557,15,229.6000000000003,15,225.60000000000002,2opt,notBad
8558,15,229.6000000000003,15,225.60000000000002,swap,notBad
8559,15,227.00000000000028,15,225.60000000000002,swap,improve
8560,15,227.00000000000028,15,225.60000000000002,swap,notBad
8561,15,227.00000000000028,15,225.60000000000002,swap,notBad
8562,15,227.00000000000028,15,225.60000000000002,move,improve
8563,15,227.00000000000028,15,225.60000000000002,2opt,notBad
8564,15,227.00000000000028,15,225.60000000000002,2opt,notBad
8565,15,227.00000000000028,15,225.60000000000002,2opt,improve
8566,15,227.00000000000028,15,225.60000000000002,2opt,notBad
8567,15,227.00000000000028,15,225.60000000000002,swap,notBad
8568,15,227.00000000000028,15,225.60000000000002,2opt,notBad
8569,15,227.00000000000028,15,225.60000000000002,move,improve
8570,15,227.00000000000028,15,225.60000000000002,swap,notBad
8571,15,227.00000000000028,15,225.60000000000002,2opt,notBad
8572,15,227.00000000000028,15,225.60000000000002,move,improve
8573,15,227.00000000000028,15,225.60000000000002,swap,notBad
8574,15,227.00000000000028,15,225.60000000000002,2opt,improve
8575,15,227.00000000000028,15,225.60000000000002,move,improve
8576,15,227.00000000000028,15,225.60000000000002,move,improve
8577,15,227.00000000000028,15,225.60000000000002,swap,notBad
8578,15,227.00000000000028,15,225.60000000000002,swap,notBad
8579,15,227.00000000000028,15,225.60000000000002,swap,notBad
8580,15,227.00000000000028,15,225.60000000000002,2opt,notBad
8581,15,227.00000000000028,15,225.60000000000002,swap,notBad
8582,15,227.00000000000028,15,225.60000000000002,2opt,notBad
8583,15,229.6000000000003,15,225.60000000000002,swap,acceptBad
8584,15,229.6000000000003,15,225.60000000000002,2opt,notBad
8585,15,229.6000000000003,15,225.60000000000002,2opt,notBad
8586,15,229.6000000000003,15,225.60000000000002,2opt,notBad
8587,15,229.6000000000003,15,225.60000000000002,swap,notBad
8588,15,229.6000000000003,15,225.60000000000002,move,improve
8589,15,229.6000000000003,15,225.60000000000002,move,improve
8590,15,229.6000000000003,15,225.60000000000002,swap,notBad
8591,15,229.6000000000003,15,225.60000000000002,swap,notBad
8592,15,229.6000000000003,15,225.60000000000002,move,improve
8593,15,229.6000000000003,15,225.60000000000002,swap,notBad
8594,15,229.6000000000003,15,225.60000000000002,swap,notBad
8595,15,229.6000000000003,15,225.60000000000002,2opt,notBad
8596,15,229.6000000000003,15,225.60000000000002,2opt,notBad
8597,15,229.6000000000003,15,225.60000000000002,move,improve
8598,15,229.6000000000003,15,225.60000000000002,2opt,improve
8599,15,229.6000000000003,15,225.60000000000002,swap,notBad
8600,15,229.6000000000003,15,225.60000000000002,2opt,notBad
8601,15,229.6000000000003,15,225.60000000000002,2opt,improve
8602,15,229.6000000000003,15,225.60000000000002,swap,notBad
8603,15,229.6000000000003,15,225.60000000000002,move,improve
8604,15,229.6000000000003,15,225.60000000000002,move,improve
8605,15,229.6000000000003,15,225.60000000000002,2opt,notBad
8606,15,229.6000000000003,15,225.60000000000002,2opt,notBad
8607,15,229.6000000000003,15,225.60000000000002,2opt,improve
8608,15,229.6000000000003,15,225.60000000000002,2opt,notBad
8609,15,229.6000000000003,15,225.60000000000002,move,improve
8610,15,229.6000000000003,15,225.60000000000002,swap,notBad
8611,15,229.6000000000003,15,225.60000000000002,2opt,notBad
8612,15,229.6000000000003,15,225.60000000000002,2opt,notBad
8613,15,229.6000000000003,15,225.60000000000002,2opt,notBad
8614,15,229.6000000000003,15,225.60000000000002,2opt,notBad
8615,15,229.6000000000003,15,225.60000000000002,swap,notBad
8616,15,229.6000000000003,15,225.60000000000002,2opt,improve
8617,15,229.6000000000003,15,225.60000000000002,move,improve
8618,15,229.6000000000003,15,225.60000000000002,2opt,notBad
8619,15,229.6000000000003,15,225.60000000000002,swap,notBad
8620,15,229.6000000000003,15,225.60000000000002,2opt,notBad
8621,15,229.6000000000003,15,225.60000000000002,2opt,notBad
8622,15,229.6000000000003,15,225.60000000000002,swap,notBad
8623,15,229.6000000000003,15,225.60000000000002,swap,notBad
8624,15,229.6000000000003,15,225.60000000000002,move,improve
8625,15,229.6000000000003,15,225.60000000000002,2opt,notBad
8626,15,229.6000000000003,15,225.60000000000002,2opt,notBad
8627,15,229.6000000000003,15,225.60000000000002,swap,notBad
8628,15,229.6000000000003,15,225.60000000000002,2opt,notBad
8629,15,229.6000000000003,15,225.60000000000002,2opt,notBad
8630,15,229.6000000000003,15,225.60000000000002,swap,notBad
8631,15,229.6000000000003,15,225.60000000000002,swap,notBad
8632,15,229.6000000000003,15,225.60000000000002,2opt,notBad
8633,15,229.6000000000003,15,225.60000000000002,swap,notBad
8634,15,229.6000000000003,15,225.60000000000002,2opt,improve
8635,15,229.6000000000003,15,225.60000000000002,move,improve
8636,15,229.6000000000003,15,225.60000000000002,swap,notBad
8637,15,229.6000000000003,15,225.60000000000002,2opt,improve
8638,15,229.6000000000003,15,225.60000000000002,move,improve
8639,15,229.6000000000003,15,225.60000000000002,swap,notBad
8640,15,229.6000000000003,15,225.60000000000002,2opt,notBad
8641,15,229.6000000000003,15,225.60000000000002,2opt,improve
8642,15,229.6000000000003,15,225.60000000000002,swap,notBad
8643,15,229.6000000000003,15,225.60000000000002,2opt,notBad
8644,15,229.6000000000003,15,225.60000000000002,swap,notBad
8645,15,229.6000000000003,15,225.60000000000002,swap,notBad
8646,15,229.6000000000003,15,225.60000000000002,2opt,notBad
8647,15,229.6000000000003,15,225.60000000000002,move,improve
8648,15,229.6000000000003,15,225.60000000000002,2opt,notBad
8649,15,229.6000000000003,15,225.60000000000002,move,improve
8650,15,229.6000000000003,15,225.60000000000002,2opt,notBad
8651,15,227.00000000000028,15,225.60000000000002,2opt,improve
8652,15,227.00000000000028,15,225.60000000000002,2opt,notBad
8653,15,227.00000000000028,15,225.60000000000002,move,improve
8654,15,227.00000000000028,15,225.60000000000002,swap,notBad
8655,15,227.00000000000028,15,225.60000000000002,move,improve
8656,15,227.00000000000028,15,225.60000000000002,move,improve
8657,15,227.00000000000028,15,225.60000000000002,swap,notBad
8658,15,227.00000000000028,15,225.60000000000002,2opt,notBad
8659,15,227.00000000000028,15,225.60000000000002,move,improve
8660,15,227.00000000000028,15,225.60000000000002,move,improve
8661,15,227.00000000000028,15,225.60000000000002,2opt,notBad
8662,15,227.00000000000028,15,225.60000000000002,2opt,improve
8663,15,227.00000000000028,15,225.60000000000002,move,improve
8664,15,227.00000000000028,15,225.60000000000002,swap,notBad
8665,15,227.00000000000028,15,225.60000000000002,2opt,notBad
8666,15,227.00000000000028,15,225.60000000000002,move,improve
8667,15,227.00000000000028,15,225.60000000000002,swap,notBad
8668,15,227.00000000000028,15,225.60000000000002,move,improve
8669,15,227.00000000000028,15,225.60000000000002,2opt,notBad
8670,15,227.00000000000028,15,225.60000000000002,move,improve
8671,15,227.00000000000028,15,225.60000000000002,move,improve
8672,15,227.00000000000028,15,225.60000000000002,move,improve
8673,15,227.00000000000028,15,225.60000000000002,swap,notBad
8674,15,227.00000000000028,15,225.60000000000002,swap,notBad
8675,15,227.00000000000028,15,225.60000000000002,move,improve
8676,15,227.00000000000028,15,225.60000000000002,2opt,improve
8677,15,227.00000000000028,15,225.60000000000002,swap,notBad
8678,15,227.00000000000028,15,225.60000000000002,swap,notBad
8679,15,227.00000000000028,15,225.60000000000002,2opt,notBad
8680,15,227.00000000000028,15,225.60000000000002,move,improve
8681,15,227.00000000000028,15,225.60000000000002,swap,notBad
8682,15,227.00000000000028,15,225.60000000000002,2opt,notBad
8683,15,227.00000000000028,15,225.60000000000002,swap,notBad
8684,15,227.00000000000028,15,225.60000000000002,swap,notBad
8685,15,227.00000000000028,15,225.60000000000002,move,improve
8686,15,227.00000000000028,15,225.60000000000002,swap,notBad
8687,15,227.00000000000028,15,225.60000000000002,swap,notBad
8688,15,227.00000000000028,15,225.60000000000002,2opt,notBad
8689,15,227.00000000000028,15,225.60000000000002,2opt,notBad
8690,15,227.00000000000028,15,225.60000000000002,swap,notBad
8691,15,227.00000000000028,15,225.60000000000002,2opt,improve
8692,15,227.00000000000028,15,225.60000000000002,2opt,notBad
8693,15,227.00000000000028,15,225.60000000000002,swap,notBad
8694,15,227.00000000000028,15,225.60000000000002,swap,notBad
8695,15,227.00000000000028,15,225.60000000000002,2opt,notBad
8696,15,227.00000000000028,15,225.60000000000002,2opt,improve
8697,15,227.00000000000028,15,225.60000000000002,move,improve
8698,15,227.00000000000028,15,225.60000000000002,swap,notBad
8699,15,227.00000000000028,15,225.60000000000002,move,improve
8700,15,227.00000000000028,15,225.60000000000002,move,improve
8701,15,227.00000000000028,15,225.60000000000002,move,improve
8702,15,227.00000000000028,15,225.60000000000002,move,improve
8703,15,227.00000000000028,15,225.60000000000002,move,improve
8704,15,227.00000000000028,15,225.60000000000002,swap,notBad
8705,15,227.00000000000028,15,225.60000000000002,swap,notBad
8706,15,227.00000000000028,15,225.60000000000002,move,improve
8707,15,227.00000000000028,15,225.60000000000002,move,improve
8708,15,227.00000000000028,15,225.60000000000002,move,improve
8709,15,227.00000000000028,15,225.60000000000002,2opt,notBad
8710,15,227.00000000000028,15,225.60000000000002,move,improve
8711,15,233.00000000000034,15,225.60000000000002,move,acceptBad
8712,15,233.00000000000034,15,225.60000000000002,swap,notBad
8713,15,233.00000000000034,15,225.60000000000002,move,improve
8714,15,233.00000000000034,15,225.60000000000002,swap,notBad
8715,15,233.00000000000034,15,225.60000000000002,move,improve
8716,15,233.00000000000034,15,225.60000000000002,swap,notBad
8717,15,233.00000000000034,15,225.60000000000002,2opt,notBad
8718,15,233.00000000000034,15,225.60000000000002,move,improve
8719,15,233.00000000000034,15,225.60000000000002,swap,notBad
8720,15,233.00000000000034,15,225.60000000000002,move,improve
8721,15,233.00000000000034,15,225.60000000000002,2opt,notBad
8722,15,233.00000000000034,15,225.60000000000002,swap,notBad
8723,15,233.00000000000034,15,225.60000000000002,swap,notBad
8724,15,233.00000000000034,15,225.60000000000002,2opt,notBad
8725,15,233.00000000000034,15,225.60000000000002,move,improve
8726,15,233.00000000000034,15,225.60000000000002,move,improve
8727,15,233.00000000000034,15,225.60000000000002,2opt,notBad
8728,15,233.00000000000034,15,225.60000000000002,swap,notBad
8729,15,233.00000000000034,15,225.60000000000002,2opt,notBad
8730,15,233.00000000000034,15,225.60000000000002,move,improve
8731,15,233.00000000000034,15,225.60000000000002,move,improve
8732,15,233.00000000000034,15,225.60000000000002,2opt,notBad
8733,15,233.00000000000034,15,225.60000000000002,move,improve
8734,15,233.00000000000034,15,225.60000000000002,move,improve
8735,15,233.00000000000034,15,225.60000000000002,move,improve
8736,15,233.00000000000034,15,225.60000000000002,2opt,notBad
8737,15,233.00000000000034,15,225.60000000000002,move,improve
8738,15,233.00000000000034,15,225.60000000000002,swap,notBad
8739,15,233.00000000000034,15,225.60000000000002,2opt,improve
8740,15,233.00000000000034,15,225.60000000000002,swap,notBad
8741,15,233.00000000000034,15,225.60000000000002,move,improve
8742,15,233.00000000000034,15,225.60000000000002,move,improve
8743,15,233.00000000000034,15,225.60000000000002,move,improve
8744,15,233.00000000000034,15,225.60000000000002,move,improve
8745,15,233.00000000000034,15,225.60000000000002,swap,notBad
8746,15,233.00000000000034,15,225.60000000000002,2opt,notBad
8747,15,233.00000000000034,15,225.60000000000002,2opt,notBad
8748,15,233.00000000000034,15,225.60000000000002,move,improve
8749,15,233.00000000000034,15,225.60000000000002,2opt,notBad
8750,15,233.00000000000034,15,225.60000000000002,move,improve
8751,15,233.00000000000034,15,225.60000000000002,2opt,notBad
8752,15,233.00000000000034,15,225.60000000000002,2opt,notBad
8753,15,233.00000000000034,15,225.60000000000002,2opt,notBad
8754,15,233.00000000000034,15,225.60000000000002,swap,notBad
8755,15,233.00000000000034,15,225.60000000000002,move,improve
8756,15,233.00000000000034,15,225.60000000000002,move,improve
8757,15,233.00000000000034,15,225.60000000000002,swap,notBad
8758,15,233.00000000000034,15,225.60000000000002,swap,notBad
8759,15,233.00000000000034,15,225.60000000000002,swap,notBad
8760,15,233.00000000000034,15,225.60000000000002,2opt,notBad
8761,15,233.00000000000034,15,225.60000000000002,move,improve
8762,15,233.00000000000034,15,225.60000000000002,2opt,notBad
8763,15,233.00000000000034,15,225.60000000000002,move,improve
8764,15,233.00000000000034,15,225.60000000000002,swap,notBad
8765,15,233.00000000000034,15,225.60000000000002,move,improve
8766,15,233.00000000000034,15,225.60000000000002,2opt,notBad
8767,15,233.00000000000034,15,225.60000000000002,2opt,improve
8768,15,233.00000000000034,15,225.60000000000002,swap,notBad
8769,15,233.00000000000034,15,225.60000000000002,move,improve
8770,15,233.00000000000034,15,225.60000000000002,move,improve
8771,15,233.00000000000034,15,225.60000000000002,move,improve
8772,15,227.00000000000028,15,225.60000000000002,move,improve
8773,15,227.00000000000028,15,225.60000000000002,move,improve
8774,15,227.00000000000028,15,225.60000000000002,2opt,notBad
8775,15,227.00000000000028,15,225.60000000000002,2opt,notBad
8776,15,227.00000000000028,15,225.60000000000002,move,improve
8777,15,227.00000000000028,15,225.60000000000002,move,improve
8778,15,233.00000000000034,15,225.60000000000002,move,acceptBad
8779,15,233.00000000000034,15,225.60000000000002,swap,notBad
8780,15,233.00000000000034,15,225.60000000000002,move,improve
8781,15,233.00000000000034,15,225.60000000000002,swap,notBad
8782,15,233.00000000000034,15,225.60000000000002,swap,notBad
8783,15,233.00000000000034,15,225.60000000000002,move,improve
8784,15,233.00000000000034,15,225.60000000000002,2opt,notBad
8785,15,233.00000000000034,15,225.60000000000002,move,improve
8786,15,233.00000000000034,15,225.60000000000002,2opt,notBad
8787,15,233.00000000000034,15,225.60000000000002,2opt,notBad
8788,15,233.00000000000034,15,225.60000000000002,swap,notBad
8789,15,233.00000000000034,15,225.60000000000002,2opt,notBad
8790,15,233.00000000000034,15,225.60000000000002,move,improve
8791,15,233.00000000000034,15,225.60000000000002,2opt,notBad
8792,15,233.00000000000034,15,225.60000000000002,move,improve
8793,15,233.00000000000034,15,225.60000000000002,move,improve
8794,15,233.00000000000034,15,225.60000000000002,move,improve
8795,15,233.00000000000034,15,225.60000000000002,2opt,notBad
8796,15,233.00000000000034,15,225.60000000000002,2opt,notBad
8797,15,233.00000000000034,15,225.60000000000002,swap,notBad
8798,15,233.00000000000034,15,225.60000000000002,swap,notBad
8799,15,233.00000000000034,15,225.60000000000002,2opt,notBad
8800,15,233.00000000000034,15,225.60000000000002,2opt,notBad
8801,15,233.00000000000034,15,225.60000000000002,swap,notBad
8802,15,233.00000000000034,15,225.60000000000002,2opt,notBad
8803,15,233.00000000000034,15,225.60000000000002,move,improve
8804,15,233.00000000000034,15,225.60000000000002,2opt,notBad
8805,15,233.00000000000034,15,225.60000000000002,swap,notBad
8806,15,233.00000000000034,15,225.60000000000002,swap,notBad
8807,15,233.00000000000034,15,225.60000000000002,move,improve
8808,15,233.00000000000034,15,225.60000000000002,move,improve
8809,15,233.00000000000034,15,225.60000000000002,swap,notBad
8810,15,233.00000000000034,15,225.60000000000002,move,improve
8811,15,233.00000000000034,15,225.60000000000002,swap,notBad
8812,15,233.00000000000034,15,225.60000000000002,2opt,notBad
8813,15,233.00000000000034,15,225.60000000000002,2opt,notBad
8814,15,233.00000000000034,15,225.60000000000002,swap,notBad
8815,15,233.00000000000034,15,225.60000000000002,swap,notBad
8816,15,233.00000000000034,15,225.60000000000002,swap,notBad
8817,15,233.00000000000034,15,225.60000000000002,move,improve
8818,15,233.00000000000034,15,225.60000000000002,swap,notBad
8819,15,233.00000000000034,15,225.60000000000002,swap,notBad
8820,15,233.00000000000034,15,225.60000000000002,move,improve
8821,15,233.00000000000034,15,225.60000000000002,swap,notBad
8822,15,233.00000000000034,15,225.60000000000002,2opt,notBad
8823,15,233.00000000000034,15,225.60000000000002,2opt,notBad
8824,15,233.00000000000034,15,225.60000000000002,move,improve
8825,15,233.00000000000034,15,225.60000000000002,move,improve
8826,15,233.00000000000034,15,225.60000000000002,swap,notBad
8827,15,233.00000000000034,15,225.60000000000002,move,improve
8828,15,233.00000000000034,15,225.60000000000002,swap,notBad
8829,15,233.00000000000034,15,225.60000000000002,swap,notBad
8830,15,233.00000000000034,15,225.60000000000002,2opt,notBad
8831,15,233.00000000000034,15,225.60000000000002,move,improve
8832,15,233.00000000000034,15,225.60000000000002,2opt,notBad
8833,15,233.00000000000034,15,225.60000000000002,swap,notBad
8834,15,233.00000000000034,15,225.60000000000002,2opt,notBad
8835,15,233.00000000000034,15,225.60000000000002,swap,notBad
8836,15,233.00000000000034,15,225.60000000000002,swap,notBad
8837,15,233.00000000000034,15,225.60000000000002,2opt,notBad
8838,15,233.00000000000034,15,225.60000000000002,swap,notBad
8839,15,233.00000000000034,15,225.60000000000002,move,improve
8840,15,233.00000000000034,15,225.60000000000002,2opt,notBad
8841,15,233.00000000000034,15,225.60000000000002,swap,notBad
8842,15,233.00000000000034,15,225.60000000000002,2opt,improve
8843,15,233.00000000000034,15,225.60000000000002,2opt,notBad
8844,15,233.00000000000034,15,225.60000000000002,move,improve
8845,15,233.00000000000034,15,225.60000000000002,move,improve
8846,15,233.00000000000034,15,225.60000000000002,2opt,notBad
8847,15,233.00000000000034,15,225.60000000000002,move,improve
8848,15,233.00000000000034,15,225.60000000000002,2opt,notBad
8849,15,233.00000000000034,15,225.60000000000002,swap,notBad
8850,15,233.00000000000034,15,225.60000000000002,move,improve
8851,15,233.00000000000034,15,225.60000000000002,2opt,notBad
8852,15,233.00000000000034,15,225.60000000000002,move,improve
8853,15,233.00000000000034,15,225.60000000000002,2opt,notBad
8854,15,233.00000000000034,15,225.60000000000002,swap,notBad
8855,15,233.00000000000034,15,225.60000000000002,move,improve
8856,15,233.00000000000034,15,225.60000000000002,move,improve
8857,15,233.00000000000034,15,225.60000000000002,move,improve
8858,15,233.00000000000034,15,225.60000000000002,2opt,notBad
8859,15,233.00000000000034,15,225.60000000000002,2opt,notBad
8860,15,233.00000000000034,15,225.60000000000002,2opt,notBad
8861,15,233.00000000000034,15,225.60000000000002,2opt,notBad
8862,15,233.00000000000034,15,225.60000000000002,swap,notBad
8863,15,233.00000000000034,15,225.60000000000002,2opt,notBad
8864,15,233.00000000000034,15,225.60000000000002,swap,notBad
8865,15,233.00000000000034,15,225.60000000000002,2opt,notBad
8866,15,233.00000000000034,15,225.60000000000002,move,improve
8867,15,233.00000000000034,15,225.60000000000002,2opt,notBad
8868,15,233.00000000000034,15,225.60000000000002,move,improve
8869,15,233.00000000000034,15,225.60000000000002,swap,notBad
8870,15,233.00000000000034,15,225.60000000000002,move,improve
8871,15,233.00000000000034,15,225.60000000000002,swap,notBad
8872,15,233.00000000000034,15,225.60000000000002,swap,notBad
8873,15,233.00000000000034,15,225.60000000000002,swap,notBad
8874,15,233.00000000000034,15,225.60000000000002,2opt,notBad
8875,15,233.00000000000034,15,225.60000000000002,move,improve
8876,15,233.00000000000034,15,225.60000000000002,swap,notBad
8877,15,233.00000000000034,15,225.60000000000002,2opt,notBad
8878,15,233.00000000000034,15,225.60000000000002,swap,notBad
8879,15,233.00000000000034,15,225.60000000000002,swap,notBad
8880,15,233.00000000000034,15,225.60000000000002,2opt,improve
8881,15,233.00000000000034,15,225.60000000000002,move,improve
8882,15,233.00000000000034,15,225.60000000000002,swap,notBad
8883,15,233.00000000000034,15,225.60000000000002,2opt,notBad
8884,15,233.00000000000034,15,225.60000000000002,move,improve
8885,15,233.00000000000034,15,225.60000000000002,2opt,notBad
8886,15,233.00000000000034,15,225.60000000000002,move,improve
8887,15,233.00000000000034,15,225.60000000000002,swap,notBad
8888,15,233.00000000000034,15,225.60000000000002,2opt,notBad
8889,15,233.00000000000034,15,225.60000000000002,swap,notBad
8890,15,233.00000000000034,15,225.60000000000002,2opt,notBad
8891,15,233.00000000000034,15,225.60000000000002,2opt,notBad
8892,15,233.00000000000034,15,225.60000000000002,swap,notBad
8893,15,233.00000000000034,15,225.60000000000002,move,improve
8894,15,233.00000000000034,15,225.60000000000002,move,improve
8895,15,233.00000000000034,15,225.60000000000002,2opt,notBad
8896,15,233.00000000000034,15,225.60000000000002,move,improve
8897,15,233.00000000000034,15,225.60000000000002,2opt,notBad
8898,15,233.00000000000034,15,225.60000000000002,2opt,notBad
8899,15,233.00000000000034,15,225.60000000000002,swap,notBad
8900,15,233.00000000000034,15,225.60000000000002,swap,notBad
8901,15,233.00000000000034,15,225.60000000000002,swap,notBad
8902,15,233.00000000000034,15,225.60000000000002,2opt,notBad
8903,15,233.00000000000034,15,225.60000000000002,2opt,notBad
8904,15,233.00000000000034,15,225.60000000000002,swap,notBad
8905,15,233.00000000000034,15,225.60000000000002,2opt,notBad
8906,15,233.00000000000034,15,225.60000000000002,swap,notBad
8907,15,233.00000000000034,15,225.60000000000002,2opt,notBad
8908,15,233.00000000000034,15,225.60000000000002,swap,notBad
8909,15,233.00000000000034,15,225.60000000000002,2opt,improve
8910,15,233.00000000000034,15,225.60000000000002,swap,notBad
8911,15,233.00000000000034,15,225.60000000000002,swap,notBad
8912,15,233.00000000000034,15,225.60000000000002,swap,notBad
8913,15,233.00000000000034,15,225.60000000000002,swap,notBad
8914,15,233.00000000000034,15,225.60000000000002,move,improve
8915,15,233.00000000000034,15,225.60000000000002,swap,notBad
8916,15,233.00000000000034,15,225.60000000000002,move,improve
8917,15,233.00000000000034,15,225.60000000000002,swap,notBad
8918,15,233.00000000000034,15,225.60000000000002,move,improve
8919,15,233.00000000000034,15,225.60000000000002,move,improve
8920,15,233.00000000000034,15,225.60000000000002,move,improve
8921,15,233.00000000000034,15,225.60000000000002,2opt,notBad
8922,15,233.00000000000034,15,225.60000000000002,2opt,notBad
8923,15,233.00000000000034,15,225.60000000000002,2opt,notBad
8924,15,233.00000000000034,15,225.60000000000002,swap,notBad
8925,15,233.00000000000034,15,225.60000000000002,move,improve
8926,15,233.00000000000034,15,225.60000000000002,move,improve
8927,15,233.00000000000034,15,225.60000000000002,2opt,notBad
8928,15,233.00000000000034,15,225.60000000000002,swap,notBad
8929,15,233.00000000000034,15,225.60000000000002,2opt,notBad
8930,15,233.00000000000034,15,225.60000000000002,2opt,improve
8931,15,233.00000000000034,15,225.60000000000002,2opt,improve
8932,15,233.00000000000034,15,225.60000000000002,move,improve
8933,15,233.00000000000034,15,225.60000000000002,2opt,notBad
8934,15,233.00000000000034,15,225.60000000000002,move,improve
8935,15,233.00000000000034,15,225.60000000000002,2opt,notBad
8936,15,233.00000000000034,15,225.60000000000002,swap,notBad
8937,15,233.00000000000034,15,225.60000000000002,2opt,notBad
8938,15,233.00000000000034,15,225.60000000000002,2opt,improve
8939,15,233.00000000000034,15,225.60000000000002,swap,notBad
8940,15,233.00000000000034,15,225.60000000000002,move,improve
8941,15,233.00000000000034,15,225.60000000000002,swap,notBad
8942,15,240.80000000000013,15,225.60000000000002,swap,acceptBad
8943,15,240.80000000000013,15,225.60000000000002,move,improve
8944,15,240.80000000000013,15,225.60000000000002,move,improve
8945,15,240.80000000000013,15,225.60000000000002,2opt,notBad
8946,15,240.80000000000013,15,225.60000000000002,2opt,notBad
8947,15,240.80000000000013,15,225.60000000000002,move,improve
8948,15,240.80000000000013,15,225.60000000000002,2opt,improve
8949,15,240.80000000000013,15,225.60000000000002,2opt,notBad
8950,15,240.80000000000013,15,225.60000000000002,move,improve
8951,15,240.80000000000013,15,225.60000000000002,move,improve
8952,15,240.80000000000013,15,225.60000000000002,swap,notBad
8953,15,240.80000000000013,15,225.60000000000002,move,improve
8954,15,240.80000000000013,15,225.60000000000002,move,improve
8955,15,240.80000000000013,15,225.60000000000002,swap,notBad
8956,15,240.80000000000013,15,225.60000000000002,swap,notBad
8957,15,240.80000000000013,15,225.60000000000002,2opt,notBad
8958,15,240.80000000000013,15,225.60000000000002,swap,notBad
8959,15,239.8000000000003,15,225.60000000000002,move,improve
8960,15,239.8000000000003,15,225.60000000000002,move,improve
8961,15,239.8000000000003,15,225.60000000000002,move,improve
8962,15,239.8000000000003,15,225.60000000000002,swap,notBad
8963,15,239.8000000000003,15,225.60000000000002,move,improve
8964,15,239.8000000000003,15,225.60000000000002,move,improve
8965,15,239.8000000000003,15,225.60000000000002,move,improve
8966,15,239.8000000000003,15,225.60000000000002,2opt,improve
8967,15,239.8000000000003,15,225.60000000000002,2opt,notBad
8968,15,239.8000000000003,15,225.60000000000002,move,improve
8969,15,239.8000000000003,15,225.60000000000002,2opt,notBad
8970,15,239.8000000000003,15,225.60000000000002,2opt,notBad
8971,15,239.8000000000003,15,225.60000000000002,move,improve
8972,15,239.8000000000003,15,225.60000000000002,move,improve
8973,15,239.8000000000003,15,225.60000000000002,swap,notBad
8974,15,239.8000000000003,15,225.60000000000002,swap,notBad
8975,15,239.8000000000003,15,225.60000000000002,move,improve
8976,15,239.8000000000003,15,225.60000000000002,2opt,improve
8977,15,239.8000000000003,15,225.60000000000002,2opt,notBad
8978,15,239.8000000000003,15,225.60000000000002,2opt,improve
8979,15,239.8000000000003,15,225.60000000000002,move,improve
8980,15,239.8000000000003,15,225.60000000000002,2opt,notBad
8981,15,239.8000000000003,15,225.60000000000002,swap,notBad
8982,15,239.8000000000003,15,225.60000000000002,swap,notBad
8983,15,239.8000000000003,15,225.60000000000002,move,improve
8984,15,239.8000000000003,15,225.60000000000002,2opt,notBad
8985,15,239.8000000000003,15,225.60000000000002,move,improve
8986,15,239.8000000000003,15,225.60000000000002,swap,notBad
8987,15,239.8000000000003,15,225.60000000000002,swap,notBad
8988,15,239.8000000000003,15,225.60000000000002,move,improve
8989,15,239.8000000000003,15,225.60000000000002,2opt,notBad
8990,15,239.8000000000003,15,225.60000000000002,swap,notBad
8991,15,239.8000000000003,15,225.60000000000002,swap,notBad
8992,15,239.8000000000003,15,225.60000000000002,swap,notBad
8993,15,239.8000000000003,15,225.60000000000002,swap,notBad
8994,15,239.8000000000003,15,225.60000000000002,2opt,notBad
8995,15,239.8000000000003,15,225.60000000000002,swap,notBad
8996,15,239.8000000000003,15,225.60000000000002,swap,notBad
8997,15,239.8000000000003,15,225.60000000000002,swap,notBad
8998,15,239.8000000000003,15,225.60000000000002,swap,notBad
8999,15,239.8000000000003,15,225.60000000000002,move,improve
9000,15,239.8000000000003,15,225.60000000000002,swap,notBad
9001,15,239.8000000000003,15,225.60000000000002,swap,notBad
9002,15,239.8000000000003,15,225.60000000000002,2opt,notBad
9003,15,239.8000000000003,15,225.60000000000002,move,improve
9004,15,239.8000000000003,15,225.60000000000002,2opt,notBad
9005,15,239.8000000000003,15,225.60000000000002,move,improve
9006,15,239.8000000000003,15,225.60000000000002,2opt,notBad
9007,15,239.8000000000003,15,225.60000000000002,2opt,notBad
9008,15,239.8000000000003,15,225.60000000000002,2opt,notBad
9009,15,239.8000000000003,15,225.60000000000002,2opt,notBad
9010,15,239.8000000000003,15,225.60000000000002,2opt,notBad
9011,15,239.8000000000003,15,225.60000000000002,2opt,improve
9012,15,239.8000000000003,15,225.60000000000002,2opt,notBad
9013,15,239.8000000000003,15,225.60000000000002,2opt,notBad
9014,15,239.8000000000003,15,225.60000000000002,2opt,improve
9015,15,239.8000000000003,15,225.60000000000002,move,improve
9016,15,239.8000000000003,15,225.60000000000002,2opt,improve
9017,15,239.8000000000003,15,225.60000000000002,move,improve
9018,15,239.8000000000003,15,225.60000000000002,move,improve
9019,15,239.8000000000003,15,225.60000000000002,move,improve
9020,15,239.8000000000003,15,225.60000000000002,2opt,notBad
9021,15,239.8000000000003,15,225.60000000000002,2opt,notBad
9022,15,239.8000000000003,15,225.60000000000002,2opt,improve
9023,15,239.8000000000003,15,225.60000000000002,2opt,notBad
9024,15,239.8000000000003,15,225.60000000000002,move,improve
9025,15,239.8000000000003,15,225.60000000000002,swap,notBad
9026,15,239.8000000000003,15,225.60000000000002,2opt,notBad
9027,15,239.8000000000003,15,225.60000000000002,move,improve
9028,15,239.8000000000003,15,225.60000000000002,swap,notBad
9029,15,239.8000000000003,15,225.60000000000002,swap,notBad
9030,15,239.8000000000003,15,225.60000000000002,move,improve
9031,15,239.8000000000003,15,225.60000000000002,swap,notBad
9032,15,239.8000000000003,15,225.60000000000002,swap,notBad
9033,15,239.8000000000003,15,225.60000000000002,move,improve
9034,15,239.8000000000003,15,225.60000000000002,move,improve
9035,15,239.8000000000003,15,225.60000000000002,2opt,notBad
9036,15,239.8000000000003,15,225.60000000000002,2opt,notBad
9037,15,239.8000000000003,15,225.60000000000002,move,improve
9038,15,239.8000000000003,15,225.60000000000002,swap,notBad
9039,15,235.80000000000024,15,225.60000000000002,move,improve
9040,15,235.80000000000024,15,225.60000000000002,move,improve
9041,15,235.80000000000024,15,225.60000000000002,move,improve
9042,15,235.80000000000024,15,225.60000000000002,2opt,notBad
9043,15,235.80000000000024,15,225.60000000000002,move,improve
9044,15,235.80000000000024,15,225.60000000000002,swap,notBad
9045,15,235.80000000000024,15,225.60000000000002,2opt,notBad
9046,15,235.80000000000024,15,225.60000000000002,swap,notBad
9047,15,235.80000000000024,15,225.60000000000002,2opt,improve
9048,15,235.80000000000024,15,225.60000000000002,2opt,notBad
9049,15,235.80000000000024,15,225.60000000000002,swap,notBad
9050,15,235.80000000000024,15,225.60000000000002,move,improve
9051,15,235.80000000000024,15,225.60000000000002,2opt,improve
9052,15,235.80000000000024,15,225.60000000000002,move,improve
9053,15,235.80000000000024,15,225.60000000000002,move,improve
9054,15,235.80000000000024,15,225.60000000000002,move,improve
9055,15,235.80000000000024,15,225.60000000000002,swap,notBad
9056,15,235.80000000000024,15,225.60000000000002,swap,notBad
9057,15,235.80000000000024,15,225.60000000000002,move,improve
9058,15,235.80000000000024,15,225.60000000000002,move,improve
9059,15,235.80000000000024,15,225.60000000000002,swap,notBad
9060,15,235.80000000000024,15,225.60000000000002,swap,notBad
9061,15,235.80000000000024,15,225.60000000000002,2opt,improve
9062,15,235.80000000000024,15,225.60000000000002,2opt,improve
9063,15,235.80000000000024,15,225.60000000000002,move,improve
9064,15,235.80000000000024,15,225.60000000000002,2opt,notBad
9065,15,235.80000000000024,15,225.60000000000002,swap,notBad
9066,15,235.80000000000024,15,225.60000000000002,2opt,improve
9067,15,235.80000000000024,15,225.60000000000002,2opt,notBad
9068,15,235.80000000000024,15,225.60000000000002,swap,notBad
9069,15,235.80000000000024,15,225.60000000000002,swap,notBad
9070,15,235.80000000000024,15,225.60000000000002,2opt,notBad
9071,15,235.80000000000024,15,225.60000000000002,move,improve
9072,15,235.80000000000024,15,225.60000000000002,swap,notBad
9073,15,235.80000000000024,15,225.60000000000002,2opt,notBad
9074,15,235.80000000000024,15,225.60000000000002,move,improve
9075,15,235.80000000000024,15,225.60000000000002,2opt,improve
9076,15,235.80000000000024,15,225.60000000000002,swap,notBad
9077,15,235.80000000000024,15,225.60000000000002,move,improve
9078,15,235.80000000000024,15,225.60000000000002,swap,notBad
9079,15,235.80000000000024,15,225.60000000000002,swap,notBad
9080,15,235.80000000000024,15,225.60000000000002,move,improve
9081,15,235.80000000000024,15,225.60000000000002,swap,notBad
9082,15,235.80000000000024,15,225.60000000000002,move,improve
9083,15,235.80000000000024,15,225.60000000000002,2opt,notBad
9084,15,235.80000000000024,15,225.60000000000002,swap,notBad
9085,15,235.80000000000024,15,225.60000000000002,swap,notBad
9086,15,235.80000000000024,15,225.60000000000002,swap,notBad
9087,15,235.80000000000024,15,225.60000000000002,2opt,notBad
9088,15,235.80000000000024,15,225.60000000000002,move,improve
9089,15,235.80000000000024,15,225.60000000000002,2opt,notBad
9090,15,235.80000000000024,15,225.60000000000002,2opt,notBad
9091,15,235.80000000000024,15,225.60000000000002,2opt,notBad
9092,15,235.80000000000024,15,225.60000000000002,swap,notBad
9093,15,235.80000000000024,15,225.60000000000002,move,improve
9094,15,235.80000000000024,15,225.60000000000002,move,improve
9095,15,235.80000000000024,15,225.60000000000002,move,improve
9096,15,235.80000000000024,15,225.60000000000002,swap,notBad
9097,15,235.80000000000024,15,225.60000000000002,2opt,notBad
9098,15,235.80000000000024,15,225.60000000000002,swap,notBad
9099,15,235.80000000000024,15,225.60000000000002,2opt,notBad
9100,15,235.80000000000024,15,225.60000000000002,2opt,notBad
9101,15,235.80000000000024,15,225.60000000000002,move,improve
9102,15,235.80000000000024,15,225.60000000000002,swap,notBad
9103,15,235.80000000000024,15,225.60000000000002,2opt,notBad
9104,15,235.80000000000024,15,225.60000000000002,move,improve
9105,15,235.80000000000024,15,225.60000000000002,move,improve
9106,15,235.80000000000024,15,225.60000000000002,2opt,notBad
9107,15,235.80000000000024,15,225.60000000000002,2opt,notBad
9108,15,235.80000000000024,15,225.60000000000002,2opt,notBad
9109,15,235.80000000000024,15,225.60000000000002,2opt,notBad
9110,15,235.80000000000024,15,225.60000000000002,2opt,notBad
9111,15,235.80000000000024,15,225.60000000000002,swap,notBad
9112,15,235.80000000000024,15,225.60000000000002,move,improve
9113,15,235.80000000000024,15,225.60000000000002,swap,notBad
9114,15,235.80000000000024,15,225.60000000000002,move,improve
9115,15,235.80000000000024,15,225.60000000000002,2opt,notBad
9116,15,235.80000000000024,15,225.60000000000002,move,improve
9117,15,235.80000000000024,15,225.60000000000002,swap,notBad
9118,15,235.80000000000024,15,225.60000000000002,move,improve
9119,15,235.80000000000024,15,225.60000000000002,move,improve
9120,15,235.80000000000024,15,225.60000000000002,2opt,notBad
9121,15,235.80000000000024,15,225.60000000000002,2opt,notBad
9122,15,235.80000000000024,15,225.60000000000002,move,improve
9123,15,235.80000000000024,15,225.60000000000002,2opt,improve
9124,15,235.80000000000024,15,225.60000000000002,move,improve
9125,15,235.80000000000024,15,225.60000000000002,swap,notBad
9126,15,235.80000000000024,15,225.60000000000002,move,improve
9127,15,235.80000000000024,15,225.60000000000002,2opt,notBad
9128,15,235.80000000000024,15,225.60000000000002,swap,notBad
9129,15,235.80000000000024,15,225.60000000000002,move,improve
9130,15,235.80000000000024,15,225.60000000000002,2opt,notBad
9131,15,235.80000000000024,15,225.60000000000002,swap,notBad
9132,15,235.80000000000024,15,225.60000000000002,swap,notBad
9133,15,235.80000000000024,15,225.60000000000002,swap,notBad
9134,15,235.80000000000024,15,225.60000000000002,move,improve
9135,15,235.80000000000024,15,225.60000000000002,swap,notBad
9136,15,235.80000000000024,15,225.60000000000002,swap,notBad
9137,15,235.80000000000024,15,225.60000000000002,2opt,notBad
9138,15,235.80000000000024,15,225.60000000000002,swap,notBad
9139,15,235.80000000000024,15,225.60000000000002,2opt,notBad
9140,15,235.80000000000024,15,225.60000000000002,2opt,improve
9141,15,235.80000000000024,15,225.60000000000002,swap,notBad
9142,15,235.80000000000024,15,225.60000000000002,swap,notBad
9143,15,235.80000000000024,15,225.60000000000002,move,improve
9144,15,235.80000000000024,15,225.60000000000002,swap,notBad
9145,15,235.80000000000024,15,225.60000000000002,2opt,notBad
9146,15,235.80000000000024,15,225.60000000000002,move,improve
9147,15,235.80000000000024,15,225.60000000000002,swap,notBad
9148,15,235.80000000000024,15,225.60000000000002,2opt,notBad
9149,15,235.80000000000024,15,225.60000000000002,swap,notBad
9150,15,235.80000000000024,15,225.60000000000002,move,improve
9151,15,235.80000000000024,15,225.60000000000002,2opt,notBad
9152,15,235.80000000000024,15,225.60000000000002,move,improve
9153,15,235.80000000000024,15,225.60000000000002,swap,notBad
9154,15,235.80000000000024,15,225.60000000000002,swap,notBad
9155,15,235.80000000000024,15,225.60000000000002,swap,notBad
9156,15,235.80000000000024,15,225.60000000000002,swap,notBad
9157,15,235.80000000000024,15,225.60000000000002,2opt,notBad
9158,15,235.80000000000024,15,225.60000000000002,swap,notBad
9159,15,235.80000000000024,15,225.60000000000002,swap,notBad
9160,15,235.80000000000024,15,225.60000000000002,move,improve
9161,15,235.80000000000024,15,225.60000000000002,2opt,improve
9162,15,235.80000000000024,15,225.60000000000002,swap,notBad
9163,15,235.80000000000024,15,225.60000000000002,2opt,notBad
9164,15,235.80000000000024,15,225.60000000000002,2opt,improve
9165,15,235.80000000000024,15,225.60000000000002,2opt,notBad
9166,15,235.80000000000024,15,225.60000000000002,swap,notBad
9167,15,235.80000000000024,15,225.60000000000002,swap,notBad
9168,15,235.80000000000024,15,225.60000000000002,2opt,notBad
9169,15,235.80000000000024,15,225.60000000000002,move,improve
9170,15,235.80000000000024,15,225.60000000000002,move,improve
9171,15,235.80000000000024,15,225.60000000000002,swap,notBad
9172,15,235.80000000000024,15,225.60000000000002,move,improve
9173,15,235.80000000000024,15,225.60000000000002,2opt,notBad
9174,15,235.80000000000024,15,225.60000000000002,2opt,notBad
9175,15,235.80000000000024,15,225.60000000000002,move,improve
9176,15,235.80000000000024,15,225.60000000000002,swap,notBad
9177,15,235.80000000000024,15,225.60000000000002,move,improve
9178,15,235.80000000000024,15,225.60000000000002,swap,notBad
9179,15,235.80000000000024,15,225.60000000000002,move,improve
9180,15,235.80000000000024,15,225.60000000000002,move,improve
9181,15,235.80000000000024,15,225.60000000000002,swap,notBad
9182,15,235.80000000000024,15,225.60000000000002,move,improve
9183,15,235.80000000000024,15,225.60000000000002,2opt,notBad
9184,15,235.80000000000024,15,225.60000000000002,2opt,notBad
9185,15,235.80000000000024,15,225.60000000000002,move,improve
9186,15,235.80000000000024,15,225.60000000000002,move,improve
9187,15,235.80000000000024,15,225.60000000000002,swap,notBad
9188,15,235.80000000000024,15,225.60000000000002,2opt,notBad
9189,15,235.80000000000024,15,225.60000000000002,swap,notBad
9190,15,235.80000000000024,15,225.60000000000002,swap,notBad
9191,15,235.80000000000024,15,225.60000000000002,swap,notBad
9192,15,235.80000000000024,15,225.60000000000002,move,improve
9193,15,235.80000000000024,15,225.60000000000002,move,improve
9194,15,235.80000000000024,15,225.60000000000002,move,improve
9195,15,235.80000000000024,15,225.60000000000002,swap,notBad
9196,15,235.80000000000024,15,225.60000000000002,swap,notBad
9197,15,235.80000000000024,15,225.60000000000002,move,improve
9198,15,235.80000000000024,15,225.60000000000002,move,improve
9199,15,235.80000000000024,15,225.60000000000002,move,improve
9200,15,235.80000000000024,15,225.60000000000002,move,improve
9201,15,235.80000000000024,15,225.60000000000002,move,improve
9202,15,235.80000000000024,15,225.60000000000002,swap,notBad
9203,15,235.80000000000024,15,225.60000000000002,2opt,notBad
9204,15,235.80000000000024,15,225.60000000000002,move,improve
9205,15,235.80000000000024,15,225.60000000000002,move,improve
9206,15,235.80000000000024,15,225.60000000000002,2opt,notBad
9207,15,235.80000000000024,15,225.60000000000002,move,improve
9208,15,235.80000000000024,15,225.60000000000002,move,improve
9209,15,235.80000000000024,15,225.60000000000002,2opt,notBad
9210,15,235.80000000000024,15,225.60000000000002,move,improve
9211,15,235.80000000000024,15,225.60000000000002,swap,notBad
9212,15,235.80000000000024,15,225.60000000000002,swap,notBad
9213,15,234.80000000000007,15,225.60000000000002,move,improve
9214,15,234.80000000000007,15,225.60000000000002,swap,notBad
9215,15,234.80000000000007,15,225.60000000000002,swap,notBad
9216,15,234.80000000000007,15,225.60000000000002,swap,notBad
9217,15,234.80000000000007,15,225.60000000000002,move,improve
9218,15,234.80000000000007,15,225.60000000000002,2opt,improve
9219,15,234.80000000000007,15,225.60000000000002,swap,notBad
9220,15,234.80000000000007,15,225.60000000000002,2opt,improve
9221,15,234.80000000000007,15,225.60000000000002,swap,notBad
9222,15,234.80000000000007,15,225.60000000000002,2opt,notBad
9223,15,234.80000000000007,15,225.60000000000002,move,improve
9224,15,234.80000000000007,15,225.60000000000002,swap,notBad
9225,15,234.80000000000007,15,225.60000000000002,swap,notBad
9226,15,234.80000000000007,15,225.60000000000002,2opt,improve
9227,15,234.80000000000007,15,225.60000000000002,swap,notBad
9228,15,234.80000000000007,15,225.60000000000002,move,improve
9229,15,238.20000000000005,15,225.60000000000002,swap,acceptBad
9230,15,238.00000000000023,15,225.60000000000002,move,improve
9231,15,238.00000000000023,15,225.60000000000002,2opt,improve
9232,15,238.00000000000023,15,225.60000000000002,2opt,notBad
9233,15,238.00000000000023,15,225.60000000000002,2opt,notBad
9234,15,238.00000000000023,15,225.60000000000002,swap,notBad
9235,15,238.00000000000023,15,225.60000000000002,swap,notBad
9236,15,238.00000000000023,15,225.60000000000002,move,improve
9237,15,238.00000000000023,15,225.60000000000002,swap,notBad
9238,15,238.00000000000023,15,225.60000000000002,move,improve
9239,15,238.00000000000023,15,225.60000000000002,move,improve
9240,15,238.00000000000023,15,225.60000000000002,2opt,improve
9241,15,238.00000000000023,15,225.60000000000002,swap,improve
9242,15,238.00000000000023,15,225.60000000000002,2opt,notBad
9243,15,238.00000000000023,15,225.60000000000002,move,improve
9244,15,238.00000000000023,15,225.60000000000002,move,improve
9245,15,238.00000000000023,15,225.60000000000002,2opt,notBad
9246,15,238.00000000000023,15,225.60000000000002,swap,notBad
9247,15,238.00000000000023,15,225.60000000000002,2opt,notBad
9248,15,238.00000000000023,15,225.60000000000002,swap,notBad
9249,15,238.00000000000023,15,225.60000000000002,2opt,notBad
9250,15,238.00000000000023,15,225.60000000000002,swap,notBad
9251,15,238.00000000000023,15,225.60000000000002,2opt,notBad
9252,15,238.00000000000023,15,225.60000000000002,2opt,notBad
9253,15,238.00000000000023,15,225.60000000000002,2opt,notBad
9254,15,238.00000000000023,15,225.60000000000002,swap,notBad
9255,15,238.00000000000023,15,225.60000000000002,2opt,notBad
9256,15,238.00000000000023,15,225.60000000000002,2opt,improve
9257,15,238.00000000000023,15,225.60000000000002,move,improve
9258,15,238.00000000000023,15,225.60000000000002,2opt,improve
9259,15,238.00000000000023,15,225.60000000000002,swap,notBad
9260,15,238.00000000000023,15,225.60000000000002,move,improve
9261,15,238.00000000000023,15,225.60000000000002,move,improve
9262,15,240.8000000000003,15,225.60000000000002,move,acceptBad
9263,15,240.8000000000003,15,225.60000000000002,swap,notBad
9264,15,240.8000000000003,15,225.60000000000002,2opt,notBad
9265,15,240.8000000000003,15,225.60000000000002,swap,notBad
9266,15,240.8000000000003,15,225.60000000000002,swap,notBad
9267,15,240.8000000000003,15,225.60000000000002,move,improve
9268,15,240.8000000000003,15,225.60000000000002,2opt,notBad
9269,15,240.8000000000003,15,225.60000000000002,move,improve
9270,15,240.8000000000003,15,225.60000000000002,swap,notBad
9271,15,240.8000000000003,15,225.60000000000002,swap,notBad
9272,15,240.8000000000003,15,225.60000000000002,move,improve
9273,15,240.8000000000003,15,225.60000000000002,move,improve
9274,15,240.8000000000003,15,225.60000000000002,2opt,notBad
9275,15,240.8000000000003,15,225.60000000000002,move,improve
9276,15,240.8000000000003,15,225.60000000000002,swap,notBad
9277,15,240.8000000000003,15,225.60000000000002,2opt,notBad
9278,15,240.8000000000003,15,225.60000000000002,2opt,notBad
9279,15,240.8000000000003,15,225.60000000000002,move,improve
9280,15,240.8000000000003,15,225.60000000000002,move,improve
9281,15,240.8000000000003,15,225.60000000000002,2opt,notBad
9282,15,240.8000000000003,15,225.60000000000002,move,improve
9283,15,240.8000000000003,15,225.60000000000002,swap,notBad
9284,15,240.8000000000003,15,225.60000000000002,2opt,notBad
9285,15,240.8000000000003,15,225.60000000000002,move,improve
9286,15,240.8000000000003,15,225.60000000000002,swap,notBad
9287,15,240.8000000000003,15,225.60000000000002,2opt,notBad
9288,15,240.8000000000003,15,225.60000000000002,swap,notBad
9289,15,240.8000000000003,15,225.60000000000002,2opt,notBad
9290,15,240.8000000000003,15,225.60000000000002,swap,notBad
9291,15,240.8000000000003,15,225.60000000000002,2opt,notBad
9292,15,240.8000000000003,15,225.60000000000002,swap,notBad
9293,15,240.8000000000003,15,225.60000000000002,2opt,improve
9294,15,240.8000000000003,15,225.60000000000002,move,improve
9295,15,240.8000000000003,15,225.60000000000002,swap,notBad
9296,15,240.8000000000003,15,225.60000000000002,swap,notBad
9297,15,240.8000000000003,15,225.60000000000002,2opt,notBad
9298,15,240.8000000000003,15,225.60000000000002,2opt,notBad
9299,15,240.8000000000003,15,225.60000000000002,swap,notBad
9300,15,240.8000000000003,15,225.60000000000002,swap,notBad
9301,15,240.8000000000003,15,225.60000000000002,swap,notBad
9302,15,240.8000000000003,15,225.60000000000002,swap,notBad
9303,15,240.8000000000003,15,225.60000000000002,2opt,notBad
9304,15,240.8000000000003,15,225.60000000000002,move,improve
9305,15,240.8000000000003,15,225.60000000000002,swap,notBad
9306,15,240.8000000000003,15,225.60000000000002,move,improve
9307,15,240.8000000000003,15,225.60000000000002,move,improve
9308,15,240.8000000000003,15,225.60000000000002,move,improve
9309,15,240.8000000000003,15,225.60000000000002,swap,notBad
9310,15,240.8000000000003,15,225.60000000000002,swap,notBad
9311,15,240.8000000000003,15,225.60000000000002,2opt,notBad
9312,15,240.8000000000003,15,225.60000000000002,2opt,notBad
9313,15,240.8000000000003,15,225.60000000000002,move,improve
9314,15,240.8000000000003,15,225.60000000000002,2opt,improve
9315,15,240.8000000000003,15,225.60000000000002,swap,notBad
9316,15,240.8000000000003,15,225.60000000000002,swap,notBad
9317,15,240.8000000000003,15,225.60000000000002,2opt,improve
9318,15,240.8000000000003,15,225.60000000000002,move,improve
9319,15,240.8000000000003,15,225.60000000000002,2opt,notBad
9320,15,240.8000000000003,15,225.60000000000002,move,improve
9321,15,240.8000000000003,15,225.60000000000002,swap,notBad
9322,15,240.8000000000003,15,225.60000000000002,2opt,notBad
9323,15,240.8000000000003,15,225.60000000000002,move,improve
9324,15,240.8000000000003,15,225.60000000000002,2opt,notBad
9325,15,240.8000000000003,15,225.60000000000002,2opt,notBad
9326,15,240.8000000000003,15,225.60000000000002,2opt,improve
9327,15,240.8000000000003,15,225.60000000000002,swap,notBad
9328,15,240.8000000000003,15,225.60000000000002,swap,notBad
9329,15,240.8000000000003,15,225.60000000000002,move,improve
9330,15,240.8000000000003,15,225.60000000000002,2opt,notBad
9331,15,240.8000000000003,15,225.60000000000002,swap,notBad
9332,15,240.8000000000003,15,225.60000000000002,move,improve
9333,15,240.8000000000003,15,225.60000000000002,move,improve
9334,15,240.8000000000003,15,225.60000000000002,swap,notBad
9335,15,240.8000000000003,15,225.60000000000002,2opt,notBad
9336,15,240.8000000000003,15,225.60000000000002,move,improve
9337,15,240.8000000000003,15,225.60000000000002,2opt,notBad
9338,15,240.8000000000003,15,225.60000000000002,move,improve
9339,15,240.8000000000003,15,225.60000000000002,2opt,notBad
9340,15,240.8000000000003,15,225.60000000000002,move,improve
9341,15,240.8000000000003,15,225.60000000000002,move,improve
9342,15,240.8000000000003,15,225.60000000000002,2opt,notBad
9343,15,240.8000000000003,15,225.60000000000002,2opt,notBad
9344,15,240.8000000000003,15,225.60000000000002,2opt,notBad
9345,15,240.8000000000003,15,225.60000000000002,swap,notBad
9346,15,240.8000000000003,15,225.60000000000002,swap,notBad
9347,15,240.8000000000003,15,225.60000000000002,swap,notBad
9348,15,240.8000000000003,15,225.60000000000002,move,improve
9349,15,240.8000000000003,15,225.60000000000002,move,improve
9350,15,240.8000000000003,15,225.60000000000002,swap,notBad
9351,15,240.8000000000003,15,225.60000000000002,2opt,notBad
9352,15,240.8000000000003,15,225.60000000000002,2opt,notBad
9353,15,240.8000000000003,15,225.60000000000002,2opt,notBad
9354,15,240.8000000000003,15,225.60000000000002,swap,notBad
9355,15,240.8000000000003,15,225.60000000000002,swap,notBad
9356,15,238.00000000000023,15,225.60000000000002,move,improve
9357,15,238.00000000000023,15,225.60000000000002,swap,notBad
9358,15,238.00000000000023,15,225.60000000000002,2opt,notBad
9359,15,238.00000000000023,15,225.60000000000002,2opt,notBad
9360,15,238.00000000000023,15,225.60000000000002,swap,notBad
9361,15,238.00000000000023,15,225.60000000000002,swap,notBad
9362,15,238.00000000000023,15,225.60000000000002,2opt,notBad
9363,15,238.00000000000023,15,225.60000000000002,move,improve
9364,15,238.00000000000023,15,225.60000000000002,2opt,notBad
9365,15,238.00000000000023,15,225.60000000000002,move,improve
9366,15,238.00000000000023,15,225.60000000000002,2opt,notBad
9367,15,238.00000000000023,15,225.60000000000002,2opt,notBad
9368,15,238.00000000000023,15,225.60000000000002,2opt,notBad
9369,15,238.00000000000023,15,225.60000000000002,swap,notBad
9370,15,238.00000000000023,15,225.60000000000002,move,improve
9371,15,238.00000000000023,15,225.60000000000002,swap,notBad
9372,15,238.00000000000023,15,225.60000000000002,move,improve
9373,15,238.00000000000023,15,225.60000000000002,swap,notBad
9374,15,238.00000000000023,15,225.60000000000002,2opt,notBad
9375,15,238.00000000000023,15,225.60000000000002,2opt,notBad
9376,15,238.00000000000023,15,225.60000000000002,swap,notBad
9377,15,238.00000000000023,15,225.60000000000002,swap,notBad
9378,15,238.00000000000023,15,225.60000000000002,2opt,notBad
9379,15,238.00000000000023,15,225.60000000000002,move,improve
9380,15,238.00000000000023,15,225.60000000000002,move,improve
9381,15,238.00000000000023,15,225.60000000000002,2opt,notBad
9382,15,238.00000000000023,15,225.60000000000002,move,improve
9383,15,238.00000000000023,15,225.60000000000002,move,improve
9384,15,238.00000000000023,15,225.60000000000002,swap,notBad
9385,15,238.00000000000023,15,225.60000000000002,move,improve
9386,15,238.00000000000023,15,225.60000000000002,move,improve
9387,15,238.00000000000023,15,225.60000000000002,2opt,notBad
9388,15,238.00000000000023,15,225.60000000000002,move,improve
9389,15,238.00000000000023,15,225.60000000000002,2opt,notBad
9390,15,238.00000000000023,15,225.60000000000002,move,improve
9391,15,238.00000000000023,15,225.60000000000002,swap,notBad
9392,15,238.00000000000023,15,225.60000000000002,2opt,improve
9393,15,238.00000000000023,15,225.60000000000002,move,improve
9394,15,238.00000000000023,15,225.60000000000002,swap,notBad
9395,15,238.00000000000023,15,225.60000000000002,move,improve
9396,15,238.00000000000023,15,225.60000000000002,swap,notBad
9397,15,238.00000000000023,15,225.60000000000002,move,improve
9398,15,238.00000000000023,15,225.60000000000002,swap,notBad
9399,15,238.00000000000023,15,225.60000000000002,swap,notBad
9400,15,238.00000000000023,15,225.60000000000002,2opt,notBad
9401,15,238.00000000000023,15,225.60000000000002,move,improve
9402,15,238.00000000000023,15,225.60000000000002,2opt,improve
9403,15,238.00000000000023,15,225.60000000000002,move,improve
9404,15,238.00000000000023,15,225.60000000000002,2opt,notBad
9405,15,238.00000000000023,15,225.60000000000002,move,improve
9406,15,238.00000000000023,15,225.60000000000002,move,improve
9407,15,238.00000000000023,15,225.60000000000002,swap,notBad
9408,15,238.00000000000023,15,225.60000000000002,2opt,notBad
9409,15,238.00000000000023,15,225.60000000000002,2opt,notBad
9410,15,238.00000000000023,15,225.60000000000002,move,improve
9411,15,238.00000000000023,15,225.60000000000002,2opt,notBad
9412,15,238.00000000000023,15,225.60000000000002,2opt,notBad
9413,15,238.00000000000023,15,225.60000000000002,move,improve
9414,15,238.00000000000023,15,225.60000000000002,swap,notBad
9415,15,238.00000000000023,15,225.60000000000002,2opt,notBad
9416,15,238.00000000000023,15,225.60000000000002,2opt,notBad
9417,15,238.00000000000023,15,225.60000000000002,move,improve
9418,15,238.00000000000023,15,225.60000000000002,move,improve
9419,15,238.00000000000023,15,225.60000000000002,swap,notBad
9420,15,238.00000000000023,15,225.60000000000002,swap,notBad
9421,15,238.00000000000023,15,225.60000000000002,move,improve
9422,15,238.00000000000023,15,225.60000000000002,2opt,notBad
9423,15,238.00000000000023,15,225.60000000000002,swap,notBad
9424,15,238.00000000000023,15,225.60000000000002,swap,notBad
9425,15,238.00000000000023,15,225.60000000000002,move,improve
9426,15,238.00000000000023,15,225.60000000000002,2opt,notBad
9427,15,238.00000000000023,15,225.60000000000002,swap,notBad
9428,15,238.00000000000023,15,225.60000000000002,swap,notBad
9429,15,238.00000000000023,15,225.60000000000002,swap,notBad
9430,15,238.00000000000023,15,225.60000000000002,move,improve
9431,15,238.00000000000023,15,225.60000000000002,move,improve
9432,15,238.00000000000023,15,225.60000000000002,swap,notBad
9433,15,238.00000000000023,15,225.60000000000002,move,improve
9434,15,238.00000000000023,15,225.60000000000002,move,improve
9435,15,240.8000000000003,15,225.60000000000002,move,acceptBad
9436,15,240.8000000000003,15,225.60000000000002,2opt,notBad
9437,15,240.8000000000003,15,225.60000000000002,swap,notBad
9438,15,240.8000000000003,15,225.60000000000002,move,improve
9439,15,240.8000000000003,15,225.60000000000002,swap,notBad
9440,15,240.8000000000003,15,225.60000000000002,swap,notBad
9441,15,240.8000000000003,15,225.60000000000002,move,improve
9442,15,240.8000000000003,15,225.60000000000002,move,improve
9443,15,240.8000000000003,15,225.60000000000002,2opt,notBad
9444,15,240.8000000000003,15,225.60000000000002,2opt,improve
9445,15,240.8000000000003,15,225.60000000000002,swap,notBad
9446,15,240.8000000000003,15,225.60000000000002,2opt,notBad
9447,15,240.8000000000003,15,225.60000000000002,swap,notBad
9448,15,240.8000000000003,15,225.60000000000002,2opt,notBad
9449,15,240.8000000000003,15,225.60000000000002,2opt,improve
9450,15,240.8000000000003,15,225.60000000000002,2opt,notBad
9451,15,240.8000000000003,15,225.60000000000002,move,improve
9452,15,240.8000000000003,15,225.60000000000002,swap,notBad
9453,15,240.8000000000003,15,225.60000000000002,move,improve
9454,15,240.8000000000003,15,225.60000000000002,swap,notBad
9455,15,240.8000000000003,15,225.60000000000002,2opt,notBad
9456,15,240.8000000000003,15,225.60000000000002,2opt,notBad
9457,15,240.8000000000003,15,225.60000000000002,move,improve
9458,15,240.8000000000003,15,225.60000000000002,swap,notBad
9459,15,240.8000000000003,15,225.60000000000002,swap,notBad
9460,15,240.8000000000003,15,225.60000000000002,swap,notBad
9461,15,240.8000000000003,15,225.60000000000002,swap,notBad
9462,15,240.8000000000003,15,225.60000000000002,move,improve
9463,15,240.8000000000003,15,225.60000000000002,move,improve
9464,15,240.8000000000003,15,225.60000000000002,swap,notBad
9465,15,240.8000000000003,15,225.60000000000002,move,improve
9466,15,240.8000000000003,15,225.60000000000002,move,improve
9467,15,240.8000000000003,15,225.60000000000002,2opt,improve
9468,15,240.8000000000003,15,225.60000000000002,move,improve
9469,15,240.8000000000003,15,225.60000000000002,swap,notBad
9470,15,240.8000000000003,15,225.60000000000002,2opt,notBad
9471,15,240.8000000000003,15,225.60000000000002,2opt,notBad
9472,15,240.8000000000003,15,225.60000000000002,2opt,notBad
9473,15,240.8000000000003,15,225.60000000000002,swap,notBad
9474,15,240.8000000000003,15,225.60000000000002,2opt,notBad
9475,15,240.8000000000003,15,225.60000000000002,swap,notBad
9476,15,240.8000000000003,15,225.60000000000002,2opt,notBad
9477,15,240.8000000000003,15,225.60000000000002,swap,notBad
9478,15,240.8000000000003,15,225.60000000000002,swap,notBad
9479,15,240.8000000000003,15,225.60000000000002,swap,notBad
9480,15,240.8000000000003,15,225.60000000000002,swap,notBad
9481,15,240.8000000000003,15,225.60000000000002,move,improve
9482,15,240.8000000000003,15,225.60000000000002,2opt,notBad
9483,15,240.8000000000003,15,225.60000000000002,move,improve
9484,15,240.8000000000003,15,225.60000000000002,2opt,notBad
9485,15,240.8000000000003,15,225.60000000000002,swap,notBad
9486,15,240.8000000000003,15,225.60000000000002,swap,notBad
9487,15,240.8000000000003,15,225.60000000000002,2opt,notBad
9488,15,240.8000000000003,15,225.60000000000002,2opt,notBad
9489,15,240.8000000000003,15,225.60000000000002,swap,notBad
9490,15,239.00000000000023,15,225.60000000000002,move,improve
9491,15,239.00000000000023,15,225.60000000000002,2opt,improve
9492,15,239.00000000000023,15,225.60000000000002,2opt,notBad
9493,15,239.00000000000023,15,225.60000000000002,swap,notBad
9494,15,239.00000000000023,15,225.60000000000002,move,improve
9495,15,239.00000000000023,15,225.60000000000002,move,notBad
9496,15,239.00000000000023,15,225.60000000000002,move,improve
9497,15,239.00000000000023,15,225.60000000000002,2opt,notBad
9498,15,239.00000000000023,15,225.60000000000002,2opt,notBad
9499,15,239.00000000000023,15,225.60000000000002,move,improve
9500,15,239.00000000000023,15,225.60000000000002,move,improve
9501,15,239.00000000000023,15,225.60000000000002,swap,notBad
9502,15,239.00000000000023,15,225.60000000000002,move,improve
9503,15,239.00000000000023,15,225.60000000000002,move,improve
9504,15,239.00000000000023,15,225.60000000000002,2opt,notBad
9505,15,239.00000000000023,15,225.60000000000002,2opt,notBad
9506,15,239.00000000000023,15,225.60000000000002,swap,notBad
9507,15,239.00000000000023,15,225.60000000000002,swap,notBad
9508,15,239.00000000000023,15,225.60000000000002,2opt,notBad
9509,15,239.00000000000023,15,225.60000000000002,2opt,notBad
9510,15,239.00000000000023,15,225.60000000000002,move,improve
9511,15,239.00000000000023,15,225.60000000000002,swap,notBad
9512,15,239.00000000000023,15,225.60000000000002,move,improve
9513,15,239.00000000000023,15,225.60000000000002,move,improve
9514,15,239.00000000000023,15,225.60000000000002,2opt,notBad
9515,15,239.00000000000023,15,225.60000000000002,swap,notBad
9516,15,239.00000000000023,15,225.60000000000002,move,improve
9517,15,239.00000000000023,15,225.60000000000002,move,improve
9518,15,239.00000000000023,15,225.60000000000002,move,improve
9519,15,239.00000000000023,15,225.60000000000002,2opt,notBad
9520,15,239.00000000000023,15,225.60000000000002,swap,notBad
9521,15,239.00000000000023,15,225.60000000000002,2opt,notBad
9522,15,239.00000000000023,15,225.60000000000002,2opt,notBad
9523,15,239.00000000000023,15,225.60000000000002,2opt,notBad
9524,15,239.00000000000023,15,225.60000000000002,swap,notBad
9525,15,239.00000000000023,15,225.60000000000002,2opt,notBad
9526,15,239.00000000000023,15,225.60000000000002,swap,notBad
9527,15,239.00000000000023,15,225.60000000000002,2opt,notBad
9528,15,239.00000000000023,15,225.60000000000002,2opt,notBad
9529,15,239.00000000000023,15,225.60000000000002,2opt,improve
9530,15,239.00000000000023,15,225.60000000000002,move,improve
9531,15,239.00000000000023,15,225.60000000000002,2opt,notBad
9532,15,239.00000000000023,15,225.60000000000002,move,improve
9533,15,239.00000000000023,15,225.60000000000002,2opt,notBad
9534,15,239.00000000000023,15,225.60000000000002,swap,notBad
9535,15,239.00000000000023,15,225.60000000000002,move,improve
9536,15,239.00000000000023,15,225.60000000000002,move,improve
9537,15,239.00000000000023,15,225.60000000000002,swap,notBad
9538,15,239.00000000000023,15,225.60000000000002,swap,notBad
9539,15,239.00000000000023,15,225.60000000000002,2opt,notBad
9540,15,239.00000000000023,15,225.60000000000002,swap,notBad
9541,15,239.00000000000023,15,225.60000000000002,swap,notBad
9542,15,239.00000000000023,15,225.60000000000002,move,improve
9543,15,239.00000000000023,15,225.60000000000002,2opt,notBad
9544,15,239.00000000000023,15,225.60000000000002,2opt,notBad
9545,15,239.00000000000023,15,225.60000000000002,swap,notBad
9546,15,239.00000000000023,15,225.60000000000002,swap,notBad
9547,15,239.00000000000023,15,225.60000000000002,move,improve
9548,15,239.00000000000023,15,225.60000000000002,move,improve
9549,15,239.00000000000023,15,225.60000000000002,swap,notBad
9550,15,239.00000000000023,15,225.60000000000002,move,improve
9551,15,239.00000000000023,15,225.60000000000002,2opt,notBad
9552,15,239.00000000000023,15,225.60000000000002,2opt,improve
9553,15,239.00000000000023,15,225.60000000000002,move,improve
9554,15,239.00000000000023,15,225.60000000000002,2opt,notBad
9555,15,239.00000000000023,15,225.60000000000002,swap,notBad
9556,15,239.00000000000023,15,225.60000000000002,2opt,notBad
9557,15,239.00000000000023,15,225.60000000000002,swap,notBad
9558,15,239.00000000000023,15,225.60000000000002,move,improve
9559,15,239.00000000000023,15,225.60000000000002,move,improve
9560,15,239.00000000000023,15,225.60000000000002,swap,notBad
9561,15,239.00000000000023,15,225.60000000000002,2opt,notBad
9562,15,239.00000000000023,15,225.60000000000002,move,improve
9563,15,239.00000000000023,15,225.60000000000002,move,improve
9564,15,239.00000000000023,15,225.60000000000002,move,improve
9565,15,239.00000000000023,15,225.60000000000002,2opt,improve
9566,15,239.00000000000023,15,225.60000000000002,move,improve
9567,15,239.00000000000023,15,225.60000000000002,move,improve
9568,15,239.00000000000023,15,225.60000000000002,move,improve
9569,15,239.00000000000023,15,225.60000000000002,2opt,notBad
9570,15,239.00000000000023,15,225.60000000000002,2opt,notBad
9571,15,239.00000000000023,15,225.60000000000002,2opt,notBad
9572,15,241.00000000000028,15,225.60000000000002,swap,acceptBad
9573,15,241.00000000000028,15,225.60000000000002,swap,notBad
9574,15,241.00000000000028,15,225.60000000000002,2opt,notBad
9575,15,241.00000000000028,15,225.60000000000002,2opt,notBad
9576,15,241.00000000000028,15,225.60000000000002,move,improve
9577,15,241.00000000000028,15,225.60000000000002,move,improve
9578,15,241.00000000000028,15,225.60000000000002,move,improve
9579,15,241.00000000000028,15,225.60000000000002,swap,notBad
9580,15,241.00000000000028,15,225.60000000000002,swap,notBad
9581,15,241.00000000000028,15,225.60000000000002,swap,notBad
9582,15,241.00000000000028,15,225.60000000000002,move,improve
9583,15,241.00000000000028,15,225.60000000000002,swap,notBad
9584,15,241.00000000000028,15,225.60000000000002,move,improve
9585,15,241.00000000000028,15,225.60000000000002,swap,notBad
9586,15,241.00000000000028,15,225.60000000000002,2opt,notBad
9587,15,241.00000000000028,15,225.60000000000002,move,improve
9588,15,241.00000000000028,15,225.60000000000002,swap,notBad
9589,15,241.00000000000028,15,225.60000000000002,2opt,notBad
9590,15,241.00000000000028,15,225.60000000000002,move,improve
9591,15,241.00000000000028,15,225.60000000000002,move,improve
9592,15,241.00000000000028,15,225.60000000000002,swap,notBad
9593,15,241.00000000000028,15,225.60000000000002,2opt,improve
9594,15,241.00000000000028,15,225.60000000000002,move,improve
9595,15,241.00000000000028,15,225.60000000000002,2opt,notBad
9596,15,241.00000000000028,15,225.60000000000002,move,improve
9597,15,241.00000000000028,15,225.60000000000002,swap,notBad
9598,15,241.00000000000028,15,225.60000000000002,move,improve
9599,15,241.00000000000028,15,225.60000000000002,swap,notBad
9600,15,241.00000000000028,15,225.60000000000002,swap,notBad
9601,15,241.00000000000028,15,225.60000000000002,move,improve
9602,15,241.00000000000028,15,225.60000000000002,move,improve
9603,15,241.00000000000028,15,225.60000000000002,move,improve
9604,15,241.00000000000028,15,225.60000000000002,2opt,notBad
9605,15,241.00000000000028,15,225.60000000000002,swap,notBad
9606,15,241.00000000000028,15,225.60000000000002,2opt,notBad
9607,15,241.00000000000028,15,225.60000000000002,move,improve
9608,15,241.00000000000028,15,225.60000000000002,2opt,notBad
9609,15,241.00000000000028,15,225.60000000000002,swap,notBad
9610,15,241.00000000000028,15,225.60000000000002,swap,notBad
9611,15,241.00000000000028,15,225.60000000000002,move,improve
9612,15,241.00000000000028,15,225.60000000000002,2opt,notBad
9613,15,241.00000000000028,15,225.60000000000002,move,improve
9614,15,241.00000000000028,15,225.60000000000002,swap,notBad
9615,15,241.00000000000028,15,225.60000000000002,move,improve
9616,15,241.00000000000028,15,225.60000000000002,swap,notBad
9617,15,241.00000000000028,15,225.60000000000002,swap,notBad
9618,15,241.00000000000028,15,225.60000000000002,move,improve
9619,15,241.00000000000028,15,225.60000000000002,swap,notBad
9620,15,241.00000000000028,15,225.60000000000002,2opt,notBad
9621,15,241.00000000000028,15,225.60000000000002,move,improve
9622,15,241.00000000000028,15,225.60000000000002,move,notBad
9623,15,241.00000000000028,15,225.60000000000002,2opt,notBad
9624,15,241.00000000000028,15,225.60000000000002,move,improve
9625,15,241.00000000000028,15,225.60000000000002,2opt,improve
9626,15,241.00000000000028,15,225.60000000000002,swap,notBad
9627,15,241.00000000000028,15,225.60000000000002,swap,notBad
9628,15,241.00000000000028,15,225.60000000000002,move,improve
9629,15,241.00000000000028,15,225.60000000000002,2opt,notBad
9630,15,241.00000000000028,15,225.60000000000002,swap,notBad
9631,15,241.00000000000028,15,225.60000000000002,2opt,notBad
9632,15,241.00000000000028,15,225.60000000000002,move,improve
9633,15,241.00000000000028,15,225.60000000000002,2opt,notBad
9634,15,241.00000000000028,15,225.60000000000002,2opt,notBad
9635,15,241.00000000000028,15,225.60000000000002,2opt,notBad
9636,15,241.00000000000028,15,225.60000000000002,2opt,notBad
9637,15,241.00000000000028,15,225.60000000000002,2opt,notBad
9638,15,241.00000000000028,15,225.60000000000002,swap,notBad
9639,15,241.00000000000028,15,225.60000000000002,swap,notBad
9640,15,241.00000000000028,15,225.60000000000002,2opt,notBad
9641,15,241.00000000000028,15,225.60000000000002,2opt,notBad
9642,15,241.00000000000028,15,225.60000000000002,move,notBad
9643,15,241.00000000000028,15,225.60000000000002,swap,notBad
9644,15,241.00000000000028,15,225.60000000000002,swap,notBad
9645,15,241.00000000000028,15,225.60000000000002,2opt,notBad
9646,15,241.00000000000028,15,225.60000000000002,swap,notBad
9647,15,241.00000000000028,15,225.60000000000002,swap,notBad
9648,15,241.00000000000028,15,225.60000000000002,swap,notBad
9649,15,241.00000000000028,15,225.60000000000002,2opt,notBad
9650,15,241.00000000000028,15,225.60000000000002,swap,notBad
9651,15,241.00000000000028,15,225.60000000000002,2opt,improve
9652,15,241.00000000000028,15,225.60000000000002,swap,notBad
9653,15,241.00000000000028,15,225.60000000000002,swap,notBad
9654,15,241.00000000000028,15,225.60000000000002,2opt,notBad
9655,15,241.00000000000028,15,225.60000000000002,2opt,notBad
9656,15,241.00000000000028,15,225.60000000000002,move,improve
9657,15,241.00000000000028,15,225.60000000000002,swap,notBad
9658,15,241.00000000000028,15,225.60000000000002,swap,notBad
9659,15,241.00000000000028,15,225.60000000000002,2opt,notBad
9660,15,241.00000000000028,15,225.60000000000002,2opt,improve
9661,15,241.00000000000028,15,225.60000000000002,swap,notBad
9662,15,241.00000000000028,15,225.60000000000002,swap,notBad
9663,15,241.00000000000028,15,225.60000000000002,swap,notBad
9664,15,241.00000000000028,15,225.60000000000002,move,improve
9665,15,241.00000000000028,15,225.60000000000002,move,improve
9666,15,241.00000000000028,15,225.60000000000002,2opt,notBad
9667,15,241.00000000000028,15,225.60000000000002,move,improve
9668,15,241.00000000000028,15,225.60000000000002,2opt,notBad
9669,15,241.00000000000028,15,225.60000000000002,swap,notBad
9670,15,241.00000000000028,15,225.60000000000002,2opt,notBad
9671,15,241.00000000000028,15,225.60000000000002,swap,notBad
9672,15,241.00000000000028,15,225.60000000000002,2opt,improve
9673,15,241.00000000000028,15,225.60000000000002,2opt,notBad
9674,15,241.00000000000028,15,225.60000000000002,move,improve
9675,15,241.00000000000028,15,225.60000000000002,swap,notBad
9676,15,241.00000000000028,15,225.60000000000002,swap,notBad
9677,15,241.00000000000028,15,225.60000000000002,swap,notBad
9678,15,241.00000000000028,15,225.60000000000002,move,improve
9679,15,241.00000000000028,15,225.60000000000002,swap,notBad
9680,15,241.00000000000028,15,225.60000000000002,swap,notBad
9681,15,241.00000000000028,15,225.60000000000002,move,improve
9682,15,241.00000000000028,15,225.60000000000002,move,improve
9683,15,241.00000000000028,15,225.60000000000002,move,improve
9684,15,241.00000000000028,15,225.60000000000002,2opt,notBad
9685,15,241.00000000000028,15,225.60000000000002,move,improve
9686,15,241.00000000000028,15,225.60000000000002,2opt,notBad
9687,15,241.00000000000028,15,225.60000000000002,2opt,notBad
9688,15,241.00000000000028,15,225.60000000000002,2opt,notBad
9689,15,241.00000000000028,15,225.60000000000002,swap,notBad
9690,15,241.00000000000028,15,225.60000000000002,2opt,improve
9691,15,241.00000000000028,15,225.60000000000002,move,improve
9692,15,241.00000000000028,15,225.60000000000002,2opt,notBad
9693,15,241.00000000000028,15,225.60000000000002,2opt,improve
9694,15,241.00000000000028,15,225.60000000000002,2opt,notBad
9695,15,241.00000000000028,15,225.60000000000002,2opt,notBad
9696,15,241.00000000000028,15,225.60000000000002,2opt,notBad
9697,15,241.00000000000028,15,225.60000000000002,move,improve
9698,15,241.00000000000028,15,225.60000000000002,move,improve
9699,15,241.00000000000028,15,225.60000000000002,swap,notBad
9700,15,241.00000000000028,15,225.60000000000002,2opt,notBad
9701,15,241.00000000000028,15,225.60000000000002,swap,notBad
9702,15,241.00000000000028,15,225.60000000000002,2opt,notBad
9703,15,241.00000000000028,15,225.60000000000002,move,improve
9704,15,241.00000000000028,15,225.60000000000002,swap,notBad
9705,15,241.00000000000028,15,225.60000000000002,move,improve
9706,15,241.00000000000028,15,225.60000000000002,2opt,notBad
9707,15,241.00000000000028,15,225.60000000000002,2opt,notBad
9708,15,241.00000000000028,15,225.60000000000002,swap,notBad
9709,15,241.00000000000028,15,225.60000000000002,move,improve
9710,15,241.00000000000028,15,225.60000000000002,2opt,notBad
9711,15,241.00000000000028,15,225.60000000000002,move,improve
9712,15,241.00000000000028,15,225.60000000000002,2opt,notBad
9713,15,241.00000000000028,15,225.60000000000002,swap,notBad
9714,15,241.00000000000028,15,225.60000000000002,2opt,improve
9715,15,241.00000000000028,15,225.60000000000002,move,improve
9716,15,241.00000000000028,15,225.60000000000002,2opt,notBad
9717,15,241.00000000000028,15,225.60000000000002,move,improve
9718,15,241.00000000000028,15,225.60000000000002,move,improve
9719,15,241.00000000000028,15,225.60000000000002,2opt,notBad
9720,15,241.00000000000028,15,225.60000000000002,move,improve
9721,15,241.00000000000028,15,225.60000000000002,2opt,notBad
9722,15,241.00000000000028,15,225.60000000000002,2opt,improve
9723,15,241.00000000000028,15,225.60000000000002,2opt,notBad
9724,15,241.00000000000028,15,225.60000000000002,swap,notBad
9725,15,241.00000000000028,15,225.60000000000002,2opt,notBad
9726,15,241.00000000000028,15,225.60000000000002,move,improve
9727,15,241.00000000000028,15,225.60000000000002,move,improve
9728,15,241.00000000000028,15,225.60000000000002,2opt,notBad
9729,15,241.00000000000028,15,225.60000000000002,2opt,improve
9730,15,241.00000000000028,15,225.60000000000002,2opt,notBad
9731,15,241.00000000000028,15,225.60000000000002,2opt,notBad
9732,15,241.00000000000028,15,225.60000000000002,2opt,notBad
9733,15,241.00000000000028,15,225.60000000000002,swap,notBad
9734,15,241.00000000000028,15,225.60000000000002,swap,notBad
9735,15,241.00000000000028,15,225.60000000000002,move,improve
9736,15,241.00000000000028,15,225.60000000000002,swap,notBad
9737,15,241.00000000000028,15,225.60000000000002,swap,notBad
9738,15,241.00000000000028,15,225.60000000000002,swap,notBad
9739,15,241.00000000000028,15,225.60000000000002,2opt,notBad
9740,15,241.00000000000028,15,225.60000000000002,2opt,notBad
9741,15,241.00000000000028,15,225.60000000000002,2opt,notBad
9742,15,241.00000000000028,15,225.60000000000002,swap,notBad
9743,15,241.00000000000028,15,225.60000000000002,2opt,notBad
9744,15,241.00000000000028,15,225.60000000000002,swap,notBad
9745,15,241.00000000000028,15,225.60000000000002,swap,notBad
9746,15,241.00000000000028,15,225.60000000000002,swap,notBad
9747,15,241.00000000000028,15,225.60000000000002,2opt,notBad
9748,15,241.00000000000028,15,225.60000000000002,swap,notBad
9749,15,241.00000000000028,15,225.60000000000002,swap,notBad
9750,15,241.00000000000028,15,225.60000000000002,move,improve
9751,15,241.00000000000028,15,225.60000000000002,swap,notBad
9752,15,241.00000000000028,15,225.60000000000002,2opt,notBad
9753,15,241.00000000000028,15,225.60000000000002,move,improve
9754,15,241.00000000000028,15,225.60000000000002,swap,notBad
9755,15,241.00000000000028,15,225.60000000000002,move,improve
9756,15,241.00000000000028,15,225.60000000000002,swap,notBad
9757,15,241.00000000000028,15,225.60000000000002,2opt,notBad
9758,15,241.00000000000028,15,225.60000000000002,2opt,notBad
9759,15,241.00000000000028,15,225.60000000000002,move,improve
9760,15,241.00000000000028,15,225.60000000000002,move,improve
9761,15,241.00000000000028,15,225.60000000000002,2opt,notBad
9762,15,241.00000000000028,15,225.60000000000002,move,improve
9763,15,241.00000000000028,15,225.60000000000002,2opt,notBad
9764,15,241.00000000000028,15,225.60000000000002,2opt,notBad
9765,15,241.00000000000028,15,225.60000000000002,2opt,improve
9766,15,241.00000000000028,15,225.60000000000002,move,improve
9767,15,241.00000000000028,15,225.60000000000002,2opt,notBad
9768,15,241.00000000000028,15,225.60000000000002,2opt,notBad
9769,15,241.00000000000028,15,225.60000000000002,move,improve
9770,15,241.00000000000028,15,225.60000000000002,2opt,notBad
9771,15,241.00000000000028,15,225.60000000000002,2opt,improve
9772,15,230.00000000000006,15,225.60000000000002,swap,improve
9773,15,230.00000000000006,15,225.60000000000002,swap,notBad
9774,15,230.00000000000006,15,225.60000000000002,2opt,improve
9775,15,230.00000000000006,15,225.60000000000002,move,improve
9776,15,230.00000000000006,15,225.60000000000002,swap,notBad
9777,15,230.00000000000006,15,225.60000000000002,move,improve
9778,15,230.00000000000006,15,225.60000000000002,2opt,notBad
9779,15,230.00000000000006,15,225.60000000000002,2opt,improve
9780,15,230.00000000000006,15,225.60000000000002,swap,notBad
9781,15,230.00000000000006,15,225.60000000000002,move,improve
9782,15,230.00000000000006,15,225.60000000000002,swap,notBad
9783,15,230.00000000000006,15,225.60000000000002,2opt,notBad
9784,15,230.00000000000006,15,225.60000000000002,swap,notBad
9785,15,230.00000000000006,15,225.60000000000002,2opt,notBad
9786,15,230.00000000000006,15,225.60000000000002,swap,notBad
9787,15,230.00000000000006,15,225.60000000000002,move,improve
9788,15,230.00000000000006,15,225.60000000000002,move,improve
9789,15,230.00000000000006,15,225.60000000000002,swap,notBad
9790,15,230.00000000000006,15,225.60000000000002,swap,notBad
9791,15,230.00000000000006,15,225.60000000000002,swap,notBad
9792,15,230.00000000000006,15,225.60000000000002,2opt,notBad
9793,15,230.00000000000006,15,225.60000000000002,2opt,notBad
9794,15,230.00000000000006,15,225.60000000000002,swap,notBad
9795,15,230.00000000000006,15,225.60000000000002,move,improve
9796,15,230.00000000000006,15,225.60000000000002,move,improve
9797,15,230.00000000000006,15,225.60000000000002,2opt,notBad
9798,15,230.00000000000006,15,225.60000000000002,move,improve
9799,15,230.00000000000006,15,225.60000000000002,2opt,notBad
9800,15,230.00000000000006,15,225.60000000000002,2opt,notBad
9801,15,230.00000000000006,15,225.60000000000002,2opt,notBad
9802,15,230.00000000000006,15,225.60000000000002,swap,notBad
9803,15,230.00000000000006,15,225.60000000000002,swap,notBad
9804,15,230.00000000000006,15,225.60000000000002,swap,notBad
9805,15,230.00000000000006,15,225.60000000000002,move,improve
9806,15,230.00000000000006,15,225.60000000000002,swap,notBad
9807,15,230.00000000000006,15,225.60000000000002,2opt,notBad
9808,15,230.00000000000006,15,225.60000000000002,2opt,notBad
9809,15,230.00000000000006,15,225.60000000000002,move,improve
9810,15,230.00000000000006,15,225.60000000000002,2opt,notBad
9811,15,230.00000000000006,15,225.60000000000002,swap,notBad
9812,15,230.00000000000006,15,225.60000000000002,swap,notBad
9813,15,230.00000000000006,15,225.60000000000002,swap,notBad
9814,15,230.00000000000006,15,225.60000000000002,2opt,improve
9815,15,230.00000000000006,15,225.60000000000002,move,improve
9816,15,230.00000000000006,15,225.60000000000002,2opt,improve
9817,15,230.00000000000006,15,225.60000000000002,2opt,notBad
9818,15,230.00000000000006,15,225.60000000000002,swap,notBad
9819,15,230.00000000000006,15,225.60000000000002,move,improve
9820,15,230.00000000000006,15,225.60000000000002,swap,notBad
9821,15,230.00000000000006,15,225.60000000000002,2opt,notBad
9822,15,230.00000000000006,15,225.60000000000002,2opt,notBad
9823,15,230.00000000000006,15,225.60000000000002,move,notBad
9824,15,230.00000000000006,15,225.60000000000002,move,improve
9825,15,230.00000000000006,15,225.60000000000002,swap,notBad
9826,15,230.00000000000006,15,225.60000000000002,swap,notBad
9827,15,230.00000000000006,15,225.60000000000002,swap,notBad
9828,15,230.00000000000006,15,225.60000000000002,2opt,notBad
9829,15,230.00000000000006,15,225.60000000000002,move,improve
9830,15,230.00000000000006,15,225.60000000000002,move,improve
9831,15,230.00000000000006,15,225.60000000000002,move,improve
9832,15,230.00000000000006,15,225.60000000000002,swap,notBad
9833,15,230.00000000000006,15,225.60000000000002,move,improve
9834,15,230.00000000000006,15,225.60000000000002,move,improve
9835,15,230.00000000000006,15,225.60000000000002,2opt,notBad
9836,15,230.00000000000006,15,225.60000000000002,2opt,notBad
9837,15,230.00000000000006,15,225.60000000000002,2opt,notBad
9838,15,230.00000000000006,15,225.60000000000002,2opt,notBad
9839,15,230.00000000000006,15,225.60000000000002,swap,notBad
9840,15,230.00000000000006,15,225.60000000000002,swap,notBad
9841,15,230.00000000000006,15,225.60000000000002,swap,notBad
9842,15,230.00000000000006,15,225.60000000000002,2opt,notBad
9843,15,230.00000000000006,15,225.60000000000002,swap,notBad
9844,15,230.00000000000006,15,225.60000000000002,swap,notBad
9845,15,230.00000000000006,15,225.60000000000002,2opt,notBad
9846,15,230.00000000000006,15,225.60000000000002,move,improve
9847,15,230.00000000000006,15,225.60000000000002,2opt,improve
9848,15,230.00000000000006,15,225.60000000000002,swap,notBad
9849,15,230.00000000000006,15,225.60000000000002,2opt,notBad
9850,15,230.00000000000006,15,225.60000000000002,2opt,improve
9851,15,230.00000000000006,15,225.60000000000002,swap,notBad
9852,15,230.00000000000006,15,225.60000000000002,move,improve
9853,15,230.00000000000006,15,225.60000000000002,move,improve
9854,15,230.00000000000006,15,225.60000000000002,move,improve
9855,15,230.00000000000006,15,225.60000000000002,move,improve
9856,15,230.00000000000006,15,225.60000000000002,swap,notBad
9857,15,230.00000000000006,15,225.60000000000002,2opt,notBad
9858,15,230.00000000000006,15,225.60000000000002,swap,notBad
9859,15,230.00000000000006,15,225.60000000000002,swap,notBad
9860,15,230.00000000000006,15,225.60000000000002,swap,notBad
9861,15,230.00000000000006,15,225.60000000000002,move,improve
9862,15,230.00000000000006,15,225.60000000000002,swap,notBad
9863,15,230.00000000000006,15,225.60000000000002,move,improve
9864,15,230.00000000000006,15,225.60000000000002,swap,notBad
9865,15,230.00000000000006,15,225.60000000000002,swap,notBad
9866,15,230.00000000000006,15,225.60000000000002,2opt,notBad
9867,15,230.00000000000006,15,225.60000000000002,2opt,notBad
9868,15,230.00000000000006,15,225.60000000000002,2opt,notBad
9869,15,230.00000000000006,15,225.60000000000002,move,improve
9870,15,230.00000000000006,15,225.60000000000002,move,improve
9871,15,230.00000000000006,15,225.60000000000002,move,improve
9872,15,230.00000000000006,15,225.60000000000002,move,improve
9873,15,230.00000000000006,15,225.60000000000002,move,improve
9874,15,230.00000000000006,15,225.60000000000002,swap,notBad
9875,15,230.00000000000006,15,225.60000000000002,move,improve
9876,15,230.00000000000006,15,225.60000000000002,move,improve
9877,15,230.00000000000006,15,225.60000000000002,swap,notBad
9878,15,230.00000000000006,15,225.60000000000002,2opt,notBad
9879,15,230.00000000000006,15,225.60000000000002,move,improve
9880,15,230.00000000000006,15,225.60000000000002,move,improve
9881,15,230.00000000000006,15,225.60000000000002,2opt,notBad
9882,15,230.00000000000006,15,225.60000000000002,move,improve
9883,15,230.00000000000006,15,225.60000000000002,swap,notBad
9884,15,230.00000000000006,15,225.60000000000002,2opt,notBad
9885,15,230.00000000000006,15,225.60000000000002,move,improve
9886,15,230.00000000000006,15,225.60000000000002,2opt,improve
9887,15,230.00000000000006,15,225.60000000000002,2opt,notBad
9888,15,230.00000000000006,15,225.60000000000002,move,improve
9889,15,230.00000000000006,15,225.60000000000002,move,improve
9890,15,230.00000000000006,15,225.60000000000002,move,improve
9891,15,230.00000000000006,15,225.60000000000002,swap,notBad
9892,15,230.00000000000006,15,225.60000000000002,2opt,notBad
9893,15,230.00000000000006,15,225.60000000000002,swap,notBad
9894,15,230.00000000000006,15,225.60000000000002,move,improve
9895,15,230.00000000000006,15,225.60000000000002,move,improve
9896,15,230.00000000000006,15,225.60000000000002,swap,notBad
9897,15,230.00000000000006,15,225.60000000000002,swap,notBad
9898,15,230.00000000000006,15,225.60000000000002,move,improve
9899,15,230.00000000000006,15,225.60000000000002,move,improve
9900,15,230.00000000000006,15,225.60000000000002,2opt,improve
9901,15,230.00000000000006,15,225.60000000000002,move,improve
9902,15,230.00000000000006,15,225.60000000000002,swap,notBad
9903,15,230.00000000000006,15,225.60000000000002,2opt,notBad
9904,15,230.00000000000006,15,225.60000000000002,2opt,notBad
9905,15,230.00000000000006,15,225.60000000000002,2opt,notBad
9906,15,230.00000000000006,15,225.60000000000002,move,improve
9907,15,230.00000000000006,15,225.60000000000002,swap,notBad
9908,15,230.00000000000006,15,225.60000000000002,2opt,notBad
9909,15,230.00000000000006,15,225.60000000000002,2opt,notBad
9910,15,230.00000000000006,15,225.60000000000002,2opt,notBad
9911,15,230.00000000000006,15,225.60000000000002,swap,notBad
9912,15,230.00000000000006,15,225.60000000000002,move,improve
9913,15,230.00000000000006,15,225.60000000000002,move,notBad
9914,15,230.00000000000006,15,225.60000000000002,move,improve
9915,15,230.00000000000006,15,225.60000000000002,2opt,notBad
9916,15,230.00000000000006,15,225.60000000000002,swap,notBad
9917,15,230.00000000000006,15,225.60000000000002,move,improve
9918,15,230.00000000000006,15,225.60000000000002,move,improve
9919,15,230.00000000000006,15,225.60000000000002,swap,notBad
9920,15,230.00000000000006,15,225.60000000000002,move,improve
9921,15,230.00000000000006,15,225.60000000000002,2opt,notBad
9922,15,230.00000000000006,15,225.60000000000002,2opt,notBad
9923,15,230.00000000000006,15,225.60000000000002,move,improve
9924,15,230.00000000000006,15,225.60000000000002,2opt,notBad
9925,15,230.00000000000006,15,225.60000000000002,2opt,notBad
9926,15,230.00000000000006,15,225.60000000000002,move,improve
9927,15,230.00000000000006,15,225.60000000000002,swap,notBad
9928,15,230.00000000000006,15,225.60000000000002,2opt,improve
9929,15,230.00000000000006,15,225.60000000000002,2opt,notBad
9930,15,230.00000000000006,15,225.60000000000002,swap,notBad
9931,15,230.00000000000006,15,225.60000000000002,swap,notBad
9932,15,230.00000000000006,15,225.60000000000002,swap,notBad
9933,15,230.00000000000006,15,225.60000000000002,swap,notBad
9934,15,230.00000000000006,15,225.60000000000002,swap,notBad
9935,15,230.00000000000006,15,225.60000000000002,move,improve
9936,15,230.00000000000006,15,225.60000000000002,swap,notBad
9937,15,230.00000000000006,15,225.60000000000002,2opt,notBad
9938,15,230.00000000000006,15,225.60000000000002,move,improve
9939,15,230.00000000000006,15,225.60000000000002,2opt,notBad
9940,15,230.00000000000006,15,225.60000000000002,move,improve
9941,15,230.00000000000006,15,225.60000000000002,2opt,notBad
9942,15,230.00000000000006,15,225.60000000000002,swap,notBad
9943,15,230.00000000000006,15,225.60000000000002,move,improve
9944,15,230.00000000000006,15,225.60000000000002,move,improve
9945,15,230.00000000000006,15,225.60000000000002,move,improve
9946,15,230.00000000000006,15,225.60000000000002,swap,notBad
9947,15,230.00000000000006,15,225.60000000000002,2opt,notBad
9948,15,230.00000000000006,15,225.60000000000002,move,improve
9949,15,230.00000000000006,15,225.60000000000002,swap,notBad
9950,15,230.00000000000006,15,225.60000000000002,2opt,improve
9951,15,230.00000000000006,15,225.60000000000002,2opt,notBad
9952,15,230.00000000000006,15,225.60000000000002,swap,notBad
9953,15,230.00000000000006,15,225.60000000000002,move,improve
9954,15,230.00000000000006,15,225.60000000000002,move,improve
9955,15,230.00000000000006,15,225.60000000000002,2opt,notBad
9956,15,230.00000000000006,15,225.60000000000002,2opt,improve
9957,15,230.00000000000006,15,225.60000000000002,move,improve
9958,15,230.00000000000006,15,225.60000000000002,move,improve
9959,15,230.00000000000006,15,225.60000000000002,swap,notBad
9960,15,230.00000000000006,15,225.60000000000002,swap,notBad
9961,15,230.00000000000006,15,225.60000000000002,swap,notBad
9962,15,230.00000000000006,15,225.60000000000002,move,improve
9963,15,230.00000000000006,15,225.60000000000002,swap,notBad
9964,15,230.00000000000006,15,225.60000000000002,move,improve
9965,15,230.00000000000006,15,225.60000000000002,2opt,notBad
9966,15,230.00000000000006,15,225.60000000000002,swap,notBad
9967,15,230.00000000000006,15,225.60000000000002,swap,notBad
9968,15,230.00000000000006,15,225.60000000000002,2opt,notBad
9969,15,230.00000000000006,15,225.60000000000002,swap,notBad
9970,15,230.00000000000006,15,225.60000000000002,swap,notBad
9971,15,230.00000000000006,15,225.60000000000002,2opt,notBad
9972,15,230.00000000000006,15,225.60000000000002,move,improve
9973,15,230.00000000000006,15,225.60000000000002,move,improve
9974,15,230.00000000000006,15,225.60000000000002,swap,notBad
9975,15,230.00000000000006,15,225.60000000000002,move,improve
9976,15,230.00000000000006,15,225.60000000000002,swap,notBad
9977,15,230.00000000000006,15,225.60000000000002,swap,notBad
9978,15,230.00000000000006,15,225.60000000000002,swap,notBad
9979,15,230.00000000000006,15,225.60000000000002,move,improve
9980,15,230.00000000000006,15,225.60000000000002,swap,notBad
9981,15,230.00000000000006,15,225.60000000000002,swap,notBad
9982,15,230.00000000000006,15,225.60000000000002,swap,notBad
9983,15,230.00000000000006,15,225.60000000000002,2opt,notBad
9984,15,230.00000000000006,15,225.60000000000002,swap,notBad
9985,15,230.00000000000006,15,225.60000000000002,move,improve
9986,15,230.00000000000006,15,225.60000000000002,swap,notBad
9987,15,230.00000000000006,15,225.60000000000002,2opt,notBad
9988,15,230.00000000000006,15,225.60000000000002,move,improve
9989,15,230.00000000000006,15,225.60000000000002,swap,notBad
9990,15,214.39999999999975,15,214.39999999999975,swap,newBest
9991,15,214.39999999999975,15,214.39999999999975,2opt,notBad
9992,15,214.39999999999975,15,214.39999999999975,2opt,improve
9993,15,214.39999999999975,15,214.39999999999975,2opt,improve
9994,15,214.39999999999975,15,214.39999999999975,2opt,notBad
9995,15,214.39999999999975,15,214.39999999999975,swap,notBad
9996,15,214.39999999999975,15,214.39999999999975,move,improve
9997,15,214.39999999999975,15,214.39999999999975,swap,notBad
9998,15,214.39999999999975,15,214.39999999999975,move,improve
9999,15,214.39999999999975,15,214.39999999999975,move,improve
10000,15,214.39999999999975,15,214.39999999999975,swap,notBad
10001,15,214.39999999999975,15,214.39999999999975,2opt,notBad
10002,15,214.39999999999975,15,214.39999999999975,move,improve
10003,15,214.39999999999975,15,214.39999999999975,move,improve
10004,15,214.39999999999975,15,214.39999999999975,2opt,notBad
10005,15,214.39999999999975,15,214.39999999999975,2opt,notBad
10006,15,214.39999999999975,15,214.39999999999975,2opt,improve
10007,15,214.39999999999975,15,214.39999999999975,move,improve
10008,15,214.39999999999975,15,214.39999999999975,2opt,notBad
10009,15,214.39999999999975,15,214.39999999999975,swap,notBad
10010,15,214.39999999999975,15,214.39999999999975,2opt,notBad
10011,15,214.39999999999975,15,214.39999999999975,2opt,improve
10012,15,214.39999999999975,15,214.39999999999975,2opt,notBad
10013,15,214.39999999999975,15,214.39999999999975,move,improve
10014,15,214.39999999999975,15,214.39999999999975,swap,notBad
10015,15,214.39999999999975,15,214.39999999999975,2opt,notBad
10016,15,214.39999999999975,15,214.39999999999975,move,improve
10017,15,214.39999999999975,15,214.39999999999975,2opt,notBad
10018,15,214.39999999999975,15,214.39999999999975,swap,notBad
10019,15,214.39999999999975,15,214.39999999999975,move,improve
10020,15,214.39999999999975,15,214.39999999999975,move,improve
10021,15,214.39999999999975,15,214.39999999999975,move,improve
10022,15,214.39999999999975,15,214.39999999999975,2opt,notBad
10023,15,214.39999999999975,15,214.39999999999975,move,improve
10024,15,214.39999999999975,15,214.39999999999975,swap,notBad
10025,15,214.39999999999975,15,214.39999999999975,move,improve
10026,15,214.39999999999975,15,214.39999999999975,move,improve
10027,15,214.39999999999975,15,214.39999999999975,2opt,notBad
10028,15,214.39999999999975,15,214.39999999999975,2opt,notBad
10029,15,214.39999999999975,15,214.39999999999975,move,improve
10030,15,214.39999999999975,15,214.39999999999975,swap,notBad
10031,15,214.39999999999975,15,214.39999999999975,move,improve
10032,15,214.39999999999975,15,214.39999999999975,swap,notBad
10033,15,214.39999999999975,15,214.39999999999975,2opt,notBad
10034,15,214.39999999999975,15,214.39999999999975,swap,notBad
10035,15,214.39999999999975,15,214.39999999999975,swap,notBad
10036,15,214.39999999999975,15,214.39999999999975,swap,notBad
10037,15,214.39999999999975,15,214.39999999999975,2opt,notBad
10038,15,214.39999999999975,15,214.39999999999975,2opt,notBad
10039,15,214.39999999999975,15,214.39999999999975,swap,notBad
10040,15,214.39999999999975,15,214.39999999999975,swap,notBad
10041,15,214.39999999999975,15,214.39999999999975,2opt,notBad
10042,15,214.39999999999975,15,214.39999999999975,swap,notBad
10043,15,214.39999999999975,15,214.39999999999975,2opt,notBad
10044,15,214.39999999999975,15,214.39999999999975,move,improve
10045,15,214.39999999999975,15,214.39999999999975,swap,notBad
10046,15,214.39999999999975,15,214.39999999999975,move,improve
10047,15,214.39999999999975,15,214.39999999999975,swap,notBad
10048,15,214.39999999999975,15,214.39999999999975,2opt,notBad
10049,15,214.39999999999975,15,214.39999999999975,2opt,notBad
10050,15,214.39999999999975,15,214.39999999999975,swap,notBad
10051,15,214.39999999999975,15,214.39999999999975,move,improve
10052,15,214.39999999999975,15,214.39999999999975,swap,notBad
10053,15,214.39999999999975,15,214.39999999999975,2opt,notBad
10054,15,214.39999999999975,15,214.39999999999975,2opt,notBad
10055,15,214.39999999999975,15,214.39999999999975,swap,notBad
10056,15,214.39999999999975,15,214.39999999999975,2opt,improve
10057,15,214.39999999999975,15,214.39999999999975,swap,notBad
10058,15,214.39999999999975,15,214.39999999999975,move,improve
10059,15,214.39999999999975,15,214.39999999999975,2opt,notBad
10060,15,214.39999999999975,15,214.39999999999975,move,improve
10061,15,214.39999999999975,15,214.39999999999975,move,improve
10062,15,214.39999999999975,15,214.39999999999975,swap,notBad
10063,15,214.39999999999975,15,214.39999999999975,swap,notBad
10064,15,214.39999999999975,15,214.39999999999975,2opt,improve
10065,15,214.39999999999975,15,214.39999999999975,swap,notBad
10066,15,214.39999999999975,15,214.39999999999975,swap,notBad
10067,15,214.39999999999975,15,214.39999999999975,move,improve
10068,15,214.39999999999975,15,214.39999999999975,2opt,notBad
10069,15,214.39999999999975,15,214.39999999999975,move,improve
10070,15,214.39999999999975,15,214.39999999999975,move,improve
10071,15,214.39999999999975,15,214.39999999999975,swap,notBad
10072,15,214.39999999999975,15,214.39999999999975,swap,notBad
10073,15,214.39999999999975,15,214.39999999999975,move,improve
10074,15,214.39999999999975,15,214.39999999999975,2opt,improve
10075,15,214.39999999999975,15,214.39999999999975,swap,notBad
10076,15,214.39999999999975,15,214.39999999999975,swap,notBad
10077,15,214.39999999999975,15,214.39999999999975,swap,notBad
10078,15,214.39999999999975,15,214.39999999999975,swap,notBad
10079,15,214.39999999999975,15,214.39999999999975,swap,notBad
10080,15,214.39999999999975,15,214.39999999999975,swap,notBad
10081,15,214.39999999999975,15,214.39999999999975,swap,notBad
10082,15,214.39999999999975,15,214.39999999999975,2opt,notBad
10083,15,214.39999999999975,15,214.39999999999975,2opt,notBad
10084,15,214.39999999999975,15,214.39999999999975,move,improve
10085,15,214.39999999999975,15,214.39999999999975,move,improve
10086,15,214.39999999999975,15,214.39999999999975,swap,notBad
10087,15,214.39999999999975,15,214.39999999999975,swap,notBad
10088,15,214.39999999999975,15,214.39999999999975,2opt,improve
10089,15,214.39999999999975,15,214.39999999999975,swap,notBad
10090,15,214.39999999999975,15,214.39999999999975,swap,notBad
10091,15,214.39999999999975,15,214.39999999999975,2opt,improve
10092,15,214.39999999999975,15,214.39999999999975,move,improve
10093,15,214.39999999999975,15,214.39999999999975,swap,notBad
10094,15,214.39999999999975,15,214.39999999999975,2opt,notBad
10095,15,214.39999999999975,15,214.39999999999975,2opt,notBad
10096,15,214.39999999999975,15,214.39999999999975,2opt,improve
10097,15,214.39999999999975,15,214.39999999999975,move,improve
10098,15,214.39999999999975,15,214.39999999999975,2opt,improve
10099,15,214.39999999999975,15,214.39999999999975,swap,notBad
10100,15,214.39999999999975,15,214.39999999999975,2opt,notBad
10101,15,214.39999999999975,15,214.39999999999975,swap,notBad
10102,15,214.39999999999975,15,214.39999999999975,move,improve
10103,15,213.39999999999952,15,213.39999999999952,swap,newBest
10104,15,213.39999999999952,15,213.39999999999952,2opt,notBad
10105,15,213.39999999999952,15,213.39999999999952,2opt,notBad
10106,15,213.39999999999952,15,213.39999999999952,move,improve
10107,15,213.39999999999952,15,213.39999999999952,swap,notBad
10108,15,213.39999999999952,15,213.39999999999952,move,improve
10109,15,213.39999999999952,15,213.39999999999952,swap,improve
10110,15,213.39999999999952,15,213.39999999999952,move,improve
10111,15,213.39999999999952,15,213.39999999999952,move,improve
10112,15,213.39999999999952,15,213.39999999999952,swap,notBad
10113,15,213.39999999999952,15,213.39999999999952,swap,notBad
10114,15,213.39999999999952,15,213.39999999999952,swap,notBad
10115,15,213.39999999999952,15,213.39999999999952,swap,notBad
10116,15,213.39999999999952,15,213.39999999999952,swap,notBad
10117,15,213.39999999999952,15,213.39999999999952,swap,notBad
10118,15,213.39999999999952,15,213.39999999999952,move,improve
10119,15,213.39999999999952,15,213.39999999999952,move,improve
10120,15,213.39999999999952,15,213.39999999999952,move,improve
10121,15,213.39999999999952,15,213.39999999999952,2opt,notBad
10122,15,213.39999999999952,15,213.39999999999952,move,notBad
10123,15,213.39999999999952,15,213.39999999999952,move,improve
10124,15,213.39999999999952,15,213.39999999999952,2opt,notBad
10125,15,213.39999999999952,15,213.39999999999952,2opt,notBad
10126,15,213.39999999999952,15,213.39999999999952,2opt,notBad
10127,15,213.39999999999952,15,213.39999999999952,swap,notBad
10128,15,213.39999999999952,15,213.39999999999952,move,improve
10129,15,213.39999999999952,15,213.39999999999952,2opt,improve
10130,15,213.39999999999952,15,213.39999999999952,2opt,notBad
10131,15,213.39999999999952,15,213.39999999999952,swap,notBad
10132,15,213.39999999999952,15,213.39999999999952,swap,notBad
10133,15,213.39999999999952,15,213.39999999999952,move,improve
10134,15,213.39999999999952,15,213.39999999999952,2opt,notBad
10135,15,213.39999999999952,15,213.39999999999952,2opt,notBad
10136,15,213.39999999999952,15,213.39999999999952,swap,notBad
10137,15,213.39999999999952,15,213.39999999999952,swap,notBad
10138,15,213.39999999999952,15,213.39999999999952,move,improve
10139,15,213.39999999999952,15,213.39999999999952,move,improve
10140,15,213.39999999999952,15,213.39999999999952,swap,notBad
10141,15,213.39999999999952,15,213.39999999999952,swap,notBad
10142,15,213.39999999999952,15,213.39999999999952,move,improve
10143,15,213.39999999999952,15,213.39999999999952,swap,notBad
10144,15,213.39999999999952,15,213.39999999999952,move,improve
10145,15,213.39999999999952,15,213.39999999999952,swap,notBad
10146,15,213.39999999999952,15,213.39999999999952,2opt,notBad
10147,15,213.39999999999952,15,213.39999999999952,move,improve
10148,15,213.39999999999952,15,213.39999999999952,2opt,improve
10149,15,213.39999999999952,15,213.39999999999952,move,improve
10150,15,213.39999999999952,15,213.39999999999952,swap,notBad
10151,15,213.39999999999952,15,213.39999999999952,2opt,notBad
10152,15,213.39999999999952,15,213.39999999999952,2opt,notBad
10153,15,213.39999999999952,15,213.39999999999952,swap,notBad
10154,15,213.39999999999952,15,213.39999999999952,move,improve
10155,15,213.39999999999952,15,213.39999999999952,swap,notBad
10156,15,213.39999999999952,15,213.39999999999952,swap,notBad
10157,15,213.39999999999952,15,213.39999999999952,move,improve
10158,15,213.39999999999952,15,213.39999999999952,2opt,notBad
10159,15,213.39999999999952,15,213.39999999999952,2opt,notBad
10160,15,213.39999999999952,15,213.39999999999952,move,improve
10161,15,213.39999999999952,15,213.39999999999952,move,improve
10162,15,213.39999999999952,15,213.39999999999952,swap,notBad
10163,15,213.39999999999952,15,213.39999999999952,2opt,notBad
10164,15,213.39999999999952,15,213.39999999999952,2opt,improve
10165,15,213.39999999999952,15,213.39999999999952,swap,notBad
10166,15,213.39999999999952,15,213.39999999999952,2opt,notBad
10167,15,213.39999999999952,15,213.39999999999952,swap,improve
10168,15,213.39999999999952,15,213.39999999999952,2opt,notBad
10169,15,213.39999999999952,15,213.39999999999952,move,improve
10170,15,213.39999999999952,15,213.39999999999952,swap,notBad
10171,15,213.39999999999952,15,213.39999999999952,move,improve
10172,15,213.39999999999952,15,213.39999999999952,swap,notBad
10173,15,213.39999999999952,15,213.39999999999952,swap,notBad
10174,15,213.39999999999952,15,213.39999999999952,swap,notBad
10175,15,213.39999999999952,15,213.39999999999952,move,improve
10176,15,213.39999999999952,15,213.39999999999952,2opt,improve
10177,15,213.39999999999952,15,213.39999999999952,2opt,notBad
10178,15,213.39999999999952,15,213.39999999999952,move,improve
10179,15,213.39999999999952,15,213.39999999999952,move,improve
10180,15,213.39999999999952,15,213.39999999999952,move,improve
10181,15,213.39999999999952,15,213.39999999999952,move,improve
10182,15,213.39999999999952,15,213.39999999999952,swap,notBad
10183,15,213.39999999999952,15,213.39999999999952,2opt,notBad
10184,15,213.39999999999952,15,213.39999999999952,swap,notBad
10185,15,213.39999999999952,15,213.39999999999952,swap,notBad
10186,15,213.39999999999952,15,213.39999999999952,swap,notBad
10187,15,213.39999999999952,15,213.39999999999952,2opt,notBad
10188,15,213.39999999999952,15,213.39999999999952,move,improve
10189,15,213.39999999999952,15,213.39999999999952,swap,notBad
10190,15,213.39999999999952,15,213.39999999999952,move,improve
10191,15,213.39999999999952,15,213.39999999999952,move,improve
10192,15,213.39999999999952,15,213.39999999999952,move,improve
10193,15,213.39999999999952,15,213.39999999999952,move,improve
10194,15,213.39999999999952,15,213.39999999999952,swap,notBad
10195,15,213.39999999999952,15,213.39999999999952,move,improve
10196,15,213.39999999999952,15,213.39999999999952,2opt,notBad
10197,15,213.39999999999952,15,213.39999999999952,move,improve
10198,15,213.39999999999952,15,213.39999999999952,swap,notBad
10199,15,217.39999999999958,15,213.39999999999952,swap,acceptBad
10200,15,217.39999999999958,15,213.39999999999952,move,improve
10201,15,217.39999999999958,15,213.39999999999952,swap,notBad
10202,15,217.39999999999958,15,213.39999999999952,move,improve
10203,15,217.39999999999958,15,213.39999999999952,swap,notBad
10204,15,217.39999999999958,15,213.39999999999952,2opt,notBad
10205,15,217.39999999999958,15,213.39999999999952,swap,notBad
10206,15,217.39999999999958,15,213.39999999999952,swap,notBad
10207,15,217.39999999999958,15,213.39999999999952,swap,notBad
10208,15,217.39999999999958,15,213.39999999999952,2opt,notBad
10209,15,217.39999999999958,15,213.39999999999952,swap,notBad
10210,15,217.39999999999958,15,213.39999999999952,2opt,notBad
10211,15,217.39999999999958,15,213.39999999999952,2opt,notBad
10212,15,217.39999999999958,15,213.39999999999952,2opt,notBad
10213,15,217.39999999999958,15,213.39999999999952,move,improve
10214,15,217.39999999999958,15,213.39999999999952,swap,notBad
10215,15,217.39999999999958,15,213.39999999999952,2opt,improve
10216,15,217.39999999999958,15,213.39999999999952,2opt,notBad
10217,15,217.39999999999958,15,213.39999999999952,move,improve
10218,15,217.39999999999958,15,213.39999999999952,move,improve
10219,15,217.39999999999958,15,213.39999999999952,swap,notBad
10220,15,217.39999999999958,15,213.39999999999952,2opt,notBad
10221,15,217.39999999999958,15,213.39999999999952,2opt,notBad
10222,15,217.39999999999958,15,213.39999999999952,swap,notBad
10223,15,217.39999999999958,15,213.39999999999952,2opt,notBad
10224,15,217.39999999999958,15,213.39999999999952,swap,notBad
10225,15,217.39999999999958,15,213.39999999999952,swap,notBad
10226,15,217.39999999999958,15,213.39999999999952,2opt,notBad
10227,15,217.39999999999958,15,213.39999999999952,move,improve
10228,15,217.39999999999958,15,213.39999999999952,swap,notBad
10229,15,217.39999999999958,15,213.39999999999952,2opt,notBad
10230,15,217.39999999999958,15,213.39999999999952,2opt,notBad
10231,15,217.39999999999958,15,213.39999999999952,2opt,notBad
10232,15,217.39999999999958,15,213.39999999999952,move,improve
10233,15,217.39999999999958,15,213.39999999999952,swap,notBad
10234,15,217.39999999999958,15,213.39999999999952,2opt,notBad
10235,15,217.39999999999958,15,213.39999999999952,move,improve
10236,15,217.39999999999958,15,213.39999999999952,move,improve
10237,15,213.39999999999952,15,213.39999999999952,move,improve
10238,15,213.39999999999952,15,213.39999999999952,2opt,notBad
10239,15,213.39999999999952,15,213.39999999999952,move,improve
10240,15,213.39999999999952,15,213.39999999999952,2opt,notBad
10241,15,213.39999999999952,15,213.39999999999952,move,improve
10242,15,213.39999999999952,15,213.39999999999952,move,improve
10243,15,213.39999999999952,15,213.39999999999952,move,improve
10244,15,213.39999999999952,15,213.39999999999952,swap,notBad
10245,15,213.39999999999952,15,213.39999999999952,move,improve
10246,15,213.39999999999952,15,213.39999999999952,2opt,notBad
10247,15,213.39999999999952,15,213.39999999999952,move,improve
10248,15,213.39999999999952,15,213.39999999999952,swap,notBad
10249,15,213.39999999999952,15,213.39999999999952,move,improve
10250,15,213.39999999999952,15,213.39999999999952,2opt,notBad
10251,15,213.39999999999952,15,213.39999999999952,2opt,notBad
10252,15,213.39999999999952,15,213.39999999999952,2opt,notBad
10253,15,213.39999999999952,15,213.39999999999952,swap,notBad
10254,15,213.39999999999952,15,213.39999999999952,2opt,notBad
10255,15,213.39999999999952,15,213.39999999999952,swap,notBad
10256,15,213.39999999999952,15,213.39999999999952,move,improve
10257,15,213.39999999999952,15,213.39999999999952,2opt,notBad
10258,15,213.39999999999952,15,213.39999999999952,move,improve
10259,15,213.39999999999952,15,213.39999999999952,swap,notBad
10260,15,213.39999999999952,15,213.39999999999952,move,improve
10261,15,213.39999999999952,15,213.39999999999952,2opt,notBad
10262,15,213.39999999999952,15,213.39999999999952,2opt,notBad
10263,15,213.39999999999952,15,213.39999999999952,move,improve
10264,15,213.39999999999952,15,213.39999999999952,move,improve
10265,15,213.39999999999952,15,213.39999999999952,2opt,notBad
10266,15,213.39999999999952,15,213.39999999999952,2opt,notBad
10267,15,213.39999999999952,15,213.39999999999952,swap,notBad
10268,15,213.39999999999952,15,213.39999999999952,swap,notBad
10269,15,213.39999999999952,15,213.39999999999952,2opt,notBad
10270,15,213.39999999999952,15,213.39999999999952,swap,notBad
10271,15,213.39999999999952,15,213.39999999999952,swap,notBad
10272,15,213.39999999999952,15,213.39999999999952,move,improve
10273,15,213.39999999999952,15,213.39999999999952,2opt,notBad
10274,15,213.39999999999952,15,213.39999999999952,swap,notBad
10275,15,213.39999999999952,15,213.39999999999952,move,improve
10276,15,213.39999999999952,15,213.39999999999952,move,improve
10277,15,213.39999999999952,15,213.39999999999952,2opt,notBad
10278,15,213.39999999999952,15,213.39999999999952,swap,notBad
10279,15,213.39999999999952,15,213.39999999999952,2opt,notBad
10280,15,213.39999999999952,15,213.39999999999952,2opt,notBad
10281,15,213.39999999999952,15,213.39999999999952,2opt,notBad
10282,15,213.39999999999952,15,213.39999999999952,swap,notBad
10283,15,213.39999999999952,15,213.39999999999952,swap,notBad
10284,15,213.39999999999952,15,213.39999999999952,2opt,notBad
10285,15,213.39999999999952,15,213.39999999999952,move,improve
10286,15,213.39999999999952,15,213.39999999999952,move,improve
10287,15,213.39999999999952,15,213.39999999999952,2opt,notBad
10288,15,213.39999999999952,15,213.39999999999952,move,improve
10289,15,213.39999999999952,15,213.39999999999952,move,improve
10290,15,213.39999999999952,15,213.39999999999952,swap,notBad
10291,15,213.39999999999952,15,213.39999999999952,move,improve
10292,15,213.39999999999952,15,213.39999999999952,move,improve
10293,15,213.39999999999952,15,213.39999999999952,swap,notBad
10294,15,213.39999999999952,15,213.39999999999952,move,improve
10295,15,213.39999999999952,15,213.39999999999952,move,improve
10296,15,213.39999999999952,15,213.39999999999952,swap,notBad
10297,15,213.39999999999952,15,213.39999999999952,2opt,notBad
10298,15,213.39999999999952,15,213.39999999999952,move,improve
10299,15,213.39999999999952,15,213.39999999999952,2opt,notBad
10300,15,213.39999999999952,15,213.39999999999952,move,improve
10301,15,213.39999999999952,15,213.39999999999952,2opt,improve
10302,15,213.39999999999952,15,213.39999999999952,move,improve
10303,15,213.39999999999952,15,213.39999999999952,swap,notBad
10304,15,213.39999999999952,15,213.39999999999952,swap,notBad
10305,15,213.39999999999952,15,213.39999999999952,swap,notBad
10306,15,213.39999999999952,15,213.39999999999952,swap,notBad
10307,15,213.39999999999952,15,213.39999999999952,2opt,notBad
10308,15,213.39999999999952,15,213.39999999999952,move,improve
10309,15,213.39999999999952,15,213.39999999999952,2opt,improve
10310,15,213.39999999999952,15,213.39999999999952,2opt,notBad
10311,15,213.39999999999952,15,213.39999999999952,swap,notBad
10312,15,213.39999999999952,15,213.39999999999952,move,improve
10313,15,213.39999999999952,15,213.39999999999952,move,improve
10314,15,213.39999999999952,15,213.39999999999952,swap,notBad
10315,15,213.39999999999952,15,213.39999999999952,2opt,notBad
10316,15,213.39999999999952,15,213.39999999999952,swap,notBad
10317,15,213.39999999999952,15,213.39999999999952,move,improve
10318,15,213.39999999999952,15,213.39999999999952,swap,notBad
10319,15,213.39999999999952,15,213.39999999999952,swap,notBad
10320,15,213.39999999999952,15,213.39999999999952,2opt,notBad
10321,15,213.39999999999952,15,213.39999999999952,2opt,notBad
10322,15,213.39999999999952,15,213.39999999999952,move,improve
10323,15,213.39999999999952,15,213.39999999999952,2opt,notBad
10324,15,213.39999999999952,15,213.39999999999952,swap,notBad
10325,15,213.39999999999952,15,213.39999999999952,swap,notBad
10326,15,213.39999999999952,15,213.39999999999952,swap,notBad
10327,15,213.39999999999952,15,213.39999999999952,2opt,notBad
10328,15,213.39999999999952,15,213.39999999999952,move,improve
10329,15,213.39999999999952,15,213.39999999999952,2opt,notBad
10330,15,213.39999999999952,15,213.39999999999952,move,improve
10331,15,213.39999999999952,15,213.39999999999952,swap,notBad
10332,15,213.39999999999952,15,213.39999999999952,move,improve
10333,15,213.39999999999952,15,213.39999999999952,2opt,notBad
10334,15,213.39999999999952,15,213.39999999999952,2opt,notBad
10335,15,213.39999999999952,15,213.39999999999952,2opt,notBad
10336,15,213.39999999999952,15,213.39999999999952,move,improve
10337,15,213.39999999999952,15,213.39999999999952,swap,notBad
10338,15,213.39999999999952,15,213.39999999999952,move,improve
10339,15,213.39999999999952,15,213.39999999999952,swap,notBad
10340,15,213.39999999999952,15,213.39999999999952,2opt,notBad
10341,15,213.39999999999952,15,213.39999999999952,move,improve
10342,15,213.39999999999952,15,213.39999999999952,2opt,improve
10343,15,213.39999999999952,15,213.39999999999952,move,improve
10344,15,213.39999999999952,15,213.39999999999952,2opt,notBad
10345,15,213.39999999999952,15,213.39999999999952,move,improve
10346,15,213.39999999999952,15,213.39999999999952,2opt,notBad
10347,15,213.39999999999952,15,213.39999999999952,2opt,notBad
10348,15,213.39999999999952,15,213.39999999999952,swap,notBad
10349,15,213.39999999999952,15,213.39999999999952,2opt,improve
10350,15,213.39999999999952,15,213.39999999999952,swap,notBad
10351,15,213.39999999999952,15,213.39999999999952,move,improve
10352,15,213.39999999999952,15,213.39999999999952,move,improve
10353,15,213.39999999999952,15,213.39999999999952,2opt,notBad
10354,15,213.39999999999952,15,213.39999999999952,move,improve
10355,15,213.39999999999952,15,213.39999999999952,2opt,notBad
10356,15,213.39999999999952,15,213.39999999999952,move,improve
10357,15,213.39999999999952,15,213.39999999999952,move,improve
10358,15,213.39999999999952,15,213.39999999999952,move,improve
10359,15,213.39999999999952,15,213.39999999999952,swap,notBad
10360,15,213.39999999999952,15,213.39999999999952,move,improve
10361,15,213.39999999999952,15,213.39999999999952,move,notBad
10362,15,213.39999999999952,15,213.39999999999952,move,improve
10363,15,213.39999999999952,15,213.39999999999952,swap,notBad
10364,15,213.39999999999952,15,213.39999999999952,swap,notBad
10365,15,213.39999999999952,15,213.39999999999952,move,improve
10366,15,213.39999999999952,15,213.39999999999952,2opt,improve
10367,15,213.39999999999952,15,213.39999999999952,move,improve
10368,15,213.39999999999952,15,213.39999999999952,swap,notBad
10369,15,213.39999999999952,15,213.39999999999952,2opt,notBad
10370,15,213.39999999999952,15,213.39999999999952,move,improve
10371,15,213.39999999999952,15,213.39999999999952,move,improve
10372,15,213.39999999999952,15,213.39999999999952,move,improve
10373,15,213.39999999999952,15,213.39999999999952,2opt,notBad
10374,15,213.39999999999952,15,213.39999999999952,swap,notBad
10375,15,213.39999999999952,15,213.39999999999952,swap,notBad
10376,15,213.39999999999952,15,213.39999999999952,2opt,notBad
10377,15,213.39999999999952,15,213.39999999999952,swap,notBad
10378,15,213.39999999999952,15,213.39999999999952,move,improve
10379,15,213.39999999999952,15,213.39999999999952,2opt,notBad
10380,15,213.39999999999952,15,213.39999999999952,2opt,notBad
10381,15,213.39999999999952,15,213.39999999999952,2opt,notBad
10382,15,213.39999999999952,15,213.39999999999952,move,improve
10383,15,213.39999999999952,15,213.39999999999952,move,improve
10384,15,213.39999999999952,15,213.39999999999952,2opt,notBad
10385,15,213.39999999999952,15,213.39999999999952,2opt,notBad
10386,15,213.39999999999952,15,213.39999999999952,2opt,notBad
10387,15,213.39999999999952,15,213.39999999999952,swap,notBad
10388,15,213.39999999999952,15,213.39999999999952,move,improve
10389,15,213.39999999999952,15,213.39999999999952,move,improve
10390,15,213.39999999999952,15,213.39999999999952,2opt,improve
10391,15,213.39999999999952,15,213.39999999999952,move,improve
10392,15,213.39999999999952,15,213.39999999999952,swap,notBad
10393,15,213.39999999999952,15,213.39999999999952,swap,notBad
10394,15,213.39999999999952,15,213.39999999999952,swap,notBad
10395,15,213.39999999999952,15,213.39999999999952,2opt,notBad
10396,15,213.39999999999952,15,213.39999999999952,swap,notBad
10397,15,213.39999999999952,15,213.39999999999952,swap,notBad
10398,15,213.39999999999952,15,213.39999999999952,move,improve
10399,15,213.39999999999952,15,213.39999999999952,swap,notBad
10400,15,213.39999999999952,15,213.39999999999952,move,improve
10401,15,213.39999999999952,15,213.39999999999952,swap,notBad
10402,15,213.39999999999952,15,213.39999999999952,swap,notBad
10403,15,213.39999999999952,15,213.39999999999952,2opt,notBad
10404,15,213.39999999999952,15,213.39999999999952,move,improve
10405,15,213.39999999999952,15,213.39999999999952,move,improve
10406,15,213.39999999999952,15,213.39999999999952,move,improve
10407,15,213.39999999999952,15,213.39999999999952,2opt,notBad
10408,15,213.39999999999952,15,213.39999999999952,swap,notBad
10409,15,213.39999999999952,15,213.39999999999952,swap,notBad
10410,15,213.39999999999952,15,213.39999999999952,swap,notBad
10411,15,213.39999999999952,15,213.39999999999952,swap,notBad
10412,15,213.39999999999952,15,213.39999999999952,2opt,notBad
10413,15,213.39999999999952,15,213.39999999999952,move,improve
10414,15,213.39999999999952,15,213.39999999999952,2opt,notBad
10415,15,213.39999999999952,15,213.39999999999952,move,improve
10416,15,213.39999999999952,15,213.39999999999952,move,improve
10417,15,213.39999999999952,15,213.39999999999952,2opt,improve
10418,15,213.39999999999952,15,213.39999999999952,2opt,notBad
10419,15,213.39999999999952,15,213.39999999999952,swap,notBad
10420,15,213.39999999999952,15,213.39999999999952,2opt,notBad
10421,15,213.39999999999952,15,213.39999999999952,2opt,notBad
10422,15,213.39999999999952,15,213.39999999999952,swap,notBad
10423,15,213.39999999999952,15,213.39999999999952,2opt,notBad
10424,15,213.39999999999952,15,213.39999999999952,move,improve
10425,15,213.39999999999952,15,213.39999999999952,2opt,notBad
10426,15,213.39999999999952,15,213.39999999999952,2opt,notBad
10427,15,213.39999999999952,15,213.39999999999952,move,improve
10428,15,213.39999999999952,15,213.39999999999952,2opt,improve
10429,15,213.39999999999952,15,213.39999999999952,swap,notBad
10430,15,213.39999999999952,15,213.39999999999952,2opt,notBad
10431,15,213.39999999999952,15,213.39999999999952,2opt,improve
10432,15,213.39999999999952,15,213.39999999999952,move,improve
10433,15,213.39999999999952,15,213.39999999999952,move,improve
10434,15,213.39999999999952,15,213.39999999999952,swap,notBad
10435,15,213.39999999999952,15,213.39999999999952,2opt,notBad
10436,15,213.39999999999952,15,213.39999999999952,swap,notBad
10437,15,213.39999999999952,15,213.39999999999952,move,improve
10438,15,213.39999999999952,15,213.39999999999952,swap,notBad
10439,15,213.39999999999952,15,213.39999999999952,swap,notBad
10440,15,213.39999999999952,15,213.39999999999952,move,improve
10441,15,213.39999999999952,15,213.39999999999952,swap,notBad
10442,15,213.39999999999952,15,213.39999999999952,swap,notBad
10443,15,213.39999999999952,15,213.39999999999952,move,improve
10444,15,213.39999999999952,15,213.39999999999952,swap,notBad
10445,15,213.39999999999952,15,213.39999999999952,2opt,improve
10446,15,213.39999999999952,15,213.39999999999952,2opt,notBad
10447,15,213.39999999999952,15,213.39999999999952,2opt,notBad
10448,15,213.39999999999952,15,213.39999999999952,2opt,notBad
10449,15,213.39999999999952,15,213.39999999999952,2opt,notBad
10450,15,213.39999999999952,15,213.39999999999952,2opt,notBad
10451,15,213.39999999999952,15,213.39999999999952,move,notBad
10452,15,213.39999999999952,15,213.39999999999952,move,improve
10453,15,213.39999999999952,15,213.39999999999952,2opt,notBad
10454,15,213.39999999999952,15,213.39999999999952,2opt,notBad
10455,15,213.39999999999952,15,213.39999999999952,2opt,notBad
10456,15,213.39999999999952,15,213.39999999999952,2opt,notBad
10457,15,213.39999999999952,15,213.39999999999952,move,improve
10458,15,213.39999999999952,15,213.39999999999952,2opt,notBad
10459,15,213.39999999999952,15,213.39999999999952,swap,notBad
10460,15,213.39999999999952,15,213.39999999999952,move,improve
10461,15,213.39999999999952,15,213.39999999999952,swap,notBad
10462,15,213.39999999999952,15,213.39999999999952,move,improve
10463,15,213.39999999999952,15,213.39999999999952,move,improve
10464,15,213.39999999999952,15,213.39999999999952,2opt,improve
10465,15,213.39999999999952,15,213.39999999999952,2opt,notBad
10466,15,213.39999999999952,15,213.39999999999952,2opt,notBad
10467,15,213.39999999999952,15,213.39999999999952,swap,notBad
10468,15,213.39999999999952,15,213.39999999999952,2opt,notBad
10469,15,213.39999999999952,15,213.39999999999952,swap,notBad
10470,15,213.39999999999952,15,213.39999999999952,2opt,improve
10471,15,213.39999999999952,15,213.39999999999952,swap,notBad
10472,15,213.39999999999952,15,213.39999999999952,2opt,notBad
10473,15,213.39999999999952,15,213.39999999999952,move,improve
10474,15,213.39999999999952,15,213.39999999999952,2opt,notBad
10475,15,213.39999999999952,15,213.39999999999952,2opt,improve
10476,15,213.39999999999952,15,213.39999999999952,2opt,improve
10477,15,213.39999999999952,15,213.39999999999952,2opt,notBad
10478,15,213.39999999999952,15,213.39999999999952,move,improve
10479,15,213.39999999999952,15,213.39999999999952,move,improve
10480,15,213.39999999999952,15,213.39999999999952,move,improve
10481,15,213.39999999999952,15,213.39999999999952,swap,notBad
10482,15,213.39999999999952,15,213.39999999999952,2opt,improve
10483,15,213.39999999999952,15,213.39999999999952,swap,notBad
10484,15,213.39999999999952,15,213.39999999999952,2opt,notBad
10485,15,213.39999999999952,15,213.39999999999952,swap,notBad
10486,15,213.39999999999952,15,213.39999999999952,2opt,notBad
10487,15,213.39999999999952,15,213.39999999999952,swap,notBad
10488,15,213.39999999999952,15,213.39999999999952,swap,notBad
10489,15,213.39999999999952,15,213.39999999999952,swap,notBad
10490,15,213.39999999999952,15,213.39999999999952,move,improve
10491,15,213.39999999999952,15,213.39999999999952,2opt,notBad
10492,15,213.39999999999952,15,213.39999999999952,swap,notBad
10493,15,213.39999999999952,15,213.39999999999952,swap,notBad
10494,15,213.39999999999952,15,213.39999999999952,move,improve
10495,15,213.39999999999952,15,213.39999999999952,2opt,notBad
10496,15,213.39999999999952,15,213.39999999999952,move,improve
10497,15,213.39999999999952,15,213.39999999999952,move,improve
10498,15,213.39999999999952,15,213.39999999999952,move,improve
10499,15,213.39999999999952,15,213.39999999999952,2opt,notBad
10500,15,213.39999999999952,15,213.39999999999952,2opt,notBad
10501,15,213.39999999999952,15,213.39999999999952,move,improve
10502,15,213.39999999999952,15,213.39999999999952,2opt,notBad
10503,15,213.39999999999952,15,213.39999999999952,swap,notBad
10504,15,213.39999999999952,15,213.39999999999952,move,improve
10505,15,213.39999999999952,15,213.39999999999952,swap,notBad
10506,15,213.39999999999952,15,213.39999999999952,move,improve
10507,15,213.39999999999952,15,213.39999999999952,2opt,notBad
10508,15,213.39999999999952,15,213.39999999999952,move,improve
10509,15,213.39999999999952,15,213.39999999999952,2opt,notBad
10510,15,213.39999999999952,15,213.39999999999952,swap,notBad
10511,15,213.39999999999952,15,213.39999999999952,move,improve
10512,15,213.39999999999952,15,213.39999999999952,swap,notBad
10513,15,213.39999999999952,15,213.39999999999952,swap,notBad
10514,15,213.39999999999952,15,213.39999999999952,swap,notBad
10515,15,213.39999999999952,15,213.39999999999952,2opt,notBad
10516,15,213.39999999999952,15,213.39999999999952,2opt,notBad
10517,15,213.39999999999952,15,213.39999999999952,swap,notBad
10518,15,213.39999999999952,15,213.39999999999952,swap,notBad
10519,15,213.39999999999952,15,213.39999999999952,swap,notBad
10520,15,213.39999999999952,15,213.39999999999952,move,improve
10521,15,213.39999999999952,15,213.39999999999952,swap,notBad
10522,15,213.39999999999952,15,213.39999999999952,move,improve
10523,15,213.39999999999952,15,213.39999999999952,2opt,notBad
10524,15,213.39999999999952,15,213.39999999999952,swap,notBad
10525,15,213.39999999999952,15,213.39999999999952,2opt,improve
10526,15,213.39999999999952,15,213.39999999999952,2opt,notBad
10527,15,213.39999999999952,15,213.39999999999952,move,improve
10528,15,213.39999999999952,15,213.39999999999952,swap,notBad
10529,15,213.39999999999952,15,213.39999999999952,swap,notBad
10530,15,213.39999999999952,15,213.39999999999952,swap,notBad
10531,15,213.39999999999952,15,213.39999999999952,2opt,notBad
10532,15,213.39999999999952,15,213.39999999999952,move,improve
10533,15,213.39999999999952,15,213.39999999999952,2opt,notBad
10534,15,213.39999999999952,15,213.39999999999952,2opt,improve
10535,15,213.39999999999952,15,213.39999999999952,move,improve
10536,15,213.39999999999952,15,213.39999999999952,move,improve
10537,15,213.39999999999952,15,213.39999999999952,move,improve
10538,15,213.39999999999952,15,213.39999999999952,2opt,notBad
10539,15,213.39999999999952,15,213.39999999999952,swap,notBad
10540,15,213.39999999999952,15,213.39999999999952,move,improve
10541,15,213.39999999999952,15,213.39999999999952,2opt,notBad
10542,15,213.39999999999952,15,213.39999999999952,move,improve
10543,15,213.39999999999952,15,213.39999999999952,2opt,notBad
10544,15,213.39999999999952,15,213.39999999999952,2opt,notBad
10545,15,213.39999999999952,15,213.39999999999952,2opt,notBad
10546,15,213.39999999999952,15,213.39999999999952,swap,notBad
10547,15,213.39999999999952,15,213.39999999999952,move,improve
10548,15,213.39999999999952,15,213.39999999999952,2opt,improve
10549,15,213.39999999999952,15,213.39999999999952,move,improve
10550,15,213.39999999999952,15,213.39999999999952,2opt,notBad
10551,15,213.39999999999952,15,213.39999999999952,move,improve
10552,15,213.39999999999952,15,213.39999999999952,move,improve
10553,15,213.39999999999952,15,213.39999999999952,move,improve
10554,15,213.39999999999952,15,213.39999999999952,move,improve
10555,15,213.39999999999952,15,213.39999999999952,2opt,notBad
10556,15,213.39999999999952,15,213.39999999999952,2opt,notBad
10557,15,213.39999999999952,15,213.39999999999952,swap,notBad
10558,15,213.39999999999952,15,213.39999999999952,2opt,notBad
10559,15,213.39999999999952,15,213.39999999999952,swap,notBad
10560,15,213.39999999999952,15,213.39999999999952,move,improve
10561,15,213.39999999999952,15,213.39999999999952,move,improve
10562,15,213.39999999999952,15,213.39999999999952,2opt,notBad
10563,15,213.39999999999952,15,213.39999999999952,swap,notBad
10564,15,213.39999999999952,15,213.39999999999952,2opt,notBad
10565,15,213.39999999999952,15,213.39999999999952,swap,notBad
10566,15,213.39999999999952,15,213.39999999999952,move,improve
10567,15,213.39999999999952,15,213.39999999999952,move,improve
10568,15,213.39999999999952,15,213.39999999999952,swap,notBad
10569,15,213.39999999999952,15,213.39999999999952,move,improve
10570,15,213.39999999999952,15,213.39999999999952,move,improve
10571,15,213.39999999999952,15,213.39999999999952,swap,notBad
10572,15,213.39999999999952,15,213.39999999999952,2opt,notBad
10573,15,213.39999999999952,15,213.39999999999952,2opt,notBad
10574,15,213.39999999999952,15,213.39999999999952,swap,notBad
10575,15,213.39999999999952,15,213.39999999999952,move,improve
10576,15,213.39999999999952,15,213.39999999999952,swap,notBad
10577,15,213.39999999999952,15,213.39999999999952,move,improve
10578,15,213.39999999999952,15,213.39999999999952,move,improve
10579,15,213.39999999999952,15,213.39999999999952,move,improve
10580,15,213.39999999999952,15,213.39999999999952,swap,notBad
10581,15,213.39999999999952,15,213.39999999999952,move,improve
10582,15,213.39999999999952,15,213.39999999999952,2opt,notBad
10583,15,213.39999999999952,15,213.39999999999952,move,improve
10584,15,213.39999999999952,15,213.39999999999952,swap,notBad
10585,15,213.39999999999952,15,213.39999999999952,swap,notBad
10586,15,213.39999999999952,15,213.39999999999952,move,improve
10587,15,213.39999999999952,15,213.39999999999952,swap,notBad
10588,15,213.39999999999952,15,213.39999999999952,2opt,improve
10589,15,213.39999999999952,15,213.39999999999952,move,improve
10590,15,213.39999999999952,15,213.39999999999952,2opt,notBad
10591,15,213.39999999999952,15,213.39999999999952,swap,notBad
10592,15,213.39999999999952,15,213.39999999999952,2opt,notBad
10593,15,213.39999999999952,15,213.39999999999952,swap,notBad
10594,15,213.39999999999952,15,213.39999999999952,2opt,notBad
10595,15,213.39999999999952,15,213.39999999999952,2opt,notBad
10596,15,213.39999999999952,15,213.39999999999952,swap,notBad
10597,15,213.39999999999952,15,213.39999999999952,2opt,notBad
10598,15,213.39999999999952,15,213.39999999999952,swap,notBad
10599,15,213.39999999999952,15,213.39999999999952,2opt,notBad
10600,15,213.39999999999952,15,213.39999999999952,swap,notBad
10601,15,213.39999999999952,15,213.39999999999952,swap,notBad
10602,15,213.39999999999952,15,213.39999999999952,2opt,notBad
10603,15,213.39999999999952,15,213.39999999999952,swap,notBad
10604,15,213.39999999999952,15,213.39999999999952,swap,notBad
10605,15,213.39999999999952,15,213.39999999999952,2opt,notBad
10606,15,213.39999999999952,15,213.39999999999952,swap,notBad
10607,15,213.39999999999952,15,213.39999999999952,swap,notBad
10608,15,213.39999999999952,15,213.39999999999952,2opt,notBad
10609,15,213.39999999999952,15,213.39999999999952,swap,notBad
10610,15,213.39999999999952,15,213.39999999999952,swap,notBad
10611,15,213.39999999999952,15,213.39999999999952,move,improve
10612,15,213.39999999999952,15,213.39999999999952,2opt,notBad
10613,15,213.39999999999952,15,213.39999999999952,move,improve
10614,15,213.39999999999952,15,213.39999999999952,move,improve
10615,15,213.39999999999952,15,213.39999999999952,move,improve
10616,15,213.39999999999952,15,213.39999999999952,move,improve
10617,15,213.39999999999952,15,213.39999999999952,swap,improve
10618,15,213.39999999999952,15,213.39999999999952,move,improve
10619,15,213.39999999999952,15,213.39999999999952,move,improve
10620,15,213.39999999999952,15,213.39999999999952,2opt,notBad
10621,15,213.39999999999952,15,213.39999999999952,2opt,notBad
10622,15,213.39999999999952,15,213.39999999999952,move,improve
10623,15,213.39999999999952,15,213.39999999999952,swap,notBad
10624,15,213.39999999999952,15,213.39999999999952,move,improve
10625,15,213.39999999999952,15,213.39999999999952,2opt,notBad
10626,15,213.39999999999952,15,213.39999999999952,2opt,notBad
10627,15,213.39999999999952,15,213.39999999999952,move,improve
10628,15,213.39999999999952,15,213.39999999999952,move,notBad
10629,15,213.39999999999952,15,213.39999999999952,2opt,notBad
10630,15,213.39999999999952,15,213.39999999999952,2opt,notBad
10631,15,213.39999999999952,15,213.39999999999952,move,improve
10632,15,213.39999999999952,15,213.39999999999952,swap,notBad
10633,15,213.39999999999952,15,213.39999999999952,2opt,improve
10634,15,213.39999999999952,15,213.39999999999952,move,improve
10635,15,213.39999999999952,15,213.39999999999952,move,improve
10636,15,213.39999999999952,15,213.39999999999952,move,improve
10637,15,213.39999999999952,15,213.39999999999952,2opt,notBad
10638,15,213.39999999999952,15,213.39999999999952,swap,notBad
10639,15,213.39999999999952,15,213.39999999999952,swap,notBad
10640,15,213.39999999999952,15,213.39999999999952,2opt,notBad
10641,15,213.39999999999952,15,213.39999999999952,swap,notBad
10642,15,213.39999999999952,15,213.39999999999952,move,improve
10643,15,213.39999999999952,15,213.39999999999952,move,improve
10644,15,213.39999999999952,15,213.39999999999952,swap,notBad
10645,15,213.39999999999952,15,213.39999999999952,2opt,notBad
10646,15,213.39999999999952,15,213.39999999999952,2opt,notBad
10647,15,213.39999999999952,15,213.39999999999952,swap,notBad
10648,15,213.39999999999952,15,213.39999999999952,swap,notBad
10649,15,213.39999999999952,15,213.39999999999952,move,improve
10650,15,213.39999999999952,15,213.39999999999952,swap,notBad
10651,15,213.39999999999952,15,213.39999999999952,swap,notBad
10652,15,213.39999999999952,15,213.39999999999952,2opt,notBad
10653,15,213.39999999999952,15,213.39999999999952,swap,notBad
10654,15,213.39999999999952,15,213.39999999999952,2opt,notBad
10655,15,213.39999999999952,15,213.39999999999952,move,improve
10656,15,213.39999999999952,15,213.39999999999952,move,improve
10657,15,213.39999999999952,15,213.39999999999952,swap,notBad
10658,15,213.39999999999952,15,213.39999999999952,move,improve
10659,15,213.39999999999952,15,213.39999999999952,2opt,notBad
10660,15,213.39999999999952,15,213.39999999999952,move,improve
10661,15,213.39999999999952,15,213.39999999999952,2opt,notBad
10662,15,213.39999999999952,15,213.39999999999952,swap,notBad
10663,15,213.39999999999952,15,213.39999999999952,swap,notBad
10664,15,213.39999999999952,15,213.39999999999952,move,improve
10665,15,213.39999999999952,15,213.39999999999952,2opt,improve
10666,15,213.39999999999952,15,213.39999999999952,2opt,notBad
10667,15,213.39999999999952,15,213.39999999999952,2opt,notBad
10668,15,213.39999999999952,15,213.39999999999952,2opt,notBad
10669,15,213.39999999999952,15,213.39999999999952,swap,notBad
10670,15,213.39999999999952,15,213.39999999999952,2opt,notBad
10671,15,213.39999999999952,15,213.39999999999952,2opt,notBad
10672,15,213.39999999999952,15,213.39999999999952,move,improve
10673,15,213.39999999999952,15,213.39999999999952,swap,notBad
10674,15,213.39999999999952,15,213.39999999999952,swap,notBad
10675,15,213.39999999999952,15,213.39999999999952,move,improve
10676,15,213.39999999999952,15,213.39999999999952,swap,notBad
10677,15,213.39999999999952,15,213.39999999999952,swap,notBad
10678,15,213.39999999999952,15,213.39999999999952,move,improve
10679,15,213.39999999999952,15,213.39999999999952,swap,notBad
10680,15,213.39999999999952,15,213.39999999999952,move,improve
10681,15,213.39999999999952,15,213.39999999999952,move,improve
10682,15,213.39999999999952,15,213.39999999999952,swap,notBad
10683,15,213.39999999999952,15,213.39999999999952,move,improve
10684,15,213.39999999999952,15,213.39999999999952,move,improve
10685,15,213.39999999999952,15,213.39999999999952,swap,notBad
10686,15,213.39999999999952,15,213.39999999999952,2opt,notBad
10687,15,213.39999999999952,15,213.39999999999952,swap,notBad
10688,15,213.39999999999952,15,213.39999999999952,swap,notBad
10689,15,213.39999999999952,15,213.39999999999952,move,improve
10690,15,213.39999999999952,15,213.39999999999952,move,improve
10691,15,213.39999999999952,15,213.39999999999952,move,improve
10692,15,213.39999999999952,15,213.39999999999952,move,improve
10693,15,213.39999999999952,15,213.39999999999952,swap,notBad
10694,15,213.39999999999952,15,213.39999999999952,move,improve
10695,15,213.39999999999952,15,213.39999999999952,2opt,notBad
10696,15,213.39999999999952,15,213.39999999999952,move,improve
10697,15,213.39999999999952,15,213.39999999999952,2opt,notBad
10698,15,213.39999999999952,15,213.39999999999952,2opt,improve
10699,15,213.39999999999952,15,213.39999999999952,move,improve
10700,15,213.39999999999952,15,213.39999999999952,2opt,notBad
10701,15,213.39999999999952,15,213.39999999999952,2opt,improve
10702,15,213.39999999999952,15,213.39999999999952,2opt,notBad
10703,15,213.39999999999952,15,213.39999999999952,swap,notBad
10704,15,213.39999999999952,15,213.39999999999952,move,improve
10705,15,213.39999999999952,15,213.39999999999952,2opt,notBad
10706,15,213.39999999999952,15,213.39999999999952,2opt,notBad
10707,15,213.39999999999952,15,213.39999999999952,2opt,notBad
10708,15,213.39999999999952,15,213.39999999999952,2opt,notBad
10709,15,213.39999999999952,15,213.39999999999952,2opt,notBad
10710,15,213.39999999999952,15,213.39999999999952,swap,notBad
10711,15,213.39999999999952,15,213.39999999999952,swap,notBad
10712,15,213.39999999999952,15,213.39999999999952,swap,notBad
10713,15,213.39999999999952,15,213.39999999999952,swap,notBad
10714,15,213.39999999999952,15,213.39999999999952,move,improve
10715,15,213.39999999999952,15,213.39999999999952,move,improve
10716,15,213.39999999999952,15,213.39999999999952,move,improve
10717,15,213.39999999999952,15,213.39999999999952,swap,notBad
10718,15,213.39999999999952,15,213.39999999999952,move,improve
10719,15,213.39999999999952,15,213.39999999999952,swap,notBad
10720,15,213.39999999999952,15,213.39999999999952,move,improve
10721,15,213.39999999999952,15,213.39999999999952,swap,notBad
10722,15,213.39999999999952,15,213.39999999999952,2opt,notBad
10723,15,213.39999999999952,15,213.39999999999952,swap,notBad
10724,15,213.39999999999952,15,213.39999999999952,move,improve
10725,15,213.39999999999952,15,213.39999999999952,swap,notBad
10726,15,213.39999999999952,15,213.39999999999952,swap,notBad
10727,15,213.39999999999952,15,213.39999999999952,swap,notBad
10728,15,213.39999999999952,15,213.39999999999952,2opt,notBad
10729,15,213.39999999999952,15,213.39999999999952,swap,notBad
10730,15,213.39999999999952,15,213.39999999999952,swap,notBad
10731,15,213.39999999999952,15,213.39999999999952,2opt,notBad
10732,15,213.39999999999952,15,213.39999999999952,move,improve
10733,15,213.39999999999952,15,213.39999999999952,move,improve
10734,15,213.39999999999952,15,213.39999999999952,move,improve
10735,15,213.39999999999952,15,213.39999999999952,swap,notBad
10736,15,213.39999999999952,15,213.39999999999952,move,improve
10737,15,213.39999999999952,15,213.39999999999952,move,improve
10738,15,213.39999999999952,15,213.39999999999952,swap,notBad
10739,15,213.39999999999952,15,213.39999999999952,swap,notBad
10740,15,213.39999999999952,15,213.39999999999952,2opt,notBad
10741,15,213.39999999999952,15,213.39999999999952,2opt,improve
10742,15,213.39999999999952,15,213.39999999999952,2opt,notBad
10743,15,213.39999999999952,15,213.39999999999952,2opt,notBad
10744,15,213.39999999999952,15,213.39999999999952,swap,notBad
10745,15,213.39999999999952,15,213.39999999999952,2opt,notBad
10746,15,213.39999999999952,15,213.39999999999952,move,improve
10747,15,213.39999999999952,15,213.39999999999952,2opt,notBad
10748,15,213.39999999999952,15,213.39999999999952,move,improve
10749,15,213.39999999999952,15,213.39999999999952,move,improve
10750,15,213.39999999999952,15,213.39999999999952,move,improve
10751,15,213.39999999999952,15,213.39999999999952,move,improve
10752,15,213.39999999999952,15,213.39999999999952,swap,notBad
10753,15,213.39999999999952,15,213.39999999999952,swap,notBad
10754,15,213.39999999999952,15,213.39999999999952,move,improve
10755,15,213.39999999999952,15,213.39999999999952,swap,notBad
10756,15,213.39999999999952,15,213.39999999999952,swap,notBad
10757,15,213.39999999999952,15,213.39999999999952,move,improve
10758,15,213.39999999999952,15,213.39999999999952,move,improve
10759,15,213.39999999999952,15,213.39999999999952,2opt,notBad
10760,15,213.39999999999952,15,213.39999999999952,2opt,notBad
10761,15,213.39999999999952,15,213.39999999999952,move,improve
10762,15,213.39999999999952,15,213.39999999999952,swap,notBad
10763,15,213.39999999999952,15,213.39999999999952,move,improve
10764,15,213.39999999999952,15,213.39999999999952,move,improve
10765,15,213.39999999999952,15,213.39999999999952,2opt,notBad
10766,15,213.39999999999952,15,213.39999999999952,move,improve
10767,15,213.39999999999952,15,213.39999999999952,move,improve
10768,15,213.39999999999952,15,213.39999999999952,move,improve
10769,15,213.39999999999952,15,213.39999999999952,swap,notBad
10770,15,213.39999999999952,15,213.39999999999952,swap,notBad
10771,15,213.39999999999952,15,213.39999999999952,swap,notBad
10772,15,213.39999999999952,15,213.39999999999952,move,improve
10773,15,213.39999999999952,15,213.39999999999952,swap,notBad
10774,15,213.39999999999952,15,213.39999999999952,move,improve
10775,15,213.39999999999952,15,213.39999999999952,2opt,notBad
10776,15,213.39999999999952,15,213.39999999999952,move,improve
10777,15,213.39999999999952,15,213.39999999999952,2opt,notBad
10778,15,213.39999999999952,15,213.39999999999952,2opt,notBad
10779,15,213.39999999999952,15,213.39999999999952,2opt,notBad
10780,15,213.39999999999952,15,213.39999999999952,2opt,notBad
10781,15,213.39999999999952,15,213.39999999999952,swap,notBad
10782,15,213.39999999999952,15,213.39999999999952,2opt,notBad
10783,15,213.39999999999952,15,213.39999999999952,2opt,notBad
10784,15,213.39999999999952,15,213.39999999999952,move,improve
10785,15,213.39999999999952,15,213.39999999999952,swap,notBad
10786,15,213.39999999999952,15,213.39999999999952,swap,notBad
10787,15,213.39999999999952,15,213.39999999999952,move,improve
10788,15,213.39999999999952,15,213.39999999999952,move,improve
10789,15,213.39999999999952,15,213.39999999999952,2opt,notBad
10790,15,213.39999999999952,15,213.39999999999952,move,improve
10791,15,213.39999999999952,15,213.39999999999952,swap,notBad
10792,15,213.39999999999952,15,213.39999999999952,2opt,notBad
10793,15,213.39999999999952,15,213.39999999999952,swap,notBad
10794,15,213.39999999999952,15,213.39999999999952,move,improve
10795,15,213.39999999999952,15,213.39999999999952,move,improve
10796,15,213.39999999999952,15,213.39999999999952,move,improve
10797,15,213.39999999999952,15,213.39999999999952,2opt,notBad
10798,15,213.39999999999952,15,213.39999999999952,swap,notBad
10799,15,213.39999999999952,15,213.39999999999952,move,improve
10800,15,213.39999999999952,15,213.39999999999952,move,improve
10801,15,213.39999999999952,15,213.39999999999952,move,improve
10802,15,213.39999999999952,15,213.39999999999952,swap,notBad
10803,15,213.39999999999952,15,213.39999999999952,swap,notBad
10804,15,213.39999999999952,15,213.39999999999952,swap,notBad
10805,15,213.39999999999952,15,213.39999999999952,swap,notBad
10806,15,213.39999999999952,15,213.39999999999952,swap,notBad
10807,15,213.39999999999952,15,213.39999999999952,2opt,notBad
10808,15,213.39999999999952,15,213.39999999999952,2opt,improve
10809,15,213.39999999999952,15,213.39999999999952,2opt,notBad
10810,15,213.39999999999952,15,213.39999999999952,swap,notBad
10811,15,213.39999999999952,15,213.39999999999952,swap,notBad
10812,15,213.39999999999952,15,213.39999999999952,swap,notBad
10813,15,213.39999999999952,15,213.39999999999952,move,improve
10814,15,213.39999999999952,15,213.39999999999952,move,improve
10815,15,213.39999999999952,15,213.39999999999952,swap,notBad
10816,15,213.39999999999952,15,213.39999999999952,move,improve
10817,15,213.39999999999952,15,213.39999999999952,2opt,improve
10818,15,213.39999999999952,15,213.39999999999952,swap,notBad
10819,15,217.39999999999958,15,213.39999999999952,swap,acceptBad
10820,15,217.39999999999958,15,213.39999999999952,move,improve
10821,15,217.39999999999958,15,213.39999999999952,2opt,notBad
10822,15,217.39999999999958,15,213.39999999999952,2opt,notBad
10823,15,217.39999999999958,15,213.39999999999952,move,improve
10824,15,217.39999999999958,15,213.39999999999952,move,improve
10825,15,217.39999999999958,15,213.39999999999952,swap,notBad
10826,15,217.39999999999958,15,213.39999999999952,2opt,notBad
10827,15,217.39999999999958,15,213.39999999999952,swap,notBad
10828,15,217.39999999999958,15,213.39999999999952,2opt,notBad
10829,15,217.39999999999958,15,213.39999999999952,swap,notBad
10830,15,217.39999999999958,15,213.39999999999952,2opt,notBad
10831,15,217.39999999999958,15,213.39999999999952,swap,improve
10832,15,217.39999999999958,15,213.39999999999952,swap,notBad
10833,15,217.39999999999958,15,213.39999999999952,move,improve
10834,15,217.39999999999958,15,213.39999999999952,swap,notBad
10835,15,217.39999999999958,15,213.39999999999952,move,improve
10836,15,217.39999999999958,15,213.39999999999952,2opt,notBad
10837,15,217.39999999999958,15,213.39999999999952,swap,notBad
10838,15,217.39999999999958,15,213.39999999999952,move,improve
10839,15,217.39999999999958,15,213.39999999999952,move,improve
10840,15,217.39999999999958,15,213.39999999999952,swap,notBad
10841,15,217.39999999999958,15,213.39999999999952,move,improve
10842,15,217.39999999999958,15,213.39999999999952,move,improve
10843,15,217.39999999999958,15,213.39999999999952,2opt,notBad
10844,15,217.39999999999958,15,213.39999999999952,move,improve
10845,15,217.39999999999958,15,213.39999999999952,swap,notBad
10846,15,217.39999999999958,15,213.39999999999952,move,improve
10847,15,217.39999999999958,15,213.39999999999952,2opt,notBad
10848,15,217.39999999999958,15,213.39999999999952,swap,notBad
10849,15,217.39999999999958,15,213.39999999999952,swap,notBad
10850,15,217.39999999999958,15,213.39999999999952,2opt,notBad
10851,15,217.39999999999958,15,213.39999999999952,swap,notBad
10852,15,217.39999999999958,15,213.39999999999952,move,improve
10853,15,217.39999999999958,15,213.39999999999952,2opt,notBad
10854,15,217.39999999999958,15,213.39999999999952,swap,notBad
10855,15,217.39999999999958,15,213.39999999999952,2opt,notBad
10856,15,217.39999999999958,15,213.39999999999952,2opt,notBad
10857,15,217.39999999999958,15,213.39999999999952,2opt,notBad
10858,15,217.39999999999958,15,213.39999999999952,2opt,notBad
10859,15,217.39999999999958,15,213.39999999999952,2opt,notBad
10860,15,217.39999999999958,15,213.39999999999952,swap,notBad
10861,15,217.39999999999958,15,213.39999999999952,2opt,notBad
10862,15,217.39999999999958,15,213.39999999999952,2opt,notBad
10863,15,217.39999999999958,15,213.39999999999952,swap,notBad
10864,15,217.39999999999958,15,213.39999999999952,move,improve
10865,15,217.39999999999958,15,213.39999999999952,move,improve
10866,15,217.39999999999958,15,213.39999999999952,swap,notBad
10867,15,217.39999999999958,15,213.39999999999952,swap,notBad
10868,15,217.39999999999958,15,213.39999999999952,swap,notBad
10869,15,217.39999999999958,15,213.39999999999952,swap,notBad
10870,15,217.39999999999958,15,213.39999999999952,2opt,notBad
10871,15,217.39999999999958,15,213.39999999999952,2opt,notBad
10872,15,217.39999999999958,15,213.39999999999952,move,improve
10873,15,217.39999999999958,15,213.39999999999952,swap,notBad
10874,15,213.39999999999952,15,213.39999999999952,move,improve
10875,15,213.39999999999952,15,213.39999999999952,2opt,notBad
10876,15,213.39999999999952,15,213.39999999999952,swap,notBad
10877,15,213.39999999999952,15,213.39999999999952,move,improve
10878,15,213.39999999999952,15,213.39999999999952,swap,notBad
10879,15,213.39999999999952,15,213.39999999999952,2opt,notBad
10880,15,213.39999999999952,15,213.39999999999952,2opt,notBad
10881,15,213.39999999999952,15,213.39999999999952,move,improve
10882,15,213.39999999999952,15,213.39999999999952,swap,notBad
10883,15,213.39999999999952,15,213.39999999999952,swap,notBad
10884,15,213.39999999999952,15,213.39999999999952,2opt,improve
10885,15,213.39999999999952,15,213.39999999999952,2opt,notBad
10886,15,213.39999999999952,15,213.39999999999952,move,improve
10887,15,214.39999999999975,15,213.39999999999952,swap,acceptBad
10888,15,214.39999999999975,15,213.39999999999952,swap,notBad
10889,15,214.39999999999975,15,213.39999999999952,2opt,notBad
10890,15,214.39999999999975,15,213.39999999999952,move,improve
10891,15,214.39999999999975,15,213.39999999999952,swap,notBad
10892,15,214.39999999999975,15,213.39999999999952,2opt,notBad
10893,15,214.39999999999975,15,213.39999999999952,swap,notBad
10894,15,214.39999999999975,15,213.39999999999952,swap,notBad
10895,15,214.39999999999975,15,213.39999999999952,swap,notBad
10896,15,214.39999999999975,15,213.39999999999952,2opt,notBad
10897,15,214.39999999999975,15,213.39999999999952,2opt,notBad
10898,15,214.39999999999975,15,213.39999999999952,2opt,notBad
10899,15,214.39999999999975,15,213.39999999999952,swap,notBad
10900,15,214.39999999999975,15,213.39999999999952,2opt,notBad
10901,15,214.39999999999975,15,213.39999999999952,2opt,notBad
10902,15,214.39999999999975,15,213.39999999999952,2opt,notBad
10903,15,214.39999999999975,15,213.39999999999952,2opt,notBad
10904,15,214.39999999999975,15,213.39999999999952,swap,notBad
10905,15,214.39999999999975,15,213.39999999999952,2opt,notBad
10906,15,214.39999999999975,15,213.39999999999952,swap,notBad
10907,15,214.39999999999975,15,213.39999999999952,move,improve
10908,15,214.39999999999975,15,213.39999999999952,move,improve
10909,15,214.39999999999975,15,213.39999999999952,2opt,notBad
10910,15,214.39999999999975,15,213.39999999999952,2opt,notBad
10911,15,214.39999999999975,15,213.39999999999952,move,improve
10912,15,214.39999999999975,15,213.39999999999952,swap,notBad
10913,15,214.39999999999975,15,213.39999999999952,move,improve
10914,15,214.39999999999975,15,213.39999999999952,2opt,notBad
10915,15,214.39999999999975,15,213.39999999999952,swap,notBad
10916,15,214.39999999999975,15,213.39999999999952,swap,notBad
10917,15,214.39999999999975,15,213.39999999999952,move,improve
10918,15,214.39999999999975,15,213.39999999999952,swap,notBad
10919,15,214.39999999999975,15,213.39999999999952,2opt,notBad
10920,15,214.39999999999975,15,213.39999999999952,2opt,notBad
10921,15,214.39999999999975,15,213.39999999999952,2opt,notBad
10922,15,214.39999999999975,15,213.39999999999952,move,improve
10923,15,214.39999999999975,15,213.39999999999952,move,improve
10924,15,214.39999999999975,15,213.39999999999952,2opt,notBad
10925,15,214.39999999999975,15,213.39999999999952,swap,notBad
10926,15,214.39999999999975,15,213.39999999999952,2opt,notBad
10927,15,214.39999999999975,15,213.39999999999952,move,improve
10928,15,214.39999999999975,15,213.39999999999952,2opt,notBad
10929,15,214.39999999999975,15,213.39999999999952,swap,notBad
10930,15,214.39999999999975,15,213.39999999999952,swap,notBad
10931,15,214.39999999999975,15,213.39999999999952,swap,notBad
10932,15,214.39999999999975,15,213.39999999999952,swap,notBad
10933,15,214.39999999999975,15,213.39999999999952,2opt,notBad
10934,15,214.39999999999975,15,213.39999999999952,2opt,notBad
10935,15,214.39999999999975,15,213.39999999999952,2opt,improve
10936,15,214.39999999999975,15,213.39999999999952,swap,notBad
10937,15,214.39999999999975,15,213.39999999999952,move,improve
10938,15,214.39999999999975,15,213.39999999999952,2opt,notBad
10939,15,214.39999999999975,15,213.39999999999952,swap,notBad
10940,15,214.39999999999975,15,213.39999999999952,swap,notBad
10941,15,214.39999999999975,15,213.39999999999952,swap,notBad
10942,15,214.39999999999975,15,213.39999999999952,swap,notBad
10943,15,214.39999999999975,15,213.39999999999952,swap,notBad
10944,15,214.39999999999975,15,213.39999999999952,swap,notBad
10945,15,214.39999999999975,15,213.39999999999952,2opt,notBad
10946,15,214.39999999999975,15,213.39999999999952,move,improve
10947,15,214.39999999999975,15,213.39999999999952,swap,notBad
10948,15,214.39999999999975,15,213.39999999999952,swap,notBad
10949,15,214.39999999999975,15,213.39999999999952,swap,notBad
10950,15,214.39999999999975,15,213.39999999999952,move,improve
10951,15,214.39999999999975,15,213.39999999999952,swap,notBad
10952,15,214.39999999999975,15,213.39999999999952,2opt,notBad
10953,15,214.39999999999975,15,213.39999999999952,swap,notBad
10954,15,214.39999999999975,15,213.39999999999952,move,improve
10955,15,214.39999999999975,15,213.39999999999952,move,improve
10956,15,214.39999999999975,15,213.39999999999952,move,improve
10957,15,214.39999999999975,15,213.39999999999952,2opt,notBad
10958,15,214.39999999999975,15,213.39999999999952,move,improve
10959,15,214.39999999999975,15,213.39999999999952,2opt,notBad
10960,15,214.39999999999975,15,213.39999999999952,swap,notBad
10961,15,214.39999999999975,15,213.39999999999952,swap,notBad
10962,15,214.39999999999975,15,213.39999999999952,2opt,improve
10963,15,214.39999999999975,15,213.39999999999952,swap,notBad
10964,15,214.39999999999975,15,213.39999999999952,2opt,notBad
10965,15,214.39999999999975,15,213.39999999999952,2opt,notBad
10966,15,214.39999999999975,15,213.39999999999952,2opt,notBad
10967,15,214.39999999999975,15,213.39999999999952,swap,notBad
10968,15,214.39999999999975,15,213.39999999999952,2opt,notBad
10969,15,214.39999999999975,15,213.39999999999952,2opt,notBad
10970,15,214.39999999999975,15,213.39999999999952,move,improve
10971,15,214.39999999999975,15,213.39999999999952,swap,notBad
10972,15,214.39999999999975,15,213.39999999999952,move,improve
10973,15,214.39999999999975,15,213.39999999999952,move,improve
10974,15,214.39999999999975,15,213.39999999999952,move,improve
10975,15,214.39999999999975,15,213.39999999999952,move,improve
10976,15,214.39999999999975,15,213.39999999999952,2opt,notBad
10977,15,214.39999999999975,15,213.39999999999952,move,improve
10978,15,214.39999999999975,15,213.39999999999952,2opt,notBad
10979,15,214.39999999999975,15,213.39999999999952,swap,notBad
10980,15,214.39999999999975,15,213.39999999999952,move,improve
10981,15,214.39999999999975,15,213.39999999999952,2opt,improve
10982,15,214.39999999999975,15,213.39999999999952,swap,notBad
10983,15,214.39999999999975,15,213.39999999999952,swap,notBad
10984,15,214.39999999999975,15,213.39999999999952,2opt,notBad
10985,15,214.39999999999975,15,213.39999999999952,move,improve
10986,15,214.39999999999975,15,213.39999999999952,2opt,notBad
10987,15,214.39999999999975,15,213.39999999999952,swap,notBad
10988,15,214.39999999999975,15,213.39999999999952,swap,notBad
10989,15,214.39999999999975,15,213.39999999999952,move,improve
10990,15,214.39999999999975,15,213.39999999999952,swap,notBad
10991,15,214.39999999999975,15,213.39999999999952,swap,notBad
10992,15,214.39999999999975,15,213.39999999999952,2opt,notBad
10993,15,214.39999999999975,15,213.39999999999952,swap,notBad
10994,15,214.39999999999975,15,213.39999999999952,swap,notBad
10995,15,214.39999999999975,15,213.39999999999952,2opt,improve
10996,15,214.39999999999975,15,213.39999999999952,swap,notBad
10997,15,214.39999999999975,15,213.39999999999952,2opt,notBad
10998,15,214.39999999999975,15,213.39999999999952,swap,notBad
10999,15,214.39999999999975,15,213.39999999999952,swap,notBad
11000,15,214.39999999999975,15,213.39999999999952,move,improve
11001,15,214.39999999999975,15,213.39999999999952,move,notBad
11002,15,214.39999999999975,15,213.39999999999952,2opt,notBad
11003,15,214.39999999999975,15,213.39999999999952,move,improve
11004,15,214.39999999999975,15,213.39999999999952,2opt,notBad
11005,15,214.39999999999975,15,213.39999999999952,swap,notBad
11006,15,214.39999999999975,15,213.39999999999952,swap,notBad
11007,15,214.39999999999975,15,213.39999999999952,2opt,notBad
11008,15,214.39999999999975,15,213.39999999999952,swap,improve
11009,15,214.39999999999975,15,213.39999999999952,2opt,notBad
11010,15,214.39999999999975,15,213.39999999999952,swap,notBad
11011,15,214.39999999999975,15,213.39999999999952,swap,notBad
11012,15,214.39999999999975,15,213.39999999999952,2opt,notBad
11013,15,214.39999999999975,15,213.39999999999952,swap,notBad
11014,15,214.39999999999975,15,213.39999999999952,2opt,improve
11015,15,214.39999999999975,15,213.39999999999952,swap,notBad
11016,15,214.39999999999975,15,213.39999999999952,move,improve
11017,15,214.39999999999975,15,213.39999999999952,2opt,improve
11018,15,214.39999999999975,15,213.39999999999952,move,improve
11019,15,214.39999999999975,15,213.39999999999952,2opt,notBad
11020,15,214.39999999999975,15,213.39999999999952,swap,notBad
11021,15,214.39999999999975,15,213.39999999999952,swap,notBad
11022,15,214.39999999999975,15,213.39999999999952,move,improve
11023,15,214.39999999999975,15,213.39999999999952,2opt,notBad
11024,15,214.39999999999975,15,213.39999999999952,swap,notBad
11025,15,214.39999999999975,15,213.39999999999952,2opt,improve
11026,15,214.39999999999975,15,213.39999999999952,2opt,notBad
11027,15,214.39999999999975,15,213.39999999999952,move,improve
11028,15,214.39999999999975,15,213.39999999999952,swap,notBad
11029,15,214.39999999999975,15,213.39999999999952,move,improve
11030,15,214.39999999999975,15,213.39999999999952,swap,notBad
11031,15,214.39999999999975,15,213.39999999999952,swap,notBad
11032,15,214.39999999999975,15,213.39999999999952,move,improve
11033,15,214.39999999999975,15,213.39999999999952,2opt,notBad
11034,15,214.39999999999975,15,213.39999999999952,swap,notBad
11035,15,214.39999999999975,15,213.39999999999952,swap,notBad
11036,15,214.39999999999975,15,213.39999999999952,swap,notBad
11037,15,214.39999999999975,15,213.39999999999952,move,improve
11038,15,214.39999999999975,15,213.39999999999952,swap,notBad
11039,15,214.39999999999975,15,213.39999999999952,move,improve
11040,15,214.39999999999975,15,213.39999999999952,move,improve
11041,15,214.39999999999975,15,213.39999999999952,2opt,notBad
11042,15,214.39999999999975,15,213.39999999999952,swap,notBad
11043,15,214.39999999999975,15,213.39999999999952,swap,notBad
11044,15,214.39999999999975,15,213.39999999999952,swap,notBad
11045,15,214.39999999999975,15,213.39999999999952,2opt,notBad
11046,15,214.39999999999975,15,213.39999999999952,move,improve
11047,15,214.39999999999975,15,213.39999999999952,swap,notBad
11048,15,214.39999999999975,15,213.39999999999952,swap,notBad
11049,15,214.39999999999975,15,213.39999999999952,swap,notBad
11050,15,214.39999999999975,15,213.39999999999952,swap,notBad
11051,15,214.39999999999975,15,213.39999999999952,swap,notBad
11052,15,214.39999999999975,15,213.39999999999952,swap,notBad
11053,15,214.39999999999975,15,213.39999999999952,2opt,notBad
11054,15,214.39999999999975,15,213.39999999999952,2opt,notBad
11055,15,214.39999999999975,15,213.39999999999952,2opt,notBad
11056,15,214.39999999999975,15,213.39999999999952,2opt,improve
11057,15,214.39999999999975,15,213.39999999999952,2opt,notBad
11058,15,214.39999999999975,15,213.39999999999952,move,improve
11059,15,214.39999999999975,15,213.39999999999952,2opt,notBad
11060,15,214.39999999999975,15,213.39999999999952,swap,notBad
11061,15,214.39999999999975,15,213.39999999999952,swap,notBad
11062,15,214.39999999999975,15,213.39999999999952,2opt,notBad
11063,15,214.39999999999975,15,213.39999999999952,2opt,notBad
11064,15,214.39999999999975,15,213.39999999999952,swap,notBad
11065,15,214.39999999999975,15,213.39999999999952,swap,notBad
11066,15,214.39999999999975,15,213.39999999999952,swap,notBad
11067,15,214.39999999999975,15,213.39999999999952,move,improve
11068,15,214.39999999999975,15,213.39999999999952,move,improve
11069,15,214.39999999999975,15,213.39999999999952,swap,notBad
11070,15,214.39999999999975,15,213.39999999999952,2opt,notBad
11071,15,214.39999999999975,15,213.39999999999952,swap,notBad
11072,15,214.39999999999975,15,213.39999999999952,swap,notBad
11073,15,214.39999999999975,15,213.39999999999952,2opt,improve
11074,15,214.39999999999975,15,213.39999999999952,2opt,notBad
11075,15,214.39999999999975,15,213.39999999999952,2opt,notBad
11076,15,214.39999999999975,15,213.39999999999952,swap,notBad
11077,15,214.39999999999975,15,213.39999999999952,2opt,improve
11078,15,214.39999999999975,15,213.39999999999952,move,improve
11079,15,214.39999999999975,15,213.39999999999952,move,improve
11080,15,214.39999999999975,15,213.39999999999952,swap,notBad
11081,15,214.39999999999975,15,213.39999999999952,2opt,improve
11082,15,214.39999999999975,15,213.39999999999952,swap,notBad
11083,15,214.39999999999975,15,213.39999999999952,move,improve
11084,15,214.39999999999975,15,213.39999999999952,swap,notBad
11085,15,214.39999999999975,15,213.39999999999952,2opt,notBad
11086,15,214.39999999999975,15,213.39999999999952,swap,notBad
11087,15,214.39999999999975,15,213.39999999999952,2opt,notBad
11088,15,214.39999999999975,15,213.39999999999952,move,improve
11089,15,214.39999999999975,15,213.39999999999952,move,improve
11090,15,214.39999999999975,15,213.39999999999952,move,improve
11091,15,214.39999999999975,15,213.39999999999952,2opt,notBad
11092,15,214.39999999999975,15,213.39999999999952,swap,notBad
11093,15,214.39999999999975,15,213.39999999999952,swap,notBad
11094,15,214.39999999999975,15,213.39999999999952,move,improve
11095,15,214.39999999999975,15,213.39999999999952,swap,notBad
11096,15,214.39999999999975,15,213.39999999999952,2opt,improve
11097,15,214.39999999999975,15,213.39999999999952,move,improve
11098,15,214.39999999999975,15,213.39999999999952,move,improve
11099,15,214.39999999999975,15,213.39999999999952,swap,notBad
11100,15,214.39999999999975,15,213.39999999999952,move,improve
11101,15,214.39999999999975,15,213.39999999999952,2opt,notBad
11102,15,214.39999999999975,15,213.39999999999952,move,improve
11103,15,214.39999999999975,15,213.39999999999952,swap,notBad
11104,15,214.39999999999975,15,213.39999999999952,move,improve
11105,15,214.39999999999975,15,213.39999999999952,swap,notBad
11106,15,214.39999999999975,15,213.39999999999952,swap,notBad
11107,15,214.39999999999975,15,213.39999999999952,swap,notBad
11108,15,214.39999999999975,15,213.39999999999952,2opt,notBad
11109,15,214.39999999999975,15,213.39999999999952,move,improve
11110,15,214.39999999999975,15,213.39999999999952,swap,notBad
11111,15,214.39999999999975,15,213.39999999999952,move,improve
11112,15,214.39999999999975,15,213.39999999999952,swap,notBad
11113,15,214.39999999999975,15,213.39999999999952,move,improve
11114,15,214.39999999999975,15,213.39999999999952,swap,notBad
11115,15,214.39999999999975,15,213.39999999999952,2opt,notBad
11116,15,214.39999999999975,15,213.39999999999952,swap,notBad
11117,15,214.39999999999975,15,213.39999999999952,swap,notBad
11118,15,214.39999999999975,15,213.39999999999952,move,improve
11119,15,214.39999999999975,15,213.39999999999952,swap,notBad
11120,15,214.39999999999975,15,213.39999999999952,swap,notBad
11121,15,214.39999999999975,15,213.39999999999952,move,improve
11122,15,214.39999999999975,15,213.39999999999952,2opt,notBad
11123,15,214.39999999999975,15,213.39999999999952,swap,notBad
11124,15,214.39999999999975,15,213.39999999999952,move,improve
11125,15,214.39999999999975,15,213.39999999999952,swap,notBad
11126,15,214.39999999999975,15,213.39999999999952,swap,notBad
11127,15,214.39999999999975,15,213.39999999999952,move,improve
11128,15,214.39999999999975,15,213.39999999999952,2opt,notBad
11129,15,214.39999999999975,15,213.39999999999952,swap,notBad
11130,15,214.39999999999975,15,213.39999999999952,move,improve
11131,15,214.39999999999975,15,213.39999999999952,move,improve
11132,15,214.39999999999975,15,213.39999999999952,move,improve
11133,15,214.39999999999975,15,213.39999999999952,swap,notBad
11134,15,214.39999999999975,15,213.39999999999952,swap,notBad
11135,15,214.39999999999975,15,213.39999999999952,move,improve
11136,15,214.39999999999975,15,213.39999999999952,2opt,notBad
11137,15,214.39999999999975,15,213.39999999999952,move,improve
11138,15,214.39999999999975,15,213.39999999999952,2opt,notBad
11139,15,214.39999999999975,15,213.39999999999952,move,improve
11140,15,214.39999999999975,15,213.39999999999952,2opt,improve
11141,15,214.39999999999975,15,213.39999999999952,move,improve
11142,15,214.39999999999975,15,213.39999999999952,swap,notBad
11143,15,214.39999999999975,15,213.39999999999952,move,improve
11144,15,214.39999999999975,15,213.39999999999952,2opt,improve
11145,15,214.39999999999975,15,213.39999999999952,swap,notBad
11146,15,214.39999999999975,15,213.39999999999952,2opt,notBad
11147,15,214.39999999999975,15,213.39999999999952,2opt,notBad
11148,15,214.39999999999975,15,213.39999999999952,2opt,notBad
11149,15,214.39999999999975,15,213.39999999999952,2opt,notBad
11150,15,214.39999999999975,15,213.39999999999952,2opt,notBad
11151,15,214.39999999999975,15,213.39999999999952,2opt,notBad
11152,15,214.39999999999975,15,213.39999999999952,2opt,notBad
11153,15,214.39999999999975,15,213.39999999999952,move,improve
11154,15,214.39999999999975,15,213.39999999999952,2opt,notBad
11155,15,214.39999999999975,15,213.39999999999952,swap,notBad
11156,15,214.39999999999975,15,213.39999999999952,move,improve
11157,15,214.39999999999975,15,213.39999999999952,move,improve
11158,15,214.39999999999975,15,213.39999999999952,2opt,notBad
11159,15,214.39999999999975,15,213.39999999999952,2opt,improve
11160,15,214.39999999999975,15,213.39999999999952,move,improve
11161,15,214.39999999999975,15,213.39999999999952,move,improve
11162,15,214.39999999999975,15,213.39999999999952,swap,notBad
11163,15,210.59999999999968,15,210.59999999999968,swap,newBest
11164,15,210.59999999999968,15,210.59999999999968,swap,notBad
11165,15,210.59999999999968,15,210.59999999999968,swap,notBad
11166,15,210.59999999999968,15,210.59999999999968,move,improve
11167,15,210.59999999999968,15,210.59999999999968,swap,notBad
11168,15,210.59999999999968,15,210.59999999999968,2opt,notBad
11169,15,210.59999999999968,15,210.59999999999968,2opt,notBad
11170,15,210.59999999999968,15,210.59999999999968,2opt,notBad
11171,15,210.59999999999968,15,210.59999999999968,move,improve
11172,15,210.59999999999968,15,210.59999999999968,swap,notBad
11173,15,210.59999999999968,15,210.59999999999968,2opt,notBad
11174,15,210.59999999999968,15,210.59999999999968,2opt,notBad
11175,15,210.59999999999968,15,210.59999999999968,move,improve
11176,15,210.59999999999968,15,210.59999999999968,2opt,notBad
11177,15,210.59999999999968,15,210.59999999999968,swap,notBad
11178,15,210.59999999999968,15,210.59999999999968,move,improve
11179,15,210.59999999999968,15,210.59999999999968,2opt,improve
11180,15,210.59999999999968,15,210.59999999999968,move,improve
11181,15,210.59999999999968,15,210.59999999999968,move,improve
11182,15,210.59999999999968,15,210.59999999999968,2opt,notBad
11183,15,210.59999999999968,15,210.59999999999968,move,improve
11184,15,210.59999999999968,15,210.59999999999968,2opt,notBad
11185,15,210.59999999999968,15,210.59999999999968,swap,notBad
11186,15,210.59999999999968,15,210.59999999999968,move,improve
11187,15,210.59999999999968,15,210.59999999999968,move,improve
11188,15,210.59999999999968,15,210.59999999999968,move,improve
11189,15,210.59999999999968,15,210.59999999999968,move,improve
11190,15,210.59999999999968,15,210.59999999999968,move,improve
11191,15,210.59999999999968,15,210.59999999999968,swap,notBad
11192,15,210.59999999999968,15,210.59999999999968,swap,notBad
11193,15,210.59999999999968,15,210.59999999999968,swap,notBad
11194,15,210.59999999999968,15,210.59999999999968,swap,notBad
11195,15,210.59999999999968,15,210.59999999999968,2opt,notBad
11196,15,210.59999999999968,15,210.59999999999968,swap,notBad
11197,15,210.59999999999968,15,210.59999999999968,2opt,notBad
11198,15,210.59999999999968,15,210.59999999999968,swap,notBad
11199,15,209.59999999999962,15,209.59999999999962,2opt,newBest
11200,15,209.59999999999962,15,209.59999999999962,2opt,notBad
11201,15,209.59999999999962,15,209.59999999999962,2opt,notBad
11202,15,209.59999999999962,15,209.59999999999962,2opt,notBad
11203,15,209.59999999999962,15,209.59999999999962,2opt,notBad
11204,15,209.59999999999962,15,209.59999999999962,move,improve
11205,15,209.59999999999962,15,209.59999999999962,swap,notBad
11206,15,209.59999999999962,15,209.59999999999962,swap,notBad
11207,15,209.59999999999962,15,209.59999999999962,2opt,notBad
11208,15,209.59999999999962,15,209.59999999999962,swap,notBad
11209,15,209.59999999999962,15,209.59999999999962,swap,notBad
11210,15,209.59999999999962,15,209.59999999999962,swap,notBad
11211,15,209.59999999999962,15,209.59999999999962,swap,notBad
11212,15,212.19999999999965,15,209.59999999999962,swap,acceptBad
11213,15,212.19999999999965,15,209.59999999999962,move,improve
11214,15,212.19999999999965,15,209.59999999999962,move,improve
11215,15,212.19999999999965,15,209.59999999999962,2opt,notBad
11216,15,212.19999999999965,15,209.59999999999962,move,improve
11217,15,212.19999999999965,15,209.59999999999962,2opt,notBad
11218,15,212.19999999999965,15,209.59999999999962,swap,notBad
11219,15,212.19999999999965,15,209.59999999999962,swap,notBad
11220,15,212.19999999999965,15,209.59999999999962,swap,notBad
11221,15,212.19999999999965,15,209.59999999999962,2opt,notBad
11222,15,212.19999999999965,15,209.59999999999962,2opt,notBad
11223,15,212.19999999999965,15,209.59999999999962,2opt,improve
11224,15,212.19999999999965,15,209.59999999999962,move,improve
11225,15,212.19999999999965,15,209.59999999999962,2opt,notBad
11226,15,212.19999999999965,15,209.59999999999962,2opt,notBad
11227,15,212.19999999999965,15,209.59999999999962,swap,notBad
11228,15,212.19999999999965,15,209.59999999999962,swap,notBad
11229,15,212.19999999999965,15,209.59999999999962,move,improve
11230,15,212.19999999999965,15,209.59999999999962,swap,notBad
11231,15,212.19999999999965,15,209.59999999999962,swap,notBad
11232,15,212.19999999999965,15,209.59999999999962,swap,notBad
11233,15,212.19999999999965,15,209.59999999999962,2opt,notBad
11234,15,212.19999999999965,15,209.59999999999962,2opt,notBad
11235,15,212.19999999999965,15,209.59999999999962,swap,improve
11236,15,212.19999999999965,15,209.59999999999962,swap,notBad
11237,15,212.19999999999965,15,209.59999999999962,move,improve
11238,15,212.19999999999965,15,209.59999999999962,swap,notBad
11239,15,212.19999999999965,15,209.59999999999962,swap,notBad
11240,15,212.19999999999965,15,209.59999999999962,2opt,notBad
11241,15,212.19999999999965,15,209.59999999999962,swap,notBad
11242,15,212.19999999999965,15,209.59999999999962,2opt,notBad
11243,15,212.19999999999965,15,209.59999999999962,swap,notBad
11244,15,212.19999999999965,15,209.59999999999962,swap,notBad
11245,15,212.19999999999965,15,209.59999999999962,2opt,notBad
11246,15,212.19999999999965,15,209.59999999999962,swap,notBad
11247,15,212.19999999999965,15,209.59999999999962,move,improve
11248,15,212.19999999999965,15,209.59999999999962,swap,notBad
11249,15,212.19999999999965,15,209.59999999999962,2opt,notBad
11250,15,212.19999999999965,15,209.59999999999962,swap,notBad
11251,15,212.19999999999965,15,209.59999999999962,2opt,notBad
11252,15,212.19999999999965,15,209.59999999999962,move,improve
11253,15,212.19999999999965,15,209.59999999999962,2opt,notBad
11254,15,212.19999999999965,15,209.59999999999962,move,improve
11255,15,212.19999999999965,15,209.59999999999962,2opt,notBad
11256,15,212.19999999999965,15,209.59999999999962,move,improve
11257,15,212.19999999999965,15,209.59999999999962,swap,notBad
11258,15,212.19999999999965,15,209.59999999999962,2opt,notBad
11259,15,212.19999999999965,15,209.59999999999962,2opt,notBad
11260,15,212.19999999999965,15,209.59999999999962,2opt,notBad
11261,15,212.19999999999965,15,209.59999999999962,2opt,notBad
11262,15,212.19999999999965,15,209.59999999999962,move,notBad
11263,15,212.19999999999965,15,209.59999999999962,move,improve
11264,15,212.19999999999965,15,209.59999999999962,swap,notBad
11265,15,212.19999999999965,15,209.59999999999962,swap,notBad
11266,15,212.19999999999965,15,209.59999999999962,swap,notBad
11267,15,212.19999999999965,15,209.59999999999962,2opt,notBad
11268,15,212.19999999999965,15,209.59999999999962,2opt,notBad
11269,15,212.19999999999965,15,209.59999999999962,2opt,notBad
11270,15,212.19999999999965,15,209.59999999999962,swap,notBad
11271,15,212.19999999999965,15,209.59999999999962,2opt,notBad
11272,15,212.19999999999965,15,209.59999999999962,move,improve
11273,15,212.19999999999965,15,209.59999999999962,swap,notBad
11274,15,212.19999999999965,15,209.59999999999962,move,improve
11275,15,212.19999999999965,15,209.59999999999962,move,improve
11276,15,212.19999999999965,15,209.59999999999962,move,improve
11277,15,212.19999999999965,15,209.59999999999962,2opt,improve
11278,15,212.19999999999965,15,209.59999999999962,swap,notBad
11279,15,212.19999999999965,15,209.59999999999962,2opt,notBad
11280,15,212.19999999999965,15,209.59999999999962,2opt,notBad
11281,15,212.19999999999965,15,209.59999999999962,2opt,notBad
11282,15,212.19999999999965,15,209.59999999999962,move,improve
11283,15,212.19999999999965,15,209.59999999999962,2opt,notBad
11284,15,212.19999999999965,15,209.59999999999962,move,improve
11285,15,212.19999999999965,15,209.59999999999962,swap,notBad
11286,15,212.19999999999965,15,209.59999999999962,move,improve
11287,15,212.19999999999965,15,209.59999999999962,swap,notBad
11288,15,212.19999999999965,15,209.59999999999962,move,improve
11289,15,212.19999999999965,15,209.59999999999962,move,improve
11290,15,212.19999999999965,15,209.59999999999962,swap,notBad
11291,15,212.19999999999965,15,209.59999999999962,move,improve
11292,15,212.19999999999965,15,209.59999999999962,swap,notBad
11293,15,212.19999999999965,15,209.59999999999962,2opt,notBad
11294,15,212.19999999999965,15,209.59999999999962,swap,notBad
11295,15,212.19999999999965,15,209.59999999999962,2opt,improve
11296,15,212.19999999999965,15,209.59999999999962,move,improve
11297,15,212.19999999999965,15,209.59999999999962,move,improve
11298,15,212.19999999999965,15,209.59999999999962,swap,notBad
11299,15,212.19999999999965,15,209.59999999999962,2opt,notBad
11300,15,212.19999999999965,15,209.59999999999962,2opt,notBad
11301,15,212.19999999999965,15,209.59999999999962,swap,notBad
11302,15,212.19999999999965,15,209.59999999999962,swap,notBad
11303,15,212.19999999999965,15,209.59999999999962,2opt,notBad
11304,15,212.19999999999965,15,209.59999999999962,2opt,notBad
11305,15,212.19999999999965,15,209.59999999999962,move,improve
11306,15,212.19999999999965,15,209.59999999999962,move,improve
11307,15,212.19999999999965,15,209.59999999999962,2opt,notBad
11308,15,212.19999999999965,15,209.59999999999962,2opt,notBad
11309,15,212.19999999999965,15,209.59999999999962,2opt,notBad
11310,15,212.19999999999965,15,209.59999999999962,swap,notBad
11311,15,212.19999999999965,15,209.59999999999962,move,improve
11312,15,212.19999999999965,15,209.59999999999962,2opt,improve
11313,15,212.19999999999965,15,209.59999999999962,2opt,notBad
11314,15,212.19999999999965,15,209.59999999999962,move,improve
11315,15,212.19999999999965,15,209.59999999999962,move,improve
11316,15,212.19999999999965,15,209.59999999999962,2opt,notBad
11317,15,212.19999999999965,15,209.59999999999962,move,improve
11318,15,212.19999999999965,15,209.59999999999962,2opt,notBad
11319,15,212.19999999999965,15,209.59999999999962,swap,notBad
11320,15,212.19999999999965,15,209.59999999999962,2opt,improve
11321,15,212.19999999999965,15,209.59999999999962,swap,notBad
11322,15,212.19999999999965,15,209.59999999999962,swap,notBad
11323,15,212.19999999999965,15,209.59999999999962,swap,notBad
11324,15,212.19999999999965,15,209.59999999999962,2opt,notBad
11325,15,212.19999999999965,15,209.59999999999962,swap,notBad
11326,15,212.19999999999965,15,209.59999999999962,move,improve
11327,15,212.19999999999965,15,209.59999999999962,swap,notBad
11328,15,212.19999999999965,15,209.59999999999962,2opt,notBad
11329,15,212.19999999999965,15,209.59999999999962,move,improve
11330,15,212.19999999999965,15,209.59999999999962,swap,notBad
11331,15,212.19999999999965,15,209.59999999999962,2opt,improve
11332,15,212.19999999999965,15,209.59999999999962,move,improve
11333,15,212.19999999999965,15,209.59999999999962,2opt,notBad
11334,15,212.19999999999965,15,209.59999999999962,swap,notBad
11335,15,212.19999999999965,15,209.59999999999962,move,improve
11336,15,212.19999999999965,15,209.59999999999962,move,improve
11337,15,212.19999999999965,15,209.59999999999962,swap,notBad
11338,15,212.19999999999965,15,209.59999999999962,swap,notBad
11339,15,212.19999999999965,15,209.59999999999962,2opt,notBad
11340,15,212.19999999999965,15,209.59999999999962,swap,notBad
11341,15,212.19999999999965,15,209.59999999999962,move,improve
11342,15,212.19999999999965,15,209.59999999999962,2opt,notBad
11343,15,212.19999999999965,15,209.59999999999962,2opt,notBad
11344,15,212.19999999999965,15,209.59999999999962,2opt,notBad
11345,15,212.19999999999965,15,209.59999999999962,2opt,notBad
11346,15,212.19999999999965,15,209.59999999999962,move,notBad
11347,15,212.19999999999965,15,209.59999999999962,move,improve
11348,15,212.19999999999965,15,209.59999999999962,swap,notBad
11349,15,212.19999999999965,15,209.59999999999962,swap,notBad
11350,15,212.19999999999965,15,209.59999999999962,2opt,notBad
11351,15,212.19999999999965,15,209.59999999999962,swap,notBad
11352,15,212.19999999999965,15,209.59999999999962,move,improve
11353,15,212.19999999999965,15,209.59999999999962,swap,notBad
11354,15,212.19999999999965,15,209.59999999999962,2opt,notBad
11355,15,212.19999999999965,15,209.59999999999962,swap,notBad
11356,15,212.19999999999965,15,209.59999999999962,swap,notBad
11357,15,212.19999999999965,15,209.59999999999962,2opt,notBad
11358,15,212.19999999999965,15,209.59999999999962,swap,notBad
11359,15,212.19999999999965,15,209.59999999999962,move,improve
11360,15,212.19999999999965,15,209.59999999999962,move,improve
11361,15,212.19999999999965,15,209.59999999999962,2opt,notBad
11362,15,212.19999999999965,15,209.59999999999962,move,improve
11363,15,212.19999999999965,15,209.59999999999962,2opt,notBad
11364,15,212.19999999999965,15,209.59999999999962,2opt,notBad
11365,15,212.19999999999965,15,209.59999999999962,move,improve
11366,15,212.19999999999965,15,209.59999999999962,swap,notBad
11367,15,212.19999999999965,15,209.59999999999962,move,improve
11368,15,212.19999999999965,15,209.59999999999962,swap,notBad
11369,15,212.19999999999965,15,209.59999999999962,move,improve
11370,15,212.19999999999965,15,209.59999999999962,2opt,notBad
11371,15,212.19999999999965,15,209.59999999999962,2opt,notBad
11372,15,212.19999999999965,15,209.59999999999962,swap,notBad
11373,15,212.19999999999965,15,209.59999999999962,move,improve
11374,15,212.19999999999965,15,209.59999999999962,2opt,notBad
11375,15,212.19999999999965,15,209.59999999999962,2opt,notBad
11376,15,212.19999999999965,15,209.59999999999962,move,improve
11377,15,212.19999999999965,15,209.59999999999962,move,improve
11378,15,212.19999999999965,15,209.59999999999962,move,improve
11379,15,212.19999999999965,15,209.59999999999962,swap,notBad
11380,15,212.19999999999965,15,209.59999999999962,swap,notBad
11381,15,212.19999999999965,15,209.59999999999962,2opt,notBad
11382,15,212.19999999999965,15,209.59999999999962,2opt,notBad
11383,15,212.19999999999965,15,209.59999999999962,2opt,notBad
11384,15,212.19999999999965,15,209.59999999999962,2opt,notBad
11385,15,212.19999999999965,15,209.59999999999962,swap,notBad
11386,15,212.19999999999965,15,209.59999999999962,move,improve
11387,15,212.19999999999965,15,209.59999999999962,move,improve
11388,15,212.19999999999965,15,209.59999999999962,2opt,improve
11389,15,212.19999999999965,15,209.59999999999962,2opt,notBad
11390,15,212.19999999999965,15,209.59999999999962,move,improve
11391,15,212.19999999999965,15,209.59999999999962,2opt,notBad
11392,15,212.19999999999965,15,209.59999999999962,move,improve
11393,15,210.7999999999996,15,209.59999999999962,swap,improve
11394,15,210.7999999999996,15,209.59999999999962,2opt,notBad
11395,15,210.7999999999996,15,209.59999999999962,move,improve
11396,15,210.7999999999996,15,209.59999999999962,swap,notBad
11397,15,210.7999999999996,15,209.59999999999962,2opt,notBad
11398,15,210.7999999999996,15,209.59999999999962,move,improve
11399,15,210.7999999999996,15,209.59999999999962,swap,notBad
11400,15,210.7999999999996,15,209.59999999999962,2opt,notBad
11401,15,210.7999999999996,15,209.59999999999962,move,improve
11402,15,210.7999999999996,15,209.59999999999962,swap,notBad
11403,15,210.7999999999996,15,209.59999999999962,2opt,notBad
11404,15,210.7999999999996,15,209.59999999999962,move,improve
11405,15,210.7999999999996,15,209.59999999999962,move,improve
11406,15,210.7999999999996,15,209.59999999999962,swap,notBad
11407,15,210.7999999999996,15,209.59999999999962,move,improve
11408,15,210.7999999999996,15,209.59999999999962,move,improve
11409,15,210.7999999999996,15,209.59999999999962,move,improve
11410,15,210.7999999999996,15,209.59999999999962,move,improve
11411,15,210.7999999999996,15,209.59999999999962,move,improve
11412,15,210.7999999999996,15,209.59999999999962,move,improve
11413,15,210.7999999999996,15,209.59999999999962,2opt,notBad
11414,15,210.7999999999996,15,209.59999999999962,move,improve
11415,15,210.7999999999996,15,209.59999999999962,2opt,notBad
11416,15,210.7999999999996,15,209.59999999999962,2opt,notBad
11417,15,210.7999999999996,15,209.59999999999962,2opt,notBad
11418,15,210.7999999999996,15,209.59999999999962,swap,notBad
11419,15,210.7999999999996,15,209.59999999999962,move,improve
11420,15,210.7999999999996,15,209.59999999999962,2opt,notBad
11421,15,210.7999999999996,15,209.59999999999962,2opt,notBad
11422,15,210.7999999999996,15,209.59999999999962,move,improve
11423,15,210.7999999999996,15,209.59999999999962,move,notBad
11424,15,210.7999999999996,15,209.59999999999962,move,improve
11425,15,210.7999999999996,15,209.59999999999962,2opt,notBad
11426,15,210.7999999999996,15,209.59999999999962,move,improve
11427,15,210.7999999999996,15,209.59999999999962,swap,notBad
11428,15,210.7999999999996,15,209.59999999999962,2opt,notBad
11429,15,210.7999999999996,15,209.59999999999962,move,improve
11430,15,210.7999999999996,15,209.59999999999962,move,improve
11431,15,210.7999999999996,15,209.59999999999962,swap,notBad
11432,15,210.7999999999996,15,209.59999999999962,swap,notBad
11433,15,210.7999999999996,15,209.59999999999962,2opt,improve
11434,15,210.7999999999996,15,209.59999999999962,swap,notBad
11435,15,210.7999999999996,15,209.59999999999962,swap,notBad
11436,15,210.7999999999996,15,209.59999999999962,2opt,improve
11437,15,210.7999999999996,15,209.59999999999962,2opt,notBad
11438,15,210.7999999999996,15,209.59999999999962,move,improve
11439,15,210.7999999999996,15,209.59999999999962,move,improve
11440,15,210.7999999999996,15,209.59999999999962,swap,notBad
11441,15,210.7999999999996,15,209.59999999999962,move,improve
11442,15,210.7999999999996,15,209.59999999999962,move,improve
11443,15,210.7999999999996,15,209.59999999999962,move,improve
11444,15,210.7999999999996,15,209.59999999999962,2opt,notBad
11445,15,210.7999999999996,15,209.59999999999962,move,improve
11446,15,210.7999999999996,15,209.59999999999962,2opt,notBad
11447,15,210.7999999999996,15,209.59999999999962,move,improve
11448,15,210.7999999999996,15,209.59999999999962,move,improve
11449,15,210.7999999999996,15,209.59999999999962,swap,notBad
11450,15,210.7999999999996,15,209.59999999999962,move,improve
11451,15,210.7999999999996,15,209.59999999999962,2opt,notBad
11452,15,210.7999999999996,15,209.59999999999962,2opt,notBad
11453,15,210.7999999999996,15,209.59999999999962,swap,notBad
11454,15,210.7999999999996,15,209.59999999999962,swap,notBad
11455,15,210.7999999999996,15,209.59999999999962,move,improve
11456,15,210.7999999999996,15,209.59999999999962,swap,notBad
11457,15,210.7999999999996,15,209.59999999999962,swap,notBad
11458,15,210.7999999999996,15,209.59999999999962,move,improve
11459,15,210.7999999999996,15,209.59999999999962,swap,notBad
11460,15,210.7999999999996,15,209.59999999999962,swap,notBad
11461,15,210.7999999999996,15,209.59999999999962,2opt,notBad
11462,15,210.7999999999996,15,209.59999999999962,move,improve
11463,15,210.7999999999996,15,209.59999999999962,swap,notBad
11464,15,210.7999999999996,15,209.59999999999962,move,improve
11465,15,210.7999999999996,15,209.59999999999962,move,improve
11466,15,210.7999999999996,15,209.59999999999962,move,improve
11467,15,210.7999999999996,15,209.59999999999962,2opt,notBad
11468,15,210.7999999999996,15,209.59999999999962,move,improve
11469,15,210.7999999999996,15,209.59999999999962,move,improve
11470,15,210.7999999999996,15,209.59999999999962,2opt,improve
11471,15,210.7999999999996,15,209.59999999999962,swap,notBad
11472,15,210.7999999999996,15,209.59999999999962,move,improve
11473,15,210.7999999999996,15,209.59999999999962,2opt,notBad
11474,15,210.7999999999996,15,209.59999999999962,swap,notBad
11475,15,210.7999999999996,15,209.59999999999962,swap,notBad
11476,15,210.7999999999996,15,209.59999999999962,move,improve
11477,15,210.7999999999996,15,209.59999999999962,2opt,notBad
11478,15,210.7999999999996,15,209.59999999999962,swap,notBad
11479,15,210.7999999999996,15,209.59999999999962,2opt,notBad
11480,15,210.7999999999996,15,209.59999999999962,2opt,notBad
11481,15,210.7999999999996,15,209.59999999999962,2opt,improve
11482,15,210.7999999999996,15,209.59999999999962,swap,notBad
11483,15,210.7999999999996,15,209.59999999999962,2opt,notBad
11484,15,210.7999999999996,15,209.59999999999962,swap,notBad
11485,15,210.7999999999996,15,209.59999999999962,swap,notBad
11486,15,210.7999999999996,15,209.59999999999962,move,improve
11487,15,210.7999999999996,15,209.59999999999962,swap,notBad
11488,15,210.7999999999996,15,209.59999999999962,2opt,notBad
11489,15,210.7999999999996,15,209.59999999999962,2opt,notBad
11490,15,210.7999999999996,15,209.59999999999962,2opt,notBad
11491,15,210.7999999999996,15,209.59999999999962,move,improve
11492,15,210.7999999999996,15,209.59999999999962,swap,notBad
11493,15,210.7999999999996,15,209.59999999999962,2opt,notBad
11494,15,210.7999999999996,15,209.59999999999962,swap,notBad
11495,15,210.7999999999996,15,209.59999999999962,move,improve
11496,15,210.7999999999996,15,209.59999999999962,move,improve
11497,15,210.7999999999996,15,209.59999999999962,swap,notBad
11498,15,210.7999999999996,15,209.59999999999962,swap,notBad
11499,15,210.7999999999996,15,209.59999999999962,move,improve
11500,15,210.7999999999996,15,209.59999999999962,swap,notBad
11501,15,210.7999999999996,15,209.59999999999962,move,improve
11502,15,210.7999999999996,15,209.59999999999962,2opt,notBad
11503,15,210.7999999999996,15,209.59999999999962,swap,notBad
11504,15,210.7999999999996,15,209.59999999999962,2opt,notBad
11505,15,210.7999999999996,15,209.59999999999962,2opt,notBad
11506,15,210.7999999999996,15,209.59999999999962,move,improve
11507,15,210.7999999999996,15,209.59999999999962,move,improve
11508,15,210.7999999999996,15,209.59999999999962,swap,notBad
11509,15,210.7999999999996,15,209.59999999999962,2opt,improve
11510,15,210.7999999999996,15,209.59999999999962,2opt,notBad
11511,15,210.7999999999996,15,209.59999999999962,move,improve
11512,15,210.7999999999996,15,209.59999999999962,swap,notBad
11513,15,210.7999999999996,15,209.59999999999962,2opt,notBad
11514,15,210.7999999999996,15,209.59999999999962,swap,notBad
11515,15,210.7999999999996,15,209.59999999999962,move,improve
11516,15,210.7999999999996,15,209.59999999999962,move,improve
11517,15,210.7999999999996,15,209.59999999999962,2opt,notBad
11518,15,210.7999999999996,15,209.59999999999962,move,improve
11519,15,210.7999999999996,15,209.59999999999962,2opt,improve
11520,15,210.7999999999996,15,209.59999999999962,2opt,notBad
11521,15,210.7999999999996,15,209.59999999999962,swap,notBad
11522,15,210.7999999999996,15,209.59999999999962,swap,notBad
11523,15,210.7999999999996,15,209.59999999999962,swap,notBad
11524,15,210.7999999999996,15,209.59999999999962,2opt,improve
11525,15,210.7999999999996,15,209.59999999999962,2opt,notBad
11526,15,210.7999999999996,15,209.59999999999962,move,improve
11527,15,210.7999999999996,15,209.59999999999962,2opt,notBad
11528,15,210.7999999999996,15,209.59999999999962,move,improve
11529,15,210.7999999999996,15,209.59999999999962,2opt,notBad
11530,15,210.7999999999996,15,209.59999999999962,move,improve
11531,15,210.7999999999996,15,209.59999999999962,swap,notBad
11532,15,210.7999999999996,15,209.59999999999962,move,improve
11533,15,210.7999999999996,15,209.59999999999962,2opt,improve
11534,15,210.7999999999996,15,209.59999999999962,swap,notBad
11535,15,210.7999999999996,15,209.59999999999962,swap,notBad
11536,15,210.7999999999996,15,209.59999999999962,move,improve
11537,15,210.7999999999996,15,209.59999999999962,move,improve
11538,15,210.7999999999996,15,209.59999999999962,swap,notBad
11539,15,210.7999999999996,15,209.59999999999962,move,improve
11540,15,210.7999999999996,15,209.59999999999962,swap,notBad
11541,15,210.7999999999996,15,209.59999999999962,2opt,notBad
11542,15,210.7999999999996,15,209.59999999999962,move,improve
11543,15,210.7999999999996,15,209.59999999999962,swap,notBad
11544,15,210.7999999999996,15,209.59999999999962,move,improve
11545,15,210.7999999999996,15,209.59999999999962,move,improve
11546,15,210.7999999999996,15,209.59999999999962,swap,notBad
11547,15,210.7999999999996,15,209.59999999999962,2opt,notBad
11548,15,210.7999999999996,15,209.59999999999962,move,improve
11549,15,210.7999999999996,15,209.59999999999962,2opt,notBad
11550,15,210.7999999999996,15,209.59999999999962,swap,notBad
11551,15,210.7999999999996,15,209.59999999999962,swap,notBad
11552,15,210.7999999999996,15,209.59999999999962,move,improve
11553,15,210.7999999999996,15,209.59999999999962,2opt,notBad
11554,15,210.7999999999996,15,209.59999999999962,move,improve
11555,15,210.7999999999996,15,209.59999999999962,move,notBad
11556,15,210.7999999999996,15,209.59999999999962,2opt,notBad
11557,15,210.7999999999996,15,209.59999999999962,swap,notBad
11558,15,210.7999999999996,15,209.59999999999962,move,improve
11559,15,210.7999999999996,15,209.59999999999962,swap,notBad
11560,15,210.7999999999996,15,209.59999999999962,swap,notBad
11561,15,210.7999999999996,15,209.59999999999962,swap,notBad
11562,15,210.7999999999996,15,209.59999999999962,2opt,notBad
11563,15,210.7999999999996,15,209.59999999999962,move,improve
11564,15,210.7999999999996,15,209.59999999999962,2opt,notBad
11565,15,210.7999999999996,15,209.59999999999962,move,improve
11566,15,210.7999999999996,15,209.59999999999962,move,improve
11567,15,210.7999999999996,15,209.59999999999962,swap,notBad
11568,15,210.7999999999996,15,209.59999999999962,2opt,notBad
11569,15,201.7999999999996,15,201.7999999999996,swap,newBest
11570,15,201.7999999999996,15,201.7999999999996,move,improve
11571,15,201.7999999999996,15,201.7999999999996,move,improve
11572,15,201.7999999999996,15,201.7999999999996,move,improve
11573,15,201.7999999999996,15,201.7999999999996,move,improve
11574,15,201.7999999999996,15,201.7999999999996,move,improve
11575,15,201.7999999999996,15,201.7999999999996,move,improve
11576,15,201.7999999999996,15,201.7999999999996,move,improve
11577,15,201.7999999999996,15,201.7999999999996,swap,notBad
11578,15,201.7999999999996,15,201.7999999999996,move,improve
11579,15,201.7999999999996,15,201.7999999999996,move,improve
11580,15,201.7999999999996,15,201.7999999999996,2opt,improve
11581,15,201.7999999999996,15,201.7999999999996,swap,notBad
11582,15,201.7999999999996,15,201.7999999999996,swap,notBad
11583,15,201.7999999999996,15,201.7999999999996,2opt,improve
11584,15,201.7999999999996,15,201.7999999999996,2opt,notBad
11585,15,201.7999999999996,15,201.7999999999996,move,improve
11586,15,201.7999999999996,15,201.7999999999996,swap,notBad
11587,15,201.7999999999996,15,201.7999999999996,swap,notBad
11588,15,201.7999999999996,15,201.7999999999996,2opt,notBad
11589,15,201.7999999999996,15,201.7999999999996,move,improve
11590,15,201.7999999999996,15,201.7999999999996,2opt,notBad
11591,15,201.7999999999996,15,201.7999999999996,2opt,notBad
11592,15,201.7999999999996,15,201.7999999999996,2opt,notBad
11593,15,201.7999999999996,15,201.7999999999996,2opt,notBad
11594,15,201.7999999999996,15,201.7999999999996,move,improve
11595,15,201.7999999999996,15,201.7999999999996,swap,improve
11596,15,201.7999999999996,15,201.7999999999996,swap,notBad
11597,15,201.7999999999996,15,201.7999999999996,swap,notBad
11598,15,201.7999999999996,15,201.7999999999996,swap,notBad
11599,15,201.7999999999996,15,201.7999999999996,swap,notBad
11600,15,201.7999999999996,15,201.7999999999996,move,improve
11601,15,201.7999999999996,15,201.7999999999996,2opt,notBad
11602,15,201.7999999999996,15,201.7999999999996,2opt,notBad
11603,15,201.7999999999996,15,201.7999999999996,swap,notBad
11604,15,201.7999999999996,15,201.7999999999996,swap,notBad
11605,15,201.7999999999996,15,201.7999999999996,2opt,notBad
11606,15,201.7999999999996,15,201.7999999999996,swap,notBad
11607,15,201.7999999999996,15,201.7999999999996,swap,notBad
11608,15,201.7999999999996,15,201.7999999999996,swap,notBad
11609,15,201.7999999999996,15,201.7999999999996,2opt,notBad
11610,15,201.7999999999996,15,201.7999999999996,swap,notBad
11611,15,201.7999999999996,15,201.7999999999996,2opt,notBad
11612,15,201.7999999999996,15,201.7999999999996,move,improve
11613,15,201.7999999999996,15,201.7999999999996,swap,notBad
11614,15,201.7999999999996,15,201.7999999999996,swap,notBad
11615,15,201.7999999999996,15,201.7999999999996,swap,notBad
11616,15,201.7999999999996,15,201.7999999999996,move,improve
11617,15,201.7999999999996,15,201.7999999999996,2opt,notBad
11618,15,201.7999999999996,15,201.7999999999996,move,improve
11619,15,201.7999999999996,15,201.7999999999996,2opt,notBad
11620,15,201.7999999999996,15,201.7999999999996,2opt,notBad
11621,15,201.7999999999996,15,201.7999999999996,2opt,notBad
11622,15,201.7999999999996,15,201.7999999999996,swap,notBad
11623,15,201.7999999999996,15,201.7999999999996,2opt,notBad
11624,15,201.7999999999996,15,201.7999999999996,swap,notBad
11625,15,201.7999999999996,15,201.7999999999996,move,improve
11626,15,201.7999999999996,15,201.7999999999996,2opt,notBad
11627,15,201.7999999999996,15,201.7999999999996,move,improve
11628,15,201.7999999999996,15,201.7999999999996,move,improve
11629,15,201.7999999999996,15,201.7999999999996,move,improve
11630,15,201.7999999999996,15,201.7999999999996,2opt,notBad
11631,15,201.7999999999996,15,201.7999999999996,swap,notBad
11632,15,201.7999999999996,15,201.7999999999996,swap,notBad
11633,15,201.7999999999996,15,201.7999999999996,swap,notBad
11634,15,201.7999999999996,15,201.7999999999996,move,improve
11635,15,201.7999999999996,15,201.7999999999996,move,improve
11636,15,201.7999999999996,15,201.7999999999996,move,improve
11637,15,201.7999999999996,15,201.7999999999996,swap,notBad
11638,15,201.7999999999996,15,201.7999999999996,swap,notBad
11639,15,201.7999999999996,15,201.7999999999996,swap,notBad
11640,15,201.7999999999996,15,201.7999999999996,2opt,notBad
11641,15,201.7999999999996,15,201.7999999999996,2opt,notBad
11642,15,201.7999999999996,15,201.7999999999996,2opt,notBad
11643,15,201.7999999999996,15,201.7999999999996,2opt,notBad
11644,15,201.7999999999996,15,201.7999999999996,2opt,notBad
11645,15,201.7999999999996,15,201.7999999999996,move,improve
11646,15,201.7999999999996,15,201.7999999999996,move,improve
11647,15,201.7999999999996,15,201.7999999999996,swap,notBad
11648,15,201.7999999999996,15,201.7999999999996,2opt,notBad
11649,15,201.7999999999996,15,201.7999999999996,swap,notBad
11650,15,201.7999999999996,15,201.7999999999996,swap,notBad
11651,15,201.7999999999996,15,201.7999999999996,swap,notBad
11652,15,201.7999999999996,15,201.7999999999996,2opt,notBad
11653,15,201.7999999999996,15,201.7999999999996,move,improve
11654,15,201.7999999999996,15,201.7999999999996,2opt,notBad
11655,15,201.7999999999996,15,201.7999999999996,move,improve
11656,15,201.7999999999996,15,201.7999999999996,2opt,notBad
11657,15,201.7999999999996,15,201.7999999999996,move,improve
11658,15,201.7999999999996,15,201.7999999999996,swap,notBad
11659,15,201.7999999999996,15,201.7999999999996,move,improve
11660,15,201.7999999999996,15,201.7999999999996,swap,notBad
11661,15,201.7999999999996,15,201.7999999999996,swap,notBad
11662,15,201.7999999999996,15,201.7999999999996,move,improve
11663,15,201.7999999999996,15,201.7999999999996,2opt,notBad
11664,15,201.7999999999996,15,201.7999999999996,swap,notBad
11665,15,201.7999999999996,15,201.7999999999996,swap,notBad
11666,15,201.7999999999996,15,201.7999999999996,move,improve
11667,15,201.7999999999996,15,201.7999999999996,2opt,notBad
11668,15,201.7999999999996,15,201.7999999999996,move,improve
11669,15,201.7999999999996,15,201.7999999999996,move,improve
11670,15,201.7999999999996,15,201.7999999999996,2opt,notBad
11671,15,201.7999999999996,15,201.7999999999996,2opt,notBad
11672,15,201.7999999999996,15,201.7999999999996,2opt,notBad
11673,15,201.7999999999996,15,201.7999999999996,2opt,notBad
11674,15,201.7999999999996,15,201.7999999999996,swap,notBad
11675,15,201.7999999999996,15,201.7999999999996,move,improve
11676,15,201.7999999999996,15,201.7999999999996,swap,notBad
11677,15,201.7999999999996,15,201.7999999999996,swap,notBad
11678,15,201.7999999999996,15,201.7999999999996,move,improve
11679,15,201.7999999999996,15,201.7999999999996,2opt,notBad
11680,15,201.7999999999996,15,201.7999999999996,move,improve
11681,15,201.7999999999996,15,201.7999999999996,2opt,notBad
11682,15,201.7999999999996,15,201.7999999999996,swap,notBad
11683,15,201.7999999999996,15,201.7999999999996,swap,notBad
11684,15,201.7999999999996,15,201.7999999999996,2opt,notBad
11685,15,201.7999999999996,15,201.7999999999996,swap,notBad
11686,15,201.7999999999996,15,201.7999999999996,swap,notBad
11687,15,201.7999999999996,15,201.7999999999996,swap,notBad
11688,15,201.7999999999996,15,201.7999999999996,2opt,notBad
11689,15,201.7999999999996,15,201.7999999999996,move,improve
11690,15,201.7999999999996,15,201.7999999999996,move,improve
11691,15,201.7999999999996,15,201.7999999999996,swap,notBad
11692,15,201.7999999999996,15,201.7999999999996,swap,notBad
11693,15,201.7999999999996,15,201.7999999999996,swap,notBad
11694,15,201.7999999999996,15,201.7999999999996,swap,notBad
11695,15,201.7999999999996,15,201.7999999999996,move,improve
11696,15,201.7999999999996,15,201.7999999999996,swap,notBad
11697,15,201.7999999999996,15,201.7999999999996,swap,notBad
11698,15,201.7999999999996,15,201.7999999999996,swap,notBad
11699,15,201.7999999999996,15,201.7999999999996,swap,notBad
11700,15,201.7999999999996,15,201.7999999999996,2opt,notBad
11701,15,201.7999999999996,15,201.7999999999996,move,improve
11702,15,201.7999999999996,15,201.7999999999996,swap,notBad
11703,15,201.7999999999996,15,201.7999999999996,2opt,notBad
11704,15,201.7999999999996,15,201.7999999999996,2opt,notBad
11705,15,201.7999999999996,15,201.7999999999996,2opt,improve
11706,15,201.7999999999996,15,201.7999999999996,move,improve
11707,15,201.7999999999996,15,201.7999999999996,swap,notBad
11708,15,201.7999999999996,15,201.7999999999996,2opt,notBad
11709,15,201.7999999999996,15,201.7999999999996,2opt,notBad
11710,15,201.7999999999996,15,201.7999999999996,2opt,notBad
11711,15,201.7999999999996,15,201.7999999999996,swap,notBad
11712,15,201.7999999999996,15,201.7999999999996,2opt,notBad
11713,15,201.7999999999996,15,201.7999999999996,move,improve
11714,15,201.7999999999996,15,201.7999999999996,2opt,notBad
11715,15,201.7999999999996,15,201.7999999999996,swap,notBad
11716,15,201.7999999999996,15,201.7999999999996,move,improve
11717,15,201.7999999999996,15,201.7999999999996,2opt,notBad
11718,15,201.7999999999996,15,201.7999999999996,move,improve
11719,15,201.7999999999996,15,201.7999999999996,swap,notBad
11720,15,201.7999999999996,15,201.7999999999996,move,improve
11721,15,201.7999999999996,15,201.7999999999996,2opt,notBad
11722,15,201.7999999999996,15,201.7999999999996,move,improve
11723,15,201.7999999999996,15,201.7999999999996,swap,notBad
11724,15,201.7999999999996,15,201.7999999999996,move,improve
11725,15,201.7999999999996,15,201.7999999999996,move,improve
11726,15,201.7999999999996,15,201.7999999999996,swap,notBad
11727,15,201.7999999999996,15,201.7999999999996,swap,notBad
11728,15,201.7999999999996,15,201.7999999999996,move,improve
11729,15,201.7999999999996,15,201.7999999999996,2opt,improve
11730,15,201.7999999999996,15,201.7999999999996,2opt,notBad
11731,15,201.7999999999996,15,201.7999999999996,swap,notBad
11732,15,201.7999999999996,15,201.7999999999996,swap,notBad
11733,15,201.7999999999996,15,201.7999999999996,2opt,notBad
11734,15,201.7999999999996,15,201.7999999999996,swap,notBad
11735,15,201.7999999999996,15,201.7999999999996,swap,notBad
11736,15,201.7999999999996,15,201.7999999999996,2opt,notBad
11737,15,201.7999999999996,15,201.7999999999996,swap,notBad
11738,15,201.7999999999996,15,201.7999999999996,move,improve
11739,15,201.7999999999996,15,201.7999999999996,2opt,notBad
11740,15,204.3999999999997,15,201.7999999999996,swap,acceptBad
11741,15,204.3999999999997,15,201.7999999999996,move,improve
11742,15,204.3999999999997,15,201.7999999999996,move,improve
11743,15,204.3999999999997,15,201.7999999999996,move,improve
11744,15,204.3999999999997,15,201.7999999999996,2opt,notBad
11745,15,204.3999999999997,15,201.7999999999996,move,improve
11746,15,204.3999999999997,15,201.7999999999996,swap,notBad
11747,15,204.3999999999997,15,201.7999999999996,move,improve
11748,15,204.3999999999997,15,201.7999999999996,2opt,notBad
11749,15,204.3999999999997,15,201.7999999999996,move,improve
11750,15,204.3999999999997,15,201.7999999999996,move,improve
11751,15,204.3999999999997,15,201.7999999999996,swap,notBad
11752,15,204.3999999999997,15,201.7999999999996,2opt,notBad
11753,15,204.3999999999997,15,201.7999999999996,swap,notBad
11754,15,204.3999999999997,15,201.7999999999996,swap,notBad
11755,15,204.3999999999997,15,201.7999999999996,2opt,notBad
11756,15,204.3999999999997,15,201.7999999999996,swap,notBad
11757,15,204.3999999999997,15,201.7999999999996,swap,notBad
11758,15,204.3999999999997,15,201.7999999999996,move,improve
11759,15,204.3999999999997,15,201.7999999999996,move,improve
11760,15,204.3999999999997,15,201.7999999999996,move,improve
11761,15,204.3999999999997,15,201.7999999999996,move,improve
11762,15,204.3999999999997,15,201.7999999999996,swap,notBad
11763,15,204.3999999999997,15,201.7999999999996,swap,notBad
11764,15,204.3999999999997,15,201.7999999999996,move,improve
11765,15,204.3999999999997,15,201.7999999999996,move,improve
11766,15,204.3999999999997,15,201.7999999999996,2opt,notBad
11767,15,204.3999999999997,15,201.7999999999996,move,improve
11768,15,204.3999999999997,15,201.7999999999996,swap,notBad
11769,15,204.3999999999997,15,201.7999999999996,move,improve
11770,15,204.3999999999997,15,201.7999999999996,swap,notBad
11771,15,204.3999999999997,15,201.7999999999996,move,improve
11772,15,204.3999999999997,15,201.7999999999996,2opt,improve
11773,15,204.3999999999997,15,201.7999999999996,2opt,notBad
11774,15,204.3999999999997,15,201.7999999999996,move,improve
11775,15,204.3999999999997,15,201.7999999999996,move,improve
11776,15,204.3999999999997,15,201.7999999999996,swap,notBad
11777,15,204.3999999999997,15,201.7999999999996,move,improve
11778,15,204.3999999999997,15,201.7999999999996,swap,notBad
11779,15,204.3999999999997,15,201.7999999999996,2opt,notBad
11780,15,204.3999999999997,15,201.7999999999996,move,improve
11781,15,204.3999999999997,15,201.7999999999996,2opt,notBad
11782,15,204.3999999999997,15,201.7999999999996,2opt,notBad
11783,15,204.3999999999997,15,201.7999999999996,swap,notBad
11784,15,204.3999999999997,15,201.7999999999996,move,improve
11785,15,204.3999999999997,15,201.7999999999996,swap,notBad
11786,15,204.3999999999997,15,201.7999999999996,move,improve
11787,15,204.3999999999997,15,201.7999999999996,move,improve
11788,15,204.3999999999997,15,201.7999999999996,swap,notBad
11789,15,204.3999999999997,15,201.7999999999996,swap,notBad
11790,15,204.3999999999997,15,201.7999999999996,move,improve
11791,15,203.39999999999947,15,201.7999999999996,swap,improve
11792,15,203.39999999999947,15,201.7999999999996,2opt,notBad
11793,15,203.39999999999947,15,201.7999999999996,swap,notBad
11794,15,203.39999999999947,15,201.7999999999996,swap,notBad
11795,15,203.39999999999947,15,201.7999999999996,swap,notBad
11796,15,203.39999999999947,15,201.7999999999996,swap,notBad
11797,15,203.39999999999947,15,201.7999999999996,swap,notBad
11798,15,200.7999999999994,15,200.7999999999994,move,newBest
11799,15,200.7999999999994,15,200.7999999999994,move,improve
11800,15,200.7999999999994,15,200.7999999999994,2opt,notBad
11801,15,200.7999999999994,15,200.7999999999994,move,improve
11802,15,200.7999999999994,15,200.7999999999994,move,improve
11803,15,200.7999999999994,15,200.7999999999994,move,improve
11804,15,200.7999999999994,15,200.7999999999994,swap,notBad
11805,15,200.7999999999994,15,200.7999999999994,move,improve
11806,15,200.7999999999994,15,200.7999999999994,swap,notBad
11807,15,200.7999999999994,15,200.7999999999994,move,improve
11808,15,200.7999999999994,15,200.7999999999994,swap,notBad
11809,15,200.7999999999994,15,200.7999999999994,move,improve
11810,15,200.7999999999994,15,200.7999999999994,move,improve
11811,15,200.7999999999994,15,200.7999999999994,swap,notBad
11812,15,200.7999999999994,15,200.7999999999994,move,improve
11813,15,200.7999999999994,15,200.7999999999994,swap,notBad
11814,15,200.7999999999994,15,200.7999999999994,swap,notBad
11815,15,200.7999999999994,15,200.7999999999994,2opt,notBad
11816,15,200.7999999999994,15,200.7999999999994,move,improve
11817,15,200.7999999999994,15,200.7999999999994,swap,notBad
11818,15,200.7999999999994,15,200.7999999999994,swap,notBad
11819,15,200.7999999999994,15,200.7999999999994,move,improve
11820,15,200.7999999999994,15,200.7999999999994,move,improve
11821,15,200.7999999999994,15,200.7999999999994,2opt,notBad
11822,15,200.7999999999994,15,200.7999999999994,swap,notBad
11823,15,200.7999999999994,15,200.7999999999994,2opt,notBad
11824,15,200.7999999999994,15,200.7999999999994,2opt,notBad
11825,15,200.7999999999994,15,200.7999999999994,2opt,notBad
11826,15,200.7999999999994,15,200.7999999999994,move,improve
11827,15,200.7999999999994,15,200.7999999999994,move,improve
11828,15,200.7999999999994,15,200.7999999999994,2opt,notBad
11829,15,200.7999999999994,15,200.7999999999994,2opt,notBad
11830,15,200.7999999999994,15,200.7999999999994,2opt,notBad
11831,15,200.7999999999994,15,200.7999999999994,swap,notBad
11832,15,200.7999999999994,15,200.7999999999994,2opt,notBad
11833,15,200.7999999999994,15,200.7999999999994,2opt,notBad
11834,15,200.7999999999994,15,200.7999999999994,swap,notBad
11835,15,200.7999999999994,15,200.7999999999994,swap,notBad
11836,15,200.7999999999994,15,200.7999999999994,move,improve
11837,15,200.7999999999994,15,200.7999999999994,move,improve
11838,15,200.7999999999994,15,200.7999999999994,2opt,notBad
11839,15,200.7999999999994,15,200.7999999999994,move,improve
11840,15,200.7999999999994,15,200.7999999999994,move,improve
11841,15,200.7999999999994,15,200.7999999999994,move,improve
11842,15,200.7999999999994,15,200.7999999999994,2opt,notBad
11843,15,200.7999999999994,15,200.7999999999994,move,improve
11844,15,200.7999999999994,15,200.7999999999994,2opt,notBad
11845,15,200.7999999999994,15,200.7999999999994,swap,notBad
11846,15,200.7999999999994,15,200.7999999999994,swap,notBad
11847,15,200.7999999999994,15,200.7999999999994,swap,notBad
11848,15,200.7999999999994,15,200.7999999999994,move,improve
11849,15,200.7999999999994,15,200.7999999999994,swap,notBad
11850,15,200.7999999999994,15,200.7999999999994,move,improve
11851,15,200.7999999999994,15,200.7999999999994,swap,notBad
11852,15,200.7999999999994,15,200.7999999999994,move,improve
11853,15,200.7999999999994,15,200.7999999999994,2opt,improve
11854,15,200.7999999999994,15,200.7999999999994,move,improve
11855,15,200.7999999999994,15,200.7999999999994,move,improve
11856,15,200.7999999999994,15,200.7999999999994,move,improve
11857,15,200.7999999999994,15,200.7999999999994,swap,notBad
11858,15,200.7999999999994,15,200.7999999999994,2opt,notBad
11859,15,200.7999999999994,15,200.7999999999994,2opt,improve
11860,15,200.7999999999994,15,200.7999999999994,swap,notBad
11861,15,200.7999999999994,15,200.7999999999994,2opt,notBad
11862,15,200.7999999999994,15,200.7999999999994,2opt,notBad
11863,15,200.7999999999994,15,200.7999999999994,swap,notBad
11864,15,200.7999999999994,15,200.7999999999994,move,improve
11865,15,200.7999999999994,15,200.7999999999994,swap,notBad
11866,15,200.7999999999994,15,200.7999999999994,swap,notBad
11867,15,200.7999999999994,15,200.7999999999994,swap,notBad
11868,15,200.7999999999994,15,200.7999999999994,swap,notBad
11869,15,200.7999999999994,15,200.7999999999994,2opt,notBad
11870,15,200.7999999999994,15,200.7999999999994,move,improve
11871,15,200.7999999999994,15,200.7999999999994,swap,notBad
11872,15,200.7999999999994,15,200.7999999999994,swap,notBad
11873,15,200.7999999999994,15,200.7999999999994,swap,notBad
11874,15,200.7999999999994,15,200.7999999999994,swap,notBad
11875,15,200.7999999999994,15,200.7999999999994,2opt,notBad
11876,15,200.7999999999994,15,200.7999999999994,swap,notBad
11877,15,200.7999999999994,15,200.7999999999994,2opt,notBad
11878,15,200.7999999999994,15,200.7999999999994,move,improve
11879,15,200.7999999999994,15,200.7999999999994,2opt,notBad
11880,15,200.7999999999994,15,200.7999999999994,move,improve
11881,15,200.7999999999994,15,200.7999999999994,swap,notBad
11882,15,200.7999999999994,15,200.7999999999994,move,improve
11883,15,206.39999999999986,15,200.7999999999994,swap,acceptBad
11884,15,206.39999999999986,15,200.7999999999994,swap,notBad
11885,15,206.39999999999986,15,200.7999999999994,2opt,improve
11886,15,206.39999999999986,15,200.7999999999994,swap,notBad
11887,15,206.39999999999986,15,200.7999999999994,move,improve
11888,15,206.39999999999986,15,200.7999999999994,move,improve
11889,15,206.39999999999986,15,200.7999999999994,2opt,notBad
11890,15,206.39999999999986,15,200.7999999999994,swap,notBad
11891,15,206.39999999999986,15,200.7999999999994,2opt,improve
11892,15,206.39999999999986,15,200.7999999999994,2opt,notBad
11893,15,206.39999999999986,15,200.7999999999994,2opt,notBad
11894,15,206.39999999999986,15,200.7999999999994,2opt,notBad
11895,15,206.39999999999986,15,200.7999999999994,move,improve
11896,15,206.39999999999986,15,200.7999999999994,2opt,notBad
11897,15,206.39999999999986,15,200.7999999999994,swap,notBad
11898,15,206.39999999999986,15,200.7999999999994,move,improve
11899,15,206.39999999999986,15,200.7999999999994,2opt,improve
11900,15,206.39999999999986,15,200.7999999999994,2opt,notBad
11901,15,206.39999999999986,15,200.7999999999994,2opt,notBad
11902,15,206.39999999999986,15,200.7999999999994,move,improve
11903,15,206.39999999999986,15,200.7999999999994,swap,notBad
11904,15,206.39999999999986,15,200.7999999999994,move,improve
11905,15,206.39999999999986,15,200.7999999999994,move,improve
11906,15,206.39999999999986,15,200.7999999999994,2opt,improve
11907,15,206.39999999999986,15,200.7999999999994,2opt,notBad
11908,15,206.39999999999986,15,200.7999999999994,2opt,notBad
11909,15,206.39999999999986,15,200.7999999999994,move,improve
11910,15,206.39999999999986,15,200.7999999999994,2opt,notBad
11911,15,206.39999999999986,15,200.7999999999994,2opt,notBad
11912,15,206.39999999999986,15,200.7999999999994,swap,notBad
11913,15,206.39999999999986,15,200.7999999999994,2opt,notBad
11914,15,206.39999999999986,15,200.7999999999994,move,improve
11915,15,206.39999999999986,15,200.7999999999994,swap,notBad
11916,15,206.39999999999986,15,200.7999999999994,move,improve
11917,15,206.39999999999986,15,200.7999999999994,swap,notBad
11918,15,206.39999999999986,15,200.7999999999994,move,improve
11919,15,206.39999999999986,15,200.7999999999994,move,improve
11920,15,206.39999999999986,15,200.7999999999994,move,improve
11921,15,206.39999999999986,15,200.7999999999994,2opt,notBad
11922,15,206.39999999999986,15,200.7999999999994,swap,notBad
11923,15,205.7999999999999,15,200.7999999999994,move,improve
11924,15,205.7999999999999,15,200.7999999999994,move,improve
11925,15,205.7999999999999,15,200.7999999999994,swap,improve
11926,15,205.7999999999999,15,200.7999999999994,move,improve
11927,15,205.7999999999999,15,200.7999999999994,move,improve
11928,15,205.7999999999999,15,200.7999999999994,swap,notBad
11929,15,205.7999999999999,15,200.7999999999994,swap,notBad
11930,15,205.7999999999999,15,200.7999999999994,move,improve
11931,15,205.7999999999999,15,200.7999999999994,2opt,notBad
11932,15,205.7999999999999,15,200.7999999999994,2opt,notBad
11933,15,205.7999999999999,15,200.7999999999994,move,improve
11934,15,205.7999999999999,15,200.7999999999994,2opt,notBad
11935,15,205.7999999999999,15,200.7999999999994,2opt,notBad
11936,15,205.7999999999999,15,200.7999999999994,move,improve
11937,15,205.7999999999999,15,200.7999999999994,2opt,notBad
11938,15,205.7999999999999,15,200.7999999999994,move,improve
11939,15,205.7999999999999,15,200.7999999999994,move,improve
11940,15,205.7999999999999,15,200.7999999999994,move,improve
11941,15,205.7999999999999,15,200.7999999999994,swap,notBad
11942,15,205.7999999999999,15,200.7999999999994,swap,notBad
11943,15,205.7999999999999,15,200.7999999999994,2opt,notBad
11944,15,205.7999999999999,15,200.7999999999994,2opt,notBad
11945,15,205.7999999999999,15,200.7999999999994,2opt,notBad
11946,15,205.7999999999999,15,200.7999999999994,2opt,notBad
11947,15,205.7999999999999,15,200.7999999999994,2opt,notBad
11948,15,205.7999999999999,15,200.7999999999994,move,improve
11949,15,205.7999999999999,15,200.7999999999994,2opt,notBad
11950,15,205.7999999999999,15,200.7999999999994,swap,notBad
11951,15,205.7999999999999,15,200.7999999999994,move,improve
11952,15,205.7999999999999,15,200.7999999999994,swap,notBad
11953,15,205.7999999999999,15,200.7999999999994,2opt,notBad
11954,15,205.7999999999999,15,200.7999999999994,2opt,notBad
11955,15,205.7999999999999,15,200.7999999999994,swap,notBad
11956,15,205.7999999999999,15,200.7999999999994,swap,notBad
11957,15,205.7999999999999,15,200.7999999999994,move,improve
11958,15,205.7999999999999,15,200.7999999999994,move,improve
11959,15,205.7999999999999,15,200.7999999999994,2opt,improve
11960,15,205.7999999999999,15,200.7999999999994,2opt,notBad
11961,15,205.7999999999999,15,200.7999999999994,2opt,notBad
11962,15,205.7999999999999,15,200.7999999999994,move,improve
11963,15,205.7999999999999,15,200.7999999999994,move,improve
11964,15,205.7999999999999,15,200.7999999999994,swap,notBad
11965,15,205.7999999999999,15,200.7999999999994,2opt,improve
11966,15,205.7999999999999,15,200.7999999999994,2opt,improve
11967,15,205.7999999999999,15,200.7999999999994,2opt,notBad
11968,15,205.7999999999999,15,200.7999999999994,move,improve
11969,15,205.7999999999999,15,200.7999999999994,move,improve
11970,15,205.7999999999999,15,200.7999999999994,swap,notBad
11971,15,205.7999999999999,15,200.7999999999994,2opt,notBad
11972,15,205.7999999999999,15,200.7999999999994,move,improve
11973,15,205.7999999999999,15,200.7999999999994,swap,notBad
11974,15,205.7999999999999,15,200.7999999999994,move,improve
11975,15,205.7999999999999,15,200.7999999999994,move,improve
11976,15,205.7999999999999,15,200.7999999999994,move,improve
11977,15,205.7999999999999,15,200.7999999999994,swap,notBad
11978,15,205.7999999999999,15,200.7999999999994,move,notBad
11979,15,205.7999999999999,15,200.7999999999994,swap,notBad
11980,15,205.7999999999999,15,200.7999999999994,swap,notBad
11981,15,205.7999999999999,15,200.7999999999994,move,improve
11982,15,205.7999999999999,15,200.7999999999994,2opt,notBad
11983,15,205.7999999999999,15,200.7999999999994,move,improve
11984,15,205.7999999999999,15,200.7999999999994,swap,notBad
11985,15,205.7999999999999,15,200.7999999999994,2opt,improve
11986,15,205.7999999999999,15,200.7999999999994,swap,notBad
11987,15,205.7999999999999,15,200.7999999999994,2opt,notBad
11988,15,205.7999999999999,15,200.7999999999994,2opt,notBad
11989,15,205.7999999999999,15,200.7999999999994,move,improve
11990,15,205.7999999999999,15,200.7999999999994,move,improve
11991,15,205.7999999999999,15,200.7999999999994,move,improve
11992,15,205.7999999999999,15,200.7999999999994,move,improve
11993,15,205.7999999999999,15,200.7999999999994,move,improve
11994,15,205.7999999999999,15,200.7999999999994,move,improve
11995,15,205.7999999999999,15,200.7999999999994,swap,notBad
11996,15,205.7999999999999,15,200.7999999999994,move,improve
11997,15,205.7999999999999,15,200.7999999999994,2opt,notBad
11998,15,205.7999999999999,15,200.7999999999994,move,improve
11999,15,205.7999999999999,15,200.7999999999994,2opt,notBad
12000,15,205.7999999999999,15,200.7999999999994,2opt,notBad
12001,15,205.7999999999999,15,200.7999999999994,move,improve
12002,15,205.7999999999999,15,200.7999999999994,move,improve
12003,15,205.7999999999999,15,200.7999999999994,swap,notBad
12004,15,205.7999999999999,15,200.7999999999994,move,improve
12005,15,205.7999999999999,15,200.7999999999994,swap,notBad
12006,15,205.7999999999999,15,200.7999999999994,2opt,notBad
12007,15,205.7999999999999,15,200.7999999999994,swap,notBad
12008,15,205.7999999999999,15,200.7999999999994,2opt,notBad
12009,15,205.7999999999999,15,200.7999999999994,move,improve
12010,15,205.7999999999999,15,200.7999999999994,2opt,notBad
12011,15,205.7999999999999,15,200.7999999999994,swap,notBad
12012,15,205.7999999999999,15,200.7999999999994,2opt,notBad
12013,15,205.7999999999999,15,200.7999999999994,move,improve
12014,15,205.7999999999999,15,200.7999999999994,swap,notBad
12015,15,205.7999999999999,15,200.7999999999994,move,improve
12016,15,205.7999999999999,15,200.7999999999994,swap,notBad
12017,15,205.7999999999999,15,200.7999999999994,2opt,improve
12018,15,205.7999999999999,15,200.7999999999994,move,improve
12019,15,205.7999999999999,15,200.7999999999994,move,improve
12020,15,205.7999999999999,15,200.7999999999994,2opt,notBad
12021,15,205.7999999999999,15,200.7999999999994,move,improve
12022,15,205.7999999999999,15,200.7999999999994,2opt,notBad
12023,15,205.7999999999999,15,200.7999999999994,move,improve
12024,15,205.7999999999999,15,200.7999999999994,move,improve
12025,15,205.7999999999999,15,200.7999999999994,swap,notBad
12026,15,205.7999999999999,15,200.7999999999994,swap,notBad
12027,15,205.7999999999999,15,200.7999999999994,2opt,notBad
12028,15,205.7999999999999,15,200.7999999999994,move,improve
12029,15,205.7999999999999,15,200.7999999999994,2opt,notBad
12030,15,205.7999999999999,15,200.7999999999994,move,improve
12031,15,205.7999999999999,15,200.7999999999994,swap,notBad
12032,15,205.7999999999999,15,200.7999999999994,swap,notBad
12033,15,205.7999999999999,15,200.7999999999994,swap,notBad
12034,15,205.7999999999999,15,200.7999999999994,swap,notBad
12035,15,205.7999999999999,15,200.7999999999994,move,improve
12036,15,205.7999999999999,15,200.7999999999994,move,improve
12037,15,205.7999999999999,15,200.7999999999994,move,improve
12038,15,205.7999999999999,15,200.7999999999994,move,improve
12039,15,205.7999999999999,15,200.7999999999994,move,improve
12040,15,205.7999999999999,15,200.7999999999994,swap,notBad
12041,15,205.7999999999999,15,200.7999999999994,2opt,improve
12042,15,205.7999999999999,15,200.7999999999994,swap,notBad
12043,15,205.7999999999999,15,200.7999999999994,swap,notBad
12044,15,205.7999999999999,15,200.7999999999994,2opt,notBad
12045,15,205.7999999999999,15,200.7999999999994,swap,notBad
12046,15,205.7999999999999,15,200.7999999999994,2opt,improve
12047,15,205.7999999999999,15,200.7999999999994,move,improve
12048,15,205.7999999999999,15,200.7999999999994,2opt,notBad
12049,15,205.7999999999999,15,200.7999999999994,2opt,notBad
12050,15,205.7999999999999,15,200.7999999999994,2opt,notBad
12051,15,205.7999999999999,15,200.7999999999994,move,improve
12052,15,205.7999999999999,15,200.7999999999994,swap,notBad
12053,15,205.7999999999999,15,200.7999999999994,2opt,notBad
12054,15,205.7999999999999,15,200.7999999999994,2opt,notBad
12055,15,205.7999999999999,15,200.7999999999994,2opt,notBad
12056,15,205.7999999999999,15,200.7999999999994,swap,notBad
12057,15,205.7999999999999,15,200.7999999999994,swap,notBad
12058,15,205.7999999999999,15,200.7999999999994,swap,notBad
12059,15,205.7999999999999,15,200.7999999999994,move,improve
12060,15,205.7999999999999,15,200.7999999999994,2opt,notBad
12061,15,205.7999999999999,15,200.7999999999994,2opt,notBad
12062,15,205.7999999999999,15,200.7999999999994,2opt,notBad
12063,15,205.7999999999999,15,200.7999999999994,2opt,notBad
12064,15,205.7999999999999,15,200.7999999999994,swap,notBad
12065,15,205.7999999999999,15,200.7999999999994,swap,notBad
12066,15,205.7999999999999,15,200.7999999999994,move,improve
12067,15,205.7999999999999,15,200.7999999999994,move,improve
12068,15,205.7999999999999,15,200.7999999999994,move,improve
12069,15,205.7999999999999,15,200.7999999999994,move,improve
12070,15,205.7999999999999,15,200.7999999999994,2opt,notBad
12071,15,205.7999999999999,15,200.7999999999994,move,improve
12072,15,205.7999999999999,15,200.7999999999994,move,improve
12073,15,205.7999999999999,15,200.7999999999994,move,improve
12074,15,205.7999999999999,15,200.7999999999994,move,improve
12075,15,205.7999999999999,15,200.7999999999994,swap,notBad
12076,15,205.7999999999999,15,200.7999999999994,2opt,notBad
12077,15,205.7999999999999,15,200.7999999999994,2opt,notBad
12078,15,205.7999999999999,15,200.7999999999994,swap,notBad
12079,15,205.7999999999999,15,200.7999999999994,move,improve
12080,15,205.7999999999999,15,200.7999999999994,move,improve
12081,15,205.7999999999999,15,200.7999999999994,swap,notBad
12082,15,205.7999999999999,15,200.7999999999994,move,improve
12083,15,205.7999999999999,15,200.7999999999994,2opt,improve
12084,15,205.7999999999999,15,200.7999999999994,2opt,notBad
12085,15,205.7999999999999,15,200.7999999999994,swap,notBad
12086,15,205.7999999999999,15,200.7999999999994,2opt,notBad
12087,15,205.7999999999999,15,200.7999999999994,move,improve
12088,15,205.7999999999999,15,200.7999999999994,move,improve
12089,15,205.7999999999999,15,200.7999999999994,swap,notBad
12090,15,205.7999999999999,15,200.7999999999994,swap,notBad
12091,15,205.7999999999999,15,200.7999999999994,move,improve
12092,15,205.7999999999999,15,200.7999999999994,move,improve
12093,15,205.7999999999999,15,200.7999999999994,swap,notBad
12094,15,205.7999999999999,15,200.7999999999994,2opt,notBad
12095,15,205.7999999999999,15,200.7999999999994,swap,notBad
12096,15,205.7999999999999,15,200.7999999999994,swap,notBad
12097,15,205.7999999999999,15,200.7999999999994,swap,notBad
12098,15,205.7999999999999,15,200.7999999999994,swap,notBad
12099,15,205.7999999999999,15,200.7999999999994,swap,notBad
12100,15,205.7999999999999,15,200.7999999999994,2opt,notBad
12101,15,205.7999999999999,15,200.7999999999994,2opt,notBad
12102,15,205.7999999999999,15,200.7999999999994,move,improve
12103,15,205.7999999999999,15,200.7999999999994,2opt,notBad
12104,15,205.7999999999999,15,200.7999999999994,swap,notBad
12105,15,205.7999999999999,15,200.7999999999994,move,improve
12106,15,205.7999999999999,15,200.7999999999994,2opt,notBad
12107,15,205.7999999999999,15,200.7999999999994,swap,notBad
12108,15,205.7999999999999,15,200.7999999999994,move,improve
12109,15,205.7999999999999,15,200.7999999999994,2opt,notBad
12110,15,205.7999999999999,15,200.7999999999994,swap,notBad
12111,15,205.7999999999999,15,200.7999999999994,move,improve
12112,15,205.7999999999999,15,200.7999999999994,2opt,notBad
12113,15,205.7999999999999,15,200.7999999999994,swap,notBad
12114,15,205.7999999999999,15,200.7999999999994,2opt,improve
12115,15,205.7999999999999,15,200.7999999999994,move,improve
12116,15,205.7999999999999,15,200.7999999999994,swap,notBad
12117,15,205.7999999999999,15,200.7999999999994,2opt,notBad
12118,15,205.7999999999999,15,200.7999999999994,swap,notBad
12119,15,205.7999999999999,15,200.7999999999994,2opt,notBad
12120,15,205.7999999999999,15,200.7999999999994,swap,notBad
12121,15,205.7999999999999,15,200.7999999999994,move,improve
12122,15,205.7999999999999,15,200.7999999999994,2opt,notBad
12123,15,205.7999999999999,15,200.7999999999994,2opt,notBad
12124,15,205.7999999999999,15,200.7999999999994,move,improve
12125,15,205.7999999999999,15,200.7999999999994,swap,notBad
12126,15,205.7999999999999,15,200.7999999999994,move,improve
12127,15,205.7999999999999,15,200.7999999999994,move,improve
12128,15,205.7999999999999,15,200.7999999999994,move,improve
12129,15,205.7999999999999,15,200.7999999999994,swap,notBad
12130,15,205.7999999999999,15,200.7999999999994,2opt,notBad
12131,15,205.7999999999999,15,200.7999999999994,2opt,notBad
12132,15,205.7999999999999,15,200.7999999999994,move,improve
12133,15,205.7999999999999,15,200.7999999999994,2opt,notBad
12134,15,205.7999999999999,15,200.7999999999994,2opt,notBad
12135,15,205.7999999999999,15,200.7999999999994,2opt,notBad
12136,15,205.7999999999999,15,200.7999999999994,move,improve
12137,15,205.7999999999999,15,200.7999999999994,move,improve
12138,15,205.7999999999999,15,200.7999999999994,2opt,notBad
12139,15,205.7999999999999,15,200.7999999999994,2opt,notBad
12140,15,205.7999999999999,15,200.7999999999994,move,improve
12141,15,205.7999999999999,15,200.7999999999994,swap,notBad
12142,15,205.7999999999999,15,200.7999999999994,2opt,notBad
12143,15,205.7999999999999,15,200.7999999999994,2opt,notBad
12144,15,205.7999999999999,15,200.7999999999994,swap,notBad
12145,15,205.7999999999999,15,200.7999999999994,swap,notBad
12146,15,205.7999999999999,15,200.7999999999994,move,improve
12147,15,205.7999999999999,15,200.7999999999994,move,improve
12148,15,205.7999999999999,15,200.7999999999994,2opt,improve
12149,15,205.7999999999999,15,200.7999999999994,move,improve
12150,15,205.7999999999999,15,200.7999999999994,swap,notBad
12151,15,205.7999999999999,15,200.7999999999994,move,improve
12152,15,205.7999999999999,15,200.7999999999994,move,improve
12153,15,209.40000000000026,15,200.7999999999994,swap,acceptBad
12154,15,209.40000000000026,15,200.7999999999994,2opt,improve
12155,15,209.40000000000026,15,200.7999999999994,swap,notBad
12156,15,209.40000000000026,15,200.7999999999994,2opt,notBad
12157,15,209.40000000000026,15,200.7999999999994,2opt,notBad
12158,15,209.40000000000026,15,200.7999999999994,swap,notBad
12159,15,209.40000000000026,15,200.7999999999994,move,improve
12160,15,209.40000000000026,15,200.7999999999994,2opt,notBad
12161,15,209.40000000000026,15,200.7999999999994,move,improve
12162,15,209.40000000000026,15,200.7999999999994,swap,notBad
12163,15,209.40000000000026,15,200.7999999999994,swap,notBad
12164,15,209.40000000000026,15,200.7999999999994,move,improve
12165,15,209.40000000000026,15,200.7999999999994,2opt,notBad
12166,15,209.40000000000026,15,200.7999999999994,2opt,notBad
12167,15,209.40000000000026,15,200.7999999999994,swap,notBad
12168,15,209.40000000000026,15,200.7999999999994,2opt,notBad
12169,15,209.40000000000026,15,200.7999999999994,swap,notBad
12170,15,209.40000000000026,15,200.7999999999994,swap,notBad
12171,15,209.40000000000026,15,200.7999999999994,swap,notBad
12172,15,209.40000000000026,15,200.7999999999994,2opt,notBad
12173,15,209.40000000000026,15,200.7999999999994,move,improve
12174,15,209.40000000000026,15,200.7999999999994,move,improve
12175,15,209.40000000000026,15,200.7999999999994,move,improve
12176,15,209.40000000000026,15,200.7999999999994,2opt,notBad
12177,15,209.40000000000026,15,200.7999999999994,move,improve
12178,15,209.40000000000026,15,200.7999999999994,swap,notBad
12179,15,209.40000000000026,15,200.7999999999994,move,improve
12180,15,209.40000000000026,15,200.7999999999994,2opt,notBad
12181,15,209.40000000000026,15,200.7999999999994,swap,notBad
12182,15,209.40000000000026,15,200.7999999999994,move,improve
12183,15,209.40000000000026,15,200.7999999999994,swap,notBad
12184,15,209.40000000000026,15,200.7999999999994,swap,notBad
12185,15,209.40000000000026,15,200.7999999999994,swap,notBad
12186,15,209.40000000000026,15,200.7999999999994,swap,notBad
12187,15,209.40000000000026,15,200.7999999999994,swap,notBad
12188,15,209.40000000000026,15,200.7999999999994,swap,notBad
12189,15,209.40000000000026,15,200.7999999999994,swap,notBad
12190,15,209.40000000000026,15,200.7999999999994,2opt,notBad
12191,15,209.40000000000026,15,200.7999999999994,swap,notBad
12192,15,209.40000000000026,15,200.7999999999994,2opt,notBad
12193,15,209.40000000000026,15,200.7999999999994,move,improve
12194,15,209.40000000000026,15,200.7999999999994,2opt,notBad
12195,15,209.40000000000026,15,200.7999999999994,move,improve
12196,15,209.40000000000026,15,200.7999999999994,swap,notBad
12197,15,209.40000000000026,15,200.7999999999994,2opt,notBad
12198,15,209.40000000000026,15,200.7999999999994,move,improve
12199,15,209.40000000000026,15,200.7999999999994,move,improve
12200,15,209.40000000000026,15,200.7999999999994,2opt,notBad
12201,15,209.40000000000026,15,200.7999999999994,swap,notBad
12202,15,209.40000000000026,15,200.7999999999994,swap,notBad
12203,15,209.40000000000026,15,200.7999999999994,2opt,improve
12204,15,209.40000000000026,15,200.7999999999994,swap,notBad
12205,15,209.40000000000026,15,200.7999999999994,swap,notBad
12206,15,209.40000000000026,15,200.7999999999994,2opt,improve
12207,15,209.40000000000026,15,200.7999999999994,swap,notBad
12208,15,209.40000000000026,15,200.7999999999994,swap,notBad
12209,15,209.40000000000026,15,200.7999999999994,2opt,notBad
12210,15,209.40000000000026,15,200.7999999999994,2opt,notBad
12211,15,209.40000000000026,15,200.7999999999994,2opt,improve
12212,15,209.40000000000026,15,200.7999999999994,2opt,notBad
12213,15,209.40000000000026,15,200.7999999999994,2opt,notBad
12214,15,209.40000000000026,15,200.7999999999994,move,improve
12215,15,209.40000000000026,15,200.7999999999994,swap,notBad
12216,15,209.40000000000026,15,200.7999999999994,swap,notBad
12217,15,209.40000000000026,15,200.7999999999994,swap,notBad
12218,15,209.40000000000026,15,200.7999999999994,swap,notBad
12219,15,209.40000000000026,15,200.7999999999994,swap,notBad
12220,15,209.40000000000026,15,200.7999999999994,swap,notBad
12221,15,209.40000000000026,15,200.7999999999994,2opt,notBad
12222,15,209.40000000000026,15,200.7999999999994,2opt,notBad
12223,15,209.40000000000026,15,200.7999999999994,move,improve
12224,15,209.40000000000026,15,200.7999999999994,2opt,notBad
12225,15,209.40000000000026,15,200.7999999999994,swap,notBad
12226,15,209.40000000000026,15,200.7999999999994,move,notBad
12227,15,209.40000000000026,15,200.7999999999994,2opt,notBad
12228,15,209.40000000000026,15,200.7999999999994,2opt,notBad
12229,15,209.40000000000026,15,200.7999999999994,move,improve
12230,15,209.40000000000026,15,200.7999999999994,move,improve
12231,15,209.40000000000026,15,200.7999999999994,swap,notBad
12232,15,209.40000000000026,15,200.7999999999994,move,improve
12233,15,209.40000000000026,15,200.7999999999994,move,improve
12234,15,209.40000000000026,15,200.7999999999994,2opt,notBad
12235,15,209.40000000000026,15,200.7999999999994,move,improve
12236,15,209.40000000000026,15,200.7999999999994,2opt,notBad
12237,15,209.40000000000026,15,200.7999999999994,2opt,notBad
12238,15,209.40000000000026,15,200.7999999999994,swap,notBad
12239,15,209.40000000000026,15,200.7999999999994,move,improve
12240,15,209.40000000000026,15,200.7999999999994,2opt,notBad
12241,15,209.40000000000026,15,200.7999999999994,2opt,notBad
12242,15,209.40000000000026,15,200.7999999999994,move,improve
12243,15,209.40000000000026,15,200.7999999999994,move,improve
12244,15,209.40000000000026,15,200.7999999999994,move,improve
12245,15,209.40000000000026,15,200.7999999999994,swap,notBad
12246,15,209.40000000000026,15,200.7999999999994,move,improve
12247,15,209.40000000000026,15,200.7999999999994,2opt,notBad
12248,15,209.40000000000026,15,200.7999999999994,swap,notBad
12249,15,209.40000000000026,15,200.7999999999994,move,improve
12250,15,209.40000000000026,15,200.7999999999994,2opt,notBad
12251,15,209.40000000000026,15,200.7999999999994,move,improve
12252,15,209.40000000000026,15,200.7999999999994,2opt,notBad
12253,15,209.40000000000026,15,200.7999999999994,2opt,notBad
12254,15,209.40000000000026,15,200.7999999999994,2opt,notBad
12255,15,209.40000000000026,15,200.7999999999994,2opt,notBad
12256,15,209.40000000000026,15,200.7999999999994,move,improve
12257,15,209.40000000000026,15,200.7999999999994,2opt,notBad
12258,15,209.40000000000026,15,200.7999999999994,swap,notBad
12259,15,209.40000000000026,15,200.7999999999994,2opt,notBad
12260,15,209.40000000000026,15,200.7999999999994,swap,notBad
12261,15,209.40000000000026,15,200.7999999999994,swap,notBad
12262,15,209.40000000000026,15,200.7999999999994,move,improve
12263,15,209.40000000000026,15,200.7999999999994,2opt,improve
12264,15,209.40000000000026,15,200.7999999999994,2opt,improve
12265,15,209.40000000000026,15,200.7999999999994,2opt,notBad
12266,15,209.40000000000026,15,200.7999999999994,swap,notBad
12267,15,209.40000000000026,15,200.7999999999994,swap,notBad
12268,15,209.40000000000026,15,200.7999999999994,2opt,notBad
12269,15,209.40000000000026,15,200.7999999999994,2opt,notBad
12270,15,209.40000000000026,15,200.7999999999994,swap,notBad
12271,15,209.40000000000026,15,200.7999999999994,2opt,notBad
12272,15,209.40000000000026,15,200.7999999999994,move,improve
12273,15,209.40000000000026,15,200.7999999999994,move,improve
12274,15,209.40000000000026,15,200.7999999999994,move,improve
12275,15,209.40000000000026,15,200.7999999999994,2opt,notBad
12276,15,209.40000000000026,15,200.7999999999994,swap,notBad
12277,15,209.40000000000026,15,200.7999999999994,move,improve
12278,15,209.40000000000026,15,200.7999999999994,2opt,improve
12279,15,209.40000000000026,15,200.7999999999994,2opt,notBad
12280,15,209.40000000000026,15,200.7999999999994,swap,notBad
12281,15,209.40000000000026,15,200.7999999999994,2opt,notBad
12282,15,209.40000000000026,15,200.7999999999994,move,improve
12283,15,209.40000000000026,15,200.7999999999994,swap,notBad
12284,15,209.40000000000026,15,200.7999999999994,2opt,notBad
12285,15,209.40000000000026,15,200.7999999999994,2opt,notBad
12286,15,209.40000000000026,15,200.7999999999994,2opt,notBad
12287,15,209.40000000000026,15,200.7999999999994,2opt,notBad
12288,15,209.40000000000026,15,200.7999999999994,move,improve
12289,15,209.40000000000026,15,200.7999999999994,2opt,notBad
12290,15,209.40000000000026,15,200.7999999999994,2opt,notBad
12291,15,209.40000000000026,15,200.7999999999994,2opt,notBad
12292,15,209.40000000000026,15,200.7999999999994,move,improve
12293,15,209.40000000000026,15,200.7999999999994,2opt,notBad
12294,15,209.40000000000026,15,200.7999999999994,move,improve
12295,15,209.40000000000026,15,200.7999999999994,2opt,improve
12296,15,209.40000000000026,15,200.7999999999994,move,improve
12297,15,209.40000000000026,15,200.7999999999994,move,improve
12298,15,209.40000000000026,15,200.7999999999994,swap,notBad
12299,15,209.40000000000026,15,200.7999999999994,move,improve
12300,15,209.40000000000026,15,200.7999999999994,2opt,notBad
12301,15,209.40000000000026,15,200.7999999999994,swap,notBad
12302,15,209.40000000000026,15,200.7999999999994,2opt,notBad
12303,15,209.40000000000026,15,200.7999999999994,move,improve
12304,15,209.40000000000026,15,200.7999999999994,move,improve
12305,15,209.40000000000026,15,200.7999999999994,2opt,notBad
12306,15,209.40000000000026,15,200.7999999999994,swap,notBad
12307,15,209.40000000000026,15,200.7999999999994,move,improve
12308,15,209.40000000000026,15,200.7999999999994,move,improve
12309,15,209.40000000000026,15,200.7999999999994,swap,improve
12310,15,209.40000000000026,15,200.7999999999994,move,improve
12311,15,209.40000000000026,15,200.7999999999994,move,improve
12312,15,209.40000000000026,15,200.7999999999994,2opt,notBad
12313,15,209.40000000000026,15,200.7999999999994,swap,notBad
12314,15,209.40000000000026,15,200.7999999999994,swap,notBad
12315,15,209.40000000000026,15,200.7999999999994,swap,notBad
12316,15,209.40000000000026,15,200.7999999999994,2opt,notBad
12317,15,209.40000000000026,15,200.7999999999994,move,improve
12318,15,209.40000000000026,15,200.7999999999994,move,improve
12319,15,209.40000000000026,15,200.7999999999994,2opt,notBad
12320,15,209.40000000000026,15,200.7999999999994,2opt,notBad
12321,15,209.40000000000026,15,200.7999999999994,swap,notBad
12322,15,209.40000000000026,15,200.7999999999994,swap,notBad
12323,15,209.40000000000026,15,200.7999999999994,move,improve
12324,15,209.40000000000026,15,200.7999999999994,swap,notBad
12325,15,209.40000000000026,15,200.7999999999994,swap,notBad
12326,15,209.40000000000026,15,200.7999999999994,2opt,notBad
12327,15,209.40000000000026,15,200.7999999999994,move,improve
12328,15,209.40000000000026,15,200.7999999999994,move,improve
12329,15,209.40000000000026,15,200.7999999999994,swap,notBad
12330,15,209.40000000000026,15,200.7999999999994,swap,notBad
12331,15,209.40000000000026,15,200.7999999999994,2opt,notBad
12332,15,209.40000000000026,15,200.7999999999994,move,improve
12333,15,209.40000000000026,15,200.7999999999994,2opt,notBad
12334,15,209.40000000000026,15,200.7999999999994,swap,notBad
12335,15,209.40000000000026,15,200.7999999999994,swap,notBad
12336,15,209.40000000000026,15,200.7999999999994,move,improve
12337,15,209.40000000000026,15,200.7999999999994,move,improve
12338,15,209.40000000000026,15,200.7999999999994,2opt,notBad
12339,15,209.40000000000026,15,200.7999999999994,swap,notBad
12340,15,209.40000000000026,15,200.7999999999994,swap,notBad
12341,15,209.40000000000026,15,200.7999999999994,2opt,improve
12342,15,209.40000000000026,15,200.7999999999994,2opt,notBad
12343,15,209.40000000000026,15,200.7999999999994,move,improve
12344,15,209.40000000000026,15,200.7999999999994,2opt,notBad
12345,15,209.40000000000026,15,200.7999999999994,2opt,notBad
12346,15,209.40000000000026,15,200.7999999999994,2opt,notBad
12347,15,209.40000000000026,15,200.7999999999994,move,improve
12348,15,209.40000000000026,15,200.7999999999994,swap,notBad
12349,15,209.40000000000026,15,200.7999999999994,2opt,notBad
12350,15,209.40000000000026,15,200.7999999999994,2opt,notBad
12351,15,209.40000000000026,15,200.7999999999994,swap,notBad
12352,15,209.40000000000026,15,200.7999999999994,swap,notBad
12353,15,209.40000000000026,15,200.7999999999994,move,improve
12354,15,209.40000000000026,15,200.7999999999994,move,improve
12355,15,209.40000000000026,15,200.7999999999994,2opt,improve
12356,15,209.40000000000026,15,200.7999999999994,swap,notBad
12357,15,209.40000000000026,15,200.7999999999994,swap,notBad
12358,15,209.40000000000026,15,200.7999999999994,2opt,improve
12359,15,209.40000000000026,15,200.7999999999994,move,improve
12360,15,209.40000000000026,15,200.7999999999994,swap,notBad
12361,15,209.40000000000026,15,200.7999999999994,2opt,notBad
12362,15,209.40000000000026,15,200.7999999999994,move,improve
12363,15,209.40000000000026,15,200.7999999999994,move,improve
12364,15,209.40000000000026,15,200.7999999999994,2opt,notBad
12365,15,209.40000000000026,15,200.7999999999994,swap,notBad
12366,15,209.40000000000026,15,200.7999999999994,swap,notBad
12367,15,209.40000000000026,15,200.7999999999994,2opt,improve
12368,15,209.40000000000026,15,200.7999999999994,move,improve
12369,15,209.40000000000026,15,200.7999999999994,swap,notBad
12370,15,209.40000000000026,15,200.7999999999994,2opt,notBad
12371,15,209.40000000000026,15,200.7999999999994,swap,notBad
12372,15,209.40000000000026,15,200.7999999999994,2opt,notBad
12373,15,209.40000000000026,15,200.7999999999994,2opt,improve
12374,15,209.40000000000026,15,200.7999999999994,move,improve
12375,15,209.40000000000026,15,200.7999999999994,2opt,notBad
12376,15,209.40000000000026,15,200.7999999999994,move,improve
12377,15,209.40000000000026,15,200.7999999999994,2opt,notBad
12378,15,209.40000000000026,15,200.7999999999994,move,improve
12379,15,209.40000000000026,15,200.7999999999994,swap,notBad
12380,15,209.40000000000026,15,200.7999999999994,move,improve
12381,15,209.40000000000026,15,200.7999999999994,2opt,notBad
12382,15,209.40000000000026,15,200.7999999999994,move,improve
12383,15,209.40000000000026,15,200.7999999999994,move,improve
12384,15,209.40000000000026,15,200.7999999999994,swap,notBad
12385,15,209.40000000000026,15,200.7999999999994,move,improve
12386,15,209.40000000000026,15,200.7999999999994,2opt,improve
12387,15,209.40000000000026,15,200.7999999999994,swap,notBad
12388,15,209.40000000000026,15,200.7999999999994,move,improve
12389,15,209.40000000000026,15,200.7999999999994,2opt,notBad
12390,15,209.40000000000026,15,200.7999999999994,2opt,notBad
12391,15,209.40000000000026,15,200.7999999999994,swap,notBad
12392,15,209.40000000000026,15,200.7999999999994,swap,notBad
12393,15,209.40000000000026,15,200.7999999999994,2opt,improve
12394,15,209.40000000000026,15,200.7999999999994,2opt,notBad
12395,15,209.40000000000026,15,200.7999999999994,move,improve
12396,15,209.40000000000026,15,200.7999999999994,2opt,notBad
12397,15,209.40000000000026,15,200.7999999999994,2opt,improve
12398,15,209.40000000000026,15,200.7999999999994,move,improve
12399,15,209.40000000000026,15,200.7999999999994,swap,notBad
12400,15,209.40000000000026,15,200.7999999999994,move,improve
12401,15,209.40000000000026,15,200.7999999999994,2opt,notBad
12402,15,209.40000000000026,15,200.7999999999994,swap,notBad
12403,15,209.40000000000026,15,200.7999999999994,move,improve
12404,15,209.40000000000026,15,200.7999999999994,swap,notBad
12405,15,209.40000000000026,15,200.7999999999994,move,improve
12406,15,209.40000000000026,15,200.7999999999994,2opt,notBad
12407,15,209.40000000000026,15,200.7999999999994,move,improve
12408,15,209.40000000000026,15,200.7999999999994,swap,notBad
12409,15,209.40000000000026,15,200.7999999999994,swap,notBad
12410,15,209.40000000000026,15,200.7999999999994,move,improve
12411,15,209.40000000000026,15,200.7999999999994,2opt,notBad
12412,15,209.40000000000026,15,200.7999999999994,move,improve
12413,15,209.40000000000026,15,200.7999999999994,2opt,notBad
12414,15,209.40000000000026,15,200.7999999999994,2opt,notBad
12415,15,209.40000000000026,15,200.7999999999994,swap,notBad
12416,15,209.40000000000026,15,200.7999999999994,swap,notBad
12417,15,209.40000000000026,15,200.7999999999994,move,improve
12418,15,209.40000000000026,15,200.7999999999994,move,improve
12419,15,209.40000000000026,15,200.7999999999994,swap,notBad
12420,15,209.40000000000026,15,200.7999999999994,move,improve
12421,15,209.40000000000026,15,200.7999999999994,swap,notBad
12422,15,209.40000000000026,15,200.7999999999994,2opt,notBad
12423,15,209.40000000000026,15,200.7999999999994,swap,notBad
12424,15,209.40000000000026,15,200.7999999999994,swap,notBad
12425,15,209.40000000000026,15,200.7999999999994,2opt,notBad
12426,15,209.40000000000026,15,200.7999999999994,move,improve
12427,15,209.40000000000026,15,200.7999999999994,move,improve
12428,15,209.40000000000026,15,200.7999999999994,swap,notBad
12429,15,209.40000000000026,15,200.7999999999994,move,improve
12430,15,209.40000000000026,15,200.7999999999994,2opt,notBad
12431,15,209.40000000000026,15,200.7999999999994,swap,notBad
12432,15,209.40000000000026,15,200.7999999999994,swap,notBad
12433,15,209.40000000000026,15,200.7999999999994,2opt,notBad
12434,15,209.40000000000026,15,200.7999999999994,swap,notBad
12435,15,209.40000000000026,15,200.7999999999994,swap,notBad
12436,15,209.40000000000026,15,200.7999999999994,move,improve
12437,15,209.40000000000026,15,200.7999999999994,2opt,notBad
12438,15,209.40000000000026,15,200.7999999999994,swap,notBad
12439,15,209.40000000000026,15,200.7999999999994,move,improve
12440,15,209.40000000000026,15,200.7999999999994,move,improve
12441,15,209.40000000000026,15,200.7999999999994,move,improve
12442,15,209.40000000000026,15,200.7999999999994,swap,notBad
12443,15,209.40000000000026,15,200.7999999999994,2opt,notBad
12444,15,209.40000000000026,15,200.7999999999994,swap,notBad
12445,15,209.40000000000026,15,200.7999999999994,move,improve
12446,15,209.40000000000026,15,200.7999999999994,swap,notBad
12447,15,209.40000000000026,15,200.7999999999994,move,improve
12448,15,209.40000000000026,15,200.7999999999994,2opt,notBad
12449,15,209.40000000000026,15,200.7999999999994,swap,improve
12450,15,209.40000000000026,15,200.7999999999994,move,improve
12451,15,209.40000000000026,15,200.7999999999994,move,improve
12452,15,209.40000000000026,15,200.7999999999994,swap,notBad
12453,15,209.40000000000026,15,200.7999999999994,swap,notBad
12454,15,209.40000000000026,15,200.7999999999994,2opt,notBad
12455,15,209.40000000000026,15,200.7999999999994,move,improve
12456,15,209.40000000000026,15,200.7999999999994,move,improve
12457,15,209.40000000000026,15,200.7999999999994,2opt,notBad
12458,15,209.40000000000026,15,200.7999999999994,swap,notBad
12459,15,209.40000000000026,15,200.7999999999994,2opt,notBad
12460,15,209.40000000000026,15,200.7999999999994,2opt,notBad
12461,15,209.40000000000026,15,200.7999999999994,swap,notBad
12462,15,209.40000000000026,15,200.7999999999994,2opt,notBad
12463,15,209.40000000000026,15,200.7999999999994,move,improve
12464,15,209.40000000000026,15,200.7999999999994,move,improve
12465,15,209.40000000000026,15,200.7999999999994,2opt,notBad
12466,15,209.40000000000026,15,200.7999999999994,move,improve
12467,15,209.40000000000026,15,200.7999999999994,swap,notBad
12468,15,209.40000000000026,15,200.7999999999994,2opt,improve
12469,15,209.40000000000026,15,200.7999999999994,swap,notBad
12470,15,209.40000000000026,15,200.7999999999994,swap,notBad
12471,15,209.40000000000026,15,200.7999999999994,swap,notBad
12472,15,209.40000000000026,15,200.7999999999994,swap,notBad
12473,15,209.40000000000026,15,200.7999999999994,2opt,notBad
12474,15,209.40000000000026,15,200.7999999999994,move,improve
12475,15,209.40000000000026,15,200.7999999999994,move,improve
12476,15,209.40000000000026,15,200.7999999999994,move,improve
12477,15,209.40000000000026,15,200.7999999999994,move,improve
12478,15,209.40000000000026,15,200.7999999999994,2opt,notBad
12479,15,209.40000000000026,15,200.7999999999994,move,improve
12480,15,209.40000000000026,15,200.7999999999994,2opt,notBad
12481,15,209.40000000000026,15,200.7999999999994,swap,notBad
12482,15,209.40000000000026,15,200.7999999999994,move,improve
12483,15,209.40000000000026,15,200.7999999999994,move,improve
12484,15,209.40000000000026,15,200.7999999999994,swap,notBad
12485,15,209.40000000000026,15,200.7999999999994,2opt,improve
12486,15,209.40000000000026,15,200.7999999999994,move,improve
12487,15,209.40000000000026,15,200.7999999999994,move,improve
12488,15,209.40000000000026,15,200.7999999999994,move,notBad
12489,15,209.40000000000026,15,200.7999999999994,2opt,notBad
12490,15,209.40000000000026,15,200.7999999999994,2opt,notBad
12491,15,209.40000000000026,15,200.7999999999994,move,improve
12492,15,209.40000000000026,15,200.7999999999994,swap,notBad
12493,15,209.40000000000026,15,200.7999999999994,swap,notBad
12494,15,209.40000000000026,15,200.7999999999994,swap,notBad
12495,15,209.40000000000026,15,200.7999999999994,swap,notBad
12496,15,209.40000000000026,15,200.7999999999994,swap,notBad
12497,15,209.40000000000026,15,200.7999999999994,2opt,notBad
12498,15,209.40000000000026,15,200.7999999999994,2opt,notBad
12499,15,209.40000000000026,15,200.7999999999994,move,improve
12500,15,209.40000000000026,15,200.7999999999994,2opt,notBad
12501,15,209.40000000000026,15,200.7999999999994,2opt,notBad
12502,15,209.40000000000026,15,200.7999999999994,move,improve
12503,15,209.40000000000026,15,200.7999999999994,swap,notBad
12504,15,209.40000000000026,15,200.7999999999994,swap,notBad
12505,15,209.40000000000026,15,200.7999999999994,swap,notBad
12506,15,209.40000000000026,15,200.7999999999994,2opt,notBad
12507,15,209.40000000000026,15,200.7999999999994,swap,notBad
12508,15,209.40000000000026,15,200.7999999999994,2opt,improve
12509,15,209.40000000000026,15,200.7999999999994,2opt,notBad
12510,15,209.40000000000026,15,200.7999999999994,swap,notBad
12511,15,209.40000000000026,15,200.7999999999994,2opt,notBad
12512,15,209.40000000000026,15,200.7999999999994,swap,notBad
12513,15,209.40000000000026,15,200.7999999999994,swap,notBad
12514,15,209.40000000000026,15,200.7999999999994,2opt,notBad
12515,15,209.40000000000026,15,200.7999999999994,2opt,notBad
12516,15,209.40000000000026,15,200.7999999999994,move,improve
12517,15,209.40000000000026,15,200.7999999999994,move,improve
12518,15,209.40000000000026,15,200.7999999999994,move,improve
12519,15,209.40000000000026,15,200.7999999999994,2opt,notBad
12520,15,209.40000000000026,15,200.7999999999994,2opt,notBad
12521,15,209.40000000000026,15,200.7999999999994,swap,notBad
12522,15,209.40000000000026,15,200.7999999999994,move,improve
12523,15,209.40000000000026,15,200.7999999999994,swap,notBad
12524,15,209.40000000000026,15,200.7999999999994,move,improve
12525,15,209.40000000000026,15,200.7999999999994,2opt,notBad
12526,15,209.40000000000026,15,200.7999999999994,2opt,notBad
12527,15,209.40000000000026,15,200.7999999999994,2opt,notBad
12528,15,209.40000000000026,15,200.7999999999994,swap,notBad
12529,15,209.40000000000026,15,200.7999999999994,swap,notBad
12530,15,209.40000000000026,15,200.7999999999994,2opt,notBad
12531,15,209.40000000000026,15,200.7999999999994,swap,notBad
12532,15,209.40000000000026,15,200.7999999999994,move,improve
12533,15,209.40000000000026,15,200.7999999999994,2opt,notBad
12534,15,209.40000000000026,15,200.7999999999994,move,improve
12535,15,209.40000000000026,15,200.7999999999994,move,improve
12536,15,209.40000000000026,15,200.7999999999994,swap,notBad
12537,15,209.40000000000026,15,200.7999999999994,2opt,notBad
12538,15,209.40000000000026,15,200.7999999999994,move,improve
12539,15,209.40000000000026,15,200.7999999999994,move,improve
12540,15,209.40000000000026,15,200.7999999999994,swap,notBad
12541,15,209.40000000000026,15,200.7999999999994,move,improve
12542,15,209.40000000000026,15,200.7999999999994,move,improve
12543,15,209.40000000000026,15,200.7999999999994,move,improve
12544,15,209.40000000000026,15,200.7999999999994,2opt,improve
12545,15,209.40000000000026,15,200.7999999999994,move,improve
12546,15,209.40000000000026,15,200.7999999999994,swap,notBad
12547,15,209.40000000000026,15,200.7999999999994,swap,notBad
12548,15,209.40000000000026,15,200.7999999999994,swap,notBad
12549,15,209.40000000000026,15,200.7999999999994,2opt,improve
12550,15,209.40000000000026,15,200.7999999999994,move,improve
12551,15,209.40000000000026,15,200.7999999999994,move,improve
12552,15,209.40000000000026,15,200.7999999999994,move,improve
12553,15,209.40000000000026,15,200.7999999999994,move,improve
12554,15,209.40000000000026,15,200.7999999999994,2opt,notBad
12555,15,209.40000000000026,15,200.7999999999994,swap,notBad
12556,15,209.40000000000026,15,200.7999999999994,swap,notBad
12557,15,209.40000000000026,15,200.7999999999994,swap,notBad
12558,15,209.40000000000026,15,200.7999999999994,2opt,notBad
12559,15,209.40000000000026,15,200.7999999999994,swap,notBad
12560,15,209.40000000000026,15,200.7999999999994,move,improve
12561,15,209.40000000000026,15,200.7999999999994,swap,notBad
12562,15,209.40000000000026,15,200.7999999999994,move,improve
12563,15,209.40000000000026,15,200.7999999999994,swap,notBad
12564,15,209.40000000000026,15,200.7999999999994,swap,notBad
12565,15,209.40000000000026,15,200.7999999999994,2opt,notBad
12566,15,209.40000000000026,15,200.7999999999994,2opt,improve
12567,15,209.40000000000026,15,200.7999999999994,2opt,notBad
12568,15,209.40000000000026,15,200.7999999999994,2opt,notBad
12569,15,209.40000000000026,15,200.7999999999994,2opt,notBad
12570,15,209.40000000000026,15,200.7999999999994,move,improve
12571,15,209.40000000000026,15,200.7999999999994,2opt,notBad
12572,15,209.40000000000026,15,200.7999999999994,move,improve
12573,15,209.40000000000026,15,200.7999999999994,move,notBad
12574,15,209.40000000000026,15,200.7999999999994,swap,notBad
12575,15,209.40000000000026,15,200.7999999999994,swap,notBad
12576,15,209.40000000000026,15,200.7999999999994,swap,notBad
12577,15,209.40000000000026,15,200.7999999999994,swap,notBad
12578,15,209.40000000000026,15,200.7999999999994,move,improve
12579,15,209.40000000000026,15,200.7999999999994,swap,notBad
12580,15,209.40000000000026,15,200.7999999999994,move,improve
12581,15,209.40000000000026,15,200.7999999999994,move,improve
12582,15,209.40000000000026,15,200.7999999999994,move,improve
12583,15,202.39999999999998,15,200.7999999999994,swap,improve
12584,15,202.39999999999998,15,200.7999999999994,swap,notBad
12585,15,202.39999999999998,15,200.7999999999994,swap,notBad
12586,15,202.39999999999998,15,200.7999999999994,move,improve
12587,15,202.39999999999998,15,200.7999999999994,move,improve
12588,15,202.39999999999998,15,200.7999999999994,move,improve
12589,15,202.39999999999998,15,200.7999999999994,swap,notBad
12590,15,202.39999999999998,15,200.7999999999994,2opt,notBad
12591,15,202.39999999999998,15,200.7999999999994,2opt,notBad
12592,15,202.39999999999998,15,200.7999999999994,move,improve
12593,15,202.39999999999998,15,200.7999999999994,move,improve
12594,15,203.5999999999999,15,200.7999999999994,swap,acceptBad
12595,15,203.5999999999999,15,200.7999999999994,move,improve
12596,15,203.5999999999999,15,200.7999999999994,move,improve
12597,15,203.5999999999999,15,200.7999999999994,move,improve
12598,15,203.5999999999999,15,200.7999999999994,2opt,notBad
12599,15,203.5999999999999,15,200.7999999999994,move,improve
12600,15,203.5999999999999,15,200.7999999999994,2opt,notBad
12601,15,203.5999999999999,15,200.7999999999994,2opt,notBad
12602,15,203.5999999999999,15,200.7999999999994,swap,notBad
12603,15,203.5999999999999,15,200.7999999999994,swap,notBad
12604,15,203.5999999999999,15,200.7999999999994,move,improve
12605,15,203.5999999999999,15,200.7999999999994,swap,notBad
12606,15,203.5999999999999,15,200.7999999999994,move,improve
12607,15,203.5999999999999,15,200.7999999999994,2opt,notBad
12608,15,203.5999999999999,15,200.7999999999994,move,improve
12609,15,203.5999999999999,15,200.7999999999994,2opt,notBad
12610,15,203.5999999999999,15,200.7999999999994,swap,notBad
12611,15,203.5999999999999,15,200.7999999999994,move,improve
12612,15,202.39999999999998,15,200.7999999999994,move,improve
12613,15,202.39999999999998,15,200.7999999999994,2opt,notBad
12614,15,202.39999999999998,15,200.7999999999994,swap,notBad
12615,15,202.39999999999998,15,200.7999999999994,move,improve
12616,15,202.39999999999998,15,200.7999999999994,move,improve
12617,15,202.39999999999998,15,200.7999999999994,2opt,notBad
12618,15,202.39999999999998,15,200.7999999999994,move,improve
12619,15,202.39999999999998,15,200.7999999999994,move,improve
12620,15,202.39999999999998,15,200.7999999999994,move,improve
12621,15,202.39999999999998,15,200.7999999999994,2opt,notBad
12622,15,202.39999999999998,15,200.7999999999994,move,improve
12623,15,202.39999999999998,15,200.7999999999994,move,improve
12624,15,202.39999999999998,15,200.7999999999994,2opt,notBad
12625,15,202.39999999999998,15,200.7999999999994,swap,notBad
12626,15,202.39999999999998,15,200.7999999999994,move,improve
12627,15,202.39999999999998,15,200.7999999999994,2opt,notBad
12628,15,202.39999999999998,15,200.7999999999994,2opt,notBad
12629,15,202.39999999999998,15,200.7999999999994,swap,notBad
12630,15,202.39999999999998,15,200.7999999999994,2opt,notBad
12631,15,202.39999999999998,15,200.7999999999994,swap,notBad
12632,15,202.39999999999998,15,200.7999999999994,swap,notBad
12633,15,202.39999999999998,15,200.7999999999994,move,improve
12634,15,202.39999999999998,15,200.7999999999994,move,improve
12635,15,202.39999999999998,15,200.7999999999994,2opt,notBad
12636,15,202.39999999999998,15,200.7999999999994,swap,notBad
12637,15,202.39999999999998,15,200.7999999999994,2opt,improve
12638,15,202.39999999999998,15,200.7999999999994,swap,notBad
12639,15,202.39999999999998,15,200.7999999999994,swap,notBad
12640,15,202.39999999999998,15,200.7999999999994,2opt,notBad
12641,15,202.39999999999998,15,200.7999999999994,swap,notBad
12642,15,202.39999999999998,15,200.7999999999994,2opt,improve
12643,15,202.39999999999998,15,200.7999999999994,move,improve
12644,15,202.39999999999998,15,200.7999999999994,swap,notBad
12645,15,202.39999999999998,15,200.7999999999994,2opt,improve
12646,15,202.39999999999998,15,200.7999999999994,swap,notBad
12647,15,202.39999999999998,15,200.7999999999994,move,improve
12648,15,202.39999999999998,15,200.7999999999994,move,improve
12649,15,202.39999999999998,15,200.7999999999994,swap,notBad
12650,15,202.39999999999998,15,200.7999999999994,swap,notBad
12651,15,202.39999999999998,15,200.7999999999994,2opt,notBad
12652,15,202.39999999999998,15,200.7999999999994,swap,notBad
12653,15,202.39999999999998,15,200.7999999999994,2opt,notBad
12654,15,202.39999999999998,15,200.7999999999994,swap,notBad
12655,15,202.39999999999998,15,200.7999999999994,2opt,improve
12656,15,202.39999999999998,15,200.7999999999994,2opt,improve
12657,15,202.39999999999998,15,200.7999999999994,swap,notBad
12658,15,202.39999999999998,15,200.7999999999994,move,improve
12659,15,198.6000000000002,15,198.6000000000002,move,newBest
12660,15,198.6000000000002,15,198.6000000000002,swap,notBad
12661,15,198.6000000000002,15,198.6000000000002,2opt,notBad
12662,15,199.80000000000013,15,198.6000000000002,swap,acceptBad
12663,15,199.80000000000013,15,198.6000000000002,move,improve
12664,15,199.80000000000013,15,198.6000000000002,move,improve
12665,15,199.80000000000013,15,198.6000000000002,swap,notBad
12666,15,199.80000000000013,15,198.6000000000002,move,improve
12667,15,199.80000000000013,15,198.6000000000002,2opt,notBad
12668,15,199.80000000000013,15,198.6000000000002,swap,notBad
12669,15,199.80000000000013,15,198.6000000000002,2opt,notBad
12670,15,199.80000000000013,15,198.6000000000002,2opt,notBad
12671,15,199.80000000000013,15,198.6000000000002,2opt,notBad
12672,15,199.80000000000013,15,198.6000000000002,2opt,notBad
12673,15,199.80000000000013,15,198.6000000000002,swap,notBad
12674,15,199.80000000000013,15,198.6000000000002,2opt,notBad
12675,15,199.80000000000013,15,198.6000000000002,2opt,improve
12676,15,199.80000000000013,15,198.6000000000002,swap,notBad
12677,15,199.80000000000013,15,198.6000000000002,move,improve
12678,15,199.80000000000013,15,198.6000000000002,swap,notBad
12679,15,199.80000000000013,15,198.6000000000002,swap,notBad
12680,15,199.80000000000013,15,198.6000000000002,move,improve
12681,15,199.80000000000013,15,198.6000000000002,swap,notBad
12682,15,199.80000000000013,15,198.6000000000002,2opt,notBad
12683,15,199.80000000000013,15,198.6000000000002,2opt,notBad
12684,15,199.80000000000013,15,198.6000000000002,2opt,improve
12685,15,199.80000000000013,15,198.6000000000002,2opt,improve
12686,15,199.80000000000013,15,198.6000000000002,2opt,improve
12687,15,199.80000000000013,15,198.6000000000002,swap,notBad
12688,15,199.80000000000013,15,198.6000000000002,2opt,notBad
12689,15,199.80000000000013,15,198.6000000000002,move,improve
12690,15,199.80000000000013,15,198.6000000000002,2opt,notBad
12691,15,199.80000000000013,15,198.6000000000002,2opt,improve
12692,15,199.80000000000013,15,198.6000000000002,2opt,notBad
12693,15,199.80000000000013,15,198.6000000000002,move,improve
12694,15,199.80000000000013,15,198.6000000000002,2opt,notBad
12695,15,199.80000000000013,15,198.6000000000002,swap,notBad
12696,15,199.80000000000013,15,198.6000000000002,move,improve
12697,15,199.80000000000013,15,198.6000000000002,2opt,notBad
12698,15,199.80000000000013,15,198.6000000000002,2opt,notBad
12699,15,199.80000000000013,15,198.6000000000002,move,improve
12700,15,199.80000000000013,15,198.6000000000002,swap,notBad
12701,15,199.80000000000013,15,198.6000000000002,move,improve
12702,15,199.80000000000013,15,198.6000000000002,move,improve
12703,15,199.80000000000013,15,198.6000000000002,move,improve
12704,15,199.80000000000013,15,198.6000000000002,2opt,notBad
12705,15,199.80000000000013,15,198.6000000000002,swap,notBad
12706,15,199.80000000000013,15,198.6000000000002,move,improve
12707,15,199.80000000000013,15,198.6000000000002,move,improve
12708,15,199.80000000000013,15,198.6000000000002,move,improve
12709,15,199.80000000000013,15,198.6000000000002,2opt,notBad
12710,15,199.80000000000013,15,198.6000000000002,swap,notBad
12711,15,199.80000000000013,15,198.6000000000002,2opt,notBad
12712,15,199.80000000000013,15,198.6000000000002,swap,notBad
12713,15,199.80000000000013,15,198.6000000000002,2opt,notBad
12714,15,199.80000000000013,15,198.6000000000002,2opt,improve
12715,15,199.80000000000013,15,198.6000000000002,move,improve
12716,15,199.80000000000013,15,198.6000000000002,move,improve
12717,15,199.80000000000013,15,198.6000000000002,swap,notBad
12718,15,199.80000000000013,15,198.6000000000002,move,improve
12719,15,199.80000000000013,15,198.6000000000002,2opt,notBad
12720,15,199.80000000000013,15,198.6000000000002,move,improve
12721,15,199.80000000000013,15,198.6000000000002,move,improve
12722,15,199.80000000000013,15,198.6000000000002,2opt,notBad
12723,15,199.80000000000013,15,198.6000000000002,move,improve
12724,15,199.80000000000013,15,198.6000000000002,2opt,notBad
12725,15,199.80000000000013,15,198.6000000000002,move,improve
12726,15,199.80000000000013,15,198.6000000000002,move,improve
12727,15,199.80000000000013,15,198.6000000000002,2opt,notBad
12728,15,199.80000000000013,15,198.6000000000002,swap,notBad
12729,15,199.80000000000013,15,198.6000000000002,swap,notBad
12730,15,199.80000000000013,15,198.6000000000002,swap,notBad
12731,15,199.80000000000013,15,198.6000000000002,swap,notBad
12732,15,199.80000000000013,15,198.6000000000002,move,improve
12733,15,199.80000000000013,15,198.6000000000002,2opt,notBad
12734,15,199.80000000000013,15,198.6000000000002,move,improve
12735,15,199.80000000000013,15,198.6000000000002,move,improve
12736,15,199.80000000000013,15,198.6000000000002,2opt,notBad
12737,15,199.80000000000013,15,198.6000000000002,move,improve
12738,15,199.80000000000013,15,198.6000000000002,move,improve
12739,15,199.80000000000013,15,198.6000000000002,move,improve
12740,15,199.80000000000013,15,198.6000000000002,move,improve
12741,15,199.80000000000013,15,198.6000000000002,2opt,improve
12742,15,199.80000000000013,15,198.6000000000002,move,improve
12743,15,198.6000000000002,15,198.6000000000002,move,improve
12744,15,198.6000000000002,15,198.6000000000002,move,improve
12745,15,198.6000000000002,15,198.6000000000002,swap,notBad
12746,15,198.6000000000002,15,198.6000000000002,2opt,notBad
12747,15,198.6000000000002,15,198.6000000000002,swap,notBad
12748,15,198.6000000000002,15,198.6000000000002,2opt,notBad
12749,15,198.6000000000002,15,198.6000000000002,swap,notBad
12750,15,198.6000000000002,15,198.6000000000002,move,improve
12751,15,198.6000000000002,15,198.6000000000002,swap,notBad
12752,15,198.6000000000002,15,198.6000000000002,2opt,notBad
12753,15,198.6000000000002,15,198.6000000000002,2opt,notBad
12754,15,198.6000000000002,15,198.6000000000002,move,improve
12755,15,198.6000000000002,15,198.6000000000002,move,improve
12756,15,198.6000000000002,15,198.6000000000002,swap,notBad
12757,15,198.6000000000002,15,198.6000000000002,2opt,notBad
12758,15,198.6000000000002,15,198.6000000000002,swap,notBad
12759,15,198.6000000000002,15,198.6000000000002,2opt,notBad
12760,15,198.6000000000002,15,198.6000000000002,swap,notBad
12761,15,198.6000000000002,15,198.6000000000002,2opt,notBad
12762,15,198.6000000000002,15,198.6000000000002,swap,notBad
12763,15,198.6000000000002,15,198.6000000000002,2opt,notBad
12764,15,198.6000000000002,15,198.6000000000002,move,improve
12765,15,198.6000000000002,15,198.6000000000002,swap,notBad
12766,15,198.6000000000002,15,198.6000000000002,swap,notBad
12767,15,198.6000000000002,15,198.6000000000002,move,improve
12768,15,198.6000000000002,15,198.6000000000002,move,improve
12769,15,198.6000000000002,15,198.6000000000002,move,improve
12770,15,198.6000000000002,15,198.6000000000002,move,improve
12771,15,198.6000000000002,15,198.6000000000002,swap,notBad
12772,15,198.6000000000002,15,198.6000000000002,swap,notBad
12773,15,198.6000000000002,15,198.6000000000002,swap,notBad
12774,15,198.6000000000002,15,198.6000000000002,move,improve
12775,15,198.6000000000002,15,198.6000000000002,swap,notBad
12776,15,198.6000000000002,15,198.6000000000002,2opt,notBad
12777,15,198.6000000000002,15,198.6000000000002,move,improve
12778,15,198.6000000000002,15,198.6000000000002,swap,notBad
12779,15,198.6000000000002,15,198.6000000000002,2opt,notBad
12780,15,198.6000000000002,15,198.6000000000002,swap,notBad
12781,15,198.6000000000002,15,198.6000000000002,2opt,notBad
12782,15,198.6000000000002,15,198.6000000000002,swap,notBad
12783,15,198.6000000000002,15,198.6000000000002,2opt,notBad
12784,15,198.6000000000002,15,198.6000000000002,2opt,improve
12785,15,198.6000000000002,15,198.6000000000002,swap,notBad
12786,15,198.6000000000002,15,198.6000000000002,move,improve
12787,15,198.6000000000002,15,198.6000000000002,2opt,notBad
12788,15,198.6000000000002,15,198.6000000000002,swap,notBad
12789,15,198.6000000000002,15,198.6000000000002,move,improve
12790,15,198.6000000000002,15,198.6000000000002,swap,notBad
12791,15,198.6000000000002,15,198.6000000000002,swap,notBad
12792,15,198.6000000000002,15,198.6000000000002,move,improve
12793,15,198.6000000000002,15,198.6000000000002,2opt,notBad
12794,15,198.6000000000002,15,198.6000000000002,swap,notBad
12795,15,198.6000000000002,15,198.6000000000002,2opt,notBad
12796,15,198.6000000000002,15,198.6000000000002,swap,notBad
12797,15,198.6000000000002,15,198.6000000000002,swap,notBad
12798,15,198.6000000000002,15,198.6000000000002,move,improve
12799,15,198.6000000000002,15,198.6000000000002,2opt,notBad
12800,15,198.6000000000002,15,198.6000000000002,move,improve
12801,15,198.6000000000002,15,198.6000000000002,move,improve
12802,15,198.6000000000002,15,198.6000000000002,move,improve
12803,15,198.6000000000002,15,198.6000000000002,swap,notBad
12804,15,198.6000000000002,15,198.6000000000002,move,improve
12805,15,198.6000000000002,15,198.6000000000002,swap,notBad
12806,15,198.6000000000002,15,198.6000000000002,move,improve
12807,15,198.6000000000002,15,198.6000000000002,move,improve
12808,15,198.6000000000002,15,198.6000000000002,move,notBad
12809,15,198.6000000000002,15,198.6000000000002,2opt,improve
12810,15,198.6000000000002,15,198.6000000000002,move,improve
12811,15,198.6000000000002,15,198.6000000000002,2opt,notBad
12812,15,198.6000000000002,15,198.6000000000002,move,improve
12813,15,198.6000000000002,15,198.6000000000002,move,improve
12814,15,198.6000000000002,15,198.6000000000002,2opt,notBad
12815,15,198.6000000000002,15,198.6000000000002,2opt,notBad
12816,15,198.6000000000002,15,198.6000000000002,2opt,notBad
12817,15,198.6000000000002,15,198.6000000000002,swap,notBad
12818,15,198.6000000000002,15,198.6000000000002,2opt,notBad
12819,15,198.6000000000002,15,198.6000000000002,move,improve
12820,15,198.6000000000002,15,198.6000000000002,swap,notBad
12821,15,198.6000000000002,15,198.6000000000002,move,improve
12822,15,198.6000000000002,15,198.6000000000002,move,improve
12823,15,198.6000000000002,15,198.6000000000002,swap,notBad
12824,15,198.6000000000002,15,198.6000000000002,move,improve
12825,15,198.6000000000002,15,198.6000000000002,swap,notBad
12826,15,198.6000000000002,15,198.6000000000002,swap,notBad
12827,15,198.6000000000002,15,198.6000000000002,2opt,improve
12828,15,198.6000000000002,15,198.6000000000002,swap,notBad
12829,15,198.6000000000002,15,198.6000000000002,swap,notBad
12830,15,198.6000000000002,15,198.6000000000002,2opt,notBad
12831,15,198.6000000000002,15,198.6000000000002,swap,notBad
12832,15,198.6000000000002,15,198.6000000000002,move,improve
12833,15,198.6000000000002,15,198.6000000000002,move,improve
12834,15,198.6000000000002,15,198.6000000000002,swap,notBad
12835,15,198.6000000000002,15,198.6000000000002,move,improve
12836,15,198.6000000000002,15,198.6000000000002,2opt,notBad
12837,15,198.6000000000002,15,198.6000000000002,swap,notBad
12838,15,198.6000000000002,15,198.6000000000002,swap,notBad
12839,15,198.6000000000002,15,198.6000000000002,2opt,notBad
12840,15,198.6000000000002,15,198.6000000000002,2opt,improve
12841,15,198.6000000000002,15,198.6000000000002,swap,notBad
12842,15,198.6000000000002,15,198.6000000000002,move,improve
12843,15,198.6000000000002,15,198.6000000000002,swap,notBad
12844,15,198.6000000000002,15,198.6000000000002,move,improve
12845,15,198.6000000000002,15,198.6000000000002,swap,notBad
12846,15,198.6000000000002,15,198.6000000000002,2opt,improve
12847,15,198.6000000000002,15,198.6000000000002,swap,notBad
12848,15,198.6000000000002,15,198.6000000000002,2opt,notBad
12849,15,198.6000000000002,15,198.6000000000002,swap,notBad
12850,15,198.6000000000002,15,198.6000000000002,move,improve
12851,15,198.6000000000002,15,198.6000000000002,2opt,notBad
12852,15,198.6000000000002,15,198.6000000000002,swap,notBad
12853,15,198.6000000000002,15,198.6000000000002,2opt,improve
12854,15,198.6000000000002,15,198.6000000000002,move,improve
12855,15,198.6000000000002,15,198.6000000000002,move,improve
12856,15,198.6000000000002,15,198.6000000000002,2opt,notBad
12857,15,198.6000000000002,15,198.6000000000002,move,improve
12858,15,198.6000000000002,15,198.6000000000002,move,improve
12859,15,198.6000000000002,15,198.6000000000002,2opt,notBad
12860,15,198.6000000000002,15,198.6000000000002,swap,notBad
12861,15,198.6000000000002,15,198.6000000000002,2opt,notBad
12862,15,198.6000000000002,15,198.6000000000002,move,improve
12863,15,198.6000000000002,15,198.6000000000002,swap,notBad
12864,15,198.6000000000002,15,198.6000000000002,2opt,notBad
12865,15,198.6000000000002,15,198.6000000000002,2opt,notBad
12866,15,198.6000000000002,15,198.6000000000002,move,improve
12867,15,198.6000000000002,15,198.6000000000002,2opt,improve
12868,15,198.6000000000002,15,198.6000000000002,2opt,notBad
12869,15,198.6000000000002,15,198.6000000000002,move,improve
12870,15,198.6000000000002,15,198.6000000000002,swap,notBad
12871,15,198.6000000000002,15,198.6000000000002,swap,notBad
12872,15,198.6000000000002,15,198.6000000000002,2opt,notBad
12873,15,198.6000000000002,15,198.6000000000002,swap,notBad
12874,15,198.6000000000002,15,198.6000000000002,move,improve
12875,15,198.6000000000002,15,198.6000000000002,swap,notBad
12876,15,198.6000000000002,15,198.6000000000002,swap,notBad
12877,15,198.6000000000002,15,198.6000000000002,swap,notBad
12878,15,198.6000000000002,15,198.6000000000002,2opt,improve
12879,15,198.6000000000002,15,198.6000000000002,2opt,improve
12880,15,198.6000000000002,15,198.6000000000002,move,improve
12881,15,198.6000000000002,15,198.6000000000002,move,improve
12882,15,198.6000000000002,15,198.6000000000002,move,improve
12883,15,198.6000000000002,15,198.6000000000002,2opt,improve
12884,15,198.6000000000002,15,198.6000000000002,move,improve
12885,15,198.6000000000002,15,198.6000000000002,2opt,notBad
12886,15,198.6000000000002,15,198.6000000000002,2opt,notBad
12887,15,198.6000000000002,15,198.6000000000002,swap,notBad
12888,15,198.6000000000002,15,198.6000000000002,2opt,notBad
12889,15,198.6000000000002,15,198.6000000000002,move,improve
12890,15,198.6000000000002,15,198.6000000000002,2opt,notBad
12891,15,198.6000000000002,15,198.6000000000002,2opt,improve
12892,15,198.6000000000002,15,198.6000000000002,move,improve
12893,15,198.6000000000002,15,198.6000000000002,2opt,notBad
12894,15,198.6000000000002,15,198.6000000000002,move,improve
12895,15,198.6000000000002,15,198.6000000000002,move,improve
12896,15,198.6000000000002,15,198.6000000000002,swap,notBad
12897,15,198.6000000000002,15,198.6000000000002,2opt,notBad
12898,15,198.6000000000002,15,198.6000000000002,2opt,notBad
12899,15,198.6000000000002,15,198.6000000000002,2opt,notBad
12900,15,198.6000000000002,15,198.6000000000002,move,improve
12901,15,198.6000000000002,15,198.6000000000002,2opt,notBad
12902,15,198.6000000000002,15,198.6000000000002,move,improve
12903,15,198.6000000000002,15,198.6000000000002,move,improve
12904,15,198.6000000000002,15,198.6000000000002,swap,notBad
12905,15,198.6000000000002,15,198.6000000000002,2opt,notBad
12906,15,198.6000000000002,15,198.6000000000002,swap,notBad
12907,15,198.6000000000002,15,198.6000000000002,move,improve
12908,15,198.6000000000002,15,198.6000000000002,move,improve
12909,15,198.6000000000002,15,198.6000000000002,move,improve
12910,15,198.6000000000002,15,198.6000000000002,2opt,notBad
12911,15,198.6000000000002,15,198.6000000000002,move,improve
12912,15,198.6000000000002,15,198.6000000000002,move,improve
12913,15,198.6000000000002,15,198.6000000000002,swap,notBad
12914,15,198.6000000000002,15,198.6000000000002,move,improve
12915,15,198.6000000000002,15,198.6000000000002,2opt,notBad
12916,15,198.6000000000002,15,198.6000000000002,move,improve
12917,15,198.6000000000002,15,198.6000000000002,move,improve
12918,15,198.6000000000002,15,198.6000000000002,2opt,notBad
12919,15,198.6000000000002,15,198.6000000000002,move,improve
12920,15,198.6000000000002,15,198.6000000000002,2opt,notBad
12921,15,198.6000000000002,15,198.6000000000002,swap,notBad
12922,15,198.6000000000002,15,198.6000000000002,swap,notBad
12923,15,198.6000000000002,15,198.6000000000002,move,improve
12924,15,198.6000000000002,15,198.6000000000002,swap,notBad
12925,15,198.6000000000002,15,198.6000000000002,2opt,notBad
12926,15,198.6000000000002,15,198.6000000000002,2opt,notBad
12927,15,198.6000000000002,15,198.6000000000002,move,improve
12928,15,198.6000000000002,15,198.6000000000002,2opt,notBad
12929,15,198.6000000000002,15,198.6000000000002,2opt,notBad
12930,15,198.6000000000002,15,198.6000000000002,swap,notBad
12931,15,198.6000000000002,15,198.6000000000002,2opt,notBad
12932,15,198.6000000000002,15,198.6000000000002,move,improve
12933,15,198.6000000000002,15,198.6000000000002,swap,notBad
12934,15,198.6000000000002,15,198.6000000000002,2opt,notBad
12935,15,198.6000000000002,15,198.6000000000002,swap,notBad
12936,15,198.6000000000002,15,198.6000000000002,move,improve
12937,15,198.6000000000002,15,198.6000000000002,swap,notBad
12938,15,198.6000000000002,15,198.6000000000002,move,improve
12939,15,198.6000000000002,15,198.6000000000002,move,improve
12940,15,198.6000000000002,15,198.6000000000002,2opt,notBad
12941,15,198.6000000000002,15,198.6000000000002,2opt,notBad
12942,15,198.6000000000002,15,198.6000000000002,2opt,improve
12943,15,198.6000000000002,15,198.6000000000002,swap,notBad
12944,15,198.6000000000002,15,198.6000000000002,2opt,notBad
12945,15,198.6000000000002,15,198.6000000000002,2opt,notBad
12946,15,198.6000000000002,15,198.6000000000002,2opt,improve
12947,15,198.6000000000002,15,198.6000000000002,2opt,notBad
12948,15,198.6000000000002,15,198.6000000000002,swap,notBad
12949,15,198.6000000000002,15,198.6000000000002,2opt,notBad
12950,15,198.6000000000002,15,198.6000000000002,move,improve
12951,15,198.6000000000002,15,198.6000000000002,swap,notBad
12952,15,198.6000000000002,15,198.6000000000002,2opt,notBad
12953,15,198.6000000000002,15,198.6000000000002,swap,notBad
12954,15,198.6000000000002,15,198.6000000000002,move,improve
12955,15,198.6000000000002,15,198.6000000000002,move,improve
12956,15,198.6000000000002,15,198.6000000000002,2opt,notBad
12957,15,198.6000000000002,15,198.6000000000002,move,improve
12958,15,198.6000000000002,15,198.6000000000002,swap,notBad
12959,15,198.6000000000002,15,198.6000000000002,swap,notBad
12960,15,198.6000000000002,15,198.6000000000002,2opt,notBad
12961,15,198.6000000000002,15,198.6000000000002,move,improve
12962,15,198.6000000000002,15,198.6000000000002,swap,notBad
12963,15,198.6000000000002,15,198.6000000000002,move,improve
12964,15,198.6000000000002,15,198.6000000000002,move,improve
12965,15,198.6000000000002,15,198.6000000000002,2opt,notBad
12966,15,198.6000000000002,15,198.6000000000002,move,improve
12967,15,198.6000000000002,15,198.6000000000002,move,improve
12968,15,198.6000000000002,15,198.6000000000002,swap,notBad
12969,15,198.6000000000002,15,198.6000000000002,swap,notBad
12970,15,198.6000000000002,15,198.6000000000002,2opt,notBad
12971,15,198.6000000000002,15,198.6000000000002,swap,notBad
12972,15,198.6000000000002,15,198.6000000000002,2opt,notBad
12973,15,198.6000000000002,15,198.6000000000002,move,improve
12974,15,198.6000000000002,15,198.6000000000002,swap,notBad
12975,15,198.6000000000002,15,198.6000000000002,swap,notBad
12976,15,198.6000000000002,15,198.6000000000002,move,improve
12977,15,198.6000000000002,15,198.6000000000002,swap,notBad
12978,15,198.6000000000002,15,198.6000000000002,swap,notBad
12979,15,198.6000000000002,15,198.6000000000002,swap,notBad
12980,15,198.6000000000002,15,198.6000000000002,swap,notBad
12981,15,198.6000000000002,15,198.6000000000002,swap,notBad
12982,15,198.6000000000002,15,198.6000000000002,swap,notBad
12983,15,198.6000000000002,15,198.6000000000002,swap,notBad
12984,15,198.6000000000002,15,198.6000000000002,2opt,notBad
12985,15,198.6000000000002,15,198.6000000000002,move,improve
12986,15,198.6000000000002,15,198.6000000000002,2opt,notBad
12987,15,198.6000000000002,15,198.6000000000002,move,improve
12988,15,198.6000000000002,15,198.6000000000002,swap,notBad
12989,15,198.6000000000002,15,198.6000000000002,move,improve
12990,15,198.6000000000002,15,198.6000000000002,swap,notBad
12991,15,198.6000000000002,15,198.6000000000002,move,improve
12992,15,198.6000000000002,15,198.6000000000002,2opt,notBad
12993,15,198.6000000000002,15,198.6000000000002,2opt,notBad
12994,15,198.6000000000002,15,198.6000000000002,move,improve
12995,15,198.6000000000002,15,198.6000000000002,move,notBad
12996,15,198.6000000000002,15,198.6000000000002,swap,notBad
12997,15,198.6000000000002,15,198.6000000000002,swap,notBad
12998,15,198.6000000000002,15,198.6000000000002,move,improve
12999,15,198.6000000000002,15,198.6000000000002,2opt,improve
13000,15,198.6000000000002,15,198.6000000000002,swap,notBad
13001,15,198.6000000000002,15,198.6000000000002,move,improve
13002,15,198.6000000000002,15,198.6000000000002,2opt,notBad
13003,15,198.6000000000002,15,198.6000000000002,move,improve
13004,15,199.80000000000013,15,198.6000000000002,swap,acceptBad
13005,15,199.80000000000013,15,198.6000000000002,move,improve
13006,15,199.80000000000013,15,198.6000000000002,swap,notBad
13007,15,199.80000000000013,15,198.6000000000002,swap,notBad
13008,15,199.80000000000013,15,198.6000000000002,move,improve
13009,15,199.80000000000013,15,198.6000000000002,swap,notBad
13010,15,199.80000000000013,15,198.6000000000002,move,improve
13011,15,199.80000000000013,15,198.6000000000002,move,improve
13012,15,199.80000000000013,15,198.6000000000002,2opt,notBad
13013,15,199.80000000000013,15,198.6000000000002,2opt,notBad
13014,15,199.80000000000013,15,198.6000000000002,2opt,notBad
13015,15,199.80000000000013,15,198.6000000000002,swap,notBad
13016,15,199.80000000000013,15,198.6000000000002,move,improve
13017,15,199.80000000000013,15,198.6000000000002,2opt,notBad
13018,15,199.80000000000013,15,198.6000000000002,2opt,notBad
13019,15,199.80000000000013,15,198.6000000000002,swap,notBad
13020,15,199.80000000000013,15,198.6000000000002,move,improve
13021,15,199.80000000000013,15,198.6000000000002,move,improve
13022,15,199.80000000000013,15,198.6000000000002,move,improve
13023,15,199.80000000000013,15,198.6000000000002,swap,notBad
13024,15,199.80000000000013,15,198.6000000000002,2opt,improve
13025,15,199.80000000000013,15,198.6000000000002,move,improve
13026,15,199.80000000000013,15,198.6000000000002,swap,notBad
13027,15,199.80000000000013,15,198.6000000000002,2opt,notBad
13028,15,199.80000000000013,15,198.6000000000002,move,improve
13029,15,199.80000000000013,15,198.6000000000002,move,improve
13030,15,199.80000000000013,15,198.6000000000002,swap,notBad
13031,15,199.80000000000013,15,198.6000000000002,move,improve
13032,15,199.80000000000013,15,198.6000000000002,2opt,notBad
13033,15,199.80000000000013,15,198.6000000000002,move,improve
13034,15,199.80000000000013,15,198.6000000000002,swap,notBad
13035,15,199.80000000000013,15,198.6000000000002,swap,notBad
13036,15,199.80000000000013,15,198.6000000000002,2opt,notBad
13037,15,199.80000000000013,15,198.6000000000002,swap,notBad
13038,15,199.80000000000013,15,198.6000000000002,move,improve
13039,15,199.80000000000013,15,198.6000000000002,move,improve
13040,15,199.80000000000013,15,198.6000000000002,2opt,notBad
13041,15,199.80000000000013,15,198.6000000000002,move,improve
13042,15,199.80000000000013,15,198.6000000000002,move,improve
13043,15,199.80000000000013,15,198.6000000000002,swap,notBad
13044,15,199.80000000000013,15,198.6000000000002,2opt,improve
13045,15,199.80000000000013,15,198.6000000000002,swap,notBad
13046,15,199.80000000000013,15,198.6000000000002,2opt,notBad
13047,15,199.80000000000013,15,198.6000000000002,2opt,notBad
13048,15,199.80000000000013,15,198.6000000000002,swap,notBad
13049,15,199.80000000000013,15,198.6000000000002,2opt,notBad
13050,15,199.80000000000013,15,198.6000000000002,move,improve
13051,15,199.80000000000013,15,198.6000000000002,2opt,improve
13052,15,199.80000000000013,15,198.6000000000002,2opt,notBad
13053,15,199.80000000000013,15,198.6000000000002,2opt,notBad
13054,15,199.80000000000013,15,198.6000000000002,swap,notBad
13055,15,199.80000000000013,15,198.6000000000002,2opt,notBad
13056,15,199.80000000000013,15,198.6000000000002,2opt,notBad
13057,15,199.80000000000013,15,198.6000000000002,move,improve
13058,15,199.80000000000013,15,198.6000000000002,move,improve
13059,15,199.80000000000013,15,198.6000000000002,move,improve
13060,15,199.80000000000013,15,198.6000000000002,2opt,notBad
13061,15,199.80000000000013,15,198.6000000000002,swap,notBad
13062,15,199.80000000000013,15,198.6000000000002,swap,notBad
13063,15,199.80000000000013,15,198.6000000000002,move,improve
13064,15,199.80000000000013,15,198.6000000000002,move,improve
13065,15,199.80000000000013,15,198.6000000000002,swap,notBad
13066,15,199.80000000000013,15,198.6000000000002,move,improve
13067,15,199.80000000000013,15,198.6000000000002,swap,notBad
13068,15,199.80000000000013,15,198.6000000000002,swap,notBad
13069,15,199.80000000000013,15,198.6000000000002,2opt,notBad
13070,15,199.80000000000013,15,198.6000000000002,move,improve
13071,15,199.80000000000013,15,198.6000000000002,move,improve
13072,15,199.80000000000013,15,198.6000000000002,move,improve
13073,15,199.80000000000013,15,198.6000000000002,2opt,notBad
13074,15,199.80000000000013,15,198.6000000000002,swap,notBad
13075,15,199.80000000000013,15,198.6000000000002,swap,notBad
13076,15,199.80000000000013,15,198.6000000000002,swap,notBad
13077,15,199.80000000000013,15,198.6000000000002,move,improve
13078,15,199.80000000000013,15,198.6000000000002,swap,notBad
13079,15,199.80000000000013,15,198.6000000000002,swap,notBad
13080,15,199.80000000000013,15,198.6000000000002,swap,notBad
13081,15,199.80000000000013,15,198.6000000000002,2opt,notBad
13082,15,199.80000000000013,15,198.6000000000002,2opt,notBad
13083,15,199.80000000000013,15,198.6000000000002,swap,notBad
13084,15,199.80000000000013,15,198.6000000000002,2opt,notBad
13085,15,199.80000000000013,15,198.6000000000002,swap,notBad
13086,15,199.80000000000013,15,198.6000000000002,swap,notBad
13087,15,199.80000000000013,15,198.6000000000002,move,improve
13088,15,199.80000000000013,15,198.6000000000002,move,improve
13089,15,199.80000000000013,15,198.6000000000002,2opt,notBad
13090,15,199.80000000000013,15,198.6000000000002,move,improve
13091,15,199.80000000000013,15,198.6000000000002,2opt,notBad
13092,15,199.80000000000013,15,198.6000000000002,swap,notBad
13093,15,199.80000000000013,15,198.6000000000002,2opt,improve
13094,15,199.80000000000013,15,198.6000000000002,move,improve
13095,15,199.80000000000013,15,198.6000000000002,2opt,notBad
13096,15,199.80000000000013,15,198.6000000000002,move,improve
13097,15,199.80000000000013,15,198.6000000000002,move,improve
13098,15,199.80000000000013,15,198.6000000000002,swap,notBad
13099,15,199.80000000000013,15,198.6000000000002,move,improve
13100,15,199.80000000000013,15,198.6000000000002,2opt,notBad
13101,15,199.80000000000013,15,198.6000000000002,swap,notBad
13102,15,199.80000000000013,15,198.6000000000002,move,improve
13103,15,199.80000000000013,15,198.6000000000002,2opt,notBad
13104,15,199.80000000000013,15,198.6000000000002,swap,notBad
13105,15,199.80000000000013,15,198.6000000000002,swap,notBad
13106,15,199.80000000000013,15,198.6000000000002,2opt,notBad
13107,15,199.80000000000013,15,198.6000000000002,swap,notBad
13108,15,199.80000000000013,15,198.6000000000002,swap,notBad
13109,15,199.80000000000013,15,198.6000000000002,swap,notBad
13110,15,199.80000000000013,15,198.6000000000002,move,improve
13111,15,199.80000000000013,15,198.6000000000002,move,improve
13112,15,199.80000000000013,15,198.6000000000002,swap,notBad
13113,15,199.80000000000013,15,198.6000000000002,move,improve
13114,15,199.80000000000013,15,198.6000000000002,2opt,notBad
13115,15,199.80000000000013,15,198.6000000000002,2opt,notBad
13116,15,199.80000000000013,15,198.6000000000002,2opt,notBad
13117,15,199.80000000000013,15,198.6000000000002,2opt,notBad
13118,15,199.80000000000013,15,198.6000000000002,move,improve
13119,15,199.80000000000013,15,198.6000000000002,swap,notBad
13120,15,199.80000000000013,15,198.6000000000002,move,improve
13121,15,199.80000000000013,15,198.6000000000002,swap,notBad
13122,15,199.80000000000013,15,198.6000000000002,2opt,notBad
13123,15,199.80000000000013,15,198.6000000000002,2opt,improve
13124,15,199.80000000000013,15,198.6000000000002,2opt,notBad
13125,15,199.80000000000013,15,198.6000000000002,swap,notBad
13126,15,199.80000000000013,15,198.6000000000002,2opt,notBad
13127,15,199.80000000000013,15,198.6000000000002,2opt,notBad
13128,15,199.80000000000013,15,198.6000000000002,swap,notBad
13129,15,199.80000000000013,15,198.6000000000002,2opt,notBad
13130,15,199.80000000000013,15,198.6000000000002,swap,notBad
13131,15,199.80000000000013,15,198.6000000000002,swap,notBad
13132,15,199.80000000000013,15,198.6000000000002,move,improve
13133,15,199.80000000000013,15,198.6000000000002,2opt,notBad
13134,15,199.80000000000013,15,198.6000000000002,move,improve
13135,15,199.80000000000013,15,198.6000000000002,move,improve
13136,15,199.80000000000013,15,198.6000000000002,2opt,notBad
13137,15,196.8,15,196.8,2opt,newBest
13138,15,196.8,15,196.8,move,improve
13139,15,196.8,15,196.8,2opt,improve
13140,15,196.8,15,196.8,2opt,notBad
13141,15,196.8,15,196.8,2opt,improve
13142,15,196.8,15,196.8,swap,notBad
13143,15,196.8,15,196.8,move,improve
13144,15,196.8,15,196.8,2opt,notBad
13145,15,196.8,15,196.8,swap,notBad
13146,15,196.8,15,196.8,2opt,notBad
13147,15,196.8,15,196.8,2opt,notBad
13148,15,196.8,15,196.8,move,improve
13149,15,196.8,15,196.8,move,improve
13150,15,196.8,15,196.8,swap,notBad
13151,15,196.8,15,196.8,move,improve
13152,15,196.8,15,196.8,move,improve
13153,15,196.8,15,196.8,swap,notBad
13154,15,196.8,15,196.8,move,improve
13155,15,196.8,15,196.8,move,improve
13156,15,196.8,15,196.8,move,improve
13157,15,196.8,15,196.8,move,improve
13158,15,196.8,15,196.8,move,improve
13159,15,196.8,15,196.8,move,improve
13160,15,196.8,15,196.8,2opt,notBad
13161,15,196.8,15,196.8,2opt,improve
13162,15,196.8,15,196.8,move,improve
13163,15,196.8,15,196.8,swap,notBad
13164,15,196.8,15,196.8,swap,notBad
13165,15,196.8,15,196.8,swap,notBad
13166,15,196.8,15,196.8,swap,notBad
13167,15,196.8,15,196.8,swap,notBad
13168,15,196.8,15,196.8,swap,notBad
13169,15,196.8,15,196.8,move,improve
13170,15,196.8,15,196.8,move,improve
13171,15,196.8,15,196.8,swap,notBad
13172,15,196.8,15,196.8,swap,notBad
13173,15,196.8,15,196.8,swap,notBad
13174,15,196.8,15,196.8,move,improve
13175,15,196.8,15,196.8,move,improve
13176,15,196.8,15,196.8,swap,notBad
13177,15,196.8,15,196.8,2opt,notBad
13178,15,196.8,15,196.8,move,improve
13179,15,196.8,15,196.8,move,improve
13180,15,196.8,15,196.8,2opt,improve
13181,15,196.8,15,196.8,2opt,notBad
13182,15,196.8,15,196.8,swap,notBad
13183,15,196.8,15,196.8,2opt,notBad
13184,15,196.8,15,196.8,move,improve
13185,15,196.8,15,196.8,swap,notBad
13186,15,196.8,15,196.8,swap,notBad
13187,15,196.8,15,196.8,move,improve
13188,15,196.8,15,196.8,2opt,improve
13189,15,196.8,15,196.8,2opt,notBad
13190,15,196.8,15,196.8,swap,notBad
13191,15,196.8,15,196.8,2opt,notBad
13192,15,196.8,15,196.8,2opt,notBad
13193,15,196.8,15,196.8,2opt,notBad
13194,15,196.8,15,196.8,swap,notBad
13195,15,196.8,15,196.8,2opt,notBad
13196,15,196.8,15,196.8,2opt,notBad
13197,15,196.8,15,196.8,swap,notBad
13198,15,196.8,15,196.8,swap,notBad
13199,15,196.8,15,196.8,2opt,improve
13200,15,196.8,15,196.8,move,improve
13201,15,196.8,15,196.8,move,improve
13202,15,196.8,15,196.8,swap,notBad
13203,15,196.8,15,196.8,move,improve
13204,15,196.8,15,196.8,move,improve
13205,15,196.8,15,196.8,swap,notBad
13206,15,196.8,15,196.8,move,improve
13207,15,196.8,15,196.8,2opt,notBad
13208,15,196.8,15,196.8,2opt,improve
13209,15,196.8,15,196.8,swap,notBad
13210,15,196.8,15,196.8,swap,notBad
13211,15,196.8,15,196.8,move,improve
13212,15,196.8,15,196.8,swap,notBad
13213,15,196.8,15,196.8,swap,notBad
13214,15,196.8,15,196.8,move,improve
13215,15,196.8,15,196.8,2opt,notBad
13216,15,196.8,15,196.8,move,improve
13217,15,196.8,15,196.8,swap,notBad
13218,15,196.8,15,196.8,2opt,notBad
13219,15,196.8,15,196.8,2opt,notBad
13220,15,196.8,15,196.8,2opt,notBad
13221,15,196.8,15,196.8,move,improve
13222,15,196.8,15,196.8,swap,notBad
13223,15,196.8,15,196.8,swap,notBad
13224,15,196.8,15,196.8,2opt,notBad
13225,15,196.8,15,196.8,2opt,notBad
13226,15,196.8,15,196.8,move,improve
13227,15,196.8,15,196.8,2opt,notBad
13228,15,196.8,15,196.8,2opt,notBad
13229,15,196.8,15,196.8,2opt,improve
13230,15,196.8,15,196.8,2opt,notBad
13231,15,196.8,15,196.8,swap,notBad
13232,15,196.8,15,196.8,2opt,notBad
13233,15,196.8,15,196.8,move,improve
13234,15,196.8,15,196.8,2opt,improve
13235,15,196.8,15,196.8,move,improve
13236,15,196.8,15,196.8,swap,notBad
13237,15,196.8,15,196.8,swap,notBad
13238,15,196.8,15,196.8,2opt,notBad
13239,15,196.8,15,196.8,2opt,notBad
13240,15,196.8,15,196.8,move,improve
13241,15,196.8,15,196.8,move,improve
13242,15,196.8,15,196.8,swap,notBad
13243,15,196.8,15,196.8,2opt,notBad
13244,15,196.8,15,196.8,2opt,notBad
13245,15,196.8,15,196.8,move,improve
13246,15,196.8,15,196.8,swap,notBad
13247,15,196.8,15,196.8,move,improve
13248,15,196.8,15,196.8,move,improve
13249,15,196.8,15,196.8,2opt,improve
13250,15,196.8,15,196.8,2opt,notBad
13251,15,196.8,15,196.8,swap,notBad
13252,15,196.8,15,196.8,2opt,notBad
13253,15,196.8,15,196.8,move,improve
13254,15,196.8,15,196.8,move,improve
13255,15,196.8,15,196.8,move,improve
13256,15,196.8,15,196.8,2opt,notBad
13257,15,196.8,15,196.8,swap,notBad
13258,15,196.8,15,196.8,move,notBad
13259,15,196.8,15,196.8,2opt,improve
13260,15,196.8,15,196.8,move,improve
13261,15,196.8,15,196.8,move,improve
13262,15,196.8,15,196.8,swap,notBad
13263,15,196.8,15,196.8,2opt,notBad
13264,15,196.8,15,196.8,2opt,notBad
13265,15,196.8,15,196.8,swap,notBad
13266,15,196.8,15,196.8,2opt,notBad
13267,15,196.8,15,196.8,move,improve
13268,15,196.8,15,196.8,2opt,notBad
13269,15,196.8,15,196.8,swap,notBad
13270,15,196.8,15,196.8,2opt,notBad
13271,15,196.8,15,196.8,swap,notBad
13272,15,196.8,15,196.8,swap,notBad
13273,15,196.8,15,196.8,move,improve
13274,15,196.8,15,196.8,swap,notBad
13275,15,196.8,15,196.8,swap,notBad
13276,15,196.8,15,196.8,swap,notBad
13277,15,196.8,15,196.8,2opt,notBad
13278,15,196.8,15,196.8,move,improve
13279,15,196.8,15,196.8,move,improve
13280,15,196.8,15,196.8,move,improve
13281,15,196.8,15,196.8,swap,notBad
13282,15,196.8,15,196.8,move,improve
13283,15,196.8,15,196.8,2opt,improve
13284,15,196.8,15,196.8,swap,notBad
13285,15,196.8,15,196.8,move,improve
13286,15,196.8,15,196.8,2opt,notBad
13287,15,196.8,15,196.8,2opt,notBad
13288,15,196.8,15,196.8,swap,notBad
13289,15,196.8,15,196.8,swap,notBad
13290,15,196.8,15,196.8,move,improve
13291,15,196.8,15,196.8,move,improve
13292,15,196.8,15,196.8,2opt,notBad
13293,15,196.8,15,196.8,swap,notBad
13294,15,196.8,15,196.8,swap,notBad
13295,15,196.8,15,196.8,move,improve
13296,15,196.8,15,196.8,2opt,improve
13297,15,196.8,15,196.8,move,improve
13298,15,196.8,15,196.8,2opt,notBad
13299,15,196.8,15,196.8,swap,notBad
13300,15,196.8,15,196.8,move,notBad
13301,15,196.8,15,196.8,2opt,improve
13302,15,196.8,15,196.8,swap,notBad
13303,15,196.8,15,196.8,move,improve
13304,15,196.8,15,196.8,move,improve
13305,15,196.8,15,196.8,2opt,notBad
13306,15,196.8,15,196.8,move,improve
13307,15,196.8,15,196.8,swap,notBad
13308,15,196.8,15,196.8,2opt,notBad
13309,15,196.8,15,196.8,move,notBad
13310,15,196.8,15,196.8,swap,notBad
13311,15,196.8,15,196.8,swap,notBad
13312,15,196.8,15,196.8,move,improve
13313,15,196.8,15,196.8,swap,notBad
13314,15,196.8,15,196.8,swap,notBad
13315,15,196.8,15,196.8,swap,notBad
13316,15,196.8,15,196.8,swap,notBad
13317,15,196.8,15,196.8,move,improve
13318,15,196.8,15,196.8,2opt,improve
13319,15,196.8,15,196.8,2opt,notBad
13320,15,196.8,15,196.8,2opt,notBad
13321,15,196.8,15,196.8,swap,notBad
13322,15,196.8,15,196.8,swap,notBad
13323,15,196.8,15,196.8,swap,notBad
13324,15,196.8,15,196.8,2opt,notBad
13325,15,196.8,15,196.8,swap,notBad
13326,15,196.8,15,196.8,move,improve
13327,15,196.8,15,196.8,swap,notBad
13328,15,196.8,15,196.8,move,improve
13329,15,196.8,15,196.8,move,improve
13330,15,196.8,15,196.8,move,improve
13331,15,196.8,15,196.8,swap,notBad
13332,15,196.8,15,196.8,2opt,improve
13333,15,196.8,15,196.8,move,improve
13334,15,196.8,15,196.8,swap,notBad
13335,15,196.8,15,196.8,2opt,improve
13336,15,196.8,15,196.8,2opt,notBad
13337,15,196.8,15,196.8,2opt,notBad
13338,15,196.8,15,196.8,swap,notBad
13339,15,196.8,15,196.8,move,improve
13340,15,196.8,15,196.8,move,improve
13341,15,196.8,15,196.8,move,improve
13342,15,195.60000000000008,15,195.60000000000008,move,newBest
13343,15,195.60000000000008,15,195.60000000000008,2opt,notBad
13344,15,195.60000000000008,15,195.60000000000008,move,improve
13345,15,195.60000000000008,15,195.60000000000008,swap,notBad
13346,15,195.60000000000008,15,195.60000000000008,2opt,notBad
13347,15,195.60000000000008,15,195.60000000000008,2opt,notBad
13348,15,195.60000000000008,15,195.60000000000008,2opt,improve
13349,15,195.60000000000008,15,195.60000000000008,2opt,improve
13350,15,195.60000000000008,15,195.60000000000008,2opt,improve
13351,15,195.60000000000008,15,195.60000000000008,swap,notBad
13352,15,195.60000000000008,15,195.60000000000008,swap,notBad
13353,15,195.60000000000008,15,195.60000000000008,2opt,improve
13354,15,195.60000000000008,15,195.60000000000008,swap,notBad
13355,15,195.60000000000008,15,195.60000000000008,move,improve
13356,15,195.60000000000008,15,195.60000000000008,swap,notBad
13357,15,195.60000000000008,15,195.60000000000008,2opt,notBad
13358,15,195.60000000000008,15,195.60000000000008,2opt,notBad
13359,15,195.60000000000008,15,195.60000000000008,move,improve
13360,15,195.60000000000008,15,195.60000000000008,swap,notBad
13361,15,195.60000000000008,15,195.60000000000008,2opt,improve
13362,15,195.60000000000008,15,195.60000000000008,move,improve
13363,15,195.60000000000008,15,195.60000000000008,2opt,notBad
13364,15,195.60000000000008,15,195.60000000000008,swap,notBad
13365,15,195.60000000000008,15,195.60000000000008,move,improve
13366,15,195.60000000000008,15,195.60000000000008,swap,notBad
13367,15,195.60000000000008,15,195.60000000000008,2opt,notBad
13368,15,195.60000000000008,15,195.60000000000008,move,improve
13369,15,195.60000000000008,15,195.60000000000008,2opt,notBad
13370,15,195.60000000000008,15,195.60000000000008,move,improve
13371,15,195.60000000000008,15,195.60000000000008,2opt,notBad
13372,15,195.60000000000008,15,195.60000000000008,swap,notBad
13373,15,195.60000000000008,15,195.60000000000008,swap,notBad
13374,15,195.60000000000008,15,195.60000000000008,2opt,notBad
13375,15,195.60000000000008,15,195.60000000000008,move,improve
13376,15,195.60000000000008,15,195.60000000000008,move,improve
13377,15,195.60000000000008,15,195.60000000000008,move,notBad
13378,15,195.60000000000008,15,195.60000000000008,2opt,improve
13379,15,195.60000000000008,15,195.60000000000008,swap,notBad
13380,15,195.60000000000008,15,195.60000000000008,swap,notBad
13381,15,195.60000000000008,15,195.60000000000008,move,improve
13382,15,195.60000000000008,15,195.60000000000008,2opt,notBad
13383,15,195.60000000000008,15,195.60000000000008,move,improve
13384,15,195.60000000000008,15,195.60000000000008,move,improve
13385,15,195.60000000000008,15,195.60000000000008,swap,notBad
13386,15,195.60000000000008,15,195.60000000000008,move,improve
13387,15,195.60000000000008,15,195.60000000000008,swap,notBad
13388,15,195.60000000000008,15,195.60000000000008,move,improve
13389,15,195.60000000000008,15,195.60000000000008,swap,notBad
13390,15,195.60000000000008,15,195.60000000000008,swap,notBad
13391,15,195.60000000000008,15,195.60000000000008,2opt,notBad
13392,15,195.60000000000008,15,195.60000000000008,move,improve
13393,15,195.60000000000008,15,195.60000000000008,move,improve
13394,15,195.60000000000008,15,195.60000000000008,move,improve
13395,15,195.60000000000008,15,195.60000000000008,swap,notBad
13396,15,195.60000000000008,15,195.60000000000008,move,improve
13397,15,195.60000000000008,15,195.60000000000008,swap,notBad
13398,15,195.60000000000008,15,195.60000000000008,2opt,notBad
13399,15,195.60000000000008,15,195.60000000000008,move,improve
13400,15,195.60000000000008,15,195.60000000000008,2opt,notBad
13401,15,195.60000000000008,15,195.60000000000008,swap,notBad
13402,15,195.60000000000008,15,195.60000000000008,2opt,notBad
13403,15,195.60000000000008,15,195.60000000000008,2opt,notBad
13404,15,195.60000000000008,15,195.60000000000008,2opt,improve
13405,15,195.60000000000008,15,195.60000000000008,move,improve
13406,15,195.60000000000008,15,195.60000000000008,swap,notBad
13407,15,195.60000000000008,15,195.60000000000008,swap,notBad
13408,15,195.60000000000008,15,195.60000000000008,2opt,notBad
13409,15,195.60000000000008,15,195.60000000000008,swap,notBad
13410,15,195.60000000000008,15,195.60000000000008,2opt,notBad
13411,15,195.60000000000008,15,195.60000000000008,swap,notBad
13412,15,195.60000000000008,15,195.60000000000008,swap,notBad
13413,15,195.60000000000008,15,195.60000000000008,2opt,notBad
13414,15,195.60000000000008,15,195.60000000000008,move,improve
13415,15,195.60000000000008,15,195.60000000000008,swap,notBad
13416,15,195.60000000000008,15,195.60000000000008,move,improve
13417,15,195.60000000000008,15,195.60000000000008,2opt,notBad
13418,15,195.60000000000008,15,195.60000000000008,2opt,notBad
13419,15,195.60000000000008,15,195.60000000000008,move,notBad
13420,15,195.60000000000008,15,195.60000000000008,swap,notBad
13421,15,195.60000000000008,15,195.60000000000008,2opt,notBad
13422,15,195.60000000000008,15,195.60000000000008,2opt,notBad
13423,15,195.60000000000008,15,195.60000000000008,2opt,notBad
13424,15,195.60000000000008,15,195.60000000000008,swap,notBad
13425,15,195.60000000000008,15,195.60000000000008,move,improve
13426,15,195.60000000000008,15,195.60000000000008,move,improve
13427,15,195.60000000000008,15,195.60000000000008,2opt,notBad
13428,15,195.60000000000008,15,195.60000000000008,move,improve
13429,15,195.60000000000008,15,195.60000000000008,2opt,improve
13430,15,195.60000000000008,15,195.60000000000008,2opt,improve
13431,15,195.60000000000008,15,195.60000000000008,move,improve
13432,15,195.60000000000008,15,195.60000000000008,2opt,notBad
13433,15,195.60000000000008,15,195.60000000000008,swap,notBad
13434,15,195.60000000000008,15,195.60000000000008,swap,notBad
13435,15,195.60000000000008,15,195.60000000000008,2opt,notBad
13436,15,195.60000000000008,15,195.60000000000008,2opt,notBad
13437,15,195.60000000000008,15,195.60000000000008,move,improve
13438,15,195.60000000000008,15,195.60000000000008,swap,notBad
13439,15,195.60000000000008,15,195.60000000000008,2opt,improve
13440,15,195.60000000000008,15,195.60000000000008,swap,notBad
13441,15,195.60000000000008,15,195.60000000000008,swap,notBad
13442,15,195.60000000000008,15,195.60000000000008,2opt,improve
13443,15,195.60000000000008,15,195.60000000000008,2opt,notBad
13444,15,195.60000000000008,15,195.60000000000008,swap,notBad
13445,15,195.60000000000008,15,195.60000000000008,move,improve
13446,15,195.60000000000008,15,195.60000000000008,2opt,notBad
13447,15,195.60000000000008,15,195.60000000000008,swap,notBad
13448,15,195.60000000000008,15,195.60000000000008,move,improve
13449,15,195.60000000000008,15,195.60000000000008,swap,notBad
13450,15,195.60000000000008,15,195.60000000000008,swap,notBad
13451,15,195.60000000000008,15,195.60000000000008,swap,notBad
13452,15,195.60000000000008,15,195.60000000000008,2opt,notBad
13453,15,195.60000000000008,15,195.60000000000008,2opt,notBad
13454,15,195.60000000000008,15,195.60000000000008,move,improve
13455,15,195.60000000000008,15,195.60000000000008,2opt,notBad
13456,15,195.60000000000008,15,195.60000000000008,2opt,notBad
13457,15,195.60000000000008,15,195.60000000000008,move,improve
13458,15,195.60000000000008,15,195.60000000000008,move,improve
13459,15,195.60000000000008,15,195.60000000000008,swap,notBad
13460,15,195.60000000000008,15,195.60000000000008,move,improve
13461,15,195.60000000000008,15,195.60000000000008,move,improve
13462,15,195.60000000000008,15,195.60000000000008,2opt,notBad
13463,15,195.60000000000008,15,195.60000000000008,swap,notBad
13464,15,195.60000000000008,15,195.60000000000008,swap,notBad
13465,15,195.60000000000008,15,195.60000000000008,swap,notBad
13466,15,195.60000000000008,15,195.60000000000008,swap,notBad
13467,15,195.60000000000008,15,195.60000000000008,2opt,notBad
13468,15,195.60000000000008,15,195.60000000000008,2opt,notBad
13469,15,195.60000000000008,15,195.60000000000008,move,improve
13470,15,195.60000000000008,15,195.60000000000008,2opt,notBad
13471,15,195.60000000000008,15,195.60000000000008,2opt,notBad
13472,15,195.60000000000008,15,195.60000000000008,2opt,notBad
13473,15,195.60000000000008,15,195.60000000000008,swap,notBad
13474,15,195.60000000000008,15,195.60000000000008,move,notBad
13475,15,195.60000000000008,15,195.60000000000008,swap,notBad
13476,15,195.60000000000008,15,195.60000000000008,swap,notBad
13477,15,195.60000000000008,15,195.60000000000008,move,improve
13478,15,195.60000000000008,15,195.60000000000008,2opt,notBad
13479,15,195.60000000000008,15,195.60000000000008,move,improve
13480,15,195.60000000000008,15,195.60000000000008,move,improve
13481,15,195.60000000000008,15,195.60000000000008,swap,notBad
13482,15,195.60000000000008,15,195.60000000000008,2opt,improve
13483,15,195.60000000000008,15,195.60000000000008,swap,notBad
13484,15,195.60000000000008,15,195.60000000000008,2opt,notBad
13485,15,195.60000000000008,15,195.60000000000008,swap,notBad
13486,15,195.60000000000008,15,195.60000000000008,2opt,improve
13487,15,195.60000000000008,15,195.60000000000008,swap,notBad
13488,15,195.60000000000008,15,195.60000000000008,2opt,notBad
13489,15,195.60000000000008,15,195.60000000000008,move,improve
13490,15,195.60000000000008,15,195.60000000000008,swap,notBad
13491,15,195.60000000000008,15,195.60000000000008,move,improve
13492,15,195.60000000000008,15,195.60000000000008,2opt,notBad
13493,15,195.60000000000008,15,195.60000000000008,swap,notBad
13494,15,195.60000000000008,15,195.60000000000008,move,improve
13495,15,195.60000000000008,15,195.60000000000008,swap,notBad
13496,15,195.60000000000008,15,195.60000000000008,move,improve
13497,15,195.60000000000008,15,195.60000000000008,2opt,notBad
13498,15,195.60000000000008,15,195.60000000000008,2opt,notBad
13499,15,195.60000000000008,15,195.60000000000008,move,improve
13500,15,195.60000000000008,15,195.60000000000008,move,improve
13501,15,195.60000000000008,15,195.60000000000008,move,improve
13502,15,195.60000000000008,15,195.60000000000008,move,notBad
13503,15,195.60000000000008,15,195.60000000000008,2opt,notBad
13504,15,195.60000000000008,15,195.60000000000008,move,improve
13505,15,195.60000000000008,15,195.60000000000008,2opt,notBad
13506,15,195.60000000000008,15,195.60000000000008,move,improve
13507,15,195.60000000000008,15,195.60000000000008,swap,notBad
13508,15,195.60000000000008,15,195.60000000000008,2opt,notBad
13509,15,195.60000000000008,15,195.60000000000008,2opt,notBad
13510,15,195.60000000000008,15,195.60000000000008,move,improve
13511,15,195.60000000000008,15,195.60000000000008,move,improve
13512,15,195.60000000000008,15,195.60000000000008,2opt,notBad
13513,15,195.60000000000008,15,195.60000000000008,move,improve
13514,15,195.60000000000008,15,195.60000000000008,2opt,notBad
13515,15,195.60000000000008,15,195.60000000000008,move,improve
13516,15,195.60000000000008,15,195.60000000000008,swap,notBad
13517,15,195.60000000000008,15,195.60000000000008,2opt,improve
13518,15,195.60000000000008,15,195.60000000000008,swap,notBad
13519,15,195.60000000000008,15,195.60000000000008,move,improve
13520,15,195.60000000000008,15,195.60000000000008,2opt,notBad
13521,15,195.60000000000008,15,195.60000000000008,2opt,notBad
13522,15,195.60000000000008,15,195.60000000000008,move,improve
13523,15,195.60000000000008,15,195.60000000000008,move,improve
13524,15,195.60000000000008,15,195.60000000000008,2opt,notBad
13525,15,195.60000000000008,15,195.60000000000008,2opt,improve
13526,15,195.60000000000008,15,195.60000000000008,move,improve
13527,15,195.60000000000008,15,195.60000000000008,2opt,notBad
13528,15,195.60000000000008,15,195.60000000000008,2opt,notBad
13529,15,195.60000000000008,15,195.60000000000008,2opt,notBad
13530,15,195.60000000000008,15,195.60000000000008,2opt,notBad
13531,15,195.60000000000008,15,195.60000000000008,2opt,notBad
13532,15,195.60000000000008,15,195.60000000000008,2opt,notBad
13533,15,195.60000000000008,15,195.60000000000008,move,improve
13534,15,195.60000000000008,15,195.60000000000008,move,improve
13535,15,195.60000000000008,15,195.60000000000008,2opt,improve
13536,15,195.60000000000008,15,195.60000000000008,swap,notBad
13537,15,195.60000000000008,15,195.60000000000008,move,improve
13538,15,195.60000000000008,15,195.60000000000008,move,improve
13539,15,195.60000000000008,15,195.60000000000008,swap,notBad
13540,15,195.60000000000008,15,195.60000000000008,move,improve
13541,15,195.60000000000008,15,195.60000000000008,move,improve
13542,15,195.60000000000008,15,195.60000000000008,swap,notBad
13543,15,195.60000000000008,15,195.60000000000008,2opt,improve
13544,15,195.60000000000008,15,195.60000000000008,2opt,notBad
13545,15,195.60000000000008,15,195.60000000000008,2opt,notBad
13546,15,195.60000000000008,15,195.60000000000008,move,improve
13547,15,195.60000000000008,15,195.60000000000008,2opt,notBad
13548,15,195.60000000000008,15,195.60000000000008,2opt,notBad
13549,15,195.60000000000008,15,195.60000000000008,2opt,notBad
13550,15,195.60000000000008,15,195.60000000000008,swap,notBad
13551,15,195.60000000000008,15,195.60000000000008,swap,notBad
13552,15,195.60000000000008,15,195.60000000000008,swap,notBad
13553,15,195.60000000000008,15,195.60000000000008,move,improve
13554,15,195.60000000000008,15,195.60000000000008,swap,notBad
13555,15,195.60000000000008,15,195.60000000000008,move,improve
13556,15,195.60000000000008,15,195.60000000000008,swap,notBad
13557,15,195.60000000000008,15,195.60000000000008,swap,notBad
13558,15,195.60000000000008,15,195.60000000000008,2opt,notBad
13559,15,195.60000000000008,15,195.60000000000008,2opt,notBad
13560,15,195.60000000000008,15,195.60000000000008,swap,notBad
13561,15,195.60000000000008,15,195.60000000000008,swap,notBad
13562,15,195.60000000000008,15,195.60000000000008,move,improve
13563,15,195.60000000000008,15,195.60000000000008,2opt,notBad
13564,15,195.60000000000008,15,195.60000000000008,swap,notBad
13565,15,195.60000000000008,15,195.60000000000008,move,improve
13566,15,195.60000000000008,15,195.60000000000008,move,improve
13567,15,195.60000000000008,15,195.60000000000008,move,improve
13568,15,195.60000000000008,15,195.60000000000008,move,improve
13569,15,195.60000000000008,15,195.60000000000008,2opt,notBad
13570,15,195.60000000000008,15,195.60000000000008,move,improve
13571,15,195.60000000000008,15,195.60000000000008,2opt,improve
13572,15,195.60000000000008,15,195.60000000000008,swap,notBad
13573,15,195.60000000000008,15,195.60000000000008,2opt,notBad
13574,15,195.60000000000008,15,195.60000000000008,2opt,notBad
13575,15,195.60000000000008,15,195.60000000000008,2opt,notBad
13576,15,195.60000000000008,15,195.60000000000008,move,improve
13577,15,195.60000000000008,15,195.60000000000008,swap,notBad
13578,15,195.60000000000008,15,195.60000000000008,2opt,notBad
13579,15,195.60000000000008,15,195.60000000000008,swap,notBad
13580,15,195.60000000000008,15,195.60000000000008,swap,notBad
13581,15,195.60000000000008,15,195.60000000000008,2opt,notBad
13582,15,195.60000000000008,15,195.60000000000008,2opt,improve
13583,15,195.60000000000008,15,195.60000000000008,2opt,notBad
13584,15,195.60000000000008,15,195.60000000000008,move,improve
13585,15,195.60000000000008,15,195.60000000000008,move,improve
13586,15,195.60000000000008,15,195.60000000000008,2opt,notBad
13587,15,195.60000000000008,15,195.60000000000008,swap,notBad
13588,15,195.60000000000008,15,195.60000000000008,2opt,notBad
13589,15,195.60000000000008,15,195.60000000000008,move,improve
13590,15,195.60000000000008,15,195.60000000000008,2opt,notBad
13591,15,195.60000000000008,15,195.60000000000008,move,improve
13592,15,195.60000000000008,15,195.60000000000008,swap,notBad
13593,15,195.60000000000008,15,195.60000000000008,move,improve
13594,15,195.60000000000008,15,195.60000000000008,2opt,notBad
13595,15,195.60000000000008,15,195.60000000000008,move,improve
13596,15,195.60000000000008,15,195.60000000000008,2opt,notBad
13597,15,195.60000000000008,15,195.60000000000008,2opt,notBad
13598,15,195.60000000000008,15,195.60000000000008,move,improve
13599,15,195.60000000000008,15,195.60000000000008,move,improve
13600,15,195.60000000000008,15,195.60000000000008,swap,notBad
13601,15,195.60000000000008,15,195.60000000000008,2opt,improve
13602,15,195.60000000000008,15,195.60000000000008,2opt,notBad
13603,15,195.60000000000008,15,195.60000000000008,move,improve
13604,15,195.60000000000008,15,195.60000000000008,2opt,notBad
13605,15,195.60000000000008,15,195.60000000000008,swap,notBad
13606,15,195.60000000000008,15,195.60000000000008,move,improve
13607,15,195.60000000000008,15,195.60000000000008,swap,notBad
13608,15,195.60000000000008,15,195.60000000000008,2opt,notBad
13609,15,195.60000000000008,15,195.60000000000008,swap,notBad
13610,15,195.60000000000008,15,195.60000000000008,swap,notBad
13611,15,195.60000000000008,15,195.60000000000008,2opt,notBad
13612,15,195.60000000000008,15,195.60000000000008,swap,notBad
13613,15,195.60000000000008,15,195.60000000000008,swap,notBad
13614,15,195.60000000000008,15,195.60000000000008,swap,notBad
13615,15,195.60000000000008,15,195.60000000000008,move,improve
13616,15,195.60000000000008,15,195.60000000000008,move,improve
13617,15,195.60000000000008,15,195.60000000000008,2opt,notBad
13618,15,195.60000000000008,15,195.60000000000008,swap,notBad
13619,15,195.60000000000008,15,195.60000000000008,2opt,notBad
13620,15,195.60000000000008,15,195.60000000000008,move,notBad
13621,15,195.60000000000008,15,195.60000000000008,2opt,notBad
13622,15,195.60000000000008,15,195.60000000000008,move,improve
13623,15,195.60000000000008,15,195.60000000000008,2opt,notBad
13624,15,195.60000000000008,15,195.60000000000008,move,improve
13625,15,195.60000000000008,15,195.60000000000008,move,improve
13626,15,195.60000000000008,15,195.60000000000008,swap,notBad
13627,15,195.60000000000008,15,195.60000000000008,2opt,improve
13628,15,195.60000000000008,15,195.60000000000008,2opt,notBad
13629,15,195.60000000000008,15,195.60000000000008,swap,notBad
13630,15,195.60000000000008,15,195.60000000000008,move,improve
13631,15,195.60000000000008,15,195.60000000000008,move,improve
13632,15,195.60000000000008,15,195.60000000000008,2opt,notBad
13633,15,195.60000000000008,15,195.60000000000008,2opt,notBad
13634,15,195.60000000000008,15,195.60000000000008,swap,notBad
13635,15,195.60000000000008,15,195.60000000000008,move,improve
13636,15,195.60000000000008,15,195.60000000000008,swap,notBad
13637,15,195.60000000000008,15,195.60000000000008,swap,notBad
13638,15,195.60000000000008,15,195.60000000000008,move,improve
13639,15,195.60000000000008,15,195.60000000000008,2opt,notBad
13640,15,195.60000000000008,15,195.60000000000008,swap,notBad
13641,15,195.60000000000008,15,195.60000000000008,move,improve
13642,15,195.60000000000008,15,195.60000000000008,move,improve
13643,15,195.60000000000008,15,195.60000000000008,2opt,notBad
13644,15,195.60000000000008,15,195.60000000000008,swap,notBad
13645,15,195.60000000000008,15,195.60000000000008,2opt,notBad
13646,15,195.60000000000008,15,195.60000000000008,swap,notBad
13647,15,195.60000000000008,15,195.60000000000008,2opt,notBad
13648,15,195.60000000000008,15,195.60000000000008,move,improve
13649,15,195.60000000000008,15,195.60000000000008,swap,notBad
13650,15,195.60000000000008,15,195.60000000000008,swap,notBad
13651,15,195.60000000000008,15,195.60000000000008,swap,notBad
13652,15,195.60000000000008,15,195.60000000000008,swap,notBad
13653,15,195.60000000000008,15,195.60000000000008,2opt,notBad
13654,15,195.60000000000008,15,195.60000000000008,2opt,notBad
13655,15,195.60000000000008,15,195.60000000000008,swap,notBad
13656,15,195.60000000000008,15,195.60000000000008,swap,notBad
13657,15,195.60000000000008,15,195.60000000000008,swap,notBad
13658,15,195.60000000000008,15,195.60000000000008,2opt,notBad
13659,15,195.60000000000008,15,195.60000000000008,2opt,notBad
13660,15,195.60000000000008,15,195.60000000000008,swap,improve
13661,15,195.60000000000008,15,195.60000000000008,move,improve
13662,15,195.60000000000008,15,195.60000000000008,move,improve
13663,15,195.60000000000008,15,195.60000000000008,swap,notBad
13664,15,195.60000000000008,15,195.60000000000008,move,improve
13665,15,195.60000000000008,15,195.60000000000008,move,improve
13666,15,195.60000000000008,15,195.60000000000008,2opt,improve
13667,15,195.60000000000008,15,195.60000000000008,2opt,improve
13668,15,195.60000000000008,15,195.60000000000008,move,improve
13669,15,195.60000000000008,15,195.60000000000008,move,improve
13670,15,195.60000000000008,15,195.60000000000008,2opt,notBad
13671,15,195.60000000000008,15,195.60000000000008,swap,notBad
13672,15,195.60000000000008,15,195.60000000000008,move,improve
13673,15,195.60000000000008,15,195.60000000000008,2opt,notBad
13674,15,195.60000000000008,15,195.60000000000008,move,improve
13675,15,195.60000000000008,15,195.60000000000008,2opt,notBad
13676,15,195.60000000000008,15,195.60000000000008,move,improve
13677,15,195.60000000000008,15,195.60000000000008,swap,notBad
13678,15,195.60000000000008,15,195.60000000000008,move,improve
13679,15,195.60000000000008,15,195.60000000000008,swap,notBad
13680,15,195.60000000000008,15,195.60000000000008,2opt,notBad
13681,15,195.60000000000008,15,195.60000000000008,swap,notBad
13682,15,195.60000000000008,15,195.60000000000008,2opt,notBad
13683,15,195.60000000000008,15,195.60000000000008,move,improve
13684,15,195.60000000000008,15,195.60000000000008,swap,notBad
13685,15,195.60000000000008,15,195.60000000000008,swap,notBad
13686,15,195.60000000000008,15,195.60000000000008,swap,notBad
13687,15,195.60000000000008,15,195.60000000000008,move,improve
13688,15,195.60000000000008,15,195.60000000000008,2opt,notBad
13689,15,195.60000000000008,15,195.60000000000008,swap,notBad
13690,15,195.60000000000008,15,195.60000000000008,move,improve
13691,15,195.60000000000008,15,195.60000000000008,2opt,notBad
13692,15,195.60000000000008,15,195.60000000000008,2opt,notBad
13693,15,195.60000000000008,15,195.60000000000008,2opt,notBad
13694,15,195.60000000000008,15,195.60000000000008,move,improve
13695,15,195.60000000000008,15,195.60000000000008,2opt,notBad
13696,15,195.60000000000008,15,195.60000000000008,swap,notBad
13697,15,195.60000000000008,15,195.60000000000008,move,improve
13698,15,195.60000000000008,15,195.60000000000008,swap,notBad
13699,15,195.60000000000008,15,195.60000000000008,swap,notBad
13700,15,195.60000000000008,15,195.60000000000008,2opt,notBad
13701,15,195.60000000000008,15,195.60000000000008,swap,notBad
13702,15,195.60000000000008,15,195.60000000000008,2opt,notBad
13703,15,195.60000000000008,15,195.60000000000008,move,improve
13704,15,195.60000000000008,15,195.60000000000008,move,improve
13705,15,195.60000000000008,15,195.60000000000008,swap,notBad
13706,15,195.60000000000008,15,195.60000000000008,move,improve
13707,15,195.60000000000008,15,195.60000000000008,move,improve
13708,15,195.60000000000008,15,195.60000000000008,2opt,improve
13709,15,195.60000000000008,15,195.60000000000008,2opt,notBad
13710,15,195.60000000000008,15,195.60000000000008,swap,notBad
13711,15,195.60000000000008,15,195.60000000000008,swap,notBad
13712,15,195.60000000000008,15,195.60000000000008,swap,notBad
13713,15,195.60000000000008,15,195.60000000000008,2opt,notBad
13714,15,195.60000000000008,15,195.60000000000008,swap,notBad
13715,15,195.60000000000008,15,195.60000000000008,2opt,notBad
13716,15,195.60000000000008,15,195.60000000000008,move,improve
13717,15,195.60000000000008,15,195.60000000000008,swap,notBad
13718,15,195.60000000000008,15,195.60000000000008,2opt,notBad
13719,15,195.60000000000008,15,195.60000000000008,swap,notBad
13720,15,195.60000000000008,15,195.60000000000008,2opt,notBad
13721,15,195.60000000000008,15,195.60000000000008,swap,notBad
13722,15,195.60000000000008,15,195.60000000000008,swap,notBad
13723,15,195.60000000000008,15,195.60000000000008,2opt,notBad
13724,15,195.60000000000008,15,195.60000000000008,2opt,notBad
13725,15,196.8,15,195.60000000000008,swap,acceptBad
13726,15,196.8,15,195.60000000000008,2opt,notBad
13727,15,196.8,15,195.60000000000008,move,improve
13728,15,196.8,15,195.60000000000008,2opt,improve
13729,15,196.8,15,195.60000000000008,2opt,improve
13730,15,196.8,15,195.60000000000008,swap,notBad
13731,15,196.8,15,195.60000000000008,2opt,notBad
13732,15,196.8,15,195.60000000000008,2opt,notBad
13733,15,196.8,15,195.60000000000008,move,improve
13734,15,196.8,15,195.60000000000008,move,improve
13735,15,196.8,15,195.60000000000008,2opt,notBad
13736,15,196.8,15,195.60000000000008,2opt,notBad
13737,15,196.8,15,195.60000000000008,2opt,notBad
13738,15,196.8,15,195.60000000000008,move,improve
13739,15,196.8,15,195.60000000000008,swap,notBad
13740,15,196.8,15,195.60000000000008,2opt,notBad
13741,15,196.8,15,195.60000000000008,2opt,notBad
13742,15,196.8,15,195.60000000000008,swap,notBad
13743,15,196.8,15,195.60000000000008,move,improve
13744,15,196.8,15,195.60000000000008,move,improve
13745,15,196.8,15,195.60000000000008,swap,notBad
13746,15,196.8,15,195.60000000000008,swap,notBad
13747,15,196.8,15,195.60000000000008,2opt,notBad
13748,15,196.8,15,195.60000000000008,move,improve
13749,15,196.8,15,195.60000000000008,move,improve
13750,15,196.8,15,195.60000000000008,swap,notBad
13751,15,196.8,15,195.60000000000008,swap,notBad
13752,15,196.8,15,195.60000000000008,swap,notBad
13753,15,196.8,15,195.60000000000008,move,improve
13754,15,196.8,15,195.60000000000008,2opt,notBad
13755,15,196.8,15,195.60000000000008,move,improve
13756,15,196.8,15,195.60000000000008,move,improve
13757,15,196.8,15,195.60000000000008,2opt,notBad
13758,15,196.8,15,195.60000000000008,swap,notBad
13759,15,196.8,15,195.60000000000008,2opt,notBad
13760,15,196.8,15,195.60000000000008,move,improve
13761,15,196.8,15,195.60000000000008,swap,notBad
13762,15,196.8,15,195.60000000000008,swap,notBad
13763,15,196.8,15,195.60000000000008,2opt,notBad
13764,15,196.8,15,195.60000000000008,swap,notBad
13765,15,196.8,15,195.60000000000008,move,improve
13766,15,196.8,15,195.60000000000008,move,improve
13767,15,196.8,15,195.60000000000008,swap,notBad
13768,15,196.8,15,195.60000000000008,move,improve
13769,15,196.8,15,195.60000000000008,move,notBad
13770,15,196.8,15,195.60000000000008,2opt,notBad
13771,15,196.8,15,195.60000000000008,2opt,notBad
13772,15,196.8,15,195.60000000000008,2opt,notBad
13773,15,196.8,15,195.60000000000008,2opt,notBad
13774,15,196.8,15,195.60000000000008,move,improve
13775,15,196.8,15,195.60000000000008,2opt,notBad
13776,15,196.8,15,195.60000000000008,move,improve
13777,15,196.8,15,195.60000000000008,move,improve
13778,15,196.8,15,195.60000000000008,2opt,notBad
13779,15,196.8,15,195.60000000000008,swap,notBad
13780,15,196.8,15,195.60000000000008,move,improve
13781,15,196.8,15,195.60000000000008,2opt,notBad
13782,15,196.8,15,195.60000000000008,2opt,improve
13783,15,196.8,15,195.60000000000008,swap,notBad
13784,15,196.8,15,195.60000000000008,move,improve
13785,15,196.8,15,195.60000000000008,swap,notBad
13786,15,196.8,15,195.60000000000008,move,improve
13787,15,196.8,15,195.60000000000008,move,improve
13788,15,196.8,15,195.60000000000008,2opt,notBad
13789,15,196.8,15,195.60000000000008,2opt,notBad
13790,15,196.8,15,195.60000000000008,2opt,notBad
13791,15,196.8,15,195.60000000000008,2opt,notBad
13792,15,196.8,15,195.60000000000008,move,improve
13793,15,196.8,15,195.60000000000008,swap,notBad
13794,15,196.8,15,195.60000000000008,2opt,notBad
13795,15,196.8,15,195.60000000000008,swap,notBad
13796,15,196.8,15,195.60000000000008,swap,notBad
13797,15,196.8,15,195.60000000000008,2opt,notBad
13798,15,196.8,15,195.60000000000008,swap,notBad
13799,15,196.8,15,195.60000000000008,2opt,notBad
13800,15,196.8,15,195.60000000000008,swap,notBad
13801,15,196.8,15,195.60000000000008,2opt,notBad
13802,15,196.8,15,195.60000000000008,2opt,notBad
13803,15,196.8,15,195.60000000000008,2opt,notBad
13804,15,196.8,15,195.60000000000008,move,improve
13805,15,196.8,15,195.60000000000008,swap,notBad
13806,15,196.8,15,195.60000000000008,2opt,improve
13807,15,196.8,15,195.60000000000008,swap,notBad
13808,15,196.8,15,195.60000000000008,move,improve
13809,15,196.8,15,195.60000000000008,swap,notBad
13810,15,196.8,15,195.60000000000008,move,improve
13811,15,196.8,15,195.60000000000008,2opt,improve
13812,15,196.8,15,195.60000000000008,2opt,notBad
13813,15,196.8,15,195.60000000000008,2opt,improve
13814,15,196.8,15,195.60000000000008,move,improve
13815,15,196.8,15,195.60000000000008,move,improve
13816,15,196.8,15,195.60000000000008,swap,notBad
13817,15,196.8,15,195.60000000000008,2opt,notBad
13818,15,196.8,15,195.60000000000008,move,improve
13819,15,196.8,15,195.60000000000008,2opt,notBad
13820,15,196.8,15,195.60000000000008,2opt,notBad
13821,15,196.8,15,195.60000000000008,move,notBad
13822,15,196.8,15,195.60000000000008,move,improve
13823,15,196.8,15,195.60000000000008,move,improve
13824,15,196.8,15,195.60000000000008,2opt,notBad
13825,15,196.8,15,195.60000000000008,swap,notBad
13826,15,196.8,15,195.60000000000008,move,improve
13827,15,196.8,15,195.60000000000008,move,improve
13828,15,196.8,15,195.60000000000008,swap,notBad
13829,15,196.8,15,195.60000000000008,2opt,notBad
13830,15,196.8,15,195.60000000000008,swap,notBad
13831,15,196.8,15,195.60000000000008,2opt,notBad
13832,15,196.8,15,195.60000000000008,2opt,notBad
13833,15,196.8,15,195.60000000000008,2opt,notBad
13834,15,196.8,15,195.60000000000008,swap,notBad
13835,15,196.8,15,195.60000000000008,move,improve
13836,15,196.8,15,195.60000000000008,2opt,improve
13837,15,196.8,15,195.60000000000008,swap,notBad
13838,15,196.8,15,195.60000000000008,swap,notBad
13839,15,196.8,15,195.60000000000008,swap,notBad
13840,15,196.8,15,195.60000000000008,swap,notBad
13841,15,196.8,15,195.60000000000008,2opt,notBad
13842,15,196.8,15,195.60000000000008,2opt,notBad
13843,15,196.8,15,195.60000000000008,2opt,improve
13844,15,196.8,15,195.60000000000008,swap,notBad
13845,15,196.8,15,195.60000000000008,2opt,improve
13846,15,196.8,15,195.60000000000008,swap,notBad
13847,15,195.60000000000008,15,195.60000000000008,move,improve
13848,15,195.60000000000008,15,195.60000000000008,move,improve
13849,15,195.60000000000008,15,195.60000000000008,swap,notBad
13850,15,195.60000000000008,15,195.60000000000008,move,improve
13851,15,195.60000000000008,15,195.60000000000008,swap,notBad
13852,15,195.60000000000008,15,195.60000000000008,move,improve
13853,15,195.60000000000008,15,195.60000000000008,swap,notBad
13854,15,195.60000000000008,15,195.60000000000008,2opt,notBad
13855,15,195.60000000000008,15,195.60000000000008,2opt,notBad
13856,15,195.60000000000008,15,195.60000000000008,move,improve
13857,15,195.60000000000008,15,195.60000000000008,move,improve
13858,15,195.60000000000008,15,195.60000000000008,swap,notBad
13859,15,195.60000000000008,15,195.60000000000008,2opt,notBad
13860,15,195.60000000000008,15,195.60000000000008,2opt,notBad
13861,15,195.60000000000008,15,195.60000000000008,2opt,notBad
13862,15,195.60000000000008,15,195.60000000000008,move,improve
13863,15,195.60000000000008,15,195.60000000000008,2opt,notBad
13864,15,195.60000000000008,15,195.60000000000008,2opt,notBad
13865,15,195.60000000000008,15,195.60000000000008,swap,notBad
13866,15,195.60000000000008,15,195.60000000000008,swap,notBad
13867,15,195.60000000000008,15,195.60000000000008,move,improve
13868,15,195.60000000000008,15,195.60000000000008,swap,notBad
13869,15,195.60000000000008,15,195.60000000000008,swap,notBad
13870,15,195.60000000000008,15,195.60000000000008,move,improve
13871,15,195.60000000000008,15,195.60000000000008,2opt,notBad
13872,15,195.60000000000008,15,195.60000000000008,2opt,notBad
13873,15,195.60000000000008,15,195.60000000000008,move,improve
13874,15,195.60000000000008,15,195.60000000000008,2opt,notBad
13875,15,195.60000000000008,15,195.60000000000008,2opt,notBad
13876,15,195.60000000000008,15,195.60000000000008,move,notBad
13877,15,195.60000000000008,15,195.60000000000008,move,improve
13878,15,195.60000000000008,15,195.60000000000008,move,improve
13879,15,195.60000000000008,15,195.60000000000008,swap,notBad
13880,15,195.60000000000008,15,195.60000000000008,2opt,notBad
13881,15,195.60000000000008,15,195.60000000000008,2opt,notBad
13882,15,195.60000000000008,15,195.60000000000008,move,improve
13883,15,195.60000000000008,15,195.60000000000008,move,improve
13884,15,195.60000000000008,15,195.60000000000008,move,improve
13885,15,195.60000000000008,15,195.60000000000008,swap,notBad
13886,15,195.60000000000008,15,195.60000000000008,move,improve
13887,15,195.60000000000008,15,195.60000000000008,move,improve
13888,15,195.60000000000008,15,195.60000000000008,swap,notBad
13889,15,195.60000000000008,15,195.60000000000008,swap,notBad
13890,15,195.60000000000008,15,195.60000000000008,move,notBad
13891,15,195.60000000000008,15,195.60000000000008,swap,notBad
13892,15,195.60000000000008,15,195.60000000000008,swap,notBad
13893,15,195.60000000000008,15,195.60000000000008,2opt,improve
13894,15,195.60000000000008,15,195.60000000000008,2opt,notBad
13895,15,195.60000000000008,15,195.60000000000008,move,improve
13896,15,195.60000000000008,15,195.60000000000008,2opt,notBad
13897,15,195.60000000000008,15,195.60000000000008,2opt,notBad
13898,15,195.60000000000008,15,195.60000000000008,swap,notBad
13899,15,195.60000000000008,15,195.60000000000008,2opt,improve
13900,15,195.60000000000008,15,195.60000000000008,move,improve
13901,15,195.60000000000008,15,195.60000000000008,move,improve
13902,15,195.60000000000008,15,195.60000000000008,2opt,notBad
13903,15,195.60000000000008,15,195.60000000000008,swap,notBad
13904,15,195.60000000000008,15,195.60000000000008,swap,notBad
13905,15,195.60000000000008,15,195.60000000000008,swap,notBad
13906,15,195.60000000000008,15,195.60000000000008,2opt,improve
13907,15,195.60000000000008,15,195.60000000000008,2opt,notBad
13908,15,195.60000000000008,15,195.60000000000008,2opt,improve
13909,15,195.60000000000008,15,195.60000000000008,swap,notBad
13910,15,195.60000000000008,15,195.60000000000008,2opt,notBad
13911,15,195.60000000000008,15,195.60000000000008,swap,notBad
13912,15,195.60000000000008,15,195.60000000000008,2opt,notBad
13913,15,195.60000000000008,15,195.60000000000008,move,improve
13914,15,195.60000000000008,15,195.60000000000008,2opt,improve
13915,15,195.60000000000008,15,195.60000000000008,move,improve
13916,15,195.60000000000008,15,195.60000000000008,swap,notBad
13917,15,195.60000000000008,15,195.60000000000008,2opt,notBad
13918,15,195.60000000000008,15,195.60000000000008,move,improve
13919,15,195.60000000000008,15,195.60000000000008,2opt,notBad
13920,15,195.60000000000008,15,195.60000000000008,swap,notBad
13921,15,195.60000000000008,15,195.60000000000008,swap,notBad
13922,15,195.60000000000008,15,195.60000000000008,move,improve
13923,15,195.60000000000008,15,195.60000000000008,swap,notBad
13924,15,195.60000000000008,15,195.60000000000008,move,notBad
13925,15,195.60000000000008,15,195.60000000000008,swap,notBad
13926,15,195.60000000000008,15,195.60000000000008,swap,notBad
13927,15,195.60000000000008,15,195.60000000000008,move,improve
13928,15,195.60000000000008,15,195.60000000000008,2opt,notBad
13929,15,195.60000000000008,15,195.60000000000008,2opt,improve
13930,15,195.60000000000008,15,195.60000000000008,move,improve
13931,15,195.60000000000008,15,195.60000000000008,move,improve
13932,15,195.60000000000008,15,195.60000000000008,2opt,improve
13933,15,195.60000000000008,15,195.60000000000008,swap,notBad
13934,15,195.60000000000008,15,195.60000000000008,swap,notBad
13935,15,195.60000000000008,15,195.60000000000008,swap,notBad
13936,15,195.60000000000008,15,195.60000000000008,2opt,notBad
13937,15,195.60000000000008,15,195.60000000000008,swap,notBad
13938,15,195.60000000000008,15,195.60000000000008,swap,notBad
13939,15,195.60000000000008,15,195.60000000000008,swap,notBad
13940,15,195.60000000000008,15,195.60000000000008,2opt,improve
13941,15,195.60000000000008,15,195.60000000000008,2opt,notBad
13942,15,195.60000000000008,15,195.60000000000008,move,improve
13943,15,195.60000000000008,15,195.60000000000008,swap,notBad
13944,15,195.60000000000008,15,195.60000000000008,swap,notBad
13945,15,195.60000000000008,15,195.60000000000008,move,improve
13946,15,195.60000000000008,15,195.60000000000008,move,improve
13947,15,195.60000000000008,15,195.60000000000008,swap,notBad
13948,15,195.60000000000008,15,195.60000000000008,2opt,notBad
13949,15,195.60000000000008,15,195.60000000000008,swap,notBad
13950,15,195.60000000000008,15,195.60000000000008,2opt,notBad
13951,15,195.60000000000008,15,195.60000000000008,swap,notBad
13952,15,195.60000000000008,15,195.60000000000008,2opt,notBad
13953,15,195.60000000000008,15,195.60000000000008,swap,notBad
13954,15,195.60000000000008,15,195.60000000000008,move,improve
13955,15,195.60000000000008,15,195.60000000000008,2opt,notBad
13956,15,195.60000000000008,15,195.60000000000008,2opt,notBad
13957,15,195.60000000000008,15,195.60000000000008,swap,notBad
13958,15,195.60000000000008,15,195.60000000000008,swap,notBad
13959,15,195.60000000000008,15,195.60000000000008,move,improve
13960,15,195.60000000000008,15,195.60000000000008,move,improve
13961,15,195.60000000000008,15,195.60000000000008,2opt,notBad
13962,15,195.60000000000008,15,195.60000000000008,2opt,notBad
13963,15,195.60000000000008,15,195.60000000000008,swap,notBad
13964,15,195.60000000000008,15,195.60000000000008,move,improve
13965,15,195.60000000000008,15,195.60000000000008,2opt,notBad
13966,15,195.60000000000008,15,195.60000000000008,move,improve
13967,15,195.60000000000008,15,195.60000000000008,2opt,notBad
13968,15,195.60000000000008,15,195.60000000000008,move,improve
13969,15,195.60000000000008,15,195.60000000000008,swap,notBad
13970,15,195.60000000000008,15,195.60000000000008,move,improve
13971,15,195.60000000000008,15,195.60000000000008,2opt,notBad
13972,15,195.60000000000008,15,195.60000000000008,swap,notBad
13973,15,195.60000000000008,15,195.60000000000008,2opt,notBad
13974,15,195.60000000000008,15,195.60000000000008,move,improve
13975,15,195.60000000000008,15,195.60000000000008,move,improve
13976,15,195.60000000000008,15,195.60000000000008,2opt,notBad
13977,15,195.60000000000008,15,195.60000000000008,move,improve
13978,15,195.60000000000008,15,195.60000000000008,swap,notBad
13979,15,195.60000000000008,15,195.60000000000008,move,improve
13980,15,195.60000000000008,15,195.60000000000008,swap,notBad
13981,15,195.60000000000008,15,195.60000000000008,swap,notBad
13982,15,195.60000000000008,15,195.60000000000008,swap,notBad
13983,15,195.60000000000008,15,195.60000000000008,move,improve
13984,15,195.60000000000008,15,195.60000000000008,swap,notBad
13985,15,195.60000000000008,15,195.60000000000008,move,improve
13986,15,195.60000000000008,15,195.60000000000008,move,improve
13987,15,195.60000000000008,15,195.60000000000008,2opt,notBad
13988,15,195.60000000000008,15,195.60000000000008,2opt,improve
13989,15,195.60000000000008,15,195.60000000000008,2opt,notBad
13990,15,195.60000000000008,15,195.60000000000008,move,improve
13991,15,195.60000000000008,15,195.60000000000008,swap,notBad
13992,15,195.60000000000008,15,195.60000000000008,2opt,notBad
13993,15,195.60000000000008,15,195.60000000000008,move,improve
13994,15,195.60000000000008,15,195.60000000000008,move,improve
13995,15,195.60000000000008,15,195.60000000000008,2opt,improve
13996,15,195.60000000000008,15,195.60000000000008,swap,notBad
13997,15,195.60000000000008,15,195.60000000000008,move,improve
13998,15,195.60000000000008,15,195.60000000000008,move,improve
13999,15,195.60000000000008,15,195.60000000000008,move,improve
14000,15,195.60000000000008,15,195.60000000000008,swap,notBad
14001,15,195.60000000000008,15,195.60000000000008,swap,notBad
14002,15,195.60000000000008,15,195.60000000000008,swap,notBad
14003,15,195.60000000000008,15,195.60000000000008,2opt,notBad
14004,15,195.60000000000008,15,195.60000000000008,2opt,notBad
14005,15,195.60000000000008,15,195.60000000000008,2opt,notBad
14006,15,195.60000000000008,15,195.60000000000008,swap,notBad
14007,15,195.60000000000008,15,195.60000000000008,move,improve
14008,15,195.60000000000008,15,195.60000000000008,swap,notBad
14009,15,195.60000000000008,15,195.60000000000008,swap,notBad
14010,15,195.60000000000008,15,195.60000000000008,move,improve
14011,15,195.60000000000008,15,195.60000000000008,swap,notBad
14012,15,195.60000000000008,15,195.60000000000008,2opt,notBad
14013,15,195.60000000000008,15,195.60000000000008,2opt,notBad
14014,15,195.60000000000008,15,195.60000000000008,swap,notBad
14015,15,195.60000000000008,15,195.60000000000008,swap,notBad
14016,15,195.60000000000008,15,195.60000000000008,move,improve
14017,15,195.60000000000008,15,195.60000000000008,move,improve
14018,15,195.60000000000008,15,195.60000000000008,2opt,notBad
14019,15,195.60000000000008,15,195.60000000000008,move,improve
14020,15,195.60000000000008,15,195.60000000000008,move,improve
14021,15,195.60000000000008,15,195.60000000000008,move,improve
14022,15,195.60000000000008,15,195.60000000000008,move,improve
14023,15,195.60000000000008,15,195.60000000000008,swap,notBad
14024,15,195.60000000000008,15,195.60000000000008,move,improve
14025,15,195.60000000000008,15,195.60000000000008,swap,notBad
14026,15,195.60000000000008,15,195.60000000000008,move,improve
14027,15,195.60000000000008,15,195.60000000000008,move,improve
14028,15,195.60000000000008,15,195.60000000000008,move,improve
14029,15,195.60000000000008,15,195.60000000000008,move,notBad
14030,15,195.60000000000008,15,195.60000000000008,swap,notBad
14031,15,195.60000000000008,15,195.60000000000008,move,improve
14032,15,195.60000000000008,15,195.60000000000008,2opt,notBad
14033,15,195.60000000000008,15,195.60000000000008,2opt,improve
14034,15,195.60000000000008,15,195.60000000000008,swap,notBad
14035,15,195.60000000000008,15,195.60000000000008,swap,notBad
14036,15,195.60000000000008,15,195.60000000000008,2opt,notBad
14037,15,195.60000000000008,15,195.60000000000008,2opt,notBad
14038,15,195.60000000000008,15,195.60000000000008,2opt,notBad
14039,15,195.60000000000008,15,195.60000000000008,move,improve
14040,15,195.60000000000008,15,195.60000000000008,2opt,notBad
14041,15,195.60000000000008,15,195.60000000000008,move,improve
14042,15,195.60000000000008,15,195.60000000000008,2opt,notBad
14043,15,195.60000000000008,15,195.60000000000008,swap,notBad
14044,15,195.60000000000008,15,195.60000000000008,swap,notBad
14045,15,195.60000000000008,15,195.60000000000008,move,improve
14046,15,195.60000000000008,15,195.60000000000008,move,improve
14047,15,195.60000000000008,15,195.60000000000008,swap,notBad
14048,15,195.60000000000008,15,195.60000000000008,2opt,improve
14049,15,195.60000000000008,15,195.60000000000008,2opt,notBad
14050,15,195.60000000000008,15,195.60000000000008,2opt,notBad
14051,15,195.60000000000008,15,195.60000000000008,swap,notBad
14052,15,195.60000000000008,15,195.60000000000008,swap,notBad
14053,15,195.60000000000008,15,195.60000000000008,move,improve
14054,15,195.60000000000008,15,195.60000000000008,swap,notBad
14055,15,195.60000000000008,15,195.60000000000008,2opt,notBad
14056,15,195.60000000000008,15,195.60000000000008,swap,notBad
14057,15,195.60000000000008,15,195.60000000000008,2opt,notBad
14058,15,195.60000000000008,15,195.60000000000008,2opt,notBad
14059,15,195.60000000000008,15,195.60000000000008,move,improve
14060,15,195.60000000000008,15,195.60000000000008,swap,notBad
14061,15,195.60000000000008,15,195.60000000000008,swap,notBad
14062,15,195.60000000000008,15,195.60000000000008,move,improve
14063,15,195.60000000000008,15,195.60000000000008,2opt,notBad
14064,15,195.60000000000008,15,195.60000000000008,swap,notBad
14065,15,195.60000000000008,15,195.60000000000008,move,improve
14066,15,195.60000000000008,15,195.60000000000008,swap,notBad
14067,15,195.60000000000008,15,195.60000000000008,swap,notBad
14068,15,195.60000000000008,15,195.60000000000008,move,improve
14069,15,195.60000000000008,15,195.60000000000008,move,improve
14070,15,195.60000000000008,15,195.60000000000008,swap,notBad
14071,15,195.60000000000008,15,195.60000000000008,swap,notBad
14072,15,195.60000000000008,15,195.60000000000008,swap,notBad
14073,15,195.60000000000008,15,195.60000000000008,2opt,notBad
14074,15,195.60000000000008,15,195.60000000000008,2opt,improve
14075,15,195.60000000000008,15,195.60000000000008,move,improve
14076,15,195.60000000000008,15,195.60000000000008,move,improve
14077,15,195.60000000000008,15,195.60000000000008,swap,notBad
14078,15,195.60000000000008,15,195.60000000000008,swap,notBad
14079,15,195.60000000000008,15,195.60000000000008,move,improve
14080,15,195.60000000000008,15,195.60000000000008,swap,notBad
14081,15,195.60000000000008,15,195.60000000000008,2opt,improve
14082,15,195.60000000000008,15,195.60000000000008,swap,notBad
14083,15,195.60000000000008,15,195.60000000000008,2opt,notBad
14084,15,195.60000000000008,15,195.60000000000008,2opt,notBad
14085,15,195.60000000000008,15,195.60000000000008,swap,notBad
14086,15,195.60000000000008,15,195.60000000000008,swap,notBad
14087,15,195.60000000000008,15,195.60000000000008,swap,notBad
14088,15,195.60000000000008,15,195.60000000000008,move,improve
14089,15,195.60000000000008,15,195.60000000000008,2opt,improve
14090,15,195.60000000000008,15,195.60000000000008,swap,notBad
14091,15,195.60000000000008,15,195.60000000000008,2opt,notBad
14092,15,195.60000000000008,15,195.60000000000008,swap,notBad
14093,15,195.60000000000008,15,195.60000000000008,swap,notBad
14094,15,195.60000000000008,15,195.60000000000008,swap,notBad
14095,15,195.60000000000008,15,195.60000000000008,move,improve
14096,15,195.60000000000008,15,195.60000000000008,move,improve
14097,15,195.60000000000008,15,195.60000000000008,move,improve
14098,15,195.60000000000008,15,195.60000000000008,2opt,notBad
14099,15,195.60000000000008,15,195.60000000000008,move,improve
14100,15,195.60000000000008,15,195.60000000000008,2opt,improve
14101,15,195.60000000000008,15,195.60000000000008,swap,notBad
14102,15,195.60000000000008,15,195.60000000000008,2opt,notBad
14103,15,195.60000000000008,15,195.60000000000008,move,improve
14104,15,195.60000000000008,15,195.60000000000008,swap,notBad
14105,15,195.60000000000008,15,195.60000000000008,move,improve
14106,15,195.60000000000008,15,195.60000000000008,swap,notBad
14107,15,195.60000000000008,15,195.60000000000008,swap,notBad
14108,15,195.60000000000008,15,195.60000000000008,swap,notBad
14109,15,195.60000000000008,15,195.60000000000008,swap,notBad
14110,15,195.60000000000008,15,195.60000000000008,2opt,notBad
14111,15,195.60000000000008,15,195.60000000000008,2opt,improve
14112,15,195.60000000000008,15,195.60000000000008,2opt,notBad
14113,15,195.60000000000008,15,195.60000000000008,2opt,notBad
14114,15,195.60000000000008,15,195.60000000000008,move,improve
14115,15,195.60000000000008,15,195.60000000000008,2opt,notBad
14116,15,195.60000000000008,15,195.60000000000008,swap,notBad
14117,15,195.60000000000008,15,195.60000000000008,swap,notBad
14118,15,195.60000000000008,15,195.60000000000008,swap,notBad
14119,15,195.60000000000008,15,195.60000000000008,move,improve
14120,15,195.60000000000008,15,195.60000000000008,2opt,notBad
14121,15,195.60000000000008,15,195.60000000000008,move,improve
14122,15,195.60000000000008,15,195.60000000000008,swap,notBad
14123,15,195.60000000000008,15,195.60000000000008,move,improve
14124,15,195.60000000000008,15,195.60000000000008,swap,notBad
14125,15,195.60000000000008,15,195.60000000000008,2opt,notBad
14126,15,195.60000000000008,15,195.60000000000008,swap,notBad
14127,15,195.60000000000008,15,195.60000000000008,swap,notBad
14128,15,195.60000000000008,15,195.60000000000008,move,improve
14129,15,195.60000000000008,15,195.60000000000008,2opt,notBad
14130,15,195.60000000000008,15,195.60000000000008,move,improve
14131,15,195.60000000000008,15,195.60000000000008,swap,notBad
14132,15,195.60000000000008,15,195.60000000000008,move,improve
14133,15,195.60000000000008,15,195.60000000000008,2opt,improve
14134,15,195.60000000000008,15,195.60000000000008,swap,notBad
14135,15,195.60000000000008,15,195.60000000000008,2opt,improve
14136,15,195.60000000000008,15,195.60000000000008,swap,notBad
14137,15,195.60000000000008,15,195.60000000000008,move,improve
14138,15,195.60000000000008,15,195.60000000000008,2opt,notBad
14139,15,195.60000000000008,15,195.60000000000008,move,improve
14140,15,195.60000000000008,15,195.60000000000008,swap,notBad
14141,15,195.60000000000008,15,195.60000000000008,2opt,notBad
14142,15,195.60000000000008,15,195.60000000000008,swap,notBad
14143,15,195.60000000000008,15,195.60000000000008,swap,notBad
14144,15,195.60000000000008,15,195.60000000000008,2opt,improve
14145,15,195.60000000000008,15,195.60000000000008,2opt,notBad
14146,15,195.60000000000008,15,195.60000000000008,swap,notBad
14147,15,195.60000000000008,15,195.60000000000008,move,improve
14148,15,195.60000000000008,15,195.60000000000008,swap,notBad
14149,15,195.60000000000008,15,195.60000000000008,swap,notBad
14150,15,195.60000000000008,15,195.60000000000008,move,improve
14151,15,195.60000000000008,15,195.60000000000008,move,improve
14152,15,195.60000000000008,15,195.60000000000008,move,improve
14153,15,195.60000000000008,15,195.60000000000008,swap,notBad
14154,15,195.60000000000008,15,195.60000000000008,move,improve
14155,15,195.60000000000008,15,195.60000000000008,move,improve
14156,15,195.60000000000008,15,195.60000000000008,move,improve
14157,15,195.60000000000008,15,195.60000000000008,move,improve
14158,15,195.60000000000008,15,195.60000000000008,move,improve
14159,15,195.60000000000008,15,195.60000000000008,move,improve
14160,15,195.60000000000008,15,195.60000000000008,swap,notBad
14161,15,195.60000000000008,15,195.60000000000008,move,improve
14162,15,195.60000000000008,15,195.60000000000008,move,improve
14163,15,195.60000000000008,15,195.60000000000008,2opt,notBad
14164,15,195.60000000000008,15,195.60000000000008,2opt,notBad
14165,15,195.60000000000008,15,195.60000000000008,2opt,notBad
14166,15,195.60000000000008,15,195.60000000000008,swap,notBad
14167,15,195.60000000000008,15,195.60000000000008,2opt,notBad
14168,15,195.60000000000008,15,195.60000000000008,2opt,notBad
14169,15,195.60000000000008,15,195.60000000000008,2opt,notBad
14170,15,195.60000000000008,15,195.60000000000008,2opt,notBad
14171,15,195.60000000000008,15,195.60000000000008,move,improve
14172,15,195.60000000000008,15,195.60000000000008,swap,notBad
14173,15,195.60000000000008,15,195.60000000000008,2opt,improve
14174,15,195.60000000000008,15,195.60000000000008,move,improve
14175,15,195.60000000000008,15,195.60000000000008,move,improve
14176,15,195.60000000000008,15,195.60000000000008,swap,notBad
14177,15,195.60000000000008,15,195.60000000000008,move,improve
14178,15,195.60000000000008,15,195.60000000000008,swap,notBad
14179,15,195.60000000000008,15,195.60000000000008,2opt,notBad
14180,15,195.60000000000008,15,195.60000000000008,swap,notBad
14181,15,195.60000000000008,15,195.60000000000008,swap,notBad
14182,15,195.60000000000008,15,195.60000000000008,swap,notBad
14183,15,195.60000000000008,15,195.60000000000008,move,improve
14184,15,195.60000000000008,15,195.60000000000008,move,improve
14185,15,195.60000000000008,15,195.60000000000008,move,improve
14186,15,195.60000000000008,15,195.60000000000008,swap,notBad
14187,15,195.60000000000008,15,195.60000000000008,2opt,notBad
14188,15,195.60000000000008,15,195.60000000000008,2opt,notBad
14189,15,195.60000000000008,15,195.60000000000008,2opt,notBad
14190,15,195.60000000000008,15,195.60000000000008,swap,notBad
14191,15,195.60000000000008,15,195.60000000000008,swap,notBad
14192,15,195.60000000000008,15,195.60000000000008,swap,notBad
14193,15,195.60000000000008,15,195.60000000000008,2opt,notBad
14194,15,195.60000000000008,15,195.60000000000008,swap,notBad
14195,15,195.60000000000008,15,195.60000000000008,move,improve
14196,15,195.60000000000008,15,195.60000000000008,swap,notBad
14197,15,195.60000000000008,15,195.60000000000008,2opt,improve
14198,15,195.60000000000008,15,195.60000000000008,2opt,notBad
14199,15,195.60000000000008,15,195.60000000000008,move,improve
14200,15,195.60000000000008,15,195.60000000000008,2opt,notBad
14201,15,195.60000000000008,15,195.60000000000008,2opt,notBad
14202,15,195.60000000000008,15,195.60000000000008,2opt,improve
14203,15,195.60000000000008,15,195.60000000000008,2opt,notBad
14204,15,195.60000000000008,15,195.60000000000008,move,improve
14205,15,195.60000000000008,15,195.60000000000008,move,improve
14206,15,195.60000000000008,15,195.60000000000008,move,improve
14207,15,195.60000000000008,15,195.60000000000008,swap,notBad
14208,15,195.60000000000008,15,195.60000000000008,move,improve
14209,15,195.60000000000008,15,195.60000000000008,swap,notBad
14210,15,195.60000000000008,15,195.60000000000008,2opt,notBad
14211,15,195.60000000000008,15,195.60000000000008,2opt,notBad
14212,15,195.60000000000008,15,195.60000000000008,2opt,improve
14213,15,195.60000000000008,15,195.60000000000008,swap,notBad
14214,15,195.60000000000008,15,195.60000000000008,2opt,notBad
14215,15,195.60000000000008,15,195.60000000000008,2opt,notBad
14216,15,195.60000000000008,15,195.60000000000008,swap,notBad
14217,15,195.60000000000008,15,195.60000000000008,2opt,notBad
14218,15,195.60000000000008,15,195.60000000000008,swap,notBad
14219,15,195.60000000000008,15,195.60000000000008,swap,notBad
14220,15,195.60000000000008,15,195.60000000000008,move,improve
14221,15,195.60000000000008,15,195.60000000000008,move,improve
14222,15,195.60000000000008,15,195.60000000000008,move,improve
14223,15,195.60000000000008,15,195.60000000000008,2opt,notBad
14224,15,195.60000000000008,15,195.60000000000008,move,improve
14225,15,195.60000000000008,15,195.60000000000008,move,improve
14226,15,195.60000000000008,15,195.60000000000008,2opt,notBad
14227,15,195.60000000000008,15,195.60000000000008,swap,notBad
14228,15,195.60000000000008,15,195.60000000000008,move,notBad
14229,15,195.60000000000008,15,195.60000000000008,swap,notBad
14230,15,195.60000000000008,15,195.60000000000008,2opt,notBad
14231,15,195.60000000000008,15,195.60000000000008,swap,notBad
14232,15,195.60000000000008,15,195.60000000000008,move,improve
14233,15,195.60000000000008,15,195.60000000000008,move,improve
14234,15,195.60000000000008,15,195.60000000000008,move,improve
14235,15,195.60000000000008,15,195.60000000000008,move,improve
14236,15,195.60000000000008,15,195.60000000000008,swap,notBad
14237,15,195.60000000000008,15,195.60000000000008,2opt,improve
14238,15,195.60000000000008,15,195.60000000000008,swap,notBad
14239,15,195.60000000000008,15,195.60000000000008,2opt,notBad
14240,15,195.60000000000008,15,195.60000000000008,2opt,notBad
14241,15,195.60000000000008,15,195.60000000000008,2opt,notBad
14242,15,195.60000000000008,15,195.60000000000008,swap,notBad
14243,15,195.60000000000008,15,195.60000000000008,swap,notBad
14244,15,195.60000000000008,15,195.60000000000008,2opt,notBad
14245,15,195.60000000000008,15,195.60000000000008,move,improve
14246,15,195.60000000000008,15,195.60000000000008,2opt,notBad
14247,15,195.60000000000008,15,195.60000000000008,move,improve
14248,15,195.60000000000008,15,195.60000000000008,2opt,improve
14249,15,195.60000000000008,15,195.60000000000008,swap,notBad
14250,15,195.60000000000008,15,195.60000000000008,swap,notBad
14251,15,196.8,15,195.60000000000008,swap,acceptBad
14252,15,196.8,15,195.60000000000008,2opt,notBad
14253,15,196.8,15,195.60000000000008,swap,notBad
14254,15,196.8,15,195.60000000000008,2opt,notBad
14255,15,196.8,15,195.60000000000008,move,improve
14256,15,196.8,15,195.60000000000008,move,improve
14257,15,196.8,15,195.60000000000008,move,improve
14258,15,196.8,15,195.60000000000008,move,improve
14259,15,196.8,15,195.60000000000008,swap,notBad
14260,15,196.8,15,195.60000000000008,2opt,notBad
14261,15,196.8,15,195.60000000000008,swap,notBad
14262,15,196.8,15,195.60000000000008,swap,notBad
14263,15,196.8,15,195.60000000000008,swap,notBad
14264,15,196.8,15,195.60000000000008,2opt,notBad
14265,15,196.8,15,195.60000000000008,2opt,improve
14266,15,196.8,15,195.60000000000008,2opt,notBad
14267,15,196.8,15,195.60000000000008,2opt,improve
14268,15,196.8,15,195.60000000000008,move,improve
14269,15,196.8,15,195.60000000000008,move,improve
14270,15,196.8,15,195.60000000000008,swap,notBad
14271,15,195.60000000000008,15,195.60000000000008,move,improve
14272,15,195.60000000000008,15,195.60000000000008,2opt,notBad
14273,15,195.60000000000008,15,195.60000000000008,swap,notBad
14274,15,195.60000000000008,15,195.60000000000008,swap,notBad
14275,15,195.60000000000008,15,195.60000000000008,2opt,notBad
14276,15,195.60000000000008,15,195.60000000000008,move,improve
14277,15,195.60000000000008,15,195.60000000000008,2opt,notBad
14278,15,195.60000000000008,15,195.60000000000008,move,improve
14279,15,195.60000000000008,15,195.60000000000008,2opt,notBad
14280,15,195.60000000000008,15,195.60000000000008,move,improve
14281,15,195.60000000000008,15,195.60000000000008,swap,notBad
14282,15,195.60000000000008,15,195.60000000000008,move,improve
14283,15,195.60000000000008,15,195.60000000000008,2opt,notBad
14284,15,195.60000000000008,15,195.60000000000008,swap,notBad
14285,15,195.60000000000008,15,195.60000000000008,move,improve
14286,15,195.60000000000008,15,195.60000000000008,2opt,notBad
14287,15,195.60000000000008,15,195.60000000000008,move,improve
14288,15,195.60000000000008,15,195.60000000000008,swap,notBad
14289,15,195.60000000000008,15,195.60000000000008,2opt,notBad
14290,15,195.60000000000008,15,195.60000000000008,move,improve
14291,15,195.60000000000008,15,195.60000000000008,2opt,notBad
14292,15,195.60000000000008,15,195.60000000000008,move,improve
14293,15,195.60000000000008,15,195.60000000000008,swap,notBad
14294,15,195.60000000000008,15,195.60000000000008,swap,notBad
14295,15,195.60000000000008,15,195.60000000000008,move,improve
14296,15,195.60000000000008,15,195.60000000000008,swap,notBad
14297,15,195.60000000000008,15,195.60000000000008,move,improve
14298,15,195.60000000000008,15,195.60000000000008,swap,notBad
14299,15,195.60000000000008,15,195.60000000000008,move,improve
14300,15,195.60000000000008,15,195.60000000000008,swap,notBad
14301,15,195.60000000000008,15,195.60000000000008,2opt,notBad
14302,15,195.60000000000008,15,195.60000000000008,swap,notBad
14303,15,195.60000000000008,15,195.60000000000008,swap,notBad
14304,15,195.60000000000008,15,195.60000000000008,2opt,notBad
14305,15,195.60000000000008,15,195.60000000000008,move,improve
14306,15,195.60000000000008,15,195.60000000000008,move,improve
14307,15,195.60000000000008,15,195.60000000000008,swap,notBad
14308,15,195.60000000000008,15,195.60000000000008,move,improve
14309,15,195.60000000000008,15,195.60000000000008,swap,notBad
14310,15,195.60000000000008,15,195.60000000000008,move,improve
14311,15,195.60000000000008,15,195.60000000000008,2opt,notBad
14312,15,195.60000000000008,15,195.60000000000008,move,improve
14313,15,195.60000000000008,15,195.60000000000008,2opt,improve
14314,15,195.60000000000008,15,195.60000000000008,2opt,notBad
14315,15,195.60000000000008,15,195.60000000000008,2opt,notBad
14316,15,195.60000000000008,15,195.60000000000008,move,improve
14317,15,195.60000000000008,15,195.60000000000008,move,improve
14318,15,195.60000000000008,15,195.60000000000008,2opt,notBad
14319,15,195.60000000000008,15,195.60000000000008,move,improve
14320,15,195.60000000000008,15,195.60000000000008,swap,notBad
14321,15,195.60000000000008,15,195.60000000000008,swap,notBad
14322,15,195.60000000000008,15,195.60000000000008,2opt,notBad
14323,15,195.60000000000008,15,195.60000000000008,2opt,notBad
14324,15,195.60000000000008,15,195.60000000000008,swap,notBad
14325,15,195.60000000000008,15,195.60000000000008,move,improve
14326,15,195.60000000000008,15,195.60000000000008,2opt,notBad
14327,15,195.60000000000008,15,195.60000000000008,2opt,notBad
14328,15,195.60000000000008,15,195.60000000000008,move,improve
14329,15,195.60000000000008,15,195.60000000000008,move,improve
14330,15,195.60000000000008,15,195.60000000000008,2opt,notBad
14331,15,195.60000000000008,15,195.60000000000008,move,improve
14332,15,195.60000000000008,15,195.60000000000008,swap,notBad
14333,15,195.60000000000008,15,195.60000000000008,2opt,notBad
14334,15,195.60000000000008,15,195.60000000000008,swap,notBad
14335,15,195.60000000000008,15,195.60000000000008,swap,notBad
14336,15,195.60000000000008,15,195.60000000000008,move,improve
14337,15,195.60000000000008,15,195.60000000000008,swap,notBad
14338,15,195.60000000000008,15,195.60000000000008,swap,notBad
14339,15,195.60000000000008,15,195.60000000000008,move,improve
14340,15,195.60000000000008,15,195.60000000000008,swap,notBad
14341,15,195.60000000000008,15,195.60000000000008,2opt,notBad
14342,15,195.60000000000008,15,195.60000000000008,2opt,notBad
14343,15,195.60000000000008,15,195.60000000000008,swap,notBad
14344,15,195.60000000000008,15,195.60000000000008,2opt,notBad
14345,15,195.60000000000008,15,195.60000000000008,2opt,notBad
14346,15,195.60000000000008,15,195.60000000000008,move,improve
14347,15,195.60000000000008,15,195.60000000000008,swap,notBad
14348,15,195.60000000000008,15,195.60000000000008,move,improve
14349,15,195.60000000000008,15,195.60000000000008,2opt,notBad
14350,15,195.60000000000008,15,195.60000000000008,swap,notBad
14351,15,195.60000000000008,15,195.60000000000008,swap,notBad
14352,15,195.60000000000008,15,195.60000000000008,swap,notBad
14353,15,195.60000000000008,15,195.60000000000008,2opt,notBad
14354,15,195.60000000000008,15,195.60000000000008,swap,notBad
14355,15,195.60000000000008,15,195.60000000000008,swap,notBad
14356,15,195.60000000000008,15,195.60000000000008,move,improve
14357,15,195.60000000000008,15,195.60000000000008,move,improve
14358,15,195.60000000000008,15,195.60000000000008,swap,notBad
14359,15,195.60000000000008,15,195.60000000000008,move,improve
14360,15,195.60000000000008,15,195.60000000000008,swap,notBad
14361,15,195.60000000000008,15,195.60000000000008,move,improve
14362,15,195.60000000000008,15,195.60000000000008,swap,notBad
14363,15,195.60000000000008,15,195.60000000000008,2opt,improve
14364,15,195.60000000000008,15,195.60000000000008,swap,notBad
14365,15,195.60000000000008,15,195.60000000000008,2opt,improve
14366,15,195.60000000000008,15,195.60000000000008,swap,notBad
14367,15,195.60000000000008,15,195.60000000000008,move,improve
14368,15,195.60000000000008,15,195.60000000000008,move,improve
14369,15,195.60000000000008,15,195.60000000000008,move,improve
14370,15,195.60000000000008,15,195.60000000000008,swap,notBad
14371,15,195.60000000000008,15,195.60000000000008,2opt,improve
14372,15,195.60000000000008,15,195.60000000000008,2opt,notBad
14373,15,195.60000000000008,15,195.60000000000008,swap,notBad
14374,15,195.60000000000008,15,195.60000000000008,2opt,improve
14375,15,195.60000000000008,15,195.60000000000008,2opt,notBad
14376,15,195.60000000000008,15,195.60000000000008,swap,notBad
14377,15,195.60000000000008,15,195.60000000000008,move,improve
14378,15,195.60000000000008,15,195.60000000000008,2opt,notBad
14379,15,195.60000000000008,15,195.60000000000008,swap,notBad
14380,15,195.60000000000008,15,195.60000000000008,swap,notBad
14381,15,195.60000000000008,15,195.60000000000008,2opt,notBad
14382,15,195.60000000000008,15,195.60000000000008,2opt,notBad
14383,15,195.60000000000008,15,195.60000000000008,swap,notBad
14384,15,195.60000000000008,15,195.60000000000008,swap,notBad
14385,15,195.60000000000008,15,195.60000000000008,move,improve
14386,15,195.60000000000008,15,195.60000000000008,swap,notBad
14387,15,195.60000000000008,15,195.60000000000008,move,improve
14388,15,195.60000000000008,15,195.60000000000008,swap,notBad
14389,15,195.60000000000008,15,195.60000000000008,move,improve
14390,15,195.60000000000008,15,195.60000000000008,2opt,notBad
14391,15,195.60000000000008,15,195.60000000000008,swap,notBad
14392,15,195.60000000000008,15,195.60000000000008,swap,notBad
14393,15,195.60000000000008,15,195.60000000000008,2opt,notBad
14394,15,195.60000000000008,15,195.60000000000008,move,improve
14395,15,195.60000000000008,15,195.60000000000008,2opt,notBad
14396,15,195.60000000000008,15,195.60000000000008,swap,notBad
14397,15,195.60000000000008,15,195.60000000000008,move,improve
14398,15,195.60000000000008,15,195.60000000000008,2opt,improve
14399,15,195.60000000000008,15,195.60000000000008,2opt,notBad
14400,15,195.60000000000008,15,195.60000000000008,swap,notBad
14401,15,195.60000000000008,15,195.60000000000008,move,improve
14402,15,195.60000000000008,15,195.60000000000008,move,improve
14403,15,195.60000000000008,15,195.60000000000008,swap,notBad
14404,15,195.60000000000008,15,195.60000000000008,2opt,notBad
14405,15,195.60000000000008,15,195.60000000000008,2opt,notBad
14406,15,195.60000000000008,15,195.60000000000008,swap,notBad
14407,15,195.60000000000008,15,195.60000000000008,swap,notBad
14408,15,195.60000000000008,15,195.60000000000008,2opt,notBad
14409,15,195.60000000000008,15,195.60000000000008,2opt,improve
14410,15,195.60000000000008,15,195.60000000000008,swap,notBad
14411,15,195.60000000000008,15,195.60000000000008,2opt,notBad
14412,15,195.60000000000008,15,195.60000000000008,2opt,notBad
14413,15,195.60000000000008,15,195.60000000000008,swap,notBad
14414,15,195.60000000000008,15,195.60000000000008,2opt,notBad
14415,15,195.60000000000008,15,195.60000000000008,2opt,notBad
14416,15,196.8,15,195.60000000000008,swap,acceptBad
14417,15,196.8,15,195.60000000000008,2opt,notBad
14418,15,196.8,15,195.60000000000008,move,improve
14419,15,196.8,15,195.60000000000008,swap,notBad
14420,15,196.8,15,195.60000000000008,2opt,notBad
14421,15,196.8,15,195.60000000000008,2opt,notBad
14422,15,196.8,15,195.60000000000008,2opt,notBad
14423,15,196.8,15,195.60000000000008,move,improve
14424,15,196.8,15,195.60000000000008,swap,notBad
14425,15,196.8,15,195.60000000000008,swap,notBad
14426,15,196.8,15,195.60000000000008,2opt,notBad
14427,15,196.8,15,195.60000000000008,2opt,notBad
14428,15,196.8,15,195.60000000000008,swap,notBad
14429,15,196.8,15,195.60000000000008,move,improve
14430,15,196.8,15,195.60000000000008,swap,notBad
14431,15,196.8,15,195.60000000000008,2opt,notBad
14432,15,196.8,15,195.60000000000008,2opt,notBad
14433,15,196.8,15,195.60000000000008,move,improve
14434,15,196.8,15,195.60000000000008,swap,notBad
14435,15,196.8,15,195.60000000000008,swap,notBad
14436,15,196.8,15,195.60000000000008,move,improve
14437,15,196.8,15,195.60000000000008,move,improve
14438,15,196.8,15,195.60000000000008,2opt,improve
14439,15,196.8,15,195.60000000000008,move,improve
14440,15,196.8,15,195.60000000000008,swap,notBad
14441,15,196.8,15,195.60000000000008,move,improve
14442,15,196.8,15,195.60000000000008,move,improve
14443,15,196.8,15,195.60000000000008,2opt,notBad
14444,15,196.8,15,195.60000000000008,move,improve
14445,15,196.8,15,195.60000000000008,swap,notBad
14446,15,196.8,15,195.60000000000008,2opt,notBad
14447,15,196.8,15,195.60000000000008,swap,notBad
14448,15,196.8,15,195.60000000000008,swap,notBad
14449,15,196.8,15,195.60000000000008,2opt,notBad
14450,15,196.8,15,195.60000000000008,swap,notBad
14451,15,196.8,15,195.60000000000008,move,improve
14452,15,196.8,15,195.60000000000008,move,improve
14453,15,196.8,15,195.60000000000008,move,improve
14454,15,196.8,15,195.60000000000008,swap,notBad
14455,15,196.8,15,195.60000000000008,move,improve
14456,15,196.8,15,195.60000000000008,swap,notBad
14457,15,196.8,15,195.60000000000008,swap,notBad
14458,15,196.8,15,195.60000000000008,swap,notBad
14459,15,196.8,15,195.60000000000008,2opt,notBad
14460,15,196.8,15,195.60000000000008,2opt,notBad
14461,15,196.8,15,195.60000000000008,2opt,notBad
14462,15,196.8,15,195.60000000000008,2opt,notBad
14463,15,196.8,15,195.60000000000008,2opt,notBad
14464,15,196.8,15,195.60000000000008,2opt,notBad
14465,15,196.8,15,195.60000000000008,2opt,notBad
14466,15,196.8,15,195.60000000000008,swap,notBad
14467,15,196.8,15,195.60000000000008,move,improve
14468,15,196.8,15,195.60000000000008,move,improve
14469,15,196.8,15,195.60000000000008,2opt,notBad
14470,15,196.8,15,195.60000000000008,move,improve
14471,15,196.8,15,195.60000000000008,move,improve
14472,15,196.8,15,195.60000000000008,move,improve
14473,15,196.8,15,195.60000000000008,2opt,improve
14474,15,195.60000000000008,15,195.60000000000008,move,improve
14475,15,195.60000000000008,15,195.60000000000008,swap,notBad
14476,15,195.60000000000008,15,195.60000000000008,2opt,notBad
14477,15,195.60000000000008,15,195.60000000000008,2opt,notBad
14478,15,195.60000000000008,15,195.60000000000008,2opt,notBad
14479,15,195.60000000000008,15,195.60000000000008,move,improve
14480,15,195.60000000000008,15,195.60000000000008,2opt,notBad
14481,15,195.60000000000008,15,195.60000000000008,swap,notBad
14482,15,195.60000000000008,15,195.60000000000008,swap,notBad
14483,15,195.60000000000008,15,195.60000000000008,move,improve
14484,15,195.60000000000008,15,195.60000000000008,swap,notBad
14485,15,195.60000000000008,15,195.60000000000008,move,improve
14486,15,195.60000000000008,15,195.60000000000008,move,improve
14487,15,195.60000000000008,15,195.60000000000008,swap,notBad
14488,15,195.60000000000008,15,195.60000000000008,2opt,notBad
14489,15,195.60000000000008,15,195.60000000000008,move,improve
14490,15,195.60000000000008,15,195.60000000000008,2opt,improve
14491,15,195.60000000000008,15,195.60000000000008,swap,notBad
14492,15,195.60000000000008,15,195.60000000000008,move,improve
14493,15,195.60000000000008,15,195.60000000000008,move,improve
14494,15,195.60000000000008,15,195.60000000000008,move,improve
14495,15,195.60000000000008,15,195.60000000000008,move,improve
14496,15,195.60000000000008,15,195.60000000000008,swap,notBad
14497,15,195.60000000000008,15,195.60000000000008,move,improve
14498,15,195.60000000000008,15,195.60000000000008,swap,notBad
14499,15,195.60000000000008,15,195.60000000000008,2opt,notBad
14500,15,195.60000000000008,15,195.60000000000008,2opt,notBad
14501,15,195.60000000000008,15,195.60000000000008,swap,notBad
14502,15,195.60000000000008,15,195.60000000000008,move,improve
14503,15,195.60000000000008,15,195.60000000000008,move,improve
14504,15,195.60000000000008,15,195.60000000000008,2opt,notBad
14505,15,195.60000000000008,15,195.60000000000008,move,improve
14506,15,195.60000000000008,15,195.60000000000008,2opt,improve
14507,15,195.60000000000008,15,195.60000000000008,swap,notBad
14508,15,195.60000000000008,15,195.60000000000008,move,improve
14509,15,195.60000000000008,15,195.60000000000008,2opt,notBad
14510,15,195.60000000000008,15,195.60000000000008,move,improve
14511,15,195.60000000000008,15,195.60000000000008,move,improve
14512,15,195.60000000000008,15,195.60000000000008,2opt,notBad
14513,15,195.60000000000008,15,195.60000000000008,move,improve
14514,15,195.60000000000008,15,195.60000000000008,2opt,notBad
14515,15,195.60000000000008,15,195.60000000000008,2opt,improve
14516,15,195.60000000000008,15,195.60000000000008,swap,notBad
14517,15,195.60000000000008,15,195.60000000000008,2opt,improve
14518,15,195.60000000000008,15,195.60000000000008,swap,notBad
14519,15,195.60000000000008,15,195.60000000000008,move,improve
14520,15,195.60000000000008,15,195.60000000000008,move,improve
14521,15,195.60000000000008,15,195.60000000000008,move,improve
14522,15,195.60000000000008,15,195.60000000000008,2opt,notBad
14523,15,195.60000000000008,15,195.60000000000008,2opt,improve
14524,15,195.60000000000008,15,195.60000000000008,2opt,notBad
14525,15,195.60000000000008,15,195.60000000000008,2opt,notBad
14526,15,195.60000000000008,15,195.60000000000008,swap,notBad
14527,15,195.60000000000008,15,195.60000000000008,swap,notBad
14528,15,195.60000000000008,15,195.60000000000008,move,improve
14529,15,195.60000000000008,15,195.60000000000008,move,improve
14530,15,195.60000000000008,15,195.60000000000008,swap,notBad
14531,15,195.60000000000008,15,195.60000000000008,move,improve
14532,15,195.60000000000008,15,195.60000000000008,move,improve
14533,15,195.60000000000008,15,195.60000000000008,2opt,notBad
14534,15,195.60000000000008,15,195.60000000000008,move,improve
14535,15,195.60000000000008,15,195.60000000000008,move,improve
14536,15,195.60000000000008,15,195.60000000000008,2opt,notBad
14537,15,195.60000000000008,15,195.60000000000008,swap,notBad
14538,15,195.60000000000008,15,195.60000000000008,move,improve
14539,15,195.60000000000008,15,195.60000000000008,move,improve
14540,15,195.60000000000008,15,195.60000000000008,move,improve
14541,15,195.60000000000008,15,195.60000000000008,2opt,notBad
14542,15,195.60000000000008,15,195.60000000000008,2opt,notBad
14543,15,195.60000000000008,15,195.60000000000008,swap,notBad
14544,15,195.60000000000008,15,195.60000000000008,move,improve
14545,15,195.60000000000008,15,195.60000000000008,swap,notBad
14546,15,195.60000000000008,15,195.60000000000008,move,improve
14547,15,195.60000000000008,15,195.60000000000008,2opt,notBad
14548,15,195.60000000000008,15,195.60000000000008,swap,notBad
14549,15,195.60000000000008,15,195.60000000000008,move,notBad
14550,15,195.60000000000008,15,195.60000000000008,move,improve
14551,15,195.60000000000008,15,195.60000000000008,move,improve
14552,15,195.60000000000008,15,195.60000000000008,move,improve
14553,15,195.60000000000008,15,195.60000000000008,swap,notBad
14554,15,195.60000000000008,15,195.60000000000008,2opt,notBad
14555,15,195.60000000000008,15,195.60000000000008,move,improve
14556,15,195.60000000000008,15,195.60000000000008,move,improve
14557,15,195.60000000000008,15,195.60000000000008,move,improve
14558,15,195.60000000000008,15,195.60000000000008,move,improve
14559,15,195.60000000000008,15,195.60000000000008,move,improve
14560,15,195.60000000000008,15,195.60000000000008,swap,notBad
14561,15,195.60000000000008,15,195.60000000000008,2opt,notBad
14562,15,195.60000000000008,15,195.60000000000008,2opt,notBad
14563,15,195.60000000000008,15,195.60000000000008,move,improve
14564,15,195.60000000000008,15,195.60000000000008,2opt,notBad
14565,15,195.60000000000008,15,195.60000000000008,swap,notBad
14566,15,195.60000000000008,15,195.60000000000008,move,improve
14567,15,195.60000000000008,15,195.60000000000008,2opt,improve
14568,15,195.60000000000008,15,195.60000000000008,move,improve
14569,15,195.60000000000008,15,195.60000000000008,move,improve
14570,15,195.60000000000008,15,195.60000000000008,2opt,notBad
14571,15,195.60000000000008,15,195.60000000000008,move,improve
14572,15,195.60000000000008,15,195.60000000000008,move,improve
14573,15,195.60000000000008,15,195.60000000000008,swap,notBad
14574,15,195.60000000000008,15,195.60000000000008,move,improve
14575,15,195.60000000000008,15,195.60000000000008,2opt,notBad
14576,15,195.60000000000008,15,195.60000000000008,move,improve
14577,15,195.60000000000008,15,195.60000000000008,swap,notBad
14578,15,195.60000000000008,15,195.60000000000008,2opt,notBad
14579,15,195.60000000000008,15,195.60000000000008,2opt,notBad
14580,15,195.60000000000008,15,195.60000000000008,move,improve
14581,15,195.60000000000008,15,195.60000000000008,swap,notBad
14582,15,195.60000000000008,15,195.60000000000008,swap,notBad
14583,15,195.60000000000008,15,195.60000000000008,swap,notBad
14584,15,195.60000000000008,15,195.60000000000008,move,improve
14585,15,195.60000000000008,15,195.60000000000008,swap,notBad
14586,15,195.60000000000008,15,195.60000000000008,2opt,notBad
14587,15,195.60000000000008,15,195.60000000000008,move,improve
14588,15,195.60000000000008,15,195.60000000000008,swap,notBad
14589,15,195.60000000000008,15,195.60000000000008,move,improve
14590,15,195.60000000000008,15,195.60000000000008,2opt,notBad
14591,15,195.60000000000008,15,195.60000000000008,move,improve
14592,15,195.60000000000008,15,195.60000000000008,2opt,improve
14593,15,195.60000000000008,15,195.60000000000008,swap,notBad
14594,15,195.60000000000008,15,195.60000000000008,2opt,notBad
14595,15,195.60000000000008,15,195.60000000000008,2opt,notBad
14596,15,195.60000000000008,15,195.60000000000008,move,improve
14597,15,195.60000000000008,15,195.60000000000008,move,improve
14598,15,195.60000000000008,15,195.60000000000008,2opt,notBad
14599,15,195.60000000000008,15,195.60000000000008,2opt,notBad
14600,15,195.60000000000008,15,195.60000000000008,swap,notBad
14601,15,195.60000000000008,15,195.60000000000008,2opt,notBad
14602,15,195.60000000000008,15,195.60000000000008,swap,notBad
14603,15,195.60000000000008,15,195.60000000000008,move,improve
14604,15,195.60000000000008,15,195.60000000000008,2opt,notBad
14605,15,195.60000000000008,15,195.60000000000008,2opt,notBad
14606,15,195.60000000000008,15,195.60000000000008,swap,notBad
14607,15,195.60000000000008,15,195.60000000000008,swap,notBad
14608,15,195.60000000000008,15,195.60000000000008,swap,notBad
14609,15,195.60000000000008,15,195.60000000000008,move,improve
14610,15,195.60000000000008,15,195.60000000000008,swap,notBad
14611,15,195.60000000000008,15,195.60000000000008,2opt,notBad
14612,15,195.60000000000008,15,195.60000000000008,move,improve
14613,15,195.60000000000008,15,195.60000000000008,swap,notBad
14614,15,195.60000000000008,15,195.60000000000008,move,improve
14615,15,195.60000000000008,15,195.60000000000008,move,improve
14616,15,195.60000000000008,15,195.60000000000008,2opt,notBad
14617,15,195.60000000000008,15,195.60000000000008,2opt,notBad
14618,15,195.60000000000008,15,195.60000000000008,2opt,improve
14619,15,195.60000000000008,15,195.60000000000008,move,improve
14620,15,195.60000000000008,15,195.60000000000008,swap,notBad
14621,15,195.60000000000008,15,195.60000000000008,swap,notBad
14622,15,195.60000000000008,15,195.60000000000008,swap,notBad
14623,15,195.60000000000008,15,195.60000000000008,2opt,improve
14624,15,195.60000000000008,15,195.60000000000008,move,improve
14625,15,195.60000000000008,15,195.60000000000008,swap,notBad
14626,15,195.60000000000008,15,195.60000000000008,swap,notBad
14627,15,195.60000000000008,15,195.60000000000008,swap,notBad
14628,15,195.60000000000008,15,195.60000000000008,2opt,notBad
14629,15,195.60000000000008,15,195.60000000000008,2opt,notBad
14630,15,195.60000000000008,15,195.60000000000008,2opt,notBad
14631,15,195.60000000000008,15,195.60000000000008,swap,notBad
14632,15,195.60000000000008,15,195.60000000000008,swap,notBad
14633,15,195.60000000000008,15,195.60000000000008,move,improve
14634,15,195.60000000000008,15,195.60000000000008,swap,notBad
14635,15,195.60000000000008,15,195.60000000000008,move,improve
14636,15,195.60000000000008,15,195.60000000000008,2opt,notBad
14637,15,195.60000000000008,15,195.60000000000008,2opt,notBad
14638,15,195.60000000000008,15,195.60000000000008,2opt,improve
14639,15,195.60000000000008,15,195.60000000000008,move,improve
14640,15,195.60000000000008,15,195.60000000000008,move,improve
14641,15,195.60000000000008,15,195.60000000000008,move,improve
14642,15,195.60000000000008,15,195.60000000000008,swap,notBad
14643,15,195.60000000000008,15,195.60000000000008,2opt,notBad
14644,15,195.60000000000008,15,195.60000000000008,move,improve
14645,15,195.60000000000008,15,195.60000000000008,swap,notBad
14646,15,195.60000000000008,15,195.60000000000008,move,improve
14647,15,195.60000000000008,15,195.60000000000008,move,improve
14648,15,195.60000000000008,15,195.60000000000008,2opt,notBad
14649,15,195.60000000000008,15,195.60000000000008,move,improve
14650,15,195.60000000000008,15,195.60000000000008,2opt,improve
14651,15,195.60000000000008,15,195.60000000000008,2opt,notBad
14652,15,195.60000000000008,15,195.60000000000008,move,improve
14653,15,195.60000000000008,15,195.60000000000008,swap,notBad
14654,15,195.60000000000008,15,195.60000000000008,move,improve
14655,15,195.60000000000008,15,195.60000000000008,move,improve
14656,15,195.60000000000008,15,195.60000000000008,2opt,improve
14657,15,195.60000000000008,15,195.60000000000008,2opt,notBad
14658,15,195.60000000000008,15,195.60000000000008,2opt,notBad
14659,15,195.60000000000008,15,195.60000000000008,move,improve
14660,15,195.60000000000008,15,195.60000000000008,move,improve
14661,15,195.60000000000008,15,195.60000000000008,swap,notBad
14662,15,195.60000000000008,15,195.60000000000008,move,improve
14663,15,195.60000000000008,15,195.60000000000008,swap,notBad
14664,15,195.60000000000008,15,195.60000000000008,swap,improve
14665,15,195.60000000000008,15,195.60000000000008,2opt,notBad
14666,15,195.60000000000008,15,195.60000000000008,move,improve
14667,15,195.60000000000008,15,195.60000000000008,2opt,notBad
14668,15,195.60000000000008,15,195.60000000000008,2opt,notBad
14669,15,195.60000000000008,15,195.60000000000008,2opt,notBad
14670,15,195.60000000000008,15,195.60000000000008,move,improve
14671,15,195.60000000000008,15,195.60000000000008,2opt,improve
14672,15,195.60000000000008,15,195.60000000000008,2opt,notBad
14673,15,195.60000000000008,15,195.60000000000008,move,improve
14674,15,195.60000000000008,15,195.60000000000008,2opt,notBad
14675,15,195.60000000000008,15,195.60000000000008,move,improve
14676,15,195.60000000000008,15,195.60000000000008,2opt,notBad
14677,15,195.60000000000008,15,195.60000000000008,2opt,notBad
14678,15,195.60000000000008,15,195.60000000000008,move,improve
14679,15,195.60000000000008,15,195.60000000000008,2opt,notBad
14680,15,195.60000000000008,15,195.60000000000008,move,improve
14681,15,195.60000000000008,15,195.60000000000008,2opt,notBad
14682,15,195.60000000000008,15,195.60000000000008,2opt,notBad
14683,15,195.60000000000008,15,195.60000000000008,swap,notBad
14684,15,195.60000000000008,15,195.60000000000008,swap,notBad
14685,15,195.60000000000008,15,195.60000000000008,move,improve
14686,15,195.60000000000008,15,195.60000000000008,move,improve
14687,15,195.60000000000008,15,195.60000000000008,move,improve
14688,15,195.60000000000008,15,195.60000000000008,swap,notBad
14689,15,195.60000000000008,15,195.60000000000008,2opt,notBad
14690,15,195.60000000000008,15,195.60000000000008,2opt,notBad
14691,15,195.60000000000008,15,195.60000000000008,swap,notBad
14692,15,195.60000000000008,15,195.60000000000008,2opt,notBad
14693,15,195.60000000000008,15,195.60000000000008,move,improve
14694,15,195.60000000000008,15,195.60000000000008,swap,notBad
14695,15,195.60000000000008,15,195.60000000000008,swap,notBad
14696,15,195.60000000000008,15,195.60000000000008,move,improve
14697,15,195.60000000000008,15,195.60000000000008,2opt,notBad
14698,15,195.60000000000008,15,195.60000000000008,swap,notBad
14699,15,195.60000000000008,15,195.60000000000008,2opt,notBad
14700,15,195.60000000000008,15,195.60000000000008,swap,notBad
14701,15,195.60000000000008,15,195.60000000000008,swap,notBad
14702,15,195.60000000000008,15,195.60000000000008,2opt,notBad
14703,15,195.60000000000008,15,195.60000000000008,swap,notBad
14704,15,195.60000000000008,15,195.60000000000008,swap,notBad
14705,15,195.60000000000008,15,195.60000000000008,move,improve
14706,15,195.60000000000008,15,195.60000000000008,swap,notBad
14707,15,195.60000000000008,15,195.60000000000008,2opt,notBad
14708,15,195.60000000000008,15,195.60000000000008,swap,notBad
14709,15,195.60000000000008,15,195.60000000000008,move,improve
14710,15,195.60000000000008,15,195.60000000000008,2opt,notBad
14711,15,195.60000000000008,15,195.60000000000008,swap,notBad
14712,15,195.60000000000008,15,195.60000000000008,2opt,notBad
14713,15,195.60000000000008,15,195.60000000000008,2opt,notBad
14714,15,195.60000000000008,15,195.60000000000008,swap,notBad
14715,15,195.60000000000008,15,195.60000000000008,2opt,notBad
14716,15,195.60000000000008,15,195.60000000000008,2opt,notBad
14717,15,195.60000000000008,15,195.60000000000008,move,improve
14718,15,195.60000000000008,15,195.60000000000008,swap,notBad
14719,15,195.60000000000008,15,195.60000000000008,move,improve
14720,15,195.60000000000008,15,195.60000000000008,swap,notBad
14721,15,195.60000000000008,15,195.60000000000008,move,improve
14722,15,195.60000000000008,15,195.60000000000008,swap,notBad
14723,15,195.60000000000008,15,195.60000000000008,2opt,notBad
14724,15,195.60000000000008,15,195.60000000000008,2opt,improve
14725,15,195.60000000000008,15,195.60000000000008,move,improve
14726,15,195.60000000000008,15,195.60000000000008,swap,notBad
14727,15,195.60000000000008,15,195.60000000000008,2opt,notBad
14728,15,195.60000000000008,15,195.60000000000008,2opt,notBad
14729,15,195.60000000000008,15,195.60000000000008,swap,notBad
14730,15,195.60000000000008,15,195.60000000000008,swap,notBad
14731,15,195.60000000000008,15,195.60000000000008,swap,notBad
14732,15,195.60000000000008,15,195.60000000000008,swap,notBad
14733,15,195.60000000000008,15,195.60000000000008,move,improve
14734,15,195.60000000000008,15,195.60000000000008,move,improve
14735,15,195.60000000000008,15,195.60000000000008,move,improve
14736,15,195.60000000000008,15,195.60000000000008,2opt,notBad
14737,15,195.60000000000008,15,195.60000000000008,2opt,notBad
14738,15,195.60000000000008,15,195.60000000000008,2opt,notBad
14739,15,195.60000000000008,15,195.60000000000008,2opt,improve
14740,15,195.60000000000008,15,195.60000000000008,2opt,notBad
14741,15,195.60000000000008,15,195.60000000000008,swap,notBad
14742,15,195.60000000000008,15,195.60000000000008,move,improve
14743,15,195.60000000000008,15,195.60000000000008,2opt,improve
14744,15,195.60000000000008,15,195.60000000000008,move,improve
14745,15,195.60000000000008,15,195.60000000000008,move,improve
14746,15,195.60000000000008,15,195.60000000000008,move,improve
14747,15,195.60000000000008,15,195.60000000000008,2opt,notBad
14748,15,195.60000000000008,15,195.60000000000008,2opt,notBad
14749,15,195.60000000000008,15,195.60000000000008,2opt,notBad
14750,15,195.60000000000008,15,195.60000000000008,move,improve
14751,15,195.60000000000008,15,195.60000000000008,move,improve
14752,15,195.60000000000008,15,195.60000000000008,swap,notBad
14753,15,195.60000000000008,15,195.60000000000008,swap,notBad
14754,15,195.60000000000008,15,195.60000000000008,swap,notBad
14755,15,195.60000000000008,15,195.60000000000008,move,improve
14756,15,195.60000000000008,15,195.60000000000008,2opt,notBad
14757,15,195.60000000000008,15,195.60000000000008,2opt,notBad
14758,15,195.60000000000008,15,195.60000000000008,move,improve
14759,15,195.60000000000008,15,195.60000000000008,2opt,notBad
14760,15,195.60000000000008,15,195.60000000000008,swap,notBad
14761,15,195.60000000000008,15,195.60000000000008,move,improve
14762,15,195.60000000000008,15,195.60000000000008,swap,notBad
14763,15,195.60000000000008,15,195.60000000000008,move,improve
14764,15,195.60000000000008,15,195.60000000000008,move,improve
14765,15,195.60000000000008,15,195.60000000000008,move,improve
14766,15,195.60000000000008,15,195.60000000000008,swap,notBad
14767,15,195.60000000000008,15,195.60000000000008,move,improve
14768,15,195.60000000000008,15,195.60000000000008,swap,notBad
14769,15,195.60000000000008,15,195.60000000000008,swap,notBad
14770,15,195.60000000000008,15,195.60000000000008,swap,notBad
14771,15,195.60000000000008,15,195.60000000000008,swap,notBad
14772,15,195.60000000000008,15,195.60000000000008,2opt,notBad
14773,15,195.60000000000008,15,195.60000000000008,swap,notBad
14774,15,195.60000000000008,15,195.60000000000008,2opt,improve
14775,15,195.60000000000008,15,195.60000000000008,move,improve
14776,15,195.60000000000008,15,195.60000000000008,move,improve
14777,15,195.60000000000008,15,195.60000000000008,swap,notBad
14778,15,195.60000000000008,15,195.60000000000008,swap,notBad
14779,15,195.60000000000008,15,195.60000000000008,2opt,notBad
14780,15,195.60000000000008,15,195.60000000000008,move,improve
14781,15,195.60000000000008,15,195.60000000000008,swap,notBad
14782,15,195.60000000000008,15,195.60000000000008,move,improve
14783,15,195.60000000000008,15,195.60000000000008,2opt,notBad
14784,15,195.60000000000008,15,195.60000000000008,2opt,improve
14785,15,195.60000000000008,15,195.60000000000008,2opt,notBad
14786,15,195.60000000000008,15,195.60000000000008,swap,notBad
14787,15,195.60000000000008,15,195.60000000000008,move,improve
14788,15,195.60000000000008,15,195.60000000000008,swap,notBad
14789,15,195.60000000000008,15,195.60000000000008,swap,notBad
14790,15,195.60000000000008,15,195.60000000000008,move,improve
14791,15,195.60000000000008,15,195.60000000000008,move,improve
14792,15,195.60000000000008,15,195.60000000000008,move,improve
14793,15,195.60000000000008,15,195.60000000000008,swap,notBad
14794,15,195.60000000000008,15,195.60000000000008,swap,notBad
14795,15,195.60000000000008,15,195.60000000000008,move,improve
14796,15,195.60000000000008,15,195.60000000000008,swap,notBad
14797,15,195.60000000000008,15,195.60000000000008,swap,notBad
14798,15,195.60000000000008,15,195.60000000000008,move,improve
14799,15,195.60000000000008,15,195.60000000000008,move,improve
14800,15,195.60000000000008,15,195.60000000000008,move,improve
14801,15,195.60000000000008,15,195.60000000000008,move,improve
14802,15,195.60000000000008,15,195.60000000000008,move,improve
14803,15,195.60000000000008,15,195.60000000000008,swap,notBad
14804,15,195.60000000000008,15,195.60000000000008,move,improve
14805,15,195.60000000000008,15,195.60000000000008,move,improve
14806,15,195.60000000000008,15,195.60000000000008,swap,notBad
14807,15,195.60000000000008,15,195.60000000000008,swap,notBad
14808,15,195.60000000000008,15,195.60000000000008,2opt,notBad
14809,15,195.60000000000008,15,195.60000000000008,move,improve
14810,15,195.60000000000008,15,195.60000000000008,2opt,notBad
14811,15,195.60000000000008,15,195.60000000000008,2opt,notBad
14812,15,195.60000000000008,15,195.60000000000008,swap,notBad
14813,15,195.60000000000008,15,195.60000000000008,move,improve
14814,15,195.60000000000008,15,195.60000000000008,swap,notBad
14815,15,195.60000000000008,15,195.60000000000008,2opt,notBad
14816,15,195.60000000000008,15,195.60000000000008,2opt,improve
14817,15,195.60000000000008,15,195.60000000000008,2opt,notBad
14818,15,195.60000000000008,15,195.60000000000008,2opt,notBad
14819,15,195.60000000000008,15,195.60000000000008,swap,notBad
14820,15,195.60000000000008,15,195.60000000000008,move,improve
14821,15,195.60000000000008,15,195.60000000000008,2opt,notBad
14822,15,195.60000000000008,15,195.60000000000008,move,improve
14823,15,195.60000000000008,15,195.60000000000008,move,improve
14824,15,195.60000000000008,15,195.60000000000008,2opt,notBad
14825,15,195.60000000000008,15,195.60000000000008,2opt,improve
14826,15,195.60000000000008,15,195.60000000000008,swap,notBad
14827,15,195.60000000000008,15,195.60000000000008,2opt,notBad
14828,15,195.60000000000008,15,195.60000000000008,move,improve
14829,15,195.60000000000008,15,195.60000000000008,swap,notBad
14830,15,195.60000000000008,15,195.60000000000008,move,improve
14831,15,195.60000000000008,15,195.60000000000008,2opt,notBad
14832,15,195.60000000000008,15,195.60000000000008,swap,notBad
14833,15,195.60000000000008,15,195.60000000000008,2opt,notBad
14834,15,195.60000000000008,15,195.60000000000008,swap,notBad
14835,15,195.60000000000008,15,195.60000000000008,swap,notBad
14836,15,195.60000000000008,15,195.60000000000008,swap,notBad
14837,15,195.60000000000008,15,195.60000000000008,swap,notBad
14838,15,195.60000000000008,15,195.60000000000008,swap,notBad
14839,15,195.60000000000008,15,195.60000000000008,2opt,notBad
14840,15,195.60000000000008,15,195.60000000000008,2opt,notBad
14841,15,195.60000000000008,15,195.60000000000008,move,improve
14842,15,195.60000000000008,15,195.60000000000008,2opt,notBad
14843,15,195.60000000000008,15,195.60000000000008,2opt,notBad
14844,15,195.60000000000008,15,195.60000000000008,move,improve
14845,15,195.60000000000008,15,195.60000000000008,swap,notBad
14846,15,195.60000000000008,15,195.60000000000008,swap,notBad
14847,15,195.60000000000008,15,195.60000000000008,2opt,notBad
14848,15,195.60000000000008,15,195.60000000000008,2opt,notBad
14849,15,195.60000000000008,15,195.60000000000008,move,improve
14850,15,195.60000000000008,15,195.60000000000008,2opt,notBad
14851,15,195.60000000000008,15,195.60000000000008,swap,notBad
14852,15,195.60000000000008,15,195.60000000000008,move,improve
14853,15,195.60000000000008,15,195.60000000000008,move,improve
14854,15,195.60000000000008,15,195.60000000000008,swap,notBad
14855,15,195.60000000000008,15,195.60000000000008,2opt,notBad
14856,15,195.60000000000008,15,195.60000000000008,2opt,notBad
14857,15,195.60000000000008,15,195.60000000000008,swap,notBad
14858,15,195.60000000000008,15,195.60000000000008,2opt,notBad
14859,15,195.60000000000008,15,195.60000000000008,move,improve
14860,15,195.60000000000008,15,195.60000000000008,move,improve
14861,15,195.60000000000008,15,195.60000000000008,2opt,improve
14862,15,195.60000000000008,15,195.60000000000008,swap,notBad
14863,15,195.60000000000008,15,195.60000000000008,swap,notBad
14864,15,195.60000000000008,15,195.60000000000008,swap,notBad
14865,15,195.60000000000008,15,195.60000000000008,swap,notBad
14866,15,195.60000000000008,15,195.60000000000008,move,improve
14867,15,195.60000000000008,15,195.60000000000008,swap,notBad
14868,15,195.60000000000008,15,195.60000000000008,move,improve
14869,15,195.60000000000008,15,195.60000000000008,move,improve
14870,15,195.60000000000008,15,195.60000000000008,move,improve
14871,15,195.60000000000008,15,195.60000000000008,2opt,improve
14872,15,195.60000000000008,15,195.60000000000008,swap,notBad
14873,15,195.60000000000008,15,195.60000000000008,2opt,notBad
14874,15,195.60000000000008,15,195.60000000000008,2opt,notBad
14875,15,195.60000000000008,15,195.60000000000008,2opt,improve
14876,15,195.60000000000008,15,195.60000000000008,2opt,notBad
14877,15,195.60000000000008,15,195.60000000000008,swap,notBad
14878,15,195.60000000000008,15,195.60000000000008,2opt,notBad
14879,15,195.60000000000008,15,195.60000000000008,move,improve
14880,15,195.60000000000008,15,195.60000000000008,move,improve
14881,15,195.60000000000008,15,195.60000000000008,move,improve
14882,15,195.60000000000008,15,195.60000000000008,swap,notBad
14883,15,195.60000000000008,15,195.60000000000008,move,improve
14884,15,195.60000000000008,15,195.60000000000008,move,improve
14885,15,195.60000000000008,15,195.60000000000008,swap,notBad
14886,15,195.60000000000008,15,195.60000000000008,move,improve
14887,15,195.60000000000008,15,195.60000000000008,swap,notBad
14888,15,195.60000000000008,15,195.60000000000008,2opt,notBad
14889,15,195.60000000000008,15,195.60000000000008,move,improve
14890,15,195.60000000000008,15,195.60000000000008,2opt,notBad
14891,15,195.60000000000008,15,195.60000000000008,move,improve
14892,15,195.60000000000008,15,195.60000000000008,2opt,notBad
14893,15,195.60000000000008,15,195.60000000000008,2opt,notBad
14894,15,195.60000000000008,15,195.60000000000008,2opt,notBad
14895,15,195.60000000000008,15,195.60000000000008,swap,notBad
14896,15,195.60000000000008,15,195.60000000000008,2opt,improve
14897,15,195.60000000000008,15,195.60000000000008,swap,notBad
14898,15,195.60000000000008,15,195.60000000000008,swap,notBad
14899,15,195.60000000000008,15,195.60000000000008,2opt,notBad
14900,15,195.60000000000008,15,195.60000000000008,2opt,notBad
14901,15,195.60000000000008,15,195.60000000000008,2opt,notBad
14902,15,195.60000000000008,15,195.60000000000008,swap,notBad
14903,15,195.60000000000008,15,195.60000000000008,2opt,notBad
14904,15,195.60000000000008,15,195.60000000000008,2opt,notBad
14905,15,195.60000000000008,15,195.60000000000008,move,notBad
14906,15,195.60000000000008,15,195.60000000000008,2opt,notBad
14907,15,195.60000000000008,15,195.60000000000008,move,improve
14908,15,195.60000000000008,15,195.60000000000008,swap,notBad
14909,15,195.60000000000008,15,195.60000000000008,move,improve
14910,15,195.60000000000008,15,195.60000000000008,swap,notBad
14911,15,195.60000000000008,15,195.60000000000008,move,improve
14912,15,195.60000000000008,15,195.60000000000008,2opt,notBad
14913,15,195.60000000000008,15,195.60000000000008,2opt,notBad
14914,15,195.60000000000008,15,195.60000000000008,2opt,notBad
14915,15,195.60000000000008,15,195.60000000000008,swap,notBad
14916,15,195.60000000000008,15,195.60000000000008,move,improve
14917,15,195.60000000000008,15,195.60000000000008,move,improve
14918,15,195.60000000000008,15,195.60000000000008,2opt,notBad
14919,15,195.60000000000008,15,195.60000000000008,swap,notBad
14920,15,195.60000000000008,15,195.60000000000008,swap,notBad
14921,15,195.60000000000008,15,195.60000000000008,swap,notBad
14922,15,195.60000000000008,15,195.60000000000008,2opt,notBad
14923,15,195.60000000000008,15,195.60000000000008,swap,notBad
14924,15,195.60000000000008,15,195.60000000000008,move,improve
14925,15,195.60000000000008,15,195.60000000000008,move,improve
14926,15,195.60000000000008,15,195.60000000000008,move,improve
14927,15,195.60000000000008,15,195.60000000000008,swap,notBad
14928,15,195.60000000000008,15,195.60000000000008,move,improve
14929,15,195.60000000000008,15,195.60000000000008,swap,notBad
14930,15,195.60000000000008,15,195.60000000000008,2opt,notBad
14931,15,195.60000000000008,15,195.60000000000008,move,improve
14932,15,195.60000000000008,15,195.60000000000008,2opt,notBad
14933,15,195.60000000000008,15,195.60000000000008,move,improve
14934,15,195.60000000000008,15,195.60000000000008,swap,notBad
14935,15,195.60000000000008,15,195.60000000000008,swap,notBad
14936,15,195.60000000000008,15,195.60000000000008,swap,notBad
14937,15,195.60000000000008,15,195.60000000000008,swap,notBad
14938,15,195.60000000000008,15,195.60000000000008,move,improve
14939,15,195.60000000000008,15,195.60000000000008,swap,notBad
14940,15,195.60000000000008,15,195.60000000000008,move,improve
14941,15,195.60000000000008,15,195.60000000000008,swap,notBad
14942,15,195.60000000000008,15,195.60000000000008,swap,notBad
14943,15,195.60000000000008,15,195.60000000000008,move,improve
14944,15,195.60000000000008,15,195.60000000000008,move,improve
14945,15,195.60000000000008,15,195.60000000000008,swap,notBad
14946,15,195.60000000000008,15,195.60000000000008,move,improve
14947,15,195.60000000000008,15,195.60000000000008,swap,notBad
14948,15,195.60000000000008,15,195.60000000000008,2opt,notBad
14949,15,195.60000000000008,15,195.60000000000008,move,improve
14950,15,195.60000000000008,15,195.60000000000008,swap,notBad
14951,15,195.60000000000008,15,195.60000000000008,2opt,improve
14952,15,195.60000000000008,15,195.60000000000008,2opt,improve
14953,15,195.60000000000008,15,195.60000000000008,swap,notBad
14954,15,195.60000000000008,15,195.60000000000008,move,improve
14955,15,195.60000000000008,15,195.60000000000008,swap,notBad
14956,15,195.60000000000008,15,195.60000000000008,swap,notBad
14957,15,195.60000000000008,15,195.60000000000008,move,improve
14958,15,195.60000000000008,15,195.60000000000008,move,improve
14959,15,195.60000000000008,15,195.60000000000008,swap,notBad
14960,15,195.60000000000008,15,195.60000000000008,2opt,notBad
14961,15,195.60000000000008,15,195.60000000000008,2opt,notBad
14962,15,195.60000000000008,15,195.60000000000008,swap,notBad
14963,15,195.60000000000008,15,195.60000000000008,swap,notBad
14964,15,195.60000000000008,15,195.60000000000008,swap,notBad
14965,15,195.60000000000008,15,195.60000000000008,2opt,notBad
14966,15,195.60000000000008,15,195.60000000000008,swap,notBad
14967,15,195.60000000000008,15,195.60000000000008,swap,notBad
14968,15,195.60000000000008,15,195.60000000000008,swap,notBad
14969,15,195.60000000000008,15,195.60000000000008,2opt,notBad
14970,15,195.60000000000008,15,195.60000000000008,swap,notBad
14971,15,195.60000000000008,15,195.60000000000008,swap,notBad
14972,15,195.60000000000008,15,195.60000000000008,move,improve
14973,15,195.60000000000008,15,195.60000000000008,swap,notBad
14974,15,195.60000000000008,15,195.60000000000008,swap,notBad
14975,15,195.60000000000008,15,195.60000000000008,swap,notBad
14976,15,195.60000000000008,15,195.60000000000008,2opt,improve
14977,15,195.60000000000008,15,195.60000000000008,2opt,notBad
14978,15,195.60000000000008,15,195.60000000000008,swap,notBad
14979,15,195.60000000000008,15,195.60000000000008,swap,notBad
14980,15,195.60000000000008,15,195.60000000000008,swap,notBad
14981,15,195.60000000000008,15,195.60000000000008,swap,notBad
14982,15,195.60000000000008,15,195.60000000000008,move,notBad
14983,15,195.60000000000008,15,195.60000000000008,2opt,notBad
14984,15,195.60000000000008,15,195.60000000000008,move,improve
14985,15,195.60000000000008,15,195.60000000000008,2opt,notBad
14986,15,195.60000000000008,15,195.60000000000008,move,notBad
14987,15,195.60000000000008,15,195.60000000000008,swap,notBad
14988,15,195.60000000000008,15,195.60000000000008,2opt,notBad
14989,15,195.60000000000008,15,195.60000000000008,move,improve
14990,15,195.60000000000008,15,195.60000000000008,2opt,notBad
14991,15,195.60000000000008,15,195.60000000000008,move,improve
14992,15,195.60000000000008,15,195.60000000000008,swap,notBad
14993,15,195.60000000000008,15,195.60000000000008,2opt,notBad
14994,15,195.60000000000008,15,195.60000000000008,swap,notBad
14995,15,195.60000000000008,15,195.60000000000008,move,improve
14996,15,195.60000000000008,15,195.60000000000008,move,improve
14997,15,195.60000000000008,15,195.60000000000008,2opt,notBad
14998,15,195.60000000000008,15,195.60000000000008,swap,notBad
14999,15,195.60000000000008,15,195.60000000000008,move,improve
15000,15,195.60000000000008,15,195.60000000000008,swap,notBad
15001,15,195.60000000000008,15,195.60000000000008,move,improve
15002,15,195.60000000000008,15,195.60000000000008,2opt,notBad
15003,15,195.60000000000008,15,195.60000000000008,move,improve
15004,15,195.60000000000008,15,195.60000000000008,move,notBad
15005,15,195.60000000000008,15,195.60000000000008,move,improve
15006,15,195.60000000000008,15,195.60000000000008,move,improve
15007,15,195.60000000000008,15,195.60000000000008,2opt,notBad
15008,15,195.60000000000008,15,195.60000000000008,swap,notBad
15009,15,195.60000000000008,15,195.60000000000008,2opt,notBad
15010,15,195.60000000000008,15,195.60000000000008,move,improve
15011,15,195.60000000000008,15,195.60000000000008,swap,notBad
15012,15,195.60000000000008,15,195.60000000000008,2opt,notBad
15013,15,195.60000000000008,15,195.60000000000008,swap,notBad
15014,15,195.60000000000008,15,195.60000000000008,move,improve
15015,15,195.60000000000008,15,195.60000000000008,swap,notBad
15016,15,195.60000000000008,15,195.60000000000008,swap,notBad
15017,15,195.60000000000008,15,195.60000000000008,move,improve
15018,15,195.60000000000008,15,195.60000000000008,2opt,notBad
15019,15,195.60000000000008,15,195.60000000000008,move,improve
15020,15,195.60000000000008,15,195.60000000000008,move,improve
15021,15,195.60000000000008,15,195.60000000000008,swap,notBad
15022,15,195.60000000000008,15,195.60000000000008,move,improve
15023,15,195.60000000000008,15,195.60000000000008,move,improve
15024,15,195.60000000000008,15,195.60000000000008,2opt,notBad
15025,15,195.60000000000008,15,195.60000000000008,swap,notBad
15026,15,195.60000000000008,15,195.60000000000008,swap,notBad
15027,15,195.60000000000008,15,195.60000000000008,swap,notBad
15028,15,195.60000000000008,15,195.60000000000008,2opt,notBad
15029,15,195.60000000000008,15,195.60000000000008,move,improve
15030,15,195.60000000000008,15,195.60000000000008,2opt,notBad
15031,15,195.60000000000008,15,195.60000000000008,swap,notBad
15032,15,195.60000000000008,15,195.60000000000008,swap,notBad
15033,15,195.60000000000008,15,195.60000000000008,2opt,notBad
15034,15,195.60000000000008,15,195.60000000000008,swap,notBad
15035,15,195.60000000000008,15,195.60000000000008,swap,notBad
15036,15,195.60000000000008,15,195.60000000000008,move,improve
15037,15,195.60000000000008,15,195.60000000000008,swap,notBad
15038,15,195.60000000000008,15,195.60000000000008,move,improve
15039,15,195.60000000000008,15,195.60000000000008,move,improve
15040,15,195.60000000000008,15,195.60000000000008,2opt,notBad
15041,15,195.60000000000008,15,195.60000000000008,swap,notBad
15042,15,195.60000000000008,15,195.60000000000008,move,improve
15043,15,195.60000000000008,15,195.60000000000008,swap,notBad
15044,15,195.60000000000008,15,195.60000000000008,swap,notBad
15045,15,195.60000000000008,15,195.60000000000008,move,improve
15046,15,195.60000000000008,15,195.60000000000008,swap,notBad
15047,15,195.60000000000008,15,195.60000000000008,swap,notBad
15048,15,195.60000000000008,15,195.60000000000008,swap,notBad
15049,15,195.60000000000008,15,195.60000000000008,move,improve
15050,15,195.60000000000008,15,195.60000000000008,swap,notBad
15051,15,195.60000000000008,15,195.60000000000008,move,improve
15052,15,195.60000000000008,15,195.60000000000008,move,improve
15053,15,195.60000000000008,15,195.60000000000008,swap,notBad
15054,15,195.60000000000008,15,195.60000000000008,move,improve
15055,15,195.60000000000008,15,195.60000000000008,swap,notBad
15056,15,195.60000000000008,15,195.60000000000008,swap,notBad
15057,15,195.60000000000008,15,195.60000000000008,2opt,notBad
15058,15,195.60000000000008,15,195.60000000000008,swap,notBad
15059,15,195.60000000000008,15,195.60000000000008,swap,notBad
15060,15,195.60000000000008,15,195.60000000000008,2opt,notBad
15061,15,195.60000000000008,15,195.60000000000008,move,improve
15062,15,195.60000000000008,15,195.60000000000008,move,improve
15063,15,195.60000000000008,15,195.60000000000008,2opt,notBad
15064,15,195.60000000000008,15,195.60000000000008,2opt,notBad
15065,15,195.60000000000008,15,195.60000000000008,swap,notBad
15066,15,195.60000000000008,15,195.60000000000008,swap,notBad
15067,15,195.60000000000008,15,195.60000000000008,move,improve
15068,15,195.60000000000008,15,195.60000000000008,swap,notBad
15069,15,195.60000000000008,15,195.60000000000008,swap,notBad
15070,15,195.60000000000008,15,195.60000000000008,move,improve
15071,15,195.60000000000008,15,195.60000000000008,move,improve
15072,15,195.60000000000008,15,195.60000000000008,swap,notBad
15073,15,195.60000000000008,15,195.60000000000008,2opt,improve
15074,15,195.60000000000008,15,195.60000000000008,swap,notBad
15075,15,195.60000000000008,15,195.60000000000008,2opt,notBad
15076,15,195.60000000000008,15,195.60000000000008,2opt,notBad
15077,15,195.60000000000008,15,195.60000000000008,2opt,notBad
15078,15,195.60000000000008,15,195.60000000000008,swap,notBad
15079,15,195.60000000000008,15,195.60000000000008,swap,notBad
15080,15,195.60000000000008,15,195.60000000000008,move,improve
15081,15,195.60000000000008,15,195.60000000000008,2opt,notBad
15082,15,195.60000000000008,15,195.60000000000008,move,improve
15083,15,195.60000000000008,15,195.60000000000008,2opt,notBad
15084,15,195.60000000000008,15,195.60000000000008,swap,notBad
15085,15,195.60000000000008,15,195.60000000000008,2opt,improve
15086,15,195.60000000000008,15,195.60000000000008,swap,notBad
15087,15,195.60000000000008,15,195.60000000000008,swap,notBad
15088,15,195.60000000000008,15,195.60000000000008,move,improve
15089,15,195.60000000000008,15,195.60000000000008,swap,notBad
15090,15,195.60000000000008,15,195.60000000000008,2opt,improve
15091,15,195.60000000000008,15,195.60000000000008,2opt,notBad
15092,15,195.60000000000008,15,195.60000000000008,2opt,notBad
15093,15,195.60000000000008,15,195.60000000000008,swap,improve
15094,15,195.60000000000008,15,195.60000000000008,swap,notBad
15095,15,195.60000000000008,15,195.60000000000008,swap,notBad
15096,15,195.60000000000008,15,195.60000000000008,swap,notBad
15097,15,195.60000000000008,15,195.60000000000008,move,improve
15098,15,195.60000000000008,15,195.60000000000008,move,improve
15099,15,195.60000000000008,15,195.60000000000008,swap,notBad
15100,15,195.60000000000008,15,195.60000000000008,2opt,notBad
15101,15,195.60000000000008,15,195.60000000000008,2opt,notBad
15102,15,195.60000000000008,15,195.60000000000008,2opt,notBad
15103,15,195.60000000000008,15,195.60000000000008,swap,notBad
15104,15,195.60000000000008,15,195.60000000000008,move,improve
15105,15,195.60000000000008,15,195.60000000000008,move,improve
15106,15,195.60000000000008,15,195.60000000000008,move,improve
15107,15,195.60000000000008,15,195.60000000000008,2opt,notBad
15108,15,195.60000000000008,15,195.60000000000008,swap,notBad
15109,15,195.60000000000008,15,195.60000000000008,2opt,notBad
15110,15,195.60000000000008,15,195.60000000000008,move,improve
15111,15,195.60000000000008,15,195.60000000000008,move,improve
15112,15,195.60000000000008,15,195.60000000000008,move,improve
15113,15,195.60000000000008,15,195.60000000000008,move,improve
15114,15,195.60000000000008,15,195.60000000000008,2opt,notBad
15115,15,195.60000000000008,15,195.60000000000008,2opt,notBad
15116,15,195.60000000000008,15,195.60000000000008,swap,notBad
15117,15,195.60000000000008,15,195.60000000000008,2opt,notBad
15118,15,195.60000000000008,15,195.60000000000008,2opt,notBad
15119,15,195.60000000000008,15,195.60000000000008,swap,notBad
15120,15,195.60000000000008,15,195.60000000000008,move,improve
15121,15,195.60000000000008,15,195.60000000000008,2opt,notBad
15122,15,195.60000000000008,15,195.60000000000008,swap,notBad
15123,15,195.60000000000008,15,195.60000000000008,move,improve
15124,15,195.60000000000008,15,195.60000000000008,2opt,notBad
15125,15,195.60000000000008,15,195.60000000000008,swap,notBad
15126,15,195.60000000000008,15,195.60000000000008,move,improve
15127,15,195.60000000000008,15,195.60000000000008,swap,notBad
15128,15,195.60000000000008,15,195.60000000000008,2opt,notBad
15129,15,195.60000000000008,15,195.60000000000008,move,improve
15130,15,195.60000000000008,15,195.60000000000008,2opt,notBad
15131,15,195.60000000000008,15,195.60000000000008,move,improve
15132,15,195.60000000000008,15,195.60000000000008,swap,notBad
15133,15,195.60000000000008,15,195.60000000000008,2opt,notBad
15134,15,195.60000000000008,15,195.60000000000008,move,improve
15135,15,195.60000000000008,15,195.60000000000008,move,improve
15136,15,195.60000000000008,15,195.60000000000008,2opt,notBad
15137,15,195.60000000000008,15,195.60000000000008,move,improve
15138,15,195.60000000000008,15,195.60000000000008,2opt,notBad
15139,15,195.60000000000008,15,195.60000000000008,2opt,notBad
15140,15,195.60000000000008,15,195.60000000000008,2opt,notBad
15141,15,195.60000000000008,15,195.60000000000008,swap,notBad
15142,15,195.60000000000008,15,195.60000000000008,move,improve
15143,15,195.60000000000008,15,195.60000000000008,2opt,notBad
15144,15,195.60000000000008,15,195.60000000000008,swap,notBad
15145,15,195.60000000000008,15,195.60000000000008,move,improve
15146,15,195.60000000000008,15,195.60000000000008,swap,notBad
15147,15,195.60000000000008,15,195.60000000000008,swap,notBad
15148,15,195.60000000000008,15,195.60000000000008,2opt,notBad
15149,15,195.60000000000008,15,195.60000000000008,move,improve
15150,15,195.60000000000008,15,195.60000000000008,swap,notBad
15151,15,195.60000000000008,15,195.60000000000008,2opt,improve
15152,15,195.60000000000008,15,195.60000000000008,swap,notBad
15153,15,195.60000000000008,15,195.60000000000008,2opt,notBad
15154,15,195.60000000000008,15,195.60000000000008,swap,notBad
15155,15,195.60000000000008,15,195.60000000000008,2opt,notBad
15156,15,195.60000000000008,15,195.60000000000008,move,improve
15157,15,195.60000000000008,15,195.60000000000008,2opt,improve
15158,15,195.60000000000008,15,195.60000000000008,2opt,notBad
15159,15,195.60000000000008,15,195.60000000000008,swap,notBad
15160,15,195.60000000000008,15,195.60000000000008,2opt,improve
15161,15,195.60000000000008,15,195.60000000000008,swap,notBad
15162,15,195.60000000000008,15,195.60000000000008,move,improve
15163,15,195.60000000000008,15,195.60000000000008,2opt,notBad
15164,15,195.60000000000008,15,195.60000000000008,swap,notBad
15165,15,195.60000000000008,15,195.60000000000008,move,improve
15166,15,195.60000000000008,15,195.60000000000008,move,improve
15167,15,195.60000000000008,15,195.60000000000008,2opt,notBad
15168,15,195.60000000000008,15,195.60000000000008,2opt,notBad
15169,15,195.60000000000008,15,195.60000000000008,swap,notBad
15170,15,195.60000000000008,15,195.60000000000008,swap,notBad
15171,15,195.60000000000008,15,195.60000000000008,swap,notBad
15172,15,195.60000000000008,15,195.60000000000008,swap,notBad
15173,15,195.60000000000008,15,195.60000000000008,2opt,notBad
15174,15,195.60000000000008,15,195.60000000000008,swap,notBad
15175,15,195.60000000000008,15,195.60000000000008,2opt,notBad
15176,15,195.60000000000008,15,195.60000000000008,swap,notBad
15177,15,195.60000000000008,15,195.60000000000008,2opt,improve
15178,15,195.60000000000008,15,195.60000000000008,move,improve
15179,15,195.60000000000008,15,195.60000000000008,move,improve
15180,15,195.60000000000008,15,195.60000000000008,move,improve
15181,15,195.60000000000008,15,195.60000000000008,2opt,notBad
15182,15,195.60000000000008,15,195.60000000000008,2opt,notBad
15183,15,195.60000000000008,15,195.60000000000008,move,improve
15184,15,195.60000000000008,15,195.60000000000008,swap,notBad
15185,15,195.60000000000008,15,195.60000000000008,move,improve
15186,15,195.60000000000008,15,195.60000000000008,swap,notBad
15187,15,195.60000000000008,15,195.60000000000008,move,improve
15188,15,195.60000000000008,15,195.60000000000008,swap,notBad
15189,15,195.60000000000008,15,195.60000000000008,2opt,notBad
15190,15,195.60000000000008,15,195.60000000000008,2opt,notBad
15191,15,195.60000000000008,15,195.60000000000008,swap,notBad
15192,15,195.60000000000008,15,195.60000000000008,2opt,improve
15193,15,195.60000000000008,15,195.60000000000008,2opt,notBad
15194,15,195.60000000000008,15,195.60000000000008,swap,notBad
15195,15,195.60000000000008,15,195.60000000000008,2opt,notBad
15196,15,195.60000000000008,15,195.60000000000008,2opt,improve
15197,15,195.60000000000008,15,195.60000000000008,move,improve
15198,15,195.60000000000008,15,195.60000000000008,move,improve
15199,15,195.60000000000008,15,195.60000000000008,swap,notBad
15200,15,195.60000000000008,15,195.60000000000008,swap,notBad
15201,15,195.60000000000008,15,195.60000000000008,2opt,notBad
15202,15,195.60000000000008,15,195.60000000000008,2opt,notBad
15203,15,195.60000000000008,15,195.60000000000008,2opt,notBad
15204,15,195.60000000000008,15,195.60000000000008,move,improve
15205,15,195.60000000000008,15,195.60000000000008,swap,notBad
15206,15,195.60000000000008,15,195.60000000000008,2opt,notBad
15207,15,195.60000000000008,15,195.60000000000008,swap,notBad
15208,15,195.60000000000008,15,195.60000000000008,2opt,notBad
15209,15,195.60000000000008,15,195.60000000000008,2opt,notBad
15210,15,195.60000000000008,15,195.60000000000008,move,improve
15211,15,195.60000000000008,15,195.60000000000008,2opt,notBad
15212,15,195.60000000000008,15,195.60000000000008,swap,notBad
15213,15,195.60000000000008,15,195.60000000000008,swap,notBad
15214,15,195.60000000000008,15,195.60000000000008,2opt,notBad
15215,15,195.60000000000008,15,195.60000000000008,move,improve
15216,15,195.60000000000008,15,195.60000000000008,move,improve
15217,15,195.60000000000008,15,195.60000000000008,2opt,improve
15218,15,195.60000000000008,15,195.60000000000008,swap,notBad
15219,15,195.60000000000008,15,195.60000000000008,swap,notBad
15220,15,195.60000000000008,15,195.60000000000008,swap,notBad
15221,15,195.60000000000008,15,195.60000000000008,2opt,notBad
15222,15,195.60000000000008,15,195.60000000000008,swap,notBad
15223,15,195.60000000000008,15,195.60000000000008,2opt,improve
15224,15,195.60000000000008,15,195.60000000000008,move,improve
15225,15,195.60000000000008,15,195.60000000000008,2opt,notBad
15226,15,195.60000000000008,15,195.60000000000008,swap,notBad
15227,15,195.60000000000008,15,195.60000000000008,2opt,notBad
15228,15,195.60000000000008,15,195.60000000000008,swap,notBad
15229,15,195.60000000000008,15,195.60000000000008,2opt,improve
15230,15,195.60000000000008,15,195.60000000000008,swap,notBad
15231,15,195.60000000000008,15,195.60000000000008,2opt,notBad
15232,15,195.60000000000008,15,195.60000000000008,move,improve
15233,15,195.60000000000008,15,195.60000000000008,swap,notBad
15234,15,195.60000000000008,15,195.60000000000008,swap,notBad
15235,15,195.60000000000008,15,195.60000000000008,swap,notBad
15236,15,195.60000000000008,15,195.60000000000008,move,improve
15237,15,195.60000000000008,15,195.60000000000008,swap,notBad
15238,15,195.60000000000008,15,195.60000000000008,move,improve
15239,15,195.60000000000008,15,195.60000000000008,2opt,notBad
15240,15,195.60000000000008,15,195.60000000000008,2opt,notBad
15241,15,195.60000000000008,15,195.60000000000008,2opt,improve
15242,15,195.60000000000008,15,195.60000000000008,swap,notBad
15243,15,195.60000000000008,15,195.60000000000008,2opt,notBad
15244,15,195.60000000000008,15,195.60000000000008,2opt,notBad
15245,15,195.60000000000008,15,195.60000000000008,move,improve
15246,15,195.60000000000008,15,195.60000000000008,swap,notBad
15247,15,195.60000000000008,15,195.60000000000008,swap,notBad
15248,15,195.60000000000008,15,195.60000000000008,2opt,improve
15249,15,195.60000000000008,15,195.60000000000008,move,improve
15250,15,195.60000000000008,15,195.60000000000008,swap,notBad
15251,15,195.60000000000008,15,195.60000000000008,move,improve
15252,15,195.60000000000008,15,195.60000000000008,swap,notBad
15253,15,195.60000000000008,15,195.60000000000008,swap,notBad
15254,15,195.60000000000008,15,195.60000000000008,move,improve
15255,15,195.60000000000008,15,195.60000000000008,swap,notBad
15256,15,195.60000000000008,15,195.60000000000008,2opt,notBad
15257,15,196.8,15,195.60000000000008,swap,acceptBad
15258,15,196.8,15,195.60000000000008,2opt,notBad
15259,15,196.8,15,195.60000000000008,move,improve
15260,15,196.8,15,195.60000000000008,swap,notBad
15261,15,196.8,15,195.60000000000008,swap,notBad
15262,15,196.8,15,195.60000000000008,move,improve
15263,15,196.8,15,195.60000000000008,move,improve
15264,15,196.8,15,195.60000000000008,move,improve
15265,15,196.8,15,195.60000000000008,2opt,notBad
15266,15,196.8,15,195.60000000000008,move,improve
15267,15,196.8,15,195.60000000000008,2opt,notBad
15268,15,196.8,15,195.60000000000008,swap,notBad
15269,15,196.8,15,195.60000000000008,move,improve
15270,15,196.8,15,195.60000000000008,move,improve
15271,15,196.8,15,195.60000000000008,2opt,improve
15272,15,196.8,15,195.60000000000008,swap,notBad
15273,15,196.8,15,195.60000000000008,swap,notBad
15274,15,196.8,15,195.60000000000008,swap,notBad
15275,15,196.8,15,195.60000000000008,move,improve
15276,15,196.8,15,195.60000000000008,2opt,notBad
15277,15,196.8,15,195.60000000000008,2opt,notBad
15278,15,196.8,15,195.60000000000008,2opt,notBad
15279,15,196.8,15,195.60000000000008,2opt,notBad
15280,15,196.8,15,195.60000000000008,move,improve
15281,15,196.8,15,195.60000000000008,move,improve
15282,15,196.8,15,195.60000000000008,2opt,improve
15283,15,196.8,15,195.60000000000008,move,improve
15284,15,196.8,15,195.60000000000008,2opt,notBad
15285,15,196.8,15,195.60000000000008,2opt,notBad
15286,15,196.8,15,195.60000000000008,swap,notBad
15287,15,196.8,15,195.60000000000008,2opt,notBad
15288,15,196.8,15,195.60000000000008,swap,notBad
15289,15,196.8,15,195.60000000000008,2opt,notBad
15290,15,196.8,15,195.60000000000008,move,improve
15291,15,196.8,15,195.60000000000008,swap,notBad
15292,15,196.8,15,195.60000000000008,swap,notBad
15293,15,196.8,15,195.60000000000008,move,improve
15294,15,196.8,15,195.60000000000008,move,improve
15295,15,196.8,15,195.60000000000008,2opt,improve
15296,15,196.8,15,195.60000000000008,move,improve
15297,15,196.8,15,195.60000000000008,swap,notBad
15298,15,196.8,15,195.60000000000008,move,improve
15299,15,196.8,15,195.60000000000008,swap,notBad
15300,15,196.8,15,195.60000000000008,move,improve
15301,15,196.8,15,195.60000000000008,swap,notBad
15302,15,196.8,15,195.60000000000008,swap,notBad
15303,15,196.8,15,195.60000000000008,swap,notBad
15304,15,196.8,15,195.60000000000008,move,improve
15305,15,196.8,15,195.60000000000008,move,improve
15306,15,196.8,15,195.60000000000008,swap,notBad
15307,15,196.8,15,195.60000000000008,move,improve
15308,15,196.8,15,195.60000000000008,move,improve
15309,15,196.8,15,195.60000000000008,swap,notBad
15310,15,196.8,15,195.60000000000008,swap,notBad
15311,15,196.8,15,195.60000000000008,2opt,notBad
15312,15,196.8,15,195.60000000000008,2opt,notBad
15313,15,196.8,15,195.60000000000008,swap,notBad
15314,15,196.8,15,195.60000000000008,swap,notBad
15315,15,196.8,15,195.60000000000008,swap,notBad
15316,15,196.8,15,195.60000000000008,move,improve
15317,15,196.8,15,195.60000000000008,2opt,notBad
15318,15,196.8,15,195.60000000000008,swap,notBad
15319,15,196.8,15,195.60000000000008,swap,notBad
15320,15,196.8,15,195.60000000000008,2opt,notBad
15321,15,196.8,15,195.60000000000008,swap,notBad
15322,15,196.8,15,195.60000000000008,move,improve
15323,15,196.8,15,195.60000000000008,move,improve
15324,15,196.8,15,195.60000000000008,move,improve
15325,15,196.8,15,195.60000000000008,2opt,improve
15326,15,196.8,15,195.60000000000008,move,improve
15327,15,196.8,15,195.60000000000008,move,improve
15328,15,196.8,15,195.60000000000008,swap,notBad
15329,15,196.8,15,195.60000000000008,2opt,notBad
15330,15,196.8,15,195.60000000000008,swap,notBad
15331,15,196.8,15,195.60000000000008,move,improve
15332,15,196.8,15,195.60000000000008,2opt,improve
15333,15,196.8,15,195.60000000000008,2opt,notBad
15334,15,196.8,15,195.60000000000008,move,improve
15335,15,196.8,15,195.60000000000008,2opt,notBad
15336,15,196.8,15,195.60000000000008,swap,notBad
15337,15,196.8,15,195.60000000000008,swap,notBad
15338,15,196.8,15,195.60000000000008,swap,notBad
15339,15,196.8,15,195.60000000000008,move,improve
15340,15,196.8,15,195.60000000000008,2opt,notBad
15341,15,196.8,15,195.60000000000008,swap,notBad
15342,15,196.8,15,195.60000000000008,swap,notBad
15343,15,196.8,15,195.60000000000008,2opt,notBad
15344,15,196.8,15,195.60000000000008,2opt,notBad
15345,15,196.8,15,195.60000000000008,2opt,notBad
15346,15,196.8,15,195.60000000000008,swap,notBad
15347,15,196.8,15,195.60000000000008,move,improve
15348,15,196.8,15,195.60000000000008,2opt,notBad
15349,15,196.8,15,195.60000000000008,move,improve
15350,15,196.8,15,195.60000000000008,move,improve
15351,15,196.8,15,195.60000000000008,2opt,notBad
15352,15,196.8,15,195.60000000000008,move,improve
15353,15,196.8,15,195.60000000000008,move,improve
15354,15,196.8,15,195.60000000000008,move,improve
15355,15,196.8,15,195.60000000000008,2opt,improve
15356,15,196.8,15,195.60000000000008,2opt,notBad
15357,15,196.8,15,195.60000000000008,swap,notBad
15358,15,196.8,15,195.60000000000008,move,improve
15359,15,196.8,15,195.60000000000008,swap,notBad
15360,15,196.8,15,195.60000000000008,move,improve
15361,15,196.8,15,195.60000000000008,swap,notBad
15362,15,196.8,15,195.60000000000008,swap,notBad
15363,15,196.8,15,195.60000000000008,2opt,notBad
15364,15,196.8,15,195.60000000000008,move,improve
15365,15,196.8,15,195.60000000000008,move,improve
15366,15,196.8,15,195.60000000000008,move,improve
15367,15,196.8,15,195.60000000000008,swap,notBad
15368,15,196.8,15,195.60000000000008,swap,notBad
15369,15,196.8,15,195.60000000000008,2opt,improve
15370,15,196.8,15,195.60000000000008,move,notBad
15371,15,196.8,15,195.60000000000008,2opt,notBad
15372,15,196.8,15,195.60000000000008,move,improve
15373,15,196.8,15,195.60000000000008,2opt,notBad
15374,15,196.8,15,195.60000000000008,move,improve
15375,15,196.8,15,195.60000000000008,swap,notBad
15376,15,196.8,15,195.60000000000008,2opt,notBad
15377,15,196.8,15,195.60000000000008,swap,notBad
15378,15,196.8,15,195.60000000000008,2opt,improve
15379,15,196.8,15,195.60000000000008,2opt,notBad
15380,15,196.8,15,195.60000000000008,move,improve
15381,15,196.8,15,195.60000000000008,2opt,notBad
15382,15,196.8,15,195.60000000000008,2opt,notBad
15383,15,196.8,15,195.60000000000008,move,improve
15384,15,196.8,15,195.60000000000008,2opt,notBad
15385,15,196.8,15,195.60000000000008,2opt,notBad
15386,15,196.8,15,195.60000000000008,swap,notBad
15387,15,196.8,15,195.60000000000008,2opt,notBad
15388,15,196.8,15,195.60000000000008,2opt,notBad
15389,15,196.8,15,195.60000000000008,move,improve
15390,15,196.8,15,195.60000000000008,2opt,notBad
15391,15,196.8,15,195.60000000000008,2opt,notBad
15392,15,196.8,15,195.60000000000008,2opt,notBad
15393,15,196.8,15,195.60000000000008,swap,notBad
15394,15,195.60000000000008,15,195.60000000000008,move,improve
15395,15,195.60000000000008,15,195.60000000000008,swap,notBad
15396,15,195.60000000000008,15,195.60000000000008,swap,notBad
15397,15,195.60000000000008,15,195.60000000000008,swap,notBad
15398,15,195.60000000000008,15,195.60000000000008,2opt,notBad
15399,15,195.60000000000008,15,195.60000000000008,move,improve
15400,15,195.60000000000008,15,195.60000000000008,swap,notBad
15401,15,195.60000000000008,15,195.60000000000008,move,improve
15402,15,195.60000000000008,15,195.60000000000008,swap,notBad
15403,15,195.60000000000008,15,195.60000000000008,2opt,notBad
15404,15,195.60000000000008,15,195.60000000000008,2opt,notBad
15405,15,195.60000000000008,15,195.60000000000008,2opt,notBad
15406,15,195.60000000000008,15,195.60000000000008,move,improve
15407,15,195.60000000000008,15,195.60000000000008,move,improve
15408,15,195.60000000000008,15,195.60000000000008,swap,notBad
15409,15,195.60000000000008,15,195.60000000000008,swap,notBad
15410,15,195.60000000000008,15,195.60000000000008,move,improve
15411,15,195.60000000000008,15,195.60000000000008,move,improve
15412,15,195.60000000000008,15,195.60000000000008,swap,notBad
15413,15,195.60000000000008,15,195.60000000000008,swap,notBad
15414,15,195.60000000000008,15,195.60000000000008,move,improve
15415,15,195.60000000000008,15,195.60000000000008,2opt,notBad
15416,15,195.60000000000008,15,195.60000000000008,2opt,notBad
15417,15,195.60000000000008,15,195.60000000000008,move,improve
15418,15,195.60000000000008,15,195.60000000000008,move,improve
15419,15,195.60000000000008,15,195.60000000000008,swap,notBad
15420,15,195.60000000000008,15,195.60000000000008,2opt,notBad
15421,15,195.60000000000008,15,195.60000000000008,2opt,notBad
15422,15,195.60000000000008,15,195.60000000000008,2opt,notBad
15423,15,195.60000000000008,15,195.60000000000008,swap,notBad
15424,15,195.60000000000008,15,195.60000000000008,move,improve
15425,15,195.60000000000008,15,195.60000000000008,2opt,notBad
15426,15,195.60000000000008,15,195.60000000000008,2opt,notBad
15427,15,195.60000000000008,15,195.60000000000008,swap,notBad
15428,15,195.60000000000008,15,195.60000000000008,swap,notBad
15429,15,195.60000000000008,15,195.60000000000008,move,improve
15430,15,195.60000000000008,15,195.60000000000008,2opt,notBad
15431,15,195.60000000000008,15,195.60000000000008,swap,notBad
15432,15,195.60000000000008,15,195.60000000000008,move,improve
15433,15,195.60000000000008,15,195.60000000000008,swap,notBad
15434,15,195.60000000000008,15,195.60000000000008,2opt,improve
15435,15,195.60000000000008,15,195.60000000000008,swap,notBad
15436,15,195.60000000000008,15,195.60000000000008,swap,notBad
15437,15,195.60000000000008,15,195.60000000000008,move,improve
15438,15,195.60000000000008,15,195.60000000000008,2opt,notBad
15439,15,195.60000000000008,15,195.60000000000008,move,improve
15440,15,195.60000000000008,15,195.60000000000008,swap,notBad
15441,15,195.60000000000008,15,195.60000000000008,move,notBad
15442,15,195.60000000000008,15,195.60000000000008,swap,notBad
15443,15,195.60000000000008,15,195.60000000000008,2opt,notBad
15444,15,195.60000000000008,15,195.60000000000008,move,improve
15445,15,195.60000000000008,15,195.60000000000008,2opt,notBad
15446,15,195.60000000000008,15,195.60000000000008,move,improve
15447,15,195.60000000000008,15,195.60000000000008,move,improve
15448,15,195.60000000000008,15,195.60000000000008,swap,notBad
15449,15,195.60000000000008,15,195.60000000000008,2opt,improve
15450,15,195.60000000000008,15,195.60000000000008,move,improve
15451,15,195.60000000000008,15,195.60000000000008,move,improve
15452,15,195.60000000000008,15,195.60000000000008,swap,notBad
15453,15,195.60000000000008,15,195.60000000000008,move,improve
15454,15,195.60000000000008,15,195.60000000000008,move,improve
15455,15,195.60000000000008,15,195.60000000000008,move,improve
15456,15,195.60000000000008,15,195.60000000000008,2opt,notBad
15457,15,195.60000000000008,15,195.60000000000008,move,improve
15458,15,195.60000000000008,15,195.60000000000008,2opt,notBad
15459,15,195.60000000000008,15,195.60000000000008,swap,notBad
15460,15,195.60000000000008,15,195.60000000000008,swap,notBad
15461,15,195.60000000000008,15,195.60000000000008,2opt,improve
15462,15,195.60000000000008,15,195.60000000000008,move,improve
15463,15,195.60000000000008,15,195.60000000000008,2opt,notBad
15464,15,195.60000000000008,15,195.60000000000008,swap,notBad
15465,15,195.60000000000008,15,195.60000000000008,swap,notBad
15466,15,195.60000000000008,15,195.60000000000008,move,improve
15467,15,195.60000000000008,15,195.60000000000008,swap,notBad
15468,15,195.60000000000008,15,195.60000000000008,2opt,notBad
15469,15,195.60000000000008,15,195.60000000000008,2opt,notBad
15470,15,195.60000000000008,15,195.60000000000008,move,improve
15471,15,195.60000000000008,15,195.60000000000008,move,improve
15472,15,195.60000000000008,15,195.60000000000008,move,improve
15473,15,195.60000000000008,15,195.60000000000008,2opt,notBad
15474,15,195.60000000000008,15,195.60000000000008,move,improve
15475,15,195.60000000000008,15,195.60000000000008,2opt,notBad
15476,15,195.60000000000008,15,195.60000000000008,swap,notBad
15477,15,195.60000000000008,15,195.60000000000008,2opt,notBad
15478,15,195.60000000000008,15,195.60000000000008,move,improve
15479,15,195.60000000000008,15,195.60000000000008,swap,notBad
15480,15,195.60000000000008,15,195.60000000000008,2opt,notBad
15481,15,195.60000000000008,15,195.60000000000008,move,improve
15482,15,195.60000000000008,15,195.60000000000008,swap,notBad
15483,15,195.60000000000008,15,195.60000000000008,2opt,notBad
15484,15,195.60000000000008,15,195.60000000000008,swap,notBad
15485,15,195.60000000000008,15,195.60000000000008,2opt,notBad
15486,15,195.60000000000008,15,195.60000000000008,swap,notBad
15487,15,195.60000000000008,15,195.60000000000008,2opt,notBad
15488,15,195.60000000000008,15,195.60000000000008,move,improve
15489,15,195.60000000000008,15,195.60000000000008,swap,notBad
15490,15,195.60000000000008,15,195.60000000000008,swap,notBad
15491,15,195.60000000000008,15,195.60000000000008,swap,notBad
15492,15,195.60000000000008,15,195.60000000000008,move,improve
15493,15,195.60000000000008,15,195.60000000000008,swap,notBad
15494,15,195.60000000000008,15,195.60000000000008,2opt,notBad
15495,15,195.60000000000008,15,195.60000000000008,swap,notBad
15496,15,195.60000000000008,15,195.60000000000008,swap,notBad
15497,15,195.60000000000008,15,195.60000000000008,2opt,improve
15498,15,195.60000000000008,15,195.60000000000008,swap,notBad
15499,15,195.60000000000008,15,195.60000000000008,2opt,notBad
15500,15,195.60000000000008,15,195.60000000000008,2opt,improve
15501,15,195.60000000000008,15,195.60000000000008,move,improve
15502,15,195.60000000000008,15,195.60000000000008,swap,notBad
15503,15,195.60000000000008,15,195.60000000000008,move,improve
15504,15,195.60000000000008,15,195.60000000000008,2opt,notBad
15505,15,195.60000000000008,15,195.60000000000008,2opt,improve
15506,15,195.60000000000008,15,195.60000000000008,2opt,notBad
15507,15,195.60000000000008,15,195.60000000000008,swap,notBad
15508,15,195.60000000000008,15,195.60000000000008,move,improve
15509,15,195.60000000000008,15,195.60000000000008,move,improve
15510,15,195.60000000000008,15,195.60000000000008,move,improve
15511,15,195.60000000000008,15,195.60000000000008,swap,notBad
15512,15,195.60000000000008,15,195.60000000000008,swap,notBad
15513,15,195.60000000000008,15,195.60000000000008,swap,notBad
15514,15,195.60000000000008,15,195.60000000000008,move,improve
15515,15,195.60000000000008,15,195.60000000000008,move,improve
15516,15,195.60000000000008,15,195.60000000000008,move,improve
15517,15,195.60000000000008,15,195.60000000000008,move,improve
15518,15,195.60000000000008,15,195.60000000000008,move,improve
15519,15,195.60000000000008,15,195.60000000000008,swap,notBad
15520,15,195.60000000000008,15,195.60000000000008,2opt,notBad
15521,15,195.60000000000008,15,195.60000000000008,swap,notBad
15522,15,195.60000000000008,15,195.60000000000008,2opt,improve
15523,15,195.60000000000008,15,195.60000000000008,move,improve
15524,15,195.60000000000008,15,195.60000000000008,swap,notBad
15525,15,195.60000000000008,15,195.60000000000008,2opt,notBad
15526,15,195.60000000000008,15,195.60000000000008,swap,notBad
15527,15,195.60000000000008,15,195.60000000000008,2opt,improve
15528,15,195.60000000000008,15,195.60000000000008,swap,notBad
15529,15,195.60000000000008,15,195.60000000000008,move,improve
15530,15,195.60000000000008,15,195.60000000000008,2opt,notBad
15531,15,195.60000000000008,15,195.60000000000008,move,improve
15532,15,195.60000000000008,15,195.60000000000008,move,improve
15533,15,195.60000000000008,15,195.60000000000008,2opt,notBad
15534,15,195.60000000000008,15,195.60000000000008,move,improve
15535,15,195.60000000000008,15,195.60000000000008,move,improve
15536,15,195.60000000000008,15,195.60000000000008,swap,notBad
15537,15,195.60000000000008,15,195.60000000000008,2opt,improve
15538,15,195.60000000000008,15,195.60000000000008,move,improve
15539,15,195.60000000000008,15,195.60000000000008,2opt,notBad
15540,15,195.60000000000008,15,195.60000000000008,swap,notBad
15541,15,195.60000000000008,15,195.60000000000008,move,improve
15542,15,195.60000000000008,15,195.60000000000008,2opt,notBad
15543,15,195.60000000000008,15,195.60000000000008,move,improve
15544,15,195.60000000000008,15,195.60000000000008,move,improve
15545,15,195.60000000000008,15,195.60000000000008,swap,notBad
15546,15,195.60000000000008,15,195.60000000000008,2opt,notBad
15547,15,195.60000000000008,15,195.60000000000008,2opt,notBad
15548,15,195.60000000000008,15,195.60000000000008,2opt,notBad
15549,15,195.60000000000008,15,195.60000000000008,2opt,notBad
15550,15,195.60000000000008,15,195.60000000000008,swap,notBad
15551,15,195.60000000000008,15,195.60000000000008,2opt,notBad
15552,15,195.60000000000008,15,195.60000000000008,move,improve
15553,15,195.60000000000008,15,195.60000000000008,move,improve
15554,15,195.60000000000008,15,195.60000000000008,swap,notBad
15555,15,195.60000000000008,15,195.60000000000008,move,improve
15556,15,195.60000000000008,15,195.60000000000008,2opt,notBad
15557,15,195.60000000000008,15,195.60000000000008,move,improve
15558,15,195.60000000000008,15,195.60000000000008,move,improve
15559,15,195.60000000000008,15,195.60000000000008,2opt,notBad
15560,15,195.60000000000008,15,195.60000000000008,2opt,notBad
15561,15,195.60000000000008,15,195.60000000000008,move,improve
15562,15,195.60000000000008,15,195.60000000000008,swap,notBad
15563,15,195.60000000000008,15,195.60000000000008,2opt,notBad
15564,15,195.60000000000008,15,195.60000000000008,move,improve
15565,15,195.60000000000008,15,195.60000000000008,2opt,notBad
15566,15,195.60000000000008,15,195.60000000000008,swap,notBad
15567,15,195.60000000000008,15,195.60000000000008,swap,notBad
15568,15,195.60000000000008,15,195.60000000000008,swap,notBad
15569,15,195.60000000000008,15,195.60000000000008,move,improve
15570,15,195.60000000000008,15,195.60000000000008,2opt,notBad
15571,15,195.60000000000008,15,195.60000000000008,swap,notBad
15572,15,195.60000000000008,15,195.60000000000008,swap,notBad
15573,15,195.60000000000008,15,195.60000000000008,move,improve
15574,15,195.60000000000008,15,195.60000000000008,swap,notBad
15575,15,195.60000000000008,15,195.60000000000008,move,improve
15576,15,195.60000000000008,15,195.60000000000008,move,improve
15577,15,195.60000000000008,15,195.60000000000008,2opt,notBad
15578,15,195.60000000000008,15,195.60000000000008,2opt,notBad
15579,15,195.60000000000008,15,195.60000000000008,move,improve
15580,15,195.60000000000008,15,195.60000000000008,swap,notBad
15581,15,195.60000000000008,15,195.60000000000008,swap,notBad
15582,15,195.60000000000008,15,195.60000000000008,swap,notBad
15583,15,195.60000000000008,15,195.60000000000008,2opt,notBad
15584,15,195.60000000000008,15,195.60000000000008,move,improve
15585,15,195.60000000000008,15,195.60000000000008,swap,notBad
15586,15,195.60000000000008,15,195.60000000000008,swap,notBad
15587,15,195.60000000000008,15,195.60000000000008,swap,notBad
15588,15,195.60000000000008,15,195.60000000000008,2opt,notBad
15589,15,195.60000000000008,15,195.60000000000008,swap,notBad
15590,15,195.60000000000008,15,195.60000000000008,swap,notBad
15591,15,195.60000000000008,15,195.60000000000008,move,improve
15592,15,195.60000000000008,15,195.60000000000008,move,improve
15593,15,195.60000000000008,15,195.60000000000008,2opt,notBad
15594,15,195.60000000000008,15,195.60000000000008,2opt,notBad
15595,15,195.60000000000008,15,195.60000000000008,move,improve
15596,15,195.60000000000008,15,195.60000000000008,move,improve
15597,15,195.60000000000008,15,195.60000000000008,move,improve
15598,15,195.60000000000008,15,195.60000000000008,move,improve
15599,15,195.60000000000008,15,195.60000000000008,swap,notBad
15600,15,195.60000000000008,15,195.60000000000008,swap,notBad
15601,15,195.60000000000008,15,195.60000000000008,move,improve
15602,15,195.60000000000008,15,195.60000000000008,swap,notBad
15603,15,195.60000000000008,15,195.60000000000008,2opt,notBad
15604,15,195.60000000000008,15,195.60000000000008,move,improve
15605,15,195.60000000000008,15,195.60000000000008,swap,notBad
15606,15,195.60000000000008,15,195.60000000000008,move,improve
15607,15,195.60000000000008,15,195.60000000000008,move,improve
15608,15,195.60000000000008,15,195.60000000000008,move,improve
15609,15,195.60000000000008,15,195.60000000000008,2opt,notBad
15610,15,195.60000000000008,15,195.60000000000008,swap,notBad
15611,15,195.60000000000008,15,195.60000000000008,move,improve
15612,15,195.60000000000008,15,195.60000000000008,2opt,improve
15613,15,195.60000000000008,15,195.60000000000008,swap,notBad
15614,15,195.60000000000008,15,195.60000000000008,2opt,notBad
15615,15,195.60000000000008,15,195.60000000000008,move,improve
15616,15,195.60000000000008,15,195.60000000000008,move,improve
15617,15,195.60000000000008,15,195.60000000000008,move,improve
15618,15,195.60000000000008,15,195.60000000000008,2opt,improve
15619,15,195.60000000000008,15,195.60000000000008,2opt,notBad
15620,15,195.60000000000008,15,195.60000000000008,2opt,notBad
15621,15,195.60000000000008,15,195.60000000000008,2opt,notBad
15622,15,195.60000000000008,15,195.60000000000008,swap,notBad
15623,15,195.60000000000008,15,195.60000000000008,swap,notBad
15624,15,195.60000000000008,15,195.60000000000008,2opt,notBad
15625,15,195.60000000000008,15,195.60000000000008,move,improve
15626,15,195.60000000000008,15,195.60000000000008,2opt,improve
15627,15,195.60000000000008,15,195.60000000000008,move,improve
15628,15,195.60000000000008,15,195.60000000000008,2opt,notBad
15629,15,195.60000000000008,15,195.60000000000008,move,improve
15630,15,195.60000000000008,15,195.60000000000008,2opt,notBad
15631,15,195.60000000000008,15,195.60000000000008,move,improve
15632,15,195.60000000000008,15,195.60000000000008,move,improve
15633,15,195.60000000000008,15,195.60000000000008,2opt,improve
15634,15,195.60000000000008,15,195.60000000000008,2opt,notBad
15635,15,195.60000000000008,15,195.60000000000008,2opt,notBad
15636,15,195.60000000000008,15,195.60000000000008,move,improve
15637,15,195.60000000000008,15,195.60000000000008,swap,notBad
15638,15,195.60000000000008,15,195.60000000000008,2opt,improve
15639,15,195.60000000000008,15,195.60000000000008,2opt,notBad
15640,15,195.60000000000008,15,195.60000000000008,swap,notBad
15641,15,195.60000000000008,15,195.60000000000008,swap,notBad
15642,15,195.60000000000008,15,195.60000000000008,swap,notBad
15643,15,195.60000000000008,15,195.60000000000008,swap,notBad
15644,15,195.60000000000008,15,195.60000000000008,move,improve
15645,15,195.60000000000008,15,195.60000000000008,move,improve
15646,15,195.60000000000008,15,195.60000000000008,swap,notBad
15647,15,195.60000000000008,15,195.60000000000008,move,improve
15648,15,195.60000000000008,15,195.60000000000008,2opt,notBad
15649,15,195.60000000000008,15,195.60000000000008,2opt,notBad
15650,15,195.60000000000008,15,195.60000000000008,move,improve
15651,15,195.60000000000008,15,195.60000000000008,swap,notBad
15652,15,195.60000000000008,15,195.60000000000008,2opt,notBad
15653,15,195.60000000000008,15,195.60000000000008,2opt,notBad
15654,15,195.60000000000008,15,195.60000000000008,move,improve
15655,15,195.60000000000008,15,195.60000000000008,2opt,notBad
15656,15,195.60000000000008,15,195.60000000000008,move,improve
15657,15,195.60000000000008,15,195.60000000000008,move,improve
15658,15,195.60000000000008,15,195.60000000000008,move,improve
15659,15,195.60000000000008,15,195.60000000000008,2opt,notBad
15660,15,195.60000000000008,15,195.60000000000008,swap,notBad
15661,15,195.60000000000008,15,195.60000000000008,swap,notBad
15662,15,195.60000000000008,15,195.60000000000008,move,improve
15663,15,195.60000000000008,15,195.60000000000008,swap,notBad
15664,15,195.60000000000008,15,195.60000000000008,2opt,improve
15665,15,195.60000000000008,15,195.60000000000008,2opt,notBad
15666,15,195.60000000000008,15,195.60000000000008,swap,notBad
15667,15,195.60000000000008,15,195.60000000000008,move,improve
15668,15,195.60000000000008,15,195.60000000000008,2opt,notBad
15669,15,195.60000000000008,15,195.60000000000008,2opt,notBad
15670,15,195.60000000000008,15,195.60000000000008,move,improve
15671,15,195.60000000000008,15,195.60000000000008,2opt,notBad
15672,15,195.60000000000008,15,195.60000000000008,move,improve
15673,15,195.60000000000008,15,195.60000000000008,swap,notBad
15674,15,195.60000000000008,15,195.60000000000008,2opt,notBad
15675,15,195.60000000000008,15,195.60000000000008,2opt,notBad
15676,15,195.60000000000008,15,195.60000000000008,2opt,notBad
15677,15,195.60000000000008,15,195.60000000000008,move,improve
15678,15,195.60000000000008,15,195.60000000000008,2opt,notBad
15679,15,195.60000000000008,15,195.60000000000008,2opt,notBad
15680,15,195.60000000000008,15,195.60000000000008,move,improve
15681,15,195.60000000000008,15,195.60000000000008,2opt,improve
15682,15,195.60000000000008,15,195.60000000000008,swap,notBad
15683,15,195.60000000000008,15,195.60000000000008,move,improve
15684,15,195.60000000000008,15,195.60000000000008,swap,notBad
15685,15,195.60000000000008,15,195.60000000000008,2opt,notBad
15686,15,195.60000000000008,15,195.60000000000008,swap,notBad
15687,15,195.60000000000008,15,195.60000000000008,move,improve
15688,15,195.60000000000008,15,195.60000000000008,swap,notBad
15689,15,195.60000000000008,15,195.60000000000008,swap,notBad
15690,15,195.60000000000008,15,195.60000000000008,swap,notBad
15691,15,195.60000000000008,15,195.60000000000008,move,improve
15692,15,195.60000000000008,15,195.60000000000008,move,improve
15693,15,195.60000000000008,15,195.60000000000008,swap,notBad
15694,15,195.60000000000008,15,195.60000000000008,swap,notBad
15695,15,195.60000000000008,15,195.60000000000008,move,improve
15696,15,195.60000000000008,15,195.60000000000008,2opt,improve
15697,15,195.60000000000008,15,195.60000000000008,swap,notBad
15698,15,195.60000000000008,15,195.60000000000008,move,improve
15699,15,195.60000000000008,15,195.60000000000008,swap,notBad
15700,15,195.60000000000008,15,195.60000000000008,swap,notBad
15701,15,195.60000000000008,15,195.60000000000008,move,improve
15702,15,195.60000000000008,15,195.60000000000008,2opt,improve
15703,15,195.60000000000008,15,195.60000000000008,swap,notBad
15704,15,195.60000000000008,15,195.60000000000008,2opt,notBad
15705,15,195.60000000000008,15,195.60000000000008,move,improve
15706,15,195.60000000000008,15,195.60000000000008,move,improve
15707,15,195.60000000000008,15,195.60000000000008,move,improve
15708,15,195.60000000000008,15,195.60000000000008,2opt,notBad
15709,15,195.60000000000008,15,195.60000000000008,move,improve
15710,15,195.60000000000008,15,195.60000000000008,2opt,notBad
15711,15,195.60000000000008,15,195.60000000000008,2opt,improve
15712,15,195.60000000000008,15,195.60000000000008,move,improve
15713,15,195.60000000000008,15,195.60000000000008,2opt,notBad
15714,15,195.60000000000008,15,195.60000000000008,move,improve
15715,15,195.60000000000008,15,195.60000000000008,swap,notBad
15716,15,195.60000000000008,15,195.60000000000008,move,improve
15717,15,195.60000000000008,15,195.60000000000008,move,improve
15718,15,195.60000000000008,15,195.60000000000008,move,improve
15719,15,195.60000000000008,15,195.60000000000008,move,improve
15720,15,195.60000000000008,15,195.60000000000008,2opt,improve
15721,15,195.60000000000008,15,195.60000000000008,swap,notBad
15722,15,195.60000000000008,15,195.60000000000008,2opt,notBad
15723,15,195.60000000000008,15,195.60000000000008,move,improve
15724,15,195.60000000000008,15,195.60000000000008,swap,notBad
15725,15,195.60000000000008,15,195.60000000000008,move,improve
15726,15,195.60000000000008,15,195.60000000000008,2opt,improve
15727,15,195.60000000000008,15,195.60000000000008,swap,notBad
15728,15,195.60000000000008,15,195.60000000000008,2opt,notBad
15729,15,195.60000000000008,15,195.60000000000008,move,improve
15730,15,195.60000000000008,15,195.60000000000008,2opt,improve
15731,15,195.60000000000008,15,195.60000000000008,move,improve
15732,15,195.60000000000008,15,195.60000000000008,move,improve
15733,15,195.60000000000008,15,195.60000000000008,2opt,notBad
15734,15,195.60000000000008,15,195.60000000000008,move,improve
15735,15,195.60000000000008,15,195.60000000000008,2opt,notBad
15736,15,195.60000000000008,15,195.60000000000008,2opt,notBad
15737,15,195.60000000000008,15,195.60000000000008,move,improve
15738,15,195.60000000000008,15,195.60000000000008,move,improve
15739,15,195.60000000000008,15,195.60000000000008,2opt,notBad
15740,15,195.60000000000008,15,195.60000000000008,2opt,notBad
15741,15,195.60000000000008,15,195.60000000000008,move,improve
15742,15,195.60000000000008,15,195.60000000000008,swap,notBad
15743,15,195.60000000000008,15,195.60000000000008,swap,notBad
15744,15,195.60000000000008,15,195.60000000000008,2opt,notBad
15745,15,195.60000000000008,15,195.60000000000008,2opt,notBad
15746,15,195.60000000000008,15,195.60000000000008,swap,notBad
15747,15,195.60000000000008,15,195.60000000000008,2opt,notBad
15748,15,195.60000000000008,15,195.60000000000008,2opt,notBad
15749,15,195.60000000000008,15,195.60000000000008,swap,notBad
15750,15,195.60000000000008,15,195.60000000000008,move,improve
15751,15,195.60000000000008,15,195.60000000000008,swap,notBad
15752,15,195.60000000000008,15,195.60000000000008,swap,notBad
15753,15,195.60000000000008,15,195.60000000000008,2opt,notBad
15754,15,195.60000000000008,15,195.60000000000008,2opt,notBad
15755,15,195.60000000000008,15,195.60000000000008,2opt,notBad
15756,15,195.60000000000008,15,195.60000000000008,2opt,notBad
15757,15,195.60000000000008,15,195.60000000000008,move,improve
15758,15,195.60000000000008,15,195.60000000000008,2opt,notBad
15759,15,195.60000000000008,15,195.60000000000008,2opt,notBad
15760,15,195.60000000000008,15,195.60000000000008,move,improve
15761,15,195.60000000000008,15,195.60000000000008,swap,notBad
15762,15,195.60000000000008,15,195.60000000000008,2opt,notBad
15763,15,195.60000000000008,15,195.60000000000008,move,improve
15764,15,195.60000000000008,15,195.60000000000008,2opt,notBad
15765,15,195.60000000000008,15,195.60000000000008,2opt,notBad
15766,15,195.60000000000008,15,195.60000000000008,swap,notBad
15767,15,195.60000000000008,15,195.60000000000008,swap,notBad
15768,15,195.60000000000008,15,195.60000000000008,swap,notBad
15769,15,195.60000000000008,15,195.60000000000008,2opt,notBad
15770,15,195.60000000000008,15,195.60000000000008,2opt,notBad
15771,15,195.60000000000008,15,195.60000000000008,move,improve
15772,15,195.60000000000008,15,195.60000000000008,move,improve
15773,15,195.60000000000008,15,195.60000000000008,swap,notBad
15774,15,195.60000000000008,15,195.60000000000008,swap,notBad
15775,15,195.60000000000008,15,195.60000000000008,swap,notBad
15776,15,195.60000000000008,15,195.60000000000008,2opt,improve
15777,15,195.60000000000008,15,195.60000000000008,move,improve
15778,15,195.60000000000008,15,195.60000000000008,2opt,notBad
15779,15,195.60000000000008,15,195.60000000000008,2opt,notBad
15780,15,195.60000000000008,15,195.60000000000008,2opt,improve
15781,15,195.60000000000008,15,195.60000000000008,2opt,notBad
15782,15,195.60000000000008,15,195.60000000000008,2opt,notBad
15783,15,195.60000000000008,15,195.60000000000008,move,improve
15784,15,195.60000000000008,15,195.60000000000008,swap,notBad
15785,15,195.60000000000008,15,195.60000000000008,move,improve
15786,15,195.60000000000008,15,195.60000000000008,swap,notBad
15787,15,195.60000000000008,15,195.60000000000008,swap,notBad
15788,15,195.60000000000008,15,195.60000000000008,swap,improve
15789,15,195.60000000000008,15,195.60000000000008,2opt,notBad
15790,15,195.60000000000008,15,195.60000000000008,swap,notBad
15791,15,195.60000000000008,15,195.60000000000008,2opt,improve
15792,15,195.60000000000008,15,195.60000000000008,move,improve
15793,15,195.60000000000008,15,195.60000000000008,swap,notBad
15794,15,195.60000000000008,15,195.60000000000008,2opt,improve
15795,15,195.60000000000008,15,195.60000000000008,move,improve
15796,15,195.60000000000008,15,195.60000000000008,swap,notBad
15797,15,195.60000000000008,15,195.60000000000008,swap,notBad
15798,15,195.60000000000008,15,195.60000000000008,2opt,improve
15799,15,195.60000000000008,15,195.60000000000008,move,improve
15800,15,195.60000000000008,15,195.60000000000008,move,improve
15801,15,195.60000000000008,15,195.60000000000008,move,improve
15802,15,195.60000000000008,15,195.60000000000008,2opt,notBad
15803,15,195.60000000000008,15,195.60000000000008,swap,notBad
15804,15,195.60000000000008,15,195.60000000000008,swap,notBad
15805,15,195.60000000000008,15,195.60000000000008,swap,notBad
15806,15,195.60000000000008,15,195.60000000000008,2opt,notBad
15807,15,195.60000000000008,15,195.60000000000008,move,improve
15808,15,195.60000000000008,15,195.60000000000008,move,improve
15809,15,195.60000000000008,15,195.60000000000008,swap,notBad
15810,15,195.60000000000008,15,195.60000000000008,2opt,notBad
15811,15,195.60000000000008,15,195.60000000000008,2opt,notBad
15812,15,195.60000000000008,15,195.60000000000008,swap,notBad
15813,15,195.60000000000008,15,195.60000000000008,move,improve
15814,15,195.60000000000008,15,195.60000000000008,2opt,notBad
15815,15,195.60000000000008,15,195.60000000000008,swap,notBad
15816,15,195.60000000000008,15,195.60000000000008,2opt,notBad
15817,15,195.60000000000008,15,195.60000000000008,move,improve
15818,15,195.60000000000008,15,195.60000000000008,move,improve
15819,15,195.60000000000008,15,195.60000000000008,move,improve
15820,15,195.60000000000008,15,195.60000000000008,swap,notBad
15821,15,195.60000000000008,15,195.60000000000008,swap,notBad
15822,15,195.60000000000008,15,195.60000000000008,swap,notBad
15823,15,195.60000000000008,15,195.60000000000008,2opt,notBad
15824,15,195.60000000000008,15,195.60000000000008,2opt,notBad
15825,15,195.60000000000008,15,195.60000000000008,swap,notBad
15826,15,195.60000000000008,15,195.60000000000008,swap,notBad
15827,15,195.60000000000008,15,195.60000000000008,swap,notBad
15828,15,195.60000000000008,15,195.60000000000008,2opt,notBad
15829,15,195.60000000000008,15,195.60000000000008,move,improve
15830,15,195.60000000000008,15,195.60000000000008,move,improve
15831,15,195.60000000000008,15,195.60000000000008,2opt,notBad
15832,15,195.60000000000008,15,195.60000000000008,2opt,notBad
15833,15,195.60000000000008,15,195.60000000000008,swap,notBad
15834,15,195.60000000000008,15,195.60000000000008,2opt,notBad
15835,15,195.60000000000008,15,195.60000000000008,swap,notBad
15836,15,195.60000000000008,15,195.60000000000008,swap,notBad
15837,15,195.60000000000008,15,195.60000000000008,move,improve
15838,15,195.60000000000008,15,195.60000000000008,swap,improve
15839,15,195.60000000000008,15,195.60000000000008,move,improve
15840,15,195.60000000000008,15,195.60000000000008,move,improve
15841,15,195.60000000000008,15,195.60000000000008,swap,notBad
15842,15,195.60000000000008,15,195.60000000000008,swap,notBad
15843,15,195.60000000000008,15,195.60000000000008,2opt,improve
15844,15,195.60000000000008,15,195.60000000000008,move,improve
15845,15,195.60000000000008,15,195.60000000000008,move,improve
15846,15,195.60000000000008,15,195.60000000000008,move,improve
15847,15,195.60000000000008,15,195.60000000000008,2opt,notBad
15848,15,195.60000000000008,15,195.60000000000008,swap,notBad
15849,15,195.60000000000008,15,195.60000000000008,move,improve
15850,15,195.60000000000008,15,195.60000000000008,move,improve
15851,15,195.60000000000008,15,195.60000000000008,move,improve
15852,15,195.60000000000008,15,195.60000000000008,2opt,notBad
15853,15,195.60000000000008,15,195.60000000000008,swap,notBad
15854,15,195.60000000000008,15,195.60000000000008,swap,notBad
15855,15,195.60000000000008,15,195.60000000000008,2opt,notBad
15856,15,195.60000000000008,15,195.60000000000008,swap,notBad
15857,15,195.60000000000008,15,195.60000000000008,2opt,improve
15858,15,195.60000000000008,15,195.60000000000008,2opt,notBad
15859,15,195.60000000000008,15,195.60000000000008,swap,notBad
15860,15,195.60000000000008,15,195.60000000000008,swap,notBad
15861,15,195.60000000000008,15,195.60000000000008,move,improve
15862,15,195.60000000000008,15,195.60000000000008,2opt,improve
15863,15,195.60000000000008,15,195.60000000000008,swap,notBad
15864,15,195.60000000000008,15,195.60000000000008,swap,notBad
15865,15,195.60000000000008,15,195.60000000000008,2opt,notBad
15866,15,195.60000000000008,15,195.60000000000008,move,improve
15867,15,195.60000000000008,15,195.60000000000008,swap,notBad
15868,15,195.60000000000008,15,195.60000000000008,move,improve
15869,15,195.60000000000008,15,195.60000000000008,2opt,notBad
15870,15,195.60000000000008,15,195.60000000000008,swap,notBad
15871,15,195.60000000000008,15,195.60000000000008,2opt,notBad
15872,15,195.60000000000008,15,195.60000000000008,2opt,notBad
15873,15,195.60000000000008,15,195.60000000000008,2opt,notBad
15874,15,195.60000000000008,15,195.60000000000008,swap,notBad
15875,15,195.60000000000008,15,195.60000000000008,2opt,notBad
15876,15,195.60000000000008,15,195.60000000000008,move,improve
15877,15,195.60000000000008,15,195.60000000000008,swap,notBad
15878,15,195.60000000000008,15,195.60000000000008,move,improve
15879,15,195.60000000000008,15,195.60000000000008,move,improve
15880,15,195.60000000000008,15,195.60000000000008,swap,notBad
15881,15,195.60000000000008,15,195.60000000000008,move,improve
15882,15,195.60000000000008,15,195.60000000000008,2opt,notBad
15883,15,195.60000000000008,15,195.60000000000008,swap,notBad
15884,15,195.60000000000008,15,195.60000000000008,move,improve
15885,15,195.60000000000008,15,195.60000000000008,swap,notBad
15886,15,195.60000000000008,15,195.60000000000008,2opt,notBad
15887,15,195.60000000000008,15,195.60000000000008,move,improve
15888,15,195.60000000000008,15,195.60000000000008,2opt,notBad
15889,15,195.60000000000008,15,195.60000000000008,2opt,notBad
15890,15,195.60000000000008,15,195.60000000000008,swap,notBad
15891,15,195.60000000000008,15,195.60000000000008,swap,notBad
15892,15,195.60000000000008,15,195.60000000000008,move,improve
15893,15,195.60000000000008,15,195.60000000000008,swap,notBad
15894,15,195.60000000000008,15,195.60000000000008,move,improve
15895,15,195.60000000000008,15,195.60000000000008,swap,notBad
15896,15,195.60000000000008,15,195.60000000000008,2opt,notBad
15897,15,195.60000000000008,15,195.60000000000008,swap,notBad
15898,15,195.60000000000008,15,195.60000000000008,2opt,notBad
15899,15,195.60000000000008,15,195.60000000000008,2opt,improve
15900,15,195.60000000000008,15,195.60000000000008,swap,notBad
15901,15,195.60000000000008,15,195.60000000000008,move,improve
15902,15,195.60000000000008,15,195.60000000000008,move,improve
15903,15,195.60000000000008,15,195.60000000000008,move,improve
15904,15,195.60000000000008,15,195.60000000000008,move,improve
15905,15,195.60000000000008,15,195.60000000000008,2opt,notBad
15906,15,195.60000000000008,15,195.60000000000008,swap,notBad
15907,15,195.60000000000008,15,195.60000000000008,move,improve
15908,15,195.60000000000008,15,195.60000000000008,2opt,notBad
15909,15,195.60000000000008,15,195.60000000000008,swap,notBad
15910,15,195.60000000000008,15,195.60000000000008,swap,notBad
15911,15,195.60000000000008,15,195.60000000000008,2opt,notBad
15912,15,195.60000000000008,15,195.60000000000008,swap,notBad
15913,15,195.60000000000008,15,195.60000000000008,move,improve
15914,15,195.60000000000008,15,195.60000000000008,2opt,notBad
15915,15,195.60000000000008,15,195.60000000000008,move,improve
15916,15,195.60000000000008,15,195.60000000000008,2opt,improve
15917,15,195.60000000000008,15,195.60000000000008,2opt,notBad
15918,15,195.60000000000008,15,195.60000000000008,move,improve
15919,15,195.60000000000008,15,195.60000000000008,move,improve
15920,15,195.60000000000008,15,195.60000000000008,swap,notBad
15921,15,195.60000000000008,15,195.60000000000008,swap,notBad
15922,15,195.60000000000008,15,195.60000000000008,2opt,improve
15923,15,195.60000000000008,15,195.60000000000008,swap,notBad
15924,15,195.60000000000008,15,195.60000000000008,2opt,notBad
15925,15,195.60000000000008,15,195.60000000000008,2opt,improve
15926,15,195.60000000000008,15,195.60000000000008,move,improve
15927,15,195.60000000000008,15,195.60000000000008,2opt,improve
15928,15,195.60000000000008,15,195.60000000000008,2opt,notBad
15929,15,195.60000000000008,15,195.60000000000008,move,improve
15930,15,195.60000000000008,15,195.60000000000008,swap,notBad
15931,15,195.60000000000008,15,195.60000000000008,2opt,notBad
15932,15,195.60000000000008,15,195.60000000000008,move,improve
15933,15,195.60000000000008,15,195.60000000000008,move,improve
15934,15,195.60000000000008,15,195.60000000000008,move,improve
15935,15,195.60000000000008,15,195.60000000000008,move,improve
15936,15,195.60000000000008,15,195.60000000000008,swap,notBad
15937,15,195.60000000000008,15,195.60000000000008,swap,notBad
15938,15,195.60000000000008,15,195.60000000000008,swap,notBad
15939,15,195.60000000000008,15,195.60000000000008,2opt,notBad
15940,15,195.60000000000008,15,195.60000000000008,move,improve
15941,15,195.60000000000008,15,195.60000000000008,move,improve
15942,15,195.60000000000008,15,195.60000000000008,move,improve
15943,15,195.60000000000008,15,195.60000000000008,move,improve
15944,15,195.60000000000008,15,195.60000000000008,move,improve
15945,15,195.60000000000008,15,195.60000000000008,move,improve
15946,15,195.60000000000008,15,195.60000000000008,swap,notBad
15947,15,195.60000000000008,15,195.60000000000008,move,improve
15948,15,195.60000000000008,15,195.60000000000008,swap,notBad
15949,15,195.60000000000008,15,195.60000000000008,2opt,improve
15950,15,195.60000000000008,15,195.60000000000008,2opt,notBad
15951,15,195.60000000000008,15,195.60000000000008,2opt,notBad
15952,15,195.60000000000008,15,195.60000000000008,2opt,notBad
15953,15,195.60000000000008,15,195.60000000000008,swap,notBad
15954,15,195.60000000000008,15,195.60000000000008,2opt,improve
15955,15,195.60000000000008,15,195.60000000000008,move,improve
15956,15,195.60000000000008,15,195.60000000000008,move,improve
15957,15,195.60000000000008,15,195.60000000000008,swap,notBad
15958,15,195.60000000000008,15,195.60000000000008,move,improve
15959,15,195.60000000000008,15,195.60000000000008,move,improve
15960,15,195.60000000000008,15,195.60000000000008,swap,notBad
15961,15,195.60000000000008,15,195.60000000000008,2opt,notBad
15962,15,195.60000000000008,15,195.60000000000008,2opt,notBad
15963,15,195.60000000000008,15,195.60000000000008,swap,notBad
15964,15,195.60000000000008,15,195.60000000000008,2opt,notBad
15965,15,195.60000000000008,15,195.60000000000008,move,improve
15966,15,195.60000000000008,15,195.60000000000008,2opt,notBad
15967,15,195.60000000000008,15,195.60000000000008,move,improve
15968,15,195.60000000000008,15,195.60000000000008,swap,notBad
15969,15,195.60000000000008,15,195.60000000000008,2opt,notBad
15970,15,195.60000000000008,15,195.60000000000008,move,improve
15971,15,195.60000000000008,15,195.60000000000008,2opt,notBad
15972,15,195.60000000000008,15,195.60000000000008,2opt,notBad
15973,15,195.60000000000008,15,195.60000000000008,2opt,improve
15974,15,195.60000000000008,15,195.60000000000008,swap,notBad
15975,15,195.60000000000008,15,195.60000000000008,2opt,improve
15976,15,195.60000000000008,15,195.60000000000008,swap,notBad
15977,15,195.60000000000008,15,195.60000000000008,move,improve
15978,15,195.60000000000008,15,195.60000000000008,swap,notBad
15979,15,195.60000000000008,15,195.60000000000008,move,improve
15980,15,195.60000000000008,15,195.60000000000008,swap,notBad
15981,15,195.60000000000008,15,195.60000000000008,2opt,notBad
15982,15,195.60000000000008,15,195.60000000000008,move,improve
15983,15,195.60000000000008,15,195.60000000000008,swap,notBad
15984,15,195.60000000000008,15,195.60000000000008,move,improve
15985,15,195.60000000000008,15,195.60000000000008,move,improve
15986,15,195.60000000000008,15,195.60000000000008,move,improve
15987,15,195.60000000000008,15,195.60000000000008,2opt,notBad
15988,15,195.60000000000008,15,195.60000000000008,2opt,notBad
15989,15,195.60000000000008,15,195.60000000000008,swap,notBad
15990,15,195.60000000000008,15,195.60000000000008,move,improve
15991,15,195.60000000000008,15,195.60000000000008,swap,notBad
15992,15,195.60000000000008,15,195.60000000000008,2opt,notBad
15993,15,195.60000000000008,15,195.60000000000008,2opt,notBad
15994,15,195.60000000000008,15,195.60000000000008,2opt,notBad
15995,15,195.60000000000008,15,195.60000000000008,swap,notBad
15996,15,195.60000000000008,15,195.60000000000008,2opt,notBad
15997,15,195.60000000000008,15,195.60000000000008,swap,notBad
15998,15,195.60000000000008,15,195.60000000000008,move,improve
15999,15,195.60000000000008,15,195.60000000000008,2opt,notBad
16000,15,195.60000000000008,15,195.60000000000008,move,improve
16001,15,195.60000000000008,15,195.60000000000008,move,improve
16002,15,195.60000000000008,15,195.60000000000008,move,improve
16003,15,195.60000000000008,15,195.60000000000008,swap,notBad
16004,15,195.60000000000008,15,195.60000000000008,swap,notBad
16005,15,195.60000000000008,15,195.60000000000008,move,improve
16006,15,195.60000000000008,15,195.60000000000008,2opt,notBad
16007,15,195.60000000000008,15,195.60000000000008,swap,notBad
16008,15,195.60000000000008,15,195.60000000000008,move,improve
16009,15,195.60000000000008,15,195.60000000000008,move,improve
16010,15,195.60000000000008,15,195.60000000000008,move,improve
16011,15,195.60000000000008,15,195.60000000000008,2opt,notBad
16012,15,195.60000000000008,15,195.60000000000008,swap,notBad
16013,15,195.60000000000008,15,195.60000000000008,2opt,notBad
16014,15,195.60000000000008,15,195.60000000000008,move,improve
16015,15,195.60000000000008,15,195.60000000000008,swap,notBad
16016,15,195.60000000000008,15,195.60000000000008,move,improve
16017,15,195.60000000000008,15,195.60000000000008,2opt,improve
16018,15,195.60000000000008,15,195.60000000000008,move,improve
16019,15,195.60000000000008,15,195.60000000000008,swap,notBad
16020,15,195.60000000000008,15,195.60000000000008,move,improve
16021,15,195.60000000000008,15,195.60000000000008,swap,notBad
16022,15,195.60000000000008,15,195.60000000000008,swap,notBad
16023,15,195.60000000000008,15,195.60000000000008,move,improve
16024,15,195.60000000000008,15,195.60000000000008,swap,notBad
16025,15,195.60000000000008,15,195.60000000000008,2opt,notBad
16026,15,195.60000000000008,15,195.60000000000008,swap,notBad
16027,15,195.60000000000008,15,195.60000000000008,move,improve
16028,15,195.60000000000008,15,195.60000000000008,2opt,notBad
16029,15,195.60000000000008,15,195.60000000000008,move,improve
16030,15,195.60000000000008,15,195.60000000000008,swap,notBad
16031,15,195.60000000000008,15,195.60000000000008,move,improve
16032,15,195.60000000000008,15,195.60000000000008,2opt,notBad
16033,15,195.60000000000008,15,195.60000000000008,move,improve
16034,15,195.60000000000008,15,195.60000000000008,2opt,notBad
16035,15,195.60000000000008,15,195.60000000000008,2opt,notBad
16036,15,195.60000000000008,15,195.60000000000008,move,improve
16037,15,195.60000000000008,15,195.60000000000008,move,improve
16038,15,195.60000000000008,15,195.60000000000008,swap,notBad
16039,15,195.60000000000008,15,195.60000000000008,swap,notBad
16040,15,195.60000000000008,15,195.60000000000008,move,improve
16041,15,195.60000000000008,15,195.60000000000008,2opt,notBad
16042,15,195.60000000000008,15,195.60000000000008,2opt,notBad
16043,15,195.60000000000008,15,195.60000000000008,move,improve
16044,15,195.60000000000008,15,195.60000000000008,swap,notBad
16045,15,195.60000000000008,15,195.60000000000008,2opt,notBad
16046,15,195.60000000000008,15,195.60000000000008,2opt,notBad
16047,15,195.60000000000008,15,195.60000000000008,swap,notBad
16048,15,195.60000000000008,15,195.60000000000008,swap,notBad
16049,15,195.60000000000008,15,195.60000000000008,2opt,notBad
16050,15,195.60000000000008,15,195.60000000000008,2opt,notBad
16051,15,195.60000000000008,15,195.60000000000008,swap,notBad
16052,15,195.60000000000008,15,195.60000000000008,move,improve
16053,15,195.60000000000008,15,195.60000000000008,move,improve
16054,15,195.60000000000008,15,195.60000000000008,swap,notBad
16055,15,195.60000000000008,15,195.60000000000008,2opt,improve
16056,15,195.60000000000008,15,195.60000000000008,swap,notBad
16057,15,195.60000000000008,15,195.60000000000008,move,improve
16058,15,195.60000000000008,15,195.60000000000008,swap,notBad
16059,15,195.60000000000008,15,195.60000000000008,move,improve
16060,15,195.60000000000008,15,195.60000000000008,2opt,notBad
16061,15,195.60000000000008,15,195.60000000000008,move,improve
16062,15,195.60000000000008,15,195.60000000000008,2opt,improve
16063,15,195.60000000000008,15,195.60000000000008,move,improve
16064,15,195.60000000000008,15,195.60000000000008,2opt,notBad
16065,15,195.60000000000008,15,195.60000000000008,move,improve
16066,15,195.60000000000008,15,195.60000000000008,move,improve
16067,15,195.60000000000008,15,195.60000000000008,move,notBad
16068,15,195.60000000000008,15,195.60000000000008,move,improve
16069,15,195.60000000000008,15,195.60000000000008,move,improve
16070,15,195.60000000000008,15,195.60000000000008,move,improve
16071,15,195.60000000000008,15,195.60000000000008,move,improve
16072,15,195.60000000000008,15,195.60000000000008,move,improve
16073,15,195.60000000000008,15,195.60000000000008,2opt,notBad
16074,15,195.60000000000008,15,195.60000000000008,2opt,notBad
16075,15,195.60000000000008,15,195.60000000000008,swap,notBad
16076,15,195.60000000000008,15,195.60000000000008,swap,notBad
16077,15,195.60000000000008,15,195.60000000000008,2opt,notBad
16078,15,195.60000000000008,15,195.60000000000008,swap,notBad
16079,15,195.60000000000008,15,195.60000000000008,swap,notBad
16080,15,195.60000000000008,15,195.60000000000008,swap,notBad
16081,15,195.60000000000008,15,195.60000000000008,2opt,notBad
16082,15,195.60000000000008,15,195.60000000000008,move,improve
16083,15,195.60000000000008,15,195.60000000000008,2opt,notBad
16084,15,195.60000000000008,15,195.60000000000008,swap,notBad
16085,15,195.60000000000008,15,195.60000000000008,move,improve
16086,15,195.60000000000008,15,195.60000000000008,move,improve
16087,15,195.60000000000008,15,195.60000000000008,2opt,notBad
16088,15,195.60000000000008,15,195.60000000000008,2opt,notBad
16089,15,195.60000000000008,15,195.60000000000008,2opt,notBad
16090,15,195.60000000000008,15,195.60000000000008,move,improve
16091,15,195.60000000000008,15,195.60000000000008,swap,notBad
16092,15,195.60000000000008,15,195.60000000000008,move,improve
16093,15,195.60000000000008,15,195.60000000000008,swap,notBad
16094,15,195.60000000000008,15,195.60000000000008,2opt,notBad
16095,15,195.60000000000008,15,195.60000000000008,2opt,notBad
16096,15,195.60000000000008,15,195.60000000000008,swap,notBad
16097,15,195.60000000000008,15,195.60000000000008,2opt,notBad
16098,15,195.60000000000008,15,195.60000000000008,2opt,notBad
16099,15,195.60000000000008,15,195.60000000000008,2opt,notBad
16100,15,195.60000000000008,15,195.60000000000008,move,improve
16101,15,195.60000000000008,15,195.60000000000008,swap,notBad
16102,15,195.60000000000008,15,195.60000000000008,move,improve
16103,15,195.60000000000008,15,195.60000000000008,2opt,notBad
16104,15,195.60000000000008,15,195.60000000000008,swap,notBad
16105,15,195.60000000000008,15,195.60000000000008,move,improve
16106,15,195.60000000000008,15,195.60000000000008,swap,notBad
16107,15,195.60000000000008,15,195.60000000000008,move,improve
16108,15,195.60000000000008,15,195.60000000000008,move,improve
16109,15,195.60000000000008,15,195.60000000000008,2opt,notBad
16110,15,195.60000000000008,15,195.60000000000008,2opt,notBad
16111,15,195.60000000000008,15,195.60000000000008,move,improve
16112,15,195.60000000000008,15,195.60000000000008,2opt,improve
16113,15,195.60000000000008,15,195.60000000000008,move,improve
16114,15,195.60000000000008,15,195.60000000000008,2opt,notBad
16115,15,195.60000000000008,15,195.60000000000008,swap,notBad
16116,15,195.60000000000008,15,195.60000000000008,swap,notBad
16117,15,195.60000000000008,15,195.60000000000008,move,improve
16118,15,195.60000000000008,15,195.60000000000008,swap,notBad
16119,15,195.60000000000008,15,195.60000000000008,move,improve
16120,15,195.60000000000008,15,195.60000000000008,2opt,notBad
16121,15,195.60000000000008,15,195.60000000000008,2opt,notBad
16122,15,195.60000000000008,15,195.60000000000008,2opt,notBad
16123,15,195.60000000000008,15,195.60000000000008,swap,notBad
16124,15,195.60000000000008,15,195.60000000000008,2opt,improve
16125,15,195.60000000000008,15,195.60000000000008,swap,notBad
16126,15,195.60000000000008,15,195.60000000000008,move,improve
16127,15,195.60000000000008,15,195.60000000000008,2opt,notBad
16128,15,195.60000000000008,15,195.60000000000008,2opt,improve
16129,15,195.60000000000008,15,195.60000000000008,move,improve
16130,15,195.60000000000008,15,195.60000000000008,2opt,notBad
16131,15,195.60000000000008,15,195.60000000000008,2opt,improve
16132,15,195.60000000000008,15,195.60000000000008,move,improve
16133,15,195.60000000000008,15,195.60000000000008,move,improve
16134,15,195.60000000000008,15,195.60000000000008,swap,notBad
16135,15,195.60000000000008,15,195.60000000000008,2opt,notBad
16136,15,195.60000000000008,15,195.60000000000008,swap,notBad
16137,15,195.60000000000008,15,195.60000000000008,swap,notBad
16138,15,195.60000000000008,15,195.60000000000008,swap,notBad
16139,15,195.60000000000008,15,195.60000000000008,swap,notBad
16140,15,195.60000000000008,15,195.60000000000008,move,improve
16141,15,195.60000000000008,15,195.60000000000008,move,improve
16142,15,195.60000000000008,15,195.60000000000008,move,improve
16143,15,195.60000000000008,15,195.60000000000008,2opt,notBad
16144,15,195.60000000000008,15,195.60000000000008,move,improve
16145,15,195.60000000000008,15,195.60000000000008,2opt,notBad
16146,15,195.60000000000008,15,195.60000000000008,move,improve
16147,15,195.60000000000008,15,195.60000000000008,move,improve
16148,15,195.60000000000008,15,195.60000000000008,2opt,notBad
16149,15,195.60000000000008,15,195.60000000000008,2opt,notBad
16150,15,195.60000000000008,15,195.60000000000008,move,improve
16151,15,195.60000000000008,15,195.60000000000008,2opt,notBad
16152,15,195.60000000000008,15,195.60000000000008,move,improve
16153,15,195.60000000000008,15,195.60000000000008,move,improve
16154,15,195.60000000000008,15,195.60000000000008,swap,notBad
16155,15,195.60000000000008,15,195.60000000000008,move,improve
16156,15,195.60000000000008,15,195.60000000000008,swap,notBad
16157,15,195.60000000000008,15,195.60000000000008,swap,notBad
16158,15,195.60000000000008,15,195.60000000000008,swap,notBad
16159,15,195.60000000000008,15,195.60000000000008,swap,notBad
16160,15,195.60000000000008,15,195.60000000000008,swap,notBad
16161,15,195.60000000000008,15,195.60000000000008,2opt,improve
16162,15,195.60000000000008,15,195.60000000000008,2opt,notBad
16163,15,195.60000000000008,15,195.60000000000008,2opt,notBad
16164,15,195.60000000000008,15,195.60000000000008,swap,notBad
16165,15,195.60000000000008,15,195.60000000000008,move,improve
16166,15,195.60000000000008,15,195.60000000000008,move,improve
16167,15,195.60000000000008,15,195.60000000000008,move,improve
16168,15,195.60000000000008,15,195.60000000000008,2opt,improve
16169,15,195.60000000000008,15,195.60000000000008,move,improve
16170,15,195.60000000000008,15,195.60000000000008,2opt,improve
16171,15,195.60000000000008,15,195.60000000000008,move,improve
16172,15,195.60000000000008,15,195.60000000000008,move,improve
16173,15,195.60000000000008,15,195.60000000000008,swap,notBad
16174,15,195.60000000000008,15,195.60000000000008,move,improve
16175,15,195.60000000000008,15,195.60000000000008,swap,notBad
16176,15,195.60000000000008,15,195.60000000000008,move,improve
16177,15,195.60000000000008,15,195.60000000000008,move,improve
16178,15,195.60000000000008,15,195.60000000000008,2opt,notBad
16179,15,195.60000000000008,15,195.60000000000008,swap,notBad
16180,15,195.60000000000008,15,195.60000000000008,swap,notBad
16181,15,195.60000000000008,15,195.60000000000008,swap,notBad
16182,15,195.60000000000008,15,195.60000000000008,2opt,improve
16183,15,195.60000000000008,15,195.60000000000008,move,improve
16184,15,195.60000000000008,15,195.60000000000008,swap,notBad
16185,15,195.60000000000008,15,195.60000000000008,2opt,improve
16186,15,195.60000000000008,15,195.60000000000008,swap,notBad
16187,15,195.60000000000008,15,195.60000000000008,swap,notBad
16188,15,195.60000000000008,15,195.60000000000008,move,improve
16189,15,195.60000000000008,15,195.60000000000008,swap,notBad
16190,15,195.60000000000008,15,195.60000000000008,move,improve
16191,15,195.60000000000008,15,195.60000000000008,swap,improve
16192,15,195.60000000000008,15,195.60000000000008,2opt,notBad
16193,15,195.60000000000008,15,195.60000000000008,2opt,notBad
16194,15,195.60000000000008,15,195.60000000000008,2opt,notBad
16195,15,195.60000000000008,15,195.60000000000008,move,improve
16196,15,195.60000000000008,15,195.60000000000008,swap,notBad
16197,15,195.60000000000008,15,195.60000000000008,2opt,notBad
16198,15,195.60000000000008,15,195.60000000000008,move,notBad
16199,15,195.60000000000008,15,195.60000000000008,move,improve
16200,15,195.60000000000008,15,195.60000000000008,2opt,notBad
16201,15,195.60000000000008,15,195.60000000000008,swap,notBad
16202,15,195.60000000000008,15,195.60000000000008,swap,notBad
16203,15,195.60000000000008,15,195.60000000000008,2opt,notBad
16204,15,195.60000000000008,15,195.60000000000008,move,improve
16205,15,195.60000000000008,15,195.60000000000008,swap,notBad
16206,15,195.60000000000008,15,195.60000000000008,swap,notBad
16207,15,195.60000000000008,15,195.60000000000008,2opt,notBad
16208,15,195.60000000000008,15,195.60000000000008,swap,notBad
16209,15,195.60000000000008,15,195.60000000000008,2opt,improve
16210,15,195.60000000000008,15,195.60000000000008,swap,notBad
16211,15,195.60000000000008,15,195.60000000000008,swap,notBad
16212,15,195.60000000000008,15,195.60000000000008,swap,notBad
16213,15,195.60000000000008,15,195.60000000000008,swap,notBad
16214,15,195.60000000000008,15,195.60000000000008,swap,notBad
16215,15,195.60000000000008,15,195.60000000000008,2opt,notBad
16216,15,195.60000000000008,15,195.60000000000008,swap,notBad
16217,15,195.60000000000008,15,195.60000000000008,2opt,notBad
16218,15,195.60000000000008,15,195.60000000000008,2opt,notBad
16219,15,195.60000000000008,15,195.60000000000008,move,improve
16220,15,195.60000000000008,15,195.60000000000008,move,improve
16221,15,195.60000000000008,15,195.60000000000008,swap,notBad
16222,15,195.60000000000008,15,195.60000000000008,2opt,notBad
16223,15,195.60000000000008,15,195.60000000000008,2opt,notBad
16224,15,195.60000000000008,15,195.60000000000008,swap,notBad
16225,15,195.60000000000008,15,195.60000000000008,move,improve
16226,15,195.60000000000008,15,195.60000000000008,2opt,notBad
16227,15,195.60000000000008,15,195.60000000000008,move,improve
16228,15,195.60000000000008,15,195.60000000000008,2opt,notBad
16229,15,195.60000000000008,15,195.60000000000008,swap,notBad
16230,15,195.60000000000008,15,195.60000000000008,2opt,notBad
16231,15,195.60000000000008,15,195.60000000000008,2opt,notBad
16232,15,195.60000000000008,15,195.60000000000008,move,improve
16233,15,195.60000000000008,15,195.60000000000008,swap,notBad
16234,15,195.60000000000008,15,195.60000000000008,move,improve
16235,15,195.60000000000008,15,195.60000000000008,2opt,notBad
16236,15,195.60000000000008,15,195.60000000000008,move,improve
16237,15,195.60000000000008,15,195.60000000000008,2opt,improve
16238,15,195.60000000000008,15,195.60000000000008,move,improve
16239,15,195.60000000000008,15,195.60000000000008,2opt,notBad
16240,15,195.60000000000008,15,195.60000000000008,2opt,improve
16241,15,195.60000000000008,15,195.60000000000008,2opt,notBad
16242,15,195.60000000000008,15,195.60000000000008,move,improve
16243,15,195.60000000000008,15,195.60000000000008,move,improve
16244,15,195.60000000000008,15,195.60000000000008,2opt,notBad
16245,15,195.60000000000008,15,195.60000000000008,swap,notBad
16246,15,195.60000000000008,15,195.60000000000008,swap,notBad
16247,15,195.60000000000008,15,195.60000000000008,2opt,notBad
16248,15,195.60000000000008,15,195.60000000000008,move,improve
16249,15,195.60000000000008,15,195.60000000000008,2opt,notBad
16250,15,195.60000000000008,15,195.60000000000008,2opt,notBad
16251,15,195.60000000000008,15,195.60000000000008,swap,notBad
16252,15,195.60000000000008,15,195.60000000000008,move,improve
16253,15,195.60000000000008,15,195.60000000000008,swap,notBad
16254,15,195.60000000000008,15,195.60000000000008,swap,notBad
16255,15,195.60000000000008,15,195.60000000000008,move,improve
16256,15,195.60000000000008,15,195.60000000000008,move,improve
