i,vehi,obj,vehiBest,objBest,loFunc,note
1,4,17640.700000000004,4,16849.500000000004,2opt,acceptBad
2,4,17640.700000000004,4,16849.500000000004,move,improve
3,4,17881.300000000003,4,16849.500000000004,swap,acceptBad
4,4,18544.000000000004,4,16849.500000000004,swap,acceptBad
5,4,18485.800000000003,4,16849.500000000004,move,improve
6,4,19185.7,4,16849.500000000004,swap,acceptBad
7,4,19185.7,4,16849.500000000004,move,improve
8,5,19317.500000000004,4,16849.500000000004,2opt,acceptBad
9,5,19240.5,4,16849.500000000004,move,improve
10,6,19638.0,4,16849.500000000004,2opt,acceptBad
11,6,19936.0,4,16849.500000000004,swap,acceptBad
12,6,19809.4,4,16849.500000000004,swap,improve
13,7,19855.100000000002,4,16849.500000000004,2opt,acceptBad
14,7,19228.4,4,16849.500000000004,move,improve
15,7,19158.0,4,16849.500000000004,move,improve
16,7,19416.9,4,16849.500000000004,2opt,acceptBad
17,7,19806.8,4,16849.500000000004,swap,acceptBad
18,7,19549.2,4,16849.500000000004,move,improve
19,7,19598.1,4,16849.500000000004,swap,acceptBad
20,7,19095.399999999998,4,16849.500000000004,move,improve
21,7,18985.5,4,16849.500000000004,2opt,improve
22,8,18754.2,4,16849.500000000004,2opt,improve
23,8,19007.2,4,16849.500000000004,swap,acceptBad
24,8,18996.900000000005,4,16849.500000000004,swap,improve
25,8,19098.7,4,16849.500000000004,swap,acceptBad
26,8,18997.900000000005,4,16849.500000000004,2opt,improve
27,8,18913.100000000002,4,16849.500000000004,move,improve
28,8,19714.8,4,16849.500000000004,swap,acceptBad
29,8,20356.200000000004,4,16849.500000000004,2opt,acceptBad
30,8,19714.800000000003,4,16849.500000000004,2opt,improve
31,8,20218.800000000003,4,16849.500000000004,swap,acceptBad
32,8,20191.200000000004,4,16849.500000000004,swap,improve
33,8,20191.200000000004,4,16849.500000000004,2opt,improve
34,8,20500.500000000004,4,16849.500000000004,2opt,acceptBad
35,8,20500.500000000004,4,16849.500000000004,move,improve
36,8,20379.400000000005,4,16849.500000000004,move,improve
37,8,20379.400000000005,4,16849.500000000004,2opt,improve
38,8,20387.400000000005,4,16849.500000000004,swap,acceptBad
39,8,20387.400000000005,4,16849.500000000004,move,improve
40,8,21008.5,4,16849.500000000004,2opt,acceptBad
41,8,21008.499999999996,4,16849.500000000004,move,improve
42,8,20974.2,4,16849.500000000004,swap,improve
43,8,21422.8,4,16849.500000000004,2opt,acceptBad
44,8,21760.2,4,16849.500000000004,swap,acceptBad
45,8,21760.2,4,16849.500000000004,move,improve
46,8,21760.2,4,16849.500000000004,2opt,improve
47,8,22081.700000000008,4,16849.500000000004,2opt,acceptBad
48,8,22081.700000000008,4,16849.500000000004,move,improve
49,8,22056.8,4,16849.500000000004,2opt,improve
50,8,21759.0,4,16849.500000000004,move,improve
51,8,21695.2,4,16849.500000000004,swap,improve
52,9,21625.0,4,16849.500000000004,2opt,improve
53,9,21322.199999999997,4,16849.500000000004,move,improve
54,9,21273.300000000003,4,16849.500000000004,swap,improve
55,9,21090.300000000003,4,16849.500000000004,move,improve
56,9,21183.700000000004,4,16849.500000000004,swap,acceptBad
57,9,21211.3,4,16849.500000000004,swap,acceptBad
58,9,21211.3,4,16849.500000000004,move,improve
59,9,21024.6,4,16849.500000000004,move,improve
60,9,20800.300000000003,4,16849.500000000004,2opt,improve
61,9,20384.100000000002,4,16849.500000000004,move,improve
62,9,20533.800000000003,4,16849.500000000004,swap,acceptBad
63,9,20563.5,4,16849.500000000004,2opt,acceptBad
64,9,20639.399999999998,4,16849.500000000004,swap,acceptBad
65,9,20639.4,4,16849.500000000004,swap,acceptBad
66,10,20854.000000000007,4,16849.500000000004,2opt,acceptBad
67,10,21057.300000000003,4,16849.500000000004,2opt,acceptBad
68,11,20975.800000000003,4,16849.500000000004,2opt,improve
69,11,20530.8,4,16849.500000000004,swap,improve
70,11,20818.80000000001,4,16849.500000000004,2opt,acceptBad
71,11,20714.200000000004,4,16849.500000000004,swap,improve
72,11,20857.200000000004,4,16849.500000000004,swap,acceptBad
73,11,20939.300000000007,4,16849.500000000004,swap,acceptBad
74,11,21074.100000000002,4,16849.500000000004,2opt,acceptBad
75,11,20934.700000000004,4,16849.500000000004,2opt,improve
76,11,20934.700000000004,4,16849.500000000004,move,improve
77,10,21467.900000000005,4,16849.500000000004,2opt,acceptBad
78,10,21447.3,4,16849.500000000004,2opt,improve
79,10,22063.0,4,16849.500000000004,swap,acceptBad
80,10,22138.3,4,16849.500000000004,swap,acceptBad
81,10,22165.699999999997,4,16849.500000000004,2opt,acceptBad
82,10,21826.100000000002,4,16849.500000000004,2opt,improve
83,10,21826.1,4,16849.500000000004,move,improve
84,10,21826.1,4,16849.500000000004,2opt,improve
85,10,21687.5,4,16849.500000000004,move,improve
86,10,21687.5,4,16849.500000000004,move,improve
87,10,21518.9,4,16849.500000000004,move,improve
88,10,22186.8,4,16849.500000000004,swap,acceptBad
89,10,22186.8,4,16849.500000000004,2opt,improve
90,10,22186.8,4,16849.500000000004,move,improve
91,10,22138.399999999998,4,16849.500000000004,swap,improve
92,10,22134.5,4,16849.500000000004,swap,improve
93,10,22104.899999999998,4,16849.500000000004,swap,improve
94,10,21956.6,4,16849.500000000004,2opt,improve
95,10,21956.6,4,16849.500000000004,2opt,improve
96,10,21956.6,4,16849.500000000004,2opt,improve
97,10,21745.8,4,16849.500000000004,move,improve
98,10,21406.699999999997,4,16849.500000000004,swap,improve
99,10,21505.1,4,16849.500000000004,2opt,acceptBad
100,10,21488.499999999996,4,16849.500000000004,move,improve
101,10,21663.499999999996,4,16849.500000000004,2opt,acceptBad
102,10,21877.799999999996,4,16849.500000000004,swap,acceptBad
103,11,22106.399999999994,4,16849.500000000004,2opt,acceptBad
104,11,21782.999999999993,4,16849.500000000004,move,improve
105,11,22101.6,4,16849.500000000004,2opt,acceptBad
106,11,22344.600000000006,4,16849.500000000004,swap,acceptBad
107,11,22140.600000000006,4,16849.500000000004,swap,improve
108,11,21983.200000000004,4,16849.500000000004,swap,improve
109,11,21547.500000000004,4,16849.500000000004,move,improve
110,11,21485.9,4,16849.500000000004,2opt,improve
111,11,21511.300000000003,4,16849.500000000004,swap,acceptBad
112,11,22074.099999999995,4,16849.500000000004,swap,acceptBad
113,11,22588.799999999996,4,16849.500000000004,2opt,acceptBad
114,11,22748.199999999997,4,16849.500000000004,swap,acceptBad
115,11,22718.199999999997,4,16849.500000000004,2opt,improve
116,11,22499.499999999996,4,16849.500000000004,move,improve
117,11,22417.699999999997,4,16849.500000000004,swap,improve
118,11,22347.8,4,16849.500000000004,move,improve
119,12,22690.2,4,16849.500000000004,2opt,acceptBad
120,12,23016.799999999992,4,16849.500000000004,2opt,acceptBad
121,12,23012.799999999992,4,16849.500000000004,move,improve
122,12,22682.299999999992,4,16849.500000000004,2opt,improve
123,12,22874.199999999993,4,16849.500000000004,swap,acceptBad
124,12,23043.4,4,16849.500000000004,2opt,acceptBad
125,12,23250.599999999995,4,16849.500000000004,2opt,acceptBad
126,12,23116.999999999996,4,16849.500000000004,2opt,improve
127,12,22665.4,4,16849.500000000004,move,improve
128,12,22665.4,4,16849.500000000004,move,improve
129,12,22637.899999999998,4,16849.500000000004,2opt,improve
130,12,22568.899999999994,4,16849.500000000004,move,improve
131,12,22858.699999999997,4,16849.500000000004,swap,acceptBad
132,13,23295.899999999994,4,16849.500000000004,2opt,acceptBad
133,13,23439.4,4,16849.500000000004,swap,acceptBad
134,13,23607.200000000004,4,16849.500000000004,2opt,acceptBad
135,13,23667.100000000006,4,16849.500000000004,swap,acceptBad
136,13,23709.600000000006,4,16849.500000000004,2opt,acceptBad
137,13,23666.600000000006,4,16849.500000000004,2opt,improve
138,13,23715.500000000004,4,16849.500000000004,2opt,acceptBad
139,13,23715.500000000004,4,16849.500000000004,move,improve
140,13,23422.100000000002,4,16849.500000000004,swap,improve
141,13,23433.2,4,16849.500000000004,swap,acceptBad
142,13,23433.2,4,16849.500000000004,move,improve
143,13,23433.2,4,16849.500000000004,move,improve
144,13,23771.7,4,16849.500000000004,swap,acceptBad
145,13,23265.5,4,16849.500000000004,move,improve
146,13,23265.500000000007,4,16849.500000000004,2opt,acceptBad
147,13,23464.300000000003,4,16849.500000000004,2opt,acceptBad
148,13,23635.000000000004,4,16849.500000000004,2opt,acceptBad
149,13,23559.800000000003,4,16849.500000000004,swap,improve
150,13,23081.300000000003,4,16849.500000000004,move,improve
151,13,23081.300000000003,4,16849.500000000004,move,improve
152,13,22763.7,4,16849.500000000004,move,improve
153,13,22548.3,4,16849.500000000004,move,improve
154,14,22869.3,4,16849.500000000004,2opt,acceptBad
155,14,22762.8,4,16849.500000000004,move,improve
156,14,22622.399999999998,4,16849.500000000004,swap,improve
157,14,23179.899999999998,4,16849.500000000004,swap,acceptBad
158,14,23177.399999999998,4,16849.500000000004,2opt,improve
159,14,23512.199999999986,4,16849.500000000004,2opt,acceptBad
160,14,23568.699999999986,4,16849.500000000004,swap,acceptBad
161,14,23468.899999999994,4,16849.500000000004,2opt,improve
162,14,23722.299999999992,4,16849.500000000004,swap,acceptBad
163,14,23722.299999999992,4,16849.500000000004,2opt,notBad
164,14,23684.499999999996,4,16849.500000000004,2opt,improve
165,14,23559.499999999996,4,16849.500000000004,move,improve
166,14,23377.899999999998,4,16849.500000000004,move,improve
167,14,23377.899999999998,4,16849.500000000004,2opt,improve
168,13,23658.299999999992,4,16849.500000000004,2opt,acceptBad
169,13,23576.699999999993,4,16849.500000000004,move,improve
170,13,23576.699999999993,4,16849.500000000004,2opt,improve
171,13,23561.5,4,16849.500000000004,2opt,improve
172,13,23522.4,4,16849.500000000004,move,improve
173,13,23187.3,4,16849.500000000004,move,improve
174,13,23101.2,4,16849.500000000004,move,improve
175,13,22786.7,4,16849.500000000004,move,improve
176,13,22906.900000000005,4,16849.500000000004,2opt,acceptBad
177,13,23056.000000000007,4,16849.500000000004,swap,acceptBad
178,13,22969.900000000005,4,16849.500000000004,2opt,improve
179,13,23445.100000000002,4,16849.500000000004,2opt,acceptBad
180,13,23930.800000000003,4,16849.500000000004,swap,acceptBad
181,13,24494.000000000004,4,16849.500000000004,swap,acceptBad
182,13,24592.4,4,16849.500000000004,2opt,acceptBad
183,13,24604.300000000003,4,16849.500000000004,2opt,acceptBad
184,13,24282.0,4,16849.500000000004,2opt,improve
185,13,24228.699999999997,4,16849.500000000004,2opt,improve
186,13,24327.9,4,16849.500000000004,2opt,acceptBad
187,13,23938.100000000002,4,16849.500000000004,move,improve
188,13,23785.3,4,16849.500000000004,swap,improve
189,13,23722.5,4,16849.500000000004,2opt,improve
190,14,24131.9,4,16849.500000000004,2opt,acceptBad
191,14,24137.100000000002,4,16849.500000000004,swap,acceptBad
192,14,23984.3,4,16849.500000000004,2opt,improve
193,14,24355.7,4,16849.500000000004,2opt,acceptBad
194,14,24101.4,4,16849.500000000004,move,improve
195,14,23887.0,4,16849.500000000004,move,improve
196,14,23887.0,4,16849.500000000004,move,improve
197,14,23965.3,4,16849.500000000004,swap,acceptBad
198,14,23905.5,4,16849.500000000004,swap,improve
199,15,24338.5,4,16849.500000000004,2opt,acceptBad
200,15,24505.7,4,16849.500000000004,2opt,acceptBad
201,15,24540.100000000002,4,16849.500000000004,swap,acceptBad
202,15,24763.399999999998,4,16849.500000000004,swap,acceptBad
203,15,24635.4,4,16849.500000000004,move,improve
204,15,24766.3,4,16849.500000000004,swap,acceptBad
205,15,24654.2,4,16849.500000000004,2opt,improve
206,15,24819.7,4,16849.500000000004,swap,acceptBad
207,16,24766.3,4,16849.500000000004,2opt,improve
208,16,24461.699999999997,4,16849.500000000004,move,improve
209,16,24305.299999999996,4,16849.500000000004,move,improve
210,16,24399.199999999997,4,16849.500000000004,swap,acceptBad
211,16,24399.199999999997,4,16849.500000000004,2opt,improve
212,16,24379.899999999998,4,16849.500000000004,2opt,improve
213,16,24450.499999999996,4,16849.500000000004,swap,acceptBad
214,16,24515.499999999996,4,16849.500000000004,swap,acceptBad
215,17,24908.599999999995,4,16849.500000000004,2opt,acceptBad
216,17,25044.199999999993,4,16849.500000000004,swap,acceptBad
217,17,24949.39999999999,4,16849.500000000004,2opt,improve
218,17,25217.499999999993,4,16849.500000000004,2opt,acceptBad
219,16,24808.199999999993,4,16849.500000000004,move,improve
220,16,23857.799999999992,4,16849.500000000004,move,improve
221,16,23617.699999999993,4,16849.500000000004,move,improve
222,16,23380.100000000002,4,16849.500000000004,2opt,improve
223,16,23365.0,4,16849.500000000004,swap,improve
224,15,23231.3,4,16849.500000000004,move,improve
225,15,23468.899999999994,4,16849.500000000004,2opt,acceptBad
226,15,23112.199999999997,4,16849.500000000004,move,improve
227,15,23546.899999999998,4,16849.500000000004,2opt,acceptBad
228,15,24273.3,4,16849.500000000004,swap,acceptBad
229,15,24672.7,4,16849.500000000004,2opt,acceptBad
230,15,24788.800000000003,4,16849.500000000004,swap,acceptBad
231,15,25111.9,4,16849.500000000004,swap,acceptBad
232,15,25084.600000000002,4,16849.500000000004,2opt,improve
233,15,24814.4,4,16849.500000000004,move,improve
234,15,24671.4,4,16849.500000000004,2opt,improve
235,15,24673.400000000005,4,16849.500000000004,2opt,acceptBad
236,15,24432.200000000004,4,16849.500000000004,swap,improve
237,15,24349.200000000004,4,16849.500000000004,swap,improve
238,15,24234.100000000002,4,16849.500000000004,move,improve
239,15,24836.600000000002,4,16849.500000000004,swap,acceptBad
240,15,24234.100000000002,4,16849.500000000004,swap,improve
241,15,23983.100000000002,4,16849.500000000004,move,improve
242,15,24457.100000000002,4,16849.500000000004,swap,acceptBad
243,15,24457.100000000002,4,16849.500000000004,swap,improve
244,15,24375.5,4,16849.500000000004,2opt,improve
245,15,24224.699999999997,4,16849.500000000004,move,improve
246,15,24224.699999999997,4,16849.500000000004,move,improve
247,15,24224.699999999997,4,16849.500000000004,swap,improve
248,15,23700.499999999996,4,16849.500000000004,swap,improve
249,15,23800.899999999998,4,16849.500000000004,2opt,acceptBad
250,15,23800.899999999994,4,16849.500000000004,swap,improve
251,15,23794.499999999996,4,16849.500000000004,swap,improve
252,15,23794.499999999996,4,16849.500000000004,2opt,improve
253,15,23648.699999999993,4,16849.500000000004,swap,improve
254,15,23648.7,4,16849.500000000004,2opt,acceptBad
255,16,23898.3,4,16849.500000000004,2opt,acceptBad
256,16,23740.499999999993,4,16849.500000000004,move,improve
257,16,23568.999999999993,4,16849.500000000004,swap,improve
258,16,23685.999999999993,4,16849.500000000004,swap,acceptBad
259,16,23558.699999999993,4,16849.500000000004,swap,improve
260,16,23643.799999999996,4,16849.500000000004,swap,acceptBad
261,16,23547.399999999994,4,16849.500000000004,move,improve
262,16,23933.999999999996,4,16849.500000000004,2opt,acceptBad
263,16,23949.699999999997,4,16849.500000000004,swap,acceptBad
264,16,23961.299999999992,4,16849.500000000004,2opt,acceptBad
265,16,23639.799999999992,4,16849.500000000004,2opt,improve
266,16,23348.59999999999,4,16849.500000000004,2opt,improve
267,16,23348.599999999995,4,16849.500000000004,2opt,acceptBad
268,16,23488.199999999993,4,16849.500000000004,2opt,acceptBad
269,16,23568.899999999994,4,16849.500000000004,swap,acceptBad
270,16,23426.799999999996,4,16849.500000000004,move,improve
271,16,23277.699999999997,4,16849.500000000004,2opt,improve
272,16,23277.699999999997,4,16849.500000000004,move,improve
273,16,23185.1,4,16849.500000000004,move,improve
274,16,22796.2,4,16849.500000000004,2opt,improve
275,16,22796.200000000004,4,16849.500000000004,2opt,acceptBad
276,16,22796.2,4,16849.500000000004,move,improve
277,16,23295.100000000002,4,16849.500000000004,swap,acceptBad
278,16,23411.099999999995,4,16849.500000000004,2opt,acceptBad
279,16,23778.1,4,16849.500000000004,swap,acceptBad
280,16,23635.499999999996,4,16849.500000000004,swap,improve
281,16,23716.5,4,16849.500000000004,swap,acceptBad
282,16,23712.7,4,16849.500000000004,swap,improve
283,16,23700.7,4,16849.500000000004,2opt,improve
284,16,23847.2,4,16849.500000000004,2opt,acceptBad
285,16,23657.199999999997,4,16849.500000000004,2opt,improve
286,16,23704.799999999996,4,16849.500000000004,swap,acceptBad
287,16,23704.799999999996,4,16849.500000000004,move,improve
288,16,23704.799999999996,4,16849.500000000004,2opt,improve
289,16,23704.799999999996,4,16849.500000000004,2opt,improve
290,16,23336.699999999993,4,16849.500000000004,move,improve
291,16,23588.0,4,16849.500000000004,swap,acceptBad
292,16,23556.799999999996,4,16849.500000000004,move,improve
293,16,23672.99999999999,4,16849.500000000004,2opt,acceptBad
294,16,23540.39999999999,4,16849.500000000004,move,improve
295,16,24477.59999999999,4,16849.500000000004,swap,acceptBad
296,16,24395.199999999993,4,16849.500000000004,swap,improve
297,16,24162.299999999992,4,16849.500000000004,move,improve
298,16,24467.999999999993,4,16849.500000000004,swap,acceptBad
299,16,24467.999999999993,4,16849.500000000004,2opt,improve
300,16,24401.799999999996,4,16849.500000000004,move,improve
301,15,23937.799999999996,4,16849.500000000004,move,improve
302,15,23916.199999999986,4,16849.500000000004,2opt,improve
303,15,23900.69999999999,4,16849.500000000004,swap,improve
304,14,23396.39999999999,4,16849.500000000004,move,improve
305,14,23396.39999999999,4,16849.500000000004,swap,improve
306,14,23117.59999999999,4,16849.500000000004,move,improve
307,14,23117.59999999999,4,16849.500000000004,move,improve
308,14,22924.499999999993,4,16849.500000000004,move,improve
309,14,22891.699999999993,4,16849.500000000004,move,improve
310,14,22882.699999999993,4,16849.500000000004,2opt,improve
311,14,22882.699999999993,4,16849.500000000004,move,improve
312,14,22900.899999999994,4,16849.500000000004,2opt,acceptBad
313,14,22820.499999999993,4,16849.500000000004,move,improve
314,14,23040.899999999994,4,16849.500000000004,swap,acceptBad
315,13,23094.59999999999,4,16849.500000000004,2opt,acceptBad
316,13,23582.19999999999,4,16849.500000000004,swap,acceptBad
317,13,24001.400000000005,4,16849.500000000004,2opt,acceptBad
318,13,23902.700000000004,4,16849.500000000004,move,improve
319,13,23845.600000000006,4,16849.500000000004,move,improve
320,13,23845.600000000006,4,16849.500000000004,move,improve
321,13,24540.000000000004,4,16849.500000000004,swap,acceptBad
322,13,24540.000000000004,4,16849.500000000004,move,improve
323,13,24549.000000000004,4,16849.500000000004,swap,acceptBad
324,13,24222.800000000007,4,16849.500000000004,move,improve
325,13,24239.600000000002,4,16849.500000000004,2opt,acceptBad
326,12,24623.300000000007,4,16849.500000000004,2opt,acceptBad
327,12,24398.000000000004,4,16849.500000000004,swap,improve
328,12,24322.800000000003,4,16849.500000000004,swap,improve
329,12,24185.2,4,16849.500000000004,2opt,improve
330,12,24251.399999999998,4,16849.500000000004,swap,acceptBad
331,12,24251.399999999998,4,16849.500000000004,move,improve
332,12,24009.6,4,16849.500000000004,move,improve
333,12,24284.000000000007,4,16849.500000000004,2opt,acceptBad
334,12,24020.800000000003,4,16849.500000000004,move,improve
335,12,23437.200000000004,4,16849.500000000004,move,improve
336,12,23417.300000000003,4,16849.500000000004,swap,improve
337,12,23349.900000000005,4,16849.500000000004,2opt,improve
338,12,23349.900000000005,4,16849.500000000004,move,improve
339,12,23349.900000000005,4,16849.500000000004,move,improve
340,12,23371.900000000005,4,16849.500000000004,swap,acceptBad
341,12,23265.000000000004,4,16849.500000000004,move,improve
342,12,23210.500000000004,4,16849.500000000004,move,improve
343,12,23030.400000000005,4,16849.500000000004,2opt,improve
344,12,22929.499999999996,4,16849.500000000004,2opt,improve
345,12,22923.499999999993,4,16849.500000000004,2opt,improve
346,12,23456.699999999993,4,16849.500000000004,swap,acceptBad
347,12,23438.499999999996,4,16849.500000000004,move,improve
348,12,23668.999999999996,4,16849.500000000004,swap,acceptBad
349,12,23427.999999999996,4,16849.500000000004,move,improve
350,12,23301.799999999996,4,16849.500000000004,2opt,improve
351,12,22622.799999999996,4,16849.500000000004,move,improve
352,12,22622.799999999996,4,16849.500000000004,move,improve
353,12,22680.6,4,16849.500000000004,2opt,acceptBad
354,12,22677.4,4,16849.500000000004,2opt,improve
355,12,22677.4,4,16849.500000000004,move,improve
356,12,23316.100000000002,4,16849.500000000004,2opt,acceptBad
357,12,23366.5,4,16849.500000000004,2opt,acceptBad
358,12,23501.9,4,16849.500000000004,swap,acceptBad
359,12,23374.5,4,16849.500000000004,move,improve
360,12,23374.5,4,16849.500000000004,move,improve
361,12,24224.1,4,16849.500000000004,swap,acceptBad
362,12,24167.799999999996,4,16849.500000000004,move,improve
363,12,24636.299999999996,4,16849.500000000004,swap,acceptBad
364,12,24573.899999999998,4,16849.500000000004,swap,improve
365,12,24180.1,4,16849.500000000004,move,improve
366,12,24125.600000000002,4,16849.500000000004,2opt,improve
367,12,24075.2,4,16849.500000000004,move,improve
368,12,24437.6,4,16849.500000000004,swap,acceptBad
369,12,24437.600000000002,4,16849.500000000004,2opt,acceptBad
370,12,24047.2,4,16849.500000000004,move,improve
371,12,24206.4,4,16849.500000000004,swap,acceptBad
372,12,24489.500000000004,4,16849.500000000004,swap,acceptBad
373,12,24371.1,4,16849.500000000004,2opt,improve
374,12,24142.300000000003,4,16849.500000000004,move,improve
375,12,24415.800000000003,4,16849.500000000004,2opt,acceptBad
376,12,24105.400000000005,4,16849.500000000004,swap,improve
377,12,24002.400000000005,4,16849.500000000004,move,improve
378,12,23470.400000000005,4,16849.500000000004,move,improve
379,12,23679.600000000002,4,16849.500000000004,2opt,acceptBad
380,12,23679.600000000002,4,16849.500000000004,move,improve
381,12,23693.4,4,16849.500000000004,2opt,acceptBad
382,12,23735.6,4,16849.500000000004,2opt,acceptBad
383,12,23735.6,4,16849.500000000004,move,improve
384,12,23562.8,4,16849.500000000004,move,improve
385,12,23562.500000000004,4,16849.500000000004,swap,improve
386,12,23539.400000000005,4,16849.500000000004,swap,improve
387,12,23444.7,4,16849.500000000004,2opt,improve
388,12,23286.9,4,16849.500000000004,move,improve
389,12,23246.8,4,16849.500000000004,move,improve
390,12,23279.300000000003,4,16849.500000000004,swap,acceptBad
391,13,23151.800000000003,4,16849.500000000004,2opt,improve
392,14,23308.3,4,16849.500000000004,2opt,acceptBad
393,14,24134.100000000006,4,16849.500000000004,swap,acceptBad
394,14,23729.600000000002,4,16849.500000000004,swap,improve
395,13,23616.800000000003,4,16849.500000000004,move,improve
396,13,24312.600000000006,4,16849.500000000004,2opt,acceptBad
397,13,24485.400000000005,4,16849.500000000004,2opt,acceptBad
398,13,24882.7,4,16849.500000000004,swap,acceptBad
399,13,24882.7,4,16849.500000000004,move,improve
400,13,24648.6,4,16849.500000000004,swap,improve
401,13,24677.1,4,16849.500000000004,swap,acceptBad
402,13,24436.699999999997,4,16849.500000000004,move,improve
403,13,24359.199999999997,4,16849.500000000004,swap,improve
404,13,24411.399999999994,4,16849.500000000004,2opt,acceptBad
405,13,24216.000000000007,4,16849.500000000004,2opt,improve
406,13,24099.900000000005,4,16849.500000000004,move,improve
407,14,24423.4,4,16849.500000000004,2opt,acceptBad
408,14,24585.899999999998,4,16849.500000000004,swap,acceptBad
409,14,23979.5,4,16849.500000000004,swap,improve
410,14,23686.699999999997,4,16849.500000000004,move,improve
411,14,23713.2,4,16849.500000000004,2opt,acceptBad
412,14,23889.499999999996,4,16849.500000000004,swap,acceptBad
413,14,24176.69999999999,4,16849.500000000004,2opt,acceptBad
414,14,24100.89999999999,4,16849.500000000004,swap,improve
415,14,24100.899999999998,4,16849.500000000004,2opt,acceptBad
416,14,23527.4,4,16849.500000000004,move,improve
417,14,23506.2,4,16849.500000000004,swap,improve
418,14,23557.6,4,16849.500000000004,swap,acceptBad
419,14,23578.799999999992,4,16849.500000000004,2opt,acceptBad
420,14,23488.499999999996,4,16849.500000000004,move,improve
421,14,23566.899999999998,4,16849.500000000004,2opt,acceptBad
422,14,23812.1,4,16849.500000000004,2opt,acceptBad
423,14,23878.199999999997,4,16849.500000000004,swap,acceptBad
424,14,23451.7,4,16849.500000000004,swap,improve
425,14,23451.7,4,16849.500000000004,move,improve
426,14,23562.1,4,16849.500000000004,2opt,acceptBad
427,14,23562.1,4,16849.500000000004,2opt,improve
428,14,23568.6,4,16849.500000000004,swap,acceptBad
429,14,23537.799999999996,4,16849.500000000004,2opt,improve
430,14,23537.799999999996,4,16849.500000000004,move,improve
431,14,23121.299999999996,4,16849.500000000004,move,improve
432,14,22830.299999999996,4,16849.500000000004,move,improve
433,14,22842.899999999994,4,16849.500000000004,swap,acceptBad
434,14,22842.899999999994,4,16849.500000000004,move,improve
435,14,23097.299999999996,4,16849.500000000004,2opt,acceptBad
436,14,23097.300000000003,4,16849.500000000004,2opt,acceptBad
437,14,23026.7,4,16849.500000000004,move,improve
438,14,23026.7,4,16849.500000000004,move,improve
439,14,22996.199999999997,4,16849.500000000004,2opt,improve
440,14,23308.999999999993,4,16849.500000000004,swap,acceptBad
441,14,23897.0,4,16849.500000000004,2opt,acceptBad
442,14,24705.9,4,16849.500000000004,swap,acceptBad
443,14,24682.1,4,16849.500000000004,swap,improve
444,14,24509.700000000004,4,16849.500000000004,2opt,improve
445,14,24328.2,4,16849.500000000004,swap,improve
446,14,24393.300000000003,4,16849.500000000004,swap,acceptBad
447,14,24495.60000000001,4,16849.500000000004,2opt,acceptBad
448,14,24620.400000000005,4,16849.500000000004,swap,acceptBad
449,14,24619.900000000005,4,16849.500000000004,move,improve
450,14,24841.400000000005,4,16849.500000000004,swap,acceptBad
451,14,25233.900000000005,4,16849.500000000004,swap,acceptBad
452,14,25270.499999999993,4,16849.500000000004,2opt,acceptBad
453,14,25455.0,4,16849.500000000004,2opt,acceptBad
454,14,25540.7,4,16849.500000000004,swap,acceptBad
455,14,25350.7,4,16849.500000000004,move,improve
456,14,24764.3,4,16849.500000000004,swap,improve
457,14,24764.299999999996,4,16849.500000000004,2opt,improve
458,14,25350.699999999993,4,16849.500000000004,swap,acceptBad
459,14,24817.299999999992,4,16849.500000000004,swap,improve
460,14,24814.29999999999,4,16849.500000000004,swap,improve
461,14,24878.899999999987,4,16849.500000000004,swap,acceptBad
462,14,24838.099999999988,4,16849.500000000004,2opt,improve
463,14,24651.499999999985,4,16849.500000000004,move,improve
464,14,24327.39999999999,4,16849.500000000004,2opt,improve
465,14,24012.3,4,16849.500000000004,2opt,improve
466,14,23817.899999999998,4,16849.500000000004,move,improve
467,14,23296.199999999997,4,16849.500000000004,swap,improve
468,14,23341.9,4,16849.500000000004,2opt,acceptBad
469,14,23383.99999999999,4,16849.500000000004,2opt,acceptBad
470,14,23287.39999999999,4,16849.500000000004,move,improve
471,14,22928.799999999992,4,16849.500000000004,swap,improve
472,14,22813.599999999995,4,16849.500000000004,2opt,improve
473,14,23104.899999999994,4,16849.500000000004,2opt,acceptBad
474,14,23066.89999999999,4,16849.500000000004,move,improve
475,14,23318.89999999999,4,16849.500000000004,2opt,acceptBad
476,14,23243.89999999999,4,16849.500000000004,swap,improve
477,14,22994.69999999999,4,16849.500000000004,move,improve
478,14,23015.1,4,16849.500000000004,2opt,acceptBad
479,14,22834.399999999998,4,16849.500000000004,2opt,improve
480,14,22834.399999999998,4,16849.500000000004,move,improve
481,14,23060.6,4,16849.500000000004,2opt,acceptBad
482,14,22857.6,4,16849.500000000004,move,improve
483,14,23552.6,4,16849.500000000004,swap,acceptBad
484,14,23431.0,4,16849.500000000004,move,improve
485,14,23431.0,4,16849.500000000004,move,improve
486,13,23434.59999999999,4,16849.500000000004,2opt,acceptBad
487,13,23268.89999999999,4,16849.500000000004,move,improve
488,13,23094.199999999993,4,16849.500000000004,move,improve
489,14,23056.6,4,16849.500000000004,2opt,improve
490,14,23140.000000000004,4,16849.500000000004,2opt,acceptBad
491,14,23050.2,4,16849.500000000004,move,improve
492,14,22808.800000000003,4,16849.500000000004,move,improve
493,14,22699.2,4,16849.500000000004,move,improve
494,14,22699.2,4,16849.500000000004,move,improve
495,14,22578.6,4,16849.500000000004,move,improve
496,14,22242.8,4,16849.500000000004,move,improve
497,14,22471.199999999993,4,16849.500000000004,2opt,acceptBad
498,14,23098.799999999996,4,16849.500000000004,swap,acceptBad
499,14,22720.8,4,16849.500000000004,move,improve
500,14,22394.599999999995,4,16849.500000000004,move,improve
501,14,22386.1,4,16849.500000000004,swap,improve
502,14,22386.1,4,16849.500000000004,2opt,notBad
503,14,22278.8,4,16849.500000000004,move,improve
504,14,22428.199999999997,4,16849.500000000004,2opt,acceptBad
505,14,22319.699999999997,4,16849.500000000004,move,improve
506,14,22195.999999999996,4,16849.500000000004,move,improve
507,14,22165.699999999993,4,16849.500000000004,move,improve
508,15,22473.999999999996,4,16849.500000000004,2opt,acceptBad
509,15,22371.799999999996,4,16849.500000000004,swap,improve
510,15,22371.799999999996,4,16849.500000000004,move,improve
511,15,21720.999999999993,4,16849.500000000004,2opt,improve
512,15,22181.4,4,16849.500000000004,2opt,acceptBad
513,15,22084.4,4,16849.500000000004,move,improve
514,15,22084.4,4,16849.500000000004,2opt,improve
515,15,22068.499999999996,4,16849.500000000004,move,improve
516,15,21975.499999999996,4,16849.500000000004,swap,improve
517,15,21880.199999999997,4,16849.500000000004,swap,improve
518,15,22488.899999999998,4,16849.500000000004,swap,acceptBad
519,15,22488.899999999998,4,16849.500000000004,move,improve
520,15,22488.899999999998,4,16849.500000000004,move,improve
521,15,22480.899999999998,4,16849.500000000004,2opt,improve
522,15,22768.2,4,16849.500000000004,2opt,acceptBad
523,15,22755.899999999998,4,16849.500000000004,swap,improve
524,15,22048.999999999996,4,16849.500000000004,2opt,improve
525,15,21981.199999999997,4,16849.500000000004,move,improve
526,15,22131.199999999997,4,16849.500000000004,swap,acceptBad
527,15,22131.199999999993,4,16849.500000000004,swap,improve
528,15,22107.099999999995,4,16849.500000000004,move,improve
529,15,22285.399999999994,4,16849.500000000004,swap,acceptBad
530,15,22285.399999999994,4,16849.500000000004,move,improve
531,15,22404.499999999993,4,16849.500000000004,swap,acceptBad
532,15,23126.29999999999,4,16849.500000000004,swap,acceptBad
533,15,23154.299999999996,4,16849.500000000004,2opt,acceptBad
534,15,22986.299999999996,4,16849.500000000004,swap,improve
535,15,23036.099999999995,4,16849.500000000004,2opt,acceptBad
536,15,23318.100000000002,4,16849.500000000004,2opt,acceptBad
537,14,22931.1,4,16849.500000000004,2opt,improve
538,14,23114.899999999994,4,16849.500000000004,swap,acceptBad
539,14,23106.499999999993,4,16849.500000000004,2opt,improve
540,14,22848.499999999996,4,16849.500000000004,2opt,improve
541,14,23279.7,4,16849.500000000004,swap,acceptBad
542,14,23578.699999999997,4,16849.500000000004,2opt,acceptBad
543,14,23296.699999999997,4,16849.500000000004,move,improve
544,14,23176.499999999996,4,16849.500000000004,swap,improve
545,14,24072.5,4,16849.500000000004,2opt,acceptBad
546,14,23994.4,4,16849.500000000004,move,improve
547,14,23994.4,4,16849.500000000004,move,improve
548,14,23950.1,4,16849.500000000004,2opt,improve
549,14,24061.3,4,16849.500000000004,2opt,acceptBad
550,14,24182.899999999994,4,16849.500000000004,2opt,acceptBad
551,14,24477.999999999996,4,16849.500000000004,swap,acceptBad
552,14,24200.4,4,16849.500000000004,swap,improve
553,14,24054.500000000004,4,16849.500000000004,swap,improve
554,14,23638.700000000004,4,16849.500000000004,swap,improve
555,14,23588.200000000004,4,16849.500000000004,swap,improve
556,14,23459.300000000003,4,16849.500000000004,2opt,improve
557,14,23280.300000000003,4,16849.500000000004,move,improve
558,14,23339.300000000007,4,16849.500000000004,swap,acceptBad
559,15,23278.500000000004,4,16849.500000000004,2opt,improve
560,15,23711.200000000004,4,16849.500000000004,swap,acceptBad
561,14,23641.300000000003,4,16849.500000000004,2opt,improve
562,14,23614.8,4,16849.500000000004,2opt,improve
563,13,23537.8,4,16849.500000000004,move,improve
564,13,23827.8,4,16849.500000000004,2opt,acceptBad
565,13,23676.3,4,16849.500000000004,move,improve
566,13,23913.899999999998,4,16849.500000000004,swap,acceptBad
567,13,23728.699999999997,4,16849.500000000004,swap,improve
568,13,23728.699999999997,4,16849.500000000004,move,improve
569,13,24098.299999999996,4,16849.500000000004,swap,acceptBad
570,13,24519.899999999998,4,16849.500000000004,swap,acceptBad
571,13,24694.7,4,16849.500000000004,2opt,acceptBad
572,13,24694.7,4,16849.500000000004,move,improve
573,13,24357.100000000002,4,16849.500000000004,move,improve
574,13,24484.7,4,16849.500000000004,2opt,acceptBad
575,13,24130.800000000003,4,16849.500000000004,swap,improve
576,14,24258.7,4,16849.500000000004,2opt,acceptBad
577,14,23933.799999999996,4,16849.500000000004,move,improve
578,14,23458.000000000004,4,16849.500000000004,2opt,improve
579,14,23442.600000000006,4,16849.500000000004,swap,improve
580,14,21806.7,4,16849.500000000004,2opt,improve
581,14,22142.2,4,16849.500000000004,swap,acceptBad
582,14,22142.2,4,16849.500000000004,move,improve
583,14,22245.999999999996,4,16849.500000000004,swap,acceptBad
584,14,22082.6,4,16849.500000000004,move,improve
585,14,22010.6,4,16849.500000000004,2opt,improve
586,14,22073.899999999998,4,16849.500000000004,2opt,acceptBad
587,14,21985.100000000002,4,16849.500000000004,move,improve
588,14,21719.300000000003,4,16849.500000000004,swap,improve
589,14,21833.100000000002,4,16849.500000000004,2opt,acceptBad
590,14,22160.099999999995,4,16849.500000000004,2opt,acceptBad
591,14,22098.599999999995,4,16849.500000000004,swap,improve
592,14,21900.099999999995,4,16849.500000000004,swap,improve
593,14,21774.499999999996,4,16849.500000000004,swap,improve
594,14,21468.1,4,16849.500000000004,move,improve
595,14,21466.899999999998,4,16849.500000000004,2opt,improve
596,14,21533.1,4,16849.500000000004,swap,acceptBad
597,14,21678.399999999998,4,16849.500000000004,swap,acceptBad
598,14,22037.8,4,16849.500000000004,2opt,acceptBad
599,14,22036.1,4,16849.500000000004,swap,improve
600,14,22041.6,4,16849.500000000004,swap,acceptBad
601,14,21910.6,4,16849.500000000004,2opt,improve
602,15,22192.6,4,16849.500000000004,2opt,acceptBad
603,15,22183.8,4,16849.500000000004,swap,improve
604,15,21942.600000000002,4,16849.500000000004,move,improve
605,15,21942.6,4,16849.500000000004,2opt,improve
606,15,21932.6,4,16849.500000000004,swap,improve
607,15,21817.8,4,16849.500000000004,swap,improve
608,15,21817.800000000003,4,16849.500000000004,2opt,acceptBad
609,15,22157.2,4,16849.500000000004,swap,acceptBad
610,15,22065.5,4,16849.500000000004,swap,improve
611,15,21812.4,4,16849.500000000004,move,improve
612,15,22121.600000000002,4,16849.500000000004,swap,acceptBad
613,14,21856.399999999998,4,16849.500000000004,move,improve
614,14,21966.499999999996,4,16849.500000000004,2opt,acceptBad
615,14,21909.699999999997,4,16849.500000000004,move,improve
616,14,21802.8,4,16849.500000000004,2opt,improve
617,14,22067.0,4,16849.500000000004,swap,acceptBad
618,14,21742.9,4,16849.500000000004,move,improve
619,14,21742.9,4,16849.500000000004,2opt,improve
620,14,21742.9,4,16849.500000000004,move,improve
621,14,21742.9,4,16849.500000000004,move,improve
622,14,21865.899999999998,4,16849.500000000004,swap,acceptBad
623,14,22111.1,4,16849.500000000004,2opt,acceptBad
624,14,22111.1,4,16849.500000000004,swap,improve
625,14,21760.1,4,16849.500000000004,move,improve
626,14,21705.4,4,16849.500000000004,move,improve
627,14,22336.600000000002,4,16849.500000000004,swap,acceptBad
628,15,22244.7,4,16849.500000000004,2opt,improve
629,15,22364.3,4,16849.500000000004,2opt,acceptBad
630,15,22625.899999999998,4,16849.500000000004,swap,acceptBad
631,15,22575.3,4,16849.500000000004,swap,improve
632,15,22575.299999999996,4,16849.500000000004,2opt,improve
633,15,22588.799999999996,4,16849.500000000004,2opt,acceptBad
634,14,22323.599999999995,4,16849.500000000004,move,improve
635,13,22654.199999999993,4,16849.500000000004,2opt,acceptBad
636,13,22620.999999999993,4,16849.500000000004,move,improve
637,13,23394.199999999993,4,16849.500000000004,2opt,acceptBad
638,13,23509.1,4,16849.500000000004,swap,acceptBad
639,13,23149.299999999996,4,16849.500000000004,move,improve
640,13,23149.299999999996,4,16849.500000000004,move,improve
641,13,22730.299999999996,4,16849.500000000004,move,improve
642,13,22684.9,4,16849.500000000004,2opt,improve
643,13,22783.8,4,16849.500000000004,swap,acceptBad
644,13,23794.199999999997,4,16849.500000000004,swap,acceptBad
645,13,23921.5,4,16849.500000000004,swap,acceptBad
646,13,23921.5,4,16849.500000000004,move,improve
647,13,24332.7,4,16849.500000000004,swap,acceptBad
648,13,24332.7,4,16849.500000000004,swap,improve
649,13,23984.899999999998,4,16849.500000000004,swap,improve
650,13,24080.399999999998,4,16849.500000000004,swap,acceptBad
651,14,24125.3,4,16849.500000000004,2opt,acceptBad
652,14,24052.499999999996,4,16849.500000000004,move,improve
653,14,24575.8,4,16849.500000000004,2opt,acceptBad
654,14,24575.8,4,16849.500000000004,swap,improve
655,14,24036.600000000002,4,16849.500000000004,move,improve
656,14,23729.399999999998,4,16849.500000000004,move,improve
657,14,23729.399999999998,4,16849.500000000004,move,improve
658,14,23455.199999999997,4,16849.500000000004,2opt,improve
659,15,23600.499999999996,4,16849.500000000004,2opt,acceptBad
660,15,23344.199999999997,4,16849.500000000004,move,improve
661,15,23314.799999999996,4,16849.500000000004,swap,improve
662,15,23718.999999999996,4,16849.500000000004,swap,acceptBad
663,15,23718.999999999996,4,16849.500000000004,move,improve
664,15,23054.399999999994,4,16849.500000000004,move,improve
665,15,23491.399999999994,4,16849.500000000004,2opt,acceptBad
666,14,23384.099999999995,4,16849.500000000004,move,improve
667,14,23153.199999999993,4,16849.500000000004,swap,improve
668,14,23153.199999999993,4,16849.500000000004,move,improve
669,14,22746.999999999996,4,16849.500000000004,2opt,improve
670,14,22747.0,4,16849.500000000004,2opt,acceptBad
671,15,23229.2,4,16849.500000000004,2opt,acceptBad
672,15,23386.8,4,16849.500000000004,swap,acceptBad
673,15,23386.8,4,16849.500000000004,move,improve
674,15,23386.799999999992,4,16849.500000000004,2opt,improve
675,16,23130.799999999992,4,16849.500000000004,2opt,improve
676,16,23176.799999999992,4,16849.500000000004,2opt,acceptBad
677,16,22976.09999999999,4,16849.500000000004,move,improve
678,16,22735.699999999993,4,16849.500000000004,move,improve
679,16,22714.999999999993,4,16849.500000000004,swap,improve
680,16,22896.39999999999,4,16849.500000000004,swap,acceptBad
681,16,22892.299999999992,4,16849.500000000004,swap,improve
682,16,23653.499999999993,4,16849.500000000004,swap,acceptBad
683,15,23546.199999999993,4,16849.500000000004,move,improve
684,15,23537.199999999993,4,16849.500000000004,2opt,improve
685,15,23594.299999999992,4,16849.500000000004,swap,acceptBad
686,15,23537.199999999993,4,16849.500000000004,move,improve
687,15,23454.999999999996,4,16849.500000000004,move,improve
688,15,23632.89999999999,4,16849.500000000004,swap,acceptBad
689,15,24339.69999999999,4,16849.500000000004,swap,acceptBad
690,15,24566.19999999999,4,16849.500000000004,swap,acceptBad
691,15,24460.59999999999,4,16849.500000000004,move,improve
692,15,24094.499999999993,4,16849.500000000004,move,improve
693,15,24305.099999999995,4,16849.500000000004,swap,acceptBad
694,15,24305.099999999995,4,16849.500000000004,move,improve
695,15,24879.699999999997,4,16849.500000000004,swap,acceptBad
696,15,25370.899999999998,4,16849.500000000004,2opt,acceptBad
697,16,25352.0,4,16849.500000000004,2opt,improve
698,16,25227.3,4,16849.500000000004,move,improve
699,16,24816.499999999996,4,16849.500000000004,2opt,improve
700,16,25365.3,4,16849.500000000004,2opt,acceptBad
701,16,25273.999999999996,4,16849.500000000004,swap,improve
702,16,25354.199999999997,4,16849.500000000004,2opt,acceptBad
703,16,24966.5,4,16849.500000000004,move,improve
704,16,24858.299999999996,4,16849.500000000004,swap,improve
705,16,24858.299999999996,4,16849.500000000004,move,improve
706,16,24679.399999999998,4,16849.500000000004,swap,improve
707,16,24436.1,4,16849.500000000004,2opt,improve
708,16,25031.199999999993,4,16849.500000000004,2opt,acceptBad
709,16,24823.399999999994,4,16849.500000000004,move,improve
710,16,24398.799999999996,4,16849.500000000004,move,improve
711,16,24211.999999999993,4,16849.500000000004,move,improve
712,16,24302.799999999996,4,16849.500000000004,swap,acceptBad
713,16,24102.1,4,16849.500000000004,swap,improve
714,16,24102.1,4,16849.500000000004,move,improve
715,16,23924.699999999997,4,16849.500000000004,move,improve
716,16,24142.599999999995,4,16849.500000000004,swap,acceptBad
717,16,24142.599999999995,4,16849.500000000004,move,improve
718,16,24497.199999999993,4,16849.500000000004,swap,acceptBad
719,16,24497.199999999993,4,16849.500000000004,move,improve
720,16,24516.799999999996,4,16849.500000000004,swap,acceptBad
721,16,24400.399999999998,4,16849.500000000004,move,improve
722,16,24529.699999999997,4,16849.500000000004,swap,acceptBad
723,16,24423.6,4,16849.500000000004,move,improve
724,16,24525.299999999996,4,16849.500000000004,swap,acceptBad
725,16,24395.999999999993,4,16849.500000000004,move,improve
726,16,24395.999999999993,4,16849.500000000004,swap,improve
727,16,24340.499999999996,4,16849.500000000004,move,improve
728,16,24432.599999999988,4,16849.500000000004,2opt,acceptBad
729,16,24189.6,4,16849.500000000004,2opt,improve
730,16,24726.0,4,16849.500000000004,2opt,acceptBad
731,16,24701.700000000004,4,16849.500000000004,2opt,improve
732,16,24881.5,4,16849.500000000004,2opt,acceptBad
733,16,24522.199999999997,4,16849.500000000004,move,improve
734,16,24555.799999999996,4,16849.500000000004,swap,acceptBad
735,16,24496.699999999997,4,16849.500000000004,move,improve
736,16,24392.699999999997,4,16849.500000000004,2opt,improve
737,16,24749.699999999997,4,16849.500000000004,swap,acceptBad
738,16,24622.899999999998,4,16849.500000000004,move,improve
739,16,24656.799999999996,4,16849.500000000004,2opt,acceptBad
740,17,25275.799999999996,4,16849.500000000004,2opt,acceptBad
741,17,25279.999999999996,4,16849.500000000004,swap,acceptBad
742,17,25279.999999999996,4,16849.500000000004,move,improve
743,17,24943.199999999997,4,16849.500000000004,move,improve
744,17,24968.899999999998,4,16849.500000000004,swap,acceptBad
745,17,24496.099999999995,4,16849.500000000004,swap,improve
746,17,24496.099999999995,4,16849.500000000004,move,improve
747,17,24493.399999999994,4,16849.500000000004,move,improve
748,17,24392.299999999996,4,16849.500000000004,2opt,improve
749,17,24767.599999999995,4,16849.500000000004,swap,acceptBad
750,17,24599.999999999996,4,16849.500000000004,move,improve
751,17,24595.8,4,16849.500000000004,move,improve
752,17,24670.699999999997,4,16849.500000000004,2opt,acceptBad
753,17,24453.500000000004,4,16849.500000000004,2opt,improve
754,17,24703.400000000005,4,16849.500000000004,2opt,acceptBad
755,17,23967.4,4,16849.500000000004,move,improve
756,17,23621.5,4,16849.500000000004,swap,improve
757,17,23610.600000000002,4,16849.500000000004,move,improve
758,17,23582.9,4,16849.500000000004,2opt,improve
759,17,23436.699999999997,4,16849.500000000004,swap,improve
760,17,23325.0,4,16849.500000000004,swap,improve
761,17,23168.4,4,16849.500000000004,2opt,improve
762,17,23332.800000000003,4,16849.500000000004,swap,acceptBad
763,17,23200.600000000002,4,16849.500000000004,move,improve
764,17,23056.100000000002,4,16849.500000000004,move,improve
765,17,23163.600000000006,4,16849.500000000004,2opt,acceptBad
766,17,22929.000000000007,4,16849.500000000004,move,improve
767,17,22991.400000000005,4,16849.500000000004,swap,acceptBad
768,17,22991.400000000005,4,16849.500000000004,move,improve
769,17,23060.200000000004,4,16849.500000000004,2opt,acceptBad
770,17,23031.999999999993,4,16849.500000000004,2opt,improve
771,17,23031.999999999993,4,16849.500000000004,move,improve
772,17,22945.399999999994,4,16849.500000000004,move,improve
773,17,22772.399999999994,4,16849.500000000004,move,improve
774,17,22545.199999999993,4,16849.500000000004,2opt,improve
775,17,22727.299999999992,4,16849.500000000004,swap,acceptBad
776,17,23124.299999999996,4,16849.500000000004,swap,acceptBad
777,17,23143.299999999996,4,16849.500000000004,swap,acceptBad
778,17,23026.999999999996,4,16849.500000000004,move,improve
779,17,23925.399999999998,4,16849.500000000004,swap,acceptBad
780,17,23925.399999999998,4,16849.500000000004,2opt,improve
781,17,23826.100000000002,4,16849.500000000004,2opt,improve
782,17,24339.7,4,16849.500000000004,swap,acceptBad
783,17,24183.6,4,16849.500000000004,move,improve
784,17,24183.6,4,16849.500000000004,move,improve
785,17,24216.399999999998,4,16849.500000000004,2opt,acceptBad
786,17,24761.0,4,16849.500000000004,2opt,acceptBad
787,17,24755.2,4,16849.500000000004,swap,improve
788,17,24625.699999999997,4,16849.500000000004,move,improve
789,17,24625.699999999997,4,16849.500000000004,move,improve
790,17,24625.699999999997,4,16849.500000000004,move,improve
791,17,24255.399999999998,4,16849.500000000004,move,improve
792,17,24255.399999999998,4,16849.500000000004,move,improve
793,17,24219.699999999997,4,16849.500000000004,2opt,improve
794,18,23873.699999999997,4,16849.500000000004,2opt,improve
795,18,23878.3,4,16849.500000000004,swap,acceptBad
796,18,24428.5,4,16849.500000000004,swap,acceptBad
797,18,24458.3,4,16849.500000000004,swap,acceptBad
798,18,24332.3,4,16849.500000000004,move,improve
799,18,24359.800000000007,4,16849.500000000004,2opt,acceptBad
800,18,24132.000000000004,4,16849.500000000004,move,improve
801,18,24132.000000000004,4,16849.500000000004,move,improve
802,18,24972.000000000004,4,16849.500000000004,swap,acceptBad
803,18,25090.200000000008,4,16849.500000000004,2opt,acceptBad
804,18,24566.000000000004,4,16849.500000000004,move,improve
805,17,24405.2,4,16849.500000000004,2opt,improve
806,17,24081.8,4,16849.500000000004,swap,improve
807,17,23997.399999999998,4,16849.500000000004,swap,improve
808,17,23971.4,4,16849.500000000004,move,improve
809,17,23552.6,4,16849.500000000004,move,improve
810,17,23516.399999999998,4,16849.500000000004,swap,improve
811,17,24162.899999999994,4,16849.500000000004,2opt,acceptBad
812,17,24293.699999999993,4,16849.500000000004,2opt,acceptBad
813,17,24041.499999999996,4,16849.500000000004,move,improve
814,17,23964.4,4,16849.500000000004,2opt,improve
815,17,23677.399999999998,4,16849.500000000004,move,improve
816,17,23760.8,4,16849.500000000004,swap,acceptBad
817,17,24534.399999999998,4,16849.500000000004,swap,acceptBad
818,17,24211.199999999997,4,16849.500000000004,swap,improve
819,17,23869.6,4,16849.500000000004,move,improve
820,17,23826.699999999997,4,16849.500000000004,move,improve
821,17,23765.6,4,16849.500000000004,move,improve
822,17,23994.599999999995,4,16849.500000000004,2opt,acceptBad
823,17,24136.899999999994,4,16849.500000000004,swap,acceptBad
824,17,24136.899999999994,4,16849.500000000004,2opt,improve
825,16,24271.09999999999,4,16849.500000000004,2opt,acceptBad
826,16,24133.89999999999,4,16849.500000000004,move,improve
827,16,24019.999999999993,4,16849.500000000004,swap,improve
828,16,24377.999999999996,4,16849.500000000004,swap,acceptBad
829,16,24354.299999999996,4,16849.500000000004,move,improve
830,15,24240.499999999993,4,16849.500000000004,move,improve
831,15,23640.699999999997,4,16849.500000000004,2opt,improve
832,15,23409.399999999998,4,16849.500000000004,swap,improve
833,15,24026.199999999997,4,16849.500000000004,swap,acceptBad
834,15,24560.6,4,16849.500000000004,swap,acceptBad
835,15,24649.999999999996,4,16849.500000000004,swap,acceptBad
836,15,24649.999999999996,4,16849.500000000004,move,improve
837,15,24649.999999999996,4,16849.500000000004,2opt,improve
838,15,24318.8,4,16849.500000000004,swap,improve
839,15,24555.399999999998,4,16849.500000000004,swap,acceptBad
840,15,24555.400000000005,4,16849.500000000004,2opt,acceptBad
841,15,24555.399999999998,4,16849.500000000004,2opt,improve
842,15,23966.700000000004,4,16849.500000000004,2opt,improve
843,15,23966.700000000004,4,16849.500000000004,2opt,improve
844,15,23635.9,4,16849.500000000004,move,improve
845,15,23593.700000000004,4,16849.500000000004,move,improve
846,15,23575.9,4,16849.500000000004,swap,improve
847,15,23926.600000000006,4,16849.500000000004,swap,acceptBad
848,14,23643.300000000003,4,16849.500000000004,move,improve
849,14,23529.2,4,16849.500000000004,swap,improve
850,14,23865.8,4,16849.500000000004,swap,acceptBad
851,13,23600.6,4,16849.500000000004,move,improve
852,13,23630.800000000003,4,16849.500000000004,2opt,acceptBad
853,13,23658.5,4,16849.500000000004,2opt,acceptBad
854,13,23601.5,4,16849.500000000004,move,improve
855,13,24166.1,4,16849.500000000004,2opt,acceptBad
856,13,24166.1,4,16849.500000000004,2opt,improve
857,14,24637.1,4,16849.500000000004,2opt,acceptBad
858,15,24046.300000000003,4,16849.500000000004,2opt,improve
859,15,23462.9,4,16849.500000000004,move,improve
860,15,23807.100000000002,4,16849.500000000004,swap,acceptBad
861,15,23708.100000000002,4,16849.500000000004,move,improve
862,15,23516.2,4,16849.500000000004,move,improve
863,15,23516.2,4,16849.500000000004,move,improve
864,15,23761.399999999998,4,16849.500000000004,swap,acceptBad
865,15,24343.2,4,16849.500000000004,2opt,acceptBad
866,15,24461.100000000002,4,16849.500000000004,swap,acceptBad
867,15,24446.000000000004,4,16849.500000000004,move,improve
868,15,24247.0,4,16849.500000000004,move,improve
869,15,24017.9,4,16849.500000000004,swap,improve
870,15,23999.9,4,16849.500000000004,move,improve
871,15,23999.9,4,16849.500000000004,move,improve
872,15,24227.4,4,16849.500000000004,2opt,acceptBad
873,15,24200.700000000004,4,16849.500000000004,2opt,improve
874,15,24200.7,4,16849.500000000004,move,improve
875,15,24176.8,4,16849.500000000004,2opt,improve
876,15,24176.8,4,16849.500000000004,swap,improve
877,15,24432.899999999998,4,16849.500000000004,swap,acceptBad
878,15,24707.699999999993,4,16849.500000000004,2opt,acceptBad
879,15,24318.299999999992,4,16849.500000000004,move,improve
880,16,24741.299999999996,4,16849.500000000004,2opt,acceptBad
881,16,24029.099999999995,4,16849.500000000004,move,improve
882,16,23597.1,4,16849.500000000004,swap,improve
883,16,23597.1,4,16849.500000000004,move,improve
884,16,23383.7,4,16849.500000000004,move,improve
885,16,23355.7,4,16849.500000000004,move,improve
886,16,23158.499999999996,4,16849.500000000004,swap,improve
887,16,23460.5,4,16849.500000000004,2opt,acceptBad
888,16,23403.899999999998,4,16849.500000000004,move,improve
889,16,22683.699999999997,4,16849.500000000004,move,improve
890,16,22683.699999999997,4,16849.500000000004,move,improve
891,16,22599.0,4,16849.500000000004,2opt,improve
892,16,22479.5,4,16849.500000000004,swap,improve
893,16,22409.100000000002,4,16849.500000000004,move,improve
894,16,22409.100000000002,4,16849.500000000004,move,improve
895,16,22558.4,4,16849.500000000004,swap,acceptBad
896,16,22558.399999999998,4,16849.500000000004,move,improve
897,16,23238.399999999998,4,16849.500000000004,swap,acceptBad
898,16,23285.8,4,16849.500000000004,2opt,acceptBad
899,16,23339.800000000007,4,16849.500000000004,2opt,acceptBad
900,16,23082.3,4,16849.500000000004,swap,improve
901,16,23211.600000000006,4,16849.500000000004,swap,acceptBad
902,16,23475.199999999997,4,16849.500000000004,2opt,acceptBad
903,16,23666.4,4,16849.500000000004,2opt,acceptBad
904,16,23721.699999999997,4,16849.500000000004,swap,acceptBad
905,16,23875.3,4,16849.500000000004,swap,acceptBad
906,15,23466.000000000004,4,16849.500000000004,move,improve
907,15,23310.8,4,16849.500000000004,move,improve
908,15,23310.800000000003,4,16849.500000000004,swap,acceptBad
909,15,23344.600000000002,4,16849.500000000004,swap,acceptBad
910,15,23373.300000000003,4,16849.500000000004,swap,acceptBad
911,15,23540.300000000007,4,16849.500000000004,swap,acceptBad
912,15,23222.300000000007,4,16849.500000000004,2opt,improve
913,15,23382.7,4,16849.500000000004,2opt,acceptBad
914,15,23681.899999999998,4,16849.500000000004,2opt,acceptBad
915,15,23681.899999999998,4,16849.500000000004,move,improve
916,15,23389.899999999998,4,16849.500000000004,move,improve
917,15,23389.899999999998,4,16849.500000000004,2opt,improve
918,15,23389.899999999998,4,16849.500000000004,move,improve
919,15,23410.199999999997,4,16849.500000000004,swap,acceptBad
920,15,23684.199999999997,4,16849.500000000004,swap,acceptBad
921,15,23661.599999999995,4,16849.500000000004,move,improve
922,15,23396.499999999996,4,16849.500000000004,swap,improve
923,15,23255.5,4,16849.500000000004,move,improve
924,15,23447.1,4,16849.500000000004,swap,acceptBad
925,15,23536.700000000004,4,16849.500000000004,2opt,acceptBad
926,15,23576.000000000004,4,16849.500000000004,2opt,acceptBad
927,15,23407.0,4,16849.500000000004,swap,improve
928,15,23206.2,4,16849.500000000004,move,improve
929,15,23440.100000000002,4,16849.500000000004,swap,acceptBad
930,15,23530.699999999993,4,16849.500000000004,swap,acceptBad
931,15,23645.500000000004,4,16849.500000000004,2opt,acceptBad
932,15,23645.000000000007,4,16849.500000000004,swap,improve
933,15,23592.400000000005,4,16849.500000000004,2opt,improve
934,15,23611.39999999999,4,16849.500000000004,2opt,acceptBad
935,15,23611.39999999999,4,16849.500000000004,move,improve
936,15,23545.99999999999,4,16849.500000000004,swap,improve
937,15,23349.19999999999,4,16849.500000000004,move,improve
938,15,23450.199999999993,4,16849.500000000004,swap,acceptBad
939,15,23556.5,4,16849.500000000004,2opt,acceptBad
940,15,23503.9,4,16849.500000000004,2opt,improve
941,15,23503.9,4,16849.500000000004,move,improve
942,15,23476.6,4,16849.500000000004,swap,improve
943,15,23838.2,4,16849.500000000004,swap,acceptBad
944,15,23663.799999999996,4,16849.500000000004,swap,improve
945,15,23613.199999999997,4,16849.500000000004,move,improve
946,15,23546.999999999996,4,16849.500000000004,move,improve
947,15,23301.899999999994,4,16849.500000000004,swap,improve
948,15,23578.999999999993,4,16849.500000000004,swap,acceptBad
949,15,23490.99999999999,4,16849.500000000004,2opt,improve
950,15,23225.100000000013,4,16849.500000000004,2opt,improve
951,15,23145.90000000001,4,16849.500000000004,move,improve
952,15,23242.4,4,16849.500000000004,swap,acceptBad
953,15,22949.000000000004,4,16849.500000000004,swap,improve
954,15,22949.000000000004,4,16849.500000000004,move,improve
955,15,22980.2,4,16849.500000000004,2opt,acceptBad
956,15,23282.4,4,16849.500000000004,2opt,acceptBad
957,15,23081.600000000002,4,16849.500000000004,move,improve
958,15,23012.9,4,16849.500000000004,move,improve
959,15,23012.9,4,16849.500000000004,move,improve
960,15,23281.8,4,16849.500000000004,swap,acceptBad
961,15,23281.8,4,16849.500000000004,move,improve
962,15,23413.7,4,16849.500000000004,swap,acceptBad
963,15,23403.0,4,16849.500000000004,swap,improve
964,15,23349.0,4,16849.500000000004,move,improve
965,15,23557.0,4,16849.500000000004,swap,acceptBad
966,15,23600.7,4,16849.500000000004,swap,acceptBad
967,15,23600.7,4,16849.500000000004,move,improve
968,15,23546.7,4,16849.500000000004,2opt,improve
969,15,24081.100000000002,4,16849.500000000004,swap,acceptBad
970,15,23997.800000000003,4,16849.500000000004,move,improve
971,15,24150.9,4,16849.500000000004,2opt,acceptBad
972,15,23703.9,4,16849.500000000004,move,improve
973,15,23741.899999999994,4,16849.500000000004,2opt,acceptBad
974,15,24120.399999999994,4,16849.500000000004,swap,acceptBad
975,15,23728.899999999998,4,16849.500000000004,move,improve
976,15,23856.099999999995,4,16849.500000000004,swap,acceptBad
977,15,23852.399999999994,4,16849.500000000004,swap,improve
978,15,24075.09999999999,4,16849.500000000004,swap,acceptBad
979,15,23939.40000000001,4,16849.500000000004,2opt,improve
980,15,23939.400000000005,4,16849.500000000004,move,improve
981,15,24107.400000000005,4,16849.500000000004,2opt,acceptBad
982,15,23862.000000000007,4,16849.500000000004,2opt,improve
983,15,23743.000000000007,4,16849.500000000004,move,improve
984,15,23535.90000000001,4,16849.500000000004,swap,improve
985,15,23152.800000000007,4,16849.500000000004,move,improve
986,15,22700.40000000001,4,16849.500000000004,move,improve
987,15,22686.60000000001,4,16849.500000000004,swap,improve
988,15,22512.60000000001,4,16849.500000000004,move,improve
989,15,22510.5,4,16849.500000000004,2opt,improve
990,15,22650.900000000005,4,16849.500000000004,2opt,acceptBad
991,15,22737.9,4,16849.500000000004,swap,acceptBad
992,15,22737.9,4,16849.500000000004,2opt,notBad
993,15,22426.700000000004,4,16849.500000000004,move,improve
994,15,22404.300000000003,4,16849.500000000004,2opt,improve
995,15,22435.300000000003,4,16849.500000000004,swap,acceptBad
996,15,22438.800000000003,4,16849.500000000004,2opt,acceptBad
997,15,22292.500000000007,4,16849.500000000004,2opt,improve
998,15,22292.500000000007,4,16849.500000000004,move,improve
999,15,22344.500000000007,4,16849.500000000004,2opt,acceptBad
1000,15,22761.600000000006,4,16849.500000000004,swap,acceptBad
1001,15,22677.300000000007,4,16849.500000000004,2opt,improve
1002,15,22677.300000000007,4,16849.500000000004,move,improve
1003,15,22649.7,4,16849.500000000004,swap,improve
1004,15,22702.900000000005,4,16849.500000000004,2opt,acceptBad
1005,15,22622.700000000004,4,16849.500000000004,move,improve
1006,15,22632.800000000003,4,16849.500000000004,swap,acceptBad
1007,15,22690.500000000004,4,16849.500000000004,swap,acceptBad
1008,15,22610.0,4,16849.500000000004,move,improve
1009,15,22531.0,4,16849.500000000004,move,improve
1010,15,21941.199999999997,4,16849.500000000004,move,improve
1011,15,21941.199999999997,4,16849.500000000004,2opt,notBad
1012,15,22052.899999999998,4,16849.500000000004,2opt,acceptBad
1013,15,22046.699999999993,4,16849.500000000004,move,improve
1014,15,22376.999999999996,4,16849.500000000004,2opt,acceptBad
1015,15,22555.199999999997,4,16849.500000000004,2opt,acceptBad
1016,15,22555.199999999997,4,16849.500000000004,move,improve
1017,15,22506.800000000003,4,16849.500000000004,2opt,improve
1018,15,22509.300000000003,4,16849.500000000004,2opt,acceptBad
1019,15,22509.3,4,16849.500000000004,2opt,improve
1020,15,22540.3,4,16849.500000000004,2opt,acceptBad
1021,15,22445.900000000005,4,16849.500000000004,move,improve
1022,15,22675.399999999998,4,16849.500000000004,swap,acceptBad
1023,15,22532.1,4,16849.500000000004,move,improve
1024,15,22548.899999999998,4,16849.500000000004,swap,acceptBad
1025,15,22379.499999999996,4,16849.500000000004,move,improve
1026,15,22214.100000000002,4,16849.500000000004,2opt,improve
1027,15,22080.300000000003,4,16849.500000000004,swap,improve
1028,15,21958.100000000006,4,16849.500000000004,swap,improve
1029,15,21978.300000000007,4,16849.500000000004,swap,acceptBad
1030,15,21860.300000000007,4,16849.500000000004,swap,improve
1031,15,21860.300000000007,4,16849.500000000004,move,improve
1032,15,21814.6,4,16849.500000000004,2opt,improve
1033,15,21863.399999999998,4,16849.500000000004,2opt,acceptBad
1034,15,22255.0,4,16849.500000000004,2opt,acceptBad
1035,15,22255.0,4,16849.500000000004,2opt,improve
1036,15,22225.499999999996,4,16849.500000000004,move,improve
1037,15,22290.799999999996,4,16849.500000000004,2opt,acceptBad
1038,15,22124.0,4,16849.500000000004,swap,improve
1039,16,22282.7,4,16849.500000000004,2opt,acceptBad
1040,16,22631.100000000002,4,16849.500000000004,swap,acceptBad
1041,16,22912.9,4,16849.500000000004,swap,acceptBad
1042,16,22910.900000000005,4,16849.500000000004,swap,improve
1043,15,22507.7,4,16849.500000000004,move,improve
1044,15,22449.100000000002,4,16849.500000000004,2opt,improve
1045,15,22504.000000000004,4,16849.500000000004,2opt,acceptBad
1046,15,22504.000000000004,4,16849.500000000004,move,improve
1047,15,22445.600000000002,4,16849.500000000004,move,improve
1048,15,22436.700000000004,4,16849.500000000004,swap,improve
1049,15,22506.800000000007,4,16849.500000000004,2opt,acceptBad
1050,15,22627.000000000007,4,16849.500000000004,swap,acceptBad
1051,15,22627.000000000007,4,16849.500000000004,move,improve
1052,15,22938.200000000004,4,16849.500000000004,swap,acceptBad
1053,15,23094.4,4,16849.500000000004,2opt,acceptBad
1054,15,23085.300000000003,4,16849.500000000004,swap,improve
1055,15,23070.3,4,16849.500000000004,2opt,improve
1056,15,23247.999999999996,4,16849.500000000004,2opt,acceptBad
1057,15,23628.6,4,16849.500000000004,swap,acceptBad
1058,15,23497.799999999996,4,16849.500000000004,move,improve
1059,15,23815.7,4,16849.500000000004,2opt,acceptBad
1060,15,24423.2,4,16849.500000000004,swap,acceptBad
1061,15,23854.399999999998,4,16849.500000000004,move,improve
1062,15,23921.300000000003,4,16849.500000000004,swap,acceptBad
1063,15,24267.5,4,16849.500000000004,swap,acceptBad
1064,16,24580.0,4,16849.500000000004,2opt,acceptBad
1065,16,24580.0,4,16849.500000000004,2opt,improve
1066,16,24618.7,4,16849.500000000004,2opt,acceptBad
1067,16,25023.200000000004,4,16849.500000000004,2opt,acceptBad
1068,16,25063.999999999996,4,16849.500000000004,2opt,acceptBad
1069,16,24943.099999999995,4,16849.500000000004,move,improve
1070,16,25082.900000000005,4,16849.500000000004,2opt,acceptBad
1071,16,24978.300000000007,4,16849.500000000004,move,improve
1072,15,24770.000000000007,4,16849.500000000004,move,improve
1073,15,24770.000000000007,4,16849.500000000004,2opt,improve
1074,15,24770.000000000007,4,16849.500000000004,move,improve
1075,15,25383.40000000001,4,16849.500000000004,2opt,acceptBad
1076,15,25414.00000000001,4,16849.500000000004,swap,acceptBad
1077,15,25415.800000000007,4,16849.500000000004,swap,acceptBad
1078,15,24746.100000000006,4,16849.500000000004,move,improve
1079,15,24725.900000000005,4,16849.500000000004,move,improve
1080,15,24717.300000000007,4,16849.500000000004,move,improve
1081,14,24672.1,4,16849.500000000004,2opt,improve
1082,14,24416.600000000002,4,16849.500000000004,2opt,improve
1083,14,24415.400000000005,4,16849.500000000004,2opt,improve
1084,14,24110.400000000005,4,16849.500000000004,move,improve
1085,14,23975.500000000007,4,16849.500000000004,move,improve
1086,14,23690.300000000003,4,16849.500000000004,swap,improve
1087,14,23369.4,4,16849.500000000004,move,improve
1088,14,23427.4,4,16849.500000000004,swap,acceptBad
1089,14,23427.4,4,16849.500000000004,move,improve
1090,14,23241.300000000007,4,16849.500000000004,2opt,improve
1091,14,23089.900000000005,4,16849.500000000004,2opt,improve
1092,14,23112.899999999998,4,16849.500000000004,2opt,acceptBad
1093,14,23112.899999999998,4,16849.500000000004,2opt,notBad
1094,14,23752.499999999996,4,16849.500000000004,swap,acceptBad
1095,14,23735.4,4,16849.500000000004,swap,improve
1096,14,23608.0,4,16849.500000000004,move,improve
1097,13,23347.799999999996,4,16849.500000000004,2opt,improve
1098,13,23347.799999999996,4,16849.500000000004,move,improve
1099,13,23224.899999999994,4,16849.500000000004,swap,improve
1100,13,23224.899999999994,4,16849.500000000004,move,improve
1101,13,23090.299999999996,4,16849.500000000004,move,improve
1102,13,22932.399999999998,4,16849.500000000004,swap,improve
1103,13,22727.999999999996,4,16849.500000000004,swap,improve
1104,13,23293.09999999999,4,16849.500000000004,2opt,acceptBad
1105,13,23171.799999999996,4,16849.500000000004,move,improve
1106,13,22893.799999999996,4,16849.500000000004,move,improve
1107,13,22650.799999999996,4,16849.500000000004,move,improve
1108,13,22865.499999999993,4,16849.500000000004,swap,acceptBad
1109,13,22938.799999999996,4,16849.500000000004,swap,acceptBad
1110,13,23599.599999999995,4,16849.500000000004,swap,acceptBad
1111,13,23529.599999999995,4,16849.500000000004,move,improve
1112,12,23441.199999999993,4,16849.500000000004,move,improve
1113,12,23542.099999999995,4,16849.500000000004,swap,acceptBad
1114,12,22996.799999999992,4,16849.500000000004,swap,improve
1115,12,22996.79999999999,4,16849.500000000004,2opt,improve
1116,12,22996.79999999999,4,16849.500000000004,swap,improve
1117,12,23074.399999999994,4,16849.500000000004,2opt,acceptBad
1118,12,22967.799999999992,4,16849.500000000004,swap,improve
1119,12,22776.999999999993,4,16849.500000000004,move,improve
1120,12,23533.299999999992,4,16849.500000000004,2opt,acceptBad
1121,12,23383.699999999993,4,16849.500000000004,move,improve
1122,12,23558.59999999999,4,16849.500000000004,swap,acceptBad
1123,12,24514.399999999994,4,16849.500000000004,swap,acceptBad
1124,12,24200.899999999998,4,16849.500000000004,2opt,improve
1125,12,23758.399999999998,4,16849.500000000004,2opt,improve
1126,12,23481.999999999996,4,16849.500000000004,move,improve
1127,12,23921.799999999996,4,16849.500000000004,2opt,acceptBad
1128,12,23877.899999999998,4,16849.500000000004,swap,improve
1129,12,23661.899999999998,4,16849.500000000004,move,improve
1130,12,22966.199999999997,4,16849.500000000004,swap,improve
1131,12,23078.999999999993,4,16849.500000000004,2opt,acceptBad
1132,12,23044.999999999993,4,16849.500000000004,move,improve
1133,12,23044.999999999993,4,16849.500000000004,move,improve
1134,12,22858.699999999993,4,16849.500000000004,move,improve
1135,12,23184.899999999998,4,16849.500000000004,swap,acceptBad
1136,12,23191.599999999995,4,16849.500000000004,swap,acceptBad
1137,12,23172.699999999997,4,16849.500000000004,move,improve
1138,12,22968.2,4,16849.500000000004,swap,improve
1139,12,22488.099999999995,4,16849.500000000004,2opt,improve
1140,12,22392.599999999995,4,16849.500000000004,swap,improve
1141,12,22663.899999999998,4,16849.500000000004,swap,acceptBad
1142,12,22955.699999999997,4,16849.500000000004,swap,acceptBad
1143,12,23857.299999999992,4,16849.500000000004,swap,acceptBad
1144,12,23857.299999999992,4,16849.500000000004,move,improve
1145,12,23857.599999999995,4,16849.500000000004,swap,acceptBad
1146,12,23732.699999999993,4,16849.500000000004,move,improve
1147,12,23712.699999999993,4,16849.500000000004,move,improve
1148,12,23712.7,4,16849.500000000004,2opt,acceptBad
1149,12,23889.100000000002,4,16849.500000000004,swap,acceptBad
1150,12,24795.7,4,16849.500000000004,swap,acceptBad
1151,12,24795.7,4,16849.500000000004,2opt,improve
1152,12,25115.0,4,16849.500000000004,swap,acceptBad
1153,12,25335.499999999993,4,16849.500000000004,2opt,acceptBad
1154,12,25055.299999999996,4,16849.500000000004,swap,improve
1155,12,25126.399999999994,4,16849.500000000004,swap,acceptBad
1156,12,25126.399999999994,4,16849.500000000004,2opt,improve
1157,12,24917.59999999999,4,16849.500000000004,swap,improve
1158,12,24439.09999999999,4,16849.500000000004,move,improve
1159,12,24296.199999999993,4,16849.500000000004,move,improve
1160,12,24303.799999999992,4,16849.500000000004,swap,acceptBad
1161,12,24280.999999999993,4,16849.500000000004,move,improve
1162,12,24083.799999999996,4,16849.500000000004,swap,improve
1163,12,23877.300000000003,4,16849.500000000004,2opt,improve
1164,12,23508.7,4,16849.500000000004,move,improve
1165,12,23578.59999999999,4,16849.500000000004,2opt,acceptBad
1166,12,23349.59999999999,4,16849.500000000004,2opt,improve
1167,12,23353.09999999999,4,16849.500000000004,swap,acceptBad
1168,12,23090.299999999992,4,16849.500000000004,move,improve
1169,12,22878.199999999993,4,16849.500000000004,move,improve
1170,12,22865.899999999994,4,16849.500000000004,swap,improve
1171,12,23510.599999999995,4,16849.500000000004,2opt,acceptBad
1172,12,23448.2,4,16849.500000000004,2opt,improve
1173,12,23448.2,4,16849.500000000004,move,improve
1174,12,23087.799999999996,4,16849.500000000004,move,improve
1175,12,23970.7,4,16849.500000000004,swap,acceptBad
1176,12,23970.7,4,16849.500000000004,move,improve
1177,12,23970.7,4,16849.500000000004,move,improve
1178,12,23970.7,4,16849.500000000004,move,improve
1179,12,24060.1,4,16849.500000000004,2opt,acceptBad
1180,12,24187.099999999995,4,16849.500000000004,2opt,acceptBad
1181,12,24776.899999999998,4,16849.500000000004,swap,acceptBad
1182,12,24848.4,4,16849.500000000004,2opt,acceptBad
1183,12,24900.199999999997,4,16849.500000000004,2opt,acceptBad
1184,12,24709.8,4,16849.500000000004,2opt,improve
1185,12,25007.699999999997,4,16849.500000000004,swap,acceptBad
1186,12,25545.999999999996,4,16849.500000000004,swap,acceptBad
1187,12,25284.999999999996,4,16849.500000000004,move,improve
1188,12,25066.199999999997,4,16849.500000000004,move,improve
1189,12,24876.199999999997,4,16849.500000000004,swap,improve
1190,12,24875.2,4,16849.500000000004,swap,improve
1191,12,24122.600000000002,4,16849.500000000004,move,improve
1192,12,24092.000000000004,4,16849.500000000004,move,improve
1193,12,24095.800000000003,4,16849.500000000004,swap,acceptBad
1194,12,23624.000000000004,4,16849.500000000004,move,improve
1195,12,23237.299999999996,4,16849.500000000004,2opt,improve
1196,12,23237.299999999996,4,16849.500000000004,2opt,improve
1197,13,22815.5,4,16849.500000000004,2opt,improve
1198,13,23248.1,4,16849.500000000004,2opt,acceptBad
1199,13,23416.0,4,16849.500000000004,swap,acceptBad
1200,13,23246.4,4,16849.500000000004,move,improve
1201,13,23052.4,4,16849.500000000004,move,improve
1202,13,22985.6,4,16849.500000000004,swap,improve
1203,13,22842.3,4,16849.500000000004,move,improve
1204,13,22801.499999999996,4,16849.500000000004,2opt,improve
1205,13,22781.1,4,16849.500000000004,2opt,improve
1206,13,22453.1,4,16849.500000000004,move,improve
1207,13,22650.1,4,16849.500000000004,swap,acceptBad
1208,13,22650.1,4,16849.500000000004,move,improve
1209,13,22650.100000000002,4,16849.500000000004,2opt,acceptBad
1210,13,22778.0,4,16849.500000000004,swap,acceptBad
1211,13,22682.6,4,16849.500000000004,2opt,improve
1212,13,22682.6,4,16849.500000000004,2opt,improve
1213,13,22680.599999999995,4,16849.500000000004,swap,improve
1214,13,22680.599999999995,4,16849.500000000004,2opt,notBad
1215,12,22415.399999999994,4,16849.500000000004,move,improve
1216,11,21944.399999999994,4,16849.500000000004,move,improve
1217,11,21944.399999999994,4,16849.500000000004,2opt,improve
1218,11,21528.799999999996,4,16849.500000000004,move,improve
1219,11,21528.799999999996,4,16849.500000000004,move,improve
1220,11,21612.899999999998,4,16849.500000000004,2opt,acceptBad
1221,11,21249.2,4,16849.500000000004,swap,improve
1222,11,21291.200000000004,4,16849.500000000004,swap,acceptBad
1223,11,21509.0,4,16849.500000000004,2opt,acceptBad
1224,11,21697.9,4,16849.500000000004,2opt,acceptBad
1225,11,22039.900000000005,4,16849.500000000004,swap,acceptBad
1226,11,22039.899999999998,4,16849.500000000004,2opt,improve
1227,11,22039.899999999998,4,16849.500000000004,move,improve
1228,11,22039.899999999998,4,16849.500000000004,move,improve
1229,11,22177.0,4,16849.500000000004,2opt,acceptBad
1230,11,22176.999999999996,4,16849.500000000004,move,improve
1231,11,22065.999999999996,4,16849.500000000004,move,improve
1232,11,21946.799999999996,4,16849.500000000004,swap,improve
1233,11,21972.400000000005,4,16849.500000000004,2opt,acceptBad
1234,11,22312.900000000005,4,16849.500000000004,swap,acceptBad
1235,11,22241.400000000005,4,16849.500000000004,move,improve
1236,11,22033.400000000005,4,16849.500000000004,move,improve
1237,11,22033.400000000005,4,16849.500000000004,move,improve
1238,11,22397.000000000004,4,16849.500000000004,swap,acceptBad
1239,11,22392.400000000005,4,16849.500000000004,swap,improve
1240,11,22342.5,4,16849.500000000004,move,improve
1241,11,22090.8,4,16849.500000000004,move,improve
1242,11,22850.399999999998,4,16849.500000000004,swap,acceptBad
1243,11,22850.4,4,16849.500000000004,2opt,acceptBad
1244,11,22902.5,4,16849.500000000004,swap,acceptBad
1245,11,23073.099999999995,4,16849.500000000004,swap,acceptBad
1246,12,23097.999999999996,4,16849.500000000004,2opt,acceptBad
1247,12,23097.999999999996,4,16849.500000000004,2opt,notBad
1248,12,23097.999999999996,4,16849.500000000004,2opt,improve
1249,12,22548.699999999993,4,16849.500000000004,move,improve
1250,12,22548.699999999993,4,16849.500000000004,move,improve
1251,12,22138.699999999997,4,16849.500000000004,move,improve
1252,12,22126.699999999997,4,16849.500000000004,swap,improve
1253,12,22115.299999999996,4,16849.500000000004,move,improve
1254,12,22485.399999999998,4,16849.500000000004,2opt,acceptBad
1255,12,22193.899999999998,4,16849.500000000004,2opt,improve
1256,12,21709.099999999995,4,16849.500000000004,move,improve
1257,12,22086.899999999998,4,16849.500000000004,swap,acceptBad
1258,12,22260.49999999999,4,16849.500000000004,2opt,acceptBad
1259,12,22266.999999999993,4,16849.500000000004,swap,acceptBad
1260,12,22274.999999999993,4,16849.500000000004,swap,acceptBad
1261,12,22227.699999999993,4,16849.500000000004,swap,improve
1262,12,22348.699999999993,4,16849.500000000004,swap,acceptBad
1263,12,22005.199999999997,4,16849.500000000004,move,improve
1264,12,22374.899999999994,4,16849.500000000004,swap,acceptBad
1265,12,22374.899999999994,4,16849.500000000004,move,improve
1266,12,22097.09999999999,4,16849.500000000004,2opt,improve
1267,12,22020.89999999999,4,16849.500000000004,move,improve
1268,12,22132.299999999992,4,16849.500000000004,2opt,acceptBad
1269,12,22132.299999999992,4,16849.500000000004,2opt,improve
1270,12,22028.199999999997,4,16849.500000000004,2opt,improve
1271,12,22339.9,4,16849.500000000004,2opt,acceptBad
1272,12,22468.1,4,16849.500000000004,swap,acceptBad
1273,12,22203.700000000004,4,16849.500000000004,swap,improve
1274,12,22402.1,4,16849.500000000004,2opt,acceptBad
1275,12,22338.7,4,16849.500000000004,move,improve
1276,12,22338.7,4,16849.500000000004,move,improve
1277,12,22020.699999999997,4,16849.500000000004,swap,improve
1278,12,22189.9,4,16849.500000000004,swap,acceptBad
1279,12,21899.300000000003,4,16849.500000000004,move,improve
1280,11,21901.100000000006,4,16849.500000000004,2opt,acceptBad
1281,11,21901.100000000006,4,16849.500000000004,move,improve
1282,11,21970.2,4,16849.500000000004,2opt,acceptBad
1283,11,22109.100000000002,4,16849.500000000004,swap,acceptBad
1284,11,22175.9,4,16849.500000000004,2opt,acceptBad
1285,11,21990.6,4,16849.500000000004,move,improve
1286,11,22209.699999999997,4,16849.500000000004,swap,acceptBad
1287,11,22159.1,4,16849.500000000004,move,improve
1288,12,22406.899999999998,4,16849.500000000004,2opt,acceptBad
1289,12,22406.899999999998,4,16849.500000000004,2opt,improve
1290,12,23163.3,4,16849.500000000004,2opt,acceptBad
1291,12,23381.599999999995,4,16849.500000000004,2opt,acceptBad
1292,12,23215.8,4,16849.500000000004,move,improve
1293,12,22958.799999999996,4,16849.500000000004,move,improve
1294,12,22911.999999999996,4,16849.500000000004,2opt,improve
1295,12,22811.199999999997,4,16849.500000000004,swap,improve
1296,12,22735.599999999995,4,16849.500000000004,2opt,improve
1297,12,22899.999999999993,4,16849.500000000004,swap,acceptBad
1298,12,22778.399999999998,4,16849.500000000004,move,improve
1299,12,22963.2,4,16849.500000000004,2opt,acceptBad
1300,12,23145.100000000002,4,16849.500000000004,swap,acceptBad
1301,12,23455.100000000002,4,16849.500000000004,swap,acceptBad
1302,12,23455.099999999995,4,16849.500000000004,2opt,improve
1303,12,22943.699999999997,4,16849.500000000004,move,improve
1304,12,22900.699999999997,4,16849.500000000004,swap,improve
1305,12,22174.999999999993,4,16849.500000000004,move,improve
1306,12,22035.299999999996,4,16849.500000000004,move,improve
1307,12,22179.899999999994,4,16849.500000000004,swap,acceptBad
1308,12,22884.699999999993,4,16849.500000000004,2opt,acceptBad
1309,13,23224.799999999996,4,16849.500000000004,2opt,acceptBad
1310,13,23224.799999999996,4,16849.500000000004,move,improve
1311,13,23377.600000000002,4,16849.500000000004,2opt,acceptBad
1312,13,23409.100000000002,4,16849.500000000004,swap,acceptBad
1313,13,23158.500000000004,4,16849.500000000004,2opt,improve
1314,13,23158.500000000004,4,16849.500000000004,2opt,improve
1315,13,23468.300000000003,4,16849.500000000004,swap,acceptBad
1316,13,23469.800000000003,4,16849.500000000004,swap,acceptBad
1317,13,23469.8,4,16849.500000000004,2opt,improve
1318,13,23341.1,4,16849.500000000004,swap,improve
1319,13,23342.099999999995,4,16849.500000000004,2opt,acceptBad
1320,13,23342.099999999995,4,16849.500000000004,2opt,improve
1321,13,23342.099999999995,4,16849.500000000004,swap,improve
1322,13,23039.799999999996,4,16849.500000000004,move,improve
1323,13,22502.099999999995,4,16849.500000000004,move,improve
1324,13,22502.099999999995,4,16849.500000000004,2opt,notBad
1325,13,23010.7,4,16849.500000000004,2opt,acceptBad
1326,13,23010.7,4,16849.500000000004,move,improve
1327,13,22857.899999999998,4,16849.500000000004,2opt,improve
1328,13,22857.899999999998,4,16849.500000000004,2opt,improve
1329,13,22857.899999999994,4,16849.500000000004,2opt,improve
1330,13,22857.899999999994,4,16849.500000000004,2opt,notBad
1331,13,23035.19999999999,4,16849.500000000004,swap,acceptBad
1332,13,23234.599999999995,4,16849.500000000004,2opt,acceptBad
1333,13,23375.199999999997,4,16849.500000000004,swap,acceptBad
1334,13,23378.099999999995,4,16849.500000000004,swap,acceptBad
1335,13,22931.499999999996,4,16849.500000000004,move,improve
1336,13,23244.0,4,16849.500000000004,2opt,acceptBad
1337,13,23303.699999999997,4,16849.500000000004,2opt,acceptBad
1338,13,23053.699999999997,4,16849.500000000004,move,improve
1339,13,23105.5,4,16849.500000000004,2opt,acceptBad
1340,13,23105.5,4,16849.500000000004,move,improve
1341,13,23178.899999999998,4,16849.500000000004,swap,acceptBad
1342,13,23016.899999999998,4,16849.500000000004,move,improve
1343,12,23323.799999999992,4,16849.500000000004,2opt,acceptBad
1344,12,23570.7,4,16849.500000000004,2opt,acceptBad
1345,12,23659.8,4,16849.500000000004,swap,acceptBad
1346,12,23455.899999999994,4,16849.500000000004,move,improve
1347,12,23455.9,4,16849.500000000004,2opt,acceptBad
1348,12,23455.9,4,16849.500000000004,move,improve
1349,12,23038.100000000006,4,16849.500000000004,move,improve
1350,12,23490.700000000008,4,16849.500000000004,swap,acceptBad
1351,12,23490.700000000008,4,16849.500000000004,move,improve
1352,12,23490.700000000008,4,16849.500000000004,2opt,notBad
1353,12,23490.700000000004,4,16849.500000000004,2opt,improve
1354,12,23631.500000000004,4,16849.500000000004,swap,acceptBad
1355,12,23525.000000000004,4,16849.500000000004,move,improve
1356,12,23460.5,4,16849.500000000004,2opt,improve
1357,12,24263.4,4,16849.500000000004,swap,acceptBad
1358,12,24271.10000000001,4,16849.500000000004,2opt,acceptBad
1359,12,25057.100000000006,4,16849.500000000004,swap,acceptBad
1360,13,25250.700000000004,4,16849.500000000004,2opt,acceptBad
1361,13,25099.000000000007,4,16849.500000000004,move,improve
1362,13,25008.400000000005,4,16849.500000000004,swap,improve
1363,13,25012.400000000005,4,16849.500000000004,2opt,acceptBad
1364,13,24726.599999999995,4,16849.500000000004,2opt,improve
1365,13,24009.799999999996,4,16849.500000000004,swap,improve
1366,13,23830.199999999997,4,16849.500000000004,move,improve
1367,13,23824.899999999998,4,16849.500000000004,swap,improve
1368,13,23384.499999999996,4,16849.500000000004,move,improve
1369,13,23253.099999999995,4,16849.500000000004,move,improve
1370,13,23236.699999999993,4,16849.500000000004,move,improve
1371,13,22924.199999999993,4,16849.500000000004,swap,improve
1372,13,22937.099999999995,4,16849.500000000004,swap,acceptBad
1373,13,22842.59999999999,4,16849.500000000004,move,improve
1374,13,23592.69999999999,4,16849.500000000004,swap,acceptBad
1375,13,23615.699999999993,4,16849.500000000004,swap,acceptBad
1376,13,23633.699999999997,4,16849.500000000004,2opt,acceptBad
1377,13,23827.199999999997,4,16849.500000000004,swap,acceptBad
1378,13,23945.999999999996,4,16849.500000000004,swap,acceptBad
1379,13,23755.599999999995,4,16849.500000000004,swap,improve
1380,13,23704.2,4,16849.500000000004,2opt,improve
1381,13,24035.200000000004,4,16849.500000000004,2opt,acceptBad
1382,12,23857.000000000004,4,16849.500000000004,move,improve
1383,12,23710.100000000002,4,16849.500000000004,2opt,improve
1384,12,23559.9,4,16849.500000000004,move,improve
1385,12,23621.800000000007,4,16849.500000000004,2opt,acceptBad
1386,12,24041.800000000007,4,16849.500000000004,swap,acceptBad
1387,12,23997.400000000005,4,16849.500000000004,swap,improve
1388,12,24179.000000000007,4,16849.500000000004,swap,acceptBad
1389,12,24292.300000000007,4,16849.500000000004,2opt,acceptBad
1390,12,24369.4,4,16849.500000000004,2opt,acceptBad
1391,12,24300.0,4,16849.500000000004,move,improve
1392,12,23986.0,4,16849.500000000004,move,improve
1393,12,23986.0,4,16849.500000000004,move,improve
1394,12,23950.8,4,16849.500000000004,swap,improve
1395,12,23950.8,4,16849.500000000004,2opt,improve
1396,12,23934.6,4,16849.500000000004,swap,improve
1397,12,23934.6,4,16849.500000000004,2opt,notBad
1398,12,24261.399999999998,4,16849.500000000004,swap,acceptBad
1399,12,24059.1,4,16849.500000000004,move,improve
1400,12,24055.0,4,16849.500000000004,swap,improve
1401,12,23967.9,4,16849.500000000004,swap,improve
1402,12,23750.4,4,16849.500000000004,move,improve
1403,12,23750.4,4,16849.500000000004,move,improve
1404,12,23750.399999999994,4,16849.500000000004,2opt,improve
1405,12,24276.699999999993,4,16849.500000000004,2opt,acceptBad
1406,12,24276.699999999993,4,16849.500000000004,move,improve
1407,12,24352.199999999997,4,16849.500000000004,2opt,acceptBad
1408,12,23486.600000000002,4,16849.500000000004,2opt,improve
1409,12,23422.200000000004,4,16849.500000000004,swap,improve
1410,12,23297.800000000003,4,16849.500000000004,swap,improve
1411,12,23707.3,4,16849.500000000004,swap,acceptBad
1412,12,23732.1,4,16849.500000000004,swap,acceptBad
1413,12,23732.100000000006,4,16849.500000000004,2opt,acceptBad
1414,11,23338.999999999996,4,16849.500000000004,2opt,improve
1415,11,23338.999999999996,4,16849.500000000004,swap,improve
1416,11,23338.999999999996,4,16849.500000000004,2opt,improve
1417,11,23966.40000000001,4,16849.500000000004,2opt,acceptBad
1418,11,24660.30000000001,4,16849.500000000004,swap,acceptBad
1419,11,24202.100000000013,4,16849.500000000004,move,improve
1420,11,24701.900000000012,4,16849.500000000004,swap,acceptBad
1421,11,24533.499999999996,4,16849.500000000004,2opt,improve
1422,11,24276.899999999998,4,16849.500000000004,move,improve
1423,11,24206.499999999996,4,16849.500000000004,move,improve
1424,11,23684.799999999996,4,16849.500000000004,move,improve
1425,11,23851.2,4,16849.500000000004,2opt,acceptBad
1426,11,24035.9,4,16849.500000000004,swap,acceptBad
1427,11,24172.200000000004,4,16849.500000000004,swap,acceptBad
1428,11,23856.500000000004,4,16849.500000000004,move,improve
1429,11,23984.200000000004,4,16849.500000000004,swap,acceptBad
1430,11,23649.100000000002,4,16849.500000000004,move,improve
1431,11,23707.500000000004,4,16849.500000000004,swap,acceptBad
1432,11,23423.100000000002,4,16849.500000000004,swap,improve
1433,11,23419.900000000005,4,16849.500000000004,swap,improve
1434,11,23081.699999999997,4,16849.500000000004,swap,improve
1435,11,23142.3,4,16849.500000000004,swap,acceptBad
1436,11,23740.0,4,16849.500000000004,swap,acceptBad
1437,11,23311.4,4,16849.500000000004,swap,improve
1438,11,23347.9,4,16849.500000000004,2opt,acceptBad
1439,11,23258.8,4,16849.500000000004,move,improve
1440,11,23156.899999999998,4,16849.500000000004,move,improve
1441,11,23156.899999999998,4,16849.500000000004,move,improve
1442,11,23066.299999999996,4,16849.500000000004,2opt,improve
1443,12,23197.599999999995,4,16849.500000000004,2opt,acceptBad
1444,12,22777.399999999994,4,16849.500000000004,swap,improve
1445,12,22416.399999999994,4,16849.500000000004,move,improve
1446,12,22416.39999999999,4,16849.500000000004,2opt,improve
1447,12,22801.699999999993,4,16849.500000000004,swap,acceptBad
1448,12,22235.799999999996,4,16849.500000000004,move,improve
1449,12,22235.799999999996,4,16849.500000000004,2opt,notBad
1450,12,21691.499999999996,4,16849.500000000004,move,improve
1451,12,21554.599999999995,4,16849.500000000004,move,improve
1452,12,21449.399999999998,4,16849.500000000004,2opt,improve
1453,12,21052.3,4,16849.500000000004,2opt,improve
1454,12,20923.3,4,16849.500000000004,move,improve
1455,12,20913.099999999995,4,16849.500000000004,swap,improve
1456,12,21143.199999999997,4,16849.500000000004,2opt,acceptBad
1457,12,21127.499999999996,4,16849.500000000004,move,improve
1458,12,21415.3,4,16849.500000000004,swap,acceptBad
1459,12,22005.5,4,16849.500000000004,swap,acceptBad
1460,12,22001.7,4,16849.500000000004,move,improve
1461,12,21855.3,4,16849.500000000004,swap,improve
1462,12,21834.100000000002,4,16849.500000000004,move,improve
1463,12,22335.800000000003,4,16849.500000000004,swap,acceptBad
1464,12,22165.700000000004,4,16849.500000000004,move,improve
1465,12,22165.700000000004,4,16849.500000000004,move,improve
1466,12,22165.700000000004,4,16849.500000000004,2opt,notBad
1467,12,22317.9,4,16849.500000000004,swap,acceptBad
1468,12,22154.700000000004,4,16849.500000000004,move,improve
1469,12,22154.700000000004,4,16849.500000000004,2opt,notBad
1470,12,22398.500000000004,4,16849.500000000004,2opt,acceptBad
1471,12,22556.899999999998,4,16849.500000000004,2opt,acceptBad
1472,12,22642.1,4,16849.500000000004,2opt,acceptBad
1473,12,22524.0,4,16849.500000000004,2opt,improve
1474,12,22524.0,4,16849.500000000004,swap,improve
1475,12,22524.0,4,16849.500000000004,move,improve
1476,12,22547.699999999997,4,16849.500000000004,2opt,acceptBad
1477,12,22510.399999999998,4,16849.500000000004,swap,improve
1478,12,22411.199999999997,4,16849.500000000004,move,improve
1479,12,22430.699999999993,4,16849.500000000004,swap,acceptBad
1480,12,22308.199999999993,4,16849.500000000004,move,improve
1481,12,22426.899999999994,4,16849.500000000004,swap,acceptBad
1482,12,22426.899999999994,4,16849.500000000004,move,improve
1483,12,22359.699999999997,4,16849.500000000004,swap,improve
1484,12,22359.699999999997,4,16849.500000000004,2opt,notBad
1485,12,22133.599999999995,4,16849.500000000004,move,improve
1486,12,22174.399999999998,4,16849.500000000004,swap,acceptBad
1487,12,22215.699999999997,4,16849.500000000004,2opt,acceptBad
1488,12,22771.499999999996,4,16849.500000000004,swap,acceptBad
1489,12,22857.100000000002,4,16849.500000000004,2opt,acceptBad
1490,12,22708.8,4,16849.500000000004,move,improve
1491,12,22181.6,4,16849.500000000004,move,improve
1492,12,22181.6,4,16849.500000000004,2opt,notBad
1493,13,22427.5,4,16849.500000000004,2opt,acceptBad
1494,13,22427.499999999996,4,16849.500000000004,move,improve
1495,13,22256.399999999998,4,16849.500000000004,move,improve
1496,13,22184.899999999998,4,16849.500000000004,move,improve
1497,13,22326.3,4,16849.500000000004,swap,acceptBad
1498,13,22999.0,4,16849.500000000004,swap,acceptBad
1499,13,23203.7,4,16849.500000000004,swap,acceptBad
1500,13,23190.0,4,16849.500000000004,move,improve
1501,13,23055.999999999996,4,16849.500000000004,move,improve
1502,13,22572.100000000002,4,16849.500000000004,2opt,improve
1503,13,22280.0,4,16849.500000000004,swap,improve
1504,13,22152.5,4,16849.500000000004,move,improve
1505,13,22160.500000000004,4,16849.500000000004,2opt,acceptBad
1506,13,22089.300000000003,4,16849.500000000004,2opt,improve
1507,13,22089.300000000003,4,16849.500000000004,2opt,notBad
1508,13,21883.3,4,16849.500000000004,move,improve
1509,13,21656.1,4,16849.500000000004,move,improve
1510,13,21656.1,4,16849.500000000004,2opt,notBad
1511,13,21386.399999999994,4,16849.500000000004,move,improve
1512,13,21215.699999999997,4,16849.500000000004,move,improve
1513,13,20776.199999999997,4,16849.500000000004,move,improve
1514,13,20776.199999999997,4,16849.500000000004,move,improve
1515,13,20776.199999999997,4,16849.500000000004,move,improve
1516,13,20781.5,4,16849.500000000004,2opt,acceptBad
1517,13,20716.899999999998,4,16849.500000000004,move,improve
1518,13,20716.899999999998,4,16849.500000000004,move,improve
1519,13,20664.399999999998,4,16849.500000000004,move,improve
1520,13,20686.3,4,16849.500000000004,2opt,acceptBad
1521,13,20705.399999999998,4,16849.500000000004,swap,acceptBad
1522,13,20627.0,4,16849.500000000004,move,improve
1523,13,20629.2,4,16849.500000000004,2opt,acceptBad
1524,13,20594.7,4,16849.500000000004,swap,improve
1525,13,20537.899999999998,4,16849.500000000004,swap,improve
1526,13,20676.2,4,16849.500000000004,swap,acceptBad
1527,13,20676.2,4,16849.500000000004,2opt,notBad
1528,13,20607.0,4,16849.500000000004,move,improve
1529,13,20424.7,4,16849.500000000004,2opt,improve
1530,13,20405.800000000003,4,16849.500000000004,swap,improve
1531,13,20365.0,4,16849.500000000004,move,improve
1532,13,20403.4,4,16849.500000000004,swap,acceptBad
1533,13,20128.200000000004,4,16849.500000000004,move,improve
1534,13,20687.4,4,16849.500000000004,swap,acceptBad
1535,13,20687.4,4,16849.500000000004,2opt,notBad
1536,13,20687.4,4,16849.500000000004,move,improve
1537,14,20994.200000000004,4,16849.500000000004,2opt,acceptBad
1538,14,20975.000000000004,4,16849.500000000004,swap,improve
1539,14,20975.000000000004,4,16849.500000000004,move,improve
1540,14,21057.100000000006,4,16849.500000000004,swap,acceptBad
1541,14,21173.000000000007,4,16849.500000000004,swap,acceptBad
1542,14,21593.700000000004,4,16849.500000000004,swap,acceptBad
1543,14,21170.500000000004,4,16849.500000000004,move,improve
1544,14,20884.600000000002,4,16849.500000000004,swap,improve
1545,14,20884.600000000002,4,16849.500000000004,move,improve
1546,14,20884.600000000002,4,16849.500000000004,move,improve
1547,14,20815.4,4,16849.500000000004,swap,improve
1548,14,21068.000000000004,4,16849.500000000004,swap,acceptBad
1549,14,21254.600000000002,4,16849.500000000004,swap,acceptBad
1550,14,21254.600000000002,4,16849.500000000004,move,improve
1551,14,21254.600000000002,4,16849.500000000004,move,improve
1552,14,21254.600000000002,4,16849.500000000004,move,improve
1553,14,21158.2,4,16849.500000000004,move,improve
1554,14,21062.600000000002,4,16849.500000000004,move,improve
1555,14,21769.4,4,16849.500000000004,swap,acceptBad
1556,14,21463.100000000002,4,16849.500000000004,move,improve
1557,14,21600.0,4,16849.500000000004,swap,acceptBad
1558,14,21537.6,4,16849.500000000004,move,improve
1559,14,21834.3,4,16849.500000000004,swap,acceptBad
1560,13,21884.1,4,16849.500000000004,2opt,acceptBad
1561,13,21885.699999999997,4,16849.500000000004,2opt,acceptBad
1562,13,21849.899999999998,4,16849.500000000004,move,improve
1563,13,21581.8,4,16849.500000000004,move,improve
1564,13,21588.399999999998,4,16849.500000000004,swap,acceptBad
1565,13,21588.399999999998,4,16849.500000000004,move,improve
1566,13,21785.8,4,16849.500000000004,2opt,acceptBad
1567,13,21785.8,4,16849.500000000004,move,improve
1568,13,21720.999999999996,4,16849.500000000004,swap,improve
1569,13,22286.1,4,16849.500000000004,swap,acceptBad
1570,13,22286.1,4,16849.500000000004,move,improve
1571,13,21929.699999999997,4,16849.500000000004,swap,improve
1572,13,21892.599999999995,4,16849.500000000004,move,improve
1573,13,21791.899999999998,4,16849.500000000004,move,improve
1574,13,21791.899999999998,4,16849.500000000004,move,improve
1575,13,21791.899999999998,4,16849.500000000004,move,improve
1576,13,21820.8,4,16849.500000000004,swap,acceptBad
1577,13,21873.699999999997,4,16849.500000000004,swap,acceptBad
1578,13,21478.9,4,16849.500000000004,move,improve
1579,13,21814.9,4,16849.500000000004,swap,acceptBad
1580,13,22045.300000000003,4,16849.500000000004,swap,acceptBad
1581,13,21660.100000000002,4,16849.500000000004,move,improve
1582,13,21443.800000000003,4,16849.500000000004,2opt,improve
1583,13,21443.800000000003,4,16849.500000000004,move,improve
1584,13,21390.9,4,16849.500000000004,2opt,improve
1585,13,21390.9,4,16849.500000000004,2opt,improve
1586,13,21390.9,4,16849.500000000004,swap,improve
1587,13,21390.9,4,16849.500000000004,move,improve
1588,13,21425.300000000003,4,16849.500000000004,swap,acceptBad
1589,13,21526.100000000002,4,16849.500000000004,swap,acceptBad
1590,13,21526.100000000002,4,16849.500000000004,2opt,improve
1591,13,21469.100000000002,4,16849.500000000004,2opt,improve
1592,13,21593.400000000005,4,16849.500000000004,swap,acceptBad
1593,12,21415.200000000004,4,16849.500000000004,move,improve
1594,12,21272.4,4,16849.500000000004,move,improve
1595,12,21252.9,4,16849.500000000004,move,improve
1596,12,21226.100000000002,4,16849.500000000004,move,improve
1597,12,21213.4,4,16849.500000000004,2opt,improve
1598,12,21255.899999999998,4,16849.500000000004,2opt,acceptBad
1599,12,21027.399999999998,4,16849.500000000004,move,improve
1600,12,21027.399999999998,4,16849.500000000004,2opt,notBad
1601,12,20942.7,4,16849.500000000004,2opt,improve
1602,12,21039.8,4,16849.500000000004,swap,acceptBad
1603,12,21093.8,4,16849.500000000004,2opt,acceptBad
1604,12,21093.8,4,16849.500000000004,2opt,improve
1605,12,21093.8,4,16849.500000000004,2opt,notBad
1606,12,21093.8,4,16849.500000000004,2opt,notBad
1607,12,21141.6,4,16849.500000000004,swap,acceptBad
1608,12,21091.9,4,16849.500000000004,swap,improve
1609,12,21441.600000000002,4,16849.500000000004,2opt,acceptBad
1610,12,21977.1,4,16849.500000000004,2opt,acceptBad
1611,12,21975.999999999996,4,16849.500000000004,swap,improve
1612,12,21998.899999999998,4,16849.500000000004,2opt,acceptBad
1613,12,21998.899999999998,4,16849.500000000004,swap,improve
1614,12,21998.899999999998,4,16849.500000000004,move,improve
1615,12,21998.899999999998,4,16849.500000000004,move,improve
1616,12,21898.6,4,16849.500000000004,move,improve
1617,12,21898.6,4,16849.500000000004,move,improve
1618,12,21605.7,4,16849.500000000004,2opt,improve
1619,12,21402.899999999998,4,16849.500000000004,swap,improve
1620,12,21414.199999999997,4,16849.500000000004,swap,acceptBad
1621,12,21414.199999999997,4,16849.500000000004,move,improve
1622,12,20965.8,4,16849.500000000004,move,improve
1623,12,20965.799999999996,4,16849.500000000004,move,improve
1624,12,21059.799999999996,4,16849.500000000004,swap,acceptBad
1625,12,21059.799999999996,4,16849.500000000004,move,improve
1626,12,21059.799999999996,4,16849.500000000004,move,improve
1627,12,21059.799999999996,4,16849.500000000004,move,improve
1628,12,21059.799999999996,4,16849.500000000004,move,improve
1629,12,21015.799999999996,4,16849.500000000004,swap,improve
1630,12,21029.899999999998,4,16849.500000000004,swap,acceptBad
1631,12,20863.8,4,16849.500000000004,move,improve
1632,12,20866.0,4,16849.500000000004,swap,acceptBad
1633,12,20866.0,4,16849.500000000004,2opt,notBad
1634,12,20866.0,4,16849.500000000004,2opt,notBad
1635,12,20999.4,4,16849.500000000004,swap,acceptBad
1636,12,20999.4,4,16849.500000000004,2opt,notBad
1637,12,20999.4,4,16849.500000000004,move,improve
1638,12,20933.9,4,16849.500000000004,move,improve
1639,12,20553.800000000003,4,16849.500000000004,move,improve
1640,12,20459.7,4,16849.500000000004,2opt,improve
1641,12,20459.7,4,16849.500000000004,2opt,notBad
1642,12,20459.7,4,16849.500000000004,move,improve
1643,12,20459.7,4,16849.500000000004,2opt,notBad
1644,13,20492.999999999996,4,16849.500000000004,2opt,acceptBad
1645,13,20521.2,4,16849.500000000004,swap,acceptBad
1646,13,21325.2,4,16849.500000000004,swap,acceptBad
1647,13,21362.0,4,16849.500000000004,swap,acceptBad
1648,13,21234.3,4,16849.500000000004,swap,improve
1649,13,20661.899999999998,4,16849.500000000004,move,improve
1650,13,20661.899999999998,4,16849.500000000004,2opt,notBad
1651,13,20581.199999999993,4,16849.500000000004,move,improve
1652,13,20554.299999999996,4,16849.500000000004,move,improve
1653,13,20554.299999999996,4,16849.500000000004,move,improve
1654,13,20554.299999999996,4,16849.500000000004,2opt,notBad
1655,12,20463.699999999997,4,16849.500000000004,move,improve
1656,12,20463.699999999997,4,16849.500000000004,move,improve
1657,12,20528.3,4,16849.500000000004,2opt,acceptBad
1658,12,20432.500000000007,4,16849.500000000004,move,improve
1659,12,20432.500000000004,4,16849.500000000004,move,improve
1660,12,20432.500000000004,4,16849.500000000004,move,improve
1661,12,20432.500000000004,4,16849.500000000004,move,improve
1662,12,20686.000000000004,4,16849.500000000004,swap,acceptBad
1663,12,20686.000000000004,4,16849.500000000004,2opt,notBad
1664,12,20686.000000000004,4,16849.500000000004,2opt,notBad
1665,12,20635.500000000004,4,16849.500000000004,move,improve
1666,12,20843.500000000004,4,16849.500000000004,2opt,acceptBad
1667,12,21330.300000000003,4,16849.500000000004,swap,acceptBad
1668,12,21330.300000000003,4,16849.500000000004,2opt,notBad
1669,12,21330.300000000003,4,16849.500000000004,2opt,improve
1670,12,21469.900000000005,4,16849.500000000004,swap,acceptBad
1671,12,21469.900000000005,4,16849.500000000004,2opt,notBad
1672,12,21336.900000000005,4,16849.500000000004,swap,improve
1673,12,21336.900000000005,4,16849.500000000004,2opt,improve
1674,12,21180.900000000005,4,16849.500000000004,move,improve
1675,12,21180.900000000005,4,16849.500000000004,2opt,notBad
1676,12,21578.500000000004,4,16849.500000000004,swap,acceptBad
1677,12,21730.7,4,16849.500000000004,swap,acceptBad
1678,12,21730.7,4,16849.500000000004,move,improve
1679,12,21730.7,4,16849.500000000004,move,improve
1680,12,21510.500000000004,4,16849.500000000004,swap,improve
1681,12,21373.800000000007,4,16849.500000000004,swap,improve
1682,12,21373.800000000007,4,16849.500000000004,2opt,improve
1683,12,21373.800000000007,4,16849.500000000004,2opt,notBad
1684,12,21373.800000000007,4,16849.500000000004,swap,notBad
1685,12,21404.6,4,16849.500000000004,2opt,acceptBad
1686,12,21272.0,4,16849.500000000004,swap,improve
1687,12,21241.2,4,16849.500000000004,swap,improve
1688,12,21241.2,4,16849.500000000004,2opt,notBad
1689,12,21207.3,4,16849.500000000004,2opt,improve
1690,12,21207.3,4,16849.500000000004,2opt,notBad
1691,12,21404.3,4,16849.500000000004,swap,acceptBad
1692,12,21429.3,4,16849.500000000004,2opt,acceptBad
1693,12,21429.3,4,16849.500000000004,move,improve
1694,12,21423.900000000005,4,16849.500000000004,2opt,improve
1695,12,21470.2,4,16849.500000000004,2opt,acceptBad
1696,13,21341.699999999997,4,16849.500000000004,2opt,improve
1697,13,21341.699999999997,4,16849.500000000004,move,improve
1698,13,21199.7,4,16849.500000000004,move,improve
1699,13,20992.4,4,16849.500000000004,move,improve
1700,13,20943.300000000003,4,16849.500000000004,swap,improve
1701,13,20943.300000000003,4,16849.500000000004,2opt,notBad
1702,14,21352.6,4,16849.500000000004,2opt,acceptBad
1703,14,21400.0,4,16849.500000000004,2opt,acceptBad
1704,14,21347.0,4,16849.500000000004,swap,improve
1705,14,21347.0,4,16849.500000000004,swap,improve
1706,14,21198.5,4,16849.500000000004,move,improve
1707,15,21406.600000000002,4,16849.500000000004,2opt,acceptBad
1708,15,21406.600000000002,4,16849.500000000004,2opt,notBad
1709,15,21306.9,4,16849.500000000004,move,improve
1710,15,21306.9,4,16849.500000000004,2opt,notBad
1711,15,21306.9,4,16849.500000000004,2opt,notBad
1712,15,21306.9,4,16849.500000000004,move,improve
1713,15,21918.3,4,16849.500000000004,swap,acceptBad
1714,15,22221.0,4,16849.500000000004,swap,acceptBad
1715,15,21934.100000000002,4,16849.500000000004,move,improve
1716,15,21934.100000000002,4,16849.500000000004,move,improve
1717,15,21934.100000000002,4,16849.500000000004,2opt,improve
1718,15,22293.199999999997,4,16849.500000000004,2opt,acceptBad
1719,15,22585.399999999998,4,16849.500000000004,swap,acceptBad
1720,15,22585.399999999998,4,16849.500000000004,2opt,notBad
1721,15,22419.6,4,16849.500000000004,swap,improve
1722,15,22739.599999999995,4,16849.500000000004,swap,acceptBad
1723,15,23434.699999999993,4,16849.500000000004,swap,acceptBad
1724,15,23427.699999999993,4,16849.500000000004,swap,improve
1725,15,23773.899999999994,4,16849.500000000004,swap,acceptBad
1726,15,23914.799999999992,4,16849.500000000004,swap,acceptBad
1727,15,23914.799999999992,4,16849.500000000004,2opt,notBad
1728,15,23914.799999999992,4,16849.500000000004,move,improve
1729,15,23643.199999999993,4,16849.500000000004,move,improve
1730,15,23508.199999999993,4,16849.500000000004,move,improve
1731,15,23178.599999999995,4,16849.500000000004,swap,improve
1732,15,23164.0,4,16849.500000000004,2opt,improve
1733,15,23164.0,4,16849.500000000004,move,improve
1734,15,22900.600000000002,4,16849.500000000004,move,improve
1735,15,22748.8,4,16849.500000000004,move,improve
1736,14,22636.0,4,16849.500000000004,move,improve
1737,14,22636.0,4,16849.500000000004,move,improve
1738,14,22568.800000000007,4,16849.500000000004,2opt,improve
1739,14,22438.600000000002,4,16849.500000000004,move,improve
1740,14,22335.400000000005,4,16849.500000000004,move,improve
1741,14,22407.500000000007,4,16849.500000000004,swap,acceptBad
1742,14,22220.400000000005,4,16849.500000000004,swap,improve
1743,14,22233.800000000003,4,16849.500000000004,2opt,acceptBad
1744,14,22503.0,4,16849.500000000004,2opt,acceptBad
1745,14,22779.5,4,16849.500000000004,swap,acceptBad
1746,14,23191.3,4,16849.500000000004,swap,acceptBad
1747,14,22980.199999999997,4,16849.500000000004,2opt,improve
1748,15,23114.799999999996,4,16849.500000000004,2opt,acceptBad
1749,15,22935.1,4,16849.500000000004,move,improve
1750,15,22646.1,4,16849.500000000004,move,improve
1751,15,22411.999999999996,4,16849.500000000004,move,improve
1752,15,22240.999999999996,4,16849.500000000004,2opt,improve
1753,15,22404.89999999999,4,16849.500000000004,2opt,acceptBad
1754,15,22951.799999999996,4,16849.500000000004,swap,acceptBad
1755,15,22821.4,4,16849.500000000004,2opt,improve
1756,15,22749.4,4,16849.500000000004,swap,improve
1757,15,22729.7,4,16849.500000000004,move,improve
1758,15,22729.7,4,16849.500000000004,2opt,improve
1759,15,22733.600000000002,4,16849.500000000004,2opt,acceptBad
1760,15,22533.6,4,16849.500000000004,swap,improve
1761,15,22708.4,4,16849.500000000004,2opt,acceptBad
1762,15,22388.4,4,16849.500000000004,move,improve
1763,15,22387.3,4,16849.500000000004,swap,improve
1764,15,22387.3,4,16849.500000000004,move,improve
1765,15,22393.7,4,16849.500000000004,swap,acceptBad
1766,15,22487.9,4,16849.500000000004,2opt,acceptBad
1767,15,22487.900000000005,4,16849.500000000004,2opt,acceptBad
1768,15,22734.300000000003,4,16849.500000000004,2opt,acceptBad
1769,15,22734.300000000003,4,16849.500000000004,move,improve
1770,15,22881.100000000002,4,16849.500000000004,swap,acceptBad
1771,15,22881.100000000002,4,16849.500000000004,2opt,improve
1772,15,22938.8,4,16849.500000000004,2opt,acceptBad
1773,15,22694.499999999996,4,16849.500000000004,2opt,improve
1774,15,22694.499999999996,4,16849.500000000004,2opt,notBad
1775,15,22579.399999999998,4,16849.500000000004,move,improve
1776,15,22701.600000000002,4,16849.500000000004,swap,acceptBad
1777,15,22873.8,4,16849.500000000004,swap,acceptBad
1778,15,22843.000000000004,4,16849.500000000004,swap,improve
1779,15,22737.39999999999,4,16849.500000000004,2opt,improve
1780,15,22518.699999999993,4,16849.500000000004,move,improve
1781,15,22518.699999999993,4,16849.500000000004,move,improve
1782,15,22518.699999999997,4,16849.500000000004,2opt,acceptBad
1783,15,22146.299999999996,4,16849.500000000004,move,improve
1784,15,22107.499999999996,4,16849.500000000004,swap,improve
1785,15,22129.499999999996,4,16849.500000000004,swap,acceptBad
1786,15,22143.299999999996,4,16849.500000000004,swap,acceptBad
1787,14,22029.499999999996,4,16849.500000000004,move,improve
1788,14,22023.3,4,16849.500000000004,2opt,improve
1789,14,22023.3,4,16849.500000000004,2opt,notBad
1790,14,22515.0,4,16849.500000000004,swap,acceptBad
1791,14,22228.9,4,16849.500000000004,2opt,improve
1792,14,22228.9,4,16849.500000000004,2opt,improve
1793,14,22212.5,4,16849.500000000004,2opt,improve
1794,14,21889.900000000005,4,16849.500000000004,2opt,improve
1795,14,21889.900000000005,4,16849.500000000004,move,improve
1796,14,21889.900000000005,4,16849.500000000004,swap,improve
1797,14,21889.900000000005,4,16849.500000000004,swap,improve
1798,14,21889.899999999998,4,16849.500000000004,2opt,improve
1799,14,21889.899999999998,4,16849.500000000004,move,improve
1800,14,21889.899999999998,4,16849.500000000004,2opt,notBad
1801,14,22007.399999999998,4,16849.500000000004,2opt,acceptBad
1802,14,22428.0,4,16849.500000000004,swap,acceptBad
1803,15,22580.4,4,16849.500000000004,2opt,acceptBad
1804,15,22748.1,4,16849.500000000004,swap,acceptBad
1805,15,22454.3,4,16849.500000000004,move,improve
1806,15,22537.1,4,16849.500000000004,2opt,acceptBad
1807,15,22846.899999999998,4,16849.500000000004,swap,acceptBad
1808,15,22827.899999999998,4,16849.500000000004,swap,improve
1809,15,22827.899999999998,4,16849.500000000004,move,improve
1810,15,22980.699999999997,4,16849.500000000004,swap,acceptBad
1811,15,23092.399999999998,4,16849.500000000004,2opt,acceptBad
1812,15,23034.699999999997,4,16849.500000000004,move,improve
1813,15,23034.699999999997,4,16849.500000000004,swap,notBad
1814,15,23129.1,4,16849.500000000004,swap,acceptBad
1815,15,23056.2,4,16849.500000000004,move,improve
1816,15,23056.2,4,16849.500000000004,2opt,notBad
1817,15,23056.2,4,16849.500000000004,swap,improve
1818,16,22984.5,4,16849.500000000004,2opt,improve
1819,16,22984.5,4,16849.500000000004,2opt,notBad
1820,16,22828.900000000005,4,16849.500000000004,2opt,improve
1821,16,22901.100000000006,4,16849.500000000004,2opt,acceptBad
1822,16,22910.700000000004,4,16849.500000000004,2opt,acceptBad
1823,16,23005.4,4,16849.500000000004,swap,acceptBad
1824,16,23005.4,4,16849.500000000004,move,improve
1825,16,23110.800000000003,4,16849.500000000004,swap,acceptBad
1826,15,22533.300000000003,4,16849.500000000004,move,improve
1827,15,22367.600000000002,4,16849.500000000004,move,improve
1828,15,22367.600000000002,4,16849.500000000004,move,improve
1829,15,22680.0,4,16849.500000000004,swap,acceptBad
1830,15,22674.100000000002,4,16849.500000000004,swap,improve
1831,15,22732.200000000004,4,16849.500000000004,swap,acceptBad
1832,15,22771.600000000002,4,16849.500000000004,2opt,acceptBad
1833,15,22838.000000000004,4,16849.500000000004,swap,acceptBad
1834,15,22544.200000000004,4,16849.500000000004,move,improve
1835,15,22486.000000000004,4,16849.500000000004,2opt,improve
1836,15,22390.5,4,16849.500000000004,move,improve
1837,15,22529.1,4,16849.500000000004,swap,acceptBad
1838,15,22494.299999999992,4,16849.500000000004,2opt,improve
1839,15,22518.499999999993,4,16849.500000000004,swap,acceptBad
1840,15,22518.499999999993,4,16849.500000000004,2opt,notBad
1841,15,22292.299999999992,4,16849.500000000004,move,improve
1842,15,22292.299999999992,4,16849.500000000004,move,improve
1843,15,22292.299999999992,4,16849.500000000004,2opt,notBad
1844,16,22132.999999999993,4,16849.500000000004,2opt,improve
1845,16,22147.69999999999,4,16849.500000000004,swap,acceptBad
1846,16,22147.69999999999,4,16849.500000000004,move,improve
1847,16,22147.69999999999,4,16849.500000000004,swap,improve
1848,16,22241.099999999988,4,16849.500000000004,2opt,acceptBad
1849,16,22241.099999999988,4,16849.500000000004,2opt,notBad
1850,16,22053.099999999988,4,16849.500000000004,move,improve
1851,16,22053.099999999988,4,16849.500000000004,move,improve
1852,16,22053.099999999988,4,16849.500000000004,move,improve
1853,16,22112.599999999988,4,16849.500000000004,swap,acceptBad
1854,16,22277.49999999999,4,16849.500000000004,swap,acceptBad
1855,16,22277.49999999999,4,16849.500000000004,2opt,improve
1856,16,22233.39999999999,4,16849.500000000004,swap,improve
1857,16,22023.99999999999,4,16849.500000000004,swap,improve
1858,16,22178.79999999999,4,16849.500000000004,swap,acceptBad
1859,16,22315.0,4,16849.500000000004,2opt,acceptBad
1860,16,22315.0,4,16849.500000000004,2opt,notBad
1861,15,21804.0,4,16849.500000000004,move,improve
1862,15,21710.1,4,16849.500000000004,move,improve
1863,15,21710.1,4,16849.500000000004,swap,notBad
1864,15,21388.399999999998,4,16849.500000000004,move,improve
1865,15,21388.399999999998,4,16849.500000000004,move,improve
1866,15,21392.0,4,16849.500000000004,2opt,acceptBad
1867,15,21391.999999999996,4,16849.500000000004,2opt,improve
1868,15,21509.299999999996,4,16849.500000000004,swap,acceptBad
1869,15,21484.099999999995,4,16849.500000000004,swap,improve
1870,15,21484.099999999995,4,16849.500000000004,2opt,notBad
1871,15,22123.499999999993,4,16849.500000000004,swap,acceptBad
1872,15,22123.499999999993,4,16849.500000000004,2opt,improve
1873,14,22010.699999999993,4,16849.500000000004,move,improve
1874,14,22444.699999999997,4,16849.500000000004,swap,acceptBad
1875,14,22151.699999999997,4,16849.500000000004,move,improve
1876,14,22078.599999999995,4,16849.500000000004,move,improve
1877,14,22108.900000000005,4,16849.500000000004,2opt,acceptBad
1878,13,21930.700000000004,4,16849.500000000004,2opt,improve
1879,13,21939.7,4,16849.500000000004,2opt,acceptBad
1880,13,21939.7,4,16849.500000000004,move,improve
1881,13,21709.499999999996,4,16849.500000000004,move,improve
1882,13,21384.0,4,16849.500000000004,2opt,improve
1883,13,21384.0,4,16849.500000000004,move,improve
1884,13,21212.600000000002,4,16849.500000000004,move,improve
1885,13,21053.2,4,16849.500000000004,swap,improve
1886,13,20965.2,4,16849.500000000004,move,improve
1887,13,20773.3,4,16849.500000000004,move,improve
1888,13,20773.3,4,16849.500000000004,move,improve
1889,13,20773.3,4,16849.500000000004,2opt,notBad
1890,13,20523.0,4,16849.500000000004,move,improve
1891,13,20315.600000000002,4,16849.500000000004,2opt,improve
1892,13,20662.1,4,16849.500000000004,swap,acceptBad
1893,13,20662.1,4,16849.500000000004,swap,improve
1894,13,20664.6,4,16849.500000000004,swap,acceptBad
1895,13,20699.4,4,16849.500000000004,swap,acceptBad
1896,13,20699.4,4,16849.500000000004,move,improve
1897,13,20661.7,4,16849.500000000004,move,improve
1898,13,20661.7,4,16849.500000000004,2opt,improve
1899,12,20581.100000000002,4,16849.500000000004,move,improve
1900,12,20567.7,4,16849.500000000004,swap,improve
1901,12,20567.7,4,16849.500000000004,2opt,notBad
1902,12,20594.399999999998,4,16849.500000000004,swap,acceptBad
1903,12,20594.399999999998,4,16849.500000000004,2opt,notBad
1904,12,20615.499999999996,4,16849.500000000004,swap,acceptBad
1905,12,20615.499999999996,4,16849.500000000004,2opt,notBad
1906,12,20615.499999999996,4,16849.500000000004,move,improve
1907,12,20650.599999999995,4,16849.500000000004,2opt,acceptBad
1908,12,20637.599999999995,4,16849.500000000004,swap,improve
1909,12,20637.599999999995,4,16849.500000000004,swap,notBad
1910,12,20637.599999999995,4,16849.500000000004,2opt,improve
1911,12,20805.8,4,16849.500000000004,swap,acceptBad
1912,12,20800.8,4,16849.500000000004,swap,improve
1913,12,20665.0,4,16849.500000000004,2opt,improve
1914,12,20665.0,4,16849.500000000004,move,improve
1915,12,20664.999999999996,4,16849.500000000004,2opt,improve
1916,12,20628.899999999998,4,16849.500000000004,2opt,improve
1917,12,20570.9,4,16849.500000000004,move,improve
1918,12,20549.3,4,16849.500000000004,move,improve
1919,12,20567.399999999998,4,16849.500000000004,swap,acceptBad
1920,12,20975.100000000002,4,16849.500000000004,swap,acceptBad
1921,12,20975.100000000002,4,16849.500000000004,move,improve
1922,12,20941.3,4,16849.500000000004,swap,improve
1923,12,20941.3,4,16849.500000000004,move,improve
1924,12,21191.599999999995,4,16849.500000000004,swap,acceptBad
1925,12,21191.599999999995,4,16849.500000000004,move,improve
1926,12,21273.6,4,16849.500000000004,swap,acceptBad
1927,12,21430.499999999996,4,16849.500000000004,swap,acceptBad
1928,12,21335.199999999997,4,16849.500000000004,move,improve
1929,12,21335.199999999997,4,16849.500000000004,2opt,notBad
1930,12,21335.199999999997,4,16849.500000000004,2opt,improve
1931,12,21335.199999999997,4,16849.500000000004,swap,notBad
1932,12,21229.6,4,16849.500000000004,move,improve
1933,12,21219.999999999996,4,16849.500000000004,swap,improve
1934,12,21219.999999999996,4,16849.500000000004,swap,notBad
1935,12,21161.699999999997,4,16849.500000000004,move,improve
1936,12,21161.699999999997,4,16849.500000000004,swap,improve
1937,12,21161.699999999997,4,16849.500000000004,2opt,notBad
1938,12,21162.899999999998,4,16849.500000000004,swap,acceptBad
1939,12,21026.1,4,16849.500000000004,2opt,improve
1940,12,20926.000000000004,4,16849.500000000004,2opt,improve
1941,12,20855.000000000004,4,16849.500000000004,2opt,improve
1942,12,20872.100000000002,4,16849.500000000004,swap,acceptBad
1943,12,20872.100000000002,4,16849.500000000004,2opt,notBad
1944,12,20878.500000000004,4,16849.500000000004,swap,acceptBad
1945,12,20878.500000000004,4,16849.500000000004,2opt,improve
1946,12,20878.500000000004,4,16849.500000000004,2opt,notBad
1947,12,20769.600000000002,4,16849.500000000004,move,improve
1948,12,20769.600000000002,4,16849.500000000004,2opt,notBad
1949,12,20769.600000000002,4,16849.500000000004,move,improve
1950,12,20640.399999999998,4,16849.500000000004,move,improve
1951,12,20563.699999999997,4,16849.500000000004,swap,improve
1952,12,20563.699999999997,4,16849.500000000004,move,improve
1953,12,20563.699999999997,4,16849.500000000004,move,improve
1954,12,20532.1,4,16849.500000000004,move,improve
1955,12,20495.9,4,16849.500000000004,2opt,improve
1956,12,20495.9,4,16849.500000000004,move,improve
1957,12,20495.9,4,16849.500000000004,move,improve
1958,12,20317.6,4,16849.500000000004,move,improve
1959,12,20309.6,4,16849.500000000004,move,improve
1960,12,20222.0,4,16849.500000000004,swap,improve
1961,12,20179.000000000004,4,16849.500000000004,2opt,improve
1962,12,20179.000000000004,4,16849.500000000004,swap,notBad
1963,12,20249.000000000004,4,16849.500000000004,swap,acceptBad
1964,12,20249.000000000004,4,16849.500000000004,move,improve
1965,12,20249.000000000004,4,16849.500000000004,move,improve
1966,12,20249.000000000004,4,16849.500000000004,2opt,notBad
1967,12,20249.000000000004,4,16849.500000000004,move,improve
1968,12,20419.800000000007,4,16849.500000000004,2opt,acceptBad
1969,12,20382.500000000004,4,16849.500000000004,move,improve
1970,12,20382.500000000004,4,16849.500000000004,swap,notBad
1971,12,20387.800000000007,4,16849.500000000004,swap,acceptBad
1972,12,20340.499999999996,4,16849.500000000004,2opt,improve
1973,12,20340.499999999996,4,16849.500000000004,2opt,notBad
1974,12,20340.499999999996,4,16849.500000000004,move,improve
1975,12,20340.499999999996,4,16849.500000000004,2opt,notBad
1976,12,20340.499999999996,4,16849.500000000004,swap,notBad
1977,12,20250.199999999993,4,16849.500000000004,move,improve
1978,12,20186.899999999998,4,16849.500000000004,move,improve
1979,12,20186.899999999998,4,16849.500000000004,swap,notBad
1980,12,20107.899999999998,4,16849.500000000004,swap,improve
1981,12,20063.399999999998,4,16849.500000000004,move,improve
1982,12,19932.1,4,16849.500000000004,2opt,improve
1983,12,19984.2,4,16849.500000000004,2opt,acceptBad
1984,12,19984.2,4,16849.500000000004,swap,notBad
1985,12,19984.2,4,16849.500000000004,move,improve
1986,12,19984.2,4,16849.500000000004,2opt,notBad
1987,12,19984.2,4,16849.500000000004,move,improve
1988,12,19984.2,4,16849.500000000004,move,improve
1989,12,19984.2,4,16849.500000000004,2opt,notBad
1990,12,19984.2,4,16849.500000000004,move,improve
1991,12,19984.2,4,16849.500000000004,swap,improve
1992,12,20042.4,4,16849.500000000004,swap,acceptBad
1993,12,20042.4,4,16849.500000000004,2opt,improve
1994,12,20042.4,4,16849.500000000004,move,improve
1995,13,19870.199999999993,4,16849.500000000004,2opt,improve
1996,13,19864.899999999998,4,16849.500000000004,move,improve
1997,13,19864.899999999998,4,16849.500000000004,move,improve
1998,13,19864.899999999998,4,16849.500000000004,2opt,notBad
1999,13,19864.899999999998,4,16849.500000000004,2opt,improve
2000,13,19864.899999999998,4,16849.500000000004,2opt,notBad
2001,13,19809.5,4,16849.500000000004,swap,improve
2002,13,19809.5,4,16849.500000000004,move,improve
2003,13,19699.399999999998,4,16849.500000000004,move,improve
2004,13,19496.3,4,16849.500000000004,move,improve
2005,13,19496.3,4,16849.500000000004,2opt,notBad
2006,13,19518.899999999998,4,16849.500000000004,swap,acceptBad
2007,13,19776.299999999996,4,16849.500000000004,swap,acceptBad
2008,13,19776.299999999996,4,16849.500000000004,move,improve
2009,13,19898.5,4,16849.500000000004,2opt,acceptBad
2010,13,20099.300000000003,4,16849.500000000004,swap,acceptBad
2011,13,20099.300000000003,4,16849.500000000004,2opt,improve
2012,13,20099.300000000003,4,16849.500000000004,move,improve
2013,13,20099.300000000003,4,16849.500000000004,swap,notBad
2014,13,20178.199999999997,4,16849.500000000004,2opt,acceptBad
2015,13,20072.499999999993,4,16849.500000000004,2opt,improve
2016,13,20072.499999999993,4,16849.500000000004,move,improve
2017,13,20032.299999999992,4,16849.500000000004,move,improve
2018,13,20032.299999999992,4,16849.500000000004,swap,improve
2019,13,19900.799999999992,4,16849.500000000004,move,improve
2020,13,19778.600000000002,4,16849.500000000004,2opt,improve
2021,13,19581.600000000002,4,16849.500000000004,2opt,improve
2022,13,19502.4,4,16849.500000000004,swap,improve
2023,13,19374.100000000002,4,16849.500000000004,move,improve
2024,13,19374.100000000002,4,16849.500000000004,2opt,notBad
2025,13,19374.100000000002,4,16849.500000000004,swap,improve
2026,13,19351.500000000004,4,16849.500000000004,move,improve
2027,13,19351.500000000004,4,16849.500000000004,swap,notBad
2028,13,19392.1,4,16849.500000000004,2opt,acceptBad
2029,13,19416.699999999997,4,16849.500000000004,swap,acceptBad
2030,13,19379.499999999993,4,16849.500000000004,swap,improve
2031,13,19379.499999999993,4,16849.500000000004,2opt,notBad
2032,13,19427.599999999995,4,16849.500000000004,swap,acceptBad
2033,13,19539.799999999996,4,16849.500000000004,swap,acceptBad
2034,13,19539.799999999996,4,16849.500000000004,move,improve
2035,13,19539.799999999996,4,16849.500000000004,2opt,notBad
2036,13,19539.799999999996,4,16849.500000000004,swap,notBad
2037,13,19539.799999999996,4,16849.500000000004,move,improve
2038,13,19539.799999999996,4,16849.500000000004,2opt,notBad
2039,13,19539.799999999996,4,16849.500000000004,move,improve
2040,13,19539.799999999996,4,16849.500000000004,2opt,notBad
2041,13,19554.39999999999,4,16849.500000000004,2opt,acceptBad
2042,13,19554.39999999999,4,16849.500000000004,2opt,notBad
2043,13,19554.39999999999,4,16849.500000000004,2opt,notBad
2044,13,19554.39999999999,4,16849.500000000004,2opt,notBad
2045,13,19726.099999999988,4,16849.500000000004,swap,acceptBad
2046,13,19726.099999999988,4,16849.500000000004,2opt,notBad
2047,13,19726.099999999988,4,16849.500000000004,move,improve
2048,13,19468.599999999988,4,16849.500000000004,move,improve
2049,13,19468.599999999988,4,16849.500000000004,move,improve
2050,13,19468.599999999988,4,16849.500000000004,move,improve
2051,13,19468.599999999988,4,16849.500000000004,move,improve
2052,13,19802.999999999993,4,16849.500000000004,swap,acceptBad
2053,13,19802.999999999993,4,16849.500000000004,2opt,notBad
2054,13,19802.999999999993,4,16849.500000000004,swap,notBad
2055,13,19802.999999999996,4,16849.500000000004,2opt,acceptBad
2056,13,19874.399999999994,4,16849.500000000004,swap,acceptBad
2057,13,19933.499999999996,4,16849.500000000004,swap,acceptBad
2058,13,19933.499999999996,4,16849.500000000004,swap,notBad
2059,13,19933.499999999996,4,16849.500000000004,2opt,notBad
2060,13,19933.499999999996,4,16849.500000000004,move,improve
2061,13,19969.1,4,16849.500000000004,swap,acceptBad
2062,12,19845.1,4,16849.500000000004,move,improve
2063,12,19849.7,4,16849.500000000004,2opt,acceptBad
2064,12,19969.9,4,16849.500000000004,swap,acceptBad
2065,12,19969.9,4,16849.500000000004,swap,notBad
2066,12,19921.2,4,16849.500000000004,move,improve
2067,12,19913.4,4,16849.500000000004,2opt,improve
2068,12,19913.4,4,16849.500000000004,2opt,notBad
2069,12,19913.4,4,16849.500000000004,swap,notBad
2070,11,19954.4,4,16849.500000000004,2opt,acceptBad
2071,11,20169.8,4,16849.500000000004,swap,acceptBad
2072,11,20169.800000000003,4,16849.500000000004,2opt,acceptBad
2073,11,20214.500000000007,4,16849.500000000004,swap,acceptBad
2074,11,19973.700000000004,4,16849.500000000004,move,improve
2075,11,19973.700000000004,4,16849.500000000004,2opt,notBad
2076,11,19973.7,4,16849.500000000004,2opt,improve
2077,11,19658.5,4,16849.500000000004,move,improve
2078,11,19658.5,4,16849.500000000004,2opt,notBad
2079,11,19738.699999999997,4,16849.500000000004,2opt,acceptBad
2080,11,20101.3,4,16849.500000000004,swap,acceptBad
2081,11,20101.3,4,16849.500000000004,swap,notBad
2082,11,20206.299999999996,4,16849.500000000004,2opt,acceptBad
2083,11,20189.9,4,16849.500000000004,swap,improve
2084,11,20189.9,4,16849.500000000004,move,improve
2085,11,20189.9,4,16849.500000000004,2opt,notBad
2086,11,20164.800000000003,4,16849.500000000004,swap,improve
2087,11,20385.4,4,16849.500000000004,swap,acceptBad
2088,11,20385.4,4,16849.500000000004,swap,notBad
2089,11,20220.2,4,16849.500000000004,2opt,improve
2090,11,20220.2,4,16849.500000000004,swap,notBad
2091,11,20057.5,4,16849.500000000004,move,improve
2092,11,20012.3,4,16849.500000000004,move,improve
2093,11,20190.300000000003,4,16849.500000000004,swap,acceptBad
2094,11,20190.300000000003,4,16849.500000000004,swap,notBad
2095,11,20190.300000000003,4,16849.500000000004,move,improve
2096,11,19992.7,4,16849.500000000004,move,improve
2097,11,19852.699999999997,4,16849.500000000004,move,improve
2098,11,19852.699999999997,4,16849.500000000004,swap,notBad
2099,11,19852.699999999997,4,16849.500000000004,2opt,notBad
2100,11,20085.100000000002,4,16849.500000000004,swap,acceptBad
2101,11,20085.100000000002,4,16849.500000000004,move,improve
2102,11,20085.100000000002,4,16849.500000000004,move,improve
2103,11,20085.100000000002,4,16849.500000000004,swap,notBad
2104,11,20085.100000000002,4,16849.500000000004,move,improve
2105,11,20067.3,4,16849.500000000004,move,improve
2106,11,20067.3,4,16849.500000000004,move,improve
2107,11,20067.3,4,16849.500000000004,swap,notBad
2108,11,20134.3,4,16849.500000000004,swap,acceptBad
2109,11,20097.2,4,16849.500000000004,move,improve
2110,11,20013.8,4,16849.500000000004,swap,improve
2111,11,20002.5,4,16849.500000000004,move,improve
2112,11,20002.5,4,16849.500000000004,2opt,improve
2113,11,20002.5,4,16849.500000000004,2opt,improve
2114,11,20015.3,4,16849.500000000004,swap,acceptBad
2115,11,20015.3,4,16849.500000000004,move,improve
2116,11,20015.3,4,16849.500000000004,swap,notBad
2117,11,20039.100000000002,4,16849.500000000004,2opt,acceptBad
2118,11,20044.100000000002,4,16849.500000000004,2opt,acceptBad
2119,11,20044.100000000002,4,16849.500000000004,2opt,notBad
2120,11,19839.100000000002,4,16849.500000000004,move,improve
2121,11,19868.7,4,16849.500000000004,swap,acceptBad
2122,11,19868.7,4,16849.500000000004,2opt,notBad
2123,11,20084.8,4,16849.500000000004,swap,acceptBad
2124,11,20085.4,4,16849.500000000004,swap,acceptBad
2125,11,20197.7,4,16849.500000000004,swap,acceptBad
2126,11,20197.7,4,16849.500000000004,2opt,notBad
2127,11,20197.7,4,16849.500000000004,move,improve
2128,11,20197.7,4,16849.500000000004,2opt,notBad
2129,11,20184.2,4,16849.500000000004,2opt,improve
2130,11,20369.8,4,16849.500000000004,swap,acceptBad
2131,11,20261.600000000002,4,16849.500000000004,move,improve
2132,11,20261.600000000002,4,16849.500000000004,move,improve
2133,11,20234.000000000007,4,16849.500000000004,move,improve
2134,11,20202.0,4,16849.500000000004,2opt,improve
2135,11,20141.6,4,16849.500000000004,move,improve
2136,11,20384.899999999994,4,16849.500000000004,swap,acceptBad
2137,11,20361.599999999995,4,16849.500000000004,2opt,improve
2138,11,20361.599999999995,4,16849.500000000004,swap,notBad
2139,11,20242.599999999995,4,16849.500000000004,move,improve
2140,11,20242.599999999995,4,16849.500000000004,2opt,notBad
2141,11,20086.799999999996,4,16849.500000000004,move,improve
2142,11,20366.399999999994,4,16849.500000000004,swap,acceptBad
2143,11,20366.399999999994,4,16849.500000000004,swap,notBad
2144,11,20366.399999999994,4,16849.500000000004,swap,notBad
2145,11,20173.600000000002,4,16849.500000000004,2opt,improve
2146,11,20085.3,4,16849.500000000004,move,improve
2147,11,20085.3,4,16849.500000000004,swap,notBad
2148,11,20085.3,4,16849.500000000004,2opt,notBad
2149,11,20085.3,4,16849.500000000004,2opt,notBad
2150,11,20200.499999999996,4,16849.500000000004,swap,acceptBad
2151,11,20200.499999999996,4,16849.500000000004,move,improve
2152,11,20200.499999999996,4,16849.500000000004,swap,notBad
2153,11,20200.499999999996,4,16849.500000000004,swap,notBad
2154,11,20204.899999999998,4,16849.500000000004,swap,acceptBad
2155,11,20068.599999999995,4,16849.500000000004,move,improve
2156,11,20068.6,4,16849.500000000004,2opt,acceptBad
2157,11,19977.5,4,16849.500000000004,swap,improve
2158,11,19977.5,4,16849.500000000004,swap,notBad
2159,11,19982.899999999998,4,16849.500000000004,2opt,acceptBad
2160,11,20121.199999999997,4,16849.500000000004,swap,acceptBad
2161,11,19982.899999999998,4,16849.500000000004,move,improve
2162,11,19772.8,4,16849.500000000004,move,improve
2163,11,19614.5,4,16849.500000000004,move,improve
2164,11,19827.499999999996,4,16849.500000000004,swap,acceptBad
2165,11,19827.499999999996,4,16849.500000000004,2opt,notBad
2166,11,19827.499999999996,4,16849.500000000004,2opt,notBad
2167,11,19827.499999999996,4,16849.500000000004,2opt,notBad
2168,11,19799.4,4,16849.500000000004,2opt,improve
2169,11,19636.6,4,16849.500000000004,move,improve
2170,11,19359.0,4,16849.500000000004,swap,improve
2171,11,19359.0,4,16849.500000000004,2opt,notBad
2172,11,19178.299999999996,4,16849.500000000004,move,improve
2173,11,19178.299999999996,4,16849.500000000004,move,improve
2174,11,19095.399999999998,4,16849.500000000004,move,improve
2175,11,19095.399999999998,4,16849.500000000004,2opt,notBad
2176,11,19095.399999999998,4,16849.500000000004,2opt,notBad
2177,11,19095.399999999998,4,16849.500000000004,move,improve
2178,11,19001.1,4,16849.500000000004,swap,improve
2179,11,19001.1,4,16849.500000000004,swap,notBad
2180,11,18989.600000000002,4,16849.500000000004,move,improve
2181,11,18989.600000000002,4,16849.500000000004,2opt,notBad
2182,11,19020.4,4,16849.500000000004,swap,acceptBad
2183,11,19220.6,4,16849.500000000004,swap,acceptBad
2184,11,19220.6,4,16849.500000000004,2opt,notBad
2185,11,19220.6,4,16849.500000000004,2opt,improve
2186,11,19220.6,4,16849.500000000004,2opt,notBad
2187,11,19220.6,4,16849.500000000004,swap,notBad
2188,11,19220.6,4,16849.500000000004,swap,notBad
2189,11,19220.6,4,16849.500000000004,move,improve
2190,11,19220.6,4,16849.500000000004,swap,notBad
2191,11,19220.6,4,16849.500000000004,move,improve
2192,11,19434.399999999998,4,16849.500000000004,swap,acceptBad
2193,11,19316.5,4,16849.500000000004,move,improve
2194,11,19597.399999999998,4,16849.500000000004,swap,acceptBad
2195,11,19597.399999999998,4,16849.500000000004,move,improve
2196,11,19585.5,4,16849.500000000004,move,improve
2197,11,19792.2,4,16849.500000000004,swap,acceptBad
2198,11,19770.4,4,16849.500000000004,move,improve
2199,11,19770.4,4,16849.500000000004,move,improve
2200,10,19674.4,4,16849.500000000004,move,improve
2201,10,19674.4,4,16849.500000000004,2opt,notBad
2202,10,19827.0,4,16849.500000000004,swap,acceptBad
2203,10,19790.799999999996,4,16849.500000000004,2opt,improve
2204,10,19790.799999999996,4,16849.500000000004,move,improve
2205,10,19862.899999999994,4,16849.500000000004,swap,acceptBad
2206,10,19857.699999999997,4,16849.500000000004,move,improve
2207,10,19857.699999999997,4,16849.500000000004,2opt,notBad
2208,10,19857.699999999997,4,16849.500000000004,swap,notBad
2209,10,19920.499999999996,4,16849.500000000004,swap,acceptBad
2210,10,19829.299999999996,4,16849.500000000004,move,improve
2211,10,19829.299999999996,4,16849.500000000004,2opt,notBad
2212,10,19829.299999999996,4,16849.500000000004,swap,notBad
2213,10,19829.299999999996,4,16849.500000000004,move,improve
2214,10,19745.499999999996,4,16849.500000000004,move,improve
2215,10,19745.499999999996,4,16849.500000000004,move,improve
2216,10,19745.499999999996,4,16849.500000000004,2opt,improve
2217,10,19744.199999999997,4,16849.500000000004,move,improve
2218,10,19612.199999999997,4,16849.500000000004,move,improve
2219,10,19589.000000000004,4,16849.500000000004,2opt,improve
2220,10,19589.000000000004,4,16849.500000000004,move,improve
2221,10,19355.600000000002,4,16849.500000000004,move,improve
2222,10,19355.600000000002,4,16849.500000000004,2opt,notBad
2223,10,19359.800000000003,4,16849.500000000004,swap,acceptBad
2224,10,19359.800000000003,4,16849.500000000004,move,improve
2225,10,19359.800000000003,4,16849.500000000004,2opt,notBad
2226,10,19359.800000000003,4,16849.500000000004,move,improve
2227,10,19359.800000000003,4,16849.500000000004,swap,notBad
2228,10,19313.4,4,16849.500000000004,move,improve
2229,10,19313.4,4,16849.500000000004,swap,notBad
2230,10,19313.4,4,16849.500000000004,move,improve
2231,10,19101.800000000003,4,16849.500000000004,move,improve
2232,10,18659.400000000005,4,16849.500000000004,move,improve
2233,10,18613.300000000003,4,16849.500000000004,move,improve
2234,10,18541.2,4,16849.500000000004,2opt,improve
2235,10,18541.2,4,16849.500000000004,move,improve
2236,10,18541.2,4,16849.500000000004,move,improve
2237,10,18541.2,4,16849.500000000004,2opt,notBad
2238,10,18541.2,4,16849.500000000004,swap,notBad
2239,10,18571.200000000004,4,16849.500000000004,2opt,acceptBad
2240,10,18571.200000000004,4,16849.500000000004,2opt,notBad
2241,10,18571.200000000004,4,16849.500000000004,2opt,notBad
2242,10,18571.200000000004,4,16849.500000000004,2opt,notBad
2243,10,18571.200000000004,4,16849.500000000004,2opt,notBad
2244,10,18568.200000000004,4,16849.500000000004,move,improve
2245,10,18568.200000000004,4,16849.500000000004,2opt,notBad
2246,10,18647.500000000004,4,16849.500000000004,swap,acceptBad
2247,10,18661.3,4,16849.500000000004,2opt,acceptBad
2248,10,18661.3,4,16849.500000000004,move,improve
2249,10,18675.3,4,16849.500000000004,swap,acceptBad
2250,10,18655.2,4,16849.500000000004,2opt,improve
2251,10,18570.1,4,16849.500000000004,move,improve
2252,10,18570.1,4,16849.500000000004,2opt,notBad
2253,10,18361.2,4,16849.500000000004,move,improve
2254,10,18361.2,4,16849.500000000004,swap,notBad
2255,10,18361.2,4,16849.500000000004,swap,notBad
2256,10,18361.2,4,16849.500000000004,swap,notBad
2257,10,18263.600000000002,4,16849.500000000004,move,improve
2258,10,18315.3,4,16849.500000000004,swap,acceptBad
2259,10,18315.3,4,16849.500000000004,2opt,notBad
2260,10,18315.3,4,16849.500000000004,2opt,notBad
2261,10,18321.9,4,16849.500000000004,swap,acceptBad
2262,10,18321.9,4,16849.500000000004,swap,notBad
2263,10,18456.600000000002,4,16849.500000000004,swap,acceptBad
2264,10,18456.600000000002,4,16849.500000000004,swap,notBad
2265,10,18435.300000000003,4,16849.500000000004,move,improve
2266,10,18683.100000000002,4,16849.500000000004,swap,acceptBad
2267,10,18677.800000000003,4,16849.500000000004,move,improve
2268,10,18677.800000000003,4,16849.500000000004,2opt,improve
2269,10,18552.900000000005,4,16849.500000000004,move,improve
2270,10,18552.900000000005,4,16849.500000000004,move,improve
2271,10,18552.900000000005,4,16849.500000000004,swap,notBad
2272,10,18610.600000000002,4,16849.500000000004,2opt,acceptBad
2273,10,18610.600000000002,4,16849.500000000004,move,improve
2274,10,18467.600000000002,4,16849.500000000004,move,improve
2275,10,18401.600000000002,4,16849.500000000004,move,improve
2276,10,18401.600000000002,4,16849.500000000004,move,improve
2277,10,18401.600000000002,4,16849.500000000004,2opt,notBad
2278,10,18401.600000000002,4,16849.500000000004,2opt,improve
2279,10,18401.600000000002,4,16849.500000000004,swap,notBad
2280,10,18381.9,4,16849.500000000004,move,improve
2281,10,18381.9,4,16849.500000000004,move,improve
2282,10,18381.9,4,16849.500000000004,swap,notBad
2283,10,18257.9,4,16849.500000000004,move,improve
2284,10,18257.9,4,16849.500000000004,move,improve
2285,10,18236.2,4,16849.500000000004,move,improve
2286,10,18236.2,4,16849.500000000004,swap,notBad
2287,10,18330.0,4,16849.500000000004,swap,acceptBad
2288,10,18330.0,4,16849.500000000004,2opt,notBad
2289,10,18302.3,4,16849.500000000004,swap,improve
2290,10,18302.3,4,16849.500000000004,move,improve
2291,9,18267.0,4,16849.500000000004,move,improve
2292,9,18280.1,4,16849.500000000004,swap,acceptBad
2293,9,18280.1,4,16849.500000000004,swap,notBad
2294,9,18280.1,4,16849.500000000004,2opt,notBad
2295,9,18280.1,4,16849.500000000004,2opt,notBad
2296,9,18280.1,4,16849.500000000004,2opt,notBad
2297,9,18280.1,4,16849.500000000004,2opt,notBad
2298,9,18280.1,4,16849.500000000004,swap,notBad
2299,9,18280.1,4,16849.500000000004,swap,notBad
2300,9,18280.1,4,16849.500000000004,move,improve
2301,9,18265.4,4,16849.500000000004,move,improve
2302,9,18265.4,4,16849.500000000004,move,improve
2303,9,18202.1,4,16849.500000000004,move,improve
2304,9,18202.1,4,16849.500000000004,2opt,improve
2305,9,18202.1,4,16849.500000000004,swap,notBad
2306,9,18202.1,4,16849.500000000004,2opt,notBad
2307,9,18202.1,4,16849.500000000004,2opt,notBad
2308,9,18202.1,4,16849.500000000004,move,improve
2309,9,18328.0,4,16849.500000000004,swap,acceptBad
2310,9,18472.2,4,16849.500000000004,swap,acceptBad
2311,9,18472.2,4,16849.500000000004,2opt,improve
2312,9,18477.5,4,16849.500000000004,2opt,acceptBad
2313,9,18477.5,4,16849.500000000004,move,improve
2314,9,18477.5,4,16849.500000000004,swap,notBad
2315,9,18465.5,4,16849.500000000004,move,improve
2316,9,18514.1,4,16849.500000000004,2opt,acceptBad
2317,9,18514.1,4,16849.500000000004,2opt,notBad
2318,9,18514.1,4,16849.500000000004,2opt,improve
2319,9,18467.9,4,16849.500000000004,move,improve
2320,9,18467.9,4,16849.500000000004,move,improve
2321,9,18538.900000000005,4,16849.500000000004,2opt,acceptBad
2322,9,18538.900000000005,4,16849.500000000004,swap,notBad
2323,9,18538.900000000005,4,16849.500000000004,2opt,notBad
2324,9,18535.3,4,16849.500000000004,2opt,improve
2325,9,18532.5,4,16849.500000000004,swap,improve
2326,9,18532.5,4,16849.500000000004,move,improve
2327,9,18532.5,4,16849.500000000004,move,improve
2328,9,18532.5,4,16849.500000000004,2opt,notBad
2329,9,18530.2,4,16849.500000000004,move,improve
2330,9,18530.2,4,16849.500000000004,move,improve
2331,9,18530.2,4,16849.500000000004,2opt,notBad
2332,9,18518.6,4,16849.500000000004,move,improve
2333,9,18518.6,4,16849.500000000004,2opt,notBad
2334,9,18579.8,4,16849.500000000004,swap,acceptBad
2335,9,18537.6,4,16849.500000000004,move,improve
2336,9,18537.6,4,16849.500000000004,swap,notBad
2337,9,18613.3,4,16849.500000000004,swap,acceptBad
2338,9,18669.3,4,16849.500000000004,swap,acceptBad
2339,9,18669.3,4,16849.500000000004,swap,notBad
2340,9,18669.3,4,16849.500000000004,swap,notBad
2341,9,18626.199999999997,4,16849.500000000004,move,improve
2342,9,18493.0,4,16849.500000000004,move,improve
2343,9,18430.6,4,16849.500000000004,move,improve
2344,9,18390.0,4,16849.500000000004,move,improve
2345,9,18390.0,4,16849.500000000004,2opt,notBad
2346,9,18390.0,4,16849.500000000004,2opt,notBad
2347,9,18390.0,4,16849.500000000004,swap,improve
2348,9,18517.8,4,16849.500000000004,swap,acceptBad
2349,9,18517.8,4,16849.500000000004,move,improve
2350,9,18517.8,4,16849.500000000004,move,improve
2351,9,18517.8,4,16849.500000000004,move,improve
2352,9,18517.8,4,16849.500000000004,move,improve
2353,9,18507.699999999997,4,16849.500000000004,move,improve
2354,9,18507.699999999997,4,16849.500000000004,2opt,notBad
2355,9,18390.0,4,16849.500000000004,move,improve
2356,9,18390.0,4,16849.500000000004,swap,notBad
2357,9,18401.4,4,16849.500000000004,move,acceptBad
2358,8,18420.8,4,16849.500000000004,2opt,acceptBad
2359,8,18420.8,4,16849.500000000004,swap,notBad
2360,8,18420.8,4,16849.500000000004,2opt,notBad
2361,8,18574.899999999998,4,16849.500000000004,swap,acceptBad
2362,8,18574.899999999998,4,16849.500000000004,swap,notBad
2363,8,18574.899999999998,4,16849.500000000004,move,improve
2364,8,18574.899999999998,4,16849.500000000004,swap,notBad
2365,8,18574.899999999998,4,16849.500000000004,2opt,notBad
2366,8,18574.899999999998,4,16849.500000000004,move,improve
2367,8,18574.899999999998,4,16849.500000000004,move,improve
2368,8,18574.899999999998,4,16849.500000000004,swap,notBad
2369,8,18567.9,4,16849.500000000004,2opt,improve
2370,8,18567.9,4,16849.500000000004,swap,notBad
2371,8,18567.9,4,16849.500000000004,move,improve
2372,8,18567.9,4,16849.500000000004,2opt,notBad
2373,8,18467.0,4,16849.500000000004,move,improve
2374,8,18534.9,4,16849.500000000004,move,acceptBad
2375,8,18534.9,4,16849.500000000004,2opt,notBad
2376,8,18503.900000000005,4,16849.500000000004,2opt,improve
2377,8,18503.900000000005,4,16849.500000000004,move,improve
2378,8,18503.900000000005,4,16849.500000000004,2opt,notBad
2379,8,18503.900000000005,4,16849.500000000004,move,improve
2380,8,18342.400000000005,4,16849.500000000004,move,improve
2381,8,18342.400000000005,4,16849.500000000004,swap,notBad
2382,8,18342.400000000005,4,16849.500000000004,2opt,notBad
2383,8,18411.4,4,16849.500000000004,2opt,acceptBad
2384,8,18411.4,4,16849.500000000004,swap,notBad
2385,8,18411.4,4,16849.500000000004,move,improve
2386,8,18537.200000000004,4,16849.500000000004,swap,acceptBad
2387,8,18537.200000000004,4,16849.500000000004,move,improve
2388,8,18537.200000000004,4,16849.500000000004,2opt,notBad
2389,8,18537.200000000004,4,16849.500000000004,swap,notBad
2390,8,18537.200000000004,4,16849.500000000004,2opt,improve
2391,8,18537.200000000004,4,16849.500000000004,swap,notBad
2392,8,18630.90000000001,4,16849.500000000004,swap,acceptBad
2393,8,18630.90000000001,4,16849.500000000004,swap,notBad
2394,8,18729.600000000006,4,16849.500000000004,swap,acceptBad
2395,8,18719.300000000003,4,16849.500000000004,move,improve
2396,8,18719.300000000003,4,16849.500000000004,swap,notBad
2397,8,18719.300000000003,4,16849.500000000004,move,improve
2398,8,18719.300000000003,4,16849.500000000004,swap,notBad
2399,8,18719.300000000003,4,16849.500000000004,move,improve
2400,8,18845.700000000004,4,16849.500000000004,swap,acceptBad
2401,8,18845.700000000004,4,16849.500000000004,swap,notBad
2402,8,18845.700000000004,4,16849.500000000004,move,improve
2403,8,18845.700000000004,4,16849.500000000004,swap,notBad
2404,8,18845.700000000004,4,16849.500000000004,2opt,notBad
2405,8,18952.9,4,16849.500000000004,swap,acceptBad
2406,8,18952.9,4,16849.500000000004,swap,notBad
2407,8,18952.9,4,16849.500000000004,2opt,notBad
2408,8,18952.9,4,16849.500000000004,swap,notBad
2409,8,18901.800000000003,4,16849.500000000004,move,improve
2410,9,18862.8,4,16849.500000000004,2opt,improve
2411,9,18855.900000000005,4,16849.500000000004,move,improve
2412,9,18923.300000000003,4,16849.500000000004,swap,acceptBad
2413,9,18923.300000000003,4,16849.500000000004,2opt,notBad
2414,9,18923.300000000003,4,16849.500000000004,swap,notBad
2415,9,18923.300000000003,4,16849.500000000004,2opt,improve
2416,9,18923.300000000003,4,16849.500000000004,2opt,notBad
2417,9,18923.300000000003,4,16849.500000000004,2opt,notBad
2418,9,18923.300000000003,4,16849.500000000004,swap,notBad
2419,9,18923.300000000003,4,16849.500000000004,swap,notBad
2420,9,18685.000000000004,4,16849.500000000004,move,improve
2421,9,18685.000000000004,4,16849.500000000004,move,improve
2422,9,18685.000000000004,4,16849.500000000004,2opt,notBad
2423,9,18685.000000000004,4,16849.500000000004,swap,notBad
2424,9,18685.000000000004,4,16849.500000000004,2opt,notBad
2425,9,18580.2,4,16849.500000000004,move,improve
2426,9,18580.2,4,16849.500000000004,move,improve
2427,9,18580.2,4,16849.500000000004,swap,notBad
2428,9,18580.2,4,16849.500000000004,swap,notBad
2429,9,18677.7,4,16849.500000000004,swap,acceptBad
2430,9,18677.7,4,16849.500000000004,move,improve
2431,9,18651.2,4,16849.500000000004,move,improve
2432,9,18706.000000000007,4,16849.500000000004,2opt,acceptBad
2433,9,18706.000000000007,4,16849.500000000004,swap,notBad
2434,9,18660.2,4,16849.500000000004,move,improve
2435,9,18660.2,4,16849.500000000004,swap,notBad
2436,9,18661.100000000006,4,16849.500000000004,2opt,acceptBad
2437,9,18661.100000000006,4,16849.500000000004,swap,notBad
2438,9,18619.5,4,16849.500000000004,move,improve
2439,9,18619.5,4,16849.500000000004,move,improve
2440,9,18619.5,4,16849.500000000004,swap,notBad
2441,9,18329.4,4,16849.500000000004,move,improve
2442,9,18329.4,4,16849.500000000004,move,improve
2443,9,18372.800000000003,4,16849.500000000004,swap,acceptBad
2444,9,18321.0,4,16849.500000000004,move,improve
2445,9,18293.4,4,16849.500000000004,move,improve
2446,9,18293.4,4,16849.500000000004,move,improve
2447,9,18293.4,4,16849.500000000004,2opt,notBad
2448,9,18293.4,4,16849.500000000004,move,improve
2449,9,18293.4,4,16849.500000000004,2opt,notBad
2450,9,18293.4,4,16849.500000000004,swap,notBad
2451,9,18293.4,4,16849.500000000004,2opt,notBad
2452,9,18293.4,4,16849.500000000004,swap,notBad
2453,9,18293.4,4,16849.500000000004,2opt,notBad
2454,9,18293.4,4,16849.500000000004,move,improve
2455,9,18283.4,4,16849.500000000004,swap,improve
2456,9,18070.100000000002,4,16849.500000000004,move,improve
2457,9,18070.100000000002,4,16849.500000000004,swap,notBad
2458,9,18070.100000000002,4,16849.500000000004,move,improve
2459,9,18070.100000000002,4,16849.500000000004,swap,notBad
2460,9,18070.100000000002,4,16849.500000000004,2opt,notBad
2461,9,18070.100000000002,4,16849.500000000004,move,improve
2462,9,18075.2,4,16849.500000000004,swap,acceptBad
2463,9,18033.5,4,16849.500000000004,move,improve
2464,9,18032.300000000003,4,16849.500000000004,move,improve
2465,9,18032.300000000003,4,16849.500000000004,swap,notBad
2466,9,18061.9,4,16849.500000000004,2opt,acceptBad
2467,9,18061.9,4,16849.500000000004,2opt,notBad
2468,9,18061.9,4,16849.500000000004,swap,notBad
2469,9,18061.9,4,16849.500000000004,swap,notBad
2470,9,18047.100000000002,4,16849.500000000004,swap,improve
2471,9,18047.100000000002,4,16849.500000000004,move,improve
2472,9,18047.100000000002,4,16849.500000000004,2opt,notBad
2473,9,18047.100000000002,4,16849.500000000004,2opt,notBad
2474,9,18047.100000000002,4,16849.500000000004,swap,notBad
2475,9,18047.100000000002,4,16849.500000000004,2opt,notBad
2476,9,18047.100000000002,4,16849.500000000004,move,improve
2477,9,18047.100000000002,4,16849.500000000004,move,improve
2478,9,18047.100000000002,4,16849.500000000004,move,improve
2479,9,18047.100000000002,4,16849.500000000004,move,improve
2480,9,17993.0,4,16849.500000000004,move,improve
2481,9,17993.0,4,16849.500000000004,move,improve
2482,9,17958.1,4,16849.500000000004,move,improve
2483,9,17935.1,4,16849.500000000004,move,improve
2484,9,17997.299999999996,4,16849.500000000004,swap,acceptBad
2485,9,17997.299999999996,4,16849.500000000004,swap,notBad
2486,9,17997.299999999996,4,16849.500000000004,move,improve
2487,9,17997.299999999996,4,16849.500000000004,2opt,notBad
2488,9,17997.299999999996,4,16849.500000000004,swap,notBad
2489,9,17997.299999999996,4,16849.500000000004,2opt,notBad
2490,9,17997.299999999996,4,16849.500000000004,2opt,notBad
2491,9,17997.299999999996,4,16849.500000000004,2opt,improve
2492,9,17997.299999999996,4,16849.500000000004,2opt,notBad
2493,9,17997.299999999996,4,16849.500000000004,move,improve
2494,9,17997.299999999996,4,16849.500000000004,2opt,notBad
2495,9,17979.699999999997,4,16849.500000000004,move,improve
2496,9,17979.699999999997,4,16849.500000000004,move,improve
2497,9,17979.699999999997,4,16849.500000000004,2opt,notBad
2498,9,17909.5,4,16849.500000000004,move,improve
2499,9,17890.800000000003,4,16849.500000000004,move,improve
2500,9,17927.2,4,16849.500000000004,2opt,acceptBad
2501,9,17927.2,4,16849.500000000004,2opt,notBad
2502,9,17909.2,4,16849.500000000004,move,improve
2503,9,17974.0,4,16849.500000000004,swap,acceptBad
2504,9,17974.0,4,16849.500000000004,swap,notBad
2505,9,17974.0,4,16849.500000000004,swap,notBad
2506,9,17974.0,4,16849.500000000004,move,improve
2507,9,17828.700000000004,4,16849.500000000004,swap,improve
2508,9,17828.700000000004,4,16849.500000000004,swap,notBad
2509,9,17826.200000000004,4,16849.500000000004,move,improve
2510,9,17870.4,4,16849.500000000004,2opt,acceptBad
2511,9,17869.2,4,16849.500000000004,move,improve
2512,9,17869.2,4,16849.500000000004,2opt,notBad
2513,9,17869.2,4,16849.500000000004,swap,notBad
2514,9,17869.2,4,16849.500000000004,2opt,notBad
2515,9,17869.2,4,16849.500000000004,swap,notBad
2516,9,17869.2,4,16849.500000000004,move,improve
2517,9,17869.2,4,16849.500000000004,move,improve
2518,9,17869.2,4,16849.500000000004,swap,notBad
2519,9,17869.2,4,16849.500000000004,swap,notBad
2520,9,17869.2,4,16849.500000000004,move,improve
2521,9,17869.2,4,16849.500000000004,2opt,notBad
2522,9,17869.2,4,16849.500000000004,2opt,notBad
2523,9,17869.2,4,16849.500000000004,swap,notBad
2524,9,17869.2,4,16849.500000000004,2opt,notBad
2525,9,17869.2,4,16849.500000000004,swap,notBad
2526,9,17869.2,4,16849.500000000004,move,improve
2527,9,17869.2,4,16849.500000000004,move,improve
2528,9,17869.2,4,16849.500000000004,swap,notBad
2529,9,17869.2,4,16849.500000000004,swap,notBad
2530,9,17853.0,4,16849.500000000004,swap,improve
2531,9,17800.0,4,16849.500000000004,2opt,improve
2532,9,17800.0,4,16849.500000000004,move,improve
2533,9,17800.0,4,16849.500000000004,2opt,notBad
2534,9,17800.0,4,16849.500000000004,swap,notBad
2535,9,17800.0,4,16849.500000000004,2opt,notBad
2536,9,17800.0,4,16849.500000000004,2opt,notBad
2537,9,17800.0,4,16849.500000000004,move,improve
2538,9,17800.0,4,16849.500000000004,move,improve
2539,9,17800.0,4,16849.500000000004,swap,notBad
2540,9,17800.0,4,16849.500000000004,swap,notBad
2541,9,17800.0,4,16849.500000000004,move,improve
2542,9,17800.0,4,16849.500000000004,2opt,improve
2543,9,17800.0,4,16849.500000000004,move,improve
2544,9,17800.0,4,16849.500000000004,swap,notBad
2545,9,17800.0,4,16849.500000000004,swap,notBad
2546,9,17800.0,4,16849.500000000004,move,improve
2547,9,17800.0,4,16849.500000000004,move,improve
2548,9,17800.0,4,16849.500000000004,2opt,notBad
2549,9,17800.0,4,16849.500000000004,2opt,notBad
2550,9,17800.0,4,16849.500000000004,move,improve
2551,9,17800.0,4,16849.500000000004,move,improve
2552,9,17779.8,4,16849.500000000004,move,improve
2553,9,17779.8,4,16849.500000000004,swap,notBad
2554,9,17866.100000000002,4,16849.500000000004,swap,acceptBad
2555,9,17866.100000000002,4,16849.500000000004,swap,notBad
2556,9,17866.100000000002,4,16849.500000000004,2opt,notBad
2557,9,17866.100000000002,4,16849.500000000004,move,improve
2558,9,17840.7,4,16849.500000000004,move,improve
2559,9,17840.7,4,16849.500000000004,swap,notBad
2560,9,17840.000000000004,4,16849.500000000004,move,improve
2561,9,17834.2,4,16849.500000000004,swap,improve
2562,9,17838.300000000003,4,16849.500000000004,swap,acceptBad
2563,9,17838.300000000003,4,16849.500000000004,2opt,notBad
2564,9,17838.300000000003,4,16849.500000000004,swap,notBad
2565,9,17838.300000000003,4,16849.500000000004,move,improve
2566,9,17838.300000000003,4,16849.500000000004,swap,notBad
2567,9,17838.300000000003,4,16849.500000000004,swap,notBad
2568,9,17838.300000000003,4,16849.500000000004,move,improve
2569,9,17838.3,4,16849.500000000004,2opt,improve
2570,9,17838.299999999996,4,16849.500000000004,2opt,improve
2571,9,17838.299999999996,4,16849.500000000004,swap,notBad
2572,9,17838.299999999996,4,16849.500000000004,move,improve
2573,9,17713.699999999997,4,16849.500000000004,move,improve
2574,9,17713.699999999997,4,16849.500000000004,swap,notBad
2575,9,17713.699999999997,4,16849.500000000004,move,improve
2576,9,17713.699999999997,4,16849.500000000004,swap,notBad
2577,9,17713.699999999997,4,16849.500000000004,2opt,notBad
2578,9,17713.699999999997,4,16849.500000000004,swap,notBad
2579,9,17713.699999999997,4,16849.500000000004,2opt,notBad
2580,9,17716.2,4,16849.500000000004,move,acceptBad
2581,9,17711.899999999998,4,16849.500000000004,move,improve
2582,9,17711.899999999998,4,16849.500000000004,2opt,notBad
2583,9,17687.399999999998,4,16849.500000000004,move,improve
2584,9,17687.399999999998,4,16849.500000000004,move,improve
2585,9,17687.399999999998,4,16849.500000000004,2opt,notBad
2586,9,17687.399999999998,4,16849.500000000004,2opt,notBad
2587,9,17687.399999999998,4,16849.500000000004,move,improve
2588,9,17687.399999999998,4,16849.500000000004,swap,notBad
2589,9,17687.399999999998,4,16849.500000000004,swap,notBad
2590,9,17687.399999999998,4,16849.500000000004,2opt,notBad
2591,9,17687.399999999998,4,16849.500000000004,move,improve
2592,9,17538.7,4,16849.500000000004,move,improve
2593,9,17538.7,4,16849.500000000004,move,improve
2594,9,17503.1,4,16849.500000000004,move,improve
2595,9,17503.1,4,16849.500000000004,swap,notBad
2596,9,17503.1,4,16849.500000000004,2opt,notBad
2597,9,17503.1,4,16849.500000000004,2opt,notBad
2598,9,17503.1,4,16849.500000000004,move,improve
2599,9,17503.1,4,16849.500000000004,move,improve
2600,9,17448.5,4,16849.500000000004,move,improve
2601,9,17448.5,4,16849.500000000004,2opt,notBad
2602,9,17448.5,4,16849.500000000004,2opt,notBad
2603,9,17448.5,4,16849.500000000004,swap,notBad
2604,9,17448.5,4,16849.500000000004,swap,notBad
2605,9,17448.5,4,16849.500000000004,swap,notBad
2606,9,17448.5,4,16849.500000000004,move,improve
2607,9,17527.399999999998,4,16849.500000000004,swap,acceptBad
2608,9,17527.399999999998,4,16849.500000000004,2opt,notBad
2609,9,17527.399999999998,4,16849.500000000004,move,improve
2610,9,17527.399999999998,4,16849.500000000004,swap,notBad
2611,9,17501.999999999996,4,16849.500000000004,move,improve
2612,9,17501.999999999996,4,16849.500000000004,move,improve
2613,9,17501.999999999996,4,16849.500000000004,2opt,notBad
2614,9,17501.999999999996,4,16849.500000000004,move,improve
2615,9,17501.999999999996,4,16849.500000000004,move,improve
2616,9,17246.199999999997,4,16849.500000000004,move,improve
2617,9,17246.199999999997,4,16849.500000000004,move,improve
2618,9,17167.3,4,16849.500000000004,move,improve
2619,9,17167.3,4,16849.500000000004,move,improve
2620,9,17126.899999999998,4,16849.500000000004,move,improve
2621,9,17126.899999999998,4,16849.500000000004,move,improve
2622,9,17126.899999999998,4,16849.500000000004,2opt,notBad
2623,9,17126.899999999998,4,16849.500000000004,move,improve
2624,9,17126.899999999998,4,16849.500000000004,2opt,notBad
2625,9,17126.899999999998,4,16849.500000000004,swap,notBad
2626,9,17126.899999999998,4,16849.500000000004,move,improve
2627,9,17126.899999999998,4,16849.500000000004,swap,notBad
2628,9,17126.899999999998,4,16849.500000000004,swap,notBad
2629,9,17276.3,4,16849.500000000004,swap,acceptBad
2630,9,17276.3,4,16849.500000000004,swap,notBad
2631,9,17276.3,4,16849.500000000004,2opt,notBad
2632,9,17276.3,4,16849.500000000004,move,improve
2633,9,17296.699999999997,4,16849.500000000004,swap,acceptBad
2634,8,17238.899999999998,4,16849.500000000004,move,improve
2635,7,17187.899999999998,4,16849.500000000004,move,improve
2636,7,17187.899999999998,4,16849.500000000004,swap,notBad
2637,7,17187.899999999998,4,16849.500000000004,swap,notBad
2638,7,17187.899999999998,4,16849.500000000004,move,improve
2639,7,17187.899999999998,4,16849.500000000004,swap,notBad
2640,7,17187.899999999998,4,16849.500000000004,2opt,notBad
2641,7,17187.899999999998,4,16849.500000000004,2opt,notBad
2642,7,17187.899999999998,4,16849.500000000004,2opt,notBad
2643,7,17187.899999999998,4,16849.500000000004,swap,notBad
2644,7,17187.899999999998,4,16849.500000000004,move,improve
2645,7,17187.899999999998,4,16849.500000000004,swap,notBad
2646,7,17187.899999999998,4,16849.500000000004,2opt,notBad
2647,7,17187.899999999998,4,16849.500000000004,swap,notBad
2648,7,17187.899999999998,4,16849.500000000004,move,improve
2649,7,17187.899999999998,4,16849.500000000004,2opt,notBad
2650,7,17187.899999999998,4,16849.500000000004,swap,notBad
2651,7,17187.899999999998,4,16849.500000000004,swap,notBad
2652,7,17187.899999999998,4,16849.500000000004,move,improve
2653,7,17187.899999999998,4,16849.500000000004,2opt,notBad
2654,7,17187.899999999998,4,16849.500000000004,swap,notBad
2655,7,17187.899999999998,4,16849.500000000004,2opt,improve
2656,7,17187.899999999998,4,16849.500000000004,move,improve
2657,7,17187.899999999998,4,16849.500000000004,2opt,notBad
2658,7,17171.399999999998,4,16849.500000000004,move,improve
2659,7,17171.399999999998,4,16849.500000000004,2opt,notBad
2660,7,17171.399999999998,4,16849.500000000004,swap,notBad
2661,7,17171.399999999998,4,16849.500000000004,2opt,notBad
2662,7,17171.399999999998,4,16849.500000000004,swap,notBad
2663,7,17171.399999999998,4,16849.500000000004,swap,notBad
2664,7,17171.399999999998,4,16849.500000000004,move,improve
2665,7,17171.399999999998,4,16849.500000000004,2opt,notBad
2666,7,17171.399999999998,4,16849.500000000004,2opt,notBad
2667,7,17164.499999999996,4,16849.500000000004,move,improve
2668,7,17164.499999999996,4,16849.500000000004,move,improve
2669,7,17164.499999999996,4,16849.500000000004,2opt,notBad
2670,7,17164.499999999996,4,16849.500000000004,swap,notBad
2671,7,17164.499999999996,4,16849.500000000004,2opt,notBad
2672,7,17164.499999999996,4,16849.500000000004,swap,notBad
2673,7,17164.499999999996,4,16849.500000000004,swap,notBad
2674,7,17164.499999999996,4,16849.500000000004,2opt,notBad
2675,7,17164.499999999996,4,16849.500000000004,move,improve
2676,7,17164.499999999996,4,16849.500000000004,move,improve
2677,7,17164.499999999996,4,16849.500000000004,swap,notBad
2678,7,17164.499999999996,4,16849.500000000004,2opt,notBad
2679,7,17164.499999999996,4,16849.500000000004,2opt,improve
2680,7,17158.199999999997,4,16849.500000000004,2opt,improve
2681,7,17158.199999999997,4,16849.500000000004,swap,notBad
2682,7,17158.199999999997,4,16849.500000000004,2opt,notBad
2683,7,17158.199999999997,4,16849.500000000004,2opt,notBad
2684,7,17158.199999999997,4,16849.500000000004,2opt,notBad
2685,7,17158.199999999997,4,16849.500000000004,move,improve
2686,7,17158.199999999997,4,16849.500000000004,2opt,improve
2687,7,17158.199999999997,4,16849.500000000004,move,improve
2688,7,17158.199999999997,4,16849.500000000004,2opt,notBad
2689,7,17144.6,4,16849.500000000004,2opt,improve
2690,7,17144.6,4,16849.500000000004,2opt,improve
2691,7,17144.6,4,16849.500000000004,swap,notBad
2692,7,17144.6,4,16849.500000000004,2opt,notBad
2693,7,17144.6,4,16849.500000000004,swap,notBad
2694,7,17144.6,4,16849.500000000004,2opt,notBad
2695,7,17144.6,4,16849.500000000004,swap,notBad
2696,7,17144.6,4,16849.500000000004,2opt,notBad
2697,7,17144.6,4,16849.500000000004,move,improve
2698,7,17144.100000000002,4,16849.500000000004,move,improve
2699,7,17144.100000000002,4,16849.500000000004,move,improve
2700,7,17144.100000000002,4,16849.500000000004,2opt,notBad
2701,7,17144.100000000002,4,16849.500000000004,2opt,notBad
2702,7,17144.100000000002,4,16849.500000000004,swap,notBad
2703,7,17144.100000000002,4,16849.500000000004,move,improve
2704,7,17128.7,4,16849.500000000004,move,improve
2705,7,17128.7,4,16849.500000000004,move,improve
2706,7,17128.7,4,16849.500000000004,move,improve
2707,7,17128.7,4,16849.500000000004,move,improve
2708,7,17128.7,4,16849.500000000004,2opt,notBad
2709,7,17128.7,4,16849.500000000004,2opt,notBad
2710,7,17128.7,4,16849.500000000004,2opt,notBad
2711,7,17183.100000000002,4,16849.500000000004,swap,acceptBad
2712,7,17183.100000000002,4,16849.500000000004,move,improve
2713,7,17183.100000000002,4,16849.500000000004,swap,notBad
2714,7,17183.100000000002,4,16849.500000000004,2opt,notBad
2715,7,17183.100000000002,4,16849.500000000004,2opt,notBad
2716,7,17183.100000000002,4,16849.500000000004,move,improve
2717,7,17230.900000000005,4,16849.500000000004,2opt,acceptBad
2718,7,17230.900000000005,4,16849.500000000004,2opt,notBad
2719,7,17230.900000000005,4,16849.500000000004,swap,notBad
2720,7,17230.900000000005,4,16849.500000000004,2opt,notBad
2721,7,17230.900000000005,4,16849.500000000004,swap,notBad
2722,7,17320.700000000004,4,16849.500000000004,swap,acceptBad
2723,7,17320.700000000004,4,16849.500000000004,2opt,notBad
2724,7,17125.4,4,16849.500000000004,move,improve
2725,7,17125.4,4,16849.500000000004,2opt,notBad
2726,7,17125.4,4,16849.500000000004,2opt,improve
2727,7,17125.400000000005,4,16849.500000000004,2opt,acceptBad
2728,7,17133.900000000005,4,16849.500000000004,swap,acceptBad
2729,7,17133.900000000005,4,16849.500000000004,move,improve
2730,7,17133.900000000005,4,16849.500000000004,move,improve
2731,7,17133.900000000005,4,16849.500000000004,move,improve
2732,7,17133.900000000005,4,16849.500000000004,move,improve
2733,7,17133.900000000005,4,16849.500000000004,swap,notBad
2734,7,17264.800000000003,4,16849.500000000004,swap,acceptBad
2735,7,17264.800000000003,4,16849.500000000004,swap,notBad
2736,7,17264.800000000003,4,16849.500000000004,2opt,notBad
2737,7,17264.800000000003,4,16849.500000000004,move,improve
2738,7,17264.800000000003,4,16849.500000000004,move,improve
2739,7,17264.800000000003,4,16849.500000000004,2opt,notBad
2740,7,17264.800000000003,4,16849.500000000004,2opt,notBad
2741,7,17264.800000000003,4,16849.500000000004,2opt,notBad
2742,7,17264.800000000003,4,16849.500000000004,move,improve
2743,7,17264.800000000003,4,16849.500000000004,2opt,notBad
2744,7,17264.800000000003,4,16849.500000000004,swap,notBad
2745,7,17264.800000000003,4,16849.500000000004,move,improve
2746,7,17201.2,4,16849.500000000004,move,improve
2747,7,17201.2,4,16849.500000000004,2opt,notBad
2748,7,17160.100000000002,4,16849.500000000004,move,improve
2749,7,17160.100000000002,4,16849.500000000004,swap,notBad
2750,7,17160.100000000002,4,16849.500000000004,2opt,notBad
2751,7,17142.300000000003,4,16849.500000000004,move,improve
2752,7,17142.300000000003,4,16849.500000000004,swap,notBad
2753,7,17142.300000000003,4,16849.500000000004,swap,notBad
2754,7,17142.300000000003,4,16849.500000000004,move,improve
2755,7,17142.300000000003,4,16849.500000000004,move,improve
2756,7,17204.800000000003,4,16849.500000000004,swap,acceptBad
2757,7,17204.800000000003,4,16849.500000000004,move,improve
2758,7,17204.800000000003,4,16849.500000000004,swap,notBad
2759,7,17204.800000000003,4,16849.500000000004,2opt,notBad
2760,7,17204.800000000003,4,16849.500000000004,2opt,notBad
2761,8,17179.600000000002,4,16849.500000000004,move,improve
2762,8,17179.600000000002,4,16849.500000000004,move,improve
2763,8,17179.600000000002,4,16849.500000000004,move,improve
2764,8,17179.600000000002,4,16849.500000000004,swap,notBad
2765,8,17179.600000000002,4,16849.500000000004,swap,notBad
2766,8,17179.600000000002,4,16849.500000000004,2opt,notBad
2767,8,17189.7,4,16849.500000000004,2opt,acceptBad
2768,8,17189.7,4,16849.500000000004,2opt,notBad
2769,8,17189.7,4,16849.500000000004,2opt,notBad
2770,8,17189.7,4,16849.500000000004,2opt,notBad
2771,8,17189.7,4,16849.500000000004,move,improve
2772,8,17189.7,4,16849.500000000004,swap,notBad
2773,8,17189.7,4,16849.500000000004,move,improve
2774,8,17189.7,4,16849.500000000004,swap,notBad
2775,8,17171.7,4,16849.500000000004,move,improve
2776,8,17171.7,4,16849.500000000004,move,improve
2777,8,17171.7,4,16849.500000000004,move,improve
2778,8,17171.7,4,16849.500000000004,move,improve
2779,8,17171.7,4,16849.500000000004,move,improve
2780,8,17171.7,4,16849.500000000004,2opt,improve
2781,8,17171.7,4,16849.500000000004,swap,notBad
2782,8,17171.7,4,16849.500000000004,move,improve
2783,8,17171.7,4,16849.500000000004,swap,notBad
2784,8,17171.7,4,16849.500000000004,2opt,notBad
2785,8,17171.7,4,16849.500000000004,swap,notBad
2786,8,17171.7,4,16849.500000000004,swap,notBad
2787,8,17171.7,4,16849.500000000004,move,improve
2788,8,17171.7,4,16849.500000000004,move,improve
2789,8,17171.7,4,16849.500000000004,swap,notBad
2790,8,17171.7,4,16849.500000000004,2opt,notBad
2791,8,17171.7,4,16849.500000000004,swap,notBad
2792,8,17171.7,4,16849.500000000004,swap,notBad
2793,8,17171.7,4,16849.500000000004,2opt,notBad
2794,8,17171.7,4,16849.500000000004,swap,notBad
2795,8,17171.7,4,16849.500000000004,move,improve
2796,8,17171.7,4,16849.500000000004,2opt,notBad
2797,8,17160.7,4,16849.500000000004,move,improve
2798,8,17160.7,4,16849.500000000004,2opt,notBad
2799,8,17160.7,4,16849.500000000004,2opt,notBad
2800,8,17160.7,4,16849.500000000004,move,improve
2801,8,17160.7,4,16849.500000000004,2opt,notBad
2802,8,17160.7,4,16849.500000000004,swap,notBad
2803,8,17160.7,4,16849.500000000004,2opt,notBad
2804,8,17160.7,4,16849.500000000004,move,improve
2805,8,17160.7,4,16849.500000000004,swap,notBad
2806,8,17160.7,4,16849.500000000004,move,improve
2807,8,17160.7,4,16849.500000000004,move,improve
2808,8,17160.7,4,16849.500000000004,swap,notBad
2809,8,17160.7,4,16849.500000000004,2opt,notBad
2810,8,17160.7,4,16849.500000000004,swap,notBad
2811,8,17160.7,4,16849.500000000004,move,improve
2812,8,17160.7,4,16849.500000000004,2opt,notBad
2813,8,17160.7,4,16849.500000000004,move,improve
2814,8,17160.7,4,16849.500000000004,2opt,notBad
2815,8,17189.2,4,16849.500000000004,swap,acceptBad
2816,8,17189.2,4,16849.500000000004,move,improve
2817,8,17250.2,4,16849.500000000004,swap,acceptBad
2818,8,17250.2,4,16849.500000000004,move,improve
2819,8,17250.2,4,16849.500000000004,2opt,notBad
2820,8,17250.2,4,16849.500000000004,swap,notBad
2821,8,17250.2,4,16849.500000000004,move,improve
2822,8,17250.2,4,16849.500000000004,2opt,notBad
2823,8,17139.3,4,16849.500000000004,move,improve
2824,8,17139.3,4,16849.500000000004,2opt,notBad
2825,8,17139.3,4,16849.500000000004,move,improve
2826,8,17139.3,4,16849.500000000004,2opt,notBad
2827,8,17139.3,4,16849.500000000004,2opt,notBad
2828,8,17139.3,4,16849.500000000004,2opt,notBad
2829,8,17139.3,4,16849.500000000004,2opt,notBad
2830,8,17139.300000000003,4,16849.500000000004,2opt,acceptBad
2831,8,17139.300000000003,4,16849.500000000004,swap,notBad
2832,8,17139.300000000003,4,16849.500000000004,2opt,notBad
2833,8,17139.300000000003,4,16849.500000000004,2opt,notBad
2834,8,17139.300000000003,4,16849.500000000004,swap,notBad
2835,8,17139.300000000003,4,16849.500000000004,swap,notBad
2836,8,17133.300000000003,4,16849.500000000004,move,improve
2837,8,17133.300000000003,4,16849.500000000004,2opt,notBad
2838,8,17133.300000000003,4,16849.500000000004,2opt,notBad
2839,8,17133.300000000003,4,16849.500000000004,2opt,notBad
2840,8,17133.300000000003,4,16849.500000000004,2opt,notBad
2841,8,17133.300000000003,4,16849.500000000004,move,improve
2842,8,17133.300000000003,4,16849.500000000004,move,improve
2843,8,17133.300000000003,4,16849.500000000004,swap,notBad
2844,8,17133.300000000003,4,16849.500000000004,2opt,notBad
2845,8,17133.300000000003,4,16849.500000000004,swap,notBad
2846,8,17133.300000000003,4,16849.500000000004,2opt,notBad
2847,8,17133.300000000003,4,16849.500000000004,swap,notBad
2848,8,17133.300000000003,4,16849.500000000004,2opt,notBad
2849,8,17133.300000000003,4,16849.500000000004,move,improve
2850,8,17133.300000000003,4,16849.500000000004,2opt,notBad
2851,7,17087.7,4,16849.500000000004,move,improve
2852,7,17087.7,4,16849.500000000004,move,improve
2853,7,17087.7,4,16849.500000000004,move,improve
2854,7,17087.7,4,16849.500000000004,swap,notBad
2855,7,17087.7,4,16849.500000000004,2opt,notBad
2856,7,17087.7,4,16849.500000000004,2opt,notBad
2857,7,17087.7,4,16849.500000000004,2opt,notBad
2858,7,17087.7,4,16849.500000000004,move,improve
2859,7,17087.7,4,16849.500000000004,move,improve
2860,7,17073.3,4,16849.500000000004,move,improve
2861,7,17073.3,4,16849.500000000004,2opt,notBad
2862,7,17073.3,4,16849.500000000004,swap,notBad
2863,7,17073.3,4,16849.500000000004,move,improve
2864,7,17073.3,4,16849.500000000004,move,improve
2865,7,17073.3,4,16849.500000000004,2opt,notBad
2866,7,17052.3,4,16849.500000000004,2opt,improve
2867,7,17043.6,4,16849.500000000004,2opt,improve
2868,7,17043.6,4,16849.500000000004,swap,notBad
2869,7,17043.6,4,16849.500000000004,swap,notBad
2870,7,17043.6,4,16849.500000000004,swap,notBad
2871,7,17043.6,4,16849.500000000004,2opt,notBad
2872,7,17043.6,4,16849.500000000004,2opt,notBad
2873,7,17043.6,4,16849.500000000004,swap,notBad
2874,7,17043.6,4,16849.500000000004,swap,notBad
2875,7,17043.6,4,16849.500000000004,swap,notBad
2876,7,17043.6,4,16849.500000000004,2opt,notBad
2877,7,16990.499999999996,4,16849.500000000004,move,improve
2878,7,16987.299999999996,4,16849.500000000004,move,improve
2879,7,16987.299999999996,4,16849.500000000004,2opt,notBad
2880,7,16987.299999999996,4,16849.500000000004,2opt,notBad
2881,7,17057.899999999998,4,16849.500000000004,swap,acceptBad
2882,7,17057.899999999998,4,16849.500000000004,2opt,notBad
2883,7,17057.899999999998,4,16849.500000000004,2opt,notBad
2884,7,17057.899999999998,4,16849.500000000004,swap,notBad
2885,7,17057.899999999998,4,16849.500000000004,2opt,improve
2886,7,17057.899999999998,4,16849.500000000004,swap,notBad
2887,7,17049.199999999997,4,16849.500000000004,move,improve
2888,7,17056.899999999998,4,16849.500000000004,2opt,acceptBad
2889,7,17056.899999999998,4,16849.500000000004,move,improve
2890,7,17056.899999999998,4,16849.500000000004,2opt,notBad
2891,7,17056.899999999998,4,16849.500000000004,2opt,notBad
2892,7,17056.899999999998,4,16849.500000000004,2opt,notBad
2893,7,17056.899999999998,4,16849.500000000004,swap,notBad
2894,7,17056.899999999998,4,16849.500000000004,swap,notBad
2895,7,17056.899999999998,4,16849.500000000004,move,improve
2896,7,17056.899999999998,4,16849.500000000004,move,improve
2897,7,17015.899999999998,4,16849.500000000004,move,improve
2898,7,17015.899999999998,4,16849.500000000004,move,improve
2899,7,17015.899999999998,4,16849.500000000004,swap,notBad
2900,7,17015.899999999998,4,16849.500000000004,move,improve
2901,7,17015.899999999998,4,16849.500000000004,move,improve
2902,7,17015.899999999998,4,16849.500000000004,swap,notBad
2903,7,17015.899999999998,4,16849.500000000004,2opt,notBad
2904,7,17015.899999999998,4,16849.500000000004,swap,notBad
2905,7,17026.899999999998,4,16849.500000000004,swap,acceptBad
2906,7,17026.899999999998,4,16849.500000000004,move,improve
2907,7,16983.1,4,16849.500000000004,move,improve
2908,7,16983.1,4,16849.500000000004,2opt,improve
2909,7,16983.1,4,16849.500000000004,swap,notBad
2910,7,16983.1,4,16849.500000000004,swap,notBad
2911,7,16983.1,4,16849.500000000004,move,improve
2912,7,16983.1,4,16849.500000000004,swap,notBad
2913,7,16983.1,4,16849.500000000004,swap,notBad
2914,7,16963.399999999998,4,16849.500000000004,move,improve
2915,7,16963.399999999998,4,16849.500000000004,2opt,notBad
2916,7,16963.399999999998,4,16849.500000000004,2opt,notBad
2917,7,16837.4,7,16837.4,move,newBest
2918,7,16837.4,7,16837.4,move,improve
2919,7,16837.4,7,16837.4,2opt,notBad
2920,7,16837.4,7,16837.4,2opt,notBad
2921,7,16837.4,7,16837.4,move,improve
2922,7,16837.4,7,16837.4,2opt,notBad
2923,7,16837.4,7,16837.4,move,improve
2924,7,16837.4,7,16837.4,move,improve
2925,7,16837.4,7,16837.4,swap,notBad
2926,7,16837.4,7,16837.4,2opt,notBad
2927,7,16837.4,7,16837.4,2opt,notBad
2928,7,16837.4,7,16837.4,2opt,notBad
2929,7,16837.4,7,16837.4,swap,notBad
2930,7,16837.4,7,16837.4,swap,notBad
2931,7,16837.4,7,16837.4,swap,notBad
2932,7,16837.4,7,16837.4,2opt,notBad
2933,7,16837.4,7,16837.4,swap,notBad
2934,7,16837.4,7,16837.4,2opt,notBad
2935,7,16837.4,7,16837.4,move,improve
2936,7,16837.4,7,16837.4,swap,notBad
2937,7,16837.4,7,16837.4,swap,notBad
2938,7,16837.4,7,16837.4,swap,notBad
2939,7,16837.4,7,16837.4,swap,notBad
2940,7,16837.4,7,16837.4,move,improve
2941,7,16837.4,7,16837.4,swap,notBad
2942,7,16837.4,7,16837.4,2opt,notBad
2943,7,16837.4,7,16837.4,swap,notBad
2944,7,16837.4,7,16837.4,swap,notBad
2945,7,16837.4,7,16837.4,swap,notBad
2946,7,16958.4,7,16837.4,swap,acceptBad
2947,7,16958.4,7,16837.4,2opt,notBad
2948,7,16958.4,7,16837.4,2opt,notBad
2949,7,16958.4,7,16837.4,move,improve
2950,7,16932.7,7,16837.4,move,improve
2951,7,16932.7,7,16837.4,swap,notBad
2952,7,16932.7,7,16837.4,2opt,notBad
2953,7,16973.699999999997,7,16837.4,swap,acceptBad
2954,7,16973.699999999997,7,16837.4,2opt,notBad
2955,7,16973.699999999997,7,16837.4,swap,notBad
2956,7,16918.399999999998,7,16837.4,move,improve
2957,7,16918.399999999998,7,16837.4,move,improve
2958,7,16918.399999999998,7,16837.4,move,improve
2959,7,16918.399999999998,7,16837.4,2opt,notBad
2960,7,16918.399999999998,7,16837.4,move,improve
2961,7,16918.399999999998,7,16837.4,move,improve
2962,7,16918.399999999998,7,16837.4,swap,notBad
2963,7,16842.999999999996,7,16837.4,move,improve
2964,7,16842.999999999996,7,16837.4,move,improve
2965,7,16837.499999999996,7,16837.4,move,improve
2966,7,16837.499999999996,7,16837.4,2opt,notBad
2967,7,16837.499999999996,7,16837.4,move,improve
2968,7,16931.7,7,16837.4,swap,acceptBad
2969,7,16931.7,7,16837.4,2opt,notBad
2970,7,16931.7,7,16837.4,2opt,notBad
2971,7,16931.7,7,16837.4,swap,notBad
2972,7,16931.7,7,16837.4,2opt,notBad
2973,7,16931.7,7,16837.4,swap,notBad
2974,7,16931.7,7,16837.4,swap,notBad
2975,7,16931.7,7,16837.4,move,improve
2976,7,16931.7,7,16837.4,2opt,notBad
2977,7,16931.7,7,16837.4,2opt,improve
2978,7,16931.7,7,16837.4,swap,notBad
2979,7,16931.7,7,16837.4,swap,notBad
2980,7,16931.7,7,16837.4,2opt,notBad
2981,7,16931.7,7,16837.4,move,improve
2982,7,16945.1,7,16837.4,2opt,acceptBad
2983,7,16945.1,7,16837.4,swap,notBad
2984,7,16945.1,7,16837.4,swap,notBad
2985,7,16945.1,7,16837.4,2opt,notBad
2986,7,16945.1,7,16837.4,2opt,notBad
2987,7,16945.1,7,16837.4,swap,notBad
2988,7,16945.1,7,16837.4,2opt,notBad
2989,7,16945.1,7,16837.4,swap,notBad
2990,7,16945.1,7,16837.4,swap,notBad
2991,7,16945.1,7,16837.4,move,improve
2992,7,16945.1,7,16837.4,2opt,notBad
2993,7,16945.1,7,16837.4,move,improve
2994,7,16945.1,7,16837.4,2opt,notBad
2995,7,16954.5,7,16837.4,2opt,acceptBad
2996,7,16941.100000000002,7,16837.4,2opt,improve
2997,7,16941.100000000002,7,16837.4,move,improve
2998,7,16941.100000000002,7,16837.4,swap,notBad
2999,7,16941.100000000002,7,16837.4,swap,notBad
3000,7,16941.100000000002,7,16837.4,swap,notBad
3001,7,16941.100000000002,7,16837.4,2opt,notBad
3002,7,16941.100000000002,7,16837.4,swap,notBad
3003,7,16941.100000000002,7,16837.4,2opt,notBad
3004,7,16905.0,7,16837.4,move,improve
3005,7,16905.0,7,16837.4,2opt,improve
3006,7,16905.0,7,16837.4,move,improve
3007,7,16905.0,7,16837.4,move,improve
3008,7,16905.0,7,16837.4,move,improve
3009,7,16905.0,7,16837.4,move,improve
3010,7,16905.0,7,16837.4,move,improve
3011,7,16905.0,7,16837.4,move,improve
3012,7,16905.0,7,16837.4,move,improve
3013,7,16937.699999999997,7,16837.4,2opt,acceptBad
3014,7,16937.699999999997,7,16837.4,move,improve
3015,7,16937.699999999997,7,16837.4,move,improve
3016,7,16937.699999999997,7,16837.4,swap,notBad
3017,7,16937.699999999997,7,16837.4,move,improve
3018,7,16937.699999999997,7,16837.4,2opt,notBad
3019,7,16937.699999999997,7,16837.4,swap,notBad
3020,7,16937.699999999997,7,16837.4,2opt,notBad
3021,7,16937.699999999997,7,16837.4,swap,notBad
3022,7,16937.699999999997,7,16837.4,swap,notBad
3023,7,16937.699999999997,7,16837.4,move,improve
3024,7,16954.5,7,16837.4,swap,acceptBad
3025,7,16954.5,7,16837.4,2opt,notBad
3026,7,16954.5,7,16837.4,2opt,notBad
3027,7,16940.0,7,16837.4,move,improve
3028,7,16940.0,7,16837.4,swap,notBad
3029,7,16940.0,7,16837.4,move,improve
3030,7,16962.6,7,16837.4,swap,acceptBad
3031,7,16962.6,7,16837.4,move,improve
3032,7,16962.6,7,16837.4,swap,notBad
3033,7,16962.6,7,16837.4,2opt,notBad
3034,7,16962.6,7,16837.4,swap,notBad
3035,7,16962.6,7,16837.4,2opt,notBad
3036,7,16962.6,7,16837.4,move,improve
3037,7,16961.899999999998,7,16837.4,move,improve
3038,7,16961.899999999998,7,16837.4,move,improve
3039,7,16961.899999999998,7,16837.4,move,improve
3040,7,16961.899999999998,7,16837.4,swap,notBad
3041,7,16961.899999999998,7,16837.4,2opt,notBad
3042,7,16961.899999999998,7,16837.4,swap,notBad
3043,7,16961.899999999998,7,16837.4,2opt,notBad
3044,7,16961.899999999998,7,16837.4,swap,notBad
3045,7,16961.899999999998,7,16837.4,swap,notBad
3046,7,16961.899999999998,7,16837.4,move,improve
3047,7,16945.1,7,16837.4,move,improve
3048,7,16945.1,7,16837.4,swap,notBad
3049,7,16945.1,7,16837.4,2opt,notBad
3050,7,16945.1,7,16837.4,move,improve
3051,7,16945.1,7,16837.4,swap,notBad
3052,7,16945.1,7,16837.4,swap,notBad
3053,7,16945.1,7,16837.4,2opt,notBad
3054,7,16945.1,7,16837.4,swap,notBad
3055,7,16945.1,7,16837.4,move,improve
3056,7,16945.1,7,16837.4,move,improve
3057,7,16945.1,7,16837.4,2opt,notBad
3058,7,16966.499999999996,7,16837.4,2opt,acceptBad
3059,7,16966.499999999996,7,16837.4,2opt,notBad
3060,7,16966.499999999996,7,16837.4,swap,notBad
3061,7,16966.499999999996,7,16837.4,2opt,notBad
3062,7,16966.499999999996,7,16837.4,2opt,notBad
3063,7,16977.499999999996,7,16837.4,swap,acceptBad
3064,7,16977.499999999996,7,16837.4,swap,notBad
3065,7,16977.499999999996,7,16837.4,2opt,notBad
3066,7,16977.499999999996,7,16837.4,swap,notBad
3067,7,16977.499999999996,7,16837.4,swap,notBad
3068,7,16977.499999999996,7,16837.4,move,improve
3069,7,16977.499999999996,7,16837.4,2opt,notBad
3070,7,16977.499999999996,7,16837.4,move,improve
3071,7,16977.499999999996,7,16837.4,move,improve
3072,7,16977.499999999996,7,16837.4,swap,notBad
3073,7,16977.499999999996,7,16837.4,2opt,notBad
3074,7,16977.499999999996,7,16837.4,swap,notBad
3075,7,16977.499999999996,7,16837.4,2opt,notBad
3076,7,16977.499999999996,7,16837.4,swap,notBad
3077,7,16977.499999999996,7,16837.4,swap,notBad
3078,7,16977.499999999996,7,16837.4,move,improve
3079,7,16977.499999999996,7,16837.4,2opt,notBad
3080,7,16977.499999999996,7,16837.4,2opt,notBad
3081,7,16977.499999999996,7,16837.4,2opt,notBad
3082,7,16977.499999999996,7,16837.4,2opt,notBad
3083,7,16977.499999999996,7,16837.4,move,improve
3084,7,17039.799999999996,7,16837.4,swap,acceptBad
3085,7,17039.799999999996,7,16837.4,swap,notBad
3086,7,17039.799999999996,7,16837.4,2opt,notBad
3087,7,17039.799999999996,7,16837.4,2opt,improve
3088,7,17039.799999999996,7,16837.4,2opt,notBad
3089,7,17039.799999999996,7,16837.4,swap,notBad
3090,7,17039.799999999996,7,16837.4,swap,notBad
3091,7,17042.199999999997,7,16837.4,swap,acceptBad
3092,7,17042.199999999997,7,16837.4,swap,notBad
3093,7,17114.1,7,16837.4,swap,acceptBad
3094,7,17114.1,7,16837.4,swap,notBad
3095,7,17042.199999999997,7,16837.4,swap,improve
3096,7,17042.199999999997,7,16837.4,2opt,notBad
3097,7,17042.199999999997,7,16837.4,swap,notBad
3098,7,17042.199999999997,7,16837.4,move,improve
3099,7,17042.199999999997,7,16837.4,swap,notBad
3100,7,17042.199999999997,7,16837.4,swap,notBad
3101,7,17042.199999999997,7,16837.4,swap,notBad
3102,7,17042.199999999997,7,16837.4,2opt,notBad
3103,7,17042.199999999997,7,16837.4,move,improve
3104,7,17042.199999999997,7,16837.4,swap,notBad
3105,7,17042.199999999997,7,16837.4,move,improve
3106,7,17042.199999999997,7,16837.4,2opt,notBad
3107,7,17020.799999999996,7,16837.4,move,improve
3108,7,17020.799999999996,7,16837.4,2opt,notBad
3109,7,17020.799999999996,7,16837.4,2opt,notBad
3110,7,17020.799999999996,7,16837.4,2opt,notBad
3111,7,17020.799999999996,7,16837.4,swap,notBad
3112,7,16993.899999999998,7,16837.4,2opt,improve
3113,7,16993.899999999998,7,16837.4,move,improve
3114,7,16993.899999999998,7,16837.4,move,improve
3115,7,16993.899999999998,7,16837.4,move,improve
3116,7,16993.899999999998,7,16837.4,swap,notBad
3117,7,16993.899999999998,7,16837.4,swap,notBad
3118,7,16993.899999999998,7,16837.4,swap,notBad
3119,7,16993.899999999998,7,16837.4,swap,notBad
3120,7,16993.899999999998,7,16837.4,2opt,notBad
3121,7,16993.899999999998,7,16837.4,move,improve
3122,7,16993.899999999998,7,16837.4,move,improve
3123,7,16993.899999999998,7,16837.4,swap,notBad
3124,7,16993.899999999998,7,16837.4,move,improve
3125,7,16982.899999999998,7,16837.4,move,improve
3126,7,17002.899999999998,7,16837.4,swap,acceptBad
3127,7,17002.899999999998,7,16837.4,2opt,notBad
3128,7,16992.399999999998,7,16837.4,swap,improve
3129,7,16992.399999999998,7,16837.4,move,improve
3130,7,16992.399999999998,7,16837.4,2opt,improve
3131,7,16992.399999999998,7,16837.4,swap,notBad
3132,7,16992.399999999998,7,16837.4,move,improve
3133,7,16992.399999999998,7,16837.4,2opt,notBad
3134,7,16992.399999999998,7,16837.4,2opt,notBad
3135,7,16992.399999999998,7,16837.4,swap,notBad
3136,7,16992.399999999998,7,16837.4,swap,notBad
3137,7,16992.399999999998,7,16837.4,move,improve
3138,7,16992.399999999998,7,16837.4,swap,notBad
3139,7,16992.399999999998,7,16837.4,swap,notBad
3140,7,16992.399999999998,7,16837.4,move,improve
3141,7,16992.399999999998,7,16837.4,move,improve
3142,7,16992.399999999998,7,16837.4,swap,notBad
3143,7,16992.399999999998,7,16837.4,move,improve
3144,7,16992.399999999998,7,16837.4,move,improve
3145,7,16992.399999999998,7,16837.4,2opt,notBad
3146,7,16992.399999999998,7,16837.4,2opt,notBad
3147,7,16952.399999999994,7,16837.4,move,improve
3148,7,16932.399999999994,7,16837.4,move,improve
3149,7,16932.399999999994,7,16837.4,swap,notBad
3150,7,16932.399999999994,7,16837.4,move,improve
3151,7,16932.399999999994,7,16837.4,swap,notBad
3152,7,16932.399999999994,7,16837.4,2opt,notBad
3153,7,16932.399999999994,7,16837.4,swap,notBad
3154,7,16932.399999999994,7,16837.4,move,improve
3155,7,16932.399999999994,7,16837.4,swap,notBad
3156,7,16932.399999999994,7,16837.4,2opt,notBad
3157,7,16932.399999999994,7,16837.4,2opt,notBad
3158,7,16932.399999999994,7,16837.4,2opt,notBad
3159,7,16932.399999999994,7,16837.4,swap,notBad
3160,7,16932.399999999994,7,16837.4,swap,notBad
3161,7,16870.099999999995,7,16837.4,move,improve
3162,7,16870.099999999995,7,16837.4,move,improve
3163,7,16870.099999999995,7,16837.4,2opt,notBad
3164,7,16870.099999999995,7,16837.4,swap,notBad
3165,7,16870.099999999995,7,16837.4,move,improve
3166,7,16870.099999999995,7,16837.4,swap,notBad
3167,7,16870.099999999995,7,16837.4,swap,notBad
3168,7,16870.099999999995,7,16837.4,2opt,notBad
3169,7,16870.099999999995,7,16837.4,swap,notBad
3170,7,16870.099999999995,7,16837.4,move,improve
3171,7,16870.099999999995,7,16837.4,move,improve
3172,7,16870.099999999995,7,16837.4,2opt,notBad
3173,7,16870.099999999995,7,16837.4,move,improve
3174,7,16870.099999999995,7,16837.4,swap,notBad
3175,7,16927.999999999993,7,16837.4,swap,acceptBad
3176,7,16927.999999999993,7,16837.4,2opt,notBad
3177,7,16927.999999999993,7,16837.4,2opt,notBad
3178,7,16927.999999999993,7,16837.4,move,improve
3179,7,16927.999999999993,7,16837.4,swap,notBad
3180,7,16927.999999999993,7,16837.4,2opt,notBad
3181,7,16927.999999999993,7,16837.4,2opt,notBad
3182,7,16927.999999999993,7,16837.4,swap,notBad
3183,7,16927.999999999993,7,16837.4,2opt,notBad
3184,7,16927.999999999993,7,16837.4,2opt,notBad
3185,7,16927.999999999993,7,16837.4,move,improve
3186,7,16927.999999999993,7,16837.4,move,improve
3187,7,16927.999999999993,7,16837.4,swap,notBad
3188,7,16927.999999999993,7,16837.4,2opt,notBad
3189,7,16927.999999999993,7,16837.4,swap,notBad
3190,7,16927.999999999993,7,16837.4,swap,notBad
3191,7,16927.999999999993,7,16837.4,move,improve
3192,7,16927.999999999993,7,16837.4,swap,notBad
3193,7,16886.299999999992,7,16837.4,move,improve
3194,7,16886.299999999992,7,16837.4,2opt,notBad
3195,7,16886.299999999992,7,16837.4,move,improve
3196,7,16886.299999999992,7,16837.4,move,improve
3197,7,16886.299999999992,7,16837.4,2opt,notBad
3198,7,16886.299999999992,7,16837.4,2opt,notBad
3199,7,16886.299999999992,7,16837.4,move,improve
3200,7,16886.299999999992,7,16837.4,move,improve
3201,7,16886.299999999992,7,16837.4,swap,notBad
3202,7,16886.299999999992,7,16837.4,2opt,improve
3203,7,16886.299999999992,7,16837.4,move,improve
3204,7,16886.299999999992,7,16837.4,swap,notBad
3205,7,16886.299999999992,7,16837.4,swap,notBad
3206,7,16886.299999999992,7,16837.4,move,improve
3207,7,16886.299999999992,7,16837.4,2opt,notBad
3208,7,16886.299999999992,7,16837.4,move,improve
3209,7,16886.299999999992,7,16837.4,move,improve
3210,7,16886.299999999992,7,16837.4,2opt,notBad
3211,7,16886.299999999992,7,16837.4,move,improve
3212,7,16886.299999999992,7,16837.4,move,improve
3213,7,16886.299999999992,7,16837.4,2opt,notBad
3214,7,16886.299999999992,7,16837.4,move,improve
3215,7,16886.299999999992,7,16837.4,2opt,improve
3216,7,16886.299999999992,7,16837.4,swap,notBad
3217,7,16886.299999999992,7,16837.4,2opt,notBad
3218,7,16886.299999999992,7,16837.4,swap,notBad
3219,7,16886.299999999992,7,16837.4,swap,notBad
3220,7,16886.299999999992,7,16837.4,2opt,notBad
3221,7,16886.299999999992,7,16837.4,move,improve
3222,7,16886.299999999992,7,16837.4,2opt,notBad
3223,7,16886.299999999992,7,16837.4,swap,notBad
3224,7,16886.299999999992,7,16837.4,move,improve
3225,7,16886.299999999992,7,16837.4,move,improve
3226,7,16886.299999999992,7,16837.4,2opt,notBad
3227,7,16886.299999999992,7,16837.4,2opt,notBad
3228,7,16886.299999999992,7,16837.4,swap,notBad
3229,7,16886.299999999992,7,16837.4,move,improve
3230,7,16886.299999999992,7,16837.4,move,improve
3231,7,16886.299999999992,7,16837.4,2opt,notBad
3232,7,16886.299999999992,7,16837.4,swap,notBad
3233,7,16886.299999999992,7,16837.4,2opt,notBad
3234,7,16886.299999999992,7,16837.4,move,improve
3235,7,16886.299999999992,7,16837.4,2opt,notBad
3236,7,16886.299999999992,7,16837.4,swap,notBad
3237,7,16886.299999999992,7,16837.4,move,improve
3238,7,16886.299999999992,7,16837.4,2opt,notBad
3239,7,16845.0,7,16837.4,2opt,improve
3240,7,16845.0,7,16837.4,2opt,notBad
3241,7,16845.0,7,16837.4,swap,notBad
3242,7,16845.0,7,16837.4,swap,notBad
3243,7,16828.399999999998,7,16828.399999999998,move,newBest
3244,7,16828.399999999998,7,16828.399999999998,swap,notBad
3245,7,16828.399999999998,7,16828.399999999998,move,improve
3246,7,16828.399999999998,7,16828.399999999998,2opt,notBad
3247,7,16828.399999999998,7,16828.399999999998,swap,notBad
3248,7,16828.399999999998,7,16828.399999999998,move,improve
3249,7,16828.399999999998,7,16828.399999999998,move,improve
3250,7,16828.399999999998,7,16828.399999999998,2opt,notBad
3251,7,16828.399999999998,7,16828.399999999998,2opt,notBad
3252,7,16828.399999999987,7,16828.399999999987,2opt,newBest
3253,7,16828.399999999987,7,16828.399999999987,swap,notBad
3254,7,16828.399999999987,7,16828.399999999987,2opt,notBad
3255,7,16828.399999999987,7,16828.399999999987,move,improve
3256,7,16828.399999999987,7,16828.399999999987,swap,notBad
3257,7,16828.399999999987,7,16828.399999999987,swap,notBad
3258,7,16828.399999999987,7,16828.399999999987,2opt,notBad
3259,7,16828.399999999987,7,16828.399999999987,move,improve
3260,7,16828.399999999987,7,16828.399999999987,2opt,notBad
3261,7,16708.099999999988,7,16708.099999999988,move,newBest
3262,7,16708.099999999988,7,16708.099999999988,swap,notBad
3263,7,16708.099999999988,7,16708.099999999988,2opt,notBad
3264,7,16740.39999999999,7,16708.099999999988,swap,acceptBad
3265,7,16740.39999999999,7,16708.099999999988,move,improve
3266,7,16740.39999999999,7,16708.099999999988,move,improve
3267,7,16740.39999999999,7,16708.099999999988,swap,notBad
3268,7,16740.39999999999,7,16708.099999999988,swap,notBad
3269,7,16740.39999999999,7,16708.099999999988,move,improve
3270,7,16740.39999999999,7,16708.099999999988,2opt,notBad
3271,7,16740.39999999999,7,16708.099999999988,move,improve
3272,7,16740.39999999999,7,16708.099999999988,2opt,notBad
3273,7,16740.39999999999,7,16708.099999999988,move,improve
3274,7,16740.39999999999,7,16708.099999999988,swap,notBad
3275,7,16740.39999999999,7,16708.099999999988,swap,notBad
3276,7,16740.39999999999,7,16708.099999999988,2opt,notBad
3277,7,16740.39999999999,7,16708.099999999988,move,improve
3278,7,16740.39999999999,7,16708.099999999988,move,improve
3279,7,16768.599999999988,7,16708.099999999988,swap,acceptBad
3280,7,16768.599999999988,7,16708.099999999988,2opt,notBad
3281,7,16768.599999999988,7,16708.099999999988,2opt,notBad
3282,7,16768.599999999988,7,16708.099999999988,swap,notBad
3283,7,16768.599999999988,7,16708.099999999988,swap,notBad
3284,7,16768.599999999988,7,16708.099999999988,move,improve
3285,7,16768.599999999988,7,16708.099999999988,move,improve
3286,7,16768.599999999988,7,16708.099999999988,swap,notBad
3287,7,16768.599999999988,7,16708.099999999988,2opt,notBad
3288,7,16768.599999999988,7,16708.099999999988,swap,notBad
3289,7,16768.599999999988,7,16708.099999999988,swap,notBad
3290,7,16768.599999999988,7,16708.099999999988,2opt,notBad
3291,7,16768.599999999988,7,16708.099999999988,swap,notBad
3292,7,16768.599999999988,7,16708.099999999988,2opt,notBad
3293,7,16768.59999999999,7,16708.099999999988,swap,acceptBad
3294,7,16768.59999999999,7,16708.099999999988,2opt,notBad
3295,7,16768.59999999999,7,16708.099999999988,swap,notBad
3296,7,16768.59999999999,7,16708.099999999988,2opt,notBad
3297,7,16768.59999999999,7,16708.099999999988,swap,notBad
3298,7,16768.59999999999,7,16708.099999999988,move,improve
3299,7,16768.59999999999,7,16708.099999999988,2opt,notBad
3300,7,16768.59999999999,7,16708.099999999988,2opt,notBad
3301,7,16768.59999999999,7,16708.099999999988,swap,notBad
3302,7,16768.59999999999,7,16708.099999999988,2opt,notBad
3303,7,16768.59999999999,7,16708.099999999988,move,improve
3304,7,16768.59999999999,7,16708.099999999988,2opt,notBad
3305,7,16768.59999999999,7,16708.099999999988,swap,notBad
3306,7,16768.59999999999,7,16708.099999999988,move,improve
3307,7,16768.59999999999,7,16708.099999999988,move,improve
3308,7,16768.59999999999,7,16708.099999999988,2opt,notBad
3309,7,16768.59999999999,7,16708.099999999988,2opt,notBad
3310,7,16768.59999999999,7,16708.099999999988,swap,notBad
3311,7,16768.59999999999,7,16708.099999999988,move,improve
3312,7,16768.59999999999,7,16708.099999999988,2opt,notBad
3313,7,16768.59999999999,7,16708.099999999988,swap,notBad
3314,7,16768.59999999999,7,16708.099999999988,swap,notBad
3315,7,16768.59999999999,7,16708.099999999988,move,improve
3316,7,16768.59999999999,7,16708.099999999988,move,improve
3317,7,16768.59999999999,7,16708.099999999988,swap,notBad
3318,7,16768.59999999999,7,16708.099999999988,swap,notBad
3319,7,16768.59999999999,7,16708.099999999988,2opt,notBad
3320,7,16768.59999999999,7,16708.099999999988,2opt,notBad
3321,7,16736.299999999992,7,16708.099999999988,move,improve
3322,7,16736.299999999992,7,16708.099999999988,move,improve
3323,7,16736.299999999992,7,16708.099999999988,swap,notBad
3324,7,16736.299999999992,7,16708.099999999988,swap,notBad
3325,7,16736.299999999992,7,16708.099999999988,2opt,notBad
3326,7,16736.299999999992,7,16708.099999999988,move,improve
3327,7,16736.299999999992,7,16708.099999999988,2opt,notBad
3328,7,16736.299999999992,7,16708.099999999988,2opt,notBad
3329,7,16736.299999999992,7,16708.099999999988,move,improve
3330,7,16736.299999999992,7,16708.099999999988,move,improve
3331,7,16736.299999999992,7,16708.099999999988,move,improve
3332,7,16736.299999999992,7,16708.099999999988,move,improve
3333,7,16736.299999999992,7,16708.099999999988,2opt,notBad
3334,7,16736.299999999992,7,16708.099999999988,move,improve
3335,7,16736.299999999992,7,16708.099999999988,2opt,notBad
3336,7,16736.299999999992,7,16708.099999999988,swap,notBad
3337,7,16736.299999999992,7,16708.099999999988,2opt,notBad
3338,7,16736.299999999992,7,16708.099999999988,swap,notBad
3339,7,16736.299999999992,7,16708.099999999988,2opt,notBad
3340,7,16736.299999999992,7,16708.099999999988,swap,notBad
3341,7,16736.299999999992,7,16708.099999999988,move,improve
3342,7,16788.099999999995,7,16708.099999999988,swap,acceptBad
3343,7,16788.099999999995,7,16708.099999999988,swap,notBad
3344,7,16788.099999999995,7,16708.099999999988,2opt,notBad
3345,7,16794.69999999999,7,16708.099999999988,swap,acceptBad
3346,7,16794.69999999999,7,16708.099999999988,swap,notBad
3347,7,16794.69999999999,7,16708.099999999988,2opt,improve
3348,7,16794.69999999999,7,16708.099999999988,swap,notBad
3349,7,16794.69999999999,7,16708.099999999988,move,improve
3350,7,16794.69999999999,7,16708.099999999988,swap,notBad
3351,7,16794.69999999999,7,16708.099999999988,move,improve
3352,7,16794.69999999999,7,16708.099999999988,2opt,notBad
3353,7,16794.69999999999,7,16708.099999999988,swap,notBad
3354,7,16794.69999999999,7,16708.099999999988,2opt,notBad
3355,7,16810.300000000003,7,16708.099999999988,2opt,acceptBad
3356,7,16810.300000000003,7,16708.099999999988,move,improve
3357,7,16810.300000000003,7,16708.099999999988,swap,notBad
3358,7,16810.300000000003,7,16708.099999999988,swap,notBad
3359,7,16810.300000000003,7,16708.099999999988,swap,notBad
3360,7,16755.9,7,16708.099999999988,move,improve
3361,7,16755.9,7,16708.099999999988,swap,notBad
3362,7,16755.9,7,16708.099999999988,swap,notBad
3363,7,16755.9,7,16708.099999999988,swap,notBad
3364,7,16755.9,7,16708.099999999988,move,improve
3365,7,16755.9,7,16708.099999999988,swap,notBad
3366,7,16755.9,7,16708.099999999988,swap,notBad
3367,7,16755.9,7,16708.099999999988,2opt,notBad
3368,7,16755.9,7,16708.099999999988,2opt,notBad
3369,7,16755.9,7,16708.099999999988,swap,notBad
3370,7,16755.9,7,16708.099999999988,swap,notBad
3371,7,16755.9,7,16708.099999999988,swap,notBad
3372,7,16755.9,7,16708.099999999988,2opt,notBad
3373,7,16755.9,7,16708.099999999988,move,improve
3374,7,16755.9,7,16708.099999999988,swap,notBad
3375,7,16755.9,7,16708.099999999988,swap,notBad
3376,7,16755.9,7,16708.099999999988,2opt,notBad
3377,7,16755.9,7,16708.099999999988,swap,notBad
3378,7,16755.9,7,16708.099999999988,swap,notBad
3379,7,16755.9,7,16708.099999999988,move,improve
3380,7,16755.9,7,16708.099999999988,2opt,notBad
3381,7,16752.300000000003,7,16708.099999999988,move,improve
3382,7,16752.300000000003,7,16708.099999999988,2opt,notBad
3383,7,16752.300000000003,7,16708.099999999988,2opt,notBad
3384,7,16752.300000000003,7,16708.099999999988,swap,notBad
3385,7,16736.700000000004,7,16708.099999999988,move,improve
3386,7,16736.700000000004,7,16708.099999999988,swap,notBad
3387,7,16736.700000000004,7,16708.099999999988,2opt,notBad
3388,7,16736.700000000004,7,16708.099999999988,swap,notBad
3389,7,16736.700000000004,7,16708.099999999988,2opt,notBad
3390,7,16736.700000000004,7,16708.099999999988,swap,notBad
3391,7,16736.700000000004,7,16708.099999999988,2opt,notBad
3392,7,16736.700000000004,7,16708.099999999988,move,improve
3393,7,16759.100000000002,7,16708.099999999988,swap,acceptBad
3394,7,16759.100000000002,7,16708.099999999988,swap,notBad
3395,7,16759.100000000002,7,16708.099999999988,move,improve
3396,7,16738.4,7,16708.099999999988,move,improve
3397,7,16738.4,7,16708.099999999988,2opt,notBad
3398,7,16738.4,7,16708.099999999988,2opt,notBad
3399,7,16738.4,7,16708.099999999988,2opt,notBad
3400,7,16738.4,7,16708.099999999988,move,improve
3401,7,16738.4,7,16708.099999999988,move,improve
3402,7,16738.4,7,16708.099999999988,move,improve
3403,7,16738.4,7,16708.099999999988,swap,notBad
3404,7,16829.600000000002,7,16708.099999999988,swap,acceptBad
3405,7,16829.600000000002,7,16708.099999999988,2opt,notBad
3406,7,16829.600000000002,7,16708.099999999988,2opt,notBad
3407,7,16829.600000000002,7,16708.099999999988,2opt,improve
3408,7,16829.600000000002,7,16708.099999999988,move,improve
3409,7,16829.600000000002,7,16708.099999999988,2opt,notBad
3410,7,16829.600000000002,7,16708.099999999988,2opt,notBad
3411,7,16829.600000000002,7,16708.099999999988,swap,notBad
3412,7,16829.600000000002,7,16708.099999999988,swap,notBad
3413,7,16829.600000000002,7,16708.099999999988,2opt,notBad
3414,7,16829.600000000002,7,16708.099999999988,2opt,notBad
3415,7,16829.600000000002,7,16708.099999999988,swap,notBad
3416,7,16910.9,7,16708.099999999988,move,acceptBad
3417,7,16910.9,7,16708.099999999988,move,improve
3418,7,16910.9,7,16708.099999999988,2opt,notBad
3419,7,16910.9,7,16708.099999999988,2opt,notBad
3420,7,16910.9,7,16708.099999999988,2opt,notBad
3421,7,16910.9,7,16708.099999999988,swap,notBad
3422,7,16910.9,7,16708.099999999988,2opt,notBad
3423,7,16910.9,7,16708.099999999988,2opt,notBad
3424,7,16910.9,7,16708.099999999988,2opt,notBad
3425,7,16910.9,7,16708.099999999988,move,improve
3426,7,16910.9,7,16708.099999999988,move,improve
3427,7,16889.000000000004,7,16708.099999999988,move,improve
3428,7,16909.800000000003,7,16708.099999999988,swap,acceptBad
3429,7,16901.8,7,16708.099999999988,move,improve
3430,7,16901.8,7,16708.099999999988,move,improve
3431,7,16901.8,7,16708.099999999988,swap,notBad
3432,7,16901.8,7,16708.099999999988,swap,notBad
3433,7,16901.8,7,16708.099999999988,2opt,notBad
3434,7,16901.8,7,16708.099999999988,swap,notBad
3435,7,16871.399999999998,7,16708.099999999988,move,improve
3436,7,16891.1,7,16708.099999999988,swap,acceptBad
3437,7,16891.1,7,16708.099999999988,swap,notBad
3438,7,16891.1,7,16708.099999999988,move,improve
3439,7,16887.2,7,16708.099999999988,move,improve
3440,7,16887.2,7,16708.099999999988,2opt,notBad
3441,7,16887.2,7,16708.099999999988,2opt,notBad
3442,7,16887.2,7,16708.099999999988,swap,notBad
3443,7,16887.2,7,16708.099999999988,2opt,notBad
3444,7,16887.2,7,16708.099999999988,swap,notBad
3445,7,16887.2,7,16708.099999999988,2opt,improve
3446,7,16887.2,7,16708.099999999988,swap,notBad
3447,7,16887.2,7,16708.099999999988,move,improve
3448,7,16887.2,7,16708.099999999988,2opt,notBad
3449,7,16887.2,7,16708.099999999988,move,improve
3450,7,16887.2,7,16708.099999999988,2opt,notBad
3451,7,16887.2,7,16708.099999999988,swap,notBad
3452,7,16887.2,7,16708.099999999988,move,improve
3453,7,16887.2,7,16708.099999999988,swap,notBad
3454,7,16887.2,7,16708.099999999988,swap,notBad
3455,7,16887.2,7,16708.099999999988,2opt,notBad
3456,7,16887.2,7,16708.099999999988,2opt,notBad
3457,7,16887.2,7,16708.099999999988,2opt,notBad
3458,7,16887.2,7,16708.099999999988,2opt,notBad
3459,7,16887.2,7,16708.099999999988,move,improve
3460,7,16887.2,7,16708.099999999988,2opt,notBad
3461,7,16887.2,7,16708.099999999988,swap,notBad
3462,7,16887.2,7,16708.099999999988,move,improve
3463,7,16887.2,7,16708.099999999988,move,improve
3464,7,16887.2,7,16708.099999999988,move,improve
3465,7,16887.2,7,16708.099999999988,2opt,notBad
3466,7,16887.2,7,16708.099999999988,2opt,notBad
3467,7,16887.2,7,16708.099999999988,swap,notBad
3468,7,16887.2,7,16708.099999999988,move,improve
3469,7,16887.2,7,16708.099999999988,2opt,notBad
3470,7,16887.2,7,16708.099999999988,swap,notBad
3471,7,16887.2,7,16708.099999999988,2opt,notBad
3472,7,16887.2,7,16708.099999999988,move,improve
3473,7,16887.2,7,16708.099999999988,2opt,improve
3474,7,16887.2,7,16708.099999999988,2opt,notBad
3475,7,16887.2,7,16708.099999999988,2opt,notBad
3476,7,16887.2,7,16708.099999999988,swap,notBad
3477,7,16887.2,7,16708.099999999988,move,improve
3478,7,16887.2,7,16708.099999999988,swap,notBad
3479,7,16887.2,7,16708.099999999988,2opt,notBad
3480,7,16887.2,7,16708.099999999988,move,improve
3481,7,16887.2,7,16708.099999999988,move,improve
3482,7,16887.2,7,16708.099999999988,swap,notBad
3483,7,16887.2,7,16708.099999999988,move,improve
3484,7,16887.2,7,16708.099999999988,move,improve
3485,7,16871.3,7,16708.099999999988,move,improve
3486,7,16871.3,7,16708.099999999988,2opt,notBad
3487,7,16871.3,7,16708.099999999988,move,improve
3488,7,16871.3,7,16708.099999999988,move,improve
3489,7,16871.3,7,16708.099999999988,2opt,notBad
3490,7,16871.3,7,16708.099999999988,move,improve
3491,7,16871.3,7,16708.099999999988,2opt,notBad
3492,7,16868.6,7,16708.099999999988,move,improve
3493,7,16868.6,7,16708.099999999988,2opt,notBad
3494,7,16868.6,7,16708.099999999988,2opt,improve
3495,7,16892.1,7,16708.099999999988,2opt,acceptBad
3496,7,16892.1,7,16708.099999999988,swap,notBad
3497,7,16892.1,7,16708.099999999988,2opt,notBad
3498,7,16892.1,7,16708.099999999988,move,improve
3499,7,16892.1,7,16708.099999999988,swap,notBad
3500,7,16892.1,7,16708.099999999988,2opt,notBad
3501,7,16892.1,7,16708.099999999988,2opt,notBad
3502,7,16892.1,7,16708.099999999988,2opt,notBad
3503,7,16821.1,7,16708.099999999988,move,improve
3504,7,16821.1,7,16708.099999999988,2opt,notBad
3505,7,16821.1,7,16708.099999999988,move,improve
3506,7,16821.1,7,16708.099999999988,move,improve
3507,7,16821.1,7,16708.099999999988,move,improve
3508,7,16821.1,7,16708.099999999988,move,improve
3509,7,16835.7,7,16708.099999999988,swap,acceptBad
3510,7,16835.7,7,16708.099999999988,move,improve
3511,7,16835.7,7,16708.099999999988,2opt,notBad
3512,7,16835.7,7,16708.099999999988,swap,notBad
3513,7,16835.7,7,16708.099999999988,swap,notBad
3514,7,16821.1,7,16708.099999999988,move,improve
3515,7,16835.7,7,16708.099999999988,swap,acceptBad
3516,7,16835.7,7,16708.099999999988,move,improve
3517,7,16835.7,7,16708.099999999988,2opt,notBad
3518,7,16835.7,7,16708.099999999988,2opt,notBad
3519,7,16835.7,7,16708.099999999988,move,improve
3520,7,16835.7,7,16708.099999999988,swap,notBad
3521,7,16835.7,7,16708.099999999988,move,improve
3522,7,16835.7,7,16708.099999999988,2opt,notBad
3523,7,16792.9,7,16708.099999999988,move,improve
3524,7,16792.9,7,16708.099999999988,swap,notBad
3525,7,16792.9,7,16708.099999999988,2opt,notBad
3526,7,16792.9,7,16708.099999999988,swap,notBad
3527,7,16792.9,7,16708.099999999988,move,improve
3528,7,16792.9,7,16708.099999999988,2opt,notBad
3529,7,16792.9,7,16708.099999999988,2opt,notBad
3530,7,16792.9,7,16708.099999999988,move,improve
3531,7,16792.9,7,16708.099999999988,move,improve
3532,7,16773.800000000003,7,16708.099999999988,move,improve
3533,7,16773.800000000003,7,16708.099999999988,move,improve
3534,7,16773.800000000003,7,16708.099999999988,2opt,improve
3535,7,16773.800000000003,7,16708.099999999988,swap,notBad
3536,7,16773.800000000003,7,16708.099999999988,2opt,notBad
3537,7,16771.5,7,16708.099999999988,move,improve
3538,7,16771.5,7,16708.099999999988,2opt,notBad
3539,7,16771.5,7,16708.099999999988,2opt,notBad
3540,7,16771.5,7,16708.099999999988,2opt,notBad
3541,7,16771.5,7,16708.099999999988,move,improve
3542,7,16771.5,7,16708.099999999988,move,improve
3543,7,16771.5,7,16708.099999999988,2opt,notBad
3544,7,16771.5,7,16708.099999999988,2opt,notBad
3545,7,16771.5,7,16708.099999999988,move,improve
3546,7,16771.5,7,16708.099999999988,swap,notBad
3547,7,16771.5,7,16708.099999999988,2opt,notBad
3548,7,16771.5,7,16708.099999999988,move,improve
3549,7,16771.5,7,16708.099999999988,swap,notBad
3550,7,16771.5,7,16708.099999999988,move,improve
3551,7,16771.5,7,16708.099999999988,swap,notBad
3552,7,16771.5,7,16708.099999999988,swap,notBad
3553,7,16771.5,7,16708.099999999988,swap,notBad
3554,7,16771.5,7,16708.099999999988,swap,notBad
3555,7,16771.5,7,16708.099999999988,2opt,improve
3556,7,16771.5,7,16708.099999999988,swap,notBad
3557,7,16771.5,7,16708.099999999988,swap,notBad
3558,7,16771.5,7,16708.099999999988,2opt,notBad
3559,7,16771.5,7,16708.099999999988,move,improve
3560,7,16771.5,7,16708.099999999988,swap,notBad
3561,7,16771.5,7,16708.099999999988,move,improve
3562,7,16771.5,7,16708.099999999988,swap,notBad
3563,7,16771.5,7,16708.099999999988,swap,notBad
3564,7,16825.100000000002,7,16708.099999999988,swap,acceptBad
3565,7,16825.100000000002,7,16708.099999999988,move,improve
3566,7,16825.100000000002,7,16708.099999999988,move,improve
3567,7,16825.100000000002,7,16708.099999999988,move,improve
3568,7,16825.100000000002,7,16708.099999999988,2opt,notBad
3569,7,16825.100000000002,7,16708.099999999988,swap,notBad
3570,7,16825.100000000002,7,16708.099999999988,move,improve
3571,7,16825.100000000002,7,16708.099999999988,move,improve
3572,7,16825.100000000002,7,16708.099999999988,swap,notBad
3573,7,16825.100000000002,7,16708.099999999988,swap,notBad
3574,7,16825.100000000002,7,16708.099999999988,move,improve
3575,7,16825.100000000002,7,16708.099999999988,move,improve
3576,7,16825.100000000002,7,16708.099999999988,move,improve
3577,7,16825.100000000002,7,16708.099999999988,2opt,notBad
3578,7,16825.100000000002,7,16708.099999999988,move,improve
3579,7,16825.100000000002,7,16708.099999999988,swap,notBad
3580,7,16825.100000000002,7,16708.099999999988,swap,notBad
3581,7,16825.100000000002,7,16708.099999999988,2opt,notBad
3582,7,16825.100000000002,7,16708.099999999988,swap,notBad
3583,7,16825.100000000002,7,16708.099999999988,move,improve
3584,7,16825.100000000002,7,16708.099999999988,2opt,notBad
3585,7,16825.100000000002,7,16708.099999999988,2opt,notBad
3586,7,16758.100000000002,7,16708.099999999988,move,improve
3587,7,16758.100000000002,7,16708.099999999988,swap,notBad
3588,7,16758.100000000002,7,16708.099999999988,2opt,notBad
3589,7,16766.699999999997,7,16708.099999999988,2opt,acceptBad
3590,7,16766.699999999997,7,16708.099999999988,swap,notBad
3591,7,16766.699999999997,7,16708.099999999988,swap,notBad
3592,7,16766.699999999997,7,16708.099999999988,move,improve
3593,7,16766.699999999997,7,16708.099999999988,move,improve
3594,7,16766.699999999997,7,16708.099999999988,2opt,notBad
3595,7,16766.699999999997,7,16708.099999999988,2opt,notBad
3596,7,16766.699999999997,7,16708.099999999988,swap,notBad
3597,7,16766.699999999997,7,16708.099999999988,swap,notBad
3598,7,16766.699999999997,7,16708.099999999988,move,improve
3599,7,16766.699999999997,7,16708.099999999988,swap,notBad
3600,7,16766.699999999997,7,16708.099999999988,2opt,notBad
3601,7,16766.699999999997,7,16708.099999999988,move,improve
3602,7,16766.699999999997,7,16708.099999999988,move,improve
3603,7,16766.699999999997,7,16708.099999999988,move,improve
3604,7,16766.699999999997,7,16708.099999999988,move,improve
3605,7,16766.699999999997,7,16708.099999999988,swap,notBad
3606,7,16766.699999999997,7,16708.099999999988,move,improve
3607,7,16766.699999999997,7,16708.099999999988,swap,notBad
3608,7,16782.299999999996,7,16708.099999999988,swap,acceptBad
3609,7,16782.299999999996,7,16708.099999999988,move,improve
3610,7,16782.299999999996,7,16708.099999999988,swap,notBad
3611,7,16782.299999999996,7,16708.099999999988,move,improve
3612,7,16782.299999999996,7,16708.099999999988,swap,notBad
3613,7,16782.299999999996,7,16708.099999999988,move,improve
3614,7,16782.299999999996,7,16708.099999999988,move,improve
3615,7,16782.299999999996,7,16708.099999999988,2opt,notBad
3616,7,16782.299999999996,7,16708.099999999988,move,improve
3617,7,16782.299999999996,7,16708.099999999988,swap,notBad
3618,7,16782.299999999996,7,16708.099999999988,swap,notBad
3619,7,16782.299999999996,7,16708.099999999988,swap,notBad
3620,7,16782.299999999996,7,16708.099999999988,2opt,notBad
3621,7,16782.299999999996,7,16708.099999999988,move,improve
3622,7,16782.299999999996,7,16708.099999999988,move,improve
3623,7,16782.299999999996,7,16708.099999999988,swap,notBad
3624,7,16782.299999999996,7,16708.099999999988,2opt,notBad
3625,7,16782.299999999996,7,16708.099999999988,swap,notBad
3626,7,16782.299999999996,7,16708.099999999988,2opt,notBad
3627,7,16782.299999999996,7,16708.099999999988,swap,notBad
3628,7,16782.3,7,16708.099999999988,2opt,acceptBad
3629,7,16782.3,7,16708.099999999988,2opt,notBad
3630,7,16782.3,7,16708.099999999988,move,improve
3631,7,16782.3,7,16708.099999999988,2opt,notBad
3632,7,16782.3,7,16708.099999999988,swap,notBad
3633,7,16782.3,7,16708.099999999988,move,improve
3634,7,16787.9,7,16708.099999999988,swap,acceptBad
3635,7,16787.9,7,16708.099999999988,swap,notBad
3636,7,16787.9,7,16708.099999999988,swap,notBad
3637,7,16787.9,7,16708.099999999988,move,improve
3638,7,16787.9,7,16708.099999999988,move,improve
3639,7,16787.9,7,16708.099999999988,swap,notBad
3640,7,16772.3,7,16708.099999999988,move,improve
3641,7,16772.3,7,16708.099999999988,2opt,notBad
3642,7,16772.3,7,16708.099999999988,swap,notBad
3643,7,16772.3,7,16708.099999999988,2opt,notBad
3644,7,16772.3,7,16708.099999999988,2opt,notBad
3645,7,16772.3,7,16708.099999999988,2opt,notBad
3646,7,16772.3,7,16708.099999999988,move,improve
3647,7,16772.3,7,16708.099999999988,move,improve
3648,7,16772.3,7,16708.099999999988,2opt,notBad
3649,7,16794.7,7,16708.099999999988,move,acceptBad
3650,7,16794.7,7,16708.099999999988,swap,notBad
3651,7,16794.7,7,16708.099999999988,2opt,notBad
3652,7,16794.7,7,16708.099999999988,swap,notBad
3653,7,16794.7,7,16708.099999999988,move,improve
3654,7,16794.7,7,16708.099999999988,2opt,notBad
3655,7,16794.7,7,16708.099999999988,move,improve
3656,7,16794.7,7,16708.099999999988,move,improve
3657,7,16794.7,7,16708.099999999988,2opt,notBad
3658,7,16794.7,7,16708.099999999988,move,improve
3659,7,16794.7,7,16708.099999999988,2opt,notBad
3660,7,16794.7,7,16708.099999999988,swap,notBad
3661,7,16794.7,7,16708.099999999988,swap,notBad
3662,7,16794.7,7,16708.099999999988,move,improve
3663,7,16794.7,7,16708.099999999988,move,improve
3664,7,16794.7,7,16708.099999999988,move,improve
3665,7,16794.7,7,16708.099999999988,move,improve
3666,7,16741.100000000002,7,16708.099999999988,move,improve
3667,7,16741.100000000002,7,16708.099999999988,move,improve
3668,7,16741.100000000002,7,16708.099999999988,move,improve
3669,7,16741.100000000002,7,16708.099999999988,2opt,notBad
3670,7,16741.100000000002,7,16708.099999999988,2opt,notBad
3671,7,16741.100000000002,7,16708.099999999988,swap,notBad
3672,7,16741.100000000002,7,16708.099999999988,2opt,notBad
3673,7,16741.100000000002,7,16708.099999999988,2opt,notBad
3674,7,16741.100000000002,7,16708.099999999988,2opt,notBad
3675,7,16741.100000000002,7,16708.099999999988,swap,notBad
3676,7,16741.100000000002,7,16708.099999999988,2opt,notBad
3677,7,16741.100000000002,7,16708.099999999988,swap,notBad
3678,7,16741.100000000002,7,16708.099999999988,2opt,notBad
3679,7,16741.100000000002,7,16708.099999999988,2opt,notBad
3680,7,16741.100000000002,7,16708.099999999988,move,improve
3681,7,16741.100000000002,7,16708.099999999988,2opt,notBad
3682,7,16741.100000000002,7,16708.099999999988,2opt,notBad
3683,7,16741.100000000002,7,16708.099999999988,move,improve
3684,7,16741.100000000002,7,16708.099999999988,2opt,improve
3685,7,16741.100000000002,7,16708.099999999988,2opt,notBad
3686,7,16741.100000000002,7,16708.099999999988,2opt,notBad
3687,7,16741.100000000002,7,16708.099999999988,2opt,notBad
3688,7,16741.100000000002,7,16708.099999999988,swap,notBad
3689,7,16741.100000000002,7,16708.099999999988,2opt,notBad
3690,7,16741.100000000002,7,16708.099999999988,swap,notBad
3691,7,16741.100000000002,7,16708.099999999988,2opt,notBad
3692,7,16741.100000000002,7,16708.099999999988,swap,notBad
3693,7,16741.100000000002,7,16708.099999999988,2opt,notBad
3694,7,16741.100000000002,7,16708.099999999988,2opt,notBad
3695,7,16741.100000000002,7,16708.099999999988,2opt,notBad
3696,7,16741.100000000002,7,16708.099999999988,move,improve
3697,7,16741.100000000002,7,16708.099999999988,2opt,improve
3698,7,16741.100000000002,7,16708.099999999988,2opt,notBad
3699,7,16741.100000000002,7,16708.099999999988,swap,notBad
3700,7,16741.100000000002,7,16708.099999999988,swap,notBad
3701,7,16741.100000000002,7,16708.099999999988,move,improve
3702,7,16735.5,7,16708.099999999988,move,improve
3703,7,16735.5,7,16708.099999999988,move,improve
3704,7,16735.5,7,16708.099999999988,2opt,notBad
3705,7,16735.5,7,16708.099999999988,swap,notBad
3706,7,16735.5,7,16708.099999999988,2opt,notBad
3707,7,16735.5,7,16708.099999999988,swap,notBad
3708,7,16735.5,7,16708.099999999988,move,improve
3709,7,16735.5,7,16708.099999999988,move,improve
3710,7,16735.5,7,16708.099999999988,2opt,notBad
3711,7,16735.5,7,16708.099999999988,move,improve
3712,7,16713.100000000002,7,16708.099999999988,move,improve
3713,7,16754.600000000002,7,16708.099999999988,swap,acceptBad
3714,7,16754.600000000002,7,16708.099999999988,swap,notBad
3715,7,16754.600000000002,7,16708.099999999988,move,improve
3716,7,16754.600000000002,7,16708.099999999988,move,improve
3717,7,16754.600000000002,7,16708.099999999988,move,improve
3718,7,16754.600000000002,7,16708.099999999988,swap,notBad
3719,7,16761.400000000005,7,16708.099999999988,swap,acceptBad
3720,7,16761.400000000005,7,16708.099999999988,2opt,notBad
3721,7,16761.400000000005,7,16708.099999999988,swap,notBad
3722,7,16761.400000000005,7,16708.099999999988,swap,notBad
3723,7,16761.400000000005,7,16708.099999999988,2opt,notBad
3724,7,16747.200000000004,7,16708.099999999988,swap,improve
3725,7,16747.200000000004,7,16708.099999999988,move,improve
3726,7,16747.200000000004,7,16708.099999999988,2opt,notBad
3727,7,16747.200000000004,7,16708.099999999988,swap,notBad
3728,7,16747.200000000004,7,16708.099999999988,swap,notBad
3729,7,16747.200000000004,7,16708.099999999988,2opt,notBad
3730,7,16747.200000000004,7,16708.099999999988,move,improve
3731,7,16747.200000000004,7,16708.099999999988,swap,notBad
3732,7,16747.200000000004,7,16708.099999999988,move,improve
3733,7,16747.200000000004,7,16708.099999999988,move,improve
3734,7,16721.100000000002,7,16708.099999999988,move,improve
3735,7,16721.100000000002,7,16708.099999999988,2opt,notBad
3736,7,16721.100000000002,7,16708.099999999988,2opt,notBad
3737,7,16721.100000000002,7,16708.099999999988,move,improve
3738,7,16721.100000000002,7,16708.099999999988,2opt,notBad
3739,7,16721.100000000002,7,16708.099999999988,2opt,notBad
3740,7,16717.600000000002,7,16708.099999999988,move,improve
3741,7,16717.600000000002,7,16708.099999999988,swap,notBad
3742,7,16717.600000000002,7,16708.099999999988,swap,notBad
3743,7,16717.600000000002,7,16708.099999999988,2opt,notBad
3744,7,16717.600000000002,7,16708.099999999988,move,improve
3745,7,16717.600000000002,7,16708.099999999988,2opt,notBad
3746,7,16717.600000000002,7,16708.099999999988,move,improve
3747,7,16717.600000000002,7,16708.099999999988,swap,notBad
3748,7,16717.600000000002,7,16708.099999999988,2opt,notBad
3749,7,16717.600000000002,7,16708.099999999988,move,improve
3750,7,16717.600000000002,7,16708.099999999988,move,improve
3751,7,16717.600000000002,7,16708.099999999988,swap,notBad
3752,7,16717.600000000002,7,16708.099999999988,swap,notBad
3753,7,16717.600000000002,7,16708.099999999988,move,improve
3754,7,16717.600000000002,7,16708.099999999988,move,improve
3755,7,16717.600000000002,7,16708.099999999988,swap,notBad
3756,7,16721.399999999998,7,16708.099999999988,2opt,acceptBad
3757,7,16721.399999999998,7,16708.099999999988,swap,notBad
3758,7,16721.399999999998,7,16708.099999999988,move,improve
3759,7,16721.399999999998,7,16708.099999999988,2opt,notBad
3760,7,16721.399999999998,7,16708.099999999988,move,improve
3761,7,16721.399999999998,7,16708.099999999988,move,improve
3762,7,16721.399999999998,7,16708.099999999988,swap,notBad
3763,7,16721.399999999998,7,16708.099999999988,move,improve
3764,7,16721.399999999998,7,16708.099999999988,swap,notBad
3765,7,16721.399999999998,7,16708.099999999988,2opt,notBad
3766,7,16721.399999999998,7,16708.099999999988,swap,notBad
3767,7,16721.399999999998,7,16708.099999999988,swap,notBad
3768,7,16721.399999999998,7,16708.099999999988,move,improve
3769,7,16721.399999999998,7,16708.099999999988,swap,notBad
3770,7,16721.399999999998,7,16708.099999999988,move,improve
3771,7,16717.6,7,16708.099999999988,move,improve
3772,7,16717.6,7,16708.099999999988,move,improve
3773,7,16717.6,7,16708.099999999988,swap,notBad
3774,7,16717.600000000002,7,16708.099999999988,2opt,acceptBad
3775,7,16717.600000000002,7,16708.099999999988,move,improve
3776,7,16717.600000000002,7,16708.099999999988,move,improve
3777,7,16717.600000000002,7,16708.099999999988,swap,notBad
3778,7,16717.600000000002,7,16708.099999999988,2opt,improve
3779,7,16717.600000000002,7,16708.099999999988,swap,notBad
3780,7,16717.600000000002,7,16708.099999999988,2opt,notBad
3781,7,16717.600000000002,7,16708.099999999988,2opt,notBad
3782,7,16717.600000000002,7,16708.099999999988,move,improve
3783,7,16717.600000000002,7,16708.099999999988,swap,notBad
3784,7,16717.600000000002,7,16708.099999999988,swap,notBad
3785,7,16717.600000000002,7,16708.099999999988,move,improve
3786,7,16717.600000000002,7,16708.099999999988,2opt,notBad
3787,7,16717.600000000002,7,16708.099999999988,2opt,notBad
3788,7,16717.600000000002,7,16708.099999999988,move,improve
3789,7,16767.000000000004,7,16708.099999999988,swap,acceptBad
3790,7,16767.000000000004,7,16708.099999999988,2opt,notBad
3791,7,16767.000000000004,7,16708.099999999988,swap,notBad
3792,7,16767.000000000004,7,16708.099999999988,swap,notBad
3793,7,16767.000000000004,7,16708.099999999988,swap,notBad
3794,7,16767.000000000004,7,16708.099999999988,move,improve
3795,7,16767.000000000004,7,16708.099999999988,move,improve
3796,7,16767.000000000004,7,16708.099999999988,move,improve
3797,7,16767.000000000004,7,16708.099999999988,swap,notBad
3798,7,16767.000000000004,7,16708.099999999988,2opt,notBad
3799,7,16767.000000000004,7,16708.099999999988,2opt,notBad
3800,7,16767.000000000004,7,16708.099999999988,swap,notBad
3801,7,16767.000000000004,7,16708.099999999988,move,improve
3802,7,16767.000000000004,7,16708.099999999988,swap,notBad
3803,7,16767.000000000004,7,16708.099999999988,move,improve
3804,7,16767.000000000004,7,16708.099999999988,swap,notBad
3805,7,16767.000000000004,7,16708.099999999988,move,improve
3806,7,16767.000000000004,7,16708.099999999988,2opt,notBad
3807,7,16767.000000000004,7,16708.099999999988,move,improve
3808,7,16767.000000000004,7,16708.099999999988,move,improve
3809,7,16767.000000000004,7,16708.099999999988,move,improve
3810,7,16767.000000000004,7,16708.099999999988,2opt,notBad
3811,7,16767.000000000004,7,16708.099999999988,2opt,notBad
3812,7,16767.000000000004,7,16708.099999999988,swap,notBad
3813,7,16767.000000000004,7,16708.099999999988,swap,notBad
3814,7,16776.8,7,16708.099999999988,swap,acceptBad
3815,7,16776.8,7,16708.099999999988,swap,notBad
3816,7,16776.8,7,16708.099999999988,move,improve
3817,7,16776.8,7,16708.099999999988,move,improve
3818,7,16843.399999999998,7,16708.099999999988,swap,acceptBad
3819,7,16813.3,7,16708.099999999988,move,improve
3820,7,16813.3,7,16708.099999999988,swap,notBad
3821,7,16813.3,7,16708.099999999988,swap,notBad
3822,7,16813.3,7,16708.099999999988,swap,notBad
3823,7,16813.3,7,16708.099999999988,move,improve
3824,7,16813.3,7,16708.099999999988,2opt,notBad
3825,7,16813.3,7,16708.099999999988,move,improve
3826,7,16813.3,7,16708.099999999988,2opt,notBad
3827,7,16813.3,7,16708.099999999988,swap,notBad
3828,7,16813.3,7,16708.099999999988,swap,notBad
3829,7,16813.3,7,16708.099999999988,move,improve
3830,7,16813.3,7,16708.099999999988,move,improve
3831,7,16813.3,7,16708.099999999988,2opt,notBad
3832,7,16813.3,7,16708.099999999988,move,improve
3833,7,16813.3,7,16708.099999999988,swap,notBad
3834,7,16813.3,7,16708.099999999988,swap,notBad
3835,7,16813.3,7,16708.099999999988,swap,notBad
3836,7,16813.3,7,16708.099999999988,2opt,notBad
3837,7,16813.3,7,16708.099999999988,2opt,notBad
3838,7,16813.3,7,16708.099999999988,2opt,notBad
3839,7,16813.3,7,16708.099999999988,swap,notBad
3840,7,16813.3,7,16708.099999999988,2opt,notBad
3841,7,16813.3,7,16708.099999999988,2opt,notBad
3842,7,16813.3,7,16708.099999999988,swap,notBad
3843,7,16813.3,7,16708.099999999988,swap,notBad
3844,7,16813.3,7,16708.099999999988,swap,notBad
3845,7,16813.3,7,16708.099999999988,swap,notBad
3846,7,16813.3,7,16708.099999999988,swap,notBad
3847,7,16813.3,7,16708.099999999988,2opt,notBad
3848,7,16813.3,7,16708.099999999988,move,improve
3849,7,16813.3,7,16708.099999999988,move,improve
3850,7,16813.3,7,16708.099999999988,move,improve
3851,7,16813.3,7,16708.099999999988,2opt,notBad
3852,7,16813.3,7,16708.099999999988,move,improve
3853,7,16813.3,7,16708.099999999988,move,improve
3854,7,16813.3,7,16708.099999999988,swap,notBad
3855,7,16813.3,7,16708.099999999988,2opt,notBad
3856,7,16813.3,7,16708.099999999988,swap,notBad
3857,7,16813.3,7,16708.099999999988,swap,notBad
3858,7,16813.3,7,16708.099999999988,2opt,notBad
3859,7,16813.3,7,16708.099999999988,swap,notBad
3860,7,16813.3,7,16708.099999999988,move,improve
3861,7,16813.3,7,16708.099999999988,2opt,notBad
3862,7,16813.3,7,16708.099999999988,move,improve
3863,7,16813.3,7,16708.099999999988,2opt,notBad
3864,7,16813.3,7,16708.099999999988,2opt,improve
3865,7,16825.1,7,16708.099999999988,2opt,acceptBad
3866,7,16825.1,7,16708.099999999988,swap,notBad
3867,7,16825.1,7,16708.099999999988,move,improve
3868,7,16825.1,7,16708.099999999988,swap,notBad
3869,7,16825.1,7,16708.099999999988,swap,notBad
3870,7,16825.1,7,16708.099999999988,move,improve
3871,7,16825.1,7,16708.099999999988,2opt,notBad
3872,7,16825.1,7,16708.099999999988,2opt,notBad
3873,7,16821.799999999996,7,16708.099999999988,move,improve
3874,7,16821.799999999996,7,16708.099999999988,move,improve
3875,7,16821.799999999996,7,16708.099999999988,swap,notBad
3876,7,16821.799999999996,7,16708.099999999988,swap,notBad
3877,7,16821.799999999996,7,16708.099999999988,2opt,notBad
3878,7,16821.799999999996,7,16708.099999999988,swap,notBad
3879,7,16821.799999999996,7,16708.099999999988,swap,notBad
3880,7,16821.799999999996,7,16708.099999999988,2opt,notBad
3881,7,16821.799999999996,7,16708.099999999988,2opt,notBad
3882,7,16778.699999999997,7,16708.099999999988,move,improve
3883,7,16778.699999999997,7,16708.099999999988,move,improve
3884,7,16778.699999999997,7,16708.099999999988,2opt,notBad
3885,7,16778.699999999997,7,16708.099999999988,swap,notBad
3886,7,16778.699999999997,7,16708.099999999988,2opt,notBad
3887,7,16778.699999999997,7,16708.099999999988,2opt,notBad
3888,7,16778.699999999997,7,16708.099999999988,move,improve
3889,7,16793.299999999996,7,16708.099999999988,swap,acceptBad
3890,7,16793.299999999996,7,16708.099999999988,move,improve
3891,7,16793.299999999996,7,16708.099999999988,2opt,notBad
3892,7,16793.299999999996,7,16708.099999999988,2opt,improve
3893,7,16793.299999999996,7,16708.099999999988,swap,notBad
3894,6,16698.1,6,16698.1,move,newBest
3895,6,16698.1,6,16698.1,swap,notBad
3896,6,16698.1,6,16698.1,2opt,notBad
3897,6,16698.1,6,16698.1,swap,notBad
3898,6,16697.699999999997,6,16697.699999999997,move,newBest
3899,6,16626.399999999994,6,16626.399999999994,move,newBest
3900,6,16626.399999999994,6,16626.399999999994,move,improve
3901,6,16626.399999999994,6,16626.399999999994,swap,notBad
3902,6,16626.399999999994,6,16626.399999999994,swap,notBad
3903,6,16626.399999999994,6,16626.399999999994,2opt,improve
3904,6,16595.999999999996,6,16595.999999999996,move,newBest
3905,6,16595.999999999996,6,16595.999999999996,move,improve
3906,6,16595.999999999996,6,16595.999999999996,swap,notBad
3907,6,16595.999999999996,6,16595.999999999996,swap,notBad
3908,6,16595.999999999996,6,16595.999999999996,move,improve
3909,6,16595.999999999996,6,16595.999999999996,swap,notBad
3910,6,16595.999999999996,6,16595.999999999996,2opt,notBad
3911,6,16595.999999999996,6,16595.999999999996,2opt,improve
3912,6,16553.3,6,16553.3,move,newBest
3913,6,16572.3,6,16553.3,swap,acceptBad
3914,6,16572.3,6,16553.3,2opt,notBad
3915,6,16572.3,6,16553.3,move,improve
3916,6,16572.3,6,16553.3,swap,notBad
3917,6,16572.3,6,16553.3,move,improve
3918,6,16572.3,6,16553.3,2opt,notBad
3919,6,16572.3,6,16553.3,move,improve
3920,6,16572.3,6,16553.3,2opt,notBad
3921,6,16572.3,6,16553.3,move,improve
3922,6,16572.3,6,16553.3,swap,notBad
3923,6,16572.3,6,16553.3,2opt,notBad
3924,6,16572.3,6,16553.3,move,improve
3925,6,16572.3,6,16553.3,swap,notBad
3926,6,16572.3,6,16553.3,2opt,notBad
3927,6,16572.3,6,16553.3,swap,notBad
3928,6,16572.3,6,16553.3,2opt,notBad
3929,6,16572.3,6,16553.3,move,improve
3930,6,16572.3,6,16553.3,swap,notBad
3931,6,16572.3,6,16553.3,swap,notBad
3932,6,16572.3,6,16553.3,swap,notBad
3933,6,16572.3,6,16553.3,move,improve
3934,6,16572.3,6,16553.3,swap,notBad
3935,6,16572.3,6,16553.3,2opt,notBad
3936,6,16572.3,6,16553.3,swap,notBad
3937,6,16546.199999999997,6,16546.199999999997,move,newBest
3938,6,16546.199999999997,6,16546.199999999997,2opt,notBad
3939,6,16546.199999999997,6,16546.199999999997,move,improve
3940,6,16546.199999999997,6,16546.199999999997,2opt,notBad
3941,6,16546.199999999997,6,16546.199999999997,move,improve
3942,6,16478.5,6,16478.5,move,newBest
3943,6,16478.5,6,16478.5,2opt,notBad
3944,6,16478.5,6,16478.5,2opt,improve
3945,6,16478.5,6,16478.5,move,improve
3946,6,16478.5,6,16478.5,move,improve
3947,6,16478.5,6,16478.5,2opt,notBad
3948,6,16478.5,6,16478.5,2opt,improve
3949,6,16478.5,6,16478.5,move,improve
3950,6,16478.5,6,16478.5,move,improve
3951,6,16478.5,6,16478.5,move,improve
3952,6,16478.5,6,16478.5,swap,notBad
3953,6,16478.5,6,16478.5,swap,notBad
3954,6,16478.5,6,16478.5,swap,notBad
3955,6,16478.5,6,16478.5,2opt,notBad
3956,6,16478.5,6,16478.5,2opt,notBad
3957,6,16478.5,6,16478.5,swap,notBad
3958,6,16478.5,6,16478.5,swap,notBad
3959,6,16478.5,6,16478.5,move,improve
3960,6,16478.5,6,16478.5,move,improve
3961,6,16478.5,6,16478.5,move,improve
3962,6,16478.5,6,16478.5,swap,notBad
3963,6,16478.5,6,16478.5,move,improve
3964,6,16478.5,6,16478.5,2opt,notBad
3965,6,16478.5,6,16478.5,2opt,notBad
3966,6,16478.5,6,16478.5,2opt,notBad
3967,6,16478.5,6,16478.5,swap,notBad
3968,6,16478.5,6,16478.5,swap,notBad
3969,6,16478.5,6,16478.5,swap,notBad
3970,6,16478.5,6,16478.5,move,improve
3971,6,16478.5,6,16478.5,2opt,notBad
3972,6,16487.399999999998,6,16478.5,2opt,acceptBad
3973,6,16487.399999999998,6,16478.5,swap,notBad
3974,6,16487.399999999998,6,16478.5,move,improve
3975,6,16487.399999999998,6,16478.5,2opt,notBad
3976,6,16487.399999999998,6,16478.5,2opt,notBad
3977,6,16487.399999999998,6,16478.5,move,improve
3978,6,16487.399999999998,6,16478.5,move,improve
3979,6,16487.399999999998,6,16478.5,2opt,notBad
3980,6,16487.399999999998,6,16478.5,2opt,notBad
3981,6,16487.399999999998,6,16478.5,swap,notBad
3982,6,16487.399999999998,6,16478.5,swap,notBad
3983,6,16487.399999999998,6,16478.5,move,improve
3984,6,16487.399999999998,6,16478.5,move,improve
3985,6,16487.399999999998,6,16478.5,move,improve
3986,6,16487.399999999998,6,16478.5,2opt,notBad
3987,6,16487.399999999998,6,16478.5,move,improve
3988,6,16487.399999999998,6,16478.5,swap,notBad
3989,6,16487.399999999998,6,16478.5,swap,notBad
3990,6,16487.399999999998,6,16478.5,move,improve
3991,6,16485.1,6,16478.5,move,improve
3992,6,16485.1,6,16478.5,move,improve
3993,6,16485.1,6,16478.5,2opt,notBad
3994,6,16485.1,6,16478.5,move,improve
3995,6,16527.3,6,16478.5,swap,acceptBad
3996,6,16527.3,6,16478.5,2opt,notBad
3997,6,16527.3,6,16478.5,move,improve
3998,6,16527.3,6,16478.5,swap,notBad
3999,6,16527.3,6,16478.5,2opt,notBad
4000,6,16527.3,6,16478.5,2opt,notBad
4001,6,16527.3,6,16478.5,2opt,notBad
4002,6,16527.3,6,16478.5,swap,notBad
4003,6,16527.3,6,16478.5,move,improve
4004,6,16527.3,6,16478.5,2opt,improve
4005,6,16527.3,6,16478.5,swap,notBad
4006,6,16527.3,6,16478.5,swap,notBad
4007,6,16527.3,6,16478.5,2opt,notBad
4008,6,16527.3,6,16478.5,2opt,notBad
4009,6,16527.3,6,16478.5,move,improve
4010,6,16527.3,6,16478.5,2opt,notBad
4011,6,16527.3,6,16478.5,2opt,notBad
4012,6,16527.3,6,16478.5,move,improve
4013,6,16527.3,6,16478.5,move,improve
4014,6,16527.3,6,16478.5,2opt,notBad
4015,6,16527.3,6,16478.5,2opt,notBad
4016,6,16527.3,6,16478.5,2opt,notBad
4017,6,16527.3,6,16478.5,move,improve
4018,6,16548.699999999997,6,16478.5,2opt,acceptBad
4019,6,16548.699999999997,6,16478.5,swap,notBad
4020,6,16548.699999999997,6,16478.5,2opt,notBad
4021,6,16548.699999999997,6,16478.5,move,improve
4022,6,16548.699999999997,6,16478.5,swap,notBad
4023,6,16548.699999999997,6,16478.5,2opt,notBad
4024,6,16548.699999999997,6,16478.5,2opt,improve
4025,6,16548.699999999997,6,16478.5,move,improve
4026,6,16548.699999999997,6,16478.5,2opt,notBad
4027,6,16543.699999999997,6,16478.5,move,improve
4028,6,16543.699999999997,6,16478.5,move,improve
4029,6,16543.699999999997,6,16478.5,2opt,improve
4030,6,16543.699999999997,6,16478.5,2opt,improve
4031,6,16543.699999999997,6,16478.5,move,improve
4032,6,16543.699999999997,6,16478.5,move,improve
4033,6,16543.699999999997,6,16478.5,move,improve
4034,6,16543.699999999997,6,16478.5,2opt,notBad
4035,6,16543.699999999997,6,16478.5,move,improve
4036,6,16543.699999999997,6,16478.5,move,improve
4037,6,16543.699999999997,6,16478.5,move,improve
4038,6,16543.699999999997,6,16478.5,move,improve
4039,6,16543.699999999997,6,16478.5,2opt,notBad
4040,6,16543.699999999997,6,16478.5,2opt,notBad
4041,6,16543.699999999997,6,16478.5,move,improve
4042,6,16543.699999999997,6,16478.5,2opt,notBad
4043,6,16543.699999999997,6,16478.5,swap,notBad
4044,6,16543.699999999997,6,16478.5,2opt,notBad
4045,6,16543.699999999997,6,16478.5,move,improve
4046,6,16543.699999999997,6,16478.5,swap,notBad
4047,6,16543.699999999997,6,16478.5,swap,notBad
4048,6,16543.699999999997,6,16478.5,2opt,notBad
4049,6,16543.699999999997,6,16478.5,2opt,notBad
4050,6,16543.699999999997,6,16478.5,swap,notBad
4051,6,16543.699999999997,6,16478.5,move,improve
4052,6,16543.699999999997,6,16478.5,2opt,notBad
4053,6,16543.699999999997,6,16478.5,move,improve
4054,6,16543.699999999997,6,16478.5,swap,notBad
4055,6,16543.699999999997,6,16478.5,move,improve
4056,6,16543.699999999997,6,16478.5,swap,notBad
4057,6,16543.699999999997,6,16478.5,swap,notBad
4058,6,16552.499999999996,6,16478.5,2opt,acceptBad
4059,6,16552.499999999996,6,16478.5,2opt,notBad
4060,6,16552.499999999996,6,16478.5,move,improve
4061,6,16552.499999999996,6,16478.5,2opt,notBad
4062,6,16552.499999999996,6,16478.5,2opt,notBad
4063,6,16552.499999999996,6,16478.5,move,improve
4064,6,16552.499999999996,6,16478.5,move,improve
4065,6,16552.499999999996,6,16478.5,move,improve
4066,6,16552.499999999996,6,16478.5,move,improve
4067,6,16552.499999999996,6,16478.5,swap,notBad
4068,6,16552.499999999996,6,16478.5,2opt,notBad
4069,6,16552.499999999996,6,16478.5,swap,notBad
4070,6,16552.499999999996,6,16478.5,swap,notBad
4071,6,16552.499999999996,6,16478.5,swap,notBad
4072,6,16552.499999999996,6,16478.5,swap,notBad
4073,6,16552.499999999996,6,16478.5,move,improve
4074,6,16552.499999999996,6,16478.5,move,improve
4075,6,16552.499999999996,6,16478.5,2opt,notBad
4076,6,16552.499999999996,6,16478.5,move,improve
4077,6,16552.499999999996,6,16478.5,move,improve
4078,6,16552.499999999996,6,16478.5,swap,notBad
4079,6,16552.499999999996,6,16478.5,move,improve
4080,6,16552.499999999996,6,16478.5,2opt,notBad
4081,6,16552.499999999996,6,16478.5,swap,notBad
4082,6,16552.499999999996,6,16478.5,move,improve
4083,6,16552.499999999996,6,16478.5,move,improve
4084,6,16552.499999999996,6,16478.5,swap,notBad
4085,6,16552.499999999996,6,16478.5,move,improve
4086,6,16552.499999999996,6,16478.5,2opt,notBad
4087,6,16552.499999999996,6,16478.5,2opt,notBad
4088,6,16552.499999999996,6,16478.5,swap,notBad
4089,6,16552.499999999996,6,16478.5,swap,notBad
4090,6,16552.499999999996,6,16478.5,swap,notBad
4091,6,16552.499999999996,6,16478.5,2opt,notBad
4092,6,16552.499999999996,6,16478.5,2opt,notBad
4093,6,16552.499999999996,6,16478.5,move,improve
4094,6,16552.499999999996,6,16478.5,swap,notBad
4095,6,16552.499999999996,6,16478.5,swap,notBad
4096,6,16552.499999999996,6,16478.5,move,improve
4097,6,16552.499999999996,6,16478.5,2opt,notBad
4098,6,16552.499999999996,6,16478.5,2opt,notBad
4099,6,16568.899999999994,6,16478.5,move,acceptBad
4100,6,16568.899999999994,6,16478.5,swap,notBad
4101,6,16568.899999999994,6,16478.5,2opt,notBad
4102,6,16568.899999999994,6,16478.5,move,improve
4103,6,16571.699999999997,6,16478.5,swap,acceptBad
4104,6,16548.699999999997,6,16478.5,swap,improve
4105,6,16548.699999999997,6,16478.5,move,improve
4106,6,16548.699999999997,6,16478.5,2opt,improve
4107,6,16548.699999999997,6,16478.5,swap,notBad
4108,6,16548.699999999997,6,16478.5,move,improve
4109,6,16548.699999999997,6,16478.5,move,improve
4110,6,16548.699999999997,6,16478.5,swap,notBad
4111,6,16548.699999999997,6,16478.5,2opt,notBad
4112,6,16548.699999999997,6,16478.5,swap,notBad
4113,6,16548.699999999997,6,16478.5,2opt,notBad
4114,6,16548.699999999997,6,16478.5,move,improve
4115,6,16548.699999999997,6,16478.5,2opt,notBad
4116,6,16548.699999999997,6,16478.5,swap,notBad
4117,6,16548.699999999997,6,16478.5,move,improve
4118,6,16548.699999999997,6,16478.5,move,improve
4119,6,16548.699999999997,6,16478.5,2opt,notBad
4120,6,16548.699999999997,6,16478.5,swap,notBad
4121,6,16548.699999999997,6,16478.5,swap,notBad
4122,6,16548.699999999997,6,16478.5,swap,notBad
4123,6,16548.699999999997,6,16478.5,move,improve
4124,6,16548.699999999997,6,16478.5,swap,notBad
4125,6,16548.699999999997,6,16478.5,move,improve
4126,6,16548.699999999997,6,16478.5,swap,notBad
4127,6,16548.699999999997,6,16478.5,2opt,notBad
4128,6,16548.699999999997,6,16478.5,move,improve
4129,6,16548.699999999997,6,16478.5,move,improve
4130,6,16548.699999999997,6,16478.5,2opt,notBad
4131,6,16548.699999999997,6,16478.5,2opt,notBad
4132,6,16548.699999999997,6,16478.5,2opt,notBad
4133,6,16548.699999999997,6,16478.5,swap,notBad
4134,6,16548.699999999997,6,16478.5,swap,notBad
4135,6,16548.699999999997,6,16478.5,move,improve
4136,6,16548.699999999997,6,16478.5,2opt,notBad
4137,6,16548.699999999997,6,16478.5,swap,notBad
4138,6,16548.699999999997,6,16478.5,2opt,notBad
4139,6,16534.499999999993,6,16478.5,move,improve
4140,6,16534.499999999993,6,16478.5,swap,notBad
4141,6,16534.499999999993,6,16478.5,move,improve
4142,6,16534.499999999993,6,16478.5,swap,notBad
4143,6,16534.499999999993,6,16478.5,2opt,notBad
4144,6,16534.499999999993,6,16478.5,swap,notBad
4145,6,16534.499999999993,6,16478.5,move,improve
4146,6,16534.499999999993,6,16478.5,swap,notBad
4147,6,16534.499999999993,6,16478.5,move,improve
4148,6,16534.499999999993,6,16478.5,2opt,notBad
4149,6,16534.499999999993,6,16478.5,move,improve
4150,6,16534.499999999993,6,16478.5,2opt,notBad
4151,6,16534.499999999993,6,16478.5,move,improve
4152,6,16534.499999999993,6,16478.5,move,improve
4153,6,16534.499999999993,6,16478.5,move,improve
4154,6,16534.499999999993,6,16478.5,move,improve
4155,6,16534.5,6,16478.5,2opt,acceptBad
4156,6,16534.5,6,16478.5,2opt,notBad
4157,6,16534.5,6,16478.5,swap,notBad
4158,6,16534.5,6,16478.5,2opt,notBad
4159,6,16534.5,6,16478.5,swap,notBad
4160,6,16534.5,6,16478.5,move,improve
4161,6,16534.5,6,16478.5,swap,notBad
4162,6,16534.5,6,16478.5,2opt,notBad
4163,6,16534.5,6,16478.5,2opt,notBad
4164,6,16534.5,6,16478.5,2opt,notBad
4165,6,16534.5,6,16478.5,swap,notBad
4166,6,16534.5,6,16478.5,swap,notBad
4167,6,16534.5,6,16478.5,swap,notBad
4168,6,16534.5,6,16478.5,2opt,notBad
4169,6,16561.3,6,16478.5,swap,acceptBad
4170,6,16561.3,6,16478.5,move,improve
4171,6,16561.3,6,16478.5,move,improve
4172,6,16561.3,6,16478.5,move,improve
4173,6,16561.3,6,16478.5,2opt,notBad
4174,6,16561.3,6,16478.5,swap,notBad
4175,6,16561.3,6,16478.5,move,improve
4176,6,16561.3,6,16478.5,swap,notBad
4177,6,16561.3,6,16478.5,move,improve
4178,6,16561.3,6,16478.5,move,improve
4179,6,16561.3,6,16478.5,move,improve
4180,6,16561.3,6,16478.5,2opt,notBad
4181,6,16561.3,6,16478.5,move,improve
4182,6,16561.3,6,16478.5,move,improve
4183,6,16561.3,6,16478.5,move,improve
4184,6,16561.3,6,16478.5,2opt,notBad
4185,6,16561.3,6,16478.5,swap,notBad
4186,6,16561.3,6,16478.5,2opt,improve
4187,6,16561.3,6,16478.5,swap,notBad
4188,6,16561.3,6,16478.5,move,improve
4189,6,16561.3,6,16478.5,swap,notBad
4190,6,16561.3,6,16478.5,move,improve
4191,6,16611.399999999998,6,16478.5,swap,acceptBad
4192,6,16611.399999999998,6,16478.5,2opt,notBad
4193,6,16611.399999999998,6,16478.5,swap,notBad
4194,6,16611.399999999998,6,16478.5,swap,notBad
4195,6,16611.399999999998,6,16478.5,2opt,notBad
4196,6,16611.399999999998,6,16478.5,2opt,notBad
4197,6,16611.399999999998,6,16478.5,2opt,notBad
4198,6,16611.399999999998,6,16478.5,swap,notBad
4199,6,16611.399999999998,6,16478.5,move,improve
4200,6,16611.399999999998,6,16478.5,swap,notBad
4201,6,16611.399999999998,6,16478.5,swap,notBad
4202,6,16611.399999999998,6,16478.5,swap,notBad
4203,6,16611.399999999998,6,16478.5,swap,notBad
4204,6,16611.399999999998,6,16478.5,move,improve
4205,6,16611.399999999998,6,16478.5,2opt,notBad
4206,6,16611.399999999998,6,16478.5,2opt,improve
4207,6,16611.399999999998,6,16478.5,swap,notBad
4208,6,16611.399999999998,6,16478.5,2opt,notBad
4209,6,16611.399999999998,6,16478.5,swap,notBad
4210,6,16611.399999999998,6,16478.5,swap,notBad
4211,6,16611.399999999998,6,16478.5,2opt,notBad
4212,6,16611.399999999998,6,16478.5,2opt,notBad
4213,6,16611.399999999998,6,16478.5,move,improve
4214,6,16611.399999999998,6,16478.5,2opt,notBad
4215,6,16611.399999999998,6,16478.5,2opt,notBad
4216,6,16611.399999999998,6,16478.5,swap,notBad
4217,6,16611.399999999998,6,16478.5,move,improve
4218,6,16611.399999999998,6,16478.5,move,improve
4219,6,16611.399999999998,6,16478.5,swap,notBad
4220,6,16611.399999999998,6,16478.5,move,improve
4221,6,16611.399999999998,6,16478.5,move,improve
4222,6,16611.399999999998,6,16478.5,2opt,notBad
4223,6,16611.399999999998,6,16478.5,2opt,notBad
4224,6,16611.399999999998,6,16478.5,move,improve
4225,6,16611.399999999998,6,16478.5,2opt,notBad
4226,6,16611.399999999998,6,16478.5,2opt,improve
4227,6,16611.399999999998,6,16478.5,swap,notBad
4228,6,16643.6,6,16478.5,swap,acceptBad
4229,6,16643.6,6,16478.5,swap,notBad
4230,6,16643.6,6,16478.5,swap,notBad
4231,6,16643.6,6,16478.5,move,improve
4232,6,16643.6,6,16478.5,2opt,improve
4233,6,16643.6,6,16478.5,swap,notBad
4234,6,16643.6,6,16478.5,swap,notBad
4235,6,16643.6,6,16478.5,swap,notBad
4236,6,16643.6,6,16478.5,move,improve
4237,6,16643.6,6,16478.5,2opt,improve
4238,6,16643.6,6,16478.5,2opt,notBad
4239,6,16643.6,6,16478.5,2opt,notBad
4240,6,16643.6,6,16478.5,2opt,notBad
4241,6,16643.6,6,16478.5,2opt,notBad
4242,6,16643.6,6,16478.5,2opt,notBad
4243,6,16643.6,6,16478.5,2opt,notBad
4244,6,16643.6,6,16478.5,move,improve
4245,6,16643.6,6,16478.5,swap,notBad
4246,6,16643.6,6,16478.5,swap,notBad
4247,6,16643.6,6,16478.5,2opt,improve
4248,6,16643.6,6,16478.5,swap,notBad
4249,6,16643.6,6,16478.5,2opt,notBad
4250,6,16643.6,6,16478.5,swap,notBad
4251,6,16643.6,6,16478.5,swap,notBad
4252,6,16643.6,6,16478.5,swap,notBad
4253,6,16643.6,6,16478.5,swap,notBad
4254,6,16643.6,6,16478.5,swap,notBad
4255,6,16643.6,6,16478.5,move,improve
4256,6,16643.6,6,16478.5,move,improve
4257,6,16643.6,6,16478.5,move,improve
4258,6,16643.6,6,16478.5,2opt,notBad
4259,6,16643.6,6,16478.5,swap,notBad
4260,6,16643.6,6,16478.5,swap,notBad
4261,6,16643.6,6,16478.5,swap,notBad
4262,6,16643.6,6,16478.5,2opt,notBad
4263,6,16643.6,6,16478.5,move,improve
4264,6,16643.6,6,16478.5,2opt,improve
4265,6,16643.6,6,16478.5,swap,notBad
4266,6,16643.6,6,16478.5,2opt,notBad
4267,6,16643.6,6,16478.5,move,improve
4268,6,16643.6,6,16478.5,2opt,notBad
4269,6,16643.6,6,16478.5,move,improve
4270,6,16643.6,6,16478.5,swap,notBad
4271,6,16643.6,6,16478.5,swap,notBad
4272,6,16643.6,6,16478.5,2opt,notBad
4273,6,16643.6,6,16478.5,swap,notBad
4274,6,16643.6,6,16478.5,2opt,notBad
4275,6,16643.6,6,16478.5,swap,notBad
4276,6,16643.6,6,16478.5,swap,notBad
4277,6,16643.6,6,16478.5,swap,notBad
4278,6,16643.6,6,16478.5,2opt,notBad
4279,6,16643.6,6,16478.5,move,improve
4280,6,16643.6,6,16478.5,2opt,notBad
4281,6,16572.5,6,16478.5,move,improve
4282,6,16572.5,6,16478.5,2opt,notBad
4283,6,16572.5,6,16478.5,swap,notBad
4284,6,16572.5,6,16478.5,2opt,notBad
4285,6,16572.5,6,16478.5,2opt,notBad
4286,6,16572.5,6,16478.5,2opt,notBad
4287,6,16572.5,6,16478.5,swap,notBad
4288,6,16572.5,6,16478.5,swap,notBad
4289,6,16572.5,6,16478.5,move,improve
4290,6,16572.5,6,16478.5,2opt,improve
4291,6,16572.5,6,16478.5,move,improve
4292,6,16572.5,6,16478.5,2opt,improve
4293,6,16572.5,6,16478.5,swap,notBad
4294,6,16572.5,6,16478.5,2opt,notBad
4295,6,16572.5,6,16478.5,2opt,notBad
4296,6,16572.5,6,16478.5,swap,notBad
4297,6,16572.5,6,16478.5,move,improve
4298,6,16572.5,6,16478.5,swap,notBad
4299,6,16572.5,6,16478.5,swap,notBad
4300,6,16572.5,6,16478.5,2opt,notBad
4301,6,16572.5,6,16478.5,swap,notBad
4302,6,16572.5,6,16478.5,swap,notBad
4303,6,16572.5,6,16478.5,2opt,notBad
4304,6,16572.5,6,16478.5,2opt,notBad
4305,6,16572.5,6,16478.5,2opt,notBad
4306,6,16572.5,6,16478.5,move,improve
4307,6,16572.5,6,16478.5,2opt,notBad
4308,6,16572.5,6,16478.5,swap,notBad
4309,6,16572.5,6,16478.5,swap,notBad
4310,6,16572.5,6,16478.5,swap,notBad
4311,6,16572.5,6,16478.5,move,improve
4312,6,16572.5,6,16478.5,2opt,improve
4313,6,16572.5,6,16478.5,move,improve
4314,6,16579.299999999996,6,16478.5,swap,acceptBad
4315,6,16579.299999999996,6,16478.5,swap,notBad
4316,6,16579.299999999996,6,16478.5,move,improve
4317,6,16579.299999999996,6,16478.5,move,improve
4318,6,16556.999999999996,6,16478.5,swap,improve
4319,6,16556.999999999996,6,16478.5,2opt,notBad
4320,6,16556.999999999996,6,16478.5,2opt,notBad
4321,6,16556.999999999996,6,16478.5,swap,notBad
4322,6,16556.999999999996,6,16478.5,2opt,notBad
4323,6,16556.999999999996,6,16478.5,2opt,notBad
4324,6,16556.999999999996,6,16478.5,swap,notBad
4325,6,16556.999999999996,6,16478.5,2opt,notBad
4326,6,16556.999999999996,6,16478.5,2opt,notBad
4327,6,16556.999999999996,6,16478.5,swap,notBad
4328,6,16556.999999999996,6,16478.5,2opt,notBad
4329,6,16556.999999999996,6,16478.5,2opt,notBad
4330,6,16556.999999999996,6,16478.5,swap,notBad
4331,6,16556.999999999996,6,16478.5,2opt,notBad
4332,6,16556.999999999996,6,16478.5,move,improve
4333,6,16556.999999999996,6,16478.5,move,improve
4334,6,16501.299999999996,6,16478.5,move,improve
4335,6,16501.299999999996,6,16478.5,2opt,notBad
4336,6,16501.299999999996,6,16478.5,2opt,notBad
4337,6,16501.299999999996,6,16478.5,swap,notBad
4338,6,16501.299999999996,6,16478.5,move,improve
4339,6,16501.299999999996,6,16478.5,2opt,notBad
4340,6,16501.299999999996,6,16478.5,move,improve
4341,6,16501.299999999996,6,16478.5,2opt,notBad
4342,6,16501.299999999996,6,16478.5,swap,notBad
4343,6,16501.299999999996,6,16478.5,move,improve
4344,6,16501.299999999996,6,16478.5,swap,notBad
4345,6,16501.299999999996,6,16478.5,move,improve
4346,6,16501.299999999996,6,16478.5,2opt,notBad
4347,6,16501.299999999996,6,16478.5,move,improve
4348,6,16501.299999999996,6,16478.5,move,improve
4349,6,16501.299999999996,6,16478.5,2opt,notBad
4350,6,16501.299999999996,6,16478.5,2opt,notBad
4351,6,16501.299999999996,6,16478.5,move,improve
4352,6,16501.299999999996,6,16478.5,2opt,notBad
4353,6,16501.299999999996,6,16478.5,move,improve
4354,6,16501.299999999996,6,16478.5,2opt,notBad
4355,6,16494.5,6,16478.5,move,improve
4356,6,16494.5,6,16478.5,2opt,notBad
4357,6,16494.5,6,16478.5,move,improve
4358,6,16494.5,6,16478.5,swap,notBad
4359,6,16494.5,6,16478.5,swap,notBad
4360,6,16494.5,6,16478.5,move,improve
4361,6,16494.5,6,16478.5,move,improve
4362,6,16494.5,6,16478.5,move,improve
4363,6,16494.5,6,16478.5,move,improve
4364,6,16494.5,6,16478.5,swap,notBad
4365,6,16494.5,6,16478.5,2opt,notBad
4366,6,16494.5,6,16478.5,move,improve
4367,6,16494.5,6,16478.5,swap,notBad
4368,6,16494.5,6,16478.5,2opt,notBad
4369,6,16494.5,6,16478.5,swap,notBad
4370,6,16494.5,6,16478.5,2opt,notBad
4371,6,16494.5,6,16478.5,swap,notBad
4372,6,16494.5,6,16478.5,move,improve
4373,6,16494.5,6,16478.5,move,improve
4374,6,16494.5,6,16478.5,swap,notBad
4375,6,16494.5,6,16478.5,2opt,notBad
4376,6,16494.5,6,16478.5,swap,notBad
4377,6,16494.5,6,16478.5,move,improve
4378,6,16494.5,6,16478.5,2opt,notBad
4379,6,16494.5,6,16478.5,move,improve
4380,6,16494.5,6,16478.5,swap,notBad
4381,6,16494.5,6,16478.5,move,improve
4382,6,16494.5,6,16478.5,move,improve
4383,6,16494.5,6,16478.5,swap,notBad
4384,6,16494.5,6,16478.5,swap,notBad
4385,6,16494.5,6,16478.5,move,improve
4386,6,16494.5,6,16478.5,move,improve
4387,6,16522.1,6,16478.5,move,acceptBad
4388,6,16522.1,6,16478.5,move,improve
4389,6,16522.1,6,16478.5,move,improve
4390,6,16522.1,6,16478.5,move,improve
4391,6,16522.1,6,16478.5,2opt,notBad
4392,6,16522.1,6,16478.5,move,improve
4393,6,16522.1,6,16478.5,swap,notBad
4394,6,16522.1,6,16478.5,swap,notBad
4395,6,16522.1,6,16478.5,move,improve
4396,6,16522.1,6,16478.5,swap,notBad
4397,6,16522.1,6,16478.5,2opt,notBad
4398,6,16522.1,6,16478.5,swap,notBad
4399,6,16527.1,6,16478.5,swap,acceptBad
4400,6,16527.1,6,16478.5,swap,notBad
4401,6,16527.1,6,16478.5,2opt,notBad
4402,6,16527.1,6,16478.5,move,improve
4403,6,16527.1,6,16478.5,move,improve
4404,6,16527.1,6,16478.5,swap,notBad
4405,6,16527.1,6,16478.5,2opt,notBad
4406,6,16527.1,6,16478.5,2opt,notBad
4407,6,16527.1,6,16478.5,2opt,improve
4408,6,16527.1,6,16478.5,2opt,notBad
4409,6,16527.1,6,16478.5,2opt,notBad
4410,6,16527.1,6,16478.5,swap,notBad
4411,6,16527.1,6,16478.5,swap,notBad
4412,6,16527.1,6,16478.5,swap,notBad
4413,6,16527.1,6,16478.5,move,improve
4414,6,16527.1,6,16478.5,2opt,notBad
4415,6,16527.1,6,16478.5,swap,notBad
4416,6,16527.1,6,16478.5,2opt,notBad
4417,6,16527.1,6,16478.5,swap,notBad
4418,6,16527.1,6,16478.5,move,improve
4419,6,16527.1,6,16478.5,move,improve
4420,6,16527.1,6,16478.5,move,improve
4421,6,16527.1,6,16478.5,2opt,notBad
4422,6,16527.1,6,16478.5,move,improve
4423,6,16527.1,6,16478.5,move,improve
4424,6,16527.1,6,16478.5,2opt,notBad
4425,6,16527.1,6,16478.5,swap,notBad
4426,6,16527.1,6,16478.5,swap,notBad
4427,6,16527.1,6,16478.5,swap,notBad
4428,6,16527.1,6,16478.5,2opt,notBad
4429,6,16527.1,6,16478.5,move,improve
4430,6,16527.1,6,16478.5,move,improve
4431,6,16527.1,6,16478.5,move,improve
4432,6,16527.1,6,16478.5,move,improve
4433,6,16527.1,6,16478.5,2opt,notBad
4434,6,16527.1,6,16478.5,2opt,notBad
4435,6,16527.1,6,16478.5,swap,notBad
4436,6,16527.1,6,16478.5,move,improve
4437,6,16527.1,6,16478.5,2opt,notBad
4438,6,16527.1,6,16478.5,move,improve
4439,6,16527.1,6,16478.5,2opt,notBad
4440,6,16527.1,6,16478.5,swap,notBad
4441,6,16527.1,6,16478.5,move,improve
4442,6,16527.1,6,16478.5,2opt,improve
4443,6,16527.1,6,16478.5,swap,notBad
4444,6,16527.1,6,16478.5,move,improve
4445,6,16527.1,6,16478.5,swap,notBad
4446,6,16527.1,6,16478.5,move,improve
4447,6,16527.1,6,16478.5,2opt,notBad
4448,6,16527.1,6,16478.5,2opt,notBad
4449,6,16527.1,6,16478.5,swap,notBad
4450,6,16533.899999999998,6,16478.5,swap,acceptBad
4451,6,16533.899999999998,6,16478.5,2opt,notBad
4452,6,16533.899999999998,6,16478.5,move,improve
4453,6,16533.899999999998,6,16478.5,2opt,notBad
4454,6,16533.899999999998,6,16478.5,2opt,notBad
4455,6,16533.899999999998,6,16478.5,move,improve
4456,6,16533.899999999998,6,16478.5,swap,notBad
4457,6,16533.899999999998,6,16478.5,2opt,notBad
4458,6,16533.899999999998,6,16478.5,2opt,notBad
4459,6,16533.899999999998,6,16478.5,swap,notBad
4460,6,16533.899999999998,6,16478.5,2opt,notBad
4461,6,16527.1,6,16478.5,move,improve
4462,6,16527.1,6,16478.5,move,improve
4463,6,16527.1,6,16478.5,2opt,notBad
4464,6,16527.1,6,16478.5,swap,notBad
4465,6,16500.399999999998,6,16478.5,move,improve
4466,6,16500.399999999998,6,16478.5,swap,notBad
4467,6,16500.399999999998,6,16478.5,2opt,notBad
4468,6,16500.399999999998,6,16478.5,move,improve
4469,6,16500.399999999998,6,16478.5,2opt,notBad
4470,6,16500.399999999998,6,16478.5,move,improve
4471,6,16500.399999999998,6,16478.5,2opt,notBad
4472,6,16500.399999999998,6,16478.5,2opt,notBad
4473,6,16500.399999999998,6,16478.5,swap,notBad
4474,6,16500.399999999998,6,16478.5,swap,notBad
4475,6,16500.399999999998,6,16478.5,2opt,notBad
4476,6,16500.399999999998,6,16478.5,swap,notBad
4477,6,16500.399999999998,6,16478.5,move,improve
4478,6,16500.399999999998,6,16478.5,2opt,notBad
4479,6,16500.399999999998,6,16478.5,2opt,improve
4480,6,16500.399999999998,6,16478.5,2opt,notBad
4481,6,16500.399999999998,6,16478.5,move,improve
4482,6,16478.6,6,16478.5,move,improve
4483,6,16493.199999999997,6,16478.5,swap,acceptBad
4484,6,16493.199999999997,6,16478.5,swap,notBad
4485,6,16493.199999999997,6,16478.5,2opt,notBad
4486,6,16493.199999999997,6,16478.5,2opt,notBad
4487,6,16493.199999999997,6,16478.5,swap,notBad
4488,6,16493.199999999997,6,16478.5,swap,notBad
4489,6,16493.199999999997,6,16478.5,move,improve
4490,6,16488.199999999997,6,16478.5,move,improve
4491,6,16488.199999999997,6,16478.5,swap,notBad
4492,6,16488.199999999997,6,16478.5,swap,notBad
4493,6,16488.199999999997,6,16478.5,swap,notBad
4494,6,16488.199999999997,6,16478.5,swap,notBad
4495,6,16488.199999999997,6,16478.5,swap,notBad
4496,6,16488.199999999997,6,16478.5,2opt,notBad
4497,6,16488.199999999997,6,16478.5,swap,notBad
4498,6,16488.199999999997,6,16478.5,2opt,notBad
4499,6,16488.199999999997,6,16478.5,2opt,notBad
4500,6,16488.199999999997,6,16478.5,swap,notBad
4501,6,16489.199999999997,6,16478.5,swap,acceptBad
4502,6,16489.199999999997,6,16478.5,2opt,improve
4503,6,16489.199999999997,6,16478.5,swap,notBad
4504,6,16489.199999999997,6,16478.5,move,improve
4505,6,16489.199999999997,6,16478.5,swap,notBad
4506,6,16489.199999999997,6,16478.5,2opt,improve
4507,6,16489.199999999997,6,16478.5,swap,notBad
4508,6,16489.199999999997,6,16478.5,move,improve
4509,6,16489.199999999997,6,16478.5,swap,notBad
4510,6,16489.199999999997,6,16478.5,move,improve
4511,6,16489.199999999997,6,16478.5,swap,notBad
4512,6,16489.199999999997,6,16478.5,move,improve
4513,6,16489.199999999997,6,16478.5,2opt,notBad
4514,6,16489.199999999997,6,16478.5,move,improve
4515,6,16489.199999999997,6,16478.5,move,improve
4516,6,16489.199999999997,6,16478.5,swap,notBad
4517,6,16489.199999999997,6,16478.5,2opt,notBad
4518,6,16489.199999999997,6,16478.5,move,improve
4519,6,16489.199999999997,6,16478.5,move,improve
4520,6,16489.199999999997,6,16478.5,2opt,notBad
4521,6,16489.199999999997,6,16478.5,2opt,notBad
4522,6,16489.199999999997,6,16478.5,2opt,notBad
4523,6,16489.199999999997,6,16478.5,swap,notBad
4524,6,16489.199999999997,6,16478.5,move,improve
4525,6,16489.199999999997,6,16478.5,move,improve
4526,6,16489.199999999997,6,16478.5,2opt,notBad
4527,6,16489.199999999997,6,16478.5,move,improve
4528,6,16488.199999999997,6,16478.5,move,improve
4529,6,16488.199999999997,6,16478.5,swap,notBad
4530,6,16488.199999999997,6,16478.5,swap,notBad
4531,6,16488.199999999997,6,16478.5,swap,notBad
4532,6,16488.199999999997,6,16478.5,move,improve
4533,6,16488.199999999997,6,16478.5,move,improve
4534,6,16488.199999999997,6,16478.5,move,improve
4535,6,16488.199999999997,6,16478.5,2opt,notBad
4536,6,16488.199999999997,6,16478.5,swap,notBad
4537,6,16488.199999999997,6,16478.5,swap,notBad
4538,6,16488.199999999997,6,16478.5,swap,notBad
4539,6,16488.199999999997,6,16478.5,2opt,notBad
4540,6,16488.199999999997,6,16478.5,swap,notBad
4541,6,16491.9,6,16478.5,2opt,acceptBad
4542,6,16491.9,6,16478.5,move,improve
4543,6,16477.3,6,16477.3,move,newBest
4544,6,16477.3,6,16477.3,move,improve
4545,6,16477.3,6,16477.3,swap,notBad
4546,6,16477.3,6,16477.3,swap,improve
4547,6,16477.3,6,16477.3,move,improve
4548,6,16477.3,6,16477.3,move,improve
4549,6,16477.3,6,16477.3,swap,notBad
4550,6,16477.3,6,16477.3,swap,notBad
4551,6,16477.3,6,16477.3,2opt,notBad
4552,6,16477.3,6,16477.3,swap,notBad
4553,6,16477.3,6,16477.3,2opt,notBad
4554,6,16477.3,6,16477.3,2opt,notBad
4555,6,16477.3,6,16477.3,swap,notBad
4556,6,16477.3,6,16477.3,move,improve
4557,6,16477.3,6,16477.3,swap,notBad
4558,6,16477.3,6,16477.3,2opt,notBad
4559,6,16477.3,6,16477.3,2opt,notBad
4560,6,16477.3,6,16477.3,2opt,notBad
4561,6,16533.3,6,16477.3,move,acceptBad
4562,6,16533.3,6,16477.3,move,improve
4563,6,16533.3,6,16477.3,2opt,notBad
4564,6,16533.3,6,16477.3,2opt,notBad
4565,6,16533.3,6,16477.3,2opt,notBad
4566,6,16533.3,6,16477.3,move,improve
4567,6,16533.3,6,16477.3,swap,notBad
4568,6,16533.3,6,16477.3,2opt,notBad
4569,6,16533.3,6,16477.3,swap,notBad
4570,6,16533.3,6,16477.3,swap,notBad
4571,6,16533.3,6,16477.3,swap,notBad
4572,6,16533.3,6,16477.3,move,improve
4573,6,16533.3,6,16477.3,move,improve
4574,6,16533.3,6,16477.3,swap,notBad
4575,6,16533.3,6,16477.3,swap,notBad
4576,6,16533.3,6,16477.3,swap,notBad
4577,6,16533.3,6,16477.3,move,improve
4578,6,16533.3,6,16477.3,swap,notBad
4579,6,16533.3,6,16477.3,move,improve
4580,6,16533.3,6,16477.3,swap,notBad
4581,6,16533.3,6,16477.3,swap,notBad
4582,6,16533.3,6,16477.3,2opt,notBad
4583,6,16533.3,6,16477.3,2opt,notBad
4584,6,16533.3,6,16477.3,move,improve
4585,6,16533.3,6,16477.3,swap,notBad
4586,6,16533.3,6,16477.3,swap,notBad
4587,6,16533.3,6,16477.3,swap,notBad
4588,6,16533.3,6,16477.3,move,improve
4589,6,16533.3,6,16477.3,swap,notBad
4590,6,16533.3,6,16477.3,2opt,notBad
4591,6,16533.3,6,16477.3,move,improve
4592,6,16533.3,6,16477.3,2opt,notBad
4593,6,16533.3,6,16477.3,move,improve
4594,6,16533.3,6,16477.3,move,improve
4595,6,16533.3,6,16477.3,swap,notBad
4596,6,16533.3,6,16477.3,2opt,improve
4597,6,16533.3,6,16477.3,move,improve
4598,6,16533.3,6,16477.3,move,improve
4599,6,16533.3,6,16477.3,2opt,notBad
4600,6,16540.1,6,16477.3,swap,acceptBad
4601,6,16540.1,6,16477.3,swap,notBad
4602,6,16540.1,6,16477.3,move,improve
4603,6,16540.1,6,16477.3,swap,notBad
4604,6,16540.1,6,16477.3,swap,notBad
4605,6,16540.1,6,16477.3,2opt,notBad
4606,6,16540.1,6,16477.3,2opt,notBad
4607,6,16540.1,6,16477.3,move,improve
4608,6,16540.1,6,16477.3,swap,notBad
4609,6,16540.1,6,16477.3,2opt,notBad
4610,6,16540.1,6,16477.3,2opt,notBad
4611,6,16540.1,6,16477.3,move,improve
4612,6,16540.1,6,16477.3,move,improve
4613,6,16540.1,6,16477.3,2opt,notBad
4614,6,16540.1,6,16477.3,move,improve
4615,6,16540.1,6,16477.3,2opt,notBad
4616,6,16540.1,6,16477.3,swap,notBad
4617,6,16540.1,6,16477.3,2opt,notBad
4618,6,16535.899999999998,6,16477.3,move,improve
4619,6,16535.899999999998,6,16477.3,2opt,notBad
4620,6,16535.899999999998,6,16477.3,move,improve
4621,6,16499.0,6,16477.3,move,improve
4622,6,16499.0,6,16477.3,2opt,notBad
4623,6,16499.0,6,16477.3,2opt,notBad
4624,6,16499.0,6,16477.3,2opt,notBad
4625,6,16499.0,6,16477.3,move,improve
4626,6,16499.0,6,16477.3,2opt,notBad
4627,6,16499.0,6,16477.3,2opt,notBad
4628,6,16499.0,6,16477.3,swap,notBad
4629,6,16499.0,6,16477.3,2opt,notBad
4630,6,16499.0,6,16477.3,swap,notBad
4631,6,16499.0,6,16477.3,move,improve
4632,6,16499.0,6,16477.3,2opt,notBad
4633,6,16499.0,6,16477.3,move,improve
4634,6,16499.0,6,16477.3,2opt,notBad
4635,6,16499.0,6,16477.3,2opt,notBad
4636,6,16495.299999999996,6,16477.3,2opt,improve
4637,6,16495.299999999996,6,16477.3,swap,notBad
4638,6,16495.299999999996,6,16477.3,swap,notBad
4639,6,16495.299999999996,6,16477.3,2opt,notBad
4640,6,16495.299999999996,6,16477.3,2opt,notBad
4641,6,16495.299999999996,6,16477.3,2opt,notBad
4642,6,16527.699999999997,6,16477.3,swap,acceptBad
4643,6,16527.699999999997,6,16477.3,2opt,notBad
4644,6,16527.699999999997,6,16477.3,move,improve
4645,6,16527.699999999997,6,16477.3,2opt,notBad
4646,6,16527.699999999997,6,16477.3,move,improve
4647,6,16527.699999999997,6,16477.3,move,improve
4648,6,16527.699999999997,6,16477.3,swap,notBad
4649,6,16527.699999999997,6,16477.3,swap,notBad
4650,6,16471.699999999997,6,16471.699999999997,move,newBest
4651,6,16471.699999999997,6,16471.699999999997,2opt,notBad
4652,6,16471.699999999997,6,16471.699999999997,swap,notBad
4653,6,16471.699999999997,6,16471.699999999997,2opt,notBad
4654,6,16471.699999999997,6,16471.699999999997,move,improve
4655,6,16471.699999999997,6,16471.699999999997,swap,notBad
4656,6,16471.699999999997,6,16471.699999999997,swap,notBad
4657,6,16471.699999999997,6,16471.699999999997,move,improve
4658,6,16471.699999999997,6,16471.699999999997,move,improve
4659,6,16471.699999999997,6,16471.699999999997,2opt,improve
4660,6,16471.699999999997,6,16471.699999999997,move,improve
4661,6,16471.699999999997,6,16471.699999999997,move,improve
4662,6,16471.699999999997,6,16471.699999999997,swap,notBad
4663,6,16471.699999999997,6,16471.699999999997,2opt,notBad
4664,6,16471.699999999997,6,16471.699999999997,2opt,notBad
4665,6,16471.699999999997,6,16471.699999999997,2opt,notBad
4666,6,16471.699999999997,6,16471.699999999997,move,improve
4667,6,16471.699999999997,6,16471.699999999997,swap,notBad
4668,6,16471.699999999997,6,16471.699999999997,2opt,notBad
4669,6,16471.699999999997,6,16471.699999999997,move,improve
4670,6,16471.699999999997,6,16471.699999999997,2opt,notBad
4671,6,16471.699999999997,6,16471.699999999997,move,improve
4672,6,16471.699999999997,6,16471.699999999997,move,improve
4673,6,16471.699999999997,6,16471.699999999997,swap,notBad
4674,6,16471.699999999997,6,16471.699999999997,move,improve
4675,6,16471.699999999997,6,16471.699999999997,move,improve
4676,6,16471.699999999997,6,16471.699999999997,swap,notBad
4677,6,16471.699999999997,6,16471.699999999997,move,improve
4678,6,16471.699999999997,6,16471.699999999997,2opt,notBad
4679,6,16471.699999999997,6,16471.699999999997,2opt,notBad
4680,6,16471.699999999997,6,16471.699999999997,2opt,notBad
4681,6,16471.699999999997,6,16471.699999999997,2opt,notBad
4682,6,16471.699999999997,6,16471.699999999997,swap,notBad
4683,6,16471.699999999997,6,16471.699999999997,swap,notBad
4684,6,16471.699999999997,6,16471.699999999997,2opt,notBad
4685,6,16471.699999999997,6,16471.699999999997,swap,notBad
4686,6,16471.699999999997,6,16471.699999999997,2opt,notBad
4687,6,16471.699999999997,6,16471.699999999997,swap,notBad
4688,6,16471.699999999997,6,16471.699999999997,swap,notBad
4689,6,16439.299999999996,6,16439.299999999996,move,newBest
4690,6,16439.299999999996,6,16439.299999999996,swap,notBad
4691,6,16439.299999999996,6,16439.299999999996,2opt,notBad
4692,6,16439.299999999996,6,16439.299999999996,move,improve
4693,6,16439.299999999996,6,16439.299999999996,2opt,notBad
4694,6,16439.299999999996,6,16439.299999999996,swap,notBad
4695,6,16439.299999999996,6,16439.299999999996,swap,notBad
4696,6,16439.299999999996,6,16439.299999999996,swap,notBad
4697,6,16439.299999999996,6,16439.299999999996,swap,notBad
4698,6,16439.299999999996,6,16439.299999999996,swap,notBad
4699,6,16439.299999999996,6,16439.299999999996,swap,notBad
4700,6,16439.299999999996,6,16439.299999999996,swap,notBad
4701,6,16439.299999999996,6,16439.299999999996,move,improve
4702,6,16439.299999999996,6,16439.299999999996,swap,notBad
4703,6,16439.299999999996,6,16439.299999999996,swap,notBad
4704,6,16439.299999999996,6,16439.299999999996,swap,notBad
4705,6,16439.299999999996,6,16439.299999999996,2opt,notBad
4706,6,16439.299999999996,6,16439.299999999996,2opt,notBad
4707,6,16444.399999999994,6,16439.299999999996,2opt,acceptBad
4708,6,16444.399999999994,6,16439.299999999996,2opt,notBad
4709,6,16444.399999999994,6,16439.299999999996,2opt,notBad
4710,6,16444.399999999994,6,16439.299999999996,swap,notBad
4711,6,16444.399999999994,6,16439.299999999996,2opt,notBad
4712,6,16444.399999999994,6,16439.299999999996,2opt,notBad
4713,6,16444.399999999994,6,16439.299999999996,2opt,improve
4714,6,16444.399999999994,6,16439.299999999996,move,improve
4715,6,16444.399999999994,6,16439.299999999996,move,improve
4716,6,16444.399999999994,6,16439.299999999996,swap,notBad
4717,6,16444.399999999994,6,16439.299999999996,2opt,notBad
4718,6,16444.399999999994,6,16439.299999999996,swap,notBad
4719,6,16444.399999999994,6,16439.299999999996,swap,notBad
4720,6,16444.399999999994,6,16439.299999999996,2opt,notBad
4721,6,16444.399999999994,6,16439.299999999996,2opt,notBad
4722,6,16444.399999999994,6,16439.299999999996,swap,notBad
4723,6,16444.399999999994,6,16439.299999999996,move,improve
4724,6,16444.399999999994,6,16439.299999999996,move,improve
4725,6,16444.399999999994,6,16439.299999999996,swap,notBad
4726,6,16444.399999999994,6,16439.299999999996,move,improve
4727,6,16434.0,6,16434.0,2opt,newBest
4728,6,16434.0,6,16434.0,swap,notBad
4729,6,16434.0,6,16434.0,swap,notBad
4730,6,16434.0,6,16434.0,2opt,notBad
4731,6,16434.0,6,16434.0,swap,notBad
4732,6,16434.0,6,16434.0,2opt,notBad
4733,6,16434.0,6,16434.0,move,improve
4734,6,16434.0,6,16434.0,swap,notBad
4735,6,16434.0,6,16434.0,2opt,notBad
4736,6,16434.0,6,16434.0,2opt,notBad
4737,6,16434.0,6,16434.0,swap,notBad
4738,6,16434.0,6,16434.0,move,improve
4739,6,16434.0,6,16434.0,move,improve
4740,6,16434.0,6,16434.0,2opt,notBad
4741,6,16434.0,6,16434.0,2opt,notBad
4742,6,16434.0,6,16434.0,2opt,notBad
4743,6,16434.0,6,16434.0,swap,notBad
4744,6,16434.0,6,16434.0,2opt,notBad
4745,6,16434.0,6,16434.0,move,improve
4746,6,16434.0,6,16434.0,2opt,notBad
4747,6,16434.0,6,16434.0,move,improve
4748,6,16434.0,6,16434.0,move,improve
4749,6,16434.0,6,16434.0,move,improve
4750,6,16434.0,6,16434.0,2opt,notBad
4751,6,16434.0,6,16434.0,swap,notBad
4752,6,16434.0,6,16434.0,2opt,notBad
4753,6,16434.0,6,16434.0,2opt,notBad
4754,6,16434.0,6,16434.0,move,improve
4755,6,16434.0,6,16434.0,move,improve
4756,6,16434.0,6,16434.0,swap,notBad
4757,6,16434.0,6,16434.0,move,improve
4758,6,16434.0,6,16434.0,2opt,notBad
4759,6,16434.0,6,16434.0,swap,notBad
4760,6,16434.0,6,16434.0,2opt,notBad
4761,6,16434.0,6,16434.0,2opt,notBad
4762,6,16434.0,6,16434.0,swap,notBad
4763,6,16434.0,6,16434.0,move,improve
4764,6,16434.0,6,16434.0,2opt,notBad
4765,6,16434.0,6,16434.0,2opt,notBad
4766,6,16434.0,6,16434.0,swap,notBad
4767,6,16434.0,6,16434.0,2opt,notBad
4768,6,16434.0,6,16434.0,move,improve
4769,6,16434.0,6,16434.0,swap,notBad
4770,6,16434.0,6,16434.0,2opt,notBad
4771,6,16434.0,6,16434.0,2opt,notBad
4772,6,16434.0,6,16434.0,move,improve
4773,6,16434.0,6,16434.0,2opt,notBad
4774,6,16434.0,6,16434.0,move,improve
4775,6,16434.0,6,16434.0,swap,notBad
4776,6,16434.0,6,16434.0,swap,notBad
4777,6,16434.0,6,16434.0,2opt,notBad
4778,6,16434.0,6,16434.0,move,improve
4779,6,16434.0,6,16434.0,move,improve
4780,6,16434.0,6,16434.0,move,improve
4781,6,16434.0,6,16434.0,2opt,notBad
4782,6,16434.0,6,16434.0,swap,notBad
4783,6,16434.0,6,16434.0,move,improve
4784,6,16434.0,6,16434.0,swap,notBad
4785,6,16434.0,6,16434.0,move,improve
4786,6,16434.0,6,16434.0,swap,notBad
4787,6,16434.0,6,16434.0,swap,notBad
4788,6,16434.0,6,16434.0,2opt,notBad
4789,6,16434.0,6,16434.0,2opt,notBad
4790,6,16434.0,6,16434.0,2opt,notBad
4791,6,16434.0,6,16434.0,move,improve
4792,6,16434.0,6,16434.0,move,improve
4793,6,16434.0,6,16434.0,move,improve
4794,6,16434.0,6,16434.0,swap,notBad
4795,6,16434.0,6,16434.0,swap,notBad
4796,6,16434.0,6,16434.0,swap,notBad
4797,6,16434.0,6,16434.0,move,improve
4798,6,16434.0,6,16434.0,move,improve
4799,6,16434.0,6,16434.0,swap,notBad
4800,6,16434.0,6,16434.0,move,improve
4801,6,16434.0,6,16434.0,2opt,improve
4802,6,16434.0,6,16434.0,move,improve
4803,6,16434.0,6,16434.0,move,improve
4804,6,16434.0,6,16434.0,swap,notBad
4805,6,16434.0,6,16434.0,2opt,notBad
4806,6,16434.0,6,16434.0,move,improve
4807,6,16434.0,6,16434.0,2opt,notBad
4808,6,16434.0,6,16434.0,2opt,notBad
4809,6,16434.0,6,16434.0,swap,notBad
4810,6,16434.0,6,16434.0,swap,notBad
4811,6,16434.0,6,16434.0,swap,notBad
4812,6,16434.0,6,16434.0,2opt,notBad
4813,6,16434.0,6,16434.0,swap,notBad
4814,6,16434.0,6,16434.0,move,improve
4815,6,16434.0,6,16434.0,2opt,notBad
4816,6,16434.0,6,16434.0,swap,notBad
4817,6,16434.0,6,16434.0,swap,notBad
4818,6,16434.0,6,16434.0,swap,notBad
4819,6,16434.0,6,16434.0,swap,notBad
4820,6,16434.0,6,16434.0,2opt,notBad
4821,6,16434.0,6,16434.0,move,improve
4822,6,16434.0,6,16434.0,swap,notBad
4823,6,16434.0,6,16434.0,swap,notBad
4824,6,16434.0,6,16434.0,swap,notBad
4825,6,16434.0,6,16434.0,move,improve
4826,6,16434.0,6,16434.0,move,improve
4827,6,16434.0,6,16434.0,swap,notBad
4828,6,16434.0,6,16434.0,swap,notBad
4829,6,16434.0,6,16434.0,swap,notBad
4830,6,16434.0,6,16434.0,move,improve
4831,6,16434.0,6,16434.0,swap,notBad
4832,6,16434.0,6,16434.0,swap,notBad
4833,6,16434.0,6,16434.0,2opt,notBad
4834,6,16434.0,6,16434.0,2opt,notBad
4835,6,16434.0,6,16434.0,move,improve
4836,6,16434.0,6,16434.0,swap,notBad
4837,6,16434.0,6,16434.0,2opt,notBad
4838,6,16434.0,6,16434.0,swap,notBad
4839,6,16434.0,6,16434.0,swap,notBad
4840,6,16434.0,6,16434.0,move,improve
4841,6,16434.0,6,16434.0,swap,notBad
4842,6,16434.0,6,16434.0,move,improve
4843,6,16434.0,6,16434.0,2opt,notBad
4844,6,16434.0,6,16434.0,move,improve
4845,6,16434.0,6,16434.0,2opt,notBad
4846,6,16434.0,6,16434.0,swap,notBad
4847,6,16434.0,6,16434.0,2opt,notBad
4848,6,16434.0,6,16434.0,swap,notBad
4849,6,16434.0,6,16434.0,move,improve
4850,6,16434.0,6,16434.0,move,improve
4851,6,16434.0,6,16434.0,swap,notBad
4852,6,16434.0,6,16434.0,move,improve
4853,6,16424.0,6,16424.0,move,newBest
4854,6,16424.0,6,16424.0,2opt,notBad
4855,6,16415.100000000002,6,16415.100000000002,2opt,newBest
4856,6,16415.100000000002,6,16415.100000000002,swap,notBad
4857,6,16415.100000000002,6,16415.100000000002,swap,notBad
4858,6,16415.100000000002,6,16415.100000000002,2opt,notBad
4859,6,16415.100000000002,6,16415.100000000002,2opt,notBad
4860,6,16415.100000000002,6,16415.100000000002,move,improve
4861,6,16415.100000000002,6,16415.100000000002,swap,notBad
4862,6,16415.100000000002,6,16415.100000000002,move,improve
4863,6,16415.100000000002,6,16415.100000000002,2opt,notBad
4864,6,16415.100000000002,6,16415.100000000002,swap,notBad
4865,6,16415.100000000002,6,16415.100000000002,move,improve
4866,6,16415.100000000002,6,16415.100000000002,2opt,notBad
4867,6,16415.100000000002,6,16415.100000000002,move,improve
4868,6,16415.100000000002,6,16415.100000000002,move,improve
4869,6,16415.100000000002,6,16415.100000000002,move,improve
4870,6,16415.100000000002,6,16415.100000000002,2opt,notBad
4871,6,16415.100000000002,6,16415.100000000002,swap,notBad
4872,6,16415.100000000002,6,16415.100000000002,2opt,notBad
4873,6,16415.100000000002,6,16415.100000000002,2opt,notBad
4874,6,16415.100000000002,6,16415.100000000002,swap,notBad
4875,6,16415.100000000002,6,16415.100000000002,swap,notBad
4876,6,16415.100000000002,6,16415.100000000002,swap,notBad
4877,6,16415.100000000002,6,16415.100000000002,2opt,improve
4878,6,16415.100000000002,6,16415.100000000002,move,improve
4879,6,16415.100000000002,6,16415.100000000002,swap,notBad
4880,6,16415.100000000002,6,16415.100000000002,swap,notBad
4881,6,16415.100000000002,6,16415.100000000002,2opt,notBad
4882,6,16415.100000000002,6,16415.100000000002,2opt,notBad
4883,6,16415.100000000002,6,16415.100000000002,move,improve
4884,6,16415.100000000002,6,16415.100000000002,move,improve
4885,6,16415.100000000002,6,16415.100000000002,2opt,improve
4886,6,16415.100000000002,6,16415.100000000002,move,improve
4887,6,16415.100000000002,6,16415.100000000002,swap,notBad
4888,6,16415.100000000002,6,16415.100000000002,2opt,notBad
4889,6,16415.100000000002,6,16415.100000000002,swap,notBad
4890,6,16415.100000000002,6,16415.100000000002,move,improve
4891,6,16415.100000000002,6,16415.100000000002,2opt,notBad
4892,6,16415.100000000002,6,16415.100000000002,swap,notBad
4893,6,16415.100000000002,6,16415.100000000002,2opt,notBad
4894,6,16415.100000000002,6,16415.100000000002,swap,notBad
4895,6,16415.100000000002,6,16415.100000000002,2opt,notBad
4896,6,16415.100000000002,6,16415.100000000002,move,improve
4897,6,16415.100000000002,6,16415.100000000002,move,improve
4898,6,16415.100000000002,6,16415.100000000002,2opt,notBad
4899,6,16415.100000000002,6,16415.100000000002,move,improve
4900,6,16415.100000000002,6,16415.100000000002,swap,notBad
4901,6,16415.100000000002,6,16415.100000000002,move,improve
4902,6,16415.100000000002,6,16415.100000000002,swap,notBad
4903,6,16415.100000000002,6,16415.100000000002,move,improve
4904,6,16415.100000000002,6,16415.100000000002,2opt,notBad
4905,6,16415.100000000002,6,16415.100000000002,move,improve
4906,6,16415.100000000002,6,16415.100000000002,move,improve
4907,6,16415.100000000002,6,16415.100000000002,2opt,notBad
4908,6,16415.100000000002,6,16415.100000000002,swap,notBad
4909,6,16415.100000000002,6,16415.100000000002,swap,notBad
4910,6,16415.100000000002,6,16415.100000000002,move,improve
4911,6,16415.100000000002,6,16415.100000000002,move,improve
4912,6,16415.100000000002,6,16415.100000000002,swap,notBad
4913,6,16415.100000000002,6,16415.100000000002,swap,notBad
4914,6,16415.100000000002,6,16415.100000000002,2opt,notBad
4915,6,16415.100000000002,6,16415.100000000002,2opt,notBad
4916,6,16415.100000000002,6,16415.100000000002,move,improve
4917,6,16415.100000000002,6,16415.100000000002,move,improve
4918,6,16415.100000000002,6,16415.100000000002,move,improve
4919,6,16415.100000000002,6,16415.100000000002,2opt,notBad
4920,6,16415.100000000002,6,16415.100000000002,2opt,notBad
4921,6,16415.100000000002,6,16415.100000000002,swap,notBad
4922,6,16415.100000000002,6,16415.100000000002,swap,notBad
4923,6,16415.100000000002,6,16415.100000000002,move,improve
4924,6,16415.100000000002,6,16415.100000000002,move,improve
4925,6,16415.100000000002,6,16415.100000000002,swap,notBad
4926,6,16415.100000000002,6,16415.100000000002,move,improve
4927,6,16415.100000000002,6,16415.100000000002,swap,notBad
4928,6,16415.100000000002,6,16415.100000000002,2opt,notBad
4929,6,16415.100000000002,6,16415.100000000002,move,improve
4930,6,16415.100000000002,6,16415.100000000002,2opt,improve
4931,6,16415.100000000002,6,16415.100000000002,2opt,notBad
4932,6,16415.100000000002,6,16415.100000000002,swap,notBad
4933,6,16415.100000000002,6,16415.100000000002,swap,notBad
4934,6,16415.100000000002,6,16415.100000000002,swap,notBad
4935,6,16415.100000000002,6,16415.100000000002,swap,notBad
4936,6,16415.100000000002,6,16415.100000000002,swap,notBad
4937,6,16415.100000000002,6,16415.100000000002,2opt,notBad
4938,6,16415.100000000002,6,16415.100000000002,swap,notBad
4939,6,16415.100000000002,6,16415.100000000002,2opt,notBad
4940,6,16415.100000000002,6,16415.100000000002,2opt,notBad
4941,6,16415.100000000002,6,16415.100000000002,2opt,notBad
4942,6,16415.100000000002,6,16415.100000000002,move,improve
4943,6,16415.100000000002,6,16415.100000000002,move,improve
4944,6,16415.100000000002,6,16415.100000000002,swap,notBad
4945,6,16415.100000000002,6,16415.100000000002,2opt,notBad
4946,6,16415.100000000002,6,16415.100000000002,2opt,notBad
4947,6,16415.100000000002,6,16415.100000000002,swap,notBad
4948,6,16415.100000000002,6,16415.100000000002,swap,notBad
4949,6,16415.100000000002,6,16415.100000000002,swap,notBad
4950,6,16415.100000000002,6,16415.100000000002,swap,notBad
4951,6,16415.100000000002,6,16415.100000000002,move,improve
4952,6,16367.600000000002,6,16367.600000000002,move,newBest
4953,6,16367.600000000002,6,16367.600000000002,swap,notBad
4954,6,16367.600000000002,6,16367.600000000002,swap,notBad
4955,6,16367.600000000002,6,16367.600000000002,move,improve
4956,6,16429.100000000002,6,16367.600000000002,move,acceptBad
4957,6,16429.100000000002,6,16367.600000000002,move,improve
4958,6,16429.100000000002,6,16367.600000000002,move,improve
4959,6,16429.100000000002,6,16367.600000000002,2opt,notBad
4960,6,16429.100000000002,6,16367.600000000002,move,improve
4961,6,16429.100000000002,6,16367.600000000002,swap,notBad
4962,6,16429.100000000002,6,16367.600000000002,swap,notBad
4963,6,16429.100000000002,6,16367.600000000002,2opt,notBad
4964,6,16429.100000000002,6,16367.600000000002,2opt,notBad
4965,6,16429.100000000002,6,16367.600000000002,move,improve
4966,6,16429.100000000002,6,16367.600000000002,swap,notBad
4967,6,16429.100000000002,6,16367.600000000002,move,improve
4968,6,16429.100000000002,6,16367.600000000002,swap,notBad
4969,6,16429.100000000002,6,16367.600000000002,move,improve
4970,6,16429.100000000002,6,16367.600000000002,swap,notBad
4971,6,16429.100000000002,6,16367.600000000002,2opt,notBad
4972,6,16429.100000000002,6,16367.600000000002,2opt,notBad
4973,6,16429.100000000002,6,16367.600000000002,move,improve
4974,6,16429.100000000002,6,16367.600000000002,swap,notBad
4975,6,16429.100000000002,6,16367.600000000002,2opt,notBad
4976,6,16429.100000000002,6,16367.600000000002,2opt,notBad
4977,6,16429.100000000002,6,16367.600000000002,2opt,notBad
4978,6,16429.100000000002,6,16367.600000000002,2opt,notBad
4979,6,16429.100000000002,6,16367.600000000002,move,improve
4980,6,16429.100000000002,6,16367.600000000002,move,improve
4981,6,16429.100000000002,6,16367.600000000002,move,improve
4982,6,16429.100000000002,6,16367.600000000002,move,improve
4983,6,16429.100000000002,6,16367.600000000002,swap,notBad
4984,6,16429.100000000002,6,16367.600000000002,move,improve
4985,6,16429.100000000002,6,16367.600000000002,swap,notBad
4986,6,16429.100000000002,6,16367.600000000002,2opt,notBad
4987,6,16429.100000000002,6,16367.600000000002,2opt,notBad
4988,6,16429.100000000002,6,16367.600000000002,move,improve
4989,6,16429.100000000002,6,16367.600000000002,2opt,notBad
4990,6,16429.100000000002,6,16367.600000000002,2opt,notBad
4991,6,16429.100000000002,6,16367.600000000002,move,improve
4992,6,16429.100000000002,6,16367.600000000002,swap,notBad
4993,6,16429.100000000002,6,16367.600000000002,move,improve
4994,6,16429.100000000002,6,16367.600000000002,swap,notBad
4995,6,16429.100000000002,6,16367.600000000002,2opt,notBad
4996,6,16429.100000000002,6,16367.600000000002,2opt,notBad
4997,6,16429.100000000002,6,16367.600000000002,swap,notBad
4998,6,16429.100000000002,6,16367.600000000002,2opt,notBad
4999,6,16429.100000000002,6,16367.600000000002,move,improve
5000,6,16429.100000000002,6,16367.600000000002,2opt,notBad
5001,6,16429.100000000002,6,16367.600000000002,2opt,notBad
5002,6,16429.100000000002,6,16367.600000000002,swap,notBad
5003,6,16429.100000000002,6,16367.600000000002,2opt,notBad
5004,6,16429.100000000002,6,16367.600000000002,2opt,notBad
5005,6,16429.100000000002,6,16367.600000000002,2opt,notBad
5006,6,16429.100000000002,6,16367.600000000002,2opt,notBad
5007,6,16429.100000000002,6,16367.600000000002,2opt,notBad
5008,6,16429.100000000002,6,16367.600000000002,2opt,notBad
5009,6,16429.100000000002,6,16367.600000000002,swap,notBad
5010,6,16393.600000000002,6,16367.600000000002,move,improve
5011,6,16393.600000000002,6,16367.600000000002,2opt,notBad
5012,6,16393.600000000002,6,16367.600000000002,move,improve
5013,6,16393.600000000002,6,16367.600000000002,2opt,notBad
5014,6,16393.600000000002,6,16367.600000000002,swap,notBad
5015,6,16393.600000000002,6,16367.600000000002,2opt,notBad
5016,6,16393.600000000002,6,16367.600000000002,2opt,notBad
5017,6,16393.600000000002,6,16367.600000000002,move,improve
5018,6,16393.600000000002,6,16367.600000000002,2opt,notBad
5019,6,16393.600000000002,6,16367.600000000002,swap,notBad
5020,6,16393.600000000002,6,16367.600000000002,move,improve
5021,6,16393.600000000002,6,16367.600000000002,move,improve
5022,6,16393.600000000002,6,16367.600000000002,2opt,notBad
5023,5,16354.1,5,16354.1,move,newBest
5024,5,16354.1,5,16354.1,swap,notBad
5025,5,16354.1,5,16354.1,swap,notBad
5026,5,16354.1,5,16354.1,move,improve
5027,5,16354.1,5,16354.1,swap,notBad
5028,5,16354.1,5,16354.1,swap,notBad
5029,5,16354.1,5,16354.1,swap,notBad
5030,5,16354.1,5,16354.1,swap,notBad
5031,5,16354.1,5,16354.1,2opt,notBad
5032,5,16354.1,5,16354.1,swap,notBad
5033,5,16354.1,5,16354.1,move,improve
5034,5,16354.1,5,16354.1,move,improve
5035,5,16354.1,5,16354.1,2opt,notBad
5036,5,16354.1,5,16354.1,swap,notBad
5037,5,16354.1,5,16354.1,2opt,notBad
5038,5,16354.1,5,16354.1,move,improve
5039,5,16354.1,5,16354.1,swap,notBad
5040,5,16354.1,5,16354.1,move,improve
5041,5,16354.1,5,16354.1,2opt,notBad
5042,5,16313.5,5,16313.5,swap,newBest
5043,5,16313.5,5,16313.5,move,improve
5044,5,16313.5,5,16313.5,2opt,notBad
5045,5,16313.5,5,16313.5,2opt,notBad
5046,5,16313.5,5,16313.5,move,improve
5047,5,16313.5,5,16313.5,swap,notBad
5048,5,16313.5,5,16313.5,swap,notBad
5049,5,16313.5,5,16313.5,move,improve
5050,5,16313.5,5,16313.5,2opt,notBad
5051,5,16313.5,5,16313.5,move,improve
5052,5,16313.5,5,16313.5,2opt,notBad
5053,5,16313.5,5,16313.5,2opt,notBad
5054,5,16313.5,5,16313.5,swap,notBad
5055,5,16313.5,5,16313.5,2opt,notBad
5056,5,16313.5,5,16313.5,swap,notBad
5057,5,16313.5,5,16313.5,move,improve
5058,5,16313.5,5,16313.5,2opt,notBad
5059,5,16341.899999999998,5,16313.5,swap,acceptBad
5060,5,16341.899999999998,5,16313.5,move,improve
5061,5,16341.899999999998,5,16313.5,move,improve
5062,5,16341.899999999998,5,16313.5,swap,notBad
5063,5,16313.5,5,16313.5,move,improve
5064,5,16313.5,5,16313.5,swap,notBad
5065,5,16313.5,5,16313.5,move,improve
5066,5,16313.5,5,16313.5,swap,notBad
5067,5,16313.5,5,16313.5,2opt,notBad
5068,5,16313.5,5,16313.5,move,improve
5069,5,16313.5,5,16313.5,swap,notBad
5070,5,16313.5,5,16313.5,swap,notBad
5071,5,16313.5,5,16313.5,2opt,notBad
5072,5,16313.5,5,16313.5,move,improve
5073,5,16313.5,5,16313.5,swap,notBad
5074,5,16313.5,5,16313.5,swap,notBad
5075,5,16331.7,5,16313.5,swap,acceptBad
5076,5,16331.7,5,16313.5,2opt,notBad
5077,5,16331.7,5,16313.5,swap,notBad
5078,5,16331.7,5,16313.5,swap,notBad
5079,5,16313.5,5,16313.5,move,improve
5080,5,16313.5,5,16313.5,2opt,notBad
5081,5,16313.5,5,16313.5,swap,notBad
5082,5,16313.5,5,16313.5,move,improve
5083,5,16313.5,5,16313.5,swap,notBad
5084,5,16313.5,5,16313.5,2opt,notBad
5085,5,16313.5,5,16313.5,move,improve
5086,5,16313.5,5,16313.5,move,improve
5087,5,16313.5,5,16313.5,move,improve
5088,5,16313.5,5,16313.5,move,notBad
5089,5,16313.5,5,16313.5,swap,notBad
5090,5,16313.5,5,16313.5,move,improve
5091,5,16313.5,5,16313.5,move,improve
5092,5,16313.5,5,16313.5,swap,notBad
5093,5,16313.5,5,16313.5,swap,notBad
5094,5,16313.3,5,16313.3,move,newBest
5095,5,16313.3,5,16313.3,2opt,notBad
5096,5,16313.3,5,16313.3,move,improve
5097,5,16313.3,5,16313.3,2opt,improve
5098,5,16313.3,5,16313.3,2opt,notBad
5099,5,16313.3,5,16313.3,move,improve
5100,5,16313.3,5,16313.3,move,improve
5101,5,16313.3,5,16313.3,move,improve
5102,5,16313.3,5,16313.3,2opt,notBad
5103,5,16313.3,5,16313.3,move,improve
5104,5,16313.3,5,16313.3,2opt,notBad
5105,5,16313.3,5,16313.3,2opt,notBad
5106,5,16313.3,5,16313.3,move,improve
5107,5,16313.3,5,16313.3,swap,notBad
5108,5,16313.3,5,16313.3,2opt,notBad
5109,5,16313.3,5,16313.3,2opt,notBad
5110,5,16313.3,5,16313.3,move,improve
5111,5,16313.3,5,16313.3,swap,notBad
5112,5,16313.3,5,16313.3,swap,notBad
5113,5,16313.3,5,16313.3,swap,notBad
5114,5,16313.3,5,16313.3,move,improve
5115,5,16313.3,5,16313.3,swap,notBad
5116,5,16313.3,5,16313.3,swap,notBad
5117,5,16313.3,5,16313.3,2opt,notBad
5118,5,16313.3,5,16313.3,move,improve
5119,5,16313.3,5,16313.3,swap,notBad
5120,5,16313.3,5,16313.3,move,improve
5121,5,16313.3,5,16313.3,move,improve
5122,5,16313.3,5,16313.3,move,improve
5123,5,16313.3,5,16313.3,2opt,notBad
5124,5,16313.3,5,16313.3,swap,notBad
5125,5,16313.3,5,16313.3,move,improve
5126,5,16313.3,5,16313.3,2opt,notBad
5127,5,16313.3,5,16313.3,move,improve
5128,5,16313.3,5,16313.3,swap,notBad
5129,5,16313.3,5,16313.3,move,improve
5130,5,16313.3,5,16313.3,move,improve
5131,5,16313.3,5,16313.3,move,improve
5132,5,16313.3,5,16313.3,swap,notBad
5133,5,16313.3,5,16313.3,swap,notBad
5134,5,16313.3,5,16313.3,swap,notBad
5135,5,16313.3,5,16313.3,2opt,notBad
5136,5,16313.3,5,16313.3,move,improve
5137,5,16313.3,5,16313.3,swap,notBad
5138,5,16313.3,5,16313.3,swap,notBad
5139,5,16313.3,5,16313.3,swap,notBad
5140,5,16313.3,5,16313.3,2opt,notBad
5141,5,16313.3,5,16313.3,2opt,notBad
5142,5,16313.3,5,16313.3,move,improve
5143,5,16313.3,5,16313.3,2opt,notBad
5144,5,16313.3,5,16313.3,swap,notBad
5145,5,16313.3,5,16313.3,move,improve
5146,5,16313.3,5,16313.3,swap,notBad
5147,5,16313.3,5,16313.3,swap,notBad
5148,5,16313.3,5,16313.3,swap,notBad
5149,5,16313.3,5,16313.3,2opt,notBad
5150,5,16334.3,5,16313.3,swap,acceptBad
5151,5,16334.3,5,16313.3,2opt,notBad
5152,5,16334.3,5,16313.3,swap,notBad
5153,5,16334.3,5,16313.3,move,improve
5154,5,16334.3,5,16313.3,move,improve
5155,5,16334.3,5,16313.3,swap,notBad
5156,5,16334.3,5,16313.3,2opt,notBad
5157,5,16334.3,5,16313.3,2opt,notBad
5158,5,16334.3,5,16313.3,swap,notBad
5159,5,16334.3,5,16313.3,swap,notBad
5160,5,16334.3,5,16313.3,swap,notBad
5161,5,16334.3,5,16313.3,swap,notBad
5162,5,16334.3,5,16313.3,2opt,notBad
5163,5,16334.3,5,16313.3,2opt,notBad
5164,5,16334.3,5,16313.3,swap,notBad
5165,5,16334.3,5,16313.3,swap,notBad
5166,5,16334.3,5,16313.3,2opt,notBad
5167,5,16334.3,5,16313.3,swap,notBad
5168,5,16334.3,5,16313.3,2opt,notBad
5169,5,16334.3,5,16313.3,swap,notBad
5170,5,16334.3,5,16313.3,move,improve
5171,5,16334.3,5,16313.3,move,improve
5172,5,16334.3,5,16313.3,2opt,notBad
5173,5,16334.3,5,16313.3,move,improve
5174,5,16334.3,5,16313.3,2opt,notBad
5175,5,16334.3,5,16313.3,2opt,notBad
5176,5,16334.3,5,16313.3,2opt,notBad
5177,5,16334.3,5,16313.3,swap,notBad
5178,5,16334.3,5,16313.3,2opt,notBad
5179,5,16334.3,5,16313.3,swap,notBad
5180,5,16334.3,5,16313.3,move,improve
5181,5,16334.3,5,16313.3,swap,notBad
5182,5,16334.3,5,16313.3,swap,notBad
5183,5,16334.3,5,16313.3,swap,notBad
5184,5,16334.3,5,16313.3,swap,notBad
5185,5,16334.3,5,16313.3,move,improve
5186,5,16314.5,5,16313.3,move,improve
5187,5,16314.5,5,16313.3,swap,notBad
5188,5,16314.5,5,16313.3,move,improve
5189,5,16314.5,5,16313.3,2opt,notBad
5190,5,16314.5,5,16313.3,2opt,notBad
5191,5,16314.5,5,16313.3,move,improve
5192,5,16314.5,5,16313.3,move,improve
5193,5,16314.5,5,16313.3,2opt,notBad
5194,5,16314.5,5,16313.3,swap,notBad
5195,5,16314.5,5,16313.3,move,improve
5196,5,16314.5,5,16313.3,move,improve
5197,5,16314.5,5,16313.3,move,improve
5198,5,16314.5,5,16313.3,swap,notBad
5199,5,16314.5,5,16313.3,swap,notBad
5200,5,16314.5,5,16313.3,swap,notBad
5201,5,16314.5,5,16313.3,move,improve
5202,5,16314.5,5,16313.3,move,improve
5203,5,16314.5,5,16313.3,move,improve
5204,5,16314.5,5,16313.3,swap,notBad
5205,5,16314.5,5,16313.3,2opt,notBad
5206,5,16313.800000000001,5,16313.3,2opt,improve
5207,5,16313.800000000001,5,16313.3,move,improve
5208,5,16313.800000000001,5,16313.3,move,improve
5209,5,16313.800000000001,5,16313.3,swap,notBad
5210,5,16313.800000000001,5,16313.3,move,improve
5211,5,16313.800000000001,5,16313.3,swap,notBad
5212,5,16313.800000000001,5,16313.3,2opt,improve
5213,5,16313.800000000001,5,16313.3,2opt,notBad
5214,5,16313.800000000001,5,16313.3,2opt,notBad
5215,5,16313.800000000001,5,16313.3,2opt,notBad
5216,5,16313.799999999996,5,16313.3,2opt,improve
5217,5,16313.799999999996,5,16313.3,2opt,notBad
5218,5,16313.799999999996,5,16313.3,move,improve
5219,5,16313.799999999996,5,16313.3,2opt,improve
5220,5,16313.799999999996,5,16313.3,move,improve
5221,5,16313.799999999996,5,16313.3,move,improve
5222,5,16326.999999999996,5,16313.3,swap,acceptBad
5223,5,16326.999999999996,5,16313.3,swap,notBad
5224,5,16326.999999999996,5,16313.3,move,improve
5225,5,16326.999999999996,5,16313.3,swap,notBad
5226,5,16326.999999999996,5,16313.3,2opt,notBad
5227,5,16326.999999999996,5,16313.3,move,improve
5228,5,16310.399999999998,5,16310.399999999998,move,newBest
5229,5,16310.399999999998,5,16310.399999999998,move,improve
5230,5,16310.399999999998,5,16310.399999999998,2opt,notBad
5231,5,16310.399999999998,5,16310.399999999998,move,improve
5232,5,16310.399999999998,5,16310.399999999998,swap,notBad
5233,5,16310.399999999998,5,16310.399999999998,swap,notBad
5234,5,16310.399999999998,5,16310.399999999998,move,improve
5235,5,16310.399999999998,5,16310.399999999998,swap,notBad
5236,5,16310.399999999998,5,16310.399999999998,2opt,notBad
5237,5,16310.399999999998,5,16310.399999999998,swap,notBad
5238,5,16310.399999999998,5,16310.399999999998,2opt,notBad
5239,5,16306.599999999999,5,16306.599999999999,move,newBest
5240,5,16306.599999999999,5,16306.599999999999,2opt,notBad
5241,5,16306.599999999999,5,16306.599999999999,2opt,notBad
5242,5,16306.599999999999,5,16306.599999999999,2opt,notBad
5243,5,16306.599999999999,5,16306.599999999999,move,improve
5244,5,16306.599999999999,5,16306.599999999999,2opt,notBad
5245,5,16306.599999999999,5,16306.599999999999,2opt,notBad
5246,5,16306.599999999999,5,16306.599999999999,move,improve
5247,5,16306.599999999999,5,16306.599999999999,swap,notBad
5248,5,16306.599999999999,5,16306.599999999999,move,improve
5249,5,16306.599999999999,5,16306.599999999999,2opt,notBad
5250,5,16306.599999999999,5,16306.599999999999,swap,notBad
5251,5,16306.599999999999,5,16306.599999999999,move,improve
5252,5,16306.599999999999,5,16306.599999999999,2opt,improve
5253,5,16306.599999999999,5,16306.599999999999,2opt,notBad
5254,5,16306.599999999999,5,16306.599999999999,move,improve
5255,5,16306.599999999999,5,16306.599999999999,2opt,notBad
5256,5,16306.599999999999,5,16306.599999999999,swap,notBad
5257,5,16306.599999999999,5,16306.599999999999,2opt,notBad
5258,5,16306.599999999999,5,16306.599999999999,2opt,notBad
5259,5,16309.2,5,16306.599999999999,swap,acceptBad
5260,5,16309.2,5,16306.599999999999,swap,notBad
5261,5,16309.2,5,16306.599999999999,move,improve
5262,5,16309.2,5,16306.599999999999,2opt,notBad
5263,5,16309.2,5,16306.599999999999,swap,notBad
5264,5,16309.2,5,16306.599999999999,swap,notBad
5265,5,16309.2,5,16306.599999999999,2opt,notBad
5266,5,16309.2,5,16306.599999999999,2opt,notBad
5267,5,16309.2,5,16306.599999999999,2opt,notBad
5268,5,16309.2,5,16306.599999999999,swap,notBad
5269,5,16309.2,5,16306.599999999999,move,improve
5270,5,16309.2,5,16306.599999999999,move,improve
5271,5,16309.2,5,16306.599999999999,swap,notBad
5272,5,16309.2,5,16306.599999999999,2opt,notBad
5273,5,16309.2,5,16306.599999999999,2opt,notBad
5274,5,16309.2,5,16306.599999999999,swap,notBad
5275,5,16309.2,5,16306.599999999999,swap,notBad
5276,5,16309.2,5,16306.599999999999,2opt,notBad
5277,5,16309.2,5,16306.599999999999,2opt,notBad
5278,5,16309.2,5,16306.599999999999,swap,notBad
5279,5,16309.2,5,16306.599999999999,2opt,notBad
5280,5,16309.2,5,16306.599999999999,swap,notBad
5281,5,16309.2,5,16306.599999999999,move,improve
5282,5,16309.2,5,16306.599999999999,2opt,notBad
5283,5,16309.2,5,16306.599999999999,swap,notBad
5284,5,16309.2,5,16306.599999999999,move,improve
5285,5,16309.2,5,16306.599999999999,move,improve
5286,5,16309.2,5,16306.599999999999,swap,notBad
5287,5,16309.2,5,16306.599999999999,swap,notBad
5288,5,16309.2,5,16306.599999999999,move,improve
5289,5,16309.2,5,16306.599999999999,2opt,notBad
5290,5,16309.2,5,16306.599999999999,swap,notBad
5291,5,16309.2,5,16306.599999999999,move,improve
5292,5,16309.2,5,16306.599999999999,swap,notBad
5293,5,16309.2,5,16306.599999999999,2opt,notBad
5294,5,16309.2,5,16306.599999999999,move,improve
5295,5,16309.2,5,16306.599999999999,swap,notBad
5296,5,16309.2,5,16306.599999999999,move,improve
5297,5,16309.2,5,16306.599999999999,move,improve
5298,5,16309.2,5,16306.599999999999,swap,notBad
5299,5,16309.2,5,16306.599999999999,move,improve
5300,5,16309.2,5,16306.599999999999,move,improve
5301,5,16309.2,5,16306.599999999999,2opt,notBad
5302,5,16309.2,5,16306.599999999999,swap,notBad
5303,5,16309.2,5,16306.599999999999,swap,notBad
5304,5,16309.2,5,16306.599999999999,move,improve
5305,5,16309.2,5,16306.599999999999,move,improve
5306,5,16309.2,5,16306.599999999999,move,improve
5307,5,16309.2,5,16306.599999999999,swap,notBad
5308,5,16309.2,5,16306.599999999999,2opt,improve
5309,5,16309.2,5,16306.599999999999,2opt,notBad
5310,5,16309.2,5,16306.599999999999,2opt,notBad
5311,5,16309.2,5,16306.599999999999,2opt,notBad
5312,5,16309.2,5,16306.599999999999,swap,notBad
5313,5,16309.2,5,16306.599999999999,swap,notBad
5314,5,16309.2,5,16306.599999999999,swap,notBad
5315,5,16309.2,5,16306.599999999999,move,improve
5316,5,16309.2,5,16306.599999999999,2opt,notBad
5317,5,16309.2,5,16306.599999999999,swap,notBad
5318,5,16309.2,5,16306.599999999999,2opt,notBad
5319,5,16309.2,5,16306.599999999999,2opt,improve
5320,5,16309.2,5,16306.599999999999,swap,notBad
5321,5,16309.2,5,16306.599999999999,swap,notBad
5322,5,16309.2,5,16306.599999999999,2opt,notBad
5323,5,16309.2,5,16306.599999999999,swap,notBad
5324,5,16309.2,5,16306.599999999999,swap,notBad
5325,5,16309.2,5,16306.599999999999,move,improve
5326,5,16309.2,5,16306.599999999999,move,improve
5327,5,16309.2,5,16306.599999999999,swap,notBad
5328,5,16309.2,5,16306.599999999999,move,improve
5329,5,16309.2,5,16306.599999999999,move,improve
5330,5,16309.2,5,16306.599999999999,swap,notBad
5331,5,16309.2,5,16306.599999999999,move,improve
5332,5,16309.2,5,16306.599999999999,swap,notBad
5333,5,16309.2,5,16306.599999999999,move,improve
5334,5,16309.2,5,16306.599999999999,2opt,notBad
5335,5,16309.2,5,16306.599999999999,swap,notBad
5336,5,16309.2,5,16306.599999999999,swap,notBad
5337,5,16309.2,5,16306.599999999999,move,improve
5338,5,16309.2,5,16306.599999999999,swap,notBad
5339,5,16309.2,5,16306.599999999999,move,improve
5340,5,16309.2,5,16306.599999999999,move,improve
5341,5,16309.2,5,16306.599999999999,swap,notBad
5342,5,16309.2,5,16306.599999999999,2opt,notBad
5343,5,16309.2,5,16306.599999999999,swap,notBad
5344,5,16309.2,5,16306.599999999999,move,improve
5345,5,16309.2,5,16306.599999999999,swap,notBad
5346,5,16309.2,5,16306.599999999999,swap,notBad
5347,5,16318.400000000001,5,16306.599999999999,swap,acceptBad
5348,5,16318.400000000001,5,16306.599999999999,2opt,notBad
5349,5,16318.400000000001,5,16306.599999999999,2opt,notBad
5350,5,16318.400000000001,5,16306.599999999999,2opt,notBad
5351,5,16318.400000000001,5,16306.599999999999,2opt,notBad
5352,5,16318.400000000001,5,16306.599999999999,swap,notBad
5353,5,16309.2,5,16306.599999999999,move,improve
5354,5,16309.2,5,16306.599999999999,2opt,notBad
5355,5,16309.2,5,16306.599999999999,2opt,notBad
5356,5,16309.2,5,16306.599999999999,2opt,notBad
5357,5,16309.2,5,16306.599999999999,move,improve
5358,5,16309.2,5,16306.599999999999,2opt,notBad
5359,5,16309.2,5,16306.599999999999,move,improve
5360,5,16309.2,5,16306.599999999999,move,improve
5361,5,16309.2,5,16306.599999999999,move,improve
5362,5,16309.2,5,16306.599999999999,2opt,notBad
5363,5,16309.2,5,16306.599999999999,move,improve
5364,5,16309.2,5,16306.599999999999,swap,notBad
5365,5,16309.2,5,16306.599999999999,swap,notBad
5366,5,16312.599999999999,5,16306.599999999999,swap,acceptBad
5367,5,16312.599999999999,5,16306.599999999999,move,improve
5368,5,16312.599999999999,5,16306.599999999999,move,improve
5369,5,16312.599999999999,5,16306.599999999999,swap,notBad
5370,5,16312.599999999999,5,16306.599999999999,move,improve
5371,5,16312.599999999999,5,16306.599999999999,move,improve
5372,5,16312.599999999999,5,16306.599999999999,2opt,notBad
5373,5,16312.599999999999,5,16306.599999999999,2opt,notBad
5374,5,16312.599999999999,5,16306.599999999999,2opt,notBad
5375,5,16312.599999999999,5,16306.599999999999,2opt,notBad
5376,5,16312.599999999999,5,16306.599999999999,swap,notBad
5377,5,16312.599999999999,5,16306.599999999999,move,improve
5378,5,16312.599999999999,5,16306.599999999999,swap,notBad
5379,5,16312.599999999999,5,16306.599999999999,2opt,notBad
5380,5,16312.599999999999,5,16306.599999999999,2opt,notBad
5381,5,16312.599999999999,5,16306.599999999999,2opt,notBad
5382,5,16312.599999999999,5,16306.599999999999,move,improve
5383,5,16312.599999999999,5,16306.599999999999,swap,notBad
5384,5,16312.599999999999,5,16306.599999999999,move,improve
5385,5,16312.599999999999,5,16306.599999999999,2opt,notBad
5386,5,16312.599999999999,5,16306.599999999999,2opt,notBad
5387,5,16312.599999999999,5,16306.599999999999,swap,notBad
5388,5,16312.599999999999,5,16306.599999999999,swap,notBad
5389,5,16312.599999999999,5,16306.599999999999,2opt,notBad
5390,5,16312.599999999999,5,16306.599999999999,move,improve
5391,5,16312.599999999999,5,16306.599999999999,2opt,notBad
5392,5,16312.599999999999,5,16306.599999999999,2opt,notBad
5393,5,16312.599999999999,5,16306.599999999999,2opt,notBad
5394,5,16312.599999999999,5,16306.599999999999,2opt,notBad
5395,5,16312.599999999999,5,16306.599999999999,swap,notBad
5396,5,16312.599999999999,5,16306.599999999999,2opt,notBad
5397,5,16312.599999999999,5,16306.599999999999,move,improve
5398,5,16312.599999999999,5,16306.599999999999,2opt,notBad
5399,5,16312.599999999999,5,16306.599999999999,swap,notBad
5400,5,16312.599999999999,5,16306.599999999999,move,improve
5401,5,16312.599999999999,5,16306.599999999999,2opt,notBad
5402,5,16312.599999999999,5,16306.599999999999,move,improve
5403,5,16312.599999999999,5,16306.599999999999,swap,notBad
5404,5,16312.599999999999,5,16306.599999999999,2opt,notBad
5405,5,16312.599999999999,5,16306.599999999999,2opt,notBad
5406,5,16312.599999999999,5,16306.599999999999,move,improve
5407,5,16312.599999999999,5,16306.599999999999,move,improve
5408,5,16312.599999999999,5,16306.599999999999,swap,notBad
5409,5,16312.599999999999,5,16306.599999999999,swap,notBad
5410,5,16312.599999999999,5,16306.599999999999,swap,notBad
5411,5,16312.599999999999,5,16306.599999999999,2opt,notBad
5412,5,16312.599999999999,5,16306.599999999999,move,improve
5413,5,16312.599999999999,5,16306.599999999999,swap,notBad
5414,5,16312.599999999999,5,16306.599999999999,move,improve
5415,5,16312.599999999999,5,16306.599999999999,swap,notBad
5416,5,16312.599999999999,5,16306.599999999999,swap,notBad
5417,5,16312.599999999999,5,16306.599999999999,move,improve
5418,5,16312.599999999999,5,16306.599999999999,swap,notBad
5419,5,16312.599999999999,5,16306.599999999999,swap,notBad
5420,5,16312.599999999999,5,16306.599999999999,2opt,notBad
5421,5,16312.599999999999,5,16306.599999999999,2opt,notBad
5422,5,16312.599999999999,5,16306.599999999999,swap,notBad
5423,5,16312.599999999999,5,16306.599999999999,move,improve
5424,5,16312.599999999999,5,16306.599999999999,move,improve
5425,5,16312.599999999999,5,16306.599999999999,swap,notBad
5426,5,16312.599999999999,5,16306.599999999999,move,improve
5427,5,16312.599999999999,5,16306.599999999999,swap,notBad
5428,5,16312.599999999999,5,16306.599999999999,swap,notBad
5429,5,16312.599999999999,5,16306.599999999999,swap,notBad
5430,5,16312.599999999999,5,16306.599999999999,move,improve
5431,5,16312.599999999999,5,16306.599999999999,move,improve
5432,5,16312.599999999999,5,16306.599999999999,swap,notBad
5433,5,16312.599999999999,5,16306.599999999999,swap,notBad
5434,5,16312.599999999999,5,16306.599999999999,swap,notBad
5435,5,16312.599999999999,5,16306.599999999999,2opt,notBad
5436,5,16312.599999999999,5,16306.599999999999,2opt,notBad
5437,5,16312.599999999999,5,16306.599999999999,move,improve
5438,5,16312.599999999999,5,16306.599999999999,move,improve
5439,5,16312.599999999999,5,16306.599999999999,2opt,notBad
5440,5,16312.599999999999,5,16306.599999999999,2opt,notBad
5441,5,16312.599999999999,5,16306.599999999999,2opt,notBad
5442,5,16312.599999999999,5,16306.599999999999,2opt,notBad
5443,5,16312.599999999999,5,16306.599999999999,swap,notBad
5444,5,16312.599999999999,5,16306.599999999999,move,improve
5445,5,16312.6,5,16306.599999999999,2opt,acceptBad
5446,5,16312.6,5,16306.599999999999,swap,notBad
5447,5,16312.6,5,16306.599999999999,move,improve
5448,5,16312.6,5,16306.599999999999,2opt,notBad
5449,5,16312.6,5,16306.599999999999,swap,notBad
5450,5,16309.2,5,16306.599999999999,move,improve
5451,5,16309.2,5,16306.599999999999,move,improve
5452,5,16309.2,5,16306.599999999999,2opt,notBad
5453,5,16309.2,5,16306.599999999999,swap,notBad
5454,5,16309.2,5,16306.599999999999,swap,notBad
5455,5,16309.2,5,16306.599999999999,2opt,notBad
5456,5,16309.2,5,16306.599999999999,2opt,notBad
5457,5,16309.2,5,16306.599999999999,swap,notBad
5458,5,16309.2,5,16306.599999999999,swap,notBad
5459,5,16309.2,5,16306.599999999999,move,improve
5460,5,16309.2,5,16306.599999999999,2opt,notBad
5461,5,16309.2,5,16306.599999999999,swap,notBad
5462,5,16309.2,5,16306.599999999999,2opt,notBad
5463,5,16309.2,5,16306.599999999999,swap,notBad
5464,5,16247.7,5,16247.7,2opt,newBest
5465,5,16247.7,5,16247.7,swap,notBad
5466,5,16247.7,5,16247.7,move,improve
5467,5,16247.7,5,16247.7,swap,notBad
5468,5,16247.7,5,16247.7,2opt,notBad
5469,5,16247.7,5,16247.7,move,improve
5470,5,16247.7,5,16247.7,move,improve
5471,5,16247.7,5,16247.7,swap,notBad
5472,5,16251.099999999999,5,16247.7,swap,acceptBad
5473,5,16251.099999999999,5,16247.7,2opt,notBad
5474,5,16251.099999999999,5,16247.7,swap,notBad
5475,5,16251.099999999999,5,16247.7,move,improve
5476,5,16251.099999999999,5,16247.7,2opt,notBad
5477,5,16251.099999999999,5,16247.7,move,improve
5478,5,16251.099999999999,5,16247.7,swap,notBad
5479,5,16251.099999999999,5,16247.7,swap,notBad
5480,5,16251.099999999999,5,16247.7,2opt,notBad
5481,5,16251.099999999999,5,16247.7,move,improve
5482,5,16251.099999999999,5,16247.7,swap,notBad
5483,5,16251.099999999999,5,16247.7,swap,notBad
5484,5,16251.099999999999,5,16247.7,2opt,notBad
5485,5,16251.099999999999,5,16247.7,swap,notBad
5486,5,16251.099999999999,5,16247.7,move,improve
5487,5,16251.099999999999,5,16247.7,2opt,notBad
5488,5,16251.099999999999,5,16247.7,move,improve
5489,5,16251.099999999999,5,16247.7,swap,notBad
5490,5,16251.1,5,16247.7,2opt,acceptBad
5491,5,16251.1,5,16247.7,move,improve
5492,5,16251.1,5,16247.7,move,improve
5493,5,16251.1,5,16247.7,2opt,improve
5494,5,16251.1,5,16247.7,swap,notBad
5495,5,16251.1,5,16247.7,2opt,notBad
5496,5,16251.1,5,16247.7,swap,notBad
5497,5,16251.1,5,16247.7,2opt,notBad
5498,5,16251.1,5,16247.7,move,improve
5499,5,16251.1,5,16247.7,2opt,notBad
5500,5,16265.0,5,16247.7,2opt,acceptBad
5501,5,16251.8,5,16247.7,move,improve
5502,5,16251.8,5,16247.7,2opt,notBad
5503,5,16251.8,5,16247.7,2opt,notBad
5504,5,16251.8,5,16247.7,move,improve
5505,5,16251.8,5,16247.7,2opt,notBad
5506,5,16251.8,5,16247.7,2opt,notBad
5507,5,16251.8,5,16247.7,2opt,notBad
5508,5,16251.8,5,16247.7,move,improve
5509,5,16251.8,5,16247.7,swap,notBad
5510,5,16251.8,5,16247.7,2opt,notBad
5511,5,16251.8,5,16247.7,move,improve
5512,5,16251.8,5,16247.7,move,improve
5513,5,16251.8,5,16247.7,move,improve
5514,5,16251.8,5,16247.7,2opt,notBad
5515,5,16251.8,5,16247.7,2opt,notBad
5516,5,16251.8,5,16247.7,2opt,notBad
5517,5,16251.8,5,16247.7,move,improve
5518,5,16251.8,5,16247.7,move,improve
5519,5,16251.8,5,16247.7,2opt,notBad
5520,5,16251.8,5,16247.7,2opt,notBad
5521,5,16251.8,5,16247.7,swap,notBad
5522,5,16251.8,5,16247.7,move,improve
5523,5,16251.8,5,16247.7,move,improve
5524,5,16251.8,5,16247.7,2opt,notBad
5525,5,16251.8,5,16247.7,move,improve
5526,5,16251.8,5,16247.7,swap,notBad
5527,5,16251.8,5,16247.7,move,improve
5528,5,16251.8,5,16247.7,2opt,notBad
5529,5,16251.8,5,16247.7,swap,notBad
5530,5,16251.8,5,16247.7,swap,notBad
5531,5,16251.8,5,16247.7,swap,notBad
5532,5,16251.8,5,16247.7,move,improve
5533,5,16251.8,5,16247.7,2opt,notBad
5534,5,16251.8,5,16247.7,move,improve
5535,5,16251.8,5,16247.7,swap,notBad
5536,5,16251.8,5,16247.7,swap,notBad
5537,5,16251.8,5,16247.7,move,improve
5538,5,16251.8,5,16247.7,swap,notBad
5539,5,16251.8,5,16247.7,2opt,notBad
5540,5,16251.8,5,16247.7,2opt,notBad
5541,5,16251.8,5,16247.7,move,improve
5542,5,16251.8,5,16247.7,swap,notBad
5543,5,16251.8,5,16247.7,2opt,notBad
5544,5,16251.8,5,16247.7,2opt,notBad
5545,5,16251.8,5,16247.7,2opt,notBad
5546,5,16251.8,5,16247.7,move,improve
5547,5,16251.8,5,16247.7,2opt,notBad
5548,5,16251.8,5,16247.7,2opt,notBad
5549,5,16251.8,5,16247.7,2opt,notBad
5550,5,16251.8,5,16247.7,swap,notBad
5551,5,16251.8,5,16247.7,move,improve
5552,5,16251.8,5,16247.7,2opt,notBad
5553,5,16251.8,5,16247.7,swap,notBad
5554,5,16251.8,5,16247.7,2opt,notBad
5555,5,16251.8,5,16247.7,2opt,improve
5556,5,16251.8,5,16247.7,swap,notBad
5557,5,16251.8,5,16247.7,swap,notBad
5558,5,16251.8,5,16247.7,swap,notBad
5559,5,16251.8,5,16247.7,swap,notBad
5560,5,16251.8,5,16247.7,swap,notBad
5561,5,16251.8,5,16247.7,swap,notBad
5562,5,16251.8,5,16247.7,move,improve
5563,5,16251.8,5,16247.7,2opt,notBad
5564,5,16251.8,5,16247.7,move,improve
5565,5,16251.8,5,16247.7,swap,notBad
5566,5,16251.8,5,16247.7,swap,notBad
5567,5,16251.8,5,16247.7,swap,notBad
5568,5,16251.8,5,16247.7,move,improve
5569,5,16251.8,5,16247.7,2opt,notBad
5570,5,16251.8,5,16247.7,2opt,notBad
5571,5,16251.8,5,16247.7,2opt,notBad
5572,5,16251.8,5,16247.7,move,improve
5573,5,16251.8,5,16247.7,move,improve
5574,5,16251.8,5,16247.7,swap,notBad
5575,5,16251.8,5,16247.7,move,improve
5576,5,16251.8,5,16247.7,move,improve
5577,5,16251.8,5,16247.7,swap,notBad
5578,5,16251.8,5,16247.7,swap,notBad
5579,5,16251.8,5,16247.7,move,improve
5580,5,16251.8,5,16247.7,2opt,notBad
5581,5,16251.8,5,16247.7,swap,notBad
5582,5,16251.8,5,16247.7,2opt,notBad
5583,5,16251.8,5,16247.7,2opt,notBad
5584,5,16251.8,5,16247.7,move,improve
5585,5,16251.8,5,16247.7,2opt,improve
5586,5,16251.8,5,16247.7,2opt,notBad
5587,5,16251.8,5,16247.7,move,improve
5588,5,16251.8,5,16247.7,move,improve
5589,5,16251.8,5,16247.7,move,improve
5590,5,16251.8,5,16247.7,move,improve
5591,5,16251.8,5,16247.7,2opt,notBad
5592,5,16251.8,5,16247.7,swap,notBad
5593,5,16251.8,5,16247.7,move,improve
5594,5,16251.8,5,16247.7,move,improve
5595,5,16218.0,5,16218.0,move,newBest
5596,5,16218.0,5,16218.0,swap,notBad
5597,5,16218.0,5,16218.0,swap,notBad
5598,5,16218.0,5,16218.0,swap,notBad
5599,5,16218.0,5,16218.0,2opt,notBad
5600,5,16218.0,5,16218.0,move,improve
5601,5,16218.0,5,16218.0,swap,notBad
5602,5,16218.0,5,16218.0,swap,notBad
5603,5,16218.0,5,16218.0,move,improve
5604,5,16218.0,5,16218.0,move,improve
5605,5,16218.0,5,16218.0,swap,notBad
5606,5,16218.0,5,16218.0,swap,notBad
5607,5,16218.0,5,16218.0,2opt,notBad
5608,5,16218.0,5,16218.0,2opt,notBad
5609,5,16218.0,5,16218.0,2opt,notBad
5610,5,16218.0,5,16218.0,2opt,notBad
5611,5,16218.0,5,16218.0,move,improve
5612,5,16218.0,5,16218.0,swap,notBad
5613,5,16218.0,5,16218.0,move,improve
5614,5,16218.0,5,16218.0,swap,notBad
5615,5,16218.0,5,16218.0,swap,notBad
5616,5,16218.0,5,16218.0,swap,notBad
5617,5,16218.0,5,16218.0,2opt,notBad
5618,5,16218.0,5,16218.0,move,improve
5619,5,16218.0,5,16218.0,move,improve
5620,5,16218.0,5,16218.0,2opt,notBad
5621,5,16218.0,5,16218.0,2opt,notBad
5622,5,16218.0,5,16218.0,move,improve
5623,5,16218.0,5,16218.0,swap,notBad
5624,5,16218.0,5,16218.0,2opt,improve
5625,5,16218.0,5,16218.0,2opt,notBad
5626,5,16218.0,5,16218.0,move,improve
5627,5,16218.0,5,16218.0,move,improve
5628,5,16218.0,5,16218.0,2opt,notBad
5629,5,16218.0,5,16218.0,2opt,notBad
5630,5,16218.0,5,16218.0,move,improve
5631,5,16218.0,5,16218.0,swap,notBad
5632,5,16218.0,5,16218.0,2opt,notBad
5633,5,16218.0,5,16218.0,2opt,notBad
5634,5,16218.0,5,16218.0,2opt,notBad
5635,5,16218.0,5,16218.0,2opt,notBad
5636,5,16218.0,5,16218.0,2opt,notBad
5637,5,16218.0,5,16218.0,2opt,notBad
5638,5,16240.400000000001,5,16218.0,move,acceptBad
5639,5,16240.400000000001,5,16218.0,swap,notBad
5640,5,16240.400000000001,5,16218.0,swap,notBad
5641,5,16240.400000000001,5,16218.0,move,improve
5642,5,16240.400000000001,5,16218.0,2opt,notBad
5643,5,16240.400000000001,5,16218.0,move,improve
5644,5,16240.400000000001,5,16218.0,swap,notBad
5645,5,16240.400000000001,5,16218.0,move,improve
5646,5,16240.400000000001,5,16218.0,2opt,notBad
5647,5,16240.400000000001,5,16218.0,move,improve
5648,5,16240.400000000001,5,16218.0,swap,notBad
5649,5,16240.400000000001,5,16218.0,move,improve
5650,5,16240.400000000001,5,16218.0,swap,notBad
5651,5,16240.400000000001,5,16218.0,2opt,notBad
5652,5,16240.400000000001,5,16218.0,swap,notBad
5653,5,16240.400000000001,5,16218.0,swap,notBad
5654,5,16240.400000000001,5,16218.0,2opt,improve
5655,5,16240.400000000001,5,16218.0,move,improve
5656,5,16240.400000000001,5,16218.0,2opt,notBad
5657,5,16240.400000000001,5,16218.0,2opt,notBad
5658,5,16240.400000000001,5,16218.0,2opt,notBad
5659,5,16240.400000000001,5,16218.0,swap,notBad
5660,5,16240.400000000001,5,16218.0,swap,notBad
5661,5,16240.400000000001,5,16218.0,swap,notBad
5662,5,16240.400000000001,5,16218.0,2opt,notBad
5663,5,16240.400000000001,5,16218.0,swap,notBad
5664,5,16240.400000000001,5,16218.0,move,improve
5665,5,16240.400000000001,5,16218.0,move,improve
5666,5,16240.400000000001,5,16218.0,move,improve
5667,5,16240.400000000001,5,16218.0,move,improve
5668,5,16240.400000000001,5,16218.0,2opt,notBad
5669,5,16240.400000000001,5,16218.0,swap,notBad
5670,5,16240.400000000001,5,16218.0,2opt,notBad
5671,5,16240.400000000001,5,16218.0,swap,notBad
5672,5,16240.400000000001,5,16218.0,swap,notBad
5673,5,16240.400000000001,5,16218.0,swap,notBad
5674,5,16240.400000000001,5,16218.0,move,improve
5675,5,16240.400000000001,5,16218.0,2opt,notBad
5676,5,16240.400000000001,5,16218.0,2opt,notBad
5677,5,16240.400000000001,5,16218.0,2opt,notBad
5678,5,16240.400000000001,5,16218.0,2opt,notBad
5679,5,16240.400000000001,5,16218.0,swap,notBad
5680,5,16240.400000000001,5,16218.0,move,improve
5681,5,16218.0,5,16218.0,move,improve
5682,5,16214.6,5,16214.6,move,newBest
5683,5,16214.6,5,16214.6,2opt,notBad
5684,5,16214.6,5,16214.6,2opt,notBad
5685,5,16214.6,5,16214.6,swap,notBad
5686,5,16214.6,5,16214.6,move,improve
5687,5,16214.6,5,16214.6,2opt,notBad
5688,5,16214.6,5,16214.6,move,improve
5689,5,16214.6,5,16214.6,move,improve
5690,5,16214.6,5,16214.6,2opt,notBad
5691,5,16214.6,5,16214.6,swap,notBad
5692,5,16214.6,5,16214.6,move,improve
5693,5,16214.6,5,16214.6,2opt,notBad
5694,5,16214.6,5,16214.6,2opt,improve
5695,5,16214.6,5,16214.6,move,improve
5696,5,16214.6,5,16214.6,move,improve
5697,5,16214.6,5,16214.6,2opt,notBad
5698,5,16214.6,5,16214.6,2opt,notBad
5699,5,16214.6,5,16214.6,move,improve
5700,5,16214.6,5,16214.6,swap,notBad
5701,5,16214.6,5,16214.6,move,improve
5702,5,16214.6,5,16214.6,2opt,notBad
5703,5,16214.6,5,16214.6,2opt,notBad
5704,5,16214.6,5,16214.6,2opt,notBad
5705,5,16214.6,5,16214.6,move,improve
5706,5,16214.6,5,16214.6,2opt,notBad
5707,5,16214.6,5,16214.6,swap,notBad
5708,5,16214.6,5,16214.6,swap,notBad
5709,5,16214.6,5,16214.6,move,improve
5710,5,16214.6,5,16214.6,move,improve
5711,5,16214.6,5,16214.6,move,improve
5712,5,16214.6,5,16214.6,swap,notBad
5713,5,16214.6,5,16214.6,swap,notBad
5714,5,16214.6,5,16214.6,swap,notBad
5715,5,16214.6,5,16214.6,2opt,notBad
5716,5,16214.6,5,16214.6,move,improve
5717,5,16214.6,5,16214.6,2opt,notBad
5718,5,16214.6,5,16214.6,move,improve
5719,5,16214.6,5,16214.6,2opt,notBad
5720,5,16214.6,5,16214.6,move,improve
5721,5,16214.6,5,16214.6,2opt,notBad
5722,5,16214.6,5,16214.6,2opt,notBad
5723,5,16214.6,5,16214.6,2opt,notBad
5724,5,16214.6,5,16214.6,swap,notBad
5725,5,16214.6,5,16214.6,swap,notBad
5726,5,16214.6,5,16214.6,2opt,notBad
5727,5,16214.6,5,16214.6,swap,notBad
5728,5,16214.6,5,16214.6,2opt,notBad
5729,5,16214.6,5,16214.6,swap,notBad
5730,5,16214.6,5,16214.6,move,improve
5731,5,16214.6,5,16214.6,move,improve
5732,5,16214.6,5,16214.6,2opt,notBad
5733,5,16214.6,5,16214.6,swap,notBad
5734,5,16214.6,5,16214.6,swap,notBad
5735,5,16214.6,5,16214.6,move,improve
5736,5,16214.6,5,16214.6,2opt,improve
5737,5,16214.6,5,16214.6,2opt,notBad
5738,5,16214.6,5,16214.6,swap,notBad
5739,5,16214.6,5,16214.6,2opt,notBad
5740,5,16214.6,5,16214.6,swap,notBad
5741,5,16214.6,5,16214.6,move,improve
5742,5,16214.6,5,16214.6,move,improve
5743,5,16214.6,5,16214.6,swap,notBad
5744,5,16214.6,5,16214.6,move,improve
5745,5,16214.6,5,16214.6,move,improve
5746,5,16214.6,5,16214.6,swap,notBad
5747,5,16214.6,5,16214.6,2opt,notBad
5748,5,16214.6,5,16214.6,swap,notBad
5749,5,16214.6,5,16214.6,swap,notBad
5750,5,16214.6,5,16214.6,move,improve
5751,5,16214.6,5,16214.6,swap,notBad
5752,5,16214.6,5,16214.6,swap,notBad
5753,5,16214.6,5,16214.6,swap,notBad
5754,5,16214.6,5,16214.6,swap,notBad
5755,5,16214.6,5,16214.6,move,improve
5756,5,16214.6,5,16214.6,2opt,notBad
5757,5,16214.6,5,16214.6,2opt,notBad
5758,5,16214.6,5,16214.6,move,improve
5759,5,16214.6,5,16214.6,swap,notBad
5760,5,16214.6,5,16214.6,move,improve
5761,5,16214.6,5,16214.6,swap,notBad
5762,5,16214.6,5,16214.6,move,improve
5763,5,16214.6,5,16214.6,2opt,improve
5764,5,16214.6,5,16214.6,move,improve
5765,5,16214.6,5,16214.6,swap,notBad
5766,5,16214.6,5,16214.6,2opt,notBad
5767,5,16214.6,5,16214.6,2opt,notBad
5768,5,16214.6,5,16214.6,2opt,notBad
5769,5,16214.6,5,16214.6,2opt,improve
5770,5,16214.6,5,16214.6,2opt,notBad
5771,5,16214.6,5,16214.6,2opt,notBad
5772,5,16214.6,5,16214.6,swap,notBad
5773,5,16214.6,5,16214.6,swap,notBad
5774,5,16214.6,5,16214.6,move,improve
5775,5,16214.6,5,16214.6,move,improve
5776,5,16214.6,5,16214.6,swap,notBad
5777,5,16214.6,5,16214.6,2opt,notBad
5778,5,16214.6,5,16214.6,swap,notBad
5779,5,16214.6,5,16214.6,move,improve
5780,5,16214.6,5,16214.6,move,improve
5781,5,16214.6,5,16214.6,swap,notBad
5782,5,16214.6,5,16214.6,swap,notBad
5783,5,16214.6,5,16214.6,swap,notBad
5784,5,16214.6,5,16214.6,move,improve
5785,5,16214.6,5,16214.6,2opt,notBad
5786,5,16214.6,5,16214.6,move,improve
5787,5,16214.6,5,16214.6,2opt,notBad
5788,5,16214.6,5,16214.6,2opt,notBad
5789,5,16214.6,5,16214.6,2opt,notBad
5790,5,16214.6,5,16214.6,move,improve
5791,5,16214.6,5,16214.6,move,improve
5792,5,16229.2,5,16214.6,swap,acceptBad
5793,5,16229.2,5,16214.6,swap,notBad
5794,5,16229.2,5,16214.6,move,improve
5795,5,16229.2,5,16214.6,2opt,notBad
5796,5,16229.2,5,16214.6,2opt,notBad
5797,5,16229.2,5,16214.6,2opt,notBad
5798,5,16229.2,5,16214.6,2opt,notBad
5799,5,16229.2,5,16214.6,swap,notBad
5800,5,16229.2,5,16214.6,move,improve
5801,5,16229.2,5,16214.6,2opt,notBad
5802,5,16229.2,5,16214.6,move,improve
5803,5,16229.2,5,16214.6,2opt,notBad
5804,5,16229.2,5,16214.6,swap,notBad
5805,5,16229.2,5,16214.6,2opt,notBad
5806,5,16229.2,5,16214.6,move,improve
5807,5,16229.2,5,16214.6,swap,notBad
5808,5,16229.2,5,16214.6,2opt,notBad
5809,5,16229.2,5,16214.6,move,improve
5810,5,16229.2,5,16214.6,swap,notBad
5811,5,16229.2,5,16214.6,2opt,notBad
5812,5,16229.2,5,16214.6,2opt,notBad
5813,5,16229.2,5,16214.6,swap,notBad
5814,5,16229.2,5,16214.6,move,improve
5815,5,16229.2,5,16214.6,move,improve
5816,5,16229.2,5,16214.6,swap,notBad
5817,5,16229.2,5,16214.6,2opt,notBad
5818,5,16229.2,5,16214.6,swap,notBad
5819,5,16229.2,5,16214.6,swap,notBad
5820,5,16229.2,5,16214.6,swap,notBad
5821,5,16229.2,5,16214.6,move,improve
5822,5,16229.2,5,16214.6,2opt,notBad
5823,5,16229.2,5,16214.6,swap,notBad
5824,5,16229.2,5,16214.6,move,improve
5825,5,16229.2,5,16214.6,swap,notBad
5826,5,16229.2,5,16214.6,2opt,notBad
5827,5,16229.2,5,16214.6,move,improve
5828,5,16229.2,5,16214.6,2opt,notBad
5829,5,16229.2,5,16214.6,move,improve
5830,5,16229.2,5,16214.6,swap,notBad
5831,5,16229.2,5,16214.6,move,improve
5832,5,16229.2,5,16214.6,2opt,notBad
5833,5,16229.2,5,16214.6,2opt,notBad
5834,5,16229.2,5,16214.6,move,improve
5835,5,16214.6,5,16214.6,move,improve
5836,5,16214.6,5,16214.6,move,improve
5837,5,16214.6,5,16214.6,move,improve
5838,5,16214.6,5,16214.6,swap,notBad
5839,5,16214.6,5,16214.6,swap,notBad
5840,5,16214.6,5,16214.6,swap,notBad
5841,5,16214.6,5,16214.6,move,improve
5842,5,16214.6,5,16214.6,swap,notBad
5843,5,16214.6,5,16214.6,2opt,notBad
5844,5,16214.6,5,16214.6,swap,notBad
5845,5,16214.6,5,16214.6,2opt,notBad
5846,5,16214.6,5,16214.6,move,improve
5847,5,16214.6,5,16214.6,swap,notBad
5848,5,16214.6,5,16214.6,2opt,improve
5849,5,16214.6,5,16214.6,move,improve
5850,5,16214.6,5,16214.6,2opt,notBad
5851,5,16214.6,5,16214.6,move,improve
5852,5,16214.6,5,16214.6,2opt,improve
5853,5,16214.6,5,16214.6,move,improve
5854,5,16214.6,5,16214.6,2opt,notBad
5855,5,16214.6,5,16214.6,swap,notBad
5856,5,16214.6,5,16214.6,2opt,notBad
5857,5,16214.6,5,16214.6,2opt,notBad
5858,5,16214.6,5,16214.6,move,improve
5859,5,16214.6,5,16214.6,move,improve
5860,5,16214.6,5,16214.6,move,improve
5861,5,16214.6,5,16214.6,2opt,notBad
5862,5,16214.6,5,16214.6,2opt,notBad
5863,5,16214.6,5,16214.6,move,improve
5864,5,16214.6,5,16214.6,2opt,notBad
5865,5,16214.6,5,16214.6,swap,notBad
5866,5,16214.6,5,16214.6,swap,notBad
5867,5,16214.6,5,16214.6,move,improve
5868,5,16214.6,5,16214.6,swap,notBad
5869,5,16214.6,5,16214.6,2opt,notBad
5870,5,16214.6,5,16214.6,move,improve
5871,5,16214.6,5,16214.6,2opt,notBad
5872,5,16214.6,5,16214.6,swap,notBad
5873,5,16214.6,5,16214.6,move,improve
5874,5,16214.6,5,16214.6,swap,notBad
5875,5,16214.6,5,16214.6,move,improve
5876,5,16214.6,5,16214.6,2opt,notBad
5877,5,16214.6,5,16214.6,2opt,notBad
5878,5,16214.6,5,16214.6,swap,notBad
5879,5,16214.6,5,16214.6,swap,notBad
5880,5,16214.6,5,16214.6,swap,notBad
5881,5,16218.0,5,16214.6,swap,acceptBad
5882,5,16218.0,5,16214.6,2opt,notBad
5883,5,16218.0,5,16214.6,move,improve
5884,5,16218.0,5,16214.6,swap,notBad
5885,5,16218.0,5,16214.6,swap,notBad
5886,5,16218.0,5,16214.6,swap,notBad
5887,5,16218.0,5,16214.6,move,improve
5888,5,16218.0,5,16214.6,2opt,improve
5889,5,16218.0,5,16214.6,move,improve
5890,5,16218.0,5,16214.6,move,improve
5891,5,16218.0,5,16214.6,move,improve
5892,5,16218.0,5,16214.6,swap,notBad
5893,5,16218.0,5,16214.6,move,improve
5894,5,16218.0,5,16214.6,2opt,notBad
5895,5,16218.0,5,16214.6,swap,notBad
5896,5,16218.0,5,16214.6,2opt,notBad
5897,5,16218.0,5,16214.6,2opt,notBad
5898,5,16218.0,5,16214.6,move,improve
5899,5,16218.0,5,16214.6,swap,notBad
5900,5,16218.0,5,16214.6,move,improve
5901,5,16218.0,5,16214.6,move,improve
5902,5,16218.0,5,16214.6,2opt,notBad
5903,5,16218.0,5,16214.6,2opt,notBad
5904,5,16218.0,5,16214.6,swap,notBad
5905,5,16218.0,5,16214.6,2opt,notBad
5906,5,16218.0,5,16214.6,swap,notBad
5907,5,16218.0,5,16214.6,move,improve
5908,5,16218.0,5,16214.6,2opt,notBad
5909,5,16218.0,5,16214.6,swap,notBad
5910,5,16218.0,5,16214.6,move,improve
5911,5,16218.0,5,16214.6,move,improve
5912,5,16218.0,5,16214.6,swap,notBad
5913,5,16218.0,5,16214.6,2opt,notBad
5914,5,16218.0,5,16214.6,2opt,improve
5915,5,16218.0,5,16214.6,swap,notBad
5916,5,16218.0,5,16214.6,2opt,notBad
5917,5,16218.0,5,16214.6,swap,notBad
5918,5,16218.0,5,16214.6,swap,notBad
5919,5,16218.0,5,16214.6,2opt,notBad
5920,5,16218.0,5,16214.6,2opt,notBad
5921,5,16218.0,5,16214.6,swap,notBad
5922,5,16214.6,5,16214.6,move,improve
5923,5,16214.6,5,16214.6,move,improve
5924,5,16214.6,5,16214.6,2opt,notBad
5925,5,16214.6,5,16214.6,swap,notBad
5926,5,16237.000000000002,5,16214.6,move,acceptBad
5927,5,16237.000000000002,5,16214.6,2opt,improve
5928,5,16237.000000000002,5,16214.6,2opt,improve
5929,5,16237.000000000002,5,16214.6,move,improve
5930,5,16237.000000000002,5,16214.6,2opt,improve
5931,5,16237.000000000002,5,16214.6,swap,notBad
5932,5,16237.000000000002,5,16214.6,move,improve
5933,5,16237.000000000002,5,16214.6,swap,notBad
5934,5,16237.000000000002,5,16214.6,2opt,notBad
5935,5,16237.000000000002,5,16214.6,swap,notBad
5936,5,16237.000000000002,5,16214.6,2opt,notBad
5937,5,16237.000000000002,5,16214.6,move,improve
5938,5,16237.000000000002,5,16214.6,swap,notBad
5939,5,16237.000000000002,5,16214.6,move,improve
5940,5,16237.000000000002,5,16214.6,move,improve
5941,5,16237.000000000002,5,16214.6,move,improve
5942,5,16237.000000000002,5,16214.6,move,improve
5943,5,16237.000000000002,5,16214.6,2opt,notBad
5944,5,16237.000000000002,5,16214.6,swap,notBad
5945,5,16237.000000000002,5,16214.6,move,improve
5946,5,16237.000000000002,5,16214.6,swap,notBad
5947,5,16237.000000000002,5,16214.6,2opt,notBad
5948,5,16237.000000000002,5,16214.6,move,improve
5949,5,16237.000000000002,5,16214.6,2opt,notBad
5950,5,16237.000000000002,5,16214.6,swap,notBad
5951,5,16237.000000000002,5,16214.6,swap,notBad
5952,5,16237.000000000002,5,16214.6,swap,notBad
5953,5,16237.000000000002,5,16214.6,2opt,notBad
5954,5,16237.000000000002,5,16214.6,2opt,notBad
5955,5,16237.000000000002,5,16214.6,2opt,notBad
5956,5,16237.000000000002,5,16214.6,2opt,notBad
5957,5,16237.000000000002,5,16214.6,move,improve
5958,5,16237.000000000002,5,16214.6,move,improve
5959,5,16237.000000000002,5,16214.6,swap,notBad
5960,5,16237.000000000002,5,16214.6,2opt,notBad
5961,5,16237.000000000002,5,16214.6,2opt,notBad
5962,5,16237.000000000002,5,16214.6,move,improve
5963,5,16237.000000000002,5,16214.6,2opt,notBad
5964,5,16237.000000000002,5,16214.6,move,improve
5965,5,16237.000000000002,5,16214.6,swap,notBad
5966,5,16237.000000000002,5,16214.6,move,improve
5967,5,16237.000000000002,5,16214.6,swap,notBad
5968,5,16237.000000000002,5,16214.6,2opt,improve
5969,5,16237.000000000002,5,16214.6,2opt,notBad
5970,5,16237.000000000002,5,16214.6,2opt,notBad
5971,5,16237.000000000002,5,16214.6,move,improve
5972,5,16237.000000000002,5,16214.6,swap,notBad
5973,5,16237.000000000002,5,16214.6,2opt,notBad
5974,5,16237.000000000002,5,16214.6,swap,notBad
5975,5,16237.000000000002,5,16214.6,swap,notBad
5976,5,16237.000000000002,5,16214.6,move,improve
5977,5,16237.000000000002,5,16214.6,move,improve
5978,5,16237.000000000002,5,16214.6,2opt,notBad
5979,5,16237.000000000002,5,16214.6,move,improve
5980,5,16237.000000000002,5,16214.6,2opt,notBad
5981,5,16237.000000000002,5,16214.6,swap,notBad
5982,5,16237.000000000002,5,16214.6,swap,notBad
5983,5,16237.000000000002,5,16214.6,swap,notBad
5984,5,16237.000000000002,5,16214.6,swap,notBad
5985,5,16237.000000000002,5,16214.6,swap,notBad
5986,5,16237.000000000002,5,16214.6,swap,notBad
5987,5,16237.000000000002,5,16214.6,move,improve
5988,5,16237.000000000002,5,16214.6,move,improve
5989,5,16237.000000000002,5,16214.6,swap,notBad
5990,5,16237.000000000002,5,16214.6,2opt,notBad
5991,5,16237.000000000002,5,16214.6,2opt,notBad
5992,5,16237.000000000002,5,16214.6,move,improve
5993,5,16237.000000000002,5,16214.6,swap,notBad
5994,5,16237.000000000002,5,16214.6,move,improve
5995,5,16237.000000000002,5,16214.6,move,improve
5996,5,16237.000000000002,5,16214.6,move,improve
5997,5,16237.000000000002,5,16214.6,move,improve
5998,5,16237.000000000002,5,16214.6,swap,notBad
5999,5,16237.000000000002,5,16214.6,swap,notBad
6000,5,16237.000000000002,5,16214.6,swap,notBad
6001,5,16237.000000000002,5,16214.6,move,improve
6002,5,16237.000000000002,5,16214.6,2opt,notBad
6003,5,16237.000000000002,5,16214.6,2opt,notBad
6004,5,16237.000000000002,5,16214.6,move,improve
6005,5,16237.000000000002,5,16214.6,move,improve
6006,5,16237.000000000002,5,16214.6,2opt,notBad
6007,5,16237.000000000002,5,16214.6,swap,notBad
6008,5,16237.000000000002,5,16214.6,2opt,notBad
6009,5,16237.000000000002,5,16214.6,swap,notBad
6010,5,16237.000000000002,5,16214.6,swap,notBad
6011,5,16237.000000000002,5,16214.6,swap,notBad
6012,5,16237.000000000002,5,16214.6,move,improve
6013,5,16237.000000000002,5,16214.6,move,improve
6014,5,16237.000000000002,5,16214.6,swap,notBad
6015,5,16237.000000000002,5,16214.6,swap,notBad
6016,5,16237.000000000002,5,16214.6,swap,notBad
6017,5,16237.000000000002,5,16214.6,move,improve
6018,5,16237.000000000002,5,16214.6,2opt,notBad
6019,5,16237.000000000002,5,16214.6,2opt,improve
6020,5,16237.000000000002,5,16214.6,2opt,notBad
6021,5,16237.000000000002,5,16214.6,move,improve
6022,5,16237.000000000002,5,16214.6,swap,notBad
6023,5,16237.000000000002,5,16214.6,swap,notBad
6024,5,16237.000000000002,5,16214.6,move,improve
6025,5,16237.000000000002,5,16214.6,move,improve
6026,5,16237.000000000002,5,16214.6,2opt,notBad
6027,5,16237.000000000002,5,16214.6,2opt,notBad
6028,5,16237.000000000002,5,16214.6,move,improve
6029,5,16237.000000000002,5,16214.6,2opt,notBad
6030,5,16237.000000000002,5,16214.6,move,improve
6031,5,16237.000000000002,5,16214.6,swap,notBad
6032,5,16237.000000000002,5,16214.6,swap,notBad
6033,5,16237.000000000002,5,16214.6,swap,notBad
6034,5,16237.000000000002,5,16214.6,2opt,notBad
6035,5,16237.000000000002,5,16214.6,2opt,notBad
6036,5,16237.000000000002,5,16214.6,2opt,notBad
6037,5,16237.000000000002,5,16214.6,swap,notBad
6038,5,16237.000000000002,5,16214.6,2opt,improve
6039,5,16237.000000000002,5,16214.6,swap,notBad
6040,5,16237.000000000002,5,16214.6,swap,notBad
6041,5,16237.000000000002,5,16214.6,2opt,notBad
6042,5,16237.000000000002,5,16214.6,swap,notBad
6043,5,16237.000000000002,5,16214.6,2opt,notBad
6044,5,16237.000000000002,5,16214.6,swap,notBad
6045,5,16237.000000000002,5,16214.6,move,improve
6046,5,16237.000000000002,5,16214.6,move,improve
6047,5,16237.000000000002,5,16214.6,move,improve
6048,5,16237.000000000002,5,16214.6,move,improve
6049,5,16237.000000000002,5,16214.6,swap,notBad
6050,5,16237.000000000002,5,16214.6,2opt,notBad
6051,5,16237.000000000002,5,16214.6,2opt,notBad
6052,5,16237.000000000002,5,16214.6,move,improve
6053,5,16237.000000000002,5,16214.6,2opt,notBad
6054,5,16237.000000000002,5,16214.6,2opt,notBad
6055,5,16237.000000000002,5,16214.6,move,improve
6056,5,16237.000000000002,5,16214.6,move,improve
6057,5,16237.000000000002,5,16214.6,swap,notBad
6058,5,16294.5,5,16214.6,move,acceptBad
6059,5,16294.5,5,16214.6,swap,notBad
6060,5,16294.5,5,16214.6,swap,notBad
6061,5,16294.5,5,16214.6,2opt,notBad
6062,5,16294.5,5,16214.6,2opt,notBad
6063,5,16294.5,5,16214.6,move,improve
6064,5,16294.5,5,16214.6,swap,notBad
6065,5,16294.5,5,16214.6,move,improve
6066,5,16294.5,5,16214.6,swap,notBad
6067,5,16294.5,5,16214.6,move,improve
6068,5,16294.5,5,16214.6,swap,notBad
6069,5,16294.5,5,16214.6,move,improve
6070,5,16294.5,5,16214.6,move,improve
6071,5,16294.5,5,16214.6,2opt,notBad
6072,5,16294.5,5,16214.6,swap,notBad
6073,5,16294.5,5,16214.6,2opt,notBad
6074,5,16294.5,5,16214.6,2opt,notBad
6075,5,16294.5,5,16214.6,move,improve
6076,5,16294.5,5,16214.6,2opt,notBad
6077,5,16294.5,5,16214.6,swap,notBad
6078,5,16294.5,5,16214.6,move,improve
6079,5,16294.5,5,16214.6,2opt,notBad
6080,5,16294.5,5,16214.6,2opt,notBad
6081,5,16294.5,5,16214.6,2opt,notBad
6082,5,16294.5,5,16214.6,move,improve
6083,5,16294.5,5,16214.6,2opt,notBad
6084,5,16294.5,5,16214.6,2opt,notBad
6085,5,16294.5,5,16214.6,swap,notBad
6086,5,16294.5,5,16214.6,move,improve
6087,5,16294.5,5,16214.6,2opt,notBad
6088,5,16294.5,5,16214.6,move,notBad
6089,5,16294.5,5,16214.6,swap,notBad
6090,5,16294.5,5,16214.6,2opt,notBad
6091,5,16294.5,5,16214.6,2opt,notBad
6092,5,16294.5,5,16214.6,2opt,notBad
6093,5,16294.5,5,16214.6,swap,notBad
6094,5,16294.5,5,16214.6,swap,notBad
6095,5,16294.5,5,16214.6,swap,notBad
6096,5,16294.5,5,16214.6,2opt,notBad
6097,5,16294.5,5,16214.6,swap,notBad
6098,5,16294.5,5,16214.6,swap,notBad
6099,5,16294.5,5,16214.6,swap,notBad
6100,5,16294.5,5,16214.6,swap,notBad
6101,5,16294.5,5,16214.6,2opt,notBad
6102,5,16294.5,5,16214.6,move,improve
6103,5,16294.5,5,16214.6,swap,notBad
6104,5,16294.5,5,16214.6,move,improve
6105,5,16294.5,5,16214.6,swap,notBad
6106,5,16294.5,5,16214.6,2opt,notBad
6107,5,16294.5,5,16214.6,2opt,notBad
6108,5,16294.5,5,16214.6,move,improve
6109,5,16294.5,5,16214.6,swap,notBad
6110,5,16294.5,5,16214.6,move,improve
6111,5,16294.5,5,16214.6,move,improve
6112,5,16294.5,5,16214.6,move,improve
6113,5,16294.5,5,16214.6,2opt,notBad
6114,5,16294.5,5,16214.6,2opt,notBad
6115,5,16294.5,5,16214.6,2opt,notBad
6116,5,16294.5,5,16214.6,move,improve
6117,5,16294.5,5,16214.6,move,improve
6118,5,16294.5,5,16214.6,move,improve
6119,5,16294.5,5,16214.6,move,improve
6120,5,16294.5,5,16214.6,swap,notBad
6121,5,16294.5,5,16214.6,move,improve
6122,5,16294.5,5,16214.6,move,improve
6123,5,16294.5,5,16214.6,2opt,notBad
6124,5,16294.5,5,16214.6,move,improve
6125,5,16294.5,5,16214.6,swap,notBad
6126,5,16294.5,5,16214.6,2opt,notBad
6127,5,16294.5,5,16214.6,2opt,notBad
6128,5,16294.5,5,16214.6,swap,notBad
6129,5,16294.5,5,16214.6,2opt,notBad
6130,5,16294.5,5,16214.6,2opt,notBad
6131,5,16294.5,5,16214.6,move,improve
6132,5,16294.5,5,16214.6,2opt,notBad
6133,5,16294.5,5,16214.6,swap,notBad
6134,5,16294.5,5,16214.6,move,improve
6135,5,16294.5,5,16214.6,2opt,notBad
6136,5,16294.5,5,16214.6,swap,notBad
6137,5,16294.5,5,16214.6,swap,notBad
6138,5,16302.699999999999,5,16214.6,swap,acceptBad
6139,5,16302.699999999999,5,16214.6,2opt,notBad
6140,5,16302.699999999999,5,16214.6,swap,notBad
6141,5,16302.699999999999,5,16214.6,swap,notBad
6142,5,16302.699999999999,5,16214.6,swap,notBad
6143,5,16302.699999999999,5,16214.6,2opt,notBad
6144,5,16302.699999999999,5,16214.6,move,improve
6145,5,16302.699999999999,5,16214.6,move,notBad
6146,5,16294.699999999999,5,16214.6,move,improve
6147,5,16294.699999999999,5,16214.6,2opt,notBad
6148,5,16294.699999999999,5,16214.6,swap,notBad
6149,5,16294.699999999999,5,16214.6,move,improve
6150,5,16294.699999999999,5,16214.6,move,improve
6151,5,16294.699999999999,5,16214.6,2opt,notBad
6152,5,16294.699999999999,5,16214.6,2opt,notBad
6153,5,16294.699999999999,5,16214.6,2opt,notBad
6154,5,16294.699999999999,5,16214.6,move,improve
6155,5,16294.699999999999,5,16214.6,swap,notBad
6156,5,16294.699999999999,5,16214.6,move,improve
6157,5,16294.699999999999,5,16214.6,2opt,notBad
6158,5,16294.699999999999,5,16214.6,2opt,notBad
6159,5,16294.699999999999,5,16214.6,move,improve
6160,5,16294.699999999999,5,16214.6,swap,notBad
6161,5,16294.699999999999,5,16214.6,2opt,notBad
6162,5,16294.699999999999,5,16214.6,swap,notBad
6163,5,16294.699999999999,5,16214.6,2opt,notBad
6164,5,16294.699999999999,5,16214.6,move,improve
6165,5,16294.699999999999,5,16214.6,move,improve
6166,5,16294.699999999999,5,16214.6,swap,notBad
6167,5,16294.699999999999,5,16214.6,swap,notBad
6168,5,16294.699999999999,5,16214.6,2opt,notBad
6169,5,16294.699999999999,5,16214.6,2opt,notBad
6170,5,16294.699999999999,5,16214.6,2opt,notBad
6171,5,16294.699999999999,5,16214.6,move,improve
6172,5,16294.699999999999,5,16214.6,move,improve
6173,5,16294.699999999999,5,16214.6,move,improve
6174,5,16294.699999999999,5,16214.6,2opt,improve
6175,5,16294.699999999999,5,16214.6,2opt,notBad
6176,5,16294.699999999999,5,16214.6,2opt,notBad
6177,5,16294.699999999999,5,16214.6,2opt,notBad
6178,5,16294.699999999999,5,16214.6,2opt,notBad
6179,5,16294.699999999999,5,16214.6,swap,notBad
6180,5,16294.699999999999,5,16214.6,2opt,notBad
6181,5,16294.699999999999,5,16214.6,2opt,notBad
6182,5,16294.699999999999,5,16214.6,move,improve
6183,5,16294.699999999999,5,16214.6,swap,notBad
6184,5,16294.699999999999,5,16214.6,swap,notBad
6185,5,16294.699999999999,5,16214.6,2opt,notBad
6186,5,16294.699999999999,5,16214.6,move,improve
6187,5,16294.699999999999,5,16214.6,move,improve
6188,5,16294.699999999999,5,16214.6,swap,notBad
6189,5,16294.699999999999,5,16214.6,swap,notBad
6190,5,16294.699999999999,5,16214.6,swap,notBad
6191,5,16294.699999999999,5,16214.6,2opt,notBad
6192,5,16294.699999999999,5,16214.6,move,improve
6193,5,16294.699999999999,5,16214.6,move,improve
6194,5,16294.699999999999,5,16214.6,move,improve
6195,5,16294.699999999999,5,16214.6,2opt,notBad
6196,5,16294.699999999999,5,16214.6,move,improve
6197,5,16294.699999999999,5,16214.6,2opt,notBad
6198,5,16286.5,5,16214.6,move,improve
6199,5,16286.5,5,16214.6,move,improve
6200,5,16286.5,5,16214.6,move,improve
6201,5,16286.5,5,16214.6,move,notBad
6202,5,16286.5,5,16214.6,swap,notBad
6203,5,16286.5,5,16214.6,move,improve
6204,5,16286.5,5,16214.6,2opt,notBad
6205,5,16286.5,5,16214.6,2opt,notBad
6206,5,16286.5,5,16214.6,swap,notBad
6207,5,16286.5,5,16214.6,swap,notBad
6208,5,16286.5,5,16214.6,swap,notBad
6209,5,16286.5,5,16214.6,2opt,notBad
6210,5,16286.5,5,16214.6,move,improve
6211,5,16286.5,5,16214.6,move,improve
6212,5,16286.5,5,16214.6,2opt,notBad
6213,5,16286.5,5,16214.6,move,improve
6214,5,16286.5,5,16214.6,2opt,notBad
6215,5,16286.5,5,16214.6,swap,notBad
6216,5,16286.5,5,16214.6,swap,notBad
6217,5,16286.5,5,16214.6,swap,notBad
6218,5,16286.5,5,16214.6,2opt,notBad
6219,5,16286.5,5,16214.6,swap,notBad
6220,5,16286.5,5,16214.6,move,improve
6221,5,16286.5,5,16214.6,move,improve
6222,5,16286.5,5,16214.6,swap,notBad
6223,5,16286.5,5,16214.6,swap,notBad
6224,5,16286.5,5,16214.6,swap,notBad
6225,5,16286.5,5,16214.6,swap,notBad
6226,5,16286.5,5,16214.6,swap,notBad
6227,5,16286.5,5,16214.6,2opt,notBad
6228,5,16286.5,5,16214.6,move,improve
6229,5,16286.5,5,16214.6,move,improve
6230,5,16286.5,5,16214.6,swap,notBad
6231,5,16286.5,5,16214.6,swap,notBad
6232,5,16286.5,5,16214.6,move,improve
6233,5,16286.5,5,16214.6,swap,notBad
6234,5,16286.5,5,16214.6,2opt,notBad
6235,5,16286.5,5,16214.6,swap,notBad
6236,5,16286.5,5,16214.6,2opt,notBad
6237,5,16286.5,5,16214.6,move,improve
6238,5,16286.5,5,16214.6,move,improve
6239,5,16286.5,5,16214.6,swap,notBad
6240,5,16286.5,5,16214.6,swap,notBad
6241,5,16286.5,5,16214.6,2opt,notBad
6242,5,16286.5,5,16214.6,2opt,notBad
6243,5,16286.5,5,16214.6,2opt,improve
6244,5,16286.5,5,16214.6,swap,notBad
6245,5,16286.5,5,16214.6,2opt,notBad
6246,5,16286.5,5,16214.6,swap,notBad
6247,5,16286.5,5,16214.6,swap,notBad
6248,5,16286.5,5,16214.6,move,improve
6249,5,16286.5,5,16214.6,2opt,notBad
6250,5,16286.5,5,16214.6,move,improve
6251,5,16286.5,5,16214.6,2opt,notBad
6252,5,16286.5,5,16214.6,move,improve
6253,5,16286.5,5,16214.6,2opt,notBad
6254,5,16286.5,5,16214.6,swap,notBad
6255,5,16286.5,5,16214.6,move,improve
6256,5,16286.5,5,16214.6,2opt,notBad
6257,5,16289.9,5,16214.6,swap,acceptBad
6258,5,16289.9,5,16214.6,swap,notBad
6259,5,16289.9,5,16214.6,swap,notBad
6260,5,16289.9,5,16214.6,move,improve
6261,5,16289.9,5,16214.6,move,improve
6262,5,16289.9,5,16214.6,swap,notBad
6263,5,16289.9,5,16214.6,move,improve
6264,5,16289.9,5,16214.6,2opt,notBad
6265,5,16289.9,5,16214.6,swap,notBad
6266,5,16289.9,5,16214.6,swap,notBad
6267,5,16289.9,5,16214.6,swap,notBad
6268,5,16289.9,5,16214.6,move,improve
6269,5,16289.9,5,16214.6,swap,notBad
6270,5,16289.9,5,16214.6,2opt,notBad
6271,5,16286.5,5,16214.6,move,improve
6272,5,16286.5,5,16214.6,2opt,notBad
6273,5,16286.5,5,16214.6,2opt,notBad
6274,5,16286.5,5,16214.6,2opt,notBad
6275,5,16286.5,5,16214.6,swap,notBad
6276,5,16286.5,5,16214.6,swap,notBad
6277,5,16286.5,5,16214.6,2opt,notBad
6278,5,16286.5,5,16214.6,swap,notBad
6279,5,16286.5,5,16214.6,swap,notBad
6280,5,16286.5,5,16214.6,2opt,notBad
6281,5,16286.5,5,16214.6,2opt,notBad
6282,5,16286.5,5,16214.6,2opt,notBad
6283,5,16286.5,5,16214.6,swap,notBad
6284,5,16286.5,5,16214.6,move,improve
6285,5,16286.5,5,16214.6,move,improve
6286,5,16286.5,5,16214.6,move,improve
6287,5,16286.5,5,16214.6,2opt,notBad
6288,5,16286.5,5,16214.6,2opt,notBad
6289,5,16286.5,5,16214.6,2opt,improve
6290,5,16286.5,5,16214.6,2opt,notBad
6291,5,16286.5,5,16214.6,move,improve
6292,5,16286.5,5,16214.6,2opt,notBad
6293,5,16286.5,5,16214.6,move,improve
6294,5,16286.5,5,16214.6,move,improve
6295,5,16286.5,5,16214.6,move,improve
6296,5,16286.5,5,16214.6,move,improve
6297,5,16286.5,5,16214.6,2opt,notBad
6298,5,16286.5,5,16214.6,move,improve
6299,5,16286.5,5,16214.6,swap,notBad
6300,5,16286.5,5,16214.6,move,improve
6301,5,16286.5,5,16214.6,2opt,notBad
6302,5,16286.5,5,16214.6,swap,notBad
6303,5,16286.5,5,16214.6,move,improve
6304,5,16286.5,5,16214.6,move,improve
6305,5,16286.5,5,16214.6,move,improve
6306,5,16286.5,5,16214.6,move,improve
6307,5,16286.5,5,16214.6,2opt,improve
6308,5,16286.5,5,16214.6,swap,notBad
6309,5,16286.5,5,16214.6,move,improve
6310,5,16286.5,5,16214.6,2opt,notBad
6311,5,16286.5,5,16214.6,move,improve
6312,5,16286.5,5,16214.6,swap,notBad
6313,5,16286.5,5,16214.6,2opt,notBad
6314,5,16286.5,5,16214.6,move,improve
6315,5,16286.5,5,16214.6,swap,notBad
6316,5,16286.5,5,16214.6,2opt,notBad
6317,5,16286.5,5,16214.6,swap,notBad
6318,5,16286.5,5,16214.6,swap,notBad
6319,5,16286.5,5,16214.6,swap,notBad
6320,5,16286.5,5,16214.6,2opt,notBad
6321,5,16286.5,5,16214.6,swap,notBad
6322,5,16286.5,5,16214.6,swap,notBad
6323,5,16286.5,5,16214.6,move,improve
6324,5,16286.5,5,16214.6,swap,notBad
6325,5,16286.5,5,16214.6,2opt,notBad
6326,5,16286.5,5,16214.6,2opt,notBad
6327,5,16286.5,5,16214.6,2opt,notBad
6328,5,16286.5,5,16214.6,2opt,notBad
6329,5,16286.5,5,16214.6,2opt,notBad
6330,5,16286.5,5,16214.6,move,improve
6331,5,16286.5,5,16214.6,2opt,notBad
6332,5,16286.5,5,16214.6,move,improve
6333,5,16286.5,5,16214.6,swap,notBad
6334,5,16286.5,5,16214.6,2opt,notBad
6335,5,16286.5,5,16214.6,swap,notBad
6336,5,16286.5,5,16214.6,move,improve
6337,5,16286.5,5,16214.6,2opt,notBad
6338,5,16286.5,5,16214.6,2opt,notBad
6339,5,16286.5,5,16214.6,move,improve
6340,5,16286.5,5,16214.6,2opt,notBad
6341,5,16286.5,5,16214.6,move,improve
6342,5,16286.5,5,16214.6,swap,notBad
6343,5,16286.5,5,16214.6,2opt,notBad
6344,5,16286.5,5,16214.6,2opt,notBad
6345,5,16286.5,5,16214.6,2opt,notBad
6346,5,16286.5,5,16214.6,swap,notBad
6347,5,16286.5,5,16214.6,2opt,notBad
6348,5,16286.5,5,16214.6,move,improve
6349,5,16286.5,5,16214.6,swap,notBad
6350,5,16286.5,5,16214.6,swap,notBad
6351,5,16286.5,5,16214.6,swap,notBad
6352,5,16286.5,5,16214.6,swap,notBad
6353,5,16286.5,5,16214.6,2opt,notBad
6354,5,16286.5,5,16214.6,2opt,notBad
6355,5,16286.5,5,16214.6,move,improve
6356,5,16286.5,5,16214.6,swap,notBad
6357,5,16286.5,5,16214.6,swap,notBad
6358,5,16286.5,5,16214.6,2opt,notBad
6359,5,16286.5,5,16214.6,2opt,notBad
6360,5,16286.5,5,16214.6,swap,notBad
6361,5,16286.5,5,16214.6,move,improve
6362,5,16286.5,5,16214.6,swap,notBad
6363,5,16286.5,5,16214.6,2opt,notBad
6364,5,16286.5,5,16214.6,swap,notBad
6365,5,16286.5,5,16214.6,2opt,notBad
6366,5,16286.5,5,16214.6,2opt,notBad
6367,5,16286.5,5,16214.6,move,improve
6368,5,16286.5,5,16214.6,2opt,notBad
6369,5,16286.5,5,16214.6,move,improve
6370,5,16286.5,5,16214.6,2opt,notBad
6371,5,16286.5,5,16214.6,2opt,notBad
6372,5,16286.5,5,16214.6,swap,notBad
6373,5,16286.5,5,16214.6,2opt,notBad
6374,5,16286.5,5,16214.6,2opt,notBad
6375,5,16286.5,5,16214.6,move,improve
6376,5,16286.5,5,16214.6,swap,notBad
6377,5,16286.5,5,16214.6,2opt,notBad
6378,5,16286.5,5,16214.6,2opt,notBad
6379,5,16286.5,5,16214.6,2opt,notBad
6380,5,16286.5,5,16214.6,2opt,notBad
6381,5,16286.5,5,16214.6,2opt,notBad
6382,5,16286.5,5,16214.6,move,improve
6383,5,16286.5,5,16214.6,move,improve
6384,5,16286.5,5,16214.6,move,improve
6385,5,16286.5,5,16214.6,move,improve
6386,5,16286.5,5,16214.6,2opt,notBad
6387,5,16286.5,5,16214.6,swap,notBad
6388,5,16286.5,5,16214.6,swap,notBad
6389,5,16286.5,5,16214.6,2opt,notBad
6390,5,16286.5,5,16214.6,2opt,notBad
6391,5,16286.5,5,16214.6,move,improve
6392,5,16286.5,5,16214.6,2opt,notBad
6393,5,16286.5,5,16214.6,swap,notBad
6394,5,16286.5,5,16214.6,move,improve
6395,5,16286.5,5,16214.6,swap,notBad
6396,5,16286.5,5,16214.6,move,improve
6397,5,16294.5,5,16214.6,swap,acceptBad
6398,5,16294.5,5,16214.6,2opt,notBad
6399,5,16294.5,5,16214.6,swap,notBad
6400,5,16294.5,5,16214.6,2opt,notBad
6401,5,16294.5,5,16214.6,swap,notBad
6402,5,16294.5,5,16214.6,2opt,notBad
6403,5,16294.5,5,16214.6,swap,notBad
6404,5,16294.5,5,16214.6,2opt,notBad
6405,5,16294.5,5,16214.6,swap,notBad
6406,5,16294.5,5,16214.6,2opt,notBad
6407,5,16286.5,5,16214.6,move,improve
6408,5,16286.5,5,16214.6,move,improve
6409,5,16286.5,5,16214.6,move,improve
6410,5,16286.5,5,16214.6,move,improve
6411,5,16286.5,5,16214.6,move,improve
6412,5,16286.5,5,16214.6,swap,notBad
6413,5,16286.5,5,16214.6,2opt,notBad
6414,5,16286.5,5,16214.6,swap,notBad
6415,5,16286.5,5,16214.6,move,improve
6416,5,16286.5,5,16214.6,swap,notBad
6417,5,16286.5,5,16214.6,swap,notBad
6418,5,16286.5,5,16214.6,2opt,notBad
6419,5,16286.5,5,16214.6,2opt,notBad
6420,5,16286.5,5,16214.6,move,improve
6421,5,16286.5,5,16214.6,2opt,notBad
6422,5,16286.5,5,16214.6,move,improve
6423,5,16286.5,5,16214.6,move,improve
6424,5,16286.5,5,16214.6,swap,notBad
6425,5,16286.5,5,16214.6,move,improve
6426,5,16286.5,5,16214.6,swap,notBad
6427,5,16286.5,5,16214.6,move,improve
6428,5,16286.5,5,16214.6,move,improve
6429,5,16286.5,5,16214.6,move,improve
6430,5,16286.5,5,16214.6,swap,notBad
6431,5,16286.5,5,16214.6,2opt,notBad
6432,5,16286.5,5,16214.6,2opt,notBad
6433,5,16286.5,5,16214.6,move,improve
6434,5,16286.5,5,16214.6,move,improve
6435,5,16286.5,5,16214.6,swap,notBad
6436,5,16286.5,5,16214.6,swap,notBad
6437,5,16286.5,5,16214.6,2opt,notBad
6438,5,16286.5,5,16214.6,move,improve
6439,5,16286.5,5,16214.6,move,improve
6440,5,16286.5,5,16214.6,2opt,notBad
6441,5,16286.5,5,16214.6,swap,notBad
6442,5,16286.5,5,16214.6,move,improve
6443,5,16286.5,5,16214.6,move,improve
6444,5,16286.5,5,16214.6,move,improve
6445,5,16286.5,5,16214.6,move,improve
6446,5,16286.5,5,16214.6,2opt,notBad
6447,5,16286.5,5,16214.6,2opt,notBad
6448,5,16286.5,5,16214.6,2opt,notBad
6449,5,16286.5,5,16214.6,move,improve
6450,5,16286.5,5,16214.6,swap,notBad
6451,5,16286.5,5,16214.6,swap,notBad
6452,5,16286.5,5,16214.6,2opt,notBad
6453,5,16286.5,5,16214.6,2opt,notBad
6454,5,16286.5,5,16214.6,2opt,notBad
6455,5,16286.5,5,16214.6,swap,notBad
6456,5,16286.5,5,16214.6,swap,notBad
6457,5,16286.5,5,16214.6,move,improve
6458,5,16286.5,5,16214.6,move,improve
6459,5,16286.5,5,16214.6,move,improve
6460,5,16286.5,5,16214.6,2opt,notBad
6461,5,16286.5,5,16214.6,move,improve
6462,5,16286.5,5,16214.6,move,improve
6463,5,16286.5,5,16214.6,2opt,notBad
6464,5,16286.5,5,16214.6,2opt,improve
6465,5,16286.5,5,16214.6,move,improve
6466,5,16286.5,5,16214.6,2opt,notBad
6467,5,16286.5,5,16214.6,move,improve
6468,5,16286.5,5,16214.6,swap,notBad
6469,5,16286.5,5,16214.6,2opt,notBad
6470,5,16286.5,5,16214.6,move,improve
6471,5,16286.5,5,16214.6,move,improve
6472,5,16286.5,5,16214.6,move,improve
6473,5,16286.5,5,16214.6,2opt,notBad
6474,5,16286.5,5,16214.6,move,improve
6475,5,16286.5,5,16214.6,swap,notBad
6476,5,16286.5,5,16214.6,move,notBad
6477,5,16286.5,5,16214.6,2opt,notBad
6478,5,16286.5,5,16214.6,move,improve
6479,5,16286.5,5,16214.6,2opt,notBad
6480,5,16286.5,5,16214.6,2opt,notBad
6481,5,16286.5,5,16214.6,2opt,notBad
6482,5,16286.5,5,16214.6,swap,notBad
6483,5,16286.5,5,16214.6,swap,notBad
6484,5,16286.5,5,16214.6,swap,notBad
6485,5,16286.5,5,16214.6,swap,notBad
6486,5,16286.5,5,16214.6,move,improve
6487,5,16286.5,5,16214.6,move,improve
6488,5,16286.5,5,16214.6,2opt,notBad
6489,5,16286.5,5,16214.6,swap,notBad
6490,5,16286.5,5,16214.6,move,improve
6491,5,16286.5,5,16214.6,swap,notBad
6492,5,16286.5,5,16214.6,2opt,notBad
6493,5,16286.5,5,16214.6,swap,notBad
6494,5,16286.5,5,16214.6,move,improve
6495,5,16286.5,5,16214.6,move,improve
6496,5,16286.5,5,16214.6,move,improve
6497,5,16286.5,5,16214.6,move,improve
6498,5,16286.5,5,16214.6,swap,notBad
6499,5,16286.5,5,16214.6,move,improve
6500,5,16286.5,5,16214.6,move,improve
6501,5,16286.5,5,16214.6,swap,notBad
6502,5,16286.5,5,16214.6,swap,notBad
6503,5,16286.5,5,16214.6,swap,notBad
6504,5,16286.5,5,16214.6,2opt,notBad
6505,5,16286.5,5,16214.6,move,improve
6506,5,16286.5,5,16214.6,2opt,notBad
6507,5,16286.5,5,16214.6,move,improve
6508,5,16286.5,5,16214.6,2opt,notBad
6509,5,16286.5,5,16214.6,swap,notBad
6510,5,16286.5,5,16214.6,move,improve
6511,5,16286.5,5,16214.6,swap,notBad
6512,5,16286.5,5,16214.6,2opt,notBad
6513,5,16286.5,5,16214.6,move,improve
6514,5,16286.5,5,16214.6,swap,notBad
6515,5,16286.5,5,16214.6,2opt,notBad
6516,5,16286.5,5,16214.6,move,improve
6517,5,16286.5,5,16214.6,2opt,notBad
6518,5,16286.5,5,16214.6,2opt,notBad
6519,5,16286.5,5,16214.6,swap,notBad
6520,5,16286.5,5,16214.6,swap,notBad
6521,5,16286.5,5,16214.6,move,improve
6522,5,16286.5,5,16214.6,move,improve
6523,5,16286.5,5,16214.6,swap,notBad
6524,5,16286.5,5,16214.6,move,improve
6525,5,16286.5,5,16214.6,swap,notBad
6526,5,16286.5,5,16214.6,swap,notBad
6527,5,16286.5,5,16214.6,swap,notBad
6528,5,16286.5,5,16214.6,move,improve
6529,5,16286.5,5,16214.6,move,improve
6530,5,16286.5,5,16214.6,2opt,improve
6531,5,16286.5,5,16214.6,2opt,notBad
6532,5,16286.5,5,16214.6,move,improve
6533,5,16286.5,5,16214.6,swap,notBad
6534,5,16286.5,5,16214.6,2opt,notBad
6535,5,16286.5,5,16214.6,swap,notBad
6536,5,16286.5,5,16214.6,2opt,notBad
6537,5,16286.5,5,16214.6,move,improve
6538,5,16286.5,5,16214.6,move,improve
6539,5,16286.5,5,16214.6,move,improve
6540,5,16286.5,5,16214.6,2opt,notBad
6541,5,16286.5,5,16214.6,2opt,notBad
6542,5,16286.5,5,16214.6,2opt,notBad
6543,5,16286.5,5,16214.6,move,improve
6544,5,16286.5,5,16214.6,2opt,notBad
6545,5,16286.5,5,16214.6,move,improve
6546,5,16286.5,5,16214.6,move,improve
6547,5,16286.5,5,16214.6,move,improve
6548,5,16286.5,5,16214.6,2opt,notBad
6549,5,16286.5,5,16214.6,swap,notBad
6550,5,16286.5,5,16214.6,swap,notBad
6551,5,16286.5,5,16214.6,move,improve
6552,5,16286.5,5,16214.6,move,improve
6553,5,16286.5,5,16214.6,2opt,notBad
6554,5,16286.5,5,16214.6,move,improve
6555,5,16286.5,5,16214.6,swap,notBad
6556,5,16286.5,5,16214.6,move,improve
6557,5,16294.5,5,16214.6,swap,acceptBad
6558,5,16294.5,5,16214.6,2opt,notBad
6559,5,16294.5,5,16214.6,2opt,notBad
6560,5,16294.5,5,16214.6,move,improve
6561,5,16294.5,5,16214.6,move,improve
6562,5,16294.5,5,16214.6,move,improve
6563,5,16294.5,5,16214.6,2opt,notBad
6564,5,16294.5,5,16214.6,move,improve
6565,5,16294.5,5,16214.6,move,improve
6566,5,16294.5,5,16214.6,2opt,notBad
6567,5,16294.5,5,16214.6,2opt,notBad
6568,5,16294.5,5,16214.6,move,improve
6569,5,16294.5,5,16214.6,move,improve
6570,5,16294.5,5,16214.6,2opt,notBad
6571,5,16294.5,5,16214.6,move,improve
6572,5,16294.5,5,16214.6,swap,notBad
6573,5,16294.5,5,16214.6,swap,notBad
6574,5,16294.5,5,16214.6,swap,notBad
6575,5,16294.5,5,16214.6,swap,notBad
6576,5,16294.5,5,16214.6,move,improve
6577,5,16294.5,5,16214.6,swap,notBad
6578,5,16294.5,5,16214.6,swap,notBad
6579,5,16291.899999999998,5,16214.6,swap,improve
6580,5,16291.899999999998,5,16214.6,2opt,notBad
6581,5,16283.899999999998,5,16214.6,move,improve
6582,5,16283.899999999998,5,16214.6,swap,notBad
6583,5,16283.899999999998,5,16214.6,move,improve
6584,5,16283.899999999998,5,16214.6,swap,notBad
6585,5,16283.899999999998,5,16214.6,swap,notBad
6586,5,16283.899999999998,5,16214.6,swap,notBad
6587,5,16283.899999999998,5,16214.6,2opt,notBad
6588,5,16283.899999999998,5,16214.6,2opt,notBad
6589,5,16283.899999999998,5,16214.6,swap,notBad
6590,5,16283.899999999998,5,16214.6,swap,notBad
6591,5,16283.899999999998,5,16214.6,swap,notBad
6592,5,16283.899999999998,5,16214.6,swap,notBad
6593,5,16283.899999999998,5,16214.6,move,improve
6594,5,16283.899999999998,5,16214.6,swap,notBad
6595,5,16283.899999999998,5,16214.6,2opt,notBad
6596,5,16283.899999999998,5,16214.6,2opt,notBad
6597,5,16283.899999999998,5,16214.6,move,improve
6598,5,16283.899999999998,5,16214.6,move,improve
6599,5,16283.899999999998,5,16214.6,swap,notBad
6600,5,16283.899999999998,5,16214.6,swap,notBad
6601,5,16283.899999999998,5,16214.6,2opt,notBad
6602,5,16283.899999999998,5,16214.6,2opt,notBad
6603,5,16283.899999999998,5,16214.6,move,improve
6604,5,16283.899999999998,5,16214.6,move,improve
6605,5,16283.899999999998,5,16214.6,move,improve
6606,5,16283.899999999998,5,16214.6,swap,notBad
6607,5,16283.899999999998,5,16214.6,swap,notBad
6608,5,16283.899999999998,5,16214.6,move,improve
6609,5,16283.899999999998,5,16214.6,2opt,improve
6610,5,16283.899999999998,5,16214.6,swap,notBad
6611,5,16283.899999999998,5,16214.6,move,improve
6612,5,16283.899999999998,5,16214.6,2opt,notBad
6613,5,16283.899999999998,5,16214.6,move,notBad
6614,5,16283.899999999998,5,16214.6,2opt,notBad
6615,5,16283.899999999998,5,16214.6,2opt,notBad
6616,5,16283.899999999998,5,16214.6,swap,notBad
6617,5,16283.899999999998,5,16214.6,2opt,notBad
6618,5,16283.899999999998,5,16214.6,swap,notBad
6619,5,16283.899999999998,5,16214.6,2opt,notBad
6620,5,16283.899999999998,5,16214.6,2opt,notBad
6621,5,16283.899999999998,5,16214.6,move,improve
6622,5,16283.899999999998,5,16214.6,move,improve
6623,5,16283.899999999998,5,16214.6,move,improve
6624,5,16283.899999999998,5,16214.6,2opt,notBad
6625,5,16283.899999999998,5,16214.6,swap,notBad
6626,5,16283.899999999998,5,16214.6,move,improve
6627,5,16283.899999999998,5,16214.6,move,improve
6628,5,16283.899999999998,5,16214.6,2opt,notBad
6629,5,16283.899999999998,5,16214.6,swap,notBad
6630,5,16283.899999999998,5,16214.6,swap,notBad
6631,5,16283.899999999998,5,16214.6,swap,notBad
6632,5,16283.899999999998,5,16214.6,2opt,notBad
6633,5,16283.899999999998,5,16214.6,swap,notBad
6634,5,16283.899999999998,5,16214.6,move,improve
6635,5,16283.899999999998,5,16214.6,move,improve
6636,5,16283.899999999998,5,16214.6,2opt,notBad
6637,5,16283.899999999998,5,16214.6,move,improve
6638,5,16283.899999999998,5,16214.6,2opt,notBad
6639,5,16283.899999999998,5,16214.6,move,improve
6640,5,16287.299999999997,5,16214.6,swap,acceptBad
6641,5,16287.299999999997,5,16214.6,move,improve
6642,5,16287.299999999997,5,16214.6,move,improve
6643,5,16287.299999999997,5,16214.6,2opt,notBad
6644,5,16287.299999999997,5,16214.6,move,improve
6645,5,16287.299999999997,5,16214.6,2opt,notBad
6646,5,16287.299999999997,5,16214.6,2opt,notBad
6647,5,16287.299999999997,5,16214.6,swap,notBad
6648,5,16287.299999999997,5,16214.6,2opt,notBad
6649,5,16287.299999999997,5,16214.6,swap,notBad
6650,5,16287.299999999997,5,16214.6,swap,notBad
6651,5,16287.299999999997,5,16214.6,move,improve
6652,5,16287.299999999997,5,16214.6,2opt,notBad
6653,5,16287.299999999997,5,16214.6,swap,notBad
6654,5,16287.299999999997,5,16214.6,swap,notBad
6655,5,16287.299999999997,5,16214.6,move,improve
6656,5,16287.299999999997,5,16214.6,move,improve
6657,5,16287.299999999997,5,16214.6,move,improve
6658,5,16283.899999999998,5,16214.6,move,improve
6659,5,16283.899999999998,5,16214.6,move,improve
6660,5,16283.899999999998,5,16214.6,swap,notBad
6661,5,16283.899999999998,5,16214.6,2opt,notBad
6662,5,16283.899999999998,5,16214.6,2opt,notBad
6663,5,16283.899999999998,5,16214.6,2opt,notBad
6664,5,16283.899999999998,5,16214.6,move,improve
6665,5,16283.899999999998,5,16214.6,2opt,notBad
6666,5,16283.899999999998,5,16214.6,2opt,notBad
6667,5,16283.899999999998,5,16214.6,2opt,notBad
6668,5,16283.899999999998,5,16214.6,swap,notBad
6669,5,16283.899999999998,5,16214.6,move,improve
6670,5,16283.899999999998,5,16214.6,move,improve
6671,5,16283.899999999998,5,16214.6,move,improve
6672,5,16283.899999999998,5,16214.6,swap,notBad
6673,5,16283.899999999998,5,16214.6,2opt,notBad
6674,5,16283.899999999998,5,16214.6,2opt,notBad
6675,5,16283.899999999998,5,16214.6,2opt,notBad
6676,5,16283.899999999998,5,16214.6,swap,notBad
6677,5,16283.899999999998,5,16214.6,2opt,notBad
6678,5,16283.899999999998,5,16214.6,2opt,notBad
6679,5,16283.899999999998,5,16214.6,swap,notBad
6680,5,16283.899999999998,5,16214.6,2opt,notBad
6681,5,16283.899999999998,5,16214.6,swap,notBad
6682,5,16283.899999999998,5,16214.6,swap,notBad
6683,5,16283.899999999998,5,16214.6,2opt,notBad
6684,5,16283.899999999998,5,16214.6,move,improve
6685,5,16283.899999999998,5,16214.6,2opt,notBad
6686,5,16283.899999999998,5,16214.6,move,improve
6687,5,16283.899999999998,5,16214.6,move,improve
6688,5,16283.899999999998,5,16214.6,move,improve
6689,5,16283.899999999998,5,16214.6,move,improve
6690,5,16283.899999999998,5,16214.6,swap,notBad
6691,5,16283.899999999998,5,16214.6,swap,notBad
6692,5,16283.899999999998,5,16214.6,swap,notBad
6693,5,16283.899999999998,5,16214.6,swap,notBad
6694,5,16283.899999999998,5,16214.6,2opt,notBad
6695,5,16283.9,5,16214.6,2opt,acceptBad
6696,5,16283.9,5,16214.6,swap,notBad
6697,5,16283.9,5,16214.6,swap,notBad
6698,5,16283.9,5,16214.6,swap,notBad
6699,5,16283.9,5,16214.6,move,improve
6700,5,16283.9,5,16214.6,move,improve
6701,5,16283.9,5,16214.6,2opt,notBad
6702,5,16283.9,5,16214.6,move,improve
6703,5,16283.9,5,16214.6,2opt,notBad
6704,5,16283.9,5,16214.6,swap,notBad
6705,5,16283.9,5,16214.6,move,improve
6706,5,16283.9,5,16214.6,swap,notBad
6707,5,16283.9,5,16214.6,move,improve
6708,5,16283.9,5,16214.6,move,improve
6709,5,16283.9,5,16214.6,2opt,notBad
6710,5,16283.9,5,16214.6,swap,notBad
6711,5,16283.9,5,16214.6,swap,notBad
6712,5,16283.9,5,16214.6,swap,notBad
6713,5,16283.9,5,16214.6,swap,notBad
6714,5,16283.9,5,16214.6,swap,notBad
6715,5,16283.9,5,16214.6,move,improve
6716,5,16283.9,5,16214.6,2opt,improve
6717,5,16283.9,5,16214.6,move,improve
6718,5,16283.9,5,16214.6,2opt,notBad
6719,5,16283.9,5,16214.6,2opt,notBad
6720,5,16283.9,5,16214.6,move,improve
6721,5,16283.9,5,16214.6,swap,notBad
6722,5,16283.9,5,16214.6,move,improve
6723,5,16298.5,5,16214.6,swap,acceptBad
6724,5,16298.5,5,16214.6,2opt,notBad
6725,5,16298.5,5,16214.6,2opt,notBad
6726,5,16298.5,5,16214.6,2opt,notBad
6727,5,16298.5,5,16214.6,move,improve
6728,5,16300.500000000002,5,16214.6,2opt,acceptBad
6729,5,16300.500000000002,5,16214.6,swap,notBad
6730,5,16300.500000000002,5,16214.6,2opt,notBad
6731,5,16300.500000000002,5,16214.6,move,improve
6732,5,16300.500000000002,5,16214.6,move,improve
6733,5,16300.500000000002,5,16214.6,swap,notBad
6734,5,16300.500000000002,5,16214.6,2opt,notBad
6735,5,16300.500000000002,5,16214.6,swap,notBad
6736,5,16300.500000000002,5,16214.6,move,improve
6737,5,16300.500000000002,5,16214.6,swap,notBad
6738,5,16300.500000000002,5,16214.6,2opt,notBad
6739,5,16300.500000000002,5,16214.6,swap,notBad
6740,5,16300.500000000002,5,16214.6,swap,notBad
6741,5,16300.500000000002,5,16214.6,swap,notBad
6742,5,16300.500000000002,5,16214.6,2opt,notBad
6743,5,16300.500000000002,5,16214.6,move,improve
6744,5,16300.500000000002,5,16214.6,move,improve
6745,5,16300.500000000002,5,16214.6,2opt,improve
6746,5,16300.500000000002,5,16214.6,2opt,notBad
6747,5,16300.500000000002,5,16214.6,2opt,notBad
6748,5,16285.900000000001,5,16214.6,move,improve
6749,5,16285.900000000001,5,16214.6,2opt,notBad
6750,5,16285.900000000001,5,16214.6,move,improve
6751,5,16294.100000000002,5,16214.6,swap,acceptBad
6752,5,16294.100000000002,5,16214.6,2opt,notBad
6753,5,16294.100000000002,5,16214.6,move,notBad
6754,5,16294.100000000002,5,16214.6,2opt,notBad
6755,5,16294.100000000002,5,16214.6,move,improve
6756,5,16294.100000000002,5,16214.6,2opt,notBad
6757,5,16294.100000000002,5,16214.6,move,improve
6758,5,16294.100000000002,5,16214.6,2opt,notBad
6759,5,16294.100000000002,5,16214.6,move,improve
6760,5,16294.100000000002,5,16214.6,2opt,notBad
6761,5,16294.100000000002,5,16214.6,swap,notBad
6762,5,16294.100000000002,5,16214.6,move,improve
6763,5,16294.100000000002,5,16214.6,2opt,notBad
6764,5,16294.100000000002,5,16214.6,move,improve
6765,5,16294.100000000002,5,16214.6,2opt,notBad
6766,5,16294.100000000002,5,16214.6,move,improve
6767,5,16294.100000000002,5,16214.6,swap,notBad
6768,5,16294.100000000002,5,16214.6,swap,notBad
6769,5,16294.100000000002,5,16214.6,swap,notBad
6770,5,16294.100000000002,5,16214.6,move,improve
6771,5,16294.100000000002,5,16214.6,move,improve
6772,5,16294.100000000002,5,16214.6,swap,notBad
6773,5,16294.100000000002,5,16214.6,move,improve
6774,5,16294.100000000002,5,16214.6,swap,notBad
6775,5,16294.100000000002,5,16214.6,swap,notBad
6776,5,16294.100000000002,5,16214.6,swap,notBad
6777,5,16294.100000000002,5,16214.6,swap,notBad
6778,5,16294.100000000002,5,16214.6,2opt,notBad
6779,5,16294.100000000002,5,16214.6,move,improve
6780,5,16294.100000000002,5,16214.6,swap,notBad
6781,5,16294.100000000002,5,16214.6,2opt,notBad
6782,5,16294.100000000002,5,16214.6,swap,notBad
6783,5,16294.100000000002,5,16214.6,swap,notBad
6784,5,16294.100000000002,5,16214.6,swap,notBad
6785,5,16294.100000000002,5,16214.6,move,improve
6786,5,16222.2,5,16214.6,move,improve
6787,5,16222.2,5,16214.6,2opt,notBad
6788,5,16222.2,5,16214.6,swap,notBad
6789,5,16222.2,5,16214.6,2opt,notBad
6790,5,16222.2,5,16214.6,move,improve
6791,5,16222.2,5,16214.6,2opt,notBad
6792,5,16222.2,5,16214.6,swap,notBad
6793,5,16222.2,5,16214.6,move,improve
6794,5,16222.2,5,16214.6,swap,notBad
6795,5,16222.2,5,16214.6,2opt,notBad
6796,5,16222.2,5,16214.6,move,improve
6797,5,16222.2,5,16214.6,move,improve
6798,5,16222.2,5,16214.6,swap,notBad
6799,5,16222.2,5,16214.6,move,improve
6800,5,16222.2,5,16214.6,2opt,notBad
6801,5,16222.2,5,16214.6,swap,notBad
6802,5,16222.2,5,16214.6,swap,notBad
6803,5,16222.2,5,16214.6,2opt,notBad
6804,5,16222.2,5,16214.6,2opt,notBad
6805,5,16222.2,5,16214.6,move,improve
6806,5,16222.2,5,16214.6,2opt,notBad
6807,5,16222.2,5,16214.6,swap,notBad
6808,5,16222.2,5,16214.6,2opt,notBad
6809,5,16222.2,5,16214.6,swap,notBad
6810,5,16222.2,5,16214.6,move,improve
6811,5,16222.2,5,16214.6,move,improve
6812,5,16222.2,5,16214.6,swap,notBad
6813,5,16222.2,5,16214.6,swap,notBad
6814,5,16222.2,5,16214.6,2opt,notBad
6815,5,16222.2,5,16214.6,swap,notBad
6816,5,16222.2,5,16214.6,2opt,notBad
6817,5,16222.2,5,16214.6,2opt,notBad
6818,5,16222.2,5,16214.6,2opt,notBad
6819,5,16222.2,5,16214.6,2opt,notBad
6820,5,16222.2,5,16214.6,move,improve
6821,5,16222.2,5,16214.6,2opt,notBad
6822,5,16222.2,5,16214.6,2opt,notBad
6823,5,16222.2,5,16214.6,move,improve
6824,5,16222.2,5,16214.6,swap,notBad
6825,5,16222.2,5,16214.6,move,improve
6826,5,16222.2,5,16214.6,swap,notBad
6827,5,16222.2,5,16214.6,2opt,notBad
6828,5,16222.2,5,16214.6,swap,notBad
6829,5,16222.2,5,16214.6,move,improve
6830,5,16222.2,5,16214.6,move,improve
6831,5,16222.2,5,16214.6,move,improve
6832,5,16222.2,5,16214.6,move,improve
6833,5,16222.2,5,16214.6,2opt,notBad
6834,5,16222.2,5,16214.6,swap,notBad
6835,5,16222.2,5,16214.6,2opt,notBad
6836,5,16222.2,5,16214.6,2opt,notBad
6837,5,16222.2,5,16214.6,2opt,improve
6838,5,16222.2,5,16214.6,2opt,notBad
6839,5,16222.2,5,16214.6,move,improve
6840,5,16222.2,5,16214.6,swap,notBad
6841,5,16222.2,5,16214.6,move,improve
6842,5,16222.2,5,16214.6,2opt,notBad
6843,5,16225.6,5,16214.6,swap,acceptBad
6844,5,16225.6,5,16214.6,2opt,notBad
6845,5,16225.6,5,16214.6,2opt,notBad
6846,5,16225.6,5,16214.6,move,improve
6847,5,16225.6,5,16214.6,2opt,notBad
6848,5,16225.6,5,16214.6,swap,notBad
6849,5,16225.6,5,16214.6,swap,notBad
6850,5,16225.6,5,16214.6,2opt,notBad
6851,5,16225.6,5,16214.6,move,improve
6852,5,16225.6,5,16214.6,swap,notBad
6853,5,16225.6,5,16214.6,move,improve
6854,5,16225.6,5,16214.6,move,improve
6855,5,16225.6,5,16214.6,swap,notBad
6856,5,16225.6,5,16214.6,2opt,notBad
6857,5,16225.6,5,16214.6,swap,notBad
6858,5,16225.6,5,16214.6,2opt,notBad
6859,5,16225.6,5,16214.6,2opt,notBad
6860,5,16225.6,5,16214.6,swap,notBad
6861,5,16225.6,5,16214.6,2opt,notBad
6862,5,16225.6,5,16214.6,2opt,notBad
6863,5,16225.6,5,16214.6,swap,notBad
6864,5,16225.6,5,16214.6,swap,notBad
6865,5,16225.6,5,16214.6,swap,notBad
6866,5,16225.6,5,16214.6,swap,notBad
6867,5,16225.6,5,16214.6,swap,notBad
6868,5,16225.6,5,16214.6,move,improve
6869,5,16225.6,5,16214.6,swap,notBad
6870,5,16225.6,5,16214.6,move,improve
6871,5,16225.6,5,16214.6,2opt,notBad
6872,5,16225.6,5,16214.6,move,improve
6873,5,16225.6,5,16214.6,move,improve
6874,5,16225.6,5,16214.6,move,improve
6875,5,16287.1,5,16214.6,move,acceptBad
6876,5,16287.1,5,16214.6,swap,notBad
6877,5,16287.1,5,16214.6,swap,notBad
6878,5,16287.1,5,16214.6,2opt,notBad
6879,5,16287.1,5,16214.6,2opt,notBad
6880,5,16287.1,5,16214.6,swap,notBad
6881,5,16287.1,5,16214.6,2opt,notBad
6882,5,16287.1,5,16214.6,move,improve
6883,5,16287.1,5,16214.6,move,improve
6884,5,16287.1,5,16214.6,swap,notBad
6885,5,16287.1,5,16214.6,2opt,notBad
6886,5,16287.1,5,16214.6,swap,notBad
6887,5,16287.1,5,16214.6,move,improve
6888,5,16287.1,5,16214.6,swap,notBad
6889,5,16287.1,5,16214.6,move,improve
6890,5,16287.1,5,16214.6,move,improve
6891,5,16287.1,5,16214.6,move,improve
6892,5,16287.1,5,16214.6,2opt,notBad
6893,5,16287.1,5,16214.6,swap,notBad
6894,5,16287.1,5,16214.6,2opt,notBad
6895,5,16287.1,5,16214.6,move,improve
6896,5,16287.1,5,16214.6,swap,notBad
6897,5,16287.1,5,16214.6,2opt,notBad
6898,5,16287.1,5,16214.6,2opt,notBad
6899,5,16287.1,5,16214.6,move,improve
6900,5,16287.1,5,16214.6,move,improve
6901,5,16287.1,5,16214.6,swap,notBad
6902,5,16287.1,5,16214.6,swap,notBad
6903,5,16287.1,5,16214.6,move,improve
6904,5,16287.1,5,16214.6,2opt,notBad
6905,5,16287.1,5,16214.6,swap,notBad
6906,5,16287.1,5,16214.6,swap,notBad
6907,5,16287.1,5,16214.6,swap,notBad
6908,5,16287.1,5,16214.6,2opt,notBad
6909,5,16287.1,5,16214.6,2opt,notBad
6910,5,16287.1,5,16214.6,2opt,notBad
6911,5,16287.1,5,16214.6,swap,notBad
6912,5,16287.1,5,16214.6,swap,notBad
6913,5,16287.1,5,16214.6,move,improve
6914,5,16287.1,5,16214.6,2opt,improve
6915,5,16287.1,5,16214.6,2opt,notBad
6916,5,16287.1,5,16214.6,move,improve
6917,5,16287.1,5,16214.6,2opt,notBad
6918,5,16287.1,5,16214.6,move,improve
6919,5,16287.1,5,16214.6,swap,notBad
6920,5,16287.1,5,16214.6,2opt,notBad
6921,5,16287.1,5,16214.6,move,improve
6922,5,16287.1,5,16214.6,swap,notBad
6923,5,16287.1,5,16214.6,move,improve
6924,5,16287.1,5,16214.6,2opt,notBad
6925,5,16287.1,5,16214.6,swap,notBad
6926,5,16287.1,5,16214.6,move,improve
6927,5,16287.1,5,16214.6,2opt,notBad
6928,5,16287.1,5,16214.6,move,improve
6929,5,16287.1,5,16214.6,move,improve
6930,5,16287.1,5,16214.6,2opt,notBad
6931,5,16287.1,5,16214.6,2opt,notBad
6932,5,16287.1,5,16214.6,move,improve
6933,5,16287.1,5,16214.6,move,improve
6934,5,16287.1,5,16214.6,swap,notBad
6935,5,16287.1,5,16214.6,move,improve
6936,5,16287.1,5,16214.6,swap,notBad
6937,5,16287.1,5,16214.6,2opt,notBad
6938,5,16287.1,5,16214.6,swap,notBad
6939,5,16287.1,5,16214.6,2opt,notBad
6940,5,16287.1,5,16214.6,swap,notBad
6941,5,16287.1,5,16214.6,move,improve
6942,5,16287.1,5,16214.6,swap,notBad
6943,5,16287.1,5,16214.6,move,improve
6944,5,16287.1,5,16214.6,move,improve
6945,5,16287.1,5,16214.6,swap,notBad
6946,5,16287.1,5,16214.6,move,improve
6947,5,16287.1,5,16214.6,swap,notBad
6948,5,16287.1,5,16214.6,swap,notBad
6949,5,16287.1,5,16214.6,move,improve
6950,5,16287.1,5,16214.6,move,improve
6951,5,16287.1,5,16214.6,move,improve
6952,5,16287.1,5,16214.6,move,improve
6953,5,16283.7,5,16214.6,move,improve
6954,5,16283.7,5,16214.6,swap,notBad
6955,5,16283.7,5,16214.6,swap,notBad
6956,5,16283.7,5,16214.6,move,improve
6957,5,16283.7,5,16214.6,swap,notBad
6958,5,16283.7,5,16214.6,move,improve
6959,5,16283.7,5,16214.6,swap,notBad
6960,5,16283.7,5,16214.6,2opt,notBad
6961,5,16283.7,5,16214.6,move,improve
6962,5,16283.7,5,16214.6,swap,notBad
6963,5,16283.7,5,16214.6,move,improve
6964,5,16283.7,5,16214.6,move,improve
6965,5,16283.7,5,16214.6,move,improve
6966,5,16283.7,5,16214.6,move,improve
6967,5,16283.7,5,16214.6,move,improve
6968,5,16283.7,5,16214.6,move,improve
6969,5,16283.7,5,16214.6,2opt,notBad
6970,5,16283.7,5,16214.6,swap,notBad
6971,5,16283.7,5,16214.6,swap,notBad
6972,5,16283.7,5,16214.6,move,improve
6973,5,16283.7,5,16214.6,move,improve
6974,5,16283.7,5,16214.6,move,improve
6975,5,16283.7,5,16214.6,2opt,notBad
6976,5,16283.7,5,16214.6,2opt,notBad
6977,5,16283.7,5,16214.6,move,improve
6978,5,16283.7,5,16214.6,2opt,notBad
6979,5,16283.7,5,16214.6,move,improve
6980,5,16283.7,5,16214.6,2opt,notBad
6981,5,16283.7,5,16214.6,2opt,notBad
6982,5,16283.7,5,16214.6,2opt,notBad
6983,5,16283.7,5,16214.6,2opt,notBad
6984,5,16283.7,5,16214.6,move,improve
6985,5,16283.7,5,16214.6,move,improve
6986,5,16283.7,5,16214.6,move,improve
6987,5,16283.7,5,16214.6,swap,notBad
6988,5,16283.7,5,16214.6,2opt,notBad
6989,5,16283.7,5,16214.6,move,improve
6990,5,16283.7,5,16214.6,move,improve
6991,5,16283.7,5,16214.6,2opt,notBad
6992,5,16283.7,5,16214.6,swap,notBad
6993,5,16283.7,5,16214.6,swap,notBad
6994,5,16283.7,5,16214.6,swap,notBad
6995,5,16283.7,5,16214.6,swap,notBad
6996,5,16283.7,5,16214.6,2opt,notBad
6997,5,16283.7,5,16214.6,swap,notBad
6998,5,16283.7,5,16214.6,2opt,notBad
6999,5,16283.7,5,16214.6,swap,notBad
7000,5,16283.7,5,16214.6,swap,notBad
7001,5,16283.7,5,16214.6,swap,notBad
7002,5,16283.7,5,16214.6,2opt,notBad
7003,5,16283.7,5,16214.6,swap,notBad
7004,5,16283.7,5,16214.6,2opt,notBad
7005,5,16283.7,5,16214.6,2opt,notBad
7006,5,16283.7,5,16214.6,2opt,notBad
7007,5,16283.7,5,16214.6,move,improve
7008,5,16283.7,5,16214.6,move,improve
7009,5,16283.7,5,16214.6,swap,notBad
7010,5,16283.7,5,16214.6,2opt,notBad
7011,5,16283.7,5,16214.6,2opt,notBad
7012,5,16283.7,5,16214.6,move,improve
7013,5,16283.7,5,16214.6,swap,notBad
7014,5,16283.7,5,16214.6,2opt,notBad
7015,5,16283.7,5,16214.6,swap,notBad
7016,5,16283.7,5,16214.6,2opt,notBad
7017,5,16283.7,5,16214.6,2opt,notBad
7018,5,16283.7,5,16214.6,swap,notBad
7019,5,16283.7,5,16214.6,move,improve
7020,5,16283.7,5,16214.6,2opt,notBad
7021,5,16283.7,5,16214.6,move,improve
7022,5,16283.7,5,16214.6,2opt,notBad
7023,5,16283.7,5,16214.6,2opt,notBad
7024,5,16283.7,5,16214.6,swap,notBad
7025,5,16283.7,5,16214.6,2opt,notBad
7026,5,16283.7,5,16214.6,swap,notBad
7027,5,16283.7,5,16214.6,swap,notBad
7028,5,16283.7,5,16214.6,move,notBad
7029,5,16283.7,5,16214.6,move,improve
7030,5,16283.7,5,16214.6,move,improve
7031,5,16283.7,5,16214.6,2opt,notBad
7032,5,16283.7,5,16214.6,swap,notBad
7033,5,16283.7,5,16214.6,2opt,notBad
7034,5,16283.7,5,16214.6,swap,notBad
7035,5,16283.7,5,16214.6,move,improve
7036,5,16283.7,5,16214.6,swap,notBad
7037,5,16283.7,5,16214.6,swap,notBad
7038,5,16283.7,5,16214.6,swap,notBad
7039,5,16283.7,5,16214.6,move,improve
7040,5,16283.7,5,16214.6,move,improve
7041,5,16283.7,5,16214.6,2opt,notBad
7042,5,16283.7,5,16214.6,2opt,notBad
7043,5,16283.7,5,16214.6,swap,notBad
7044,5,16283.7,5,16214.6,2opt,notBad
7045,5,16283.7,5,16214.6,move,improve
7046,5,16283.7,5,16214.6,swap,notBad
7047,5,16283.7,5,16214.6,swap,notBad
7048,5,16283.7,5,16214.6,swap,notBad
7049,5,16283.7,5,16214.6,swap,notBad
7050,5,16283.7,5,16214.6,move,improve
7051,5,16283.7,5,16214.6,swap,notBad
7052,5,16283.7,5,16214.6,2opt,notBad
7053,5,16283.7,5,16214.6,swap,notBad
7054,5,16283.7,5,16214.6,2opt,notBad
7055,5,16283.7,5,16214.6,2opt,notBad
7056,5,16283.7,5,16214.6,2opt,notBad
7057,5,16283.7,5,16214.6,swap,notBad
7058,5,16283.7,5,16214.6,swap,notBad
7059,5,16283.7,5,16214.6,swap,notBad
7060,5,16283.7,5,16214.6,2opt,notBad
7061,5,16283.7,5,16214.6,move,notBad
7062,5,16283.7,5,16214.6,2opt,notBad
7063,5,16283.7,5,16214.6,2opt,notBad
7064,5,16283.7,5,16214.6,swap,notBad
7065,5,16283.7,5,16214.6,move,improve
7066,5,16343.300000000001,5,16214.6,move,acceptBad
7067,5,16343.300000000001,5,16214.6,move,improve
7068,5,16343.300000000001,5,16214.6,2opt,notBad
7069,5,16343.300000000001,5,16214.6,swap,notBad
7070,5,16343.300000000001,5,16214.6,move,improve
7071,5,16343.300000000001,5,16214.6,swap,notBad
7072,5,16343.300000000001,5,16214.6,swap,notBad
7073,5,16343.300000000001,5,16214.6,swap,notBad
7074,5,16343.300000000001,5,16214.6,2opt,notBad
7075,5,16343.300000000001,5,16214.6,move,improve
7076,5,16343.300000000001,5,16214.6,swap,notBad
7077,5,16343.300000000001,5,16214.6,move,improve
7078,5,16343.300000000001,5,16214.6,2opt,notBad
7079,5,16343.300000000001,5,16214.6,move,improve
7080,5,16343.300000000001,5,16214.6,swap,notBad
7081,5,16343.300000000001,5,16214.6,swap,notBad
7082,5,16343.300000000001,5,16214.6,swap,notBad
7083,5,16343.300000000001,5,16214.6,move,improve
7084,5,16343.300000000001,5,16214.6,move,improve
7085,5,16343.300000000001,5,16214.6,swap,notBad
7086,5,16343.300000000001,5,16214.6,2opt,notBad
7087,5,16343.300000000001,5,16214.6,2opt,improve
7088,5,16343.300000000001,5,16214.6,2opt,notBad
7089,5,16343.300000000001,5,16214.6,2opt,notBad
7090,5,16343.300000000001,5,16214.6,swap,notBad
7091,5,16343.300000000001,5,16214.6,2opt,notBad
7092,5,16343.300000000001,5,16214.6,2opt,notBad
7093,5,16343.300000000001,5,16214.6,2opt,notBad
7094,5,16343.300000000001,5,16214.6,move,improve
7095,5,16343.300000000001,5,16214.6,move,improve
7096,5,16343.300000000001,5,16214.6,2opt,notBad
7097,5,16343.300000000001,5,16214.6,swap,notBad
7098,5,16343.300000000001,5,16214.6,2opt,notBad
7099,5,16343.300000000001,5,16214.6,2opt,notBad
7100,5,16343.300000000001,5,16214.6,swap,notBad
7101,5,16343.300000000001,5,16214.6,swap,notBad
7102,5,16343.300000000001,5,16214.6,2opt,notBad
7103,5,16343.300000000001,5,16214.6,2opt,notBad
7104,5,16343.300000000001,5,16214.6,swap,notBad
7105,5,16343.300000000001,5,16214.6,swap,notBad
7106,5,16343.300000000001,5,16214.6,2opt,notBad
7107,5,16343.300000000001,5,16214.6,swap,notBad
7108,5,16343.300000000001,5,16214.6,swap,notBad
7109,5,16343.300000000001,5,16214.6,2opt,notBad
7110,5,16343.300000000001,5,16214.6,2opt,notBad
7111,5,16343.300000000001,5,16214.6,move,improve
7112,5,16343.300000000001,5,16214.6,move,improve
7113,5,16343.300000000001,5,16214.6,2opt,notBad
7114,5,16343.300000000001,5,16214.6,swap,notBad
7115,5,16343.300000000001,5,16214.6,2opt,notBad
7116,5,16343.300000000001,5,16214.6,2opt,notBad
7117,5,16343.300000000001,5,16214.6,swap,notBad
7118,5,16343.300000000001,5,16214.6,swap,notBad
7119,5,16343.300000000001,5,16214.6,swap,notBad
7120,5,16343.300000000001,5,16214.6,2opt,notBad
7121,5,16343.300000000001,5,16214.6,swap,notBad
7122,5,16283.7,5,16214.6,move,improve
7123,5,16283.7,5,16214.6,move,improve
7124,5,16283.7,5,16214.6,2opt,notBad
7125,5,16283.7,5,16214.6,move,improve
7126,5,16283.7,5,16214.6,2opt,notBad
7127,5,16283.7,5,16214.6,2opt,notBad
7128,5,16283.7,5,16214.6,swap,notBad
7129,5,16283.7,5,16214.6,move,improve
7130,5,16283.7,5,16214.6,swap,notBad
7131,5,16283.7,5,16214.6,2opt,improve
7132,5,16283.7,5,16214.6,swap,notBad
7133,5,16283.7,5,16214.6,move,improve
7134,5,16283.7,5,16214.6,move,improve
7135,5,16283.7,5,16214.6,move,improve
7136,5,16283.7,5,16214.6,2opt,notBad
7137,5,16283.7,5,16214.6,move,improve
7138,5,16283.7,5,16214.6,2opt,notBad
7139,5,16283.7,5,16214.6,2opt,notBad
7140,5,16283.7,5,16214.6,move,improve
7141,5,16283.7,5,16214.6,move,improve
7142,5,16283.7,5,16214.6,move,improve
7143,5,16283.7,5,16214.6,2opt,notBad
7144,5,16283.7,5,16214.6,move,improve
7145,5,16283.7,5,16214.6,move,improve
7146,5,16283.7,5,16214.6,swap,notBad
7147,5,16283.7,5,16214.6,2opt,notBad
7148,5,16283.7,5,16214.6,move,improve
7149,5,16283.7,5,16214.6,move,improve
7150,5,16283.7,5,16214.6,move,improve
7151,5,16283.7,5,16214.6,move,improve
7152,5,16283.7,5,16214.6,move,improve
7153,5,16283.7,5,16214.6,2opt,notBad
7154,5,16283.7,5,16214.6,2opt,notBad
7155,5,16283.7,5,16214.6,swap,notBad
7156,5,16283.7,5,16214.6,2opt,notBad
7157,5,16283.7,5,16214.6,swap,notBad
7158,5,16283.7,5,16214.6,2opt,improve
7159,5,16283.7,5,16214.6,2opt,notBad
7160,5,16283.7,5,16214.6,2opt,notBad
7161,5,16283.7,5,16214.6,move,improve
7162,5,16283.7,5,16214.6,2opt,notBad
7163,5,16283.7,5,16214.6,2opt,notBad
7164,5,16283.7,5,16214.6,swap,notBad
7165,5,16283.7,5,16214.6,move,improve
7166,5,16283.7,5,16214.6,move,improve
7167,5,16283.7,5,16214.6,move,improve
7168,5,16283.7,5,16214.6,2opt,improve
7169,5,16283.7,5,16214.6,swap,notBad
7170,5,16283.7,5,16214.6,2opt,notBad
7171,5,16283.7,5,16214.6,swap,notBad
7172,5,16283.7,5,16214.6,swap,notBad
7173,5,16283.7,5,16214.6,move,improve
7174,5,16283.7,5,16214.6,2opt,notBad
7175,5,16273.5,5,16214.6,move,improve
7176,5,16273.5,5,16214.6,move,improve
7177,5,16273.5,5,16214.6,2opt,notBad
7178,5,16273.5,5,16214.6,move,improve
7179,5,16273.5,5,16214.6,2opt,notBad
7180,5,16273.5,5,16214.6,move,improve
7181,5,16273.5,5,16214.6,2opt,notBad
7182,5,16273.5,5,16214.6,move,improve
7183,5,16273.5,5,16214.6,2opt,notBad
7184,5,16273.5,5,16214.6,2opt,notBad
7185,5,16273.5,5,16214.6,move,improve
7186,5,16273.5,5,16214.6,swap,notBad
7187,5,16273.5,5,16214.6,2opt,notBad
7188,5,16273.5,5,16214.6,swap,notBad
7189,5,16273.5,5,16214.6,2opt,notBad
7190,5,16273.5,5,16214.6,2opt,notBad
7191,5,16273.5,5,16214.6,swap,notBad
7192,5,16273.5,5,16214.6,move,improve
7193,5,16273.5,5,16214.6,swap,notBad
7194,5,16273.5,5,16214.6,swap,notBad
7195,5,16273.5,5,16214.6,swap,notBad
7196,5,16273.5,5,16214.6,2opt,notBad
7197,5,16273.5,5,16214.6,swap,notBad
7198,5,16273.5,5,16214.6,swap,notBad
7199,5,16273.5,5,16214.6,move,improve
7200,5,16273.5,5,16214.6,move,improve
7201,5,16273.5,5,16214.6,2opt,notBad
7202,5,16273.5,5,16214.6,2opt,notBad
7203,5,16273.5,5,16214.6,swap,notBad
7204,5,16273.5,5,16214.6,2opt,notBad
7205,5,16273.5,5,16214.6,swap,notBad
7206,5,16273.5,5,16214.6,swap,notBad
7207,5,16273.5,5,16214.6,move,improve
7208,5,16273.5,5,16214.6,swap,notBad
7209,5,16273.5,5,16214.6,move,improve
7210,5,16273.5,5,16214.6,2opt,notBad
7211,5,16273.5,5,16214.6,2opt,notBad
7212,5,16273.5,5,16214.6,move,notBad
7213,5,16273.5,5,16214.6,2opt,notBad
7214,5,16273.5,5,16214.6,2opt,improve
7215,5,16273.5,5,16214.6,swap,notBad
7216,5,16273.5,5,16214.6,2opt,notBad
7217,5,16273.5,5,16214.6,2opt,notBad
7218,5,16273.5,5,16214.6,move,improve
7219,5,16273.5,5,16214.6,swap,notBad
7220,5,16273.5,5,16214.6,swap,notBad
7221,5,16273.5,5,16214.6,swap,notBad
7222,5,16273.5,5,16214.6,move,improve
7223,5,16273.5,5,16214.6,move,improve
7224,5,16273.5,5,16214.6,swap,notBad
7225,5,16273.5,5,16214.6,move,improve
7226,5,16273.5,5,16214.6,2opt,notBad
7227,5,16273.5,5,16214.6,swap,notBad
7228,5,16273.5,5,16214.6,swap,notBad
7229,5,16273.5,5,16214.6,swap,notBad
7230,5,16273.5,5,16214.6,2opt,notBad
7231,5,16273.5,5,16214.6,move,improve
7232,5,16273.5,5,16214.6,move,improve
7233,5,16273.5,5,16214.6,swap,notBad
7234,5,16273.5,5,16214.6,2opt,notBad
7235,5,16273.5,5,16214.6,2opt,improve
7236,5,16273.5,5,16214.6,2opt,notBad
7237,5,16273.5,5,16214.6,2opt,notBad
7238,5,16273.5,5,16214.6,move,improve
7239,5,16273.5,5,16214.6,move,improve
7240,5,16273.5,5,16214.6,swap,notBad
7241,5,16273.5,5,16214.6,2opt,notBad
7242,5,16273.5,5,16214.6,swap,notBad
7243,5,16273.5,5,16214.6,swap,notBad
7244,5,16273.5,5,16214.6,2opt,notBad
7245,5,16273.5,5,16214.6,2opt,notBad
7246,5,16273.5,5,16214.6,move,improve
7247,5,16273.5,5,16214.6,2opt,notBad
7248,5,16273.5,5,16214.6,2opt,notBad
7249,5,16273.5,5,16214.6,move,improve
7250,5,16273.5,5,16214.6,swap,notBad
7251,5,16273.5,5,16214.6,2opt,notBad
7252,5,16273.5,5,16214.6,2opt,notBad
7253,5,16273.5,5,16214.6,move,improve
7254,5,16273.5,5,16214.6,swap,notBad
7255,5,16273.5,5,16214.6,2opt,notBad
7256,5,16273.5,5,16214.6,swap,notBad
7257,5,16273.5,5,16214.6,2opt,notBad
7258,5,16273.5,5,16214.6,move,improve
7259,5,16273.5,5,16214.6,move,improve
7260,5,16273.5,5,16214.6,swap,notBad
7261,5,16273.5,5,16214.6,2opt,notBad
7262,5,16273.5,5,16214.6,move,improve
7263,5,16273.5,5,16214.6,swap,notBad
7264,5,16273.5,5,16214.6,2opt,improve
7265,5,16273.5,5,16214.6,2opt,notBad
7266,5,16273.5,5,16214.6,2opt,improve
7267,5,16273.5,5,16214.6,2opt,notBad
7268,5,16273.5,5,16214.6,swap,notBad
7269,5,16273.5,5,16214.6,2opt,notBad
7270,5,16273.5,5,16214.6,move,improve
7271,5,16273.5,5,16214.6,2opt,notBad
7272,5,16273.5,5,16214.6,move,improve
7273,5,16273.5,5,16214.6,2opt,notBad
7274,5,16273.5,5,16214.6,swap,notBad
7275,5,16273.5,5,16214.6,2opt,notBad
7276,5,16273.5,5,16214.6,swap,notBad
7277,5,16273.5,5,16214.6,swap,notBad
7278,5,16273.5,5,16214.6,swap,notBad
7279,5,16273.5,5,16214.6,move,improve
7280,5,16273.5,5,16214.6,swap,notBad
7281,5,16273.5,5,16214.6,move,improve
7282,5,16273.5,5,16214.6,move,improve
7283,5,16273.5,5,16214.6,move,improve
7284,5,16273.5,5,16214.6,2opt,notBad
7285,5,16273.5,5,16214.6,move,improve
7286,5,16273.5,5,16214.6,2opt,notBad
7287,5,16273.5,5,16214.6,2opt,notBad
7288,5,16273.5,5,16214.6,swap,notBad
7289,5,16273.5,5,16214.6,move,improve
7290,5,16273.5,5,16214.6,2opt,notBad
7291,5,16273.5,5,16214.6,2opt,notBad
7292,5,16273.5,5,16214.6,swap,notBad
7293,5,16273.5,5,16214.6,2opt,notBad
7294,5,16273.5,5,16214.6,swap,notBad
7295,5,16273.5,5,16214.6,swap,notBad
7296,5,16273.5,5,16214.6,swap,notBad
7297,5,16273.5,5,16214.6,move,improve
7298,5,16273.5,5,16214.6,2opt,notBad
7299,5,16273.5,5,16214.6,swap,notBad
7300,5,16273.5,5,16214.6,2opt,notBad
7301,5,16273.5,5,16214.6,move,improve
7302,5,16273.5,5,16214.6,move,improve
7303,5,16273.5,5,16214.6,2opt,notBad
7304,5,16273.5,5,16214.6,swap,notBad
7305,5,16273.5,5,16214.6,move,improve
7306,5,16273.5,5,16214.6,swap,notBad
7307,5,16273.5,5,16214.6,swap,notBad
7308,5,16273.499999999998,5,16214.6,2opt,improve
7309,5,16273.499999999998,5,16214.6,swap,notBad
7310,5,16273.499999999998,5,16214.6,swap,notBad
7311,5,16273.499999999998,5,16214.6,swap,notBad
7312,5,16273.499999999998,5,16214.6,move,improve
7313,5,16273.499999999998,5,16214.6,2opt,notBad
7314,5,16273.499999999998,5,16214.6,move,improve
7315,5,16273.499999999998,5,16214.6,move,improve
7316,5,16273.499999999998,5,16214.6,move,improve
7317,5,16273.499999999998,5,16214.6,2opt,notBad
7318,5,16273.499999999998,5,16214.6,2opt,notBad
7319,5,16273.499999999998,5,16214.6,2opt,notBad
7320,5,16273.499999999998,5,16214.6,swap,notBad
7321,5,16273.499999999998,5,16214.6,2opt,notBad
7322,5,16273.499999999998,5,16214.6,move,improve
7323,5,16273.499999999998,5,16214.6,swap,notBad
7324,5,16273.499999999998,5,16214.6,move,improve
7325,5,16273.499999999998,5,16214.6,move,improve
7326,5,16273.499999999998,5,16214.6,move,improve
7327,5,16273.499999999998,5,16214.6,2opt,notBad
7328,5,16273.499999999998,5,16214.6,swap,notBad
7329,5,16273.499999999998,5,16214.6,2opt,notBad
7330,5,16273.499999999998,5,16214.6,swap,notBad
7331,5,16273.499999999998,5,16214.6,2opt,notBad
7332,5,16273.499999999998,5,16214.6,2opt,notBad
7333,5,16273.499999999998,5,16214.6,2opt,notBad
7334,5,16273.499999999998,5,16214.6,2opt,notBad
7335,5,16273.499999999998,5,16214.6,2opt,notBad
7336,5,16273.499999999998,5,16214.6,move,improve
7337,5,16273.499999999998,5,16214.6,swap,notBad
7338,5,16273.499999999998,5,16214.6,move,improve
7339,5,16273.499999999998,5,16214.6,move,improve
7340,5,16273.499999999998,5,16214.6,2opt,notBad
7341,5,16273.499999999998,5,16214.6,move,improve
7342,5,16273.499999999998,5,16214.6,2opt,notBad
7343,5,16273.499999999998,5,16214.6,move,improve
7344,5,16273.499999999998,5,16214.6,move,improve
7345,5,16273.499999999998,5,16214.6,move,improve
7346,5,16273.499999999998,5,16214.6,2opt,notBad
7347,5,16273.499999999998,5,16214.6,2opt,notBad
7348,5,16273.499999999998,5,16214.6,swap,notBad
7349,5,16273.499999999998,5,16214.6,swap,notBad
7350,5,16273.499999999998,5,16214.6,swap,notBad
7351,5,16273.499999999998,5,16214.6,2opt,notBad
7352,5,16273.499999999998,5,16214.6,swap,notBad
7353,5,16273.499999999998,5,16214.6,move,improve
7354,5,16273.499999999998,5,16214.6,2opt,notBad
7355,5,16273.499999999998,5,16214.6,2opt,notBad
7356,5,16273.499999999998,5,16214.6,move,improve
7357,5,16273.499999999998,5,16214.6,swap,notBad
7358,5,16273.499999999998,5,16214.6,2opt,notBad
7359,5,16273.499999999998,5,16214.6,swap,notBad
7360,5,16273.499999999998,5,16214.6,move,improve
7361,5,16273.499999999998,5,16214.6,swap,notBad
7362,5,16273.499999999998,5,16214.6,move,improve
7363,5,16273.499999999998,5,16214.6,swap,notBad
7364,5,16273.499999999998,5,16214.6,2opt,notBad
7365,5,16273.499999999998,5,16214.6,swap,notBad
7366,5,16273.499999999998,5,16214.6,move,improve
7367,5,16273.499999999998,5,16214.6,2opt,notBad
7368,5,16273.499999999998,5,16214.6,swap,notBad
7369,5,16273.499999999998,5,16214.6,move,improve
7370,5,16273.499999999998,5,16214.6,2opt,notBad
7371,5,16273.499999999998,5,16214.6,2opt,notBad
7372,5,16273.499999999998,5,16214.6,swap,notBad
7373,5,16273.499999999998,5,16214.6,2opt,notBad
7374,5,16273.499999999998,5,16214.6,move,improve
7375,5,16273.499999999998,5,16214.6,swap,notBad
7376,5,16273.499999999998,5,16214.6,swap,notBad
7377,5,16273.499999999998,5,16214.6,2opt,improve
7378,5,16273.499999999998,5,16214.6,2opt,notBad
7379,5,16273.499999999998,5,16214.6,2opt,notBad
7380,5,16273.499999999998,5,16214.6,move,improve
7381,5,16273.499999999998,5,16214.6,move,improve
7382,5,16273.499999999998,5,16214.6,move,improve
7383,5,16273.499999999998,5,16214.6,move,improve
7384,5,16273.499999999998,5,16214.6,2opt,notBad
7385,5,16273.499999999998,5,16214.6,move,improve
7386,5,16273.499999999998,5,16214.6,swap,notBad
7387,5,16273.499999999998,5,16214.6,move,improve
7388,5,16273.499999999998,5,16214.6,swap,notBad
7389,5,16273.499999999998,5,16214.6,swap,notBad
7390,5,16273.499999999998,5,16214.6,swap,notBad
7391,5,16273.499999999998,5,16214.6,move,improve
7392,5,16273.499999999998,5,16214.6,2opt,notBad
7393,5,16273.499999999998,5,16214.6,move,improve
7394,5,16273.499999999998,5,16214.6,swap,notBad
7395,5,16273.499999999998,5,16214.6,2opt,notBad
7396,5,16273.499999999998,5,16214.6,2opt,notBad
7397,5,16211.999999999998,5,16211.999999999998,move,newBest
7398,5,16211.999999999998,5,16211.999999999998,swap,notBad
7399,5,16211.999999999998,5,16211.999999999998,2opt,notBad
7400,5,16211.999999999998,5,16211.999999999998,2opt,notBad
7401,5,16211.999999999998,5,16211.999999999998,2opt,notBad
7402,5,16211.999999999998,5,16211.999999999998,2opt,notBad
7403,5,16211.999999999998,5,16211.999999999998,swap,notBad
7404,5,16211.999999999998,5,16211.999999999998,move,improve
7405,5,16211.999999999998,5,16211.999999999998,2opt,notBad
7406,5,16211.999999999998,5,16211.999999999998,2opt,notBad
7407,5,16211.999999999998,5,16211.999999999998,move,improve
7408,5,16211.999999999998,5,16211.999999999998,move,improve
7409,5,16211.999999999998,5,16211.999999999998,move,improve
7410,5,16211.999999999998,5,16211.999999999998,2opt,notBad
7411,5,16211.999999999998,5,16211.999999999998,2opt,notBad
7412,5,16211.999999999998,5,16211.999999999998,2opt,notBad
7413,5,16211.999999999998,5,16211.999999999998,move,improve
7414,5,16211.999999999998,5,16211.999999999998,2opt,notBad
7415,5,16211.999999999998,5,16211.999999999998,2opt,notBad
7416,5,16211.999999999998,5,16211.999999999998,swap,notBad
7417,5,16211.999999999998,5,16211.999999999998,move,improve
7418,5,16211.999999999998,5,16211.999999999998,2opt,notBad
7419,5,16211.999999999998,5,16211.999999999998,swap,notBad
7420,5,16211.999999999998,5,16211.999999999998,2opt,notBad
7421,5,16211.999999999998,5,16211.999999999998,move,improve
7422,5,16211.999999999998,5,16211.999999999998,swap,notBad
7423,5,16211.999999999998,5,16211.999999999998,2opt,notBad
7424,5,16211.999999999998,5,16211.999999999998,move,improve
7425,5,16211.999999999998,5,16211.999999999998,swap,notBad
7426,5,16211.999999999998,5,16211.999999999998,move,improve
7427,5,16211.999999999998,5,16211.999999999998,2opt,notBad
7428,5,16211.999999999998,5,16211.999999999998,swap,notBad
7429,5,16211.999999999998,5,16211.999999999998,2opt,notBad
7430,5,16211.999999999998,5,16211.999999999998,swap,notBad
7431,5,16211.999999999998,5,16211.999999999998,move,improve
7432,5,16211.999999999998,5,16211.999999999998,2opt,notBad
7433,5,16211.999999999998,5,16211.999999999998,move,improve
7434,5,16211.999999999998,5,16211.999999999998,swap,notBad
7435,5,16211.999999999998,5,16211.999999999998,2opt,improve
7436,5,16211.999999999998,5,16211.999999999998,2opt,notBad
7437,5,16211.999999999998,5,16211.999999999998,2opt,notBad
7438,5,16211.999999999998,5,16211.999999999998,2opt,notBad
7439,5,16211.999999999998,5,16211.999999999998,swap,notBad
7440,5,16211.999999999998,5,16211.999999999998,move,improve
7441,5,16211.999999999998,5,16211.999999999998,2opt,notBad
7442,5,16211.999999999998,5,16211.999999999998,2opt,notBad
7443,5,16211.999999999998,5,16211.999999999998,move,improve
7444,5,16211.999999999998,5,16211.999999999998,swap,notBad
7445,5,16211.999999999998,5,16211.999999999998,move,improve
7446,5,16211.999999999998,5,16211.999999999998,2opt,notBad
7447,5,16211.999999999998,5,16211.999999999998,move,improve
7448,5,16211.999999999998,5,16211.999999999998,swap,notBad
7449,5,16211.999999999998,5,16211.999999999998,move,improve
7450,5,16211.999999999998,5,16211.999999999998,swap,notBad
7451,5,16211.999999999998,5,16211.999999999998,2opt,notBad
7452,5,16211.999999999998,5,16211.999999999998,move,improve
7453,5,16211.999999999998,5,16211.999999999998,move,improve
7454,5,16211.999999999998,5,16211.999999999998,move,improve
7455,5,16211.999999999998,5,16211.999999999998,swap,notBad
7456,5,16211.999999999998,5,16211.999999999998,2opt,improve
7457,5,16211.999999999998,5,16211.999999999998,2opt,notBad
7458,5,16211.999999999998,5,16211.999999999998,swap,notBad
7459,5,16211.999999999998,5,16211.999999999998,move,improve
7460,5,16211.999999999998,5,16211.999999999998,2opt,notBad
7461,5,16211.999999999998,5,16211.999999999998,2opt,notBad
7462,5,16211.999999999998,5,16211.999999999998,move,improve
7463,5,16211.999999999998,5,16211.999999999998,2opt,improve
7464,5,16211.999999999998,5,16211.999999999998,swap,notBad
7465,5,16211.999999999998,5,16211.999999999998,2opt,notBad
7466,5,16211.999999999998,5,16211.999999999998,move,improve
7467,5,16211.999999999998,5,16211.999999999998,2opt,notBad
7468,5,16211.999999999998,5,16211.999999999998,move,improve
7469,5,16211.999999999998,5,16211.999999999998,swap,notBad
7470,5,16211.999999999998,5,16211.999999999998,2opt,notBad
7471,5,16211.999999999998,5,16211.999999999998,swap,notBad
7472,5,16211.999999999998,5,16211.999999999998,move,improve
7473,5,16211.999999999998,5,16211.999999999998,move,improve
7474,5,16211.999999999998,5,16211.999999999998,swap,notBad
7475,5,16211.999999999998,5,16211.999999999998,move,improve
7476,5,16211.999999999998,5,16211.999999999998,2opt,notBad
7477,5,16211.999999999998,5,16211.999999999998,2opt,notBad
7478,5,16211.999999999998,5,16211.999999999998,swap,notBad
7479,5,16211.999999999998,5,16211.999999999998,move,improve
7480,5,16211.999999999998,5,16211.999999999998,move,improve
7481,5,16211.999999999998,5,16211.999999999998,swap,notBad
7482,5,16211.999999999998,5,16211.999999999998,swap,notBad
7483,5,16211.999999999998,5,16211.999999999998,move,improve
7484,5,16211.999999999998,5,16211.999999999998,swap,notBad
7485,5,16211.999999999998,5,16211.999999999998,swap,notBad
7486,5,16211.999999999998,5,16211.999999999998,2opt,notBad
7487,5,16211.999999999998,5,16211.999999999998,swap,notBad
7488,5,16211.999999999998,5,16211.999999999998,2opt,notBad
7489,5,16211.999999999998,5,16211.999999999998,move,improve
7490,5,16211.999999999998,5,16211.999999999998,2opt,notBad
7491,5,16211.999999999998,5,16211.999999999998,2opt,notBad
7492,5,16211.999999999998,5,16211.999999999998,swap,notBad
7493,5,16211.999999999998,5,16211.999999999998,2opt,notBad
7494,5,16211.999999999998,5,16211.999999999998,2opt,notBad
7495,5,16211.999999999998,5,16211.999999999998,swap,notBad
7496,5,16211.999999999998,5,16211.999999999998,swap,notBad
7497,5,16211.999999999998,5,16211.999999999998,move,improve
7498,5,16211.999999999998,5,16211.999999999998,move,improve
7499,5,16211.999999999998,5,16211.999999999998,swap,notBad
7500,5,16211.999999999998,5,16211.999999999998,swap,notBad
7501,5,16211.999999999998,5,16211.999999999998,2opt,notBad
7502,5,16211.999999999998,5,16211.999999999998,swap,notBad
7503,5,16211.999999999998,5,16211.999999999998,swap,notBad
7504,5,16211.999999999998,5,16211.999999999998,swap,notBad
7505,5,16211.999999999998,5,16211.999999999998,swap,notBad
7506,5,16211.999999999998,5,16211.999999999998,swap,notBad
7507,5,16211.999999999998,5,16211.999999999998,2opt,improve
7508,5,16211.999999999998,5,16211.999999999998,2opt,notBad
7509,5,16211.999999999998,5,16211.999999999998,swap,notBad
7510,5,16211.999999999998,5,16211.999999999998,swap,notBad
7511,5,16211.999999999998,5,16211.999999999998,2opt,notBad
7512,5,16211.999999999998,5,16211.999999999998,move,improve
7513,5,16211.999999999998,5,16211.999999999998,2opt,notBad
7514,5,16211.999999999998,5,16211.999999999998,move,notBad
7515,5,16211.999999999998,5,16211.999999999998,2opt,notBad
7516,5,16211.999999999998,5,16211.999999999998,2opt,notBad
7517,5,16211.999999999998,5,16211.999999999998,swap,notBad
7518,5,16211.999999999998,5,16211.999999999998,move,improve
7519,5,16211.999999999998,5,16211.999999999998,move,improve
7520,5,16211.999999999998,5,16211.999999999998,swap,notBad
7521,5,16211.999999999998,5,16211.999999999998,swap,notBad
7522,5,16211.999999999998,5,16211.999999999998,move,improve
7523,5,16211.999999999998,5,16211.999999999998,2opt,notBad
7524,5,16211.999999999998,5,16211.999999999998,swap,notBad
7525,5,16211.999999999998,5,16211.999999999998,2opt,notBad
7526,5,16211.999999999998,5,16211.999999999998,2opt,notBad
7527,5,16211.999999999998,5,16211.999999999998,move,improve
7528,5,16211.999999999998,5,16211.999999999998,move,improve
7529,5,16211.999999999998,5,16211.999999999998,move,improve
7530,5,16211.999999999998,5,16211.999999999998,swap,notBad
7531,5,16211.999999999998,5,16211.999999999998,2opt,notBad
7532,5,16211.999999999998,5,16211.999999999998,swap,notBad
7533,5,16211.999999999998,5,16211.999999999998,swap,notBad
7534,5,16211.999999999998,5,16211.999999999998,2opt,notBad
7535,5,16211.999999999998,5,16211.999999999998,swap,notBad
7536,5,16211.999999999998,5,16211.999999999998,2opt,notBad
7537,5,16211.999999999998,5,16211.999999999998,2opt,notBad
7538,5,16211.999999999998,5,16211.999999999998,swap,notBad
7539,5,16211.999999999998,5,16211.999999999998,2opt,notBad
7540,5,16211.999999999998,5,16211.999999999998,2opt,improve
7541,5,16211.999999999998,5,16211.999999999998,2opt,notBad
7542,5,16211.999999999998,5,16211.999999999998,swap,notBad
7543,5,16211.999999999998,5,16211.999999999998,move,improve
7544,5,16211.999999999998,5,16211.999999999998,move,improve
7545,5,16211.999999999998,5,16211.999999999998,swap,notBad
7546,5,16211.999999999998,5,16211.999999999998,swap,notBad
7547,5,16211.999999999998,5,16211.999999999998,move,improve
7548,5,16211.999999999998,5,16211.999999999998,swap,notBad
7549,5,16211.999999999998,5,16211.999999999998,move,improve
7550,5,16211.999999999998,5,16211.999999999998,swap,notBad
7551,5,16211.999999999998,5,16211.999999999998,swap,notBad
7552,5,16211.999999999998,5,16211.999999999998,2opt,notBad
7553,5,16211.999999999998,5,16211.999999999998,swap,notBad
7554,5,16211.999999999998,5,16211.999999999998,move,improve
7555,5,16211.999999999998,5,16211.999999999998,swap,notBad
7556,5,16211.999999999998,5,16211.999999999998,move,improve
7557,5,16215.399999999998,5,16211.999999999998,swap,acceptBad
7558,5,16215.399999999998,5,16211.999999999998,2opt,notBad
7559,5,16215.399999999998,5,16211.999999999998,move,improve
7560,5,16215.399999999998,5,16211.999999999998,swap,notBad
7561,5,16215.399999999998,5,16211.999999999998,2opt,notBad
7562,5,16215.399999999998,5,16211.999999999998,2opt,notBad
7563,5,16215.399999999998,5,16211.999999999998,swap,notBad
7564,5,16215.399999999998,5,16211.999999999998,2opt,notBad
7565,5,16215.399999999998,5,16211.999999999998,2opt,improve
7566,5,16215.399999999998,5,16211.999999999998,move,improve
7567,5,16215.399999999998,5,16211.999999999998,2opt,notBad
7568,5,16215.399999999998,5,16211.999999999998,2opt,notBad
7569,5,16215.399999999998,5,16211.999999999998,move,improve
7570,5,16215.399999999998,5,16211.999999999998,move,improve
7571,5,16215.399999999998,5,16211.999999999998,swap,notBad
7572,5,16215.399999999998,5,16211.999999999998,swap,notBad
7573,5,16215.399999999998,5,16211.999999999998,2opt,notBad
7574,5,16215.399999999998,5,16211.999999999998,swap,notBad
7575,5,16215.399999999998,5,16211.999999999998,swap,notBad
7576,5,16215.399999999998,5,16211.999999999998,2opt,notBad
7577,5,16215.399999999998,5,16211.999999999998,swap,notBad
7578,5,16215.399999999998,5,16211.999999999998,move,improve
7579,5,16215.399999999998,5,16211.999999999998,2opt,notBad
7580,5,16215.399999999998,5,16211.999999999998,swap,notBad
7581,5,16215.399999999998,5,16211.999999999998,2opt,notBad
7582,5,16215.399999999998,5,16211.999999999998,2opt,notBad
7583,5,16215.399999999998,5,16211.999999999998,swap,notBad
7584,5,16215.399999999998,5,16211.999999999998,move,improve
7585,5,16215.399999999998,5,16211.999999999998,2opt,notBad
7586,5,16215.399999999998,5,16211.999999999998,2opt,notBad
7587,5,16215.399999999998,5,16211.999999999998,2opt,notBad
7588,5,16215.399999999998,5,16211.999999999998,move,improve
7589,5,16215.399999999998,5,16211.999999999998,2opt,notBad
7590,5,16215.399999999998,5,16211.999999999998,move,improve
7591,5,16215.399999999998,5,16211.999999999998,swap,notBad
7592,5,16215.399999999998,5,16211.999999999998,swap,notBad
7593,5,16215.399999999998,5,16211.999999999998,move,notBad
7594,5,16215.399999999998,5,16211.999999999998,2opt,notBad
7595,5,16215.399999999998,5,16211.999999999998,swap,notBad
7596,5,16215.399999999998,5,16211.999999999998,2opt,notBad
7597,5,16215.399999999998,5,16211.999999999998,swap,notBad
7598,5,16215.399999999998,5,16211.999999999998,2opt,notBad
7599,5,16215.399999999998,5,16211.999999999998,move,improve
7600,5,16215.399999999998,5,16211.999999999998,move,improve
7601,5,16215.399999999998,5,16211.999999999998,move,improve
7602,5,16215.399999999998,5,16211.999999999998,move,improve
7603,5,16215.399999999998,5,16211.999999999998,2opt,notBad
7604,5,16215.399999999998,5,16211.999999999998,move,improve
7605,5,16215.399999999998,5,16211.999999999998,move,improve
7606,5,16211.999999999998,5,16211.999999999998,move,improve
7607,5,16211.999999999998,5,16211.999999999998,2opt,notBad
7608,5,16211.999999999998,5,16211.999999999998,move,improve
7609,5,16211.999999999998,5,16211.999999999998,swap,notBad
7610,5,16211.999999999998,5,16211.999999999998,move,improve
7611,5,16211.999999999998,5,16211.999999999998,swap,notBad
7612,5,16211.999999999998,5,16211.999999999998,swap,notBad
7613,5,16211.999999999998,5,16211.999999999998,swap,notBad
7614,5,16211.999999999998,5,16211.999999999998,swap,notBad
7615,5,16211.999999999998,5,16211.999999999998,move,improve
7616,5,16211.999999999998,5,16211.999999999998,swap,notBad
7617,5,16211.999999999998,5,16211.999999999998,2opt,notBad
7618,5,16211.999999999998,5,16211.999999999998,2opt,notBad
7619,5,16211.999999999998,5,16211.999999999998,move,improve
7620,5,16211.999999999998,5,16211.999999999998,2opt,notBad
7621,5,16211.999999999998,5,16211.999999999998,swap,notBad
7622,5,16211.999999999998,5,16211.999999999998,move,improve
7623,5,16211.999999999998,5,16211.999999999998,move,improve
7624,5,16211.999999999998,5,16211.999999999998,2opt,notBad
7625,5,16211.999999999998,5,16211.999999999998,swap,notBad
7626,5,16211.999999999998,5,16211.999999999998,swap,notBad
7627,5,16211.999999999998,5,16211.999999999998,2opt,improve
7628,5,16211.999999999998,5,16211.999999999998,2opt,notBad
7629,5,16211.999999999998,5,16211.999999999998,move,improve
7630,5,16211.999999999998,5,16211.999999999998,swap,notBad
7631,5,16211.999999999998,5,16211.999999999998,2opt,notBad
7632,5,16211.999999999998,5,16211.999999999998,2opt,notBad
7633,5,16211.999999999998,5,16211.999999999998,move,improve
7634,5,16211.999999999998,5,16211.999999999998,2opt,notBad
7635,5,16211.999999999998,5,16211.999999999998,swap,notBad
7636,5,16211.999999999998,5,16211.999999999998,2opt,notBad
7637,5,16211.999999999998,5,16211.999999999998,swap,notBad
7638,5,16211.999999999998,5,16211.999999999998,2opt,notBad
7639,5,16211.999999999998,5,16211.999999999998,move,improve
7640,5,16211.999999999998,5,16211.999999999998,move,improve
7641,5,16211.999999999998,5,16211.999999999998,move,improve
7642,5,16211.999999999998,5,16211.999999999998,move,improve
7643,5,16211.999999999998,5,16211.999999999998,2opt,notBad
7644,5,16211.999999999998,5,16211.999999999998,move,improve
7645,5,16211.999999999998,5,16211.999999999998,move,improve
7646,5,16211.999999999998,5,16211.999999999998,move,improve
7647,5,16211.999999999998,5,16211.999999999998,swap,notBad
7648,5,16211.999999999998,5,16211.999999999998,swap,notBad
7649,5,16211.999999999998,5,16211.999999999998,move,improve
7650,5,16211.999999999998,5,16211.999999999998,2opt,notBad
7651,5,16211.999999999998,5,16211.999999999998,move,improve
7652,5,16211.999999999998,5,16211.999999999998,swap,notBad
7653,5,16211.999999999998,5,16211.999999999998,swap,notBad
7654,5,16211.999999999998,5,16211.999999999998,2opt,notBad
7655,5,16211.999999999998,5,16211.999999999998,2opt,notBad
7656,5,16211.999999999998,5,16211.999999999998,swap,notBad
7657,5,16211.999999999998,5,16211.999999999998,2opt,improve
7658,5,16211.999999999998,5,16211.999999999998,2opt,notBad
7659,5,16211.999999999998,5,16211.999999999998,move,improve
7660,5,16211.999999999998,5,16211.999999999998,move,improve
7661,5,16211.999999999998,5,16211.999999999998,2opt,improve
7662,5,16211.999999999998,5,16211.999999999998,2opt,notBad
7663,5,16211.999999999998,5,16211.999999999998,2opt,notBad
7664,5,16211.999999999998,5,16211.999999999998,move,improve
7665,5,16211.999999999998,5,16211.999999999998,2opt,notBad
7666,5,16211.999999999998,5,16211.999999999998,move,improve
7667,5,16211.999999999998,5,16211.999999999998,swap,notBad
7668,5,16211.999999999998,5,16211.999999999998,swap,notBad
7669,5,16211.999999999998,5,16211.999999999998,swap,notBad
7670,5,16211.999999999998,5,16211.999999999998,move,improve
7671,5,16211.999999999998,5,16211.999999999998,2opt,notBad
7672,5,16211.999999999998,5,16211.999999999998,swap,notBad
7673,5,16211.999999999998,5,16211.999999999998,2opt,notBad
7674,5,16211.999999999998,5,16211.999999999998,swap,notBad
7675,5,16211.999999999998,5,16211.999999999998,move,improve
7676,5,16211.999999999998,5,16211.999999999998,move,improve
7677,5,16211.999999999998,5,16211.999999999998,2opt,notBad
7678,5,16211.999999999998,5,16211.999999999998,swap,notBad
7679,5,16211.999999999998,5,16211.999999999998,move,improve
7680,5,16211.999999999998,5,16211.999999999998,move,improve
7681,5,16214.6,5,16211.999999999998,swap,acceptBad
7682,5,16214.6,5,16211.999999999998,2opt,notBad
7683,5,16214.6,5,16211.999999999998,move,improve
7684,5,16214.6,5,16211.999999999998,2opt,notBad
7685,5,16214.6,5,16211.999999999998,2opt,notBad
7686,5,16214.6,5,16211.999999999998,2opt,notBad
7687,5,16214.6,5,16211.999999999998,move,improve
7688,5,16214.6,5,16211.999999999998,2opt,notBad
7689,5,16214.6,5,16211.999999999998,move,improve
7690,5,16214.6,5,16211.999999999998,swap,notBad
7691,5,16214.6,5,16211.999999999998,swap,notBad
7692,5,16214.6,5,16211.999999999998,swap,notBad
7693,5,16214.6,5,16211.999999999998,swap,notBad
7694,5,16214.6,5,16211.999999999998,move,improve
7695,5,16214.6,5,16211.999999999998,move,improve
7696,5,16214.6,5,16211.999999999998,move,notBad
7697,5,16214.6,5,16211.999999999998,move,improve
7698,5,16214.6,5,16211.999999999998,2opt,notBad
7699,5,16214.6,5,16211.999999999998,move,improve
7700,5,16214.6,5,16211.999999999998,move,improve
7701,5,16214.6,5,16211.999999999998,swap,notBad
7702,5,16214.6,5,16211.999999999998,2opt,notBad
7703,5,16214.6,5,16211.999999999998,swap,notBad
7704,5,16214.6,5,16211.999999999998,2opt,notBad
7705,5,16214.6,5,16211.999999999998,move,improve
7706,5,16214.6,5,16211.999999999998,swap,notBad
7707,5,16214.6,5,16211.999999999998,swap,notBad
7708,5,16214.6,5,16211.999999999998,2opt,improve
7709,5,16214.6,5,16211.999999999998,move,improve
7710,5,16214.6,5,16211.999999999998,swap,notBad
7711,5,16214.6,5,16211.999999999998,move,improve
7712,5,16214.6,5,16211.999999999998,2opt,notBad
7713,5,16214.6,5,16211.999999999998,swap,notBad
7714,5,16214.6,5,16211.999999999998,2opt,notBad
7715,5,16214.6,5,16211.999999999998,move,improve
7716,5,16214.6,5,16211.999999999998,move,improve
7717,5,16214.6,5,16211.999999999998,move,improve
7718,5,16214.6,5,16211.999999999998,swap,notBad
7719,5,16214.6,5,16211.999999999998,move,improve
7720,5,16214.6,5,16211.999999999998,2opt,notBad
7721,5,16214.6,5,16211.999999999998,2opt,notBad
7722,5,16214.6,5,16211.999999999998,move,improve
7723,5,16214.6,5,16211.999999999998,move,improve
7724,5,16214.6,5,16211.999999999998,2opt,improve
7725,5,16214.6,5,16211.999999999998,2opt,notBad
7726,5,16214.6,5,16211.999999999998,move,improve
7727,5,16214.6,5,16211.999999999998,swap,notBad
7728,5,16214.6,5,16211.999999999998,2opt,notBad
7729,5,16214.6,5,16211.999999999998,swap,notBad
7730,5,16214.6,5,16211.999999999998,2opt,notBad
7731,5,16214.6,5,16211.999999999998,move,improve
7732,5,16214.6,5,16211.999999999998,move,improve
7733,5,16214.6,5,16211.999999999998,move,improve
7734,5,16214.6,5,16211.999999999998,swap,notBad
7735,5,16214.6,5,16211.999999999998,2opt,notBad
7736,5,16214.6,5,16211.999999999998,move,improve
7737,5,16214.6,5,16211.999999999998,2opt,notBad
7738,5,16214.6,5,16211.999999999998,move,improve
7739,5,16214.6,5,16211.999999999998,2opt,notBad
7740,5,16214.6,5,16211.999999999998,swap,notBad
7741,5,16214.6,5,16211.999999999998,2opt,notBad
7742,5,16214.6,5,16211.999999999998,2opt,notBad
7743,5,16214.6,5,16211.999999999998,swap,notBad
7744,5,16214.6,5,16211.999999999998,2opt,notBad
7745,5,16214.6,5,16211.999999999998,swap,notBad
7746,5,16214.6,5,16211.999999999998,move,improve
7747,5,16214.6,5,16211.999999999998,swap,notBad
7748,5,16214.6,5,16211.999999999998,move,improve
7749,5,16214.6,5,16211.999999999998,move,improve
7750,5,16214.6,5,16211.999999999998,move,improve
7751,5,16214.6,5,16211.999999999998,2opt,notBad
7752,5,16214.6,5,16211.999999999998,swap,notBad
7753,5,16214.6,5,16211.999999999998,2opt,notBad
7754,5,16214.6,5,16211.999999999998,move,improve
7755,5,16214.6,5,16211.999999999998,move,improve
7756,5,16214.6,5,16211.999999999998,swap,notBad
7757,5,16214.6,5,16211.999999999998,2opt,notBad
7758,5,16214.6,5,16211.999999999998,swap,notBad
7759,5,16214.6,5,16211.999999999998,move,improve
7760,5,16214.6,5,16211.999999999998,2opt,notBad
7761,5,16214.6,5,16211.999999999998,swap,notBad
7762,5,16214.6,5,16211.999999999998,2opt,notBad
7763,5,16214.6,5,16211.999999999998,move,improve
7764,5,16214.6,5,16211.999999999998,move,improve
7765,5,16214.6,5,16211.999999999998,2opt,notBad
7766,5,16214.6,5,16211.999999999998,swap,notBad
7767,5,16214.6,5,16211.999999999998,move,improve
7768,5,16214.6,5,16211.999999999998,2opt,notBad
7769,5,16214.6,5,16211.999999999998,2opt,notBad
7770,5,16214.6,5,16211.999999999998,move,improve
7771,5,16214.6,5,16211.999999999998,swap,notBad
7772,5,16214.6,5,16211.999999999998,swap,notBad
7773,5,16214.6,5,16211.999999999998,swap,notBad
7774,5,16214.6,5,16211.999999999998,move,improve
7775,5,16214.6,5,16211.999999999998,2opt,notBad
7776,5,16214.6,5,16211.999999999998,move,improve
7777,5,16214.6,5,16211.999999999998,swap,notBad
7778,5,16214.6,5,16211.999999999998,2opt,notBad
7779,5,16214.6,5,16211.999999999998,2opt,notBad
7780,5,16214.6,5,16211.999999999998,2opt,notBad
7781,5,16214.6,5,16211.999999999998,move,improve
7782,5,16214.6,5,16211.999999999998,move,improve
7783,5,16214.6,5,16211.999999999998,swap,notBad
7784,5,16214.6,5,16211.999999999998,2opt,notBad
7785,5,16214.6,5,16211.999999999998,move,improve
7786,5,16214.6,5,16211.999999999998,move,improve
7787,5,16214.6,5,16211.999999999998,2opt,notBad
7788,5,16214.6,5,16211.999999999998,2opt,notBad
7789,5,16214.6,5,16211.999999999998,move,improve
7790,5,16214.6,5,16211.999999999998,2opt,notBad
7791,5,16214.6,5,16211.999999999998,2opt,notBad
7792,5,16214.6,5,16211.999999999998,swap,notBad
7793,5,16214.6,5,16211.999999999998,swap,notBad
7794,5,16214.6,5,16211.999999999998,swap,notBad
7795,5,16214.6,5,16211.999999999998,2opt,notBad
7796,5,16214.6,5,16211.999999999998,move,improve
7797,5,16214.6,5,16211.999999999998,move,improve
7798,5,16214.6,5,16211.999999999998,move,improve
7799,5,16214.6,5,16211.999999999998,2opt,notBad
7800,5,16214.6,5,16211.999999999998,move,improve
7801,5,16214.6,5,16211.999999999998,move,improve
7802,5,16214.6,5,16211.999999999998,move,improve
7803,5,16214.6,5,16211.999999999998,move,improve
7804,5,16214.6,5,16211.999999999998,swap,notBad
7805,5,16214.6,5,16211.999999999998,2opt,notBad
7806,5,16214.6,5,16211.999999999998,move,improve
7807,5,16214.6,5,16211.999999999998,swap,notBad
7808,5,16214.6,5,16211.999999999998,2opt,notBad
7809,5,16214.6,5,16211.999999999998,2opt,notBad
7810,5,16214.6,5,16211.999999999998,2opt,notBad
7811,5,16214.6,5,16211.999999999998,move,improve
7812,5,16214.6,5,16211.999999999998,move,improve
7813,5,16214.6,5,16211.999999999998,swap,notBad
7814,5,16214.6,5,16211.999999999998,move,improve
7815,5,16214.6,5,16211.999999999998,swap,notBad
7816,5,16214.6,5,16211.999999999998,2opt,notBad
7817,5,16214.6,5,16211.999999999998,move,improve
7818,5,16214.6,5,16211.999999999998,2opt,notBad
7819,5,16214.6,5,16211.999999999998,2opt,notBad
7820,5,16214.6,5,16211.999999999998,2opt,notBad
7821,5,16214.6,5,16211.999999999998,swap,notBad
7822,5,16214.6,5,16211.999999999998,2opt,notBad
7823,5,16214.6,5,16211.999999999998,move,notBad
7824,5,16214.6,5,16211.999999999998,move,improve
7825,5,16214.6,5,16211.999999999998,swap,notBad
7826,5,16214.6,5,16211.999999999998,swap,notBad
7827,5,16214.6,5,16211.999999999998,swap,notBad
7828,5,16214.6,5,16211.999999999998,move,improve
7829,5,16214.6,5,16211.999999999998,2opt,notBad
7830,5,16214.6,5,16211.999999999998,move,improve
7831,5,16214.6,5,16211.999999999998,swap,notBad
7832,5,16214.6,5,16211.999999999998,swap,notBad
7833,5,16214.6,5,16211.999999999998,2opt,notBad
7834,5,16214.6,5,16211.999999999998,2opt,notBad
7835,5,16214.6,5,16211.999999999998,swap,notBad
7836,5,16214.6,5,16211.999999999998,move,improve
7837,5,16214.6,5,16211.999999999998,2opt,notBad
7838,5,16214.6,5,16211.999999999998,swap,notBad
7839,5,16214.6,5,16211.999999999998,move,improve
7840,5,16214.6,5,16211.999999999998,swap,notBad
7841,5,16214.6,5,16211.999999999998,2opt,notBad
7842,5,16214.6,5,16211.999999999998,move,improve
7843,5,16214.6,5,16211.999999999998,move,improve
7844,5,16214.6,5,16211.999999999998,swap,notBad
7845,5,16214.6,5,16211.999999999998,move,improve
7846,5,16214.6,5,16211.999999999998,move,improve
7847,5,16214.6,5,16211.999999999998,move,improve
7848,5,16214.6,5,16211.999999999998,2opt,notBad
7849,5,16214.6,5,16211.999999999998,2opt,notBad
7850,5,16214.6,5,16211.999999999998,swap,notBad
7851,5,16214.6,5,16211.999999999998,move,improve
7852,5,16214.6,5,16211.999999999998,2opt,notBad
7853,5,16214.6,5,16211.999999999998,2opt,notBad
7854,5,16214.6,5,16211.999999999998,move,improve
7855,5,16214.6,5,16211.999999999998,move,improve
7856,5,16214.6,5,16211.999999999998,move,improve
7857,5,16214.6,5,16211.999999999998,swap,notBad
7858,5,16214.6,5,16211.999999999998,move,improve
7859,5,16214.6,5,16211.999999999998,2opt,notBad
7860,5,16214.6,5,16211.999999999998,2opt,notBad
7861,5,16214.6,5,16211.999999999998,2opt,notBad
7862,5,16214.6,5,16211.999999999998,move,improve
7863,5,16214.6,5,16211.999999999998,swap,notBad
7864,5,16214.6,5,16211.999999999998,swap,notBad
7865,5,16214.6,5,16211.999999999998,swap,notBad
7866,5,16214.6,5,16211.999999999998,move,improve
7867,5,16214.6,5,16211.999999999998,move,improve
7868,5,16214.6,5,16211.999999999998,2opt,improve
7869,5,16214.6,5,16211.999999999998,2opt,notBad
7870,5,16214.6,5,16211.999999999998,2opt,notBad
7871,5,16214.6,5,16211.999999999998,swap,notBad
7872,5,16214.6,5,16211.999999999998,swap,notBad
7873,5,16214.6,5,16211.999999999998,move,improve
7874,5,16214.6,5,16211.999999999998,swap,notBad
7875,5,16214.6,5,16211.999999999998,swap,notBad
7876,5,16214.6,5,16211.999999999998,move,improve
7877,5,16214.6,5,16211.999999999998,swap,notBad
7878,5,16214.6,5,16211.999999999998,2opt,improve
7879,5,16214.6,5,16211.999999999998,2opt,notBad
7880,5,16214.6,5,16211.999999999998,swap,notBad
7881,5,16214.6,5,16211.999999999998,move,improve
7882,5,16214.6,5,16211.999999999998,move,improve
7883,5,16214.6,5,16211.999999999998,swap,notBad
7884,5,16214.6,5,16211.999999999998,move,improve
7885,5,16214.6,5,16211.999999999998,2opt,notBad
7886,5,16214.6,5,16211.999999999998,2opt,notBad
7887,5,16214.6,5,16211.999999999998,swap,notBad
7888,5,16214.6,5,16211.999999999998,swap,notBad
7889,5,16214.6,5,16211.999999999998,move,improve
7890,5,16214.6,5,16211.999999999998,swap,notBad
7891,5,16214.6,5,16211.999999999998,swap,notBad
7892,5,16214.6,5,16211.999999999998,swap,notBad
7893,5,16214.6,5,16211.999999999998,move,improve
7894,5,16214.6,5,16211.999999999998,2opt,notBad
7895,5,16214.6,5,16211.999999999998,swap,notBad
7896,5,16214.6,5,16211.999999999998,move,improve
7897,5,16214.6,5,16211.999999999998,swap,notBad
7898,5,16214.6,5,16211.999999999998,move,improve
7899,5,16214.6,5,16211.999999999998,2opt,notBad
7900,5,16214.6,5,16211.999999999998,swap,notBad
7901,5,16214.6,5,16211.999999999998,2opt,notBad
7902,5,16214.6,5,16211.999999999998,move,improve
7903,5,16214.6,5,16211.999999999998,swap,notBad
7904,5,16214.6,5,16211.999999999998,swap,notBad
7905,5,16214.6,5,16211.999999999998,swap,notBad
7906,5,16214.6,5,16211.999999999998,move,improve
7907,5,16214.6,5,16211.999999999998,2opt,notBad
7908,5,16214.6,5,16211.999999999998,2opt,notBad
7909,5,16214.6,5,16211.999999999998,move,improve
7910,5,16214.6,5,16211.999999999998,swap,notBad
7911,5,16214.6,5,16211.999999999998,2opt,notBad
7912,5,16214.6,5,16211.999999999998,2opt,notBad
7913,5,16214.6,5,16211.999999999998,swap,notBad
7914,5,16214.6,5,16211.999999999998,swap,notBad
7915,5,16214.6,5,16211.999999999998,swap,notBad
7916,5,16214.6,5,16211.999999999998,2opt,improve
7917,5,16214.6,5,16211.999999999998,move,improve
7918,5,16214.6,5,16211.999999999998,move,improve
7919,5,16214.6,5,16211.999999999998,2opt,notBad
7920,5,16214.6,5,16211.999999999998,swap,notBad
7921,5,16214.6,5,16211.999999999998,2opt,notBad
7922,5,16214.6,5,16211.999999999998,2opt,notBad
7923,5,16214.6,5,16211.999999999998,2opt,notBad
7924,5,16214.6,5,16211.999999999998,2opt,notBad
7925,5,16214.6,5,16211.999999999998,swap,notBad
7926,5,16214.6,5,16211.999999999998,swap,notBad
7927,5,16214.6,5,16211.999999999998,2opt,notBad
7928,5,16214.6,5,16211.999999999998,2opt,notBad
7929,5,16214.6,5,16211.999999999998,move,improve
7930,5,16214.6,5,16211.999999999998,2opt,notBad
7931,5,16214.6,5,16211.999999999998,move,improve
7932,5,16214.6,5,16211.999999999998,2opt,notBad
7933,5,16214.6,5,16211.999999999998,2opt,notBad
7934,5,16214.6,5,16211.999999999998,2opt,notBad
7935,5,16214.6,5,16211.999999999998,swap,notBad
7936,5,16214.6,5,16211.999999999998,move,improve
7937,5,16214.6,5,16211.999999999998,swap,notBad
7938,5,16214.6,5,16211.999999999998,move,improve
7939,5,16214.6,5,16211.999999999998,2opt,notBad
7940,5,16214.6,5,16211.999999999998,move,improve
7941,5,16214.6,5,16211.999999999998,move,improve
7942,5,16214.6,5,16211.999999999998,swap,notBad
7943,5,16214.6,5,16211.999999999998,swap,notBad
7944,5,16214.6,5,16211.999999999998,2opt,notBad
7945,5,16214.6,5,16211.999999999998,swap,notBad
7946,5,16214.6,5,16211.999999999998,move,improve
7947,5,16214.6,5,16211.999999999998,swap,notBad
7948,5,16214.6,5,16211.999999999998,move,improve
7949,5,16214.6,5,16211.999999999998,2opt,notBad
7950,5,16214.6,5,16211.999999999998,move,improve
7951,5,16214.6,5,16211.999999999998,move,improve
7952,5,16214.6,5,16211.999999999998,move,improve
7953,5,16214.6,5,16211.999999999998,2opt,notBad
7954,5,16214.6,5,16211.999999999998,swap,notBad
7955,5,16214.6,5,16211.999999999998,2opt,notBad
7956,5,16214.6,5,16211.999999999998,2opt,notBad
7957,5,16214.6,5,16211.999999999998,swap,notBad
7958,5,16214.6,5,16211.999999999998,move,improve
7959,5,16214.6,5,16211.999999999998,swap,notBad
7960,5,16214.6,5,16211.999999999998,swap,notBad
7961,5,16214.6,5,16211.999999999998,move,improve
7962,5,16214.6,5,16211.999999999998,2opt,notBad
7963,5,16214.6,5,16211.999999999998,2opt,notBad
7964,5,16214.6,5,16211.999999999998,swap,notBad
7965,5,16214.6,5,16211.999999999998,move,improve
7966,5,16214.6,5,16211.999999999998,swap,notBad
7967,5,16214.6,5,16211.999999999998,move,improve
7968,5,16214.6,5,16211.999999999998,move,improve
7969,5,16214.6,5,16211.999999999998,move,improve
7970,5,16214.6,5,16211.999999999998,swap,notBad
7971,5,16214.6,5,16211.999999999998,swap,notBad
7972,5,16214.6,5,16211.999999999998,move,improve
7973,5,16214.6,5,16211.999999999998,2opt,notBad
7974,5,16214.6,5,16211.999999999998,swap,notBad
7975,5,16214.6,5,16211.999999999998,move,improve
7976,5,16214.6,5,16211.999999999998,swap,notBad
7977,5,16214.6,5,16211.999999999998,2opt,notBad
7978,5,16214.6,5,16211.999999999998,swap,notBad
7979,5,16214.6,5,16211.999999999998,move,notBad
7980,5,16214.6,5,16211.999999999998,move,improve
7981,5,16214.6,5,16211.999999999998,swap,notBad
7982,5,16214.6,5,16211.999999999998,2opt,notBad
7983,5,16214.6,5,16211.999999999998,move,improve
7984,5,16214.6,5,16211.999999999998,move,improve
7985,5,16214.6,5,16211.999999999998,2opt,notBad
7986,5,16214.6,5,16211.999999999998,move,improve
7987,5,16214.6,5,16211.999999999998,swap,notBad
7988,5,16214.6,5,16211.999999999998,move,improve
7989,5,16214.6,5,16211.999999999998,2opt,notBad
7990,5,16214.6,5,16211.999999999998,move,improve
7991,5,16214.6,5,16211.999999999998,2opt,notBad
7992,5,16214.6,5,16211.999999999998,2opt,notBad
7993,5,16214.6,5,16211.999999999998,move,improve
7994,5,16214.6,5,16211.999999999998,2opt,notBad
7995,5,16214.6,5,16211.999999999998,swap,notBad
7996,5,16214.6,5,16211.999999999998,move,improve
7997,5,16214.6,5,16211.999999999998,swap,notBad
7998,5,16214.6,5,16211.999999999998,move,improve
7999,5,16214.6,5,16211.999999999998,swap,notBad
8000,5,16214.6,5,16211.999999999998,swap,notBad
8001,5,16214.6,5,16211.999999999998,2opt,notBad
8002,5,16214.6,5,16211.999999999998,swap,notBad
8003,5,16214.6,5,16211.999999999998,swap,notBad
8004,5,16214.6,5,16211.999999999998,2opt,notBad
8005,5,16214.6,5,16211.999999999998,swap,notBad
8006,5,16214.6,5,16211.999999999998,2opt,notBad
8007,5,16214.6,5,16211.999999999998,swap,notBad
8008,5,16214.6,5,16211.999999999998,move,improve
8009,5,16214.6,5,16211.999999999998,2opt,notBad
8010,5,16214.6,5,16211.999999999998,swap,notBad
8011,5,16214.6,5,16211.999999999998,2opt,improve
8012,5,16214.6,5,16211.999999999998,move,improve
8013,5,16214.6,5,16211.999999999998,move,improve
8014,5,16214.6,5,16211.999999999998,2opt,notBad
8015,5,16214.6,5,16211.999999999998,2opt,notBad
8016,5,16214.6,5,16211.999999999998,move,improve
8017,5,16214.6,5,16211.999999999998,2opt,notBad
8018,5,16214.6,5,16211.999999999998,move,improve
8019,5,16214.6,5,16211.999999999998,move,improve
8020,5,16214.6,5,16211.999999999998,2opt,notBad
8021,5,16214.6,5,16211.999999999998,swap,notBad
8022,5,16214.6,5,16211.999999999998,move,improve
8023,5,16214.6,5,16211.999999999998,swap,notBad
8024,5,16214.6,5,16211.999999999998,swap,notBad
8025,5,16214.6,5,16211.999999999998,2opt,improve
8026,5,16214.6,5,16211.999999999998,2opt,notBad
8027,5,16214.6,5,16211.999999999998,2opt,notBad
8028,5,16214.6,5,16211.999999999998,move,improve
8029,5,16214.6,5,16211.999999999998,swap,notBad
8030,5,16214.6,5,16211.999999999998,move,improve
8031,5,16214.6,5,16211.999999999998,swap,notBad
8032,5,16214.6,5,16211.999999999998,swap,notBad
8033,5,16214.6,5,16211.999999999998,move,improve
8034,5,16214.6,5,16211.999999999998,move,improve
8035,5,16214.6,5,16211.999999999998,2opt,notBad
8036,5,16214.6,5,16211.999999999998,2opt,notBad
8037,5,16214.6,5,16211.999999999998,move,improve
8038,5,16214.6,5,16211.999999999998,move,improve
8039,5,16214.6,5,16211.999999999998,swap,notBad
8040,5,16214.6,5,16211.999999999998,move,improve
8041,5,16214.6,5,16211.999999999998,move,improve
8042,5,16214.6,5,16211.999999999998,move,improve
8043,5,16214.6,5,16211.999999999998,move,improve
8044,5,16214.6,5,16211.999999999998,2opt,notBad
8045,5,16214.6,5,16211.999999999998,2opt,notBad
8046,5,16214.6,5,16211.999999999998,move,improve
8047,5,16214.6,5,16211.999999999998,2opt,notBad
8048,5,16214.6,5,16211.999999999998,move,improve
8049,5,16214.6,5,16211.999999999998,swap,notBad
8050,5,16214.6,5,16211.999999999998,2opt,notBad
8051,5,16214.6,5,16211.999999999998,swap,notBad
8052,5,16214.6,5,16211.999999999998,2opt,notBad
8053,5,16214.6,5,16211.999999999998,move,improve
8054,5,16214.6,5,16211.999999999998,move,improve
8055,5,16214.6,5,16211.999999999998,2opt,notBad
8056,5,16214.6,5,16211.999999999998,2opt,notBad
8057,5,16214.6,5,16211.999999999998,swap,notBad
8058,5,16214.6,5,16211.999999999998,2opt,notBad
8059,5,16214.6,5,16211.999999999998,move,improve
8060,5,16214.6,5,16211.999999999998,2opt,notBad
8061,5,16214.6,5,16211.999999999998,move,improve
8062,5,16214.6,5,16211.999999999998,2opt,notBad
8063,5,16214.6,5,16211.999999999998,move,improve
8064,5,16214.6,5,16211.999999999998,move,improve
8065,5,16214.6,5,16211.999999999998,2opt,notBad
8066,5,16214.6,5,16211.999999999998,swap,notBad
8067,5,16214.6,5,16211.999999999998,move,improve
8068,5,16214.6,5,16211.999999999998,2opt,notBad
8069,5,16214.6,5,16211.999999999998,2opt,notBad
8070,5,16214.6,5,16211.999999999998,move,improve
8071,5,16214.6,5,16211.999999999998,2opt,notBad
8072,5,16214.6,5,16211.999999999998,swap,notBad
8073,5,16214.6,5,16211.999999999998,2opt,notBad
8074,5,16214.6,5,16211.999999999998,swap,notBad
8075,5,16214.6,5,16211.999999999998,swap,notBad
8076,5,16214.6,5,16211.999999999998,swap,notBad
8077,5,16214.6,5,16211.999999999998,move,improve
8078,5,16214.6,5,16211.999999999998,move,improve
8079,5,16214.6,5,16211.999999999998,move,improve
8080,5,16214.6,5,16211.999999999998,move,improve
8081,5,16214.6,5,16211.999999999998,2opt,notBad
8082,5,16214.6,5,16211.999999999998,move,improve
8083,5,16214.6,5,16211.999999999998,swap,notBad
8084,5,16214.6,5,16211.999999999998,swap,notBad
8085,5,16214.6,5,16211.999999999998,2opt,notBad
8086,5,16214.6,5,16211.999999999998,2opt,notBad
8087,5,16214.6,5,16211.999999999998,2opt,notBad
8088,5,16214.6,5,16211.999999999998,2opt,notBad
8089,5,16214.6,5,16211.999999999998,move,improve
8090,5,16214.6,5,16211.999999999998,2opt,notBad
8091,5,16214.6,5,16211.999999999998,2opt,notBad
8092,5,16214.6,5,16211.999999999998,move,improve
8093,5,16214.6,5,16211.999999999998,move,improve
8094,5,16214.6,5,16211.999999999998,move,improve
8095,5,16214.6,5,16211.999999999998,move,improve
8096,5,16214.6,5,16211.999999999998,move,improve
8097,5,16214.6,5,16211.999999999998,swap,notBad
8098,5,16214.6,5,16211.999999999998,move,improve
8099,5,16214.6,5,16211.999999999998,move,improve
8100,5,16214.6,5,16211.999999999998,2opt,notBad
8101,5,16214.6,5,16211.999999999998,move,improve
8102,5,16214.6,5,16211.999999999998,swap,notBad
8103,5,16214.6,5,16211.999999999998,2opt,notBad
8104,5,16214.6,5,16211.999999999998,2opt,notBad
8105,5,16214.6,5,16211.999999999998,swap,notBad
8106,5,16214.6,5,16211.999999999998,2opt,notBad
8107,5,16214.6,5,16211.999999999998,2opt,improve
8108,5,16214.6,5,16211.999999999998,2opt,notBad
8109,5,16214.6,5,16211.999999999998,swap,notBad
8110,5,16214.6,5,16211.999999999998,move,improve
8111,5,16214.6,5,16211.999999999998,move,improve
8112,5,16214.6,5,16211.999999999998,swap,notBad
8113,5,16214.6,5,16211.999999999998,move,improve
8114,5,16214.6,5,16211.999999999998,move,improve
8115,5,16214.6,5,16211.999999999998,swap,notBad
8116,5,16214.6,5,16211.999999999998,swap,notBad
8117,5,16214.6,5,16211.999999999998,move,improve
8118,5,16214.6,5,16211.999999999998,2opt,notBad
8119,5,16214.6,5,16211.999999999998,move,improve
8120,5,16214.6,5,16211.999999999998,swap,notBad
8121,5,16214.6,5,16211.999999999998,2opt,notBad
8122,5,16214.6,5,16211.999999999998,2opt,notBad
8123,5,16214.6,5,16211.999999999998,move,improve
8124,5,16214.6,5,16211.999999999998,2opt,notBad
8125,5,16214.6,5,16211.999999999998,2opt,notBad
8126,5,16214.6,5,16211.999999999998,swap,notBad
8127,5,16214.6,5,16211.999999999998,2opt,notBad
8128,5,16214.6,5,16211.999999999998,2opt,notBad
8129,5,16214.6,5,16211.999999999998,2opt,notBad
8130,5,16214.6,5,16211.999999999998,2opt,notBad
8131,5,16214.6,5,16211.999999999998,move,improve
8132,5,16214.6,5,16211.999999999998,move,notBad
8133,5,16214.6,5,16211.999999999998,2opt,notBad
8134,5,16214.6,5,16211.999999999998,2opt,notBad
8135,5,16214.6,5,16211.999999999998,2opt,notBad
8136,5,16214.6,5,16211.999999999998,move,improve
8137,5,16214.6,5,16211.999999999998,2opt,notBad
8138,5,16214.6,5,16211.999999999998,swap,notBad
8139,5,16214.6,5,16211.999999999998,swap,notBad
8140,5,16214.6,5,16211.999999999998,move,improve
8141,5,16214.6,5,16211.999999999998,move,improve
8142,5,16214.6,5,16211.999999999998,move,improve
8143,5,16214.6,5,16211.999999999998,move,improve
8144,5,16214.6,5,16211.999999999998,2opt,notBad
8145,5,16214.6,5,16211.999999999998,move,improve
8146,5,16214.6,5,16211.999999999998,swap,notBad
8147,5,16214.6,5,16211.999999999998,move,improve
8148,5,16214.6,5,16211.999999999998,2opt,notBad
8149,5,16214.6,5,16211.999999999998,swap,notBad
8150,5,16214.6,5,16211.999999999998,swap,notBad
8151,5,16214.6,5,16211.999999999998,swap,notBad
8152,5,16214.6,5,16211.999999999998,swap,notBad
8153,5,16214.6,5,16211.999999999998,swap,notBad
8154,5,16214.6,5,16211.999999999998,swap,notBad
8155,5,16214.6,5,16211.999999999998,2opt,notBad
8156,5,16214.6,5,16211.999999999998,swap,notBad
8157,5,16214.6,5,16211.999999999998,2opt,notBad
8158,5,16214.6,5,16211.999999999998,2opt,notBad
8159,5,16214.6,5,16211.999999999998,2opt,improve
8160,5,16214.6,5,16211.999999999998,2opt,notBad
8161,5,16214.6,5,16211.999999999998,move,improve
8162,5,16214.6,5,16211.999999999998,swap,notBad
8163,5,16214.6,5,16211.999999999998,2opt,notBad
8164,5,16214.6,5,16211.999999999998,move,improve
8165,5,16214.6,5,16211.999999999998,swap,notBad
8166,5,16214.6,5,16211.999999999998,move,improve
8167,5,16214.6,5,16211.999999999998,swap,notBad
8168,5,16214.6,5,16211.999999999998,move,notBad
8169,5,16214.6,5,16211.999999999998,2opt,notBad
8170,5,16214.6,5,16211.999999999998,2opt,notBad
8171,5,16214.6,5,16211.999999999998,move,improve
8172,5,16214.6,5,16211.999999999998,swap,notBad
8173,5,16214.6,5,16211.999999999998,swap,notBad
8174,5,16214.6,5,16211.999999999998,swap,notBad
8175,5,16214.6,5,16211.999999999998,2opt,notBad
8176,5,16214.6,5,16211.999999999998,swap,notBad
8177,5,16214.6,5,16211.999999999998,2opt,notBad
8178,5,16214.6,5,16211.999999999998,move,improve
8179,5,16214.6,5,16211.999999999998,2opt,notBad
8180,5,16214.6,5,16211.999999999998,2opt,notBad
8181,5,16214.6,5,16211.999999999998,2opt,notBad
8182,5,16214.6,5,16211.999999999998,2opt,notBad
8183,5,16214.6,5,16211.999999999998,move,improve
8184,5,16214.6,5,16211.999999999998,move,improve
8185,5,16214.6,5,16211.999999999998,swap,notBad
8186,5,16214.6,5,16211.999999999998,swap,notBad
8187,5,16214.6,5,16211.999999999998,swap,notBad
8188,5,16214.6,5,16211.999999999998,swap,notBad
8189,5,16214.6,5,16211.999999999998,2opt,notBad
8190,5,16214.6,5,16211.999999999998,swap,notBad
8191,5,16214.6,5,16211.999999999998,swap,notBad
8192,5,16214.6,5,16211.999999999998,2opt,notBad
8193,5,16214.6,5,16211.999999999998,2opt,notBad
8194,5,16214.6,5,16211.999999999998,move,improve
8195,5,16214.6,5,16211.999999999998,move,improve
8196,5,16214.6,5,16211.999999999998,2opt,notBad
8197,5,16214.6,5,16211.999999999998,move,improve
8198,5,16214.6,5,16211.999999999998,move,improve
8199,5,16214.6,5,16211.999999999998,2opt,improve
8200,5,16214.6,5,16211.999999999998,move,improve
8201,5,16214.6,5,16211.999999999998,move,improve
8202,5,16214.6,5,16211.999999999998,swap,notBad
8203,5,16214.6,5,16211.999999999998,swap,notBad
8204,5,16214.6,5,16211.999999999998,move,improve
8205,5,16214.6,5,16211.999999999998,swap,notBad
8206,5,16214.6,5,16211.999999999998,swap,notBad
8207,5,16214.6,5,16211.999999999998,2opt,notBad
8208,5,16214.6,5,16211.999999999998,move,improve
8209,5,16214.6,5,16211.999999999998,2opt,improve
8210,5,16214.6,5,16211.999999999998,swap,notBad
8211,5,16214.6,5,16211.999999999998,swap,notBad
8212,5,16214.6,5,16211.999999999998,2opt,notBad
8213,5,16214.6,5,16211.999999999998,2opt,notBad
8214,5,16214.6,5,16211.999999999998,move,improve
8215,5,16214.6,5,16211.999999999998,swap,notBad
8216,5,16214.6,5,16211.999999999998,2opt,notBad
8217,5,16214.6,5,16211.999999999998,move,improve
8218,5,16214.6,5,16211.999999999998,2opt,notBad
8219,5,16214.6,5,16211.999999999998,2opt,notBad
8220,5,16214.6,5,16211.999999999998,move,improve
8221,5,16214.6,5,16211.999999999998,2opt,notBad
8222,5,16214.6,5,16211.999999999998,swap,notBad
8223,5,16214.6,5,16211.999999999998,swap,notBad
8224,5,16214.6,5,16211.999999999998,2opt,notBad
8225,5,16214.6,5,16211.999999999998,2opt,notBad
8226,5,16214.6,5,16211.999999999998,swap,notBad
8227,5,16214.6,5,16211.999999999998,move,improve
8228,5,16214.6,5,16211.999999999998,move,improve
8229,5,16214.6,5,16211.999999999998,swap,notBad
8230,5,16214.6,5,16211.999999999998,swap,notBad
8231,5,16214.6,5,16211.999999999998,swap,notBad
8232,5,16214.6,5,16211.999999999998,swap,notBad
8233,5,16214.6,5,16211.999999999998,move,improve
8234,5,16214.6,5,16211.999999999998,move,improve
8235,5,16214.6,5,16211.999999999998,2opt,notBad
8236,5,16214.6,5,16211.999999999998,swap,notBad
8237,5,16214.6,5,16211.999999999998,swap,notBad
8238,5,16214.6,5,16211.999999999998,swap,notBad
8239,5,16214.6,5,16211.999999999998,move,improve
8240,5,16214.6,5,16211.999999999998,swap,notBad
8241,5,16214.6,5,16211.999999999998,2opt,notBad
8242,5,16214.6,5,16211.999999999998,move,improve
8243,5,16214.6,5,16211.999999999998,2opt,notBad
8244,5,16214.6,5,16211.999999999998,swap,notBad
8245,5,16214.6,5,16211.999999999998,swap,notBad
8246,5,16214.6,5,16211.999999999998,2opt,notBad
8247,5,16214.6,5,16211.999999999998,2opt,notBad
8248,5,16214.6,5,16211.999999999998,2opt,notBad
8249,5,16214.6,5,16211.999999999998,2opt,notBad
8250,5,16214.6,5,16211.999999999998,swap,notBad
8251,5,16214.6,5,16211.999999999998,swap,notBad
8252,5,16214.6,5,16211.999999999998,move,improve
8253,5,16214.6,5,16211.999999999998,swap,notBad
8254,5,16214.6,5,16211.999999999998,move,improve
8255,5,16214.6,5,16211.999999999998,2opt,notBad
8256,5,16214.6,5,16211.999999999998,2opt,notBad
8257,5,16214.6,5,16211.999999999998,2opt,notBad
8258,5,16214.6,5,16211.999999999998,swap,notBad
8259,5,16214.6,5,16211.999999999998,move,improve
8260,5,16214.6,5,16211.999999999998,move,improve
8261,5,16214.6,5,16211.999999999998,move,improve
8262,5,16214.6,5,16211.999999999998,move,improve
8263,5,16214.6,5,16211.999999999998,2opt,notBad
8264,5,16214.6,5,16211.999999999998,2opt,notBad
8265,5,16214.6,5,16211.999999999998,move,improve
8266,5,16214.6,5,16211.999999999998,swap,notBad
8267,5,16214.6,5,16211.999999999998,2opt,notBad
8268,5,16214.6,5,16211.999999999998,swap,notBad
8269,5,16214.6,5,16211.999999999998,swap,notBad
8270,5,16214.6,5,16211.999999999998,swap,notBad
8271,5,16214.6,5,16211.999999999998,2opt,notBad
8272,5,16214.6,5,16211.999999999998,swap,notBad
8273,5,16214.6,5,16211.999999999998,2opt,notBad
8274,5,16214.6,5,16211.999999999998,swap,notBad
8275,5,16214.6,5,16211.999999999998,swap,notBad
8276,5,16214.6,5,16211.999999999998,2opt,notBad
8277,5,16214.6,5,16211.999999999998,swap,notBad
8278,5,16214.6,5,16211.999999999998,move,improve
8279,5,16214.6,5,16211.999999999998,2opt,notBad
8280,5,16214.6,5,16211.999999999998,swap,notBad
8281,5,16214.6,5,16211.999999999998,swap,notBad
8282,5,16214.6,5,16211.999999999998,move,improve
8283,5,16214.6,5,16211.999999999998,swap,notBad
8284,5,16214.6,5,16211.999999999998,swap,notBad
8285,5,16214.6,5,16211.999999999998,2opt,notBad
8286,5,16214.6,5,16211.999999999998,swap,notBad
8287,5,16214.6,5,16211.999999999998,move,improve
8288,5,16214.6,5,16211.999999999998,2opt,notBad
8289,5,16214.6,5,16211.999999999998,swap,notBad
8290,5,16214.6,5,16211.999999999998,swap,notBad
8291,5,16214.6,5,16211.999999999998,swap,notBad
8292,5,16214.6,5,16211.999999999998,move,improve
8293,5,16214.6,5,16211.999999999998,2opt,notBad
8294,5,16214.6,5,16211.999999999998,swap,notBad
8295,5,16214.6,5,16211.999999999998,swap,notBad
8296,5,16214.6,5,16211.999999999998,move,improve
8297,5,16214.6,5,16211.999999999998,2opt,improve
8298,5,16223.800000000001,5,16211.999999999998,swap,acceptBad
8299,5,16223.800000000001,5,16211.999999999998,2opt,notBad
8300,5,16223.800000000001,5,16211.999999999998,swap,notBad
8301,5,16223.800000000001,5,16211.999999999998,move,improve
8302,5,16223.800000000001,5,16211.999999999998,2opt,notBad
8303,5,16223.800000000001,5,16211.999999999998,2opt,notBad
8304,5,16223.800000000001,5,16211.999999999998,swap,notBad
8305,5,16223.800000000001,5,16211.999999999998,swap,notBad
8306,5,16223.800000000001,5,16211.999999999998,swap,notBad
8307,5,16223.800000000001,5,16211.999999999998,swap,notBad
8308,5,16223.800000000001,5,16211.999999999998,swap,notBad
8309,5,16223.800000000001,5,16211.999999999998,2opt,notBad
8310,5,16223.800000000001,5,16211.999999999998,swap,notBad
8311,5,16223.800000000001,5,16211.999999999998,swap,notBad
8312,5,16223.800000000001,5,16211.999999999998,swap,notBad
8313,5,16223.800000000001,5,16211.999999999998,move,improve
8314,5,16223.800000000001,5,16211.999999999998,2opt,notBad
8315,5,16223.800000000001,5,16211.999999999998,move,improve
8316,5,16223.800000000001,5,16211.999999999998,2opt,notBad
8317,5,16223.800000000001,5,16211.999999999998,move,improve
8318,5,16223.800000000001,5,16211.999999999998,2opt,notBad
8319,5,16223.800000000001,5,16211.999999999998,swap,notBad
8320,5,16223.800000000001,5,16211.999999999998,2opt,notBad
8321,5,16223.800000000001,5,16211.999999999998,swap,notBad
8322,5,16223.800000000001,5,16211.999999999998,swap,notBad
8323,5,16223.800000000001,5,16211.999999999998,2opt,notBad
8324,5,16223.800000000001,5,16211.999999999998,swap,notBad
8325,5,16223.800000000001,5,16211.999999999998,move,improve
8326,5,16223.800000000001,5,16211.999999999998,swap,notBad
8327,5,16223.800000000001,5,16211.999999999998,swap,notBad
8328,5,16223.800000000001,5,16211.999999999998,move,improve
8329,5,16223.800000000001,5,16211.999999999998,2opt,notBad
8330,5,16223.800000000001,5,16211.999999999998,swap,notBad
8331,5,16223.800000000001,5,16211.999999999998,swap,notBad
8332,5,16223.800000000001,5,16211.999999999998,2opt,notBad
8333,5,16223.800000000001,5,16211.999999999998,2opt,notBad
8334,5,16223.800000000001,5,16211.999999999998,move,improve
8335,5,16223.800000000001,5,16211.999999999998,2opt,notBad
8336,5,16223.800000000001,5,16211.999999999998,move,improve
8337,5,16223.800000000001,5,16211.999999999998,2opt,notBad
8338,5,16223.800000000001,5,16211.999999999998,swap,notBad
8339,5,16223.800000000001,5,16211.999999999998,swap,notBad
8340,5,16223.800000000001,5,16211.999999999998,2opt,notBad
8341,5,16223.800000000001,5,16211.999999999998,2opt,notBad
8342,5,16223.800000000001,5,16211.999999999998,swap,notBad
8343,5,16223.800000000001,5,16211.999999999998,swap,notBad
8344,5,16223.800000000001,5,16211.999999999998,swap,notBad
8345,5,16223.800000000001,5,16211.999999999998,swap,notBad
8346,5,16223.800000000001,5,16211.999999999998,move,improve
8347,5,16223.800000000001,5,16211.999999999998,move,improve
8348,5,16223.800000000001,5,16211.999999999998,2opt,notBad
8349,5,16223.800000000001,5,16211.999999999998,swap,notBad
8350,5,16223.800000000001,5,16211.999999999998,2opt,notBad
8351,5,16223.800000000001,5,16211.999999999998,move,improve
8352,5,16223.800000000001,5,16211.999999999998,swap,notBad
8353,5,16223.800000000001,5,16211.999999999998,swap,notBad
8354,5,16223.800000000001,5,16211.999999999998,2opt,notBad
8355,5,16223.800000000001,5,16211.999999999998,swap,notBad
8356,5,16223.800000000001,5,16211.999999999998,swap,notBad
8357,5,16223.800000000001,5,16211.999999999998,swap,notBad
8358,5,16223.800000000001,5,16211.999999999998,2opt,notBad
8359,5,16223.800000000001,5,16211.999999999998,move,improve
8360,5,16223.800000000001,5,16211.999999999998,2opt,notBad
8361,5,16223.800000000001,5,16211.999999999998,move,improve
8362,5,16223.800000000001,5,16211.999999999998,2opt,notBad
8363,5,16223.800000000001,5,16211.999999999998,swap,notBad
8364,5,16223.800000000001,5,16211.999999999998,move,notBad
8365,5,16223.800000000001,5,16211.999999999998,swap,notBad
8366,5,16223.800000000001,5,16211.999999999998,move,improve
8367,5,16223.800000000001,5,16211.999999999998,swap,notBad
8368,5,16223.800000000001,5,16211.999999999998,2opt,notBad
8369,5,16223.800000000001,5,16211.999999999998,swap,notBad
8370,5,16223.800000000001,5,16211.999999999998,swap,notBad
8371,5,16223.800000000001,5,16211.999999999998,2opt,notBad
8372,5,16223.800000000001,5,16211.999999999998,move,improve
8373,5,16223.800000000001,5,16211.999999999998,2opt,notBad
8374,5,16223.800000000001,5,16211.999999999998,swap,notBad
8375,5,16223.800000000001,5,16211.999999999998,move,improve
8376,5,16223.800000000001,5,16211.999999999998,2opt,notBad
8377,5,16223.800000000001,5,16211.999999999998,move,improve
8378,5,16223.800000000001,5,16211.999999999998,swap,notBad
8379,5,16223.800000000001,5,16211.999999999998,move,improve
8380,5,16223.800000000001,5,16211.999999999998,2opt,notBad
8381,5,16223.800000000001,5,16211.999999999998,swap,notBad
8382,5,16223.800000000001,5,16211.999999999998,2opt,notBad
8383,5,16223.800000000001,5,16211.999999999998,2opt,notBad
8384,5,16223.800000000001,5,16211.999999999998,swap,notBad
8385,5,16214.6,5,16211.999999999998,move,improve
8386,5,16214.6,5,16211.999999999998,2opt,improve
8387,5,16214.6,5,16211.999999999998,move,improve
8388,5,16214.6,5,16211.999999999998,2opt,notBad
8389,5,16214.6,5,16211.999999999998,move,improve
8390,5,16214.6,5,16211.999999999998,2opt,improve
8391,5,16214.6,5,16211.999999999998,move,improve
8392,5,16214.6,5,16211.999999999998,2opt,notBad
8393,5,16214.6,5,16211.999999999998,2opt,notBad
8394,5,16214.6,5,16211.999999999998,swap,notBad
8395,5,16214.6,5,16211.999999999998,2opt,notBad
8396,5,16214.6,5,16211.999999999998,swap,notBad
8397,5,16214.6,5,16211.999999999998,move,improve
8398,5,16214.6,5,16211.999999999998,2opt,notBad
8399,5,16214.6,5,16211.999999999998,move,improve
8400,5,16214.6,5,16211.999999999998,swap,notBad
8401,5,16214.6,5,16211.999999999998,move,notBad
8402,5,16214.6,5,16211.999999999998,swap,notBad
8403,5,16214.6,5,16211.999999999998,2opt,notBad
8404,5,16214.6,5,16211.999999999998,2opt,notBad
8405,5,16214.6,5,16211.999999999998,move,improve
8406,5,16214.6,5,16211.999999999998,move,improve
8407,5,16214.6,5,16211.999999999998,swap,notBad
8408,5,16214.6,5,16211.999999999998,2opt,notBad
8409,5,16214.6,5,16211.999999999998,move,improve
8410,5,16214.6,5,16211.999999999998,2opt,notBad
8411,5,16214.6,5,16211.999999999998,2opt,notBad
8412,5,16214.6,5,16211.999999999998,2opt,notBad
8413,5,16214.6,5,16211.999999999998,move,improve
8414,5,16214.6,5,16211.999999999998,swap,notBad
8415,5,16214.6,5,16211.999999999998,2opt,improve
8416,5,16214.6,5,16211.999999999998,swap,notBad
8417,5,16214.6,5,16211.999999999998,move,improve
8418,5,16214.6,5,16211.999999999998,swap,notBad
8419,5,16214.6,5,16211.999999999998,move,improve
8420,5,16214.6,5,16211.999999999998,swap,notBad
8421,5,16228.800000000001,5,16211.999999999998,swap,acceptBad
8422,5,16228.800000000001,5,16211.999999999998,swap,notBad
8423,5,16228.800000000001,5,16211.999999999998,2opt,notBad
8424,5,16214.6,5,16211.999999999998,move,improve
8425,5,16214.6,5,16211.999999999998,2opt,notBad
8426,5,16214.6,5,16211.999999999998,2opt,notBad
8427,5,16214.6,5,16211.999999999998,move,improve
8428,5,16214.6,5,16211.999999999998,2opt,notBad
8429,5,16214.6,5,16211.999999999998,2opt,notBad
8430,5,16214.6,5,16211.999999999998,2opt,notBad
8431,5,16214.6,5,16211.999999999998,move,improve
8432,5,16214.6,5,16211.999999999998,move,improve
8433,5,16214.6,5,16211.999999999998,swap,notBad
8434,5,16214.6,5,16211.999999999998,2opt,notBad
8435,5,16214.6,5,16211.999999999998,2opt,notBad
8436,5,16214.6,5,16211.999999999998,move,improve
8437,5,16214.6,5,16211.999999999998,2opt,notBad
8438,5,16214.6,5,16211.999999999998,swap,notBad
8439,5,16214.6,5,16211.999999999998,swap,notBad
8440,5,16214.6,5,16211.999999999998,2opt,notBad
8441,5,16214.6,5,16211.999999999998,2opt,notBad
8442,5,16214.6,5,16211.999999999998,2opt,notBad
8443,5,16214.6,5,16211.999999999998,move,improve
8444,5,16214.6,5,16211.999999999998,2opt,notBad
8445,5,16214.6,5,16211.999999999998,2opt,notBad
8446,5,16214.6,5,16211.999999999998,2opt,notBad
8447,5,16214.6,5,16211.999999999998,swap,notBad
8448,5,16214.6,5,16211.999999999998,move,improve
8449,5,16214.6,5,16211.999999999998,move,improve
8450,5,16214.6,5,16211.999999999998,swap,notBad
8451,5,16214.6,5,16211.999999999998,2opt,notBad
8452,5,16214.6,5,16211.999999999998,swap,notBad
8453,5,16214.6,5,16211.999999999998,2opt,notBad
8454,5,16214.6,5,16211.999999999998,move,notBad
8455,5,16214.6,5,16211.999999999998,swap,notBad
8456,5,16214.6,5,16211.999999999998,move,improve
8457,5,16214.6,5,16211.999999999998,swap,notBad
8458,5,16214.6,5,16211.999999999998,2opt,notBad
8459,5,16214.6,5,16211.999999999998,swap,notBad
8460,5,16214.6,5,16211.999999999998,2opt,notBad
8461,5,16214.6,5,16211.999999999998,2opt,notBad
8462,5,16214.6,5,16211.999999999998,swap,notBad
8463,5,16214.6,5,16211.999999999998,2opt,notBad
8464,5,16214.6,5,16211.999999999998,move,improve
8465,5,16214.6,5,16211.999999999998,swap,notBad
8466,5,16214.6,5,16211.999999999998,2opt,notBad
8467,5,16214.6,5,16211.999999999998,2opt,notBad
8468,5,16214.6,5,16211.999999999998,swap,notBad
8469,5,16214.6,5,16211.999999999998,swap,notBad
8470,5,16214.6,5,16211.999999999998,swap,notBad
8471,5,16214.6,5,16211.999999999998,swap,notBad
8472,5,16214.6,5,16211.999999999998,swap,notBad
8473,5,16214.6,5,16211.999999999998,2opt,notBad
8474,5,16214.6,5,16211.999999999998,2opt,notBad
8475,5,16214.6,5,16211.999999999998,swap,notBad
8476,5,16214.6,5,16211.999999999998,move,improve
8477,5,16214.6,5,16211.999999999998,2opt,notBad
8478,5,16214.6,5,16211.999999999998,swap,notBad
8479,5,16214.6,5,16211.999999999998,swap,notBad
8480,5,16214.6,5,16211.999999999998,swap,notBad
8481,5,16214.6,5,16211.999999999998,move,improve
8482,5,16214.6,5,16211.999999999998,move,improve
8483,5,16214.6,5,16211.999999999998,2opt,notBad
8484,5,16214.6,5,16211.999999999998,swap,notBad
8485,5,16214.6,5,16211.999999999998,swap,notBad
8486,5,16214.6,5,16211.999999999998,2opt,notBad
8487,5,16214.6,5,16211.999999999998,2opt,notBad
8488,5,16214.6,5,16211.999999999998,2opt,notBad
8489,5,16214.6,5,16211.999999999998,2opt,notBad
8490,5,16214.6,5,16211.999999999998,2opt,notBad
8491,5,16214.6,5,16211.999999999998,move,improve
8492,5,16214.6,5,16211.999999999998,move,improve
8493,5,16214.6,5,16211.999999999998,swap,notBad
8494,5,16214.6,5,16211.999999999998,move,improve
8495,5,16214.6,5,16211.999999999998,2opt,notBad
8496,5,16214.6,5,16211.999999999998,move,improve
8497,5,16214.6,5,16211.999999999998,2opt,notBad
8498,5,16214.6,5,16211.999999999998,2opt,notBad
8499,5,16214.6,5,16211.999999999998,swap,notBad
8500,5,16214.6,5,16211.999999999998,swap,notBad
8501,5,16214.6,5,16211.999999999998,2opt,notBad
8502,5,16214.6,5,16211.999999999998,2opt,notBad
8503,5,16214.6,5,16211.999999999998,2opt,improve
8504,5,16214.6,5,16211.999999999998,2opt,notBad
8505,5,16214.6,5,16211.999999999998,swap,notBad
8506,5,16214.6,5,16211.999999999998,2opt,improve
8507,5,16214.6,5,16211.999999999998,2opt,notBad
8508,5,16214.6,5,16211.999999999998,swap,notBad
8509,5,16214.6,5,16211.999999999998,move,improve
8510,5,16214.6,5,16211.999999999998,2opt,notBad
8511,5,16214.6,5,16211.999999999998,2opt,improve
8512,5,16214.6,5,16211.999999999998,move,improve
8513,5,16214.6,5,16211.999999999998,move,improve
8514,5,16214.6,5,16211.999999999998,move,improve
8515,5,16214.6,5,16211.999999999998,move,improve
8516,5,16214.6,5,16211.999999999998,2opt,improve
8517,5,16214.6,5,16211.999999999998,swap,notBad
8518,5,16214.6,5,16211.999999999998,move,improve
8519,5,16214.6,5,16211.999999999998,2opt,notBad
8520,5,16214.6,5,16211.999999999998,move,improve
8521,5,16214.6,5,16211.999999999998,2opt,notBad
8522,5,16214.6,5,16211.999999999998,swap,notBad
8523,5,16214.6,5,16211.999999999998,2opt,notBad
8524,5,16214.6,5,16211.999999999998,2opt,notBad
8525,5,16214.6,5,16211.999999999998,swap,notBad
8526,5,16214.6,5,16211.999999999998,move,improve
8527,5,16214.6,5,16211.999999999998,move,improve
8528,5,16214.6,5,16211.999999999998,2opt,notBad
8529,5,16214.6,5,16211.999999999998,swap,notBad
8530,5,16214.6,5,16211.999999999998,2opt,notBad
8531,5,16214.6,5,16211.999999999998,move,improve
8532,5,16214.6,5,16211.999999999998,2opt,notBad
8533,5,16214.6,5,16211.999999999998,move,improve
8534,5,16214.6,5,16211.999999999998,move,improve
8535,5,16214.6,5,16211.999999999998,swap,notBad
8536,5,16214.6,5,16211.999999999998,move,improve
8537,5,16214.6,5,16211.999999999998,2opt,notBad
8538,5,16214.6,5,16211.999999999998,swap,notBad
8539,5,16214.6,5,16211.999999999998,2opt,notBad
8540,5,16214.6,5,16211.999999999998,2opt,notBad
8541,5,16214.6,5,16211.999999999998,swap,notBad
8542,5,16214.6,5,16211.999999999998,swap,notBad
8543,5,16214.6,5,16211.999999999998,swap,notBad
8544,5,16214.6,5,16211.999999999998,swap,notBad
8545,5,16214.6,5,16211.999999999998,swap,notBad
8546,5,16214.6,5,16211.999999999998,move,improve
8547,5,16214.6,5,16211.999999999998,swap,notBad
8548,5,16214.6,5,16211.999999999998,2opt,notBad
8549,5,16214.6,5,16211.999999999998,swap,notBad
8550,5,16214.6,5,16211.999999999998,move,improve
8551,5,16214.6,5,16211.999999999998,2opt,notBad
8552,5,16214.6,5,16211.999999999998,swap,notBad
8553,5,16214.6,5,16211.999999999998,2opt,notBad
8554,5,16214.6,5,16211.999999999998,move,improve
8555,5,16214.6,5,16211.999999999998,2opt,notBad
8556,5,16214.6,5,16211.999999999998,swap,notBad
8557,5,16214.6,5,16211.999999999998,move,improve
8558,5,16214.6,5,16211.999999999998,2opt,notBad
8559,5,16214.6,5,16211.999999999998,move,improve
8560,5,16214.6,5,16211.999999999998,move,improve
8561,5,16214.6,5,16211.999999999998,swap,notBad
8562,5,16214.6,5,16211.999999999998,swap,notBad
8563,5,16214.6,5,16211.999999999998,2opt,notBad
8564,5,16214.6,5,16211.999999999998,move,improve
8565,5,16214.6,5,16211.999999999998,swap,notBad
8566,5,16214.6,5,16211.999999999998,2opt,notBad
8567,5,16214.6,5,16211.999999999998,2opt,notBad
8568,5,16214.6,5,16211.999999999998,swap,notBad
8569,5,16214.6,5,16211.999999999998,move,improve
8570,5,16214.6,5,16211.999999999998,move,improve
8571,5,16214.6,5,16211.999999999998,move,improve
8572,5,16214.6,5,16211.999999999998,swap,notBad
8573,5,16214.6,5,16211.999999999998,move,improve
8574,5,16214.6,5,16211.999999999998,move,improve
8575,5,16214.6,5,16211.999999999998,move,improve
8576,5,16214.6,5,16211.999999999998,2opt,notBad
8577,5,16214.6,5,16211.999999999998,move,improve
8578,5,16214.6,5,16211.999999999998,swap,notBad
8579,5,16214.6,5,16211.999999999998,move,improve
8580,5,16214.6,5,16211.999999999998,2opt,improve
8581,5,16214.6,5,16211.999999999998,2opt,notBad
8582,5,16214.6,5,16211.999999999998,move,improve
8583,5,16214.6,5,16211.999999999998,move,improve
8584,5,16214.6,5,16211.999999999998,swap,notBad
8585,5,16214.6,5,16211.999999999998,move,improve
8586,5,16214.6,5,16211.999999999998,move,improve
8587,5,16214.6,5,16211.999999999998,swap,notBad
8588,5,16214.6,5,16211.999999999998,move,improve
8589,5,16214.6,5,16211.999999999998,2opt,notBad
8590,5,16214.6,5,16211.999999999998,2opt,improve
8591,5,16214.6,5,16211.999999999998,move,improve
8592,5,16214.6,5,16211.999999999998,swap,notBad
8593,5,16214.6,5,16211.999999999998,swap,notBad
8594,5,16214.6,5,16211.999999999998,2opt,notBad
8595,5,16214.6,5,16211.999999999998,2opt,notBad
8596,5,16214.6,5,16211.999999999998,swap,notBad
8597,5,16214.6,5,16211.999999999998,2opt,notBad
8598,5,16214.6,5,16211.999999999998,2opt,improve
8599,5,16214.6,5,16211.999999999998,2opt,notBad
8600,5,16214.6,5,16211.999999999998,2opt,notBad
8601,5,16214.6,5,16211.999999999998,2opt,notBad
8602,5,16214.6,5,16211.999999999998,2opt,notBad
8603,5,16214.6,5,16211.999999999998,2opt,notBad
8604,5,16214.6,5,16211.999999999998,2opt,notBad
8605,5,16214.6,5,16211.999999999998,swap,notBad
8606,5,16214.6,5,16211.999999999998,2opt,notBad
8607,5,16214.6,5,16211.999999999998,2opt,notBad
8608,5,16214.6,5,16211.999999999998,swap,notBad
8609,5,16214.6,5,16211.999999999998,swap,notBad
8610,5,16214.6,5,16211.999999999998,move,improve
8611,5,16214.6,5,16211.999999999998,2opt,notBad
8612,5,16214.6,5,16211.999999999998,swap,notBad
8613,5,16214.6,5,16211.999999999998,2opt,notBad
8614,5,16214.6,5,16211.999999999998,swap,notBad
8615,5,16214.6,5,16211.999999999998,swap,notBad
8616,5,16214.6,5,16211.999999999998,swap,notBad
8617,5,16214.6,5,16211.999999999998,move,improve
8618,5,16214.6,5,16211.999999999998,move,improve
8619,5,16216.199999999999,5,16211.999999999998,swap,acceptBad
8620,5,16216.199999999999,5,16211.999999999998,swap,notBad
8621,5,16216.199999999999,5,16211.999999999998,move,improve
8622,5,16216.199999999999,5,16211.999999999998,move,improve
8623,5,16216.199999999999,5,16211.999999999998,2opt,notBad
8624,5,16216.199999999999,5,16211.999999999998,2opt,notBad
8625,5,16216.199999999999,5,16211.999999999998,2opt,notBad
8626,5,16216.199999999999,5,16211.999999999998,swap,notBad
8627,5,16216.199999999999,5,16211.999999999998,2opt,notBad
8628,5,16216.199999999999,5,16211.999999999998,swap,notBad
8629,5,16216.199999999999,5,16211.999999999998,swap,notBad
8630,5,16216.199999999999,5,16211.999999999998,move,improve
8631,5,16216.199999999999,5,16211.999999999998,swap,notBad
8632,5,16216.199999999999,5,16211.999999999998,swap,notBad
8633,5,16216.199999999999,5,16211.999999999998,swap,notBad
8634,5,16216.199999999999,5,16211.999999999998,2opt,notBad
8635,5,16216.199999999999,5,16211.999999999998,2opt,notBad
8636,5,16216.199999999999,5,16211.999999999998,swap,notBad
8637,5,16216.199999999999,5,16211.999999999998,swap,notBad
8638,5,16216.199999999999,5,16211.999999999998,2opt,notBad
8639,5,16216.199999999999,5,16211.999999999998,swap,notBad
8640,5,16216.199999999999,5,16211.999999999998,2opt,notBad
8641,5,16216.199999999999,5,16211.999999999998,swap,notBad
8642,5,16216.199999999999,5,16211.999999999998,move,improve
8643,5,16216.199999999999,5,16211.999999999998,swap,notBad
8644,5,16216.199999999999,5,16211.999999999998,swap,notBad
8645,5,16216.199999999999,5,16211.999999999998,move,improve
8646,5,16216.199999999999,5,16211.999999999998,swap,notBad
8647,5,16216.199999999999,5,16211.999999999998,swap,notBad
8648,5,16216.199999999999,5,16211.999999999998,move,improve
8649,5,16216.199999999999,5,16211.999999999998,swap,notBad
8650,5,16216.199999999999,5,16211.999999999998,move,improve
8651,5,16216.199999999999,5,16211.999999999998,2opt,notBad
8652,5,16216.199999999999,5,16211.999999999998,move,improve
8653,5,16216.199999999999,5,16211.999999999998,move,improve
8654,5,16216.199999999999,5,16211.999999999998,swap,notBad
8655,5,16216.199999999999,5,16211.999999999998,move,improve
8656,5,16216.199999999999,5,16211.999999999998,2opt,notBad
8657,5,16216.199999999999,5,16211.999999999998,2opt,notBad
8658,5,16216.199999999999,5,16211.999999999998,swap,notBad
8659,5,16216.199999999999,5,16211.999999999998,swap,notBad
8660,5,16216.199999999999,5,16211.999999999998,swap,notBad
8661,5,16216.199999999999,5,16211.999999999998,swap,notBad
8662,5,16216.199999999999,5,16211.999999999998,2opt,notBad
8663,5,16216.199999999999,5,16211.999999999998,2opt,notBad
8664,5,16216.199999999999,5,16211.999999999998,swap,notBad
8665,5,16216.199999999999,5,16211.999999999998,move,improve
8666,5,16216.199999999999,5,16211.999999999998,move,improve
8667,5,16216.199999999999,5,16211.999999999998,swap,notBad
8668,5,16216.199999999999,5,16211.999999999998,swap,notBad
8669,5,16216.199999999999,5,16211.999999999998,2opt,notBad
8670,5,16216.199999999999,5,16211.999999999998,move,improve
8671,5,16216.199999999999,5,16211.999999999998,2opt,notBad
8672,5,16216.199999999999,5,16211.999999999998,2opt,notBad
8673,5,16216.199999999999,5,16211.999999999998,swap,notBad
8674,5,16216.199999999999,5,16211.999999999998,2opt,improve
8675,5,16216.199999999999,5,16211.999999999998,swap,notBad
8676,5,16216.199999999999,5,16211.999999999998,2opt,notBad
8677,5,16216.199999999999,5,16211.999999999998,swap,notBad
8678,5,16216.199999999999,5,16211.999999999998,move,improve
8679,5,16216.199999999999,5,16211.999999999998,swap,notBad
8680,5,16216.199999999999,5,16211.999999999998,move,improve
8681,5,16216.199999999999,5,16211.999999999998,move,notBad
8682,5,16216.199999999999,5,16211.999999999998,move,improve
8683,5,16216.199999999999,5,16211.999999999998,2opt,notBad
8684,5,16216.199999999999,5,16211.999999999998,swap,notBad
8685,5,16216.199999999999,5,16211.999999999998,move,improve
8686,5,16216.199999999999,5,16211.999999999998,swap,notBad
8687,5,16216.199999999999,5,16211.999999999998,swap,notBad
8688,5,16216.199999999999,5,16211.999999999998,2opt,notBad
8689,5,16216.199999999999,5,16211.999999999998,2opt,notBad
8690,5,16216.199999999999,5,16211.999999999998,swap,notBad
8691,5,16216.199999999999,5,16211.999999999998,2opt,notBad
8692,5,16216.199999999999,5,16211.999999999998,2opt,notBad
8693,5,16216.199999999999,5,16211.999999999998,swap,notBad
8694,5,16216.199999999999,5,16211.999999999998,move,improve
8695,5,16216.199999999999,5,16211.999999999998,swap,notBad
8696,5,16216.199999999999,5,16211.999999999998,2opt,notBad
8697,5,16216.199999999999,5,16211.999999999998,swap,notBad
8698,5,16216.199999999999,5,16211.999999999998,swap,notBad
8699,5,16216.199999999999,5,16211.999999999998,move,improve
8700,5,16216.199999999999,5,16211.999999999998,2opt,notBad
8701,5,16216.199999999999,5,16211.999999999998,2opt,notBad
8702,5,16216.199999999999,5,16211.999999999998,swap,notBad
8703,5,16216.199999999999,5,16211.999999999998,swap,notBad
8704,5,16216.199999999999,5,16211.999999999998,2opt,notBad
8705,5,16216.199999999999,5,16211.999999999998,swap,notBad
8706,5,16211.999999999998,5,16211.999999999998,move,improve
8707,5,16211.999999999998,5,16211.999999999998,move,improve
8708,5,16211.999999999998,5,16211.999999999998,swap,notBad
8709,5,16211.999999999998,5,16211.999999999998,2opt,notBad
8710,5,16211.999999999998,5,16211.999999999998,2opt,notBad
8711,5,16211.999999999998,5,16211.999999999998,move,improve
8712,5,16211.999999999998,5,16211.999999999998,move,improve
8713,5,16211.999999999998,5,16211.999999999998,move,improve
8714,5,16211.999999999998,5,16211.999999999998,swap,notBad
8715,5,16211.999999999998,5,16211.999999999998,swap,notBad
8716,5,16211.999999999998,5,16211.999999999998,move,improve
8717,5,16211.999999999998,5,16211.999999999998,2opt,notBad
8718,5,16211.999999999998,5,16211.999999999998,2opt,notBad
8719,5,16211.999999999998,5,16211.999999999998,swap,notBad
8720,5,16211.999999999998,5,16211.999999999998,2opt,notBad
8721,5,16211.999999999998,5,16211.999999999998,move,improve
8722,5,16211.999999999998,5,16211.999999999998,2opt,notBad
8723,5,16211.999999999998,5,16211.999999999998,swap,notBad
8724,5,16211.999999999998,5,16211.999999999998,move,improve
8725,5,16211.999999999998,5,16211.999999999998,2opt,improve
8726,5,16211.999999999998,5,16211.999999999998,2opt,notBad
8727,5,16211.999999999998,5,16211.999999999998,swap,notBad
8728,5,16211.999999999998,5,16211.999999999998,move,improve
8729,5,16211.999999999998,5,16211.999999999998,2opt,improve
8730,5,16211.999999999998,5,16211.999999999998,2opt,notBad
8731,5,16211.999999999998,5,16211.999999999998,move,improve
8732,5,16211.999999999998,5,16211.999999999998,2opt,notBad
8733,5,16211.999999999998,5,16211.999999999998,swap,notBad
8734,5,16211.999999999998,5,16211.999999999998,move,improve
8735,5,16211.999999999998,5,16211.999999999998,swap,notBad
8736,5,16211.999999999998,5,16211.999999999998,swap,notBad
8737,5,16211.999999999998,5,16211.999999999998,swap,notBad
8738,5,16211.999999999998,5,16211.999999999998,move,improve
8739,5,16211.999999999998,5,16211.999999999998,2opt,notBad
8740,5,16211.999999999998,5,16211.999999999998,swap,notBad
8741,5,16211.999999999998,5,16211.999999999998,2opt,notBad
8742,5,16211.999999999998,5,16211.999999999998,2opt,notBad
8743,5,16211.999999999998,5,16211.999999999998,move,improve
8744,5,16211.999999999998,5,16211.999999999998,swap,notBad
8745,5,16211.999999999998,5,16211.999999999998,swap,notBad
8746,5,16211.999999999998,5,16211.999999999998,2opt,notBad
8747,5,16211.999999999998,5,16211.999999999998,swap,notBad
8748,5,16211.999999999998,5,16211.999999999998,move,improve
8749,5,16211.999999999998,5,16211.999999999998,swap,notBad
8750,5,16211.999999999998,5,16211.999999999998,move,improve
8751,5,16211.999999999998,5,16211.999999999998,swap,notBad
8752,5,16211.999999999998,5,16211.999999999998,2opt,notBad
8753,5,16211.999999999998,5,16211.999999999998,2opt,notBad
8754,5,16211.999999999998,5,16211.999999999998,move,improve
8755,5,16211.999999999998,5,16211.999999999998,2opt,notBad
8756,5,16211.999999999998,5,16211.999999999998,2opt,improve
8757,5,16211.999999999998,5,16211.999999999998,2opt,notBad
8758,5,16211.999999999998,5,16211.999999999998,2opt,notBad
8759,5,16211.999999999998,5,16211.999999999998,2opt,notBad
8760,5,16211.999999999998,5,16211.999999999998,move,improve
8761,5,16211.999999999998,5,16211.999999999998,move,improve
8762,5,16211.999999999998,5,16211.999999999998,move,improve
8763,5,16211.999999999998,5,16211.999999999998,move,improve
8764,5,16211.999999999998,5,16211.999999999998,swap,notBad
8765,5,16211.999999999998,5,16211.999999999998,swap,notBad
8766,5,16211.999999999998,5,16211.999999999998,move,improve
8767,5,16211.999999999998,5,16211.999999999998,move,notBad
8768,5,16211.999999999998,5,16211.999999999998,move,improve
8769,5,16211.999999999998,5,16211.999999999998,move,improve
8770,5,16211.999999999998,5,16211.999999999998,move,improve
8771,5,16211.999999999998,5,16211.999999999998,swap,notBad
8772,5,16211.999999999998,5,16211.999999999998,2opt,notBad
8773,5,16211.999999999998,5,16211.999999999998,2opt,notBad
8774,5,16211.999999999998,5,16211.999999999998,2opt,notBad
8775,5,16211.999999999998,5,16211.999999999998,2opt,notBad
8776,5,16211.999999999998,5,16211.999999999998,2opt,notBad
8777,5,16211.999999999998,5,16211.999999999998,2opt,notBad
8778,5,16211.999999999998,5,16211.999999999998,move,improve
8779,5,16211.999999999998,5,16211.999999999998,2opt,notBad
8780,5,16211.999999999998,5,16211.999999999998,move,improve
8781,5,16211.999999999998,5,16211.999999999998,2opt,notBad
8782,5,16211.999999999998,5,16211.999999999998,move,improve
8783,5,16211.999999999998,5,16211.999999999998,move,improve
8784,5,16211.999999999998,5,16211.999999999998,swap,notBad
8785,5,16211.999999999998,5,16211.999999999998,move,improve
8786,5,16211.999999999998,5,16211.999999999998,2opt,notBad
8787,5,16211.999999999998,5,16211.999999999998,swap,notBad
8788,5,16211.999999999998,5,16211.999999999998,swap,notBad
8789,5,16211.999999999998,5,16211.999999999998,swap,notBad
8790,5,16211.999999999998,5,16211.999999999998,2opt,improve
8791,5,16211.999999999998,5,16211.999999999998,move,improve
8792,5,16211.999999999998,5,16211.999999999998,move,improve
8793,5,16211.999999999998,5,16211.999999999998,move,improve
8794,5,16211.999999999998,5,16211.999999999998,2opt,notBad
8795,5,16211.999999999998,5,16211.999999999998,move,improve
8796,5,16211.999999999998,5,16211.999999999998,2opt,notBad
8797,5,16211.999999999998,5,16211.999999999998,swap,notBad
8798,5,16211.999999999998,5,16211.999999999998,swap,notBad
8799,5,16211.999999999998,5,16211.999999999998,2opt,notBad
8800,5,16211.999999999998,5,16211.999999999998,2opt,notBad
8801,5,16211.999999999998,5,16211.999999999998,move,improve
8802,5,16211.999999999998,5,16211.999999999998,2opt,notBad
8803,5,16211.999999999998,5,16211.999999999998,move,improve
8804,5,16211.999999999998,5,16211.999999999998,2opt,notBad
8805,5,16211.999999999998,5,16211.999999999998,swap,notBad
8806,5,16211.999999999998,5,16211.999999999998,move,notBad
8807,5,16211.999999999998,5,16211.999999999998,move,improve
8808,5,16211.999999999998,5,16211.999999999998,swap,notBad
8809,5,16211.999999999998,5,16211.999999999998,swap,notBad
8810,5,16211.999999999998,5,16211.999999999998,move,improve
8811,5,16211.999999999998,5,16211.999999999998,move,improve
8812,5,16211.999999999998,5,16211.999999999998,swap,notBad
8813,5,16211.999999999998,5,16211.999999999998,swap,notBad
8814,5,16211.999999999998,5,16211.999999999998,swap,notBad
8815,5,16211.999999999998,5,16211.999999999998,move,notBad
8816,5,16211.999999999998,5,16211.999999999998,move,improve
8817,5,16211.999999999998,5,16211.999999999998,move,improve
8818,5,16211.999999999998,5,16211.999999999998,move,improve
8819,5,16211.999999999998,5,16211.999999999998,move,improve
8820,5,16211.999999999998,5,16211.999999999998,2opt,notBad
8821,5,16211.999999999998,5,16211.999999999998,move,improve
8822,5,16211.999999999998,5,16211.999999999998,swap,notBad
8823,5,16211.999999999998,5,16211.999999999998,move,improve
8824,5,16211.999999999998,5,16211.999999999998,swap,notBad
8825,5,16211.999999999998,5,16211.999999999998,swap,notBad
8826,5,16211.999999999998,5,16211.999999999998,2opt,notBad
8827,5,16211.999999999998,5,16211.999999999998,2opt,notBad
8828,5,16211.999999999998,5,16211.999999999998,move,improve
8829,5,16211.999999999998,5,16211.999999999998,move,improve
8830,5,16211.999999999998,5,16211.999999999998,move,improve
8831,5,16211.999999999998,5,16211.999999999998,swap,notBad
8832,5,16211.999999999998,5,16211.999999999998,swap,notBad
8833,5,16211.999999999998,5,16211.999999999998,2opt,notBad
8834,5,16211.999999999998,5,16211.999999999998,swap,notBad
8835,5,16211.999999999998,5,16211.999999999998,move,improve
8836,5,16211.999999999998,5,16211.999999999998,move,improve
8837,5,16211.999999999998,5,16211.999999999998,move,improve
8838,5,16211.999999999998,5,16211.999999999998,move,improve
8839,5,16211.999999999998,5,16211.999999999998,swap,notBad
8840,5,16211.999999999998,5,16211.999999999998,2opt,notBad
8841,5,16211.999999999998,5,16211.999999999998,move,improve
8842,5,16211.999999999998,5,16211.999999999998,2opt,notBad
8843,5,16211.999999999998,5,16211.999999999998,move,improve
8844,5,16211.999999999998,5,16211.999999999998,swap,notBad
8845,5,16211.999999999998,5,16211.999999999998,swap,notBad
8846,5,16211.999999999998,5,16211.999999999998,move,improve
8847,5,16211.999999999998,5,16211.999999999998,2opt,notBad
8848,5,16211.999999999998,5,16211.999999999998,move,improve
8849,5,16211.999999999998,5,16211.999999999998,move,improve
8850,5,16211.999999999998,5,16211.999999999998,2opt,notBad
8851,5,16211.999999999998,5,16211.999999999998,2opt,notBad
8852,5,16211.999999999998,5,16211.999999999998,swap,notBad
8853,5,16211.999999999998,5,16211.999999999998,2opt,improve
8854,5,16211.999999999998,5,16211.999999999998,2opt,notBad
8855,5,16211.999999999998,5,16211.999999999998,swap,notBad
8856,5,16211.999999999998,5,16211.999999999998,swap,notBad
8857,5,16211.999999999998,5,16211.999999999998,move,improve
8858,5,16211.999999999998,5,16211.999999999998,swap,notBad
8859,5,16211.999999999998,5,16211.999999999998,swap,notBad
8860,5,16211.999999999998,5,16211.999999999998,move,improve
8861,5,16211.999999999998,5,16211.999999999998,move,improve
8862,5,16211.999999999998,5,16211.999999999998,move,improve
8863,5,16211.999999999998,5,16211.999999999998,2opt,improve
8864,5,16211.999999999998,5,16211.999999999998,swap,notBad
8865,5,16211.999999999998,5,16211.999999999998,move,improve
8866,5,16211.999999999998,5,16211.999999999998,2opt,notBad
8867,5,16211.999999999998,5,16211.999999999998,move,improve
8868,5,16211.999999999998,5,16211.999999999998,move,improve
8869,5,16211.999999999998,5,16211.999999999998,swap,notBad
8870,5,16211.999999999998,5,16211.999999999998,2opt,notBad
8871,5,16211.999999999998,5,16211.999999999998,move,improve
8872,5,16211.999999999998,5,16211.999999999998,2opt,notBad
8873,5,16211.999999999998,5,16211.999999999998,move,improve
8874,5,16211.999999999998,5,16211.999999999998,2opt,notBad
8875,5,16211.999999999998,5,16211.999999999998,2opt,notBad
8876,5,16211.999999999998,5,16211.999999999998,2opt,notBad
8877,5,16211.999999999998,5,16211.999999999998,2opt,notBad
8878,5,16211.999999999998,5,16211.999999999998,swap,notBad
8879,5,16211.999999999998,5,16211.999999999998,move,improve
8880,5,16211.999999999998,5,16211.999999999998,move,improve
8881,5,16211.999999999998,5,16211.999999999998,2opt,improve
8882,5,16211.999999999998,5,16211.999999999998,move,notBad
8883,5,16211.999999999998,5,16211.999999999998,swap,notBad
8884,5,16211.999999999998,5,16211.999999999998,2opt,notBad
8885,5,16211.999999999998,5,16211.999999999998,move,improve
8886,5,16211.999999999998,5,16211.999999999998,move,improve
8887,5,16211.999999999998,5,16211.999999999998,move,improve
8888,5,16211.999999999998,5,16211.999999999998,move,improve
8889,5,16211.999999999998,5,16211.999999999998,move,improve
8890,5,16211.999999999998,5,16211.999999999998,move,improve
8891,5,16211.999999999998,5,16211.999999999998,swap,notBad
8892,5,16211.999999999998,5,16211.999999999998,2opt,notBad
8893,5,16211.999999999998,5,16211.999999999998,2opt,notBad
8894,5,16211.999999999998,5,16211.999999999998,swap,notBad
8895,5,16211.999999999998,5,16211.999999999998,swap,notBad
8896,5,16211.999999999998,5,16211.999999999998,move,improve
8897,5,16211.999999999998,5,16211.999999999998,move,improve
8898,5,16211.999999999998,5,16211.999999999998,move,improve
8899,5,16211.999999999998,5,16211.999999999998,2opt,notBad
8900,5,16211.999999999998,5,16211.999999999998,move,improve
8901,5,16211.999999999998,5,16211.999999999998,2opt,notBad
8902,5,16211.999999999998,5,16211.999999999998,swap,notBad
8903,5,16211.999999999998,5,16211.999999999998,move,improve
8904,5,16211.999999999998,5,16211.999999999998,move,improve
8905,5,16211.999999999998,5,16211.999999999998,move,improve
8906,5,16211.999999999998,5,16211.999999999998,2opt,notBad
8907,5,16211.999999999998,5,16211.999999999998,move,improve
8908,5,16211.999999999998,5,16211.999999999998,2opt,notBad
8909,5,16211.999999999998,5,16211.999999999998,swap,notBad
8910,5,16211.999999999998,5,16211.999999999998,2opt,notBad
8911,5,16211.999999999998,5,16211.999999999998,swap,notBad
8912,5,16211.999999999998,5,16211.999999999998,move,improve
8913,5,16211.999999999998,5,16211.999999999998,2opt,notBad
8914,5,16211.999999999998,5,16211.999999999998,2opt,notBad
8915,5,16217.199999999997,5,16211.999999999998,swap,acceptBad
8916,5,16217.199999999997,5,16211.999999999998,swap,notBad
8917,5,16217.199999999997,5,16211.999999999998,2opt,notBad
8918,5,16217.199999999997,5,16211.999999999998,2opt,notBad
8919,5,16217.199999999997,5,16211.999999999998,move,improve
8920,5,16217.199999999997,5,16211.999999999998,swap,notBad
8921,5,16217.199999999997,5,16211.999999999998,swap,notBad
8922,5,16217.199999999997,5,16211.999999999998,swap,notBad
8923,5,16217.199999999997,5,16211.999999999998,move,improve
8924,5,16217.199999999997,5,16211.999999999998,2opt,notBad
8925,5,16217.199999999997,5,16211.999999999998,move,improve
8926,5,16217.199999999997,5,16211.999999999998,2opt,notBad
8927,5,16217.199999999997,5,16211.999999999998,2opt,notBad
8928,5,16217.199999999997,5,16211.999999999998,2opt,notBad
8929,5,16217.199999999997,5,16211.999999999998,move,improve
8930,5,16217.199999999997,5,16211.999999999998,swap,notBad
8931,5,16217.199999999997,5,16211.999999999998,move,improve
8932,5,16217.199999999997,5,16211.999999999998,swap,notBad
8933,5,16217.199999999997,5,16211.999999999998,swap,notBad
8934,5,16217.199999999997,5,16211.999999999998,2opt,notBad
8935,5,16217.199999999997,5,16211.999999999998,move,improve
8936,5,16217.199999999997,5,16211.999999999998,swap,notBad
8937,5,16217.199999999997,5,16211.999999999998,swap,notBad
8938,5,16217.199999999997,5,16211.999999999998,move,improve
8939,5,16217.199999999997,5,16211.999999999998,move,improve
8940,5,16217.199999999997,5,16211.999999999998,swap,notBad
8941,5,16217.199999999997,5,16211.999999999998,move,improve
8942,5,16217.199999999997,5,16211.999999999998,move,improve
8943,5,16217.199999999997,5,16211.999999999998,move,improve
8944,5,16217.199999999997,5,16211.999999999998,move,improve
8945,5,16217.199999999997,5,16211.999999999998,move,improve
8946,5,16217.199999999997,5,16211.999999999998,move,improve
8947,5,16217.199999999997,5,16211.999999999998,move,improve
8948,5,16217.199999999997,5,16211.999999999998,move,improve
8949,5,16217.199999999997,5,16211.999999999998,swap,notBad
8950,5,16217.199999999997,5,16211.999999999998,swap,notBad
8951,5,16217.199999999997,5,16211.999999999998,swap,notBad
8952,5,16217.199999999997,5,16211.999999999998,2opt,notBad
8953,5,16211.999999999998,5,16211.999999999998,move,improve
8954,5,16211.999999999998,5,16211.999999999998,2opt,notBad
8955,5,16211.999999999998,5,16211.999999999998,swap,notBad
8956,5,16211.999999999998,5,16211.999999999998,swap,notBad
8957,5,16211.999999999998,5,16211.999999999998,swap,notBad
8958,5,16211.999999999998,5,16211.999999999998,move,improve
8959,5,16211.999999999998,5,16211.999999999998,move,improve
8960,5,16211.999999999998,5,16211.999999999998,2opt,notBad
8961,5,16211.999999999998,5,16211.999999999998,move,improve
8962,5,16211.999999999998,5,16211.999999999998,swap,notBad
8963,5,16211.999999999998,5,16211.999999999998,swap,notBad
8964,5,16211.999999999998,5,16211.999999999998,2opt,notBad
8965,5,16211.999999999998,5,16211.999999999998,swap,notBad
8966,5,16211.999999999998,5,16211.999999999998,move,improve
8967,5,16211.999999999998,5,16211.999999999998,move,improve
8968,5,16211.999999999998,5,16211.999999999998,move,improve
8969,5,16211.999999999998,5,16211.999999999998,move,improve
8970,5,16211.999999999998,5,16211.999999999998,2opt,notBad
8971,5,16211.999999999998,5,16211.999999999998,2opt,notBad
8972,5,16211.999999999998,5,16211.999999999998,swap,notBad
8973,5,16211.999999999998,5,16211.999999999998,2opt,notBad
8974,5,16211.999999999998,5,16211.999999999998,2opt,notBad
8975,5,16211.999999999998,5,16211.999999999998,swap,notBad
8976,5,16211.999999999998,5,16211.999999999998,2opt,notBad
8977,5,16211.999999999998,5,16211.999999999998,2opt,notBad
8978,5,16211.999999999998,5,16211.999999999998,swap,notBad
8979,5,16211.999999999998,5,16211.999999999998,move,improve
8980,5,16211.999999999998,5,16211.999999999998,2opt,notBad
8981,5,16211.999999999998,5,16211.999999999998,move,improve
8982,5,16211.999999999998,5,16211.999999999998,swap,notBad
8983,5,16211.999999999998,5,16211.999999999998,2opt,notBad
8984,5,16211.999999999998,5,16211.999999999998,2opt,notBad
8985,5,16211.999999999998,5,16211.999999999998,move,improve
8986,5,16211.999999999998,5,16211.999999999998,swap,notBad
8987,5,16211.999999999998,5,16211.999999999998,move,improve
8988,5,16211.999999999998,5,16211.999999999998,2opt,notBad
8989,5,16211.999999999998,5,16211.999999999998,2opt,notBad
8990,5,16211.999999999998,5,16211.999999999998,swap,notBad
8991,5,16211.999999999998,5,16211.999999999998,swap,notBad
8992,5,16211.999999999998,5,16211.999999999998,swap,notBad
8993,5,16211.999999999998,5,16211.999999999998,swap,notBad
8994,5,16211.999999999998,5,16211.999999999998,2opt,notBad
8995,5,16211.999999999998,5,16211.999999999998,swap,notBad
8996,5,16211.999999999998,5,16211.999999999998,2opt,notBad
8997,5,16211.999999999998,5,16211.999999999998,2opt,notBad
8998,5,16211.999999999998,5,16211.999999999998,2opt,notBad
8999,5,16211.999999999998,5,16211.999999999998,move,improve
9000,5,16211.999999999998,5,16211.999999999998,move,improve
9001,5,16211.999999999998,5,16211.999999999998,swap,notBad
9002,5,16211.999999999998,5,16211.999999999998,2opt,notBad
9003,5,16211.999999999998,5,16211.999999999998,2opt,improve
9004,5,16211.999999999998,5,16211.999999999998,swap,notBad
9005,5,16211.999999999998,5,16211.999999999998,swap,notBad
9006,5,16211.999999999998,5,16211.999999999998,2opt,notBad
9007,5,16211.999999999998,5,16211.999999999998,swap,notBad
9008,5,16211.999999999998,5,16211.999999999998,swap,notBad
9009,5,16211.999999999998,5,16211.999999999998,move,improve
9010,5,16211.999999999998,5,16211.999999999998,2opt,notBad
9011,5,16211.999999999998,5,16211.999999999998,2opt,notBad
9012,5,16211.999999999998,5,16211.999999999998,2opt,notBad
9013,5,16211.999999999998,5,16211.999999999998,move,improve
9014,5,16211.999999999998,5,16211.999999999998,move,improve
9015,5,16211.999999999998,5,16211.999999999998,2opt,notBad
9016,5,16211.999999999998,5,16211.999999999998,swap,notBad
9017,5,16211.999999999998,5,16211.999999999998,swap,notBad
9018,5,16211.999999999998,5,16211.999999999998,swap,notBad
9019,5,16211.999999999998,5,16211.999999999998,swap,notBad
9020,5,16211.999999999998,5,16211.999999999998,move,improve
9021,5,16211.999999999998,5,16211.999999999998,move,improve
9022,5,16211.999999999998,5,16211.999999999998,move,improve
9023,5,16211.999999999998,5,16211.999999999998,swap,notBad
9024,5,16211.999999999998,5,16211.999999999998,2opt,notBad
9025,5,16211.999999999998,5,16211.999999999998,move,improve
9026,5,16211.999999999998,5,16211.999999999998,swap,notBad
9027,5,16211.999999999998,5,16211.999999999998,swap,notBad
9028,5,16212.0,5,16211.999999999998,2opt,acceptBad
9029,5,16212.0,5,16211.999999999998,swap,notBad
9030,5,16212.0,5,16211.999999999998,2opt,notBad
9031,5,16212.0,5,16211.999999999998,swap,notBad
9032,5,16212.0,5,16211.999999999998,move,improve
9033,5,16212.0,5,16211.999999999998,swap,notBad
9034,5,16212.0,5,16211.999999999998,2opt,notBad
9035,5,16212.0,5,16211.999999999998,move,improve
9036,5,16212.0,5,16211.999999999998,swap,notBad
9037,5,16212.0,5,16211.999999999998,swap,notBad
9038,5,16212.0,5,16211.999999999998,move,improve
9039,5,16212.0,5,16211.999999999998,2opt,notBad
9040,5,16212.0,5,16211.999999999998,move,improve
9041,5,16212.0,5,16211.999999999998,2opt,notBad
9042,5,16212.0,5,16211.999999999998,move,improve
9043,5,16212.0,5,16211.999999999998,move,improve
9044,5,16212.0,5,16211.999999999998,move,improve
9045,5,16212.0,5,16211.999999999998,move,improve
9046,5,16212.0,5,16211.999999999998,2opt,notBad
9047,5,16212.0,5,16211.999999999998,2opt,notBad
9048,5,16212.0,5,16211.999999999998,swap,notBad
9049,5,16212.0,5,16211.999999999998,move,improve
9050,5,16212.0,5,16211.999999999998,move,improve
9051,5,16212.0,5,16211.999999999998,move,improve
9052,5,16212.0,5,16211.999999999998,move,improve
9053,5,16212.0,5,16211.999999999998,swap,notBad
9054,5,16212.0,5,16211.999999999998,2opt,improve
9055,5,16212.0,5,16211.999999999998,move,improve
9056,5,16212.0,5,16211.999999999998,2opt,notBad
9057,5,16212.0,5,16211.999999999998,move,improve
9058,5,16212.0,5,16211.999999999998,move,improve
9059,5,16212.0,5,16211.999999999998,2opt,notBad
9060,5,16212.0,5,16211.999999999998,2opt,notBad
9061,5,16212.0,5,16211.999999999998,swap,notBad
9062,5,16212.0,5,16211.999999999998,swap,notBad
9063,5,16212.0,5,16211.999999999998,swap,notBad
9064,5,16212.0,5,16211.999999999998,swap,notBad
9065,5,16212.0,5,16211.999999999998,2opt,notBad
9066,5,16212.0,5,16211.999999999998,swap,notBad
9067,5,16212.0,5,16211.999999999998,move,improve
9068,5,16212.0,5,16211.999999999998,2opt,notBad
9069,5,16212.0,5,16211.999999999998,2opt,notBad
9070,5,16212.0,5,16211.999999999998,swap,notBad
9071,5,16212.0,5,16211.999999999998,move,improve
9072,5,16212.0,5,16211.999999999998,2opt,notBad
9073,5,16212.0,5,16211.999999999998,2opt,notBad
9074,5,16212.0,5,16211.999999999998,move,improve
9075,5,16212.0,5,16211.999999999998,move,improve
9076,5,16212.0,5,16211.999999999998,2opt,improve
9077,5,16212.0,5,16211.999999999998,swap,notBad
9078,5,16212.0,5,16211.999999999998,swap,notBad
9079,5,16212.0,5,16211.999999999998,2opt,notBad
9080,5,16212.0,5,16211.999999999998,swap,notBad
9081,5,16212.0,5,16211.999999999998,swap,notBad
9082,5,16212.0,5,16211.999999999998,move,improve
9083,5,16212.0,5,16211.999999999998,swap,notBad
9084,5,16212.0,5,16211.999999999998,2opt,notBad
9085,5,16212.0,5,16211.999999999998,swap,notBad
9086,5,16212.0,5,16211.999999999998,2opt,notBad
9087,5,16212.0,5,16211.999999999998,move,improve
9088,5,16212.0,5,16211.999999999998,2opt,notBad
9089,5,16212.0,5,16211.999999999998,move,improve
9090,5,16212.0,5,16211.999999999998,swap,notBad
9091,5,16212.0,5,16211.999999999998,swap,notBad
9092,5,16212.0,5,16211.999999999998,2opt,notBad
9093,5,16212.0,5,16211.999999999998,move,improve
9094,5,16212.0,5,16211.999999999998,swap,notBad
9095,5,16212.0,5,16211.999999999998,move,improve
9096,5,16212.0,5,16211.999999999998,move,improve
9097,5,16212.0,5,16211.999999999998,move,improve
9098,5,16212.0,5,16211.999999999998,2opt,notBad
9099,5,16212.0,5,16211.999999999998,2opt,notBad
9100,5,16212.0,5,16211.999999999998,swap,notBad
9101,5,16212.0,5,16211.999999999998,2opt,notBad
9102,5,16212.0,5,16211.999999999998,move,improve
9103,5,16212.0,5,16211.999999999998,move,improve
9104,5,16212.0,5,16211.999999999998,2opt,notBad
9105,5,16212.0,5,16211.999999999998,move,improve
9106,5,16212.0,5,16211.999999999998,move,improve
9107,5,16212.0,5,16211.999999999998,move,improve
9108,5,16212.0,5,16211.999999999998,2opt,notBad
9109,5,16212.0,5,16211.999999999998,swap,notBad
9110,5,16212.0,5,16211.999999999998,2opt,notBad
9111,5,16212.0,5,16211.999999999998,swap,notBad
9112,5,16212.0,5,16211.999999999998,2opt,notBad
9113,5,16212.0,5,16211.999999999998,move,improve
9114,5,16212.0,5,16211.999999999998,swap,notBad
9115,5,16212.0,5,16211.999999999998,swap,notBad
9116,5,16212.0,5,16211.999999999998,swap,notBad
9117,5,16212.0,5,16211.999999999998,2opt,notBad
9118,5,16212.0,5,16211.999999999998,move,improve
9119,5,16212.0,5,16211.999999999998,2opt,notBad
9120,5,16212.0,5,16211.999999999998,2opt,notBad
9121,5,16212.0,5,16211.999999999998,2opt,notBad
9122,5,16212.0,5,16211.999999999998,move,improve
9123,5,16212.0,5,16211.999999999998,swap,notBad
9124,5,16212.0,5,16211.999999999998,move,improve
9125,5,16212.0,5,16211.999999999998,2opt,notBad
9126,5,16212.0,5,16211.999999999998,2opt,notBad
9127,5,16212.0,5,16211.999999999998,2opt,notBad
9128,5,16212.0,5,16211.999999999998,swap,notBad
9129,5,16212.0,5,16211.999999999998,swap,notBad
9130,5,16212.0,5,16211.999999999998,swap,notBad
9131,5,16212.0,5,16211.999999999998,2opt,notBad
9132,5,16212.0,5,16211.999999999998,2opt,notBad
9133,5,16212.0,5,16211.999999999998,swap,notBad
9134,5,16212.0,5,16211.999999999998,2opt,notBad
9135,5,16212.0,5,16211.999999999998,move,improve
9136,5,16212.0,5,16211.999999999998,2opt,notBad
9137,5,16212.0,5,16211.999999999998,2opt,notBad
9138,5,16212.0,5,16211.999999999998,swap,notBad
9139,5,16212.0,5,16211.999999999998,2opt,notBad
9140,5,16212.0,5,16211.999999999998,2opt,notBad
9141,5,16212.0,5,16211.999999999998,swap,notBad
9142,5,16212.0,5,16211.999999999998,2opt,notBad
9143,5,16212.0,5,16211.999999999998,2opt,improve
9144,5,16212.0,5,16211.999999999998,swap,notBad
9145,5,16212.0,5,16211.999999999998,2opt,notBad
9146,5,16212.0,5,16211.999999999998,move,improve
9147,5,16212.0,5,16211.999999999998,2opt,notBad
9148,5,16212.0,5,16211.999999999998,move,improve
9149,5,16212.0,5,16211.999999999998,move,improve
9150,5,16212.0,5,16211.999999999998,swap,notBad
9151,5,16212.0,5,16211.999999999998,2opt,notBad
9152,5,16212.0,5,16211.999999999998,move,improve
9153,5,16212.0,5,16211.999999999998,2opt,notBad
9154,5,16212.0,5,16211.999999999998,swap,notBad
9155,5,16212.0,5,16211.999999999998,2opt,notBad
9156,5,16212.0,5,16211.999999999998,swap,notBad
9157,5,16212.0,5,16211.999999999998,swap,notBad
9158,5,16212.0,5,16211.999999999998,swap,notBad
9159,5,16212.0,5,16211.999999999998,swap,notBad
9160,5,16212.0,5,16211.999999999998,swap,notBad
9161,5,16212.0,5,16211.999999999998,2opt,notBad
9162,5,16212.0,5,16211.999999999998,move,improve
9163,5,16212.0,5,16211.999999999998,2opt,notBad
9164,5,16212.0,5,16211.999999999998,2opt,notBad
9165,5,16212.0,5,16211.999999999998,move,improve
9166,5,16212.0,5,16211.999999999998,2opt,notBad
9167,5,16212.0,5,16211.999999999998,2opt,notBad
9168,5,16212.0,5,16211.999999999998,move,improve
9169,5,16212.0,5,16211.999999999998,swap,notBad
9170,5,16212.0,5,16211.999999999998,move,improve
9171,5,16212.0,5,16211.999999999998,move,improve
9172,5,16212.0,5,16211.999999999998,2opt,notBad
9173,5,16212.0,5,16211.999999999998,2opt,notBad
9174,5,16212.0,5,16211.999999999998,swap,notBad
9175,5,16212.0,5,16211.999999999998,2opt,notBad
9176,5,16212.0,5,16211.999999999998,2opt,notBad
9177,5,16212.0,5,16211.999999999998,move,improve
9178,5,16212.0,5,16211.999999999998,swap,notBad
9179,5,16212.0,5,16211.999999999998,swap,notBad
9180,5,16212.0,5,16211.999999999998,move,improve
9181,5,16212.0,5,16211.999999999998,move,improve
9182,5,16212.0,5,16211.999999999998,2opt,notBad
9183,5,16212.0,5,16211.999999999998,swap,notBad
9184,5,16212.0,5,16211.999999999998,swap,notBad
9185,5,16212.0,5,16211.999999999998,move,improve
9186,5,16212.0,5,16211.999999999998,move,improve
9187,5,16212.0,5,16211.999999999998,2opt,notBad
9188,5,16212.0,5,16211.999999999998,2opt,notBad
9189,5,16212.0,5,16211.999999999998,swap,notBad
9190,5,16212.0,5,16211.999999999998,swap,notBad
9191,5,16212.0,5,16211.999999999998,move,improve
9192,5,16212.0,5,16211.999999999998,swap,notBad
9193,5,16212.0,5,16211.999999999998,swap,notBad
9194,5,16212.0,5,16211.999999999998,move,improve
9195,5,16212.0,5,16211.999999999998,swap,notBad
9196,5,16212.0,5,16211.999999999998,2opt,notBad
9197,5,16212.0,5,16211.999999999998,2opt,notBad
9198,5,16212.0,5,16211.999999999998,2opt,notBad
9199,5,16212.0,5,16211.999999999998,move,improve
9200,5,16212.0,5,16211.999999999998,swap,notBad
9201,5,16212.0,5,16211.999999999998,2opt,notBad
9202,5,16212.0,5,16211.999999999998,2opt,notBad
9203,5,16212.0,5,16211.999999999998,2opt,notBad
9204,5,16212.0,5,16211.999999999998,swap,notBad
9205,5,16212.0,5,16211.999999999998,swap,notBad
9206,5,16212.0,5,16211.999999999998,2opt,notBad
9207,5,16212.0,5,16211.999999999998,move,improve
9208,5,16212.0,5,16211.999999999998,2opt,notBad
9209,5,16212.0,5,16211.999999999998,move,improve
9210,5,16212.0,5,16211.999999999998,2opt,notBad
9211,5,16212.0,5,16211.999999999998,2opt,notBad
9212,5,16212.0,5,16211.999999999998,move,improve
9213,5,16212.0,5,16211.999999999998,2opt,notBad
9214,5,16212.0,5,16211.999999999998,swap,notBad
9215,5,16212.0,5,16211.999999999998,2opt,notBad
9216,5,16212.0,5,16211.999999999998,move,improve
9217,5,16212.0,5,16211.999999999998,move,improve
9218,5,16212.0,5,16211.999999999998,move,improve
9219,5,16212.0,5,16211.999999999998,2opt,notBad
9220,5,16212.0,5,16211.999999999998,2opt,notBad
9221,5,16212.0,5,16211.999999999998,move,improve
9222,5,16212.0,5,16211.999999999998,2opt,notBad
9223,5,16212.0,5,16211.999999999998,2opt,notBad
9224,5,16212.0,5,16211.999999999998,move,improve
9225,5,16212.0,5,16211.999999999998,move,improve
9226,5,16212.0,5,16211.999999999998,move,notBad
9227,5,16212.0,5,16211.999999999998,2opt,notBad
9228,5,16212.0,5,16211.999999999998,move,improve
9229,5,16212.0,5,16211.999999999998,2opt,notBad
9230,5,16212.0,5,16211.999999999998,2opt,notBad
9231,5,16212.0,5,16211.999999999998,2opt,notBad
9232,5,16212.0,5,16211.999999999998,move,improve
9233,5,16212.0,5,16211.999999999998,2opt,notBad
9234,5,16212.0,5,16211.999999999998,move,improve
9235,5,16212.0,5,16211.999999999998,2opt,notBad
9236,5,16212.0,5,16211.999999999998,swap,notBad
9237,5,16212.0,5,16211.999999999998,2opt,notBad
9238,5,16212.0,5,16211.999999999998,2opt,notBad
9239,5,16212.0,5,16211.999999999998,swap,notBad
9240,5,16212.0,5,16211.999999999998,swap,notBad
9241,5,16212.0,5,16211.999999999998,2opt,notBad
9242,5,16212.0,5,16211.999999999998,2opt,notBad
9243,5,16212.0,5,16211.999999999998,swap,notBad
9244,5,16212.0,5,16211.999999999998,move,improve
9245,5,16212.0,5,16211.999999999998,2opt,notBad
9246,5,16212.0,5,16211.999999999998,move,improve
9247,5,16212.0,5,16211.999999999998,move,improve
9248,5,16212.0,5,16211.999999999998,swap,notBad
9249,5,16212.0,5,16211.999999999998,swap,notBad
9250,5,16212.0,5,16211.999999999998,swap,notBad
9251,5,16212.0,5,16211.999999999998,swap,notBad
9252,5,16212.0,5,16211.999999999998,2opt,notBad
9253,5,16212.0,5,16211.999999999998,move,improve
9254,5,16212.0,5,16211.999999999998,2opt,notBad
9255,5,16212.0,5,16211.999999999998,2opt,notBad
9256,5,16212.0,5,16211.999999999998,swap,notBad
9257,5,16212.0,5,16211.999999999998,2opt,notBad
9258,5,16212.0,5,16211.999999999998,2opt,notBad
9259,5,16212.0,5,16211.999999999998,2opt,notBad
9260,5,16212.0,5,16211.999999999998,2opt,notBad
9261,5,16212.0,5,16211.999999999998,swap,notBad
9262,5,16212.0,5,16211.999999999998,swap,notBad
9263,5,16212.0,5,16211.999999999998,move,improve
9264,5,16212.0,5,16211.999999999998,2opt,notBad
9265,5,16212.0,5,16211.999999999998,swap,notBad
9266,5,16212.0,5,16211.999999999998,move,improve
9267,5,16212.0,5,16211.999999999998,2opt,notBad
9268,5,16212.0,5,16211.999999999998,2opt,notBad
9269,5,16212.0,5,16211.999999999998,swap,notBad
9270,5,16212.0,5,16211.999999999998,2opt,notBad
9271,5,16212.0,5,16211.999999999998,move,improve
9272,5,16212.0,5,16211.999999999998,swap,notBad
9273,5,16212.0,5,16211.999999999998,move,improve
9274,5,16212.0,5,16211.999999999998,move,improve
9275,5,16212.0,5,16211.999999999998,2opt,notBad
9276,5,16212.0,5,16211.999999999998,swap,notBad
9277,5,16212.0,5,16211.999999999998,move,improve
9278,5,16212.0,5,16211.999999999998,move,improve
9279,5,16212.0,5,16211.999999999998,move,improve
9280,5,16212.0,5,16211.999999999998,2opt,notBad
9281,5,16212.0,5,16211.999999999998,swap,notBad
9282,5,16212.0,5,16211.999999999998,move,improve
9283,5,16212.0,5,16211.999999999998,2opt,notBad
9284,5,16212.0,5,16211.999999999998,2opt,notBad
9285,5,16212.0,5,16211.999999999998,swap,notBad
9286,5,16212.0,5,16211.999999999998,move,improve
9287,5,16212.0,5,16211.999999999998,move,notBad
9288,5,16212.0,5,16211.999999999998,2opt,notBad
9289,5,16212.0,5,16211.999999999998,move,improve
9290,5,16212.0,5,16211.999999999998,swap,notBad
9291,5,16212.0,5,16211.999999999998,swap,notBad
9292,5,16212.0,5,16211.999999999998,swap,notBad
9293,5,16212.0,5,16211.999999999998,move,improve
9294,5,16212.0,5,16211.999999999998,move,improve
9295,5,16212.0,5,16211.999999999998,move,improve
9296,5,16212.0,5,16211.999999999998,move,improve
9297,5,16212.0,5,16211.999999999998,2opt,notBad
9298,5,16212.0,5,16211.999999999998,swap,notBad
9299,5,16212.0,5,16211.999999999998,2opt,notBad
9300,5,16212.0,5,16211.999999999998,swap,notBad
9301,5,16212.0,5,16211.999999999998,swap,notBad
9302,5,16212.0,5,16211.999999999998,swap,notBad
9303,5,16212.0,5,16211.999999999998,move,improve
9304,5,16212.0,5,16211.999999999998,2opt,notBad
9305,5,16212.0,5,16211.999999999998,2opt,notBad
9306,5,16212.0,5,16211.999999999998,2opt,notBad
9307,5,16212.0,5,16211.999999999998,2opt,improve
9308,5,16212.0,5,16211.999999999998,move,improve
9309,5,16212.0,5,16211.999999999998,move,improve
9310,5,16212.0,5,16211.999999999998,move,improve
9311,5,16212.0,5,16211.999999999998,swap,notBad
9312,5,16212.0,5,16211.999999999998,move,improve
9313,5,16212.0,5,16211.999999999998,move,improve
9314,5,16212.0,5,16211.999999999998,swap,notBad
9315,5,16212.0,5,16211.999999999998,swap,notBad
9316,5,16212.7,5,16211.999999999998,2opt,acceptBad
9317,5,16212.7,5,16211.999999999998,move,improve
9318,5,16212.7,5,16211.999999999998,swap,notBad
9319,5,16212.7,5,16211.999999999998,2opt,notBad
9320,5,16212.7,5,16211.999999999998,2opt,notBad
9321,5,16212.7,5,16211.999999999998,move,improve
9322,5,16212.7,5,16211.999999999998,swap,notBad
9323,5,16212.7,5,16211.999999999998,2opt,notBad
9324,5,16212.7,5,16211.999999999998,move,improve
9325,5,16212.7,5,16211.999999999998,move,improve
9326,5,16212.7,5,16211.999999999998,swap,notBad
9327,5,16212.7,5,16211.999999999998,swap,notBad
9328,5,16212.7,5,16211.999999999998,2opt,notBad
9329,5,16212.7,5,16211.999999999998,move,improve
9330,5,16212.7,5,16211.999999999998,swap,notBad
9331,5,16212.7,5,16211.999999999998,2opt,notBad
9332,5,16212.7,5,16211.999999999998,swap,notBad
9333,5,16212.7,5,16211.999999999998,swap,notBad
9334,5,16212.7,5,16211.999999999998,swap,notBad
9335,5,16212.7,5,16211.999999999998,swap,notBad
9336,5,16212.7,5,16211.999999999998,2opt,notBad
9337,5,16212.7,5,16211.999999999998,2opt,notBad
9338,5,16212.7,5,16211.999999999998,2opt,notBad
9339,5,16212.7,5,16211.999999999998,2opt,notBad
9340,5,16212.7,5,16211.999999999998,2opt,notBad
9341,5,16212.7,5,16211.999999999998,move,improve
9342,5,16212.7,5,16211.999999999998,swap,notBad
9343,5,16212.7,5,16211.999999999998,move,improve
9344,5,16212.7,5,16211.999999999998,move,improve
9345,5,16212.7,5,16211.999999999998,2opt,notBad
9346,5,16212.7,5,16211.999999999998,swap,notBad
9347,5,16212.7,5,16211.999999999998,2opt,notBad
9348,5,16212.7,5,16211.999999999998,2opt,notBad
9349,5,16212.7,5,16211.999999999998,2opt,notBad
9350,5,16212.7,5,16211.999999999998,move,notBad
9351,5,16212.7,5,16211.999999999998,swap,notBad
9352,5,16212.7,5,16211.999999999998,2opt,notBad
9353,5,16212.7,5,16211.999999999998,swap,notBad
9354,5,16212.7,5,16211.999999999998,2opt,improve
9355,5,16212.7,5,16211.999999999998,2opt,notBad
9356,5,16212.7,5,16211.999999999998,swap,notBad
9357,5,16212.7,5,16211.999999999998,swap,notBad
9358,5,16212.7,5,16211.999999999998,2opt,notBad
9359,5,16212.7,5,16211.999999999998,move,notBad
9360,5,16212.7,5,16211.999999999998,2opt,notBad
9361,5,16212.7,5,16211.999999999998,swap,notBad
9362,5,16212.7,5,16211.999999999998,2opt,notBad
9363,5,16212.7,5,16211.999999999998,2opt,notBad
9364,5,16212.7,5,16211.999999999998,2opt,notBad
9365,5,16212.7,5,16211.999999999998,swap,notBad
9366,5,16212.7,5,16211.999999999998,swap,notBad
9367,5,16212.7,5,16211.999999999998,2opt,notBad
9368,5,16212.7,5,16211.999999999998,move,improve
9369,5,16212.7,5,16211.999999999998,move,improve
9370,5,16212.7,5,16211.999999999998,move,improve
9371,5,16212.7,5,16211.999999999998,2opt,notBad
9372,5,16212.7,5,16211.999999999998,2opt,notBad
9373,5,16212.7,5,16211.999999999998,2opt,notBad
9374,5,16212.7,5,16211.999999999998,move,improve
9375,5,16212.7,5,16211.999999999998,swap,notBad
9376,5,16212.7,5,16211.999999999998,swap,notBad
9377,5,16212.7,5,16211.999999999998,2opt,notBad
9378,5,16212.7,5,16211.999999999998,2opt,notBad
9379,5,16212.7,5,16211.999999999998,swap,notBad
9380,5,16212.7,5,16211.999999999998,2opt,notBad
9381,5,16212.7,5,16211.999999999998,swap,notBad
9382,5,16212.7,5,16211.999999999998,swap,notBad
9383,5,16212.7,5,16211.999999999998,2opt,notBad
9384,5,16212.7,5,16211.999999999998,move,improve
9385,5,16212.7,5,16211.999999999998,swap,notBad
9386,5,16212.7,5,16211.999999999998,swap,notBad
9387,5,16212.7,5,16211.999999999998,2opt,notBad
9388,5,16212.7,5,16211.999999999998,move,improve
9389,5,16212.7,5,16211.999999999998,2opt,notBad
9390,5,16212.7,5,16211.999999999998,swap,notBad
9391,5,16212.7,5,16211.999999999998,swap,notBad
9392,5,16212.7,5,16211.999999999998,move,improve
9393,5,16212.7,5,16211.999999999998,2opt,improve
9394,5,16212.7,5,16211.999999999998,2opt,notBad
9395,5,16212.7,5,16211.999999999998,move,improve
9396,5,16212.7,5,16211.999999999998,swap,notBad
9397,5,16212.7,5,16211.999999999998,2opt,notBad
9398,5,16212.7,5,16211.999999999998,2opt,notBad
9399,5,16212.7,5,16211.999999999998,2opt,notBad
9400,5,16212.7,5,16211.999999999998,move,improve
9401,5,16212.7,5,16211.999999999998,2opt,notBad
9402,5,16212.7,5,16211.999999999998,swap,notBad
9403,5,16212.7,5,16211.999999999998,2opt,notBad
9404,5,16212.7,5,16211.999999999998,2opt,notBad
9405,5,16212.7,5,16211.999999999998,move,improve
9406,5,16212.7,5,16211.999999999998,2opt,notBad
9407,5,16212.7,5,16211.999999999998,move,improve
9408,5,16212.7,5,16211.999999999998,move,improve
9409,5,16212.7,5,16211.999999999998,swap,notBad
9410,5,16212.7,5,16211.999999999998,2opt,notBad
9411,5,16212.7,5,16211.999999999998,move,improve
9412,5,16212.7,5,16211.999999999998,move,improve
9413,5,16212.7,5,16211.999999999998,swap,notBad
9414,5,16212.7,5,16211.999999999998,2opt,notBad
9415,5,16212.7,5,16211.999999999998,swap,notBad
9416,5,16212.7,5,16211.999999999998,2opt,notBad
9417,5,16212.7,5,16211.999999999998,2opt,notBad
9418,5,16212.7,5,16211.999999999998,2opt,notBad
9419,5,16212.7,5,16211.999999999998,swap,notBad
9420,5,16212.7,5,16211.999999999998,2opt,notBad
9421,5,16212.7,5,16211.999999999998,2opt,notBad
9422,5,16212.7,5,16211.999999999998,swap,notBad
9423,5,16212.7,5,16211.999999999998,move,improve
9424,5,16212.7,5,16211.999999999998,swap,notBad
9425,5,16212.7,5,16211.999999999998,swap,notBad
9426,5,16212.7,5,16211.999999999998,2opt,notBad
9427,5,16212.7,5,16211.999999999998,swap,notBad
9428,5,16212.7,5,16211.999999999998,2opt,notBad
9429,5,16212.7,5,16211.999999999998,2opt,notBad
9430,5,16212.7,5,16211.999999999998,move,improve
9431,5,16212.7,5,16211.999999999998,swap,notBad
9432,5,16212.7,5,16211.999999999998,swap,notBad
9433,5,16212.7,5,16211.999999999998,move,improve
9434,5,16212.7,5,16211.999999999998,swap,notBad
9435,5,16212.7,5,16211.999999999998,2opt,notBad
9436,5,16212.7,5,16211.999999999998,2opt,notBad
9437,5,16212.7,5,16211.999999999998,2opt,notBad
9438,5,16212.7,5,16211.999999999998,move,improve
9439,5,16212.7,5,16211.999999999998,move,improve
9440,5,16212.7,5,16211.999999999998,swap,notBad
9441,5,16212.7,5,16211.999999999998,move,improve
9442,5,16212.7,5,16211.999999999998,move,improve
9443,5,16212.7,5,16211.999999999998,2opt,notBad
9444,5,16212.7,5,16211.999999999998,swap,notBad
9445,5,16212.7,5,16211.999999999998,swap,notBad
9446,5,16212.7,5,16211.999999999998,move,improve
9447,5,16212.7,5,16211.999999999998,2opt,notBad
9448,5,16212.7,5,16211.999999999998,move,improve
9449,5,16212.7,5,16211.999999999998,2opt,improve
9450,5,16212.7,5,16211.999999999998,2opt,notBad
9451,5,16212.7,5,16211.999999999998,2opt,notBad
9452,5,16212.7,5,16211.999999999998,move,improve
9453,5,16212.7,5,16211.999999999998,move,improve
9454,5,16212.7,5,16211.999999999998,2opt,notBad
9455,5,16212.7,5,16211.999999999998,swap,notBad
9456,5,16212.7,5,16211.999999999998,2opt,notBad
9457,5,16212.7,5,16211.999999999998,2opt,notBad
9458,5,16212.7,5,16211.999999999998,swap,notBad
9459,5,16212.7,5,16211.999999999998,swap,notBad
9460,5,16212.7,5,16211.999999999998,swap,notBad
9461,5,16212.7,5,16211.999999999998,swap,notBad
9462,5,16212.7,5,16211.999999999998,2opt,notBad
9463,5,16212.7,5,16211.999999999998,swap,notBad
9464,5,16212.7,5,16211.999999999998,2opt,notBad
9465,5,16212.7,5,16211.999999999998,swap,notBad
9466,5,16212.7,5,16211.999999999998,move,notBad
9467,5,16212.7,5,16211.999999999998,move,improve
9468,5,16212.7,5,16211.999999999998,move,improve
9469,5,16212.7,5,16211.999999999998,2opt,notBad
9470,5,16212.7,5,16211.999999999998,move,improve
9471,5,16212.7,5,16211.999999999998,move,improve
9472,5,16212.7,5,16211.999999999998,move,improve
9473,5,16212.7,5,16211.999999999998,swap,notBad
9474,5,16212.7,5,16211.999999999998,2opt,notBad
9475,5,16212.7,5,16211.999999999998,move,improve
9476,5,16215.3,5,16211.999999999998,swap,acceptBad
9477,5,16215.3,5,16211.999999999998,swap,notBad
9478,5,16215.3,5,16211.999999999998,move,improve
9479,5,16215.3,5,16211.999999999998,2opt,notBad
9480,5,16215.3,5,16211.999999999998,move,improve
9481,5,16215.3,5,16211.999999999998,swap,notBad
9482,5,16215.3,5,16211.999999999998,2opt,notBad
9483,5,16215.3,5,16211.999999999998,2opt,notBad
9484,5,16215.3,5,16211.999999999998,move,improve
9485,5,16215.3,5,16211.999999999998,2opt,improve
9486,5,16215.3,5,16211.999999999998,move,improve
9487,5,16215.3,5,16211.999999999998,move,improve
9488,5,16215.3,5,16211.999999999998,2opt,notBad
9489,5,16215.3,5,16211.999999999998,swap,notBad
9490,5,16215.3,5,16211.999999999998,move,improve
9491,5,16215.3,5,16211.999999999998,move,improve
9492,5,16215.3,5,16211.999999999998,swap,notBad
9493,5,16215.3,5,16211.999999999998,move,improve
9494,5,16215.3,5,16211.999999999998,move,improve
9495,5,16215.3,5,16211.999999999998,move,improve
9496,5,16215.3,5,16211.999999999998,move,improve
9497,5,16215.3,5,16211.999999999998,swap,notBad
9498,5,16215.3,5,16211.999999999998,move,improve
9499,5,16215.3,5,16211.999999999998,swap,notBad
9500,5,16215.3,5,16211.999999999998,swap,notBad
9501,5,16215.3,5,16211.999999999998,swap,notBad
9502,5,16215.3,5,16211.999999999998,swap,notBad
9503,5,16215.3,5,16211.999999999998,move,improve
9504,5,16215.3,5,16211.999999999998,move,improve
9505,5,16215.3,5,16211.999999999998,swap,notBad
9506,5,16215.3,5,16211.999999999998,2opt,notBad
9507,5,16215.3,5,16211.999999999998,2opt,notBad
9508,5,16215.3,5,16211.999999999998,2opt,notBad
9509,5,16215.3,5,16211.999999999998,move,improve
9510,5,16216.900000000001,5,16211.999999999998,swap,acceptBad
9511,5,16216.900000000001,5,16211.999999999998,move,improve
9512,5,16216.900000000001,5,16211.999999999998,2opt,notBad
9513,5,16216.900000000001,5,16211.999999999998,2opt,notBad
9514,5,16216.900000000001,5,16211.999999999998,2opt,notBad
9515,5,16216.900000000001,5,16211.999999999998,2opt,notBad
9516,5,16216.900000000001,5,16211.999999999998,move,improve
9517,5,16215.3,5,16211.999999999998,move,improve
9518,5,16215.3,5,16211.999999999998,move,improve
9519,5,16215.3,5,16211.999999999998,move,improve
9520,5,16215.3,5,16211.999999999998,2opt,notBad
9521,5,16215.3,5,16211.999999999998,swap,notBad
9522,5,16215.3,5,16211.999999999998,2opt,notBad
9523,5,16215.3,5,16211.999999999998,move,improve
9524,5,16215.3,5,16211.999999999998,2opt,notBad
9525,5,16215.3,5,16211.999999999998,move,improve
9526,5,16215.3,5,16211.999999999998,2opt,notBad
9527,5,16215.3,5,16211.999999999998,swap,notBad
9528,5,16215.3,5,16211.999999999998,move,improve
9529,5,16215.3,5,16211.999999999998,swap,notBad
9530,5,16215.3,5,16211.999999999998,swap,notBad
9531,5,16215.3,5,16211.999999999998,swap,notBad
9532,5,16215.3,5,16211.999999999998,swap,notBad
9533,5,16215.3,5,16211.999999999998,2opt,improve
9534,5,16215.3,5,16211.999999999998,swap,notBad
9535,5,16215.3,5,16211.999999999998,swap,notBad
9536,5,16215.3,5,16211.999999999998,move,improve
9537,5,16215.3,5,16211.999999999998,swap,notBad
9538,5,16215.3,5,16211.999999999998,swap,notBad
9539,5,16215.3,5,16211.999999999998,2opt,notBad
9540,5,16215.3,5,16211.999999999998,move,improve
9541,5,16215.3,5,16211.999999999998,move,improve
9542,5,16215.3,5,16211.999999999998,2opt,notBad
9543,5,16215.3,5,16211.999999999998,2opt,notBad
9544,5,16215.3,5,16211.999999999998,swap,notBad
9545,5,16215.3,5,16211.999999999998,move,improve
9546,5,16215.3,5,16211.999999999998,2opt,notBad
9547,5,16215.3,5,16211.999999999998,2opt,notBad
9548,5,16215.3,5,16211.999999999998,move,improve
9549,5,16215.3,5,16211.999999999998,swap,notBad
9550,5,16215.3,5,16211.999999999998,swap,notBad
9551,5,16215.3,5,16211.999999999998,2opt,notBad
9552,5,16215.3,5,16211.999999999998,move,improve
9553,5,16215.3,5,16211.999999999998,move,improve
9554,5,16215.3,5,16211.999999999998,2opt,notBad
9555,5,16215.3,5,16211.999999999998,move,improve
9556,5,16215.3,5,16211.999999999998,move,improve
9557,5,16215.3,5,16211.999999999998,move,improve
9558,5,16215.3,5,16211.999999999998,move,improve
9559,5,16215.3,5,16211.999999999998,swap,notBad
9560,5,16215.3,5,16211.999999999998,swap,notBad
9561,5,16215.3,5,16211.999999999998,2opt,notBad
9562,5,16215.3,5,16211.999999999998,move,improve
9563,5,16215.3,5,16211.999999999998,move,improve
9564,5,16215.3,5,16211.999999999998,2opt,notBad
9565,5,16215.3,5,16211.999999999998,move,improve
9566,5,16215.3,5,16211.999999999998,swap,notBad
9567,5,16215.3,5,16211.999999999998,2opt,notBad
9568,5,16215.3,5,16211.999999999998,2opt,notBad
9569,5,16215.3,5,16211.999999999998,swap,notBad
9570,5,16215.3,5,16211.999999999998,move,improve
9571,5,16215.3,5,16211.999999999998,swap,notBad
9572,5,16215.3,5,16211.999999999998,swap,notBad
9573,5,16215.3,5,16211.999999999998,move,improve
9574,5,16215.3,5,16211.999999999998,swap,notBad
9575,5,16215.3,5,16211.999999999998,swap,notBad
9576,5,16215.3,5,16211.999999999998,2opt,notBad
9577,5,16215.3,5,16211.999999999998,move,improve
9578,5,16215.3,5,16211.999999999998,move,improve
9579,5,16215.3,5,16211.999999999998,move,improve
9580,5,16215.3,5,16211.999999999998,2opt,notBad
9581,5,16215.3,5,16211.999999999998,2opt,improve
9582,5,16215.3,5,16211.999999999998,move,improve
9583,5,16215.3,5,16211.999999999998,swap,notBad
9584,5,16215.3,5,16211.999999999998,2opt,notBad
9585,5,16215.3,5,16211.999999999998,move,improve
9586,5,16215.3,5,16211.999999999998,swap,notBad
9587,5,16215.3,5,16211.999999999998,move,improve
9588,5,16215.3,5,16211.999999999998,swap,notBad
9589,5,16215.3,5,16211.999999999998,swap,notBad
9590,5,16215.3,5,16211.999999999998,swap,notBad
9591,5,16215.3,5,16211.999999999998,move,improve
9592,5,16215.3,5,16211.999999999998,swap,notBad
9593,5,16215.3,5,16211.999999999998,2opt,notBad
9594,5,16215.3,5,16211.999999999998,swap,notBad
9595,5,16215.3,5,16211.999999999998,2opt,notBad
9596,5,16215.3,5,16211.999999999998,2opt,notBad
9597,5,16215.3,5,16211.999999999998,move,improve
9598,5,16215.3,5,16211.999999999998,move,improve
9599,5,16215.3,5,16211.999999999998,swap,notBad
9600,5,16215.3,5,16211.999999999998,2opt,notBad
9601,5,16215.3,5,16211.999999999998,swap,notBad
9602,5,16215.3,5,16211.999999999998,2opt,notBad
9603,5,16215.3,5,16211.999999999998,move,improve
9604,5,16215.3,5,16211.999999999998,swap,notBad
9605,5,16215.3,5,16211.999999999998,move,improve
9606,5,16215.3,5,16211.999999999998,2opt,notBad
9607,5,16215.3,5,16211.999999999998,2opt,improve
9608,5,16215.3,5,16211.999999999998,2opt,notBad
9609,5,16215.3,5,16211.999999999998,move,improve
9610,5,16215.3,5,16211.999999999998,swap,notBad
9611,5,16215.3,5,16211.999999999998,2opt,notBad
9612,5,16215.3,5,16211.999999999998,swap,notBad
9613,5,16215.3,5,16211.999999999998,2opt,improve
9614,5,16215.3,5,16211.999999999998,move,improve
9615,5,16215.3,5,16211.999999999998,move,improve
9616,5,16215.3,5,16211.999999999998,move,improve
9617,5,16215.3,5,16211.999999999998,swap,notBad
9618,5,16215.3,5,16211.999999999998,swap,notBad
9619,5,16215.3,5,16211.999999999998,2opt,notBad
9620,5,16215.3,5,16211.999999999998,move,improve
9621,5,16215.3,5,16211.999999999998,move,improve
9622,5,16215.3,5,16211.999999999998,2opt,improve
9623,5,16215.3,5,16211.999999999998,move,improve
9624,5,16215.3,5,16211.999999999998,swap,notBad
9625,5,16215.3,5,16211.999999999998,move,notBad
9626,5,16215.3,5,16211.999999999998,move,improve
9627,5,16215.3,5,16211.999999999998,2opt,notBad
9628,5,16215.3,5,16211.999999999998,move,improve
9629,5,16215.3,5,16211.999999999998,2opt,notBad
9630,5,16215.3,5,16211.999999999998,2opt,notBad
9631,5,16215.3,5,16211.999999999998,swap,notBad
9632,5,16215.3,5,16211.999999999998,2opt,notBad
9633,5,16215.3,5,16211.999999999998,move,improve
9634,5,16215.3,5,16211.999999999998,move,improve
9635,5,16215.3,5,16211.999999999998,move,improve
9636,5,16215.3,5,16211.999999999998,swap,notBad
9637,5,16215.3,5,16211.999999999998,swap,notBad
9638,5,16215.3,5,16211.999999999998,move,improve
9639,5,16215.3,5,16211.999999999998,2opt,notBad
9640,5,16215.3,5,16211.999999999998,move,improve
9641,5,16215.3,5,16211.999999999998,2opt,notBad
9642,5,16215.3,5,16211.999999999998,move,improve
9643,5,16215.3,5,16211.999999999998,swap,notBad
9644,5,16215.3,5,16211.999999999998,swap,notBad
9645,5,16215.3,5,16211.999999999998,swap,notBad
9646,5,16215.3,5,16211.999999999998,swap,notBad
9647,5,16215.3,5,16211.999999999998,swap,notBad
9648,5,16215.3,5,16211.999999999998,2opt,notBad
9649,5,16215.3,5,16211.999999999998,2opt,notBad
9650,5,16215.3,5,16211.999999999998,swap,notBad
9651,5,16215.3,5,16211.999999999998,move,improve
9652,5,16215.3,5,16211.999999999998,move,improve
9653,5,16215.3,5,16211.999999999998,2opt,notBad
9654,5,16215.3,5,16211.999999999998,2opt,notBad
9655,5,16215.3,5,16211.999999999998,swap,notBad
9656,5,16215.3,5,16211.999999999998,2opt,notBad
9657,5,16215.3,5,16211.999999999998,move,improve
9658,5,16215.3,5,16211.999999999998,move,improve
9659,5,16215.3,5,16211.999999999998,swap,notBad
9660,5,16215.3,5,16211.999999999998,2opt,notBad
9661,5,16215.3,5,16211.999999999998,2opt,notBad
9662,5,16215.3,5,16211.999999999998,2opt,notBad
9663,5,16215.3,5,16211.999999999998,2opt,notBad
9664,5,16215.3,5,16211.999999999998,swap,notBad
9665,5,16215.3,5,16211.999999999998,2opt,notBad
9666,5,16215.3,5,16211.999999999998,2opt,notBad
9667,5,16215.3,5,16211.999999999998,swap,notBad
9668,5,16215.3,5,16211.999999999998,2opt,notBad
9669,5,16215.3,5,16211.999999999998,swap,notBad
9670,5,16215.3,5,16211.999999999998,2opt,notBad
9671,5,16215.3,5,16211.999999999998,move,improve
9672,5,16215.3,5,16211.999999999998,2opt,notBad
9673,5,16215.3,5,16211.999999999998,2opt,notBad
9674,5,16215.3,5,16211.999999999998,2opt,notBad
9675,5,16215.3,5,16211.999999999998,swap,notBad
9676,5,16215.3,5,16211.999999999998,2opt,notBad
9677,5,16215.3,5,16211.999999999998,2opt,notBad
9678,5,16215.3,5,16211.999999999998,swap,notBad
9679,5,16215.3,5,16211.999999999998,move,improve
9680,5,16215.3,5,16211.999999999998,swap,notBad
9681,5,16215.3,5,16211.999999999998,2opt,notBad
9682,5,16215.3,5,16211.999999999998,move,improve
9683,5,16215.3,5,16211.999999999998,move,improve
9684,5,16215.3,5,16211.999999999998,swap,notBad
9685,5,16215.3,5,16211.999999999998,2opt,notBad
9686,5,16215.3,5,16211.999999999998,move,improve
9687,5,16215.3,5,16211.999999999998,2opt,notBad
9688,5,16215.3,5,16211.999999999998,2opt,improve
9689,5,16215.3,5,16211.999999999998,swap,notBad
9690,5,16223.5,5,16211.999999999998,swap,acceptBad
9691,5,16223.5,5,16211.999999999998,2opt,notBad
9692,5,16223.5,5,16211.999999999998,swap,notBad
9693,5,16223.5,5,16211.999999999998,move,improve
9694,5,16223.5,5,16211.999999999998,move,improve
9695,5,16223.5,5,16211.999999999998,swap,notBad
9696,5,16223.5,5,16211.999999999998,move,improve
9697,5,16223.5,5,16211.999999999998,2opt,notBad
9698,5,16223.5,5,16211.999999999998,swap,notBad
9699,5,16223.5,5,16211.999999999998,swap,notBad
9700,5,16223.5,5,16211.999999999998,2opt,improve
9701,5,16223.5,5,16211.999999999998,move,improve
9702,5,16223.5,5,16211.999999999998,2opt,notBad
9703,5,16223.5,5,16211.999999999998,move,improve
9704,5,16223.5,5,16211.999999999998,swap,notBad
9705,5,16223.5,5,16211.999999999998,move,improve
9706,5,16223.5,5,16211.999999999998,move,improve
9707,5,16223.5,5,16211.999999999998,2opt,notBad
9708,5,16223.5,5,16211.999999999998,swap,notBad
9709,5,16223.5,5,16211.999999999998,swap,notBad
9710,5,16223.5,5,16211.999999999998,swap,notBad
9711,5,16223.5,5,16211.999999999998,move,improve
9712,5,16223.5,5,16211.999999999998,move,improve
9713,5,16223.5,5,16211.999999999998,swap,notBad
9714,5,16223.5,5,16211.999999999998,move,improve
9715,5,16223.5,5,16211.999999999998,move,improve
9716,5,16223.5,5,16211.999999999998,2opt,notBad
9717,5,16223.5,5,16211.999999999998,2opt,notBad
9718,5,16223.5,5,16211.999999999998,swap,notBad
9719,5,16223.5,5,16211.999999999998,move,improve
9720,5,16223.5,5,16211.999999999998,move,improve
9721,5,16223.5,5,16211.999999999998,swap,notBad
9722,5,16223.5,5,16211.999999999998,swap,notBad
9723,5,16223.5,5,16211.999999999998,2opt,notBad
9724,5,16223.5,5,16211.999999999998,2opt,notBad
9725,5,16223.5,5,16211.999999999998,move,improve
9726,5,16223.5,5,16211.999999999998,move,improve
9727,5,16223.5,5,16211.999999999998,move,improve
9728,5,16223.5,5,16211.999999999998,swap,notBad
9729,5,16223.5,5,16211.999999999998,swap,notBad
9730,5,16223.5,5,16211.999999999998,2opt,notBad
9731,5,16223.5,5,16211.999999999998,2opt,notBad
9732,5,16223.5,5,16211.999999999998,2opt,notBad
9733,5,16223.5,5,16211.999999999998,move,improve
9734,5,16223.5,5,16211.999999999998,move,improve
9735,5,16223.5,5,16211.999999999998,2opt,notBad
9736,5,16223.5,5,16211.999999999998,move,improve
9737,5,16223.5,5,16211.999999999998,move,improve
9738,5,16223.5,5,16211.999999999998,move,improve
9739,5,16223.5,5,16211.999999999998,move,improve
9740,5,16223.5,5,16211.999999999998,2opt,notBad
9741,5,16223.5,5,16211.999999999998,move,improve
9742,5,16223.5,5,16211.999999999998,swap,notBad
9743,5,16223.5,5,16211.999999999998,move,improve
9744,5,16223.5,5,16211.999999999998,2opt,notBad
9745,5,16223.5,5,16211.999999999998,2opt,notBad
9746,5,16223.5,5,16211.999999999998,2opt,notBad
9747,5,16223.5,5,16211.999999999998,2opt,notBad
9748,5,16223.5,5,16211.999999999998,2opt,notBad
9749,5,16223.5,5,16211.999999999998,swap,notBad
9750,5,16223.5,5,16211.999999999998,2opt,notBad
9751,5,16223.5,5,16211.999999999998,move,improve
9752,5,16223.5,5,16211.999999999998,swap,notBad
9753,5,16223.5,5,16211.999999999998,2opt,notBad
9754,5,16223.5,5,16211.999999999998,swap,notBad
9755,5,16223.5,5,16211.999999999998,swap,notBad
9756,5,16223.5,5,16211.999999999998,swap,notBad
9757,5,16223.5,5,16211.999999999998,2opt,notBad
9758,5,16223.5,5,16211.999999999998,move,improve
9759,5,16223.5,5,16211.999999999998,swap,notBad
9760,5,16223.5,5,16211.999999999998,2opt,notBad
9761,5,16223.5,5,16211.999999999998,swap,notBad
9762,5,16223.5,5,16211.999999999998,swap,notBad
9763,5,16223.5,5,16211.999999999998,move,improve
9764,5,16223.5,5,16211.999999999998,2opt,notBad
9765,5,16223.5,5,16211.999999999998,swap,notBad
9766,5,16223.5,5,16211.999999999998,2opt,notBad
9767,5,16223.5,5,16211.999999999998,swap,notBad
9768,5,16223.5,5,16211.999999999998,2opt,notBad
9769,5,16223.5,5,16211.999999999998,move,improve
9770,5,16223.5,5,16211.999999999998,swap,notBad
9771,5,16223.5,5,16211.999999999998,swap,notBad
9772,5,16223.5,5,16211.999999999998,2opt,notBad
9773,5,16223.5,5,16211.999999999998,2opt,notBad
9774,5,16223.5,5,16211.999999999998,move,improve
9775,5,16223.5,5,16211.999999999998,swap,notBad
9776,5,16223.5,5,16211.999999999998,2opt,notBad
9777,5,16223.5,5,16211.999999999998,2opt,notBad
9778,5,16223.5,5,16211.999999999998,2opt,notBad
9779,5,16223.5,5,16211.999999999998,swap,notBad
9780,5,16223.5,5,16211.999999999998,2opt,notBad
9781,5,16223.5,5,16211.999999999998,swap,notBad
9782,5,16223.5,5,16211.999999999998,move,improve
9783,5,16215.3,5,16211.999999999998,move,improve
9784,5,16215.3,5,16211.999999999998,2opt,notBad
9785,5,16215.3,5,16211.999999999998,move,improve
9786,5,16215.3,5,16211.999999999998,move,improve
9787,5,16215.3,5,16211.999999999998,2opt,notBad
9788,5,16215.3,5,16211.999999999998,move,improve
9789,5,16215.3,5,16211.999999999998,2opt,notBad
9790,5,16215.3,5,16211.999999999998,swap,notBad
9791,5,16215.3,5,16211.999999999998,2opt,notBad
9792,5,16215.3,5,16211.999999999998,2opt,notBad
9793,5,16215.3,5,16211.999999999998,move,improve
9794,5,16215.3,5,16211.999999999998,swap,notBad
9795,5,16215.3,5,16211.999999999998,swap,notBad
9796,5,16215.3,5,16211.999999999998,move,improve
9797,5,16215.3,5,16211.999999999998,move,improve
9798,5,16215.3,5,16211.999999999998,move,improve
9799,5,16215.3,5,16211.999999999998,swap,notBad
9800,5,16215.3,5,16211.999999999998,2opt,notBad
9801,5,16215.3,5,16211.999999999998,swap,notBad
9802,5,16215.3,5,16211.999999999998,move,improve
9803,5,16215.3,5,16211.999999999998,2opt,notBad
9804,5,16215.3,5,16211.999999999998,move,improve
9805,5,16215.3,5,16211.999999999998,2opt,notBad
9806,5,16215.3,5,16211.999999999998,2opt,notBad
9807,5,16215.3,5,16211.999999999998,move,improve
9808,5,16215.3,5,16211.999999999998,swap,notBad
9809,5,16215.3,5,16211.999999999998,swap,notBad
9810,5,16215.3,5,16211.999999999998,move,notBad
9811,5,16215.3,5,16211.999999999998,2opt,notBad
9812,5,16215.3,5,16211.999999999998,move,improve
9813,5,16215.3,5,16211.999999999998,swap,notBad
9814,5,16215.3,5,16211.999999999998,2opt,notBad
9815,5,16215.3,5,16211.999999999998,move,improve
9816,5,16215.3,5,16211.999999999998,move,improve
9817,5,16215.3,5,16211.999999999998,swap,notBad
9818,5,16215.3,5,16211.999999999998,swap,notBad
9819,5,16215.3,5,16211.999999999998,move,improve
9820,5,16215.3,5,16211.999999999998,swap,notBad
9821,5,16215.3,5,16211.999999999998,2opt,notBad
9822,5,16215.3,5,16211.999999999998,move,improve
9823,5,16215.3,5,16211.999999999998,swap,notBad
9824,5,16215.3,5,16211.999999999998,2opt,notBad
9825,5,16215.3,5,16211.999999999998,2opt,notBad
9826,5,16215.3,5,16211.999999999998,swap,notBad
9827,5,16215.3,5,16211.999999999998,2opt,notBad
9828,5,16215.3,5,16211.999999999998,2opt,notBad
9829,5,16215.3,5,16211.999999999998,swap,notBad
9830,5,16215.3,5,16211.999999999998,move,improve
9831,5,16218.699999999999,5,16211.999999999998,swap,acceptBad
9832,5,16218.699999999999,5,16211.999999999998,2opt,improve
9833,5,16218.699999999999,5,16211.999999999998,swap,notBad
9834,5,16218.699999999999,5,16211.999999999998,move,improve
9835,5,16218.699999999999,5,16211.999999999998,move,improve
9836,5,16218.699999999999,5,16211.999999999998,swap,notBad
9837,5,16218.699999999999,5,16211.999999999998,2opt,notBad
9838,5,16218.699999999999,5,16211.999999999998,2opt,notBad
9839,5,16218.699999999999,5,16211.999999999998,2opt,notBad
9840,5,16218.699999999999,5,16211.999999999998,swap,notBad
9841,5,16218.699999999999,5,16211.999999999998,2opt,notBad
9842,5,16218.699999999999,5,16211.999999999998,swap,notBad
9843,5,16218.699999999999,5,16211.999999999998,move,improve
9844,5,16218.699999999999,5,16211.999999999998,2opt,notBad
9845,5,16218.699999999999,5,16211.999999999998,2opt,notBad
9846,5,16218.699999999999,5,16211.999999999998,move,improve
9847,5,16218.699999999999,5,16211.999999999998,swap,notBad
9848,5,16218.699999999999,5,16211.999999999998,move,improve
9849,5,16218.699999999999,5,16211.999999999998,swap,notBad
9850,5,16218.699999999999,5,16211.999999999998,2opt,notBad
9851,5,16218.699999999999,5,16211.999999999998,swap,notBad
9852,5,16218.699999999999,5,16211.999999999998,swap,notBad
9853,5,16218.699999999999,5,16211.999999999998,swap,notBad
9854,5,16218.699999999999,5,16211.999999999998,swap,notBad
9855,5,16218.699999999999,5,16211.999999999998,2opt,notBad
9856,5,16218.699999999999,5,16211.999999999998,2opt,notBad
9857,5,16218.699999999999,5,16211.999999999998,swap,notBad
9858,5,16218.699999999999,5,16211.999999999998,2opt,notBad
9859,5,16218.699999999999,5,16211.999999999998,2opt,notBad
9860,5,16218.699999999999,5,16211.999999999998,2opt,notBad
9861,5,16218.699999999999,5,16211.999999999998,move,improve
9862,5,16218.699999999999,5,16211.999999999998,move,improve
9863,5,16218.699999999999,5,16211.999999999998,swap,notBad
9864,5,16218.699999999999,5,16211.999999999998,move,improve
9865,5,16218.699999999999,5,16211.999999999998,swap,notBad
9866,5,16218.699999999999,5,16211.999999999998,move,improve
9867,5,16218.699999999999,5,16211.999999999998,move,improve
9868,5,16218.699999999999,5,16211.999999999998,swap,notBad
9869,5,16218.699999999999,5,16211.999999999998,swap,notBad
9870,5,16218.699999999999,5,16211.999999999998,move,improve
9871,5,16218.699999999999,5,16211.999999999998,2opt,notBad
9872,5,16218.699999999999,5,16211.999999999998,2opt,notBad
9873,5,16218.699999999999,5,16211.999999999998,swap,notBad
9874,5,16218.699999999999,5,16211.999999999998,2opt,notBad
9875,5,16218.699999999999,5,16211.999999999998,2opt,notBad
9876,5,16218.699999999999,5,16211.999999999998,move,improve
9877,5,16218.699999999999,5,16211.999999999998,2opt,notBad
9878,5,16218.699999999999,5,16211.999999999998,2opt,notBad
9879,5,16218.699999999999,5,16211.999999999998,2opt,notBad
9880,5,16218.699999999999,5,16211.999999999998,swap,notBad
9881,5,16218.699999999999,5,16211.999999999998,2opt,notBad
9882,5,16218.699999999999,5,16211.999999999998,move,improve
9883,5,16218.699999999999,5,16211.999999999998,2opt,notBad
9884,5,16218.699999999999,5,16211.999999999998,2opt,notBad
9885,5,16218.699999999999,5,16211.999999999998,move,improve
9886,5,16218.699999999999,5,16211.999999999998,move,improve
9887,5,16218.699999999999,5,16211.999999999998,2opt,notBad
9888,5,16218.699999999999,5,16211.999999999998,2opt,notBad
9889,5,16218.699999999999,5,16211.999999999998,2opt,notBad
9890,5,16218.699999999999,5,16211.999999999998,2opt,notBad
9891,5,16218.699999999999,5,16211.999999999998,swap,notBad
9892,5,16218.699999999999,5,16211.999999999998,swap,notBad
9893,5,16218.699999999999,5,16211.999999999998,move,improve
9894,5,16218.699999999999,5,16211.999999999998,2opt,notBad
9895,5,16218.699999999999,5,16211.999999999998,swap,notBad
9896,5,16218.699999999999,5,16211.999999999998,move,improve
9897,5,16218.699999999999,5,16211.999999999998,swap,notBad
9898,5,16218.699999999999,5,16211.999999999998,swap,notBad
9899,5,16218.699999999999,5,16211.999999999998,2opt,notBad
9900,5,16218.699999999999,5,16211.999999999998,swap,notBad
9901,5,16218.699999999999,5,16211.999999999998,2opt,notBad
9902,5,16218.699999999999,5,16211.999999999998,move,improve
9903,5,16218.699999999999,5,16211.999999999998,2opt,notBad
9904,5,16218.699999999999,5,16211.999999999998,move,improve
9905,5,16218.699999999999,5,16211.999999999998,2opt,notBad
9906,5,16218.699999999999,5,16211.999999999998,move,improve
9907,5,16218.699999999999,5,16211.999999999998,move,improve
9908,5,16218.699999999999,5,16211.999999999998,move,improve
9909,5,16218.699999999999,5,16211.999999999998,2opt,notBad
9910,5,16218.699999999999,5,16211.999999999998,swap,notBad
9911,5,16218.699999999999,5,16211.999999999998,swap,notBad
9912,5,16215.3,5,16211.999999999998,swap,improve
9913,5,16215.3,5,16211.999999999998,2opt,notBad
9914,5,16215.3,5,16211.999999999998,move,improve
9915,5,16215.3,5,16211.999999999998,swap,notBad
9916,5,16215.3,5,16211.999999999998,swap,notBad
9917,5,16215.3,5,16211.999999999998,swap,notBad
9918,5,16215.3,5,16211.999999999998,move,improve
9919,5,16215.3,5,16211.999999999998,move,improve
9920,5,16215.3,5,16211.999999999998,swap,notBad
9921,5,16215.3,5,16211.999999999998,move,improve
9922,5,16215.3,5,16211.999999999998,2opt,notBad
9923,5,16215.3,5,16211.999999999998,swap,notBad
9924,5,16215.3,5,16211.999999999998,swap,notBad
9925,5,16215.3,5,16211.999999999998,move,improve
9926,5,16215.3,5,16211.999999999998,2opt,notBad
9927,5,16215.3,5,16211.999999999998,swap,notBad
9928,5,16215.3,5,16211.999999999998,swap,notBad
9929,5,16215.3,5,16211.999999999998,2opt,notBad
9930,5,16215.3,5,16211.999999999998,2opt,notBad
9931,5,16215.3,5,16211.999999999998,move,improve
9932,5,16215.3,5,16211.999999999998,move,improve
9933,5,16215.3,5,16211.999999999998,2opt,notBad
9934,5,16215.3,5,16211.999999999998,2opt,notBad
9935,5,16215.3,5,16211.999999999998,swap,notBad
9936,5,16215.3,5,16211.999999999998,swap,notBad
9937,5,16215.3,5,16211.999999999998,2opt,notBad
9938,5,16215.3,5,16211.999999999998,swap,notBad
9939,5,16215.3,5,16211.999999999998,2opt,notBad
9940,5,16215.3,5,16211.999999999998,swap,notBad
9941,5,16215.3,5,16211.999999999998,2opt,notBad
9942,5,16215.3,5,16211.999999999998,swap,notBad
9943,5,16215.3,5,16211.999999999998,move,improve
9944,5,16215.3,5,16211.999999999998,move,improve
9945,5,16215.3,5,16211.999999999998,move,improve
9946,5,16215.300000000001,5,16211.999999999998,2opt,acceptBad
9947,5,16215.300000000001,5,16211.999999999998,move,improve
9948,5,16215.300000000001,5,16211.999999999998,move,improve
9949,5,16215.300000000001,5,16211.999999999998,move,improve
9950,5,16215.300000000001,5,16211.999999999998,move,improve
9951,5,16215.300000000001,5,16211.999999999998,move,improve
9952,5,16215.300000000001,5,16211.999999999998,2opt,notBad
9953,5,16215.300000000001,5,16211.999999999998,2opt,notBad
9954,5,16215.300000000001,5,16211.999999999998,2opt,notBad
9955,5,16215.300000000001,5,16211.999999999998,move,improve
9956,5,16215.300000000001,5,16211.999999999998,swap,notBad
9957,5,16215.300000000001,5,16211.999999999998,swap,notBad
9958,5,16215.300000000001,5,16211.999999999998,move,improve
9959,5,16215.300000000001,5,16211.999999999998,move,improve
9960,5,16215.300000000001,5,16211.999999999998,swap,notBad
9961,5,16215.300000000001,5,16211.999999999998,2opt,notBad
9962,5,16215.300000000001,5,16211.999999999998,move,improve
9963,5,16215.300000000001,5,16211.999999999998,2opt,notBad
9964,5,16215.300000000001,5,16211.999999999998,2opt,improve
9965,5,16215.300000000001,5,16211.999999999998,move,improve
9966,5,16215.300000000001,5,16211.999999999998,move,improve
9967,5,16215.300000000001,5,16211.999999999998,move,improve
9968,5,16215.300000000001,5,16211.999999999998,move,improve
9969,5,16215.300000000001,5,16211.999999999998,move,improve
9970,5,16215.300000000001,5,16211.999999999998,2opt,notBad
9971,5,16215.300000000001,5,16211.999999999998,swap,notBad
9972,5,16215.300000000001,5,16211.999999999998,swap,notBad
9973,5,16215.300000000001,5,16211.999999999998,2opt,notBad
9974,5,16215.300000000001,5,16211.999999999998,move,improve
9975,5,16215.300000000001,5,16211.999999999998,2opt,notBad
9976,5,16215.300000000001,5,16211.999999999998,move,improve
9977,5,16215.300000000001,5,16211.999999999998,2opt,notBad
9978,5,16215.300000000001,5,16211.999999999998,2opt,notBad
9979,5,16215.300000000001,5,16211.999999999998,swap,notBad
9980,5,16215.300000000001,5,16211.999999999998,2opt,notBad
9981,5,16215.300000000001,5,16211.999999999998,swap,notBad
9982,5,16215.300000000001,5,16211.999999999998,2opt,notBad
9983,5,16215.300000000001,5,16211.999999999998,swap,notBad
9984,5,16215.300000000001,5,16211.999999999998,move,improve
9985,5,16215.300000000001,5,16211.999999999998,2opt,notBad
9986,5,16215.300000000001,5,16211.999999999998,swap,notBad
9987,5,16215.300000000001,5,16211.999999999998,move,improve
9988,5,16215.300000000001,5,16211.999999999998,move,improve
9989,5,16215.300000000001,5,16211.999999999998,swap,notBad
9990,5,16215.300000000001,5,16211.999999999998,2opt,notBad
9991,5,16215.300000000001,5,16211.999999999998,move,improve
9992,5,16215.300000000001,5,16211.999999999998,2opt,notBad
9993,5,16215.300000000001,5,16211.999999999998,swap,notBad
9994,5,16215.300000000001,5,16211.999999999998,2opt,notBad
9995,5,16215.300000000001,5,16211.999999999998,2opt,notBad
9996,5,16215.300000000001,5,16211.999999999998,move,improve
9997,5,16215.300000000001,5,16211.999999999998,2opt,notBad
9998,5,16215.300000000001,5,16211.999999999998,2opt,notBad
9999,5,16215.300000000001,5,16211.999999999998,2opt,notBad
10000,5,16215.300000000001,5,16211.999999999998,2opt,notBad
10001,5,16215.300000000001,5,16211.999999999998,move,improve
10002,5,16215.300000000001,5,16211.999999999998,swap,notBad
10003,5,16215.300000000001,5,16211.999999999998,move,notBad
10004,5,16215.300000000001,5,16211.999999999998,swap,notBad
10005,5,16215.300000000001,5,16211.999999999998,swap,notBad
10006,5,16215.300000000001,5,16211.999999999998,2opt,notBad
10007,5,16215.300000000001,5,16211.999999999998,move,improve
10008,5,16215.300000000001,5,16211.999999999998,move,improve
10009,5,16215.300000000001,5,16211.999999999998,swap,notBad
10010,5,16215.300000000001,5,16211.999999999998,move,improve
10011,5,16215.300000000001,5,16211.999999999998,2opt,notBad
10012,5,16215.300000000001,5,16211.999999999998,move,improve
10013,5,16215.300000000001,5,16211.999999999998,swap,notBad
10014,5,16215.300000000001,5,16211.999999999998,2opt,notBad
10015,5,16215.300000000001,5,16211.999999999998,2opt,notBad
10016,5,16215.300000000001,5,16211.999999999998,swap,notBad
10017,5,16215.300000000001,5,16211.999999999998,move,improve
10018,5,16215.300000000001,5,16211.999999999998,move,improve
10019,5,16215.300000000001,5,16211.999999999998,move,improve
10020,5,16215.300000000001,5,16211.999999999998,2opt,notBad
10021,5,16215.300000000001,5,16211.999999999998,2opt,notBad
10022,5,16215.300000000001,5,16211.999999999998,2opt,notBad
10023,5,16215.300000000001,5,16211.999999999998,move,improve
10024,5,16215.300000000001,5,16211.999999999998,swap,notBad
10025,5,16215.300000000001,5,16211.999999999998,2opt,notBad
10026,5,16215.300000000001,5,16211.999999999998,2opt,notBad
10027,5,16215.300000000001,5,16211.999999999998,swap,notBad
10028,5,16215.300000000001,5,16211.999999999998,2opt,notBad
10029,5,16215.300000000001,5,16211.999999999998,move,improve
10030,5,16215.300000000001,5,16211.999999999998,move,improve
10031,5,16215.300000000001,5,16211.999999999998,move,improve
10032,5,16215.300000000001,5,16211.999999999998,move,improve
10033,5,16215.300000000001,5,16211.999999999998,move,improve
10034,5,16215.300000000001,5,16211.999999999998,2opt,notBad
10035,5,16215.300000000001,5,16211.999999999998,swap,notBad
10036,5,16215.300000000001,5,16211.999999999998,swap,notBad
10037,5,16215.300000000001,5,16211.999999999998,swap,notBad
10038,5,16215.300000000001,5,16211.999999999998,2opt,notBad
10039,5,16215.300000000001,5,16211.999999999998,swap,notBad
10040,5,16215.300000000001,5,16211.999999999998,2opt,notBad
10041,5,16215.300000000001,5,16211.999999999998,2opt,improve
10042,5,16215.300000000001,5,16211.999999999998,move,improve
10043,5,16215.300000000001,5,16211.999999999998,move,improve
10044,5,16215.300000000001,5,16211.999999999998,2opt,notBad
10045,5,16215.300000000001,5,16211.999999999998,move,improve
10046,5,16215.300000000001,5,16211.999999999998,2opt,notBad
10047,5,16215.300000000001,5,16211.999999999998,2opt,notBad
10048,5,16215.300000000001,5,16211.999999999998,2opt,notBad
10049,5,16215.300000000001,5,16211.999999999998,2opt,notBad
10050,5,16215.300000000001,5,16211.999999999998,swap,notBad
10051,5,16215.300000000001,5,16211.999999999998,swap,notBad
10052,5,16215.300000000001,5,16211.999999999998,move,improve
10053,5,16215.300000000001,5,16211.999999999998,2opt,notBad
10054,5,16215.300000000001,5,16211.999999999998,2opt,notBad
10055,5,16215.300000000001,5,16211.999999999998,swap,notBad
10056,5,16215.300000000001,5,16211.999999999998,2opt,notBad
10057,5,16215.300000000001,5,16211.999999999998,swap,notBad
10058,5,16215.300000000001,5,16211.999999999998,move,improve
10059,5,16215.300000000001,5,16211.999999999998,move,improve
10060,5,16215.300000000001,5,16211.999999999998,2opt,notBad
10061,5,16215.300000000001,5,16211.999999999998,swap,notBad
10062,5,16215.300000000001,5,16211.999999999998,move,improve
10063,5,16215.300000000001,5,16211.999999999998,swap,notBad
10064,5,16215.300000000001,5,16211.999999999998,2opt,notBad
10065,5,16215.300000000001,5,16211.999999999998,swap,notBad
10066,5,16215.300000000001,5,16211.999999999998,move,improve
10067,5,16215.300000000001,5,16211.999999999998,swap,notBad
10068,5,16215.300000000001,5,16211.999999999998,2opt,notBad
10069,5,16215.300000000001,5,16211.999999999998,move,improve
10070,5,16215.300000000001,5,16211.999999999998,2opt,notBad
10071,5,16215.300000000001,5,16211.999999999998,2opt,notBad
10072,5,16215.300000000001,5,16211.999999999998,swap,notBad
10073,5,16215.300000000001,5,16211.999999999998,swap,notBad
10074,5,16215.300000000001,5,16211.999999999998,swap,notBad
10075,5,16215.300000000001,5,16211.999999999998,move,improve
10076,5,16215.300000000001,5,16211.999999999998,move,improve
10077,5,16215.300000000001,5,16211.999999999998,move,improve
10078,5,16215.300000000001,5,16211.999999999998,move,improve
10079,5,16215.300000000001,5,16211.999999999998,move,improve
10080,5,16215.300000000001,5,16211.999999999998,2opt,notBad
10081,5,16215.300000000001,5,16211.999999999998,move,improve
10082,5,16215.300000000001,5,16211.999999999998,swap,notBad
10083,5,16215.300000000001,5,16211.999999999998,swap,notBad
10084,5,16215.300000000001,5,16211.999999999998,move,improve
10085,5,16215.300000000001,5,16211.999999999998,2opt,notBad
10086,5,16215.300000000001,5,16211.999999999998,move,improve
10087,5,16215.300000000001,5,16211.999999999998,move,improve
10088,5,16215.300000000001,5,16211.999999999998,2opt,notBad
10089,5,16215.300000000001,5,16211.999999999998,2opt,notBad
10090,5,16215.300000000001,5,16211.999999999998,swap,notBad
10091,5,16215.300000000001,5,16211.999999999998,swap,notBad
10092,5,16215.300000000001,5,16211.999999999998,swap,notBad
10093,5,16215.300000000001,5,16211.999999999998,move,improve
10094,5,16215.300000000001,5,16211.999999999998,2opt,notBad
10095,5,16215.300000000001,5,16211.999999999998,2opt,notBad
10096,5,16215.300000000001,5,16211.999999999998,move,improve
10097,5,16215.300000000001,5,16211.999999999998,move,improve
10098,5,16215.300000000001,5,16211.999999999998,2opt,notBad
10099,5,16215.300000000001,5,16211.999999999998,move,improve
10100,5,16215.300000000001,5,16211.999999999998,swap,notBad
10101,5,16215.300000000001,5,16211.999999999998,move,improve
10102,5,16215.300000000001,5,16211.999999999998,move,improve
10103,5,16215.300000000001,5,16211.999999999998,move,improve
10104,5,16215.300000000001,5,16211.999999999998,move,improve
10105,5,16215.300000000001,5,16211.999999999998,swap,notBad
10106,5,16215.300000000001,5,16211.999999999998,swap,notBad
10107,5,16215.300000000001,5,16211.999999999998,swap,notBad
10108,5,16215.300000000001,5,16211.999999999998,move,improve
10109,5,16215.300000000001,5,16211.999999999998,move,improve
10110,5,16215.300000000001,5,16211.999999999998,2opt,notBad
10111,5,16215.300000000001,5,16211.999999999998,2opt,notBad
10112,5,16215.300000000001,5,16211.999999999998,swap,notBad
10113,5,16215.300000000001,5,16211.999999999998,swap,notBad
10114,5,16215.300000000001,5,16211.999999999998,2opt,notBad
10115,5,16215.300000000001,5,16211.999999999998,swap,notBad
10116,5,16215.300000000001,5,16211.999999999998,2opt,notBad
10117,5,16215.300000000001,5,16211.999999999998,swap,notBad
10118,5,16215.300000000001,5,16211.999999999998,swap,notBad
10119,5,16215.300000000001,5,16211.999999999998,swap,notBad
10120,5,16215.300000000001,5,16211.999999999998,swap,notBad
10121,5,16215.300000000001,5,16211.999999999998,swap,notBad
10122,5,16215.300000000001,5,16211.999999999998,swap,notBad
10123,5,16215.300000000001,5,16211.999999999998,2opt,notBad
10124,5,16215.300000000001,5,16211.999999999998,move,improve
10125,5,16215.300000000001,5,16211.999999999998,2opt,notBad
10126,5,16215.300000000001,5,16211.999999999998,move,improve
10127,5,16215.300000000001,5,16211.999999999998,swap,notBad
10128,5,16215.300000000001,5,16211.999999999998,swap,notBad
10129,5,16215.300000000001,5,16211.999999999998,move,improve
10130,5,16215.300000000001,5,16211.999999999998,2opt,notBad
10131,5,16215.300000000001,5,16211.999999999998,2opt,notBad
10132,5,16215.300000000001,5,16211.999999999998,2opt,notBad
10133,5,16215.300000000001,5,16211.999999999998,swap,notBad
10134,5,16215.300000000001,5,16211.999999999998,move,improve
10135,5,16215.300000000001,5,16211.999999999998,move,improve
10136,5,16215.300000000001,5,16211.999999999998,2opt,notBad
10137,5,16215.300000000001,5,16211.999999999998,2opt,notBad
10138,5,16215.300000000001,5,16211.999999999998,swap,notBad
10139,5,16215.300000000001,5,16211.999999999998,swap,notBad
10140,5,16215.300000000001,5,16211.999999999998,2opt,notBad
10141,5,16215.300000000001,5,16211.999999999998,move,improve
10142,5,16215.300000000001,5,16211.999999999998,2opt,notBad
10143,5,16215.300000000001,5,16211.999999999998,2opt,notBad
10144,5,16215.300000000001,5,16211.999999999998,move,improve
10145,5,16215.300000000001,5,16211.999999999998,move,improve
10146,5,16215.300000000001,5,16211.999999999998,swap,notBad
10147,5,16215.300000000001,5,16211.999999999998,swap,notBad
10148,5,16215.300000000001,5,16211.999999999998,move,improve
10149,5,16215.300000000001,5,16211.999999999998,move,improve
10150,5,16215.300000000001,5,16211.999999999998,swap,notBad
10151,5,16215.300000000001,5,16211.999999999998,swap,notBad
10152,5,16215.300000000001,5,16211.999999999998,2opt,notBad
10153,5,16215.300000000001,5,16211.999999999998,2opt,notBad
10154,5,16215.300000000001,5,16211.999999999998,swap,notBad
10155,5,16215.300000000001,5,16211.999999999998,move,improve
10156,5,16215.300000000001,5,16211.999999999998,move,improve
10157,5,16215.300000000001,5,16211.999999999998,2opt,notBad
10158,5,16215.300000000001,5,16211.999999999998,move,improve
10159,5,16215.300000000001,5,16211.999999999998,2opt,notBad
10160,5,16215.300000000001,5,16211.999999999998,2opt,notBad
10161,5,16215.300000000001,5,16211.999999999998,swap,notBad
10162,5,16215.300000000001,5,16211.999999999998,swap,notBad
10163,5,16215.300000000001,5,16211.999999999998,move,improve
10164,5,16215.300000000001,5,16211.999999999998,2opt,notBad
10165,5,16215.300000000001,5,16211.999999999998,move,improve
10166,5,16215.300000000001,5,16211.999999999998,move,improve
10167,5,16215.300000000001,5,16211.999999999998,move,improve
10168,5,16215.300000000001,5,16211.999999999998,swap,notBad
10169,5,16215.300000000001,5,16211.999999999998,move,improve
10170,5,16215.300000000001,5,16211.999999999998,move,improve
10171,5,16215.300000000001,5,16211.999999999998,move,improve
10172,5,16215.300000000001,5,16211.999999999998,move,improve
10173,5,16215.300000000001,5,16211.999999999998,swap,notBad
10174,5,16215.300000000001,5,16211.999999999998,move,improve
10175,5,16215.300000000001,5,16211.999999999998,move,improve
10176,5,16215.300000000001,5,16211.999999999998,2opt,notBad
10177,5,16215.300000000001,5,16211.999999999998,2opt,notBad
10178,5,16215.300000000001,5,16211.999999999998,2opt,notBad
10179,5,16215.300000000001,5,16211.999999999998,swap,notBad
10180,5,16215.300000000001,5,16211.999999999998,2opt,notBad
10181,5,16215.300000000001,5,16211.999999999998,move,improve
10182,5,16215.300000000001,5,16211.999999999998,swap,notBad
10183,5,16216.9,5,16211.999999999998,swap,acceptBad
10184,5,16216.9,5,16211.999999999998,2opt,notBad
10185,5,16216.9,5,16211.999999999998,2opt,notBad
10186,5,16216.9,5,16211.999999999998,2opt,notBad
10187,5,16216.9,5,16211.999999999998,2opt,notBad
10188,5,16216.9,5,16211.999999999998,2opt,notBad
10189,5,16216.9,5,16211.999999999998,move,improve
10190,5,16216.9,5,16211.999999999998,2opt,notBad
10191,5,16216.9,5,16211.999999999998,move,improve
10192,5,16216.9,5,16211.999999999998,swap,notBad
10193,5,16216.9,5,16211.999999999998,move,improve
10194,5,16216.9,5,16211.999999999998,move,improve
10195,5,16216.9,5,16211.999999999998,move,improve
10196,5,16216.9,5,16211.999999999998,2opt,notBad
10197,5,16216.9,5,16211.999999999998,move,improve
10198,5,16216.9,5,16211.999999999998,swap,notBad
10199,5,16216.9,5,16211.999999999998,move,improve
10200,5,16216.9,5,16211.999999999998,swap,notBad
10201,5,16216.9,5,16211.999999999998,2opt,notBad
10202,5,16216.9,5,16211.999999999998,move,improve
10203,5,16216.9,5,16211.999999999998,2opt,notBad
10204,5,16216.9,5,16211.999999999998,swap,notBad
10205,5,16216.9,5,16211.999999999998,2opt,notBad
10206,5,16216.9,5,16211.999999999998,move,improve
10207,5,16216.9,5,16211.999999999998,2opt,notBad
10208,5,16216.9,5,16211.999999999998,swap,notBad
10209,5,16216.9,5,16211.999999999998,swap,notBad
10210,5,16216.9,5,16211.999999999998,swap,notBad
10211,5,16216.9,5,16211.999999999998,2opt,notBad
10212,5,16216.9,5,16211.999999999998,2opt,notBad
10213,5,16216.9,5,16211.999999999998,swap,notBad
10214,5,16216.9,5,16211.999999999998,swap,notBad
10215,5,16216.9,5,16211.999999999998,swap,notBad
10216,5,16216.9,5,16211.999999999998,2opt,notBad
10217,5,16216.9,5,16211.999999999998,2opt,notBad
10218,5,16216.9,5,16211.999999999998,2opt,notBad
10219,5,16216.9,5,16211.999999999998,2opt,notBad
10220,5,16216.9,5,16211.999999999998,2opt,notBad
10221,5,16216.9,5,16211.999999999998,2opt,notBad
10222,5,16216.9,5,16211.999999999998,2opt,notBad
10223,5,16216.9,5,16211.999999999998,move,improve
10224,5,16216.9,5,16211.999999999998,move,improve
10225,5,16216.9,5,16211.999999999998,swap,notBad
10226,5,16226.1,5,16211.999999999998,swap,acceptBad
10227,5,16224.500000000002,5,16211.999999999998,swap,improve
10228,5,16224.500000000002,5,16211.999999999998,2opt,notBad
10229,5,16224.500000000002,5,16211.999999999998,2opt,notBad
10230,5,16224.500000000002,5,16211.999999999998,2opt,notBad
10231,5,16224.500000000002,5,16211.999999999998,2opt,notBad
10232,5,16224.5,5,16211.999999999998,2opt,improve
10233,5,16224.5,5,16211.999999999998,swap,notBad
10234,5,16224.5,5,16211.999999999998,move,improve
10235,5,16224.5,5,16211.999999999998,swap,notBad
10236,5,16224.5,5,16211.999999999998,2opt,notBad
10237,5,16224.5,5,16211.999999999998,swap,notBad
10238,5,16224.5,5,16211.999999999998,2opt,notBad
10239,5,16224.5,5,16211.999999999998,move,improve
10240,5,16224.5,5,16211.999999999998,swap,notBad
10241,5,16224.5,5,16211.999999999998,swap,notBad
10242,5,16224.5,5,16211.999999999998,swap,notBad
10243,5,16224.5,5,16211.999999999998,2opt,notBad
10244,5,16224.5,5,16211.999999999998,2opt,notBad
10245,5,16224.5,5,16211.999999999998,move,improve
10246,5,16224.5,5,16211.999999999998,2opt,notBad
10247,5,16224.5,5,16211.999999999998,swap,notBad
10248,5,16224.5,5,16211.999999999998,swap,notBad
10249,5,16224.5,5,16211.999999999998,2opt,notBad
10250,5,16215.3,5,16211.999999999998,move,improve
10251,5,16215.3,5,16211.999999999998,2opt,notBad
10252,5,16215.3,5,16211.999999999998,move,improve
10253,5,16215.3,5,16211.999999999998,2opt,notBad
10254,5,16215.3,5,16211.999999999998,swap,notBad
10255,5,16215.3,5,16211.999999999998,swap,notBad
10256,5,16215.3,5,16211.999999999998,swap,notBad
10257,5,16215.3,5,16211.999999999998,2opt,notBad
10258,5,16215.3,5,16211.999999999998,move,improve
10259,5,16215.3,5,16211.999999999998,swap,notBad
10260,5,16215.3,5,16211.999999999998,2opt,notBad
10261,5,16215.3,5,16211.999999999998,move,improve
10262,5,16215.3,5,16211.999999999998,move,improve
10263,5,16215.3,5,16211.999999999998,2opt,notBad
10264,5,16215.3,5,16211.999999999998,2opt,notBad
10265,5,16215.3,5,16211.999999999998,swap,notBad
10266,5,16215.3,5,16211.999999999998,2opt,notBad
10267,5,16215.3,5,16211.999999999998,2opt,notBad
10268,5,16215.3,5,16211.999999999998,swap,notBad
10269,5,16215.3,5,16211.999999999998,move,improve
10270,5,16215.3,5,16211.999999999998,swap,notBad
10271,5,16215.3,5,16211.999999999998,2opt,notBad
10272,5,16215.3,5,16211.999999999998,2opt,notBad
10273,5,16215.3,5,16211.999999999998,2opt,notBad
10274,5,16215.3,5,16211.999999999998,move,improve
10275,5,16215.3,5,16211.999999999998,swap,notBad
10276,5,16215.3,5,16211.999999999998,2opt,notBad
10277,5,16215.3,5,16211.999999999998,swap,notBad
10278,5,16215.3,5,16211.999999999998,2opt,notBad
10279,5,16215.3,5,16211.999999999998,2opt,notBad
10280,5,16215.3,5,16211.999999999998,swap,notBad
10281,5,16215.3,5,16211.999999999998,move,improve
10282,5,16215.3,5,16211.999999999998,2opt,notBad
10283,5,16215.3,5,16211.999999999998,2opt,notBad
10284,5,16215.3,5,16211.999999999998,swap,notBad
10285,5,16215.3,5,16211.999999999998,swap,notBad
10286,5,16215.3,5,16211.999999999998,swap,notBad
10287,5,16215.3,5,16211.999999999998,swap,notBad
10288,5,16215.3,5,16211.999999999998,swap,notBad
10289,5,16215.3,5,16211.999999999998,2opt,notBad
10290,5,16215.3,5,16211.999999999998,move,improve
10291,5,16215.3,5,16211.999999999998,swap,notBad
10292,5,16215.3,5,16211.999999999998,2opt,notBad
10293,5,16215.3,5,16211.999999999998,swap,notBad
10294,5,16215.3,5,16211.999999999998,2opt,notBad
10295,5,16215.3,5,16211.999999999998,swap,notBad
10296,5,16215.3,5,16211.999999999998,2opt,notBad
10297,5,16215.3,5,16211.999999999998,2opt,notBad
10298,5,16215.3,5,16211.999999999998,2opt,notBad
10299,5,16215.3,5,16211.999999999998,move,improve
10300,5,16215.3,5,16211.999999999998,move,improve
10301,5,16215.3,5,16211.999999999998,2opt,improve
10302,5,16215.3,5,16211.999999999998,move,improve
10303,5,16215.3,5,16211.999999999998,2opt,notBad
10304,5,16215.3,5,16211.999999999998,2opt,notBad
10305,5,16215.3,5,16211.999999999998,2opt,notBad
10306,5,16215.3,5,16211.999999999998,swap,notBad
10307,5,16215.3,5,16211.999999999998,move,improve
10308,5,16215.3,5,16211.999999999998,move,improve
10309,5,16215.3,5,16211.999999999998,move,improve
10310,5,16215.3,5,16211.999999999998,2opt,notBad
10311,5,16215.3,5,16211.999999999998,move,improve
10312,5,16215.3,5,16211.999999999998,swap,notBad
10313,5,16215.3,5,16211.999999999998,move,improve
10314,5,16215.3,5,16211.999999999998,move,improve
10315,5,16215.3,5,16211.999999999998,move,improve
10316,5,16215.3,5,16211.999999999998,2opt,improve
10317,5,16215.3,5,16211.999999999998,2opt,notBad
10318,5,16215.3,5,16211.999999999998,move,improve
10319,5,16215.3,5,16211.999999999998,2opt,notBad
10320,5,16215.3,5,16211.999999999998,2opt,notBad
10321,5,16215.3,5,16211.999999999998,move,improve
10322,5,16215.3,5,16211.999999999998,swap,notBad
10323,5,16215.3,5,16211.999999999998,move,improve
10324,5,16215.3,5,16211.999999999998,swap,notBad
10325,5,16215.3,5,16211.999999999998,move,improve
10326,5,16215.3,5,16211.999999999998,swap,notBad
10327,5,16215.3,5,16211.999999999998,2opt,notBad
10328,5,16215.3,5,16211.999999999998,2opt,notBad
10329,5,16215.3,5,16211.999999999998,swap,notBad
10330,5,16215.3,5,16211.999999999998,2opt,notBad
10331,5,16215.3,5,16211.999999999998,2opt,notBad
10332,5,16215.3,5,16211.999999999998,swap,notBad
10333,5,16215.3,5,16211.999999999998,2opt,notBad
10334,5,16215.3,5,16211.999999999998,move,improve
10335,5,16215.3,5,16211.999999999998,move,improve
10336,5,16215.3,5,16211.999999999998,swap,notBad
10337,5,16215.3,5,16211.999999999998,swap,notBad
10338,5,16215.3,5,16211.999999999998,move,improve
10339,5,16215.3,5,16211.999999999998,2opt,notBad
10340,5,16215.3,5,16211.999999999998,swap,notBad
10341,5,16215.3,5,16211.999999999998,2opt,notBad
10342,5,16215.3,5,16211.999999999998,2opt,notBad
10343,5,16215.3,5,16211.999999999998,move,improve
10344,5,16215.3,5,16211.999999999998,swap,notBad
10345,5,16215.3,5,16211.999999999998,2opt,notBad
10346,5,16215.3,5,16211.999999999998,2opt,notBad
10347,5,16215.3,5,16211.999999999998,swap,notBad
10348,5,16215.3,5,16211.999999999998,swap,notBad
10349,5,16215.3,5,16211.999999999998,move,improve
10350,5,16215.3,5,16211.999999999998,move,improve
10351,5,16215.3,5,16211.999999999998,swap,notBad
10352,5,16215.3,5,16211.999999999998,move,improve
10353,5,16215.3,5,16211.999999999998,move,improve
10354,5,16215.3,5,16211.999999999998,move,improve
10355,5,16215.3,5,16211.999999999998,swap,notBad
10356,5,16215.3,5,16211.999999999998,swap,notBad
10357,5,16215.3,5,16211.999999999998,move,improve
10358,5,16215.3,5,16211.999999999998,2opt,notBad
10359,5,16215.3,5,16211.999999999998,2opt,improve
10360,5,16215.3,5,16211.999999999998,move,improve
10361,5,16215.3,5,16211.999999999998,move,improve
10362,5,16215.3,5,16211.999999999998,2opt,notBad
10363,5,16215.3,5,16211.999999999998,swap,notBad
10364,5,16215.3,5,16211.999999999998,swap,notBad
10365,5,16215.3,5,16211.999999999998,move,improve
10366,5,16215.3,5,16211.999999999998,2opt,notBad
10367,5,16215.3,5,16211.999999999998,swap,notBad
10368,5,16215.3,5,16211.999999999998,swap,notBad
10369,5,16215.3,5,16211.999999999998,swap,notBad
10370,5,16215.3,5,16211.999999999998,2opt,notBad
10371,5,16215.3,5,16211.999999999998,2opt,notBad
10372,5,16215.3,5,16211.999999999998,swap,notBad
10373,5,16215.3,5,16211.999999999998,2opt,notBad
10374,5,16215.3,5,16211.999999999998,swap,notBad
10375,5,16215.3,5,16211.999999999998,2opt,notBad
10376,5,16215.3,5,16211.999999999998,swap,notBad
10377,5,16215.3,5,16211.999999999998,move,improve
10378,5,16215.3,5,16211.999999999998,swap,notBad
10379,5,16215.3,5,16211.999999999998,2opt,notBad
10380,5,16215.3,5,16211.999999999998,swap,notBad
10381,5,16215.3,5,16211.999999999998,swap,notBad
10382,5,16215.3,5,16211.999999999998,swap,notBad
10383,5,16215.3,5,16211.999999999998,2opt,notBad
10384,5,16215.3,5,16211.999999999998,swap,notBad
10385,5,16215.3,5,16211.999999999998,2opt,improve
10386,5,16215.3,5,16211.999999999998,move,improve
10387,5,16215.3,5,16211.999999999998,2opt,notBad
10388,5,16215.3,5,16211.999999999998,swap,notBad
10389,5,16215.3,5,16211.999999999998,move,improve
10390,5,16215.3,5,16211.999999999998,swap,notBad
10391,5,16215.3,5,16211.999999999998,swap,notBad
10392,5,16215.3,5,16211.999999999998,2opt,notBad
10393,5,16215.3,5,16211.999999999998,2opt,notBad
10394,5,16215.3,5,16211.999999999998,swap,notBad
10395,5,16215.3,5,16211.999999999998,2opt,notBad
10396,5,16215.3,5,16211.999999999998,2opt,notBad
10397,5,16215.3,5,16211.999999999998,2opt,notBad
10398,5,16215.3,5,16211.999999999998,2opt,improve
10399,5,16215.3,5,16211.999999999998,swap,notBad
10400,5,16215.3,5,16211.999999999998,2opt,notBad
10401,5,16215.3,5,16211.999999999998,swap,notBad
10402,5,16215.3,5,16211.999999999998,move,improve
10403,5,16215.3,5,16211.999999999998,2opt,notBad
10404,5,16215.3,5,16211.999999999998,move,improve
10405,5,16215.3,5,16211.999999999998,move,improve
10406,5,16215.3,5,16211.999999999998,move,improve
10407,5,16215.3,5,16211.999999999998,2opt,notBad
10408,5,16215.3,5,16211.999999999998,swap,notBad
10409,5,16215.3,5,16211.999999999998,swap,notBad
10410,5,16215.3,5,16211.999999999998,move,improve
10411,5,16215.3,5,16211.999999999998,swap,notBad
10412,5,16215.3,5,16211.999999999998,move,improve
10413,5,16215.3,5,16211.999999999998,swap,notBad
10414,5,16215.3,5,16211.999999999998,2opt,notBad
10415,5,16215.3,5,16211.999999999998,swap,notBad
10416,5,16215.3,5,16211.999999999998,move,improve
10417,5,16215.3,5,16211.999999999998,2opt,notBad
10418,5,16215.3,5,16211.999999999998,2opt,notBad
10419,5,16215.3,5,16211.999999999998,swap,notBad
10420,5,16215.3,5,16211.999999999998,swap,notBad
10421,5,16215.3,5,16211.999999999998,2opt,notBad
10422,5,16215.3,5,16211.999999999998,2opt,notBad
10423,5,16215.3,5,16211.999999999998,move,improve
10424,5,16215.3,5,16211.999999999998,move,improve
10425,5,16215.3,5,16211.999999999998,move,improve
10426,5,16215.3,5,16211.999999999998,2opt,notBad
10427,5,16215.3,5,16211.999999999998,move,improve
10428,5,16215.3,5,16211.999999999998,2opt,notBad
10429,5,16215.3,5,16211.999999999998,2opt,notBad
10430,5,16215.3,5,16211.999999999998,swap,notBad
10431,5,16215.3,5,16211.999999999998,swap,notBad
10432,5,16215.3,5,16211.999999999998,2opt,notBad
10433,5,16215.3,5,16211.999999999998,move,improve
10434,5,16215.3,5,16211.999999999998,2opt,notBad
10435,5,16215.3,5,16211.999999999998,2opt,notBad
10436,5,16215.3,5,16211.999999999998,2opt,notBad
10437,5,16215.3,5,16211.999999999998,2opt,notBad
10438,5,16215.3,5,16211.999999999998,swap,notBad
10439,5,16215.3,5,16211.999999999998,2opt,notBad
10440,5,16215.3,5,16211.999999999998,2opt,notBad
10441,5,16215.3,5,16211.999999999998,2opt,notBad
10442,5,16215.3,5,16211.999999999998,move,improve
10443,5,16215.3,5,16211.999999999998,move,improve
10444,5,16215.3,5,16211.999999999998,move,improve
10445,5,16215.3,5,16211.999999999998,move,improve
10446,5,16215.3,5,16211.999999999998,move,improve
10447,5,16215.3,5,16211.999999999998,2opt,notBad
10448,5,16215.3,5,16211.999999999998,move,improve
10449,5,16215.3,5,16211.999999999998,swap,notBad
10450,5,16215.3,5,16211.999999999998,move,improve
10451,5,16215.3,5,16211.999999999998,move,improve
10452,5,16215.3,5,16211.999999999998,swap,notBad
10453,5,16215.3,5,16211.999999999998,2opt,notBad
10454,5,16215.3,5,16211.999999999998,move,improve
10455,5,16215.3,5,16211.999999999998,2opt,notBad
10456,5,16215.3,5,16211.999999999998,2opt,notBad
10457,5,16215.3,5,16211.999999999998,2opt,notBad
10458,5,16215.3,5,16211.999999999998,2opt,notBad
10459,5,16215.3,5,16211.999999999998,2opt,notBad
10460,5,16215.3,5,16211.999999999998,move,improve
10461,5,16215.3,5,16211.999999999998,move,improve
10462,5,16215.3,5,16211.999999999998,swap,notBad
10463,5,16215.3,5,16211.999999999998,2opt,notBad
10464,5,16215.3,5,16211.999999999998,2opt,notBad
10465,5,16215.3,5,16211.999999999998,move,improve
10466,5,16215.3,5,16211.999999999998,2opt,notBad
10467,5,16215.3,5,16211.999999999998,swap,notBad
10468,5,16215.3,5,16211.999999999998,swap,notBad
10469,5,16215.3,5,16211.999999999998,swap,notBad
10470,5,16215.3,5,16211.999999999998,2opt,notBad
10471,5,16215.3,5,16211.999999999998,2opt,notBad
10472,5,16215.3,5,16211.999999999998,2opt,improve
10473,5,16215.3,5,16211.999999999998,move,improve
10474,5,16215.3,5,16211.999999999998,move,improve
10475,5,16215.3,5,16211.999999999998,2opt,notBad
10476,5,16215.3,5,16211.999999999998,2opt,notBad
10477,5,16215.3,5,16211.999999999998,move,improve
10478,5,16215.3,5,16211.999999999998,move,improve
10479,5,16215.3,5,16211.999999999998,move,improve
10480,5,16215.3,5,16211.999999999998,swap,notBad
10481,5,16215.3,5,16211.999999999998,swap,notBad
10482,5,16215.3,5,16211.999999999998,swap,notBad
10483,5,16215.3,5,16211.999999999998,2opt,notBad
10484,5,16215.3,5,16211.999999999998,swap,notBad
10485,5,16215.3,5,16211.999999999998,move,improve
10486,5,16215.3,5,16211.999999999998,move,improve
10487,5,16215.3,5,16211.999999999998,swap,notBad
10488,5,16215.3,5,16211.999999999998,2opt,notBad
10489,5,16215.3,5,16211.999999999998,2opt,notBad
10490,5,16215.3,5,16211.999999999998,2opt,notBad
10491,5,16215.3,5,16211.999999999998,move,improve
10492,5,16215.3,5,16211.999999999998,move,improve
10493,5,16215.3,5,16211.999999999998,2opt,notBad
10494,5,16215.3,5,16211.999999999998,swap,notBad
10495,5,16215.3,5,16211.999999999998,swap,notBad
10496,5,16215.3,5,16211.999999999998,swap,notBad
10497,5,16215.3,5,16211.999999999998,move,improve
10498,5,16215.3,5,16211.999999999998,move,improve
10499,5,16215.3,5,16211.999999999998,2opt,notBad
10500,5,16215.3,5,16211.999999999998,2opt,notBad
10501,5,16215.3,5,16211.999999999998,move,improve
10502,5,16215.3,5,16211.999999999998,2opt,notBad
10503,5,16215.3,5,16211.999999999998,swap,notBad
10504,5,16215.3,5,16211.999999999998,2opt,notBad
10505,5,16215.3,5,16211.999999999998,swap,notBad
10506,5,16215.3,5,16211.999999999998,move,improve
10507,5,16215.3,5,16211.999999999998,swap,notBad
10508,5,16215.3,5,16211.999999999998,move,improve
10509,5,16215.3,5,16211.999999999998,swap,notBad
10510,5,16215.3,5,16211.999999999998,move,improve
10511,5,16215.3,5,16211.999999999998,2opt,improve
10512,5,16215.3,5,16211.999999999998,2opt,notBad
10513,5,16215.3,5,16211.999999999998,swap,notBad
10514,5,16215.3,5,16211.999999999998,swap,notBad
10515,5,16215.3,5,16211.999999999998,swap,notBad
10516,5,16215.3,5,16211.999999999998,2opt,notBad
10517,5,16215.3,5,16211.999999999998,2opt,notBad
10518,5,16215.3,5,16211.999999999998,2opt,notBad
10519,5,16215.3,5,16211.999999999998,2opt,notBad
10520,5,16215.3,5,16211.999999999998,swap,notBad
10521,5,16215.3,5,16211.999999999998,move,improve
10522,5,16215.3,5,16211.999999999998,2opt,notBad
10523,5,16215.3,5,16211.999999999998,2opt,notBad
10524,5,16215.3,5,16211.999999999998,move,improve
10525,5,16215.3,5,16211.999999999998,2opt,notBad
10526,5,16215.3,5,16211.999999999998,2opt,notBad
10527,5,16215.3,5,16211.999999999998,2opt,improve
10528,5,16215.3,5,16211.999999999998,swap,notBad
10529,5,16215.3,5,16211.999999999998,move,improve
10530,5,16215.3,5,16211.999999999998,swap,notBad
10531,5,16215.3,5,16211.999999999998,move,improve
10532,5,16215.3,5,16211.999999999998,move,improve
10533,5,16215.3,5,16211.999999999998,swap,notBad
10534,5,16215.3,5,16211.999999999998,move,improve
10535,5,16215.3,5,16211.999999999998,move,improve
10536,5,16215.3,5,16211.999999999998,2opt,notBad
10537,5,16215.3,5,16211.999999999998,2opt,notBad
10538,5,16215.3,5,16211.999999999998,move,improve
10539,5,16215.3,5,16211.999999999998,2opt,notBad
10540,5,16215.3,5,16211.999999999998,2opt,improve
10541,5,16215.3,5,16211.999999999998,2opt,notBad
10542,5,16215.3,5,16211.999999999998,move,improve
10543,5,16215.3,5,16211.999999999998,swap,notBad
10544,5,16215.3,5,16211.999999999998,swap,notBad
10545,5,16215.3,5,16211.999999999998,swap,notBad
10546,5,16215.3,5,16211.999999999998,move,improve
10547,5,16215.3,5,16211.999999999998,swap,notBad
10548,5,16215.3,5,16211.999999999998,swap,notBad
10549,5,16215.3,5,16211.999999999998,move,improve
10550,5,16215.3,5,16211.999999999998,2opt,notBad
10551,5,16215.3,5,16211.999999999998,swap,notBad
10552,5,16215.3,5,16211.999999999998,swap,notBad
10553,5,16215.3,5,16211.999999999998,swap,notBad
10554,5,16215.3,5,16211.999999999998,move,improve
10555,5,16215.3,5,16211.999999999998,move,improve
10556,5,16215.3,5,16211.999999999998,2opt,notBad
10557,5,16215.3,5,16211.999999999998,2opt,notBad
10558,5,16215.3,5,16211.999999999998,2opt,notBad
10559,5,16215.3,5,16211.999999999998,move,improve
10560,5,16215.3,5,16211.999999999998,move,improve
10561,5,16215.3,5,16211.999999999998,2opt,notBad
10562,5,16215.3,5,16211.999999999998,swap,notBad
10563,5,16215.3,5,16211.999999999998,move,improve
10564,5,16215.3,5,16211.999999999998,2opt,notBad
10565,5,16215.3,5,16211.999999999998,2opt,notBad
10566,5,16215.3,5,16211.999999999998,move,improve
10567,5,16215.3,5,16211.999999999998,move,improve
10568,5,16215.3,5,16211.999999999998,2opt,notBad
10569,5,16215.3,5,16211.999999999998,swap,notBad
10570,5,16215.3,5,16211.999999999998,swap,notBad
10571,5,16215.3,5,16211.999999999998,move,improve
10572,5,16215.3,5,16211.999999999998,move,improve
10573,5,16215.3,5,16211.999999999998,2opt,improve
10574,5,16215.3,5,16211.999999999998,2opt,notBad
10575,5,16215.3,5,16211.999999999998,2opt,notBad
10576,5,16215.3,5,16211.999999999998,2opt,notBad
10577,5,16215.3,5,16211.999999999998,swap,notBad
10578,5,16215.3,5,16211.999999999998,swap,notBad
10579,5,16215.3,5,16211.999999999998,2opt,notBad
10580,5,16215.3,5,16211.999999999998,2opt,notBad
10581,5,16215.3,5,16211.999999999998,swap,notBad
10582,5,16215.3,5,16211.999999999998,swap,notBad
10583,5,16215.3,5,16211.999999999998,2opt,notBad
10584,5,16215.3,5,16211.999999999998,swap,notBad
10585,5,16215.3,5,16211.999999999998,2opt,notBad
10586,5,16215.3,5,16211.999999999998,move,improve
10587,5,16215.3,5,16211.999999999998,move,improve
10588,5,16215.3,5,16211.999999999998,swap,notBad
10589,5,16215.3,5,16211.999999999998,move,improve
10590,5,16215.3,5,16211.999999999998,2opt,notBad
10591,5,16215.3,5,16211.999999999998,swap,notBad
10592,5,16215.3,5,16211.999999999998,2opt,notBad
10593,5,16215.3,5,16211.999999999998,2opt,notBad
10594,5,16215.3,5,16211.999999999998,swap,notBad
10595,5,16215.3,5,16211.999999999998,swap,notBad
10596,5,16215.3,5,16211.999999999998,2opt,notBad
10597,5,16215.3,5,16211.999999999998,2opt,notBad
10598,5,16215.3,5,16211.999999999998,move,improve
10599,5,16215.3,5,16211.999999999998,swap,notBad
10600,5,16215.3,5,16211.999999999998,move,notBad
10601,5,16215.3,5,16211.999999999998,move,improve
10602,5,16215.3,5,16211.999999999998,2opt,notBad
10603,5,16215.3,5,16211.999999999998,move,improve
10604,5,16215.3,5,16211.999999999998,swap,notBad
10605,5,16215.3,5,16211.999999999998,move,improve
10606,5,16215.3,5,16211.999999999998,2opt,notBad
10607,5,16215.3,5,16211.999999999998,move,improve
10608,5,16215.3,5,16211.999999999998,swap,notBad
10609,5,16215.3,5,16211.999999999998,swap,notBad
10610,5,16215.3,5,16211.999999999998,swap,notBad
10611,5,16215.3,5,16211.999999999998,swap,notBad
10612,5,16215.3,5,16211.999999999998,swap,notBad
10613,5,16215.3,5,16211.999999999998,2opt,notBad
10614,5,16215.3,5,16211.999999999998,move,improve
10615,5,16215.3,5,16211.999999999998,swap,notBad
10616,5,16215.3,5,16211.999999999998,move,improve
10617,5,16215.3,5,16211.999999999998,swap,notBad
10618,5,16215.3,5,16211.999999999998,move,improve
10619,5,16215.3,5,16211.999999999998,swap,notBad
10620,5,16215.3,5,16211.999999999998,move,improve
10621,5,16215.3,5,16211.999999999998,move,improve
10622,5,16215.3,5,16211.999999999998,swap,notBad
10623,5,16215.3,5,16211.999999999998,swap,notBad
10624,5,16215.3,5,16211.999999999998,swap,notBad
10625,5,16215.3,5,16211.999999999998,2opt,notBad
10626,5,16215.3,5,16211.999999999998,2opt,notBad
10627,5,16215.3,5,16211.999999999998,move,improve
10628,5,16215.3,5,16211.999999999998,2opt,improve
10629,5,16215.3,5,16211.999999999998,swap,notBad
10630,5,16215.3,5,16211.999999999998,move,improve
10631,5,16215.3,5,16211.999999999998,2opt,notBad
10632,5,16215.3,5,16211.999999999998,swap,notBad
10633,5,16215.3,5,16211.999999999998,move,improve
10634,5,16215.3,5,16211.999999999998,swap,notBad
10635,5,16215.3,5,16211.999999999998,2opt,notBad
10636,5,16215.3,5,16211.999999999998,swap,notBad
10637,5,16215.3,5,16211.999999999998,swap,notBad
10638,5,16215.3,5,16211.999999999998,2opt,notBad
10639,5,16215.3,5,16211.999999999998,2opt,notBad
10640,5,16215.3,5,16211.999999999998,move,improve
10641,5,16215.3,5,16211.999999999998,swap,notBad
10642,5,16215.3,5,16211.999999999998,move,improve
10643,5,16215.3,5,16211.999999999998,swap,notBad
10644,5,16215.3,5,16211.999999999998,move,notBad
10645,5,16215.3,5,16211.999999999998,swap,notBad
10646,5,16215.3,5,16211.999999999998,move,improve
10647,5,16215.3,5,16211.999999999998,2opt,notBad
10648,5,16215.3,5,16211.999999999998,swap,notBad
10649,5,16215.3,5,16211.999999999998,move,improve
10650,5,16215.3,5,16211.999999999998,2opt,notBad
10651,5,16215.3,5,16211.999999999998,move,improve
10652,5,16215.3,5,16211.999999999998,move,improve
10653,5,16215.3,5,16211.999999999998,2opt,notBad
10654,5,16215.3,5,16211.999999999998,move,improve
10655,5,16215.3,5,16211.999999999998,2opt,notBad
10656,5,16215.3,5,16211.999999999998,swap,notBad
10657,5,16215.3,5,16211.999999999998,move,improve
10658,5,16215.3,5,16211.999999999998,swap,notBad
10659,5,16215.3,5,16211.999999999998,swap,notBad
10660,5,16215.3,5,16211.999999999998,swap,notBad
10661,5,16215.3,5,16211.999999999998,swap,notBad
10662,5,16215.3,5,16211.999999999998,move,improve
10663,5,16215.3,5,16211.999999999998,swap,notBad
10664,5,16215.3,5,16211.999999999998,2opt,notBad
10665,5,16215.3,5,16211.999999999998,2opt,notBad
10666,5,16215.3,5,16211.999999999998,swap,notBad
10667,5,16215.3,5,16211.999999999998,move,improve
10668,5,16215.3,5,16211.999999999998,2opt,notBad
10669,5,16215.3,5,16211.999999999998,swap,notBad
10670,5,16215.3,5,16211.999999999998,2opt,notBad
10671,5,16215.3,5,16211.999999999998,move,improve
10672,5,16215.3,5,16211.999999999998,move,improve
10673,5,16215.3,5,16211.999999999998,move,improve
10674,5,16215.3,5,16211.999999999998,swap,notBad
10675,5,16215.3,5,16211.999999999998,swap,notBad
10676,5,16215.3,5,16211.999999999998,move,improve
10677,5,16215.3,5,16211.999999999998,move,improve
10678,5,16215.3,5,16211.999999999998,move,improve
10679,5,16215.3,5,16211.999999999998,swap,notBad
10680,5,16215.3,5,16211.999999999998,swap,notBad
10681,5,16215.3,5,16211.999999999998,move,improve
10682,5,16215.3,5,16211.999999999998,move,improve
10683,5,16215.3,5,16211.999999999998,swap,notBad
10684,5,16215.3,5,16211.999999999998,2opt,improve
10685,5,16215.3,5,16211.999999999998,2opt,notBad
10686,5,16215.3,5,16211.999999999998,move,notBad
10687,5,16215.3,5,16211.999999999998,move,improve
10688,5,16215.3,5,16211.999999999998,2opt,notBad
10689,5,16215.3,5,16211.999999999998,2opt,notBad
10690,5,16215.3,5,16211.999999999998,2opt,notBad
10691,5,16215.3,5,16211.999999999998,move,improve
10692,5,16215.3,5,16211.999999999998,move,improve
10693,5,16215.3,5,16211.999999999998,2opt,notBad
10694,5,16215.3,5,16211.999999999998,2opt,notBad
10695,5,16215.3,5,16211.999999999998,move,improve
10696,5,16215.3,5,16211.999999999998,swap,notBad
10697,5,16215.3,5,16211.999999999998,swap,notBad
10698,5,16215.3,5,16211.999999999998,2opt,notBad
10699,5,16215.3,5,16211.999999999998,move,improve
10700,5,16215.3,5,16211.999999999998,move,improve
10701,5,16215.3,5,16211.999999999998,move,improve
10702,5,16215.3,5,16211.999999999998,swap,notBad
10703,5,16215.3,5,16211.999999999998,swap,notBad
10704,5,16215.3,5,16211.999999999998,swap,notBad
10705,5,16215.3,5,16211.999999999998,swap,notBad
10706,5,16215.3,5,16211.999999999998,swap,notBad
10707,5,16215.3,5,16211.999999999998,move,improve
10708,5,16215.3,5,16211.999999999998,move,improve
10709,5,16215.3,5,16211.999999999998,swap,notBad
10710,5,16215.3,5,16211.999999999998,move,improve
10711,5,16215.3,5,16211.999999999998,2opt,notBad
10712,5,16215.3,5,16211.999999999998,swap,notBad
10713,5,16215.3,5,16211.999999999998,2opt,notBad
10714,5,16215.3,5,16211.999999999998,2opt,notBad
10715,5,16215.3,5,16211.999999999998,move,improve
10716,5,16215.3,5,16211.999999999998,2opt,notBad
10717,5,16215.3,5,16211.999999999998,2opt,notBad
10718,5,16215.3,5,16211.999999999998,move,improve
10719,5,16215.3,5,16211.999999999998,move,improve
10720,5,16215.3,5,16211.999999999998,move,improve
10721,5,16215.3,5,16211.999999999998,move,improve
10722,5,16215.3,5,16211.999999999998,2opt,notBad
10723,5,16215.3,5,16211.999999999998,swap,notBad
10724,5,16215.3,5,16211.999999999998,move,improve
10725,5,16215.3,5,16211.999999999998,move,improve
10726,5,16215.3,5,16211.999999999998,move,improve
10727,5,16215.3,5,16211.999999999998,2opt,notBad
10728,5,16215.3,5,16211.999999999998,2opt,notBad
10729,5,16215.3,5,16211.999999999998,2opt,notBad
10730,5,16215.3,5,16211.999999999998,move,improve
10731,5,16215.3,5,16211.999999999998,swap,notBad
10732,5,16215.3,5,16211.999999999998,move,improve
10733,5,16215.3,5,16211.999999999998,swap,notBad
10734,5,16215.3,5,16211.999999999998,2opt,notBad
10735,5,16215.3,5,16211.999999999998,move,improve
10736,5,16215.3,5,16211.999999999998,move,improve
10737,5,16215.3,5,16211.999999999998,move,improve
10738,5,16215.3,5,16211.999999999998,2opt,notBad
10739,5,16215.3,5,16211.999999999998,2opt,notBad
10740,5,16215.3,5,16211.999999999998,2opt,notBad
10741,5,16215.3,5,16211.999999999998,2opt,improve
10742,5,16215.3,5,16211.999999999998,2opt,notBad
10743,5,16215.3,5,16211.999999999998,move,improve
10744,5,16215.3,5,16211.999999999998,swap,notBad
10745,5,16215.3,5,16211.999999999998,move,improve
10746,5,16215.3,5,16211.999999999998,swap,notBad
10747,5,16215.3,5,16211.999999999998,2opt,notBad
10748,5,16215.3,5,16211.999999999998,2opt,notBad
10749,5,16215.3,5,16211.999999999998,swap,notBad
10750,5,16215.3,5,16211.999999999998,2opt,notBad
10751,5,16215.3,5,16211.999999999998,move,improve
10752,5,16215.3,5,16211.999999999998,move,improve
10753,5,16215.3,5,16211.999999999998,swap,notBad
10754,5,16215.3,5,16211.999999999998,swap,notBad
10755,5,16215.3,5,16211.999999999998,swap,notBad
10756,5,16215.3,5,16211.999999999998,move,improve
10757,5,16215.3,5,16211.999999999998,swap,notBad
10758,5,16215.3,5,16211.999999999998,move,improve
10759,5,16215.3,5,16211.999999999998,swap,notBad
10760,5,16215.3,5,16211.999999999998,2opt,notBad
10761,5,16215.3,5,16211.999999999998,swap,notBad
10762,5,16215.3,5,16211.999999999998,swap,notBad
10763,5,16215.3,5,16211.999999999998,move,improve
10764,5,16215.3,5,16211.999999999998,2opt,notBad
10765,5,16215.3,5,16211.999999999998,2opt,notBad
10766,5,16215.3,5,16211.999999999998,move,improve
10767,5,16215.3,5,16211.999999999998,move,notBad
10768,5,16215.3,5,16211.999999999998,2opt,notBad
10769,5,16215.3,5,16211.999999999998,2opt,notBad
10770,5,16215.3,5,16211.999999999998,2opt,notBad
10771,5,16215.3,5,16211.999999999998,swap,notBad
10772,5,16215.3,5,16211.999999999998,2opt,notBad
10773,5,16215.3,5,16211.999999999998,2opt,notBad
10774,5,16215.3,5,16211.999999999998,swap,notBad
10775,5,16215.3,5,16211.999999999998,move,improve
10776,5,16215.3,5,16211.999999999998,swap,notBad
10777,5,16215.3,5,16211.999999999998,2opt,notBad
10778,5,16215.3,5,16211.999999999998,2opt,notBad
10779,5,16215.3,5,16211.999999999998,2opt,notBad
10780,5,16215.3,5,16211.999999999998,swap,notBad
10781,5,16215.3,5,16211.999999999998,move,improve
10782,5,16215.3,5,16211.999999999998,move,notBad
10783,5,16215.3,5,16211.999999999998,move,improve
10784,5,16215.3,5,16211.999999999998,move,improve
10785,5,16215.3,5,16211.999999999998,move,improve
10786,5,16215.3,5,16211.999999999998,swap,notBad
10787,5,16215.3,5,16211.999999999998,2opt,notBad
10788,5,16215.3,5,16211.999999999998,swap,notBad
10789,5,16215.3,5,16211.999999999998,move,improve
10790,5,16215.3,5,16211.999999999998,2opt,notBad
10791,5,16215.3,5,16211.999999999998,move,improve
10792,5,16215.3,5,16211.999999999998,swap,notBad
10793,5,16215.3,5,16211.999999999998,move,improve
10794,5,16215.3,5,16211.999999999998,move,improve
10795,5,16215.3,5,16211.999999999998,swap,notBad
10796,5,16215.3,5,16211.999999999998,2opt,notBad
10797,5,16215.3,5,16211.999999999998,2opt,notBad
10798,5,16215.3,5,16211.999999999998,swap,notBad
10799,5,16215.3,5,16211.999999999998,swap,notBad
10800,5,16215.3,5,16211.999999999998,2opt,improve
10801,5,16215.3,5,16211.999999999998,swap,notBad
10802,5,16215.3,5,16211.999999999998,2opt,notBad
10803,5,16215.3,5,16211.999999999998,swap,notBad
10804,5,16215.3,5,16211.999999999998,2opt,notBad
10805,5,16215.3,5,16211.999999999998,move,improve
10806,5,16215.3,5,16211.999999999998,2opt,notBad
10807,5,16215.3,5,16211.999999999998,move,improve
10808,5,16215.3,5,16211.999999999998,2opt,notBad
10809,5,16215.3,5,16211.999999999998,move,improve
10810,5,16215.3,5,16211.999999999998,swap,notBad
10811,5,16215.3,5,16211.999999999998,2opt,notBad
10812,5,16215.3,5,16211.999999999998,move,improve
10813,5,16215.3,5,16211.999999999998,swap,notBad
10814,5,16215.3,5,16211.999999999998,swap,notBad
10815,5,16215.3,5,16211.999999999998,2opt,improve
10816,5,16215.3,5,16211.999999999998,move,improve
10817,5,16215.3,5,16211.999999999998,swap,notBad
10818,5,16215.3,5,16211.999999999998,move,improve
10819,5,16215.3,5,16211.999999999998,swap,notBad
10820,5,16215.3,5,16211.999999999998,2opt,notBad
10821,5,16215.3,5,16211.999999999998,swap,notBad
10822,5,16215.3,5,16211.999999999998,move,improve
10823,5,16215.3,5,16211.999999999998,move,improve
10824,5,16215.3,5,16211.999999999998,2opt,notBad
10825,5,16215.3,5,16211.999999999998,swap,notBad
10826,5,16215.3,5,16211.999999999998,swap,notBad
10827,5,16215.3,5,16211.999999999998,2opt,notBad
10828,5,16215.3,5,16211.999999999998,move,improve
10829,5,16215.3,5,16211.999999999998,swap,notBad
10830,5,16215.3,5,16211.999999999998,move,improve
10831,5,16215.3,5,16211.999999999998,move,improve
10832,5,16215.3,5,16211.999999999998,move,improve
10833,5,16215.3,5,16211.999999999998,move,improve
10834,5,16215.3,5,16211.999999999998,swap,notBad
10835,5,16215.3,5,16211.999999999998,2opt,notBad
10836,5,16215.3,5,16211.999999999998,move,improve
10837,5,16215.3,5,16211.999999999998,move,improve
10838,5,16215.3,5,16211.999999999998,move,improve
10839,5,16215.3,5,16211.999999999998,2opt,notBad
10840,5,16215.3,5,16211.999999999998,swap,notBad
10841,5,16215.3,5,16211.999999999998,2opt,notBad
10842,5,16215.3,5,16211.999999999998,swap,notBad
10843,5,16215.3,5,16211.999999999998,2opt,notBad
10844,5,16215.3,5,16211.999999999998,swap,notBad
10845,5,16215.3,5,16211.999999999998,move,improve
10846,5,16215.3,5,16211.999999999998,2opt,notBad
10847,5,16215.3,5,16211.999999999998,2opt,notBad
10848,5,16215.3,5,16211.999999999998,2opt,notBad
10849,5,16215.3,5,16211.999999999998,swap,notBad
10850,5,16215.3,5,16211.999999999998,move,improve
10851,5,16215.3,5,16211.999999999998,move,improve
10852,5,16215.3,5,16211.999999999998,2opt,notBad
10853,5,16215.3,5,16211.999999999998,2opt,notBad
10854,5,16215.3,5,16211.999999999998,swap,notBad
10855,5,16215.3,5,16211.999999999998,move,improve
10856,5,16215.3,5,16211.999999999998,move,improve
10857,5,16215.3,5,16211.999999999998,move,improve
10858,5,16215.3,5,16211.999999999998,move,improve
10859,5,16215.3,5,16211.999999999998,swap,notBad
10860,5,16215.3,5,16211.999999999998,move,improve
10861,5,16215.3,5,16211.999999999998,swap,notBad
10862,5,16215.3,5,16211.999999999998,move,improve
10863,5,16215.3,5,16211.999999999998,move,improve
10864,5,16215.3,5,16211.999999999998,2opt,notBad
10865,5,16215.3,5,16211.999999999998,move,improve
10866,5,16215.3,5,16211.999999999998,2opt,notBad
10867,5,16215.3,5,16211.999999999998,swap,notBad
10868,5,16215.3,5,16211.999999999998,swap,notBad
10869,5,16215.3,5,16211.999999999998,2opt,notBad
10870,5,16215.3,5,16211.999999999998,swap,notBad
10871,5,16215.3,5,16211.999999999998,move,improve
10872,5,16215.3,5,16211.999999999998,swap,notBad
10873,5,16215.3,5,16211.999999999998,2opt,notBad
10874,5,16215.3,5,16211.999999999998,move,improve
10875,5,16215.3,5,16211.999999999998,move,improve
10876,5,16215.3,5,16211.999999999998,swap,notBad
10877,5,16215.3,5,16211.999999999998,2opt,notBad
10878,5,16215.3,5,16211.999999999998,swap,notBad
10879,5,16215.3,5,16211.999999999998,swap,notBad
10880,5,16215.3,5,16211.999999999998,swap,notBad
10881,5,16215.3,5,16211.999999999998,swap,notBad
10882,5,16215.3,5,16211.999999999998,swap,notBad
10883,5,16215.3,5,16211.999999999998,move,improve
10884,5,16215.3,5,16211.999999999998,swap,notBad
10885,5,16215.3,5,16211.999999999998,move,improve
10886,5,16215.3,5,16211.999999999998,move,improve
10887,5,16215.3,5,16211.999999999998,move,improve
10888,5,16215.3,5,16211.999999999998,2opt,notBad
10889,5,16215.3,5,16211.999999999998,move,improve
10890,5,16215.3,5,16211.999999999998,move,improve
10891,5,16215.3,5,16211.999999999998,2opt,notBad
10892,5,16215.3,5,16211.999999999998,swap,notBad
10893,5,16215.3,5,16211.999999999998,swap,notBad
10894,5,16215.3,5,16211.999999999998,swap,notBad
10895,5,16215.3,5,16211.999999999998,2opt,notBad
10896,5,16215.3,5,16211.999999999998,2opt,notBad
10897,5,16215.3,5,16211.999999999998,2opt,notBad
10898,5,16215.3,5,16211.999999999998,swap,notBad
10899,5,16215.3,5,16211.999999999998,swap,notBad
10900,5,16215.3,5,16211.999999999998,2opt,notBad
10901,5,16215.3,5,16211.999999999998,move,improve
10902,5,16215.3,5,16211.999999999998,2opt,notBad
10903,5,16215.3,5,16211.999999999998,swap,notBad
10904,5,16215.3,5,16211.999999999998,move,improve
10905,5,16215.3,5,16211.999999999998,move,improve
10906,5,16215.3,5,16211.999999999998,swap,notBad
10907,5,16215.3,5,16211.999999999998,move,improve
10908,5,16215.3,5,16211.999999999998,move,improve
10909,5,16215.3,5,16211.999999999998,swap,notBad
10910,5,16215.3,5,16211.999999999998,move,improve
10911,5,16215.3,5,16211.999999999998,move,improve
10912,5,16215.3,5,16211.999999999998,swap,notBad
10913,5,16215.3,5,16211.999999999998,move,improve
10914,5,16215.3,5,16211.999999999998,swap,notBad
10915,5,16215.3,5,16211.999999999998,move,improve
10916,5,16215.3,5,16211.999999999998,swap,notBad
10917,5,16215.3,5,16211.999999999998,2opt,notBad
10918,5,16215.3,5,16211.999999999998,move,improve
10919,5,16215.3,5,16211.999999999998,swap,notBad
10920,5,16215.3,5,16211.999999999998,2opt,improve
10921,5,16215.3,5,16211.999999999998,2opt,notBad
10922,5,16215.3,5,16211.999999999998,move,improve
10923,5,16215.3,5,16211.999999999998,move,improve
10924,5,16215.3,5,16211.999999999998,swap,notBad
10925,5,16215.3,5,16211.999999999998,move,improve
10926,5,16215.3,5,16211.999999999998,swap,notBad
10927,5,16215.3,5,16211.999999999998,2opt,notBad
10928,5,16215.3,5,16211.999999999998,move,improve
10929,5,16215.3,5,16211.999999999998,move,improve
10930,5,16215.3,5,16211.999999999998,swap,notBad
10931,5,16215.3,5,16211.999999999998,move,improve
10932,5,16215.3,5,16211.999999999998,swap,notBad
10933,5,16215.3,5,16211.999999999998,swap,notBad
10934,5,16215.3,5,16211.999999999998,move,improve
10935,5,16215.3,5,16211.999999999998,2opt,improve
10936,5,16215.3,5,16211.999999999998,2opt,notBad
10937,5,16215.3,5,16211.999999999998,2opt,notBad
10938,5,16215.3,5,16211.999999999998,2opt,notBad
10939,5,16215.3,5,16211.999999999998,move,improve
10940,5,16215.3,5,16211.999999999998,swap,notBad
10941,5,16215.3,5,16211.999999999998,2opt,notBad
10942,5,16215.3,5,16211.999999999998,swap,notBad
10943,5,16215.3,5,16211.999999999998,swap,notBad
10944,5,16215.3,5,16211.999999999998,move,improve
10945,5,16215.3,5,16211.999999999998,2opt,notBad
10946,5,16215.3,5,16211.999999999998,2opt,notBad
10947,5,16215.3,5,16211.999999999998,move,improve
10948,5,16215.3,5,16211.999999999998,swap,notBad
10949,5,16215.3,5,16211.999999999998,swap,notBad
10950,5,16215.3,5,16211.999999999998,2opt,notBad
10951,5,16215.3,5,16211.999999999998,swap,notBad
10952,5,16215.3,5,16211.999999999998,swap,notBad
10953,5,16215.3,5,16211.999999999998,2opt,notBad
10954,5,16215.3,5,16211.999999999998,swap,notBad
10955,5,16215.3,5,16211.999999999998,2opt,notBad
10956,5,16215.3,5,16211.999999999998,move,improve
10957,5,16215.3,5,16211.999999999998,swap,notBad
10958,5,16215.3,5,16211.999999999998,move,improve
10959,5,16215.3,5,16211.999999999998,move,improve
10960,5,16215.3,5,16211.999999999998,2opt,notBad
10961,5,16215.3,5,16211.999999999998,swap,notBad
10962,5,16215.3,5,16211.999999999998,swap,notBad
10963,5,16215.3,5,16211.999999999998,2opt,notBad
10964,5,16215.3,5,16211.999999999998,2opt,notBad
10965,5,16215.3,5,16211.999999999998,2opt,notBad
10966,5,16215.3,5,16211.999999999998,2opt,notBad
10967,5,16215.3,5,16211.999999999998,swap,notBad
10968,5,16215.3,5,16211.999999999998,move,improve
10969,5,16215.3,5,16211.999999999998,move,improve
10970,5,16215.3,5,16211.999999999998,move,improve
10971,5,16215.3,5,16211.999999999998,move,improve
10972,5,16215.3,5,16211.999999999998,2opt,notBad
10973,5,16215.3,5,16211.999999999998,swap,notBad
10974,5,16215.3,5,16211.999999999998,2opt,notBad
10975,5,16215.3,5,16211.999999999998,2opt,notBad
10976,5,16215.3,5,16211.999999999998,2opt,notBad
10977,5,16215.3,5,16211.999999999998,move,improve
10978,5,16215.3,5,16211.999999999998,swap,notBad
10979,5,16215.3,5,16211.999999999998,swap,notBad
10980,5,16215.3,5,16211.999999999998,move,improve
10981,5,16215.3,5,16211.999999999998,2opt,notBad
10982,5,16215.3,5,16211.999999999998,2opt,notBad
10983,5,16215.3,5,16211.999999999998,swap,notBad
10984,5,16215.3,5,16211.999999999998,2opt,notBad
10985,5,16215.3,5,16211.999999999998,swap,notBad
10986,5,16215.3,5,16211.999999999998,move,improve
10987,5,16215.3,5,16211.999999999998,move,improve
10988,5,16215.3,5,16211.999999999998,2opt,notBad
10989,5,16215.3,5,16211.999999999998,move,improve
10990,5,16215.3,5,16211.999999999998,move,improve
10991,5,16215.3,5,16211.999999999998,move,improve
10992,5,16215.3,5,16211.999999999998,2opt,notBad
10993,5,16215.3,5,16211.999999999998,2opt,notBad
10994,5,16215.3,5,16211.999999999998,2opt,notBad
10995,5,16215.3,5,16211.999999999998,move,improve
10996,5,16215.3,5,16211.999999999998,move,improve
10997,5,16215.3,5,16211.999999999998,swap,notBad
10998,5,16215.3,5,16211.999999999998,move,improve
10999,5,16215.3,5,16211.999999999998,move,improve
11000,5,16215.3,5,16211.999999999998,move,improve
11001,5,16215.3,5,16211.999999999998,move,improve
11002,5,16215.3,5,16211.999999999998,swap,notBad
11003,5,16215.3,5,16211.999999999998,swap,notBad
11004,5,16215.3,5,16211.999999999998,2opt,notBad
11005,5,16215.3,5,16211.999999999998,2opt,notBad
11006,5,16215.3,5,16211.999999999998,2opt,notBad
11007,5,16215.3,5,16211.999999999998,2opt,notBad
11008,5,16215.3,5,16211.999999999998,swap,notBad
11009,5,16215.3,5,16211.999999999998,2opt,improve
11010,5,16215.3,5,16211.999999999998,swap,notBad
11011,5,16215.3,5,16211.999999999998,move,improve
11012,5,16215.3,5,16211.999999999998,2opt,notBad
11013,5,16215.3,5,16211.999999999998,swap,notBad
11014,5,16215.3,5,16211.999999999998,2opt,notBad
11015,5,16215.3,5,16211.999999999998,swap,notBad
11016,5,16215.3,5,16211.999999999998,move,improve
11017,5,16215.3,5,16211.999999999998,move,improve
11018,5,16215.3,5,16211.999999999998,move,improve
11019,5,16215.3,5,16211.999999999998,swap,notBad
11020,5,16215.3,5,16211.999999999998,move,improve
11021,5,16215.3,5,16211.999999999998,2opt,notBad
11022,5,16215.3,5,16211.999999999998,2opt,notBad
11023,5,16215.3,5,16211.999999999998,swap,notBad
11024,5,16215.3,5,16211.999999999998,move,improve
11025,5,16215.3,5,16211.999999999998,2opt,notBad
11026,5,16215.3,5,16211.999999999998,swap,notBad
11027,5,16215.3,5,16211.999999999998,2opt,notBad
11028,5,16215.3,5,16211.999999999998,move,improve
11029,5,16215.3,5,16211.999999999998,2opt,notBad
11030,5,16215.3,5,16211.999999999998,swap,notBad
11031,5,16215.3,5,16211.999999999998,move,improve
11032,5,16215.3,5,16211.999999999998,2opt,notBad
11033,5,16215.3,5,16211.999999999998,swap,notBad
11034,5,16215.3,5,16211.999999999998,move,improve
11035,5,16215.3,5,16211.999999999998,2opt,notBad
11036,5,16215.3,5,16211.999999999998,2opt,notBad
11037,5,16215.3,5,16211.999999999998,2opt,notBad
11038,5,16215.3,5,16211.999999999998,2opt,notBad
11039,5,16215.3,5,16211.999999999998,swap,notBad
11040,5,16215.3,5,16211.999999999998,swap,notBad
11041,5,16215.3,5,16211.999999999998,swap,notBad
11042,5,16215.3,5,16211.999999999998,2opt,notBad
11043,5,16215.3,5,16211.999999999998,2opt,notBad
11044,5,16215.3,5,16211.999999999998,2opt,notBad
11045,5,16215.3,5,16211.999999999998,move,improve
11046,5,16215.3,5,16211.999999999998,swap,notBad
11047,5,16215.3,5,16211.999999999998,2opt,notBad
11048,5,16215.3,5,16211.999999999998,swap,notBad
11049,5,16215.3,5,16211.999999999998,swap,notBad
11050,5,16215.3,5,16211.999999999998,move,improve
11051,5,16215.3,5,16211.999999999998,2opt,notBad
11052,5,16215.3,5,16211.999999999998,2opt,notBad
11053,5,16215.3,5,16211.999999999998,2opt,notBad
11054,5,16215.3,5,16211.999999999998,swap,notBad
11055,5,16215.3,5,16211.999999999998,swap,notBad
11056,5,16215.3,5,16211.999999999998,swap,notBad
11057,5,16215.3,5,16211.999999999998,swap,notBad
11058,5,16215.3,5,16211.999999999998,move,improve
11059,5,16215.3,5,16211.999999999998,2opt,notBad
11060,5,16215.3,5,16211.999999999998,move,improve
11061,5,16215.3,5,16211.999999999998,swap,notBad
11062,5,16215.3,5,16211.999999999998,swap,notBad
11063,5,16215.3,5,16211.999999999998,move,improve
11064,5,16215.3,5,16211.999999999998,2opt,notBad
11065,5,16215.3,5,16211.999999999998,move,improve
11066,5,16215.3,5,16211.999999999998,swap,notBad
11067,5,16215.3,5,16211.999999999998,move,improve
11068,5,16215.3,5,16211.999999999998,2opt,notBad
11069,5,16215.3,5,16211.999999999998,move,improve
11070,5,16215.3,5,16211.999999999998,move,improve
11071,5,16215.3,5,16211.999999999998,2opt,notBad
11072,5,16215.3,5,16211.999999999998,swap,notBad
11073,5,16215.3,5,16211.999999999998,2opt,notBad
11074,5,16215.3,5,16211.999999999998,2opt,notBad
11075,5,16215.3,5,16211.999999999998,move,improve
11076,5,16215.3,5,16211.999999999998,2opt,notBad
11077,5,16215.3,5,16211.999999999998,move,improve
11078,5,16215.3,5,16211.999999999998,2opt,notBad
11079,5,16215.3,5,16211.999999999998,2opt,notBad
11080,5,16215.3,5,16211.999999999998,2opt,notBad
11081,5,16215.3,5,16211.999999999998,swap,notBad
11082,5,16215.3,5,16211.999999999998,move,improve
11083,5,16215.3,5,16211.999999999998,2opt,notBad
11084,5,16215.3,5,16211.999999999998,move,improve
11085,5,16215.3,5,16211.999999999998,move,improve
11086,5,16215.3,5,16211.999999999998,swap,notBad
11087,5,16215.3,5,16211.999999999998,2opt,notBad
11088,5,16215.3,5,16211.999999999998,swap,notBad
11089,5,16215.3,5,16211.999999999998,move,improve
11090,5,16215.3,5,16211.999999999998,2opt,improve
11091,5,16215.3,5,16211.999999999998,move,improve
11092,5,16215.3,5,16211.999999999998,move,improve
11093,5,16215.3,5,16211.999999999998,move,improve
11094,5,16215.3,5,16211.999999999998,move,improve
11095,5,16215.3,5,16211.999999999998,move,improve
11096,5,16215.3,5,16211.999999999998,swap,notBad
11097,5,16215.3,5,16211.999999999998,move,improve
11098,5,16215.3,5,16211.999999999998,move,improve
11099,5,16215.3,5,16211.999999999998,2opt,notBad
11100,5,16215.3,5,16211.999999999998,move,improve
11101,5,16215.3,5,16211.999999999998,swap,notBad
11102,5,16215.3,5,16211.999999999998,2opt,notBad
11103,5,16215.3,5,16211.999999999998,move,improve
11104,5,16215.3,5,16211.999999999998,move,improve
11105,5,16215.3,5,16211.999999999998,move,improve
11106,5,16215.3,5,16211.999999999998,move,improve
11107,5,16215.3,5,16211.999999999998,move,improve
11108,5,16215.3,5,16211.999999999998,2opt,notBad
11109,5,16215.3,5,16211.999999999998,swap,notBad
11110,5,16215.3,5,16211.999999999998,swap,notBad
11111,5,16215.3,5,16211.999999999998,swap,notBad
11112,5,16215.3,5,16211.999999999998,2opt,notBad
11113,5,16215.3,5,16211.999999999998,move,improve
11114,5,16215.3,5,16211.999999999998,2opt,notBad
11115,5,16215.3,5,16211.999999999998,move,improve
11116,5,16215.3,5,16211.999999999998,2opt,notBad
11117,5,16215.3,5,16211.999999999998,swap,notBad
11118,5,16215.3,5,16211.999999999998,2opt,notBad
11119,5,16215.3,5,16211.999999999998,swap,notBad
11120,5,16215.3,5,16211.999999999998,move,improve
11121,5,16215.3,5,16211.999999999998,swap,notBad
11122,5,16215.3,5,16211.999999999998,move,improve
11123,5,16215.3,5,16211.999999999998,swap,notBad
11124,5,16215.3,5,16211.999999999998,2opt,notBad
11125,5,16215.3,5,16211.999999999998,2opt,notBad
11126,5,16215.3,5,16211.999999999998,swap,notBad
11127,5,16215.3,5,16211.999999999998,move,improve
11128,5,16215.3,5,16211.999999999998,move,improve
11129,5,16215.3,5,16211.999999999998,2opt,notBad
11130,5,16215.3,5,16211.999999999998,swap,notBad
11131,5,16215.3,5,16211.999999999998,move,improve
11132,5,16215.3,5,16211.999999999998,2opt,notBad
11133,5,16215.3,5,16211.999999999998,2opt,notBad
11134,5,16215.3,5,16211.999999999998,swap,notBad
11135,5,16215.3,5,16211.999999999998,move,improve
11136,5,16215.3,5,16211.999999999998,2opt,notBad
11137,5,16215.3,5,16211.999999999998,2opt,notBad
11138,5,16215.3,5,16211.999999999998,move,improve
11139,5,16215.3,5,16211.999999999998,move,improve
11140,5,16215.3,5,16211.999999999998,swap,notBad
11141,5,16215.3,5,16211.999999999998,2opt,notBad
11142,5,16215.3,5,16211.999999999998,move,improve
11143,5,16215.3,5,16211.999999999998,swap,notBad
11144,5,16215.3,5,16211.999999999998,2opt,notBad
11145,5,16215.3,5,16211.999999999998,move,improve
11146,5,16215.3,5,16211.999999999998,move,improve
11147,5,16215.3,5,16211.999999999998,move,improve
11148,5,16215.3,5,16211.999999999998,swap,notBad
11149,5,16215.3,5,16211.999999999998,2opt,notBad
11150,5,16215.3,5,16211.999999999998,2opt,notBad
11151,5,16215.3,5,16211.999999999998,2opt,notBad
11152,5,16215.3,5,16211.999999999998,swap,notBad
11153,5,16215.3,5,16211.999999999998,2opt,notBad
11154,5,16215.3,5,16211.999999999998,move,notBad
11155,5,16215.3,5,16211.999999999998,2opt,notBad
11156,5,16215.3,5,16211.999999999998,2opt,notBad
11157,5,16215.3,5,16211.999999999998,swap,notBad
11158,5,16215.3,5,16211.999999999998,2opt,notBad
11159,5,16215.3,5,16211.999999999998,move,improve
11160,5,16215.3,5,16211.999999999998,move,improve
11161,5,16215.3,5,16211.999999999998,2opt,notBad
11162,5,16215.3,5,16211.999999999998,2opt,notBad
11163,5,16215.3,5,16211.999999999998,swap,notBad
11164,5,16215.3,5,16211.999999999998,move,improve
11165,5,16215.3,5,16211.999999999998,swap,notBad
11166,5,16215.3,5,16211.999999999998,2opt,notBad
11167,5,16215.3,5,16211.999999999998,move,improve
11168,5,16215.3,5,16211.999999999998,move,improve
11169,5,16215.3,5,16211.999999999998,2opt,notBad
11170,5,16215.3,5,16211.999999999998,swap,notBad
11171,5,16215.3,5,16211.999999999998,move,improve
11172,5,16215.3,5,16211.999999999998,move,improve
11173,5,16215.3,5,16211.999999999998,2opt,notBad
11174,5,16215.3,5,16211.999999999998,2opt,notBad
11175,5,16215.3,5,16211.999999999998,move,improve
11176,5,16215.3,5,16211.999999999998,move,improve
11177,5,16215.3,5,16211.999999999998,2opt,notBad
11178,5,16215.3,5,16211.999999999998,move,improve
11179,5,16215.3,5,16211.999999999998,2opt,notBad
11180,5,16215.3,5,16211.999999999998,swap,notBad
11181,5,16215.3,5,16211.999999999998,move,improve
11182,5,16215.3,5,16211.999999999998,swap,notBad
11183,5,16215.3,5,16211.999999999998,swap,notBad
11184,5,16215.3,5,16211.999999999998,2opt,notBad
11185,5,16215.3,5,16211.999999999998,2opt,notBad
11186,5,16215.3,5,16211.999999999998,2opt,notBad
11187,5,16215.3,5,16211.999999999998,swap,notBad
11188,5,16215.3,5,16211.999999999998,move,improve
11189,5,16215.3,5,16211.999999999998,2opt,notBad
11190,5,16215.3,5,16211.999999999998,swap,notBad
11191,5,16215.3,5,16211.999999999998,move,improve
11192,5,16215.3,5,16211.999999999998,swap,notBad
11193,5,16215.3,5,16211.999999999998,move,improve
11194,5,16215.3,5,16211.999999999998,2opt,notBad
11195,5,16215.3,5,16211.999999999998,swap,notBad
11196,5,16215.3,5,16211.999999999998,2opt,notBad
11197,5,16215.3,5,16211.999999999998,swap,notBad
11198,5,16215.3,5,16211.999999999998,2opt,notBad
11199,5,16215.3,5,16211.999999999998,2opt,notBad
11200,5,16215.3,5,16211.999999999998,2opt,notBad
11201,5,16215.3,5,16211.999999999998,move,improve
11202,5,16215.3,5,16211.999999999998,swap,notBad
11203,5,16215.3,5,16211.999999999998,swap,notBad
11204,5,16215.3,5,16211.999999999998,2opt,notBad
11205,5,16215.3,5,16211.999999999998,swap,notBad
11206,5,16215.3,5,16211.999999999998,swap,notBad
11207,5,16215.3,5,16211.999999999998,2opt,notBad
11208,5,16215.3,5,16211.999999999998,swap,notBad
11209,5,16215.3,5,16211.999999999998,2opt,notBad
11210,5,16215.3,5,16211.999999999998,swap,notBad
11211,5,16215.3,5,16211.999999999998,2opt,notBad
11212,5,16215.3,5,16211.999999999998,2opt,notBad
11213,5,16215.3,5,16211.999999999998,move,improve
11214,5,16215.3,5,16211.999999999998,swap,notBad
11215,5,16215.3,5,16211.999999999998,2opt,notBad
11216,5,16215.3,5,16211.999999999998,swap,notBad
11217,5,16215.3,5,16211.999999999998,move,improve
11218,5,16215.3,5,16211.999999999998,2opt,notBad
11219,5,16215.3,5,16211.999999999998,2opt,notBad
11220,5,16215.3,5,16211.999999999998,2opt,notBad
11221,5,16215.3,5,16211.999999999998,swap,notBad
11222,5,16215.3,5,16211.999999999998,2opt,notBad
11223,5,16215.3,5,16211.999999999998,2opt,notBad
11224,5,16215.3,5,16211.999999999998,move,improve
11225,5,16215.3,5,16211.999999999998,2opt,notBad
