i,vehi,obj,vehiBest,objBest,loFunc,note
1,1,112.40999999999998,1,82.22999999999999,swap,acceptBad
2,1,114.74999999999999,1,82.22999999999999,swap,acceptBad
3,2,2277.7799999999997,1,82.22999999999999,2opt,acceptBad
4,3,4300.36,1,82.22999999999999,2opt,acceptBad
5,3,4149.69,1,82.22999999999999,move,improve
6,3,510.5600000000002,1,82.22999999999999,move,improve
7,4,3045.61,1,82.22999999999999,2opt,acceptBad
8,4,3033.01,1,82.22999999999999,move,improve
9,4,3033.01,1,82.22999999999999,move,improve
10,4,3028.67,1,82.22999999999999,swap,improve
11,4,3088.290000000001,1,82.22999999999999,swap,acceptBad
12,4,3088.290000000001,1,82.22999999999999,2opt,improve
13,4,3118.2000000000003,1,82.22999999999999,swap,acceptBad
14,4,3065.79,1,82.22999999999999,move,improve
15,4,3063.25,1,82.22999999999999,swap,improve
16,4,3074.5,1,82.22999999999999,swap,acceptBad
17,4,3059.1400000000003,1,82.22999999999999,swap,improve
18,4,3098.0799999999995,1,82.22999999999999,swap,acceptBad
19,4,3093.6699999999996,1,82.22999999999999,swap,improve
20,5,4711.51,1,82.22999999999999,2opt,acceptBad
21,5,4721.2699999999995,1,82.22999999999999,swap,acceptBad
22,6,9101.88,1,82.22999999999999,2opt,acceptBad
23,6,9096.119999999999,1,82.22999999999999,swap,improve
24,6,9112.559999999998,1,82.22999999999999,2opt,acceptBad
25,6,12296.91,1,82.22999999999999,2opt,acceptBad
26,6,11778.63,1,82.22999999999999,move,improve
27,6,9345.09,1,82.22999999999999,2opt,improve
28,6,8975.84,1,82.22999999999999,move,improve
29,6,8535.829999999998,1,82.22999999999999,move,improve
30,6,8973.23,1,82.22999999999999,swap,acceptBad
31,6,8916.339999999998,1,82.22999999999999,2opt,improve
32,6,6322.85,1,82.22999999999999,move,improve
33,6,6323.84,1,82.22999999999999,swap,acceptBad
34,6,6501.139999999998,1,82.22999999999999,swap,acceptBad
35,6,6035.689999999999,1,82.22999999999999,move,improve
36,6,6123.620000000001,1,82.22999999999999,swap,acceptBad
37,6,2679.6599999999994,1,82.22999999999999,move,improve
38,6,2672.9699999999993,1,82.22999999999999,swap,improve
39,6,2498.629999999999,1,82.22999999999999,swap,improve
40,6,2442.1499999999996,1,82.22999999999999,move,improve
41,6,2429.7000000000003,1,82.22999999999999,swap,improve
42,7,13310.4,1,82.22999999999999,2opt,acceptBad
43,7,13309.23,1,82.22999999999999,2opt,improve
44,7,13341.260000000002,1,82.22999999999999,2opt,acceptBad
45,7,6529.789999999999,1,82.22999999999999,2opt,improve
46,7,6540.179999999999,1,82.22999999999999,swap,acceptBad
47,7,6537.599999999999,1,82.22999999999999,move,improve
48,7,5947.02,1,82.22999999999999,move,improve
49,7,3785.5000000000014,1,82.22999999999999,move,improve
50,7,3803.2400000000016,1,82.22999999999999,swap,acceptBad
51,7,3805.970000000002,1,82.22999999999999,2opt,acceptBad
52,7,3858.290000000001,1,82.22999999999999,swap,acceptBad
53,7,3285.0900000000006,1,82.22999999999999,swap,improve
54,7,3275.250000000001,1,82.22999999999999,move,improve
55,8,4182.490000000001,1,82.22999999999999,2opt,acceptBad
56,8,4182.6100000000015,1,82.22999999999999,2opt,acceptBad
57,8,4057.860000000002,1,82.22999999999999,swap,improve
58,8,15608.099999999995,1,82.22999999999999,swap,acceptBad
59,8,15604.619999999999,1,82.22999999999999,2opt,improve
60,8,9537.86,1,82.22999999999999,move,improve
61,8,9540.050000000001,1,82.22999999999999,swap,acceptBad
62,8,8959.720000000001,1,82.22999999999999,move,improve
63,8,8939.769999999999,1,82.22999999999999,swap,improve
64,8,8943.279999999999,1,82.22999999999999,swap,acceptBad
65,8,8762.17,1,82.22999999999999,swap,improve
66,8,8762.17,1,82.22999999999999,move,improve
67,8,19340.359999999993,1,82.22999999999999,swap,acceptBad
68,8,19056.309999999998,1,82.22999999999999,move,improve
69,8,19064.02,1,82.22999999999999,swap,acceptBad
70,8,19064.109999999997,1,82.22999999999999,2opt,acceptBad
71,8,25140.760000000002,1,82.22999999999999,2opt,acceptBad
72,8,25217.219999999998,1,82.22999999999999,swap,acceptBad
73,8,19813.38,1,82.22999999999999,2opt,improve
74,8,19695.239999999994,1,82.22999999999999,move,improve
75,8,19111.329999999998,1,82.22999999999999,2opt,improve
76,8,19098.359999999997,1,82.22999999999999,swap,improve
77,8,9377.720000000001,1,82.22999999999999,move,improve
78,9,21878.980000000003,1,82.22999999999999,2opt,acceptBad
79,8,18725.21,1,82.22999999999999,2opt,improve
80,8,18540.04,1,82.22999999999999,2opt,improve
81,8,18644.939999999995,1,82.22999999999999,2opt,acceptBad
82,8,18544.96,1,82.22999999999999,swap,improve
83,8,18544.96,1,82.22999999999999,2opt,improve
84,8,15642.419999999995,1,82.22999999999999,move,improve
85,8,10145.499999999998,1,82.22999999999999,move,improve
86,8,10146.909999999998,1,82.22999999999999,2opt,acceptBad
87,8,19316.85,1,82.22999999999999,swap,acceptBad
88,8,18614.389999999996,1,82.22999999999999,move,improve
89,8,18023.65,1,82.22999999999999,move,improve
90,8,18023.65,1,82.22999999999999,move,improve
91,8,18162.849999999995,1,82.22999999999999,swap,acceptBad
92,8,18162.849999999995,1,82.22999999999999,2opt,improve
93,8,18883.510000000002,1,82.22999999999999,2opt,acceptBad
94,8,18876.510000000006,1,82.22999999999999,swap,improve
95,8,19328.350000000006,1,82.22999999999999,2opt,acceptBad
96,8,19372.27,1,82.22999999999999,swap,acceptBad
97,8,10731.67,1,82.22999999999999,move,improve
98,8,10731.85,1,82.22999999999999,swap,acceptBad
99,8,10731.85,1,82.22999999999999,move,improve
100,8,10731.85,1,82.22999999999999,2opt,improve
101,8,10744.009999999998,1,82.22999999999999,swap,acceptBad
102,8,10741.4,1,82.22999999999999,swap,improve
103,8,19255.79,1,82.22999999999999,swap,acceptBad
104,8,18877.79,1,82.22999999999999,move,improve
105,8,18889.16,1,82.22999999999999,swap,acceptBad
106,8,18890.539999999997,1,82.22999999999999,2opt,acceptBad
107,8,17139.839999999997,1,82.22999999999999,swap,improve
108,7,8208.84,1,82.22999999999999,move,improve
109,7,8208.84,1,82.22999999999999,2opt,improve
110,7,8213.97,1,82.22999999999999,2opt,acceptBad
111,7,12945.569999999998,1,82.22999999999999,2opt,acceptBad
112,7,12356.010000000002,1,82.22999999999999,move,improve
113,7,12335.990000000002,1,82.22999999999999,swap,improve
114,7,12186.799999999997,1,82.22999999999999,swap,improve
115,7,12202.83,1,82.22999999999999,swap,acceptBad
116,7,9724.68,1,82.22999999999999,2opt,improve
117,7,4305.32,1,82.22999999999999,2opt,improve
118,7,9901.139999999998,1,82.22999999999999,swap,acceptBad
119,7,10671.75,1,82.22999999999999,2opt,acceptBad
120,7,10562.539999999999,1,82.22999999999999,swap,improve
121,7,10501.56,1,82.22999999999999,swap,improve
122,7,4312.129999999999,1,82.22999999999999,move,improve
123,7,9244.189999999999,1,82.22999999999999,2opt,acceptBad
124,7,8769.33,1,82.22999999999999,move,improve
125,7,8725.410000000002,1,82.22999999999999,move,improve
126,7,8726.850000000002,1,82.22999999999999,2opt,acceptBad
127,7,11406.39,1,82.22999999999999,swap,acceptBad
128,7,10850.619999999997,1,82.22999999999999,move,improve
129,7,10866.699999999997,1,82.22999999999999,swap,acceptBad
130,7,10866.699999999997,1,82.22999999999999,move,improve
131,7,10866.699999999997,1,82.22999999999999,move,improve
132,7,10482.779999999999,1,82.22999999999999,move,improve
133,7,9973.410000000002,1,82.22999999999999,move,improve
134,7,6279.449999999999,1,82.22999999999999,2opt,improve
135,7,6255.779999999999,1,82.22999999999999,swap,improve
136,7,9668.109999999997,1,82.22999999999999,swap,acceptBad
137,7,16604.44,1,82.22999999999999,2opt,acceptBad
138,7,16603.839999999997,1,82.22999999999999,swap,improve
139,7,16563.309999999998,1,82.22999999999999,swap,improve
140,7,16052.909999999998,1,82.22999999999999,move,improve
141,7,14346.209999999997,1,82.22999999999999,2opt,improve
142,7,14347.789999999999,1,82.22999999999999,swap,acceptBad
143,7,9018.349999999999,1,82.22999999999999,swap,improve
144,7,9013.519999999999,1,82.22999999999999,2opt,improve
145,7,8876.67,1,82.22999999999999,move,improve
146,7,8899.319999999998,1,82.22999999999999,swap,acceptBad
147,7,8851.269999999997,1,82.22999999999999,swap,improve
148,7,8861.259999999997,1,82.22999999999999,swap,acceptBad
149,8,11393.059999999996,1,82.22999999999999,2opt,acceptBad
150,8,10660.599999999999,1,82.22999999999999,move,improve
151,8,9074.799999999997,1,82.22999999999999,swap,improve
152,8,9074.799999999997,1,82.22999999999999,move,improve
153,8,9066.609999999997,1,82.22999999999999,2opt,improve
154,8,9066.609999999997,1,82.22999999999999,move,improve
155,8,8471.039999999999,1,82.22999999999999,move,improve
156,9,13351.349999999997,1,82.22999999999999,2opt,acceptBad
157,9,13346.549999999997,1,82.22999999999999,swap,improve
158,9,20155.76,1,82.22999999999999,2opt,acceptBad
159,9,20177.729999999996,1,82.22999999999999,swap,acceptBad
160,9,20177.729999999996,1,82.22999999999999,2opt,improve
161,9,20014.8,1,82.22999999999999,move,improve
162,9,20015.43,1,82.22999999999999,swap,acceptBad
163,9,19344.149999999994,1,82.22999999999999,move,improve
164,9,15722.93,1,82.22999999999999,move,improve
165,9,15722.960000000001,1,82.22999999999999,swap,acceptBad
166,9,15723.14,1,82.22999999999999,2opt,acceptBad
167,9,15731.12,1,82.22999999999999,swap,acceptBad
168,9,20640.019999999997,1,82.22999999999999,2opt,acceptBad
169,9,20640.019999999997,1,82.22999999999999,2opt,improve
170,9,19826.909999999996,1,82.22999999999999,move,improve
171,9,19994.869999999995,1,82.22999999999999,2opt,acceptBad
172,9,19984.100000000002,1,82.22999999999999,move,improve
173,9,18285.16,1,82.22999999999999,swap,improve
174,9,18248.780000000002,1,82.22999999999999,swap,improve
175,9,24315.479999999996,1,82.22999999999999,2opt,acceptBad
176,9,23557.719999999994,1,82.22999999999999,2opt,improve
177,9,20601.179999999997,1,82.22999999999999,swap,improve
178,9,19754.9,1,82.22999999999999,move,improve
179,9,19754.9,1,82.22999999999999,move,improve
180,9,14430.12,1,82.22999999999999,move,improve
181,9,14422.890000000003,1,82.22999999999999,2opt,improve
182,9,9387.5,1,82.22999999999999,move,improve
183,9,9526.809999999998,1,82.22999999999999,2opt,acceptBad
184,8,6786.679999999999,1,82.22999999999999,move,improve
185,8,6787.879999999997,1,82.22999999999999,2opt,acceptBad
186,7,5303.5599999999995,1,82.22999999999999,2opt,improve
187,8,17526.980000000003,1,82.22999999999999,2opt,acceptBad
188,8,17413.86,1,82.22999999999999,swap,improve
189,8,16895.81,1,82.22999999999999,move,improve
190,8,16239.279999999997,1,82.22999999999999,move,improve
191,9,26294.399999999998,1,82.22999999999999,2opt,acceptBad
192,9,26377.299999999996,1,82.22999999999999,swap,acceptBad
193,9,26459.309999999998,1,82.22999999999999,2opt,acceptBad
194,9,25062.75,1,82.22999999999999,move,improve
195,9,26182.959999999995,1,82.22999999999999,swap,acceptBad
196,10,40196.87999999999,1,82.22999999999999,2opt,acceptBad
197,10,39619.810000000005,1,82.22999999999999,move,improve
198,10,40244.02,1,82.22999999999999,2opt,acceptBad
199,9,26911.580000000013,1,82.22999999999999,2opt,improve
200,9,30653.169999999995,1,82.22999999999999,swap,acceptBad
201,9,30648.93999999999,1,82.22999999999999,2opt,improve
202,9,30451.44999999999,1,82.22999999999999,swap,improve
203,9,35025.539999999986,1,82.22999999999999,swap,acceptBad
204,9,35045.819999999985,1,82.22999999999999,swap,acceptBad
205,9,35268.270000000004,1,82.22999999999999,2opt,acceptBad
206,9,38850.23,1,82.22999999999999,swap,acceptBad
207,9,35894.659999999996,1,82.22999999999999,move,improve
208,9,38486.18,1,82.22999999999999,swap,acceptBad
209,9,38632.66999999999,1,82.22999999999999,2opt,acceptBad
210,9,36046.72,1,82.22999999999999,move,improve
211,9,36046.72,1,82.22999999999999,2opt,improve
212,9,35804.26000000001,1,82.22999999999999,move,improve
213,9,35840.09,1,82.22999999999999,swap,acceptBad
214,9,31162.579999999994,1,82.22999999999999,move,improve
215,9,30534.699999999993,1,82.22999999999999,move,improve
216,9,30547.68999999999,1,82.22999999999999,swap,acceptBad
217,9,35494.51,1,82.22999999999999,2opt,acceptBad
218,9,35900.8,1,82.22999999999999,2opt,acceptBad
219,9,36423.54,1,82.22999999999999,2opt,acceptBad
220,10,43628.41,1,82.22999999999999,2opt,acceptBad
221,10,43628.41,1,82.22999999999999,2opt,improve
222,10,43601.80999999998,1,82.22999999999999,move,improve
223,10,43581.40999999999,1,82.22999999999999,swap,improve
224,10,44483.02,1,82.22999999999999,swap,acceptBad
225,10,43291.75,1,82.22999999999999,move,improve
226,10,42435.40999999999,1,82.22999999999999,move,improve
227,10,42435.40999999999,1,82.22999999999999,move,improve
228,10,45106.91999999997,1,82.22999999999999,2opt,acceptBad
229,10,44981.06999999997,1,82.22999999999999,swap,improve
230,9,34574.95999999999,1,82.22999999999999,2opt,improve
231,9,34572.229999999996,1,82.22999999999999,swap,improve
232,9,28374.3,1,82.22999999999999,move,improve
233,9,28374.3,1,82.22999999999999,2opt,improve
234,9,27894.829999999994,1,82.22999999999999,move,improve
235,9,27894.499999999996,1,82.22999999999999,2opt,improve
236,9,27897.529999999995,1,82.22999999999999,2opt,acceptBad
237,9,27896.899999999994,1,82.22999999999999,swap,improve
238,9,27514.41,1,82.22999999999999,move,improve
239,9,27518.760000000002,1,82.22999999999999,swap,acceptBad
240,9,27519.210000000003,1,82.22999999999999,swap,acceptBad
241,9,27443.629999999997,1,82.22999999999999,move,improve
242,9,27450.889999999996,1,82.22999999999999,swap,acceptBad
243,9,27431.869999999995,1,82.22999999999999,2opt,improve
244,9,28110.399999999998,1,82.22999999999999,swap,acceptBad
245,9,28127.019999999993,1,82.22999999999999,swap,acceptBad
246,9,33831.50999999998,1,82.22999999999999,swap,acceptBad
247,9,33828.80999999998,1,82.22999999999999,swap,improve
248,9,33176.80999999999,1,82.22999999999999,move,improve
249,9,27280.920000000006,1,82.22999999999999,move,improve
250,9,26879.33,1,82.22999999999999,move,improve
251,9,26879.33,1,82.22999999999999,move,improve
252,9,27409.90999999999,1,82.22999999999999,2opt,acceptBad
253,9,26866.42999999999,1,82.22999999999999,move,improve
254,9,27203.819999999996,1,82.22999999999999,swap,acceptBad
255,9,27212.039999999997,1,82.22999999999999,swap,acceptBad
256,9,24954.580000000005,1,82.22999999999999,2opt,improve
257,9,24950.680000000008,1,82.22999999999999,swap,improve
258,9,27999.74,1,82.22999999999999,2opt,acceptBad
259,9,27535.620000000003,1,82.22999999999999,move,improve
260,9,27597.389999999996,1,82.22999999999999,swap,acceptBad
261,9,27048.530000000002,1,82.22999999999999,move,improve
262,9,26906.600000000006,1,82.22999999999999,swap,improve
263,9,27116.840000000007,1,82.22999999999999,swap,acceptBad
264,9,26549.57,1,82.22999999999999,move,improve
265,9,26549.57,1,82.22999999999999,2opt,improve
266,9,25923.32,1,82.22999999999999,move,improve
267,9,16711.189999999995,1,82.22999999999999,move,improve
268,9,16336.06,1,82.22999999999999,2opt,improve
269,9,16343.919999999998,1,82.22999999999999,2opt,acceptBad
270,9,12736.57,1,82.22999999999999,move,improve
271,9,12734.92,1,82.22999999999999,2opt,improve
272,8,5332.51,1,82.22999999999999,move,improve
273,8,5331.589999999999,1,82.22999999999999,swap,improve
274,8,16315.63,1,82.22999999999999,2opt,acceptBad
275,8,16313.06,1,82.22999999999999,swap,improve
276,8,16313.06,1,82.22999999999999,2opt,improve
277,7,3593.709999999999,1,82.22999999999999,move,improve
278,7,3598.479999999999,1,82.22999999999999,2opt,acceptBad
279,7,3057.97,1,82.22999999999999,move,improve
280,7,3409.3199999999993,1,82.22999999999999,swap,acceptBad
281,8,16183.840000000006,1,82.22999999999999,2opt,acceptBad
282,8,15535.109999999997,1,82.22999999999999,move,improve
283,8,15053.550000000003,1,82.22999999999999,move,improve
284,8,15053.550000000003,1,82.22999999999999,2opt,notBad
285,8,15053.550000000003,1,82.22999999999999,2opt,improve
286,8,15043.56,1,82.22999999999999,2opt,improve
287,8,15048.599999999999,1,82.22999999999999,2opt,acceptBad
288,8,14883.98,1,82.22999999999999,move,improve
289,8,23011.01,1,82.22999999999999,swap,acceptBad
290,8,19597.52,1,82.22999999999999,swap,improve
291,8,20119.25,1,82.22999999999999,swap,acceptBad
292,8,20217.610000000004,1,82.22999999999999,swap,acceptBad
293,8,19650.800000000003,1,82.22999999999999,move,improve
294,8,19774.770000000004,1,82.22999999999999,2opt,acceptBad
295,8,19839.080000000005,1,82.22999999999999,2opt,acceptBad
296,8,17428.059999999998,1,82.22999999999999,move,improve
297,8,16848.519999999997,1,82.22999999999999,move,improve
298,8,16855.329999999994,1,82.22999999999999,swap,acceptBad
299,8,16275.440000000002,1,82.22999999999999,move,improve
300,8,16276.130000000001,1,82.22999999999999,swap,acceptBad
301,8,10544.310000000001,1,82.22999999999999,move,improve
302,8,10545.0,1,82.22999999999999,2opt,acceptBad
303,8,9887.42,1,82.22999999999999,move,improve
304,8,14936.979999999996,1,82.22999999999999,2opt,acceptBad
305,8,15997.059999999998,1,82.22999999999999,swap,acceptBad
306,8,15993.639999999998,1,82.22999999999999,swap,improve
307,8,15999.369999999997,1,82.22999999999999,swap,acceptBad
308,8,16025.179999999998,1,82.22999999999999,swap,acceptBad
309,8,16013.239999999998,1,82.22999999999999,swap,improve
310,8,16010.489999999998,1,82.22999999999999,swap,improve
311,8,16009.559999999996,1,82.22999999999999,2opt,improve
312,8,16009.559999999996,1,82.22999999999999,2opt,notBad
313,8,16012.439999999997,1,82.22999999999999,2opt,acceptBad
314,8,15498.67,1,82.22999999999999,move,improve
315,9,26106.66,1,82.22999999999999,2opt,acceptBad
316,9,19942.37,1,82.22999999999999,move,improve
317,9,20026.36,1,82.22999999999999,2opt,acceptBad
318,9,19450.870000000003,1,82.22999999999999,move,improve
319,9,18531.77,1,82.22999999999999,move,improve
320,9,18539.36,1,82.22999999999999,2opt,acceptBad
321,9,21952.879999999994,1,82.22999999999999,2opt,acceptBad
322,9,18539.359999999993,1,82.22999999999999,move,improve
323,9,18527.749999999993,1,82.22999999999999,2opt,improve
324,9,18526.31,1,82.22999999999999,2opt,improve
325,9,18526.31,1,82.22999999999999,move,improve
326,9,19097.729999999996,1,82.22999999999999,2opt,acceptBad
327,9,19097.729999999996,1,82.22999999999999,2opt,improve
328,9,19287.58,1,82.22999999999999,swap,acceptBad
329,9,18312.519999999997,1,82.22999999999999,move,improve
330,9,17553.120000000003,1,82.22999999999999,move,improve
331,9,16352.11,1,82.22999999999999,move,improve
332,9,16395.780000000002,1,82.22999999999999,swap,acceptBad
333,8,9029.16,1,82.22999999999999,move,improve
334,8,9018.66,1,82.22999999999999,2opt,improve
335,8,19340.25,1,82.22999999999999,2opt,acceptBad
336,8,18757.63,1,82.22999999999999,move,improve
337,8,18842.23,1,82.22999999999999,2opt,acceptBad
338,7,7339.41,1,82.22999999999999,2opt,improve
339,7,7060.339999999999,1,82.22999999999999,move,improve
340,7,7084.249999999999,1,82.22999999999999,swap,acceptBad
341,7,7082.539999999999,1,82.22999999999999,swap,improve
342,7,7080.709999999999,1,82.22999999999999,move,improve
343,7,7083.789999999999,1,82.22999999999999,swap,acceptBad
344,7,7082.11,1,82.22999999999999,move,improve
345,7,7090.389999999998,1,82.22999999999999,2opt,acceptBad
346,7,6517.719999999999,1,82.22999999999999,move,improve
347,7,6516.07,1,82.22999999999999,swap,improve
348,7,6516.07,1,82.22999999999999,2opt,improve
349,7,15599.089999999997,1,82.22999999999999,swap,acceptBad
350,7,15599.719999999998,1,82.22999999999999,swap,acceptBad
351,7,15599.839999999997,1,82.22999999999999,swap,acceptBad
352,7,15597.400000000001,1,82.22999999999999,swap,improve
353,7,15105.82,1,82.22999999999999,move,improve
354,7,15105.82,1,82.22999999999999,2opt,improve
355,7,15101.289999999999,1,82.22999999999999,2opt,improve
356,7,15239.619999999999,1,82.22999999999999,swap,acceptBad
357,7,15183.900000000003,1,82.22999999999999,2opt,improve
358,7,15132.04,1,82.22999999999999,swap,improve
359,7,15132.04,1,82.22999999999999,2opt,improve
360,7,15076.340000000004,1,82.22999999999999,2opt,improve
361,7,6573.860000000001,1,82.22999999999999,move,improve
362,7,6580.97,1,82.22999999999999,swap,acceptBad
363,7,6144.350000000001,1,82.22999999999999,move,improve
364,7,3886.439999999999,1,82.22999999999999,swap,improve
365,7,10962.03,1,82.22999999999999,2opt,acceptBad
366,7,10952.820000000002,1,82.22999999999999,2opt,improve
367,7,12162.900000000001,1,82.22999999999999,swap,acceptBad
368,7,12589.390000000001,1,82.22999999999999,2opt,acceptBad
369,6,10239.71,1,82.22999999999999,2opt,improve
370,6,7014.1799999999985,1,82.22999999999999,swap,improve
371,6,7033.169999999998,1,82.22999999999999,swap,acceptBad
372,6,6534.839999999999,1,82.22999999999999,swap,improve
373,6,6543.15,1,82.22999999999999,2opt,acceptBad
374,6,6068.55,1,82.22999999999999,move,improve
375,6,6061.83,1,82.22999999999999,swap,improve
376,6,6066.24,1,82.22999999999999,2opt,acceptBad
377,6,6087.23,1,82.22999999999999,swap,acceptBad
378,6,10126.71,1,82.22999999999999,2opt,acceptBad
379,6,9957.8,1,82.22999999999999,move,improve
380,6,9953.329999999998,1,82.22999999999999,2opt,improve
381,6,9973.609999999999,1,82.22999999999999,swap,acceptBad
382,6,1805.6100000000001,1,82.22999999999999,move,improve
383,6,1768.05,1,82.22999999999999,swap,improve
384,6,1768.05,1,82.22999999999999,move,improve
385,6,1761.36,1,82.22999999999999,swap,improve
386,6,1761.36,1,82.22999999999999,2opt,improve
387,6,1737.8999999999999,1,82.22999999999999,swap,improve
388,6,1702.7599999999998,1,82.22999999999999,move,improve
389,6,2450.16,1,82.22999999999999,2opt,acceptBad
390,6,2452.83,1,82.22999999999999,2opt,acceptBad
391,6,4448.12,1,82.22999999999999,swap,acceptBad
392,7,6523.169999999998,1,82.22999999999999,2opt,acceptBad
393,7,6529.649999999999,1,82.22999999999999,swap,acceptBad
394,7,6523.709999999999,1,82.22999999999999,2opt,improve
395,7,6521.33,1,82.22999999999999,swap,improve
396,7,6521.33,1,82.22999999999999,2opt,improve
397,7,14115.529999999997,1,82.22999999999999,2opt,acceptBad
398,7,13686.339999999998,1,82.22999999999999,move,improve
399,7,3919.06,1,82.22999999999999,2opt,improve
400,7,3931.6599999999994,1,82.22999999999999,swap,acceptBad
401,7,3934.5699999999993,1,82.22999999999999,2opt,acceptBad
402,7,3934.5699999999993,1,82.22999999999999,2opt,improve
403,7,3934.5699999999993,1,82.22999999999999,move,improve
404,7,3936.4899999999993,1,82.22999999999999,swap,acceptBad
405,7,3934.540000000001,1,82.22999999999999,swap,improve
406,6,1786.9599999999996,1,82.22999999999999,move,improve
407,6,1496.4900000000002,1,82.22999999999999,move,improve
408,6,1496.4900000000002,1,82.22999999999999,move,improve
409,7,6048.760000000001,1,82.22999999999999,2opt,acceptBad
410,7,6059.200000000001,1,82.22999999999999,2opt,acceptBad
411,7,6058.270000000001,1,82.22999999999999,move,improve
412,7,6058.750000000001,1,82.22999999999999,2opt,acceptBad
413,7,6064.290000000001,1,82.22999999999999,swap,acceptBad
414,7,6042.089999999999,1,82.22999999999999,swap,improve
415,7,6049.259999999999,1,82.22999999999999,2opt,acceptBad
416,7,2850.5099999999998,1,82.22999999999999,move,improve
417,7,12813.48,1,82.22999999999999,swap,acceptBad
418,7,12279.179999999997,1,82.22999999999999,move,improve
419,7,11688.119999999999,1,82.22999999999999,move,improve
420,7,11688.349999999997,1,82.22999999999999,swap,acceptBad
421,7,1854.5300000000007,1,82.22999999999999,move,improve
422,7,1854.0200000000007,1,82.22999999999999,swap,improve
423,7,3066.4499999999985,1,82.22999999999999,swap,acceptBad
424,7,11913.029999999999,1,82.22999999999999,2opt,acceptBad
425,7,18632.7,1,82.22999999999999,2opt,acceptBad
426,7,14668.339999999998,1,82.22999999999999,move,improve
427,7,15166.070000000002,1,82.22999999999999,swap,acceptBad
428,7,7133.129999999998,1,82.22999999999999,2opt,improve
429,7,6170.789999999999,1,82.22999999999999,move,improve
430,7,9310.139999999998,1,82.22999999999999,2opt,acceptBad
431,7,5540.449999999999,1,82.22999999999999,move,improve
432,7,2721.5,1,82.22999999999999,move,improve
433,7,2721.5,1,82.22999999999999,move,improve
434,7,7373.919999999999,1,82.22999999999999,2opt,acceptBad
435,7,7383.07,1,82.22999999999999,swap,acceptBad
436,7,7392.940000000001,1,82.22999999999999,2opt,acceptBad
437,8,19624.1,1,82.22999999999999,2opt,acceptBad
438,8,24364.340000000007,1,82.22999999999999,2opt,acceptBad
439,8,24365.090000000007,1,82.22999999999999,swap,acceptBad
440,8,24366.35,1,82.22999999999999,2opt,acceptBad
441,8,24023.27,1,82.22999999999999,swap,improve
442,8,18709.679999999997,1,82.22999999999999,swap,improve
443,8,25897.3,1,82.22999999999999,swap,acceptBad
444,8,25300.590000000004,1,82.22999999999999,move,improve
445,8,25301.49,1,82.22999999999999,2opt,acceptBad
446,8,25207.430000000008,1,82.22999999999999,2opt,improve
447,8,25205.540000000008,1,82.22999999999999,swap,improve
448,8,25276.31,1,82.22999999999999,swap,acceptBad
449,8,24610.5,1,82.22999999999999,2opt,improve
450,8,24663.019999999997,1,82.22999999999999,2opt,acceptBad
451,8,24665.329999999998,1,82.22999999999999,swap,acceptBad
452,8,24656.329999999998,1,82.22999999999999,swap,improve
453,8,24665.239999999998,1,82.22999999999999,swap,acceptBad
454,8,17467.179999999997,1,82.22999999999999,move,improve
455,8,17457.679999999993,1,82.22999999999999,move,improve
456,8,17261.65,1,82.22999999999999,swap,improve
457,8,18450.530000000002,1,82.22999999999999,2opt,acceptBad
458,8,18463.61,1,82.22999999999999,swap,acceptBad
459,8,8133.229999999998,1,82.22999999999999,swap,improve
460,8,4682.91,1,82.22999999999999,move,improve
461,8,4693.52,1,82.22999999999999,swap,acceptBad
462,8,4702.52,1,82.22999999999999,2opt,acceptBad
463,8,4702.52,1,82.22999999999999,2opt,improve
464,8,4706.300000000001,1,82.22999999999999,swap,acceptBad
465,8,4704.920000000001,1,82.22999999999999,2opt,improve
466,8,4700.600000000001,1,82.22999999999999,move,improve
467,8,4689.950000000002,1,82.22999999999999,swap,improve
468,8,4301.26,1,82.22999999999999,move,improve
469,8,15601.439999999997,1,82.22999999999999,swap,acceptBad
470,8,15599.340000000002,1,82.22999999999999,2opt,improve
471,8,16303.589999999997,1,82.22999999999999,2opt,acceptBad
472,8,15585.569999999994,1,82.22999999999999,move,improve
473,8,15546.320000000002,1,82.22999999999999,swap,improve
474,8,15551.269999999999,1,82.22999999999999,2opt,acceptBad
475,8,15551.269999999999,1,82.22999999999999,move,improve
476,8,14624.019999999997,1,82.22999999999999,move,improve
477,8,7962.21,1,82.22999999999999,move,improve
478,8,7423.23,1,82.22999999999999,move,improve
479,8,7423.23,1,82.22999999999999,move,improve
480,8,7316.829999999999,1,82.22999999999999,swap,improve
481,8,15186.449999999995,1,82.22999999999999,swap,acceptBad
482,8,15186.539999999995,1,82.22999999999999,swap,acceptBad
483,8,23090.73,1,82.22999999999999,2opt,acceptBad
484,8,23053.07,1,82.22999999999999,swap,improve
485,8,16689.899999999994,1,82.22999999999999,move,improve
486,8,16684.019999999997,1,82.22999999999999,swap,improve
487,8,16063.709999999997,1,82.22999999999999,move,improve
488,8,16796.199999999997,1,82.22999999999999,2opt,acceptBad
489,8,16998.120000000003,1,82.22999999999999,swap,acceptBad
490,8,16983.73,1,82.22999999999999,swap,improve
491,8,10191.880000000001,1,82.22999999999999,move,improve
492,8,19737.870000000003,1,82.22999999999999,swap,acceptBad
493,8,20186.42,1,82.22999999999999,2opt,acceptBad
494,8,20235.87,1,82.22999999999999,swap,acceptBad
495,8,17811.57,1,82.22999999999999,2opt,improve
496,9,20873.34,1,82.22999999999999,2opt,acceptBad
497,9,20227.629999999997,1,82.22999999999999,move,improve
498,9,28463.899999999994,1,82.22999999999999,swap,acceptBad
499,9,28473.919999999995,1,82.22999999999999,swap,acceptBad
500,9,29917.079999999994,1,82.22999999999999,swap,acceptBad
501,9,29854.870000000006,1,82.22999999999999,swap,improve
502,9,29103.020000000008,1,82.22999999999999,move,improve
503,9,20452.979999999996,1,82.22999999999999,move,improve
504,9,20406.249999999993,1,82.22999999999999,swap,improve
505,9,20256.769999999997,1,82.22999999999999,swap,improve
506,10,33174.170000000006,1,82.22999999999999,2opt,acceptBad
507,9,20561.6,1,82.22999999999999,2opt,improve
508,9,19991.24,1,82.22999999999999,move,improve
509,9,14919.269999999991,1,82.22999999999999,move,improve
510,9,14718.240000000002,1,82.22999999999999,2opt,improve
511,9,14720.07,1,82.22999999999999,2opt,acceptBad
512,9,14494.35,1,82.22999999999999,swap,improve
513,9,14692.810000000001,1,82.22999999999999,swap,acceptBad
514,9,13616.029999999995,1,82.22999999999999,move,improve
515,9,13170.99,1,82.22999999999999,move,improve
516,9,13246.619999999997,1,82.22999999999999,2opt,acceptBad
517,9,12726.549999999996,1,82.22999999999999,move,improve
518,9,24169.969999999998,1,82.22999999999999,2opt,acceptBad
519,9,22761.350000000002,1,82.22999999999999,swap,improve
520,9,21547.739999999994,1,82.22999999999999,move,improve
521,9,21660.03,1,82.22999999999999,swap,acceptBad
522,9,21814.139999999996,1,82.22999999999999,2opt,acceptBad
523,9,21547.179999999997,1,82.22999999999999,swap,improve
524,9,19669.659999999996,1,82.22999999999999,move,improve
525,9,18945.5,1,82.22999999999999,move,improve
526,9,20761.96,1,82.22999999999999,swap,acceptBad
527,8,9576.850000000002,1,82.22999999999999,move,improve
528,8,9576.850000000002,1,82.22999999999999,move,improve
529,8,9656.639999999998,1,82.22999999999999,swap,acceptBad
530,8,9935.939999999999,1,82.22999999999999,move,acceptBad
531,8,9935.79,1,82.22999999999999,2opt,improve
532,8,10664.439999999999,1,82.22999999999999,swap,acceptBad
533,8,10664.439999999999,1,82.22999999999999,2opt,improve
534,8,21482.529999999995,1,82.22999999999999,2opt,acceptBad
535,8,21326.729999999996,1,82.22999999999999,2opt,improve
536,8,21161.879999999994,1,82.22999999999999,move,improve
537,8,10196.47,1,82.22999999999999,move,improve
538,8,7993.590000000001,1,82.22999999999999,swap,improve
539,8,8058.82,1,82.22999999999999,swap,acceptBad
540,8,7444.039999999998,1,82.22999999999999,move,improve
541,8,7443.6799999999985,1,82.22999999999999,2opt,improve
542,8,7446.859999999998,1,82.22999999999999,2opt,acceptBad
543,8,7446.859999999998,1,82.22999999999999,move,improve
544,8,16592.949999999997,1,82.22999999999999,2opt,acceptBad
545,8,16592.079999999998,1,82.22999999999999,2opt,improve
546,8,16592.079999999998,1,82.22999999999999,2opt,notBad
547,8,13730.479999999998,1,82.22999999999999,move,improve
548,8,12965.369999999999,1,82.22999999999999,move,improve
549,8,8695.72,1,82.22999999999999,move,improve
550,8,5054.99,1,82.22999999999999,move,improve
551,8,4537.739999999999,1,82.22999999999999,move,improve
552,8,4202.16,1,82.22999999999999,move,improve
553,8,4063.25,1,82.22999999999999,move,improve
554,8,4078.79,1,82.22999999999999,2opt,acceptBad
555,8,4064.1499999999996,1,82.22999999999999,2opt,improve
556,8,15605.650000000001,1,82.22999999999999,swap,acceptBad
557,8,23379.689999999995,1,82.22999999999999,swap,acceptBad
558,8,23570.239999999994,1,82.22999999999999,2opt,acceptBad
559,8,21344.67,1,82.22999999999999,2opt,improve
560,8,21438.36,1,82.22999999999999,swap,acceptBad
561,8,11427.989999999998,1,82.22999999999999,2opt,improve
562,8,11426.039999999997,1,82.22999999999999,swap,improve
563,8,12162.390000000003,1,82.22999999999999,swap,acceptBad
564,8,12915.549999999997,1,82.22999999999999,2opt,acceptBad
565,8,12826.309999999996,1,82.22999999999999,move,improve
566,8,12681.39,1,82.22999999999999,2opt,improve
567,8,12681.39,1,82.22999999999999,2opt,improve
568,8,17133.960000000003,1,82.22999999999999,2opt,acceptBad
569,8,17133.960000000003,1,82.22999999999999,swap,improve
570,8,16945.910000000003,1,82.22999999999999,2opt,improve
571,8,12998.960000000003,1,82.22999999999999,move,improve
572,7,10784.039999999997,1,82.22999999999999,2opt,improve
573,7,6398.110000000001,1,82.22999999999999,move,improve
574,7,6388.840000000003,1,82.22999999999999,2opt,improve
575,7,5208.58,1,82.22999999999999,move,improve
576,7,5220.19,1,82.22999999999999,swap,acceptBad
577,7,5217.58,1,82.22999999999999,move,improve
578,7,5401.599999999999,1,82.22999999999999,swap,acceptBad
579,7,5398.69,1,82.22999999999999,move,improve
580,8,6743.15,1,82.22999999999999,2opt,acceptBad
581,8,6749.489999999998,1,82.22999999999999,swap,acceptBad
582,8,7101.529999999999,1,82.22999999999999,2opt,acceptBad
583,8,6565.75,1,82.22999999999999,2opt,improve
584,8,6565.75,1,82.22999999999999,2opt,notBad
585,8,6565.75,1,82.22999999999999,move,improve
586,8,17184.909999999993,1,82.22999999999999,swap,acceptBad
587,8,17212.17,1,82.22999999999999,swap,acceptBad
588,8,17212.17,1,82.22999999999999,move,improve
589,8,16964.809999999998,1,82.22999999999999,swap,improve
590,8,16800.51,1,82.22999999999999,swap,improve
591,8,16800.51,1,82.22999999999999,2opt,improve
592,8,16388.169999999995,1,82.22999999999999,move,improve
593,8,16388.169999999995,1,82.22999999999999,2opt,improve
594,8,15821.71,1,82.22999999999999,move,improve
595,8,15825.46,1,82.22999999999999,swap,acceptBad
596,8,15798.42,1,82.22999999999999,swap,improve
597,8,18825.660000000003,1,82.22999999999999,2opt,acceptBad
598,8,18779.38,1,82.22999999999999,swap,improve
599,8,18051.6,1,82.22999999999999,2opt,improve
600,8,18051.6,1,82.22999999999999,move,improve
601,8,17231.559999999998,1,82.22999999999999,move,improve
602,8,17096.079999999998,1,82.22999999999999,swap,improve
603,8,20582.7,1,82.22999999999999,2opt,acceptBad
604,8,18604.69,1,82.22999999999999,move,improve
605,8,17825.94,1,82.22999999999999,swap,improve
606,9,27418.3,1,82.22999999999999,2opt,acceptBad
607,9,27445.210000000003,1,82.22999999999999,2opt,acceptBad
608,9,27727.49,1,82.22999999999999,swap,acceptBad
609,9,33258.35,1,82.22999999999999,swap,acceptBad
610,9,32276.019999999993,1,82.22999999999999,2opt,improve
611,9,32741.949999999986,1,82.22999999999999,swap,acceptBad
612,9,32726.589999999993,1,82.22999999999999,swap,improve
613,9,32165.170000000002,1,82.22999999999999,move,improve
614,9,31972.190000000006,1,82.22999999999999,move,improve
615,9,32208.290000000008,1,82.22999999999999,swap,acceptBad
616,9,27914.290000000005,1,82.22999999999999,move,improve
617,9,30523.9,1,82.22999999999999,swap,acceptBad
618,9,31315.440000000002,1,82.22999999999999,swap,acceptBad
619,9,24014.61,1,82.22999999999999,move,improve
620,9,22998.779999999995,1,82.22999999999999,move,improve
621,9,28631.02,1,82.22999999999999,swap,acceptBad
622,9,28631.02,1,82.22999999999999,2opt,improve
623,9,28680.010000000002,1,82.22999999999999,swap,acceptBad
624,8,19141.920000000002,1,82.22999999999999,move,improve
625,8,19236.46,1,82.22999999999999,swap,acceptBad
626,8,19121.92,1,82.22999999999999,move,improve
627,8,17409.16,1,82.22999999999999,swap,improve
628,8,17475.88,1,82.22999999999999,swap,acceptBad
629,8,12182.55,1,82.22999999999999,move,improve
630,8,12181.38,1,82.22999999999999,swap,improve
631,8,11741.329999999998,1,82.22999999999999,move,improve
632,8,10780.81,1,82.22999999999999,move,improve
633,7,9295.769999999999,1,82.22999999999999,2opt,improve
634,7,9219.06,1,82.22999999999999,swap,improve
635,8,20913.329999999998,1,82.22999999999999,2opt,acceptBad
636,8,20979.549999999996,1,82.22999999999999,swap,acceptBad
637,8,22082.3,1,82.22999999999999,swap,acceptBad
638,8,22082.09,1,82.22999999999999,2opt,improve
639,8,20855.37,1,82.22999999999999,2opt,improve
640,8,20855.37,1,82.22999999999999,2opt,improve
641,8,20230.88,1,82.22999999999999,move,improve
642,8,20230.88,1,82.22999999999999,move,improve
643,8,19606.9,1,82.22999999999999,move,improve
644,8,19562.429999999997,1,82.22999999999999,swap,improve
645,8,19762.979999999992,1,82.22999999999999,2opt,acceptBad
646,8,18854.89,1,82.22999999999999,swap,improve
647,8,18854.89,1,82.22999999999999,2opt,notBad
648,8,18854.89,1,82.22999999999999,2opt,notBad
649,8,19353.139999999992,1,82.22999999999999,swap,acceptBad
650,8,19353.139999999992,1,82.22999999999999,move,improve
651,8,26673.4,1,82.22999999999999,swap,acceptBad
652,8,30142.809999999998,1,82.22999999999999,2opt,acceptBad
653,8,26685.12,1,82.22999999999999,swap,improve
654,8,26156.970000000005,1,82.22999999999999,2opt,improve
655,8,26156.970000000005,1,82.22999999999999,2opt,improve
656,8,26241.75,1,82.22999999999999,swap,acceptBad
657,8,26097.460000000003,1,82.22999999999999,swap,improve
658,7,15036.129999999997,1,82.22999999999999,2opt,improve
659,7,14916.519999999997,1,82.22999999999999,swap,improve
660,7,5284.660000000001,1,82.22999999999999,2opt,improve
661,7,5283.160000000001,1,82.22999999999999,move,improve
662,6,4077.6199999999994,1,82.22999999999999,2opt,improve
663,6,3712.33,1,82.22999999999999,move,improve
664,6,3681.7199999999984,1,82.22999999999999,swap,improve
665,6,3359.059999999998,1,82.22999999999999,move,improve
666,6,2652.089999999999,1,82.22999999999999,move,improve
667,6,2393.59,1,82.22999999999999,move,improve
668,6,2407.780000000001,1,82.22999999999999,swap,acceptBad
669,6,2218.8600000000015,1,82.22999999999999,move,improve
670,6,4964.830000000001,1,82.22999999999999,swap,acceptBad
671,6,4713.220000000001,1,82.22999999999999,move,improve
672,6,4716.710000000002,1,82.22999999999999,swap,acceptBad
673,6,4702.910000000003,1,82.22999999999999,swap,improve
674,6,4702.910000000003,1,82.22999999999999,move,improve
675,7,13198.759999999998,1,82.22999999999999,2opt,acceptBad
676,7,13931.489999999998,1,82.22999999999999,2opt,acceptBad
677,7,19683.469999999994,1,82.22999999999999,2opt,acceptBad
678,7,15050.67,1,82.22999999999999,swap,improve
679,7,14866.949999999997,1,82.22999999999999,swap,improve
680,7,12844.55,1,82.22999999999999,move,improve
681,7,14503.910000000002,1,82.22999999999999,2opt,acceptBad
682,7,14574.820000000002,1,82.22999999999999,swap,acceptBad
683,7,14265.97,1,82.22999999999999,swap,improve
684,7,6334.459999999999,1,82.22999999999999,move,improve
685,7,14064.32,1,82.22999999999999,2opt,acceptBad
686,7,13868.900000000001,1,82.22999999999999,move,improve
687,7,14146.469999999998,1,82.22999999999999,swap,acceptBad
688,7,13454.300000000001,1,82.22999999999999,2opt,improve
689,7,12960.5,1,82.22999999999999,move,improve
690,7,19352.09,1,82.22999999999999,2opt,acceptBad
691,7,18393.73,1,82.22999999999999,move,improve
692,7,12420.649999999998,1,82.22999999999999,move,improve
693,7,17399.539999999997,1,82.22999999999999,2opt,acceptBad
694,7,17359.259999999995,1,82.22999999999999,move,improve
695,7,12238.42,1,82.22999999999999,2opt,improve
696,7,12231.46,1,82.22999999999999,swap,improve
697,7,12232.39,1,82.22999999999999,swap,acceptBad
698,7,11340.73,1,82.22999999999999,move,improve
699,7,11339.289999999999,1,82.22999999999999,2opt,improve
700,7,10750.84,1,82.22999999999999,move,improve
701,7,10732.869999999997,1,82.22999999999999,swap,improve
702,7,10189.48,1,82.22999999999999,move,improve
703,7,5001.88,1,82.22999999999999,2opt,improve
704,7,4359.3099999999995,1,82.22999999999999,move,improve
705,8,14588.679999999998,1,82.22999999999999,2opt,acceptBad
706,8,14588.679999999998,1,82.22999999999999,2opt,notBad
707,8,20286.399999999998,1,82.22999999999999,swap,acceptBad
708,8,23810.210000000003,1,82.22999999999999,swap,acceptBad
709,8,23752.879999999997,1,82.22999999999999,swap,improve
710,8,23731.450000000004,1,82.22999999999999,move,improve
711,8,24757.09,1,82.22999999999999,swap,acceptBad
712,8,24757.09,1,82.22999999999999,2opt,improve
713,8,24445.669999999995,1,82.22999999999999,swap,improve
714,8,15735.490000000003,1,82.22999999999999,move,improve
715,8,15003.86,1,82.22999999999999,move,improve
716,8,14679.88,1,82.22999999999999,move,improve
717,8,14727.51,1,82.22999999999999,swap,acceptBad
718,8,14658.369999999999,1,82.22999999999999,swap,improve
719,8,14658.369999999999,1,82.22999999999999,2opt,improve
720,8,14662.480000000001,1,82.22999999999999,2opt,acceptBad
721,8,15617.040000000003,1,82.22999999999999,2opt,acceptBad
722,8,18873.089999999997,1,82.22999999999999,swap,acceptBad
723,8,19432.490000000005,1,82.22999999999999,swap,acceptBad
724,8,18255.289999999997,1,82.22999999999999,move,improve
725,8,17566.739999999994,1,82.22999999999999,2opt,improve
726,8,18136.17,1,82.22999999999999,2opt,acceptBad
727,8,18366.679999999993,1,82.22999999999999,2opt,acceptBad
728,8,25644.699999999997,1,82.22999999999999,swap,acceptBad
729,8,25329.829999999998,1,82.22999999999999,swap,improve
730,8,24842.209999999995,1,82.22999999999999,2opt,improve
731,8,24608.050000000007,1,82.22999999999999,2opt,improve
732,8,24088.58,1,82.22999999999999,move,improve
733,8,24090.08,1,82.22999999999999,swap,acceptBad
734,8,23179.149999999994,1,82.22999999999999,move,improve
735,8,23182.28999999999,1,82.22999999999999,swap,acceptBad
736,8,18140.1,1,82.22999999999999,swap,improve
737,8,17470.48,1,82.22999999999999,move,improve
738,8,16489.269999999997,1,82.22999999999999,2opt,improve
739,8,11645.139999999996,1,82.22999999999999,swap,improve
740,8,11864.509999999997,1,82.22999999999999,swap,acceptBad
741,8,11866.679999999998,1,82.22999999999999,swap,acceptBad
742,9,25336.810000000005,1,82.22999999999999,2opt,acceptBad
743,9,25133.000000000004,1,82.22999999999999,swap,improve
744,9,24328.749999999996,1,82.22999999999999,move,improve
745,9,24140.679999999997,1,82.22999999999999,2opt,improve
746,9,24141.579999999994,1,82.22999999999999,2opt,acceptBad
747,9,24141.579999999994,1,82.22999999999999,2opt,notBad
748,9,20921.409999999996,1,82.22999999999999,swap,improve
749,9,20405.09999999999,1,82.22999999999999,move,improve
750,9,20399.66999999999,1,82.22999999999999,swap,improve
751,9,12790.269999999999,1,82.22999999999999,move,improve
752,9,23108.989999999987,1,82.22999999999999,2opt,acceptBad
753,9,23135.449999999993,1,82.22999999999999,swap,acceptBad
754,9,23264.499999999993,1,82.22999999999999,swap,acceptBad
755,9,31188.999999999996,1,82.22999999999999,2opt,acceptBad
756,9,30257.52,1,82.22999999999999,move,improve
757,9,29495.870000000003,1,82.22999999999999,move,improve
758,9,29489.750000000004,1,82.22999999999999,2opt,improve
759,9,29163.640000000003,1,82.22999999999999,move,improve
760,9,29899.509999999995,1,82.22999999999999,2opt,acceptBad
761,9,29895.039999999994,1,82.22999999999999,swap,improve
762,9,28976.949999999993,1,82.22999999999999,swap,improve
763,9,32356.929999999993,1,82.22999999999999,swap,acceptBad
764,9,33571.76999999999,1,82.22999999999999,2opt,acceptBad
765,8,28209.71999999999,1,82.22999999999999,2opt,improve
766,8,28180.589999999993,1,82.22999999999999,swap,improve
767,8,27697.029999999995,1,82.22999999999999,2opt,improve
768,8,27653.600000000002,1,82.22999999999999,swap,improve
769,8,28158.439999999988,1,82.22999999999999,2opt,acceptBad
770,8,28759.709999999995,1,82.22999999999999,2opt,acceptBad
771,8,28763.129999999994,1,82.22999999999999,2opt,acceptBad
772,8,28033.039999999986,1,82.22999999999999,move,improve
773,7,18690.6,1,82.22999999999999,2opt,improve
774,7,18774.569999999996,1,82.22999999999999,2opt,acceptBad
775,7,18688.919999999995,1,82.22999999999999,swap,improve
776,7,11413.869999999997,1,82.22999999999999,swap,improve
777,7,11423.279999999995,1,82.22999999999999,2opt,acceptBad
778,7,11536.589999999997,1,82.22999999999999,swap,acceptBad
779,7,11424.659999999994,1,82.22999999999999,swap,improve
780,7,10641.149999999998,1,82.22999999999999,move,improve
781,7,10375.149999999998,1,82.22999999999999,move,improve
782,7,10375.149999999998,1,82.22999999999999,2opt,notBad
783,7,10395.159999999998,1,82.22999999999999,swap,acceptBad
784,7,9716.009999999997,1,82.22999999999999,move,improve
785,7,15598.529999999995,1,82.22999999999999,swap,acceptBad
786,7,8275.109999999999,1,82.22999999999999,move,improve
787,7,8263.589999999997,1,82.22999999999999,2opt,improve
788,7,7715.009999999997,1,82.22999999999999,move,improve
789,8,14148.299999999994,1,82.22999999999999,2opt,acceptBad
790,8,13903.469999999994,1,82.22999999999999,move,improve
791,8,16334.829999999993,1,82.22999999999999,swap,acceptBad
792,8,15501.909999999996,1,82.22999999999999,move,improve
793,8,12681.469999999998,1,82.22999999999999,move,improve
794,8,12335.029999999995,1,82.22999999999999,move,improve
795,8,12344.869999999999,1,82.22999999999999,2opt,acceptBad
796,8,17121.989999999998,1,82.22999999999999,2opt,acceptBad
797,8,15872.090000000002,1,82.22999999999999,move,improve
798,8,15872.090000000002,1,82.22999999999999,move,improve
799,8,12052.58,1,82.22999999999999,2opt,improve
800,8,12044.559999999998,1,82.22999999999999,swap,improve
801,8,12112.6,1,82.22999999999999,swap,acceptBad
802,8,12095.990000000002,1,82.22999999999999,2opt,improve
803,8,12088.730000000001,1,82.22999999999999,swap,improve
804,8,12369.51,1,82.22999999999999,2opt,acceptBad
805,8,11106.77,1,82.22999999999999,2opt,improve
806,8,20427.44,1,82.22999999999999,swap,acceptBad
807,8,20440.76,1,82.22999999999999,swap,acceptBad
808,8,18240.019999999993,1,82.22999999999999,2opt,improve
809,8,12033.59,1,82.22999999999999,move,improve
810,8,13097.21,1,82.22999999999999,swap,acceptBad
811,8,13084.67,1,82.22999999999999,swap,improve
812,8,13571.240000000003,1,82.22999999999999,swap,acceptBad
813,8,8984.159999999996,1,82.22999999999999,move,improve
814,8,8990.519999999999,1,82.22999999999999,swap,acceptBad
815,8,8990.519999999999,1,82.22999999999999,2opt,notBad
816,8,9070.9,1,82.22999999999999,swap,acceptBad
817,8,8544.580000000002,1,82.22999999999999,swap,improve
818,8,8544.580000000002,1,82.22999999999999,2opt,improve
819,8,8523.359999999997,1,82.22999999999999,swap,improve
820,8,8352.56,1,82.22999999999999,swap,improve
821,8,5167.129999999999,1,82.22999999999999,move,improve
822,8,4765.369999999998,1,82.22999999999999,move,improve
823,8,7788.219999999998,1,82.22999999999999,2opt,acceptBad
824,8,7790.049999999997,1,82.22999999999999,2opt,acceptBad
825,8,7789.179999999998,1,82.22999999999999,swap,improve
826,8,7789.179999999998,1,82.22999999999999,2opt,notBad
827,8,7789.779999999997,1,82.22999999999999,2opt,acceptBad
828,8,7789.779999999997,1,82.22999999999999,2opt,notBad
829,8,7789.779999999997,1,82.22999999999999,2opt,notBad
830,8,7725.969999999998,1,82.22999999999999,swap,improve
831,8,16232.249999999995,1,82.22999999999999,swap,acceptBad
832,8,16232.249999999995,1,82.22999999999999,2opt,notBad
833,8,15496.019999999995,1,82.22999999999999,move,improve
834,8,15770.049999999996,1,82.22999999999999,swap,acceptBad
835,8,15780.549999999997,1,82.22999999999999,2opt,acceptBad
836,8,17056.08,1,82.22999999999999,2opt,acceptBad
837,8,17021.129999999997,1,82.22999999999999,swap,improve
838,8,25625.389999999996,1,82.22999999999999,swap,acceptBad
839,8,25630.249999999996,1,82.22999999999999,swap,acceptBad
840,8,16601.829999999998,1,82.22999999999999,move,improve
841,8,19594.979999999996,1,82.22999999999999,swap,acceptBad
842,8,19594.319999999996,1,82.22999999999999,swap,improve
843,8,20330.549999999996,1,82.22999999999999,2opt,acceptBad
844,8,17216.619999999995,1,82.22999999999999,2opt,improve
845,8,15809.159999999996,1,82.22999999999999,move,improve
846,8,15845.939999999995,1,82.22999999999999,swap,acceptBad
847,8,15842.459999999992,1,82.22999999999999,2opt,improve
848,8,9198.269999999997,1,82.22999999999999,move,improve
849,8,9198.269999999997,1,82.22999999999999,2opt,notBad
850,8,10174.789999999995,1,82.22999999999999,2opt,acceptBad
851,8,10172.959999999995,1,82.22999999999999,2opt,improve
852,8,10172.959999999995,1,82.22999999999999,2opt,notBad
853,8,10164.799999999996,1,82.22999999999999,2opt,improve
854,8,10164.799999999996,1,82.22999999999999,move,improve
855,8,10162.249999999995,1,82.22999999999999,2opt,improve
856,8,10161.619999999995,1,82.22999999999999,2opt,improve
857,8,10289.619999999999,1,82.22999999999999,swap,acceptBad
858,8,9655.269999999995,1,82.22999999999999,move,improve
859,8,5575.5999999999985,1,82.22999999999999,move,improve
860,8,5575.5999999999985,1,82.22999999999999,2opt,notBad
861,8,17355.46,1,82.22999999999999,swap,acceptBad
862,8,18303.609999999993,1,82.22999999999999,swap,acceptBad
863,8,18302.5,1,82.22999999999999,2opt,improve
864,8,18267.6,1,82.22999999999999,swap,improve
865,8,18001.199999999997,1,82.22999999999999,move,improve
866,8,17927.489999999994,1,82.22999999999999,swap,improve
867,8,17948.49,1,82.22999999999999,2opt,acceptBad
868,8,17948.49,1,82.22999999999999,2opt,notBad
869,8,5634.839999999999,1,82.22999999999999,move,improve
870,8,5020.609999999999,1,82.22999999999999,move,improve
871,8,9445.100000000002,1,82.22999999999999,2opt,acceptBad
872,8,9449.9,1,82.22999999999999,swap,acceptBad
873,8,8723.070000000003,1,82.22999999999999,2opt,improve
874,8,9916.280000000004,1,82.22999999999999,swap,acceptBad
875,8,9916.280000000004,1,82.22999999999999,move,improve
876,8,6253.0199999999995,1,82.22999999999999,move,improve
877,8,6252.960000000001,1,82.22999999999999,2opt,improve
878,8,6252.960000000001,1,82.22999999999999,move,improve
879,8,6253.5599999999995,1,82.22999999999999,2opt,acceptBad
880,8,6253.5599999999995,1,82.22999999999999,2opt,improve
881,8,6252.089999999999,1,82.22999999999999,swap,improve
882,8,5869.029999999999,1,82.22999999999999,move,improve
883,8,5866.719999999998,1,82.22999999999999,swap,improve
884,8,5293.6100000000015,1,82.22999999999999,move,improve
885,8,16409.04,1,82.22999999999999,swap,acceptBad
886,8,16409.04,1,82.22999999999999,move,improve
887,8,20275.78,1,82.22999999999999,2opt,acceptBad
888,8,20275.78,1,82.22999999999999,move,improve
889,8,13792.910000000002,1,82.22999999999999,swap,improve
890,8,13178.970000000001,1,82.22999999999999,move,improve
891,8,13151.909999999996,1,82.22999999999999,swap,improve
892,8,13354.869999999992,1,82.22999999999999,2opt,acceptBad
893,8,13333.339999999995,1,82.22999999999999,move,improve
894,8,13333.849999999997,1,82.22999999999999,2opt,acceptBad
895,8,12655.189999999995,1,82.22999999999999,move,improve
896,7,7956.029999999997,1,82.22999999999999,move,improve
897,7,7499.069999999999,1,82.22999999999999,move,improve
898,7,7479.369999999998,1,82.22999999999999,2opt,improve
899,7,7664.219999999999,1,82.22999999999999,move,acceptBad
900,7,6954.649999999995,1,82.22999999999999,swap,improve
901,7,6959.239999999998,1,82.22999999999999,2opt,acceptBad
902,6,4792.989999999998,1,82.22999999999999,2opt,improve
903,6,4792.989999999998,1,82.22999999999999,move,improve
904,6,4794.249999999999,1,82.22999999999999,2opt,acceptBad
905,6,4794.249999999999,1,82.22999999999999,2opt,notBad
906,6,2842.9499999999994,1,82.22999999999999,2opt,improve
907,6,2093.84,1,82.22999999999999,move,improve
908,6,2110.620000000001,1,82.22999999999999,swap,acceptBad
909,6,2101.020000000001,1,82.22999999999999,2opt,improve
910,6,1664.000000000001,1,82.22999999999999,move,improve
911,6,1655.720000000001,1,82.22999999999999,move,improve
912,6,1655.720000000001,1,82.22999999999999,2opt,notBad
913,6,1596.86,1,82.22999999999999,2opt,improve
914,6,1596.86,1,82.22999999999999,move,improve
915,6,1596.86,1,82.22999999999999,2opt,improve
916,6,4173.309999999999,1,82.22999999999999,swap,acceptBad
917,6,4160.8899999999985,1,82.22999999999999,swap,improve
918,6,4645.779999999999,1,82.22999999999999,swap,acceptBad
919,6,4645.089999999998,1,82.22999999999999,swap,improve
920,7,12388.480000000001,1,82.22999999999999,2opt,acceptBad
921,7,12388.480000000001,1,82.22999999999999,2opt,notBad
922,7,11979.22,1,82.22999999999999,swap,improve
923,7,11989.59,1,82.22999999999999,swap,acceptBad
924,7,11969.039999999999,1,82.22999999999999,move,improve
925,7,11958.09,1,82.22999999999999,2opt,improve
926,7,12080.219999999996,1,82.22999999999999,swap,acceptBad
927,7,12411.169999999998,1,82.22999999999999,2opt,acceptBad
928,7,7596.7699999999995,1,82.22999999999999,move,improve
929,7,7611.17,1,82.22999999999999,swap,acceptBad
930,7,7606.67,1,82.22999999999999,swap,improve
931,7,8516.15,1,82.22999999999999,2opt,acceptBad
932,7,8508.439999999999,1,82.22999999999999,2opt,improve
933,7,8510.36,1,82.22999999999999,2opt,acceptBad
934,6,4066.8799999999997,1,82.22999999999999,move,improve
935,6,3735.230000000001,1,82.22999999999999,move,improve
936,6,3661.0099999999993,1,82.22999999999999,swap,improve
937,6,3661.669999999999,1,82.22999999999999,2opt,acceptBad
938,6,3661.669999999999,1,82.22999999999999,2opt,notBad
939,6,3371.46,1,82.22999999999999,move,improve
940,6,2702.3199999999997,1,82.22999999999999,move,improve
941,6,2248.12,1,82.22999999999999,move,improve
942,6,2248.12,1,82.22999999999999,2opt,improve
943,6,2248.12,1,82.22999999999999,move,improve
944,6,2253.28,1,82.22999999999999,2opt,acceptBad
945,6,2245.63,1,82.22999999999999,swap,improve
946,6,2245.63,1,82.22999999999999,move,improve
947,6,2685.47,1,82.22999999999999,2opt,acceptBad
948,6,2674.58,1,82.22999999999999,2opt,improve
949,6,2674.2499999999995,1,82.22999999999999,move,improve
950,6,5169.729999999999,1,82.22999999999999,swap,acceptBad
951,6,5131.55,1,82.22999999999999,swap,improve
952,5,3490.11,1,82.22999999999999,2opt,improve
953,5,3643.39,1,82.22999999999999,swap,acceptBad
954,5,3302.62,1,82.22999999999999,move,improve
955,5,3387.45,1,82.22999999999999,2opt,acceptBad
956,5,3390.81,1,82.22999999999999,swap,acceptBad
957,5,3390.81,1,82.22999999999999,2opt,notBad
958,5,9147.12,1,82.22999999999999,swap,acceptBad
959,5,9149.28,1,82.22999999999999,2opt,acceptBad
960,5,9146.549999999996,1,82.22999999999999,2opt,improve
961,5,9146.549999999996,1,82.22999999999999,2opt,notBad
962,5,9134.52,1,82.22999999999999,2opt,improve
963,5,9143.660000000002,1,82.22999999999999,swap,acceptBad
964,5,8389.4,1,82.22999999999999,move,improve
965,5,8389.4,1,82.22999999999999,2opt,notBad
966,5,3242.2799999999997,1,82.22999999999999,move,improve
967,5,3233.2499999999995,1,82.22999999999999,swap,improve
968,6,4710.679999999999,1,82.22999999999999,2opt,acceptBad
969,6,4511.78,1,82.22999999999999,move,improve
970,6,4526.68,1,82.22999999999999,swap,acceptBad
971,6,4526.68,1,82.22999999999999,2opt,improve
972,6,4585.699999999998,1,82.22999999999999,swap,acceptBad
973,6,4516.529999999999,1,82.22999999999999,move,improve
974,6,4524.509999999998,1,82.22999999999999,swap,acceptBad
975,6,7157.39,1,82.22999999999999,2opt,acceptBad
976,6,7158.2,1,82.22999999999999,swap,acceptBad
977,6,6912.680000000001,1,82.22999999999999,swap,improve
978,6,6550.62,1,82.22999999999999,move,improve
979,6,5981.970000000001,1,82.22999999999999,move,improve
980,6,10518.289999999997,1,82.22999999999999,swap,acceptBad
981,6,10351.129999999997,1,82.22999999999999,swap,improve
982,6,9620.390000000001,1,82.22999999999999,swap,improve
983,6,9620.390000000001,1,82.22999999999999,move,improve
984,6,9620.390000000001,1,82.22999999999999,2opt,improve
985,6,14111.01,1,82.22999999999999,2opt,acceptBad
986,6,8096.929999999999,1,82.22999999999999,move,improve
987,6,8111.339999999999,1,82.22999999999999,swap,acceptBad
988,6,8121.419999999998,1,82.22999999999999,swap,acceptBad
989,6,2322.78,1,82.22999999999999,move,improve
990,6,2313.3,1,82.22999999999999,2opt,improve
991,7,6278.13,1,82.22999999999999,2opt,acceptBad
992,7,5857.0199999999995,1,82.22999999999999,move,improve
993,7,5860.469999999999,1,82.22999999999999,swap,acceptBad
994,7,5374.259999999999,1,82.22999999999999,move,improve
995,7,5380.079999999999,1,82.22999999999999,2opt,acceptBad
996,7,5277.780000000002,1,82.22999999999999,move,improve
997,7,5537.069999999999,1,82.22999999999999,2opt,acceptBad
998,7,5534.8499999999985,1,82.22999999999999,swap,improve
999,7,6128.8499999999985,1,82.22999999999999,swap,acceptBad
1000,7,5419.089999999998,1,82.22999999999999,move,improve
1001,7,13906.570000000002,1,82.22999999999999,swap,acceptBad
1002,7,10958.140000000001,1,82.22999999999999,2opt,improve
1003,7,10958.140000000001,1,82.22999999999999,move,improve
1004,7,10281.58,1,82.22999999999999,move,improve
1005,7,7113.510000000001,1,82.22999999999999,move,improve
1006,7,6739.800000000001,1,82.22999999999999,move,improve
1007,7,6747.870000000002,1,82.22999999999999,swap,acceptBad
1008,7,12860.329999999998,1,82.22999999999999,swap,acceptBad
1009,7,11615.630000000001,1,82.22999999999999,2opt,improve
1010,7,11939.640000000001,1,82.22999999999999,swap,acceptBad
1011,7,11917.8,1,82.22999999999999,move,improve
1012,7,11968.109999999999,1,82.22999999999999,swap,acceptBad
1013,7,11966.549999999997,1,82.22999999999999,move,improve
1014,7,7204.289999999999,1,82.22999999999999,swap,improve
1015,7,6733.829999999999,1,82.22999999999999,move,improve
1016,7,6719.159999999999,1,82.22999999999999,2opt,improve
1017,7,6735.0599999999995,1,82.22999999999999,swap,acceptBad
1018,7,6734.97,1,82.22999999999999,swap,improve
1019,7,6734.73,1,82.22999999999999,swap,improve
1020,7,6736.44,1,82.22999999999999,swap,acceptBad
1021,7,8721.890000000001,1,82.22999999999999,2opt,acceptBad
1022,7,8204.140000000001,1,82.22999999999999,move,improve
1023,7,6127.349999999999,1,82.22999999999999,2opt,improve
1024,7,6090.8,1,82.22999999999999,2opt,improve
1025,7,6090.8,1,82.22999999999999,swap,notBad
1026,7,6083.78,1,82.22999999999999,swap,improve
1027,7,6093.169999999998,1,82.22999999999999,2opt,acceptBad
1028,7,6091.4299999999985,1,82.22999999999999,swap,improve
1029,7,6091.4299999999985,1,82.22999999999999,2opt,notBad
1030,7,6503.980000000002,1,82.22999999999999,2opt,acceptBad
1031,7,6502.300000000002,1,82.22999999999999,2opt,improve
1032,7,6372.900000000002,1,82.22999999999999,swap,improve
1033,7,6404.169999999999,1,82.22999999999999,swap,acceptBad
1034,7,15119.509999999998,1,82.22999999999999,swap,acceptBad
1035,7,15094.879999999997,1,82.22999999999999,swap,improve
1036,7,14611.61,1,82.22999999999999,move,improve
1037,7,13046.410000000002,1,82.22999999999999,swap,improve
1038,7,4502.999999999999,1,82.22999999999999,move,improve
1039,7,4502.999999999999,1,82.22999999999999,move,improve
1040,7,4503.299999999998,1,82.22999999999999,2opt,acceptBad
1041,7,4498.559999999999,1,82.22999999999999,swap,improve
1042,7,5443.35,1,82.22999999999999,swap,acceptBad
1043,7,5452.080000000001,1,82.22999999999999,2opt,acceptBad
1044,7,5476.2300000000005,1,82.22999999999999,2opt,acceptBad
1045,7,5477.040000000001,1,82.22999999999999,swap,acceptBad
1046,7,5475.510000000001,1,82.22999999999999,swap,improve
1047,7,5464.89,1,82.22999999999999,swap,improve
1048,7,5473.290000000001,1,82.22999999999999,swap,acceptBad
1049,7,5473.290000000001,1,82.22999999999999,2opt,improve
1050,7,5473.080000000001,1,82.22999999999999,2opt,improve
1051,7,5296.519999999999,1,82.22999999999999,swap,improve
1052,7,5302.939999999999,1,82.22999999999999,swap,acceptBad
1053,7,4524.209999999998,1,82.22999999999999,swap,improve
1054,7,4514.399999999999,1,82.22999999999999,2opt,improve
1055,7,4196.5999999999985,1,82.22999999999999,move,improve
1056,7,5013.549999999998,1,82.22999999999999,swap,acceptBad
1057,7,5019.459999999998,1,82.22999999999999,swap,acceptBad
1058,7,4508.739999999999,1,82.22999999999999,move,improve
1059,7,4508.739999999999,1,82.22999999999999,2opt,notBad
1060,7,4512.279999999999,1,82.22999999999999,2opt,acceptBad
1061,7,4498.359999999999,1,82.22999999999999,2opt,improve
1062,7,4855.109999999998,1,82.22999999999999,2opt,acceptBad
1063,7,4510.36,1,82.22999999999999,move,improve
1064,7,5365.199999999999,1,82.22999999999999,swap,acceptBad
1065,7,5365.319999999999,1,82.22999999999999,2opt,acceptBad
1066,7,5357.339999999998,1,82.22999999999999,move,improve
1067,7,4865.459999999998,1,82.22999999999999,move,improve
1068,7,4864.259999999998,1,82.22999999999999,move,improve
1069,7,4870.229999999999,1,82.22999999999999,2opt,acceptBad
1070,7,4284.359999999999,1,82.22999999999999,move,improve
1071,7,4284.359999999999,1,82.22999999999999,2opt,improve
1072,6,2947.679999999999,1,82.22999999999999,move,improve
1073,6,2750.399999999999,1,82.22999999999999,move,improve
1074,6,2750.399999999999,1,82.22999999999999,swap,notBad
1075,6,2761.6799999999994,1,82.22999999999999,2opt,acceptBad
1076,6,2761.6799999999994,1,82.22999999999999,move,improve
1077,6,2761.6799999999994,1,82.22999999999999,move,improve
1078,6,2034.5099999999995,1,82.22999999999999,move,improve
1079,6,2047.1699999999996,1,82.22999999999999,2opt,acceptBad
1080,6,2045.8799999999994,1,82.22999999999999,2opt,improve
1081,6,2040.6599999999996,1,82.22999999999999,2opt,improve
1082,6,2057.1,1,82.22999999999999,swap,acceptBad
1083,6,1757.5299999999993,1,82.22999999999999,move,improve
1084,6,1659.249999999999,1,82.22999999999999,2opt,improve
1085,6,1659.849999999999,1,82.22999999999999,2opt,acceptBad
1086,6,1640.139999999999,1,82.22999999999999,2opt,improve
1087,6,1326.0899999999992,1,82.22999999999999,move,improve
1088,6,1326.3399999999992,1,82.22999999999999,swap,acceptBad
1089,6,1064.2199999999993,1,82.22999999999999,move,improve
1090,6,1058.3399999999995,1,82.22999999999999,move,improve
1091,6,1061.5199999999995,1,82.22999999999999,swap,acceptBad
1092,6,1105.8399999999992,1,82.22999999999999,swap,acceptBad
1093,6,1105.8399999999992,1,82.22999999999999,2opt,notBad
1094,6,1108.3599999999992,1,82.22999999999999,swap,acceptBad
1095,6,1031.2099999999996,1,82.22999999999999,move,improve
1096,6,1029.4999999999995,1,82.22999999999999,swap,improve
1097,6,1029.4999999999995,1,82.22999999999999,2opt,notBad
1098,6,1033.6999999999996,1,82.22999999999999,2opt,acceptBad
1099,6,1033.3099999999997,1,82.22999999999999,2opt,improve
1100,6,1033.3099999999997,1,82.22999999999999,move,improve
1101,6,1033.3099999999997,1,82.22999999999999,2opt,notBad
1102,6,1728.1399999999994,1,82.22999999999999,2opt,acceptBad
1103,6,1700.8599999999994,1,82.22999999999999,move,improve
1104,6,2966.1599999999994,1,82.22999999999999,swap,acceptBad
1105,6,2603.9999999999995,1,82.22999999999999,move,improve
1106,6,2603.399999999999,1,82.22999999999999,move,improve
1107,6,2603.399999999999,1,82.22999999999999,2opt,notBad
1108,6,2630.4699999999993,1,82.22999999999999,swap,acceptBad
1109,6,2613.0299999999997,1,82.22999999999999,move,improve
1110,6,4760.8899999999985,1,82.22999999999999,swap,acceptBad
1111,6,2342.5900000000006,1,82.22999999999999,2opt,improve
1112,6,2334.7000000000007,1,82.22999999999999,2opt,improve
1113,6,10752.849999999999,1,82.22999999999999,swap,acceptBad
1114,6,10752.849999999999,1,82.22999999999999,2opt,notBad
1115,6,10250.22,1,82.22999999999999,move,improve
1116,6,9734.699999999997,1,82.22999999999999,move,improve
1117,6,9982.66,1,82.22999999999999,2opt,acceptBad
1118,6,1763.6900000000007,1,82.22999999999999,move,improve
1119,6,6115.8099999999995,1,82.22999999999999,swap,acceptBad
1120,6,5606.389999999999,1,82.22999999999999,move,improve
1121,6,12587.5,1,82.22999999999999,swap,acceptBad
1122,6,12642.07,1,82.22999999999999,2opt,acceptBad
1123,6,12641.529999999999,1,82.22999999999999,swap,improve
1124,6,12641.529999999999,1,82.22999999999999,2opt,improve
1125,6,5565.31,1,82.22999999999999,move,improve
1126,6,5565.31,1,82.22999999999999,move,improve
1127,6,5565.31,1,82.22999999999999,2opt,notBad
1128,6,1665.4699999999993,1,82.22999999999999,move,improve
1129,6,1680.7399999999993,1,82.22999999999999,swap,acceptBad
1130,7,2931.3799999999997,1,82.22999999999999,2opt,acceptBad
1131,7,2492.789999999999,1,82.22999999999999,move,improve
1132,7,2492.8799999999987,1,82.22999999999999,swap,acceptBad
1133,7,2492.8799999999987,1,82.22999999999999,2opt,notBad
1134,7,2492.8799999999987,1,82.22999999999999,2opt,notBad
1135,7,2492.8799999999987,1,82.22999999999999,move,improve
1136,7,2156.8999999999996,1,82.22999999999999,move,improve
1137,7,2156.8999999999996,1,82.22999999999999,move,improve
1138,7,1880.77,1,82.22999999999999,move,improve
1139,7,1880.77,1,82.22999999999999,swap,notBad
1140,7,1884.25,1,82.22999999999999,2opt,acceptBad
1141,7,1540.8999999999999,1,82.22999999999999,move,improve
1142,7,1547.11,1,82.22999999999999,2opt,acceptBad
1143,7,1549.54,1,82.22999999999999,2opt,acceptBad
1144,7,3630.129999999999,1,82.22999999999999,swap,acceptBad
1145,7,3063.699999999999,1,82.22999999999999,move,improve
1146,7,3063.699999999999,1,82.22999999999999,swap,notBad
1147,7,3063.699999999999,1,82.22999999999999,2opt,notBad
1148,7,3051.099999999999,1,82.22999999999999,swap,improve
1149,7,10252.15,1,82.22999999999999,swap,acceptBad
1150,7,9814.05,1,82.22999999999999,2opt,improve
1151,7,9814.05,1,82.22999999999999,2opt,notBad
1152,7,3649.9300000000003,1,82.22999999999999,move,improve
1153,7,3044.08,1,82.22999999999999,move,improve
1154,7,3147.38,1,82.22999999999999,2opt,acceptBad
1155,7,3145.73,1,82.22999999999999,move,improve
1156,7,3151.85,1,82.22999999999999,2opt,acceptBad
1157,7,2291.9599999999996,1,82.22999999999999,swap,improve
1158,7,2034.2700000000002,1,82.22999999999999,move,improve
1159,7,2038.2000000000007,1,82.22999999999999,swap,acceptBad
1160,7,2405.5000000000005,1,82.22999999999999,swap,acceptBad
1161,7,2405.5000000000005,1,82.22999999999999,swap,notBad
1162,7,2405.5000000000005,1,82.22999999999999,2opt,notBad
1163,7,2417.2700000000004,1,82.22999999999999,swap,acceptBad
1164,7,2658.4199999999996,1,82.22999999999999,swap,acceptBad
1165,7,2658.4199999999996,1,82.22999999999999,swap,notBad
1166,7,2654.129999999999,1,82.22999999999999,2opt,improve
1167,7,2649.6899999999996,1,82.22999999999999,2opt,improve
1168,7,2649.8999999999996,1,82.22999999999999,swap,acceptBad
1169,7,2285.329999999999,1,82.22999999999999,move,improve
1170,6,1781.1999999999998,1,82.22999999999999,2opt,improve
1171,6,1470.310000000001,1,82.22999999999999,2opt,improve
1172,6,1210.0900000000013,1,82.22999999999999,move,improve
1173,6,1210.0900000000013,1,82.22999999999999,swap,notBad
1174,6,1203.3100000000013,1,82.22999999999999,move,improve
1175,6,1203.3100000000013,1,82.22999999999999,move,improve
1176,6,1236.9800000000016,1,82.22999999999999,swap,acceptBad
1177,6,1250.6900000000016,1,82.22999999999999,2opt,acceptBad
1178,6,1944.9900000000023,1,82.22999999999999,2opt,acceptBad
1179,6,1659.340000000001,1,82.22999999999999,move,improve
1180,6,1659.340000000001,1,82.22999999999999,swap,notBad
1181,6,1997.730000000001,1,82.22999999999999,2opt,acceptBad
1182,6,2043.290000000001,1,82.22999999999999,swap,acceptBad
1183,6,3039.2899999999995,1,82.22999999999999,swap,acceptBad
1184,6,3000.7700000000004,1,82.22999999999999,2opt,improve
1185,6,2604.7700000000004,1,82.22999999999999,move,improve
1186,6,2725.2200000000003,1,82.22999999999999,swap,acceptBad
1187,6,2726.6600000000003,1,82.22999999999999,2opt,acceptBad
1188,6,2579.6200000000003,1,82.22999999999999,move,improve
1189,6,2576.4700000000007,1,82.22999999999999,2opt,improve
1190,6,5334.41,1,82.22999999999999,2opt,acceptBad
1191,6,2567.0699999999993,1,82.22999999999999,move,improve
1192,6,2567.0699999999993,1,82.22999999999999,move,improve
1193,6,2569.229999999999,1,82.22999999999999,swap,acceptBad
1194,6,2304.8299999999986,1,82.22999999999999,move,improve
1195,6,2472.8299999999995,1,82.22999999999999,move,acceptBad
1196,7,2961.959999999999,1,82.22999999999999,2opt,acceptBad
1197,7,2898.950000000001,1,82.22999999999999,move,improve
1198,7,2915.3000000000006,1,82.22999999999999,swap,acceptBad
1199,7,2750.1400000000003,1,82.22999999999999,move,improve
1200,7,2700.32,1,82.22999999999999,swap,improve
1201,7,2700.32,1,82.22999999999999,move,improve
1202,7,2709.3199999999997,1,82.22999999999999,swap,acceptBad
1203,7,2704.77,1,82.22999999999999,swap,improve
1204,7,2789.94,1,82.22999999999999,swap,acceptBad
1205,7,2465.14,1,82.22999999999999,move,improve
1206,7,2564.2000000000003,1,82.22999999999999,swap,acceptBad
1207,7,2564.2000000000003,1,82.22999999999999,2opt,notBad
1208,7,2518.5,1,82.22999999999999,swap,improve
1209,7,2507.2200000000003,1,82.22999999999999,move,improve
1210,7,2507.2200000000003,1,82.22999999999999,move,improve
1211,7,2399.219999999999,1,82.22999999999999,move,improve
1212,7,2405.3399999999992,1,82.22999999999999,2opt,acceptBad
1213,7,2393.849999999999,1,82.22999999999999,move,improve
1214,7,2393.849999999999,1,82.22999999999999,move,improve
1215,7,2393.849999999999,1,82.22999999999999,move,improve
1216,7,2393.849999999999,1,82.22999999999999,move,improve
1217,7,2393.849999999999,1,82.22999999999999,2opt,improve
1218,7,2218.9799999999987,1,82.22999999999999,move,improve
1219,7,2215.629999999999,1,82.22999999999999,move,improve
1220,7,2216.8999999999987,1,82.22999999999999,swap,acceptBad
1221,7,2216.8999999999987,1,82.22999999999999,2opt,improve
1222,7,2215.519999999999,1,82.22999999999999,move,improve
1223,7,2833.439999999999,1,82.22999999999999,2opt,acceptBad
1224,7,2713.0999999999995,1,82.22999999999999,move,improve
1225,7,2824.3099999999986,1,82.22999999999999,swap,acceptBad
1226,7,2818.279999999999,1,82.22999999999999,move,improve
1227,7,2818.279999999999,1,82.22999999999999,swap,notBad
1228,7,3209.06,1,82.22999999999999,swap,acceptBad
1229,7,3875.4100000000003,1,82.22999999999999,2opt,acceptBad
1230,7,3873.1000000000004,1,82.22999999999999,move,improve
1231,7,3872.4499999999994,1,82.22999999999999,swap,improve
1232,7,3879.2599999999993,1,82.22999999999999,swap,acceptBad
1233,7,3773.8399999999992,1,82.22999999999999,move,improve
1234,7,3773.8399999999992,1,82.22999999999999,2opt,improve
1235,7,4776.119999999998,1,82.22999999999999,2opt,acceptBad
1236,7,4443.89,1,82.22999999999999,swap,improve
1237,7,3627.41,1,82.22999999999999,move,improve
1238,7,3581.5099999999998,1,82.22999999999999,swap,improve
1239,7,2794.6700000000005,1,82.22999999999999,move,improve
1240,7,2794.6700000000005,1,82.22999999999999,2opt,notBad
1241,7,2795.6900000000005,1,82.22999999999999,swap,acceptBad
1242,7,3960.33,1,82.22999999999999,2opt,acceptBad
1243,7,3909.27,1,82.22999999999999,swap,improve
1244,7,3909.27,1,82.22999999999999,move,improve
1245,7,3909.27,1,82.22999999999999,move,improve
1246,7,3907.83,1,82.22999999999999,2opt,improve
1247,7,3907.83,1,82.22999999999999,swap,notBad
1248,7,3094.6500000000005,1,82.22999999999999,2opt,improve
1249,7,3094.6500000000005,1,82.22999999999999,move,improve
1250,7,3006.6299999999997,1,82.22999999999999,swap,improve
1251,7,3002.1299999999997,1,82.22999999999999,2opt,improve
1252,7,2410.319999999998,1,82.22999999999999,move,improve
1253,7,2892.629999999998,1,82.22999999999999,2opt,acceptBad
1254,7,2892.629999999998,1,82.22999999999999,2opt,improve
1255,7,2400.3899999999976,1,82.22999999999999,move,improve
1256,7,1908.5399999999968,1,82.22999999999999,move,improve
1257,7,2571.8399999999983,1,82.22999999999999,2opt,acceptBad
1258,7,2571.8399999999983,1,82.22999999999999,2opt,notBad
1259,7,2571.8399999999983,1,82.22999999999999,2opt,notBad
1260,7,2512.889999999998,1,82.22999999999999,swap,improve
1261,7,2512.889999999998,1,82.22999999999999,move,improve
1262,7,2952.3799999999987,1,82.22999999999999,2opt,acceptBad
1263,7,2784.2599999999993,1,82.22999999999999,move,improve
1264,7,2784.2599999999993,1,82.22999999999999,2opt,notBad
1265,7,2805.9099999999994,1,82.22999999999999,swap,acceptBad
1266,7,2990.5999999999995,1,82.22999999999999,swap,acceptBad
1267,7,2703.92,1,82.22999999999999,move,improve
1268,7,2703.92,1,82.22999999999999,swap,notBad
1269,7,2703.92,1,82.22999999999999,2opt,improve
1270,7,2372.4099999999994,1,82.22999999999999,move,improve
1271,7,2495.1999999999994,1,82.22999999999999,2opt,acceptBad
1272,7,2481.9699999999993,1,82.22999999999999,2opt,improve
1273,7,5262.089999999998,1,82.22999999999999,swap,acceptBad
1274,7,5324.1799999999985,1,82.22999999999999,swap,acceptBad
1275,7,5436.23,1,82.22999999999999,swap,acceptBad
1276,7,5436.23,1,82.22999999999999,move,improve
1277,7,3960.8499999999985,1,82.22999999999999,swap,improve
1278,7,3960.8499999999985,1,82.22999999999999,2opt,notBad
1279,7,3848.799999999997,1,82.22999999999999,swap,improve
1280,7,3848.799999999997,1,82.22999999999999,2opt,notBad
1281,7,3848.799999999997,1,82.22999999999999,2opt,notBad
1282,7,3848.109999999997,1,82.22999999999999,swap,improve
1283,7,3818.289999999997,1,82.22999999999999,swap,improve
1284,7,3172.6199999999994,1,82.22999999999999,move,improve
1285,7,3349.86,1,82.22999999999999,swap,acceptBad
1286,7,3272.4500000000003,1,82.22999999999999,move,improve
1287,7,3269.1400000000003,1,82.22999999999999,swap,improve
1288,7,3788.63,1,82.22999999999999,2opt,acceptBad
1289,7,3788.63,1,82.22999999999999,2opt,notBad
1290,7,3354.920000000001,1,82.22999999999999,move,improve
1291,7,2435.94,1,82.22999999999999,2opt,improve
1292,7,2597.03,1,82.22999999999999,2opt,acceptBad
1293,6,1729.58,1,82.22999999999999,move,improve
1294,6,1724.98,1,82.22999999999999,move,improve
1295,6,1724.98,1,82.22999999999999,2opt,notBad
1296,6,1724.98,1,82.22999999999999,2opt,notBad
1297,6,1609.97,1,82.22999999999999,2opt,improve
1298,6,1609.97,1,82.22999999999999,2opt,notBad
1299,6,1609.97,1,82.22999999999999,move,improve
1300,6,1609.97,1,82.22999999999999,swap,notBad
1301,6,1486.7200000000003,1,82.22999999999999,move,improve
1302,6,1822.3400000000006,1,82.22999999999999,2opt,acceptBad
1303,6,1828.5500000000006,1,82.22999999999999,2opt,acceptBad
1304,6,2393.550000000001,1,82.22999999999999,swap,acceptBad
1305,6,2393.550000000001,1,82.22999999999999,2opt,notBad
1306,6,1817.2400000000011,1,82.22999999999999,move,improve
1307,6,1717.290000000001,1,82.22999999999999,swap,improve
1308,6,1931.6800000000012,1,82.22999999999999,swap,acceptBad
1309,6,1929.370000000001,1,82.22999999999999,2opt,improve
1310,6,1929.370000000001,1,82.22999999999999,2opt,notBad
1311,6,1929.370000000001,1,82.22999999999999,move,improve
1312,6,1929.370000000001,1,82.22999999999999,2opt,notBad
1313,6,1951.0700000000002,1,82.22999999999999,swap,acceptBad
1314,6,1951.0700000000002,1,82.22999999999999,move,improve
1315,6,2183.4000000000005,1,82.22999999999999,2opt,acceptBad
1316,6,2370.32,1,82.22999999999999,2opt,acceptBad
1317,6,2370.32,1,82.22999999999999,2opt,notBad
1318,6,2372.94,1,82.22999999999999,swap,acceptBad
1319,6,2372.94,1,82.22999999999999,2opt,improve
1320,6,2331.8099999999995,1,82.22999999999999,2opt,improve
1321,6,2301.83,1,82.22999999999999,2opt,improve
1322,7,3118.43,1,82.22999999999999,2opt,acceptBad
1323,7,2492.1800000000007,1,82.22999999999999,2opt,improve
1324,7,4858.69,1,82.22999999999999,swap,acceptBad
1325,7,4858.69,1,82.22999999999999,2opt,notBad
1326,7,4880.25,1,82.22999999999999,swap,acceptBad
1327,7,4824.030000000001,1,82.22999999999999,2opt,improve
1328,7,5803.409999999998,1,82.22999999999999,swap,acceptBad
1329,7,5571.299999999997,1,82.22999999999999,move,improve
1330,7,5217.879999999997,1,82.22999999999999,move,improve
1331,7,5217.879999999997,1,82.22999999999999,move,improve
1332,7,5037.399999999999,1,82.22999999999999,swap,improve
1333,7,5035.179999999997,1,82.22999999999999,2opt,improve
1334,7,5035.179999999997,1,82.22999999999999,2opt,notBad
1335,7,5035.179999999997,1,82.22999999999999,2opt,notBad
1336,7,4101.209999999998,1,82.22999999999999,move,improve
1337,7,4002.65,1,82.22999999999999,move,improve
1338,7,3979.989999999998,1,82.22999999999999,2opt,improve
1339,7,3976.299999999998,1,82.22999999999999,move,improve
1340,7,3620.1599999999985,1,82.22999999999999,move,improve
1341,6,2514.1099999999988,1,82.22999999999999,move,improve
1342,6,2448.7099999999987,1,82.22999999999999,swap,improve
1343,6,3391.9,1,82.22999999999999,2opt,acceptBad
1344,6,3391.9,1,82.22999999999999,2opt,notBad
1345,6,3403.8100000000013,1,82.22999999999999,swap,acceptBad
1346,6,3473.570000000001,1,82.22999999999999,swap,acceptBad
1347,6,3174.870000000002,1,82.22999999999999,move,improve
1348,6,3172.650000000002,1,82.22999999999999,move,improve
1349,6,3171.000000000002,1,82.22999999999999,2opt,improve
1350,6,3171.000000000002,1,82.22999999999999,swap,notBad
1351,6,3171.000000000002,1,82.22999999999999,move,improve
1352,6,3088.020000000001,1,82.22999999999999,swap,improve
1353,6,8319.2,1,82.22999999999999,swap,acceptBad
1354,6,8278.66,1,82.22999999999999,move,improve
1355,6,8277.61,1,82.22999999999999,swap,improve
1356,6,8321.810000000001,1,82.22999999999999,swap,acceptBad
1357,6,8117.659999999998,1,82.22999999999999,move,improve
1358,6,12370.659999999998,1,82.22999999999999,swap,acceptBad
1359,6,12197.759999999998,1,82.22999999999999,swap,improve
1360,6,3730.43,1,82.22999999999999,move,improve
1361,6,3722.93,1,82.22999999999999,swap,improve
1362,6,3720.77,1,82.22999999999999,move,improve
1363,6,3027.149999999998,1,82.22999999999999,move,improve
1364,6,3225.1699999999983,1,82.22999999999999,swap,acceptBad
1365,6,3230.779999999998,1,82.22999999999999,2opt,acceptBad
1366,6,3144.9799999999977,1,82.22999999999999,swap,improve
1367,6,3144.9799999999977,1,82.22999999999999,2opt,notBad
1368,6,3144.259999999998,1,82.22999999999999,swap,improve
1369,6,3250.4599999999996,1,82.22999999999999,swap,acceptBad
1370,6,3458.379999999999,1,82.22999999999999,2opt,acceptBad
1371,6,3458.379999999999,1,82.22999999999999,move,improve
1372,6,3387.6399999999994,1,82.22999999999999,swap,improve
1373,6,7034.630000000001,1,82.22999999999999,swap,acceptBad
1374,6,7032.080000000001,1,82.22999999999999,move,improve
1375,6,3286.1600000000003,1,82.22999999999999,swap,improve
1376,6,3286.1600000000003,1,82.22999999999999,move,improve
1377,6,3285.5600000000004,1,82.22999999999999,swap,improve
1378,6,2643.2200000000003,1,82.22999999999999,swap,improve
1379,6,4445.8499999999985,1,82.22999999999999,2opt,acceptBad
1380,6,1788.37,1,82.22999999999999,move,improve
1381,6,6005.41,1,82.22999999999999,swap,acceptBad
1382,6,6005.41,1,82.22999999999999,move,improve
1383,6,2173.6999999999994,1,82.22999999999999,move,improve
1384,6,2173.6999999999994,1,82.22999999999999,move,improve
1385,6,2173.6999999999994,1,82.22999999999999,2opt,notBad
1386,6,2173.4599999999996,1,82.22999999999999,swap,improve
1387,6,2173.4599999999996,1,82.22999999999999,2opt,notBad
1388,6,1961.6599999999996,1,82.22999999999999,2opt,improve
1389,6,1961.6599999999996,1,82.22999999999999,move,improve
1390,6,1961.6599999999996,1,82.22999999999999,swap,notBad
1391,6,1961.6599999999996,1,82.22999999999999,2opt,notBad
1392,6,1463.4,1,82.22999999999999,move,improve
1393,6,1216.9400000000005,1,82.22999999999999,move,improve
1394,6,1800.9999999999995,1,82.22999999999999,swap,acceptBad
1395,6,1240.8799999999999,1,82.22999999999999,move,improve
1396,6,1235.87,1,82.22999999999999,swap,improve
1397,6,1240.28,1,82.22999999999999,2opt,acceptBad
1398,6,885.3900000000001,1,82.22999999999999,move,improve
1399,6,957.4699999999999,1,82.22999999999999,2opt,acceptBad
1400,6,957.4699999999999,1,82.22999999999999,2opt,notBad
1401,6,632.8400000000004,1,82.22999999999999,move,improve
1402,6,632.8400000000004,1,82.22999999999999,move,improve
1403,6,632.8400000000004,1,82.22999999999999,2opt,notBad
1404,6,632.8400000000004,1,82.22999999999999,2opt,notBad
1405,6,638.5100000000003,1,82.22999999999999,swap,acceptBad
1406,6,638.5100000000003,1,82.22999999999999,swap,notBad
1407,6,648.6000000000001,1,82.22999999999999,swap,acceptBad
1408,6,648.6000000000001,1,82.22999999999999,2opt,notBad
1409,6,655.3500000000001,1,82.22999999999999,2opt,acceptBad
1410,6,1001.3,1,82.22999999999999,2opt,acceptBad
1411,6,1001.3,1,82.22999999999999,2opt,notBad
1412,6,1001.3,1,82.22999999999999,2opt,notBad
1413,6,1184.3600000000006,1,82.22999999999999,swap,acceptBad
1414,6,1192.7500000000007,1,82.22999999999999,swap,acceptBad
1415,6,1189.9300000000007,1,82.22999999999999,2opt,improve
1416,6,1196.89,1,82.22999999999999,swap,acceptBad
1417,6,1196.89,1,82.22999999999999,swap,notBad
1418,6,913.5800000000004,1,82.22999999999999,move,improve
1419,6,838.4100000000001,1,82.22999999999999,move,improve
1420,6,597.7899999999989,1,82.22999999999999,move,improve
1421,6,597.7899999999989,1,82.22999999999999,2opt,notBad
1422,6,598.149999999999,1,82.22999999999999,swap,acceptBad
1423,6,600.3899999999998,1,82.22999999999999,swap,acceptBad
1424,6,600.3600000000001,1,82.22999999999999,swap,improve
1425,6,648.5399999999988,1,82.22999999999999,swap,acceptBad
1426,6,648.5399999999988,1,82.22999999999999,move,improve
1427,6,648.5399999999988,1,82.22999999999999,move,improve
1428,6,656.3699999999988,1,82.22999999999999,swap,acceptBad
1429,6,654.0299999999984,1,82.22999999999999,move,improve
1430,6,644.8899999999983,1,82.22999999999999,move,improve
1431,6,644.8899999999983,1,82.22999999999999,move,improve
1432,6,644.8899999999983,1,82.22999999999999,2opt,notBad
1433,6,970.9899999999982,1,82.22999999999999,move,acceptBad
1434,6,969.4299999999982,1,82.22999999999999,move,improve
1435,6,1454.349999999999,1,82.22999999999999,swap,acceptBad
1436,6,1454.349999999999,1,82.22999999999999,move,notBad
1437,6,1447.939999999999,1,82.22999999999999,move,improve
1438,6,1447.939999999999,1,82.22999999999999,2opt,notBad
1439,6,1453.5599999999984,1,82.22999999999999,2opt,acceptBad
1440,6,1400.3399999999983,1,82.22999999999999,swap,improve
1441,6,1400.3399999999983,1,82.22999999999999,2opt,improve
1442,6,1400.3399999999983,1,82.22999999999999,move,improve
1443,6,1396.8599999999983,1,82.22999999999999,move,improve
1444,6,1396.8599999999983,1,82.22999999999999,2opt,notBad
1445,6,1285.1799999999982,1,82.22999999999999,move,improve
1446,6,1285.1799999999982,1,82.22999999999999,move,improve
1447,6,1700.4100000000003,1,82.22999999999999,swap,acceptBad
1448,6,1641.4899999999998,1,82.22999999999999,swap,improve
1449,6,1641.4899999999998,1,82.22999999999999,move,improve
1450,6,1315.2400000000005,1,82.22999999999999,swap,improve
1451,6,1315.2400000000005,1,82.22999999999999,move,improve
1452,6,1315.2400000000005,1,82.22999999999999,2opt,notBad
1453,6,1315.2400000000005,1,82.22999999999999,swap,notBad
1454,6,1288.639999999999,1,82.22999999999999,swap,improve
1455,6,1277.0599999999981,1,82.22999999999999,move,improve
1456,6,1279.4999999999982,1,82.22999999999999,swap,acceptBad
1457,6,1128.18,1,82.22999999999999,2opt,improve
1458,6,1128.18,1,82.22999999999999,2opt,improve
1459,6,1043.7599999999998,1,82.22999999999999,move,improve
1460,6,1042.3000000000004,1,82.22999999999999,swap,improve
1461,6,1042.3000000000004,1,82.22999999999999,2opt,notBad
1462,6,1042.3000000000004,1,82.22999999999999,move,improve
1463,6,1042.3000000000004,1,82.22999999999999,2opt,improve
1464,6,697.9499999999989,1,82.22999999999999,move,improve
1465,6,689.4299999999989,1,82.22999999999999,move,improve
1466,6,689.4299999999989,1,82.22999999999999,move,improve
1467,6,689.4299999999989,1,82.22999999999999,2opt,notBad
1468,6,689.4299999999989,1,82.22999999999999,move,improve
1469,6,676.8899999999988,1,82.22999999999999,move,improve
1470,6,855.950000000001,1,82.22999999999999,swap,acceptBad
1471,6,871.0600000000013,1,82.22999999999999,swap,acceptBad
1472,6,932.1300000000023,1,82.22999999999999,swap,acceptBad
1473,6,889.4100000000019,1,82.22999999999999,swap,improve
1474,6,921.4400000000018,1,82.22999999999999,swap,acceptBad
1475,6,889.4100000000019,1,82.22999999999999,move,improve
1476,6,970.4100000000011,1,82.22999999999999,swap,acceptBad
1477,6,936.8700000000015,1,82.22999999999999,swap,improve
1478,6,916.710000000001,1,82.22999999999999,swap,improve
1479,6,709.5099999999998,1,82.22999999999999,move,improve
1480,6,709.5099999999998,1,82.22999999999999,move,improve
1481,6,654.3100000000007,1,82.22999999999999,swap,improve
1482,6,654.3100000000007,1,82.22999999999999,2opt,notBad
1483,6,1684.9400000000007,1,82.22999999999999,swap,acceptBad
1484,6,1663.5299999999993,1,82.22999999999999,move,improve
1485,6,1428.2500000000005,1,82.22999999999999,move,improve
1486,6,1428.2500000000005,1,82.22999999999999,2opt,notBad
1487,6,1428.2500000000005,1,82.22999999999999,move,improve
1488,6,1414.6300000000003,1,82.22999999999999,move,improve
1489,6,1516.5900000000006,1,82.22999999999999,2opt,acceptBad
1490,6,1516.5900000000006,1,82.22999999999999,move,improve
1491,6,1516.0500000000006,1,82.22999999999999,2opt,improve
1492,6,1522.3500000000006,1,82.22999999999999,swap,acceptBad
1493,6,1191.4700000000003,1,82.22999999999999,move,improve
1494,6,1191.4700000000003,1,82.22999999999999,2opt,improve
1495,6,1191.4700000000003,1,82.22999999999999,swap,notBad
1496,6,1193.2700000000002,1,82.22999999999999,swap,acceptBad
1497,6,1193.2700000000002,1,82.22999999999999,2opt,improve
1498,6,1193.2700000000002,1,82.22999999999999,2opt,notBad
1499,6,1189.3400000000001,1,82.22999999999999,swap,improve
1500,6,1189.3400000000001,1,82.22999999999999,2opt,notBad
1501,6,1074.82,1,82.22999999999999,move,improve
1502,6,865.859999999999,1,82.22999999999999,move,improve
1503,6,866.8199999999996,1,82.22999999999999,swap,acceptBad
1504,6,866.8199999999996,1,82.22999999999999,swap,notBad
1505,6,1362.4399999999998,1,82.22999999999999,swap,acceptBad
1506,6,1362.4399999999998,1,82.22999999999999,2opt,notBad
1507,6,1362.4399999999998,1,82.22999999999999,2opt,notBad
1508,6,1867.040000000001,1,82.22999999999999,2opt,acceptBad
1509,6,1867.040000000001,1,82.22999999999999,2opt,notBad
1510,6,1867.040000000001,1,82.22999999999999,2opt,notBad
1511,6,1882.070000000001,1,82.22999999999999,2opt,acceptBad
1512,6,1884.7700000000011,1,82.22999999999999,2opt,acceptBad
1513,6,2010.2300000000005,1,82.22999999999999,swap,acceptBad
1514,6,2007.9200000000003,1,82.22999999999999,move,improve
1515,6,2007.9200000000003,1,82.22999999999999,2opt,improve
1516,6,2007.9200000000003,1,82.22999999999999,move,improve
1517,6,2008.2200000000003,1,82.22999999999999,swap,acceptBad
1518,6,2008.2200000000003,1,82.22999999999999,2opt,notBad
1519,6,2855.63,1,82.22999999999999,2opt,acceptBad
1520,6,2855.63,1,82.22999999999999,2opt,notBad
1521,6,2855.63,1,82.22999999999999,move,improve
1522,7,4122.82,1,82.22999999999999,2opt,acceptBad
1523,7,4114.2699999999995,1,82.22999999999999,swap,improve
1524,7,4140.94,1,82.22999999999999,swap,acceptBad
1525,7,4140.94,1,82.22999999999999,2opt,improve
1526,7,4140.94,1,82.22999999999999,2opt,notBad
1527,7,4086.1499999999983,1,82.22999999999999,swap,improve
1528,7,4103.299999999998,1,82.22999999999999,2opt,acceptBad
1529,7,4055.469999999999,1,82.22999999999999,swap,improve
1530,7,3771.059999999999,1,82.22999999999999,2opt,improve
1531,7,3846.1199999999985,1,82.22999999999999,2opt,acceptBad
1532,7,3845.6999999999985,1,82.22999999999999,move,improve
1533,7,3845.6999999999985,1,82.22999999999999,2opt,improve
1534,7,3206.3599999999997,1,82.22999999999999,2opt,improve
1535,7,2771.269999999999,1,82.22999999999999,move,improve
1536,7,1931.6499999999999,1,82.22999999999999,move,improve
1537,7,1931.6499999999999,1,82.22999999999999,2opt,notBad
1538,7,2130.360000000001,1,82.22999999999999,2opt,acceptBad
1539,7,2130.360000000001,1,82.22999999999999,move,improve
1540,7,2130.510000000001,1,82.22999999999999,2opt,acceptBad
1541,7,2118.330000000001,1,82.22999999999999,swap,improve
1542,7,2118.330000000001,1,82.22999999999999,move,improve
1543,7,2127.0400000000004,1,82.22999999999999,swap,acceptBad
1544,7,2127.0400000000004,1,82.22999999999999,2opt,notBad
1545,7,2127.0400000000004,1,82.22999999999999,swap,notBad
1546,7,2136.5100000000007,1,82.22999999999999,swap,acceptBad
1547,7,2135.5500000000006,1,82.22999999999999,2opt,improve
1548,7,1782.160000000001,1,82.22999999999999,move,improve
1549,7,1782.160000000001,1,82.22999999999999,2opt,notBad
1550,7,1782.160000000001,1,82.22999999999999,2opt,notBad
1551,7,1782.160000000001,1,82.22999999999999,swap,notBad
1552,7,2184.3599999999997,1,82.22999999999999,2opt,acceptBad
1553,7,2249.9700000000007,1,82.22999999999999,swap,acceptBad
1554,7,2249.9700000000007,1,82.22999999999999,2opt,notBad
1555,7,1676.050000000002,1,82.22999999999999,move,improve
1556,7,1784.420000000003,1,82.22999999999999,swap,acceptBad
1557,7,2156.7599999999998,1,82.22999999999999,2opt,acceptBad
1558,7,2153.5799999999995,1,82.22999999999999,2opt,improve
1559,7,2153.5799999999995,1,82.22999999999999,2opt,notBad
1560,7,2651.3899999999994,1,82.22999999999999,swap,acceptBad
1561,7,3240.8199999999983,1,82.22999999999999,2opt,acceptBad
1562,7,3240.8199999999983,1,82.22999999999999,2opt,notBad
1563,7,4479.799999999997,1,82.22999999999999,swap,acceptBad
1564,7,4556.409999999999,1,82.22999999999999,swap,acceptBad
1565,7,4556.409999999999,1,82.22999999999999,move,improve
1566,7,4540.199999999999,1,82.22999999999999,swap,improve
1567,7,4547.159999999998,1,82.22999999999999,2opt,acceptBad
1568,7,3758.26,1,82.22999999999999,move,improve
1569,7,3758.26,1,82.22999999999999,swap,notBad
1570,7,3757.8700000000003,1,82.22999999999999,move,improve
1571,7,3757.8700000000003,1,82.22999999999999,swap,notBad
1572,7,3754.410000000001,1,82.22999999999999,swap,improve
1573,7,3742.440000000001,1,82.22999999999999,move,improve
1574,7,3897.119999999999,1,82.22999999999999,swap,acceptBad
1575,7,3896.0099999999993,1,82.22999999999999,swap,improve
1576,7,3866.6199999999994,1,82.22999999999999,move,improve
1577,7,3866.6199999999994,1,82.22999999999999,2opt,notBad
1578,7,3452.35,1,82.22999999999999,2opt,improve
1579,7,3625.31,1,82.22999999999999,2opt,acceptBad
1580,7,3625.31,1,82.22999999999999,2opt,notBad
1581,7,3659.31,1,82.22999999999999,swap,acceptBad
1582,7,3534.59,1,82.22999999999999,move,improve
1583,7,3534.59,1,82.22999999999999,2opt,notBad
1584,7,3534.59,1,82.22999999999999,2opt,notBad
1585,7,3534.59,1,82.22999999999999,2opt,notBad
1586,7,3534.59,1,82.22999999999999,2opt,notBad
1587,7,3541.67,1,82.22999999999999,swap,acceptBad
1588,7,3434.04,1,82.22999999999999,move,improve
1589,7,3432.989999999999,1,82.22999999999999,2opt,improve
1590,7,2930.1800000000003,1,82.22999999999999,2opt,improve
1591,7,2415.83,1,82.22999999999999,move,improve
1592,7,2067.2299999999987,1,82.22999999999999,move,improve
1593,7,2080.309999999999,1,82.22999999999999,2opt,acceptBad
1594,7,2080.309999999999,1,82.22999999999999,2opt,notBad
1595,7,2077.159999999999,1,82.22999999999999,move,improve
1596,7,2143.1199999999994,1,82.22999999999999,2opt,acceptBad
1597,7,3103.53,1,82.22999999999999,swap,acceptBad
1598,7,3103.53,1,82.22999999999999,swap,notBad
1599,7,3068.8600000000006,1,82.22999999999999,move,improve
1600,7,3068.8600000000006,1,82.22999999999999,move,improve
1601,7,3086.020000000002,1,82.22999999999999,swap,acceptBad
1602,7,3086.020000000002,1,82.22999999999999,swap,notBad
1603,7,3092.560000000001,1,82.22999999999999,swap,acceptBad
1604,7,3031.5600000000004,1,82.22999999999999,move,improve
1605,7,3031.5600000000004,1,82.22999999999999,2opt,notBad
1606,7,3031.5600000000004,1,82.22999999999999,2opt,notBad
1607,7,3031.5600000000004,1,82.22999999999999,move,improve
1608,7,3031.5600000000004,1,82.22999999999999,swap,notBad
1609,7,3031.5600000000004,1,82.22999999999999,2opt,notBad
1610,7,3031.5600000000004,1,82.22999999999999,move,improve
1611,7,3039.0,1,82.22999999999999,swap,acceptBad
1612,7,3039.0,1,82.22999999999999,2opt,notBad
1613,7,3007.98,1,82.22999999999999,2opt,improve
1614,7,3008.9500000000003,1,82.22999999999999,swap,acceptBad
1615,7,4261.789999999999,1,82.22999999999999,swap,acceptBad
1616,7,3962.199999999999,1,82.22999999999999,move,improve
1617,7,3962.199999999999,1,82.22999999999999,2opt,notBad
1618,7,3962.679999999999,1,82.22999999999999,swap,acceptBad
1619,7,3943.829999999999,1,82.22999999999999,move,improve
1620,7,3946.509999999998,1,82.22999999999999,2opt,acceptBad
1621,7,3946.509999999998,1,82.22999999999999,swap,notBad
1622,7,3905.13,1,82.22999999999999,2opt,improve
1623,7,3912.73,1,82.22999999999999,swap,acceptBad
1624,7,3910.2400000000002,1,82.22999999999999,move,improve
1625,7,3617.9799999999996,1,82.22999999999999,move,improve
1626,7,3617.9799999999996,1,82.22999999999999,move,improve
1627,7,3617.9799999999996,1,82.22999999999999,move,improve
1628,7,3617.9799999999996,1,82.22999999999999,move,improve
1629,7,3617.9799999999996,1,82.22999999999999,swap,notBad
1630,7,3630.27,1,82.22999999999999,swap,acceptBad
1631,7,4085.2099999999987,1,82.22999999999999,swap,acceptBad
1632,7,3992.1099999999997,1,82.22999999999999,move,improve
1633,7,3992.1099999999997,1,82.22999999999999,2opt,notBad
1634,7,3200.180000000001,1,82.22999999999999,move,improve
1635,7,3199.4900000000016,1,82.22999999999999,2opt,improve
1636,7,3199.4900000000016,1,82.22999999999999,2opt,notBad
1637,7,3208.7600000000016,1,82.22999999999999,swap,acceptBad
1638,7,3210.2000000000016,1,82.22999999999999,2opt,acceptBad
1639,7,2974.659999999998,1,82.22999999999999,2opt,improve
1640,7,2974.659999999998,1,82.22999999999999,swap,notBad
1641,7,2974.659999999998,1,82.22999999999999,2opt,improve
1642,7,2974.659999999998,1,82.22999999999999,swap,notBad
1643,7,2974.659999999998,1,82.22999999999999,2opt,notBad
1644,7,2974.659999999998,1,82.22999999999999,move,improve
1645,7,2863.909999999998,1,82.22999999999999,swap,improve
1646,7,2863.909999999998,1,82.22999999999999,move,improve
1647,7,2863.909999999998,1,82.22999999999999,move,improve
1648,7,2960.279999999999,1,82.22999999999999,swap,acceptBad
1649,7,2960.279999999999,1,82.22999999999999,2opt,notBad
1650,7,3129.479999999998,1,82.22999999999999,swap,acceptBad
1651,7,3187.3499999999976,1,82.22999999999999,swap,acceptBad
1652,7,3187.3499999999976,1,82.22999999999999,2opt,improve
1653,7,3187.3499999999976,1,82.22999999999999,2opt,notBad
1654,7,3186.659999999998,1,82.22999999999999,swap,improve
1655,7,3186.659999999998,1,82.22999999999999,2opt,notBad
1656,7,3027.069999999998,1,82.22999999999999,move,improve
1657,7,3025.989999999998,1,82.22999999999999,move,improve
1658,7,2544.8599999999988,1,82.22999999999999,move,improve
1659,7,2544.109999999999,1,82.22999999999999,2opt,improve
1660,7,2544.109999999999,1,82.22999999999999,2opt,notBad
1661,7,3193.9699999999993,1,82.22999999999999,swap,acceptBad
1662,7,3193.9699999999993,1,82.22999999999999,swap,notBad
1663,7,3193.9699999999993,1,82.22999999999999,2opt,improve
1664,7,3190.9099999999994,1,82.22999999999999,move,improve
1665,7,3190.9099999999994,1,82.22999999999999,swap,notBad
1666,7,3190.9099999999994,1,82.22999999999999,2opt,improve
1667,7,3160.129999999999,1,82.22999999999999,swap,improve
1668,7,3181.979999999999,1,82.22999999999999,swap,acceptBad
1669,7,3181.979999999999,1,82.22999999999999,swap,notBad
1670,7,2942.5099999999984,1,82.22999999999999,move,improve
1671,7,2942.5099999999984,1,82.22999999999999,2opt,notBad
1672,7,2616.019999999999,1,82.22999999999999,move,improve
1673,7,2616.019999999999,1,82.22999999999999,2opt,notBad
1674,7,2616.019999999999,1,82.22999999999999,move,improve
1675,7,2617.669999999999,1,82.22999999999999,2opt,acceptBad
1676,7,2617.669999999999,1,82.22999999999999,move,improve
1677,7,2618.119999999999,1,82.22999999999999,2opt,acceptBad
1678,7,2616.019999999999,1,82.22999999999999,move,improve
1679,7,2626.0699999999993,1,82.22999999999999,2opt,acceptBad
1680,7,2626.0699999999993,1,82.22999999999999,2opt,improve
1681,7,2626.0699999999993,1,82.22999999999999,2opt,notBad
1682,7,2380.14,1,82.22999999999999,2opt,improve
1683,7,2380.14,1,82.22999999999999,2opt,notBad
1684,7,2363.0399999999995,1,82.22999999999999,swap,improve
1685,7,2365.3499999999995,1,82.22999999999999,2opt,acceptBad
1686,7,2356.1699999999996,1,82.22999999999999,move,improve
1687,7,2356.1699999999996,1,82.22999999999999,2opt,notBad
1688,7,2356.1699999999996,1,82.22999999999999,move,improve
1689,7,2532.03,1,82.22999999999999,swap,acceptBad
1690,7,2538.03,1,82.22999999999999,swap,acceptBad
1691,7,2538.03,1,82.22999999999999,2opt,notBad
1692,7,2546.07,1,82.22999999999999,2opt,acceptBad
1693,7,2546.7300000000005,1,82.22999999999999,swap,acceptBad
1694,7,2550.6700000000005,1,82.22999999999999,swap,acceptBad
1695,7,3625.0299999999997,1,82.22999999999999,swap,acceptBad
1696,7,3607.689999999999,1,82.22999999999999,swap,improve
1697,7,3607.689999999999,1,82.22999999999999,swap,notBad
1698,7,3610.809999999999,1,82.22999999999999,2opt,acceptBad
1699,7,3605.709999999999,1,82.22999999999999,2opt,improve
1700,7,3605.709999999999,1,82.22999999999999,2opt,notBad
1701,7,3618.94,1,82.22999999999999,2opt,acceptBad
1702,7,3617.049999999999,1,82.22999999999999,swap,improve
1703,6,1838.6999999999994,1,82.22999999999999,move,improve
1704,6,1838.6999999999994,1,82.22999999999999,2opt,notBad
1705,6,1825.6199999999992,1,82.22999999999999,2opt,improve
1706,6,1899.8999999999994,1,82.22999999999999,2opt,acceptBad
1707,6,1899.8999999999994,1,82.22999999999999,2opt,notBad
1708,6,1900.2899999999995,1,82.22999999999999,2opt,acceptBad
1709,6,1841.9399999999996,1,82.22999999999999,swap,improve
1710,6,1711.0299999999997,1,82.22999999999999,move,improve
1711,6,1716.9399999999996,1,82.22999999999999,swap,acceptBad
1712,6,1665.7899999999993,1,82.22999999999999,move,improve
1713,6,1664.3799999999992,1,82.22999999999999,move,improve
1714,6,1678.4799999999998,1,82.22999999999999,swap,acceptBad
1715,6,1680.1299999999999,1,82.22999999999999,2opt,acceptBad
1716,6,1681.6899999999998,1,82.22999999999999,swap,acceptBad
1717,6,1423.3799999999999,1,82.22999999999999,move,improve
1718,6,1420.35,1,82.22999999999999,swap,improve
1719,6,1420.35,1,82.22999999999999,2opt,notBad
1720,6,1420.35,1,82.22999999999999,2opt,notBad
1721,6,1420.35,1,82.22999999999999,move,improve
1722,6,1292.6399999999994,1,82.22999999999999,move,improve
1723,6,1253.0199999999998,1,82.22999999999999,move,improve
1724,6,1253.0199999999998,1,82.22999999999999,swap,notBad
1725,6,1253.0199999999998,1,82.22999999999999,move,improve
1726,6,1247.4699999999998,1,82.22999999999999,move,improve
1727,6,1247.4699999999998,1,82.22999999999999,2opt,notBad
1728,6,1247.4699999999998,1,82.22999999999999,2opt,notBad
1729,6,1268.229999999999,1,82.22999999999999,swap,acceptBad
1730,6,1249.8699999999992,1,82.22999999999999,swap,improve
1731,6,1249.8699999999992,1,82.22999999999999,2opt,notBad
1732,6,1092.9199999999985,1,82.22999999999999,move,improve
1733,6,1143.5599999999981,1,82.22999999999999,swap,acceptBad
1734,6,1321.5799999999995,1,82.22999999999999,2opt,acceptBad
1735,6,1084.279999999999,1,82.22999999999999,move,improve
1736,6,1100.1799999999998,1,82.22999999999999,swap,acceptBad
1737,6,1110.4099999999999,1,82.22999999999999,2opt,acceptBad
1738,6,1110.4099999999999,1,82.22999999999999,2opt,notBad
1739,6,1093.4299999999992,1,82.22999999999999,swap,improve
1740,6,726.8099999999998,1,82.22999999999999,move,improve
1741,6,1307.9699999999991,1,82.22999999999999,swap,acceptBad
1742,6,1307.9699999999991,1,82.22999999999999,2opt,notBad
1743,6,1307.9699999999991,1,82.22999999999999,2opt,notBad
1744,6,1307.9699999999991,1,82.22999999999999,2opt,improve
1745,6,1307.9699999999991,1,82.22999999999999,swap,notBad
1746,6,1322.369999999999,1,82.22999999999999,2opt,acceptBad
1747,6,1420.4900000000005,1,82.22999999999999,2opt,acceptBad
1748,6,1276.0099999999995,1,82.22999999999999,swap,improve
1749,6,1300.4499999999996,1,82.22999999999999,2opt,acceptBad
1750,6,1399.1899999999996,1,82.22999999999999,swap,acceptBad
1751,6,1399.1899999999996,1,82.22999999999999,2opt,notBad
1752,6,1386.1899999999996,1,82.22999999999999,swap,improve
1753,6,1383.8799999999997,1,82.22999999999999,move,improve
1754,6,1379.7099999999996,1,82.22999999999999,2opt,improve
1755,6,1085.5599999999995,1,82.22999999999999,move,improve
1756,6,1068.6899999999991,1,82.22999999999999,move,improve
1757,6,1015.9499999999989,1,82.22999999999999,move,improve
1758,6,1025.219999999999,1,82.22999999999999,swap,acceptBad
1759,6,1025.2599999999993,1,82.22999999999999,2opt,acceptBad
1760,6,1025.2599999999993,1,82.22999999999999,2opt,notBad
1761,6,1025.2599999999993,1,82.22999999999999,2opt,notBad
1762,6,1025.2599999999993,1,82.22999999999999,2opt,notBad
1763,6,1025.2599999999993,1,82.22999999999999,move,improve
1764,6,1025.2599999999993,1,82.22999999999999,2opt,notBad
1765,6,984.5399999999984,1,82.22999999999999,swap,improve
1766,6,984.499999999998,1,82.22999999999999,2opt,improve
1767,6,984.499999999998,1,82.22999999999999,move,improve
1768,6,984.499999999998,1,82.22999999999999,swap,notBad
1769,6,1804.8999999999983,1,82.22999999999999,swap,acceptBad
1770,6,1845.6199999999992,1,82.22999999999999,swap,acceptBad
1771,6,1837.6699999999992,1,82.22999999999999,move,improve
1772,6,1972.97,1,82.22999999999999,2opt,acceptBad
1773,6,1598.5700000000004,1,82.22999999999999,2opt,improve
1774,6,1780.1300000000003,1,82.22999999999999,swap,acceptBad
1775,6,1780.1300000000003,1,82.22999999999999,swap,notBad
1776,6,1780.1300000000003,1,82.22999999999999,2opt,notBad
1777,6,1783.9100000000003,1,82.22999999999999,2opt,acceptBad
1778,6,1783.7300000000005,1,82.22999999999999,swap,improve
1779,6,1783.7300000000005,1,82.22999999999999,2opt,notBad
1780,6,1478.1100000000006,1,82.22999999999999,move,improve
1781,6,1478.1100000000006,1,82.22999999999999,2opt,notBad
1782,6,1478.1100000000006,1,82.22999999999999,2opt,notBad
1783,6,1467.9100000000005,1,82.22999999999999,move,improve
1784,6,1468.2700000000004,1,82.22999999999999,swap,acceptBad
1785,6,1468.2700000000004,1,82.22999999999999,2opt,notBad
1786,6,1591.8000000000006,1,82.22999999999999,swap,acceptBad
1787,6,1593.9600000000007,1,82.22999999999999,swap,acceptBad
1788,6,1609.5300000000007,1,82.22999999999999,swap,acceptBad
1789,6,1609.5300000000007,1,82.22999999999999,2opt,notBad
1790,6,1605.1500000000008,1,82.22999999999999,2opt,improve
1791,6,1547.5899999999997,1,82.22999999999999,swap,improve
1792,6,1549.6399999999999,1,82.22999999999999,swap,acceptBad
1793,6,1507.6699999999994,1,82.22999999999999,swap,improve
1794,6,1507.6699999999994,1,82.22999999999999,2opt,notBad
1795,6,1603.7899999999995,1,82.22999999999999,2opt,acceptBad
1796,6,1603.7899999999995,1,82.22999999999999,2opt,notBad
1797,6,2597.2999999999997,1,82.22999999999999,swap,acceptBad
1798,6,2526.3199999999997,1,82.22999999999999,swap,improve
1799,6,2526.3199999999997,1,82.22999999999999,move,improve
1800,6,2526.3199999999997,1,82.22999999999999,move,improve
1801,6,2526.3199999999997,1,82.22999999999999,2opt,notBad
1802,6,2526.56,1,82.22999999999999,swap,acceptBad
1803,6,2536.52,1,82.22999999999999,swap,acceptBad
1804,6,2536.52,1,82.22999999999999,2opt,notBad
1805,6,2839.2599999999998,1,82.22999999999999,2opt,acceptBad
1806,6,2461.6599999999994,1,82.22999999999999,swap,improve
1807,6,2461.6599999999994,1,82.22999999999999,move,improve
1808,6,2470.7399999999993,1,82.22999999999999,swap,acceptBad
1809,6,2220.319999999999,1,82.22999999999999,move,improve
1810,6,2225.1199999999985,1,82.22999999999999,2opt,acceptBad
1811,6,2063.8499999999985,1,82.22999999999999,swap,improve
1812,6,2063.1899999999987,1,82.22999999999999,move,improve
1813,6,1928.39,1,82.22999999999999,move,improve
1814,6,1928.39,1,82.22999999999999,2opt,notBad
1815,6,1728.1799999999992,1,82.22999999999999,move,improve
1816,6,1717.889999999999,1,82.22999999999999,swap,improve
1817,6,1717.889999999999,1,82.22999999999999,2opt,notBad
1818,6,1717.889999999999,1,82.22999999999999,2opt,improve
1819,6,1716.329999999999,1,82.22999999999999,move,improve
1820,6,1716.329999999999,1,82.22999999999999,move,improve
1821,6,1716.329999999999,1,82.22999999999999,2opt,notBad
1822,6,1823.3099999999993,1,82.22999999999999,swap,acceptBad
1823,6,1823.3099999999993,1,82.22999999999999,2opt,improve
1824,6,1823.3099999999993,1,82.22999999999999,swap,notBad
1825,6,1823.3099999999993,1,82.22999999999999,swap,notBad
1826,6,1836.1199999999992,1,82.22999999999999,swap,acceptBad
1827,6,1810.3799999999987,1,82.22999999999999,swap,improve
1828,6,1683.6799999999996,1,82.22999999999999,move,improve
1829,6,1677.11,1,82.22999999999999,swap,improve
1830,6,1714.3399999999997,1,82.22999999999999,swap,acceptBad
1831,6,1737.1100000000001,1,82.22999999999999,swap,acceptBad
1832,6,1714.3399999999997,1,82.22999999999999,swap,improve
1833,6,1714.3399999999997,1,82.22999999999999,2opt,notBad
1834,6,1714.3399999999997,1,82.22999999999999,move,improve
1835,6,1714.3399999999997,1,82.22999999999999,2opt,notBad
1836,6,1707.3499999999997,1,82.22999999999999,move,improve
1837,6,1707.3499999999997,1,82.22999999999999,2opt,notBad
1838,6,1702.2199999999998,1,82.22999999999999,move,improve
1839,6,1698.2899999999997,1,82.22999999999999,swap,improve
1840,6,1697.29,1,82.22999999999999,2opt,improve
1841,6,1697.29,1,82.22999999999999,2opt,improve
1842,6,1697.29,1,82.22999999999999,2opt,notBad
1843,6,1697.29,1,82.22999999999999,2opt,notBad
1844,6,1697.29,1,82.22999999999999,swap,notBad
1845,6,1704.55,1,82.22999999999999,2opt,acceptBad
1846,6,1704.55,1,82.22999999999999,move,improve
1847,6,1704.55,1,82.22999999999999,2opt,notBad
1848,6,1704.55,1,82.22999999999999,move,improve
1849,6,1704.55,1,82.22999999999999,move,improve
1850,6,1989.6100000000004,1,82.22999999999999,swap,acceptBad
1851,6,1989.6100000000004,1,82.22999999999999,2opt,notBad
1852,6,1603.910000000001,1,82.22999999999999,move,improve
1853,6,1607.1800000000007,1,82.22999999999999,2opt,acceptBad
1854,6,1607.1800000000007,1,82.22999999999999,swap,notBad
1855,6,1607.1800000000007,1,82.22999999999999,2opt,notBad
1856,6,1607.1800000000007,1,82.22999999999999,swap,notBad
1857,6,1607.1800000000007,1,82.22999999999999,swap,notBad
1858,6,1407.7800000000002,1,82.22999999999999,move,improve
1859,6,1416.72,1,82.22999999999999,swap,acceptBad
1860,6,1416.72,1,82.22999999999999,2opt,notBad
1861,6,1416.72,1,82.22999999999999,2opt,notBad
1862,6,1416.72,1,82.22999999999999,2opt,notBad
1863,6,1416.72,1,82.22999999999999,move,improve
1864,6,1416.72,1,82.22999999999999,2opt,notBad
1865,6,1375.94,1,82.22999999999999,move,improve
1866,6,1363.6600000000003,1,82.22999999999999,2opt,improve
1867,6,1363.6600000000003,1,82.22999999999999,move,improve
1868,6,1363.6600000000003,1,82.22999999999999,move,improve
1869,6,1722.8399999999995,1,82.22999999999999,swap,acceptBad
1870,6,1722.8399999999995,1,82.22999999999999,2opt,notBad
1871,6,1733.9799999999996,1,82.22999999999999,swap,acceptBad
1872,6,1733.9799999999996,1,82.22999999999999,2opt,improve
1873,6,1919.700000000001,1,82.22999999999999,2opt,acceptBad
1874,6,1889.130000000001,1,82.22999999999999,swap,improve
1875,6,1881.9900000000011,1,82.22999999999999,2opt,improve
1876,6,1881.9900000000011,1,82.22999999999999,2opt,notBad
1877,6,1881.9900000000011,1,82.22999999999999,move,improve
1878,6,1881.9900000000011,1,82.22999999999999,2opt,notBad
1879,6,1880.1700000000012,1,82.22999999999999,swap,improve
1880,6,2024.1900000000005,1,82.22999999999999,swap,acceptBad
1881,6,2091.000000000002,1,82.22999999999999,2opt,acceptBad
1882,6,2181.08,1,82.22999999999999,swap,acceptBad
1883,6,2167.66,1,82.22999999999999,swap,improve
1884,6,2167.66,1,82.22999999999999,move,improve
1885,6,2167.66,1,82.22999999999999,2opt,notBad
1886,6,2167.66,1,82.22999999999999,move,improve
1887,6,1363.2899999999993,1,82.22999999999999,move,improve
1888,6,1363.2899999999993,1,82.22999999999999,2opt,notBad
1889,6,1394.4299999999992,1,82.22999999999999,swap,acceptBad
1890,6,1384.8699999999992,1,82.22999999999999,swap,improve
1891,6,1384.8699999999992,1,82.22999999999999,2opt,notBad
1892,6,1384.8699999999992,1,82.22999999999999,move,improve
1893,6,1381.5099999999993,1,82.22999999999999,2opt,improve
1894,6,1381.5099999999993,1,82.22999999999999,2opt,notBad
1895,6,1470.5799999999988,1,82.22999999999999,swap,acceptBad
1896,6,1468.899999999999,1,82.22999999999999,move,improve
1897,6,1468.899999999999,1,82.22999999999999,move,improve
1898,6,1468.899999999999,1,82.22999999999999,move,improve
1899,6,1468.899999999999,1,82.22999999999999,move,improve
1900,6,1457.5899999999988,1,82.22999999999999,move,improve
1901,6,1457.5899999999988,1,82.22999999999999,move,improve
1902,6,1457.5899999999988,1,82.22999999999999,2opt,notBad
1903,6,1458.8799999999987,1,82.22999999999999,2opt,acceptBad
1904,6,1457.5899999999988,1,82.22999999999999,2opt,improve
1905,6,1472.7099999999987,1,82.22999999999999,2opt,acceptBad
1906,6,1484.0199999999988,1,82.22999999999999,swap,acceptBad
1907,6,1426.949999999999,1,82.22999999999999,swap,improve
1908,6,1328.6699999999992,1,82.22999999999999,move,improve
1909,6,1328.6699999999992,1,82.22999999999999,2opt,notBad
1910,6,1333.1699999999987,1,82.22999999999999,swap,acceptBad
1911,6,1333.1699999999987,1,82.22999999999999,swap,notBad
1912,6,1333.3199999999986,1,82.22999999999999,swap,acceptBad
1913,6,1333.3199999999986,1,82.22999999999999,2opt,notBad
1914,6,1333.3199999999986,1,82.22999999999999,2opt,notBad
1915,6,1333.3199999999986,1,82.22999999999999,move,improve
1916,6,1275.449999999999,1,82.22999999999999,swap,improve
1917,6,1275.449999999999,1,82.22999999999999,2opt,notBad
1918,6,1275.449999999999,1,82.22999999999999,swap,notBad
1919,6,1279.7399999999989,1,82.22999999999999,swap,acceptBad
1920,6,1279.7399999999989,1,82.22999999999999,move,improve
1921,6,2017.0899999999995,1,82.22999999999999,swap,acceptBad
1922,6,2017.0899999999995,1,82.22999999999999,2opt,improve
1923,6,2017.0899999999995,1,82.22999999999999,2opt,notBad
1924,6,1273.7399999999989,1,82.22999999999999,move,improve
1925,6,1273.7399999999989,1,82.22999999999999,move,improve
1926,6,1273.7399999999989,1,82.22999999999999,move,improve
1927,6,1273.7399999999989,1,82.22999999999999,swap,notBad
1928,6,1887.9800000000002,1,82.22999999999999,swap,acceptBad
1929,6,1887.9800000000002,1,82.22999999999999,swap,notBad
1930,6,1181.7099999999994,1,82.22999999999999,move,improve
1931,6,1117.9499999999994,1,82.22999999999999,move,improve
1932,6,1117.9499999999994,1,82.22999999999999,move,improve
1933,6,1117.9499999999994,1,82.22999999999999,2opt,notBad
1934,6,1117.9499999999994,1,82.22999999999999,2opt,notBad
1935,6,1116.8699999999994,1,82.22999999999999,move,improve
1936,6,1116.8699999999994,1,82.22999999999999,2opt,notBad
1937,6,1036.2500000000007,1,82.22999999999999,swap,improve
1938,6,1036.2500000000007,1,82.22999999999999,2opt,notBad
1939,6,1036.2500000000007,1,82.22999999999999,move,improve
1940,6,1036.2500000000007,1,82.22999999999999,2opt,improve
1941,6,1683.0500000000006,1,82.22999999999999,swap,acceptBad
1942,6,1643.6900000000003,1,82.22999999999999,swap,improve
1943,6,1481.649999999999,1,82.22999999999999,move,improve
1944,6,1405.8300000000004,1,82.22999999999999,move,improve
1945,6,1375.9099999999999,1,82.22999999999999,move,improve
1946,6,1375.9099999999999,1,82.22999999999999,2opt,notBad
1947,6,1375.9099999999999,1,82.22999999999999,2opt,improve
1948,6,1385.3100000000004,1,82.22999999999999,swap,acceptBad
1949,6,1385.3100000000004,1,82.22999999999999,swap,notBad
1950,6,1385.3100000000004,1,82.22999999999999,2opt,notBad
1951,6,1419.4900000000002,1,82.22999999999999,swap,acceptBad
1952,6,1388.6600000000005,1,82.22999999999999,swap,improve
1953,6,1396.9600000000005,1,82.22999999999999,swap,acceptBad
1954,6,1396.9600000000005,1,82.22999999999999,2opt,notBad
1955,6,1393.0900000000004,1,82.22999999999999,swap,improve
1956,6,1393.0900000000004,1,82.22999999999999,move,improve
1957,6,1408.4499999999998,1,82.22999999999999,swap,acceptBad
1958,6,1667.4699999999993,1,82.22999999999999,2opt,acceptBad
1959,6,1649.2599999999993,1,82.22999999999999,swap,improve
1960,6,1649.2599999999993,1,82.22999999999999,2opt,improve
1961,6,1649.2599999999993,1,82.22999999999999,2opt,notBad
1962,6,1589.7400000000002,1,82.22999999999999,swap,improve
1963,6,1570.3000000000006,1,82.22999999999999,swap,improve
1964,6,1570.3000000000006,1,82.22999999999999,swap,notBad
1965,6,1589.7400000000002,1,82.22999999999999,swap,acceptBad
1966,6,1451.4300000000007,1,82.22999999999999,move,improve
1967,6,1366.0800000000004,1,82.22999999999999,move,improve
1968,6,1301.29,1,82.22999999999999,move,improve
1969,6,1301.29,1,82.22999999999999,2opt,notBad
1970,6,1172.3199999999995,1,82.22999999999999,move,improve
1971,6,1172.3199999999995,1,82.22999999999999,2opt,notBad
1972,6,1139.5700000000002,1,82.22999999999999,move,improve
1973,6,1139.5700000000002,1,82.22999999999999,swap,notBad
1974,6,1139.5700000000002,1,82.22999999999999,2opt,notBad
1975,6,1271.339999999999,1,82.22999999999999,swap,acceptBad
1976,6,1319.9800000000002,1,82.22999999999999,2opt,acceptBad
1977,6,1523.6900000000012,1,82.22999999999999,swap,acceptBad
1978,6,1523.6900000000012,1,82.22999999999999,move,improve
1979,6,1519.5800000000013,1,82.22999999999999,2opt,improve
1980,6,1519.5800000000013,1,82.22999999999999,2opt,notBad
1981,6,1054.0,1,82.22999999999999,move,improve
1982,5,701.8500000000008,1,82.22999999999999,move,improve
1983,5,701.8500000000008,1,82.22999999999999,2opt,improve
1984,5,967.5899999999991,1,82.22999999999999,swap,acceptBad
1985,5,967.5899999999991,1,82.22999999999999,swap,notBad
1986,5,967.5899999999991,1,82.22999999999999,move,improve
1987,5,967.5899999999991,1,82.22999999999999,2opt,notBad
1988,5,967.5899999999991,1,82.22999999999999,2opt,notBad
1989,5,967.5899999999991,1,82.22999999999999,2opt,notBad
1990,5,967.5899999999991,1,82.22999999999999,2opt,notBad
1991,5,710.5899999999995,1,82.22999999999999,move,improve
1992,5,710.5899999999995,1,82.22999999999999,2opt,notBad
1993,5,657.7199999999999,1,82.22999999999999,move,improve
1994,5,491.51,1,82.22999999999999,move,improve
1995,5,491.51,1,82.22999999999999,swap,notBad
1996,5,502.54999999999995,1,82.22999999999999,swap,acceptBad
1997,5,502.54999999999995,1,82.22999999999999,2opt,notBad
1998,5,501.59,1,82.22999999999999,move,improve
1999,5,501.59,1,82.22999999999999,2opt,notBad
2000,5,493.7700000000001,1,82.22999999999999,move,improve
2001,5,493.7700000000001,1,82.22999999999999,2opt,notBad
2002,5,489.36000000000007,1,82.22999999999999,move,improve
2003,5,489.36000000000007,1,82.22999999999999,2opt,notBad
2004,5,489.36000000000007,1,82.22999999999999,2opt,notBad
2005,5,489.36000000000007,1,82.22999999999999,move,improve
2006,5,489.36000000000007,1,82.22999999999999,move,improve
2007,5,502.8900000000002,1,82.22999999999999,swap,acceptBad
2008,5,507.61000000000035,1,82.22999999999999,swap,acceptBad
2009,5,634.9799999999989,1,82.22999999999999,swap,acceptBad
2010,5,641.0999999999989,1,82.22999999999999,2opt,acceptBad
2011,5,565.0999999999987,1,82.22999999999999,move,improve
2012,5,720.7499999999995,1,82.22999999999999,2opt,acceptBad
2013,5,720.7499999999995,1,82.22999999999999,move,improve
2014,5,720.7499999999995,1,82.22999999999999,swap,notBad
2015,5,722.5799999999996,1,82.22999999999999,swap,acceptBad
2016,5,716.1599999999996,1,82.22999999999999,swap,improve
2017,5,715.1699999999996,1,82.22999999999999,swap,improve
2018,5,576.0999999999992,1,82.22999999999999,move,improve
2019,5,576.0999999999992,1,82.22999999999999,move,improve
2020,5,576.0999999999992,1,82.22999999999999,swap,notBad
2021,5,576.0999999999992,1,82.22999999999999,2opt,notBad
2022,5,576.0999999999992,1,82.22999999999999,move,improve
2023,5,576.0999999999992,1,82.22999999999999,move,improve
2024,5,565.3000000000002,1,82.22999999999999,move,improve
2025,5,565.3000000000002,1,82.22999999999999,2opt,notBad
2026,5,565.3000000000002,1,82.22999999999999,2opt,improve
2027,5,508.2700000000002,1,82.22999999999999,move,improve
2028,5,398.8999999999996,1,82.22999999999999,move,improve
2029,5,457.8799999999994,1,82.22999999999999,swap,acceptBad
2030,5,447.5099999999993,1,82.22999999999999,swap,improve
2031,5,456.8699999999993,1,82.22999999999999,2opt,acceptBad
2032,5,462.0899999999993,1,82.22999999999999,2opt,acceptBad
2033,5,462.0899999999993,1,82.22999999999999,move,improve
2034,5,449.02999999999986,1,82.22999999999999,move,improve
2035,5,454.6400000000004,1,82.22999999999999,2opt,acceptBad
2036,5,454.6400000000004,1,82.22999999999999,swap,notBad
2037,5,454.6400000000004,1,82.22999999999999,2opt,notBad
2038,5,454.6400000000004,1,82.22999999999999,swap,notBad
2039,5,454.6400000000004,1,82.22999999999999,move,improve
2040,5,743.4500000000007,1,82.22999999999999,2opt,acceptBad
2041,5,743.4500000000007,1,82.22999999999999,2opt,notBad
2042,5,450.66000000000105,1,82.22999999999999,move,improve
2043,5,450.66000000000105,1,82.22999999999999,2opt,improve
2044,5,450.66000000000105,1,82.22999999999999,move,improve
2045,5,450.57000000000096,1,82.22999999999999,2opt,improve
2046,5,450.57000000000096,1,82.22999999999999,move,improve
2047,5,450.57000000000096,1,82.22999999999999,move,improve
2048,5,464.1900000000006,1,82.22999999999999,swap,acceptBad
2049,5,464.1900000000006,1,82.22999999999999,move,improve
2050,5,456.9600000000006,1,82.22999999999999,move,improve
2051,5,456.9600000000006,1,82.22999999999999,move,improve
2052,5,794.1800000000006,1,82.22999999999999,swap,acceptBad
2053,5,749.9600000000007,1,82.22999999999999,move,improve
2054,5,486.3600000000006,1,82.22999999999999,move,improve
2055,5,480.4200000000001,1,82.22999999999999,swap,improve
2056,5,469.28000000000026,1,82.22999999999999,swap,improve
2057,5,469.28000000000026,1,82.22999999999999,move,improve
2058,5,469.28000000000026,1,82.22999999999999,2opt,notBad
2059,5,562.79,1,82.22999999999999,swap,acceptBad
2060,5,737.9000000000004,1,82.22999999999999,swap,acceptBad
2061,5,518.3999999999999,1,82.22999999999999,move,improve
2062,5,518.3999999999999,1,82.22999999999999,2opt,notBad
2063,5,522.6299999999999,1,82.22999999999999,2opt,acceptBad
2064,5,511.38999999999993,1,82.22999999999999,swap,improve
2065,5,511.38999999999993,1,82.22999999999999,2opt,notBad
2066,5,511.38999999999993,1,82.22999999999999,2opt,notBad
2067,5,470.1499999999999,1,82.22999999999999,move,improve
2068,5,705.7599999999993,1,82.22999999999999,swap,acceptBad
2069,5,686.2999999999993,1,82.22999999999999,swap,improve
2070,5,686.2999999999993,1,82.22999999999999,2opt,notBad
2071,5,685.9099999999993,1,82.22999999999999,swap,improve
2072,5,938.7899999999992,1,82.22999999999999,swap,acceptBad
2073,5,936.2399999999991,1,82.22999999999999,swap,improve
2074,5,983.56,1,82.22999999999999,swap,acceptBad
2075,5,981.2199999999999,1,82.22999999999999,swap,improve
2076,5,963.8399999999999,1,82.22999999999999,swap,improve
2077,5,839.1200000000005,1,82.22999999999999,swap,improve
2078,5,616.3000000000006,1,82.22999999999999,move,improve
2079,5,614.8900000000006,1,82.22999999999999,move,improve
2080,5,549.6900000000009,1,82.22999999999999,move,improve
2081,5,421.74000000000046,1,82.22999999999999,swap,improve
2082,5,557.4600000000004,1,82.22999999999999,swap,acceptBad
2083,5,557.4600000000004,1,82.22999999999999,move,improve
2084,5,612.1900000000004,1,82.22999999999999,swap,acceptBad
2085,5,612.1900000000004,1,82.22999999999999,move,improve
2086,5,612.1900000000004,1,82.22999999999999,2opt,improve
2087,5,470.5700000000011,1,82.22999999999999,move,improve
2088,5,470.5700000000011,1,82.22999999999999,move,improve
2089,5,460.40000000000066,1,82.22999999999999,move,improve
2090,5,466.83000000000067,1,82.22999999999999,swap,acceptBad
2091,5,462.5100000000007,1,82.22999999999999,move,improve
2092,5,446.41000000000037,1,82.22999999999999,swap,improve
2093,5,446.41000000000037,1,82.22999999999999,2opt,notBad
2094,5,446.41000000000037,1,82.22999999999999,2opt,improve
2095,5,382.41999999999973,1,82.22999999999999,move,improve
2096,5,382.41999999999973,1,82.22999999999999,move,improve
2097,5,382.41999999999973,1,82.22999999999999,2opt,notBad
2098,5,1481.0700000000002,1,82.22999999999999,move,acceptBad
2099,5,1331.2899999999995,1,82.22999999999999,move,improve
2100,5,1330.1499999999999,1,82.22999999999999,swap,improve
2101,5,1330.1499999999999,1,82.22999999999999,move,improve
2102,5,1332.2199999999998,1,82.22999999999999,swap,acceptBad
2103,5,1332.2199999999998,1,82.22999999999999,move,improve
2104,5,1332.2199999999998,1,82.22999999999999,2opt,notBad
2105,5,1332.2199999999998,1,82.22999999999999,2opt,notBad
2106,5,980.9899999999999,1,82.22999999999999,move,improve
2107,5,1338.9099999999999,1,82.22999999999999,swap,acceptBad
2108,5,1327.3,1,82.22999999999999,move,improve
2109,5,1326.37,1,82.22999999999999,swap,improve
2110,5,1326.37,1,82.22999999999999,2opt,improve
2111,5,1336.33,1,82.22999999999999,2opt,acceptBad
2112,5,1213.9199999999996,1,82.22999999999999,move,improve
2113,5,1211.9699999999996,1,82.22999999999999,swap,improve
2114,5,1211.9699999999996,1,82.22999999999999,move,improve
2115,5,914.1199999999997,1,82.22999999999999,move,improve
2116,5,914.1199999999997,1,82.22999999999999,2opt,notBad
2117,5,914.1199999999997,1,82.22999999999999,move,improve
2118,5,964.0800000000003,1,82.22999999999999,swap,acceptBad
2119,5,952.6899999999999,1,82.22999999999999,swap,improve
2120,5,933.6500000000003,1,82.22999999999999,move,improve
2121,5,1192.0999999999997,1,82.22999999999999,swap,acceptBad
2122,5,1192.0999999999997,1,82.22999999999999,2opt,improve
2123,5,1231.36,1,82.22999999999999,swap,acceptBad
2124,5,1227.75,1,82.22999999999999,swap,improve
2125,5,1227.75,1,82.22999999999999,2opt,notBad
2126,5,1481.1599999999999,1,82.22999999999999,move,acceptBad
2127,5,1375.59,1,82.22999999999999,swap,improve
2128,5,1375.59,1,82.22999999999999,2opt,notBad
2129,5,1363.4099999999999,1,82.22999999999999,swap,improve
2130,5,1363.4399999999998,1,82.22999999999999,swap,acceptBad
2131,5,1361.28,1,82.22999999999999,move,improve
2132,5,1529.66,1,82.22999999999999,2opt,acceptBad
2133,5,1225.1100000000001,1,82.22999999999999,move,improve
2134,5,998.6800000000005,1,82.22999999999999,move,improve
2135,5,1023.8100000000007,1,82.22999999999999,swap,acceptBad
2136,5,1155.5900000000001,1,82.22999999999999,swap,acceptBad
2137,5,1179.1299999999997,1,82.22999999999999,2opt,acceptBad
2138,5,1183.7299999999998,1,82.22999999999999,swap,acceptBad
2139,5,1183.7299999999998,1,82.22999999999999,2opt,notBad
2140,5,1183.7299999999998,1,82.22999999999999,2opt,improve
2141,5,957.1200000000001,1,82.22999999999999,move,improve
2142,5,957.1200000000001,1,82.22999999999999,2opt,notBad
2143,5,769.4600000000004,1,82.22999999999999,move,improve
2144,5,769.4600000000004,1,82.22999999999999,2opt,notBad
2145,5,769.4600000000004,1,82.22999999999999,2opt,notBad
2146,5,763.0500000000002,1,82.22999999999999,move,improve
2147,5,763.0500000000002,1,82.22999999999999,2opt,notBad
2148,5,704.9999999999998,1,82.22999999999999,swap,improve
2149,5,680.9000000000003,1,82.22999999999999,move,improve
2150,5,676.2200000000003,1,82.22999999999999,move,improve
2151,5,776.0,1,82.22999999999999,swap,acceptBad
2152,5,523.45,1,82.22999999999999,swap,improve
2153,5,529.8299999999997,1,82.22999999999999,swap,acceptBad
2154,5,529.8299999999997,1,82.22999999999999,2opt,notBad
2155,5,526.7399999999998,1,82.22999999999999,2opt,improve
2156,5,523.1099999999998,1,82.22999999999999,2opt,improve
2157,5,523.1099999999998,1,82.22999999999999,2opt,notBad
2158,5,522.2399999999998,1,82.22999999999999,move,improve
2159,5,522.2399999999998,1,82.22999999999999,2opt,notBad
2160,5,522.3899999999999,1,82.22999999999999,swap,acceptBad
2161,5,525.8699999999999,1,82.22999999999999,2opt,acceptBad
2162,5,524.5199999999999,1,82.22999999999999,move,improve
2163,5,524.5199999999999,1,82.22999999999999,move,improve
2164,5,524.5199999999999,1,82.22999999999999,2opt,notBad
2165,5,503.8200000000001,1,82.22999999999999,swap,improve
2166,5,503.8200000000001,1,82.22999999999999,move,improve
2167,5,531.6200000000001,1,82.22999999999999,swap,acceptBad
2168,5,531.6200000000001,1,82.22999999999999,swap,notBad
2169,5,531.6200000000001,1,82.22999999999999,2opt,improve
2170,5,531.6200000000001,1,82.22999999999999,move,improve
2171,5,524.4700000000001,1,82.22999999999999,swap,improve
2172,5,532.3900000000001,1,82.22999999999999,swap,acceptBad
2173,5,532.3900000000001,1,82.22999999999999,move,improve
2174,5,532.3900000000001,1,82.22999999999999,2opt,notBad
2175,5,532.3900000000001,1,82.22999999999999,2opt,notBad
2176,5,532.3900000000001,1,82.22999999999999,2opt,improve
2177,5,532.3900000000001,1,82.22999999999999,2opt,improve
2178,5,474.6699999999995,1,82.22999999999999,swap,improve
2179,5,474.6699999999995,1,82.22999999999999,2opt,notBad
2180,5,474.8199999999995,1,82.22999999999999,2opt,acceptBad
2181,5,474.8199999999995,1,82.22999999999999,2opt,notBad
2182,5,490.77,1,82.22999999999999,swap,acceptBad
2183,5,481.13999999999993,1,82.22999999999999,move,improve
2184,5,481.13999999999993,1,82.22999999999999,2opt,notBad
2185,5,481.13999999999993,1,82.22999999999999,2opt,notBad
2186,5,479.34999999999883,1,82.22999999999999,swap,improve
2187,5,479.34999999999883,1,82.22999999999999,2opt,notBad
2188,5,473.9199999999988,1,82.22999999999999,move,improve
2189,5,473.9199999999988,1,82.22999999999999,2opt,notBad
2190,5,460.2299999999984,1,82.22999999999999,swap,improve
2191,5,497.29999999999905,1,82.22999999999999,swap,acceptBad
2192,5,466.38999999999857,1,82.22999999999999,move,improve
2193,5,466.38999999999857,1,82.22999999999999,2opt,notBad
2194,5,484.94999999999857,1,82.22999999999999,swap,acceptBad
2195,5,484.94999999999857,1,82.22999999999999,move,improve
2196,5,484.94999999999857,1,82.22999999999999,move,improve
2197,5,484.94999999999857,1,82.22999999999999,2opt,notBad
2198,5,484.94999999999857,1,82.22999999999999,2opt,notBad
2199,5,484.94999999999857,1,82.22999999999999,2opt,improve
2200,5,484.94999999999857,1,82.22999999999999,move,improve
2201,5,520.6699999999994,1,82.22999999999999,swap,acceptBad
2202,5,520.6699999999994,1,82.22999999999999,2opt,notBad
2203,5,520.6699999999994,1,82.22999999999999,move,improve
2204,5,518.9899999999993,1,82.22999999999999,2opt,improve
2205,5,518.9899999999993,1,82.22999999999999,2opt,notBad
2206,5,518.9899999999993,1,82.22999999999999,2opt,notBad
2207,5,671.9800000000009,1,82.22999999999999,swap,acceptBad
2208,5,654.250000000001,1,82.22999999999999,swap,improve
2209,5,654.250000000001,1,82.22999999999999,2opt,notBad
2210,5,654.010000000001,1,82.22999999999999,2opt,improve
2211,5,654.010000000001,1,82.22999999999999,move,improve
2212,5,603.1699999999994,1,82.22999999999999,2opt,improve
2213,5,603.1699999999994,1,82.22999999999999,2opt,notBad
2214,5,603.1699999999994,1,82.22999999999999,move,improve
2215,5,584.4299999999987,1,82.22999999999999,swap,improve
2216,5,584.4299999999987,1,82.22999999999999,2opt,improve
2217,5,584.4299999999987,1,82.22999999999999,move,improve
2218,5,446.26999999999975,1,82.22999999999999,move,improve
2219,5,446.26999999999975,1,82.22999999999999,swap,notBad
2220,5,446.26999999999975,1,82.22999999999999,move,improve
2221,5,280.23,1,82.22999999999999,move,improve
2222,5,284.76,1,82.22999999999999,2opt,acceptBad
2223,5,284.76,1,82.22999999999999,swap,notBad
2224,5,284.76,1,82.22999999999999,move,improve
2225,5,505.03,1,82.22999999999999,move,acceptBad
2226,5,505.03,1,82.22999999999999,swap,notBad
2227,5,505.03,1,82.22999999999999,move,improve
2228,5,554.7700000000002,1,82.22999999999999,swap,acceptBad
2229,5,542.0199999999995,1,82.22999999999999,swap,improve
2230,5,518.5299999999993,1,82.22999999999999,move,improve
2231,5,510.7399999999999,1,82.22999999999999,swap,improve
2232,5,463.3999999999987,1,82.22999999999999,move,improve
2233,5,463.3999999999987,1,82.22999999999999,2opt,notBad
2234,5,513.0499999999988,1,82.22999999999999,swap,acceptBad
2235,5,513.0499999999988,1,82.22999999999999,move,improve
2236,5,513.0499999999988,1,82.22999999999999,2opt,notBad
2237,5,514.8499999999988,1,82.22999999999999,2opt,acceptBad
2238,5,514.8499999999988,1,82.22999999999999,move,improve
2239,5,514.8499999999988,1,82.22999999999999,move,improve
2240,5,514.8499999999988,1,82.22999999999999,move,improve
2241,5,517.3999999999988,1,82.22999999999999,swap,acceptBad
2242,5,660.4099999999991,1,82.22999999999999,swap,acceptBad
2243,5,660.4099999999991,1,82.22999999999999,2opt,notBad
2244,5,691.0899999999991,1,82.22999999999999,swap,acceptBad
2245,5,603.7999999999988,1,82.22999999999999,swap,improve
2246,5,603.7999999999988,1,82.22999999999999,2opt,notBad
2247,5,603.4099999999988,1,82.22999999999999,move,improve
2248,5,597.869999999999,1,82.22999999999999,swap,improve
2249,5,597.869999999999,1,82.22999999999999,move,improve
2250,5,568.9199999999989,1,82.22999999999999,swap,improve
2251,5,584.12,1,82.22999999999999,swap,acceptBad
2252,5,584.12,1,82.22999999999999,move,improve
2253,5,584.12,1,82.22999999999999,2opt,notBad
2254,5,551.57,1,82.22999999999999,swap,improve
2255,5,551.57,1,82.22999999999999,2opt,improve
2256,5,537.1700000000001,1,82.22999999999999,move,improve
2257,5,547.4499999999998,1,82.22999999999999,swap,acceptBad
2258,5,547.4499999999998,1,82.22999999999999,swap,notBad
2259,5,695.8499999999998,1,82.22999999999999,2opt,acceptBad
2260,5,594.93,1,82.22999999999999,move,improve
2261,5,635.4300000000007,1,82.22999999999999,swap,acceptBad
2262,5,706.8500000000001,1,82.22999999999999,swap,acceptBad
2263,5,647.0999999999999,1,82.22999999999999,swap,improve
2264,5,647.0999999999999,1,82.22999999999999,2opt,notBad
2265,5,658.3399999999991,1,82.22999999999999,swap,acceptBad
2266,5,722.4999999999991,1,82.22999999999999,swap,acceptBad
2267,5,722.4999999999991,1,82.22999999999999,swap,notBad
2268,5,692.069999999999,1,82.22999999999999,swap,improve
2269,5,692.069999999999,1,82.22999999999999,2opt,notBad
2270,5,692.069999999999,1,82.22999999999999,swap,notBad
2271,5,692.069999999999,1,82.22999999999999,2opt,notBad
2272,5,592.8699999999984,1,82.22999999999999,move,improve
2273,5,592.8699999999984,1,82.22999999999999,move,improve
2274,5,592.8699999999984,1,82.22999999999999,2opt,notBad
2275,5,595.8899999999986,1,82.22999999999999,swap,acceptBad
2276,5,563.5099999999983,1,82.22999999999999,2opt,improve
2277,5,570.8299999999983,1,82.22999999999999,2opt,acceptBad
2278,5,559.039999999999,1,82.22999999999999,swap,improve
2279,5,555.799999999999,1,82.22999999999999,move,improve
2280,5,565.099999999999,1,82.22999999999999,2opt,acceptBad
2281,5,565.099999999999,1,82.22999999999999,2opt,notBad
2282,5,565.099999999999,1,82.22999999999999,2opt,notBad
2283,5,565.099999999999,1,82.22999999999999,2opt,notBad
2284,5,565.099999999999,1,82.22999999999999,move,improve
2285,5,592.3299999999988,1,82.22999999999999,2opt,acceptBad
2286,5,592.3299999999988,1,82.22999999999999,2opt,notBad
2287,5,607.9999999999986,1,82.22999999999999,swap,acceptBad
2288,5,607.9999999999986,1,82.22999999999999,swap,notBad
2289,5,607.9999999999986,1,82.22999999999999,move,improve
2290,5,550.1999999999991,1,82.22999999999999,move,improve
2291,5,550.1999999999991,1,82.22999999999999,move,improve
2292,5,550.1999999999991,1,82.22999999999999,2opt,notBad
2293,5,550.1999999999991,1,82.22999999999999,swap,notBad
2294,5,550.1999999999991,1,82.22999999999999,move,improve
2295,5,550.1999999999991,1,82.22999999999999,2opt,notBad
2296,5,703.1399999999994,1,82.22999999999999,swap,acceptBad
2297,5,618.1400000000008,1,82.22999999999999,swap,improve
2298,5,552.7899999999997,1,82.22999999999999,move,improve
2299,5,552.7899999999997,1,82.22999999999999,swap,notBad
2300,5,549.1599999999997,1,82.22999999999999,move,improve
2301,5,549.1599999999997,1,82.22999999999999,2opt,improve
2302,5,583.4399999999995,1,82.22999999999999,swap,acceptBad
2303,5,583.4399999999995,1,82.22999999999999,move,improve
2304,5,583.4399999999995,1,82.22999999999999,2opt,notBad
2305,5,580.2899999999995,1,82.22999999999999,move,improve
2306,5,583.4999999999994,1,82.22999999999999,2opt,acceptBad
2307,5,629.4599999999986,1,82.22999999999999,swap,acceptBad
2308,5,629.4599999999986,1,82.22999999999999,2opt,notBad
2309,5,629.4599999999986,1,82.22999999999999,2opt,notBad
2310,5,622.2799999999982,1,82.22999999999999,swap,improve
2311,5,634.4999999999981,1,82.22999999999999,swap,acceptBad
2312,5,633.8699999999981,1,82.22999999999999,move,improve
2313,5,618.9899999999991,1,82.22999999999999,swap,improve
2314,5,618.9899999999991,1,82.22999999999999,move,improve
2315,5,618.9899999999991,1,82.22999999999999,2opt,notBad
2316,5,618.9899999999991,1,82.22999999999999,2opt,improve
2317,5,618.9899999999991,1,82.22999999999999,2opt,notBad
2318,5,599.4899999999992,1,82.22999999999999,move,improve
2319,5,564.7400000000002,1,82.22999999999999,swap,improve
2320,5,643.2099999999998,1,82.22999999999999,swap,acceptBad
2321,5,643.2099999999998,1,82.22999999999999,2opt,notBad
2322,5,643.2099999999998,1,82.22999999999999,swap,notBad
2323,5,643.2099999999998,1,82.22999999999999,2opt,notBad
2324,5,635.1499999999991,1,82.22999999999999,move,improve
2325,5,627.2599999999991,1,82.22999999999999,swap,improve
2326,5,625.8499999999991,1,82.22999999999999,swap,improve
2327,5,625.8499999999991,1,82.22999999999999,swap,notBad
2328,5,625.8499999999991,1,82.22999999999999,2opt,improve
2329,5,639.0499999999992,1,82.22999999999999,swap,acceptBad
2330,5,625.0599999999993,1,82.22999999999999,move,improve
2331,5,625.0599999999993,1,82.22999999999999,swap,notBad
2332,5,625.0599999999993,1,82.22999999999999,move,improve
2333,5,616.01,1,82.22999999999999,2opt,improve
2334,5,616.01,1,82.22999999999999,move,improve
2335,5,616.01,1,82.22999999999999,2opt,notBad
2336,5,681.9400000000006,1,82.22999999999999,swap,acceptBad
2337,5,647.3700000000001,1,82.22999999999999,swap,improve
2338,5,647.3700000000001,1,82.22999999999999,move,improve
2339,5,647.3700000000001,1,82.22999999999999,2opt,notBad
2340,5,647.3700000000001,1,82.22999999999999,swap,notBad
2341,5,509.8099999999994,1,82.22999999999999,swap,improve
2342,5,509.8099999999994,1,82.22999999999999,2opt,notBad
2343,5,490.69999999999885,1,82.22999999999999,move,improve
2344,5,490.69999999999885,1,82.22999999999999,2opt,notBad
2345,5,729.0299999999993,1,82.22999999999999,move,acceptBad
2346,5,729.0299999999993,1,82.22999999999999,move,notBad
2347,5,635.129999999999,1,82.22999999999999,move,improve
2348,5,644.789999999999,1,82.22999999999999,2opt,acceptBad
2349,5,519.3799999999981,1,82.22999999999999,move,improve
2350,5,511.34999999999866,1,82.22999999999999,swap,improve
2351,5,506.93999999999863,1,82.22999999999999,move,improve
2352,5,506.93999999999863,1,82.22999999999999,move,improve
2353,5,506.93999999999863,1,82.22999999999999,swap,notBad
2354,5,498.83999999999867,1,82.22999999999999,2opt,improve
2355,5,495.86999999999864,1,82.22999999999999,move,improve
2356,5,495.86999999999864,1,82.22999999999999,move,improve
2357,5,495.86999999999864,1,82.22999999999999,move,improve
2358,5,495.86999999999864,1,82.22999999999999,swap,notBad
2359,5,495.86999999999864,1,82.22999999999999,move,improve
2360,5,495.86999999999864,1,82.22999999999999,move,improve
2361,5,541.7099999999996,1,82.22999999999999,swap,acceptBad
2362,5,539.0699999999997,1,82.22999999999999,move,improve
2363,5,544.4999999999997,1,82.22999999999999,2opt,acceptBad
2364,5,544.4999999999997,1,82.22999999999999,2opt,notBad
2365,5,544.0199999999996,1,82.22999999999999,2opt,improve
2366,5,544.0199999999996,1,82.22999999999999,2opt,notBad
2367,5,544.0199999999995,1,82.22999999999999,2opt,improve
2368,5,565.6199999999995,1,82.22999999999999,swap,acceptBad
2369,5,483.8100000000004,1,82.22999999999999,move,improve
2370,5,483.8100000000004,1,82.22999999999999,move,improve
2371,5,483.8100000000004,1,82.22999999999999,swap,notBad
2372,5,483.8100000000004,1,82.22999999999999,2opt,improve
2373,5,483.8100000000004,1,82.22999999999999,2opt,notBad
2374,5,480.2100000000003,1,82.22999999999999,move,improve
2375,5,533.5399999999994,1,82.22999999999999,swap,acceptBad
2376,5,536.3899999999994,1,82.22999999999999,2opt,acceptBad
2377,5,568.3099999999993,1,82.22999999999999,2opt,acceptBad
2378,5,580.0399999999993,1,82.22999999999999,swap,acceptBad
2379,5,649.5299999999995,1,82.22999999999999,swap,acceptBad
2380,5,649.5299999999995,1,82.22999999999999,swap,notBad
2381,5,649.5299999999995,1,82.22999999999999,swap,notBad
2382,5,573.7499999999998,1,82.22999999999999,move,improve
2383,5,573.7499999999998,1,82.22999999999999,2opt,notBad
2384,5,606.1300000000001,1,82.22999999999999,2opt,acceptBad
2385,5,606.1300000000001,1,82.22999999999999,2opt,improve
2386,5,366.88999999999965,1,82.22999999999999,move,improve
2387,5,359.1199999999998,1,82.22999999999999,swap,improve
2388,5,375.47,1,82.22999999999999,swap,acceptBad
2389,5,368.96,1,82.22999999999999,2opt,improve
2390,5,364.42999999999995,1,82.22999999999999,move,improve
2391,5,341.9899999999996,1,82.22999999999999,move,improve
2392,5,341.9899999999996,1,82.22999999999999,move,improve
2393,5,437.9699999999997,1,82.22999999999999,swap,acceptBad
2394,5,437.9699999999997,1,82.22999999999999,swap,notBad
2395,5,423.5499999999999,1,82.22999999999999,swap,improve
2396,5,423.5499999999999,1,82.22999999999999,move,improve
2397,5,369.28000000000054,1,82.22999999999999,swap,improve
2398,5,432.3699999999998,1,82.22999999999999,swap,acceptBad
2399,5,809.6800000000001,1,82.22999999999999,swap,acceptBad
2400,5,809.6800000000001,1,82.22999999999999,swap,notBad
2401,5,809.6800000000001,1,82.22999999999999,swap,notBad
2402,5,836.29,1,82.22999999999999,swap,acceptBad
2403,5,836.29,1,82.22999999999999,2opt,notBad
2404,5,527.9099999999997,1,82.22999999999999,move,improve
2405,5,521.9399999999997,1,82.22999999999999,move,improve
2406,5,521.9399999999997,1,82.22999999999999,2opt,notBad
2407,5,523.7200000000003,1,82.22999999999999,2opt,acceptBad
2408,5,523.7200000000003,1,82.22999999999999,2opt,notBad
2409,5,529.7800000000003,1,82.22999999999999,swap,acceptBad
2410,5,529.7800000000003,1,82.22999999999999,2opt,notBad
2411,5,529.7800000000003,1,82.22999999999999,2opt,notBad
2412,5,529.7800000000003,1,82.22999999999999,swap,notBad
2413,5,523.4200000000003,1,82.22999999999999,move,improve
2414,5,494.77,1,82.22999999999999,move,improve
2415,5,494.19999999999993,1,82.22999999999999,move,improve
2416,5,494.19999999999993,1,82.22999999999999,swap,notBad
2417,5,494.19999999999993,1,82.22999999999999,2opt,notBad
2418,5,494.19999999999993,1,82.22999999999999,2opt,notBad
2419,5,456.58,1,82.22999999999999,2opt,improve
2420,5,456.58,1,82.22999999999999,move,improve
2421,5,456.58,1,82.22999999999999,2opt,notBad
2422,5,456.58,1,82.22999999999999,move,improve
2423,5,456.58,1,82.22999999999999,swap,notBad
2424,5,456.58,1,82.22999999999999,2opt,notBad
2425,5,456.58,1,82.22999999999999,swap,notBad
2426,5,456.58,1,82.22999999999999,move,improve
2427,5,457.53999999999996,1,82.22999999999999,swap,acceptBad
2428,5,451.88999999999953,1,82.22999999999999,swap,improve
2429,5,468.3299999999995,1,82.22999999999999,swap,acceptBad
2430,5,463.5299999999995,1,82.22999999999999,move,improve
2431,5,463.5299999999995,1,82.22999999999999,2opt,notBad
2432,5,459.56999999999994,1,82.22999999999999,swap,improve
2433,5,459.56999999999994,1,82.22999999999999,move,improve
2434,5,458.28,1,82.22999999999999,move,improve
2435,5,458.28,1,82.22999999999999,move,improve
2436,5,458.28,1,82.22999999999999,2opt,notBad
2437,5,465.0799999999999,1,82.22999999999999,swap,acceptBad
2438,5,508.1499999999986,1,82.22999999999999,swap,acceptBad
2439,5,440.5799999999996,1,82.22999999999999,swap,improve
2440,5,440.5799999999996,1,82.22999999999999,swap,notBad
2441,5,440.5799999999996,1,82.22999999999999,2opt,improve
2442,5,438.8999999999995,1,82.22999999999999,move,improve
2443,5,438.8999999999995,1,82.22999999999999,2opt,notBad
2444,5,438.8999999999995,1,82.22999999999999,move,improve
2445,5,438.8999999999995,1,82.22999999999999,2opt,notBad
2446,5,438.8099999999995,1,82.22999999999999,move,improve
2447,5,438.8099999999995,1,82.22999999999999,2opt,notBad
2448,5,436.2899999999995,1,82.22999999999999,2opt,improve
2449,5,436.2899999999995,1,82.22999999999999,2opt,notBad
2450,5,461.11,1,82.22999999999999,swap,acceptBad
2451,5,461.11,1,82.22999999999999,swap,notBad
2452,5,461.11,1,82.22999999999999,2opt,notBad
2453,5,461.11,1,82.22999999999999,swap,notBad
2454,5,461.11,1,82.22999999999999,move,improve
2455,5,461.11,1,82.22999999999999,move,improve
2456,5,461.11,1,82.22999999999999,move,improve
2457,5,461.11,1,82.22999999999999,2opt,notBad
2458,5,461.11,1,82.22999999999999,move,improve
2459,5,461.11,1,82.22999999999999,move,improve
2460,5,461.11,1,82.22999999999999,swap,notBad
2461,5,453.46000000000004,1,82.22999999999999,move,improve
2462,5,734.96,1,82.22999999999999,move,acceptBad
2463,5,734.96,1,82.22999999999999,move,improve
2464,5,733.43,1,82.22999999999999,move,improve
2465,5,782.5999999999991,1,82.22999999999999,swap,acceptBad
2466,5,782.5999999999991,1,82.22999999999999,2opt,notBad
2467,5,782.5999999999991,1,82.22999999999999,2opt,notBad
2468,5,805.6399999999991,1,82.22999999999999,swap,acceptBad
2469,5,805.6399999999991,1,82.22999999999999,2opt,notBad
2470,5,752.1399999999999,1,82.22999999999999,move,improve
2471,5,752.1399999999999,1,82.22999999999999,swap,notBad
2472,5,740.6499999999999,1,82.22999999999999,move,improve
2473,5,740.6499999999999,1,82.22999999999999,swap,notBad
2474,5,725.6799999999998,1,82.22999999999999,move,improve
2475,5,723.0699999999998,1,82.22999999999999,2opt,improve
2476,5,554.9200000000008,1,82.22999999999999,move,improve
2477,5,554.9200000000008,1,82.22999999999999,2opt,improve
2478,5,554.9200000000008,1,82.22999999999999,2opt,improve
2479,5,554.9200000000008,1,82.22999999999999,move,improve
2480,5,568.0800000000005,1,82.22999999999999,swap,acceptBad
2481,5,568.0800000000005,1,82.22999999999999,2opt,notBad
2482,5,568.0800000000005,1,82.22999999999999,2opt,notBad
2483,5,568.0800000000005,1,82.22999999999999,move,improve
2484,5,544.3300000000003,1,82.22999999999999,swap,improve
2485,5,544.3300000000003,1,82.22999999999999,swap,notBad
2486,5,545.1700000000002,1,82.22999999999999,swap,acceptBad
2487,5,545.1700000000002,1,82.22999999999999,2opt,notBad
2488,5,545.1700000000002,1,82.22999999999999,move,improve
2489,5,545.1700000000002,1,82.22999999999999,move,improve
2490,5,539.9800000000002,1,82.22999999999999,2opt,improve
2491,5,539.9800000000002,1,82.22999999999999,2opt,notBad
2492,5,621.8300000000008,1,82.22999999999999,swap,acceptBad
2493,5,621.8300000000008,1,82.22999999999999,swap,notBad
2494,5,621.8300000000008,1,82.22999999999999,move,improve
2495,5,624.2600000000009,1,82.22999999999999,swap,acceptBad
2496,5,624.2600000000009,1,82.22999999999999,2opt,improve
2497,5,623.7500000000009,1,82.22999999999999,2opt,improve
2498,5,623.7500000000009,1,82.22999999999999,2opt,notBad
2499,5,631.7000000000008,1,82.22999999999999,swap,acceptBad
2500,5,631.7000000000008,1,82.22999999999999,move,improve
2501,5,443.7999999999996,1,82.22999999999999,move,improve
2502,5,443.7999999999996,1,82.22999999999999,2opt,notBad
2503,5,406.21000000000015,1,82.22999999999999,move,improve
2504,5,330.6100000000004,1,82.22999999999999,swap,improve
2505,5,519.8299999999991,1,82.22999999999999,swap,acceptBad
2506,5,519.8299999999991,1,82.22999999999999,swap,notBad
2507,5,519.8299999999991,1,82.22999999999999,move,improve
2508,5,512.8999999999992,1,82.22999999999999,2opt,improve
2509,5,494.0599999999997,1,82.22999999999999,swap,improve
2510,5,486.2199999999998,1,82.22999999999999,swap,improve
2511,5,486.2199999999998,1,82.22999999999999,move,improve
2512,4,370.87999999999863,1,82.22999999999999,2opt,improve
2513,4,339.839999999999,1,82.22999999999999,swap,improve
2514,4,405.4399999999992,1,82.22999999999999,swap,acceptBad
2515,4,405.4399999999992,1,82.22999999999999,move,improve
2516,4,395.40999999999883,1,82.22999999999999,swap,improve
2517,4,448.95999999999924,1,82.22999999999999,swap,acceptBad
2518,4,436.05999999999926,1,82.22999999999999,swap,improve
2519,4,459.39999999999947,1,82.22999999999999,move,acceptBad
2520,4,455.60999999999956,1,82.22999999999999,swap,improve
2521,4,455.60999999999956,1,82.22999999999999,2opt,notBad
2522,4,455.60999999999956,1,82.22999999999999,2opt,notBad
2523,4,462.3699999999992,1,82.22999999999999,swap,acceptBad
2524,4,462.3699999999992,1,82.22999999999999,move,improve
2525,4,506.5899999999997,1,82.22999999999999,swap,acceptBad
2526,4,514.8100000000004,1,82.22999999999999,swap,acceptBad
2527,4,459.53999999999917,1,82.22999999999999,move,improve
2528,4,533.3499999999993,1,82.22999999999999,swap,acceptBad
2529,4,533.3499999999993,1,82.22999999999999,2opt,notBad
2530,4,533.3199999999995,1,82.22999999999999,swap,improve
2531,4,533.3199999999995,1,82.22999999999999,swap,notBad
2532,4,532.4499999999996,1,82.22999999999999,2opt,improve
2533,4,540.3899999999994,1,82.22999999999999,swap,acceptBad
2534,4,540.3899999999994,1,82.22999999999999,move,improve
2535,4,540.3899999999994,1,82.22999999999999,2opt,notBad
2536,4,463.57999999999936,1,82.22999999999999,move,improve
2537,4,468.6399999999997,1,82.22999999999999,swap,acceptBad
2538,4,468.6399999999997,1,82.22999999999999,2opt,notBad
2539,4,468.6399999999997,1,82.22999999999999,2opt,improve
2540,4,468.6399999999997,1,82.22999999999999,2opt,notBad
2541,4,467.1399999999997,1,82.22999999999999,move,improve
2542,4,443.18000000000006,1,82.22999999999999,swap,improve
2543,4,446.03000000000026,1,82.22999999999999,swap,acceptBad
2544,4,442.5100000000001,1,82.22999999999999,move,improve
2545,4,435.8199999999994,1,82.22999999999999,swap,improve
2546,4,411.9099999999993,1,82.22999999999999,move,improve
2547,4,401.44999999999914,1,82.22999999999999,swap,improve
2548,4,401.44999999999914,1,82.22999999999999,2opt,improve
2549,4,401.44999999999914,1,82.22999999999999,swap,notBad
2550,4,411.6299999999992,1,82.22999999999999,swap,acceptBad
2551,4,411.6299999999992,1,82.22999999999999,2opt,notBad
2552,4,421.81999999999954,1,82.22999999999999,swap,acceptBad
2553,4,414.1399999999996,1,82.22999999999999,move,improve
2554,4,357.91999999999973,1,82.22999999999999,swap,improve
2555,4,450.75999999999965,1,82.22999999999999,swap,acceptBad
2556,4,463.7600000000009,1,82.22999999999999,2opt,acceptBad
2557,4,492.56000000000085,1,82.22999999999999,swap,acceptBad
2558,4,497.1600000000011,1,82.22999999999999,swap,acceptBad
2559,4,480.5700000000011,1,82.22999999999999,move,improve
2560,4,480.5700000000011,1,82.22999999999999,2opt,notBad
2561,4,452.5899999999999,1,82.22999999999999,move,improve
2562,4,452.5899999999999,1,82.22999999999999,move,improve
2563,4,281.61999999999955,1,82.22999999999999,move,improve
2564,4,281.61999999999955,1,82.22999999999999,move,improve
2565,4,281.16000000000105,1,82.22999999999999,swap,improve
2566,4,281.16000000000105,1,82.22999999999999,move,improve
2567,4,295.80000000000103,1,82.22999999999999,swap,acceptBad
2568,4,296.97000000000105,1,82.22999999999999,2opt,acceptBad
2569,4,296.97000000000105,1,82.22999999999999,2opt,notBad
2570,4,296.97000000000105,1,82.22999999999999,move,improve
2571,4,296.97000000000105,1,82.22999999999999,2opt,improve
2572,4,296.97000000000105,1,82.22999999999999,move,improve
2573,4,296.97000000000105,1,82.22999999999999,2opt,notBad
2574,4,296.97000000000105,1,82.22999999999999,move,improve
2575,4,296.97000000000105,1,82.22999999999999,move,improve
2576,4,291.30000000000103,1,82.22999999999999,move,improve
2577,4,291.1500000000014,1,82.22999999999999,move,improve
2578,4,292.2500000000007,1,82.22999999999999,swap,acceptBad
2579,4,272.4800000000005,1,82.22999999999999,move,improve
2580,4,272.4800000000005,1,82.22999999999999,swap,notBad
2581,4,331.85000000000014,1,82.22999999999999,swap,acceptBad
2582,4,327.5000000000005,1,82.22999999999999,move,improve
2583,4,378.920000000001,1,82.22999999999999,swap,acceptBad
2584,4,378.920000000001,1,82.22999999999999,2opt,notBad
2585,4,352.81999999999994,1,82.22999999999999,move,improve
2586,4,429.0899999999995,1,82.22999999999999,swap,acceptBad
2587,4,434.8699999999998,1,82.22999999999999,2opt,acceptBad
2588,4,381.4999999999996,1,82.22999999999999,move,improve
2589,4,484.23999999999876,1,82.22999999999999,swap,acceptBad
2590,4,395.1000000000006,1,82.22999999999999,move,improve
2591,4,396.87000000000063,1,82.22999999999999,swap,acceptBad
2592,4,394.11000000000064,1,82.22999999999999,move,improve
2593,4,394.11000000000064,1,82.22999999999999,2opt,notBad
2594,4,394.11000000000064,1,82.22999999999999,move,improve
2595,4,394.11000000000064,1,82.22999999999999,move,improve
2596,4,392.1900000000003,1,82.22999999999999,swap,improve
2597,4,373.0199999999997,1,82.22999999999999,move,improve
2598,4,373.0199999999997,1,82.22999999999999,2opt,notBad
2599,4,395.6799999999994,1,82.22999999999999,swap,acceptBad
2600,4,398.73999999999916,1,82.22999999999999,2opt,acceptBad
2601,4,398.73999999999916,1,82.22999999999999,move,improve
2602,4,398.73999999999916,1,82.22999999999999,2opt,notBad
2603,4,398.73999999999916,1,82.22999999999999,2opt,notBad
2604,4,376.0900000000005,1,82.22999999999999,move,improve
2605,4,405.71000000000083,1,82.22999999999999,swap,acceptBad
2606,4,405.71000000000083,1,82.22999999999999,2opt,notBad
2607,4,405.71000000000083,1,82.22999999999999,2opt,notBad
2608,4,405.71000000000083,1,82.22999999999999,move,improve
2609,4,398.0100000000009,1,82.22999999999999,move,improve
2610,4,395.9100000000009,1,82.22999999999999,move,improve
2611,4,395.9100000000009,1,82.22999999999999,swap,notBad
2612,4,395.9100000000009,1,82.22999999999999,2opt,notBad
2613,4,395.9100000000009,1,82.22999999999999,2opt,notBad
2614,4,392.1600000000009,1,82.22999999999999,swap,improve
2615,4,382.56000000000085,1,82.22999999999999,move,improve
2616,4,383.74000000000046,1,82.22999999999999,swap,acceptBad
2617,4,394.0900000000005,1,82.22999999999999,swap,acceptBad
2618,4,394.0900000000005,1,82.22999999999999,move,improve
2619,4,408.0999999999999,1,82.22999999999999,swap,acceptBad
2620,4,397.8699999999999,1,82.22999999999999,2opt,improve
2621,4,397.8699999999999,1,82.22999999999999,move,improve
2622,4,397.8699999999999,1,82.22999999999999,2opt,notBad
2623,4,397.8699999999999,1,82.22999999999999,swap,notBad
2624,4,397.8699999999999,1,82.22999999999999,move,improve
2625,4,397.8699999999999,1,82.22999999999999,swap,notBad
2626,4,413.05000000000064,1,82.22999999999999,swap,acceptBad
2627,4,413.05000000000064,1,82.22999999999999,swap,notBad
2628,4,339.0900000000006,1,82.22999999999999,swap,improve
2629,4,297.90000000000043,1,82.22999999999999,move,improve
2630,4,297.90000000000043,1,82.22999999999999,2opt,notBad
2631,4,297.90000000000043,1,82.22999999999999,2opt,notBad
2632,4,297.90000000000043,1,82.22999999999999,swap,notBad
2633,4,297.90000000000043,1,82.22999999999999,2opt,notBad
2634,4,322.11000000000047,1,82.22999999999999,swap,acceptBad
2635,4,322.11000000000047,1,82.22999999999999,move,improve
2636,4,322.11000000000047,1,82.22999999999999,2opt,notBad
2637,4,321.75000000000045,1,82.22999999999999,move,improve
2638,4,321.75000000000045,1,82.22999999999999,move,improve
2639,4,324.50999999999976,1,82.22999999999999,swap,acceptBad
2640,4,321.1499999999995,1,82.22999999999999,swap,improve
2641,4,321.1499999999995,1,82.22999999999999,2opt,notBad
2642,4,362.90999999999946,1,82.22999999999999,swap,acceptBad
2643,4,362.90999999999946,1,82.22999999999999,move,improve
2644,4,362.90999999999946,1,82.22999999999999,move,improve
2645,4,356.6099999999995,1,82.22999999999999,move,improve
2646,4,356.6099999999995,1,82.22999999999999,2opt,notBad
2647,4,356.6099999999995,1,82.22999999999999,2opt,improve
2648,4,338.20999999999975,1,82.22999999999999,swap,improve
2649,4,371.11999999999995,1,82.22999999999999,swap,acceptBad
2650,4,400.8799999999992,1,82.22999999999999,swap,acceptBad
2651,4,400.8799999999992,1,82.22999999999999,2opt,notBad
2652,4,400.8799999999992,1,82.22999999999999,2opt,improve
2653,4,330.5499999999993,1,82.22999999999999,swap,improve
2654,4,355.58999999999924,1,82.22999999999999,swap,acceptBad
2655,4,355.58999999999924,1,82.22999999999999,move,improve
2656,4,355.58999999999924,1,82.22999999999999,2opt,notBad
2657,4,484.62000000000063,1,82.22999999999999,swap,acceptBad
2658,4,484.62000000000063,1,82.22999999999999,move,improve
2659,4,482.8100000000005,1,82.22999999999999,move,improve
2660,4,455.70999999999947,1,82.22999999999999,swap,improve
2661,4,453.96999999999946,1,82.22999999999999,move,improve
2662,4,453.96999999999946,1,82.22999999999999,move,improve
2663,4,607.0199999999995,1,82.22999999999999,swap,acceptBad
2664,4,607.0199999999995,1,82.22999999999999,2opt,notBad
2665,4,613.0199999999995,1,82.22999999999999,swap,acceptBad
2666,4,613.0199999999995,1,82.22999999999999,2opt,notBad
2667,4,613.0199999999995,1,82.22999999999999,2opt,notBad
2668,4,588.8099999999997,1,82.22999999999999,move,improve
2669,4,588.8099999999997,1,82.22999999999999,swap,notBad
2670,4,587.3899999999999,1,82.22999999999999,swap,improve
2671,4,587.3899999999999,1,82.22999999999999,2opt,notBad
2672,4,557.4799999999997,1,82.22999999999999,move,improve
2673,4,557.4799999999997,1,82.22999999999999,2opt,improve
2674,4,554.2699999999996,1,82.22999999999999,move,improve
2675,4,554.2699999999996,1,82.22999999999999,2opt,notBad
2676,4,557.3599999999997,1,82.22999999999999,swap,acceptBad
2677,4,557.3599999999997,1,82.22999999999999,move,improve
2678,4,636.6499999999994,1,82.22999999999999,swap,acceptBad
2679,4,532.0599999999991,1,82.22999999999999,move,improve
2680,4,532.0599999999991,1,82.22999999999999,move,improve
2681,4,532.0599999999991,1,82.22999999999999,2opt,improve
2682,4,548.1399999999992,1,82.22999999999999,swap,acceptBad
2683,4,611.0999999999981,1,82.22999999999999,swap,acceptBad
2684,4,566.5199999999996,1,82.22999999999999,move,improve
2685,4,557.1299999999997,1,82.22999999999999,swap,improve
2686,4,497.7399999999994,1,82.22999999999999,swap,improve
2687,4,550.4199999999994,1,82.22999999999999,swap,acceptBad
2688,4,557.4099999999994,1,82.22999999999999,swap,acceptBad
2689,4,648.6599999999996,1,82.22999999999999,swap,acceptBad
2690,4,630.9599999999996,1,82.22999999999999,swap,improve
2691,4,630.9599999999996,1,82.22999999999999,2opt,notBad
2692,4,601.8299999999995,1,82.22999999999999,move,improve
2693,4,544.7699999999996,1,82.22999999999999,move,improve
2694,4,544.7699999999996,1,82.22999999999999,2opt,improve
2695,4,544.7699999999996,1,82.22999999999999,2opt,notBad
2696,4,349.35,1,82.22999999999999,move,improve
2697,4,349.1400000000001,1,82.22999999999999,move,improve
2698,4,345.5099999999999,1,82.22999999999999,swap,improve
2699,4,348.0600000000004,1,82.22999999999999,swap,acceptBad
2700,4,343.65000000000043,1,82.22999999999999,2opt,improve
2701,4,335.61000000000035,1,82.22999999999999,swap,improve
2702,4,335.61000000000035,1,82.22999999999999,swap,notBad
2703,4,335.61000000000035,1,82.22999999999999,2opt,notBad
2704,4,379.5300000000004,1,82.22999999999999,swap,acceptBad
2705,4,379.5300000000004,1,82.22999999999999,swap,notBad
2706,4,377.62,1,82.22999999999999,swap,improve
2707,4,344.3799999999995,1,82.22999999999999,move,improve
2708,4,344.3799999999995,1,82.22999999999999,move,improve
2709,4,341.64999999999986,1,82.22999999999999,swap,improve
2710,4,341.64999999999986,1,82.22999999999999,swap,notBad
2711,4,302.0000000000004,1,82.22999999999999,move,improve
2712,4,288.4800000000005,1,82.22999999999999,swap,improve
2713,4,288.4800000000005,1,82.22999999999999,2opt,notBad
2714,4,288.4800000000005,1,82.22999999999999,2opt,notBad
2715,4,288.4800000000005,1,82.22999999999999,swap,notBad
2716,4,288.4800000000005,1,82.22999999999999,2opt,improve
2717,4,291.75000000000045,1,82.22999999999999,swap,acceptBad
2718,4,291.75000000000045,1,82.22999999999999,2opt,notBad
2719,4,295.77000000000055,1,82.22999999999999,2opt,acceptBad
2720,4,321.0600000000005,1,82.22999999999999,swap,acceptBad
2721,4,269.8199999999997,1,82.22999999999999,swap,improve
2722,4,269.8199999999997,1,82.22999999999999,2opt,notBad
2723,4,269.8199999999997,1,82.22999999999999,2opt,notBad
2724,4,269.8199999999997,1,82.22999999999999,move,improve
2725,4,267.8099999999998,1,82.22999999999999,move,improve
2726,4,345.77000000000027,1,82.22999999999999,swap,acceptBad
2727,4,345.77000000000027,1,82.22999999999999,move,improve
2728,4,340.2800000000003,1,82.22999999999999,swap,improve
2729,4,343.75999999999965,1,82.22999999999999,swap,acceptBad
2730,4,343.75999999999965,1,82.22999999999999,move,improve
2731,4,345.2000000000003,1,82.22999999999999,swap,acceptBad
2732,4,345.2000000000003,1,82.22999999999999,2opt,notBad
2733,4,344.84000000000026,1,82.22999999999999,move,improve
2734,4,344.84000000000026,1,82.22999999999999,swap,notBad
2735,4,343.3999999999997,1,82.22999999999999,swap,improve
2736,4,343.3999999999997,1,82.22999999999999,2opt,improve
2737,4,343.3999999999997,1,82.22999999999999,move,improve
2738,4,335.0899999999997,1,82.22999999999999,move,improve
2739,4,320.3499999999994,1,82.22999999999999,move,improve
2740,4,320.3499999999994,1,82.22999999999999,2opt,notBad
2741,4,320.3499999999994,1,82.22999999999999,2opt,notBad
2742,4,320.3499999999994,1,82.22999999999999,2opt,improve
2743,4,320.3499999999994,1,82.22999999999999,2opt,notBad
2744,4,392.0900000000005,1,82.22999999999999,swap,acceptBad
2745,4,392.0900000000005,1,82.22999999999999,2opt,notBad
2746,4,390.20000000000044,1,82.22999999999999,move,improve
2747,4,390.20000000000044,1,82.22999999999999,2opt,notBad
2748,4,390.20000000000044,1,82.22999999999999,move,improve
2749,4,387.3499999999999,1,82.22999999999999,move,improve
2750,4,379.0399999999999,1,82.22999999999999,2opt,improve
2751,4,379.0399999999999,1,82.22999999999999,swap,notBad
2752,4,379.0399999999999,1,82.22999999999999,move,improve
2753,4,439.7900000000003,1,82.22999999999999,swap,acceptBad
2754,4,439.7900000000003,1,82.22999999999999,move,improve
2755,4,439.7900000000003,1,82.22999999999999,swap,notBad
2756,4,372.58999999999986,1,82.22999999999999,move,improve
2757,4,372.58999999999986,1,82.22999999999999,move,improve
2758,4,372.4299999999998,1,82.22999999999999,swap,improve
2759,4,372.4299999999998,1,82.22999999999999,swap,notBad
2760,4,372.4299999999998,1,82.22999999999999,2opt,notBad
2761,4,385.3899999999999,1,82.22999999999999,swap,acceptBad
2762,4,391.21999999999997,1,82.22999999999999,swap,acceptBad
2763,4,391.21999999999997,1,82.22999999999999,2opt,notBad
2764,4,395.58000000000004,1,82.22999999999999,swap,acceptBad
2765,4,350.3799999999998,1,82.22999999999999,swap,improve
2766,4,350.3799999999998,1,82.22999999999999,swap,notBad
2767,4,385.08999999999986,1,82.22999999999999,2opt,acceptBad
2768,4,385.08999999999986,1,82.22999999999999,move,improve
2769,4,381.0699999999999,1,82.22999999999999,move,improve
2770,4,386.6199999999999,1,82.22999999999999,2opt,acceptBad
2771,4,383.1399999999999,1,82.22999999999999,move,improve
2772,4,370.2399999999999,1,82.22999999999999,move,improve
2773,4,370.2399999999999,1,82.22999999999999,2opt,notBad
2774,4,352.5099999999999,1,82.22999999999999,move,improve
2775,4,352.5099999999999,1,82.22999999999999,move,improve
2776,4,358.26999999999987,1,82.22999999999999,swap,acceptBad
2777,4,360.51999999999987,1,82.22999999999999,swap,acceptBad
2778,4,360.51999999999987,1,82.22999999999999,move,improve
2779,4,366.8199999999999,1,82.22999999999999,swap,acceptBad
2780,4,362.67999999999984,1,82.22999999999999,move,improve
2781,4,355.95,1,82.22999999999999,move,improve
2782,4,346.56,1,82.22999999999999,move,improve
2783,4,339.15,1,82.22999999999999,2opt,improve
2784,4,349.69000000000017,1,82.22999999999999,2opt,acceptBad
2785,4,373.66999999999996,1,82.22999999999999,move,acceptBad
2786,4,373.66999999999996,1,82.22999999999999,2opt,notBad
2787,4,448.7100000000002,1,82.22999999999999,swap,acceptBad
2788,4,448.7100000000002,1,82.22999999999999,2opt,notBad
2789,4,533.5799999999995,1,82.22999999999999,swap,acceptBad
2790,4,532.0799999999994,1,82.22999999999999,2opt,improve
2791,4,531.8999999999994,1,82.22999999999999,move,improve
2792,4,531.8999999999994,1,82.22999999999999,2opt,notBad
2793,4,539.9999999999994,1,82.22999999999999,swap,acceptBad
2794,4,520.6799999999994,1,82.22999999999999,swap,improve
2795,4,523.9199999999995,1,82.22999999999999,swap,acceptBad
2796,4,520.1099999999994,1,82.22999999999999,2opt,improve
2797,4,520.1099999999994,1,82.22999999999999,move,improve
2798,4,522.7799999999995,1,82.22999999999999,swap,acceptBad
2799,4,359.25000000000006,1,82.22999999999999,move,improve
2800,4,359.2800000000001,1,82.22999999999999,swap,acceptBad
2801,4,359.2800000000001,1,82.22999999999999,move,improve
2802,4,385.2600000000001,1,82.22999999999999,swap,acceptBad
2803,4,385.2600000000001,1,82.22999999999999,move,improve
2804,4,397.15999999999997,1,82.22999999999999,swap,acceptBad
2805,4,397.15999999999997,1,82.22999999999999,2opt,notBad
2806,4,405.73999999999995,1,82.22999999999999,swap,acceptBad
2807,4,405.73999999999995,1,82.22999999999999,move,improve
2808,4,422.2099999999999,1,82.22999999999999,swap,acceptBad
2809,4,398.41999999999996,1,82.22999999999999,move,improve
2810,4,398.41999999999996,1,82.22999999999999,2opt,notBad
2811,4,398.41999999999996,1,82.22999999999999,move,improve
2812,4,398.41999999999996,1,82.22999999999999,swap,notBad
2813,4,398.41999999999996,1,82.22999999999999,swap,notBad
2814,4,398.41999999999996,1,82.22999999999999,2opt,notBad
2815,4,397.69999999999993,1,82.22999999999999,move,improve
2816,4,392.7900000000001,1,82.22999999999999,swap,improve
2817,4,389.09000000000015,1,82.22999999999999,swap,improve
2818,4,412.71000000000004,1,82.22999999999999,swap,acceptBad
2819,4,412.71000000000004,1,82.22999999999999,2opt,notBad
2820,4,412.71000000000004,1,82.22999999999999,move,improve
2821,4,410.6,1,82.22999999999999,move,improve
2822,4,410.6,1,82.22999999999999,2opt,notBad
2823,4,386.4399999999997,1,82.22999999999999,swap,improve
2824,4,397.2599999999999,1,82.22999999999999,swap,acceptBad
2825,4,445.6199999999995,1,82.22999999999999,swap,acceptBad
2826,4,456.98999999999944,1,82.22999999999999,2opt,acceptBad
2827,4,456.98999999999944,1,82.22999999999999,2opt,improve
2828,4,452.6699999999993,1,82.22999999999999,move,improve
2829,4,452.6699999999993,1,82.22999999999999,swap,notBad
2830,4,452.6699999999993,1,82.22999999999999,move,improve
2831,4,484.1699999999993,1,82.22999999999999,swap,acceptBad
2832,4,463.6499999999993,1,82.22999999999999,move,improve
2833,4,463.6499999999993,1,82.22999999999999,2opt,notBad
2834,4,463.6499999999993,1,82.22999999999999,2opt,notBad
2835,4,463.6499999999993,1,82.22999999999999,2opt,notBad
2836,4,463.6499999999993,1,82.22999999999999,2opt,notBad
2837,4,483.4099999999998,1,82.22999999999999,swap,acceptBad
2838,4,478.2799999999998,1,82.22999999999999,move,improve
2839,4,478.2799999999998,1,82.22999999999999,move,improve
2840,4,481.2199999999998,1,82.22999999999999,2opt,acceptBad
2841,4,473.8399999999999,1,82.22999999999999,swap,improve
2842,4,416.43,1,82.22999999999999,move,improve
2843,4,412.749999999999,1,82.22999999999999,move,improve
2844,4,412.749999999999,1,82.22999999999999,2opt,notBad
2845,4,412.749999999999,1,82.22999999999999,2opt,notBad
2846,4,412.749999999999,1,82.22999999999999,move,improve
2847,4,412.749999999999,1,82.22999999999999,swap,notBad
2848,4,417.999999999999,1,82.22999999999999,swap,acceptBad
2849,4,421.00999999999954,1,82.22999999999999,swap,acceptBad
2850,4,421.00999999999954,1,82.22999999999999,move,improve
2851,4,421.00999999999954,1,82.22999999999999,2opt,notBad
2852,4,421.1899999999995,1,82.22999999999999,swap,acceptBad
2853,4,343.160000000001,1,82.22999999999999,move,improve
2854,4,422.600000000001,1,82.22999999999999,swap,acceptBad
2855,4,422.600000000001,1,82.22999999999999,2opt,notBad
2856,4,422.600000000001,1,82.22999999999999,2opt,notBad
2857,4,422.600000000001,1,82.22999999999999,2opt,notBad
2858,4,424.70000000000095,1,82.22999999999999,2opt,acceptBad
2859,4,448.5000000000009,1,82.22999999999999,swap,acceptBad
2860,4,450.0000000000009,1,82.22999999999999,swap,acceptBad
2861,4,450.0000000000009,1,82.22999999999999,2opt,notBad
2862,4,434.21999999999963,1,82.22999999999999,move,improve
2863,4,424.84999999999945,1,82.22999999999999,swap,improve
2864,4,445.70999999999987,1,82.22999999999999,swap,acceptBad
2865,4,448.3799999999999,1,82.22999999999999,swap,acceptBad
2866,4,456.15000000000066,1,82.22999999999999,swap,acceptBad
2867,4,430.2500000000002,1,82.22999999999999,swap,improve
2868,4,430.40000000000026,1,82.22999999999999,swap,acceptBad
2869,4,430.40000000000026,1,82.22999999999999,2opt,notBad
2870,4,454.65000000000026,1,82.22999999999999,swap,acceptBad
2871,4,456.15000000000066,1,82.22999999999999,swap,acceptBad
2872,4,457.9800000000007,1,82.22999999999999,2opt,acceptBad
2873,4,457.9800000000007,1,82.22999999999999,2opt,notBad
2874,4,399.8000000000005,1,82.22999999999999,move,improve
2875,4,400.7700000000007,1,82.22999999999999,swap,acceptBad
2876,4,280.73000000000025,1,82.22999999999999,move,improve
2877,4,356.60000000000014,1,82.22999999999999,swap,acceptBad
2878,4,347.96000000000015,1,82.22999999999999,move,improve
2879,4,347.96000000000015,1,82.22999999999999,swap,notBad
2880,4,347.96000000000015,1,82.22999999999999,2opt,notBad
2881,4,330.72000000000014,1,82.22999999999999,swap,improve
2882,4,417.5900000000005,1,82.22999999999999,swap,acceptBad
2883,4,358.2800000000003,1,82.22999999999999,move,improve
2884,4,347.9900000000003,1,82.22999999999999,move,improve
2885,4,347.9900000000003,1,82.22999999999999,2opt,improve
2886,4,348.86000000000024,1,82.22999999999999,swap,acceptBad
2887,4,361.58000000000027,1,82.22999999999999,2opt,acceptBad
2888,4,327.94999999999993,1,82.22999999999999,swap,improve
2889,4,327.94999999999993,1,82.22999999999999,2opt,notBad
2890,4,323.1499999999999,1,82.22999999999999,move,improve
2891,4,323.1499999999999,1,82.22999999999999,2opt,notBad
2892,4,323.1499999999999,1,82.22999999999999,move,improve
2893,4,323.1499999999999,1,82.22999999999999,move,notBad
2894,4,322.3400000000004,1,82.22999999999999,swap,improve
2895,4,322.3400000000004,1,82.22999999999999,swap,notBad
2896,4,321.8300000000003,1,82.22999999999999,swap,improve
2897,4,319.4900000000003,1,82.22999999999999,swap,improve
2898,4,347.76999999999964,1,82.22999999999999,swap,acceptBad
2899,4,347.76999999999964,1,82.22999999999999,2opt,notBad
2900,4,347.51000000000045,1,82.22999999999999,move,improve
2901,4,362.2400000000005,1,82.22999999999999,swap,acceptBad
2902,4,363.89000000000055,1,82.22999999999999,swap,acceptBad
2903,4,353.9600000000005,1,82.22999999999999,move,improve
2904,4,365.9300000000003,1,82.22999999999999,swap,acceptBad
2905,4,365.9300000000003,1,82.22999999999999,2opt,improve
2906,4,346.7100000000006,1,82.22999999999999,swap,improve
2907,4,370.77000000000066,1,82.22999999999999,2opt,acceptBad
2908,4,375.1200000000003,1,82.22999999999999,swap,acceptBad
2909,4,375.1200000000003,1,82.22999999999999,move,improve
2910,4,374.6400000000001,1,82.22999999999999,swap,improve
2911,4,374.6400000000001,1,82.22999999999999,move,improve
2912,4,374.6400000000001,1,82.22999999999999,2opt,notBad
2913,4,305.25999999999965,1,82.22999999999999,move,improve
2914,4,286.86999999999966,1,82.22999999999999,move,improve
2915,4,286.86999999999966,1,82.22999999999999,move,improve
2916,4,286.86999999999966,1,82.22999999999999,move,improve
2917,4,286.86999999999966,1,82.22999999999999,2opt,notBad
2918,4,284.1999999999996,1,82.22999999999999,move,improve
2919,4,284.1999999999996,1,82.22999999999999,2opt,notBad
2920,4,286.9599999999996,1,82.22999999999999,swap,acceptBad
2921,4,286.9599999999996,1,82.22999999999999,swap,notBad
2922,4,286.9599999999996,1,82.22999999999999,swap,notBad
2923,4,286.9599999999996,1,82.22999999999999,move,improve
2924,4,261.57999999999964,1,82.22999999999999,2opt,improve
2925,4,261.57999999999964,1,82.22999999999999,move,improve
2926,4,257.1899999999993,1,82.22999999999999,2opt,improve
2927,4,257.1899999999993,1,82.22999999999999,2opt,notBad
2928,4,307.00999999999965,1,82.22999999999999,swap,acceptBad
2929,4,287.4699999999998,1,82.22999999999999,2opt,improve
2930,4,287.4699999999998,1,82.22999999999999,2opt,notBad
2931,4,287.4699999999998,1,82.22999999999999,swap,notBad
2932,4,287.4699999999998,1,82.22999999999999,2opt,notBad
2933,4,281.2899999999998,1,82.22999999999999,move,improve
2934,4,287.19999999999936,1,82.22999999999999,swap,acceptBad
2935,4,287.19999999999936,1,82.22999999999999,2opt,notBad
2936,4,282.09999999999934,1,82.22999999999999,move,improve
2937,4,282.09999999999934,1,82.22999999999999,2opt,notBad
2938,4,282.09999999999934,1,82.22999999999999,swap,notBad
2939,4,282.09999999999934,1,82.22999999999999,2opt,notBad
2940,4,282.09999999999934,1,82.22999999999999,move,improve
2941,4,282.09999999999934,1,82.22999999999999,move,improve
2942,4,314.17000000000036,1,82.22999999999999,swap,acceptBad
2943,4,314.17000000000036,1,82.22999999999999,2opt,improve
2944,4,314.17000000000036,1,82.22999999999999,move,improve
2945,4,314.17000000000036,1,82.22999999999999,move,improve
2946,4,314.17000000000036,1,82.22999999999999,move,notBad
2947,4,314.17000000000036,1,82.22999999999999,2opt,notBad
2948,4,390.9999999999998,1,82.22999999999999,swap,acceptBad
2949,4,389.40999999999985,1,82.22999999999999,move,improve
2950,4,389.40999999999985,1,82.22999999999999,2opt,notBad
2951,4,389.40999999999985,1,82.22999999999999,2opt,notBad
2952,4,379.4999999999998,1,82.22999999999999,move,improve
2953,4,345.6999999999997,1,82.22999999999999,move,improve
2954,4,345.6999999999997,1,82.22999999999999,2opt,improve
2955,4,345.6999999999997,1,82.22999999999999,move,improve
2956,4,345.6999999999997,1,82.22999999999999,swap,notBad
2957,4,345.6999999999997,1,82.22999999999999,swap,notBad
2958,4,345.6999999999997,1,82.22999999999999,move,improve
2959,4,345.6999999999997,1,82.22999999999999,2opt,improve
2960,4,331.39999999999964,1,82.22999999999999,swap,improve
2961,4,264.6399999999995,1,82.22999999999999,move,improve
2962,4,269.5599999999995,1,82.22999999999999,swap,acceptBad
2963,4,260.6399999999998,1,82.22999999999999,swap,improve
2964,4,303.80000000000007,1,82.22999999999999,swap,acceptBad
2965,4,296.75000000000006,1,82.22999999999999,2opt,improve
2966,4,296.57000000000005,1,82.22999999999999,move,improve
2967,4,265.8799999999999,1,82.22999999999999,swap,improve
2968,4,283.8199999999999,1,82.22999999999999,swap,acceptBad
2969,4,272.95999999999987,1,82.22999999999999,move,improve
2970,4,272.95999999999987,1,82.22999999999999,2opt,improve
2971,4,329.8999999999994,1,82.22999999999999,swap,acceptBad
2972,4,256.9500000000006,1,82.22999999999999,move,improve
2973,4,260.8500000000007,1,82.22999999999999,swap,acceptBad
2974,4,261.45000000000067,1,82.22999999999999,swap,acceptBad
2975,4,234.99000000000112,1,82.22999999999999,move,improve
2976,4,225.36000000000107,1,82.22999999999999,move,improve
2977,4,225.36000000000107,1,82.22999999999999,swap,notBad
2978,4,221.460000000001,1,82.22999999999999,move,improve
2979,4,221.460000000001,1,82.22999999999999,2opt,notBad
2980,4,221.460000000001,1,82.22999999999999,2opt,notBad
2981,4,221.460000000001,1,82.22999999999999,swap,notBad
2982,4,219.480000000001,1,82.22999999999999,move,improve
2983,4,219.480000000001,1,82.22999999999999,swap,notBad
2984,4,219.480000000001,1,82.22999999999999,move,improve
2985,4,217.710000000001,1,82.22999999999999,move,improve
2986,4,207.240000000001,1,82.22999999999999,move,improve
2987,4,219.930000000001,1,82.22999999999999,swap,acceptBad
2988,4,209.04000000000102,1,82.22999999999999,move,improve
2989,4,217.860000000001,1,82.22999999999999,2opt,acceptBad
2990,4,217.860000000001,1,82.22999999999999,2opt,improve
2991,4,219.56000000000103,1,82.22999999999999,move,acceptBad
2992,4,219.56000000000103,1,82.22999999999999,swap,notBad
2993,4,219.56000000000103,1,82.22999999999999,2opt,notBad
2994,4,219.56000000000103,1,82.22999999999999,move,improve
2995,4,230.84000000000103,1,82.22999999999999,2opt,acceptBad
2996,4,230.540000000001,1,82.22999999999999,move,improve
2997,4,230.540000000001,1,82.22999999999999,2opt,notBad
2998,4,230.540000000001,1,82.22999999999999,move,improve
2999,4,230.270000000001,1,82.22999999999999,move,improve
3000,4,232.67000000000098,1,82.22999999999999,swap,acceptBad
3001,4,254.87000000000103,1,82.22999999999999,swap,acceptBad
3002,4,254.87000000000103,1,82.22999999999999,2opt,notBad
3003,4,255.320000000001,1,82.22999999999999,2opt,acceptBad
3004,4,255.320000000001,1,82.22999999999999,swap,notBad
3005,4,253.620000000001,1,82.22999999999999,move,improve
3006,4,251.46000000000103,1,82.22999999999999,2opt,improve
3007,4,255.36000000000112,1,82.22999999999999,swap,acceptBad
3008,4,258.5400000000011,1,82.22999999999999,2opt,acceptBad
3009,4,258.5400000000011,1,82.22999999999999,move,improve
3010,4,250.38000000000108,1,82.22999999999999,move,improve
3011,4,250.38000000000108,1,82.22999999999999,move,improve
3012,4,253.7700000000011,1,82.22999999999999,2opt,acceptBad
3013,4,253.7700000000011,1,82.22999999999999,2opt,notBad
3014,4,253.7700000000011,1,82.22999999999999,swap,notBad
3015,4,253.7700000000011,1,82.22999999999999,2opt,notBad
3016,4,248.04000000000113,1,82.22999999999999,move,improve
3017,4,248.04000000000113,1,82.22999999999999,swap,notBad
3018,4,247.2000000000011,1,82.22999999999999,swap,improve
3019,4,247.2000000000011,1,82.22999999999999,move,improve
3020,4,247.2000000000011,1,82.22999999999999,move,improve
3021,4,247.2000000000011,1,82.22999999999999,2opt,notBad
3022,4,241.7400000000011,1,82.22999999999999,move,improve
3023,4,238.95000000000115,1,82.22999999999999,move,improve
3024,4,238.95000000000115,1,82.22999999999999,swap,notBad
3025,4,241.5900000000004,1,82.22999999999999,swap,acceptBad
3026,4,238.58000000000033,1,82.22999999999999,swap,improve
3027,4,238.58000000000033,1,82.22999999999999,move,improve
3028,4,238.58000000000033,1,82.22999999999999,2opt,improve
3029,4,238.58000000000033,1,82.22999999999999,move,improve
3030,4,252.32000000000033,1,82.22999999999999,swap,acceptBad
3031,4,252.32000000000033,1,82.22999999999999,move,improve
3032,4,252.32000000000033,1,82.22999999999999,swap,notBad
3033,4,252.32000000000033,1,82.22999999999999,move,improve
3034,4,254.27000000000032,1,82.22999999999999,swap,acceptBad
3035,4,254.27000000000032,1,82.22999999999999,move,improve
3036,4,252.32000000000033,1,82.22999999999999,swap,improve
3037,4,252.32000000000033,1,82.22999999999999,2opt,notBad
3038,4,251.8800000000004,1,82.22999999999999,move,improve
3039,4,251.8800000000004,1,82.22999999999999,move,improve
3040,4,250.77000000000038,1,82.22999999999999,swap,improve
3041,4,241.1500000000003,1,82.22999999999999,swap,improve
3042,4,241.1500000000003,1,82.22999999999999,2opt,improve
3043,4,241.1500000000003,1,82.22999999999999,2opt,notBad
3044,4,241.1500000000003,1,82.22999999999999,2opt,notBad
3045,4,241.1500000000003,1,82.22999999999999,2opt,notBad
3046,4,243.64000000000027,1,82.22999999999999,swap,acceptBad
3047,4,246.28000000000029,1,82.22999999999999,swap,acceptBad
3048,4,246.28000000000029,1,82.22999999999999,2opt,notBad
3049,4,227.92000000000027,1,82.22999999999999,move,improve
3050,4,221.68000000000026,1,82.22999999999999,move,improve
3051,4,221.68000000000026,1,82.22999999999999,swap,notBad
3052,4,221.68000000000026,1,82.22999999999999,move,improve
3053,4,221.68000000000026,1,82.22999999999999,swap,notBad
3054,4,221.68000000000026,1,82.22999999999999,2opt,notBad
3055,4,221.68000000000026,1,82.22999999999999,2opt,notBad
3056,4,221.68000000000026,1,82.22999999999999,swap,notBad
3057,4,222.46000000000026,1,82.22999999999999,2opt,acceptBad
3058,4,222.46000000000026,1,82.22999999999999,2opt,notBad
3059,4,222.46000000000026,1,82.22999999999999,swap,notBad
3060,4,222.46000000000026,1,82.22999999999999,swap,notBad
3061,4,222.46000000000026,1,82.22999999999999,2opt,notBad
3062,4,222.46000000000026,1,82.22999999999999,move,improve
3063,4,222.46000000000026,1,82.22999999999999,2opt,notBad
3064,4,218.9500000000003,1,82.22999999999999,2opt,improve
3065,4,218.17000000000024,1,82.22999999999999,move,improve
3066,4,218.17000000000024,1,82.22999999999999,2opt,improve
3067,4,202.44000000000034,1,82.22999999999999,move,improve
3068,4,202.44000000000034,1,82.22999999999999,swap,notBad
3069,4,202.44000000000034,1,82.22999999999999,swap,notBad
3070,4,202.44000000000034,1,82.22999999999999,swap,notBad
3071,4,202.44000000000034,1,82.22999999999999,2opt,notBad
3072,4,207.51000000000033,1,82.22999999999999,2opt,acceptBad
3073,4,201.12000000000057,1,82.22999999999999,move,improve
3074,4,201.12000000000057,1,82.22999999999999,2opt,improve
3075,4,201.12000000000057,1,82.22999999999999,2opt,improve
3076,4,201.12000000000057,1,82.22999999999999,2opt,notBad
3077,4,226.37999999999923,1,82.22999999999999,swap,acceptBad
3078,4,226.37999999999923,1,82.22999999999999,2opt,notBad
3079,4,226.37999999999923,1,82.22999999999999,swap,notBad
3080,4,226.37999999999923,1,82.22999999999999,2opt,notBad
3081,4,247.61999999999892,1,82.22999999999999,swap,acceptBad
3082,4,247.61999999999892,1,82.22999999999999,swap,notBad
3083,4,232.86999999999898,1,82.22999999999999,swap,improve
3084,4,231.7199999999993,1,82.22999999999999,swap,improve
3085,4,231.7199999999993,1,82.22999999999999,2opt,notBad
3086,4,265.02999999999906,1,82.22999999999999,swap,acceptBad
3087,4,262.6299999999991,1,82.22999999999999,move,improve
3088,4,262.6299999999991,1,82.22999999999999,move,improve
3089,4,262.5099999999991,1,82.22999999999999,swap,improve
3090,4,247.36999999999955,1,82.22999999999999,move,improve
3091,4,249.56999999999914,1,82.22999999999999,swap,acceptBad
3092,4,250.63999999999945,1,82.22999999999999,swap,acceptBad
3093,4,246.82999999999905,1,82.22999999999999,swap,improve
3094,4,246.13999999999905,1,82.22999999999999,swap,improve
3095,4,238.06999999999903,1,82.22999999999999,move,improve
3096,4,239.11999999999904,1,82.22999999999999,swap,acceptBad
3097,4,226.90999999999906,1,82.22999999999999,move,improve
3098,4,226.90999999999906,1,82.22999999999999,2opt,notBad
3099,4,208.64000000000033,1,82.22999999999999,move,improve
3100,4,217.04000000000028,1,82.22999999999999,swap,acceptBad
3101,4,217.04000000000028,1,82.22999999999999,move,improve
3102,4,194.75000000000034,1,82.22999999999999,2opt,improve
3103,4,194.75000000000034,1,82.22999999999999,2opt,notBad
3104,4,190.91000000000034,1,82.22999999999999,move,improve
3105,4,190.91000000000034,1,82.22999999999999,2opt,notBad
3106,4,190.91000000000034,1,82.22999999999999,move,improve
3107,4,190.91000000000034,1,82.22999999999999,move,improve
3108,4,190.91000000000034,1,82.22999999999999,2opt,notBad
3109,4,190.91000000000034,1,82.22999999999999,2opt,notBad
3110,4,190.91000000000034,1,82.22999999999999,move,improve
3111,4,212.90000000000035,1,82.22999999999999,swap,acceptBad
3112,4,211.88000000000034,1,82.22999999999999,move,improve
3113,4,211.88000000000034,1,82.22999999999999,2opt,notBad
3114,4,211.88000000000034,1,82.22999999999999,move,improve
3115,4,232.43000000000032,1,82.22999999999999,swap,acceptBad
3116,4,232.43000000000032,1,82.22999999999999,2opt,notBad
3117,4,232.43000000000032,1,82.22999999999999,move,improve
3118,4,232.43000000000032,1,82.22999999999999,2opt,notBad
3119,4,232.43000000000032,1,82.22999999999999,2opt,notBad
3120,4,232.43000000000032,1,82.22999999999999,move,improve
3121,4,232.43000000000032,1,82.22999999999999,swap,notBad
3122,4,232.43000000000032,1,82.22999999999999,swap,notBad
3123,4,232.43000000000032,1,82.22999999999999,swap,notBad
3124,4,233.7700000000004,1,82.22999999999999,2opt,acceptBad
3125,4,221.22000000000037,1,82.22999999999999,move,improve
3126,4,221.22000000000037,1,82.22999999999999,2opt,notBad
3127,4,221.22000000000037,1,82.22999999999999,2opt,improve
3128,4,211.82999999999996,1,82.22999999999999,move,improve
3129,4,236.28999999999934,1,82.22999999999999,swap,acceptBad
3130,4,225.84999999999928,1,82.22999999999999,move,improve
3131,4,225.84999999999928,1,82.22999999999999,move,improve
3132,4,228.7599999999993,1,82.22999999999999,swap,acceptBad
3133,4,228.7599999999993,1,82.22999999999999,swap,notBad
3134,4,228.7599999999993,1,82.22999999999999,move,improve
3135,4,228.7599999999993,1,82.22999999999999,2opt,improve
3136,4,228.18999999999926,1,82.22999999999999,move,improve
3137,4,228.18999999999926,1,82.22999999999999,move,improve
3138,4,228.18999999999926,1,82.22999999999999,2opt,notBad
3139,4,228.18999999999926,1,82.22999999999999,2opt,notBad
3140,4,228.18999999999926,1,82.22999999999999,swap,notBad
3141,4,238.48999999999924,1,82.22999999999999,2opt,acceptBad
3142,4,253.54999999999924,1,82.22999999999999,2opt,acceptBad
3143,4,258.7099999999994,1,82.22999999999999,swap,acceptBad
3144,4,258.7099999999994,1,82.22999999999999,2opt,notBad
3145,4,258.7099999999994,1,82.22999999999999,move,improve
3146,4,258.7099999999994,1,82.22999999999999,2opt,notBad
3147,4,257.17999999999944,1,82.22999999999999,move,improve
3148,4,239.26999999999944,1,82.22999999999999,move,improve
3149,4,239.26999999999944,1,82.22999999999999,move,improve
3150,4,239.26999999999944,1,82.22999999999999,swap,notBad
3151,4,239.26999999999944,1,82.22999999999999,swap,notBad
3152,4,247.44999999999942,1,82.22999999999999,swap,acceptBad
3153,4,247.44999999999942,1,82.22999999999999,move,improve
3154,4,247.44999999999942,1,82.22999999999999,swap,notBad
3155,4,247.44999999999942,1,82.22999999999999,2opt,improve
3156,4,240.25000000000034,1,82.22999999999999,swap,improve
3157,4,262.02999999999986,1,82.22999999999999,swap,acceptBad
3158,4,262.02999999999986,1,82.22999999999999,2opt,notBad
3159,4,271.83999999999986,1,82.22999999999999,swap,acceptBad
3160,4,271.83999999999986,1,82.22999999999999,swap,notBad
3161,4,264.57999999999964,1,82.22999999999999,swap,improve
3162,4,264.57999999999964,1,82.22999999999999,swap,notBad
3163,4,276.1599999999993,1,82.22999999999999,swap,acceptBad
3164,4,276.1599999999993,1,82.22999999999999,2opt,notBad
3165,4,276.1599999999993,1,82.22999999999999,move,improve
3166,4,276.1599999999993,1,82.22999999999999,2opt,notBad
3167,4,276.1599999999993,1,82.22999999999999,2opt,notBad
3168,4,280.4499999999993,1,82.22999999999999,swap,acceptBad
3169,4,280.4499999999993,1,82.22999999999999,2opt,improve
3170,4,280.4499999999993,1,82.22999999999999,swap,notBad
3171,4,279.06999999999994,1,82.22999999999999,move,improve
3172,4,277.87000000000035,1,82.22999999999999,swap,improve
3173,4,300.15000000000066,1,82.22999999999999,swap,acceptBad
3174,4,300.15000000000066,1,82.22999999999999,2opt,notBad
3175,4,300.15000000000066,1,82.22999999999999,move,improve
3176,4,293.0700000000006,1,82.22999999999999,move,improve
3177,4,288.5700000000006,1,82.22999999999999,move,improve
3178,4,288.0500000000005,1,82.22999999999999,move,improve
3179,4,289.7500000000001,1,82.22999999999999,swap,acceptBad
3180,4,289.7500000000001,1,82.22999999999999,2opt,notBad
3181,4,289.7500000000001,1,82.22999999999999,swap,notBad
3182,4,289.7500000000001,1,82.22999999999999,2opt,notBad
3183,4,289.7500000000001,1,82.22999999999999,swap,notBad
3184,4,288.0500000000005,1,82.22999999999999,move,improve
3185,4,287.01,1,82.22999999999999,move,improve
3186,4,287.01,1,82.22999999999999,2opt,notBad
3187,4,276.6900000000005,1,82.22999999999999,move,improve
3188,4,276.6900000000005,1,82.22999999999999,swap,notBad
3189,4,281.0700000000005,1,82.22999999999999,swap,acceptBad
3190,4,281.0700000000005,1,82.22999999999999,move,improve
3191,4,281.0700000000005,1,82.22999999999999,2opt,improve
3192,4,281.0700000000005,1,82.22999999999999,move,improve
3193,4,281.0700000000005,1,82.22999999999999,2opt,notBad
3194,4,281.0700000000005,1,82.22999999999999,swap,notBad
3195,4,281.0700000000005,1,82.22999999999999,2opt,notBad
3196,4,281.0700000000005,1,82.22999999999999,move,improve
3197,4,283.59000000000054,1,82.22999999999999,swap,acceptBad
3198,4,283.59000000000054,1,82.22999999999999,move,improve
3199,4,277.75000000000057,1,82.22999999999999,move,improve
3200,4,284.40999999999985,1,82.22999999999999,swap,acceptBad
3201,4,284.40999999999985,1,82.22999999999999,2opt,notBad
3202,4,284.40999999999985,1,82.22999999999999,2opt,notBad
3203,4,284.40999999999985,1,82.22999999999999,2opt,notBad
3204,4,284.40999999999985,1,82.22999999999999,move,improve
3205,4,288.59,1,82.22999999999999,swap,acceptBad
3206,4,294.98,1,82.22999999999999,swap,acceptBad
3207,4,294.98,1,82.22999999999999,move,notBad
3208,4,294.98,1,82.22999999999999,2opt,notBad
3209,4,296.6,1,82.22999999999999,swap,acceptBad
3210,4,293.27999999999986,1,82.22999999999999,move,improve
3211,4,284.0699999999995,1,82.22999999999999,move,improve
3212,4,284.0699999999995,1,82.22999999999999,move,improve
3213,4,296.8499999999995,1,82.22999999999999,swap,acceptBad
3214,4,286.3499999999995,1,82.22999999999999,move,improve
3215,4,285.4199999999997,1,82.22999999999999,move,improve
3216,4,285.4199999999997,1,82.22999999999999,swap,notBad
3217,4,301.0800000000005,1,82.22999999999999,swap,acceptBad
3218,4,263.2699999999997,1,82.22999999999999,move,improve
3219,4,263.2699999999997,1,82.22999999999999,move,improve
3220,4,259.12999999999965,1,82.22999999999999,move,improve
3221,4,259.12999999999965,1,82.22999999999999,move,improve
3222,4,259.12999999999965,1,82.22999999999999,2opt,improve
3223,4,253.82999999999956,1,82.22999999999999,move,improve
3224,4,293.5100000000001,1,82.22999999999999,swap,acceptBad
3225,4,293.5100000000001,1,82.22999999999999,swap,notBad
3226,4,293.5100000000001,1,82.22999999999999,2opt,notBad
3227,4,293.5100000000001,1,82.22999999999999,swap,notBad
3228,4,293.5100000000001,1,82.22999999999999,move,improve
3229,4,289.50999999999993,1,82.22999999999999,swap,improve
3230,4,287.41999999999996,1,82.22999999999999,move,improve
3231,4,274.66999999999996,1,82.22999999999999,move,improve
3232,4,276.43,1,82.22999999999999,swap,acceptBad
3233,4,276.43,1,82.22999999999999,move,improve
3234,4,276.43,1,82.22999999999999,2opt,improve
3235,4,276.43,1,82.22999999999999,2opt,notBad
3236,4,276.43,1,82.22999999999999,2opt,notBad
3237,4,276.43,1,82.22999999999999,2opt,improve
3238,4,241.9199999999994,1,82.22999999999999,swap,improve
3239,4,241.9199999999994,1,82.22999999999999,swap,notBad
3240,4,241.9199999999994,1,82.22999999999999,swap,notBad
3241,4,241.9199999999994,1,82.22999999999999,swap,notBad
3242,4,241.9199999999994,1,82.22999999999999,swap,notBad
3243,4,241.9199999999994,1,82.22999999999999,move,improve
3244,4,241.9199999999994,1,82.22999999999999,move,improve
3245,4,282.71999999999946,1,82.22999999999999,swap,acceptBad
3246,4,282.71999999999946,1,82.22999999999999,2opt,notBad
3247,4,291.47999999999945,1,82.22999999999999,2opt,acceptBad
3248,4,294.23999999999944,1,82.22999999999999,swap,acceptBad
3249,4,248.1999999999996,1,82.22999999999999,2opt,improve
3250,4,248.1999999999996,1,82.22999999999999,swap,notBad
3251,4,248.1999999999996,1,82.22999999999999,2opt,notBad
3252,4,238.89999999999964,1,82.22999999999999,move,improve
3253,4,238.89999999999964,1,82.22999999999999,move,improve
3254,4,238.89999999999964,1,82.22999999999999,move,improve
3255,4,238.89999999999964,1,82.22999999999999,2opt,notBad
3256,4,238.89999999999964,1,82.22999999999999,move,improve
3257,4,238.89999999999964,1,82.22999999999999,2opt,notBad
3258,4,238.89999999999964,1,82.22999999999999,move,improve
3259,4,243.84999999999962,1,82.22999999999999,2opt,acceptBad
3260,4,243.84999999999962,1,82.22999999999999,2opt,notBad
3261,4,243.84999999999962,1,82.22999999999999,swap,notBad
3262,4,243.84999999999962,1,82.22999999999999,move,improve
3263,4,243.84999999999962,1,82.22999999999999,swap,notBad
3264,4,243.84999999999962,1,82.22999999999999,2opt,notBad
3265,4,250.25000000000009,1,82.22999999999999,swap,acceptBad
3266,4,250.25000000000009,1,82.22999999999999,move,improve
3267,4,256.6400000000001,1,82.22999999999999,2opt,acceptBad
3268,4,256.6400000000001,1,82.22999999999999,2opt,notBad
3269,4,256.6300000000002,1,82.22999999999999,swap,improve
3270,4,256.82999999999987,1,82.22999999999999,swap,acceptBad
3271,4,256.82999999999987,1,82.22999999999999,move,improve
3272,4,256.82999999999987,1,82.22999999999999,move,improve
3273,4,256.82999999999987,1,82.22999999999999,2opt,notBad
3274,4,256.82999999999987,1,82.22999999999999,2opt,notBad
3275,4,256.82999999999987,1,82.22999999999999,2opt,notBad
3276,4,256.82999999999987,1,82.22999999999999,move,improve
3277,4,273.5099999999999,1,82.22999999999999,swap,acceptBad
3278,4,273.5099999999999,1,82.22999999999999,move,improve
3279,4,273.5099999999999,1,82.22999999999999,move,improve
3280,4,278.8299999999998,1,82.22999999999999,swap,acceptBad
3281,4,264.5199999999998,1,82.22999999999999,move,improve
3282,4,235.47999999999962,1,82.22999999999999,move,improve
3283,4,235.47999999999962,1,82.22999999999999,move,improve
3284,4,235.47999999999962,1,82.22999999999999,2opt,notBad
3285,4,234.1199999999995,1,82.22999999999999,move,improve
3286,4,234.1199999999995,1,82.22999999999999,2opt,notBad
3287,4,260.46,1,82.22999999999999,swap,acceptBad
3288,4,260.46,1,82.22999999999999,swap,notBad
3289,4,260.46,1,82.22999999999999,2opt,notBad
3290,4,260.46,1,82.22999999999999,move,improve
3291,4,253.18999999999986,1,82.22999999999999,swap,improve
3292,4,253.18999999999986,1,82.22999999999999,2opt,notBad
3293,4,253.18999999999986,1,82.22999999999999,move,improve
3294,4,253.18999999999986,1,82.22999999999999,move,improve
3295,4,253.18999999999986,1,82.22999999999999,2opt,notBad
3296,4,253.18999999999986,1,82.22999999999999,2opt,notBad
3297,4,242.11999999999944,1,82.22999999999999,swap,improve
3298,4,235.46999999999952,1,82.22999999999999,swap,improve
3299,4,243.02999999999946,1,82.22999999999999,2opt,acceptBad
3300,4,242.62999999999974,1,82.22999999999999,move,improve
3301,4,265.0699999999997,1,82.22999999999999,swap,acceptBad
3302,4,265.0699999999997,1,82.22999999999999,swap,notBad
3303,4,265.0699999999997,1,82.22999999999999,swap,notBad
3304,4,265.0699999999997,1,82.22999999999999,move,improve
3305,4,265.0699999999997,1,82.22999999999999,swap,notBad
3306,4,269.98999999999955,1,82.22999999999999,swap,acceptBad
3307,4,269.98999999999955,1,82.22999999999999,2opt,notBad
3308,4,269.98999999999955,1,82.22999999999999,swap,notBad
3309,4,269.98999999999955,1,82.22999999999999,move,improve
3310,4,263.29999999999956,1,82.22999999999999,move,improve
3311,4,272.56999999999954,1,82.22999999999999,swap,acceptBad
3312,4,272.56999999999954,1,82.22999999999999,swap,notBad
3313,4,272.56999999999954,1,82.22999999999999,move,improve
3314,4,272.56999999999954,1,82.22999999999999,move,improve
3315,4,272.56999999999954,1,82.22999999999999,move,improve
3316,4,268.99999999999955,1,82.22999999999999,move,improve
3317,4,268.99999999999955,1,82.22999999999999,swap,notBad
3318,4,268.99999999999955,1,82.22999999999999,swap,notBad
3319,4,267.73999999999955,1,82.22999999999999,swap,improve
3320,4,268.9399999999996,1,82.22999999999999,2opt,acceptBad
3321,4,268.9399999999996,1,82.22999999999999,2opt,notBad
3322,4,268.9399999999996,1,82.22999999999999,move,improve
3323,4,255.46999999999957,1,82.22999999999999,swap,improve
3324,4,255.46999999999957,1,82.22999999999999,move,improve
3325,4,274.6799999999996,1,82.22999999999999,swap,acceptBad
3326,4,274.6799999999996,1,82.22999999999999,2opt,notBad
3327,4,274.6799999999996,1,82.22999999999999,swap,notBad
3328,4,288.26999999999964,1,82.22999999999999,swap,acceptBad
3329,4,308.3099999999999,1,82.22999999999999,swap,acceptBad
3330,4,276.48999999999927,1,82.22999999999999,move,improve
3331,4,274.68999999999926,1,82.22999999999999,2opt,improve
3332,4,274.68999999999926,1,82.22999999999999,move,improve
3333,4,274.68999999999926,1,82.22999999999999,move,improve
3334,4,274.68999999999926,1,82.22999999999999,2opt,notBad
3335,4,274.68999999999926,1,82.22999999999999,swap,notBad
3336,4,274.68999999999926,1,82.22999999999999,2opt,notBad
3337,4,274.68999999999926,1,82.22999999999999,2opt,notBad
3338,4,271.6899999999992,1,82.22999999999999,swap,improve
3339,4,276.96999999999946,1,82.22999999999999,swap,acceptBad
3340,4,276.96999999999946,1,82.22999999999999,2opt,notBad
3341,4,276.8799999999994,1,82.22999999999999,move,improve
3342,4,276.8799999999994,1,82.22999999999999,move,improve
3343,4,276.8799999999994,1,82.22999999999999,move,improve
3344,4,276.8799999999994,1,82.22999999999999,move,improve
3345,4,276.8799999999994,1,82.22999999999999,swap,notBad
3346,4,276.8799999999994,1,82.22999999999999,swap,notBad
3347,4,262.29999999999944,1,82.22999999999999,move,improve
3348,4,262.29999999999944,1,82.22999999999999,2opt,notBad
3349,4,268.4099999999996,1,82.22999999999999,swap,acceptBad
3350,4,260.9099999999996,1,82.22999999999999,move,improve
3351,4,260.9099999999996,1,82.22999999999999,2opt,notBad
3352,4,260.9099999999996,1,82.22999999999999,2opt,notBad
3353,4,260.9099999999996,1,82.22999999999999,move,improve
3354,4,284.3699999999996,1,82.22999999999999,swap,acceptBad
3355,4,295.3199999999998,1,82.22999999999999,swap,acceptBad
3356,4,312.8400000000002,1,82.22999999999999,swap,acceptBad
3357,4,309.39000000000016,1,82.22999999999999,move,improve
3358,4,309.39000000000016,1,82.22999999999999,move,improve
3359,4,309.63000000000017,1,82.22999999999999,swap,acceptBad
3360,4,309.9300000000002,1,82.22999999999999,swap,acceptBad
3361,4,298.2300000000002,1,82.22999999999999,move,improve
3362,4,295.0500000000002,1,82.22999999999999,move,improve
3363,4,295.0500000000002,1,82.22999999999999,swap,notBad
3364,4,295.0500000000002,1,82.22999999999999,swap,notBad
3365,4,295.0500000000002,1,82.22999999999999,move,improve
3366,4,295.0500000000002,1,82.22999999999999,2opt,notBad
3367,4,295.0500000000002,1,82.22999999999999,2opt,improve
3368,4,295.0500000000002,1,82.22999999999999,2opt,improve
3369,4,295.0500000000002,1,82.22999999999999,swap,notBad
3370,4,292.95000000000016,1,82.22999999999999,2opt,improve
3371,4,291.6000000000002,1,82.22999999999999,move,improve
3372,4,291.6000000000002,1,82.22999999999999,2opt,notBad
3373,4,291.6000000000002,1,82.22999999999999,2opt,notBad
3374,4,291.6000000000002,1,82.22999999999999,move,improve
3375,4,274.44000000000005,1,82.22999999999999,swap,improve
3376,4,274.44000000000005,1,82.22999999999999,2opt,improve
3377,4,274.44000000000005,1,82.22999999999999,2opt,notBad
3378,4,265.14,1,82.22999999999999,move,improve
3379,4,265.14,1,82.22999999999999,swap,notBad
3380,4,265.14,1,82.22999999999999,2opt,notBad
3381,4,265.14,1,82.22999999999999,2opt,notBad
3382,4,265.14,1,82.22999999999999,2opt,notBad
3383,4,266.01,1,82.22999999999999,2opt,acceptBad
3384,4,267.15,1,82.22999999999999,2opt,acceptBad
3385,4,267.15,1,82.22999999999999,2opt,notBad
3386,4,267.15,1,82.22999999999999,2opt,improve
3387,4,267.15,1,82.22999999999999,move,improve
3388,4,267.15,1,82.22999999999999,move,improve
3389,4,267.15,1,82.22999999999999,2opt,notBad
3390,4,267.15,1,82.22999999999999,move,improve
3391,4,267.15,1,82.22999999999999,2opt,notBad
3392,4,281.49,1,82.22999999999999,swap,acceptBad
3393,4,281.49,1,82.22999999999999,2opt,notBad
3394,4,281.49,1,82.22999999999999,2opt,improve
3395,4,281.49,1,82.22999999999999,swap,notBad
3396,4,281.49,1,82.22999999999999,2opt,notBad
3397,4,281.49,1,82.22999999999999,move,improve
3398,4,281.49,1,82.22999999999999,move,improve
3399,4,281.49,1,82.22999999999999,2opt,improve
3400,4,281.49,1,82.22999999999999,2opt,notBad
3401,4,282.36,1,82.22999999999999,2opt,acceptBad
3402,4,282.36,1,82.22999999999999,move,improve
3403,4,282.36,1,82.22999999999999,swap,notBad
3404,4,275.16999999999996,1,82.22999999999999,swap,improve
3405,4,277.68999999999994,1,82.22999999999999,2opt,acceptBad
3406,4,277.68999999999994,1,82.22999999999999,swap,notBad
3407,4,291.0300000000001,1,82.22999999999999,swap,acceptBad
3408,4,292.8600000000001,1,82.22999999999999,2opt,acceptBad
3409,4,278.10000000000014,1,82.22999999999999,move,improve
3410,4,278.10000000000014,1,82.22999999999999,2opt,notBad
3411,4,278.98,1,82.22999999999999,swap,acceptBad
3412,4,278.98,1,82.22999999999999,2opt,notBad
3413,4,278.10000000000014,1,82.22999999999999,swap,improve
3414,4,261.0000000000001,1,82.22999999999999,swap,improve
3415,4,252.66000000000014,1,82.22999999999999,move,improve
3416,4,252.66000000000014,1,82.22999999999999,2opt,improve
3417,4,252.66000000000014,1,82.22999999999999,swap,notBad
3418,4,277.2300000000002,1,82.22999999999999,swap,acceptBad
3419,4,264.27000000000055,1,82.22999999999999,swap,improve
3420,4,264.27000000000055,1,82.22999999999999,2opt,notBad
3421,4,264.27000000000055,1,82.22999999999999,swap,notBad
3422,4,258.63000000000056,1,82.22999999999999,move,improve
3423,4,256.95000000000056,1,82.22999999999999,2opt,improve
3424,4,247.54000000000045,1,82.22999999999999,move,improve
3425,4,243.91000000000082,1,82.22999999999999,swap,improve
3426,4,243.91000000000082,1,82.22999999999999,2opt,notBad
3427,4,243.91000000000082,1,82.22999999999999,2opt,notBad
3428,4,243.91000000000082,1,82.22999999999999,2opt,notBad
3429,4,243.91000000000082,1,82.22999999999999,2opt,notBad
3430,4,243.91000000000082,1,82.22999999999999,swap,notBad
3431,4,243.91000000000082,1,82.22999999999999,2opt,notBad
3432,4,268.3600000000008,1,82.22999999999999,swap,acceptBad
3433,4,268.3600000000008,1,82.22999999999999,swap,notBad
3434,4,268.3600000000008,1,82.22999999999999,swap,notBad
3435,4,268.3600000000008,1,82.22999999999999,move,improve
3436,4,231.40000000000063,1,82.22999999999999,move,improve
3437,4,249.28000000000063,1,82.22999999999999,swap,acceptBad
3438,4,247.57000000000028,1,82.22999999999999,swap,improve
3439,4,247.57000000000028,1,82.22999999999999,swap,notBad
3440,4,220.37000000000003,1,82.22999999999999,swap,improve
3441,4,220.37000000000003,1,82.22999999999999,2opt,notBad
3442,4,220.37000000000003,1,82.22999999999999,2opt,notBad
3443,4,220.37000000000003,1,82.22999999999999,swap,notBad
3444,4,220.37000000000003,1,82.22999999999999,2opt,notBad
3445,4,230.3000000000001,1,82.22999999999999,swap,acceptBad
3446,4,230.3000000000001,1,82.22999999999999,2opt,notBad
3447,4,205.85000000000008,1,82.22999999999999,move,improve
3448,4,206.18000000000046,1,82.22999999999999,2opt,acceptBad
3449,4,206.18000000000046,1,82.22999999999999,2opt,notBad
3450,4,206.18000000000046,1,82.22999999999999,swap,notBad
3451,4,206.18000000000046,1,82.22999999999999,swap,notBad
3452,4,206.18000000000046,1,82.22999999999999,move,improve
3453,4,217.10000000000005,1,82.22999999999999,swap,acceptBad
3454,4,216.77000000000007,1,82.22999999999999,move,improve
3455,4,216.77000000000007,1,82.22999999999999,2opt,notBad
3456,4,216.77000000000007,1,82.22999999999999,2opt,notBad
3457,4,216.77000000000007,1,82.22999999999999,2opt,notBad
3458,4,208.12999999999968,1,82.22999999999999,move,improve
3459,4,208.12999999999968,1,82.22999999999999,move,improve
3460,4,208.12999999999968,1,82.22999999999999,2opt,notBad
3461,4,238.49999999999912,1,82.22999999999999,move,acceptBad
3462,4,238.49999999999912,1,82.22999999999999,2opt,notBad
3463,4,238.49999999999912,1,82.22999999999999,2opt,notBad
3464,4,238.49999999999912,1,82.22999999999999,2opt,notBad
3465,4,240.4499999999997,1,82.22999999999999,swap,acceptBad
3466,4,240.4499999999997,1,82.22999999999999,2opt,notBad
3467,4,210.08000000000024,1,82.22999999999999,move,improve
3468,4,196.22000000000028,1,82.22999999999999,move,improve
3469,4,194.16000000000022,1,82.22999999999999,move,improve
3470,4,194.16000000000022,1,82.22999999999999,2opt,notBad
3471,4,194.16000000000022,1,82.22999999999999,move,improve
3472,4,194.16000000000022,1,82.22999999999999,move,improve
3473,4,196.09000000000026,1,82.22999999999999,swap,acceptBad
3474,4,196.09000000000026,1,82.22999999999999,2opt,notBad
3475,4,196.09000000000026,1,82.22999999999999,swap,notBad
3476,4,210.4400000000001,1,82.22999999999999,swap,acceptBad
3477,4,210.4400000000001,1,82.22999999999999,2opt,notBad
3478,4,210.4400000000001,1,82.22999999999999,swap,notBad
3479,4,210.4400000000001,1,82.22999999999999,swap,notBad
3480,4,210.4400000000001,1,82.22999999999999,swap,notBad
3481,4,207.5600000000003,1,82.22999999999999,move,improve
3482,4,207.5600000000003,1,82.22999999999999,2opt,notBad
3483,4,207.5600000000003,1,82.22999999999999,2opt,notBad
3484,4,200.5100000000003,1,82.22999999999999,swap,improve
3485,4,200.5100000000003,1,82.22999999999999,2opt,notBad
3486,4,200.2100000000005,1,82.22999999999999,move,improve
3487,4,200.2100000000005,1,82.22999999999999,2opt,notBad
3488,4,200.2100000000005,1,82.22999999999999,move,improve
3489,4,187.88000000000048,1,82.22999999999999,move,improve
3490,4,182.72000000000048,1,82.22999999999999,move,improve
3491,4,182.72000000000048,1,82.22999999999999,2opt,improve
3492,4,182.72000000000048,1,82.22999999999999,swap,notBad
3493,4,182.72000000000048,1,82.22999999999999,swap,notBad
3494,4,182.72000000000048,1,82.22999999999999,swap,notBad
3495,4,182.72000000000048,1,82.22999999999999,move,improve
3496,4,182.72000000000048,1,82.22999999999999,move,improve
3497,4,182.72000000000048,1,82.22999999999999,move,improve
3498,4,182.72000000000048,1,82.22999999999999,move,improve
3499,4,182.72000000000048,1,82.22999999999999,2opt,notBad
3500,4,182.72000000000048,1,82.22999999999999,2opt,improve
3501,4,182.72000000000048,1,82.22999999999999,move,improve
3502,4,182.72000000000048,1,82.22999999999999,move,improve
3503,4,182.72000000000048,1,82.22999999999999,2opt,notBad
3504,4,182.72000000000048,1,82.22999999999999,move,improve
3505,4,182.72000000000048,1,82.22999999999999,swap,notBad
3506,4,182.72000000000048,1,82.22999999999999,2opt,notBad
3507,4,182.72000000000048,1,82.22999999999999,swap,notBad
3508,4,182.72000000000048,1,82.22999999999999,swap,notBad
3509,4,182.72000000000048,1,82.22999999999999,2opt,notBad
3510,4,182.72000000000048,1,82.22999999999999,2opt,notBad
3511,4,182.72000000000048,1,82.22999999999999,2opt,improve
3512,4,182.72000000000048,1,82.22999999999999,2opt,notBad
3513,4,182.72000000000048,1,82.22999999999999,swap,notBad
3514,4,180.68000000000046,1,82.22999999999999,move,improve
3515,4,180.68000000000046,1,82.22999999999999,move,improve
3516,4,197.81000000000049,1,82.22999999999999,swap,acceptBad
3517,4,197.81000000000049,1,82.22999999999999,2opt,notBad
3518,4,197.81000000000049,1,82.22999999999999,swap,notBad
3519,4,197.81000000000049,1,82.22999999999999,swap,notBad
3520,4,197.81000000000049,1,82.22999999999999,swap,notBad
3521,4,197.81000000000049,1,82.22999999999999,move,improve
3522,4,200.7200000000004,1,82.22999999999999,2opt,acceptBad
3523,4,197.81000000000049,1,82.22999999999999,2opt,improve
3524,4,197.81000000000049,1,82.22999999999999,2opt,notBad
3525,4,197.81000000000049,1,82.22999999999999,move,improve
3526,4,197.81000000000049,1,82.22999999999999,swap,notBad
3527,4,194.90000000000046,1,82.22999999999999,2opt,improve
3528,4,194.90000000000046,1,82.22999999999999,2opt,notBad
3529,4,194.90000000000046,1,82.22999999999999,swap,notBad
3530,4,202.01000000000047,1,82.22999999999999,swap,acceptBad
3531,4,202.01000000000047,1,82.22999999999999,move,improve
3532,4,202.01000000000047,1,82.22999999999999,move,improve
3533,4,202.01000000000047,1,82.22999999999999,2opt,notBad
3534,4,200.27000000000044,1,82.22999999999999,move,improve
3535,4,200.27000000000044,1,82.22999999999999,move,improve
3536,4,200.27000000000044,1,82.22999999999999,swap,notBad
3537,4,200.27000000000044,1,82.22999999999999,2opt,improve
3538,4,208.7000000000004,1,82.22999999999999,swap,acceptBad
3539,4,208.7000000000004,1,82.22999999999999,2opt,notBad
3540,4,208.7000000000004,1,82.22999999999999,move,improve
3541,4,208.7000000000004,1,82.22999999999999,2opt,notBad
3542,4,208.7000000000004,1,82.22999999999999,move,improve
3543,4,213.9800000000004,1,82.22999999999999,swap,acceptBad
3544,4,213.9800000000004,1,82.22999999999999,2opt,notBad
3545,4,213.9800000000004,1,82.22999999999999,2opt,notBad
3546,4,207.83000000000038,1,82.22999999999999,swap,improve
3547,4,207.83000000000038,1,82.22999999999999,2opt,notBad
3548,4,207.83000000000038,1,82.22999999999999,2opt,notBad
3549,4,207.83000000000038,1,82.22999999999999,move,improve
3550,4,207.83000000000038,1,82.22999999999999,2opt,notBad
3551,4,207.83000000000038,1,82.22999999999999,swap,notBad
3552,4,207.83000000000038,1,82.22999999999999,move,improve
3553,4,207.83000000000038,1,82.22999999999999,move,improve
3554,4,207.83000000000038,1,82.22999999999999,move,improve
3555,4,207.83000000000038,1,82.22999999999999,move,improve
3556,4,207.83000000000038,1,82.22999999999999,2opt,notBad
3557,4,207.83000000000038,1,82.22999999999999,2opt,notBad
3558,4,207.83000000000038,1,82.22999999999999,2opt,notBad
3559,4,207.83000000000038,1,82.22999999999999,move,improve
3560,4,207.83000000000038,1,82.22999999999999,move,improve
3561,4,211.10000000000042,1,82.22999999999999,swap,acceptBad
3562,4,211.10000000000042,1,82.22999999999999,swap,notBad
3563,4,211.10000000000042,1,82.22999999999999,2opt,improve
3564,4,211.0400000000004,1,82.22999999999999,move,improve
3565,4,211.0400000000004,1,82.22999999999999,2opt,improve
3566,4,202.10000000000042,1,82.22999999999999,move,improve
3567,4,202.10000000000042,1,82.22999999999999,2opt,notBad
3568,4,202.10000000000042,1,82.22999999999999,move,improve
3569,4,193.88000000000045,1,82.22999999999999,move,improve
3570,4,193.88000000000045,1,82.22999999999999,2opt,notBad
3571,4,193.88000000000045,1,82.22999999999999,2opt,notBad
3572,4,195.82000000000016,1,82.22999999999999,swap,acceptBad
3573,4,195.82000000000016,1,82.22999999999999,2opt,notBad
3574,4,195.82000000000016,1,82.22999999999999,2opt,notBad
3575,4,195.82000000000016,1,82.22999999999999,move,improve
3576,4,195.82000000000016,1,82.22999999999999,2opt,notBad
3577,4,195.82000000000016,1,82.22999999999999,2opt,improve
3578,4,195.82000000000016,1,82.22999999999999,move,improve
3579,4,195.82000000000016,1,82.22999999999999,move,improve
3580,4,195.82000000000016,1,82.22999999999999,2opt,notBad
3581,4,195.82000000000016,1,82.22999999999999,move,improve
3582,4,208.05999999999963,1,82.22999999999999,swap,acceptBad
3583,4,207.48999999999964,1,82.22999999999999,2opt,improve
3584,4,205.32999999999964,1,82.22999999999999,move,improve
3585,4,204.18999999999963,1,82.22999999999999,swap,improve
3586,4,204.18999999999963,1,82.22999999999999,2opt,notBad
3587,4,204.18999999999963,1,82.22999999999999,move,improve
3588,4,204.18999999999963,1,82.22999999999999,2opt,notBad
3589,4,207.09999999999968,1,82.22999999999999,swap,acceptBad
3590,4,206.82999999999964,1,82.22999999999999,2opt,improve
3591,4,206.82999999999964,1,82.22999999999999,swap,notBad
3592,4,206.82999999999964,1,82.22999999999999,2opt,improve
3593,4,206.82999999999964,1,82.22999999999999,move,improve
3594,4,206.82999999999964,1,82.22999999999999,swap,notBad
3595,4,206.82999999999964,1,82.22999999999999,move,improve
3596,4,212.1900000000001,1,82.22999999999999,swap,acceptBad
3597,4,197.79000000000008,1,82.22999999999999,swap,improve
3598,4,197.79000000000008,1,82.22999999999999,swap,notBad
3599,4,208.07999999999996,1,82.22999999999999,move,acceptBad
3600,4,208.07999999999996,1,82.22999999999999,2opt,notBad
3601,4,208.07999999999996,1,82.22999999999999,move,improve
3602,4,208.07999999999996,1,82.22999999999999,2opt,notBad
3603,4,208.07999999999996,1,82.22999999999999,move,improve
3604,4,208.07999999999996,1,82.22999999999999,move,improve
3605,4,219.85999999999996,1,82.22999999999999,swap,acceptBad
3606,4,219.85999999999996,1,82.22999999999999,2opt,notBad
3607,4,219.85999999999996,1,82.22999999999999,2opt,notBad
3608,4,219.85999999999996,1,82.22999999999999,2opt,notBad
3609,4,219.85999999999996,1,82.22999999999999,move,improve
3610,4,219.85999999999996,1,82.22999999999999,move,improve
3611,4,219.85999999999996,1,82.22999999999999,move,improve
3612,4,219.85999999999996,1,82.22999999999999,swap,notBad
3613,4,219.85999999999996,1,82.22999999999999,swap,notBad
3614,4,212.44999999999993,1,82.22999999999999,move,improve
3615,4,201.71999999999989,1,82.22999999999999,move,improve
3616,4,201.71999999999989,1,82.22999999999999,2opt,notBad
3617,4,201.71999999999989,1,82.22999999999999,move,improve
3618,4,201.71999999999989,1,82.22999999999999,swap,notBad
3619,4,201.71999999999989,1,82.22999999999999,2opt,notBad
3620,4,201.71999999999989,1,82.22999999999999,2opt,notBad
3621,4,205.97999999999993,1,82.22999999999999,swap,acceptBad
3622,4,205.97999999999993,1,82.22999999999999,2opt,notBad
3623,4,205.97999999999993,1,82.22999999999999,move,improve
3624,4,205.97999999999993,1,82.22999999999999,2opt,notBad
3625,4,205.97999999999993,1,82.22999999999999,move,improve
3626,4,209.82999999999976,1,82.22999999999999,swap,acceptBad
3627,4,186.54999999999927,1,82.22999999999999,swap,improve
3628,4,186.54999999999927,1,82.22999999999999,2opt,notBad
3629,4,211.3099999999998,1,82.22999999999999,swap,acceptBad
3630,4,211.3099999999998,1,82.22999999999999,swap,notBad
3631,4,211.3099999999998,1,82.22999999999999,swap,notBad
3632,4,211.3099999999998,1,82.22999999999999,2opt,notBad
3633,4,211.3099999999998,1,82.22999999999999,2opt,notBad
3634,4,211.3099999999998,1,82.22999999999999,2opt,notBad
3635,4,186.54999999999927,1,82.22999999999999,swap,improve
3636,4,201.09999999999926,1,82.22999999999999,swap,acceptBad
3637,4,201.09999999999926,1,82.22999999999999,2opt,notBad
3638,4,186.66999999999925,1,82.22999999999999,move,improve
3639,4,186.66999999999925,1,82.22999999999999,2opt,notBad
3640,4,186.66999999999925,1,82.22999999999999,swap,notBad
3641,4,185.1099999999994,1,82.22999999999999,swap,improve
3642,4,191.11000000000035,1,82.22999999999999,swap,acceptBad
3643,4,191.11000000000035,1,82.22999999999999,move,improve
3644,4,189.07000000000022,1,82.22999999999999,move,improve
3645,4,189.07000000000022,1,82.22999999999999,2opt,notBad
3646,4,188.07000000000022,1,82.22999999999999,move,improve
3647,4,188.07000000000022,1,82.22999999999999,move,improve
3648,4,202.9200000000002,1,82.22999999999999,swap,acceptBad
3649,4,202.9200000000002,1,82.22999999999999,swap,notBad
3650,4,202.9200000000002,1,82.22999999999999,swap,notBad
3651,4,198.5000000000004,1,82.22999999999999,swap,improve
3652,4,207.6600000000001,1,82.22999999999999,swap,acceptBad
3653,4,208.4400000000001,1,82.22999999999999,swap,acceptBad
3654,4,208.38000000000014,1,82.22999999999999,move,improve
3655,4,208.38000000000014,1,82.22999999999999,2opt,notBad
3656,4,208.38000000000014,1,82.22999999999999,swap,notBad
3657,4,208.38000000000014,1,82.22999999999999,2opt,notBad
3658,4,216.12000000000012,1,82.22999999999999,swap,acceptBad
3659,4,211.86000000000016,1,82.22999999999999,2opt,improve
3660,4,211.86000000000016,1,82.22999999999999,swap,notBad
3661,4,211.86000000000016,1,82.22999999999999,swap,notBad
3662,4,211.86000000000016,1,82.22999999999999,2opt,notBad
3663,4,211.86000000000016,1,82.22999999999999,move,improve
3664,4,207.78000000000014,1,82.22999999999999,move,improve
3665,4,204.00000000000014,1,82.22999999999999,2opt,improve
3666,4,204.00000000000014,1,82.22999999999999,swap,notBad
3667,4,204.00000000000014,1,82.22999999999999,2opt,notBad
3668,4,204.00000000000014,1,82.22999999999999,move,improve
3669,4,204.00000000000014,1,82.22999999999999,2opt,notBad
3670,4,204.00000000000014,1,82.22999999999999,2opt,notBad
3671,4,204.00000000000014,1,82.22999999999999,2opt,improve
3672,4,204.00000000000014,1,82.22999999999999,2opt,improve
3673,4,204.00000000000014,1,82.22999999999999,move,improve
3674,4,204.00000000000014,1,82.22999999999999,2opt,notBad
3675,4,202.8100000000003,1,82.22999999999999,move,improve
3676,4,202.8100000000003,1,82.22999999999999,2opt,notBad
3677,4,202.8100000000003,1,82.22999999999999,move,improve
3678,4,202.18000000000026,1,82.22999999999999,move,improve
3679,4,202.18000000000026,1,82.22999999999999,2opt,notBad
3680,4,202.18000000000026,1,82.22999999999999,2opt,notBad
3681,4,202.18000000000026,1,82.22999999999999,move,improve
3682,4,211.56000000000012,1,82.22999999999999,swap,acceptBad
3683,4,211.56000000000012,1,82.22999999999999,swap,notBad
3684,4,214.02000000000018,1,82.22999999999999,2opt,acceptBad
3685,4,214.02000000000018,1,82.22999999999999,2opt,notBad
3686,4,214.02000000000018,1,82.22999999999999,move,improve
3687,4,214.02000000000018,1,82.22999999999999,2opt,notBad
3688,4,212.7300000000002,1,82.22999999999999,move,improve
3689,4,203.3500000000003,1,82.22999999999999,move,improve
3690,4,207.22000000000028,1,82.22999999999999,2opt,acceptBad
3691,4,207.22000000000028,1,82.22999999999999,swap,notBad
3692,4,207.22000000000028,1,82.22999999999999,swap,notBad
3693,4,207.22000000000028,1,82.22999999999999,move,improve
3694,4,207.22000000000028,1,82.22999999999999,2opt,notBad
3695,4,215.41000000000037,1,82.22999999999999,swap,acceptBad
3696,4,215.41000000000037,1,82.22999999999999,2opt,notBad
3697,4,220.25000000000028,1,82.22999999999999,swap,acceptBad
3698,4,220.25000000000028,1,82.22999999999999,2opt,notBad
3699,4,203.52000000000012,1,82.22999999999999,move,improve
3700,4,203.52000000000012,1,82.22999999999999,2opt,notBad
3701,4,203.52000000000012,1,82.22999999999999,move,improve
3702,4,203.52000000000012,1,82.22999999999999,2opt,notBad
3703,4,203.52000000000012,1,82.22999999999999,2opt,notBad
3704,4,203.52000000000012,1,82.22999999999999,2opt,notBad
3705,4,203.52000000000012,1,82.22999999999999,2opt,notBad
3706,4,203.52000000000012,1,82.22999999999999,move,improve
3707,4,203.52000000000012,1,82.22999999999999,2opt,improve
3708,4,203.52000000000012,1,82.22999999999999,swap,notBad
3709,4,203.52000000000012,1,82.22999999999999,move,improve
3710,4,200.86999999999986,1,82.22999999999999,swap,improve
3711,4,197.89999999999984,1,82.22999999999999,move,improve
3712,4,197.89999999999984,1,82.22999999999999,swap,notBad
3713,4,197.89999999999984,1,82.22999999999999,2opt,notBad
3714,4,197.89999999999984,1,82.22999999999999,2opt,notBad
3715,4,206.0899999999998,1,82.22999999999999,2opt,acceptBad
3716,4,206.0899999999998,1,82.22999999999999,swap,notBad
3717,4,206.0899999999998,1,82.22999999999999,swap,notBad
3718,4,205.3099999999998,1,82.22999999999999,move,improve
3719,4,206.48999999999992,1,82.22999999999999,swap,acceptBad
3720,4,206.48999999999992,1,82.22999999999999,move,improve
3721,4,206.48999999999992,1,82.22999999999999,swap,notBad
3722,4,206.48999999999992,1,82.22999999999999,move,improve
3723,4,206.48999999999992,1,82.22999999999999,2opt,notBad
3724,4,212.28999999999996,1,82.22999999999999,swap,acceptBad
3725,4,211.65999999999997,1,82.22999999999999,swap,improve
3726,4,210.21999999999997,1,82.22999999999999,move,improve
3727,4,210.21999999999997,1,82.22999999999999,2opt,notBad
3728,4,207.18999999999994,1,82.22999999999999,swap,improve
3729,4,208.28999999999994,1,82.22999999999999,swap,acceptBad
3730,4,217.43999999999994,1,82.22999999999999,swap,acceptBad
3731,4,217.43999999999994,1,82.22999999999999,move,improve
3732,4,222.97000000000034,1,82.22999999999999,swap,acceptBad
3733,4,222.97000000000034,1,82.22999999999999,2opt,notBad
3734,4,222.97000000000034,1,82.22999999999999,2opt,notBad
3735,4,222.97000000000034,1,82.22999999999999,move,improve
3736,4,213.8500000000003,1,82.22999999999999,2opt,improve
3737,4,208.3199999999999,1,82.22999999999999,swap,improve
3738,4,208.01999999999992,1,82.22999999999999,move,improve
3739,4,204.47999999999993,1,82.22999999999999,move,improve
3740,4,204.47999999999993,1,82.22999999999999,2opt,notBad
3741,4,207.77999999999994,1,82.22999999999999,swap,acceptBad
3742,4,209.2199999999999,1,82.22999999999999,swap,acceptBad
3743,4,209.2199999999999,1,82.22999999999999,move,improve
3744,4,209.2199999999999,1,82.22999999999999,2opt,notBad
3745,4,206.7899999999999,1,82.22999999999999,move,improve
3746,4,206.7899999999999,1,82.22999999999999,swap,notBad
3747,4,206.7899999999999,1,82.22999999999999,swap,notBad
3748,4,206.7899999999999,1,82.22999999999999,swap,notBad
3749,4,205.2899999999999,1,82.22999999999999,move,improve
3750,4,205.2899999999999,1,82.22999999999999,2opt,notBad
3751,4,205.2899999999999,1,82.22999999999999,swap,notBad
3752,4,205.2899999999999,1,82.22999999999999,move,improve
3753,4,211.19999999999993,1,82.22999999999999,swap,acceptBad
3754,4,211.19999999999993,1,82.22999999999999,swap,notBad
3755,4,211.19999999999993,1,82.22999999999999,move,improve
3756,4,211.19999999999993,1,82.22999999999999,swap,notBad
3757,4,213.62999999999994,1,82.22999999999999,swap,acceptBad
3758,4,224.87999999999994,1,82.22999999999999,swap,acceptBad
3759,4,263.15999999999997,1,82.22999999999999,move,acceptBad
3760,4,263.15999999999997,1,82.22999999999999,swap,notBad
3761,4,263.15999999999997,1,82.22999999999999,swap,notBad
3762,4,224.87999999999994,1,82.22999999999999,move,improve
3763,4,217.85999999999993,1,82.22999999999999,swap,improve
3764,4,216.59999999999994,1,82.22999999999999,move,improve
3765,4,215.63999999999996,1,82.22999999999999,2opt,improve
3766,4,215.63999999999996,1,82.22999999999999,2opt,improve
3767,4,215.63999999999996,1,82.22999999999999,move,improve
3768,4,215.63999999999996,1,82.22999999999999,2opt,notBad
3769,4,215.63999999999996,1,82.22999999999999,swap,notBad
3770,4,215.63999999999996,1,82.22999999999999,2opt,improve
3771,4,222.84999999999965,1,82.22999999999999,swap,acceptBad
3772,4,222.84999999999965,1,82.22999999999999,swap,notBad
3773,4,219.78999999999965,1,82.22999999999999,move,improve
3774,4,219.78999999999965,1,82.22999999999999,swap,notBad
3775,4,219.78999999999965,1,82.22999999999999,2opt,notBad
3776,4,219.78999999999965,1,82.22999999999999,swap,notBad
3777,4,219.78999999999965,1,82.22999999999999,2opt,improve
3778,4,222.72999999999962,1,82.22999999999999,2opt,acceptBad
3779,4,218.05000000000013,1,82.22999999999999,move,improve
3780,4,209.80000000000013,1,82.22999999999999,move,improve
3781,4,209.80000000000013,1,82.22999999999999,swap,notBad
3782,4,209.80000000000013,1,82.22999999999999,move,improve
3783,4,209.35000000000014,1,82.22999999999999,move,improve
3784,4,209.35000000000014,1,82.22999999999999,move,improve
3785,4,209.35000000000014,1,82.22999999999999,move,improve
3786,4,209.35000000000014,1,82.22999999999999,move,improve
3787,4,209.35000000000014,1,82.22999999999999,2opt,notBad
3788,4,209.35000000000014,1,82.22999999999999,swap,notBad
3789,4,209.35000000000014,1,82.22999999999999,move,improve
3790,4,209.35000000000014,1,82.22999999999999,2opt,improve
3791,4,213.34,1,82.22999999999999,swap,acceptBad
3792,4,213.16,1,82.22999999999999,move,improve
3793,4,216.84000000000015,1,82.22999999999999,swap,acceptBad
3794,4,216.84000000000015,1,82.22999999999999,swap,notBad
3795,4,216.84000000000015,1,82.22999999999999,2opt,notBad
3796,4,216.84000000000015,1,82.22999999999999,2opt,notBad
3797,4,216.84000000000015,1,82.22999999999999,2opt,notBad
3798,4,215.04000000000013,1,82.22999999999999,2opt,improve
3799,4,215.04000000000013,1,82.22999999999999,swap,notBad
3800,4,215.04000000000013,1,82.22999999999999,swap,notBad
3801,4,215.04000000000013,1,82.22999999999999,move,improve
3802,4,215.04000000000013,1,82.22999999999999,move,improve
3803,4,214.0800000000001,1,82.22999999999999,2opt,improve
3804,4,214.0800000000001,1,82.22999999999999,swap,notBad
3805,4,214.0800000000001,1,82.22999999999999,2opt,notBad
3806,4,214.0800000000001,1,82.22999999999999,swap,notBad
3807,4,212.76000000000016,1,82.22999999999999,2opt,improve
3808,4,212.76000000000016,1,82.22999999999999,swap,notBad
3809,4,212.76000000000016,1,82.22999999999999,swap,notBad
3810,4,212.76000000000016,1,82.22999999999999,move,improve
3811,4,212.76000000000016,1,82.22999999999999,move,improve
3812,4,219.2799999999998,1,82.22999999999999,swap,acceptBad
3813,4,219.2799999999998,1,82.22999999999999,swap,notBad
3814,4,222.15999999999985,1,82.22999999999999,swap,acceptBad
3815,4,221.31999999999977,1,82.22999999999999,2opt,improve
3816,4,223.56999999999977,1,82.22999999999999,swap,acceptBad
3817,4,223.56999999999977,1,82.22999999999999,2opt,notBad
3818,4,223.56999999999977,1,82.22999999999999,move,improve
3819,4,223.56999999999977,1,82.22999999999999,2opt,improve
3820,4,223.56999999999977,1,82.22999999999999,move,improve
3821,4,223.56999999999977,1,82.22999999999999,2opt,notBad
3822,4,221.25999999999982,1,82.22999999999999,move,improve
3823,4,221.25999999999982,1,82.22999999999999,2opt,notBad
3824,4,221.25999999999982,1,82.22999999999999,swap,notBad
3825,4,221.25999999999982,1,82.22999999999999,2opt,notBad
3826,4,222.30999999999977,1,82.22999999999999,move,acceptBad
3827,4,226.3299999999998,1,82.22999999999999,2opt,acceptBad
3828,4,226.3299999999998,1,82.22999999999999,move,improve
3829,4,226.3299999999998,1,82.22999999999999,swap,notBad
3830,4,226.3299999999998,1,82.22999999999999,2opt,notBad
3831,4,226.3299999999998,1,82.22999999999999,swap,notBad
3832,4,226.3299999999998,1,82.22999999999999,swap,notBad
3833,4,226.3299999999998,1,82.22999999999999,2opt,improve
3834,4,226.23999999999984,1,82.22999999999999,move,improve
3835,4,226.23999999999984,1,82.22999999999999,move,improve
3836,4,226.23999999999984,1,82.22999999999999,2opt,notBad
3837,4,226.23999999999984,1,82.22999999999999,move,improve
3838,4,226.23999999999984,1,82.22999999999999,2opt,notBad
3839,4,226.0299999999998,1,82.22999999999999,move,improve
3840,4,226.0299999999998,1,82.22999999999999,2opt,notBad
3841,4,224.55999999999983,1,82.22999999999999,move,improve
3842,4,224.55999999999983,1,82.22999999999999,2opt,notBad
3843,4,224.55999999999983,1,82.22999999999999,move,improve
3844,4,224.55999999999983,1,82.22999999999999,2opt,notBad
3845,4,224.55999999999983,1,82.22999999999999,2opt,improve
3846,4,224.55999999999983,1,82.22999999999999,move,improve
3847,4,224.55999999999983,1,82.22999999999999,swap,notBad
3848,4,224.55999999999983,1,82.22999999999999,2opt,notBad
3849,4,224.55999999999983,1,82.22999999999999,move,improve
3850,4,224.55999999999983,1,82.22999999999999,swap,notBad
3851,4,224.55999999999983,1,82.22999999999999,move,improve
3852,4,220.28000000000068,1,82.22999999999999,2opt,improve
3853,4,220.28000000000068,1,82.22999999999999,move,notBad
3854,4,220.28000000000068,1,82.22999999999999,2opt,notBad
3855,4,222.68000000000066,1,82.22999999999999,swap,acceptBad
3856,4,222.68000000000066,1,82.22999999999999,2opt,notBad
3857,4,222.68000000000066,1,82.22999999999999,swap,notBad
3858,4,222.68000000000066,1,82.22999999999999,2opt,notBad
3859,4,222.68000000000066,1,82.22999999999999,swap,notBad
3860,4,209.87000000000066,1,82.22999999999999,move,improve
3861,4,209.87000000000066,1,82.22999999999999,swap,notBad
3862,4,209.87000000000066,1,82.22999999999999,2opt,notBad
3863,4,209.87000000000066,1,82.22999999999999,move,improve
3864,4,209.87000000000066,1,82.22999999999999,swap,notBad
3865,4,211.55000000000064,1,82.22999999999999,2opt,acceptBad
3866,4,211.55000000000064,1,82.22999999999999,2opt,improve
3867,4,211.55000000000064,1,82.22999999999999,2opt,notBad
3868,4,211.55000000000064,1,82.22999999999999,move,improve
3869,4,211.55000000000064,1,82.22999999999999,swap,notBad
3870,4,211.55000000000064,1,82.22999999999999,2opt,notBad
3871,4,213.0200000000007,1,82.22999999999999,2opt,acceptBad
3872,4,213.0200000000007,1,82.22999999999999,2opt,notBad
3873,4,213.0200000000007,1,82.22999999999999,swap,notBad
3874,4,213.0200000000007,1,82.22999999999999,move,improve
3875,4,212.9000000000007,1,82.22999999999999,swap,improve
3876,4,212.9000000000007,1,82.22999999999999,swap,notBad
3877,4,212.9000000000007,1,82.22999999999999,2opt,improve
3878,4,212.9000000000007,1,82.22999999999999,move,improve
3879,4,212.9000000000007,1,82.22999999999999,2opt,notBad
3880,4,212.9000000000007,1,82.22999999999999,swap,notBad
3881,4,212.9000000000007,1,82.22999999999999,move,improve
3882,4,212.9000000000007,1,82.22999999999999,swap,notBad
3883,4,212.9000000000007,1,82.22999999999999,move,improve
3884,4,212.9000000000007,1,82.22999999999999,move,improve
3885,4,212.9000000000007,1,82.22999999999999,2opt,notBad
3886,4,212.8700000000007,1,82.22999999999999,move,improve
3887,4,212.8700000000007,1,82.22999999999999,move,improve
3888,4,212.8700000000007,1,82.22999999999999,2opt,notBad
3889,4,212.8700000000007,1,82.22999999999999,move,notBad
3890,4,212.8700000000007,1,82.22999999999999,swap,notBad
3891,4,212.00000000000063,1,82.22999999999999,2opt,improve
3892,4,210.32000000000065,1,82.22999999999999,move,improve
3893,4,210.32000000000065,1,82.22999999999999,swap,notBad
3894,4,210.32000000000065,1,82.22999999999999,swap,notBad
3895,4,210.32000000000065,1,82.22999999999999,move,improve
3896,4,210.32000000000065,1,82.22999999999999,2opt,improve
3897,4,210.32000000000065,1,82.22999999999999,2opt,notBad
3898,4,210.32000000000065,1,82.22999999999999,swap,notBad
3899,4,210.32000000000065,1,82.22999999999999,swap,notBad
3900,4,210.32000000000065,1,82.22999999999999,2opt,notBad
3901,4,210.32000000000065,1,82.22999999999999,swap,notBad
3902,4,212.27000000000066,1,82.22999999999999,2opt,acceptBad
3903,4,212.27000000000066,1,82.22999999999999,2opt,notBad
3904,4,212.27000000000066,1,82.22999999999999,2opt,improve
3905,4,212.27000000000066,1,82.22999999999999,swap,notBad
3906,4,205.19000000000065,1,82.22999999999999,move,improve
3907,4,205.19000000000065,1,82.22999999999999,swap,notBad
3908,4,205.19000000000065,1,82.22999999999999,2opt,improve
3909,4,205.19000000000065,1,82.22999999999999,move,improve
3910,4,205.19000000000065,1,82.22999999999999,2opt,notBad
3911,4,205.19000000000065,1,82.22999999999999,2opt,notBad
3912,4,203.90000000000066,1,82.22999999999999,move,improve
3913,4,203.90000000000066,1,82.22999999999999,2opt,notBad
3914,4,208.17999999999984,1,82.22999999999999,2opt,acceptBad
3915,4,208.17999999999984,1,82.22999999999999,move,improve
3916,4,207.12999999999982,1,82.22999999999999,move,improve
3917,4,207.12999999999982,1,82.22999999999999,2opt,notBad
3918,4,207.12999999999982,1,82.22999999999999,2opt,notBad
3919,4,207.12999999999982,1,82.22999999999999,2opt,notBad
3920,4,207.12999999999982,1,82.22999999999999,move,improve
3921,4,207.12999999999982,1,82.22999999999999,swap,notBad
3922,4,200.43999999999983,1,82.22999999999999,2opt,improve
3923,4,200.43999999999983,1,82.22999999999999,move,improve
3924,4,200.43999999999983,1,82.22999999999999,2opt,notBad
3925,4,200.43999999999983,1,82.22999999999999,2opt,notBad
3926,4,200.43999999999983,1,82.22999999999999,swap,notBad
3927,4,200.43999999999983,1,82.22999999999999,move,improve
3928,4,200.43999999999983,1,82.22999999999999,swap,notBad
3929,4,200.43999999999983,1,82.22999999999999,2opt,notBad
3930,4,200.43999999999983,1,82.22999999999999,2opt,notBad
3931,4,207.24999999999983,1,82.22999999999999,swap,acceptBad
3932,4,207.24999999999983,1,82.22999999999999,swap,notBad
3933,4,208.2099999999998,1,82.22999999999999,swap,acceptBad
3934,4,208.2099999999998,1,82.22999999999999,swap,notBad
3935,4,207.4599999999998,1,82.22999999999999,swap,improve
3936,4,207.4599999999998,1,82.22999999999999,move,improve
3937,4,207.4599999999998,1,82.22999999999999,2opt,notBad
3938,4,207.4599999999998,1,82.22999999999999,2opt,notBad
3939,4,207.4599999999998,1,82.22999999999999,move,improve
3940,4,207.4599999999998,1,82.22999999999999,swap,notBad
3941,4,207.4599999999998,1,82.22999999999999,move,improve
3942,4,207.4599999999998,1,82.22999999999999,2opt,notBad
3943,4,211.86999999999983,1,82.22999999999999,swap,acceptBad
3944,4,211.86999999999983,1,82.22999999999999,swap,notBad
3945,4,211.86999999999983,1,82.22999999999999,2opt,notBad
3946,4,211.86999999999983,1,82.22999999999999,move,improve
3947,4,211.86999999999983,1,82.22999999999999,2opt,notBad
3948,4,217.77999999999986,1,82.22999999999999,swap,acceptBad
3949,4,217.77999999999986,1,82.22999999999999,2opt,notBad
3950,4,217.77999999999986,1,82.22999999999999,swap,notBad
3951,4,217.77999999999986,1,82.22999999999999,move,improve
3952,4,217.77999999999986,1,82.22999999999999,2opt,notBad
3953,4,217.77999999999986,1,82.22999999999999,2opt,notBad
3954,4,217.77999999999986,1,82.22999999999999,move,improve
3955,4,217.77999999999986,1,82.22999999999999,2opt,improve
3956,4,217.77999999999986,1,82.22999999999999,swap,notBad
3957,4,217.77999999999986,1,82.22999999999999,swap,notBad
3958,4,230.79999999999978,1,82.22999999999999,swap,acceptBad
3959,4,230.79999999999978,1,82.22999999999999,2opt,notBad
3960,4,230.79999999999978,1,82.22999999999999,move,improve
3961,4,230.79999999999978,1,82.22999999999999,swap,notBad
3962,4,230.79999999999978,1,82.22999999999999,swap,notBad
3963,4,231.48999999999978,1,82.22999999999999,2opt,acceptBad
3964,4,231.48999999999978,1,82.22999999999999,2opt,improve
3965,4,229.08999999999975,1,82.22999999999999,move,improve
3966,4,229.08999999999975,1,82.22999999999999,move,improve
3967,4,233.04999999999984,1,82.22999999999999,2opt,acceptBad
3968,4,233.04999999999984,1,82.22999999999999,swap,notBad
3969,4,233.04999999999984,1,82.22999999999999,swap,notBad
3970,4,226.5300000000001,1,82.22999999999999,swap,improve
3971,4,226.5300000000001,1,82.22999999999999,swap,notBad
3972,4,226.5300000000001,1,82.22999999999999,2opt,notBad
3973,4,226.89000000000016,1,82.22999999999999,2opt,acceptBad
3974,4,225.87000000000018,1,82.22999999999999,move,improve
3975,4,225.87000000000018,1,82.22999999999999,2opt,notBad
3976,4,225.87000000000018,1,82.22999999999999,2opt,notBad
3977,4,225.87000000000018,1,82.22999999999999,move,improve
3978,4,225.87000000000018,1,82.22999999999999,move,improve
3979,4,227.34999999999977,1,82.22999999999999,swap,acceptBad
3980,4,225.90999999999974,1,82.22999999999999,move,improve
3981,4,225.90999999999974,1,82.22999999999999,move,improve
3982,4,225.90999999999974,1,82.22999999999999,swap,notBad
3983,4,217.77999999999972,1,82.22999999999999,swap,improve
3984,4,217.77999999999972,1,82.22999999999999,2opt,improve
3985,4,217.20999999999978,1,82.22999999999999,move,improve
3986,4,214.23999999999975,1,82.22999999999999,move,improve
3987,4,214.23999999999975,1,82.22999999999999,2opt,notBad
3988,4,214.23999999999975,1,82.22999999999999,move,improve
3989,4,208.78000000000023,1,82.22999999999999,swap,improve
3990,4,208.78000000000023,1,82.22999999999999,2opt,notBad
3991,4,208.78000000000023,1,82.22999999999999,move,improve
3992,4,208.78000000000023,1,82.22999999999999,2opt,notBad
3993,4,208.78000000000023,1,82.22999999999999,move,improve
3994,4,208.78000000000023,1,82.22999999999999,swap,notBad
3995,4,208.78000000000023,1,82.22999999999999,2opt,notBad
3996,4,208.78000000000023,1,82.22999999999999,swap,notBad
3997,4,208.78000000000023,1,82.22999999999999,2opt,notBad
3998,4,208.78000000000023,1,82.22999999999999,swap,notBad
3999,4,212.29000000000022,1,82.22999999999999,swap,acceptBad
4000,4,225.73000000000022,1,82.22999999999999,swap,acceptBad
4001,4,225.73000000000022,1,82.22999999999999,swap,notBad
4002,4,225.73000000000022,1,82.22999999999999,move,improve
4003,4,225.73000000000022,1,82.22999999999999,2opt,improve
4004,4,225.73000000000022,1,82.22999999999999,2opt,notBad
4005,4,219.52000000000018,1,82.22999999999999,move,improve
4006,4,219.94000000000023,1,82.22999999999999,swap,acceptBad
4007,4,219.94000000000023,1,82.22999999999999,move,improve
4008,4,219.3700000000002,1,82.22999999999999,move,improve
4009,4,219.3700000000002,1,82.22999999999999,2opt,notBad
4010,4,219.3700000000002,1,82.22999999999999,move,improve
4011,4,219.3700000000002,1,82.22999999999999,swap,notBad
4012,4,201.01000000000022,1,82.22999999999999,move,improve
4013,4,201.01000000000022,1,82.22999999999999,swap,notBad
4014,4,201.01000000000022,1,82.22999999999999,swap,notBad
4015,4,205.63999999999984,1,82.22999999999999,swap,acceptBad
4016,4,205.63999999999984,1,82.22999999999999,swap,notBad
4017,4,205.63999999999984,1,82.22999999999999,move,improve
4018,4,201.94999999999987,1,82.22999999999999,move,improve
4019,4,201.94999999999987,1,82.22999999999999,swap,notBad
4020,4,200.65999999999988,1,82.22999999999999,swap,improve
4021,4,200.65999999999988,1,82.22999999999999,swap,notBad
4022,4,200.65999999999988,1,82.22999999999999,2opt,notBad
4023,4,200.65999999999988,1,82.22999999999999,swap,notBad
4024,4,200.65999999999988,1,82.22999999999999,2opt,notBad
4025,4,200.65999999999988,1,82.22999999999999,move,improve
4026,4,200.65999999999988,1,82.22999999999999,move,improve
4027,4,200.65999999999988,1,82.22999999999999,move,improve
4028,4,200.65999999999988,1,82.22999999999999,move,improve
4029,4,200.65999999999988,1,82.22999999999999,2opt,notBad
4030,4,200.65999999999988,1,82.22999999999999,swap,notBad
4031,4,200.65999999999988,1,82.22999999999999,swap,notBad
4032,4,195.10999999999987,1,82.22999999999999,swap,improve
4033,4,195.10999999999987,1,82.22999999999999,move,improve
4034,4,195.10999999999987,1,82.22999999999999,swap,notBad
4035,4,195.10999999999987,1,82.22999999999999,2opt,improve
4036,4,193.6399999999999,1,82.22999999999999,move,improve
4037,4,193.6399999999999,1,82.22999999999999,2opt,notBad
4038,4,193.4299999999999,1,82.22999999999999,move,improve
4039,4,190.60999999999987,1,82.22999999999999,move,improve
4040,4,190.60999999999987,1,82.22999999999999,swap,notBad
4041,4,190.60999999999987,1,82.22999999999999,move,improve
4042,4,190.60999999999987,1,82.22999999999999,move,improve
4043,4,190.60999999999987,1,82.22999999999999,2opt,notBad
4044,4,190.60999999999987,1,82.22999999999999,move,improve
4045,4,190.60999999999987,1,82.22999999999999,2opt,notBad
4046,4,190.60999999999987,1,82.22999999999999,move,improve
4047,4,190.60999999999987,1,82.22999999999999,2opt,notBad
4048,4,190.3099999999999,1,82.22999999999999,move,improve
4049,4,190.3099999999999,1,82.22999999999999,move,improve
4050,4,190.3099999999999,1,82.22999999999999,2opt,notBad
4051,4,190.3099999999999,1,82.22999999999999,2opt,notBad
4052,4,189.5599999999999,1,82.22999999999999,move,improve
4053,4,189.5599999999999,1,82.22999999999999,swap,notBad
4054,4,189.5599999999999,1,82.22999999999999,swap,notBad
4055,4,191.7799999999999,1,82.22999999999999,swap,acceptBad
4056,4,191.7799999999999,1,82.22999999999999,2opt,notBad
4057,4,191.7799999999999,1,82.22999999999999,2opt,notBad
4058,4,191.7799999999999,1,82.22999999999999,move,improve
4059,4,192.79000000000008,1,82.22999999999999,swap,acceptBad
4060,4,192.79000000000008,1,82.22999999999999,swap,notBad
4061,4,192.79000000000008,1,82.22999999999999,2opt,notBad
4062,4,192.79000000000008,1,82.22999999999999,swap,notBad
4063,4,205.68999999999983,1,82.22999999999999,swap,acceptBad
4064,4,206.10999999999984,1,82.22999999999999,swap,acceptBad
4065,4,206.10999999999984,1,82.22999999999999,2opt,notBad
4066,4,206.10999999999984,1,82.22999999999999,2opt,notBad
4067,4,206.10999999999984,1,82.22999999999999,2opt,notBad
4068,4,202.9599999999998,1,82.22999999999999,move,improve
4069,4,202.9599999999998,1,82.22999999999999,2opt,notBad
4070,4,202.9599999999998,1,82.22999999999999,move,improve
4071,4,215.88999999999982,1,82.22999999999999,swap,acceptBad
4072,4,215.88999999999982,1,82.22999999999999,move,improve
4073,4,215.88999999999982,1,82.22999999999999,move,improve
4074,4,215.88999999999982,1,82.22999999999999,move,notBad
4075,4,205.17999999999984,1,82.22999999999999,move,improve
4076,4,205.17999999999984,1,82.22999999999999,2opt,notBad
4077,4,205.17999999999984,1,82.22999999999999,2opt,notBad
4078,4,205.17999999999984,1,82.22999999999999,move,improve
4079,4,191.40999999999985,1,82.22999999999999,swap,improve
4080,4,191.40999999999985,1,82.22999999999999,move,improve
4081,4,191.40999999999985,1,82.22999999999999,swap,notBad
4082,4,196.17999999999984,1,82.22999999999999,2opt,acceptBad
4083,4,196.17999999999984,1,82.22999999999999,move,improve
4084,4,197.07000000000014,1,82.22999999999999,swap,acceptBad
4085,4,197.07000000000014,1,82.22999999999999,2opt,notBad
4086,4,201.69000000000014,1,82.22999999999999,swap,acceptBad
4087,4,201.69000000000014,1,82.22999999999999,swap,notBad
4088,4,201.69000000000014,1,82.22999999999999,move,improve
4089,4,201.69000000000014,1,82.22999999999999,2opt,notBad
4090,4,201.69000000000014,1,82.22999999999999,2opt,improve
4091,4,201.69000000000014,1,82.22999999999999,2opt,notBad
4092,4,202.92000000000013,1,82.22999999999999,swap,acceptBad
4093,4,202.92000000000013,1,82.22999999999999,2opt,notBad
4094,4,202.92000000000013,1,82.22999999999999,swap,notBad
4095,4,202.92000000000013,1,82.22999999999999,2opt,notBad
4096,4,209.24000000000004,1,82.22999999999999,swap,acceptBad
4097,4,209.24000000000004,1,82.22999999999999,swap,notBad
4098,4,208.01000000000002,1,82.22999999999999,move,improve
4099,4,208.01000000000002,1,82.22999999999999,swap,notBad
4100,4,208.01000000000002,1,82.22999999999999,swap,notBad
4101,4,208.01000000000002,1,82.22999999999999,move,improve
4102,4,205.49000000000007,1,82.22999999999999,move,improve
4103,4,207.20000000000007,1,82.22999999999999,swap,acceptBad
4104,4,207.20000000000007,1,82.22999999999999,2opt,notBad
4105,4,207.11000000000004,1,82.22999999999999,move,improve
4106,4,207.11000000000004,1,82.22999999999999,2opt,notBad
4107,4,207.11000000000004,1,82.22999999999999,swap,notBad
4108,4,207.11000000000004,1,82.22999999999999,swap,notBad
4109,4,207.11000000000004,1,82.22999999999999,2opt,notBad
4110,4,207.11000000000004,1,82.22999999999999,swap,notBad
4111,4,207.11000000000004,1,82.22999999999999,move,improve
4112,4,207.11000000000004,1,82.22999999999999,2opt,notBad
4113,4,207.11000000000004,1,82.22999999999999,move,improve
4114,4,207.11000000000004,1,82.22999999999999,move,improve
4115,4,207.11000000000004,1,82.22999999999999,swap,notBad
4116,4,207.11000000000004,1,82.22999999999999,move,improve
4117,4,207.11000000000004,1,82.22999999999999,move,improve
4118,4,198.11999999999983,1,82.22999999999999,swap,improve
4119,4,198.53999999999985,1,82.22999999999999,2opt,acceptBad
4120,4,198.53999999999985,1,82.22999999999999,move,improve
4121,4,226.44999999999987,1,82.22999999999999,move,acceptBad
4122,4,226.44999999999987,1,82.22999999999999,swap,notBad
4123,4,226.44999999999987,1,82.22999999999999,swap,notBad
4124,4,228.8199999999999,1,82.22999999999999,swap,acceptBad
4125,4,228.8199999999999,1,82.22999999999999,swap,notBad
4126,4,227.13999999999987,1,82.22999999999999,move,improve
4127,4,227.13999999999987,1,82.22999999999999,swap,notBad
4128,4,227.13999999999987,1,82.22999999999999,2opt,notBad
4129,4,227.13999999999987,1,82.22999999999999,swap,notBad
4130,4,231.72999999999988,1,82.22999999999999,swap,acceptBad
4131,4,231.72999999999988,1,82.22999999999999,2opt,notBad
4132,4,231.69999999999987,1,82.22999999999999,move,improve
4133,4,231.69999999999987,1,82.22999999999999,swap,notBad
4134,4,231.69999999999987,1,82.22999999999999,2opt,notBad
4135,4,226.62999999999988,1,82.22999999999999,move,improve
4136,4,230.1099999999999,1,82.22999999999999,swap,acceptBad
4137,4,221.4400000000006,1,82.22999999999999,swap,improve
4138,4,221.4400000000006,1,82.22999999999999,move,improve
4139,4,223.66000000000054,1,82.22999999999999,2opt,acceptBad
4140,4,223.66000000000054,1,82.22999999999999,2opt,notBad
4141,4,211.02999999999997,1,82.22999999999999,swap,improve
4142,4,205.12,1,82.22999999999999,move,improve
4143,4,205.12,1,82.22999999999999,swap,notBad
4144,4,205.12,1,82.22999999999999,swap,notBad
4145,4,205.12,1,82.22999999999999,swap,notBad
4146,4,205.12,1,82.22999999999999,move,improve
4147,4,205.12,1,82.22999999999999,move,improve
4148,4,199.77999999999997,1,82.22999999999999,swap,improve
4149,4,199.77999999999997,1,82.22999999999999,2opt,notBad
4150,4,199.77999999999997,1,82.22999999999999,swap,notBad
4151,4,199.77999999999997,1,82.22999999999999,2opt,notBad
4152,4,199.77999999999997,1,82.22999999999999,swap,notBad
4153,4,199.77999999999997,1,82.22999999999999,move,improve
4154,4,199.77999999999997,1,82.22999999999999,2opt,notBad
4155,4,199.77999999999997,1,82.22999999999999,swap,notBad
4156,4,199.77999999999997,1,82.22999999999999,move,improve
4157,4,199.77999999999997,1,82.22999999999999,2opt,notBad
4158,4,199.77999999999997,1,82.22999999999999,move,improve
4159,4,199.77999999999997,1,82.22999999999999,2opt,notBad
4160,4,199.77999999999997,1,82.22999999999999,2opt,notBad
4161,4,199.77999999999997,1,82.22999999999999,swap,notBad
4162,4,199.39,1,82.22999999999999,move,improve
4163,4,199.39,1,82.22999999999999,swap,notBad
4164,4,192.20999999999998,1,82.22999999999999,2opt,improve
4165,4,192.20999999999998,1,82.22999999999999,swap,notBad
4166,4,192.20999999999998,1,82.22999999999999,move,improve
4167,4,192.20999999999998,1,82.22999999999999,move,improve
4168,4,194.48000000000053,1,82.22999999999999,swap,acceptBad
4169,4,194.48000000000053,1,82.22999999999999,2opt,notBad
4170,4,193.70000000000022,1,82.22999999999999,move,improve
4171,4,199.1600000000002,1,82.22999999999999,swap,acceptBad
4172,4,199.1600000000002,1,82.22999999999999,2opt,notBad
4173,4,199.1600000000002,1,82.22999999999999,2opt,improve
4174,4,199.1600000000002,1,82.22999999999999,move,improve
4175,4,199.1600000000002,1,82.22999999999999,2opt,notBad
4176,4,199.1600000000002,1,82.22999999999999,move,improve
4177,4,199.1600000000002,1,82.22999999999999,2opt,notBad
4178,4,190.61,1,82.22999999999999,swap,improve
4179,4,188.93,1,82.22999999999999,2opt,improve
4180,4,188.93,1,82.22999999999999,swap,notBad
4181,4,188.30000000000004,1,82.22999999999999,move,improve
4182,4,188.30000000000004,1,82.22999999999999,swap,notBad
4183,4,189.38,1,82.22999999999999,swap,acceptBad
4184,4,187.40000000000003,1,82.22999999999999,move,improve
4185,4,187.40000000000003,1,82.22999999999999,move,improve
4186,4,187.40000000000003,1,82.22999999999999,2opt,notBad
4187,4,187.40000000000003,1,82.22999999999999,2opt,notBad
4188,4,187.40000000000003,1,82.22999999999999,swap,notBad
4189,4,187.40000000000003,1,82.22999999999999,swap,notBad
4190,4,187.40000000000003,1,82.22999999999999,2opt,notBad
4191,4,187.40000000000003,1,82.22999999999999,move,improve
4192,4,189.44000000000003,1,82.22999999999999,swap,acceptBad
4193,4,189.44000000000003,1,82.22999999999999,move,improve
4194,4,189.44000000000003,1,82.22999999999999,swap,notBad
4195,4,188.15,1,82.22999999999999,swap,improve
4196,4,188.15,1,82.22999999999999,move,improve
4197,4,196.67,1,82.22999999999999,swap,acceptBad
4198,4,196.67,1,82.22999999999999,move,improve
4199,4,196.67,1,82.22999999999999,swap,notBad
4200,4,196.67,1,82.22999999999999,2opt,notBad
4201,4,196.67,1,82.22999999999999,swap,notBad
4202,4,196.61,1,82.22999999999999,2opt,improve
4203,4,196.61,1,82.22999999999999,move,improve
4204,4,191.24,1,82.22999999999999,move,improve
4205,4,191.24,1,82.22999999999999,swap,notBad
4206,4,191.24,1,82.22999999999999,swap,notBad
4207,4,180.17000000000002,1,82.22999999999999,move,improve
4208,4,180.17000000000002,1,82.22999999999999,move,improve
4209,4,180.17000000000002,1,82.22999999999999,2opt,notBad
4210,4,180.17000000000002,1,82.22999999999999,move,improve
4211,4,180.17000000000002,1,82.22999999999999,2opt,notBad
4212,4,180.17000000000002,1,82.22999999999999,2opt,improve
4213,4,178.01000000000002,1,82.22999999999999,2opt,improve
4214,4,178.01000000000002,1,82.22999999999999,swap,notBad
4215,4,178.01000000000002,1,82.22999999999999,swap,notBad
4216,4,178.01000000000002,1,82.22999999999999,2opt,improve
4217,4,178.01000000000002,1,82.22999999999999,2opt,notBad
4218,4,178.01000000000002,1,82.22999999999999,2opt,notBad
4219,4,178.01000000000002,1,82.22999999999999,move,notBad
4220,4,179.37000000000006,1,82.22999999999999,swap,acceptBad
4221,4,179.37000000000006,1,82.22999999999999,2opt,notBad
4222,4,174.09000000000003,1,82.22999999999999,move,improve
4223,4,174.09000000000003,1,82.22999999999999,swap,notBad
4224,4,174.09000000000003,1,82.22999999999999,2opt,notBad
4225,4,174.09000000000003,1,82.22999999999999,swap,notBad
4226,4,174.09000000000003,1,82.22999999999999,swap,notBad
4227,4,174.09000000000003,1,82.22999999999999,move,improve
4228,4,170.94000000000005,1,82.22999999999999,move,improve
4229,4,170.94000000000005,1,82.22999999999999,swap,notBad
4230,4,170.94000000000005,1,82.22999999999999,swap,notBad
4231,4,170.94000000000005,1,82.22999999999999,swap,notBad
4232,4,170.94000000000005,1,82.22999999999999,swap,notBad
4233,4,170.94000000000005,1,82.22999999999999,2opt,notBad
4234,4,170.94000000000005,1,82.22999999999999,swap,notBad
4235,4,170.94000000000005,1,82.22999999999999,2opt,notBad
4236,4,170.94000000000005,1,82.22999999999999,move,improve
4237,4,170.94000000000005,1,82.22999999999999,2opt,notBad
4238,4,170.94000000000005,1,82.22999999999999,swap,notBad
4239,4,170.94000000000005,1,82.22999999999999,2opt,notBad
4240,4,170.94000000000005,1,82.22999999999999,move,improve
4241,4,170.94000000000005,1,82.22999999999999,2opt,notBad
4242,4,170.94000000000005,1,82.22999999999999,swap,notBad
4243,4,170.94000000000005,1,82.22999999999999,2opt,notBad
4244,4,171.09000000000003,1,82.22999999999999,swap,acceptBad
4245,4,171.09000000000003,1,82.22999999999999,2opt,notBad
4246,4,169.50000000000006,1,82.22999999999999,2opt,improve
4247,4,169.50000000000006,1,82.22999999999999,move,improve
4248,4,169.50000000000006,1,82.22999999999999,swap,notBad
4249,4,169.50000000000006,1,82.22999999999999,2opt,notBad
4250,4,169.50000000000006,1,82.22999999999999,swap,notBad
4251,4,169.50000000000006,1,82.22999999999999,swap,notBad
4252,4,169.50000000000006,1,82.22999999999999,swap,notBad
4253,4,169.50000000000006,1,82.22999999999999,2opt,notBad
4254,4,169.50000000000006,1,82.22999999999999,move,improve
4255,4,169.50000000000006,1,82.22999999999999,move,improve
4256,4,169.50000000000006,1,82.22999999999999,2opt,notBad
4257,4,169.50000000000006,1,82.22999999999999,swap,notBad
4258,4,177.38000000000034,1,82.22999999999999,swap,acceptBad
4259,4,177.38000000000034,1,82.22999999999999,2opt,notBad
4260,4,177.38000000000034,1,82.22999999999999,move,improve
4261,4,177.38000000000034,1,82.22999999999999,swap,notBad
4262,4,177.38000000000034,1,82.22999999999999,move,improve
4263,4,177.38000000000034,1,82.22999999999999,move,improve
4264,4,177.38000000000034,1,82.22999999999999,move,improve
4265,4,177.38000000000034,1,82.22999999999999,swap,notBad
4266,4,177.38000000000034,1,82.22999999999999,2opt,notBad
4267,4,177.38000000000034,1,82.22999999999999,swap,notBad
4268,4,177.38000000000034,1,82.22999999999999,2opt,improve
4269,4,177.38000000000034,1,82.22999999999999,swap,notBad
4270,4,177.38000000000034,1,82.22999999999999,move,improve
4271,4,177.38000000000034,1,82.22999999999999,2opt,notBad
4272,4,177.38000000000034,1,82.22999999999999,move,improve
4273,4,177.38000000000034,1,82.22999999999999,2opt,notBad
4274,4,177.38000000000034,1,82.22999999999999,swap,notBad
4275,4,177.38000000000034,1,82.22999999999999,move,improve
4276,4,177.38000000000034,1,82.22999999999999,swap,notBad
4277,4,192.59000000000052,1,82.22999999999999,move,acceptBad
4278,4,192.59000000000052,1,82.22999999999999,move,improve
4279,4,192.59000000000052,1,82.22999999999999,move,improve
4280,4,192.59000000000052,1,82.22999999999999,move,improve
4281,4,192.59000000000052,1,82.22999999999999,2opt,notBad
4282,4,192.59000000000052,1,82.22999999999999,2opt,notBad
4283,4,192.59000000000052,1,82.22999999999999,move,improve
4284,4,192.59000000000052,1,82.22999999999999,2opt,notBad
4285,4,192.59000000000052,1,82.22999999999999,2opt,notBad
4286,4,192.59000000000052,1,82.22999999999999,2opt,notBad
4287,4,197.18000000000052,1,82.22999999999999,2opt,acceptBad
4288,4,197.18000000000052,1,82.22999999999999,2opt,notBad
4289,4,197.18000000000052,1,82.22999999999999,2opt,notBad
4290,4,205.01000000000053,1,82.22999999999999,swap,acceptBad
4291,4,205.01000000000053,1,82.22999999999999,swap,notBad
4292,4,205.01000000000053,1,82.22999999999999,swap,notBad
4293,4,205.01000000000053,1,82.22999999999999,2opt,notBad
4294,4,205.01000000000053,1,82.22999999999999,2opt,notBad
4295,4,205.01000000000053,1,82.22999999999999,2opt,notBad
4296,4,205.01000000000053,1,82.22999999999999,swap,notBad
4297,4,203.09000000000054,1,82.22999999999999,2opt,improve
4298,4,203.09000000000054,1,82.22999999999999,2opt,notBad
4299,4,203.09000000000054,1,82.22999999999999,2opt,notBad
4300,4,203.09000000000054,1,82.22999999999999,2opt,notBad
4301,4,203.09000000000054,1,82.22999999999999,swap,notBad
4302,4,203.09000000000054,1,82.22999999999999,move,improve
4303,4,200.42000000000053,1,82.22999999999999,move,improve
4304,4,200.42000000000053,1,82.22999999999999,2opt,notBad
4305,4,200.42000000000053,1,82.22999999999999,2opt,notBad
4306,4,200.42000000000053,1,82.22999999999999,2opt,notBad
4307,4,200.42000000000053,1,82.22999999999999,move,improve
4308,4,200.42000000000053,1,82.22999999999999,swap,notBad
4309,4,200.42000000000053,1,82.22999999999999,2opt,improve
4310,4,200.42000000000053,1,82.22999999999999,move,improve
4311,4,200.42000000000053,1,82.22999999999999,move,improve
4312,4,200.42000000000053,1,82.22999999999999,2opt,notBad
4313,4,200.42000000000053,1,82.22999999999999,2opt,notBad
4314,4,192.59000000000052,1,82.22999999999999,move,improve
4315,4,192.59000000000052,1,82.22999999999999,2opt,improve
4316,4,192.59000000000052,1,82.22999999999999,move,improve
4317,4,192.59000000000052,1,82.22999999999999,swap,notBad
4318,4,183.83000000000044,1,82.22999999999999,swap,improve
4319,4,183.83000000000044,1,82.22999999999999,swap,notBad
4320,4,183.83000000000044,1,82.22999999999999,2opt,notBad
4321,4,183.83000000000044,1,82.22999999999999,2opt,notBad
4322,4,183.83000000000044,1,82.22999999999999,2opt,notBad
4323,4,183.83000000000044,1,82.22999999999999,2opt,notBad
4324,4,183.83000000000044,1,82.22999999999999,2opt,notBad
4325,4,183.83000000000044,1,82.22999999999999,move,improve
4326,4,183.83000000000044,1,82.22999999999999,2opt,notBad
4327,4,183.83000000000044,1,82.22999999999999,swap,notBad
4328,4,183.83000000000044,1,82.22999999999999,2opt,notBad
4329,4,183.83000000000044,1,82.22999999999999,swap,notBad
4330,4,183.83000000000044,1,82.22999999999999,swap,notBad
4331,4,183.83000000000044,1,82.22999999999999,2opt,notBad
4332,4,183.83000000000044,1,82.22999999999999,2opt,notBad
4333,4,183.83000000000044,1,82.22999999999999,2opt,notBad
4334,4,183.83000000000044,1,82.22999999999999,2opt,notBad
4335,4,183.83000000000044,1,82.22999999999999,2opt,notBad
4336,4,183.83000000000044,1,82.22999999999999,move,improve
4337,4,183.20000000000044,1,82.22999999999999,move,improve
4338,4,183.20000000000044,1,82.22999999999999,swap,notBad
4339,4,183.20000000000044,1,82.22999999999999,move,improve
4340,4,183.20000000000044,1,82.22999999999999,swap,notBad
4341,4,183.20000000000044,1,82.22999999999999,2opt,notBad
4342,4,183.20000000000044,1,82.22999999999999,swap,notBad
4343,4,183.20000000000044,1,82.22999999999999,2opt,improve
4344,4,183.20000000000044,1,82.22999999999999,swap,notBad
4345,4,181.91000000000048,1,82.22999999999999,swap,improve
4346,4,181.91000000000048,1,82.22999999999999,move,improve
4347,4,181.91000000000048,1,82.22999999999999,2opt,improve
4348,4,181.91000000000048,1,82.22999999999999,swap,notBad
4349,4,181.91000000000048,1,82.22999999999999,swap,notBad
4350,4,181.91000000000048,1,82.22999999999999,swap,notBad
4351,4,181.91000000000048,1,82.22999999999999,swap,notBad
4352,4,181.91000000000048,1,82.22999999999999,swap,notBad
4353,4,181.91000000000048,1,82.22999999999999,2opt,notBad
4354,4,181.91000000000048,1,82.22999999999999,2opt,notBad
4355,4,181.91000000000048,1,82.22999999999999,2opt,notBad
4356,4,166.70000000000027,1,82.22999999999999,move,improve
4357,4,166.70000000000027,1,82.22999999999999,move,improve
4358,4,166.70000000000027,1,82.22999999999999,2opt,notBad
4359,4,166.70000000000027,1,82.22999999999999,2opt,notBad
4360,4,166.70000000000027,1,82.22999999999999,move,improve
4361,4,166.70000000000027,1,82.22999999999999,move,improve
4362,4,166.70000000000027,1,82.22999999999999,2opt,notBad
4363,4,166.70000000000027,1,82.22999999999999,move,improve
4364,4,166.70000000000027,1,82.22999999999999,2opt,notBad
4365,4,166.70000000000027,1,82.22999999999999,move,improve
4366,4,166.70000000000027,1,82.22999999999999,2opt,notBad
4367,4,166.70000000000027,1,82.22999999999999,swap,notBad
4368,4,166.70000000000027,1,82.22999999999999,2opt,notBad
4369,4,166.70000000000027,1,82.22999999999999,move,improve
4370,4,166.70000000000027,1,82.22999999999999,move,improve
4371,4,166.70000000000027,1,82.22999999999999,2opt,notBad
4372,4,166.70000000000027,1,82.22999999999999,2opt,notBad
4373,4,166.70000000000027,1,82.22999999999999,swap,notBad
4374,4,166.70000000000027,1,82.22999999999999,move,improve
4375,4,166.70000000000027,1,82.22999999999999,2opt,notBad
4376,4,166.70000000000027,1,82.22999999999999,swap,notBad
4377,4,166.70000000000027,1,82.22999999999999,2opt,notBad
4378,4,166.70000000000027,1,82.22999999999999,move,improve
4379,4,166.70000000000027,1,82.22999999999999,move,improve
4380,4,181.91000000000048,1,82.22999999999999,move,acceptBad
4381,4,181.91000000000048,1,82.22999999999999,2opt,improve
4382,4,181.91000000000048,1,82.22999999999999,move,improve
4383,4,181.91000000000048,1,82.22999999999999,2opt,notBad
4384,4,181.91000000000048,1,82.22999999999999,move,improve
4385,4,181.91000000000048,1,82.22999999999999,move,improve
4386,4,181.91000000000048,1,82.22999999999999,swap,notBad
4387,4,181.91000000000048,1,82.22999999999999,move,improve
4388,4,181.91000000000048,1,82.22999999999999,move,improve
4389,4,181.91000000000048,1,82.22999999999999,2opt,notBad
4390,4,181.91000000000048,1,82.22999999999999,swap,notBad
4391,4,181.91000000000048,1,82.22999999999999,move,improve
4392,4,181.91000000000048,1,82.22999999999999,move,improve
4393,4,181.91000000000048,1,82.22999999999999,move,improve
4394,4,181.91000000000048,1,82.22999999999999,swap,notBad
4395,4,181.91000000000048,1,82.22999999999999,move,improve
4396,4,181.91000000000048,1,82.22999999999999,swap,notBad
4397,4,181.91000000000048,1,82.22999999999999,move,improve
4398,4,181.91000000000048,1,82.22999999999999,move,improve
4399,4,181.91000000000048,1,82.22999999999999,swap,notBad
4400,4,181.91000000000048,1,82.22999999999999,2opt,notBad
4401,4,181.91000000000048,1,82.22999999999999,swap,notBad
4402,4,181.91000000000048,1,82.22999999999999,2opt,notBad
4403,4,181.91000000000048,1,82.22999999999999,swap,notBad
4404,4,181.91000000000048,1,82.22999999999999,move,improve
4405,4,181.91000000000048,1,82.22999999999999,swap,notBad
4406,4,181.91000000000048,1,82.22999999999999,2opt,notBad
4407,4,181.91000000000048,1,82.22999999999999,2opt,notBad
4408,4,181.91000000000048,1,82.22999999999999,2opt,notBad
4409,4,181.91000000000048,1,82.22999999999999,2opt,notBad
4410,4,181.91000000000048,1,82.22999999999999,move,improve
4411,4,181.91000000000048,1,82.22999999999999,swap,notBad
4412,4,181.91000000000048,1,82.22999999999999,move,improve
4413,4,181.91000000000048,1,82.22999999999999,swap,notBad
4414,4,181.91000000000048,1,82.22999999999999,swap,notBad
4415,4,181.91000000000048,1,82.22999999999999,2opt,notBad
4416,4,181.91000000000048,1,82.22999999999999,swap,notBad
4417,4,181.91000000000048,1,82.22999999999999,2opt,notBad
4418,4,181.91000000000048,1,82.22999999999999,swap,notBad
4419,4,181.91000000000048,1,82.22999999999999,2opt,notBad
4420,4,184.2700000000002,1,82.22999999999999,swap,acceptBad
4421,4,184.2700000000002,1,82.22999999999999,2opt,improve
4422,4,184.2700000000002,1,82.22999999999999,2opt,notBad
4423,4,184.2700000000002,1,82.22999999999999,2opt,notBad
4424,4,184.2700000000002,1,82.22999999999999,2opt,notBad
4425,4,184.2700000000002,1,82.22999999999999,2opt,notBad
4426,4,187.12000000000006,1,82.22999999999999,swap,acceptBad
4427,4,187.12000000000006,1,82.22999999999999,2opt,notBad
4428,4,187.12000000000006,1,82.22999999999999,swap,notBad
4429,4,187.12000000000006,1,82.22999999999999,swap,notBad
4430,4,187.15999999999997,1,82.22999999999999,swap,acceptBad
4431,4,187.15999999999997,1,82.22999999999999,2opt,notBad
4432,4,187.15999999999997,1,82.22999999999999,swap,notBad
4433,4,171.9499999999998,1,82.22999999999999,swap,improve
4434,4,171.9499999999998,1,82.22999999999999,move,improve
4435,4,171.9499999999998,1,82.22999999999999,2opt,notBad
4436,4,171.9499999999998,1,82.22999999999999,swap,notBad
4437,4,171.87000000000066,1,82.22999999999999,swap,improve
4438,4,171.87000000000066,1,82.22999999999999,move,improve
4439,4,171.87000000000066,1,82.22999999999999,2opt,notBad
4440,4,171.87000000000066,1,82.22999999999999,swap,notBad
4441,4,171.87000000000066,1,82.22999999999999,2opt,notBad
4442,4,175.86000000000064,1,82.22999999999999,swap,acceptBad
4443,4,177.24000000000066,1,82.22999999999999,swap,acceptBad
4444,4,177.24000000000066,1,82.22999999999999,move,improve
4445,4,177.24000000000066,1,82.22999999999999,swap,notBad
4446,4,177.24000000000066,1,82.22999999999999,2opt,notBad
4447,4,177.24000000000066,1,82.22999999999999,2opt,notBad
4448,4,177.24000000000066,1,82.22999999999999,swap,notBad
4449,4,177.24000000000066,1,82.22999999999999,2opt,notBad
4450,4,174.8100000000003,1,82.22999999999999,swap,improve
4451,4,174.8100000000003,1,82.22999999999999,move,improve
4452,4,174.8100000000003,1,82.22999999999999,swap,notBad
4453,4,174.8100000000003,1,82.22999999999999,2opt,notBad
4454,4,174.8100000000003,1,82.22999999999999,move,improve
4455,4,174.8100000000003,1,82.22999999999999,swap,notBad
4456,4,174.8100000000003,1,82.22999999999999,move,improve
4457,4,174.8100000000003,1,82.22999999999999,2opt,notBad
4458,4,174.8100000000003,1,82.22999999999999,swap,notBad
4459,4,174.8100000000003,1,82.22999999999999,swap,notBad
4460,4,174.8100000000003,1,82.22999999999999,2opt,notBad
4461,4,174.8100000000003,1,82.22999999999999,2opt,notBad
4462,4,174.8100000000003,1,82.22999999999999,move,improve
4463,4,174.8100000000003,1,82.22999999999999,swap,notBad
4464,4,177.60000000000025,1,82.22999999999999,swap,acceptBad
4465,4,177.60000000000025,1,82.22999999999999,move,improve
4466,4,177.60000000000025,1,82.22999999999999,2opt,notBad
4467,4,177.60000000000025,1,82.22999999999999,2opt,notBad
4468,4,181.63999999999993,1,82.22999999999999,swap,acceptBad
4469,4,181.63999999999993,1,82.22999999999999,2opt,improve
4470,4,181.63999999999993,1,82.22999999999999,2opt,improve
4471,4,181.63999999999993,1,82.22999999999999,move,improve
4472,4,181.63999999999993,1,82.22999999999999,2opt,notBad
4473,4,181.63999999999993,1,82.22999999999999,swap,notBad
4474,4,181.63999999999993,1,82.22999999999999,2opt,notBad
4475,4,181.63999999999993,1,82.22999999999999,2opt,notBad
4476,4,181.63999999999993,1,82.22999999999999,2opt,notBad
4477,4,181.63999999999993,1,82.22999999999999,2opt,notBad
4478,4,190.06999999999974,1,82.22999999999999,swap,acceptBad
4479,4,190.06999999999974,1,82.22999999999999,2opt,notBad
4480,4,190.06999999999974,1,82.22999999999999,2opt,notBad
4481,4,190.06999999999974,1,82.22999999999999,move,improve
4482,4,190.06999999999974,1,82.22999999999999,swap,notBad
4483,4,190.06999999999974,1,82.22999999999999,2opt,notBad
4484,4,190.06999999999974,1,82.22999999999999,2opt,notBad
4485,4,190.06999999999974,1,82.22999999999999,2opt,notBad
4486,4,190.06999999999974,1,82.22999999999999,move,improve
4487,4,196.32999999999987,1,82.22999999999999,swap,acceptBad
4488,4,196.32999999999987,1,82.22999999999999,2opt,notBad
4489,4,196.32999999999987,1,82.22999999999999,move,improve
4490,4,196.32999999999987,1,82.22999999999999,swap,notBad
4491,4,196.32999999999987,1,82.22999999999999,move,improve
4492,4,196.26999999999987,1,82.22999999999999,swap,improve
4493,4,196.26999999999987,1,82.22999999999999,move,improve
4494,4,196.26999999999987,1,82.22999999999999,2opt,improve
4495,4,196.26999999999987,1,82.22999999999999,move,improve
4496,4,196.26999999999987,1,82.22999999999999,2opt,notBad
4497,4,196.26999999999987,1,82.22999999999999,swap,notBad
4498,4,190.17999999999986,1,82.22999999999999,move,improve
4499,4,190.17999999999986,1,82.22999999999999,swap,notBad
4500,4,190.17999999999986,1,82.22999999999999,swap,notBad
4501,4,190.17999999999986,1,82.22999999999999,swap,notBad
4502,4,190.17999999999986,1,82.22999999999999,move,improve
4503,4,184.5299999999995,1,82.22999999999999,move,improve
4504,4,184.5299999999995,1,82.22999999999999,2opt,improve
4505,4,184.5299999999995,1,82.22999999999999,swap,notBad
4506,4,184.5299999999995,1,82.22999999999999,move,improve
4507,4,184.5299999999995,1,82.22999999999999,swap,notBad
4508,4,184.5299999999995,1,82.22999999999999,2opt,notBad
4509,4,184.5299999999995,1,82.22999999999999,2opt,notBad
4510,4,184.5299999999995,1,82.22999999999999,move,improve
4511,4,176.04000000000008,1,82.22999999999999,move,improve
4512,4,176.04000000000008,1,82.22999999999999,swap,notBad
4513,4,176.04000000000008,1,82.22999999999999,swap,notBad
4514,4,176.04000000000008,1,82.22999999999999,swap,notBad
4515,4,176.25000000000009,1,82.22999999999999,swap,acceptBad
4516,4,174.3900000000001,1,82.22999999999999,move,improve
4517,4,174.3900000000001,1,82.22999999999999,2opt,notBad
4518,4,174.3900000000001,1,82.22999999999999,move,improve
4519,4,174.3900000000001,1,82.22999999999999,2opt,notBad
4520,4,174.3900000000001,1,82.22999999999999,move,improve
4521,4,174.3900000000001,1,82.22999999999999,swap,notBad
4522,4,174.3900000000001,1,82.22999999999999,move,improve
4523,4,174.3900000000001,1,82.22999999999999,2opt,notBad
4524,4,174.3900000000001,1,82.22999999999999,swap,notBad
4525,4,174.3300000000001,1,82.22999999999999,2opt,improve
4526,4,171.54000000000008,1,82.22999999999999,move,improve
4527,4,171.54000000000008,1,82.22999999999999,2opt,notBad
4528,4,171.54000000000008,1,82.22999999999999,swap,notBad
4529,4,171.54000000000008,1,82.22999999999999,move,improve
4530,4,171.33000000000007,1,82.22999999999999,move,improve
4531,4,171.33000000000007,1,82.22999999999999,move,improve
4532,4,171.33000000000007,1,82.22999999999999,2opt,notBad
4533,4,171.33000000000007,1,82.22999999999999,move,improve
4534,4,171.33000000000007,1,82.22999999999999,swap,notBad
4535,4,171.33000000000007,1,82.22999999999999,2opt,notBad
4536,4,171.33000000000007,1,82.22999999999999,2opt,notBad
4537,4,171.33000000000007,1,82.22999999999999,2opt,notBad
4538,4,171.33000000000007,1,82.22999999999999,2opt,notBad
4539,4,171.33000000000007,1,82.22999999999999,move,improve
4540,4,171.33000000000007,1,82.22999999999999,2opt,notBad
4541,4,171.33000000000007,1,82.22999999999999,swap,notBad
4542,4,171.33000000000007,1,82.22999999999999,move,improve
4543,4,171.33000000000007,1,82.22999999999999,swap,notBad
4544,4,171.33000000000007,1,82.22999999999999,2opt,notBad
4545,4,171.33000000000007,1,82.22999999999999,2opt,improve
4546,4,171.33000000000007,1,82.22999999999999,swap,notBad
4547,4,171.33000000000007,1,82.22999999999999,move,improve
4548,4,171.33000000000007,1,82.22999999999999,move,improve
4549,4,171.33000000000007,1,82.22999999999999,2opt,notBad
4550,4,163.35000000000008,1,82.22999999999999,move,improve
4551,4,163.35000000000008,1,82.22999999999999,2opt,notBad
4552,4,163.35000000000008,1,82.22999999999999,2opt,notBad
4553,4,163.50000000000009,1,82.22999999999999,2opt,acceptBad
4554,4,163.50000000000009,1,82.22999999999999,2opt,notBad
4555,4,163.29000000000008,1,82.22999999999999,move,improve
4556,4,163.29000000000008,1,82.22999999999999,2opt,notBad
4557,4,162.8100000000001,1,82.22999999999999,move,improve
4558,4,157.7100000000001,1,82.22999999999999,move,improve
4559,4,157.7100000000001,1,82.22999999999999,move,improve
4560,4,157.7100000000001,1,82.22999999999999,swap,notBad
4561,4,158.64000000000007,1,82.22999999999999,swap,acceptBad
4562,4,158.64000000000007,1,82.22999999999999,2opt,notBad
4563,4,158.64000000000007,1,82.22999999999999,swap,notBad
4564,4,157.86000000000007,1,82.22999999999999,move,improve
4565,4,157.86000000000007,1,82.22999999999999,2opt,notBad
4566,4,157.86000000000007,1,82.22999999999999,2opt,notBad
4567,4,157.86000000000007,1,82.22999999999999,swap,notBad
4568,4,157.86000000000007,1,82.22999999999999,2opt,notBad
4569,4,164.81000000000012,1,82.22999999999999,move,acceptBad
4570,4,164.81000000000012,1,82.22999999999999,move,improve
4571,4,164.81000000000012,1,82.22999999999999,swap,notBad
4572,4,164.81000000000012,1,82.22999999999999,move,improve
4573,4,164.81000000000012,1,82.22999999999999,swap,notBad
4574,4,163.36000000000024,1,82.22999999999999,swap,improve
4575,4,162.43000000000026,1,82.22999999999999,move,improve
4576,4,162.43000000000026,1,82.22999999999999,move,improve
4577,4,162.43000000000026,1,82.22999999999999,move,improve
4578,4,159.94000000000025,1,82.22999999999999,move,improve
4579,4,159.94000000000025,1,82.22999999999999,swap,notBad
4580,4,159.94000000000025,1,82.22999999999999,2opt,notBad
4581,4,162.61000000000027,1,82.22999999999999,swap,acceptBad
4582,4,164.68000000000026,1,82.22999999999999,2opt,acceptBad
4583,4,164.68000000000026,1,82.22999999999999,2opt,notBad
4584,4,164.68000000000026,1,82.22999999999999,swap,notBad
4585,4,164.68000000000026,1,82.22999999999999,move,improve
4586,4,164.68000000000026,1,82.22999999999999,move,improve
4587,4,164.68000000000026,1,82.22999999999999,2opt,notBad
4588,4,164.68000000000026,1,82.22999999999999,move,improve
4589,4,164.68000000000026,1,82.22999999999999,2opt,improve
4590,4,164.68000000000026,1,82.22999999999999,swap,notBad
4591,4,163.85999999999993,1,82.22999999999999,swap,improve
4592,4,163.85999999999993,1,82.22999999999999,swap,notBad
4593,4,163.85999999999993,1,82.22999999999999,move,improve
4594,4,163.85999999999993,1,82.22999999999999,swap,notBad
4595,4,159.68999999999994,1,82.22999999999999,move,improve
4596,4,159.68999999999994,1,82.22999999999999,move,improve
4597,4,159.68999999999994,1,82.22999999999999,move,improve
4598,4,159.68999999999994,1,82.22999999999999,swap,notBad
4599,4,159.68999999999994,1,82.22999999999999,swap,notBad
4600,4,159.68999999999994,1,82.22999999999999,2opt,notBad
4601,4,159.68999999999994,1,82.22999999999999,swap,notBad
4602,4,159.68999999999994,1,82.22999999999999,move,improve
4603,4,159.68999999999994,1,82.22999999999999,swap,notBad
4604,4,159.68999999999994,1,82.22999999999999,move,improve
4605,4,159.68999999999994,1,82.22999999999999,2opt,notBad
4606,4,159.68999999999994,1,82.22999999999999,swap,notBad
4607,4,159.68999999999994,1,82.22999999999999,move,improve
4608,4,159.68999999999994,1,82.22999999999999,swap,notBad
4609,4,159.68999999999994,1,82.22999999999999,move,improve
4610,4,159.68999999999994,1,82.22999999999999,2opt,improve
4611,4,159.68999999999994,1,82.22999999999999,move,improve
4612,4,159.68999999999994,1,82.22999999999999,swap,notBad
4613,4,159.68999999999994,1,82.22999999999999,swap,notBad
4614,4,159.68999999999994,1,82.22999999999999,move,improve
4615,4,159.68999999999994,1,82.22999999999999,swap,notBad
4616,4,159.68999999999994,1,82.22999999999999,move,improve
4617,4,159.68999999999994,1,82.22999999999999,swap,notBad
4618,4,159.68999999999994,1,82.22999999999999,swap,notBad
4619,4,159.68999999999994,1,82.22999999999999,2opt,improve
4620,4,159.68999999999994,1,82.22999999999999,swap,notBad
4621,4,159.68999999999994,1,82.22999999999999,2opt,improve
4622,4,159.68999999999994,1,82.22999999999999,swap,notBad
4623,4,159.68999999999994,1,82.22999999999999,2opt,notBad
4624,4,159.68999999999994,1,82.22999999999999,2opt,notBad
4625,4,159.68999999999994,1,82.22999999999999,swap,notBad
4626,4,159.68999999999994,1,82.22999999999999,swap,notBad
4627,4,159.68999999999994,1,82.22999999999999,2opt,improve
4628,4,159.68999999999994,1,82.22999999999999,2opt,notBad
4629,4,159.68999999999994,1,82.22999999999999,2opt,notBad
4630,4,159.68999999999994,1,82.22999999999999,2opt,notBad
4631,4,159.68999999999994,1,82.22999999999999,move,improve
4632,4,159.68999999999994,1,82.22999999999999,move,improve
4633,4,159.68999999999994,1,82.22999999999999,2opt,notBad
4634,4,159.68999999999994,1,82.22999999999999,swap,notBad
4635,4,159.68999999999994,1,82.22999999999999,swap,notBad
4636,4,159.68999999999994,1,82.22999999999999,2opt,notBad
4637,4,159.68999999999994,1,82.22999999999999,swap,notBad
4638,4,159.68999999999994,1,82.22999999999999,swap,notBad
4639,4,159.68999999999994,1,82.22999999999999,swap,notBad
4640,4,159.68999999999994,1,82.22999999999999,move,improve
4641,4,159.68999999999994,1,82.22999999999999,2opt,notBad
4642,4,159.68999999999994,1,82.22999999999999,swap,notBad
4643,4,159.68999999999994,1,82.22999999999999,move,improve
4644,4,159.68999999999994,1,82.22999999999999,swap,notBad
4645,4,157.01999999999995,1,82.22999999999999,move,improve
4646,4,157.01999999999995,1,82.22999999999999,2opt,improve
4647,4,157.01999999999995,1,82.22999999999999,swap,notBad
4648,4,157.01999999999995,1,82.22999999999999,swap,notBad
4649,4,157.01999999999992,1,82.22999999999999,2opt,improve
4650,4,157.01999999999992,1,82.22999999999999,2opt,notBad
4651,4,157.01999999999992,1,82.22999999999999,move,improve
4652,4,157.01999999999992,1,82.22999999999999,2opt,notBad
4653,4,157.01999999999992,1,82.22999999999999,2opt,notBad
4654,4,154.73999999999992,1,82.22999999999999,move,improve
4655,4,154.73999999999992,1,82.22999999999999,2opt,notBad
4656,4,154.73999999999992,1,82.22999999999999,2opt,notBad
4657,4,154.73999999999992,1,82.22999999999999,swap,notBad
4658,4,154.73999999999992,1,82.22999999999999,move,improve
4659,4,154.73999999999992,1,82.22999999999999,2opt,notBad
4660,4,154.73999999999992,1,82.22999999999999,2opt,notBad
4661,4,157.19999999999993,1,82.22999999999999,swap,acceptBad
4662,4,157.19999999999993,1,82.22999999999999,swap,notBad
4663,4,157.19999999999993,1,82.22999999999999,2opt,notBad
4664,4,157.19999999999993,1,82.22999999999999,move,improve
4665,4,157.19999999999993,1,82.22999999999999,2opt,notBad
4666,4,157.19999999999993,1,82.22999999999999,swap,notBad
4667,4,157.19999999999993,1,82.22999999999999,2opt,notBad
4668,4,157.19999999999993,1,82.22999999999999,swap,notBad
4669,4,157.19999999999993,1,82.22999999999999,2opt,notBad
4670,4,157.19999999999993,1,82.22999999999999,move,improve
4671,4,157.19999999999993,1,82.22999999999999,swap,notBad
4672,4,156.50999999999993,1,82.22999999999999,move,improve
4673,4,155.12999999999994,1,82.22999999999999,move,improve
4674,4,155.12999999999994,1,82.22999999999999,2opt,notBad
4675,4,155.12999999999994,1,82.22999999999999,move,improve
4676,4,155.12999999999994,1,82.22999999999999,move,notBad
4677,4,155.12999999999994,1,82.22999999999999,move,improve
4678,4,155.12999999999994,1,82.22999999999999,2opt,notBad
4679,4,155.12999999999994,1,82.22999999999999,swap,notBad
4680,4,155.12999999999994,1,82.22999999999999,move,improve
4681,4,155.12999999999994,1,82.22999999999999,move,improve
4682,4,155.12999999999994,1,82.22999999999999,2opt,notBad
4683,4,154.04999999999995,1,82.22999999999999,move,improve
4684,4,154.04999999999995,1,82.22999999999999,swap,notBad
4685,4,154.04999999999995,1,82.22999999999999,move,improve
4686,4,154.04999999999995,1,82.22999999999999,move,improve
4687,4,154.04999999999995,1,82.22999999999999,swap,notBad
4688,4,156.11999999999995,1,82.22999999999999,swap,acceptBad
4689,4,156.11999999999995,1,82.22999999999999,swap,notBad
4690,4,156.11999999999995,1,82.22999999999999,2opt,notBad
4691,4,156.11999999999995,1,82.22999999999999,swap,notBad
4692,4,156.11999999999995,1,82.22999999999999,move,improve
4693,4,156.11999999999995,1,82.22999999999999,swap,notBad
4694,4,156.11999999999995,1,82.22999999999999,move,improve
4695,4,156.11999999999995,1,82.22999999999999,swap,notBad
4696,4,156.11999999999995,1,82.22999999999999,swap,notBad
4697,4,156.11999999999995,1,82.22999999999999,move,improve
4698,4,156.11999999999995,1,82.22999999999999,move,notBad
4699,4,156.11999999999995,1,82.22999999999999,swap,notBad
4700,4,156.11999999999995,1,82.22999999999999,2opt,notBad
4701,4,156.11999999999995,1,82.22999999999999,move,improve
4702,4,156.11999999999995,1,82.22999999999999,swap,notBad
4703,4,156.11999999999995,1,82.22999999999999,move,improve
4704,4,156.11999999999995,1,82.22999999999999,2opt,improve
4705,4,156.11999999999995,1,82.22999999999999,move,improve
4706,4,156.11999999999995,1,82.22999999999999,move,improve
4707,4,156.11999999999995,1,82.22999999999999,move,improve
4708,4,156.11999999999995,1,82.22999999999999,2opt,notBad
4709,4,156.11999999999995,1,82.22999999999999,2opt,notBad
4710,4,156.11999999999995,1,82.22999999999999,swap,notBad
4711,4,156.65999999999957,1,82.22999999999999,2opt,acceptBad
4712,4,156.65999999999957,1,82.22999999999999,move,improve
4713,4,156.65999999999957,1,82.22999999999999,2opt,notBad
4714,4,156.65999999999957,1,82.22999999999999,move,improve
4715,4,156.65999999999957,1,82.22999999999999,2opt,notBad
4716,4,156.65999999999957,1,82.22999999999999,swap,notBad
4717,4,156.65999999999957,1,82.22999999999999,2opt,notBad
4718,4,156.65999999999957,1,82.22999999999999,swap,notBad
4719,4,156.65999999999957,1,82.22999999999999,2opt,notBad
4720,4,156.65999999999957,1,82.22999999999999,swap,notBad
4721,4,165.14999999999898,1,82.22999999999999,move,acceptBad
4722,4,165.14999999999898,1,82.22999999999999,2opt,notBad
4723,4,165.14999999999898,1,82.22999999999999,2opt,improve
4724,4,165.14999999999898,1,82.22999999999999,swap,notBad
4725,4,164.93999999999897,1,82.22999999999999,move,improve
4726,4,164.93999999999897,1,82.22999999999999,2opt,notBad
4727,4,164.93999999999897,1,82.22999999999999,move,improve
4728,4,164.93999999999897,1,82.22999999999999,move,improve
4729,4,164.93999999999897,1,82.22999999999999,swap,notBad
4730,4,164.93999999999897,1,82.22999999999999,2opt,notBad
4731,4,164.93999999999897,1,82.22999999999999,move,improve
4732,4,164.93999999999897,1,82.22999999999999,2opt,notBad
4733,4,164.93999999999897,1,82.22999999999999,swap,notBad
4734,4,164.93999999999897,1,82.22999999999999,2opt,notBad
4735,4,156.44999999999953,1,82.22999999999999,swap,improve
4736,4,156.44999999999953,1,82.22999999999999,2opt,notBad
4737,4,156.44999999999953,1,82.22999999999999,move,improve
4738,4,156.44999999999953,1,82.22999999999999,swap,notBad
4739,4,156.44999999999953,1,82.22999999999999,move,improve
4740,4,156.44999999999953,1,82.22999999999999,move,improve
4741,4,156.44999999999953,1,82.22999999999999,2opt,notBad
4742,4,159.71999999999954,1,82.22999999999999,swap,acceptBad
4743,4,161.63999999999953,1,82.22999999999999,swap,acceptBad
4744,4,163.61999999999955,1,82.22999999999999,swap,acceptBad
4745,4,158.87999999999954,1,82.22999999999999,move,improve
4746,4,158.87999999999954,1,82.22999999999999,2opt,improve
4747,4,164.51999999999987,1,82.22999999999999,swap,acceptBad
4748,4,164.51999999999987,1,82.22999999999999,swap,notBad
4749,4,164.51999999999987,1,82.22999999999999,2opt,notBad
4750,4,164.48999999999987,1,82.22999999999999,move,improve
4751,4,171.5799999999993,1,82.22999999999999,move,acceptBad
4752,4,171.5799999999993,1,82.22999999999999,move,improve
4753,4,171.12999999999928,1,82.22999999999999,move,improve
4754,4,173.6499999999993,1,82.22999999999999,swap,acceptBad
4755,4,172.2099999999993,1,82.22999999999999,move,improve
4756,4,172.2099999999993,1,82.22999999999999,move,improve
4757,4,172.2099999999993,1,82.22999999999999,2opt,notBad
4758,4,172.2099999999993,1,82.22999999999999,2opt,notBad
4759,4,173.67999999999927,1,82.22999999999999,swap,acceptBad
4760,4,173.67999999999927,1,82.22999999999999,swap,notBad
4761,4,173.67999999999927,1,82.22999999999999,swap,notBad
4762,4,173.67999999999927,1,82.22999999999999,2opt,improve
4763,4,173.67999999999927,1,82.22999999999999,2opt,notBad
4764,4,173.4699999999993,1,82.22999999999999,move,improve
4765,4,173.4699999999993,1,82.22999999999999,2opt,notBad
4766,4,173.37999999999928,1,82.22999999999999,move,improve
4767,4,173.37999999999928,1,82.22999999999999,2opt,notBad
4768,4,173.37999999999928,1,82.22999999999999,move,improve
4769,4,173.37999999999928,1,82.22999999999999,swap,notBad
4770,4,173.37999999999928,1,82.22999999999999,move,improve
4771,4,174.7599999999993,1,82.22999999999999,swap,acceptBad
4772,4,174.7599999999993,1,82.22999999999999,move,improve
4773,4,173.34999999999968,1,82.22999999999999,move,improve
4774,4,173.34999999999968,1,82.22999999999999,2opt,notBad
4775,4,173.34999999999968,1,82.22999999999999,swap,notBad
4776,4,173.34999999999968,1,82.22999999999999,move,improve
4777,4,166.54,1,82.22999999999999,move,improve
4778,4,166.54,1,82.22999999999999,swap,notBad
4779,4,166.54,1,82.22999999999999,swap,notBad
4780,4,166.54,1,82.22999999999999,2opt,notBad
4781,4,166.54,1,82.22999999999999,swap,notBad
4782,4,166.54,1,82.22999999999999,2opt,notBad
4783,4,166.54,1,82.22999999999999,swap,notBad
4784,4,166.54,1,82.22999999999999,swap,notBad
4785,4,153.69000000000034,1,82.22999999999999,swap,improve
4786,4,153.69000000000034,1,82.22999999999999,move,improve
4787,4,162.17999999999972,1,82.22999999999999,move,acceptBad
4788,4,162.17999999999972,1,82.22999999999999,2opt,notBad
4789,4,162.17999999999972,1,82.22999999999999,2opt,improve
4790,4,162.17999999999972,1,82.22999999999999,move,improve
4791,4,164.45999999999972,1,82.22999999999999,swap,acceptBad
4792,4,164.15999999999974,1,82.22999999999999,move,improve
4793,4,164.15999999999974,1,82.22999999999999,move,improve
4794,4,164.15999999999974,1,82.22999999999999,2opt,notBad
4795,4,164.15999999999974,1,82.22999999999999,move,improve
4796,4,164.15999999999974,1,82.22999999999999,move,improve
4797,4,163.85999999999973,1,82.22999999999999,move,improve
4798,4,163.85999999999973,1,82.22999999999999,swap,notBad
4799,4,163.85999999999973,1,82.22999999999999,swap,notBad
4800,4,163.85999999999973,1,82.22999999999999,move,improve
4801,4,165.80999999999972,1,82.22999999999999,2opt,acceptBad
4802,4,165.80999999999972,1,82.22999999999999,move,improve
4803,4,165.80999999999972,1,82.22999999999999,move,improve
4804,4,165.80999999999972,1,82.22999999999999,swap,notBad
4805,4,165.80999999999972,1,82.22999999999999,move,improve
4806,4,164.8199999999997,1,82.22999999999999,move,improve
4807,4,164.8199999999997,1,82.22999999999999,swap,notBad
4808,4,164.8199999999997,1,82.22999999999999,2opt,notBad
4809,4,164.8199999999997,1,82.22999999999999,2opt,notBad
4810,4,166.01999999999975,1,82.22999999999999,2opt,acceptBad
4811,4,166.01999999999975,1,82.22999999999999,move,improve
4812,4,166.01999999999975,1,82.22999999999999,swap,notBad
4813,4,166.01999999999975,1,82.22999999999999,swap,notBad
4814,4,166.01999999999975,1,82.22999999999999,swap,notBad
4815,4,166.01999999999975,1,82.22999999999999,swap,notBad
4816,4,166.01999999999975,1,82.22999999999999,swap,notBad
4817,4,166.01999999999975,1,82.22999999999999,2opt,notBad
4818,4,166.01999999999975,1,82.22999999999999,2opt,notBad
4819,4,166.01999999999975,1,82.22999999999999,swap,notBad
4820,4,168.23999999999972,1,82.22999999999999,swap,acceptBad
4821,4,168.23999999999972,1,82.22999999999999,swap,notBad
4822,4,167.0699999999993,1,82.22999999999999,move,improve
4823,4,167.0699999999993,1,82.22999999999999,swap,notBad
4824,4,167.0699999999993,1,82.22999999999999,swap,notBad
4825,4,167.0699999999993,1,82.22999999999999,swap,notBad
4826,4,167.0699999999993,1,82.22999999999999,move,improve
4827,4,167.0699999999993,1,82.22999999999999,2opt,notBad
4828,4,167.0699999999993,1,82.22999999999999,2opt,notBad
4829,4,167.0699999999993,1,82.22999999999999,swap,notBad
4830,4,167.0699999999993,1,82.22999999999999,swap,notBad
4831,4,167.0699999999993,1,82.22999999999999,swap,notBad
4832,4,167.0699999999993,1,82.22999999999999,2opt,notBad
4833,4,167.0699999999993,1,82.22999999999999,move,improve
4834,4,167.0699999999993,1,82.22999999999999,swap,notBad
4835,4,167.0699999999993,1,82.22999999999999,2opt,notBad
4836,4,167.0699999999993,1,82.22999999999999,swap,notBad
4837,4,167.0699999999993,1,82.22999999999999,2opt,improve
4838,4,167.0699999999993,1,82.22999999999999,2opt,notBad
4839,4,167.0699999999993,1,82.22999999999999,swap,notBad
4840,4,167.0699999999993,1,82.22999999999999,move,improve
4841,4,167.0699999999993,1,82.22999999999999,2opt,notBad
4842,4,167.0699999999993,1,82.22999999999999,2opt,notBad
4843,4,167.0699999999993,1,82.22999999999999,swap,notBad
4844,4,167.0699999999993,1,82.22999999999999,2opt,notBad
4845,4,167.0699999999993,1,82.22999999999999,swap,notBad
4846,4,167.0699999999993,1,82.22999999999999,move,improve
4847,4,167.0699999999993,1,82.22999999999999,2opt,notBad
4848,4,167.0699999999993,1,82.22999999999999,2opt,notBad
4849,4,164.84999999999934,1,82.22999999999999,move,improve
4850,4,164.84999999999934,1,82.22999999999999,swap,notBad
4851,4,164.84999999999934,1,82.22999999999999,2opt,notBad
4852,4,164.84999999999934,1,82.22999999999999,swap,notBad
4853,4,164.84999999999934,1,82.22999999999999,move,improve
4854,4,164.84999999999934,1,82.22999999999999,swap,notBad
4855,4,164.84999999999934,1,82.22999999999999,2opt,improve
4856,4,164.84999999999934,1,82.22999999999999,2opt,notBad
4857,4,164.84999999999934,1,82.22999999999999,2opt,notBad
4858,4,164.84999999999934,1,82.22999999999999,move,improve
4859,4,164.15999999999934,1,82.22999999999999,move,improve
4860,4,164.15999999999934,1,82.22999999999999,2opt,notBad
4861,4,164.15999999999934,1,82.22999999999999,2opt,improve
4862,4,164.15999999999934,1,82.22999999999999,2opt,notBad
4863,4,164.15999999999934,1,82.22999999999999,2opt,notBad
4864,4,164.15999999999934,1,82.22999999999999,swap,notBad
4865,4,164.15999999999934,1,82.22999999999999,2opt,notBad
4866,4,164.15999999999934,1,82.22999999999999,move,improve
4867,4,166.64999999999935,1,82.22999999999999,swap,acceptBad
4868,4,166.64999999999935,1,82.22999999999999,2opt,improve
4869,4,166.64999999999935,1,82.22999999999999,move,improve
4870,4,166.64999999999935,1,82.22999999999999,move,improve
4871,4,166.64999999999935,1,82.22999999999999,swap,notBad
4872,4,168.11999999999938,1,82.22999999999999,2opt,acceptBad
4873,4,168.53999999999934,1,82.22999999999999,swap,acceptBad
4874,4,168.53999999999934,1,82.22999999999999,move,improve
4875,4,169.16999999999933,1,82.22999999999999,swap,acceptBad
4876,4,169.16999999999933,1,82.22999999999999,2opt,notBad
4877,4,169.16999999999933,1,82.22999999999999,move,improve
4878,4,169.16999999999933,1,82.22999999999999,2opt,notBad
4879,4,169.16999999999933,1,82.22999999999999,swap,notBad
4880,4,169.16999999999933,1,82.22999999999999,move,improve
4881,4,169.16999999999933,1,82.22999999999999,move,improve
4882,4,169.16999999999933,1,82.22999999999999,swap,notBad
4883,4,169.16999999999933,1,82.22999999999999,move,improve
4884,4,169.16999999999933,1,82.22999999999999,swap,notBad
4885,4,169.16999999999933,1,82.22999999999999,move,notBad
4886,4,169.16999999999933,1,82.22999999999999,swap,notBad
4887,4,160.67999999999995,1,82.22999999999999,move,improve
4888,4,160.67999999999995,1,82.22999999999999,move,improve
4889,4,160.67999999999995,1,82.22999999999999,swap,notBad
4890,4,160.67999999999995,1,82.22999999999999,move,improve
4891,4,160.67999999999995,1,82.22999999999999,swap,notBad
4892,4,160.67999999999995,1,82.22999999999999,move,improve
4893,4,160.67999999999995,1,82.22999999999999,move,improve
4894,4,160.67999999999995,1,82.22999999999999,swap,notBad
4895,4,160.67999999999995,1,82.22999999999999,swap,notBad
4896,4,160.67999999999995,1,82.22999999999999,swap,notBad
4897,4,160.67999999999995,1,82.22999999999999,2opt,notBad
4898,4,160.67999999999995,1,82.22999999999999,2opt,notBad
4899,4,160.67999999999995,1,82.22999999999999,swap,notBad
4900,4,160.67999999999995,1,82.22999999999999,move,improve
4901,4,160.67999999999995,1,82.22999999999999,swap,notBad
4902,4,160.67999999999995,1,82.22999999999999,2opt,notBad
4903,4,160.67999999999995,1,82.22999999999999,swap,notBad
4904,4,160.67999999999995,1,82.22999999999999,2opt,improve
4905,4,160.67999999999995,1,82.22999999999999,move,improve
4906,4,160.67999999999995,1,82.22999999999999,swap,notBad
4907,4,162.62999999999994,1,82.22999999999999,swap,acceptBad
4908,4,165.74999999999991,1,82.22999999999999,swap,acceptBad
4909,4,165.74999999999991,1,82.22999999999999,move,improve
4910,4,159.68999999999994,1,82.22999999999999,move,improve
4911,4,159.68999999999994,1,82.22999999999999,2opt,notBad
4912,4,159.68999999999994,1,82.22999999999999,2opt,notBad
4913,4,159.68999999999994,1,82.22999999999999,move,improve
4914,4,159.68999999999994,1,82.22999999999999,2opt,notBad
4915,4,159.68999999999994,1,82.22999999999999,2opt,notBad
4916,4,159.68999999999994,1,82.22999999999999,2opt,notBad
4917,4,159.68999999999994,1,82.22999999999999,2opt,notBad
4918,4,159.68999999999994,1,82.22999999999999,2opt,notBad
4919,4,159.68999999999994,1,82.22999999999999,swap,notBad
4920,4,159.68999999999994,1,82.22999999999999,move,improve
4921,4,157.73999999999992,1,82.22999999999999,move,improve
4922,4,157.73999999999992,1,82.22999999999999,swap,notBad
4923,4,157.73999999999992,1,82.22999999999999,move,improve
4924,4,157.73999999999992,1,82.22999999999999,move,improve
4925,4,157.73999999999992,1,82.22999999999999,swap,notBad
4926,4,157.73999999999992,1,82.22999999999999,move,improve
4927,4,157.73999999999992,1,82.22999999999999,2opt,notBad
4928,4,157.73999999999992,1,82.22999999999999,swap,notBad
4929,4,157.73999999999992,1,82.22999999999999,move,improve
4930,4,157.73999999999992,1,82.22999999999999,2opt,notBad
4931,4,157.73999999999992,1,82.22999999999999,swap,notBad
4932,4,157.73999999999992,1,82.22999999999999,move,improve
4933,4,157.73999999999992,1,82.22999999999999,move,improve
4934,4,157.73999999999992,1,82.22999999999999,2opt,notBad
4935,4,157.73999999999992,1,82.22999999999999,move,improve
4936,4,157.73999999999992,1,82.22999999999999,move,improve
4937,4,154.91999999999993,1,82.22999999999999,move,improve
4938,4,154.91999999999993,1,82.22999999999999,move,improve
4939,4,154.91999999999993,1,82.22999999999999,swap,notBad
4940,4,154.91999999999993,1,82.22999999999999,2opt,notBad
4941,4,154.91999999999993,1,82.22999999999999,swap,notBad
4942,4,154.91999999999993,1,82.22999999999999,swap,notBad
4943,4,154.91999999999993,1,82.22999999999999,move,improve
4944,4,154.91999999999993,1,82.22999999999999,swap,notBad
4945,4,154.91999999999993,1,82.22999999999999,swap,notBad
4946,4,154.91999999999993,1,82.22999999999999,move,improve
4947,4,154.91999999999993,1,82.22999999999999,move,notBad
4948,4,154.91999999999993,1,82.22999999999999,swap,notBad
4949,4,154.91999999999993,1,82.22999999999999,swap,notBad
4950,4,154.91999999999993,1,82.22999999999999,swap,notBad
4951,4,156.68999999999994,1,82.22999999999999,swap,acceptBad
4952,4,152.36999999999995,1,82.22999999999999,move,improve
4953,4,152.36999999999995,1,82.22999999999999,2opt,notBad
4954,4,152.36999999999995,1,82.22999999999999,move,improve
4955,4,152.36999999999995,1,82.22999999999999,move,improve
4956,4,152.36999999999995,1,82.22999999999999,move,improve
4957,4,152.36999999999995,1,82.22999999999999,2opt,notBad
4958,4,153.63000000000034,1,82.22999999999999,swap,acceptBad
4959,4,153.63000000000034,1,82.22999999999999,2opt,notBad
4960,4,153.63000000000034,1,82.22999999999999,swap,notBad
4961,4,153.63000000000034,1,82.22999999999999,swap,notBad
4962,4,153.63000000000034,1,82.22999999999999,move,improve
4963,4,153.63000000000034,1,82.22999999999999,swap,notBad
4964,4,153.63000000000034,1,82.22999999999999,move,improve
4965,4,156.48000000000008,1,82.22999999999999,swap,acceptBad
4966,4,156.48000000000008,1,82.22999999999999,swap,notBad
4967,4,156.48000000000008,1,82.22999999999999,swap,notBad
4968,4,156.48000000000008,1,82.22999999999999,swap,notBad
4969,4,156.48000000000008,1,82.22999999999999,2opt,notBad
4970,4,156.48000000000008,1,82.22999999999999,swap,notBad
4971,4,156.48000000000008,1,82.22999999999999,2opt,notBad
4972,4,159.63000000000008,1,82.22999999999999,swap,acceptBad
4973,4,159.63000000000008,1,82.22999999999999,2opt,notBad
4974,4,159.63000000000008,1,82.22999999999999,move,improve
4975,4,159.63000000000008,1,82.22999999999999,move,improve
4976,4,159.63000000000008,1,82.22999999999999,swap,notBad
4977,4,159.63000000000008,1,82.22999999999999,swap,notBad
4978,4,155.43000000000006,1,82.22999999999999,move,improve
4979,4,155.43000000000006,1,82.22999999999999,move,improve
4980,4,155.43000000000006,1,82.22999999999999,swap,notBad
4981,4,152.2800000000001,1,82.22999999999999,move,improve
4982,4,152.2800000000001,1,82.22999999999999,move,improve
4983,4,148.95000000000007,1,82.22999999999999,move,improve
4984,4,148.95000000000007,1,82.22999999999999,move,improve
4985,4,148.95000000000007,1,82.22999999999999,2opt,notBad
4986,4,148.95000000000007,1,82.22999999999999,move,improve
4987,4,148.95000000000007,1,82.22999999999999,move,improve
4988,4,148.95000000000007,1,82.22999999999999,swap,notBad
4989,4,148.95000000000007,1,82.22999999999999,2opt,improve
4990,4,148.95000000000007,1,82.22999999999999,swap,notBad
4991,4,148.95000000000007,1,82.22999999999999,swap,notBad
4992,4,148.95000000000007,1,82.22999999999999,2opt,notBad
4993,4,148.95000000000007,1,82.22999999999999,2opt,notBad
4994,4,148.95000000000007,1,82.22999999999999,swap,notBad
4995,4,148.95000000000007,1,82.22999999999999,swap,notBad
4996,4,148.95000000000007,1,82.22999999999999,move,improve
4997,4,148.95000000000007,1,82.22999999999999,move,improve
4998,4,148.95000000000007,1,82.22999999999999,2opt,notBad
4999,4,148.95000000000007,1,82.22999999999999,move,improve
5000,4,148.95000000000007,1,82.22999999999999,swap,notBad
5001,4,148.95000000000007,1,82.22999999999999,2opt,notBad
5002,4,148.95000000000007,1,82.22999999999999,move,improve
5003,4,148.95000000000007,1,82.22999999999999,swap,notBad
5004,4,148.32000000000005,1,82.22999999999999,swap,improve
5005,4,148.32000000000005,1,82.22999999999999,swap,notBad
5006,4,151.5300000000001,1,82.22999999999999,swap,acceptBad
5007,4,153.36000000000007,1,82.22999999999999,swap,acceptBad
5008,4,153.36000000000007,1,82.22999999999999,swap,notBad
5009,4,153.36000000000007,1,82.22999999999999,swap,notBad
5010,4,153.36000000000007,1,82.22999999999999,swap,notBad
5011,4,153.36000000000007,1,82.22999999999999,move,improve
5012,4,153.36000000000007,1,82.22999999999999,swap,notBad
5013,4,153.36000000000007,1,82.22999999999999,swap,notBad
5014,4,153.36000000000007,1,82.22999999999999,2opt,notBad
5015,4,153.36000000000007,1,82.22999999999999,move,improve
5016,4,153.36000000000007,1,82.22999999999999,swap,notBad
5017,4,153.36000000000007,1,82.22999999999999,swap,notBad
5018,4,153.36000000000007,1,82.22999999999999,move,improve
5019,4,153.36000000000007,1,82.22999999999999,swap,notBad
5020,4,153.36000000000007,1,82.22999999999999,swap,notBad
5021,4,153.36000000000007,1,82.22999999999999,2opt,notBad
5022,4,153.36000000000007,1,82.22999999999999,swap,notBad
5023,4,157.56000000000006,1,82.22999999999999,swap,acceptBad
5024,4,158.67000000000007,1,82.22999999999999,swap,acceptBad
5025,4,158.67000000000007,1,82.22999999999999,2opt,notBad
5026,4,158.67000000000007,1,82.22999999999999,2opt,notBad
5027,4,158.67000000000007,1,82.22999999999999,2opt,notBad
5028,4,158.67000000000007,1,82.22999999999999,move,improve
5029,4,158.67000000000007,1,82.22999999999999,move,improve
5030,4,158.67000000000007,1,82.22999999999999,2opt,notBad
5031,4,158.67000000000007,1,82.22999999999999,2opt,notBad
5032,4,157.74000000000007,1,82.22999999999999,move,improve
5033,4,157.74000000000007,1,82.22999999999999,move,improve
5034,4,157.74000000000007,1,82.22999999999999,2opt,notBad
5035,4,157.74000000000007,1,82.22999999999999,swap,notBad
5036,4,157.74000000000007,1,82.22999999999999,move,improve
5037,4,156.99000000000007,1,82.22999999999999,move,improve
5038,4,156.99000000000007,1,82.22999999999999,swap,notBad
5039,4,156.99000000000007,1,82.22999999999999,move,improve
5040,4,156.99000000000007,1,82.22999999999999,2opt,notBad
5041,4,156.99000000000007,1,82.22999999999999,move,improve
5042,4,156.99000000000007,1,82.22999999999999,move,improve
5043,4,156.99000000000007,1,82.22999999999999,2opt,notBad
5044,4,156.99000000000007,1,82.22999999999999,move,improve
5045,4,156.99000000000007,1,82.22999999999999,swap,notBad
5046,4,156.99000000000007,1,82.22999999999999,swap,notBad
5047,4,157.62000000000006,1,82.22999999999999,swap,acceptBad
5048,4,157.62000000000006,1,82.22999999999999,swap,notBad
5049,4,157.62000000000006,1,82.22999999999999,move,improve
5050,4,157.62000000000006,1,82.22999999999999,move,improve
5051,4,157.62000000000006,1,82.22999999999999,swap,notBad
5052,4,152.82000000000005,1,82.22999999999999,move,improve
5053,4,152.82000000000005,1,82.22999999999999,move,improve
5054,4,152.82000000000005,1,82.22999999999999,move,improve
5055,4,152.82000000000005,1,82.22999999999999,move,improve
5056,4,152.82000000000005,1,82.22999999999999,move,improve
5057,4,152.82000000000005,1,82.22999999999999,move,improve
5058,4,152.82000000000005,1,82.22999999999999,move,improve
5059,4,152.82000000000005,1,82.22999999999999,move,improve
5060,4,152.82000000000005,1,82.22999999999999,2opt,notBad
5061,4,152.82000000000005,1,82.22999999999999,2opt,notBad
5062,4,152.82000000000005,1,82.22999999999999,swap,notBad
5063,4,152.82000000000005,1,82.22999999999999,move,notBad
5064,4,152.82000000000005,1,82.22999999999999,move,improve
5065,4,152.82000000000005,1,82.22999999999999,2opt,notBad
5066,4,152.82000000000005,1,82.22999999999999,move,improve
5067,4,152.82000000000005,1,82.22999999999999,move,improve
5068,4,152.82000000000005,1,82.22999999999999,move,improve
5069,4,152.82000000000005,1,82.22999999999999,swap,notBad
5070,4,152.82000000000005,1,82.22999999999999,swap,notBad
5071,4,152.82000000000005,1,82.22999999999999,swap,notBad
5072,4,152.82000000000005,1,82.22999999999999,2opt,notBad
5073,4,152.82000000000005,1,82.22999999999999,move,improve
5074,4,152.82000000000005,1,82.22999999999999,move,improve
5075,4,152.82000000000005,1,82.22999999999999,move,improve
5076,4,153.60000000000008,1,82.22999999999999,swap,acceptBad
5077,4,153.60000000000008,1,82.22999999999999,swap,notBad
5078,4,153.60000000000008,1,82.22999999999999,2opt,notBad
5079,4,157.9200000000003,1,82.22999999999999,swap,acceptBad
5080,4,157.9200000000003,1,82.22999999999999,swap,notBad
5081,4,157.9200000000003,1,82.22999999999999,swap,notBad
5082,4,157.9200000000003,1,82.22999999999999,swap,notBad
5083,4,155.88000000000008,1,82.22999999999999,2opt,improve
5084,4,155.88000000000008,1,82.22999999999999,swap,notBad
5085,4,156.3900000000001,1,82.22999999999999,swap,acceptBad
5086,4,156.3900000000001,1,82.22999999999999,move,improve
5087,4,156.3900000000001,1,82.22999999999999,move,improve
5088,4,156.3900000000001,1,82.22999999999999,move,improve
5089,4,152.64000000000007,1,82.22999999999999,move,improve
5090,4,152.64000000000007,1,82.22999999999999,swap,notBad
5091,4,152.64000000000007,1,82.22999999999999,swap,notBad
5092,4,152.64000000000007,1,82.22999999999999,move,improve
5093,4,152.64000000000007,1,82.22999999999999,2opt,notBad
5094,4,152.3100000000001,1,82.22999999999999,swap,improve
5095,4,152.3100000000001,1,82.22999999999999,2opt,notBad
5096,4,152.3100000000001,1,82.22999999999999,swap,notBad
5097,4,152.3100000000001,1,82.22999999999999,2opt,notBad
5098,4,152.3100000000001,1,82.22999999999999,swap,notBad
5099,4,152.3100000000001,1,82.22999999999999,swap,notBad
5100,4,152.3100000000001,1,82.22999999999999,move,improve
5101,4,152.3100000000001,1,82.22999999999999,2opt,notBad
5102,4,152.3100000000001,1,82.22999999999999,swap,notBad
5103,4,152.3100000000001,1,82.22999999999999,move,improve
5104,4,152.3100000000001,1,82.22999999999999,2opt,notBad
5105,4,152.3100000000001,1,82.22999999999999,move,improve
5106,4,152.3100000000001,1,82.22999999999999,move,improve
5107,4,152.3100000000001,1,82.22999999999999,move,improve
5108,4,152.3100000000001,1,82.22999999999999,2opt,notBad
5109,4,152.3100000000001,1,82.22999999999999,move,improve
5110,4,152.3100000000001,1,82.22999999999999,2opt,notBad
5111,4,152.3100000000001,1,82.22999999999999,swap,notBad
5112,4,153.0900000000001,1,82.22999999999999,2opt,acceptBad
5113,4,153.0900000000001,1,82.22999999999999,2opt,notBad
5114,4,153.0900000000001,1,82.22999999999999,2opt,notBad
5115,4,152.04000000000008,1,82.22999999999999,move,improve
5116,4,152.04000000000008,1,82.22999999999999,swap,notBad
5117,4,152.04000000000008,1,82.22999999999999,2opt,notBad
5118,4,152.04000000000008,1,82.22999999999999,2opt,notBad
5119,4,152.04000000000008,1,82.22999999999999,move,improve
5120,4,152.04000000000008,1,82.22999999999999,2opt,notBad
5121,4,152.04000000000008,1,82.22999999999999,move,improve
5122,4,152.04000000000008,1,82.22999999999999,swap,notBad
5123,4,152.04000000000008,1,82.22999999999999,swap,notBad
5124,4,152.04000000000008,1,82.22999999999999,move,improve
5125,4,152.04000000000008,1,82.22999999999999,swap,notBad
5126,4,152.04000000000008,1,82.22999999999999,2opt,notBad
5127,4,152.04000000000008,1,82.22999999999999,move,improve
5128,4,152.04000000000008,1,82.22999999999999,move,improve
5129,4,152.04000000000008,1,82.22999999999999,swap,notBad
5130,4,152.73000000000008,1,82.22999999999999,swap,acceptBad
5131,4,152.73000000000008,1,82.22999999999999,move,improve
5132,4,152.73000000000008,1,82.22999999999999,swap,notBad
5133,4,152.73000000000008,1,82.22999999999999,move,improve
5134,4,152.73000000000008,1,82.22999999999999,2opt,notBad
5135,4,152.73000000000008,1,82.22999999999999,swap,notBad
5136,4,152.73000000000008,1,82.22999999999999,2opt,notBad
5137,4,152.73000000000008,1,82.22999999999999,swap,notBad
5138,4,152.73000000000008,1,82.22999999999999,move,improve
5139,4,152.73000000000008,1,82.22999999999999,swap,notBad
5140,4,152.73000000000008,1,82.22999999999999,2opt,notBad
5141,4,152.73000000000008,1,82.22999999999999,move,improve
5142,4,152.73000000000008,1,82.22999999999999,2opt,improve
5143,4,152.73000000000008,1,82.22999999999999,2opt,notBad
5144,4,152.73000000000008,1,82.22999999999999,move,improve
5145,4,152.73000000000008,1,82.22999999999999,2opt,notBad
5146,4,152.73000000000008,1,82.22999999999999,move,improve
5147,4,152.73000000000008,1,82.22999999999999,2opt,notBad
5148,4,152.73000000000008,1,82.22999999999999,swap,notBad
5149,4,152.73000000000008,1,82.22999999999999,swap,notBad
5150,4,153.87000000000006,1,82.22999999999999,swap,acceptBad
5151,4,153.87000000000006,1,82.22999999999999,2opt,notBad
5152,4,153.87000000000006,1,82.22999999999999,swap,notBad
5153,4,153.87000000000006,1,82.22999999999999,swap,notBad
5154,4,153.87000000000006,1,82.22999999999999,2opt,notBad
5155,4,153.87000000000006,1,82.22999999999999,2opt,notBad
5156,4,153.87000000000006,1,82.22999999999999,2opt,notBad
5157,4,153.87000000000006,1,82.22999999999999,swap,notBad
5158,4,153.87000000000006,1,82.22999999999999,swap,notBad
5159,4,153.87000000000006,1,82.22999999999999,move,improve
5160,4,153.87000000000006,1,82.22999999999999,2opt,notBad
5161,4,153.87000000000006,1,82.22999999999999,2opt,notBad
5162,4,153.87000000000006,1,82.22999999999999,2opt,improve
5163,4,153.87000000000006,1,82.22999999999999,swap,notBad
5164,4,152.1900000000001,1,82.22999999999999,move,improve
5165,4,152.1900000000001,1,82.22999999999999,2opt,notBad
5166,4,152.1900000000001,1,82.22999999999999,move,improve
5167,4,152.1900000000001,1,82.22999999999999,2opt,notBad
5168,4,152.1900000000001,1,82.22999999999999,swap,notBad
5169,4,152.1900000000001,1,82.22999999999999,swap,notBad
5170,4,152.1900000000001,1,82.22999999999999,swap,notBad
5171,4,149.82000000000005,1,82.22999999999999,move,improve
5172,4,149.82000000000005,1,82.22999999999999,move,improve
5173,4,149.82000000000005,1,82.22999999999999,move,improve
5174,4,149.82000000000005,1,82.22999999999999,swap,notBad
5175,4,149.82000000000005,1,82.22999999999999,swap,notBad
5176,4,149.82000000000005,1,82.22999999999999,move,improve
5177,4,149.82000000000005,1,82.22999999999999,swap,notBad
5178,4,149.82000000000005,1,82.22999999999999,move,improve
5179,4,149.04000000000008,1,82.22999999999999,move,improve
5180,4,149.04000000000008,1,82.22999999999999,2opt,notBad
5181,4,149.04000000000008,1,82.22999999999999,2opt,notBad
5182,4,149.04000000000008,1,82.22999999999999,2opt,notBad
5183,4,149.04000000000008,1,82.22999999999999,swap,notBad
5184,4,149.04000000000008,1,82.22999999999999,move,improve
5185,4,149.04000000000008,1,82.22999999999999,swap,notBad
5186,4,149.04000000000008,1,82.22999999999999,swap,notBad
5187,4,149.5799999999997,1,82.22999999999999,2opt,acceptBad
5188,4,149.5799999999997,1,82.22999999999999,swap,notBad
5189,4,149.5799999999997,1,82.22999999999999,swap,notBad
5190,4,149.5799999999997,1,82.22999999999999,swap,notBad
5191,4,149.5799999999997,1,82.22999999999999,2opt,notBad
5192,4,149.5799999999997,1,82.22999999999999,move,improve
5193,4,149.5799999999997,1,82.22999999999999,move,improve
5194,4,149.5799999999997,1,82.22999999999999,move,improve
5195,4,149.5799999999997,1,82.22999999999999,swap,notBad
5196,4,149.5799999999997,1,82.22999999999999,move,improve
5197,4,149.5799999999997,1,82.22999999999999,swap,notBad
5198,4,149.5799999999997,1,82.22999999999999,swap,notBad
5199,4,148.79999999999967,1,82.22999999999999,move,improve
5200,4,148.79999999999967,1,82.22999999999999,swap,notBad
5201,4,148.79999999999967,1,82.22999999999999,2opt,notBad
5202,4,148.79999999999967,1,82.22999999999999,2opt,notBad
5203,4,148.79999999999967,1,82.22999999999999,move,improve
5204,4,148.79999999999967,1,82.22999999999999,2opt,notBad
5205,4,148.79999999999967,1,82.22999999999999,2opt,notBad
5206,4,148.79999999999967,1,82.22999999999999,move,improve
5207,4,148.79999999999967,1,82.22999999999999,move,improve
5208,4,148.79999999999967,1,82.22999999999999,swap,notBad
5209,4,148.79999999999967,1,82.22999999999999,move,improve
5210,4,148.79999999999967,1,82.22999999999999,move,improve
5211,4,148.79999999999967,1,82.22999999999999,swap,notBad
5212,4,148.79999999999967,1,82.22999999999999,swap,notBad
5213,4,148.79999999999967,1,82.22999999999999,2opt,improve
5214,4,148.79999999999967,1,82.22999999999999,2opt,notBad
5215,4,148.79999999999967,1,82.22999999999999,move,improve
5216,4,148.79999999999967,1,82.22999999999999,swap,notBad
5217,4,148.79999999999967,1,82.22999999999999,swap,notBad
5218,4,148.79999999999967,1,82.22999999999999,2opt,notBad
5219,4,148.79999999999967,1,82.22999999999999,swap,notBad
5220,4,148.79999999999967,1,82.22999999999999,move,improve
5221,4,152.0099999999997,1,82.22999999999999,swap,acceptBad
5222,4,152.0099999999997,1,82.22999999999999,swap,notBad
5223,4,152.0099999999997,1,82.22999999999999,move,improve
5224,4,152.0099999999997,1,82.22999999999999,swap,notBad
5225,4,152.0099999999997,1,82.22999999999999,2opt,notBad
5226,4,152.0099999999997,1,82.22999999999999,swap,notBad
5227,4,152.0099999999997,1,82.22999999999999,move,improve
5228,4,152.0099999999997,1,82.22999999999999,move,notBad
5229,4,152.0099999999997,1,82.22999999999999,swap,notBad
5230,4,152.0099999999997,1,82.22999999999999,swap,notBad
5231,4,151.62000000000006,1,82.22999999999999,move,improve
5232,4,151.62000000000006,1,82.22999999999999,move,improve
5233,4,151.62000000000006,1,82.22999999999999,2opt,notBad
5234,4,149.73000000000008,1,82.22999999999999,move,improve
5235,4,149.73000000000008,1,82.22999999999999,2opt,notBad
5236,4,149.73000000000008,1,82.22999999999999,2opt,notBad
5237,4,149.04000000000008,1,82.22999999999999,move,improve
5238,4,149.04000000000008,1,82.22999999999999,2opt,notBad
5239,4,149.04000000000008,1,82.22999999999999,swap,notBad
5240,4,149.04000000000008,1,82.22999999999999,swap,notBad
5241,4,149.04000000000008,1,82.22999999999999,swap,notBad
5242,4,149.04000000000008,1,82.22999999999999,2opt,notBad
5243,4,149.04000000000008,1,82.22999999999999,2opt,notBad
5244,4,149.04000000000008,1,82.22999999999999,swap,notBad
5245,4,149.04000000000008,1,82.22999999999999,move,improve
5246,4,149.04000000000008,1,82.22999999999999,2opt,notBad
5247,4,149.04000000000008,1,82.22999999999999,2opt,notBad
5248,4,149.04000000000008,1,82.22999999999999,swap,notBad
5249,4,149.04000000000008,1,82.22999999999999,move,improve
5250,4,149.04000000000008,1,82.22999999999999,swap,notBad
5251,4,149.04000000000008,1,82.22999999999999,swap,notBad
5252,4,149.04000000000008,1,82.22999999999999,2opt,notBad
5253,4,149.04000000000008,1,82.22999999999999,2opt,notBad
5254,4,149.04000000000008,1,82.22999999999999,swap,notBad
5255,4,149.04000000000008,1,82.22999999999999,2opt,notBad
5256,4,149.04000000000008,1,82.22999999999999,move,improve
5257,4,149.04000000000008,1,82.22999999999999,move,improve
5258,4,149.04000000000008,1,82.22999999999999,2opt,improve
5259,4,149.04000000000008,1,82.22999999999999,2opt,notBad
5260,4,149.04000000000008,1,82.22999999999999,swap,notBad
5261,4,149.04000000000008,1,82.22999999999999,move,improve
5262,4,149.04000000000008,1,82.22999999999999,2opt,notBad
5263,4,149.04000000000008,1,82.22999999999999,swap,notBad
5264,4,149.04000000000008,1,82.22999999999999,swap,notBad
5265,4,149.04000000000008,1,82.22999999999999,2opt,notBad
5266,4,149.04000000000008,1,82.22999999999999,2opt,notBad
5267,4,149.04000000000008,1,82.22999999999999,2opt,notBad
5268,4,149.04000000000008,1,82.22999999999999,2opt,notBad
5269,4,149.04000000000008,1,82.22999999999999,move,improve
5270,4,149.04000000000008,1,82.22999999999999,swap,notBad
5271,4,149.04000000000008,1,82.22999999999999,move,improve
5272,4,149.04000000000008,1,82.22999999999999,2opt,notBad
5273,4,149.04000000000008,1,82.22999999999999,2opt,notBad
5274,4,149.04000000000008,1,82.22999999999999,swap,notBad
5275,4,149.04000000000008,1,82.22999999999999,move,improve
5276,4,149.04000000000008,1,82.22999999999999,move,improve
5277,4,149.04000000000008,1,82.22999999999999,move,improve
5278,4,149.04000000000008,1,82.22999999999999,2opt,notBad
5279,4,148.9500000000001,1,82.22999999999999,2opt,improve
5280,4,148.9500000000001,1,82.22999999999999,swap,notBad
5281,4,148.9500000000001,1,82.22999999999999,swap,notBad
5282,4,148.9500000000001,1,82.22999999999999,move,improve
5283,4,148.9500000000001,1,82.22999999999999,move,improve
5284,4,148.9500000000001,1,82.22999999999999,move,improve
5285,4,148.9500000000001,1,82.22999999999999,move,improve
5286,4,148.9500000000001,1,82.22999999999999,2opt,notBad
5287,4,148.9500000000001,1,82.22999999999999,2opt,notBad
5288,4,148.9500000000001,1,82.22999999999999,2opt,improve
5289,4,148.9500000000001,1,82.22999999999999,move,improve
5290,4,148.9500000000001,1,82.22999999999999,move,improve
5291,4,148.9500000000001,1,82.22999999999999,2opt,notBad
5292,4,148.9500000000001,1,82.22999999999999,swap,notBad
5293,4,148.9500000000001,1,82.22999999999999,swap,notBad
5294,4,148.9500000000001,1,82.22999999999999,2opt,notBad
5295,4,148.9500000000001,1,82.22999999999999,2opt,notBad
5296,4,148.9500000000001,1,82.22999999999999,move,improve
5297,4,148.9500000000001,1,82.22999999999999,swap,notBad
5298,4,148.9500000000001,1,82.22999999999999,2opt,improve
5299,4,148.9500000000001,1,82.22999999999999,2opt,notBad
5300,4,148.9500000000001,1,82.22999999999999,swap,notBad
5301,4,148.9500000000001,1,82.22999999999999,move,improve
5302,4,148.9500000000001,1,82.22999999999999,2opt,notBad
5303,4,148.9500000000001,1,82.22999999999999,2opt,notBad
5304,4,148.9500000000001,1,82.22999999999999,2opt,notBad
5305,4,148.9500000000001,1,82.22999999999999,move,improve
5306,4,148.9500000000001,1,82.22999999999999,2opt,notBad
5307,4,148.9500000000001,1,82.22999999999999,swap,notBad
5308,4,148.9500000000001,1,82.22999999999999,swap,notBad
5309,4,155.90000000000015,1,82.22999999999999,move,acceptBad
5310,4,155.90000000000015,1,82.22999999999999,move,improve
5311,4,155.90000000000015,1,82.22999999999999,move,improve
5312,4,155.90000000000015,1,82.22999999999999,2opt,notBad
5313,4,155.90000000000015,1,82.22999999999999,swap,notBad
5314,4,155.90000000000015,1,82.22999999999999,swap,notBad
5315,4,155.90000000000015,1,82.22999999999999,move,improve
5316,4,155.90000000000015,1,82.22999999999999,move,improve
5317,4,155.90000000000015,1,82.22999999999999,2opt,notBad
5318,4,155.90000000000015,1,82.22999999999999,move,improve
5319,4,155.90000000000015,1,82.22999999999999,swap,notBad
5320,4,155.90000000000015,1,82.22999999999999,2opt,notBad
5321,4,155.90000000000015,1,82.22999999999999,2opt,notBad
5322,4,155.90000000000015,1,82.22999999999999,move,improve
5323,4,155.90000000000015,1,82.22999999999999,move,improve
5324,4,155.90000000000015,1,82.22999999999999,2opt,notBad
5325,4,155.90000000000015,1,82.22999999999999,swap,notBad
5326,4,155.90000000000015,1,82.22999999999999,2opt,notBad
5327,4,155.90000000000015,1,82.22999999999999,move,improve
5328,4,155.90000000000015,1,82.22999999999999,2opt,notBad
5329,4,155.90000000000015,1,82.22999999999999,swap,notBad
5330,4,155.90000000000015,1,82.22999999999999,move,improve
5331,4,155.90000000000015,1,82.22999999999999,2opt,notBad
5332,4,155.90000000000015,1,82.22999999999999,2opt,notBad
5333,4,155.90000000000015,1,82.22999999999999,swap,notBad
5334,4,155.90000000000015,1,82.22999999999999,swap,notBad
5335,4,155.90000000000015,1,82.22999999999999,2opt,notBad
5336,4,155.90000000000015,1,82.22999999999999,move,improve
5337,4,155.90000000000015,1,82.22999999999999,2opt,improve
5338,4,155.90000000000015,1,82.22999999999999,swap,notBad
5339,4,155.66000000000014,1,82.22999999999999,move,improve
5340,4,156.44000000000014,1,82.22999999999999,swap,acceptBad
5341,4,156.44000000000014,1,82.22999999999999,move,improve
5342,4,156.44000000000014,1,82.22999999999999,2opt,notBad
5343,4,156.44000000000014,1,82.22999999999999,swap,notBad
5344,4,156.44000000000014,1,82.22999999999999,2opt,notBad
5345,4,156.44000000000014,1,82.22999999999999,move,improve
5346,4,156.44000000000014,1,82.22999999999999,move,improve
5347,4,156.44000000000014,1,82.22999999999999,move,improve
5348,4,155.66000000000014,1,82.22999999999999,move,improve
5349,4,155.66000000000014,1,82.22999999999999,swap,notBad
5350,4,155.66000000000014,1,82.22999999999999,swap,notBad
5351,4,155.66000000000014,1,82.22999999999999,move,improve
5352,4,155.66000000000014,1,82.22999999999999,swap,notBad
5353,4,155.66000000000014,1,82.22999999999999,2opt,notBad
5354,4,155.66000000000014,1,82.22999999999999,move,improve
5355,4,155.66000000000014,1,82.22999999999999,swap,notBad
5356,4,155.66000000000014,1,82.22999999999999,move,improve
5357,4,155.66000000000014,1,82.22999999999999,move,improve
5358,4,155.27000000000012,1,82.22999999999999,move,improve
5359,4,155.27000000000012,1,82.22999999999999,2opt,notBad
5360,4,155.27000000000012,1,82.22999999999999,move,improve
5361,4,155.27000000000012,1,82.22999999999999,2opt,notBad
5362,4,155.27000000000012,1,82.22999999999999,swap,notBad
5363,4,155.27000000000012,1,82.22999999999999,2opt,notBad
5364,4,155.27000000000012,1,82.22999999999999,2opt,notBad
5365,4,155.27000000000012,1,82.22999999999999,2opt,improve
5366,4,155.27000000000012,1,82.22999999999999,move,improve
5367,4,155.27000000000012,1,82.22999999999999,2opt,notBad
5368,4,155.27000000000012,1,82.22999999999999,2opt,notBad
5369,4,155.27000000000012,1,82.22999999999999,swap,notBad
5370,4,155.90000000000015,1,82.22999999999999,swap,acceptBad
5371,4,155.90000000000015,1,82.22999999999999,move,improve
5372,4,155.90000000000015,1,82.22999999999999,move,improve
5373,4,155.90000000000015,1,82.22999999999999,swap,notBad
5374,4,155.90000000000015,1,82.22999999999999,2opt,notBad
5375,4,155.90000000000015,1,82.22999999999999,move,improve
5376,4,155.66000000000014,1,82.22999999999999,move,improve
5377,4,155.66000000000014,1,82.22999999999999,move,improve
5378,4,155.66000000000014,1,82.22999999999999,move,improve
5379,4,155.66000000000014,1,82.22999999999999,swap,notBad
5380,4,155.66000000000014,1,82.22999999999999,swap,notBad
5381,4,155.66000000000014,1,82.22999999999999,move,improve
5382,4,155.66000000000014,1,82.22999999999999,swap,notBad
5383,4,155.66000000000014,1,82.22999999999999,2opt,improve
5384,4,155.66000000000014,1,82.22999999999999,2opt,notBad
5385,4,155.66000000000014,1,82.22999999999999,2opt,notBad
5386,4,155.66000000000014,1,82.22999999999999,move,improve
5387,4,155.66000000000014,1,82.22999999999999,swap,notBad
5388,4,155.66000000000014,1,82.22999999999999,move,improve
5389,4,155.66000000000014,1,82.22999999999999,2opt,notBad
5390,4,155.66000000000014,1,82.22999999999999,move,improve
5391,4,155.66000000000014,1,82.22999999999999,swap,notBad
5392,4,155.66000000000014,1,82.22999999999999,move,improve
5393,4,155.66000000000014,1,82.22999999999999,swap,notBad
5394,4,155.66000000000014,1,82.22999999999999,move,improve
5395,4,155.66000000000014,1,82.22999999999999,2opt,notBad
5396,4,155.66000000000014,1,82.22999999999999,swap,notBad
5397,4,155.66000000000014,1,82.22999999999999,2opt,notBad
5398,4,155.66000000000014,1,82.22999999999999,swap,notBad
5399,4,155.66000000000014,1,82.22999999999999,move,improve
5400,4,155.66000000000014,1,82.22999999999999,2opt,notBad
5401,4,155.66000000000014,1,82.22999999999999,swap,notBad
5402,4,155.66000000000014,1,82.22999999999999,move,improve
5403,4,155.66000000000014,1,82.22999999999999,2opt,notBad
5404,4,155.5100000000005,1,82.22999999999999,2opt,improve
5405,4,155.5100000000005,1,82.22999999999999,2opt,notBad
5406,4,155.5100000000005,1,82.22999999999999,swap,notBad
5407,4,155.5100000000005,1,82.22999999999999,move,improve
5408,4,155.5100000000005,1,82.22999999999999,2opt,notBad
5409,4,155.5100000000005,1,82.22999999999999,move,improve
5410,4,155.5100000000005,1,82.22999999999999,move,improve
5411,4,155.5100000000005,1,82.22999999999999,2opt,notBad
5412,4,155.5100000000005,1,82.22999999999999,move,improve
5413,4,155.5100000000005,1,82.22999999999999,move,improve
5414,4,155.5100000000005,1,82.22999999999999,move,improve
5415,4,155.5100000000005,1,82.22999999999999,2opt,notBad
5416,4,155.30000000000015,1,82.22999999999999,move,improve
5417,4,155.30000000000015,1,82.22999999999999,2opt,notBad
5418,4,155.30000000000015,1,82.22999999999999,2opt,notBad
5419,4,148.35000000000008,1,82.22999999999999,move,improve
5420,4,148.50000000000009,1,82.22999999999999,2opt,acceptBad
5421,4,148.50000000000009,1,82.22999999999999,move,improve
5422,4,148.50000000000009,1,82.22999999999999,2opt,notBad
5423,4,148.50000000000009,1,82.22999999999999,2opt,notBad
5424,4,148.50000000000009,1,82.22999999999999,swap,notBad
5425,4,148.50000000000009,1,82.22999999999999,swap,notBad
5426,4,148.50000000000009,1,82.22999999999999,swap,notBad
5427,4,148.50000000000009,1,82.22999999999999,2opt,notBad
5428,4,148.50000000000009,1,82.22999999999999,swap,notBad
5429,4,148.50000000000009,1,82.22999999999999,2opt,notBad
5430,4,148.50000000000009,1,82.22999999999999,move,improve
5431,4,148.50000000000009,1,82.22999999999999,swap,notBad
5432,4,148.50000000000009,1,82.22999999999999,swap,notBad
5433,4,148.50000000000009,1,82.22999999999999,move,improve
5434,4,148.50000000000009,1,82.22999999999999,move,improve
5435,4,149.58000000000033,1,82.22999999999999,swap,acceptBad
5436,4,149.58000000000033,1,82.22999999999999,move,improve
5437,4,149.58000000000033,1,82.22999999999999,swap,notBad
5438,4,149.58000000000033,1,82.22999999999999,2opt,improve
5439,4,149.58000000000033,1,82.22999999999999,2opt,notBad
5440,4,149.58000000000033,1,82.22999999999999,move,improve
5441,4,149.58000000000033,1,82.22999999999999,swap,notBad
5442,4,147.63000000000034,1,82.22999999999999,move,improve
5443,4,147.63000000000034,1,82.22999999999999,2opt,notBad
5444,4,147.63000000000034,1,82.22999999999999,swap,notBad
5445,4,147.63000000000034,1,82.22999999999999,2opt,improve
5446,4,147.63000000000034,1,82.22999999999999,swap,notBad
5447,4,147.63000000000034,1,82.22999999999999,2opt,improve
5448,4,147.63000000000034,1,82.22999999999999,swap,notBad
5449,4,147.63000000000034,1,82.22999999999999,2opt,notBad
5450,4,147.63000000000034,1,82.22999999999999,swap,notBad
5451,4,149.58000000000033,1,82.22999999999999,swap,acceptBad
5452,4,149.58000000000033,1,82.22999999999999,2opt,notBad
5453,4,149.58000000000033,1,82.22999999999999,move,improve
5454,4,149.58000000000033,1,82.22999999999999,2opt,notBad
5455,4,149.43000000000032,1,82.22999999999999,2opt,improve
5456,4,149.43000000000032,1,82.22999999999999,2opt,notBad
5457,4,149.43000000000032,1,82.22999999999999,2opt,notBad
5458,4,149.43000000000032,1,82.22999999999999,move,improve
5459,4,149.43000000000032,1,82.22999999999999,move,improve
5460,4,147.4800000000003,1,82.22999999999999,move,improve
5461,4,147.4800000000003,1,82.22999999999999,2opt,notBad
5462,4,147.4800000000003,1,82.22999999999999,swap,notBad
5463,4,147.4800000000003,1,82.22999999999999,move,improve
5464,4,147.4800000000003,1,82.22999999999999,2opt,improve
5465,4,147.4800000000003,1,82.22999999999999,move,improve
5466,4,147.4800000000003,1,82.22999999999999,swap,notBad
5467,4,147.09000000000032,1,82.22999999999999,move,improve
5468,4,147.09000000000032,1,82.22999999999999,2opt,improve
5469,4,147.09000000000032,1,82.22999999999999,2opt,notBad
5470,4,147.09000000000032,1,82.22999999999999,move,improve
5471,4,147.09000000000032,1,82.22999999999999,swap,notBad
5472,4,147.09000000000032,1,82.22999999999999,move,improve
5473,4,147.09000000000032,1,82.22999999999999,2opt,notBad
5474,4,147.09000000000032,1,82.22999999999999,swap,notBad
5475,4,147.09000000000032,1,82.22999999999999,swap,notBad
5476,4,147.09000000000032,1,82.22999999999999,swap,notBad
5477,4,147.09000000000032,1,82.22999999999999,move,improve
5478,4,147.09000000000032,1,82.22999999999999,move,improve
5479,4,147.09000000000032,1,82.22999999999999,2opt,notBad
5480,4,147.09000000000032,1,82.22999999999999,move,improve
5481,4,144.5700000000003,1,82.22999999999999,move,improve
5482,4,144.5700000000003,1,82.22999999999999,move,improve
5483,4,144.5700000000003,1,82.22999999999999,move,improve
5484,4,144.5700000000003,1,82.22999999999999,2opt,notBad
5485,4,144.5700000000003,1,82.22999999999999,swap,notBad
5486,4,144.5700000000003,1,82.22999999999999,2opt,improve
5487,4,144.5700000000003,1,82.22999999999999,move,improve
5488,4,144.5700000000003,1,82.22999999999999,move,improve
5489,4,144.5700000000003,1,82.22999999999999,swap,notBad
5490,4,144.5700000000003,1,82.22999999999999,move,improve
5491,4,144.5700000000003,1,82.22999999999999,2opt,notBad
5492,4,144.5700000000003,1,82.22999999999999,swap,notBad
5493,4,144.5700000000003,1,82.22999999999999,2opt,notBad
5494,4,144.5700000000003,1,82.22999999999999,move,improve
5495,4,144.5700000000003,1,82.22999999999999,move,improve
5496,4,144.5700000000003,1,82.22999999999999,2opt,notBad
5497,4,144.5700000000003,1,82.22999999999999,move,improve
5498,4,144.5700000000003,1,82.22999999999999,swap,notBad
5499,4,144.5700000000003,1,82.22999999999999,2opt,notBad
5500,4,144.5700000000003,1,82.22999999999999,move,improve
5501,4,144.5700000000003,1,82.22999999999999,move,improve
5502,4,144.5700000000003,1,82.22999999999999,2opt,notBad
5503,4,144.5700000000003,1,82.22999999999999,move,improve
5504,4,144.5700000000003,1,82.22999999999999,2opt,notBad
5505,4,144.5700000000003,1,82.22999999999999,2opt,notBad
5506,4,140.39999999999992,1,82.22999999999999,swap,improve
5507,4,140.39999999999992,1,82.22999999999999,swap,notBad
5508,4,140.39999999999992,1,82.22999999999999,move,improve
5509,4,140.39999999999992,1,82.22999999999999,swap,notBad
5510,4,140.39999999999992,1,82.22999999999999,move,improve
5511,4,140.39999999999992,1,82.22999999999999,move,notBad
5512,4,140.39999999999992,1,82.22999999999999,swap,notBad
5513,4,140.39999999999992,1,82.22999999999999,2opt,notBad
5514,4,140.39999999999992,1,82.22999999999999,move,improve
5515,4,140.39999999999992,1,82.22999999999999,2opt,notBad
5516,4,140.39999999999992,1,82.22999999999999,2opt,notBad
5517,4,140.39999999999992,1,82.22999999999999,2opt,notBad
5518,4,140.39999999999992,1,82.22999999999999,2opt,notBad
5519,4,140.39999999999992,1,82.22999999999999,move,improve
5520,4,140.39999999999992,1,82.22999999999999,swap,notBad
5521,4,140.39999999999992,1,82.22999999999999,2opt,notBad
5522,4,140.39999999999992,1,82.22999999999999,move,improve
5523,4,140.39999999999992,1,82.22999999999999,move,improve
5524,4,140.39999999999992,1,82.22999999999999,2opt,notBad
5525,4,140.39999999999992,1,82.22999999999999,swap,notBad
5526,4,140.39999999999992,1,82.22999999999999,2opt,notBad
5527,4,140.39999999999992,1,82.22999999999999,swap,notBad
5528,4,140.39999999999992,1,82.22999999999999,move,improve
5529,4,140.39999999999992,1,82.22999999999999,2opt,notBad
5530,4,140.39999999999992,1,82.22999999999999,move,improve
5531,4,140.39999999999992,1,82.22999999999999,2opt,notBad
5532,4,140.39999999999992,1,82.22999999999999,move,improve
5533,4,140.39999999999992,1,82.22999999999999,2opt,notBad
5534,4,140.39999999999992,1,82.22999999999999,2opt,notBad
5535,4,140.39999999999992,1,82.22999999999999,swap,notBad
5536,4,140.39999999999992,1,82.22999999999999,2opt,improve
5537,4,140.39999999999992,1,82.22999999999999,move,improve
5538,4,140.39999999999992,1,82.22999999999999,move,improve
5539,4,140.39999999999992,1,82.22999999999999,2opt,improve
5540,4,140.39999999999992,1,82.22999999999999,move,improve
5541,4,140.39999999999992,1,82.22999999999999,2opt,improve
5542,4,140.39999999999992,1,82.22999999999999,swap,notBad
5543,4,140.39999999999992,1,82.22999999999999,move,improve
5544,4,140.39999999999992,1,82.22999999999999,2opt,notBad
5545,4,140.39999999999992,1,82.22999999999999,2opt,improve
5546,4,140.39999999999992,1,82.22999999999999,swap,notBad
5547,4,140.39999999999992,1,82.22999999999999,move,improve
5548,4,140.39999999999992,1,82.22999999999999,2opt,notBad
5549,4,140.39999999999992,1,82.22999999999999,move,improve
5550,4,140.39999999999992,1,82.22999999999999,move,improve
5551,4,140.39999999999992,1,82.22999999999999,2opt,notBad
5552,4,140.39999999999992,1,82.22999999999999,swap,notBad
5553,4,140.39999999999992,1,82.22999999999999,2opt,notBad
5554,4,140.39999999999992,1,82.22999999999999,swap,notBad
5555,4,140.39999999999992,1,82.22999999999999,2opt,notBad
5556,4,140.39999999999992,1,82.22999999999999,move,improve
5557,4,140.39999999999992,1,82.22999999999999,swap,notBad
5558,4,140.39999999999992,1,82.22999999999999,move,improve
5559,4,140.39999999999992,1,82.22999999999999,2opt,notBad
5560,4,140.39999999999992,1,82.22999999999999,move,improve
5561,4,140.39999999999992,1,82.22999999999999,swap,notBad
5562,4,140.39999999999992,1,82.22999999999999,move,improve
5563,4,140.39999999999992,1,82.22999999999999,2opt,notBad
5564,4,140.39999999999992,1,82.22999999999999,swap,notBad
5565,4,140.39999999999992,1,82.22999999999999,swap,notBad
5566,4,140.39999999999992,1,82.22999999999999,move,improve
5567,4,140.39999999999992,1,82.22999999999999,2opt,improve
5568,4,140.39999999999992,1,82.22999999999999,2opt,notBad
5569,4,140.39999999999992,1,82.22999999999999,swap,notBad
5570,4,140.39999999999992,1,82.22999999999999,2opt,notBad
5571,4,140.39999999999992,1,82.22999999999999,2opt,notBad
5572,4,140.39999999999992,1,82.22999999999999,move,improve
5573,4,140.39999999999992,1,82.22999999999999,swap,notBad
5574,4,140.39999999999992,1,82.22999999999999,2opt,notBad
5575,4,140.39999999999992,1,82.22999999999999,2opt,notBad
5576,4,140.39999999999992,1,82.22999999999999,swap,notBad
5577,4,140.39999999999992,1,82.22999999999999,swap,notBad
5578,4,140.39999999999992,1,82.22999999999999,2opt,notBad
5579,4,140.39999999999992,1,82.22999999999999,2opt,notBad
5580,4,140.39999999999992,1,82.22999999999999,2opt,notBad
5581,4,142.04999999999967,1,82.22999999999999,swap,acceptBad
5582,4,142.04999999999967,1,82.22999999999999,move,improve
5583,4,142.04999999999967,1,82.22999999999999,swap,notBad
5584,4,142.04999999999967,1,82.22999999999999,2opt,notBad
5585,4,142.04999999999967,1,82.22999999999999,2opt,notBad
5586,4,142.04999999999967,1,82.22999999999999,swap,notBad
5587,4,142.04999999999967,1,82.22999999999999,move,improve
5588,4,142.04999999999967,1,82.22999999999999,2opt,notBad
5589,4,142.04999999999967,1,82.22999999999999,move,improve
5590,4,142.04999999999967,1,82.22999999999999,2opt,notBad
5591,4,142.04999999999967,1,82.22999999999999,move,improve
5592,4,142.04999999999967,1,82.22999999999999,swap,notBad
5593,4,142.04999999999967,1,82.22999999999999,swap,notBad
5594,4,142.04999999999967,1,82.22999999999999,swap,notBad
5595,4,142.04999999999967,1,82.22999999999999,swap,notBad
5596,4,142.04999999999967,1,82.22999999999999,swap,notBad
5597,4,142.04999999999967,1,82.22999999999999,2opt,notBad
5598,4,142.04999999999967,1,82.22999999999999,2opt,notBad
5599,4,142.04999999999967,1,82.22999999999999,move,improve
5600,4,142.04999999999967,1,82.22999999999999,swap,notBad
5601,4,142.04999999999967,1,82.22999999999999,move,improve
5602,4,142.04999999999967,1,82.22999999999999,move,improve
5603,4,142.04999999999967,1,82.22999999999999,move,improve
5604,4,142.04999999999967,1,82.22999999999999,2opt,notBad
5605,4,142.04999999999967,1,82.22999999999999,swap,notBad
5606,4,142.04999999999967,1,82.22999999999999,2opt,notBad
5607,4,142.04999999999967,1,82.22999999999999,swap,notBad
5608,4,142.04999999999967,1,82.22999999999999,move,improve
5609,4,142.04999999999967,1,82.22999999999999,swap,notBad
5610,4,142.04999999999967,1,82.22999999999999,swap,notBad
5611,4,142.04999999999967,1,82.22999999999999,move,improve
5612,4,142.04999999999967,1,82.22999999999999,move,improve
5613,4,142.04999999999967,1,82.22999999999999,2opt,notBad
5614,4,142.04999999999967,1,82.22999999999999,swap,notBad
5615,4,142.04999999999967,1,82.22999999999999,move,improve
5616,4,142.04999999999967,1,82.22999999999999,move,improve
5617,4,142.04999999999967,1,82.22999999999999,swap,notBad
5618,4,142.04999999999967,1,82.22999999999999,swap,notBad
5619,4,142.04999999999967,1,82.22999999999999,2opt,notBad
5620,4,142.04999999999967,1,82.22999999999999,move,improve
5621,4,142.04999999999967,1,82.22999999999999,2opt,notBad
5622,4,142.04999999999967,1,82.22999999999999,swap,notBad
5623,4,142.04999999999967,1,82.22999999999999,2opt,notBad
5624,4,142.04999999999967,1,82.22999999999999,swap,notBad
5625,4,142.04999999999967,1,82.22999999999999,swap,notBad
5626,4,142.04999999999967,1,82.22999999999999,swap,notBad
5627,4,142.04999999999967,1,82.22999999999999,swap,notBad
5628,4,144.8099999999997,1,82.22999999999999,swap,acceptBad
5629,4,144.8099999999997,1,82.22999999999999,move,improve
5630,4,142.04999999999967,1,82.22999999999999,move,improve
5631,4,142.04999999999967,1,82.22999999999999,2opt,notBad
5632,4,142.04999999999967,1,82.22999999999999,2opt,notBad
5633,4,142.04999999999967,1,82.22999999999999,2opt,notBad
5634,4,142.04999999999967,1,82.22999999999999,swap,notBad
5635,4,142.04999999999967,1,82.22999999999999,2opt,notBad
5636,4,142.04999999999967,1,82.22999999999999,2opt,notBad
5637,4,142.04999999999967,1,82.22999999999999,swap,notBad
5638,4,142.04999999999967,1,82.22999999999999,2opt,notBad
5639,4,142.04999999999967,1,82.22999999999999,move,improve
5640,4,142.04999999999967,1,82.22999999999999,move,improve
5641,4,142.04999999999967,1,82.22999999999999,swap,notBad
5642,4,142.04999999999967,1,82.22999999999999,2opt,notBad
5643,4,142.04999999999967,1,82.22999999999999,2opt,notBad
5644,4,142.04999999999967,1,82.22999999999999,move,improve
5645,4,142.04999999999967,1,82.22999999999999,swap,notBad
5646,4,142.04999999999967,1,82.22999999999999,swap,notBad
5647,4,142.04999999999967,1,82.22999999999999,move,improve
5648,4,142.04999999999967,1,82.22999999999999,swap,notBad
5649,4,142.04999999999967,1,82.22999999999999,move,improve
5650,4,142.04999999999967,1,82.22999999999999,move,improve
5651,4,142.04999999999967,1,82.22999999999999,2opt,notBad
5652,4,142.04999999999967,1,82.22999999999999,swap,notBad
5653,4,142.04999999999967,1,82.22999999999999,2opt,notBad
5654,4,142.04999999999967,1,82.22999999999999,2opt,improve
5655,4,142.04999999999967,1,82.22999999999999,move,improve
5656,4,142.04999999999967,1,82.22999999999999,swap,notBad
5657,4,142.04999999999967,1,82.22999999999999,swap,notBad
5658,4,141.26999999999967,1,82.22999999999999,move,improve
5659,4,141.26999999999967,1,82.22999999999999,2opt,notBad
5660,4,141.26999999999967,1,82.22999999999999,move,improve
5661,4,141.26999999999967,1,82.22999999999999,2opt,notBad
5662,4,141.26999999999967,1,82.22999999999999,swap,notBad
5663,4,141.26999999999967,1,82.22999999999999,2opt,improve
5664,4,141.26999999999967,1,82.22999999999999,2opt,notBad
5665,4,141.26999999999967,1,82.22999999999999,move,improve
5666,4,141.26999999999967,1,82.22999999999999,swap,notBad
5667,4,141.26999999999967,1,82.22999999999999,move,improve
5668,4,141.26999999999967,1,82.22999999999999,move,improve
5669,4,141.26999999999967,1,82.22999999999999,move,improve
5670,4,141.26999999999967,1,82.22999999999999,move,improve
5671,4,141.26999999999967,1,82.22999999999999,2opt,notBad
5672,4,141.26999999999967,1,82.22999999999999,swap,notBad
5673,4,141.26999999999967,1,82.22999999999999,2opt,notBad
5674,4,141.26999999999967,1,82.22999999999999,move,improve
5675,4,141.26999999999967,1,82.22999999999999,swap,notBad
5676,4,141.26999999999967,1,82.22999999999999,move,improve
5677,4,141.26999999999967,1,82.22999999999999,move,improve
5678,4,141.26999999999967,1,82.22999999999999,2opt,notBad
5679,4,141.26999999999967,1,82.22999999999999,2opt,notBad
5680,4,141.26999999999967,1,82.22999999999999,swap,notBad
5681,4,141.26999999999967,1,82.22999999999999,2opt,notBad
5682,4,141.26999999999967,1,82.22999999999999,move,improve
5683,4,141.26999999999967,1,82.22999999999999,swap,notBad
5684,4,141.26999999999967,1,82.22999999999999,2opt,notBad
5685,4,141.26999999999967,1,82.22999999999999,move,improve
5686,4,141.26999999999967,1,82.22999999999999,move,improve
5687,4,141.26999999999967,1,82.22999999999999,swap,notBad
5688,4,141.26999999999967,1,82.22999999999999,move,improve
5689,4,141.26999999999967,1,82.22999999999999,move,improve
5690,4,141.26999999999967,1,82.22999999999999,swap,notBad
5691,4,141.26999999999967,1,82.22999999999999,2opt,notBad
5692,4,141.26999999999967,1,82.22999999999999,move,improve
5693,4,141.26999999999967,1,82.22999999999999,move,improve
5694,4,141.26999999999967,1,82.22999999999999,move,improve
5695,4,141.26999999999967,1,82.22999999999999,swap,notBad
5696,4,141.26999999999967,1,82.22999999999999,2opt,notBad
5697,4,141.26999999999967,1,82.22999999999999,2opt,notBad
5698,4,141.26999999999967,1,82.22999999999999,2opt,notBad
5699,4,141.26999999999967,1,82.22999999999999,move,improve
5700,4,141.26999999999967,1,82.22999999999999,2opt,notBad
5701,4,144.39000000000004,1,82.22999999999999,swap,acceptBad
5702,4,144.39000000000004,1,82.22999999999999,swap,notBad
5703,4,144.39000000000004,1,82.22999999999999,2opt,notBad
5704,4,144.39000000000004,1,82.22999999999999,swap,notBad
5705,4,144.39000000000004,1,82.22999999999999,2opt,notBad
5706,4,144.39000000000004,1,82.22999999999999,move,improve
5707,4,144.39000000000004,1,82.22999999999999,swap,notBad
5708,4,144.39000000000004,1,82.22999999999999,swap,notBad
5709,4,144.39000000000004,1,82.22999999999999,2opt,improve
5710,4,144.39000000000004,1,82.22999999999999,move,improve
5711,4,144.39000000000004,1,82.22999999999999,swap,notBad
5712,4,144.39000000000004,1,82.22999999999999,2opt,notBad
5713,4,144.39000000000004,1,82.22999999999999,2opt,notBad
5714,4,144.39000000000004,1,82.22999999999999,move,improve
5715,4,144.39000000000004,1,82.22999999999999,2opt,notBad
5716,4,144.39000000000004,1,82.22999999999999,2opt,notBad
5717,4,144.39000000000004,1,82.22999999999999,swap,notBad
5718,4,144.39000000000004,1,82.22999999999999,2opt,notBad
5719,4,144.39000000000004,1,82.22999999999999,move,improve
5720,4,144.39000000000004,1,82.22999999999999,2opt,notBad
5721,4,144.39000000000004,1,82.22999999999999,2opt,notBad
5722,4,144.39000000000004,1,82.22999999999999,2opt,notBad
5723,4,144.39000000000004,1,82.22999999999999,move,improve
5724,4,144.3299999999997,1,82.22999999999999,2opt,improve
5725,4,143.93999999999969,1,82.22999999999999,swap,improve
5726,4,143.93999999999969,1,82.22999999999999,2opt,notBad
5727,4,143.93999999999969,1,82.22999999999999,2opt,notBad
5728,4,143.93999999999969,1,82.22999999999999,swap,notBad
5729,4,143.93999999999969,1,82.22999999999999,swap,notBad
5730,4,143.93999999999969,1,82.22999999999999,swap,notBad
5731,4,143.93999999999969,1,82.22999999999999,swap,notBad
5732,4,143.93999999999969,1,82.22999999999999,2opt,notBad
5733,4,143.93999999999969,1,82.22999999999999,2opt,notBad
5734,4,143.93999999999969,1,82.22999999999999,swap,notBad
5735,4,143.93999999999969,1,82.22999999999999,swap,notBad
5736,4,143.93999999999969,1,82.22999999999999,2opt,improve
5737,4,143.93999999999969,1,82.22999999999999,2opt,notBad
5738,4,143.93999999999969,1,82.22999999999999,2opt,notBad
5739,4,143.93999999999969,1,82.22999999999999,2opt,notBad
5740,4,143.93999999999969,1,82.22999999999999,2opt,notBad
5741,4,146.66999999999967,1,82.22999999999999,swap,acceptBad
5742,4,146.66999999999967,1,82.22999999999999,2opt,notBad
5743,4,146.66999999999967,1,82.22999999999999,swap,notBad
5744,4,146.66999999999967,1,82.22999999999999,2opt,notBad
5745,4,146.66999999999967,1,82.22999999999999,2opt,notBad
5746,4,146.66999999999967,1,82.22999999999999,swap,notBad
5747,4,146.66999999999967,1,82.22999999999999,2opt,notBad
5748,4,146.66999999999967,1,82.22999999999999,2opt,improve
5749,4,146.66999999999967,1,82.22999999999999,2opt,notBad
5750,4,146.66999999999967,1,82.22999999999999,swap,notBad
5751,4,146.66999999999967,1,82.22999999999999,swap,notBad
5752,4,146.66999999999967,1,82.22999999999999,move,improve
5753,4,146.66999999999967,1,82.22999999999999,2opt,notBad
5754,4,146.66999999999967,1,82.22999999999999,swap,notBad
5755,4,146.66999999999967,1,82.22999999999999,2opt,notBad
5756,4,146.66999999999967,1,82.22999999999999,swap,notBad
5757,4,146.66999999999967,1,82.22999999999999,swap,notBad
5758,4,146.66999999999967,1,82.22999999999999,2opt,notBad
5759,4,146.66999999999967,1,82.22999999999999,move,improve
5760,4,146.66999999999967,1,82.22999999999999,move,improve
5761,4,146.66999999999967,1,82.22999999999999,2opt,notBad
5762,4,146.66999999999967,1,82.22999999999999,swap,notBad
5763,4,146.66999999999967,1,82.22999999999999,2opt,notBad
5764,4,146.66999999999967,1,82.22999999999999,move,improve
5765,4,143.93999999999969,1,82.22999999999999,move,improve
5766,4,143.93999999999969,1,82.22999999999999,swap,notBad
5767,4,143.93999999999969,1,82.22999999999999,2opt,notBad
5768,4,144.7199999999997,1,82.22999999999999,swap,acceptBad
5769,4,143.93999999999969,1,82.22999999999999,move,improve
5770,4,143.93999999999969,1,82.22999999999999,move,improve
5771,4,143.93999999999969,1,82.22999999999999,2opt,notBad
5772,4,143.93999999999969,1,82.22999999999999,move,improve
5773,4,143.93999999999969,1,82.22999999999999,swap,notBad
5774,4,143.93999999999969,1,82.22999999999999,move,improve
5775,4,143.93999999999969,1,82.22999999999999,2opt,notBad
5776,4,143.93999999999969,1,82.22999999999999,swap,notBad
5777,4,143.93999999999969,1,82.22999999999999,move,improve
5778,4,143.93999999999969,1,82.22999999999999,2opt,notBad
5779,4,143.93999999999969,1,82.22999999999999,move,improve
5780,4,143.93999999999969,1,82.22999999999999,swap,notBad
5781,4,143.93999999999969,1,82.22999999999999,move,improve
5782,4,141.26999999999967,1,82.22999999999999,2opt,improve
5783,4,141.26999999999967,1,82.22999999999999,2opt,notBad
5784,4,141.26999999999967,1,82.22999999999999,move,improve
5785,4,141.26999999999967,1,82.22999999999999,move,improve
5786,4,141.26999999999967,1,82.22999999999999,swap,notBad
5787,4,141.26999999999967,1,82.22999999999999,swap,notBad
5788,4,141.26999999999967,1,82.22999999999999,swap,notBad
5789,4,141.26999999999967,1,82.22999999999999,swap,notBad
5790,4,141.26999999999967,1,82.22999999999999,move,improve
5791,4,141.26999999999967,1,82.22999999999999,swap,notBad
5792,4,141.26999999999967,1,82.22999999999999,swap,notBad
5793,4,141.26999999999967,1,82.22999999999999,move,improve
5794,4,141.26999999999967,1,82.22999999999999,2opt,notBad
5795,4,141.26999999999967,1,82.22999999999999,swap,notBad
5796,4,144.39000000000004,1,82.22999999999999,swap,acceptBad
5797,4,144.39000000000004,1,82.22999999999999,swap,notBad
5798,4,144.39000000000004,1,82.22999999999999,2opt,notBad
5799,4,144.39000000000004,1,82.22999999999999,2opt,notBad
5800,4,144.39000000000004,1,82.22999999999999,move,improve
5801,4,144.39000000000004,1,82.22999999999999,move,notBad
5802,4,144.39000000000004,1,82.22999999999999,2opt,notBad
5803,4,144.39000000000004,1,82.22999999999999,2opt,notBad
5804,4,144.39000000000004,1,82.22999999999999,2opt,notBad
5805,4,144.39000000000004,1,82.22999999999999,swap,notBad
5806,4,144.39000000000004,1,82.22999999999999,move,notBad
5807,4,144.39000000000004,1,82.22999999999999,swap,notBad
5808,4,144.39000000000004,1,82.22999999999999,2opt,notBad
5809,4,144.39000000000004,1,82.22999999999999,move,improve
5810,4,144.39000000000004,1,82.22999999999999,swap,notBad
5811,4,144.39000000000004,1,82.22999999999999,swap,notBad
5812,4,144.39000000000004,1,82.22999999999999,2opt,improve
5813,4,144.39000000000004,1,82.22999999999999,move,improve
5814,4,144.39000000000004,1,82.22999999999999,swap,notBad
5815,4,144.39000000000004,1,82.22999999999999,swap,notBad
5816,4,144.39000000000004,1,82.22999999999999,2opt,notBad
5817,4,144.39000000000004,1,82.22999999999999,swap,notBad
5818,4,144.39000000000004,1,82.22999999999999,swap,notBad
5819,4,144.39000000000004,1,82.22999999999999,move,improve
5820,4,144.39000000000004,1,82.22999999999999,move,improve
5821,4,144.39000000000004,1,82.22999999999999,2opt,notBad
5822,4,144.39000000000004,1,82.22999999999999,swap,notBad
5823,4,141.26999999999967,1,82.22999999999999,move,improve
5824,4,141.26999999999967,1,82.22999999999999,2opt,notBad
5825,4,141.26999999999967,1,82.22999999999999,2opt,notBad
5826,4,141.26999999999967,1,82.22999999999999,swap,notBad
5827,4,141.26999999999967,1,82.22999999999999,2opt,notBad
5828,4,141.26999999999967,1,82.22999999999999,swap,notBad
5829,4,141.26999999999967,1,82.22999999999999,2opt,notBad
5830,4,141.26999999999967,1,82.22999999999999,move,improve
5831,4,141.26999999999967,1,82.22999999999999,move,improve
5832,4,141.26999999999967,1,82.22999999999999,2opt,notBad
5833,4,141.26999999999967,1,82.22999999999999,swap,notBad
5834,4,141.26999999999967,1,82.22999999999999,move,improve
5835,4,141.26999999999967,1,82.22999999999999,2opt,notBad
5836,4,141.26999999999967,1,82.22999999999999,swap,notBad
5837,4,141.26999999999967,1,82.22999999999999,2opt,notBad
5838,4,141.26999999999967,1,82.22999999999999,move,improve
5839,4,141.26999999999967,1,82.22999999999999,swap,notBad
5840,4,141.26999999999967,1,82.22999999999999,2opt,notBad
5841,4,141.26999999999967,1,82.22999999999999,move,improve
5842,4,141.26999999999967,1,82.22999999999999,swap,notBad
5843,4,141.26999999999967,1,82.22999999999999,swap,notBad
5844,4,141.26999999999967,1,82.22999999999999,2opt,notBad
5845,4,142.04999999999967,1,82.22999999999999,swap,acceptBad
5846,4,142.04999999999967,1,82.22999999999999,swap,notBad
5847,4,142.04999999999967,1,82.22999999999999,move,improve
5848,4,142.04999999999967,1,82.22999999999999,2opt,notBad
5849,4,142.04999999999967,1,82.22999999999999,move,improve
5850,4,142.04999999999967,1,82.22999999999999,move,improve
5851,4,142.04999999999967,1,82.22999999999999,move,improve
5852,4,142.04999999999967,1,82.22999999999999,swap,notBad
5853,4,142.04999999999967,1,82.22999999999999,2opt,notBad
5854,4,142.04999999999967,1,82.22999999999999,move,improve
5855,4,142.04999999999967,1,82.22999999999999,2opt,improve
5856,4,142.04999999999967,1,82.22999999999999,swap,notBad
5857,4,141.26999999999967,1,82.22999999999999,move,improve
5858,4,141.26999999999967,1,82.22999999999999,swap,notBad
5859,4,141.26999999999967,1,82.22999999999999,2opt,notBad
5860,4,141.26999999999967,1,82.22999999999999,swap,notBad
5861,4,141.26999999999967,1,82.22999999999999,2opt,notBad
5862,4,141.26999999999967,1,82.22999999999999,swap,notBad
5863,4,141.26999999999967,1,82.22999999999999,swap,notBad
5864,4,141.26999999999967,1,82.22999999999999,2opt,notBad
5865,4,141.26999999999967,1,82.22999999999999,move,improve
5866,4,141.26999999999967,1,82.22999999999999,2opt,notBad
5867,4,141.26999999999967,1,82.22999999999999,swap,notBad
5868,4,141.26999999999967,1,82.22999999999999,move,improve
5869,4,141.26999999999967,1,82.22999999999999,2opt,notBad
5870,4,141.26999999999967,1,82.22999999999999,swap,notBad
5871,4,141.26999999999967,1,82.22999999999999,move,improve
5872,4,141.26999999999967,1,82.22999999999999,swap,notBad
5873,4,141.26999999999967,1,82.22999999999999,move,improve
5874,4,141.26999999999967,1,82.22999999999999,move,improve
5875,4,141.26999999999967,1,82.22999999999999,2opt,notBad
5876,4,141.26999999999967,1,82.22999999999999,swap,notBad
5877,4,141.26999999999967,1,82.22999999999999,swap,notBad
5878,4,141.26999999999967,1,82.22999999999999,move,improve
5879,4,141.26999999999967,1,82.22999999999999,move,improve
5880,4,141.26999999999967,1,82.22999999999999,2opt,notBad
5881,4,141.26999999999967,1,82.22999999999999,swap,notBad
5882,4,141.26999999999967,1,82.22999999999999,swap,notBad
5883,4,141.26999999999967,1,82.22999999999999,move,improve
5884,4,141.26999999999967,1,82.22999999999999,2opt,notBad
5885,4,141.26999999999967,1,82.22999999999999,2opt,notBad
5886,4,141.26999999999967,1,82.22999999999999,move,improve
5887,4,141.26999999999967,1,82.22999999999999,move,improve
5888,4,141.26999999999967,1,82.22999999999999,swap,notBad
5889,4,141.26999999999967,1,82.22999999999999,2opt,improve
5890,4,141.26999999999967,1,82.22999999999999,swap,notBad
5891,4,141.26999999999967,1,82.22999999999999,swap,notBad
5892,4,141.26999999999967,1,82.22999999999999,2opt,notBad
5893,4,141.26999999999967,1,82.22999999999999,2opt,notBad
5894,4,141.26999999999967,1,82.22999999999999,2opt,notBad
5895,4,141.26999999999967,1,82.22999999999999,move,improve
5896,4,141.26999999999967,1,82.22999999999999,move,improve
5897,4,141.26999999999967,1,82.22999999999999,swap,notBad
5898,4,141.26999999999967,1,82.22999999999999,swap,notBad
5899,4,141.26999999999967,1,82.22999999999999,move,improve
5900,4,141.26999999999967,1,82.22999999999999,2opt,notBad
5901,4,141.26999999999967,1,82.22999999999999,move,notBad
5902,4,141.26999999999967,1,82.22999999999999,2opt,notBad
5903,4,141.26999999999967,1,82.22999999999999,move,improve
5904,4,141.26999999999967,1,82.22999999999999,move,improve
5905,4,141.26999999999967,1,82.22999999999999,2opt,notBad
5906,4,141.26999999999967,1,82.22999999999999,2opt,notBad
5907,4,141.26999999999967,1,82.22999999999999,2opt,notBad
5908,4,141.26999999999967,1,82.22999999999999,move,improve
5909,4,141.26999999999967,1,82.22999999999999,move,improve
5910,4,141.26999999999967,1,82.22999999999999,move,improve
5911,4,141.26999999999967,1,82.22999999999999,move,improve
5912,4,141.26999999999967,1,82.22999999999999,2opt,notBad
5913,4,141.26999999999967,1,82.22999999999999,2opt,notBad
5914,4,141.26999999999967,1,82.22999999999999,swap,notBad
5915,4,141.26999999999967,1,82.22999999999999,swap,notBad
5916,4,141.26999999999967,1,82.22999999999999,swap,notBad
5917,4,141.26999999999967,1,82.22999999999999,move,improve
5918,4,141.26999999999967,1,82.22999999999999,move,improve
5919,4,141.26999999999967,1,82.22999999999999,swap,notBad
5920,4,141.26999999999967,1,82.22999999999999,swap,notBad
5921,4,141.26999999999967,1,82.22999999999999,move,improve
5922,4,141.26999999999967,1,82.22999999999999,move,improve
5923,4,141.26999999999967,1,82.22999999999999,swap,notBad
5924,4,141.26999999999967,1,82.22999999999999,move,improve
5925,4,141.26999999999967,1,82.22999999999999,2opt,notBad
5926,4,141.26999999999967,1,82.22999999999999,swap,notBad
5927,4,141.26999999999967,1,82.22999999999999,2opt,notBad
5928,4,141.26999999999967,1,82.22999999999999,2opt,notBad
5929,4,141.26999999999967,1,82.22999999999999,move,improve
5930,4,141.26999999999967,1,82.22999999999999,move,improve
5931,4,141.26999999999967,1,82.22999999999999,swap,notBad
5932,4,141.26999999999967,1,82.22999999999999,2opt,notBad
5933,4,141.26999999999967,1,82.22999999999999,2opt,notBad
5934,4,141.26999999999967,1,82.22999999999999,move,improve
5935,4,142.49999999999966,1,82.22999999999999,2opt,acceptBad
5936,4,142.49999999999966,1,82.22999999999999,2opt,notBad
5937,4,142.49999999999966,1,82.22999999999999,2opt,notBad
5938,4,142.49999999999966,1,82.22999999999999,2opt,notBad
5939,4,142.49999999999966,1,82.22999999999999,swap,notBad
5940,4,142.49999999999966,1,82.22999999999999,swap,notBad
5941,4,142.49999999999966,1,82.22999999999999,move,improve
5942,4,142.49999999999966,1,82.22999999999999,move,improve
5943,4,142.49999999999966,1,82.22999999999999,2opt,notBad
5944,4,142.49999999999966,1,82.22999999999999,move,improve
5945,4,142.49999999999966,1,82.22999999999999,move,improve
5946,4,142.49999999999966,1,82.22999999999999,swap,notBad
5947,4,142.49999999999966,1,82.22999999999999,swap,notBad
5948,4,142.49999999999966,1,82.22999999999999,move,improve
5949,4,142.49999999999966,1,82.22999999999999,swap,notBad
5950,4,142.49999999999966,1,82.22999999999999,move,improve
5951,4,142.49999999999966,1,82.22999999999999,swap,notBad
5952,4,142.49999999999966,1,82.22999999999999,swap,notBad
5953,4,142.49999999999966,1,82.22999999999999,swap,notBad
5954,4,142.49999999999966,1,82.22999999999999,swap,notBad
5955,4,142.49999999999966,1,82.22999999999999,swap,notBad
5956,4,142.49999999999966,1,82.22999999999999,2opt,notBad
5957,4,142.49999999999966,1,82.22999999999999,2opt,notBad
5958,4,142.49999999999966,1,82.22999999999999,move,improve
5959,4,142.49999999999966,1,82.22999999999999,swap,notBad
5960,4,142.49999999999966,1,82.22999999999999,2opt,notBad
5961,4,142.49999999999966,1,82.22999999999999,move,improve
5962,4,142.49999999999966,1,82.22999999999999,move,improve
5963,4,142.49999999999966,1,82.22999999999999,swap,notBad
5964,4,142.49999999999966,1,82.22999999999999,move,improve
5965,4,142.49999999999966,1,82.22999999999999,move,improve
5966,4,142.49999999999966,1,82.22999999999999,move,improve
5967,4,142.49999999999966,1,82.22999999999999,swap,notBad
5968,4,142.49999999999966,1,82.22999999999999,move,improve
5969,4,142.49999999999966,1,82.22999999999999,2opt,improve
5970,4,142.49999999999966,1,82.22999999999999,swap,notBad
5971,4,142.49999999999966,1,82.22999999999999,2opt,notBad
5972,4,142.49999999999966,1,82.22999999999999,swap,notBad
5973,4,142.49999999999966,1,82.22999999999999,2opt,notBad
5974,4,142.49999999999966,1,82.22999999999999,2opt,notBad
5975,4,142.49999999999966,1,82.22999999999999,swap,notBad
5976,4,142.49999999999966,1,82.22999999999999,move,improve
5977,4,142.49999999999966,1,82.22999999999999,2opt,notBad
5978,4,142.49999999999966,1,82.22999999999999,swap,notBad
5979,4,142.49999999999966,1,82.22999999999999,2opt,notBad
5980,4,142.49999999999966,1,82.22999999999999,move,improve
5981,4,142.49999999999966,1,82.22999999999999,2opt,notBad
5982,4,142.49999999999966,1,82.22999999999999,swap,notBad
5983,4,142.49999999999966,1,82.22999999999999,swap,notBad
5984,4,142.49999999999966,1,82.22999999999999,2opt,notBad
5985,4,142.49999999999966,1,82.22999999999999,2opt,notBad
5986,4,142.49999999999966,1,82.22999999999999,swap,notBad
5987,4,142.49999999999966,1,82.22999999999999,2opt,notBad
5988,4,142.49999999999966,1,82.22999999999999,swap,notBad
5989,4,142.49999999999966,1,82.22999999999999,swap,notBad
5990,4,142.49999999999966,1,82.22999999999999,move,improve
5991,4,142.49999999999966,1,82.22999999999999,swap,notBad
5992,4,142.49999999999966,1,82.22999999999999,move,improve
5993,4,142.49999999999966,1,82.22999999999999,move,improve
5994,4,142.49999999999966,1,82.22999999999999,move,improve
5995,4,142.49999999999966,1,82.22999999999999,swap,notBad
5996,4,142.49999999999966,1,82.22999999999999,swap,notBad
5997,4,142.49999999999966,1,82.22999999999999,move,improve
5998,4,142.49999999999966,1,82.22999999999999,move,improve
5999,4,142.49999999999966,1,82.22999999999999,swap,notBad
6000,4,142.49999999999966,1,82.22999999999999,swap,notBad
6001,4,142.49999999999966,1,82.22999999999999,swap,notBad
6002,4,142.49999999999966,1,82.22999999999999,2opt,notBad
6003,4,142.49999999999966,1,82.22999999999999,swap,notBad
6004,4,142.49999999999966,1,82.22999999999999,2opt,notBad
6005,4,142.49999999999966,1,82.22999999999999,2opt,notBad
6006,4,142.49999999999966,1,82.22999999999999,swap,notBad
6007,4,142.49999999999966,1,82.22999999999999,2opt,notBad
6008,4,142.49999999999966,1,82.22999999999999,2opt,notBad
6009,4,142.49999999999966,1,82.22999999999999,2opt,notBad
6010,4,142.49999999999966,1,82.22999999999999,swap,notBad
6011,4,142.49999999999966,1,82.22999999999999,swap,notBad
6012,4,142.49999999999966,1,82.22999999999999,move,improve
6013,4,142.49999999999966,1,82.22999999999999,2opt,notBad
6014,4,142.49999999999966,1,82.22999999999999,swap,notBad
6015,4,142.49999999999966,1,82.22999999999999,swap,notBad
6016,4,142.49999999999966,1,82.22999999999999,swap,notBad
6017,4,142.49999999999966,1,82.22999999999999,2opt,notBad
6018,4,142.49999999999966,1,82.22999999999999,move,improve
6019,4,142.49999999999966,1,82.22999999999999,2opt,notBad
6020,4,142.49999999999966,1,82.22999999999999,2opt,notBad
6021,4,142.49999999999966,1,82.22999999999999,2opt,notBad
6022,4,142.49999999999966,1,82.22999999999999,swap,notBad
6023,4,142.49999999999966,1,82.22999999999999,move,improve
6024,4,142.49999999999966,1,82.22999999999999,swap,notBad
6025,4,142.49999999999966,1,82.22999999999999,swap,notBad
6026,4,142.49999999999966,1,82.22999999999999,move,improve
6027,4,142.49999999999966,1,82.22999999999999,move,improve
6028,4,142.49999999999966,1,82.22999999999999,2opt,improve
6029,4,142.49999999999966,1,82.22999999999999,move,improve
6030,4,142.49999999999966,1,82.22999999999999,2opt,notBad
6031,4,142.49999999999966,1,82.22999999999999,move,improve
6032,4,142.49999999999966,1,82.22999999999999,2opt,notBad
6033,4,142.49999999999966,1,82.22999999999999,swap,notBad
6034,4,142.49999999999966,1,82.22999999999999,move,improve
6035,4,142.49999999999966,1,82.22999999999999,move,improve
6036,4,142.49999999999966,1,82.22999999999999,2opt,notBad
6037,4,142.49999999999966,1,82.22999999999999,move,improve
6038,4,142.49999999999966,1,82.22999999999999,2opt,improve
6039,4,142.49999999999966,1,82.22999999999999,2opt,improve
6040,4,142.49999999999966,1,82.22999999999999,swap,notBad
6041,4,142.49999999999966,1,82.22999999999999,move,improve
6042,4,142.49999999999966,1,82.22999999999999,swap,notBad
6043,4,142.49999999999966,1,82.22999999999999,2opt,notBad
6044,4,142.49999999999966,1,82.22999999999999,2opt,notBad
6045,4,142.49999999999966,1,82.22999999999999,2opt,notBad
6046,4,142.49999999999966,1,82.22999999999999,swap,notBad
6047,4,142.49999999999966,1,82.22999999999999,2opt,notBad
6048,4,142.49999999999966,1,82.22999999999999,2opt,notBad
6049,4,142.49999999999966,1,82.22999999999999,2opt,notBad
6050,4,142.49999999999966,1,82.22999999999999,swap,notBad
6051,4,142.49999999999966,1,82.22999999999999,move,improve
6052,4,142.49999999999966,1,82.22999999999999,move,improve
6053,4,142.49999999999966,1,82.22999999999999,move,improve
6054,4,142.49999999999966,1,82.22999999999999,move,improve
6055,4,142.49999999999966,1,82.22999999999999,2opt,notBad
6056,4,142.49999999999966,1,82.22999999999999,swap,notBad
6057,4,142.49999999999966,1,82.22999999999999,2opt,notBad
6058,4,142.49999999999966,1,82.22999999999999,move,improve
6059,4,142.49999999999966,1,82.22999999999999,2opt,notBad
6060,4,142.49999999999966,1,82.22999999999999,2opt,notBad
6061,4,142.49999999999966,1,82.22999999999999,move,improve
6062,4,142.49999999999966,1,82.22999999999999,2opt,notBad
6063,4,142.49999999999966,1,82.22999999999999,move,improve
6064,4,142.49999999999966,1,82.22999999999999,2opt,notBad
6065,4,142.49999999999966,1,82.22999999999999,2opt,improve
6066,4,142.49999999999966,1,82.22999999999999,move,improve
6067,4,142.49999999999966,1,82.22999999999999,2opt,notBad
6068,4,142.49999999999966,1,82.22999999999999,2opt,notBad
6069,4,142.49999999999966,1,82.22999999999999,2opt,notBad
6070,4,142.49999999999966,1,82.22999999999999,2opt,notBad
6071,4,142.49999999999966,1,82.22999999999999,swap,notBad
6072,4,142.49999999999966,1,82.22999999999999,swap,notBad
6073,4,142.49999999999966,1,82.22999999999999,swap,notBad
6074,4,142.49999999999966,1,82.22999999999999,2opt,improve
6075,4,142.49999999999966,1,82.22999999999999,2opt,notBad
6076,4,142.49999999999966,1,82.22999999999999,move,improve
6077,4,142.49999999999966,1,82.22999999999999,2opt,notBad
6078,4,142.49999999999966,1,82.22999999999999,2opt,notBad
6079,4,142.49999999999966,1,82.22999999999999,move,improve
6080,4,142.49999999999966,1,82.22999999999999,swap,notBad
6081,4,142.49999999999966,1,82.22999999999999,2opt,notBad
6082,4,142.49999999999966,1,82.22999999999999,move,improve
6083,4,142.49999999999966,1,82.22999999999999,2opt,notBad
6084,4,142.49999999999966,1,82.22999999999999,swap,notBad
6085,4,142.49999999999966,1,82.22999999999999,2opt,notBad
6086,4,142.49999999999966,1,82.22999999999999,swap,notBad
6087,4,142.49999999999966,1,82.22999999999999,move,improve
6088,4,142.49999999999966,1,82.22999999999999,move,improve
6089,4,142.49999999999966,1,82.22999999999999,move,notBad
6090,4,142.49999999999966,1,82.22999999999999,swap,notBad
6091,4,142.49999999999966,1,82.22999999999999,2opt,notBad
6092,4,142.49999999999966,1,82.22999999999999,swap,notBad
6093,4,142.49999999999966,1,82.22999999999999,2opt,notBad
6094,4,142.49999999999966,1,82.22999999999999,2opt,improve
6095,4,142.49999999999966,1,82.22999999999999,swap,notBad
6096,4,142.49999999999966,1,82.22999999999999,swap,notBad
6097,4,142.49999999999966,1,82.22999999999999,swap,notBad
6098,4,142.49999999999966,1,82.22999999999999,swap,notBad
6099,4,142.49999999999966,1,82.22999999999999,move,improve
6100,4,142.49999999999966,1,82.22999999999999,swap,notBad
6101,4,142.49999999999966,1,82.22999999999999,move,improve
6102,4,142.49999999999966,1,82.22999999999999,2opt,notBad
6103,4,142.49999999999966,1,82.22999999999999,move,improve
6104,4,142.49999999999966,1,82.22999999999999,2opt,notBad
6105,4,142.49999999999966,1,82.22999999999999,move,improve
6106,4,142.49999999999966,1,82.22999999999999,swap,notBad
6107,4,142.49999999999966,1,82.22999999999999,move,improve
6108,4,142.49999999999966,1,82.22999999999999,swap,notBad
6109,4,142.49999999999966,1,82.22999999999999,move,improve
6110,4,142.49999999999966,1,82.22999999999999,swap,notBad
6111,4,142.49999999999966,1,82.22999999999999,swap,notBad
6112,4,142.49999999999966,1,82.22999999999999,2opt,notBad
6113,4,142.49999999999966,1,82.22999999999999,swap,notBad
6114,4,142.49999999999966,1,82.22999999999999,move,improve
6115,4,142.49999999999966,1,82.22999999999999,move,improve
6116,4,142.49999999999966,1,82.22999999999999,2opt,notBad
6117,4,142.49999999999966,1,82.22999999999999,swap,notBad
6118,4,142.49999999999966,1,82.22999999999999,move,improve
6119,4,142.49999999999966,1,82.22999999999999,move,improve
6120,4,142.49999999999966,1,82.22999999999999,move,notBad
6121,4,142.49999999999966,1,82.22999999999999,swap,notBad
6122,4,142.49999999999966,1,82.22999999999999,swap,notBad
6123,4,142.49999999999966,1,82.22999999999999,swap,notBad
6124,4,142.49999999999966,1,82.22999999999999,2opt,notBad
6125,4,142.49999999999966,1,82.22999999999999,2opt,notBad
6126,4,142.49999999999966,1,82.22999999999999,2opt,improve
6127,4,142.49999999999966,1,82.22999999999999,2opt,improve
6128,4,142.49999999999966,1,82.22999999999999,move,improve
6129,4,142.49999999999966,1,82.22999999999999,2opt,notBad
6130,4,142.49999999999966,1,82.22999999999999,2opt,notBad
6131,4,142.49999999999966,1,82.22999999999999,2opt,improve
6132,4,142.49999999999966,1,82.22999999999999,swap,notBad
6133,4,142.49999999999966,1,82.22999999999999,move,improve
6134,4,142.49999999999966,1,82.22999999999999,swap,notBad
6135,4,142.49999999999966,1,82.22999999999999,2opt,notBad
6136,4,142.49999999999966,1,82.22999999999999,2opt,notBad
6137,4,142.49999999999966,1,82.22999999999999,2opt,notBad
6138,4,142.49999999999966,1,82.22999999999999,swap,notBad
6139,4,142.49999999999966,1,82.22999999999999,move,improve
6140,4,142.49999999999966,1,82.22999999999999,swap,notBad
6141,4,142.49999999999966,1,82.22999999999999,move,improve
6142,4,142.49999999999966,1,82.22999999999999,swap,notBad
6143,4,142.49999999999966,1,82.22999999999999,swap,notBad
6144,4,142.49999999999966,1,82.22999999999999,swap,notBad
6145,4,143.2799999999997,1,82.22999999999999,swap,acceptBad
6146,4,143.2799999999997,1,82.22999999999999,swap,notBad
6147,4,143.2799999999997,1,82.22999999999999,2opt,notBad
6148,4,143.2799999999997,1,82.22999999999999,2opt,notBad
6149,4,143.2799999999997,1,82.22999999999999,move,improve
6150,4,143.2799999999997,1,82.22999999999999,2opt,notBad
6151,4,143.2799999999997,1,82.22999999999999,swap,notBad
6152,4,143.2799999999997,1,82.22999999999999,swap,notBad
6153,4,143.2799999999997,1,82.22999999999999,swap,notBad
6154,4,143.2799999999997,1,82.22999999999999,move,improve
6155,4,143.2799999999997,1,82.22999999999999,2opt,improve
6156,4,143.2799999999997,1,82.22999999999999,move,improve
6157,4,143.2799999999997,1,82.22999999999999,2opt,notBad
6158,4,143.2799999999997,1,82.22999999999999,move,improve
6159,4,143.2799999999997,1,82.22999999999999,2opt,notBad
6160,4,143.2799999999997,1,82.22999999999999,2opt,notBad
6161,4,143.2799999999997,1,82.22999999999999,move,improve
6162,4,143.2799999999997,1,82.22999999999999,swap,notBad
6163,4,143.2799999999997,1,82.22999999999999,swap,notBad
6164,4,143.2799999999997,1,82.22999999999999,2opt,notBad
6165,4,143.2799999999997,1,82.22999999999999,swap,notBad
6166,4,143.2799999999997,1,82.22999999999999,swap,notBad
6167,4,143.2799999999997,1,82.22999999999999,move,improve
6168,4,143.2799999999997,1,82.22999999999999,swap,notBad
6169,4,143.2799999999997,1,82.22999999999999,move,improve
6170,4,143.2799999999997,1,82.22999999999999,2opt,notBad
6171,4,142.49999999999966,1,82.22999999999999,move,improve
6172,4,142.49999999999966,1,82.22999999999999,2opt,notBad
6173,4,142.49999999999966,1,82.22999999999999,move,improve
6174,4,142.49999999999966,1,82.22999999999999,2opt,notBad
6175,4,142.49999999999966,1,82.22999999999999,swap,notBad
6176,4,142.49999999999966,1,82.22999999999999,swap,notBad
6177,4,142.49999999999966,1,82.22999999999999,swap,notBad
6178,4,142.49999999999966,1,82.22999999999999,2opt,notBad
6179,4,142.49999999999966,1,82.22999999999999,2opt,notBad
6180,4,142.49999999999966,1,82.22999999999999,2opt,notBad
6181,4,142.49999999999966,1,82.22999999999999,move,improve
6182,4,142.49999999999966,1,82.22999999999999,swap,notBad
6183,4,142.49999999999966,1,82.22999999999999,2opt,notBad
6184,4,142.49999999999966,1,82.22999999999999,move,improve
6185,4,142.49999999999966,1,82.22999999999999,2opt,notBad
6186,4,142.49999999999966,1,82.22999999999999,2opt,notBad
6187,4,142.49999999999966,1,82.22999999999999,move,improve
6188,4,142.49999999999966,1,82.22999999999999,move,improve
6189,4,142.49999999999966,1,82.22999999999999,2opt,notBad
6190,4,142.49999999999966,1,82.22999999999999,move,improve
6191,4,142.49999999999966,1,82.22999999999999,move,improve
6192,4,142.49999999999966,1,82.22999999999999,2opt,improve
6193,4,142.49999999999966,1,82.22999999999999,move,improve
6194,4,142.49999999999966,1,82.22999999999999,swap,notBad
6195,4,142.49999999999966,1,82.22999999999999,swap,notBad
6196,4,142.49999999999966,1,82.22999999999999,2opt,notBad
6197,4,142.49999999999966,1,82.22999999999999,move,improve
6198,4,142.49999999999966,1,82.22999999999999,move,improve
6199,4,142.49999999999966,1,82.22999999999999,swap,notBad
6200,4,142.49999999999966,1,82.22999999999999,move,improve
6201,4,142.49999999999966,1,82.22999999999999,swap,notBad
6202,4,142.49999999999966,1,82.22999999999999,swap,notBad
6203,4,142.49999999999966,1,82.22999999999999,swap,notBad
6204,4,142.49999999999966,1,82.22999999999999,swap,notBad
6205,4,142.49999999999966,1,82.22999999999999,swap,notBad
6206,4,142.49999999999966,1,82.22999999999999,2opt,notBad
6207,4,142.49999999999966,1,82.22999999999999,move,improve
6208,4,142.49999999999966,1,82.22999999999999,move,improve
6209,4,142.49999999999966,1,82.22999999999999,swap,notBad
6210,4,142.49999999999966,1,82.22999999999999,2opt,notBad
6211,4,142.49999999999966,1,82.22999999999999,move,improve
6212,4,142.49999999999966,1,82.22999999999999,move,improve
6213,4,142.49999999999966,1,82.22999999999999,2opt,notBad
6214,4,142.49999999999966,1,82.22999999999999,move,improve
6215,4,142.49999999999966,1,82.22999999999999,swap,notBad
6216,4,142.49999999999966,1,82.22999999999999,2opt,notBad
6217,4,142.49999999999966,1,82.22999999999999,swap,notBad
6218,4,142.49999999999966,1,82.22999999999999,move,improve
6219,4,142.49999999999966,1,82.22999999999999,move,improve
6220,4,142.49999999999966,1,82.22999999999999,2opt,notBad
6221,4,142.49999999999966,1,82.22999999999999,swap,notBad
6222,4,142.49999999999966,1,82.22999999999999,move,improve
6223,4,142.49999999999966,1,82.22999999999999,swap,notBad
6224,4,142.49999999999966,1,82.22999999999999,swap,notBad
6225,4,142.49999999999966,1,82.22999999999999,2opt,notBad
6226,4,142.49999999999966,1,82.22999999999999,2opt,notBad
6227,4,142.49999999999966,1,82.22999999999999,swap,notBad
6228,4,142.49999999999966,1,82.22999999999999,move,improve
6229,4,142.49999999999966,1,82.22999999999999,2opt,notBad
6230,4,142.49999999999966,1,82.22999999999999,move,improve
6231,4,142.49999999999966,1,82.22999999999999,move,improve
6232,4,142.49999999999966,1,82.22999999999999,2opt,notBad
6233,4,142.49999999999966,1,82.22999999999999,2opt,improve
6234,4,142.49999999999966,1,82.22999999999999,swap,notBad
6235,4,142.49999999999966,1,82.22999999999999,2opt,notBad
6236,4,142.49999999999966,1,82.22999999999999,2opt,notBad
6237,4,142.49999999999966,1,82.22999999999999,move,improve
6238,4,142.49999999999966,1,82.22999999999999,2opt,notBad
6239,4,142.49999999999966,1,82.22999999999999,swap,notBad
6240,4,142.49999999999966,1,82.22999999999999,2opt,notBad
6241,4,142.49999999999966,1,82.22999999999999,move,improve
6242,4,142.49999999999966,1,82.22999999999999,move,improve
6243,4,142.49999999999966,1,82.22999999999999,swap,notBad
6244,4,142.49999999999966,1,82.22999999999999,move,improve
6245,4,142.49999999999966,1,82.22999999999999,move,improve
6246,4,142.49999999999966,1,82.22999999999999,swap,notBad
6247,4,142.49999999999966,1,82.22999999999999,swap,notBad
6248,4,142.49999999999966,1,82.22999999999999,2opt,notBad
6249,4,142.49999999999966,1,82.22999999999999,2opt,notBad
6250,4,142.49999999999966,1,82.22999999999999,2opt,notBad
6251,4,142.49999999999966,1,82.22999999999999,swap,notBad
6252,4,142.49999999999966,1,82.22999999999999,move,improve
6253,4,142.49999999999966,1,82.22999999999999,swap,notBad
6254,4,142.49999999999966,1,82.22999999999999,2opt,notBad
6255,4,142.49999999999966,1,82.22999999999999,swap,notBad
6256,4,142.49999999999966,1,82.22999999999999,swap,notBad
6257,4,142.49999999999966,1,82.22999999999999,swap,notBad
6258,4,142.49999999999966,1,82.22999999999999,move,improve
6259,4,142.49999999999966,1,82.22999999999999,move,improve
6260,4,142.49999999999966,1,82.22999999999999,2opt,notBad
6261,4,142.49999999999966,1,82.22999999999999,swap,notBad
6262,4,142.49999999999966,1,82.22999999999999,swap,notBad
6263,4,142.49999999999966,1,82.22999999999999,2opt,notBad
6264,4,142.49999999999966,1,82.22999999999999,move,improve
6265,4,142.49999999999966,1,82.22999999999999,move,improve
6266,4,142.49999999999966,1,82.22999999999999,swap,notBad
6267,4,142.49999999999966,1,82.22999999999999,2opt,notBad
6268,4,142.49999999999966,1,82.22999999999999,move,improve
6269,4,142.49999999999966,1,82.22999999999999,2opt,notBad
6270,4,142.49999999999966,1,82.22999999999999,swap,notBad
6271,4,142.49999999999966,1,82.22999999999999,2opt,notBad
6272,4,142.49999999999966,1,82.22999999999999,2opt,notBad
6273,4,142.49999999999966,1,82.22999999999999,move,improve
6274,4,142.49999999999966,1,82.22999999999999,move,improve
6275,4,142.49999999999966,1,82.22999999999999,2opt,notBad
6276,4,142.49999999999966,1,82.22999999999999,move,improve
6277,4,142.49999999999966,1,82.22999999999999,move,improve
6278,4,142.49999999999966,1,82.22999999999999,swap,notBad
6279,4,142.49999999999966,1,82.22999999999999,swap,notBad
6280,4,142.49999999999966,1,82.22999999999999,move,improve
6281,4,142.49999999999966,1,82.22999999999999,swap,notBad
6282,4,142.49999999999966,1,82.22999999999999,swap,notBad
6283,4,142.49999999999966,1,82.22999999999999,move,improve
6284,4,142.49999999999966,1,82.22999999999999,swap,notBad
6285,4,142.49999999999966,1,82.22999999999999,move,improve
6286,4,142.49999999999966,1,82.22999999999999,move,improve
6287,4,142.49999999999966,1,82.22999999999999,swap,notBad
6288,4,142.49999999999966,1,82.22999999999999,swap,notBad
6289,4,142.49999999999966,1,82.22999999999999,2opt,notBad
6290,4,142.49999999999966,1,82.22999999999999,2opt,improve
6291,4,142.49999999999966,1,82.22999999999999,2opt,notBad
6292,4,142.49999999999966,1,82.22999999999999,2opt,notBad
6293,4,142.49999999999966,1,82.22999999999999,2opt,notBad
6294,4,142.49999999999966,1,82.22999999999999,move,improve
6295,4,142.49999999999966,1,82.22999999999999,move,notBad
6296,4,142.49999999999966,1,82.22999999999999,2opt,notBad
6297,4,142.49999999999966,1,82.22999999999999,2opt,notBad
6298,4,142.49999999999966,1,82.22999999999999,swap,notBad
6299,4,142.49999999999966,1,82.22999999999999,2opt,notBad
6300,4,142.49999999999966,1,82.22999999999999,move,improve
6301,4,142.49999999999966,1,82.22999999999999,move,improve
6302,4,142.49999999999966,1,82.22999999999999,move,improve
6303,4,142.49999999999966,1,82.22999999999999,2opt,notBad
6304,4,142.49999999999966,1,82.22999999999999,move,improve
6305,4,142.49999999999966,1,82.22999999999999,swap,notBad
6306,4,142.49999999999966,1,82.22999999999999,swap,notBad
6307,4,142.49999999999966,1,82.22999999999999,swap,notBad
6308,4,142.49999999999966,1,82.22999999999999,move,improve
6309,4,142.49999999999966,1,82.22999999999999,2opt,notBad
6310,4,142.49999999999966,1,82.22999999999999,swap,notBad
6311,4,142.49999999999966,1,82.22999999999999,2opt,improve
6312,4,142.49999999999966,1,82.22999999999999,move,notBad
6313,4,142.49999999999966,1,82.22999999999999,move,improve
6314,4,142.49999999999966,1,82.22999999999999,move,improve
6315,4,142.49999999999966,1,82.22999999999999,2opt,notBad
6316,4,142.49999999999966,1,82.22999999999999,2opt,notBad
6317,4,142.49999999999966,1,82.22999999999999,move,improve
6318,4,142.49999999999966,1,82.22999999999999,2opt,notBad
6319,4,142.49999999999966,1,82.22999999999999,move,improve
6320,4,142.49999999999966,1,82.22999999999999,swap,notBad
6321,4,142.49999999999966,1,82.22999999999999,swap,notBad
6322,4,142.49999999999966,1,82.22999999999999,move,improve
6323,4,142.49999999999966,1,82.22999999999999,2opt,notBad
6324,4,142.49999999999966,1,82.22999999999999,swap,notBad
6325,4,142.49999999999966,1,82.22999999999999,move,improve
6326,4,142.49999999999966,1,82.22999999999999,move,improve
6327,4,142.49999999999966,1,82.22999999999999,swap,notBad
6328,4,142.49999999999966,1,82.22999999999999,swap,notBad
6329,4,142.49999999999966,1,82.22999999999999,swap,notBad
6330,4,142.49999999999966,1,82.22999999999999,move,improve
6331,4,142.49999999999966,1,82.22999999999999,move,improve
6332,4,142.49999999999966,1,82.22999999999999,move,improve
6333,4,142.49999999999966,1,82.22999999999999,swap,notBad
6334,4,142.49999999999966,1,82.22999999999999,swap,notBad
6335,4,142.49999999999966,1,82.22999999999999,move,improve
6336,4,142.49999999999966,1,82.22999999999999,move,improve
6337,4,142.49999999999966,1,82.22999999999999,move,notBad
6338,4,142.49999999999966,1,82.22999999999999,move,improve
6339,4,142.49999999999966,1,82.22999999999999,move,improve
6340,4,142.49999999999966,1,82.22999999999999,2opt,notBad
6341,4,142.49999999999966,1,82.22999999999999,move,improve
6342,4,142.49999999999966,1,82.22999999999999,swap,notBad
6343,4,142.49999999999966,1,82.22999999999999,move,improve
6344,4,142.49999999999966,1,82.22999999999999,move,improve
6345,4,142.49999999999966,1,82.22999999999999,move,improve
6346,4,142.49999999999966,1,82.22999999999999,2opt,notBad
6347,4,142.49999999999966,1,82.22999999999999,2opt,notBad
6348,4,142.49999999999966,1,82.22999999999999,swap,notBad
6349,4,142.49999999999966,1,82.22999999999999,swap,notBad
6350,4,142.49999999999966,1,82.22999999999999,2opt,notBad
6351,4,142.49999999999966,1,82.22999999999999,2opt,notBad
6352,4,142.49999999999966,1,82.22999999999999,move,improve
6353,4,142.49999999999966,1,82.22999999999999,swap,notBad
6354,4,142.49999999999966,1,82.22999999999999,swap,notBad
6355,4,142.49999999999966,1,82.22999999999999,swap,notBad
6356,4,142.49999999999966,1,82.22999999999999,move,improve
6357,4,142.49999999999966,1,82.22999999999999,move,improve
6358,4,142.49999999999966,1,82.22999999999999,move,improve
6359,4,142.49999999999966,1,82.22999999999999,move,improve
6360,4,142.49999999999966,1,82.22999999999999,move,improve
6361,4,142.49999999999966,1,82.22999999999999,2opt,notBad
6362,4,142.49999999999966,1,82.22999999999999,move,improve
6363,4,142.49999999999966,1,82.22999999999999,move,improve
6364,4,142.49999999999966,1,82.22999999999999,swap,notBad
6365,4,142.49999999999966,1,82.22999999999999,swap,notBad
6366,4,142.49999999999966,1,82.22999999999999,2opt,notBad
6367,4,142.49999999999966,1,82.22999999999999,2opt,notBad
6368,4,142.49999999999966,1,82.22999999999999,swap,notBad
6369,4,142.49999999999966,1,82.22999999999999,move,improve
6370,4,142.49999999999966,1,82.22999999999999,move,improve
6371,4,151.46999999999966,1,82.22999999999999,move,acceptBad
6372,4,140.04000000000008,1,82.22999999999999,swap,improve
6373,4,140.04000000000008,1,82.22999999999999,swap,notBad
6374,4,140.04000000000008,1,82.22999999999999,2opt,notBad
6375,4,140.04000000000008,1,82.22999999999999,swap,notBad
6376,4,140.04000000000008,1,82.22999999999999,2opt,notBad
6377,4,140.04000000000008,1,82.22999999999999,move,improve
6378,4,140.04000000000008,1,82.22999999999999,move,improve
6379,4,140.04000000000008,1,82.22999999999999,move,improve
6380,4,140.04000000000008,1,82.22999999999999,2opt,notBad
6381,4,140.04000000000008,1,82.22999999999999,move,improve
6382,4,140.04000000000008,1,82.22999999999999,swap,notBad
6383,4,140.04000000000008,1,82.22999999999999,2opt,notBad
6384,4,140.04000000000008,1,82.22999999999999,move,improve
6385,4,140.04000000000008,1,82.22999999999999,swap,notBad
6386,4,140.04000000000008,1,82.22999999999999,swap,notBad
6387,4,140.04000000000008,1,82.22999999999999,swap,notBad
6388,4,140.04000000000008,1,82.22999999999999,move,improve
6389,4,140.04000000000008,1,82.22999999999999,2opt,notBad
6390,4,140.04000000000008,1,82.22999999999999,2opt,notBad
6391,4,140.04000000000008,1,82.22999999999999,move,improve
6392,4,140.04000000000008,1,82.22999999999999,move,improve
6393,4,140.04000000000008,1,82.22999999999999,2opt,notBad
6394,4,140.04000000000008,1,82.22999999999999,move,improve
6395,4,140.04000000000008,1,82.22999999999999,swap,notBad
6396,4,140.04000000000008,1,82.22999999999999,swap,notBad
6397,4,140.04000000000008,1,82.22999999999999,2opt,notBad
6398,4,140.04000000000008,1,82.22999999999999,move,improve
6399,4,140.04000000000008,1,82.22999999999999,swap,notBad
6400,4,140.04000000000008,1,82.22999999999999,move,improve
6401,4,140.04000000000008,1,82.22999999999999,2opt,notBad
6402,4,140.04000000000008,1,82.22999999999999,swap,notBad
6403,4,140.04000000000008,1,82.22999999999999,move,improve
6404,4,140.04000000000008,1,82.22999999999999,2opt,notBad
6405,4,140.04000000000008,1,82.22999999999999,swap,notBad
6406,4,140.04000000000008,1,82.22999999999999,move,improve
6407,4,140.04000000000008,1,82.22999999999999,swap,notBad
6408,4,140.04000000000008,1,82.22999999999999,2opt,notBad
6409,4,140.04000000000008,1,82.22999999999999,swap,notBad
6410,4,140.04000000000008,1,82.22999999999999,swap,notBad
6411,4,140.04000000000008,1,82.22999999999999,2opt,notBad
6412,4,140.04000000000008,1,82.22999999999999,2opt,notBad
6413,4,140.04000000000008,1,82.22999999999999,swap,notBad
6414,4,140.04000000000008,1,82.22999999999999,swap,notBad
6415,4,140.04000000000008,1,82.22999999999999,move,improve
6416,4,140.04000000000008,1,82.22999999999999,swap,notBad
6417,4,140.04000000000008,1,82.22999999999999,2opt,notBad
6418,4,140.04000000000008,1,82.22999999999999,move,improve
6419,4,140.04000000000008,1,82.22999999999999,2opt,notBad
6420,4,140.04000000000008,1,82.22999999999999,move,improve
6421,4,140.04000000000008,1,82.22999999999999,move,improve
6422,4,140.04000000000008,1,82.22999999999999,swap,notBad
6423,4,140.04000000000008,1,82.22999999999999,move,improve
6424,4,140.04000000000008,1,82.22999999999999,swap,notBad
6425,4,140.04000000000008,1,82.22999999999999,move,improve
6426,4,140.04000000000008,1,82.22999999999999,move,improve
6427,4,140.04000000000008,1,82.22999999999999,2opt,notBad
6428,4,140.04000000000008,1,82.22999999999999,2opt,notBad
6429,4,140.04000000000008,1,82.22999999999999,2opt,notBad
6430,4,140.04000000000008,1,82.22999999999999,move,improve
6431,4,140.04000000000008,1,82.22999999999999,2opt,notBad
6432,4,140.04000000000008,1,82.22999999999999,2opt,notBad
6433,4,140.04000000000008,1,82.22999999999999,move,improve
6434,4,140.04000000000008,1,82.22999999999999,2opt,notBad
6435,4,140.04000000000008,1,82.22999999999999,swap,notBad
6436,4,140.04000000000008,1,82.22999999999999,swap,notBad
6437,4,140.04000000000008,1,82.22999999999999,2opt,notBad
6438,4,140.04000000000008,1,82.22999999999999,2opt,improve
6439,4,140.04000000000008,1,82.22999999999999,move,improve
6440,4,140.04000000000008,1,82.22999999999999,swap,notBad
6441,4,141.1200000000003,1,82.22999999999999,swap,acceptBad
6442,4,141.1200000000003,1,82.22999999999999,2opt,notBad
6443,4,141.1200000000003,1,82.22999999999999,move,improve
6444,4,141.1200000000003,1,82.22999999999999,swap,notBad
6445,4,141.1200000000003,1,82.22999999999999,2opt,notBad
6446,4,141.1200000000003,1,82.22999999999999,2opt,improve
6447,4,141.1200000000003,1,82.22999999999999,2opt,notBad
6448,4,141.1200000000003,1,82.22999999999999,move,improve
6449,4,141.1200000000003,1,82.22999999999999,move,improve
6450,4,141.1200000000003,1,82.22999999999999,2opt,notBad
6451,4,141.1200000000003,1,82.22999999999999,move,improve
6452,4,141.1200000000003,1,82.22999999999999,move,improve
6453,4,141.1200000000003,1,82.22999999999999,2opt,notBad
6454,4,141.1200000000003,1,82.22999999999999,swap,notBad
6455,4,141.1200000000003,1,82.22999999999999,swap,notBad
6456,4,141.1200000000003,1,82.22999999999999,2opt,notBad
6457,4,141.1200000000003,1,82.22999999999999,move,improve
6458,4,141.1200000000003,1,82.22999999999999,swap,notBad
6459,4,141.1200000000003,1,82.22999999999999,2opt,notBad
6460,4,141.1200000000003,1,82.22999999999999,move,improve
6461,4,141.1200000000003,1,82.22999999999999,swap,notBad
6462,4,141.1200000000003,1,82.22999999999999,2opt,notBad
6463,4,141.1200000000003,1,82.22999999999999,swap,notBad
6464,4,141.1200000000003,1,82.22999999999999,swap,notBad
6465,4,141.1200000000003,1,82.22999999999999,move,improve
6466,4,141.1200000000003,1,82.22999999999999,swap,notBad
6467,4,141.1200000000003,1,82.22999999999999,swap,notBad
6468,4,141.1200000000003,1,82.22999999999999,move,improve
6469,4,141.1200000000003,1,82.22999999999999,move,improve
6470,4,141.1200000000003,1,82.22999999999999,swap,notBad
6471,4,141.1200000000003,1,82.22999999999999,swap,notBad
6472,4,139.1700000000003,1,82.22999999999999,move,improve
6473,4,139.1700000000003,1,82.22999999999999,2opt,improve
6474,4,139.1700000000003,1,82.22999999999999,swap,notBad
6475,4,139.1700000000003,1,82.22999999999999,move,improve
6476,4,139.1700000000003,1,82.22999999999999,swap,notBad
6477,4,139.1700000000003,1,82.22999999999999,2opt,notBad
6478,4,139.1700000000003,1,82.22999999999999,2opt,notBad
6479,4,139.1700000000003,1,82.22999999999999,2opt,notBad
6480,4,139.1700000000003,1,82.22999999999999,swap,notBad
6481,4,139.1700000000003,1,82.22999999999999,2opt,notBad
6482,4,139.1700000000003,1,82.22999999999999,swap,notBad
6483,4,139.1700000000003,1,82.22999999999999,2opt,notBad
6484,4,139.1700000000003,1,82.22999999999999,swap,notBad
6485,4,139.1700000000003,1,82.22999999999999,swap,notBad
6486,4,139.1700000000003,1,82.22999999999999,move,improve
6487,4,139.1700000000003,1,82.22999999999999,swap,notBad
6488,4,139.1700000000003,1,82.22999999999999,swap,notBad
6489,4,139.1700000000003,1,82.22999999999999,2opt,notBad
6490,4,139.1700000000003,1,82.22999999999999,move,improve
6491,4,139.1700000000003,1,82.22999999999999,swap,notBad
6492,4,139.1700000000003,1,82.22999999999999,2opt,notBad
6493,4,139.1700000000003,1,82.22999999999999,2opt,notBad
6494,4,139.1700000000003,1,82.22999999999999,move,improve
6495,4,139.1700000000003,1,82.22999999999999,2opt,notBad
6496,4,139.1700000000003,1,82.22999999999999,swap,notBad
6497,4,139.1700000000003,1,82.22999999999999,move,improve
6498,4,139.1700000000003,1,82.22999999999999,2opt,notBad
6499,4,139.1700000000003,1,82.22999999999999,swap,notBad
6500,4,139.1700000000003,1,82.22999999999999,2opt,notBad
6501,4,139.1700000000003,1,82.22999999999999,swap,notBad
6502,4,139.1700000000003,1,82.22999999999999,2opt,notBad
6503,4,139.1700000000003,1,82.22999999999999,2opt,notBad
6504,4,139.1700000000003,1,82.22999999999999,move,improve
6505,4,139.1700000000003,1,82.22999999999999,move,improve
6506,4,139.1700000000003,1,82.22999999999999,swap,notBad
6507,4,139.1700000000003,1,82.22999999999999,2opt,improve
6508,4,139.1700000000003,1,82.22999999999999,2opt,notBad
6509,4,139.1700000000003,1,82.22999999999999,move,notBad
6510,4,139.1700000000003,1,82.22999999999999,move,improve
6511,4,139.1700000000003,1,82.22999999999999,2opt,notBad
6512,4,139.1700000000003,1,82.22999999999999,2opt,notBad
6513,4,139.1700000000003,1,82.22999999999999,2opt,notBad
6514,4,139.1700000000003,1,82.22999999999999,2opt,notBad
6515,4,139.1700000000003,1,82.22999999999999,move,improve
6516,4,139.1700000000003,1,82.22999999999999,2opt,improve
6517,4,139.1700000000003,1,82.22999999999999,swap,notBad
6518,4,139.1700000000003,1,82.22999999999999,2opt,notBad
6519,4,139.1700000000003,1,82.22999999999999,move,improve
6520,4,139.1700000000003,1,82.22999999999999,2opt,notBad
6521,4,139.1700000000003,1,82.22999999999999,move,improve
6522,4,139.1700000000003,1,82.22999999999999,2opt,improve
6523,4,139.1700000000003,1,82.22999999999999,2opt,notBad
6524,4,139.1700000000003,1,82.22999999999999,move,improve
6525,4,139.1700000000003,1,82.22999999999999,move,improve
6526,4,139.1700000000003,1,82.22999999999999,move,improve
6527,4,139.1700000000003,1,82.22999999999999,2opt,notBad
6528,4,139.1700000000003,1,82.22999999999999,swap,notBad
6529,4,139.1700000000003,1,82.22999999999999,2opt,notBad
6530,4,139.1700000000003,1,82.22999999999999,swap,notBad
6531,4,139.1700000000003,1,82.22999999999999,2opt,notBad
6532,4,139.1700000000003,1,82.22999999999999,move,improve
6533,4,139.1700000000003,1,82.22999999999999,swap,notBad
6534,4,139.1700000000003,1,82.22999999999999,move,improve
6535,4,139.1700000000003,1,82.22999999999999,move,improve
6536,4,139.1700000000003,1,82.22999999999999,move,improve
6537,4,139.1700000000003,1,82.22999999999999,2opt,notBad
6538,4,139.1700000000003,1,82.22999999999999,swap,notBad
6539,4,149.97000000000048,1,82.22999999999999,move,acceptBad
6540,4,149.97000000000048,1,82.22999999999999,move,improve
6541,4,149.97000000000048,1,82.22999999999999,2opt,notBad
6542,4,149.97000000000048,1,82.22999999999999,swap,notBad
6543,4,149.97000000000048,1,82.22999999999999,2opt,notBad
6544,4,139.1700000000003,1,82.22999999999999,move,improve
6545,4,139.1700000000003,1,82.22999999999999,move,improve
6546,4,139.1700000000003,1,82.22999999999999,2opt,notBad
6547,4,139.1700000000003,1,82.22999999999999,2opt,notBad
6548,4,139.1700000000003,1,82.22999999999999,move,improve
6549,4,139.1700000000003,1,82.22999999999999,swap,notBad
6550,4,139.1700000000003,1,82.22999999999999,swap,notBad
6551,4,139.1700000000003,1,82.22999999999999,swap,notBad
6552,4,139.1700000000003,1,82.22999999999999,swap,notBad
6553,4,139.1700000000003,1,82.22999999999999,2opt,notBad
6554,4,139.1700000000003,1,82.22999999999999,move,improve
6555,4,139.1700000000003,1,82.22999999999999,2opt,notBad
6556,4,139.1700000000003,1,82.22999999999999,move,improve
6557,4,139.1700000000003,1,82.22999999999999,move,improve
6558,4,139.1700000000003,1,82.22999999999999,move,improve
6559,4,139.1700000000003,1,82.22999999999999,move,improve
6560,4,149.97000000000048,1,82.22999999999999,move,acceptBad
6561,4,149.97000000000048,1,82.22999999999999,2opt,notBad
6562,4,149.97000000000048,1,82.22999999999999,2opt,notBad
6563,4,149.97000000000048,1,82.22999999999999,swap,notBad
6564,4,149.97000000000048,1,82.22999999999999,swap,notBad
6565,4,149.97000000000048,1,82.22999999999999,swap,notBad
6566,4,149.97000000000048,1,82.22999999999999,move,improve
6567,4,149.97000000000048,1,82.22999999999999,move,improve
6568,4,149.97000000000048,1,82.22999999999999,move,improve
6569,4,149.97000000000048,1,82.22999999999999,2opt,notBad
6570,4,149.97000000000048,1,82.22999999999999,move,improve
6571,4,149.97000000000048,1,82.22999999999999,2opt,notBad
6572,4,149.97000000000048,1,82.22999999999999,2opt,improve
6573,4,149.97000000000048,1,82.22999999999999,2opt,notBad
6574,4,149.97000000000048,1,82.22999999999999,swap,notBad
6575,4,149.97000000000048,1,82.22999999999999,2opt,notBad
6576,4,149.97000000000048,1,82.22999999999999,move,improve
6577,4,149.97000000000048,1,82.22999999999999,2opt,notBad
6578,4,149.97000000000048,1,82.22999999999999,swap,notBad
6579,4,149.97000000000048,1,82.22999999999999,2opt,notBad
6580,4,149.97000000000048,1,82.22999999999999,swap,notBad
6581,4,149.97000000000048,1,82.22999999999999,swap,notBad
6582,4,149.97000000000048,1,82.22999999999999,2opt,notBad
6583,4,149.97000000000048,1,82.22999999999999,swap,notBad
6584,4,149.97000000000048,1,82.22999999999999,2opt,notBad
6585,4,149.97000000000048,1,82.22999999999999,2opt,notBad
6586,4,149.97000000000048,1,82.22999999999999,move,improve
6587,4,149.97000000000048,1,82.22999999999999,move,improve
6588,4,149.97000000000048,1,82.22999999999999,swap,notBad
6589,4,149.97000000000048,1,82.22999999999999,move,improve
6590,4,149.97000000000048,1,82.22999999999999,move,improve
6591,4,149.97000000000048,1,82.22999999999999,move,improve
6592,4,149.97000000000048,1,82.22999999999999,swap,notBad
6593,4,149.97000000000048,1,82.22999999999999,2opt,notBad
6594,4,149.97000000000048,1,82.22999999999999,move,improve
6595,4,149.97000000000048,1,82.22999999999999,2opt,notBad
6596,4,149.97000000000048,1,82.22999999999999,move,improve
6597,4,149.97000000000048,1,82.22999999999999,swap,notBad
6598,4,149.97000000000048,1,82.22999999999999,swap,notBad
6599,4,149.97000000000048,1,82.22999999999999,swap,notBad
6600,4,149.97000000000048,1,82.22999999999999,swap,notBad
6601,4,149.97000000000048,1,82.22999999999999,swap,notBad
6602,4,149.97000000000048,1,82.22999999999999,move,improve
6603,4,149.97000000000048,1,82.22999999999999,swap,notBad
6604,4,149.97000000000048,1,82.22999999999999,move,improve
6605,4,149.97000000000048,1,82.22999999999999,2opt,notBad
6606,4,149.97000000000048,1,82.22999999999999,swap,notBad
6607,4,149.97000000000048,1,82.22999999999999,move,improve
6608,4,149.97000000000048,1,82.22999999999999,move,improve
6609,4,149.97000000000048,1,82.22999999999999,2opt,notBad
6610,4,149.97000000000048,1,82.22999999999999,2opt,notBad
6611,4,149.97000000000048,1,82.22999999999999,2opt,notBad
6612,4,149.97000000000048,1,82.22999999999999,2opt,notBad
6613,4,149.97000000000048,1,82.22999999999999,2opt,notBad
6614,4,149.97000000000048,1,82.22999999999999,move,improve
6615,4,149.97000000000048,1,82.22999999999999,2opt,notBad
6616,4,149.97000000000048,1,82.22999999999999,swap,notBad
6617,4,149.97000000000048,1,82.22999999999999,swap,notBad
6618,4,149.97000000000048,1,82.22999999999999,move,improve
6619,4,149.97000000000048,1,82.22999999999999,move,improve
6620,4,149.97000000000048,1,82.22999999999999,2opt,notBad
6621,4,149.97000000000048,1,82.22999999999999,swap,notBad
6622,4,149.97000000000048,1,82.22999999999999,2opt,notBad
6623,4,149.97000000000048,1,82.22999999999999,2opt,notBad
6624,4,149.97000000000048,1,82.22999999999999,2opt,notBad
6625,4,149.97000000000048,1,82.22999999999999,move,improve
6626,4,149.97000000000048,1,82.22999999999999,2opt,notBad
6627,4,149.97000000000048,1,82.22999999999999,move,improve
6628,4,149.97000000000048,1,82.22999999999999,move,improve
6629,4,149.97000000000048,1,82.22999999999999,2opt,notBad
6630,4,149.97000000000048,1,82.22999999999999,2opt,notBad
6631,4,149.97000000000048,1,82.22999999999999,swap,notBad
6632,4,149.97000000000048,1,82.22999999999999,move,improve
6633,4,149.97000000000048,1,82.22999999999999,swap,notBad
6634,4,149.97000000000048,1,82.22999999999999,swap,notBad
6635,4,149.97000000000048,1,82.22999999999999,move,improve
6636,4,149.97000000000048,1,82.22999999999999,move,improve
6637,4,149.97000000000048,1,82.22999999999999,2opt,notBad
6638,4,149.97000000000048,1,82.22999999999999,swap,notBad
6639,4,149.97000000000048,1,82.22999999999999,swap,notBad
6640,4,149.97000000000048,1,82.22999999999999,move,improve
6641,4,149.97000000000048,1,82.22999999999999,move,improve
6642,4,149.97000000000048,1,82.22999999999999,move,improve
6643,4,149.97000000000048,1,82.22999999999999,move,improve
6644,4,149.97000000000048,1,82.22999999999999,swap,notBad
6645,4,149.97000000000048,1,82.22999999999999,2opt,notBad
6646,4,149.97000000000048,1,82.22999999999999,move,improve
6647,4,149.97000000000048,1,82.22999999999999,swap,notBad
6648,4,149.97000000000048,1,82.22999999999999,2opt,notBad
6649,4,149.97000000000048,1,82.22999999999999,move,improve
6650,4,149.97000000000048,1,82.22999999999999,move,improve
6651,4,149.97000000000048,1,82.22999999999999,swap,notBad
6652,4,149.97000000000048,1,82.22999999999999,move,improve
6653,4,149.97000000000048,1,82.22999999999999,2opt,notBad
6654,4,149.97000000000048,1,82.22999999999999,2opt,improve
6655,4,149.97000000000048,1,82.22999999999999,move,improve
6656,4,149.97000000000048,1,82.22999999999999,move,improve
6657,4,149.97000000000048,1,82.22999999999999,2opt,notBad
6658,4,149.97000000000048,1,82.22999999999999,swap,notBad
6659,4,149.97000000000048,1,82.22999999999999,move,improve
6660,4,149.97000000000048,1,82.22999999999999,swap,notBad
6661,4,149.97000000000048,1,82.22999999999999,move,improve
6662,4,149.97000000000048,1,82.22999999999999,swap,notBad
6663,4,149.97000000000048,1,82.22999999999999,move,improve
6664,4,149.97000000000048,1,82.22999999999999,swap,notBad
6665,4,149.97000000000048,1,82.22999999999999,swap,notBad
6666,4,149.97000000000048,1,82.22999999999999,move,improve
6667,4,149.97000000000048,1,82.22999999999999,2opt,notBad
6668,4,149.97000000000048,1,82.22999999999999,swap,notBad
6669,4,149.97000000000048,1,82.22999999999999,2opt,notBad
6670,4,149.97000000000048,1,82.22999999999999,2opt,notBad
6671,4,149.97000000000048,1,82.22999999999999,move,improve
6672,4,149.97000000000048,1,82.22999999999999,move,improve
6673,4,149.97000000000048,1,82.22999999999999,2opt,notBad
6674,4,149.97000000000048,1,82.22999999999999,swap,notBad
6675,4,149.97000000000048,1,82.22999999999999,2opt,notBad
6676,4,149.97000000000048,1,82.22999999999999,swap,notBad
6677,4,149.97000000000048,1,82.22999999999999,2opt,notBad
6678,4,149.97000000000048,1,82.22999999999999,swap,notBad
6679,4,149.97000000000048,1,82.22999999999999,2opt,notBad
6680,4,149.97000000000048,1,82.22999999999999,2opt,notBad
6681,4,149.97000000000048,1,82.22999999999999,swap,notBad
6682,4,141.62999999999994,1,82.22999999999999,swap,improve
6683,4,141.62999999999994,1,82.22999999999999,move,improve
6684,4,141.62999999999994,1,82.22999999999999,2opt,notBad
6685,4,141.62999999999994,1,82.22999999999999,move,improve
6686,4,141.62999999999994,1,82.22999999999999,2opt,notBad
6687,4,141.62999999999994,1,82.22999999999999,move,improve
6688,4,141.62999999999994,1,82.22999999999999,swap,notBad
6689,4,141.62999999999994,1,82.22999999999999,swap,notBad
6690,4,141.62999999999994,1,82.22999999999999,move,improve
6691,4,141.62999999999994,1,82.22999999999999,move,improve
6692,4,141.62999999999994,1,82.22999999999999,swap,notBad
6693,4,141.62999999999994,1,82.22999999999999,2opt,notBad
6694,4,141.62999999999994,1,82.22999999999999,swap,notBad
6695,4,141.62999999999994,1,82.22999999999999,2opt,notBad
6696,4,141.62999999999994,1,82.22999999999999,2opt,improve
6697,4,141.62999999999994,1,82.22999999999999,2opt,notBad
6698,4,141.62999999999994,1,82.22999999999999,swap,notBad
6699,4,141.62999999999994,1,82.22999999999999,move,improve
6700,4,141.62999999999994,1,82.22999999999999,swap,notBad
6701,4,141.62999999999994,1,82.22999999999999,move,improve
6702,4,141.62999999999994,1,82.22999999999999,move,improve
6703,4,141.62999999999994,1,82.22999999999999,2opt,notBad
6704,4,141.62999999999994,1,82.22999999999999,move,improve
6705,4,141.62999999999994,1,82.22999999999999,move,improve
6706,4,141.62999999999994,1,82.22999999999999,2opt,notBad
6707,4,141.62999999999994,1,82.22999999999999,2opt,notBad
6708,4,141.62999999999994,1,82.22999999999999,swap,notBad
6709,4,141.62999999999994,1,82.22999999999999,move,improve
6710,4,141.62999999999994,1,82.22999999999999,2opt,notBad
6711,4,141.62999999999994,1,82.22999999999999,move,improve
6712,4,141.62999999999994,1,82.22999999999999,swap,notBad
6713,4,141.62999999999994,1,82.22999999999999,2opt,notBad
6714,4,141.62999999999994,1,82.22999999999999,2opt,notBad
6715,4,141.62999999999994,1,82.22999999999999,swap,notBad
6716,4,141.62999999999994,1,82.22999999999999,swap,notBad
6717,4,141.62999999999994,1,82.22999999999999,move,improve
6718,4,141.62999999999994,1,82.22999999999999,swap,notBad
6719,4,141.62999999999994,1,82.22999999999999,swap,notBad
6720,4,141.62999999999994,1,82.22999999999999,move,improve
6721,4,141.62999999999994,1,82.22999999999999,2opt,notBad
6722,4,141.62999999999994,1,82.22999999999999,move,improve
6723,4,141.62999999999994,1,82.22999999999999,move,improve
6724,4,141.62999999999994,1,82.22999999999999,2opt,notBad
6725,4,141.62999999999994,1,82.22999999999999,move,improve
6726,4,141.62999999999994,1,82.22999999999999,move,improve
6727,4,141.62999999999994,1,82.22999999999999,move,improve
6728,4,141.62999999999994,1,82.22999999999999,move,improve
6729,4,141.62999999999994,1,82.22999999999999,move,improve
6730,4,141.62999999999994,1,82.22999999999999,move,improve
6731,4,141.62999999999994,1,82.22999999999999,move,improve
6732,4,141.62999999999994,1,82.22999999999999,swap,notBad
6733,4,141.62999999999994,1,82.22999999999999,move,improve
6734,4,141.62999999999994,1,82.22999999999999,move,improve
6735,4,141.62999999999994,1,82.22999999999999,move,improve
6736,4,141.62999999999994,1,82.22999999999999,swap,notBad
6737,4,141.62999999999994,1,82.22999999999999,swap,notBad
6738,4,141.62999999999994,1,82.22999999999999,2opt,notBad
6739,4,141.62999999999994,1,82.22999999999999,swap,notBad
6740,4,141.62999999999994,1,82.22999999999999,2opt,notBad
6741,4,141.62999999999994,1,82.22999999999999,swap,notBad
6742,4,141.62999999999994,1,82.22999999999999,move,improve
6743,4,141.62999999999994,1,82.22999999999999,swap,notBad
6744,4,141.62999999999994,1,82.22999999999999,2opt,notBad
6745,4,141.62999999999994,1,82.22999999999999,swap,notBad
6746,4,141.62999999999994,1,82.22999999999999,swap,notBad
6747,4,141.62999999999994,1,82.22999999999999,2opt,notBad
6748,4,141.62999999999994,1,82.22999999999999,2opt,notBad
6749,4,141.62999999999994,1,82.22999999999999,move,improve
6750,4,141.62999999999994,1,82.22999999999999,swap,notBad
6751,4,141.62999999999994,1,82.22999999999999,2opt,notBad
6752,4,141.62999999999994,1,82.22999999999999,2opt,notBad
6753,4,141.62999999999994,1,82.22999999999999,move,improve
6754,4,141.62999999999994,1,82.22999999999999,swap,notBad
6755,4,141.62999999999994,1,82.22999999999999,2opt,improve
6756,4,141.62999999999994,1,82.22999999999999,2opt,notBad
6757,4,141.62999999999994,1,82.22999999999999,2opt,notBad
6758,4,141.62999999999994,1,82.22999999999999,move,improve
6759,4,141.62999999999994,1,82.22999999999999,2opt,improve
6760,4,141.62999999999994,1,82.22999999999999,swap,notBad
6761,4,141.62999999999994,1,82.22999999999999,2opt,notBad
6762,4,141.62999999999994,1,82.22999999999999,swap,notBad
6763,4,141.62999999999994,1,82.22999999999999,2opt,notBad
6764,4,141.62999999999994,1,82.22999999999999,move,improve
6765,4,141.62999999999994,1,82.22999999999999,move,improve
6766,4,141.62999999999994,1,82.22999999999999,swap,notBad
6767,4,141.62999999999994,1,82.22999999999999,2opt,notBad
6768,4,141.62999999999994,1,82.22999999999999,move,improve
6769,4,141.62999999999994,1,82.22999999999999,2opt,improve
6770,4,141.62999999999994,1,82.22999999999999,2opt,notBad
6771,4,141.62999999999994,1,82.22999999999999,move,improve
6772,4,141.62999999999994,1,82.22999999999999,2opt,notBad
6773,4,141.62999999999994,1,82.22999999999999,swap,notBad
6774,4,141.62999999999994,1,82.22999999999999,swap,notBad
6775,4,141.62999999999994,1,82.22999999999999,2opt,improve
6776,4,141.62999999999994,1,82.22999999999999,move,improve
6777,4,141.62999999999994,1,82.22999999999999,swap,notBad
6778,4,141.62999999999994,1,82.22999999999999,2opt,notBad
6779,4,141.62999999999994,1,82.22999999999999,move,improve
6780,4,141.62999999999994,1,82.22999999999999,swap,notBad
6781,4,141.62999999999994,1,82.22999999999999,2opt,notBad
6782,4,141.62999999999994,1,82.22999999999999,swap,notBad
6783,4,141.62999999999994,1,82.22999999999999,2opt,improve
6784,4,141.62999999999994,1,82.22999999999999,move,improve
6785,4,141.62999999999994,1,82.22999999999999,2opt,notBad
6786,4,141.62999999999994,1,82.22999999999999,move,improve
6787,4,141.62999999999994,1,82.22999999999999,move,improve
6788,4,141.62999999999994,1,82.22999999999999,swap,notBad
6789,4,141.62999999999994,1,82.22999999999999,swap,notBad
6790,4,141.62999999999994,1,82.22999999999999,swap,notBad
6791,4,141.62999999999994,1,82.22999999999999,swap,notBad
6792,4,141.62999999999994,1,82.22999999999999,move,improve
6793,4,141.62999999999994,1,82.22999999999999,swap,notBad
6794,4,141.62999999999994,1,82.22999999999999,2opt,notBad
6795,4,141.62999999999994,1,82.22999999999999,2opt,notBad
6796,4,141.62999999999994,1,82.22999999999999,swap,notBad
6797,4,141.62999999999994,1,82.22999999999999,swap,notBad
6798,4,141.62999999999994,1,82.22999999999999,swap,notBad
6799,4,141.62999999999994,1,82.22999999999999,2opt,notBad
6800,4,141.62999999999994,1,82.22999999999999,2opt,notBad
6801,4,141.62999999999994,1,82.22999999999999,swap,notBad
6802,4,141.62999999999994,1,82.22999999999999,move,improve
6803,4,141.62999999999994,1,82.22999999999999,swap,notBad
6804,4,141.62999999999994,1,82.22999999999999,2opt,notBad
6805,4,141.62999999999994,1,82.22999999999999,move,improve
6806,4,141.62999999999994,1,82.22999999999999,2opt,notBad
6807,4,141.62999999999994,1,82.22999999999999,2opt,notBad
6808,4,141.62999999999994,1,82.22999999999999,2opt,improve
6809,4,141.62999999999994,1,82.22999999999999,swap,notBad
6810,4,141.62999999999994,1,82.22999999999999,2opt,notBad
6811,4,141.62999999999994,1,82.22999999999999,swap,notBad
6812,4,141.62999999999994,1,82.22999999999999,move,improve
6813,4,141.62999999999994,1,82.22999999999999,2opt,notBad
6814,4,141.62999999999994,1,82.22999999999999,move,improve
6815,4,141.62999999999994,1,82.22999999999999,move,improve
6816,4,141.62999999999994,1,82.22999999999999,move,improve
6817,4,143.99999999999994,1,82.22999999999999,swap,acceptBad
6818,4,143.99999999999994,1,82.22999999999999,swap,notBad
6819,4,143.99999999999994,1,82.22999999999999,move,improve
6820,4,143.99999999999994,1,82.22999999999999,2opt,notBad
6821,4,143.99999999999994,1,82.22999999999999,move,improve
6822,4,143.99999999999994,1,82.22999999999999,swap,notBad
6823,4,143.99999999999994,1,82.22999999999999,2opt,improve
6824,4,143.99999999999994,1,82.22999999999999,swap,notBad
6825,4,143.99999999999994,1,82.22999999999999,move,improve
6826,4,143.99999999999994,1,82.22999999999999,move,improve
6827,4,143.99999999999994,1,82.22999999999999,move,improve
6828,4,143.99999999999994,1,82.22999999999999,swap,notBad
6829,4,141.62999999999994,1,82.22999999999999,move,improve
6830,4,141.62999999999994,1,82.22999999999999,move,notBad
6831,4,141.62999999999994,1,82.22999999999999,swap,notBad
6832,4,141.62999999999994,1,82.22999999999999,swap,notBad
6833,4,141.62999999999994,1,82.22999999999999,swap,notBad
6834,4,141.62999999999994,1,82.22999999999999,2opt,notBad
6835,4,141.62999999999994,1,82.22999999999999,swap,notBad
6836,4,141.62999999999994,1,82.22999999999999,move,improve
6837,4,141.62999999999994,1,82.22999999999999,2opt,improve
6838,4,141.62999999999994,1,82.22999999999999,move,improve
6839,4,141.62999999999994,1,82.22999999999999,move,improve
6840,4,141.62999999999994,1,82.22999999999999,swap,notBad
6841,4,141.62999999999994,1,82.22999999999999,swap,notBad
6842,4,141.62999999999994,1,82.22999999999999,move,improve
6843,4,141.62999999999994,1,82.22999999999999,move,improve
6844,4,141.62999999999994,1,82.22999999999999,2opt,notBad
6845,4,141.62999999999994,1,82.22999999999999,2opt,notBad
6846,4,141.62999999999994,1,82.22999999999999,2opt,notBad
6847,4,141.62999999999994,1,82.22999999999999,move,improve
6848,4,141.62999999999994,1,82.22999999999999,2opt,notBad
6849,4,141.62999999999994,1,82.22999999999999,swap,notBad
6850,4,141.62999999999994,1,82.22999999999999,move,improve
6851,4,141.62999999999994,1,82.22999999999999,2opt,notBad
6852,4,141.62999999999994,1,82.22999999999999,2opt,notBad
6853,4,141.62999999999994,1,82.22999999999999,move,improve
6854,4,141.62999999999994,1,82.22999999999999,2opt,notBad
6855,4,141.62999999999994,1,82.22999999999999,2opt,notBad
6856,4,141.62999999999994,1,82.22999999999999,2opt,notBad
6857,4,141.62999999999994,1,82.22999999999999,2opt,notBad
6858,4,141.62999999999994,1,82.22999999999999,swap,notBad
6859,4,141.62999999999994,1,82.22999999999999,move,improve
6860,4,141.62999999999994,1,82.22999999999999,swap,notBad
6861,4,141.62999999999994,1,82.22999999999999,2opt,notBad
6862,4,141.62999999999994,1,82.22999999999999,swap,notBad
6863,4,141.62999999999994,1,82.22999999999999,swap,notBad
6864,4,141.62999999999994,1,82.22999999999999,2opt,notBad
6865,4,141.62999999999994,1,82.22999999999999,move,improve
6866,4,141.62999999999994,1,82.22999999999999,swap,notBad
6867,4,141.62999999999994,1,82.22999999999999,move,notBad
6868,4,141.62999999999994,1,82.22999999999999,move,improve
6869,4,141.62999999999994,1,82.22999999999999,2opt,improve
6870,4,141.62999999999994,1,82.22999999999999,move,improve
6871,4,141.62999999999994,1,82.22999999999999,2opt,notBad
6872,4,141.62999999999994,1,82.22999999999999,2opt,notBad
6873,4,141.62999999999994,1,82.22999999999999,move,improve
6874,4,141.62999999999994,1,82.22999999999999,move,improve
6875,4,141.62999999999994,1,82.22999999999999,move,improve
6876,4,141.62999999999994,1,82.22999999999999,2opt,notBad
6877,4,141.62999999999994,1,82.22999999999999,2opt,notBad
6878,4,141.62999999999994,1,82.22999999999999,swap,notBad
6879,4,141.62999999999994,1,82.22999999999999,swap,notBad
6880,4,141.62999999999994,1,82.22999999999999,2opt,notBad
6881,4,141.62999999999994,1,82.22999999999999,move,improve
6882,4,140.39999999999992,1,82.22999999999999,2opt,improve
6883,4,140.39999999999992,1,82.22999999999999,swap,notBad
6884,4,140.39999999999992,1,82.22999999999999,2opt,improve
6885,4,140.39999999999992,1,82.22999999999999,swap,notBad
6886,4,140.39999999999992,1,82.22999999999999,swap,notBad
6887,4,140.39999999999992,1,82.22999999999999,move,improve
6888,4,140.39999999999992,1,82.22999999999999,move,improve
6889,4,140.39999999999992,1,82.22999999999999,move,notBad
6890,4,140.39999999999992,1,82.22999999999999,move,improve
6891,4,140.39999999999992,1,82.22999999999999,move,improve
6892,4,140.39999999999992,1,82.22999999999999,swap,notBad
6893,4,140.39999999999992,1,82.22999999999999,move,improve
6894,4,140.39999999999992,1,82.22999999999999,move,improve
6895,4,140.39999999999992,1,82.22999999999999,swap,notBad
6896,4,140.39999999999992,1,82.22999999999999,2opt,notBad
6897,4,140.39999999999992,1,82.22999999999999,swap,notBad
6898,4,140.39999999999992,1,82.22999999999999,2opt,improve
6899,4,140.39999999999992,1,82.22999999999999,2opt,notBad
6900,4,140.39999999999992,1,82.22999999999999,move,improve
6901,4,140.39999999999992,1,82.22999999999999,2opt,notBad
6902,4,140.39999999999992,1,82.22999999999999,move,improve
6903,4,140.39999999999992,1,82.22999999999999,swap,notBad
6904,4,140.39999999999992,1,82.22999999999999,swap,notBad
6905,4,140.39999999999992,1,82.22999999999999,swap,notBad
6906,4,140.39999999999992,1,82.22999999999999,move,improve
6907,4,140.39999999999992,1,82.22999999999999,swap,notBad
6908,4,140.39999999999992,1,82.22999999999999,swap,notBad
6909,4,140.39999999999992,1,82.22999999999999,swap,notBad
6910,4,140.39999999999992,1,82.22999999999999,swap,notBad
6911,4,140.39999999999992,1,82.22999999999999,move,improve
6912,4,140.39999999999992,1,82.22999999999999,move,improve
6913,4,140.39999999999992,1,82.22999999999999,2opt,notBad
6914,4,140.39999999999992,1,82.22999999999999,swap,notBad
6915,4,140.39999999999992,1,82.22999999999999,2opt,notBad
6916,4,140.39999999999992,1,82.22999999999999,2opt,notBad
6917,4,140.39999999999992,1,82.22999999999999,swap,notBad
6918,4,140.39999999999992,1,82.22999999999999,move,improve
6919,4,140.39999999999992,1,82.22999999999999,move,improve
6920,4,140.39999999999992,1,82.22999999999999,2opt,notBad
6921,4,140.39999999999992,1,82.22999999999999,2opt,notBad
6922,4,140.39999999999992,1,82.22999999999999,move,improve
6923,4,140.39999999999992,1,82.22999999999999,swap,notBad
6924,4,140.39999999999992,1,82.22999999999999,2opt,notBad
6925,4,140.39999999999992,1,82.22999999999999,move,notBad
6926,4,140.39999999999992,1,82.22999999999999,2opt,notBad
6927,4,140.39999999999992,1,82.22999999999999,move,improve
6928,4,140.39999999999992,1,82.22999999999999,move,improve
6929,4,140.39999999999992,1,82.22999999999999,swap,notBad
6930,4,140.39999999999992,1,82.22999999999999,move,improve
6931,4,140.39999999999992,1,82.22999999999999,move,improve
6932,4,140.39999999999992,1,82.22999999999999,move,improve
6933,4,140.39999999999992,1,82.22999999999999,move,improve
6934,4,140.39999999999992,1,82.22999999999999,swap,notBad
6935,4,140.39999999999992,1,82.22999999999999,swap,notBad
6936,4,140.39999999999992,1,82.22999999999999,swap,notBad
6937,4,140.39999999999992,1,82.22999999999999,swap,notBad
6938,4,140.39999999999992,1,82.22999999999999,2opt,notBad
6939,4,140.39999999999992,1,82.22999999999999,move,improve
6940,4,140.39999999999992,1,82.22999999999999,swap,notBad
6941,4,140.39999999999992,1,82.22999999999999,swap,notBad
6942,4,140.39999999999992,1,82.22999999999999,swap,notBad
6943,4,140.39999999999992,1,82.22999999999999,move,improve
6944,4,140.39999999999992,1,82.22999999999999,2opt,notBad
6945,4,140.39999999999992,1,82.22999999999999,swap,notBad
6946,4,140.39999999999992,1,82.22999999999999,move,improve
6947,4,140.39999999999992,1,82.22999999999999,2opt,notBad
6948,4,140.39999999999992,1,82.22999999999999,swap,notBad
6949,4,140.39999999999992,1,82.22999999999999,2opt,notBad
6950,4,140.39999999999992,1,82.22999999999999,swap,notBad
6951,4,140.39999999999992,1,82.22999999999999,2opt,notBad
6952,4,140.39999999999992,1,82.22999999999999,swap,notBad
6953,4,140.39999999999992,1,82.22999999999999,swap,notBad
6954,4,140.39999999999992,1,82.22999999999999,2opt,notBad
6955,4,140.39999999999992,1,82.22999999999999,2opt,notBad
6956,4,140.39999999999992,1,82.22999999999999,swap,notBad
6957,4,140.39999999999992,1,82.22999999999999,move,improve
6958,4,140.39999999999992,1,82.22999999999999,swap,notBad
6959,4,140.39999999999992,1,82.22999999999999,swap,notBad
6960,4,140.39999999999992,1,82.22999999999999,move,improve
6961,4,140.39999999999992,1,82.22999999999999,swap,notBad
6962,4,140.39999999999992,1,82.22999999999999,move,improve
6963,4,140.39999999999992,1,82.22999999999999,swap,notBad
6964,4,140.39999999999992,1,82.22999999999999,swap,notBad
6965,4,140.39999999999992,1,82.22999999999999,move,improve
6966,4,140.39999999999992,1,82.22999999999999,swap,notBad
6967,4,140.39999999999992,1,82.22999999999999,2opt,notBad
6968,4,140.39999999999992,1,82.22999999999999,2opt,improve
6969,4,140.39999999999992,1,82.22999999999999,2opt,notBad
6970,4,140.39999999999992,1,82.22999999999999,move,improve
6971,4,140.39999999999992,1,82.22999999999999,swap,notBad
6972,4,140.39999999999992,1,82.22999999999999,2opt,notBad
6973,4,140.39999999999992,1,82.22999999999999,swap,notBad
6974,4,140.39999999999992,1,82.22999999999999,swap,notBad
6975,4,140.39999999999992,1,82.22999999999999,2opt,notBad
6976,4,140.39999999999992,1,82.22999999999999,swap,notBad
6977,4,140.39999999999992,1,82.22999999999999,2opt,improve
6978,4,140.39999999999992,1,82.22999999999999,move,improve
6979,4,140.39999999999992,1,82.22999999999999,move,improve
6980,4,140.39999999999992,1,82.22999999999999,move,improve
6981,4,140.39999999999992,1,82.22999999999999,swap,notBad
6982,4,140.39999999999992,1,82.22999999999999,2opt,notBad
6983,4,140.39999999999992,1,82.22999999999999,swap,notBad
6984,4,140.39999999999992,1,82.22999999999999,2opt,notBad
6985,4,140.39999999999992,1,82.22999999999999,2opt,notBad
6986,4,140.39999999999992,1,82.22999999999999,swap,notBad
6987,4,140.39999999999992,1,82.22999999999999,swap,notBad
6988,4,140.39999999999992,1,82.22999999999999,swap,notBad
6989,4,140.39999999999992,1,82.22999999999999,2opt,notBad
6990,4,140.39999999999992,1,82.22999999999999,move,improve
6991,4,140.39999999999992,1,82.22999999999999,2opt,notBad
6992,4,140.39999999999992,1,82.22999999999999,2opt,notBad
6993,4,140.39999999999992,1,82.22999999999999,move,improve
6994,4,140.39999999999992,1,82.22999999999999,swap,notBad
6995,4,140.39999999999992,1,82.22999999999999,move,improve
6996,4,140.39999999999992,1,82.22999999999999,move,improve
6997,4,140.39999999999992,1,82.22999999999999,swap,notBad
6998,4,140.39999999999992,1,82.22999999999999,swap,notBad
6999,4,140.39999999999992,1,82.22999999999999,2opt,notBad
7000,4,140.39999999999992,1,82.22999999999999,move,improve
7001,4,140.39999999999992,1,82.22999999999999,swap,notBad
7002,4,140.39999999999992,1,82.22999999999999,swap,notBad
7003,4,140.39999999999992,1,82.22999999999999,swap,notBad
7004,4,140.39999999999992,1,82.22999999999999,move,improve
7005,4,140.39999999999992,1,82.22999999999999,move,improve
7006,4,140.39999999999992,1,82.22999999999999,move,improve
7007,4,140.39999999999992,1,82.22999999999999,2opt,notBad
7008,4,140.39999999999992,1,82.22999999999999,2opt,notBad
7009,4,140.39999999999992,1,82.22999999999999,2opt,notBad
7010,4,140.39999999999992,1,82.22999999999999,2opt,notBad
7011,4,140.39999999999992,1,82.22999999999999,2opt,improve
7012,4,140.39999999999992,1,82.22999999999999,swap,notBad
7013,4,140.39999999999992,1,82.22999999999999,2opt,notBad
7014,4,140.39999999999992,1,82.22999999999999,swap,notBad
7015,4,140.39999999999992,1,82.22999999999999,swap,notBad
7016,4,140.39999999999992,1,82.22999999999999,2opt,notBad
7017,4,140.39999999999992,1,82.22999999999999,move,improve
7018,4,140.39999999999992,1,82.22999999999999,2opt,notBad
7019,4,140.39999999999992,1,82.22999999999999,move,improve
7020,4,140.39999999999992,1,82.22999999999999,move,improve
7021,4,140.39999999999992,1,82.22999999999999,move,improve
7022,4,140.39999999999992,1,82.22999999999999,2opt,improve
7023,4,140.39999999999992,1,82.22999999999999,2opt,notBad
7024,4,140.39999999999992,1,82.22999999999999,move,improve
7025,4,140.39999999999992,1,82.22999999999999,move,improve
7026,4,140.39999999999992,1,82.22999999999999,move,improve
7027,4,140.39999999999992,1,82.22999999999999,2opt,notBad
7028,4,140.39999999999992,1,82.22999999999999,swap,notBad
7029,4,140.39999999999992,1,82.22999999999999,move,improve
7030,4,140.39999999999992,1,82.22999999999999,2opt,notBad
7031,4,140.39999999999992,1,82.22999999999999,swap,notBad
7032,4,140.39999999999992,1,82.22999999999999,swap,notBad
7033,4,140.39999999999992,1,82.22999999999999,2opt,notBad
7034,4,140.39999999999992,1,82.22999999999999,swap,notBad
7035,4,140.39999999999992,1,82.22999999999999,swap,notBad
7036,4,140.39999999999992,1,82.22999999999999,move,improve
7037,4,140.39999999999992,1,82.22999999999999,swap,notBad
7038,4,140.39999999999992,1,82.22999999999999,2opt,notBad
7039,4,140.39999999999992,1,82.22999999999999,2opt,notBad
7040,4,140.39999999999992,1,82.22999999999999,move,improve
7041,4,140.39999999999992,1,82.22999999999999,move,improve
7042,4,140.39999999999992,1,82.22999999999999,2opt,improve
7043,4,140.39999999999992,1,82.22999999999999,move,improve
7044,4,140.39999999999992,1,82.22999999999999,2opt,notBad
7045,4,140.39999999999992,1,82.22999999999999,move,improve
7046,4,140.39999999999992,1,82.22999999999999,swap,notBad
7047,4,140.39999999999992,1,82.22999999999999,swap,notBad
7048,4,140.39999999999992,1,82.22999999999999,2opt,notBad
7049,4,140.39999999999992,1,82.22999999999999,move,improve
7050,4,140.39999999999992,1,82.22999999999999,move,improve
7051,4,140.39999999999992,1,82.22999999999999,swap,notBad
7052,4,140.39999999999992,1,82.22999999999999,move,improve
7053,4,140.39999999999992,1,82.22999999999999,swap,notBad
7054,4,142.3499999999999,1,82.22999999999999,swap,acceptBad
7055,4,142.3499999999999,1,82.22999999999999,2opt,notBad
7056,4,142.3499999999999,1,82.22999999999999,move,improve
7057,4,142.3499999999999,1,82.22999999999999,2opt,notBad
7058,4,142.3499999999999,1,82.22999999999999,swap,notBad
7059,4,142.3499999999999,1,82.22999999999999,swap,notBad
7060,4,142.3499999999999,1,82.22999999999999,swap,notBad
7061,4,142.3499999999999,1,82.22999999999999,swap,notBad
7062,4,142.3499999999999,1,82.22999999999999,move,improve
7063,4,142.3499999999999,1,82.22999999999999,move,improve
7064,4,142.3499999999999,1,82.22999999999999,swap,notBad
7065,4,142.3499999999999,1,82.22999999999999,move,improve
7066,4,142.3499999999999,1,82.22999999999999,move,improve
7067,4,142.3499999999999,1,82.22999999999999,2opt,notBad
7068,4,142.3499999999999,1,82.22999999999999,swap,notBad
7069,4,142.3499999999999,1,82.22999999999999,move,notBad
7070,4,142.3499999999999,1,82.22999999999999,move,improve
7071,4,142.3499999999999,1,82.22999999999999,swap,notBad
7072,4,142.3499999999999,1,82.22999999999999,swap,notBad
7073,4,142.3499999999999,1,82.22999999999999,move,improve
7074,4,142.3499999999999,1,82.22999999999999,swap,notBad
7075,4,142.3499999999999,1,82.22999999999999,2opt,notBad
7076,4,142.3499999999999,1,82.22999999999999,swap,notBad
7077,4,142.3499999999999,1,82.22999999999999,2opt,notBad
7078,4,142.3499999999999,1,82.22999999999999,2opt,notBad
7079,4,142.3499999999999,1,82.22999999999999,2opt,notBad
7080,4,142.3499999999999,1,82.22999999999999,swap,notBad
7081,4,142.3499999999999,1,82.22999999999999,2opt,notBad
7082,4,142.3499999999999,1,82.22999999999999,swap,notBad
7083,4,140.39999999999992,1,82.22999999999999,move,improve
7084,4,140.39999999999992,1,82.22999999999999,swap,notBad
7085,4,140.39999999999992,1,82.22999999999999,2opt,notBad
7086,4,140.39999999999992,1,82.22999999999999,2opt,notBad
7087,4,140.39999999999992,1,82.22999999999999,2opt,notBad
7088,4,140.39999999999992,1,82.22999999999999,swap,notBad
7089,4,140.39999999999992,1,82.22999999999999,swap,notBad
7090,4,140.39999999999992,1,82.22999999999999,swap,notBad
7091,4,140.39999999999992,1,82.22999999999999,swap,notBad
7092,4,140.39999999999992,1,82.22999999999999,2opt,notBad
7093,4,140.39999999999992,1,82.22999999999999,2opt,notBad
7094,4,140.39999999999992,1,82.22999999999999,move,improve
7095,4,140.39999999999992,1,82.22999999999999,swap,notBad
7096,4,140.39999999999992,1,82.22999999999999,swap,notBad
7097,4,140.39999999999992,1,82.22999999999999,2opt,improve
7098,4,140.39999999999992,1,82.22999999999999,swap,notBad
7099,4,140.39999999999992,1,82.22999999999999,swap,notBad
7100,4,140.39999999999992,1,82.22999999999999,swap,notBad
7101,4,140.39999999999992,1,82.22999999999999,move,improve
7102,4,140.39999999999992,1,82.22999999999999,swap,notBad
7103,4,140.39999999999992,1,82.22999999999999,swap,notBad
7104,4,140.39999999999992,1,82.22999999999999,2opt,notBad
7105,4,140.39999999999992,1,82.22999999999999,move,improve
7106,4,140.39999999999992,1,82.22999999999999,swap,notBad
7107,4,140.39999999999992,1,82.22999999999999,swap,notBad
7108,4,140.39999999999992,1,82.22999999999999,swap,notBad
7109,4,140.39999999999992,1,82.22999999999999,swap,notBad
7110,4,140.39999999999992,1,82.22999999999999,2opt,improve
7111,4,140.39999999999992,1,82.22999999999999,move,improve
7112,4,140.39999999999992,1,82.22999999999999,move,improve
7113,4,140.39999999999992,1,82.22999999999999,2opt,improve
7114,4,140.39999999999992,1,82.22999999999999,move,improve
7115,4,140.39999999999992,1,82.22999999999999,2opt,notBad
7116,4,140.39999999999992,1,82.22999999999999,2opt,notBad
7117,4,140.39999999999992,1,82.22999999999999,move,improve
7118,4,140.39999999999992,1,82.22999999999999,move,improve
7119,4,140.39999999999992,1,82.22999999999999,swap,notBad
7120,4,140.39999999999992,1,82.22999999999999,move,improve
7121,4,140.39999999999992,1,82.22999999999999,2opt,notBad
7122,4,140.39999999999992,1,82.22999999999999,2opt,notBad
7123,4,140.39999999999992,1,82.22999999999999,2opt,improve
7124,4,140.39999999999992,1,82.22999999999999,swap,notBad
7125,4,140.39999999999992,1,82.22999999999999,2opt,notBad
7126,4,140.39999999999992,1,82.22999999999999,swap,notBad
7127,4,140.39999999999992,1,82.22999999999999,move,improve
7128,4,140.39999999999992,1,82.22999999999999,2opt,notBad
7129,4,140.39999999999992,1,82.22999999999999,swap,notBad
7130,4,140.39999999999992,1,82.22999999999999,move,improve
7131,4,140.39999999999992,1,82.22999999999999,move,improve
7132,4,140.39999999999992,1,82.22999999999999,move,improve
7133,4,140.39999999999992,1,82.22999999999999,move,improve
7134,4,140.39999999999992,1,82.22999999999999,move,improve
7135,4,140.39999999999992,1,82.22999999999999,move,improve
7136,4,140.39999999999992,1,82.22999999999999,move,improve
7137,4,140.39999999999992,1,82.22999999999999,2opt,improve
7138,4,140.39999999999992,1,82.22999999999999,2opt,notBad
7139,4,140.39999999999992,1,82.22999999999999,2opt,notBad
7140,4,140.39999999999992,1,82.22999999999999,2opt,notBad
7141,4,140.39999999999992,1,82.22999999999999,move,improve
7142,4,140.39999999999992,1,82.22999999999999,swap,notBad
7143,4,140.39999999999992,1,82.22999999999999,move,improve
7144,4,140.39999999999992,1,82.22999999999999,swap,notBad
7145,4,140.39999999999992,1,82.22999999999999,swap,notBad
7146,4,140.39999999999992,1,82.22999999999999,2opt,notBad
7147,4,140.39999999999992,1,82.22999999999999,swap,notBad
7148,4,140.39999999999992,1,82.22999999999999,swap,notBad
7149,4,140.39999999999992,1,82.22999999999999,move,improve
7150,4,140.39999999999992,1,82.22999999999999,2opt,notBad
7151,4,140.39999999999992,1,82.22999999999999,move,improve
7152,4,140.39999999999992,1,82.22999999999999,swap,notBad
7153,4,140.39999999999992,1,82.22999999999999,swap,notBad
7154,4,140.39999999999992,1,82.22999999999999,2opt,notBad
7155,4,140.39999999999992,1,82.22999999999999,move,improve
7156,4,140.39999999999992,1,82.22999999999999,2opt,notBad
7157,4,140.39999999999992,1,82.22999999999999,swap,notBad
7158,4,140.39999999999992,1,82.22999999999999,2opt,notBad
7159,4,140.39999999999992,1,82.22999999999999,2opt,notBad
7160,4,140.39999999999992,1,82.22999999999999,swap,notBad
7161,4,140.39999999999992,1,82.22999999999999,swap,notBad
7162,4,140.39999999999992,1,82.22999999999999,swap,notBad
7163,4,140.39999999999992,1,82.22999999999999,2opt,improve
7164,4,140.39999999999992,1,82.22999999999999,swap,notBad
7165,4,140.39999999999992,1,82.22999999999999,swap,notBad
7166,4,140.39999999999992,1,82.22999999999999,swap,notBad
7167,4,140.39999999999992,1,82.22999999999999,move,notBad
7168,4,140.39999999999992,1,82.22999999999999,swap,notBad
7169,4,140.39999999999992,1,82.22999999999999,swap,notBad
7170,4,140.39999999999992,1,82.22999999999999,move,improve
7171,4,140.39999999999992,1,82.22999999999999,swap,notBad
7172,4,140.39999999999992,1,82.22999999999999,swap,notBad
7173,4,140.39999999999992,1,82.22999999999999,swap,notBad
7174,4,140.39999999999992,1,82.22999999999999,move,improve
7175,4,140.39999999999992,1,82.22999999999999,2opt,notBad
7176,4,140.39999999999992,1,82.22999999999999,2opt,notBad
7177,4,140.39999999999992,1,82.22999999999999,swap,notBad
7178,4,140.39999999999992,1,82.22999999999999,move,improve
7179,4,140.39999999999992,1,82.22999999999999,move,improve
7180,4,140.39999999999992,1,82.22999999999999,swap,notBad
7181,4,142.3499999999999,1,82.22999999999999,swap,acceptBad
7182,4,142.3499999999999,1,82.22999999999999,swap,notBad
7183,4,142.3499999999999,1,82.22999999999999,2opt,notBad
7184,4,142.3499999999999,1,82.22999999999999,2opt,improve
7185,4,142.3499999999999,1,82.22999999999999,swap,notBad
7186,4,142.3499999999999,1,82.22999999999999,2opt,notBad
7187,4,142.3499999999999,1,82.22999999999999,move,improve
7188,4,142.3499999999999,1,82.22999999999999,move,improve
7189,4,142.3499999999999,1,82.22999999999999,2opt,notBad
7190,4,142.3499999999999,1,82.22999999999999,move,improve
7191,4,142.3499999999999,1,82.22999999999999,2opt,notBad
7192,4,142.3499999999999,1,82.22999999999999,2opt,notBad
7193,4,142.3499999999999,1,82.22999999999999,swap,notBad
7194,4,142.3499999999999,1,82.22999999999999,move,improve
7195,4,142.3499999999999,1,82.22999999999999,swap,notBad
7196,4,142.3499999999999,1,82.22999999999999,move,improve
7197,4,142.3499999999999,1,82.22999999999999,2opt,notBad
7198,4,142.3499999999999,1,82.22999999999999,2opt,notBad
7199,4,142.3499999999999,1,82.22999999999999,move,notBad
7200,4,142.3499999999999,1,82.22999999999999,2opt,notBad
7201,4,142.3499999999999,1,82.22999999999999,swap,notBad
7202,4,142.3499999999999,1,82.22999999999999,swap,notBad
7203,4,142.3499999999999,1,82.22999999999999,2opt,notBad
7204,4,142.3499999999999,1,82.22999999999999,move,improve
7205,4,142.3499999999999,1,82.22999999999999,move,notBad
7206,4,142.3499999999999,1,82.22999999999999,swap,notBad
7207,4,142.3499999999999,1,82.22999999999999,swap,notBad
7208,4,142.3499999999999,1,82.22999999999999,move,improve
7209,4,142.3499999999999,1,82.22999999999999,move,improve
7210,4,142.3499999999999,1,82.22999999999999,swap,notBad
7211,4,142.3499999999999,1,82.22999999999999,move,improve
7212,4,142.3499999999999,1,82.22999999999999,2opt,notBad
7213,4,142.3499999999999,1,82.22999999999999,swap,notBad
7214,4,142.3499999999999,1,82.22999999999999,swap,notBad
7215,4,142.3499999999999,1,82.22999999999999,2opt,improve
7216,4,142.3499999999999,1,82.22999999999999,swap,notBad
7217,4,142.3499999999999,1,82.22999999999999,2opt,notBad
7218,4,142.3499999999999,1,82.22999999999999,move,improve
7219,4,142.3499999999999,1,82.22999999999999,swap,notBad
7220,4,142.3499999999999,1,82.22999999999999,2opt,notBad
7221,4,142.3499999999999,1,82.22999999999999,2opt,notBad
7222,4,142.3499999999999,1,82.22999999999999,swap,notBad
7223,4,142.3499999999999,1,82.22999999999999,move,notBad
7224,4,142.3499999999999,1,82.22999999999999,swap,notBad
7225,4,142.3499999999999,1,82.22999999999999,swap,notBad
7226,4,142.3499999999999,1,82.22999999999999,swap,notBad
7227,4,142.3499999999999,1,82.22999999999999,2opt,notBad
7228,4,142.3499999999999,1,82.22999999999999,swap,notBad
7229,4,142.3499999999999,1,82.22999999999999,swap,notBad
7230,4,142.3499999999999,1,82.22999999999999,swap,notBad
7231,4,142.3499999999999,1,82.22999999999999,2opt,notBad
7232,4,142.3499999999999,1,82.22999999999999,2opt,notBad
7233,4,142.3499999999999,1,82.22999999999999,2opt,notBad
7234,4,142.3499999999999,1,82.22999999999999,move,improve
7235,4,142.3499999999999,1,82.22999999999999,move,improve
7236,4,142.3499999999999,1,82.22999999999999,2opt,notBad
7237,4,142.3499999999999,1,82.22999999999999,swap,notBad
7238,4,142.3499999999999,1,82.22999999999999,2opt,notBad
7239,4,142.3499999999999,1,82.22999999999999,move,improve
7240,4,142.3499999999999,1,82.22999999999999,2opt,notBad
7241,4,142.3499999999999,1,82.22999999999999,swap,notBad
7242,4,142.3499999999999,1,82.22999999999999,move,improve
7243,4,142.3499999999999,1,82.22999999999999,2opt,notBad
7244,4,142.3499999999999,1,82.22999999999999,swap,notBad
7245,4,142.3499999999999,1,82.22999999999999,swap,notBad
7246,4,142.3499999999999,1,82.22999999999999,swap,notBad
7247,4,142.3499999999999,1,82.22999999999999,move,improve
7248,4,142.3499999999999,1,82.22999999999999,2opt,notBad
7249,4,142.3499999999999,1,82.22999999999999,swap,notBad
7250,4,142.3499999999999,1,82.22999999999999,move,improve
7251,4,142.3499999999999,1,82.22999999999999,swap,notBad
7252,4,142.3499999999999,1,82.22999999999999,2opt,notBad
7253,4,142.3499999999999,1,82.22999999999999,2opt,notBad
7254,4,142.3499999999999,1,82.22999999999999,2opt,notBad
7255,4,142.3499999999999,1,82.22999999999999,2opt,notBad
7256,4,142.3499999999999,1,82.22999999999999,swap,notBad
7257,4,142.3499999999999,1,82.22999999999999,2opt,notBad
7258,4,142.3499999999999,1,82.22999999999999,move,improve
7259,4,142.3499999999999,1,82.22999999999999,move,improve
7260,4,142.3499999999999,1,82.22999999999999,2opt,notBad
7261,4,142.3499999999999,1,82.22999999999999,2opt,notBad
7262,4,142.3499999999999,1,82.22999999999999,2opt,notBad
7263,4,142.3499999999999,1,82.22999999999999,swap,notBad
7264,4,142.3499999999999,1,82.22999999999999,swap,notBad
7265,4,142.3499999999999,1,82.22999999999999,swap,notBad
7266,4,142.3499999999999,1,82.22999999999999,2opt,notBad
7267,4,142.3499999999999,1,82.22999999999999,swap,notBad
7268,4,142.3499999999999,1,82.22999999999999,swap,notBad
7269,4,142.3499999999999,1,82.22999999999999,swap,notBad
7270,4,142.3499999999999,1,82.22999999999999,swap,notBad
7271,4,142.3499999999999,1,82.22999999999999,2opt,notBad
7272,4,142.3499999999999,1,82.22999999999999,swap,notBad
7273,4,142.3499999999999,1,82.22999999999999,move,improve
7274,4,142.3499999999999,1,82.22999999999999,move,improve
7275,4,142.3499999999999,1,82.22999999999999,2opt,notBad
7276,4,142.3499999999999,1,82.22999999999999,2opt,notBad
7277,4,142.3499999999999,1,82.22999999999999,2opt,notBad
7278,4,142.3499999999999,1,82.22999999999999,2opt,notBad
7279,4,142.3499999999999,1,82.22999999999999,move,improve
7280,4,142.3499999999999,1,82.22999999999999,2opt,notBad
7281,4,142.3499999999999,1,82.22999999999999,2opt,notBad
7282,4,142.3499999999999,1,82.22999999999999,move,improve
7283,4,142.3499999999999,1,82.22999999999999,move,improve
7284,4,142.3499999999999,1,82.22999999999999,2opt,notBad
7285,4,142.3499999999999,1,82.22999999999999,2opt,notBad
7286,4,142.3499999999999,1,82.22999999999999,2opt,notBad
7287,4,142.3499999999999,1,82.22999999999999,move,improve
7288,4,142.3499999999999,1,82.22999999999999,swap,notBad
7289,4,142.3499999999999,1,82.22999999999999,swap,notBad
7290,4,142.3499999999999,1,82.22999999999999,swap,notBad
7291,4,142.3499999999999,1,82.22999999999999,move,improve
7292,4,142.3499999999999,1,82.22999999999999,move,improve
7293,4,142.3499999999999,1,82.22999999999999,move,improve
7294,4,142.3499999999999,1,82.22999999999999,2opt,notBad
7295,4,142.3499999999999,1,82.22999999999999,2opt,notBad
7296,4,142.3499999999999,1,82.22999999999999,2opt,improve
7297,4,142.3499999999999,1,82.22999999999999,2opt,improve
7298,4,142.3499999999999,1,82.22999999999999,move,improve
7299,4,142.3499999999999,1,82.22999999999999,move,improve
7300,4,142.3499999999999,1,82.22999999999999,swap,notBad
7301,4,142.3499999999999,1,82.22999999999999,2opt,notBad
7302,4,142.3499999999999,1,82.22999999999999,swap,notBad
7303,4,140.39999999999992,1,82.22999999999999,move,improve
7304,4,140.39999999999992,1,82.22999999999999,move,improve
7305,4,140.39999999999992,1,82.22999999999999,2opt,notBad
7306,4,140.39999999999992,1,82.22999999999999,2opt,notBad
7307,4,140.39999999999992,1,82.22999999999999,move,improve
7308,4,140.39999999999992,1,82.22999999999999,swap,notBad
7309,4,140.39999999999992,1,82.22999999999999,swap,notBad
7310,4,140.39999999999992,1,82.22999999999999,2opt,notBad
7311,4,140.39999999999992,1,82.22999999999999,swap,notBad
7312,4,140.39999999999992,1,82.22999999999999,swap,notBad
7313,4,140.39999999999992,1,82.22999999999999,move,improve
7314,4,140.39999999999992,1,82.22999999999999,move,improve
7315,4,140.39999999999992,1,82.22999999999999,2opt,notBad
7316,4,140.39999999999992,1,82.22999999999999,2opt,notBad
7317,4,140.39999999999992,1,82.22999999999999,move,improve
7318,4,140.39999999999992,1,82.22999999999999,move,improve
7319,4,140.39999999999992,1,82.22999999999999,swap,notBad
7320,4,140.39999999999992,1,82.22999999999999,move,improve
7321,4,140.39999999999992,1,82.22999999999999,swap,notBad
7322,4,140.39999999999992,1,82.22999999999999,2opt,notBad
7323,4,140.39999999999992,1,82.22999999999999,swap,notBad
7324,4,140.39999999999992,1,82.22999999999999,swap,notBad
7325,4,140.39999999999992,1,82.22999999999999,move,improve
7326,4,140.39999999999992,1,82.22999999999999,move,improve
7327,4,140.39999999999992,1,82.22999999999999,2opt,notBad
7328,4,140.39999999999992,1,82.22999999999999,2opt,notBad
7329,4,140.39999999999992,1,82.22999999999999,swap,notBad
7330,4,140.39999999999992,1,82.22999999999999,swap,notBad
7331,4,140.39999999999992,1,82.22999999999999,move,improve
7332,4,140.39999999999992,1,82.22999999999999,swap,notBad
7333,4,140.39999999999992,1,82.22999999999999,2opt,notBad
7334,4,140.39999999999992,1,82.22999999999999,move,improve
7335,4,140.39999999999992,1,82.22999999999999,move,improve
7336,4,140.39999999999992,1,82.22999999999999,2opt,notBad
7337,4,140.39999999999992,1,82.22999999999999,move,improve
7338,4,140.39999999999992,1,82.22999999999999,2opt,improve
7339,4,140.39999999999992,1,82.22999999999999,swap,notBad
7340,4,140.39999999999992,1,82.22999999999999,move,improve
7341,4,140.39999999999992,1,82.22999999999999,2opt,notBad
7342,4,140.39999999999992,1,82.22999999999999,2opt,notBad
7343,4,140.39999999999992,1,82.22999999999999,swap,notBad
7344,4,140.39999999999992,1,82.22999999999999,2opt,notBad
7345,4,140.39999999999992,1,82.22999999999999,2opt,notBad
7346,4,140.39999999999992,1,82.22999999999999,swap,notBad
7347,4,140.39999999999992,1,82.22999999999999,2opt,notBad
7348,4,140.39999999999992,1,82.22999999999999,2opt,notBad
7349,4,140.39999999999992,1,82.22999999999999,swap,notBad
7350,4,140.39999999999992,1,82.22999999999999,swap,notBad
7351,4,140.39999999999992,1,82.22999999999999,move,improve
7352,4,140.39999999999992,1,82.22999999999999,move,improve
7353,4,140.39999999999992,1,82.22999999999999,move,improve
7354,4,140.39999999999992,1,82.22999999999999,2opt,notBad
7355,4,140.39999999999992,1,82.22999999999999,swap,notBad
7356,4,140.39999999999992,1,82.22999999999999,move,improve
7357,4,140.39999999999992,1,82.22999999999999,2opt,notBad
7358,4,140.39999999999992,1,82.22999999999999,swap,notBad
7359,4,140.39999999999992,1,82.22999999999999,2opt,notBad
7360,4,140.39999999999992,1,82.22999999999999,swap,notBad
7361,4,140.39999999999992,1,82.22999999999999,swap,notBad
7362,4,140.39999999999992,1,82.22999999999999,move,improve
7363,4,140.39999999999992,1,82.22999999999999,swap,notBad
7364,4,140.39999999999992,1,82.22999999999999,2opt,notBad
7365,4,140.39999999999992,1,82.22999999999999,2opt,notBad
7366,4,140.39999999999992,1,82.22999999999999,move,improve
7367,4,140.39999999999992,1,82.22999999999999,move,improve
7368,4,140.39999999999992,1,82.22999999999999,move,improve
7369,4,140.39999999999992,1,82.22999999999999,swap,notBad
7370,4,140.39999999999992,1,82.22999999999999,move,improve
7371,4,140.39999999999992,1,82.22999999999999,2opt,notBad
7372,4,140.39999999999992,1,82.22999999999999,swap,notBad
7373,4,140.39999999999992,1,82.22999999999999,2opt,notBad
7374,4,140.39999999999992,1,82.22999999999999,swap,notBad
7375,4,140.39999999999992,1,82.22999999999999,swap,notBad
7376,4,140.39999999999992,1,82.22999999999999,2opt,improve
7377,4,140.39999999999992,1,82.22999999999999,2opt,notBad
7378,4,140.39999999999992,1,82.22999999999999,move,improve
7379,4,140.39999999999992,1,82.22999999999999,2opt,notBad
7380,4,140.39999999999992,1,82.22999999999999,move,improve
7381,4,140.39999999999992,1,82.22999999999999,2opt,notBad
7382,4,140.39999999999992,1,82.22999999999999,2opt,notBad
7383,4,140.39999999999992,1,82.22999999999999,2opt,improve
7384,4,140.39999999999992,1,82.22999999999999,swap,notBad
7385,4,140.39999999999992,1,82.22999999999999,move,improve
7386,4,140.39999999999992,1,82.22999999999999,2opt,notBad
7387,4,140.39999999999992,1,82.22999999999999,swap,notBad
7388,4,140.39999999999992,1,82.22999999999999,2opt,improve
7389,4,140.39999999999992,1,82.22999999999999,move,improve
7390,4,140.39999999999992,1,82.22999999999999,move,improve
7391,4,140.39999999999992,1,82.22999999999999,move,improve
7392,4,140.39999999999992,1,82.22999999999999,move,improve
7393,4,140.39999999999992,1,82.22999999999999,move,improve
7394,4,140.39999999999992,1,82.22999999999999,move,improve
7395,4,140.39999999999992,1,82.22999999999999,swap,notBad
7396,4,140.39999999999992,1,82.22999999999999,2opt,notBad
7397,4,140.39999999999992,1,82.22999999999999,2opt,notBad
7398,4,140.39999999999992,1,82.22999999999999,swap,notBad
7399,4,140.39999999999992,1,82.22999999999999,move,improve
7400,4,140.39999999999992,1,82.22999999999999,move,improve
7401,4,140.39999999999992,1,82.22999999999999,swap,notBad
7402,4,140.39999999999992,1,82.22999999999999,2opt,notBad
7403,4,140.39999999999992,1,82.22999999999999,2opt,notBad
7404,4,140.39999999999992,1,82.22999999999999,move,improve
7405,4,140.39999999999992,1,82.22999999999999,swap,notBad
7406,4,140.39999999999992,1,82.22999999999999,swap,notBad
7407,4,140.39999999999992,1,82.22999999999999,2opt,notBad
7408,4,140.39999999999992,1,82.22999999999999,move,improve
7409,4,140.39999999999992,1,82.22999999999999,move,improve
7410,4,140.39999999999992,1,82.22999999999999,swap,notBad
7411,4,140.39999999999992,1,82.22999999999999,swap,notBad
7412,4,140.39999999999992,1,82.22999999999999,swap,notBad
7413,4,140.39999999999992,1,82.22999999999999,move,improve
7414,4,140.39999999999992,1,82.22999999999999,2opt,notBad
7415,4,140.39999999999992,1,82.22999999999999,move,notBad
7416,4,140.39999999999992,1,82.22999999999999,move,improve
7417,4,140.39999999999992,1,82.22999999999999,move,notBad
7418,4,140.39999999999992,1,82.22999999999999,2opt,notBad
7419,4,140.39999999999992,1,82.22999999999999,2opt,improve
7420,4,140.39999999999992,1,82.22999999999999,2opt,improve
7421,4,140.39999999999992,1,82.22999999999999,move,improve
7422,4,140.39999999999992,1,82.22999999999999,swap,notBad
7423,4,140.39999999999992,1,82.22999999999999,2opt,notBad
7424,4,140.39999999999992,1,82.22999999999999,swap,notBad
7425,4,140.39999999999992,1,82.22999999999999,move,improve
7426,4,140.39999999999992,1,82.22999999999999,move,improve
7427,4,140.39999999999992,1,82.22999999999999,move,improve
7428,4,140.39999999999992,1,82.22999999999999,move,improve
7429,4,140.39999999999992,1,82.22999999999999,move,improve
7430,4,140.39999999999992,1,82.22999999999999,2opt,notBad
7431,4,140.39999999999992,1,82.22999999999999,swap,notBad
7432,4,140.39999999999992,1,82.22999999999999,move,improve
7433,4,140.39999999999992,1,82.22999999999999,swap,notBad
7434,4,140.39999999999992,1,82.22999999999999,move,improve
7435,4,140.39999999999992,1,82.22999999999999,move,improve
7436,4,140.39999999999992,1,82.22999999999999,move,improve
7437,4,140.39999999999992,1,82.22999999999999,move,improve
7438,4,140.39999999999992,1,82.22999999999999,move,improve
7439,4,140.39999999999992,1,82.22999999999999,2opt,notBad
7440,4,140.39999999999992,1,82.22999999999999,swap,notBad
7441,4,140.39999999999992,1,82.22999999999999,move,improve
7442,4,140.39999999999992,1,82.22999999999999,2opt,improve
7443,4,140.39999999999992,1,82.22999999999999,2opt,notBad
7444,4,140.39999999999992,1,82.22999999999999,2opt,notBad
7445,4,140.39999999999992,1,82.22999999999999,swap,notBad
7446,4,140.39999999999992,1,82.22999999999999,2opt,notBad
7447,4,140.39999999999992,1,82.22999999999999,2opt,improve
7448,4,140.39999999999992,1,82.22999999999999,move,notBad
7449,4,140.39999999999992,1,82.22999999999999,swap,notBad
7450,4,140.39999999999992,1,82.22999999999999,move,improve
7451,4,140.39999999999992,1,82.22999999999999,2opt,notBad
7452,4,140.39999999999992,1,82.22999999999999,2opt,notBad
7453,4,140.39999999999992,1,82.22999999999999,move,improve
7454,4,140.39999999999992,1,82.22999999999999,move,improve
7455,4,140.39999999999992,1,82.22999999999999,move,improve
7456,4,140.39999999999992,1,82.22999999999999,swap,notBad
7457,4,140.39999999999992,1,82.22999999999999,move,improve
7458,4,140.39999999999992,1,82.22999999999999,2opt,notBad
7459,4,140.39999999999992,1,82.22999999999999,2opt,notBad
7460,4,140.39999999999992,1,82.22999999999999,swap,notBad
7461,4,140.39999999999992,1,82.22999999999999,2opt,notBad
7462,4,140.39999999999992,1,82.22999999999999,swap,notBad
7463,4,140.39999999999992,1,82.22999999999999,move,improve
7464,4,140.39999999999992,1,82.22999999999999,2opt,notBad
7465,4,140.39999999999992,1,82.22999999999999,2opt,notBad
7466,4,140.39999999999992,1,82.22999999999999,swap,notBad
7467,4,140.39999999999992,1,82.22999999999999,move,improve
7468,4,140.39999999999992,1,82.22999999999999,swap,notBad
7469,4,140.39999999999992,1,82.22999999999999,2opt,notBad
7470,4,140.39999999999992,1,82.22999999999999,swap,notBad
7471,4,140.39999999999992,1,82.22999999999999,2opt,notBad
7472,4,140.39999999999992,1,82.22999999999999,swap,notBad
7473,4,140.39999999999992,1,82.22999999999999,2opt,notBad
7474,4,140.39999999999992,1,82.22999999999999,swap,notBad
7475,4,140.39999999999992,1,82.22999999999999,swap,notBad
7476,4,140.39999999999992,1,82.22999999999999,move,improve
7477,4,140.39999999999992,1,82.22999999999999,swap,notBad
7478,4,140.39999999999992,1,82.22999999999999,2opt,notBad
7479,4,140.39999999999992,1,82.22999999999999,move,improve
7480,4,140.39999999999992,1,82.22999999999999,2opt,notBad
7481,4,140.39999999999992,1,82.22999999999999,move,improve
7482,4,140.39999999999992,1,82.22999999999999,swap,notBad
7483,4,140.39999999999992,1,82.22999999999999,move,improve
7484,4,140.39999999999992,1,82.22999999999999,2opt,notBad
7485,4,140.39999999999992,1,82.22999999999999,move,improve
7486,4,140.39999999999992,1,82.22999999999999,2opt,notBad
7487,4,140.39999999999992,1,82.22999999999999,swap,notBad
7488,4,140.39999999999992,1,82.22999999999999,2opt,notBad
7489,4,140.39999999999992,1,82.22999999999999,move,improve
7490,4,140.39999999999992,1,82.22999999999999,move,improve
7491,4,140.39999999999992,1,82.22999999999999,2opt,notBad
7492,4,140.39999999999992,1,82.22999999999999,2opt,notBad
7493,4,140.39999999999992,1,82.22999999999999,move,improve
7494,4,140.39999999999992,1,82.22999999999999,2opt,notBad
7495,4,140.39999999999992,1,82.22999999999999,move,improve
7496,4,140.39999999999992,1,82.22999999999999,2opt,notBad
7497,4,140.39999999999992,1,82.22999999999999,move,improve
7498,4,140.39999999999992,1,82.22999999999999,2opt,notBad
7499,4,140.39999999999992,1,82.22999999999999,swap,notBad
7500,4,140.39999999999992,1,82.22999999999999,move,improve
7501,4,140.39999999999992,1,82.22999999999999,swap,notBad
7502,4,140.39999999999992,1,82.22999999999999,swap,notBad
7503,4,140.39999999999992,1,82.22999999999999,swap,notBad
7504,4,140.39999999999992,1,82.22999999999999,swap,notBad
7505,4,140.39999999999992,1,82.22999999999999,move,improve
7506,4,140.39999999999992,1,82.22999999999999,2opt,notBad
7507,4,140.39999999999992,1,82.22999999999999,2opt,notBad
7508,4,140.39999999999992,1,82.22999999999999,move,improve
7509,4,140.39999999999992,1,82.22999999999999,2opt,notBad
7510,4,140.39999999999992,1,82.22999999999999,swap,notBad
7511,4,140.39999999999992,1,82.22999999999999,swap,notBad
7512,4,140.39999999999992,1,82.22999999999999,swap,notBad
7513,4,140.39999999999992,1,82.22999999999999,swap,notBad
7514,4,140.39999999999992,1,82.22999999999999,2opt,notBad
7515,4,140.39999999999992,1,82.22999999999999,2opt,notBad
7516,4,140.39999999999992,1,82.22999999999999,swap,notBad
7517,4,140.39999999999992,1,82.22999999999999,2opt,notBad
7518,4,140.39999999999992,1,82.22999999999999,swap,notBad
7519,4,140.39999999999992,1,82.22999999999999,move,improve
7520,4,140.39999999999992,1,82.22999999999999,move,improve
7521,4,140.39999999999992,1,82.22999999999999,2opt,notBad
7522,4,140.39999999999992,1,82.22999999999999,2opt,notBad
7523,4,140.39999999999992,1,82.22999999999999,swap,notBad
7524,4,140.39999999999992,1,82.22999999999999,2opt,notBad
7525,4,140.39999999999992,1,82.22999999999999,swap,notBad
7526,4,140.39999999999992,1,82.22999999999999,move,improve
7527,4,140.39999999999992,1,82.22999999999999,swap,notBad
7528,4,140.39999999999992,1,82.22999999999999,swap,notBad
7529,4,140.39999999999992,1,82.22999999999999,2opt,notBad
7530,4,140.39999999999992,1,82.22999999999999,swap,notBad
7531,4,140.39999999999992,1,82.22999999999999,move,improve
7532,4,140.39999999999992,1,82.22999999999999,2opt,notBad
7533,4,140.39999999999992,1,82.22999999999999,swap,notBad
7534,4,140.39999999999992,1,82.22999999999999,move,improve
7535,4,140.39999999999992,1,82.22999999999999,move,improve
7536,4,140.39999999999992,1,82.22999999999999,swap,notBad
7537,4,140.39999999999992,1,82.22999999999999,move,improve
7538,4,140.39999999999992,1,82.22999999999999,swap,notBad
7539,4,140.39999999999992,1,82.22999999999999,2opt,notBad
7540,4,140.39999999999992,1,82.22999999999999,move,improve
7541,4,140.39999999999992,1,82.22999999999999,swap,notBad
7542,4,140.39999999999992,1,82.22999999999999,move,improve
7543,4,140.39999999999992,1,82.22999999999999,2opt,notBad
7544,4,140.39999999999992,1,82.22999999999999,swap,notBad
7545,4,140.39999999999992,1,82.22999999999999,swap,notBad
7546,4,140.39999999999992,1,82.22999999999999,swap,notBad
7547,4,140.39999999999992,1,82.22999999999999,move,improve
7548,4,140.39999999999992,1,82.22999999999999,move,improve
7549,4,140.39999999999992,1,82.22999999999999,move,improve
7550,4,140.39999999999992,1,82.22999999999999,2opt,notBad
7551,4,140.39999999999992,1,82.22999999999999,swap,notBad
7552,4,140.39999999999992,1,82.22999999999999,move,notBad
7553,4,140.39999999999992,1,82.22999999999999,swap,notBad
7554,4,140.39999999999992,1,82.22999999999999,swap,notBad
7555,4,140.39999999999992,1,82.22999999999999,swap,notBad
7556,4,140.39999999999992,1,82.22999999999999,move,improve
7557,4,140.39999999999992,1,82.22999999999999,move,improve
7558,4,140.39999999999992,1,82.22999999999999,2opt,notBad
7559,4,140.39999999999992,1,82.22999999999999,move,improve
7560,4,140.39999999999992,1,82.22999999999999,move,notBad
7561,4,140.39999999999992,1,82.22999999999999,move,improve
7562,4,140.39999999999992,1,82.22999999999999,2opt,notBad
7563,4,140.39999999999992,1,82.22999999999999,2opt,notBad
7564,4,140.39999999999992,1,82.22999999999999,move,improve
7565,4,140.39999999999992,1,82.22999999999999,move,improve
7566,4,140.39999999999992,1,82.22999999999999,move,improve
7567,4,140.39999999999992,1,82.22999999999999,2opt,notBad
7568,4,140.39999999999992,1,82.22999999999999,swap,notBad
7569,4,140.39999999999992,1,82.22999999999999,swap,notBad
7570,4,140.39999999999992,1,82.22999999999999,2opt,notBad
7571,4,140.39999999999992,1,82.22999999999999,2opt,notBad
7572,4,140.39999999999992,1,82.22999999999999,move,improve
7573,4,140.39999999999992,1,82.22999999999999,2opt,notBad
7574,4,140.39999999999992,1,82.22999999999999,swap,notBad
7575,4,140.39999999999992,1,82.22999999999999,swap,notBad
7576,4,140.39999999999992,1,82.22999999999999,swap,notBad
7577,4,140.39999999999992,1,82.22999999999999,move,improve
7578,4,140.39999999999992,1,82.22999999999999,move,improve
7579,4,140.39999999999992,1,82.22999999999999,swap,notBad
7580,4,140.39999999999992,1,82.22999999999999,move,improve
7581,4,140.39999999999992,1,82.22999999999999,swap,notBad
7582,4,140.39999999999992,1,82.22999999999999,2opt,improve
7583,4,140.39999999999992,1,82.22999999999999,2opt,improve
7584,4,140.39999999999992,1,82.22999999999999,swap,notBad
7585,4,140.39999999999992,1,82.22999999999999,2opt,notBad
7586,4,140.39999999999992,1,82.22999999999999,move,improve
7587,4,140.39999999999992,1,82.22999999999999,move,improve
7588,4,140.39999999999992,1,82.22999999999999,2opt,notBad
7589,4,140.39999999999992,1,82.22999999999999,swap,notBad
7590,4,140.39999999999992,1,82.22999999999999,2opt,notBad
7591,4,140.39999999999992,1,82.22999999999999,move,improve
7592,4,140.39999999999992,1,82.22999999999999,swap,notBad
7593,4,140.39999999999992,1,82.22999999999999,2opt,notBad
7594,4,140.39999999999992,1,82.22999999999999,swap,notBad
7595,4,140.39999999999992,1,82.22999999999999,2opt,notBad
7596,4,140.39999999999992,1,82.22999999999999,swap,notBad
7597,4,140.39999999999992,1,82.22999999999999,2opt,improve
7598,4,140.39999999999992,1,82.22999999999999,2opt,notBad
7599,4,140.39999999999992,1,82.22999999999999,move,improve
7600,4,140.39999999999992,1,82.22999999999999,move,improve
7601,4,140.39999999999992,1,82.22999999999999,swap,notBad
7602,4,140.39999999999992,1,82.22999999999999,move,improve
7603,4,140.39999999999992,1,82.22999999999999,swap,notBad
7604,4,140.39999999999992,1,82.22999999999999,move,improve
7605,4,140.39999999999992,1,82.22999999999999,2opt,improve
7606,4,140.39999999999992,1,82.22999999999999,swap,notBad
7607,4,140.39999999999992,1,82.22999999999999,2opt,notBad
7608,4,140.39999999999992,1,82.22999999999999,move,improve
7609,4,140.39999999999992,1,82.22999999999999,2opt,notBad
7610,4,140.39999999999992,1,82.22999999999999,2opt,notBad
7611,4,140.39999999999992,1,82.22999999999999,2opt,notBad
7612,4,140.39999999999992,1,82.22999999999999,move,improve
7613,4,140.39999999999992,1,82.22999999999999,move,improve
7614,4,140.39999999999992,1,82.22999999999999,swap,notBad
7615,4,140.39999999999992,1,82.22999999999999,swap,notBad
7616,4,140.39999999999992,1,82.22999999999999,2opt,notBad
7617,4,140.39999999999992,1,82.22999999999999,swap,notBad
7618,4,140.39999999999992,1,82.22999999999999,move,improve
7619,4,140.39999999999992,1,82.22999999999999,move,improve
7620,4,140.39999999999992,1,82.22999999999999,2opt,notBad
7621,4,140.39999999999992,1,82.22999999999999,swap,notBad
7622,4,140.39999999999992,1,82.22999999999999,swap,notBad
7623,4,140.39999999999992,1,82.22999999999999,swap,notBad
7624,4,140.39999999999992,1,82.22999999999999,2opt,notBad
7625,4,140.39999999999992,1,82.22999999999999,2opt,notBad
7626,4,140.39999999999992,1,82.22999999999999,move,improve
7627,4,140.39999999999992,1,82.22999999999999,2opt,notBad
7628,4,140.39999999999992,1,82.22999999999999,move,improve
7629,4,140.39999999999992,1,82.22999999999999,move,improve
7630,4,140.39999999999992,1,82.22999999999999,2opt,notBad
7631,4,140.39999999999992,1,82.22999999999999,2opt,notBad
7632,4,140.39999999999992,1,82.22999999999999,swap,notBad
7633,4,140.39999999999992,1,82.22999999999999,2opt,notBad
7634,4,140.39999999999992,1,82.22999999999999,move,improve
7635,4,140.39999999999992,1,82.22999999999999,swap,notBad
7636,4,140.39999999999992,1,82.22999999999999,2opt,notBad
7637,4,140.39999999999992,1,82.22999999999999,2opt,notBad
7638,4,140.39999999999992,1,82.22999999999999,2opt,improve
7639,4,140.39999999999992,1,82.22999999999999,swap,notBad
7640,4,140.39999999999992,1,82.22999999999999,move,improve
7641,4,140.39999999999992,1,82.22999999999999,2opt,notBad
7642,4,140.39999999999992,1,82.22999999999999,swap,notBad
7643,4,140.39999999999992,1,82.22999999999999,2opt,notBad
7644,4,140.39999999999992,1,82.22999999999999,swap,notBad
7645,4,140.39999999999992,1,82.22999999999999,2opt,notBad
7646,4,140.39999999999992,1,82.22999999999999,swap,notBad
7647,4,140.39999999999992,1,82.22999999999999,2opt,notBad
7648,4,140.39999999999992,1,82.22999999999999,move,notBad
7649,4,140.39999999999992,1,82.22999999999999,swap,notBad
7650,4,140.39999999999992,1,82.22999999999999,2opt,notBad
7651,4,140.39999999999992,1,82.22999999999999,swap,notBad
7652,4,140.39999999999992,1,82.22999999999999,move,improve
7653,4,140.39999999999992,1,82.22999999999999,2opt,notBad
7654,4,140.39999999999992,1,82.22999999999999,move,improve
7655,4,140.39999999999992,1,82.22999999999999,swap,notBad
7656,4,140.39999999999992,1,82.22999999999999,2opt,notBad
7657,4,140.39999999999992,1,82.22999999999999,move,improve
7658,4,140.39999999999992,1,82.22999999999999,swap,notBad
7659,4,140.39999999999992,1,82.22999999999999,2opt,notBad
7660,4,140.39999999999992,1,82.22999999999999,move,improve
7661,4,140.39999999999992,1,82.22999999999999,2opt,notBad
7662,4,142.3499999999999,1,82.22999999999999,swap,acceptBad
7663,4,142.3499999999999,1,82.22999999999999,swap,notBad
7664,4,142.3499999999999,1,82.22999999999999,move,improve
7665,4,142.3499999999999,1,82.22999999999999,swap,notBad
7666,4,142.3499999999999,1,82.22999999999999,move,improve
7667,4,140.39999999999992,1,82.22999999999999,move,improve
7668,4,140.39999999999992,1,82.22999999999999,move,improve
7669,4,140.39999999999992,1,82.22999999999999,swap,notBad
7670,4,140.39999999999992,1,82.22999999999999,move,improve
7671,4,140.39999999999992,1,82.22999999999999,swap,notBad
7672,4,140.39999999999992,1,82.22999999999999,swap,notBad
7673,4,140.39999999999992,1,82.22999999999999,move,improve
7674,4,140.39999999999992,1,82.22999999999999,move,improve
7675,4,140.39999999999992,1,82.22999999999999,2opt,notBad
7676,4,140.39999999999992,1,82.22999999999999,2opt,notBad
7677,4,140.39999999999992,1,82.22999999999999,2opt,notBad
7678,4,140.39999999999992,1,82.22999999999999,2opt,notBad
7679,4,140.39999999999992,1,82.22999999999999,2opt,notBad
7680,4,140.39999999999992,1,82.22999999999999,2opt,improve
7681,4,140.39999999999992,1,82.22999999999999,swap,notBad
7682,4,140.39999999999992,1,82.22999999999999,move,improve
7683,4,140.39999999999992,1,82.22999999999999,2opt,improve
7684,4,140.39999999999992,1,82.22999999999999,move,improve
7685,4,140.39999999999992,1,82.22999999999999,2opt,notBad
7686,4,140.39999999999992,1,82.22999999999999,move,improve
7687,4,140.39999999999992,1,82.22999999999999,move,improve
7688,4,140.39999999999992,1,82.22999999999999,2opt,notBad
7689,4,140.39999999999992,1,82.22999999999999,2opt,notBad
7690,4,140.39999999999992,1,82.22999999999999,move,improve
7691,4,140.39999999999992,1,82.22999999999999,swap,notBad
7692,4,140.39999999999992,1,82.22999999999999,swap,notBad
7693,4,140.39999999999992,1,82.22999999999999,swap,notBad
7694,4,140.39999999999992,1,82.22999999999999,swap,notBad
7695,4,140.39999999999992,1,82.22999999999999,swap,notBad
7696,4,140.39999999999992,1,82.22999999999999,2opt,notBad
7697,4,140.39999999999992,1,82.22999999999999,2opt,notBad
7698,4,140.39999999999992,1,82.22999999999999,move,improve
7699,4,140.39999999999992,1,82.22999999999999,move,improve
7700,4,140.39999999999992,1,82.22999999999999,move,notBad
7701,4,140.39999999999992,1,82.22999999999999,move,improve
7702,4,140.39999999999992,1,82.22999999999999,move,improve
7703,4,140.39999999999992,1,82.22999999999999,move,improve
7704,4,140.39999999999992,1,82.22999999999999,move,improve
7705,4,140.39999999999992,1,82.22999999999999,swap,notBad
7706,4,140.39999999999992,1,82.22999999999999,2opt,notBad
7707,4,140.39999999999992,1,82.22999999999999,move,improve
7708,4,140.39999999999992,1,82.22999999999999,move,improve
7709,4,140.39999999999992,1,82.22999999999999,move,improve
7710,4,140.39999999999992,1,82.22999999999999,2opt,notBad
7711,4,140.39999999999992,1,82.22999999999999,move,improve
7712,4,140.39999999999992,1,82.22999999999999,swap,notBad
7713,4,140.39999999999992,1,82.22999999999999,2opt,notBad
7714,4,140.39999999999992,1,82.22999999999999,move,improve
7715,4,140.39999999999992,1,82.22999999999999,move,improve
7716,4,140.39999999999992,1,82.22999999999999,2opt,notBad
7717,4,140.39999999999992,1,82.22999999999999,2opt,notBad
7718,4,140.39999999999992,1,82.22999999999999,swap,notBad
7719,4,140.39999999999992,1,82.22999999999999,2opt,notBad
7720,4,140.39999999999992,1,82.22999999999999,move,improve
7721,4,140.39999999999992,1,82.22999999999999,move,improve
7722,4,140.39999999999992,1,82.22999999999999,2opt,notBad
7723,4,140.39999999999992,1,82.22999999999999,2opt,notBad
7724,4,140.39999999999992,1,82.22999999999999,swap,notBad
7725,4,140.39999999999992,1,82.22999999999999,swap,notBad
7726,4,140.39999999999992,1,82.22999999999999,2opt,notBad
7727,4,140.39999999999992,1,82.22999999999999,swap,notBad
7728,4,140.39999999999992,1,82.22999999999999,2opt,notBad
7729,4,140.39999999999992,1,82.22999999999999,swap,notBad
7730,4,140.39999999999992,1,82.22999999999999,move,improve
7731,4,140.39999999999992,1,82.22999999999999,2opt,notBad
7732,4,140.39999999999992,1,82.22999999999999,2opt,notBad
7733,4,140.39999999999992,1,82.22999999999999,swap,notBad
7734,4,140.39999999999992,1,82.22999999999999,move,notBad
7735,4,140.39999999999992,1,82.22999999999999,move,improve
7736,4,140.39999999999992,1,82.22999999999999,swap,notBad
7737,4,140.39999999999992,1,82.22999999999999,swap,notBad
7738,4,140.39999999999992,1,82.22999999999999,swap,notBad
7739,4,140.39999999999992,1,82.22999999999999,move,improve
7740,4,140.39999999999992,1,82.22999999999999,2opt,notBad
7741,4,140.39999999999992,1,82.22999999999999,swap,notBad
7742,4,140.39999999999992,1,82.22999999999999,2opt,notBad
7743,4,140.39999999999992,1,82.22999999999999,2opt,notBad
7744,4,140.39999999999992,1,82.22999999999999,move,improve
7745,4,140.39999999999992,1,82.22999999999999,swap,notBad
7746,4,140.39999999999992,1,82.22999999999999,swap,notBad
7747,4,140.39999999999992,1,82.22999999999999,swap,notBad
7748,4,140.39999999999992,1,82.22999999999999,move,improve
7749,4,140.39999999999992,1,82.22999999999999,2opt,notBad
7750,4,140.39999999999992,1,82.22999999999999,2opt,improve
7751,4,140.39999999999992,1,82.22999999999999,2opt,notBad
7752,4,140.39999999999992,1,82.22999999999999,move,improve
7753,4,140.39999999999992,1,82.22999999999999,swap,notBad
7754,4,140.39999999999992,1,82.22999999999999,move,improve
7755,4,140.39999999999992,1,82.22999999999999,move,improve
7756,4,140.39999999999992,1,82.22999999999999,2opt,notBad
7757,4,140.39999999999992,1,82.22999999999999,move,improve
7758,4,140.39999999999992,1,82.22999999999999,swap,notBad
7759,4,140.39999999999992,1,82.22999999999999,2opt,notBad
7760,4,140.39999999999992,1,82.22999999999999,2opt,notBad
7761,4,140.39999999999992,1,82.22999999999999,swap,notBad
7762,4,140.39999999999992,1,82.22999999999999,swap,notBad
7763,4,140.39999999999992,1,82.22999999999999,2opt,notBad
7764,4,140.39999999999992,1,82.22999999999999,move,improve
7765,4,140.39999999999992,1,82.22999999999999,move,improve
7766,4,140.39999999999992,1,82.22999999999999,move,improve
7767,4,140.39999999999992,1,82.22999999999999,2opt,notBad
7768,4,140.39999999999992,1,82.22999999999999,swap,notBad
7769,4,140.39999999999992,1,82.22999999999999,2opt,notBad
7770,4,140.39999999999992,1,82.22999999999999,2opt,notBad
7771,4,140.39999999999992,1,82.22999999999999,swap,notBad
7772,4,140.39999999999992,1,82.22999999999999,move,improve
7773,4,140.39999999999992,1,82.22999999999999,2opt,notBad
7774,4,140.39999999999992,1,82.22999999999999,swap,notBad
7775,4,140.39999999999992,1,82.22999999999999,2opt,notBad
7776,4,140.39999999999992,1,82.22999999999999,swap,notBad
7777,4,140.39999999999992,1,82.22999999999999,move,improve
7778,4,140.39999999999992,1,82.22999999999999,move,improve
7779,4,140.39999999999992,1,82.22999999999999,2opt,notBad
7780,4,140.39999999999992,1,82.22999999999999,2opt,notBad
7781,4,140.39999999999992,1,82.22999999999999,swap,notBad
7782,4,140.39999999999992,1,82.22999999999999,move,improve
7783,4,140.39999999999992,1,82.22999999999999,2opt,notBad
7784,4,140.39999999999992,1,82.22999999999999,move,improve
7785,4,140.39999999999992,1,82.22999999999999,move,improve
7786,4,140.39999999999992,1,82.22999999999999,swap,notBad
7787,4,140.39999999999992,1,82.22999999999999,2opt,notBad
7788,4,140.39999999999992,1,82.22999999999999,move,improve
7789,4,140.39999999999992,1,82.22999999999999,2opt,notBad
7790,4,140.39999999999992,1,82.22999999999999,swap,notBad
7791,4,140.39999999999992,1,82.22999999999999,move,improve
7792,4,140.39999999999992,1,82.22999999999999,2opt,improve
7793,4,140.39999999999992,1,82.22999999999999,swap,notBad
7794,4,140.39999999999992,1,82.22999999999999,2opt,notBad
7795,4,140.39999999999992,1,82.22999999999999,swap,notBad
7796,4,140.39999999999992,1,82.22999999999999,move,improve
7797,4,140.39999999999992,1,82.22999999999999,move,improve
7798,4,140.39999999999992,1,82.22999999999999,swap,notBad
7799,4,140.39999999999992,1,82.22999999999999,swap,notBad
7800,4,140.39999999999992,1,82.22999999999999,2opt,notBad
7801,4,140.39999999999992,1,82.22999999999999,2opt,notBad
7802,4,140.39999999999992,1,82.22999999999999,swap,notBad
7803,4,140.39999999999992,1,82.22999999999999,swap,notBad
7804,4,140.39999999999992,1,82.22999999999999,swap,notBad
7805,4,140.39999999999992,1,82.22999999999999,swap,notBad
7806,4,140.39999999999992,1,82.22999999999999,2opt,notBad
7807,4,140.39999999999992,1,82.22999999999999,2opt,notBad
7808,4,140.39999999999992,1,82.22999999999999,2opt,notBad
7809,4,140.39999999999992,1,82.22999999999999,swap,notBad
7810,4,140.39999999999992,1,82.22999999999999,swap,notBad
7811,4,140.39999999999992,1,82.22999999999999,swap,notBad
7812,4,140.39999999999992,1,82.22999999999999,2opt,notBad
7813,4,140.39999999999992,1,82.22999999999999,move,improve
7814,4,140.39999999999992,1,82.22999999999999,swap,notBad
7815,4,140.39999999999992,1,82.22999999999999,move,improve
7816,4,140.39999999999992,1,82.22999999999999,move,improve
7817,4,140.39999999999992,1,82.22999999999999,move,improve
7818,4,140.39999999999992,1,82.22999999999999,2opt,notBad
7819,4,140.39999999999992,1,82.22999999999999,2opt,notBad
7820,4,140.39999999999992,1,82.22999999999999,move,improve
7821,4,140.39999999999992,1,82.22999999999999,2opt,notBad
7822,4,140.39999999999992,1,82.22999999999999,swap,notBad
7823,4,140.39999999999992,1,82.22999999999999,swap,notBad
7824,4,140.39999999999992,1,82.22999999999999,swap,notBad
7825,4,140.39999999999992,1,82.22999999999999,move,notBad
7826,4,140.39999999999992,1,82.22999999999999,move,improve
7827,4,142.61999999999995,1,82.22999999999999,swap,acceptBad
7828,4,142.61999999999995,1,82.22999999999999,move,improve
7829,4,142.61999999999995,1,82.22999999999999,2opt,notBad
7830,4,142.61999999999995,1,82.22999999999999,swap,notBad
7831,4,142.61999999999995,1,82.22999999999999,swap,notBad
7832,4,142.61999999999995,1,82.22999999999999,swap,notBad
7833,4,142.61999999999995,1,82.22999999999999,move,improve
7834,4,142.61999999999995,1,82.22999999999999,2opt,notBad
7835,4,142.61999999999995,1,82.22999999999999,move,improve
7836,4,142.61999999999995,1,82.22999999999999,2opt,notBad
7837,4,140.39999999999992,1,82.22999999999999,move,improve
7838,4,140.39999999999992,1,82.22999999999999,2opt,notBad
7839,4,140.39999999999992,1,82.22999999999999,swap,notBad
7840,4,140.39999999999992,1,82.22999999999999,move,improve
7841,4,140.39999999999992,1,82.22999999999999,swap,notBad
7842,4,140.39999999999992,1,82.22999999999999,move,improve
7843,4,140.39999999999992,1,82.22999999999999,move,improve
7844,4,140.39999999999992,1,82.22999999999999,swap,notBad
7845,4,140.39999999999992,1,82.22999999999999,2opt,notBad
7846,4,140.39999999999992,1,82.22999999999999,2opt,notBad
7847,4,140.39999999999992,1,82.22999999999999,move,improve
7848,4,140.39999999999992,1,82.22999999999999,swap,notBad
7849,4,140.39999999999992,1,82.22999999999999,2opt,notBad
7850,4,140.39999999999992,1,82.22999999999999,swap,notBad
7851,4,140.39999999999992,1,82.22999999999999,move,improve
7852,4,140.39999999999992,1,82.22999999999999,2opt,notBad
7853,4,140.39999999999992,1,82.22999999999999,2opt,improve
7854,4,140.39999999999992,1,82.22999999999999,2opt,notBad
7855,4,140.39999999999992,1,82.22999999999999,move,improve
7856,4,140.39999999999992,1,82.22999999999999,move,improve
7857,4,140.39999999999992,1,82.22999999999999,2opt,notBad
7858,4,140.39999999999992,1,82.22999999999999,2opt,notBad
7859,4,140.39999999999992,1,82.22999999999999,2opt,notBad
7860,4,140.39999999999992,1,82.22999999999999,swap,notBad
7861,4,140.39999999999992,1,82.22999999999999,move,improve
7862,4,140.39999999999992,1,82.22999999999999,2opt,notBad
7863,4,140.39999999999992,1,82.22999999999999,swap,notBad
7864,4,140.39999999999992,1,82.22999999999999,move,improve
7865,4,140.39999999999992,1,82.22999999999999,move,improve
7866,4,140.39999999999992,1,82.22999999999999,2opt,notBad
7867,4,140.39999999999992,1,82.22999999999999,swap,notBad
7868,4,140.39999999999992,1,82.22999999999999,swap,notBad
7869,4,140.39999999999992,1,82.22999999999999,move,improve
7870,4,140.39999999999992,1,82.22999999999999,move,improve
7871,4,140.39999999999992,1,82.22999999999999,move,improve
7872,4,140.39999999999992,1,82.22999999999999,2opt,improve
7873,4,140.39999999999992,1,82.22999999999999,2opt,notBad
7874,4,140.39999999999992,1,82.22999999999999,swap,notBad
7875,4,140.39999999999992,1,82.22999999999999,move,improve
7876,4,140.39999999999992,1,82.22999999999999,swap,notBad
7877,4,140.39999999999992,1,82.22999999999999,move,improve
7878,4,140.39999999999992,1,82.22999999999999,move,improve
7879,4,140.39999999999992,1,82.22999999999999,move,improve
7880,4,140.39999999999992,1,82.22999999999999,2opt,notBad
7881,4,140.39999999999992,1,82.22999999999999,move,improve
7882,4,140.39999999999992,1,82.22999999999999,2opt,notBad
7883,4,140.39999999999992,1,82.22999999999999,swap,notBad
7884,4,140.39999999999992,1,82.22999999999999,swap,notBad
7885,4,140.39999999999992,1,82.22999999999999,2opt,notBad
7886,4,140.39999999999992,1,82.22999999999999,swap,notBad
7887,4,140.39999999999992,1,82.22999999999999,swap,notBad
7888,4,140.39999999999992,1,82.22999999999999,swap,notBad
7889,4,140.39999999999992,1,82.22999999999999,2opt,notBad
7890,4,140.39999999999992,1,82.22999999999999,swap,notBad
7891,4,140.39999999999992,1,82.22999999999999,move,improve
7892,4,140.39999999999992,1,82.22999999999999,swap,notBad
7893,4,140.39999999999992,1,82.22999999999999,swap,notBad
7894,4,140.39999999999992,1,82.22999999999999,move,improve
7895,4,140.39999999999992,1,82.22999999999999,swap,notBad
7896,4,140.39999999999992,1,82.22999999999999,2opt,notBad
7897,4,140.39999999999992,1,82.22999999999999,move,improve
7898,4,140.39999999999992,1,82.22999999999999,swap,notBad
7899,4,140.39999999999992,1,82.22999999999999,2opt,notBad
7900,4,140.39999999999992,1,82.22999999999999,2opt,notBad
7901,4,140.39999999999992,1,82.22999999999999,move,improve
7902,4,140.39999999999992,1,82.22999999999999,move,improve
7903,4,140.39999999999992,1,82.22999999999999,swap,notBad
7904,4,140.39999999999992,1,82.22999999999999,swap,notBad
7905,4,140.39999999999992,1,82.22999999999999,swap,notBad
7906,4,140.39999999999992,1,82.22999999999999,2opt,improve
7907,4,140.39999999999992,1,82.22999999999999,2opt,notBad
7908,4,140.39999999999992,1,82.22999999999999,2opt,notBad
7909,4,140.39999999999992,1,82.22999999999999,2opt,improve
7910,4,140.39999999999992,1,82.22999999999999,2opt,notBad
7911,4,140.39999999999992,1,82.22999999999999,2opt,notBad
7912,4,140.39999999999992,1,82.22999999999999,2opt,notBad
7913,4,140.39999999999992,1,82.22999999999999,swap,notBad
7914,4,140.39999999999992,1,82.22999999999999,move,improve
7915,4,140.39999999999992,1,82.22999999999999,move,improve
7916,4,140.39999999999992,1,82.22999999999999,move,notBad
7917,4,140.39999999999992,1,82.22999999999999,2opt,notBad
7918,4,140.39999999999992,1,82.22999999999999,move,improve
7919,4,140.39999999999992,1,82.22999999999999,swap,notBad
7920,4,140.39999999999992,1,82.22999999999999,move,improve
7921,4,140.39999999999992,1,82.22999999999999,swap,notBad
7922,4,140.39999999999992,1,82.22999999999999,move,improve
7923,4,140.39999999999992,1,82.22999999999999,2opt,notBad
7924,4,140.39999999999992,1,82.22999999999999,move,improve
7925,4,140.39999999999992,1,82.22999999999999,swap,notBad
7926,4,140.39999999999992,1,82.22999999999999,2opt,improve
7927,4,140.39999999999992,1,82.22999999999999,2opt,notBad
7928,4,140.39999999999992,1,82.22999999999999,swap,notBad
7929,4,140.39999999999992,1,82.22999999999999,move,improve
7930,4,140.39999999999992,1,82.22999999999999,swap,notBad
7931,4,140.39999999999992,1,82.22999999999999,move,improve
7932,4,140.39999999999992,1,82.22999999999999,2opt,notBad
7933,4,140.39999999999992,1,82.22999999999999,swap,notBad
7934,4,140.39999999999992,1,82.22999999999999,2opt,notBad
7935,4,140.39999999999992,1,82.22999999999999,move,improve
7936,4,140.39999999999992,1,82.22999999999999,2opt,notBad
7937,4,140.39999999999992,1,82.22999999999999,move,improve
7938,4,140.39999999999992,1,82.22999999999999,swap,notBad
7939,4,140.39999999999992,1,82.22999999999999,swap,notBad
7940,4,140.39999999999992,1,82.22999999999999,swap,notBad
7941,4,140.39999999999992,1,82.22999999999999,2opt,notBad
7942,4,140.39999999999992,1,82.22999999999999,2opt,notBad
7943,4,140.39999999999992,1,82.22999999999999,swap,notBad
7944,4,140.39999999999992,1,82.22999999999999,2opt,improve
7945,4,140.39999999999992,1,82.22999999999999,swap,notBad
7946,4,140.39999999999992,1,82.22999999999999,move,improve
7947,4,140.39999999999992,1,82.22999999999999,swap,notBad
7948,4,140.39999999999992,1,82.22999999999999,move,improve
7949,4,140.39999999999992,1,82.22999999999999,move,improve
7950,4,140.39999999999992,1,82.22999999999999,2opt,notBad
7951,4,140.39999999999992,1,82.22999999999999,move,improve
7952,4,140.39999999999992,1,82.22999999999999,move,notBad
7953,4,140.39999999999992,1,82.22999999999999,swap,notBad
7954,4,140.39999999999992,1,82.22999999999999,swap,notBad
7955,4,140.39999999999992,1,82.22999999999999,2opt,notBad
7956,4,142.04999999999967,1,82.22999999999999,swap,acceptBad
7957,4,141.26999999999967,1,82.22999999999999,move,improve
7958,4,141.26999999999967,1,82.22999999999999,swap,notBad
7959,4,141.26999999999967,1,82.22999999999999,move,notBad
7960,4,141.26999999999967,1,82.22999999999999,swap,notBad
7961,4,141.26999999999967,1,82.22999999999999,move,improve
7962,4,141.26999999999967,1,82.22999999999999,swap,notBad
7963,4,141.26999999999967,1,82.22999999999999,2opt,notBad
7964,4,141.26999999999967,1,82.22999999999999,2opt,notBad
7965,4,141.26999999999967,1,82.22999999999999,swap,notBad
7966,4,141.26999999999967,1,82.22999999999999,swap,notBad
7967,4,141.26999999999967,1,82.22999999999999,2opt,notBad
7968,4,141.26999999999967,1,82.22999999999999,move,notBad
7969,4,141.26999999999967,1,82.22999999999999,swap,notBad
7970,4,141.26999999999967,1,82.22999999999999,2opt,notBad
7971,4,141.26999999999967,1,82.22999999999999,move,improve
7972,4,141.26999999999967,1,82.22999999999999,swap,notBad
7973,4,141.26999999999967,1,82.22999999999999,2opt,improve
7974,4,141.26999999999967,1,82.22999999999999,move,improve
7975,4,141.26999999999967,1,82.22999999999999,2opt,notBad
7976,4,141.26999999999967,1,82.22999999999999,2opt,notBad
7977,4,141.26999999999967,1,82.22999999999999,swap,notBad
7978,4,141.26999999999967,1,82.22999999999999,move,improve
7979,4,141.26999999999967,1,82.22999999999999,move,notBad
7980,4,141.26999999999967,1,82.22999999999999,swap,notBad
7981,4,141.26999999999967,1,82.22999999999999,2opt,notBad
7982,4,141.26999999999967,1,82.22999999999999,swap,notBad
7983,4,141.26999999999967,1,82.22999999999999,swap,notBad
7984,4,141.26999999999967,1,82.22999999999999,2opt,notBad
7985,4,141.26999999999967,1,82.22999999999999,2opt,notBad
7986,4,141.26999999999967,1,82.22999999999999,move,improve
7987,4,141.26999999999967,1,82.22999999999999,swap,notBad
7988,4,141.26999999999967,1,82.22999999999999,2opt,notBad
7989,4,141.26999999999967,1,82.22999999999999,swap,notBad
7990,4,141.26999999999967,1,82.22999999999999,2opt,notBad
7991,4,141.26999999999967,1,82.22999999999999,move,improve
7992,4,141.26999999999967,1,82.22999999999999,move,improve
7993,4,141.26999999999967,1,82.22999999999999,swap,notBad
7994,4,141.26999999999967,1,82.22999999999999,move,improve
7995,4,141.26999999999967,1,82.22999999999999,swap,notBad
7996,4,141.26999999999967,1,82.22999999999999,move,notBad
7997,4,141.26999999999967,1,82.22999999999999,2opt,notBad
7998,4,141.26999999999967,1,82.22999999999999,swap,notBad
7999,4,141.26999999999967,1,82.22999999999999,swap,notBad
8000,4,141.26999999999967,1,82.22999999999999,2opt,notBad
8001,4,141.26999999999967,1,82.22999999999999,move,notBad
8002,4,141.26999999999967,1,82.22999999999999,2opt,notBad
8003,4,141.26999999999967,1,82.22999999999999,2opt,notBad
8004,4,141.26999999999967,1,82.22999999999999,swap,notBad
8005,4,141.26999999999967,1,82.22999999999999,swap,notBad
8006,4,141.26999999999967,1,82.22999999999999,move,improve
8007,4,141.26999999999967,1,82.22999999999999,move,improve
8008,4,141.26999999999967,1,82.22999999999999,swap,notBad
8009,4,141.26999999999967,1,82.22999999999999,swap,notBad
8010,4,141.26999999999967,1,82.22999999999999,move,improve
8011,4,141.26999999999967,1,82.22999999999999,move,improve
8012,4,141.26999999999967,1,82.22999999999999,2opt,notBad
8013,4,141.26999999999967,1,82.22999999999999,move,improve
8014,4,141.26999999999967,1,82.22999999999999,swap,notBad
8015,4,141.26999999999967,1,82.22999999999999,2opt,notBad
8016,4,141.26999999999967,1,82.22999999999999,2opt,notBad
8017,4,141.26999999999967,1,82.22999999999999,swap,notBad
8018,4,141.26999999999967,1,82.22999999999999,2opt,notBad
8019,4,141.26999999999967,1,82.22999999999999,2opt,notBad
8020,4,141.26999999999967,1,82.22999999999999,swap,notBad
8021,4,141.26999999999967,1,82.22999999999999,swap,notBad
8022,4,141.26999999999967,1,82.22999999999999,2opt,notBad
8023,4,141.26999999999967,1,82.22999999999999,move,improve
8024,4,141.26999999999967,1,82.22999999999999,2opt,notBad
8025,4,141.26999999999967,1,82.22999999999999,swap,notBad
8026,4,141.26999999999967,1,82.22999999999999,2opt,notBad
8027,4,141.26999999999967,1,82.22999999999999,move,improve
8028,4,141.26999999999967,1,82.22999999999999,swap,notBad
8029,4,141.26999999999967,1,82.22999999999999,swap,notBad
8030,4,141.26999999999967,1,82.22999999999999,swap,notBad
8031,4,141.26999999999967,1,82.22999999999999,2opt,notBad
8032,4,141.26999999999967,1,82.22999999999999,swap,notBad
8033,4,142.3499999999999,1,82.22999999999999,swap,acceptBad
8034,4,142.3499999999999,1,82.22999999999999,swap,notBad
8035,4,142.3499999999999,1,82.22999999999999,swap,notBad
8036,4,142.3499999999999,1,82.22999999999999,move,improve
8037,4,142.3499999999999,1,82.22999999999999,move,improve
8038,4,142.3499999999999,1,82.22999999999999,2opt,notBad
8039,4,142.3499999999999,1,82.22999999999999,2opt,improve
8040,4,142.3499999999999,1,82.22999999999999,2opt,notBad
8041,4,142.3499999999999,1,82.22999999999999,move,improve
8042,4,142.3499999999999,1,82.22999999999999,2opt,notBad
8043,4,142.3499999999999,1,82.22999999999999,2opt,notBad
8044,4,142.3499999999999,1,82.22999999999999,move,improve
8045,4,142.3499999999999,1,82.22999999999999,swap,notBad
8046,4,142.3499999999999,1,82.22999999999999,2opt,notBad
8047,4,140.39999999999992,1,82.22999999999999,move,improve
8048,4,140.39999999999992,1,82.22999999999999,swap,notBad
8049,4,140.39999999999992,1,82.22999999999999,move,improve
8050,4,140.39999999999992,1,82.22999999999999,2opt,notBad
8051,4,140.39999999999992,1,82.22999999999999,swap,notBad
8052,4,140.39999999999992,1,82.22999999999999,swap,notBad
8053,4,140.39999999999992,1,82.22999999999999,move,improve
8054,4,140.39999999999992,1,82.22999999999999,move,improve
8055,4,140.39999999999992,1,82.22999999999999,move,improve
8056,4,140.39999999999992,1,82.22999999999999,swap,notBad
8057,4,140.39999999999992,1,82.22999999999999,swap,notBad
8058,4,140.39999999999992,1,82.22999999999999,move,improve
8059,4,140.39999999999992,1,82.22999999999999,swap,notBad
8060,4,140.39999999999992,1,82.22999999999999,move,improve
8061,4,140.39999999999992,1,82.22999999999999,swap,notBad
8062,4,140.39999999999992,1,82.22999999999999,move,improve
8063,4,140.39999999999992,1,82.22999999999999,2opt,notBad
8064,4,140.39999999999992,1,82.22999999999999,2opt,notBad
8065,4,140.39999999999992,1,82.22999999999999,swap,notBad
8066,4,140.39999999999992,1,82.22999999999999,move,improve
8067,4,140.39999999999992,1,82.22999999999999,swap,notBad
8068,4,140.39999999999992,1,82.22999999999999,move,improve
8069,4,140.39999999999992,1,82.22999999999999,move,improve
8070,4,142.3499999999999,1,82.22999999999999,swap,acceptBad
8071,4,142.3499999999999,1,82.22999999999999,2opt,notBad
8072,4,142.3499999999999,1,82.22999999999999,2opt,notBad
8073,4,142.3499999999999,1,82.22999999999999,swap,notBad
8074,4,142.3499999999999,1,82.22999999999999,swap,notBad
8075,4,142.3499999999999,1,82.22999999999999,2opt,notBad
8076,4,142.3499999999999,1,82.22999999999999,move,improve
8077,4,142.3499999999999,1,82.22999999999999,move,improve
8078,4,142.3499999999999,1,82.22999999999999,move,improve
8079,4,142.3499999999999,1,82.22999999999999,swap,notBad
8080,4,142.3499999999999,1,82.22999999999999,move,improve
8081,4,142.3499999999999,1,82.22999999999999,2opt,notBad
8082,4,142.3499999999999,1,82.22999999999999,2opt,notBad
8083,4,142.3499999999999,1,82.22999999999999,2opt,notBad
8084,4,142.3499999999999,1,82.22999999999999,2opt,notBad
8085,4,142.3499999999999,1,82.22999999999999,2opt,notBad
8086,4,142.3499999999999,1,82.22999999999999,2opt,notBad
8087,4,142.3499999999999,1,82.22999999999999,2opt,notBad
8088,4,142.3499999999999,1,82.22999999999999,move,improve
8089,4,142.3499999999999,1,82.22999999999999,swap,notBad
8090,4,142.3499999999999,1,82.22999999999999,swap,notBad
8091,4,142.3499999999999,1,82.22999999999999,2opt,notBad
8092,4,142.3499999999999,1,82.22999999999999,2opt,notBad
8093,4,142.3499999999999,1,82.22999999999999,2opt,notBad
8094,4,142.3499999999999,1,82.22999999999999,2opt,notBad
8095,4,142.3499999999999,1,82.22999999999999,move,improve
8096,4,142.3499999999999,1,82.22999999999999,2opt,notBad
8097,4,142.3499999999999,1,82.22999999999999,swap,notBad
8098,4,142.3499999999999,1,82.22999999999999,move,improve
8099,4,142.3499999999999,1,82.22999999999999,2opt,notBad
8100,4,142.3499999999999,1,82.22999999999999,move,improve
8101,4,142.3499999999999,1,82.22999999999999,swap,notBad
8102,4,142.3499999999999,1,82.22999999999999,move,notBad
8103,4,142.3499999999999,1,82.22999999999999,swap,notBad
8104,4,142.3499999999999,1,82.22999999999999,2opt,notBad
8105,4,142.3499999999999,1,82.22999999999999,swap,notBad
8106,4,142.3499999999999,1,82.22999999999999,swap,notBad
8107,4,142.3499999999999,1,82.22999999999999,swap,notBad
8108,4,142.3499999999999,1,82.22999999999999,move,improve
8109,4,142.3499999999999,1,82.22999999999999,2opt,improve
8110,4,142.3499999999999,1,82.22999999999999,2opt,notBad
8111,4,142.3499999999999,1,82.22999999999999,move,improve
8112,4,142.3499999999999,1,82.22999999999999,2opt,notBad
8113,4,142.3499999999999,1,82.22999999999999,move,improve
8114,4,142.3499999999999,1,82.22999999999999,2opt,improve
8115,4,142.3499999999999,1,82.22999999999999,move,improve
8116,4,142.3499999999999,1,82.22999999999999,move,improve
8117,4,142.3499999999999,1,82.22999999999999,move,improve
8118,4,142.3499999999999,1,82.22999999999999,swap,notBad
8119,4,140.39999999999992,1,82.22999999999999,move,improve
8120,4,140.39999999999992,1,82.22999999999999,swap,notBad
8121,4,140.39999999999992,1,82.22999999999999,2opt,notBad
8122,4,140.39999999999992,1,82.22999999999999,swap,notBad
8123,4,140.39999999999992,1,82.22999999999999,swap,notBad
8124,4,140.39999999999992,1,82.22999999999999,move,improve
8125,4,140.39999999999992,1,82.22999999999999,2opt,notBad
8126,4,140.39999999999992,1,82.22999999999999,2opt,notBad
8127,4,140.39999999999992,1,82.22999999999999,move,improve
8128,4,140.39999999999992,1,82.22999999999999,move,improve
8129,4,140.39999999999992,1,82.22999999999999,2opt,notBad
8130,4,140.39999999999992,1,82.22999999999999,2opt,notBad
8131,4,140.39999999999992,1,82.22999999999999,move,improve
8132,4,140.39999999999992,1,82.22999999999999,move,improve
8133,4,140.39999999999992,1,82.22999999999999,move,improve
8134,4,140.39999999999992,1,82.22999999999999,swap,notBad
8135,4,140.39999999999992,1,82.22999999999999,swap,notBad
8136,4,140.39999999999992,1,82.22999999999999,swap,notBad
8137,4,140.39999999999992,1,82.22999999999999,swap,notBad
8138,4,140.39999999999992,1,82.22999999999999,swap,notBad
8139,4,140.39999999999992,1,82.22999999999999,move,improve
8140,4,140.39999999999992,1,82.22999999999999,swap,notBad
8141,4,140.39999999999992,1,82.22999999999999,2opt,notBad
8142,4,140.39999999999992,1,82.22999999999999,swap,notBad
8143,4,140.39999999999992,1,82.22999999999999,2opt,notBad
8144,4,140.39999999999992,1,82.22999999999999,move,improve
8145,4,140.39999999999992,1,82.22999999999999,2opt,notBad
8146,4,140.39999999999992,1,82.22999999999999,2opt,improve
8147,4,140.39999999999992,1,82.22999999999999,move,improve
8148,4,140.39999999999992,1,82.22999999999999,swap,notBad
8149,4,140.39999999999992,1,82.22999999999999,swap,notBad
8150,4,140.39999999999992,1,82.22999999999999,2opt,notBad
8151,4,140.39999999999992,1,82.22999999999999,move,improve
8152,4,140.39999999999992,1,82.22999999999999,2opt,notBad
8153,4,140.39999999999992,1,82.22999999999999,move,improve
8154,4,140.39999999999992,1,82.22999999999999,2opt,notBad
8155,4,140.39999999999992,1,82.22999999999999,2opt,improve
8156,4,140.39999999999992,1,82.22999999999999,2opt,notBad
8157,4,140.39999999999992,1,82.22999999999999,2opt,notBad
8158,4,140.39999999999992,1,82.22999999999999,2opt,notBad
8159,4,140.39999999999992,1,82.22999999999999,2opt,notBad
8160,4,140.39999999999992,1,82.22999999999999,2opt,improve
8161,4,140.39999999999992,1,82.22999999999999,swap,notBad
8162,4,140.39999999999992,1,82.22999999999999,2opt,notBad
8163,4,140.39999999999992,1,82.22999999999999,swap,notBad
8164,4,140.39999999999992,1,82.22999999999999,swap,notBad
8165,4,140.39999999999992,1,82.22999999999999,swap,notBad
8166,4,140.39999999999992,1,82.22999999999999,2opt,notBad
8167,4,140.39999999999992,1,82.22999999999999,move,improve
8168,4,140.39999999999992,1,82.22999999999999,move,improve
8169,4,140.39999999999992,1,82.22999999999999,2opt,notBad
8170,4,140.39999999999992,1,82.22999999999999,2opt,notBad
8171,4,140.39999999999992,1,82.22999999999999,move,improve
8172,4,140.39999999999992,1,82.22999999999999,swap,notBad
8173,4,140.39999999999992,1,82.22999999999999,2opt,notBad
8174,4,140.39999999999992,1,82.22999999999999,2opt,notBad
8175,4,140.39999999999992,1,82.22999999999999,swap,notBad
8176,4,140.39999999999992,1,82.22999999999999,2opt,notBad
8177,4,140.39999999999992,1,82.22999999999999,swap,notBad
8178,4,140.39999999999992,1,82.22999999999999,swap,notBad
8179,4,140.39999999999992,1,82.22999999999999,2opt,improve
8180,4,140.39999999999992,1,82.22999999999999,move,improve
8181,4,140.39999999999992,1,82.22999999999999,swap,notBad
8182,4,140.39999999999992,1,82.22999999999999,move,improve
8183,4,140.39999999999992,1,82.22999999999999,2opt,notBad
8184,4,140.39999999999992,1,82.22999999999999,2opt,notBad
8185,4,140.39999999999992,1,82.22999999999999,2opt,improve
8186,4,140.39999999999992,1,82.22999999999999,2opt,notBad
8187,4,140.39999999999992,1,82.22999999999999,swap,notBad
8188,4,140.39999999999992,1,82.22999999999999,2opt,notBad
8189,4,140.39999999999992,1,82.22999999999999,move,improve
8190,4,140.39999999999992,1,82.22999999999999,2opt,notBad
8191,4,140.39999999999992,1,82.22999999999999,move,improve
8192,4,140.39999999999992,1,82.22999999999999,2opt,notBad
8193,4,140.39999999999992,1,82.22999999999999,swap,notBad
8194,4,140.39999999999992,1,82.22999999999999,move,improve
8195,4,140.39999999999992,1,82.22999999999999,swap,notBad
8196,4,140.39999999999992,1,82.22999999999999,move,improve
8197,4,140.39999999999992,1,82.22999999999999,2opt,notBad
8198,4,140.39999999999992,1,82.22999999999999,2opt,notBad
8199,4,140.39999999999992,1,82.22999999999999,swap,notBad
8200,4,140.39999999999992,1,82.22999999999999,move,improve
8201,4,140.39999999999992,1,82.22999999999999,2opt,notBad
8202,4,140.39999999999992,1,82.22999999999999,2opt,notBad
8203,4,140.39999999999992,1,82.22999999999999,2opt,notBad
8204,4,140.39999999999992,1,82.22999999999999,move,improve
8205,4,140.39999999999992,1,82.22999999999999,move,notBad
8206,4,140.39999999999992,1,82.22999999999999,swap,notBad
8207,4,140.39999999999992,1,82.22999999999999,2opt,notBad
8208,4,140.39999999999992,1,82.22999999999999,move,improve
8209,4,140.39999999999992,1,82.22999999999999,2opt,improve
8210,4,140.39999999999992,1,82.22999999999999,2opt,notBad
8211,4,140.39999999999992,1,82.22999999999999,move,improve
8212,4,140.39999999999992,1,82.22999999999999,2opt,notBad
8213,4,140.39999999999992,1,82.22999999999999,swap,notBad
8214,4,140.39999999999992,1,82.22999999999999,move,improve
8215,4,140.39999999999992,1,82.22999999999999,2opt,notBad
8216,4,140.39999999999992,1,82.22999999999999,2opt,notBad
8217,4,140.39999999999992,1,82.22999999999999,move,improve
8218,4,140.39999999999992,1,82.22999999999999,move,improve
8219,4,140.39999999999992,1,82.22999999999999,swap,notBad
8220,4,140.39999999999992,1,82.22999999999999,move,improve
8221,4,140.39999999999992,1,82.22999999999999,swap,notBad
8222,4,140.39999999999992,1,82.22999999999999,swap,notBad
8223,4,140.39999999999992,1,82.22999999999999,2opt,improve
8224,4,140.39999999999992,1,82.22999999999999,move,improve
8225,4,140.39999999999992,1,82.22999999999999,2opt,notBad
8226,4,140.39999999999992,1,82.22999999999999,2opt,notBad
8227,4,140.39999999999992,1,82.22999999999999,2opt,notBad
8228,4,140.39999999999992,1,82.22999999999999,move,improve
8229,4,140.39999999999992,1,82.22999999999999,move,improve
8230,4,140.39999999999992,1,82.22999999999999,2opt,improve
8231,4,140.39999999999992,1,82.22999999999999,move,improve
8232,4,140.39999999999992,1,82.22999999999999,move,improve
8233,4,140.39999999999992,1,82.22999999999999,swap,notBad
8234,4,140.39999999999992,1,82.22999999999999,2opt,notBad
8235,4,140.39999999999992,1,82.22999999999999,swap,notBad
8236,4,140.39999999999992,1,82.22999999999999,swap,notBad
8237,4,140.39999999999992,1,82.22999999999999,2opt,notBad
8238,4,140.39999999999992,1,82.22999999999999,swap,notBad
8239,4,140.39999999999992,1,82.22999999999999,2opt,improve
8240,4,140.39999999999992,1,82.22999999999999,move,improve
8241,4,140.39999999999992,1,82.22999999999999,move,improve
8242,4,140.39999999999992,1,82.22999999999999,swap,notBad
8243,4,140.39999999999992,1,82.22999999999999,move,improve
8244,4,140.39999999999992,1,82.22999999999999,move,improve
8245,4,140.39999999999992,1,82.22999999999999,2opt,notBad
8246,4,140.39999999999992,1,82.22999999999999,move,improve
8247,4,140.39999999999992,1,82.22999999999999,2opt,notBad
8248,4,140.39999999999992,1,82.22999999999999,swap,notBad
8249,4,140.39999999999992,1,82.22999999999999,move,improve
8250,4,140.39999999999992,1,82.22999999999999,move,improve
8251,4,140.39999999999992,1,82.22999999999999,swap,notBad
8252,4,140.39999999999992,1,82.22999999999999,move,improve
8253,4,140.39999999999992,1,82.22999999999999,2opt,notBad
8254,4,140.39999999999992,1,82.22999999999999,2opt,notBad
8255,4,140.39999999999992,1,82.22999999999999,2opt,notBad
8256,4,140.39999999999992,1,82.22999999999999,swap,notBad
8257,4,140.39999999999992,1,82.22999999999999,move,improve
8258,4,140.39999999999992,1,82.22999999999999,move,improve
8259,4,140.39999999999992,1,82.22999999999999,2opt,notBad
8260,4,140.39999999999992,1,82.22999999999999,2opt,notBad
8261,4,140.39999999999992,1,82.22999999999999,2opt,notBad
8262,4,140.39999999999992,1,82.22999999999999,move,improve
8263,4,140.39999999999992,1,82.22999999999999,swap,notBad
8264,4,140.39999999999992,1,82.22999999999999,move,improve
8265,4,140.39999999999992,1,82.22999999999999,swap,notBad
8266,4,140.39999999999992,1,82.22999999999999,2opt,notBad
8267,4,140.39999999999992,1,82.22999999999999,swap,notBad
8268,4,140.39999999999992,1,82.22999999999999,2opt,improve
8269,4,140.39999999999992,1,82.22999999999999,2opt,notBad
8270,4,140.39999999999992,1,82.22999999999999,2opt,notBad
8271,4,140.39999999999992,1,82.22999999999999,2opt,notBad
8272,4,140.39999999999992,1,82.22999999999999,move,improve
8273,4,140.39999999999992,1,82.22999999999999,swap,notBad
8274,4,140.39999999999992,1,82.22999999999999,2opt,notBad
8275,4,140.39999999999992,1,82.22999999999999,2opt,notBad
8276,4,140.39999999999992,1,82.22999999999999,2opt,notBad
8277,4,140.39999999999992,1,82.22999999999999,2opt,notBad
8278,4,140.39999999999992,1,82.22999999999999,swap,notBad
8279,4,140.39999999999992,1,82.22999999999999,move,improve
8280,4,140.39999999999992,1,82.22999999999999,move,improve
8281,4,140.39999999999992,1,82.22999999999999,swap,notBad
8282,4,140.39999999999992,1,82.22999999999999,2opt,notBad
8283,4,140.39999999999992,1,82.22999999999999,2opt,notBad
8284,4,140.39999999999992,1,82.22999999999999,2opt,improve
8285,4,140.39999999999992,1,82.22999999999999,2opt,notBad
8286,4,140.39999999999992,1,82.22999999999999,move,improve
8287,4,140.39999999999992,1,82.22999999999999,2opt,notBad
8288,4,140.39999999999992,1,82.22999999999999,2opt,notBad
8289,4,140.39999999999992,1,82.22999999999999,swap,notBad
8290,4,140.39999999999992,1,82.22999999999999,swap,notBad
8291,4,140.39999999999992,1,82.22999999999999,swap,notBad
8292,4,140.39999999999992,1,82.22999999999999,2opt,notBad
8293,4,140.39999999999992,1,82.22999999999999,2opt,notBad
8294,4,140.39999999999992,1,82.22999999999999,swap,notBad
8295,4,140.39999999999992,1,82.22999999999999,swap,notBad
8296,4,140.39999999999992,1,82.22999999999999,move,improve
8297,4,140.39999999999992,1,82.22999999999999,2opt,notBad
8298,4,140.39999999999992,1,82.22999999999999,swap,notBad
8299,4,140.39999999999992,1,82.22999999999999,swap,notBad
8300,4,140.39999999999992,1,82.22999999999999,swap,notBad
8301,4,140.39999999999992,1,82.22999999999999,2opt,notBad
8302,4,140.39999999999992,1,82.22999999999999,swap,notBad
8303,4,140.39999999999992,1,82.22999999999999,swap,notBad
8304,4,140.39999999999992,1,82.22999999999999,move,improve
8305,4,140.39999999999992,1,82.22999999999999,swap,notBad
8306,4,140.39999999999992,1,82.22999999999999,swap,notBad
8307,4,140.39999999999992,1,82.22999999999999,2opt,notBad
8308,4,140.39999999999992,1,82.22999999999999,2opt,notBad
8309,4,140.39999999999992,1,82.22999999999999,2opt,notBad
8310,4,140.39999999999992,1,82.22999999999999,swap,notBad
8311,4,140.39999999999992,1,82.22999999999999,swap,notBad
8312,4,140.39999999999992,1,82.22999999999999,swap,notBad
8313,4,140.39999999999992,1,82.22999999999999,swap,notBad
8314,4,140.39999999999992,1,82.22999999999999,2opt,notBad
8315,4,140.39999999999992,1,82.22999999999999,swap,notBad
8316,4,140.39999999999992,1,82.22999999999999,move,improve
8317,4,140.39999999999992,1,82.22999999999999,move,improve
8318,4,140.39999999999992,1,82.22999999999999,move,improve
8319,4,140.39999999999992,1,82.22999999999999,swap,notBad
8320,4,140.39999999999992,1,82.22999999999999,swap,notBad
8321,4,140.39999999999992,1,82.22999999999999,2opt,notBad
8322,4,140.39999999999992,1,82.22999999999999,swap,notBad
8323,4,140.39999999999992,1,82.22999999999999,swap,notBad
8324,4,140.39999999999992,1,82.22999999999999,2opt,notBad
8325,4,140.39999999999992,1,82.22999999999999,2opt,notBad
8326,4,140.39999999999992,1,82.22999999999999,2opt,notBad
8327,4,140.39999999999992,1,82.22999999999999,2opt,notBad
8328,4,140.39999999999992,1,82.22999999999999,move,improve
8329,4,140.39999999999992,1,82.22999999999999,2opt,improve
8330,4,140.39999999999992,1,82.22999999999999,swap,notBad
8331,4,140.39999999999992,1,82.22999999999999,move,improve
8332,4,140.39999999999992,1,82.22999999999999,move,improve
8333,4,140.39999999999992,1,82.22999999999999,2opt,notBad
8334,4,140.39999999999992,1,82.22999999999999,2opt,notBad
8335,4,140.39999999999992,1,82.22999999999999,move,improve
8336,4,140.39999999999992,1,82.22999999999999,swap,notBad
8337,4,140.39999999999992,1,82.22999999999999,2opt,improve
8338,4,140.39999999999992,1,82.22999999999999,move,improve
8339,4,140.39999999999992,1,82.22999999999999,move,improve
8340,4,140.39999999999992,1,82.22999999999999,move,improve
8341,4,140.39999999999992,1,82.22999999999999,move,improve
8342,4,140.39999999999992,1,82.22999999999999,swap,notBad
8343,4,140.39999999999992,1,82.22999999999999,swap,notBad
8344,4,140.39999999999992,1,82.22999999999999,swap,notBad
8345,4,140.39999999999992,1,82.22999999999999,2opt,notBad
8346,4,140.39999999999992,1,82.22999999999999,swap,notBad
8347,4,140.39999999999992,1,82.22999999999999,2opt,notBad
8348,4,140.39999999999992,1,82.22999999999999,move,improve
8349,4,140.39999999999992,1,82.22999999999999,swap,notBad
8350,4,140.39999999999992,1,82.22999999999999,2opt,notBad
8351,4,140.39999999999992,1,82.22999999999999,move,improve
8352,4,140.39999999999992,1,82.22999999999999,2opt,notBad
8353,4,140.39999999999992,1,82.22999999999999,move,improve
8354,4,140.39999999999992,1,82.22999999999999,move,improve
8355,4,140.39999999999992,1,82.22999999999999,move,improve
8356,4,140.39999999999992,1,82.22999999999999,2opt,notBad
8357,4,140.39999999999992,1,82.22999999999999,move,notBad
8358,4,140.39999999999992,1,82.22999999999999,swap,notBad
8359,4,140.39999999999992,1,82.22999999999999,swap,notBad
8360,4,140.39999999999992,1,82.22999999999999,swap,notBad
8361,4,140.39999999999992,1,82.22999999999999,swap,notBad
8362,4,140.39999999999992,1,82.22999999999999,move,improve
8363,4,140.39999999999992,1,82.22999999999999,move,improve
8364,4,140.39999999999992,1,82.22999999999999,move,improve
8365,4,140.39999999999992,1,82.22999999999999,move,notBad
8366,4,140.39999999999992,1,82.22999999999999,move,notBad
8367,4,140.39999999999992,1,82.22999999999999,2opt,notBad
8368,4,140.39999999999992,1,82.22999999999999,2opt,notBad
8369,4,140.39999999999992,1,82.22999999999999,2opt,notBad
8370,4,140.39999999999992,1,82.22999999999999,swap,notBad
8371,4,140.39999999999992,1,82.22999999999999,move,improve
8372,4,140.39999999999992,1,82.22999999999999,2opt,notBad
8373,4,140.39999999999992,1,82.22999999999999,2opt,notBad
8374,4,140.39999999999992,1,82.22999999999999,2opt,improve
8375,4,140.39999999999992,1,82.22999999999999,move,improve
8376,4,140.39999999999992,1,82.22999999999999,2opt,notBad
8377,4,140.39999999999992,1,82.22999999999999,swap,notBad
8378,4,140.39999999999992,1,82.22999999999999,move,improve
8379,4,140.39999999999992,1,82.22999999999999,move,improve
8380,4,140.39999999999992,1,82.22999999999999,move,improve
8381,4,140.39999999999992,1,82.22999999999999,move,improve
8382,4,140.39999999999992,1,82.22999999999999,move,improve
8383,4,140.39999999999992,1,82.22999999999999,swap,notBad
8384,4,140.39999999999992,1,82.22999999999999,swap,notBad
8385,4,140.39999999999992,1,82.22999999999999,move,improve
8386,4,140.39999999999992,1,82.22999999999999,move,improve
8387,4,140.39999999999992,1,82.22999999999999,move,improve
8388,4,140.39999999999992,1,82.22999999999999,swap,notBad
8389,4,140.39999999999992,1,82.22999999999999,swap,notBad
8390,4,140.39999999999992,1,82.22999999999999,swap,notBad
8391,4,140.39999999999992,1,82.22999999999999,move,improve
8392,4,140.39999999999992,1,82.22999999999999,swap,notBad
8393,4,140.39999999999992,1,82.22999999999999,move,improve
8394,4,140.39999999999992,1,82.22999999999999,swap,notBad
8395,4,140.39999999999992,1,82.22999999999999,2opt,notBad
8396,4,140.39999999999992,1,82.22999999999999,2opt,notBad
8397,4,140.39999999999992,1,82.22999999999999,2opt,notBad
8398,4,140.39999999999992,1,82.22999999999999,2opt,notBad
8399,4,140.39999999999992,1,82.22999999999999,move,improve
8400,4,140.39999999999992,1,82.22999999999999,2opt,notBad
8401,4,140.39999999999992,1,82.22999999999999,move,improve
8402,4,140.39999999999992,1,82.22999999999999,swap,notBad
8403,4,140.39999999999992,1,82.22999999999999,move,improve
8404,4,140.39999999999992,1,82.22999999999999,2opt,notBad
8405,4,140.39999999999992,1,82.22999999999999,2opt,notBad
8406,4,140.39999999999992,1,82.22999999999999,move,improve
8407,4,140.39999999999992,1,82.22999999999999,move,improve
8408,4,140.39999999999992,1,82.22999999999999,move,improve
8409,4,140.39999999999992,1,82.22999999999999,move,improve
8410,4,140.39999999999992,1,82.22999999999999,swap,notBad
8411,4,140.39999999999992,1,82.22999999999999,move,improve
8412,4,140.39999999999992,1,82.22999999999999,move,improve
8413,4,140.39999999999992,1,82.22999999999999,2opt,notBad
8414,4,140.39999999999992,1,82.22999999999999,swap,notBad
8415,4,140.39999999999992,1,82.22999999999999,swap,notBad
8416,4,140.39999999999992,1,82.22999999999999,move,improve
8417,4,140.39999999999992,1,82.22999999999999,2opt,notBad
8418,4,140.39999999999992,1,82.22999999999999,2opt,notBad
8419,4,140.39999999999992,1,82.22999999999999,move,improve
8420,4,140.39999999999992,1,82.22999999999999,2opt,notBad
8421,4,140.39999999999992,1,82.22999999999999,2opt,notBad
8422,4,140.39999999999992,1,82.22999999999999,2opt,notBad
8423,4,140.39999999999992,1,82.22999999999999,2opt,notBad
8424,4,140.39999999999992,1,82.22999999999999,swap,notBad
8425,4,140.39999999999992,1,82.22999999999999,move,improve
8426,4,140.39999999999992,1,82.22999999999999,move,improve
8427,4,140.39999999999992,1,82.22999999999999,2opt,notBad
8428,4,140.39999999999992,1,82.22999999999999,move,improve
8429,4,140.39999999999992,1,82.22999999999999,2opt,notBad
8430,4,140.39999999999992,1,82.22999999999999,2opt,notBad
8431,4,140.39999999999992,1,82.22999999999999,swap,notBad
8432,4,140.39999999999992,1,82.22999999999999,swap,notBad
8433,4,140.39999999999992,1,82.22999999999999,2opt,notBad
8434,4,140.39999999999992,1,82.22999999999999,2opt,notBad
8435,4,140.39999999999992,1,82.22999999999999,move,improve
8436,4,140.39999999999992,1,82.22999999999999,2opt,notBad
8437,4,140.39999999999992,1,82.22999999999999,2opt,notBad
8438,4,140.39999999999992,1,82.22999999999999,swap,notBad
8439,4,140.39999999999992,1,82.22999999999999,move,improve
8440,4,140.39999999999992,1,82.22999999999999,swap,notBad
8441,4,140.39999999999992,1,82.22999999999999,swap,notBad
8442,4,140.39999999999992,1,82.22999999999999,2opt,improve
8443,4,140.39999999999992,1,82.22999999999999,swap,notBad
8444,4,140.39999999999992,1,82.22999999999999,move,improve
8445,4,140.39999999999992,1,82.22999999999999,2opt,notBad
8446,4,140.39999999999992,1,82.22999999999999,move,improve
8447,4,140.39999999999992,1,82.22999999999999,move,notBad
8448,4,140.39999999999992,1,82.22999999999999,move,improve
8449,4,140.39999999999992,1,82.22999999999999,move,improve
8450,4,140.39999999999992,1,82.22999999999999,2opt,notBad
8451,4,140.39999999999992,1,82.22999999999999,2opt,notBad
8452,4,140.39999999999992,1,82.22999999999999,swap,notBad
8453,4,140.39999999999992,1,82.22999999999999,2opt,notBad
8454,4,140.39999999999992,1,82.22999999999999,2opt,notBad
8455,4,140.39999999999992,1,82.22999999999999,swap,notBad
8456,4,140.39999999999992,1,82.22999999999999,move,improve
8457,4,140.39999999999992,1,82.22999999999999,swap,notBad
8458,4,140.39999999999992,1,82.22999999999999,2opt,notBad
8459,4,140.39999999999992,1,82.22999999999999,move,improve
8460,4,140.39999999999992,1,82.22999999999999,2opt,notBad
8461,4,140.39999999999992,1,82.22999999999999,move,improve
8462,4,140.39999999999992,1,82.22999999999999,move,improve
8463,4,140.39999999999992,1,82.22999999999999,swap,notBad
8464,4,140.39999999999992,1,82.22999999999999,swap,notBad
8465,4,140.39999999999992,1,82.22999999999999,swap,notBad
8466,4,140.39999999999992,1,82.22999999999999,swap,notBad
8467,4,140.39999999999992,1,82.22999999999999,2opt,improve
8468,4,140.39999999999992,1,82.22999999999999,move,improve
8469,4,140.39999999999992,1,82.22999999999999,swap,notBad
8470,4,140.39999999999992,1,82.22999999999999,2opt,notBad
8471,4,140.39999999999992,1,82.22999999999999,2opt,notBad
8472,4,140.39999999999992,1,82.22999999999999,swap,notBad
8473,4,140.39999999999992,1,82.22999999999999,2opt,notBad
8474,4,140.39999999999992,1,82.22999999999999,swap,notBad
8475,4,140.39999999999992,1,82.22999999999999,2opt,notBad
8476,4,140.39999999999992,1,82.22999999999999,move,improve
8477,4,140.39999999999992,1,82.22999999999999,2opt,notBad
8478,4,140.39999999999992,1,82.22999999999999,2opt,notBad
8479,4,140.39999999999992,1,82.22999999999999,swap,notBad
8480,4,140.39999999999992,1,82.22999999999999,swap,notBad
8481,4,140.39999999999992,1,82.22999999999999,swap,notBad
8482,4,140.39999999999992,1,82.22999999999999,2opt,notBad
8483,4,140.39999999999992,1,82.22999999999999,move,improve
8484,4,140.39999999999992,1,82.22999999999999,2opt,notBad
8485,4,140.39999999999992,1,82.22999999999999,move,improve
8486,4,140.39999999999992,1,82.22999999999999,2opt,notBad
8487,4,140.39999999999992,1,82.22999999999999,2opt,notBad
8488,4,140.39999999999992,1,82.22999999999999,2opt,notBad
8489,4,140.39999999999992,1,82.22999999999999,swap,notBad
8490,4,140.39999999999992,1,82.22999999999999,swap,notBad
8491,4,140.39999999999992,1,82.22999999999999,2opt,notBad
8492,4,140.39999999999992,1,82.22999999999999,2opt,improve
8493,4,140.39999999999992,1,82.22999999999999,2opt,notBad
8494,4,140.39999999999992,1,82.22999999999999,move,improve
8495,4,140.39999999999992,1,82.22999999999999,move,improve
8496,4,140.39999999999992,1,82.22999999999999,2opt,notBad
8497,4,140.39999999999992,1,82.22999999999999,swap,notBad
8498,4,140.39999999999992,1,82.22999999999999,move,improve
8499,4,140.39999999999992,1,82.22999999999999,move,improve
8500,4,140.39999999999992,1,82.22999999999999,move,improve
8501,4,140.39999999999992,1,82.22999999999999,move,improve
8502,4,140.39999999999992,1,82.22999999999999,2opt,notBad
8503,4,140.39999999999992,1,82.22999999999999,move,improve
8504,4,140.39999999999992,1,82.22999999999999,swap,notBad
8505,4,140.39999999999992,1,82.22999999999999,swap,notBad
8506,4,140.39999999999992,1,82.22999999999999,move,improve
8507,4,140.39999999999992,1,82.22999999999999,2opt,notBad
8508,4,140.39999999999992,1,82.22999999999999,move,improve
8509,4,140.39999999999992,1,82.22999999999999,swap,notBad
8510,4,140.39999999999992,1,82.22999999999999,2opt,notBad
8511,4,140.39999999999992,1,82.22999999999999,move,improve
8512,4,140.39999999999992,1,82.22999999999999,swap,notBad
8513,4,140.39999999999992,1,82.22999999999999,move,improve
8514,4,140.39999999999992,1,82.22999999999999,2opt,notBad
8515,4,140.39999999999992,1,82.22999999999999,move,improve
8516,4,140.39999999999992,1,82.22999999999999,2opt,notBad
8517,4,140.39999999999992,1,82.22999999999999,move,improve
8518,4,140.39999999999992,1,82.22999999999999,move,improve
8519,4,140.39999999999992,1,82.22999999999999,2opt,notBad
8520,4,140.39999999999992,1,82.22999999999999,swap,notBad
8521,4,140.39999999999992,1,82.22999999999999,swap,notBad
8522,4,140.39999999999992,1,82.22999999999999,swap,notBad
8523,4,140.39999999999992,1,82.22999999999999,swap,notBad
8524,4,140.39999999999992,1,82.22999999999999,2opt,notBad
8525,4,140.39999999999992,1,82.22999999999999,move,improve
8526,4,140.39999999999992,1,82.22999999999999,2opt,notBad
8527,4,140.39999999999992,1,82.22999999999999,2opt,notBad
8528,4,140.39999999999992,1,82.22999999999999,swap,notBad
8529,4,140.39999999999992,1,82.22999999999999,swap,notBad
8530,4,140.39999999999992,1,82.22999999999999,2opt,notBad
8531,4,140.39999999999992,1,82.22999999999999,move,improve
8532,4,140.39999999999992,1,82.22999999999999,2opt,notBad
8533,4,140.39999999999992,1,82.22999999999999,2opt,notBad
8534,4,140.39999999999992,1,82.22999999999999,swap,notBad
8535,4,140.39999999999992,1,82.22999999999999,swap,notBad
8536,4,140.39999999999992,1,82.22999999999999,2opt,notBad
8537,4,140.39999999999992,1,82.22999999999999,swap,notBad
8538,4,140.39999999999992,1,82.22999999999999,2opt,notBad
8539,4,140.39999999999992,1,82.22999999999999,swap,notBad
8540,4,140.39999999999992,1,82.22999999999999,2opt,notBad
8541,4,140.39999999999992,1,82.22999999999999,swap,notBad
8542,4,140.39999999999992,1,82.22999999999999,2opt,notBad
8543,4,140.39999999999992,1,82.22999999999999,2opt,notBad
8544,4,140.39999999999992,1,82.22999999999999,move,improve
8545,4,140.39999999999992,1,82.22999999999999,swap,notBad
8546,4,140.39999999999992,1,82.22999999999999,swap,notBad
8547,4,140.39999999999992,1,82.22999999999999,2opt,notBad
8548,4,140.39999999999992,1,82.22999999999999,move,improve
8549,4,140.39999999999992,1,82.22999999999999,move,improve
8550,4,140.39999999999992,1,82.22999999999999,swap,notBad
8551,4,140.39999999999992,1,82.22999999999999,2opt,notBad
8552,4,140.39999999999992,1,82.22999999999999,2opt,notBad
8553,4,140.39999999999992,1,82.22999999999999,2opt,notBad
8554,4,140.39999999999992,1,82.22999999999999,move,improve
8555,4,140.39999999999992,1,82.22999999999999,2opt,notBad
8556,4,140.39999999999992,1,82.22999999999999,move,improve
8557,4,140.39999999999992,1,82.22999999999999,swap,notBad
8558,4,140.39999999999992,1,82.22999999999999,2opt,notBad
8559,4,140.39999999999992,1,82.22999999999999,swap,notBad
8560,4,140.39999999999992,1,82.22999999999999,2opt,notBad
8561,4,140.39999999999992,1,82.22999999999999,move,improve
8562,4,140.39999999999992,1,82.22999999999999,swap,notBad
8563,4,140.39999999999992,1,82.22999999999999,move,improve
8564,4,140.39999999999992,1,82.22999999999999,move,improve
8565,4,140.39999999999992,1,82.22999999999999,swap,notBad
8566,4,140.39999999999992,1,82.22999999999999,move,improve
8567,4,140.39999999999992,1,82.22999999999999,swap,notBad
8568,4,140.39999999999992,1,82.22999999999999,2opt,notBad
8569,4,140.39999999999992,1,82.22999999999999,move,improve
8570,4,140.39999999999992,1,82.22999999999999,move,improve
8571,4,140.39999999999992,1,82.22999999999999,2opt,notBad
8572,4,140.39999999999992,1,82.22999999999999,move,improve
8573,4,140.39999999999992,1,82.22999999999999,swap,notBad
8574,4,140.39999999999992,1,82.22999999999999,2opt,improve
8575,4,140.39999999999992,1,82.22999999999999,2opt,notBad
8576,4,140.39999999999992,1,82.22999999999999,2opt,notBad
8577,4,140.39999999999992,1,82.22999999999999,2opt,notBad
8578,4,140.39999999999992,1,82.22999999999999,swap,notBad
8579,4,140.39999999999992,1,82.22999999999999,move,improve
8580,4,140.39999999999992,1,82.22999999999999,2opt,notBad
8581,4,140.39999999999992,1,82.22999999999999,move,improve
8582,4,140.39999999999992,1,82.22999999999999,move,improve
8583,4,140.39999999999992,1,82.22999999999999,swap,notBad
8584,4,140.39999999999992,1,82.22999999999999,swap,notBad
8585,4,142.3499999999999,1,82.22999999999999,swap,acceptBad
8586,4,142.3499999999999,1,82.22999999999999,swap,notBad
8587,4,142.3499999999999,1,82.22999999999999,swap,notBad
8588,4,142.3499999999999,1,82.22999999999999,swap,notBad
8589,4,142.3499999999999,1,82.22999999999999,2opt,notBad
8590,4,142.3499999999999,1,82.22999999999999,swap,notBad
8591,4,142.3499999999999,1,82.22999999999999,2opt,notBad
8592,4,142.3499999999999,1,82.22999999999999,swap,notBad
8593,4,142.3499999999999,1,82.22999999999999,move,improve
8594,4,140.39999999999992,1,82.22999999999999,move,improve
8595,4,140.39999999999992,1,82.22999999999999,swap,notBad
8596,4,140.39999999999992,1,82.22999999999999,2opt,notBad
8597,4,140.39999999999992,1,82.22999999999999,swap,notBad
8598,4,140.39999999999992,1,82.22999999999999,move,improve
8599,4,140.39999999999992,1,82.22999999999999,move,improve
8600,4,140.39999999999992,1,82.22999999999999,2opt,notBad
8601,4,140.39999999999992,1,82.22999999999999,move,notBad
8602,4,140.39999999999992,1,82.22999999999999,swap,notBad
8603,4,140.39999999999992,1,82.22999999999999,2opt,improve
8604,4,140.39999999999992,1,82.22999999999999,swap,notBad
8605,4,140.39999999999992,1,82.22999999999999,2opt,notBad
8606,4,140.39999999999992,1,82.22999999999999,swap,notBad
8607,4,140.39999999999992,1,82.22999999999999,swap,notBad
8608,4,140.39999999999992,1,82.22999999999999,2opt,notBad
8609,4,140.39999999999992,1,82.22999999999999,move,improve
8610,4,140.39999999999992,1,82.22999999999999,move,improve
8611,4,140.39999999999992,1,82.22999999999999,swap,notBad
8612,4,140.39999999999992,1,82.22999999999999,swap,notBad
8613,4,140.39999999999992,1,82.22999999999999,move,improve
8614,4,140.39999999999992,1,82.22999999999999,2opt,notBad
8615,4,140.39999999999992,1,82.22999999999999,swap,notBad
8616,4,140.39999999999992,1,82.22999999999999,move,improve
8617,4,140.39999999999992,1,82.22999999999999,swap,notBad
8618,4,140.39999999999992,1,82.22999999999999,swap,notBad
8619,4,140.39999999999992,1,82.22999999999999,move,improve
8620,4,140.39999999999992,1,82.22999999999999,move,improve
8621,4,140.39999999999992,1,82.22999999999999,swap,notBad
8622,4,140.39999999999992,1,82.22999999999999,move,improve
8623,4,140.39999999999992,1,82.22999999999999,swap,notBad
8624,4,140.39999999999992,1,82.22999999999999,2opt,notBad
8625,4,140.39999999999992,1,82.22999999999999,swap,notBad
8626,4,140.39999999999992,1,82.22999999999999,move,improve
8627,4,140.39999999999992,1,82.22999999999999,2opt,notBad
8628,4,140.39999999999992,1,82.22999999999999,2opt,improve
8629,4,140.39999999999992,1,82.22999999999999,2opt,notBad
8630,4,140.39999999999992,1,82.22999999999999,swap,notBad
8631,4,140.39999999999992,1,82.22999999999999,swap,notBad
8632,4,140.39999999999992,1,82.22999999999999,swap,notBad
8633,4,140.39999999999992,1,82.22999999999999,move,improve
8634,4,140.39999999999992,1,82.22999999999999,swap,notBad
8635,4,140.39999999999992,1,82.22999999999999,move,improve
8636,4,140.39999999999992,1,82.22999999999999,swap,notBad
8637,4,140.39999999999992,1,82.22999999999999,swap,notBad
8638,4,140.39999999999992,1,82.22999999999999,2opt,notBad
8639,4,140.39999999999992,1,82.22999999999999,2opt,improve
8640,4,140.39999999999992,1,82.22999999999999,2opt,notBad
8641,4,140.39999999999992,1,82.22999999999999,2opt,notBad
8642,4,140.39999999999992,1,82.22999999999999,move,improve
8643,4,140.39999999999992,1,82.22999999999999,move,improve
8644,4,140.39999999999992,1,82.22999999999999,move,improve
8645,4,140.39999999999992,1,82.22999999999999,2opt,notBad
8646,4,140.39999999999992,1,82.22999999999999,move,improve
8647,4,140.39999999999992,1,82.22999999999999,move,improve
8648,4,140.39999999999992,1,82.22999999999999,2opt,notBad
8649,4,140.39999999999992,1,82.22999999999999,move,improve
8650,4,140.39999999999992,1,82.22999999999999,swap,notBad
8651,4,140.39999999999992,1,82.22999999999999,swap,notBad
8652,4,140.39999999999992,1,82.22999999999999,swap,notBad
8653,4,140.39999999999992,1,82.22999999999999,swap,notBad
8654,4,140.39999999999992,1,82.22999999999999,swap,notBad
8655,4,140.39999999999992,1,82.22999999999999,move,improve
8656,4,140.39999999999992,1,82.22999999999999,move,improve
8657,4,140.39999999999992,1,82.22999999999999,swap,notBad
8658,4,140.39999999999992,1,82.22999999999999,move,improve
8659,4,140.39999999999992,1,82.22999999999999,swap,notBad
8660,4,140.39999999999992,1,82.22999999999999,swap,notBad
8661,4,140.39999999999992,1,82.22999999999999,move,improve
8662,4,140.39999999999992,1,82.22999999999999,swap,notBad
8663,4,140.39999999999992,1,82.22999999999999,swap,notBad
8664,4,140.39999999999992,1,82.22999999999999,swap,notBad
8665,4,140.39999999999992,1,82.22999999999999,2opt,notBad
8666,4,140.39999999999992,1,82.22999999999999,swap,notBad
8667,4,140.39999999999992,1,82.22999999999999,move,improve
8668,4,140.39999999999992,1,82.22999999999999,move,improve
8669,4,140.39999999999992,1,82.22999999999999,2opt,notBad
8670,4,140.39999999999992,1,82.22999999999999,swap,notBad
8671,4,140.39999999999992,1,82.22999999999999,2opt,notBad
8672,4,140.39999999999992,1,82.22999999999999,2opt,improve
8673,4,140.39999999999992,1,82.22999999999999,move,improve
8674,4,140.39999999999992,1,82.22999999999999,2opt,notBad
8675,4,140.39999999999992,1,82.22999999999999,swap,notBad
8676,4,140.39999999999992,1,82.22999999999999,2opt,notBad
8677,4,140.39999999999992,1,82.22999999999999,2opt,notBad
8678,4,140.39999999999992,1,82.22999999999999,move,improve
8679,4,140.39999999999992,1,82.22999999999999,2opt,notBad
8680,4,140.39999999999992,1,82.22999999999999,move,improve
8681,4,140.39999999999992,1,82.22999999999999,2opt,notBad
8682,4,140.39999999999992,1,82.22999999999999,2opt,notBad
8683,4,140.39999999999992,1,82.22999999999999,swap,notBad
8684,4,140.39999999999992,1,82.22999999999999,2opt,notBad
8685,4,140.39999999999992,1,82.22999999999999,move,improve
8686,4,140.39999999999992,1,82.22999999999999,swap,notBad
8687,4,140.39999999999992,1,82.22999999999999,swap,notBad
8688,4,140.39999999999992,1,82.22999999999999,swap,notBad
8689,4,140.39999999999992,1,82.22999999999999,move,improve
8690,4,140.39999999999992,1,82.22999999999999,swap,notBad
8691,4,140.39999999999992,1,82.22999999999999,2opt,notBad
8692,4,140.39999999999992,1,82.22999999999999,move,improve
8693,4,140.39999999999992,1,82.22999999999999,2opt,notBad
8694,4,140.39999999999992,1,82.22999999999999,swap,notBad
8695,4,140.39999999999992,1,82.22999999999999,2opt,notBad
8696,4,140.39999999999992,1,82.22999999999999,swap,notBad
8697,4,140.39999999999992,1,82.22999999999999,move,improve
8698,4,140.39999999999992,1,82.22999999999999,2opt,improve
8699,4,140.39999999999992,1,82.22999999999999,move,improve
8700,4,140.39999999999992,1,82.22999999999999,2opt,notBad
8701,4,140.39999999999992,1,82.22999999999999,swap,notBad
8702,4,140.39999999999992,1,82.22999999999999,swap,notBad
8703,4,140.39999999999992,1,82.22999999999999,move,improve
8704,4,140.39999999999992,1,82.22999999999999,move,improve
8705,4,140.39999999999992,1,82.22999999999999,move,improve
8706,4,140.39999999999992,1,82.22999999999999,2opt,notBad
8707,4,140.39999999999992,1,82.22999999999999,2opt,notBad
8708,4,140.39999999999992,1,82.22999999999999,swap,notBad
8709,4,140.39999999999992,1,82.22999999999999,move,improve
8710,4,140.39999999999992,1,82.22999999999999,2opt,notBad
8711,4,140.39999999999992,1,82.22999999999999,move,improve
8712,4,140.39999999999992,1,82.22999999999999,move,improve
8713,4,140.39999999999992,1,82.22999999999999,swap,notBad
8714,4,140.39999999999992,1,82.22999999999999,move,improve
8715,4,140.39999999999992,1,82.22999999999999,2opt,notBad
8716,4,140.39999999999992,1,82.22999999999999,move,improve
8717,4,140.39999999999992,1,82.22999999999999,swap,notBad
8718,4,140.39999999999992,1,82.22999999999999,swap,notBad
8719,4,140.39999999999992,1,82.22999999999999,swap,notBad
8720,4,140.39999999999992,1,82.22999999999999,move,notBad
8721,4,140.39999999999992,1,82.22999999999999,move,improve
8722,4,140.39999999999992,1,82.22999999999999,swap,notBad
8723,4,140.39999999999992,1,82.22999999999999,move,improve
8724,4,140.39999999999992,1,82.22999999999999,move,improve
8725,4,140.39999999999992,1,82.22999999999999,2opt,notBad
8726,4,140.39999999999992,1,82.22999999999999,swap,notBad
8727,4,140.39999999999992,1,82.22999999999999,2opt,notBad
8728,4,140.39999999999992,1,82.22999999999999,swap,notBad
8729,4,140.39999999999992,1,82.22999999999999,swap,notBad
8730,4,140.39999999999992,1,82.22999999999999,2opt,notBad
8731,4,140.39999999999992,1,82.22999999999999,move,improve
8732,4,140.39999999999992,1,82.22999999999999,swap,notBad
8733,4,140.39999999999992,1,82.22999999999999,swap,notBad
8734,4,140.39999999999992,1,82.22999999999999,2opt,notBad
8735,4,140.39999999999992,1,82.22999999999999,move,improve
8736,4,140.39999999999992,1,82.22999999999999,swap,notBad
8737,4,140.39999999999992,1,82.22999999999999,swap,notBad
8738,4,140.39999999999992,1,82.22999999999999,2opt,notBad
8739,4,140.39999999999992,1,82.22999999999999,swap,notBad
8740,4,140.39999999999992,1,82.22999999999999,2opt,notBad
8741,4,140.39999999999992,1,82.22999999999999,swap,notBad
8742,4,140.39999999999992,1,82.22999999999999,2opt,notBad
8743,4,140.39999999999992,1,82.22999999999999,swap,notBad
8744,4,140.39999999999992,1,82.22999999999999,2opt,notBad
8745,4,140.39999999999992,1,82.22999999999999,2opt,notBad
8746,4,140.39999999999992,1,82.22999999999999,swap,notBad
8747,4,140.39999999999992,1,82.22999999999999,swap,notBad
8748,4,140.39999999999992,1,82.22999999999999,swap,notBad
8749,4,140.39999999999992,1,82.22999999999999,2opt,notBad
8750,4,140.39999999999992,1,82.22999999999999,swap,notBad
8751,4,140.39999999999992,1,82.22999999999999,move,improve
8752,4,140.39999999999992,1,82.22999999999999,move,improve
8753,4,140.39999999999992,1,82.22999999999999,move,improve
8754,4,140.39999999999992,1,82.22999999999999,move,improve
8755,4,140.39999999999992,1,82.22999999999999,2opt,notBad
8756,4,140.39999999999992,1,82.22999999999999,2opt,notBad
8757,4,140.39999999999992,1,82.22999999999999,move,improve
8758,4,140.39999999999992,1,82.22999999999999,move,improve
8759,4,140.39999999999992,1,82.22999999999999,move,improve
8760,4,140.39999999999992,1,82.22999999999999,2opt,notBad
8761,4,140.39999999999992,1,82.22999999999999,swap,notBad
8762,4,140.39999999999992,1,82.22999999999999,move,improve
8763,4,140.39999999999992,1,82.22999999999999,move,improve
8764,4,140.39999999999992,1,82.22999999999999,move,improve
8765,4,140.39999999999992,1,82.22999999999999,2opt,notBad
8766,4,140.39999999999992,1,82.22999999999999,swap,notBad
8767,4,140.39999999999992,1,82.22999999999999,2opt,notBad
8768,4,140.39999999999992,1,82.22999999999999,move,improve
8769,4,140.39999999999992,1,82.22999999999999,2opt,notBad
8770,4,140.39999999999992,1,82.22999999999999,2opt,notBad
8771,4,140.39999999999992,1,82.22999999999999,swap,notBad
8772,4,140.39999999999992,1,82.22999999999999,2opt,notBad
8773,4,140.39999999999992,1,82.22999999999999,2opt,notBad
8774,4,140.39999999999992,1,82.22999999999999,2opt,notBad
8775,4,140.39999999999992,1,82.22999999999999,move,improve
8776,4,140.39999999999992,1,82.22999999999999,2opt,notBad
8777,4,140.39999999999992,1,82.22999999999999,2opt,improve
8778,4,140.39999999999992,1,82.22999999999999,2opt,notBad
8779,4,140.39999999999992,1,82.22999999999999,swap,notBad
8780,4,140.39999999999992,1,82.22999999999999,2opt,notBad
8781,4,140.39999999999992,1,82.22999999999999,move,improve
8782,4,140.39999999999992,1,82.22999999999999,2opt,notBad
8783,4,140.39999999999992,1,82.22999999999999,swap,notBad
8784,4,140.39999999999992,1,82.22999999999999,2opt,notBad
8785,4,140.39999999999992,1,82.22999999999999,swap,notBad
8786,4,140.39999999999992,1,82.22999999999999,swap,notBad
8787,4,140.39999999999992,1,82.22999999999999,swap,notBad
8788,4,140.39999999999992,1,82.22999999999999,2opt,notBad
8789,4,140.39999999999992,1,82.22999999999999,2opt,notBad
8790,4,140.39999999999992,1,82.22999999999999,move,improve
8791,4,140.39999999999992,1,82.22999999999999,2opt,notBad
8792,4,140.39999999999992,1,82.22999999999999,move,improve
8793,4,140.39999999999992,1,82.22999999999999,2opt,improve
8794,4,140.39999999999992,1,82.22999999999999,2opt,notBad
8795,4,140.39999999999992,1,82.22999999999999,move,improve
8796,4,140.39999999999992,1,82.22999999999999,swap,notBad
8797,4,140.39999999999992,1,82.22999999999999,move,improve
8798,4,140.39999999999992,1,82.22999999999999,move,improve
8799,4,140.39999999999992,1,82.22999999999999,2opt,notBad
8800,4,140.39999999999992,1,82.22999999999999,move,improve
8801,4,140.39999999999992,1,82.22999999999999,2opt,notBad
8802,4,140.39999999999992,1,82.22999999999999,swap,notBad
8803,4,140.39999999999992,1,82.22999999999999,swap,notBad
8804,4,140.39999999999992,1,82.22999999999999,2opt,improve
8805,4,140.39999999999992,1,82.22999999999999,swap,notBad
8806,4,140.39999999999992,1,82.22999999999999,move,improve
8807,4,140.39999999999992,1,82.22999999999999,swap,notBad
8808,4,140.39999999999992,1,82.22999999999999,swap,notBad
8809,4,140.39999999999992,1,82.22999999999999,2opt,notBad
8810,4,140.39999999999992,1,82.22999999999999,swap,notBad
8811,4,140.39999999999992,1,82.22999999999999,2opt,notBad
8812,4,140.39999999999992,1,82.22999999999999,2opt,notBad
8813,4,140.39999999999992,1,82.22999999999999,2opt,notBad
8814,4,140.39999999999992,1,82.22999999999999,swap,notBad
8815,4,140.39999999999992,1,82.22999999999999,swap,notBad
8816,4,140.39999999999992,1,82.22999999999999,swap,notBad
8817,4,140.39999999999992,1,82.22999999999999,swap,notBad
8818,4,140.39999999999992,1,82.22999999999999,swap,notBad
8819,4,140.39999999999992,1,82.22999999999999,2opt,notBad
8820,4,140.39999999999992,1,82.22999999999999,swap,notBad
8821,4,140.39999999999992,1,82.22999999999999,2opt,notBad
8822,4,140.39999999999992,1,82.22999999999999,move,improve
8823,4,140.39999999999992,1,82.22999999999999,move,improve
8824,4,140.39999999999992,1,82.22999999999999,2opt,notBad
8825,4,140.39999999999992,1,82.22999999999999,swap,notBad
8826,4,140.39999999999992,1,82.22999999999999,move,improve
8827,4,140.39999999999992,1,82.22999999999999,swap,notBad
8828,4,140.39999999999992,1,82.22999999999999,swap,notBad
8829,4,140.39999999999992,1,82.22999999999999,2opt,notBad
8830,4,140.39999999999992,1,82.22999999999999,2opt,notBad
8831,4,140.39999999999992,1,82.22999999999999,2opt,notBad
8832,4,140.39999999999992,1,82.22999999999999,move,improve
8833,4,140.39999999999992,1,82.22999999999999,2opt,notBad
8834,4,140.39999999999992,1,82.22999999999999,move,improve
8835,4,140.39999999999992,1,82.22999999999999,move,improve
8836,4,140.39999999999992,1,82.22999999999999,move,improve
8837,4,140.39999999999992,1,82.22999999999999,2opt,notBad
8838,4,140.39999999999992,1,82.22999999999999,move,improve
8839,4,140.39999999999992,1,82.22999999999999,move,improve
8840,4,140.39999999999992,1,82.22999999999999,swap,notBad
8841,4,140.39999999999992,1,82.22999999999999,move,improve
8842,4,140.39999999999992,1,82.22999999999999,swap,notBad
8843,4,140.39999999999992,1,82.22999999999999,move,improve
8844,4,140.39999999999992,1,82.22999999999999,swap,notBad
8845,4,140.39999999999992,1,82.22999999999999,swap,notBad
8846,4,140.39999999999992,1,82.22999999999999,move,improve
8847,4,140.39999999999992,1,82.22999999999999,swap,notBad
8848,4,140.39999999999992,1,82.22999999999999,swap,notBad
8849,4,140.39999999999992,1,82.22999999999999,move,improve
8850,4,140.39999999999992,1,82.22999999999999,move,improve
8851,4,140.39999999999992,1,82.22999999999999,2opt,notBad
8852,4,140.39999999999992,1,82.22999999999999,move,improve
8853,4,140.39999999999992,1,82.22999999999999,swap,notBad
8854,4,140.39999999999992,1,82.22999999999999,swap,notBad
8855,4,140.39999999999992,1,82.22999999999999,2opt,notBad
8856,4,140.39999999999992,1,82.22999999999999,move,improve
8857,4,140.39999999999992,1,82.22999999999999,move,improve
8858,4,140.39999999999992,1,82.22999999999999,2opt,notBad
8859,4,140.39999999999992,1,82.22999999999999,2opt,notBad
8860,4,140.39999999999992,1,82.22999999999999,move,improve
8861,4,140.39999999999992,1,82.22999999999999,swap,notBad
8862,4,140.39999999999992,1,82.22999999999999,swap,notBad
8863,4,140.39999999999992,1,82.22999999999999,swap,notBad
8864,4,140.39999999999992,1,82.22999999999999,2opt,notBad
8865,4,140.39999999999992,1,82.22999999999999,swap,notBad
8866,4,140.39999999999992,1,82.22999999999999,swap,notBad
8867,4,140.39999999999992,1,82.22999999999999,swap,notBad
8868,4,140.39999999999992,1,82.22999999999999,swap,notBad
8869,4,140.39999999999992,1,82.22999999999999,2opt,notBad
8870,4,140.39999999999992,1,82.22999999999999,swap,notBad
8871,4,140.39999999999992,1,82.22999999999999,2opt,notBad
8872,4,140.39999999999992,1,82.22999999999999,move,improve
8873,4,140.39999999999992,1,82.22999999999999,swap,notBad
8874,4,140.39999999999992,1,82.22999999999999,move,improve
8875,4,140.39999999999992,1,82.22999999999999,move,improve
8876,4,140.39999999999992,1,82.22999999999999,move,improve
8877,4,140.39999999999992,1,82.22999999999999,2opt,notBad
8878,4,140.39999999999992,1,82.22999999999999,swap,notBad
8879,4,140.39999999999992,1,82.22999999999999,move,improve
8880,4,140.39999999999992,1,82.22999999999999,swap,notBad
8881,4,140.39999999999992,1,82.22999999999999,move,improve
8882,4,140.39999999999992,1,82.22999999999999,swap,notBad
8883,4,140.39999999999992,1,82.22999999999999,2opt,notBad
8884,4,140.39999999999992,1,82.22999999999999,swap,notBad
8885,4,140.39999999999992,1,82.22999999999999,move,improve
8886,4,140.39999999999992,1,82.22999999999999,swap,notBad
8887,4,140.39999999999992,1,82.22999999999999,swap,notBad
8888,4,140.39999999999992,1,82.22999999999999,move,improve
8889,4,140.39999999999992,1,82.22999999999999,move,improve
8890,4,140.39999999999992,1,82.22999999999999,2opt,notBad
8891,4,140.39999999999992,1,82.22999999999999,swap,notBad
8892,4,140.39999999999992,1,82.22999999999999,2opt,notBad
8893,4,140.39999999999992,1,82.22999999999999,swap,notBad
8894,4,140.39999999999992,1,82.22999999999999,2opt,improve
8895,4,140.39999999999992,1,82.22999999999999,move,improve
8896,4,140.39999999999992,1,82.22999999999999,swap,notBad
8897,4,140.39999999999992,1,82.22999999999999,move,improve
8898,4,140.39999999999992,1,82.22999999999999,swap,notBad
8899,4,140.39999999999992,1,82.22999999999999,move,improve
8900,4,140.39999999999992,1,82.22999999999999,2opt,notBad
8901,4,140.39999999999992,1,82.22999999999999,move,notBad
8902,4,140.39999999999992,1,82.22999999999999,2opt,notBad
8903,4,140.39999999999992,1,82.22999999999999,move,improve
8904,4,140.39999999999992,1,82.22999999999999,swap,notBad
8905,4,140.39999999999992,1,82.22999999999999,2opt,notBad
8906,4,140.39999999999992,1,82.22999999999999,2opt,notBad
8907,4,140.39999999999992,1,82.22999999999999,2opt,notBad
8908,4,140.39999999999992,1,82.22999999999999,swap,notBad
8909,4,140.39999999999992,1,82.22999999999999,move,improve
8910,4,140.39999999999992,1,82.22999999999999,move,improve
8911,4,140.39999999999992,1,82.22999999999999,2opt,notBad
8912,4,140.39999999999992,1,82.22999999999999,swap,notBad
8913,4,140.39999999999992,1,82.22999999999999,2opt,notBad
8914,4,140.39999999999992,1,82.22999999999999,swap,notBad
8915,4,140.39999999999992,1,82.22999999999999,swap,notBad
8916,4,140.39999999999992,1,82.22999999999999,2opt,notBad
8917,4,140.39999999999992,1,82.22999999999999,move,improve
8918,4,140.39999999999992,1,82.22999999999999,swap,notBad
8919,4,140.39999999999992,1,82.22999999999999,move,improve
8920,4,140.39999999999992,1,82.22999999999999,move,improve
8921,4,140.39999999999992,1,82.22999999999999,swap,notBad
8922,4,140.39999999999992,1,82.22999999999999,swap,notBad
8923,4,140.39999999999992,1,82.22999999999999,2opt,notBad
8924,4,140.39999999999992,1,82.22999999999999,move,improve
8925,4,140.39999999999992,1,82.22999999999999,swap,notBad
8926,4,140.39999999999992,1,82.22999999999999,swap,notBad
8927,4,140.39999999999992,1,82.22999999999999,swap,notBad
8928,4,140.39999999999992,1,82.22999999999999,move,improve
8929,4,140.39999999999992,1,82.22999999999999,2opt,notBad
8930,4,140.39999999999992,1,82.22999999999999,2opt,notBad
8931,4,140.39999999999992,1,82.22999999999999,swap,notBad
8932,4,140.39999999999992,1,82.22999999999999,2opt,notBad
8933,4,140.39999999999992,1,82.22999999999999,swap,notBad
8934,4,140.39999999999992,1,82.22999999999999,move,improve
8935,4,140.39999999999992,1,82.22999999999999,swap,notBad
8936,4,140.39999999999992,1,82.22999999999999,move,improve
8937,4,140.39999999999992,1,82.22999999999999,move,improve
8938,4,140.39999999999992,1,82.22999999999999,2opt,notBad
8939,4,140.39999999999992,1,82.22999999999999,move,improve
8940,4,140.39999999999992,1,82.22999999999999,2opt,notBad
8941,4,142.04999999999967,1,82.22999999999999,swap,acceptBad
8942,4,142.04999999999967,1,82.22999999999999,move,improve
8943,4,142.04999999999967,1,82.22999999999999,2opt,improve
8944,4,142.04999999999967,1,82.22999999999999,swap,notBad
8945,4,142.04999999999967,1,82.22999999999999,2opt,notBad
8946,4,142.04999999999967,1,82.22999999999999,2opt,notBad
8947,4,142.04999999999967,1,82.22999999999999,2opt,notBad
8948,4,142.04999999999967,1,82.22999999999999,move,improve
8949,4,142.04999999999967,1,82.22999999999999,swap,notBad
8950,4,142.04999999999967,1,82.22999999999999,2opt,notBad
8951,4,142.04999999999967,1,82.22999999999999,move,improve
8952,4,142.04999999999967,1,82.22999999999999,move,improve
8953,4,140.39999999999992,1,82.22999999999999,swap,improve
8954,4,140.39999999999992,1,82.22999999999999,2opt,improve
8955,4,140.39999999999992,1,82.22999999999999,move,improve
8956,4,140.39999999999992,1,82.22999999999999,move,improve
8957,4,140.39999999999992,1,82.22999999999999,2opt,notBad
8958,4,140.39999999999992,1,82.22999999999999,move,improve
8959,4,140.39999999999992,1,82.22999999999999,move,improve
8960,4,140.39999999999992,1,82.22999999999999,move,improve
8961,4,140.39999999999992,1,82.22999999999999,move,improve
8962,4,140.39999999999992,1,82.22999999999999,swap,notBad
8963,4,140.39999999999992,1,82.22999999999999,swap,notBad
8964,4,140.39999999999992,1,82.22999999999999,2opt,notBad
8965,4,140.39999999999992,1,82.22999999999999,swap,notBad
8966,4,140.39999999999992,1,82.22999999999999,move,improve
8967,4,140.39999999999992,1,82.22999999999999,swap,notBad
8968,4,140.39999999999992,1,82.22999999999999,swap,notBad
8969,4,140.39999999999992,1,82.22999999999999,2opt,notBad
8970,4,140.39999999999992,1,82.22999999999999,swap,notBad
8971,4,140.39999999999992,1,82.22999999999999,move,improve
8972,4,140.39999999999992,1,82.22999999999999,2opt,notBad
8973,4,140.39999999999992,1,82.22999999999999,2opt,improve
8974,4,140.39999999999992,1,82.22999999999999,2opt,notBad
8975,4,140.39999999999992,1,82.22999999999999,2opt,notBad
8976,4,140.39999999999992,1,82.22999999999999,move,improve
8977,4,140.39999999999992,1,82.22999999999999,2opt,notBad
8978,4,140.39999999999992,1,82.22999999999999,2opt,notBad
8979,4,140.39999999999992,1,82.22999999999999,move,improve
8980,4,140.39999999999992,1,82.22999999999999,2opt,notBad
8981,4,140.39999999999992,1,82.22999999999999,2opt,notBad
8982,4,140.39999999999992,1,82.22999999999999,2opt,improve
8983,4,140.39999999999992,1,82.22999999999999,swap,notBad
8984,4,140.39999999999992,1,82.22999999999999,2opt,notBad
8985,4,140.39999999999992,1,82.22999999999999,swap,notBad
8986,4,140.39999999999992,1,82.22999999999999,swap,notBad
8987,4,140.39999999999992,1,82.22999999999999,swap,notBad
8988,4,140.39999999999992,1,82.22999999999999,swap,notBad
8989,4,140.39999999999992,1,82.22999999999999,swap,notBad
8990,4,140.39999999999992,1,82.22999999999999,2opt,notBad
8991,4,140.39999999999992,1,82.22999999999999,2opt,notBad
8992,4,140.39999999999992,1,82.22999999999999,2opt,notBad
8993,4,140.39999999999992,1,82.22999999999999,move,improve
8994,4,140.39999999999992,1,82.22999999999999,2opt,notBad
8995,4,140.39999999999992,1,82.22999999999999,move,improve
8996,4,140.39999999999992,1,82.22999999999999,2opt,notBad
8997,4,140.39999999999992,1,82.22999999999999,swap,notBad
8998,4,140.39999999999992,1,82.22999999999999,2opt,notBad
8999,4,140.39999999999992,1,82.22999999999999,move,improve
9000,4,140.39999999999992,1,82.22999999999999,swap,notBad
9001,4,140.39999999999992,1,82.22999999999999,move,improve
9002,4,140.39999999999992,1,82.22999999999999,2opt,notBad
9003,4,140.39999999999992,1,82.22999999999999,2opt,notBad
9004,4,140.39999999999992,1,82.22999999999999,move,improve
9005,4,140.39999999999992,1,82.22999999999999,swap,notBad
9006,4,140.39999999999992,1,82.22999999999999,swap,notBad
9007,4,140.39999999999992,1,82.22999999999999,move,improve
9008,4,140.39999999999992,1,82.22999999999999,swap,notBad
9009,4,140.39999999999992,1,82.22999999999999,2opt,notBad
9010,4,140.39999999999992,1,82.22999999999999,2opt,notBad
9011,4,140.39999999999992,1,82.22999999999999,swap,notBad
9012,4,140.39999999999992,1,82.22999999999999,swap,notBad
9013,4,140.39999999999992,1,82.22999999999999,move,improve
9014,4,140.39999999999992,1,82.22999999999999,swap,notBad
9015,4,140.39999999999992,1,82.22999999999999,swap,notBad
9016,4,140.39999999999992,1,82.22999999999999,2opt,notBad
9017,4,140.39999999999992,1,82.22999999999999,move,improve
9018,4,140.39999999999992,1,82.22999999999999,move,improve
9019,4,140.39999999999992,1,82.22999999999999,swap,notBad
9020,4,140.39999999999992,1,82.22999999999999,swap,notBad
9021,4,140.39999999999992,1,82.22999999999999,move,improve
9022,4,140.39999999999992,1,82.22999999999999,2opt,notBad
9023,4,140.39999999999992,1,82.22999999999999,2opt,improve
9024,4,140.39999999999992,1,82.22999999999999,swap,notBad
9025,4,140.39999999999992,1,82.22999999999999,swap,notBad
9026,4,140.39999999999992,1,82.22999999999999,move,improve
9027,4,140.39999999999992,1,82.22999999999999,2opt,notBad
9028,4,140.39999999999992,1,82.22999999999999,swap,notBad
9029,4,140.39999999999992,1,82.22999999999999,2opt,notBad
9030,4,140.39999999999992,1,82.22999999999999,move,improve
9031,4,140.39999999999992,1,82.22999999999999,swap,notBad
9032,4,140.39999999999992,1,82.22999999999999,2opt,notBad
9033,4,140.39999999999992,1,82.22999999999999,move,improve
9034,4,140.39999999999992,1,82.22999999999999,swap,notBad
9035,4,140.39999999999992,1,82.22999999999999,2opt,notBad
9036,4,140.39999999999992,1,82.22999999999999,move,improve
9037,4,140.39999999999992,1,82.22999999999999,swap,notBad
9038,4,140.39999999999992,1,82.22999999999999,swap,notBad
9039,4,140.39999999999992,1,82.22999999999999,swap,notBad
9040,4,140.39999999999992,1,82.22999999999999,swap,notBad
9041,4,140.39999999999992,1,82.22999999999999,move,improve
9042,4,140.39999999999992,1,82.22999999999999,swap,notBad
9043,4,140.39999999999992,1,82.22999999999999,2opt,improve
9044,4,140.39999999999992,1,82.22999999999999,2opt,notBad
9045,4,140.39999999999992,1,82.22999999999999,swap,notBad
9046,4,140.39999999999992,1,82.22999999999999,2opt,notBad
9047,4,140.39999999999992,1,82.22999999999999,swap,notBad
9048,4,140.39999999999992,1,82.22999999999999,2opt,notBad
9049,4,140.39999999999992,1,82.22999999999999,2opt,notBad
9050,4,140.39999999999992,1,82.22999999999999,move,improve
9051,4,140.39999999999992,1,82.22999999999999,swap,notBad
9052,4,140.39999999999992,1,82.22999999999999,swap,notBad
9053,4,140.39999999999992,1,82.22999999999999,2opt,notBad
9054,4,140.39999999999992,1,82.22999999999999,swap,notBad
9055,4,140.39999999999992,1,82.22999999999999,swap,notBad
9056,4,140.39999999999992,1,82.22999999999999,2opt,notBad
9057,4,140.39999999999992,1,82.22999999999999,2opt,improve
9058,4,140.39999999999992,1,82.22999999999999,swap,notBad
9059,4,140.39999999999992,1,82.22999999999999,2opt,notBad
9060,4,140.39999999999992,1,82.22999999999999,2opt,notBad
9061,4,140.39999999999992,1,82.22999999999999,swap,notBad
9062,4,140.39999999999992,1,82.22999999999999,2opt,notBad
9063,4,140.39999999999992,1,82.22999999999999,swap,notBad
9064,4,140.39999999999992,1,82.22999999999999,2opt,notBad
9065,4,140.39999999999992,1,82.22999999999999,swap,notBad
9066,4,140.39999999999992,1,82.22999999999999,2opt,notBad
9067,4,140.39999999999992,1,82.22999999999999,swap,notBad
9068,4,140.39999999999992,1,82.22999999999999,2opt,notBad
9069,4,140.39999999999992,1,82.22999999999999,swap,notBad
9070,4,140.39999999999992,1,82.22999999999999,2opt,notBad
9071,4,140.39999999999992,1,82.22999999999999,2opt,notBad
9072,4,140.39999999999992,1,82.22999999999999,2opt,notBad
9073,4,140.39999999999992,1,82.22999999999999,move,improve
9074,4,140.39999999999992,1,82.22999999999999,swap,notBad
9075,4,140.39999999999992,1,82.22999999999999,swap,notBad
9076,4,140.39999999999992,1,82.22999999999999,2opt,notBad
9077,4,140.39999999999992,1,82.22999999999999,2opt,notBad
9078,4,140.39999999999992,1,82.22999999999999,move,notBad
9079,4,140.39999999999992,1,82.22999999999999,2opt,notBad
9080,4,140.39999999999992,1,82.22999999999999,move,improve
9081,4,140.39999999999992,1,82.22999999999999,swap,notBad
9082,4,140.39999999999992,1,82.22999999999999,swap,notBad
9083,4,140.39999999999992,1,82.22999999999999,2opt,notBad
9084,4,140.39999999999992,1,82.22999999999999,swap,notBad
9085,4,140.39999999999992,1,82.22999999999999,move,improve
9086,4,140.39999999999992,1,82.22999999999999,2opt,notBad
9087,4,140.39999999999992,1,82.22999999999999,move,improve
9088,4,140.39999999999992,1,82.22999999999999,swap,notBad
9089,4,140.39999999999992,1,82.22999999999999,2opt,notBad
9090,4,140.39999999999992,1,82.22999999999999,2opt,notBad
9091,4,140.39999999999992,1,82.22999999999999,move,improve
9092,4,140.39999999999992,1,82.22999999999999,swap,notBad
9093,4,140.39999999999992,1,82.22999999999999,move,improve
9094,4,140.39999999999992,1,82.22999999999999,2opt,notBad
9095,4,140.39999999999992,1,82.22999999999999,move,improve
9096,4,140.39999999999992,1,82.22999999999999,move,improve
9097,4,140.39999999999992,1,82.22999999999999,move,notBad
9098,4,140.39999999999992,1,82.22999999999999,2opt,notBad
9099,4,140.39999999999992,1,82.22999999999999,swap,notBad
9100,4,140.39999999999992,1,82.22999999999999,2opt,notBad
9101,4,140.39999999999992,1,82.22999999999999,2opt,notBad
9102,4,140.39999999999992,1,82.22999999999999,2opt,notBad
9103,4,140.39999999999992,1,82.22999999999999,swap,notBad
9104,4,140.39999999999992,1,82.22999999999999,2opt,notBad
9105,4,140.39999999999992,1,82.22999999999999,move,improve
9106,4,140.39999999999992,1,82.22999999999999,swap,notBad
9107,4,140.39999999999992,1,82.22999999999999,2opt,notBad
9108,4,140.39999999999992,1,82.22999999999999,swap,notBad
9109,4,140.39999999999992,1,82.22999999999999,2opt,notBad
9110,4,140.39999999999992,1,82.22999999999999,swap,notBad
9111,4,140.39999999999992,1,82.22999999999999,move,improve
9112,4,140.39999999999992,1,82.22999999999999,move,improve
9113,4,140.39999999999992,1,82.22999999999999,2opt,notBad
9114,4,140.39999999999992,1,82.22999999999999,move,improve
9115,4,140.39999999999992,1,82.22999999999999,swap,notBad
9116,4,140.39999999999992,1,82.22999999999999,2opt,notBad
9117,4,140.39999999999992,1,82.22999999999999,move,improve
9118,4,140.39999999999992,1,82.22999999999999,2opt,notBad
9119,4,140.39999999999992,1,82.22999999999999,move,improve
9120,4,140.39999999999992,1,82.22999999999999,swap,notBad
9121,4,140.39999999999992,1,82.22999999999999,swap,notBad
9122,4,140.39999999999992,1,82.22999999999999,move,improve
9123,4,140.39999999999992,1,82.22999999999999,move,improve
9124,4,140.39999999999992,1,82.22999999999999,swap,notBad
9125,4,140.39999999999992,1,82.22999999999999,move,improve
9126,4,140.39999999999992,1,82.22999999999999,swap,notBad
9127,4,140.39999999999992,1,82.22999999999999,move,improve
9128,4,140.39999999999992,1,82.22999999999999,2opt,notBad
9129,4,140.39999999999992,1,82.22999999999999,2opt,notBad
9130,4,140.39999999999992,1,82.22999999999999,swap,notBad
9131,4,140.39999999999992,1,82.22999999999999,2opt,notBad
9132,4,140.39999999999992,1,82.22999999999999,2opt,notBad
9133,4,140.39999999999992,1,82.22999999999999,2opt,notBad
9134,4,140.39999999999992,1,82.22999999999999,2opt,notBad
9135,4,140.39999999999992,1,82.22999999999999,move,improve
9136,4,140.39999999999992,1,82.22999999999999,2opt,notBad
9137,4,140.39999999999992,1,82.22999999999999,2opt,notBad
9138,4,140.39999999999992,1,82.22999999999999,swap,notBad
9139,4,140.39999999999992,1,82.22999999999999,2opt,notBad
9140,4,140.39999999999992,1,82.22999999999999,swap,notBad
9141,4,140.39999999999992,1,82.22999999999999,2opt,notBad
9142,4,140.39999999999992,1,82.22999999999999,move,improve
9143,4,140.39999999999992,1,82.22999999999999,swap,notBad
9144,4,140.39999999999992,1,82.22999999999999,move,improve
9145,4,140.39999999999992,1,82.22999999999999,2opt,notBad
9146,4,140.39999999999992,1,82.22999999999999,2opt,notBad
9147,4,140.39999999999992,1,82.22999999999999,swap,notBad
9148,4,140.39999999999992,1,82.22999999999999,2opt,notBad
9149,4,140.39999999999992,1,82.22999999999999,move,improve
9150,4,140.39999999999992,1,82.22999999999999,swap,notBad
9151,4,140.39999999999992,1,82.22999999999999,2opt,notBad
9152,4,140.39999999999992,1,82.22999999999999,2opt,notBad
9153,4,140.39999999999992,1,82.22999999999999,2opt,notBad
9154,4,140.39999999999992,1,82.22999999999999,2opt,notBad
9155,4,140.39999999999992,1,82.22999999999999,swap,notBad
9156,4,140.39999999999992,1,82.22999999999999,swap,notBad
9157,4,140.39999999999992,1,82.22999999999999,swap,notBad
9158,4,140.39999999999992,1,82.22999999999999,move,improve
9159,4,140.39999999999992,1,82.22999999999999,2opt,notBad
9160,4,140.39999999999992,1,82.22999999999999,move,notBad
9161,4,140.39999999999992,1,82.22999999999999,swap,notBad
9162,4,140.39999999999992,1,82.22999999999999,2opt,improve
9163,4,140.39999999999992,1,82.22999999999999,move,improve
9164,4,140.39999999999992,1,82.22999999999999,move,improve
9165,4,140.39999999999992,1,82.22999999999999,2opt,notBad
9166,4,140.39999999999992,1,82.22999999999999,2opt,notBad
9167,4,140.39999999999992,1,82.22999999999999,move,improve
9168,4,140.39999999999992,1,82.22999999999999,2opt,notBad
9169,4,140.39999999999992,1,82.22999999999999,move,improve
9170,4,140.39999999999992,1,82.22999999999999,swap,notBad
9171,4,140.39999999999992,1,82.22999999999999,2opt,notBad
9172,4,140.39999999999992,1,82.22999999999999,move,improve
9173,4,140.39999999999992,1,82.22999999999999,swap,notBad
9174,4,140.39999999999992,1,82.22999999999999,2opt,notBad
9175,4,140.39999999999992,1,82.22999999999999,swap,notBad
9176,4,140.39999999999992,1,82.22999999999999,2opt,notBad
9177,4,140.39999999999992,1,82.22999999999999,swap,notBad
9178,4,140.39999999999992,1,82.22999999999999,move,improve
9179,4,140.39999999999992,1,82.22999999999999,2opt,notBad
9180,4,140.39999999999992,1,82.22999999999999,2opt,notBad
9181,4,140.39999999999992,1,82.22999999999999,2opt,notBad
9182,4,140.39999999999992,1,82.22999999999999,move,improve
9183,4,140.39999999999992,1,82.22999999999999,swap,notBad
9184,4,140.39999999999992,1,82.22999999999999,swap,notBad
9185,4,140.39999999999992,1,82.22999999999999,move,improve
9186,4,140.39999999999992,1,82.22999999999999,2opt,improve
9187,4,140.39999999999992,1,82.22999999999999,swap,notBad
9188,4,140.39999999999992,1,82.22999999999999,move,improve
9189,4,140.39999999999992,1,82.22999999999999,move,improve
9190,4,140.39999999999992,1,82.22999999999999,2opt,notBad
9191,4,140.39999999999992,1,82.22999999999999,move,improve
9192,4,140.39999999999992,1,82.22999999999999,2opt,improve
9193,4,140.39999999999992,1,82.22999999999999,move,improve
9194,4,140.39999999999992,1,82.22999999999999,swap,notBad
9195,4,140.39999999999992,1,82.22999999999999,move,improve
9196,4,140.39999999999992,1,82.22999999999999,move,improve
9197,4,140.39999999999992,1,82.22999999999999,swap,notBad
9198,4,140.39999999999992,1,82.22999999999999,swap,notBad
9199,4,140.39999999999992,1,82.22999999999999,2opt,notBad
9200,4,140.39999999999992,1,82.22999999999999,swap,notBad
9201,4,140.39999999999992,1,82.22999999999999,swap,notBad
9202,4,140.39999999999992,1,82.22999999999999,move,notBad
9203,4,140.39999999999992,1,82.22999999999999,swap,notBad
9204,4,140.39999999999992,1,82.22999999999999,2opt,notBad
9205,4,140.39999999999992,1,82.22999999999999,2opt,notBad
9206,4,140.39999999999992,1,82.22999999999999,swap,notBad
9207,4,140.39999999999992,1,82.22999999999999,swap,notBad
9208,4,140.39999999999992,1,82.22999999999999,2opt,improve
9209,4,140.39999999999992,1,82.22999999999999,move,improve
9210,4,140.39999999999992,1,82.22999999999999,2opt,notBad
9211,4,140.39999999999992,1,82.22999999999999,swap,notBad
9212,4,140.39999999999992,1,82.22999999999999,move,improve
9213,4,140.39999999999992,1,82.22999999999999,2opt,notBad
9214,4,140.39999999999992,1,82.22999999999999,2opt,notBad
9215,4,140.39999999999992,1,82.22999999999999,swap,notBad
9216,4,140.39999999999992,1,82.22999999999999,2opt,notBad
9217,4,140.39999999999992,1,82.22999999999999,move,improve
9218,4,140.39999999999992,1,82.22999999999999,swap,notBad
9219,4,140.39999999999992,1,82.22999999999999,move,improve
9220,4,140.39999999999992,1,82.22999999999999,2opt,notBad
9221,4,140.39999999999992,1,82.22999999999999,swap,notBad
9222,4,140.39999999999992,1,82.22999999999999,2opt,notBad
9223,4,140.39999999999992,1,82.22999999999999,swap,notBad
9224,4,140.39999999999992,1,82.22999999999999,swap,notBad
9225,4,140.39999999999992,1,82.22999999999999,swap,notBad
9226,4,140.39999999999992,1,82.22999999999999,move,improve
9227,4,140.39999999999992,1,82.22999999999999,2opt,notBad
9228,4,140.39999999999992,1,82.22999999999999,2opt,notBad
9229,4,140.39999999999992,1,82.22999999999999,2opt,notBad
9230,4,140.39999999999992,1,82.22999999999999,swap,notBad
9231,4,140.39999999999992,1,82.22999999999999,swap,notBad
9232,4,140.39999999999992,1,82.22999999999999,swap,notBad
9233,4,140.39999999999992,1,82.22999999999999,move,improve
9234,4,140.39999999999992,1,82.22999999999999,2opt,notBad
9235,4,140.39999999999992,1,82.22999999999999,swap,notBad
9236,4,140.39999999999992,1,82.22999999999999,swap,notBad
9237,4,140.39999999999992,1,82.22999999999999,2opt,notBad
9238,4,140.39999999999992,1,82.22999999999999,2opt,notBad
9239,4,140.39999999999992,1,82.22999999999999,swap,notBad
9240,4,140.39999999999992,1,82.22999999999999,swap,notBad
9241,4,140.39999999999992,1,82.22999999999999,move,improve
9242,4,140.39999999999992,1,82.22999999999999,move,notBad
9243,4,140.39999999999992,1,82.22999999999999,swap,notBad
9244,4,140.39999999999992,1,82.22999999999999,swap,notBad
9245,4,140.39999999999992,1,82.22999999999999,2opt,notBad
9246,4,140.39999999999992,1,82.22999999999999,swap,notBad
9247,4,140.39999999999992,1,82.22999999999999,move,improve
9248,4,140.39999999999992,1,82.22999999999999,swap,notBad
9249,4,140.39999999999992,1,82.22999999999999,2opt,notBad
9250,4,140.39999999999992,1,82.22999999999999,swap,notBad
9251,4,140.39999999999992,1,82.22999999999999,move,improve
9252,4,140.39999999999992,1,82.22999999999999,2opt,improve
9253,4,140.39999999999992,1,82.22999999999999,move,improve
9254,4,140.39999999999992,1,82.22999999999999,2opt,notBad
9255,4,140.39999999999992,1,82.22999999999999,swap,notBad
9256,4,140.39999999999992,1,82.22999999999999,move,improve
9257,4,140.39999999999992,1,82.22999999999999,2opt,notBad
9258,4,140.39999999999992,1,82.22999999999999,2opt,notBad
9259,4,140.39999999999992,1,82.22999999999999,2opt,notBad
9260,4,140.39999999999992,1,82.22999999999999,swap,notBad
9261,4,140.39999999999992,1,82.22999999999999,2opt,notBad
9262,4,140.39999999999992,1,82.22999999999999,swap,notBad
9263,4,140.39999999999992,1,82.22999999999999,swap,notBad
9264,4,140.39999999999992,1,82.22999999999999,move,improve
9265,4,140.39999999999992,1,82.22999999999999,move,improve
9266,4,140.39999999999992,1,82.22999999999999,move,improve
9267,4,140.39999999999992,1,82.22999999999999,swap,notBad
9268,4,140.39999999999992,1,82.22999999999999,swap,notBad
9269,4,140.39999999999992,1,82.22999999999999,move,improve
9270,4,140.39999999999992,1,82.22999999999999,move,improve
9271,4,140.39999999999992,1,82.22999999999999,2opt,notBad
9272,4,140.39999999999992,1,82.22999999999999,2opt,notBad
9273,4,140.39999999999992,1,82.22999999999999,swap,notBad
9274,4,140.39999999999992,1,82.22999999999999,swap,notBad
9275,4,140.39999999999992,1,82.22999999999999,2opt,notBad
9276,4,140.39999999999992,1,82.22999999999999,2opt,notBad
9277,4,140.39999999999992,1,82.22999999999999,swap,notBad
9278,4,140.39999999999992,1,82.22999999999999,2opt,notBad
9279,4,140.39999999999992,1,82.22999999999999,move,improve
9280,4,140.39999999999992,1,82.22999999999999,swap,notBad
9281,4,140.39999999999992,1,82.22999999999999,swap,notBad
9282,4,140.39999999999992,1,82.22999999999999,2opt,notBad
9283,4,140.39999999999992,1,82.22999999999999,swap,notBad
9284,4,140.39999999999992,1,82.22999999999999,2opt,notBad
9285,4,140.39999999999992,1,82.22999999999999,swap,notBad
9286,4,140.39999999999992,1,82.22999999999999,2opt,notBad
9287,4,140.39999999999992,1,82.22999999999999,2opt,notBad
9288,4,140.39999999999992,1,82.22999999999999,move,improve
9289,4,140.39999999999992,1,82.22999999999999,2opt,notBad
9290,4,140.39999999999992,1,82.22999999999999,move,improve
9291,4,140.39999999999992,1,82.22999999999999,2opt,notBad
9292,4,140.39999999999992,1,82.22999999999999,2opt,notBad
9293,4,140.39999999999992,1,82.22999999999999,swap,notBad
9294,4,140.39999999999992,1,82.22999999999999,move,improve
9295,4,140.39999999999992,1,82.22999999999999,move,improve
9296,4,140.39999999999992,1,82.22999999999999,move,notBad
9297,4,140.39999999999992,1,82.22999999999999,swap,notBad
9298,4,140.39999999999992,1,82.22999999999999,swap,notBad
9299,4,140.39999999999992,1,82.22999999999999,swap,notBad
9300,4,140.39999999999992,1,82.22999999999999,swap,notBad
9301,4,140.39999999999992,1,82.22999999999999,2opt,notBad
9302,4,140.39999999999992,1,82.22999999999999,move,improve
9303,4,140.39999999999992,1,82.22999999999999,swap,notBad
9304,4,140.39999999999992,1,82.22999999999999,2opt,notBad
9305,4,140.39999999999992,1,82.22999999999999,move,improve
9306,4,140.39999999999992,1,82.22999999999999,swap,notBad
9307,4,140.39999999999992,1,82.22999999999999,2opt,notBad
9308,4,140.39999999999992,1,82.22999999999999,move,improve
9309,4,140.39999999999992,1,82.22999999999999,2opt,notBad
9310,4,140.39999999999992,1,82.22999999999999,swap,notBad
9311,4,140.39999999999992,1,82.22999999999999,move,improve
9312,4,140.39999999999992,1,82.22999999999999,move,improve
9313,4,140.39999999999992,1,82.22999999999999,move,improve
9314,4,140.39999999999992,1,82.22999999999999,2opt,notBad
9315,4,140.39999999999992,1,82.22999999999999,2opt,notBad
9316,4,140.39999999999992,1,82.22999999999999,2opt,notBad
9317,4,140.39999999999992,1,82.22999999999999,2opt,notBad
9318,4,140.39999999999992,1,82.22999999999999,move,improve
9319,4,140.39999999999992,1,82.22999999999999,swap,notBad
9320,4,140.39999999999992,1,82.22999999999999,swap,notBad
9321,4,140.39999999999992,1,82.22999999999999,swap,notBad
9322,4,140.39999999999992,1,82.22999999999999,move,improve
9323,4,140.39999999999992,1,82.22999999999999,move,improve
9324,4,140.39999999999992,1,82.22999999999999,2opt,notBad
9325,4,140.39999999999992,1,82.22999999999999,2opt,notBad
9326,4,140.39999999999992,1,82.22999999999999,swap,notBad
9327,4,140.39999999999992,1,82.22999999999999,move,improve
9328,4,140.39999999999992,1,82.22999999999999,move,improve
9329,4,140.39999999999992,1,82.22999999999999,swap,notBad
9330,4,140.39999999999992,1,82.22999999999999,swap,notBad
9331,4,140.39999999999992,1,82.22999999999999,swap,notBad
9332,4,140.39999999999992,1,82.22999999999999,swap,notBad
9333,4,140.39999999999992,1,82.22999999999999,swap,notBad
9334,4,140.39999999999992,1,82.22999999999999,move,improve
9335,4,140.39999999999992,1,82.22999999999999,2opt,notBad
9336,4,140.39999999999992,1,82.22999999999999,2opt,notBad
9337,4,140.39999999999992,1,82.22999999999999,2opt,notBad
9338,4,140.39999999999992,1,82.22999999999999,2opt,notBad
9339,4,140.39999999999992,1,82.22999999999999,swap,notBad
9340,4,140.39999999999992,1,82.22999999999999,move,improve
9341,4,140.39999999999992,1,82.22999999999999,swap,notBad
9342,4,140.39999999999992,1,82.22999999999999,swap,notBad
9343,4,140.39999999999992,1,82.22999999999999,swap,notBad
9344,4,140.39999999999992,1,82.22999999999999,move,improve
9345,4,140.39999999999992,1,82.22999999999999,2opt,notBad
9346,4,140.39999999999992,1,82.22999999999999,move,improve
9347,4,140.39999999999992,1,82.22999999999999,2opt,notBad
9348,4,140.39999999999992,1,82.22999999999999,2opt,improve
9349,4,140.39999999999992,1,82.22999999999999,move,improve
9350,4,140.39999999999992,1,82.22999999999999,swap,notBad
9351,4,140.39999999999992,1,82.22999999999999,move,improve
9352,4,140.39999999999992,1,82.22999999999999,swap,notBad
9353,4,140.39999999999992,1,82.22999999999999,2opt,notBad
9354,4,140.39999999999992,1,82.22999999999999,swap,notBad
9355,4,140.39999999999992,1,82.22999999999999,move,improve
9356,4,140.39999999999992,1,82.22999999999999,2opt,notBad
9357,4,140.39999999999992,1,82.22999999999999,swap,notBad
9358,4,140.39999999999992,1,82.22999999999999,move,improve
9359,4,140.39999999999992,1,82.22999999999999,swap,notBad
9360,4,140.39999999999992,1,82.22999999999999,move,improve
9361,4,140.39999999999992,1,82.22999999999999,2opt,notBad
9362,4,140.39999999999992,1,82.22999999999999,move,improve
9363,4,140.39999999999992,1,82.22999999999999,move,improve
9364,4,140.39999999999992,1,82.22999999999999,move,notBad
9365,4,140.39999999999992,1,82.22999999999999,swap,notBad
9366,4,140.39999999999992,1,82.22999999999999,swap,notBad
9367,4,140.39999999999992,1,82.22999999999999,move,improve
9368,4,140.39999999999992,1,82.22999999999999,2opt,notBad
9369,4,140.39999999999992,1,82.22999999999999,swap,notBad
9370,4,140.39999999999992,1,82.22999999999999,2opt,improve
9371,4,140.39999999999992,1,82.22999999999999,2opt,notBad
9372,4,140.39999999999992,1,82.22999999999999,swap,notBad
9373,4,140.39999999999992,1,82.22999999999999,move,improve
9374,4,140.39999999999992,1,82.22999999999999,2opt,notBad
9375,4,140.39999999999992,1,82.22999999999999,move,improve
9376,4,140.39999999999992,1,82.22999999999999,swap,notBad
9377,4,140.39999999999992,1,82.22999999999999,2opt,notBad
9378,4,140.39999999999992,1,82.22999999999999,swap,notBad
9379,4,140.39999999999992,1,82.22999999999999,move,improve
9380,4,140.39999999999992,1,82.22999999999999,move,improve
9381,4,140.39999999999992,1,82.22999999999999,2opt,notBad
9382,4,140.39999999999992,1,82.22999999999999,swap,notBad
9383,4,140.39999999999992,1,82.22999999999999,2opt,notBad
9384,4,140.39999999999992,1,82.22999999999999,swap,notBad
9385,4,140.39999999999992,1,82.22999999999999,move,notBad
9386,4,140.39999999999992,1,82.22999999999999,2opt,notBad
9387,4,140.39999999999992,1,82.22999999999999,swap,notBad
9388,4,140.39999999999992,1,82.22999999999999,swap,notBad
9389,4,140.39999999999992,1,82.22999999999999,move,improve
9390,4,140.39999999999992,1,82.22999999999999,swap,notBad
9391,4,140.39999999999992,1,82.22999999999999,swap,notBad
9392,4,140.39999999999992,1,82.22999999999999,2opt,notBad
9393,4,140.39999999999992,1,82.22999999999999,move,improve
9394,4,140.39999999999992,1,82.22999999999999,swap,notBad
9395,4,140.39999999999992,1,82.22999999999999,2opt,notBad
9396,4,140.39999999999992,1,82.22999999999999,swap,notBad
9397,4,140.39999999999992,1,82.22999999999999,swap,notBad
9398,4,140.39999999999992,1,82.22999999999999,2opt,notBad
9399,4,140.39999999999992,1,82.22999999999999,swap,notBad
9400,4,140.39999999999992,1,82.22999999999999,swap,notBad
9401,4,140.39999999999992,1,82.22999999999999,2opt,improve
9402,4,140.39999999999992,1,82.22999999999999,2opt,notBad
9403,4,140.39999999999992,1,82.22999999999999,swap,notBad
9404,4,140.39999999999992,1,82.22999999999999,2opt,notBad
9405,4,140.39999999999992,1,82.22999999999999,swap,notBad
9406,4,140.39999999999992,1,82.22999999999999,2opt,notBad
9407,4,140.39999999999992,1,82.22999999999999,move,improve
9408,4,140.39999999999992,1,82.22999999999999,2opt,notBad
9409,4,140.39999999999992,1,82.22999999999999,move,improve
9410,4,140.39999999999992,1,82.22999999999999,swap,notBad
9411,4,140.39999999999992,1,82.22999999999999,move,improve
9412,4,140.39999999999992,1,82.22999999999999,2opt,notBad
9413,4,140.39999999999992,1,82.22999999999999,2opt,notBad
9414,4,140.39999999999992,1,82.22999999999999,swap,notBad
9415,4,140.39999999999992,1,82.22999999999999,2opt,notBad
9416,4,140.39999999999992,1,82.22999999999999,move,improve
9417,4,140.39999999999992,1,82.22999999999999,2opt,notBad
9418,4,140.39999999999992,1,82.22999999999999,swap,notBad
9419,4,140.39999999999992,1,82.22999999999999,move,improve
9420,4,140.39999999999992,1,82.22999999999999,2opt,notBad
9421,4,140.39999999999992,1,82.22999999999999,move,improve
9422,4,140.39999999999992,1,82.22999999999999,move,improve
9423,4,140.39999999999992,1,82.22999999999999,move,improve
9424,4,140.39999999999992,1,82.22999999999999,2opt,notBad
9425,4,140.39999999999992,1,82.22999999999999,move,notBad
9426,4,140.39999999999992,1,82.22999999999999,swap,notBad
9427,4,140.39999999999992,1,82.22999999999999,swap,notBad
9428,4,140.39999999999992,1,82.22999999999999,swap,notBad
9429,4,140.39999999999992,1,82.22999999999999,move,improve
9430,4,140.39999999999992,1,82.22999999999999,move,improve
9431,4,140.39999999999992,1,82.22999999999999,move,improve
9432,4,140.39999999999992,1,82.22999999999999,2opt,notBad
9433,4,140.39999999999992,1,82.22999999999999,2opt,notBad
9434,4,140.39999999999992,1,82.22999999999999,move,improve
9435,4,140.39999999999992,1,82.22999999999999,swap,notBad
9436,4,140.39999999999992,1,82.22999999999999,2opt,notBad
9437,4,140.39999999999992,1,82.22999999999999,2opt,notBad
9438,4,140.39999999999992,1,82.22999999999999,swap,notBad
9439,4,140.39999999999992,1,82.22999999999999,2opt,notBad
9440,4,140.39999999999992,1,82.22999999999999,2opt,notBad
9441,4,140.39999999999992,1,82.22999999999999,move,improve
9442,4,140.39999999999992,1,82.22999999999999,2opt,notBad
9443,4,140.39999999999992,1,82.22999999999999,swap,notBad
9444,4,140.39999999999992,1,82.22999999999999,swap,notBad
9445,4,140.39999999999992,1,82.22999999999999,swap,notBad
9446,4,140.39999999999992,1,82.22999999999999,move,improve
9447,4,140.39999999999992,1,82.22999999999999,swap,notBad
9448,4,140.39999999999992,1,82.22999999999999,2opt,notBad
9449,4,140.39999999999992,1,82.22999999999999,2opt,notBad
9450,4,140.39999999999992,1,82.22999999999999,move,improve
9451,4,140.39999999999992,1,82.22999999999999,swap,notBad
9452,4,140.39999999999992,1,82.22999999999999,move,improve
9453,4,140.39999999999992,1,82.22999999999999,2opt,notBad
9454,4,140.39999999999992,1,82.22999999999999,swap,notBad
9455,4,140.39999999999992,1,82.22999999999999,swap,notBad
9456,4,140.39999999999992,1,82.22999999999999,2opt,notBad
9457,4,140.39999999999992,1,82.22999999999999,2opt,notBad
9458,4,140.39999999999992,1,82.22999999999999,2opt,notBad
9459,4,140.39999999999992,1,82.22999999999999,swap,notBad
9460,4,140.39999999999992,1,82.22999999999999,move,improve
9461,4,140.39999999999992,1,82.22999999999999,swap,notBad
9462,4,140.39999999999992,1,82.22999999999999,2opt,notBad
9463,4,140.39999999999992,1,82.22999999999999,move,improve
9464,4,140.39999999999992,1,82.22999999999999,move,improve
9465,4,140.39999999999992,1,82.22999999999999,2opt,notBad
9466,4,140.39999999999992,1,82.22999999999999,swap,notBad
9467,4,140.39999999999992,1,82.22999999999999,swap,notBad
9468,4,140.39999999999992,1,82.22999999999999,2opt,notBad
9469,4,140.39999999999992,1,82.22999999999999,2opt,notBad
9470,4,140.39999999999992,1,82.22999999999999,2opt,notBad
9471,4,140.39999999999992,1,82.22999999999999,swap,notBad
9472,4,140.39999999999992,1,82.22999999999999,2opt,notBad
9473,4,140.39999999999992,1,82.22999999999999,2opt,notBad
9474,4,140.39999999999992,1,82.22999999999999,2opt,notBad
9475,4,140.39999999999992,1,82.22999999999999,2opt,notBad
9476,4,140.39999999999992,1,82.22999999999999,2opt,notBad
9477,4,140.39999999999992,1,82.22999999999999,move,improve
9478,4,140.39999999999992,1,82.22999999999999,swap,notBad
9479,4,140.39999999999992,1,82.22999999999999,2opt,notBad
9480,4,140.39999999999992,1,82.22999999999999,2opt,notBad
9481,4,140.39999999999992,1,82.22999999999999,swap,notBad
9482,4,140.39999999999992,1,82.22999999999999,move,improve
9483,4,140.39999999999992,1,82.22999999999999,swap,notBad
9484,4,140.39999999999992,1,82.22999999999999,move,improve
9485,4,140.39999999999992,1,82.22999999999999,swap,notBad
9486,4,140.39999999999992,1,82.22999999999999,swap,notBad
9487,4,140.39999999999992,1,82.22999999999999,swap,notBad
9488,4,140.39999999999992,1,82.22999999999999,move,improve
9489,4,140.39999999999992,1,82.22999999999999,swap,notBad
9490,4,140.39999999999992,1,82.22999999999999,move,improve
9491,4,140.39999999999992,1,82.22999999999999,move,improve
9492,4,140.39999999999992,1,82.22999999999999,2opt,notBad
9493,4,140.39999999999992,1,82.22999999999999,2opt,notBad
9494,4,140.39999999999992,1,82.22999999999999,swap,notBad
9495,4,140.39999999999992,1,82.22999999999999,swap,notBad
9496,4,140.39999999999992,1,82.22999999999999,2opt,notBad
9497,4,140.39999999999992,1,82.22999999999999,move,improve
9498,4,140.39999999999992,1,82.22999999999999,2opt,notBad
9499,4,140.39999999999992,1,82.22999999999999,swap,notBad
9500,4,140.39999999999992,1,82.22999999999999,swap,notBad
9501,4,140.39999999999992,1,82.22999999999999,swap,notBad
9502,4,140.39999999999992,1,82.22999999999999,move,improve
9503,4,140.39999999999992,1,82.22999999999999,2opt,notBad
9504,4,140.39999999999992,1,82.22999999999999,2opt,notBad
9505,4,140.39999999999992,1,82.22999999999999,2opt,notBad
9506,4,140.39999999999992,1,82.22999999999999,2opt,notBad
9507,4,140.39999999999992,1,82.22999999999999,swap,notBad
9508,4,140.39999999999992,1,82.22999999999999,swap,notBad
9509,4,140.39999999999992,1,82.22999999999999,move,improve
9510,4,140.39999999999992,1,82.22999999999999,swap,notBad
9511,4,140.39999999999992,1,82.22999999999999,2opt,notBad
9512,4,140.39999999999992,1,82.22999999999999,2opt,notBad
9513,4,140.39999999999992,1,82.22999999999999,move,improve
9514,4,140.39999999999992,1,82.22999999999999,move,improve
9515,4,140.39999999999992,1,82.22999999999999,2opt,notBad
9516,4,140.39999999999992,1,82.22999999999999,swap,notBad
9517,4,140.39999999999992,1,82.22999999999999,swap,notBad
9518,4,140.39999999999992,1,82.22999999999999,2opt,notBad
9519,4,140.39999999999992,1,82.22999999999999,move,improve
9520,4,140.39999999999992,1,82.22999999999999,move,improve
9521,4,140.39999999999992,1,82.22999999999999,move,improve
9522,4,140.39999999999992,1,82.22999999999999,move,improve
9523,4,140.39999999999992,1,82.22999999999999,move,improve
9524,4,140.39999999999992,1,82.22999999999999,swap,notBad
9525,4,140.39999999999992,1,82.22999999999999,2opt,notBad
9526,4,140.39999999999992,1,82.22999999999999,move,improve
9527,4,140.39999999999992,1,82.22999999999999,swap,notBad
9528,4,140.39999999999992,1,82.22999999999999,2opt,notBad
9529,4,140.39999999999992,1,82.22999999999999,swap,notBad
9530,4,140.39999999999992,1,82.22999999999999,swap,notBad
9531,4,140.39999999999992,1,82.22999999999999,swap,notBad
9532,4,140.39999999999992,1,82.22999999999999,move,improve
9533,4,140.39999999999992,1,82.22999999999999,move,improve
9534,4,140.39999999999992,1,82.22999999999999,move,improve
9535,4,140.39999999999992,1,82.22999999999999,2opt,notBad
9536,4,140.39999999999992,1,82.22999999999999,move,improve
9537,4,140.39999999999992,1,82.22999999999999,2opt,notBad
9538,4,140.39999999999992,1,82.22999999999999,swap,notBad
9539,4,140.39999999999992,1,82.22999999999999,move,improve
9540,4,140.39999999999992,1,82.22999999999999,2opt,notBad
9541,4,140.39999999999992,1,82.22999999999999,2opt,notBad
9542,4,140.39999999999992,1,82.22999999999999,swap,notBad
9543,4,140.39999999999992,1,82.22999999999999,2opt,notBad
9544,4,140.39999999999992,1,82.22999999999999,swap,notBad
9545,4,140.39999999999992,1,82.22999999999999,swap,notBad
9546,4,140.39999999999992,1,82.22999999999999,2opt,improve
9547,4,140.39999999999992,1,82.22999999999999,2opt,notBad
9548,4,140.39999999999992,1,82.22999999999999,2opt,notBad
9549,4,140.39999999999992,1,82.22999999999999,swap,notBad
9550,4,140.39999999999992,1,82.22999999999999,swap,notBad
9551,4,140.39999999999992,1,82.22999999999999,swap,notBad
9552,4,140.39999999999992,1,82.22999999999999,move,improve
9553,4,140.39999999999992,1,82.22999999999999,swap,notBad
9554,4,140.39999999999992,1,82.22999999999999,swap,notBad
9555,4,140.39999999999992,1,82.22999999999999,move,improve
9556,4,140.39999999999992,1,82.22999999999999,swap,notBad
9557,4,140.39999999999992,1,82.22999999999999,move,improve
9558,4,140.39999999999992,1,82.22999999999999,move,improve
9559,4,140.39999999999992,1,82.22999999999999,swap,notBad
9560,4,140.39999999999992,1,82.22999999999999,move,improve
9561,4,140.39999999999992,1,82.22999999999999,2opt,notBad
9562,4,140.39999999999992,1,82.22999999999999,2opt,notBad
9563,4,140.39999999999992,1,82.22999999999999,move,improve
9564,4,140.39999999999992,1,82.22999999999999,swap,notBad
9565,4,140.39999999999992,1,82.22999999999999,swap,notBad
9566,4,140.39999999999992,1,82.22999999999999,2opt,notBad
9567,4,140.39999999999992,1,82.22999999999999,2opt,notBad
9568,4,140.39999999999992,1,82.22999999999999,swap,notBad
9569,4,140.39999999999992,1,82.22999999999999,2opt,notBad
9570,4,140.39999999999992,1,82.22999999999999,move,improve
9571,4,140.39999999999992,1,82.22999999999999,move,improve
9572,4,140.39999999999992,1,82.22999999999999,2opt,notBad
9573,4,140.39999999999992,1,82.22999999999999,move,notBad
9574,4,140.39999999999992,1,82.22999999999999,swap,notBad
9575,4,140.39999999999992,1,82.22999999999999,swap,notBad
9576,4,140.39999999999992,1,82.22999999999999,swap,notBad
9577,4,140.39999999999992,1,82.22999999999999,2opt,notBad
9578,4,140.39999999999992,1,82.22999999999999,move,improve
9579,4,140.39999999999992,1,82.22999999999999,move,improve
9580,4,140.39999999999992,1,82.22999999999999,2opt,notBad
9581,4,140.39999999999992,1,82.22999999999999,swap,notBad
9582,4,140.39999999999992,1,82.22999999999999,2opt,notBad
9583,4,140.39999999999992,1,82.22999999999999,move,improve
9584,4,140.39999999999992,1,82.22999999999999,move,improve
9585,4,140.39999999999992,1,82.22999999999999,move,improve
9586,4,140.39999999999992,1,82.22999999999999,swap,notBad
9587,4,140.39999999999992,1,82.22999999999999,2opt,notBad
9588,4,140.39999999999992,1,82.22999999999999,move,improve
9589,4,140.39999999999992,1,82.22999999999999,2opt,notBad
9590,4,140.39999999999992,1,82.22999999999999,2opt,notBad
9591,4,140.39999999999992,1,82.22999999999999,swap,notBad
9592,4,140.39999999999992,1,82.22999999999999,move,improve
9593,4,140.39999999999992,1,82.22999999999999,swap,notBad
9594,4,140.39999999999992,1,82.22999999999999,swap,notBad
9595,4,140.39999999999992,1,82.22999999999999,2opt,notBad
9596,4,140.39999999999992,1,82.22999999999999,2opt,notBad
9597,4,140.39999999999992,1,82.22999999999999,swap,notBad
9598,4,140.39999999999992,1,82.22999999999999,swap,notBad
9599,4,140.39999999999992,1,82.22999999999999,2opt,notBad
9600,4,140.39999999999992,1,82.22999999999999,swap,notBad
9601,4,140.39999999999992,1,82.22999999999999,2opt,notBad
9602,4,140.39999999999992,1,82.22999999999999,move,improve
9603,4,140.39999999999992,1,82.22999999999999,2opt,notBad
9604,4,140.39999999999992,1,82.22999999999999,swap,notBad
9605,4,140.39999999999992,1,82.22999999999999,swap,notBad
9606,4,140.39999999999992,1,82.22999999999999,2opt,notBad
9607,4,140.39999999999992,1,82.22999999999999,2opt,notBad
9608,4,140.39999999999992,1,82.22999999999999,2opt,notBad
9609,4,140.39999999999992,1,82.22999999999999,move,improve
9610,4,140.39999999999992,1,82.22999999999999,2opt,notBad
9611,4,140.39999999999992,1,82.22999999999999,swap,notBad
9612,4,140.39999999999992,1,82.22999999999999,move,improve
9613,4,140.39999999999992,1,82.22999999999999,2opt,notBad
9614,4,140.39999999999992,1,82.22999999999999,move,notBad
9615,4,140.39999999999992,1,82.22999999999999,move,notBad
9616,4,140.39999999999992,1,82.22999999999999,move,improve
9617,4,140.39999999999992,1,82.22999999999999,2opt,notBad
9618,4,140.39999999999992,1,82.22999999999999,2opt,notBad
9619,4,140.39999999999992,1,82.22999999999999,swap,notBad
9620,4,140.39999999999992,1,82.22999999999999,2opt,notBad
9621,4,140.39999999999992,1,82.22999999999999,2opt,notBad
9622,4,140.39999999999992,1,82.22999999999999,move,improve
9623,4,140.39999999999992,1,82.22999999999999,2opt,notBad
9624,4,140.39999999999992,1,82.22999999999999,swap,notBad
9625,4,140.39999999999992,1,82.22999999999999,swap,notBad
9626,4,140.39999999999992,1,82.22999999999999,2opt,notBad
9627,4,140.39999999999992,1,82.22999999999999,swap,notBad
9628,4,140.39999999999992,1,82.22999999999999,swap,notBad
9629,4,140.39999999999992,1,82.22999999999999,swap,notBad
9630,4,140.39999999999992,1,82.22999999999999,move,improve
9631,4,140.39999999999992,1,82.22999999999999,move,improve
9632,4,140.39999999999992,1,82.22999999999999,swap,notBad
9633,4,140.39999999999992,1,82.22999999999999,swap,notBad
9634,4,140.39999999999992,1,82.22999999999999,move,improve
9635,4,140.39999999999992,1,82.22999999999999,move,improve
9636,4,140.39999999999992,1,82.22999999999999,move,improve
9637,4,140.39999999999992,1,82.22999999999999,swap,notBad
9638,4,140.39999999999992,1,82.22999999999999,2opt,notBad
9639,4,140.39999999999992,1,82.22999999999999,2opt,notBad
9640,4,140.39999999999992,1,82.22999999999999,2opt,notBad
9641,4,140.39999999999992,1,82.22999999999999,swap,notBad
9642,4,140.39999999999992,1,82.22999999999999,swap,notBad
9643,4,140.39999999999992,1,82.22999999999999,2opt,notBad
9644,4,140.39999999999992,1,82.22999999999999,2opt,notBad
9645,4,140.39999999999992,1,82.22999999999999,move,improve
9646,4,140.39999999999992,1,82.22999999999999,move,improve
9647,4,140.39999999999992,1,82.22999999999999,2opt,notBad
9648,4,140.39999999999992,1,82.22999999999999,move,improve
9649,4,140.39999999999992,1,82.22999999999999,swap,notBad
9650,4,140.39999999999992,1,82.22999999999999,swap,notBad
9651,4,140.39999999999992,1,82.22999999999999,swap,notBad
9652,4,140.39999999999992,1,82.22999999999999,swap,notBad
9653,4,140.39999999999992,1,82.22999999999999,2opt,notBad
9654,4,140.39999999999992,1,82.22999999999999,2opt,notBad
9655,4,140.39999999999992,1,82.22999999999999,swap,notBad
9656,4,140.39999999999992,1,82.22999999999999,2opt,notBad
9657,4,140.39999999999992,1,82.22999999999999,2opt,notBad
9658,4,140.39999999999992,1,82.22999999999999,2opt,notBad
9659,4,140.39999999999992,1,82.22999999999999,move,improve
9660,4,140.39999999999992,1,82.22999999999999,move,improve
9661,4,140.39999999999992,1,82.22999999999999,2opt,notBad
9662,4,140.39999999999992,1,82.22999999999999,2opt,notBad
9663,4,140.39999999999992,1,82.22999999999999,move,improve
9664,4,140.39999999999992,1,82.22999999999999,move,improve
9665,4,140.39999999999992,1,82.22999999999999,move,improve
9666,4,140.39999999999992,1,82.22999999999999,2opt,notBad
9667,4,140.39999999999992,1,82.22999999999999,swap,notBad
9668,4,140.39999999999992,1,82.22999999999999,swap,notBad
9669,4,140.39999999999992,1,82.22999999999999,move,improve
9670,4,140.39999999999992,1,82.22999999999999,move,improve
9671,4,140.39999999999992,1,82.22999999999999,move,improve
9672,4,140.39999999999992,1,82.22999999999999,2opt,notBad
9673,4,140.39999999999992,1,82.22999999999999,move,improve
9674,4,140.39999999999992,1,82.22999999999999,2opt,improve
9675,4,140.39999999999992,1,82.22999999999999,move,improve
9676,4,140.39999999999992,1,82.22999999999999,move,improve
9677,4,140.39999999999992,1,82.22999999999999,move,improve
9678,4,140.39999999999992,1,82.22999999999999,2opt,notBad
9679,4,140.39999999999992,1,82.22999999999999,2opt,improve
9680,4,140.39999999999992,1,82.22999999999999,swap,notBad
9681,4,140.39999999999992,1,82.22999999999999,move,improve
9682,4,140.39999999999992,1,82.22999999999999,2opt,notBad
9683,4,140.39999999999992,1,82.22999999999999,move,improve
9684,4,140.39999999999992,1,82.22999999999999,swap,notBad
9685,4,140.39999999999992,1,82.22999999999999,swap,notBad
9686,4,140.39999999999992,1,82.22999999999999,move,improve
9687,4,140.39999999999992,1,82.22999999999999,swap,notBad
9688,4,140.39999999999992,1,82.22999999999999,move,improve
9689,4,140.39999999999992,1,82.22999999999999,2opt,improve
9690,4,140.39999999999992,1,82.22999999999999,move,improve
9691,4,140.39999999999992,1,82.22999999999999,swap,notBad
9692,4,140.39999999999992,1,82.22999999999999,2opt,notBad
9693,4,140.39999999999992,1,82.22999999999999,swap,notBad
9694,4,140.39999999999992,1,82.22999999999999,2opt,notBad
9695,4,140.39999999999992,1,82.22999999999999,move,improve
9696,4,140.39999999999992,1,82.22999999999999,move,improve
9697,4,140.39999999999992,1,82.22999999999999,2opt,notBad
9698,4,140.39999999999992,1,82.22999999999999,move,improve
9699,4,140.39999999999992,1,82.22999999999999,swap,notBad
9700,4,140.39999999999992,1,82.22999999999999,2opt,notBad
9701,4,140.39999999999992,1,82.22999999999999,swap,notBad
9702,4,140.39999999999992,1,82.22999999999999,2opt,notBad
9703,4,140.39999999999992,1,82.22999999999999,swap,notBad
9704,4,140.39999999999992,1,82.22999999999999,swap,notBad
9705,4,140.39999999999992,1,82.22999999999999,move,improve
9706,4,140.39999999999992,1,82.22999999999999,2opt,notBad
9707,4,140.39999999999992,1,82.22999999999999,swap,notBad
9708,4,140.39999999999992,1,82.22999999999999,2opt,notBad
9709,4,140.39999999999992,1,82.22999999999999,swap,notBad
9710,4,140.39999999999992,1,82.22999999999999,swap,notBad
9711,4,140.39999999999992,1,82.22999999999999,2opt,notBad
9712,4,140.39999999999992,1,82.22999999999999,swap,notBad
9713,4,140.39999999999992,1,82.22999999999999,move,improve
9714,4,140.39999999999992,1,82.22999999999999,2opt,notBad
9715,4,140.39999999999992,1,82.22999999999999,2opt,improve
9716,4,140.39999999999992,1,82.22999999999999,move,improve
9717,4,140.39999999999992,1,82.22999999999999,swap,notBad
9718,4,140.39999999999992,1,82.22999999999999,2opt,notBad
9719,4,140.39999999999992,1,82.22999999999999,2opt,notBad
9720,4,140.39999999999992,1,82.22999999999999,swap,notBad
9721,4,140.39999999999992,1,82.22999999999999,move,improve
9722,4,140.39999999999992,1,82.22999999999999,move,improve
9723,4,140.39999999999992,1,82.22999999999999,2opt,notBad
9724,4,140.39999999999992,1,82.22999999999999,move,improve
9725,4,140.39999999999992,1,82.22999999999999,2opt,notBad
9726,4,140.39999999999992,1,82.22999999999999,swap,notBad
9727,4,140.39999999999992,1,82.22999999999999,move,improve
9728,4,140.39999999999992,1,82.22999999999999,swap,notBad
9729,4,140.39999999999992,1,82.22999999999999,move,improve
9730,4,140.39999999999992,1,82.22999999999999,2opt,improve
9731,4,140.39999999999992,1,82.22999999999999,2opt,improve
9732,4,140.39999999999992,1,82.22999999999999,move,improve
9733,4,140.39999999999992,1,82.22999999999999,move,improve
9734,4,140.39999999999992,1,82.22999999999999,2opt,notBad
9735,4,140.39999999999992,1,82.22999999999999,move,improve
9736,4,140.39999999999992,1,82.22999999999999,move,improve
9737,4,140.39999999999992,1,82.22999999999999,swap,notBad
9738,4,140.39999999999992,1,82.22999999999999,2opt,notBad
9739,4,140.39999999999992,1,82.22999999999999,2opt,notBad
9740,4,140.39999999999992,1,82.22999999999999,swap,notBad
9741,4,140.39999999999992,1,82.22999999999999,move,improve
9742,4,140.39999999999992,1,82.22999999999999,swap,notBad
9743,4,140.39999999999992,1,82.22999999999999,swap,notBad
9744,4,140.39999999999992,1,82.22999999999999,swap,notBad
9745,4,140.39999999999992,1,82.22999999999999,move,improve
9746,4,140.39999999999992,1,82.22999999999999,swap,notBad
9747,4,140.39999999999992,1,82.22999999999999,move,improve
9748,4,140.39999999999992,1,82.22999999999999,swap,notBad
9749,4,140.39999999999992,1,82.22999999999999,2opt,notBad
9750,4,140.39999999999992,1,82.22999999999999,swap,notBad
9751,4,140.39999999999992,1,82.22999999999999,swap,notBad
9752,4,140.39999999999992,1,82.22999999999999,2opt,notBad
9753,4,140.39999999999992,1,82.22999999999999,move,improve
9754,4,140.39999999999992,1,82.22999999999999,swap,notBad
9755,4,140.39999999999992,1,82.22999999999999,swap,notBad
9756,4,140.39999999999992,1,82.22999999999999,move,improve
9757,4,140.39999999999992,1,82.22999999999999,move,improve
9758,4,140.39999999999992,1,82.22999999999999,2opt,notBad
9759,4,140.39999999999992,1,82.22999999999999,2opt,notBad
9760,4,140.39999999999992,1,82.22999999999999,2opt,notBad
9761,4,140.39999999999992,1,82.22999999999999,2opt,notBad
9762,4,140.39999999999992,1,82.22999999999999,move,notBad
9763,4,140.39999999999992,1,82.22999999999999,2opt,notBad
9764,4,140.39999999999992,1,82.22999999999999,move,improve
9765,4,140.39999999999992,1,82.22999999999999,2opt,notBad
9766,4,140.39999999999992,1,82.22999999999999,swap,notBad
9767,4,140.39999999999992,1,82.22999999999999,move,improve
9768,4,140.39999999999992,1,82.22999999999999,swap,notBad
9769,4,140.39999999999992,1,82.22999999999999,swap,notBad
9770,4,140.39999999999992,1,82.22999999999999,2opt,notBad
9771,4,140.39999999999992,1,82.22999999999999,move,improve
9772,4,140.39999999999992,1,82.22999999999999,swap,notBad
9773,4,140.39999999999992,1,82.22999999999999,swap,notBad
9774,4,140.39999999999992,1,82.22999999999999,move,improve
9775,4,140.39999999999992,1,82.22999999999999,move,improve
9776,4,140.39999999999992,1,82.22999999999999,2opt,notBad
9777,4,140.39999999999992,1,82.22999999999999,move,improve
9778,4,140.39999999999992,1,82.22999999999999,move,improve
9779,4,140.39999999999992,1,82.22999999999999,swap,notBad
9780,4,140.39999999999992,1,82.22999999999999,2opt,notBad
9781,4,140.39999999999992,1,82.22999999999999,move,improve
9782,4,140.39999999999992,1,82.22999999999999,swap,notBad
9783,4,140.39999999999992,1,82.22999999999999,2opt,improve
9784,4,140.39999999999992,1,82.22999999999999,swap,notBad
9785,4,140.39999999999992,1,82.22999999999999,swap,notBad
9786,4,140.39999999999992,1,82.22999999999999,2opt,notBad
9787,4,140.39999999999992,1,82.22999999999999,2opt,notBad
9788,4,140.39999999999992,1,82.22999999999999,swap,notBad
9789,4,140.39999999999992,1,82.22999999999999,move,improve
9790,4,140.39999999999992,1,82.22999999999999,2opt,notBad
9791,4,140.39999999999992,1,82.22999999999999,move,improve
9792,4,140.39999999999992,1,82.22999999999999,move,improve
9793,4,140.39999999999992,1,82.22999999999999,swap,notBad
9794,4,140.39999999999992,1,82.22999999999999,2opt,notBad
9795,4,140.39999999999992,1,82.22999999999999,move,improve
9796,4,140.39999999999992,1,82.22999999999999,swap,notBad
9797,4,140.39999999999992,1,82.22999999999999,2opt,notBad
9798,4,140.39999999999992,1,82.22999999999999,move,improve
9799,4,140.39999999999992,1,82.22999999999999,move,improve
9800,4,140.39999999999992,1,82.22999999999999,2opt,notBad
9801,4,140.39999999999992,1,82.22999999999999,swap,notBad
9802,4,140.39999999999992,1,82.22999999999999,2opt,notBad
9803,4,140.39999999999992,1,82.22999999999999,swap,notBad
9804,4,140.39999999999992,1,82.22999999999999,swap,notBad
9805,4,140.39999999999992,1,82.22999999999999,move,improve
9806,4,140.39999999999992,1,82.22999999999999,swap,notBad
9807,4,140.39999999999992,1,82.22999999999999,swap,notBad
9808,4,140.39999999999992,1,82.22999999999999,2opt,notBad
9809,4,140.39999999999992,1,82.22999999999999,2opt,notBad
9810,4,140.39999999999992,1,82.22999999999999,swap,notBad
9811,4,140.39999999999992,1,82.22999999999999,2opt,notBad
9812,4,140.39999999999992,1,82.22999999999999,swap,notBad
9813,4,140.39999999999992,1,82.22999999999999,swap,notBad
9814,4,140.39999999999992,1,82.22999999999999,2opt,notBad
9815,4,140.39999999999992,1,82.22999999999999,move,improve
9816,4,140.39999999999992,1,82.22999999999999,move,improve
9817,4,140.39999999999992,1,82.22999999999999,swap,notBad
9818,4,140.39999999999992,1,82.22999999999999,move,improve
9819,4,140.39999999999992,1,82.22999999999999,move,improve
9820,4,140.39999999999992,1,82.22999999999999,move,improve
9821,4,140.39999999999992,1,82.22999999999999,2opt,notBad
9822,4,140.39999999999992,1,82.22999999999999,move,improve
9823,4,140.39999999999992,1,82.22999999999999,2opt,notBad
9824,4,140.39999999999992,1,82.22999999999999,swap,notBad
9825,4,140.39999999999992,1,82.22999999999999,2opt,notBad
9826,4,140.39999999999992,1,82.22999999999999,move,improve
9827,4,140.39999999999992,1,82.22999999999999,swap,notBad
9828,4,140.39999999999992,1,82.22999999999999,swap,notBad
9829,4,140.39999999999992,1,82.22999999999999,2opt,notBad
9830,4,140.39999999999992,1,82.22999999999999,move,improve
9831,4,140.39999999999992,1,82.22999999999999,move,improve
9832,4,140.39999999999992,1,82.22999999999999,swap,notBad
9833,4,140.39999999999992,1,82.22999999999999,2opt,notBad
9834,4,140.39999999999992,1,82.22999999999999,move,improve
9835,4,140.39999999999992,1,82.22999999999999,swap,notBad
9836,4,140.39999999999992,1,82.22999999999999,move,improve
9837,4,140.39999999999992,1,82.22999999999999,swap,notBad
9838,4,140.39999999999992,1,82.22999999999999,swap,notBad
9839,4,140.39999999999992,1,82.22999999999999,swap,notBad
9840,4,140.39999999999992,1,82.22999999999999,move,improve
9841,4,140.39999999999992,1,82.22999999999999,move,improve
9842,4,140.39999999999992,1,82.22999999999999,move,improve
9843,4,140.39999999999992,1,82.22999999999999,move,improve
9844,4,140.39999999999992,1,82.22999999999999,2opt,notBad
9845,4,140.39999999999992,1,82.22999999999999,swap,notBad
9846,4,140.39999999999992,1,82.22999999999999,move,improve
9847,4,140.39999999999992,1,82.22999999999999,move,improve
9848,4,140.39999999999992,1,82.22999999999999,swap,notBad
9849,4,140.39999999999992,1,82.22999999999999,move,improve
9850,4,140.39999999999992,1,82.22999999999999,2opt,notBad
9851,4,140.39999999999992,1,82.22999999999999,swap,notBad
9852,4,140.39999999999992,1,82.22999999999999,swap,notBad
9853,4,140.39999999999992,1,82.22999999999999,2opt,notBad
9854,4,140.39999999999992,1,82.22999999999999,swap,notBad
9855,4,140.39999999999992,1,82.22999999999999,swap,notBad
9856,4,140.39999999999992,1,82.22999999999999,swap,notBad
9857,4,140.39999999999992,1,82.22999999999999,2opt,improve
9858,4,140.39999999999992,1,82.22999999999999,2opt,improve
9859,4,140.39999999999992,1,82.22999999999999,2opt,notBad
9860,4,140.39999999999992,1,82.22999999999999,move,improve
9861,4,140.39999999999992,1,82.22999999999999,2opt,notBad
9862,4,140.39999999999992,1,82.22999999999999,swap,notBad
9863,4,140.39999999999992,1,82.22999999999999,swap,notBad
9864,4,140.39999999999992,1,82.22999999999999,swap,notBad
9865,4,140.39999999999992,1,82.22999999999999,swap,notBad
9866,4,140.39999999999992,1,82.22999999999999,swap,notBad
9867,4,140.39999999999992,1,82.22999999999999,move,improve
9868,4,140.39999999999992,1,82.22999999999999,2opt,notBad
9869,4,140.39999999999992,1,82.22999999999999,move,improve
9870,4,140.39999999999992,1,82.22999999999999,move,improve
9871,4,140.39999999999992,1,82.22999999999999,2opt,notBad
9872,4,140.39999999999992,1,82.22999999999999,2opt,notBad
9873,4,140.39999999999992,1,82.22999999999999,2opt,notBad
9874,4,140.39999999999992,1,82.22999999999999,2opt,notBad
9875,4,140.39999999999992,1,82.22999999999999,swap,notBad
9876,4,140.39999999999992,1,82.22999999999999,move,improve
9877,4,140.39999999999992,1,82.22999999999999,2opt,notBad
9878,4,140.39999999999992,1,82.22999999999999,move,improve
9879,4,140.39999999999992,1,82.22999999999999,2opt,notBad
9880,4,140.39999999999992,1,82.22999999999999,move,improve
9881,4,140.39999999999992,1,82.22999999999999,2opt,notBad
9882,4,140.39999999999992,1,82.22999999999999,move,improve
9883,4,140.39999999999992,1,82.22999999999999,swap,notBad
9884,4,140.39999999999992,1,82.22999999999999,move,notBad
9885,4,140.39999999999992,1,82.22999999999999,swap,notBad
9886,4,140.39999999999992,1,82.22999999999999,swap,notBad
9887,4,140.39999999999992,1,82.22999999999999,move,improve
9888,4,140.39999999999992,1,82.22999999999999,swap,notBad
9889,4,140.39999999999992,1,82.22999999999999,2opt,notBad
9890,4,140.39999999999992,1,82.22999999999999,swap,notBad
9891,4,140.39999999999992,1,82.22999999999999,swap,notBad
9892,4,140.39999999999992,1,82.22999999999999,2opt,notBad
9893,4,140.39999999999992,1,82.22999999999999,move,improve
9894,4,140.39999999999992,1,82.22999999999999,move,improve
9895,4,140.39999999999992,1,82.22999999999999,swap,notBad
9896,4,140.39999999999992,1,82.22999999999999,swap,notBad
9897,4,140.39999999999992,1,82.22999999999999,swap,notBad
9898,4,140.39999999999992,1,82.22999999999999,2opt,improve
9899,4,140.39999999999992,1,82.22999999999999,swap,notBad
9900,4,140.39999999999992,1,82.22999999999999,swap,notBad
9901,4,140.39999999999992,1,82.22999999999999,move,improve
9902,4,140.39999999999992,1,82.22999999999999,swap,notBad
9903,4,140.39999999999992,1,82.22999999999999,2opt,notBad
9904,4,140.39999999999992,1,82.22999999999999,2opt,notBad
9905,4,140.39999999999992,1,82.22999999999999,move,improve
9906,4,140.39999999999992,1,82.22999999999999,swap,notBad
9907,4,140.39999999999992,1,82.22999999999999,move,improve
9908,4,140.39999999999992,1,82.22999999999999,swap,notBad
9909,4,140.39999999999992,1,82.22999999999999,move,improve
9910,4,140.39999999999992,1,82.22999999999999,move,improve
9911,4,140.39999999999992,1,82.22999999999999,swap,notBad
9912,4,140.39999999999992,1,82.22999999999999,swap,notBad
9913,4,140.39999999999992,1,82.22999999999999,move,improve
9914,4,140.39999999999992,1,82.22999999999999,move,improve
9915,4,140.39999999999992,1,82.22999999999999,2opt,notBad
9916,4,140.39999999999992,1,82.22999999999999,2opt,notBad
9917,4,140.39999999999992,1,82.22999999999999,move,improve
9918,4,140.39999999999992,1,82.22999999999999,2opt,notBad
9919,4,140.39999999999992,1,82.22999999999999,swap,notBad
9920,4,140.39999999999992,1,82.22999999999999,2opt,improve
9921,4,140.39999999999992,1,82.22999999999999,2opt,notBad
9922,4,140.39999999999992,1,82.22999999999999,2opt,notBad
9923,4,140.39999999999992,1,82.22999999999999,swap,notBad
9924,4,140.39999999999992,1,82.22999999999999,2opt,notBad
9925,4,140.39999999999992,1,82.22999999999999,swap,notBad
9926,4,140.39999999999992,1,82.22999999999999,2opt,notBad
9927,4,140.39999999999992,1,82.22999999999999,move,improve
9928,4,140.39999999999992,1,82.22999999999999,swap,notBad
9929,4,140.39999999999992,1,82.22999999999999,swap,notBad
9930,4,140.39999999999992,1,82.22999999999999,2opt,notBad
9931,4,140.39999999999992,1,82.22999999999999,move,improve
9932,4,140.39999999999992,1,82.22999999999999,2opt,notBad
9933,4,140.39999999999992,1,82.22999999999999,move,improve
9934,4,140.39999999999992,1,82.22999999999999,swap,notBad
9935,4,140.39999999999992,1,82.22999999999999,2opt,notBad
9936,4,140.39999999999992,1,82.22999999999999,swap,notBad
9937,4,140.39999999999992,1,82.22999999999999,move,improve
9938,4,140.39999999999992,1,82.22999999999999,swap,notBad
9939,4,140.39999999999992,1,82.22999999999999,2opt,notBad
9940,4,140.39999999999992,1,82.22999999999999,2opt,notBad
