i,vehi,obj,vehiBest,objBest,loFunc,note
1,11,3668.6200000000013,11,3556.040000000002,swap,acceptBad
2,12,5084.02,11,3556.040000000002,2opt,acceptBad
3,12,4906.960000000001,11,3556.040000000002,swap,improve
4,12,4257.380000000001,11,3556.040000000002,move,improve
5,12,4260.380000000001,11,3556.040000000002,swap,acceptBad
6,12,3962.000000000001,11,3556.040000000002,2opt,improve
7,13,7545.16,11,3556.040000000002,2opt,acceptBad
8,13,7676.58,11,3556.040000000002,swap,acceptBad
9,14,8922.16,11,3556.040000000002,2opt,acceptBad
10,14,9190.359999999997,11,3556.040000000002,swap,acceptBad
11,14,10360.279999999997,11,3556.040000000002,swap,acceptBad
12,14,9678.619999999999,11,3556.040000000002,2opt,improve
13,15,12360.319999999996,11,3556.040000000002,2opt,acceptBad
14,15,12817.259999999998,11,3556.040000000002,swap,acceptBad
15,15,12641.099999999999,11,3556.040000000002,move,improve
16,15,13196.840000000002,11,3556.040000000002,swap,acceptBad
17,16,15153.82,11,3556.040000000002,2opt,acceptBad
18,17,16259.320000000005,11,3556.040000000002,2opt,acceptBad
19,17,16209.860000000002,11,3556.040000000002,move,improve
20,17,15065.699999999999,11,3556.040000000002,swap,improve
21,17,15083.639999999998,11,3556.040000000002,swap,acceptBad
22,17,15094.619999999999,11,3556.040000000002,swap,acceptBad
23,17,15094.619999999999,11,3556.040000000002,move,improve
24,17,15016.699999999999,11,3556.040000000002,swap,improve
25,17,15012.619999999997,11,3556.040000000002,swap,improve
26,17,15012.619999999997,11,3556.040000000002,2opt,improve
27,17,15031.639999999996,11,3556.040000000002,2opt,acceptBad
28,17,14509.859999999993,11,3556.040000000002,move,improve
29,17,14527.019999999995,11,3556.040000000002,swap,acceptBad
30,18,15728.959999999995,11,3556.040000000002,2opt,acceptBad
31,18,13852.019999999997,11,3556.040000000002,move,improve
32,18,13871.599999999995,11,3556.040000000002,2opt,acceptBad
33,18,14440.319999999996,11,3556.040000000002,swap,acceptBad
34,18,14655.519999999997,11,3556.040000000002,swap,acceptBad
35,18,13108.399999999998,11,3556.040000000002,move,improve
36,18,12892.86,11,3556.040000000002,move,improve
37,18,12911.34,11,3556.040000000002,2opt,acceptBad
38,18,12978.6,11,3556.040000000002,2opt,acceptBad
39,18,12985.920000000002,11,3556.040000000002,2opt,acceptBad
40,18,13537.82,11,3556.040000000002,swap,acceptBad
41,18,13537.82,11,3556.040000000002,2opt,improve
42,18,14016.439999999999,11,3556.040000000002,2opt,acceptBad
43,18,14060.719999999998,11,3556.040000000002,2opt,acceptBad
44,18,13958.939999999995,11,3556.040000000002,move,improve
45,18,14163.019999999997,11,3556.040000000002,swap,acceptBad
46,18,14375.839999999993,11,3556.040000000002,swap,acceptBad
47,18,14370.37999999999,11,3556.040000000002,2opt,improve
48,18,14412.49999999999,11,3556.040000000002,2opt,acceptBad
49,18,14119.839999999995,11,3556.040000000002,move,improve
50,18,14135.259999999997,11,3556.040000000002,2opt,acceptBad
51,18,14108.259999999998,11,3556.040000000002,2opt,improve
52,18,14239.32,11,3556.040000000002,swap,acceptBad
53,18,14239.32,11,3556.040000000002,move,improve
54,18,14239.32,11,3556.040000000002,move,improve
55,18,14205.74,11,3556.040000000002,move,improve
56,18,14195.84,11,3556.040000000002,2opt,improve
57,18,14097.4,11,3556.040000000002,2opt,improve
58,18,14121.16,11,3556.040000000002,2opt,acceptBad
59,18,14121.16,11,3556.040000000002,move,improve
60,18,14162.5,11,3556.040000000002,swap,acceptBad
61,18,13962.959999999997,11,3556.040000000002,swap,improve
62,18,14242.739999999994,11,3556.040000000002,swap,acceptBad
63,18,14251.979999999994,11,3556.040000000002,swap,acceptBad
64,18,14220.839999999995,11,3556.040000000002,swap,improve
65,18,13536.339999999995,11,3556.040000000002,move,improve
66,18,13429.279999999997,11,3556.040000000002,swap,improve
67,18,13438.759999999997,11,3556.040000000002,swap,acceptBad
68,18,12598.539999999997,11,3556.040000000002,move,improve
69,18,11752.839999999998,11,3556.040000000002,move,improve
70,18,11712.400000000001,11,3556.040000000002,2opt,improve
71,18,12159.439999999999,11,3556.040000000002,swap,acceptBad
72,18,12159.439999999999,11,3556.040000000002,2opt,improve
73,18,12147.439999999999,11,3556.040000000002,move,improve
74,18,12037.560000000001,11,3556.040000000002,2opt,improve
75,18,12037.560000000001,11,3556.040000000002,move,improve
76,18,11002.100000000004,11,3556.040000000002,2opt,improve
77,18,11018.960000000005,11,3556.040000000002,swap,acceptBad
78,18,11076.960000000001,11,3556.040000000002,swap,acceptBad
79,18,10989.180000000008,11,3556.040000000002,2opt,improve
80,18,10969.560000000009,11,3556.040000000002,2opt,improve
81,18,10811.160000000007,11,3556.040000000002,swap,improve
82,18,11414.720000000005,11,3556.040000000002,swap,acceptBad
83,18,10799.980000000005,11,3556.040000000002,move,improve
84,18,10261.080000000005,11,3556.040000000002,2opt,improve
85,18,10261.080000000005,11,3556.040000000002,move,improve
86,18,10284.420000000007,11,3556.040000000002,swap,acceptBad
87,18,10232.660000000007,11,3556.040000000002,swap,improve
88,18,10232.660000000007,11,3556.040000000002,move,improve
89,18,10232.660000000007,11,3556.040000000002,2opt,improve
90,18,10046.900000000005,11,3556.040000000002,swap,improve
91,18,10028.840000000006,11,3556.040000000002,swap,improve
92,18,10052.42,11,3556.040000000002,2opt,acceptBad
93,18,10019.98,11,3556.040000000002,swap,improve
94,18,10010.44,11,3556.040000000002,swap,improve
95,18,9951.399999999998,11,3556.040000000002,2opt,improve
96,18,9926.620000000003,11,3556.040000000002,2opt,improve
97,18,9926.620000000003,11,3556.040000000002,2opt,improve
98,18,9780.240000000002,11,3556.040000000002,swap,improve
99,18,9057.040000000003,11,3556.040000000002,move,improve
100,18,8993.840000000002,11,3556.040000000002,swap,improve
101,18,9178.220000000003,11,3556.040000000002,2opt,acceptBad
102,18,9399.960000000003,11,3556.040000000002,swap,acceptBad
103,19,11327.16,11,3556.040000000002,2opt,acceptBad
104,19,11327.16,11,3556.040000000002,2opt,improve
105,19,11466.439999999999,11,3556.040000000002,swap,acceptBad
106,19,11141.320000000003,11,3556.040000000002,move,improve
107,19,12899.819999999998,11,3556.040000000002,2opt,acceptBad
108,19,11969.46,11,3556.040000000002,move,improve
109,19,11969.46,11,3556.040000000002,move,improve
110,19,11053.2,11,3556.040000000002,move,improve
111,19,11330.219999999994,11,3556.040000000002,2opt,acceptBad
112,19,10932.839999999998,11,3556.040000000002,swap,improve
113,19,10945.479999999998,11,3556.040000000002,swap,acceptBad
114,19,10946.499999999998,11,3556.040000000002,swap,acceptBad
115,19,10662.500000000004,11,3556.040000000002,2opt,improve
116,19,10655.120000000004,11,3556.040000000002,move,improve
117,19,10657.340000000004,11,3556.040000000002,swap,acceptBad
118,19,10606.640000000009,11,3556.040000000002,swap,improve
119,19,10424.440000000008,11,3556.040000000002,swap,improve
120,19,10424.320000000009,11,3556.040000000002,swap,improve
121,19,9578.700000000004,11,3556.040000000002,move,improve
122,19,9578.940000000004,11,3556.040000000002,swap,acceptBad
123,19,9815.100000000006,11,3556.040000000002,swap,acceptBad
124,19,9880.560000000005,11,3556.040000000002,2opt,acceptBad
125,19,9879.720000000005,11,3556.040000000002,swap,improve
126,19,9879.240000000005,11,3556.040000000002,move,improve
127,19,9812.240000000002,11,3556.040000000002,swap,improve
128,19,9699.04,11,3556.040000000002,swap,improve
129,19,9730.840000000002,11,3556.040000000002,swap,acceptBad
130,19,9729.220000000001,11,3556.040000000002,swap,improve
131,19,9729.220000000001,11,3556.040000000002,2opt,improve
132,19,8987.8,11,3556.040000000002,move,improve
133,19,8998.48,11,3556.040000000002,2opt,acceptBad
134,19,9007.540000000003,11,3556.040000000002,2opt,acceptBad
135,19,9530.08,11,3556.040000000002,2opt,acceptBad
136,19,9567.640000000001,11,3556.040000000002,2opt,acceptBad
137,19,9570.220000000001,11,3556.040000000002,2opt,acceptBad
138,19,9541.300000000001,11,3556.040000000002,swap,improve
139,19,9511.300000000001,11,3556.040000000002,2opt,improve
140,19,9511.300000000001,11,3556.040000000002,move,improve
141,19,9565.58,11,3556.040000000002,swap,acceptBad
142,19,9570.92,11,3556.040000000002,swap,acceptBad
143,19,9539.96,11,3556.040000000002,2opt,improve
144,19,9555.92,11,3556.040000000002,swap,acceptBad
145,19,9755.039999999999,11,3556.040000000002,swap,acceptBad
146,19,9777.0,11,3556.040000000002,swap,acceptBad
147,19,9777.0,11,3556.040000000002,move,improve
148,19,9778.26,11,3556.040000000002,swap,acceptBad
149,20,11429.859999999999,11,3556.040000000002,2opt,acceptBad
150,21,13977.940000000002,11,3556.040000000002,2opt,acceptBad
151,21,13958.920000000002,11,3556.040000000002,move,improve
152,21,13352.420000000004,11,3556.040000000002,move,improve
153,21,13352.660000000003,11,3556.040000000002,2opt,acceptBad
154,21,13487.240000000003,11,3556.040000000002,2opt,acceptBad
155,21,13485.800000000003,11,3556.040000000002,swap,improve
156,21,13425.980000000003,11,3556.040000000002,swap,improve
157,21,12414.340000000002,11,3556.040000000002,move,improve
158,21,12403.240000000002,11,3556.040000000002,swap,improve
159,21,12403.240000000002,11,3556.040000000002,move,improve
160,21,13236.320000000003,11,3556.040000000002,2opt,acceptBad
161,21,13455.740000000003,11,3556.040000000002,2opt,acceptBad
162,21,12510.940000000002,11,3556.040000000002,move,improve
163,21,12630.380000000005,11,3556.040000000002,swap,acceptBad
164,21,12568.420000000004,11,3556.040000000002,move,improve
165,21,12568.420000000004,11,3556.040000000002,move,improve
166,21,11875.360000000006,11,3556.040000000002,move,improve
167,21,11847.16,11,3556.040000000002,2opt,improve
168,21,11866.199999999995,11,3556.040000000002,swap,acceptBad
169,21,11835.219999999994,11,3556.040000000002,swap,improve
170,21,11835.219999999994,11,3556.040000000002,move,improve
171,21,11696.399999999992,11,3556.040000000002,swap,improve
172,21,11702.72,11,3556.040000000002,swap,acceptBad
173,21,11702.72,11,3556.040000000002,move,improve
174,21,11701.64,11,3556.040000000002,move,improve
175,21,11453.339999999997,11,3556.040000000002,move,improve
176,21,10641.539999999997,11,3556.040000000002,move,improve
177,22,13500.46,11,3556.040000000002,2opt,acceptBad
178,22,13435.96,11,3556.040000000002,swap,improve
179,22,13524.219999999998,11,3556.040000000002,swap,acceptBad
180,22,13530.72,11,3556.040000000002,2opt,acceptBad
181,22,13381.84,11,3556.040000000002,swap,improve
182,22,14018.239999999996,11,3556.040000000002,2opt,acceptBad
183,22,14004.079999999996,11,3556.040000000002,swap,improve
184,22,14004.079999999996,11,3556.040000000002,move,improve
185,22,13969.999999999996,11,3556.040000000002,2opt,improve
186,22,13889.519999999997,11,3556.040000000002,2opt,improve
187,22,12813.719999999998,11,3556.040000000002,move,improve
188,22,12809.279999999997,11,3556.040000000002,move,improve
189,22,12809.279999999997,11,3556.040000000002,move,improve
190,23,12968.099999999995,11,3556.040000000002,2opt,acceptBad
191,23,13425.39999999999,11,3556.040000000002,swap,acceptBad
192,23,13664.619999999992,11,3556.040000000002,swap,acceptBad
193,23,13576.919999999995,11,3556.040000000002,move,improve
194,23,13574.339999999993,11,3556.040000000002,move,improve
195,23,13578.299999999994,11,3556.040000000002,2opt,acceptBad
196,23,12280.36,11,3556.040000000002,move,improve
197,23,12279.22,11,3556.040000000002,move,improve
198,23,12280.66,11,3556.040000000002,2opt,acceptBad
199,23,13073.379999999997,11,3556.040000000002,swap,acceptBad
200,23,14932.18,11,3556.040000000002,swap,acceptBad
201,23,14933.2,11,3556.040000000002,swap,acceptBad
202,23,13160.38,11,3556.040000000002,move,improve
203,23,13169.679999999998,11,3556.040000000002,2opt,acceptBad
204,23,13336.479999999992,11,3556.040000000002,2opt,acceptBad
205,23,12802.939999999991,11,3556.040000000002,move,improve
206,23,12798.979999999992,11,3556.040000000002,move,improve
207,23,12840.979999999992,11,3556.040000000002,swap,acceptBad
208,23,12830.599999999991,11,3556.040000000002,move,improve
209,23,16286.259999999986,11,3556.040000000002,2opt,acceptBad
210,23,16286.259999999986,11,3556.040000000002,move,improve
211,23,16256.679999999986,11,3556.040000000002,2opt,improve
212,23,16345.059999999985,11,3556.040000000002,2opt,acceptBad
213,23,16371.879999999985,11,3556.040000000002,swap,acceptBad
214,23,15780.959999999985,11,3556.040000000002,move,improve
215,23,17761.23999999999,11,3556.040000000002,swap,acceptBad
216,23,18042.099999999988,11,3556.040000000002,swap,acceptBad
217,23,18009.87999999999,11,3556.040000000002,swap,improve
218,23,15302.019999999995,11,3556.040000000002,move,improve
219,23,15029.139999999996,11,3556.040000000002,move,improve
220,23,14985.819999999996,11,3556.040000000002,swap,improve
221,23,14985.819999999996,11,3556.040000000002,move,improve
222,23,13864.259999999997,11,3556.040000000002,move,improve
223,23,13863.359999999997,11,3556.040000000002,move,improve
224,23,13863.359999999997,11,3556.040000000002,move,improve
225,23,13863.359999999997,11,3556.040000000002,move,improve
226,23,14099.919999999998,11,3556.040000000002,2opt,acceptBad
227,23,14099.919999999998,11,3556.040000000002,swap,improve
228,23,14944.379999999996,11,3556.040000000002,2opt,acceptBad
229,23,14944.379999999996,11,3556.040000000002,move,improve
230,23,14852.299999999996,11,3556.040000000002,swap,improve
231,23,14852.299999999996,11,3556.040000000002,move,improve
232,23,14786.479999999987,11,3556.040000000002,move,improve
233,23,14792.299999999987,11,3556.040000000002,swap,acceptBad
234,23,14792.299999999987,11,3556.040000000002,move,improve
235,23,14809.579999999987,11,3556.040000000002,2opt,acceptBad
236,23,14808.259999999987,11,3556.040000000002,move,improve
237,23,14776.459999999986,11,3556.040000000002,swap,improve
238,23,14761.339999999991,11,3556.040000000002,2opt,improve
239,23,14761.339999999991,11,3556.040000000002,2opt,improve
240,23,14142.179999999997,11,3556.040000000002,move,improve
241,23,14543.039999999997,11,3556.040000000002,2opt,acceptBad
242,23,14779.319999999985,11,3556.040000000002,2opt,acceptBad
243,23,14779.319999999985,11,3556.040000000002,move,improve
244,23,14779.319999999985,11,3556.040000000002,2opt,improve
245,23,13814.659999999987,11,3556.040000000002,move,improve
246,23,13876.319999999998,11,3556.040000000002,swap,acceptBad
247,24,17277.719999999998,11,3556.040000000002,2opt,acceptBad
248,24,17277.719999999998,11,3556.040000000002,move,improve
249,24,17065.499999999993,11,3556.040000000002,move,improve
250,24,17795.440000000002,11,3556.040000000002,swap,acceptBad
251,24,17908.880000000005,11,3556.040000000002,2opt,acceptBad
252,24,15211.16000000001,11,3556.040000000002,move,improve
253,24,15256.760000000011,11,3556.040000000002,swap,acceptBad
254,24,15218.340000000011,11,3556.040000000002,move,improve
255,24,15210.420000000011,11,3556.040000000002,swap,improve
256,24,15466.82000000001,11,3556.040000000002,swap,acceptBad
257,24,15481.580000000002,11,3556.040000000002,2opt,acceptBad
258,24,15475.880000000001,11,3556.040000000002,move,improve
259,24,15301.840000000002,11,3556.040000000002,swap,improve
260,24,14119.700000000003,11,3556.040000000002,move,improve
261,24,14143.220000000003,11,3556.040000000002,swap,acceptBad
262,24,14143.220000000003,11,3556.040000000002,move,improve
263,24,14147.54,11,3556.040000000002,swap,acceptBad
264,24,14016.539999999997,11,3556.040000000002,swap,improve
265,24,14014.859999999995,11,3556.040000000002,2opt,improve
266,24,14006.039999999995,11,3556.040000000002,move,improve
267,24,14010.119999999995,11,3556.040000000002,2opt,acceptBad
268,24,14010.119999999995,11,3556.040000000002,move,improve
269,24,14029.399999999994,11,3556.040000000002,swap,acceptBad
270,24,14019.559999999994,11,3556.040000000002,2opt,improve
271,24,13980.879999999994,11,3556.040000000002,2opt,improve
272,24,13982.919999999993,11,3556.040000000002,2opt,acceptBad
273,24,13988.799999999992,11,3556.040000000002,swap,acceptBad
274,24,14007.819999999992,11,3556.040000000002,swap,acceptBad
275,24,20376.63999999999,11,3556.040000000002,swap,acceptBad
276,24,20378.219999999983,11,3556.040000000002,swap,acceptBad
277,24,20349.059999999983,11,3556.040000000002,swap,improve
278,24,20410.679999999986,11,3556.040000000002,swap,acceptBad
279,25,22092.339999999986,11,3556.040000000002,2opt,acceptBad
280,25,22095.159999999996,11,3556.040000000002,2opt,acceptBad
281,25,22114.59999999998,11,3556.040000000002,2opt,acceptBad
282,25,23527.399999999983,11,3556.040000000002,2opt,acceptBad
283,25,23511.619999999984,11,3556.040000000002,swap,improve
284,25,23990.92,11,3556.040000000002,swap,acceptBad
285,25,23705.38000000001,11,3556.040000000002,swap,improve
286,25,23722.18000000001,11,3556.040000000002,swap,acceptBad
287,25,21009.160000000014,11,3556.040000000002,move,improve
288,25,21009.160000000014,11,3556.040000000002,move,improve
289,25,20804.880000000012,11,3556.040000000002,swap,improve
290,25,20820.300000000014,11,3556.040000000002,2opt,acceptBad
291,25,20820.600000000006,11,3556.040000000002,2opt,acceptBad
292,25,20811.84000000001,11,3556.040000000002,2opt,improve
293,25,18825.10000000001,11,3556.040000000002,move,improve
294,25,18681.200000000004,11,3556.040000000002,swap,improve
295,25,18680.180000000004,11,3556.040000000002,swap,improve
296,25,18684.500000000004,11,3556.040000000002,swap,acceptBad
297,25,18672.080000000005,11,3556.040000000002,swap,improve
298,25,18721.460000000006,11,3556.040000000002,swap,acceptBad
299,25,18764.660000000003,11,3556.040000000002,2opt,acceptBad
300,25,18778.880000000005,11,3556.040000000002,2opt,acceptBad
301,25,20652.000000000007,11,3556.040000000002,swap,acceptBad
302,25,20661.420000000006,11,3556.040000000002,2opt,acceptBad
303,25,20667.360000000008,11,3556.040000000002,2opt,acceptBad
304,25,20713.860000000008,11,3556.040000000002,swap,acceptBad
305,25,20715.240000000005,11,3556.040000000002,swap,acceptBad
306,25,17490.26000000001,11,3556.040000000002,move,improve
307,25,17320.259999999995,11,3556.040000000002,move,improve
308,25,17321.699999999997,11,3556.040000000002,swap,acceptBad
309,25,17586.9,11,3556.040000000002,swap,acceptBad
310,25,16716.059999999998,11,3556.040000000002,move,improve
311,25,16685.399999999998,11,3556.040000000002,swap,improve
312,25,16685.399999999998,11,3556.040000000002,move,improve
313,25,16649.64,11,3556.040000000002,swap,improve
314,25,16650.66,11,3556.040000000002,2opt,acceptBad
315,25,16264.300000000003,11,3556.040000000002,swap,improve
316,25,16273.240000000003,11,3556.040000000002,swap,acceptBad
317,25,16272.939999999988,11,3556.040000000002,2opt,improve
318,25,16434.48,11,3556.040000000002,2opt,acceptBad
319,25,15974.219999999994,11,3556.040000000002,move,improve
320,25,14980.53999999999,11,3556.040000000002,move,improve
321,25,14992.719999999998,11,3556.040000000002,2opt,acceptBad
322,25,16986.000000000007,11,3556.040000000002,2opt,acceptBad
323,25,16979.900000000005,11,3556.040000000002,swap,improve
324,25,17212.06,11,3556.040000000002,2opt,acceptBad
325,25,15649.639999999998,11,3556.040000000002,move,improve
326,25,15617.419999999998,11,3556.040000000002,move,improve
327,25,15276.679999999988,11,3556.040000000002,2opt,improve
328,25,15255.619999999986,11,3556.040000000002,swap,improve
329,25,15255.619999999986,11,3556.040000000002,move,improve
330,25,15274.759999999986,11,3556.040000000002,swap,acceptBad
331,25,15276.139999999987,11,3556.040000000002,2opt,acceptBad
332,25,15256.67999999999,11,3556.040000000002,swap,improve
333,25,15426.459999999988,11,3556.040000000002,2opt,acceptBad
334,25,15365.93999999999,11,3556.040000000002,move,improve
335,25,15346.739999999989,11,3556.040000000002,move,improve
336,25,15459.519999999984,11,3556.040000000002,swap,acceptBad
337,25,15459.519999999984,11,3556.040000000002,2opt,improve
338,25,15942.159999999989,11,3556.040000000002,swap,acceptBad
339,25,15422.219999999998,11,3556.040000000002,move,improve
340,25,15414.599999999999,11,3556.040000000002,swap,improve
341,25,15417.3,11,3556.040000000002,2opt,acceptBad
342,25,16138.36,11,3556.040000000002,2opt,acceptBad
343,25,15945.599999999988,11,3556.040000000002,2opt,improve
344,25,15986.399999999989,11,3556.040000000002,swap,acceptBad
345,25,15772.559999999985,11,3556.040000000002,swap,improve
346,25,15772.259999999984,11,3556.040000000002,swap,improve
347,25,15429.439999999995,11,3556.040000000002,2opt,improve
348,25,15431.359999999999,11,3556.040000000002,2opt,acceptBad
349,25,15446.3,11,3556.040000000002,swap,acceptBad
350,25,15122.760000000002,11,3556.040000000002,move,improve
351,25,15127.860000000004,11,3556.040000000002,2opt,acceptBad
352,25,16289.099999999999,11,3556.040000000002,2opt,acceptBad
353,25,16276.619999999999,11,3556.040000000002,swap,improve
354,25,16276.019999999999,11,3556.040000000002,swap,improve
355,25,16273.379999999997,11,3556.040000000002,swap,improve
356,25,16274.46,11,3556.040000000002,swap,acceptBad
357,25,16289.22,11,3556.040000000002,swap,acceptBad
358,25,16279.860000000002,11,3556.040000000002,2opt,improve
359,25,16261.140000000007,11,3556.040000000002,2opt,improve
360,25,16235.340000000006,11,3556.040000000002,swap,improve
361,25,16232.100000000006,11,3556.040000000002,2opt,improve
362,25,15933.679999999998,11,3556.040000000002,move,improve
363,25,17199.620000000006,11,3556.040000000002,swap,acceptBad
364,25,17184.320000000007,11,3556.040000000002,move,improve
365,25,17155.180000000008,11,3556.040000000002,move,improve
366,25,17136.04,11,3556.040000000002,2opt,improve
367,25,17115.820000000003,11,3556.040000000002,move,improve
368,25,17069.199999999993,11,3556.040000000002,2opt,improve
369,26,20489.92,11,3556.040000000002,2opt,acceptBad
370,26,20508.64,11,3556.040000000002,2opt,acceptBad
371,26,20514.699999999997,11,3556.040000000002,2opt,acceptBad
372,26,19878.759999999995,11,3556.040000000002,move,improve
373,26,19853.500000000004,11,3556.040000000002,2opt,improve
374,26,19839.100000000002,11,3556.040000000002,swap,improve
375,26,19836.520000000004,11,3556.040000000002,move,improve
376,26,20566.980000000003,11,3556.040000000002,swap,acceptBad
377,26,23975.91999999999,11,3556.040000000002,2opt,acceptBad
378,26,21128.920000000006,11,3556.040000000002,move,improve
379,26,21128.080000000005,11,3556.040000000002,2opt,improve
380,26,21095.740000000005,11,3556.040000000002,move,improve
381,26,21484.199999999997,11,3556.040000000002,swap,acceptBad
382,26,21484.199999999997,11,3556.040000000002,2opt,improve
383,26,21370.159999999993,11,3556.040000000002,2opt,improve
384,26,21310.719999999994,11,3556.040000000002,2opt,improve
385,26,21329.799999999992,11,3556.040000000002,swap,acceptBad
386,26,21531.8,11,3556.040000000002,2opt,acceptBad
387,26,21568.139999999985,11,3556.040000000002,2opt,acceptBad
388,26,21566.819999999985,11,3556.040000000002,swap,improve
389,26,21603.899999999987,11,3556.040000000002,swap,acceptBad
390,26,21620.399999999987,11,3556.040000000002,2opt,acceptBad
391,26,21616.379999999986,11,3556.040000000002,swap,improve
392,26,22167.32,11,3556.040000000002,2opt,acceptBad
393,26,22167.32,11,3556.040000000002,move,improve
394,26,22108.16,11,3556.040000000002,move,improve
395,26,20734.699999999997,11,3556.040000000002,move,improve
396,26,20765.659999999996,11,3556.040000000002,swap,acceptBad
397,26,20341.62,11,3556.040000000002,move,improve
398,26,20341.62,11,3556.040000000002,move,improve
399,26,20341.859999999997,11,3556.040000000002,swap,acceptBad
400,26,20334.42,11,3556.040000000002,move,improve
401,26,20328.719999999998,11,3556.040000000002,move,improve
402,26,20327.28,11,3556.040000000002,move,improve
403,26,19819.519999999993,11,3556.040000000002,move,improve
404,26,19806.199999999993,11,3556.040000000002,swap,improve
405,26,19842.319999999992,11,3556.040000000002,2opt,acceptBad
406,26,20206.19999999999,11,3556.040000000002,2opt,acceptBad
407,26,20212.499999999993,11,3556.040000000002,swap,acceptBad
408,26,22727.339999999997,11,3556.040000000002,2opt,acceptBad
409,26,21396.499999999993,11,3556.040000000002,move,improve
410,26,21092.280000000006,11,3556.040000000002,2opt,improve
411,26,20927.94000000001,11,3556.040000000002,swap,improve
412,26,20132.600000000006,11,3556.040000000002,move,improve
413,26,20165.360000000004,11,3556.040000000002,swap,acceptBad
414,26,20009.04,11,3556.040000000002,2opt,improve
415,26,19997.219999999998,11,3556.040000000002,2opt,improve
416,26,19997.219999999998,11,3556.040000000002,move,improve
417,26,20015.879999999997,11,3556.040000000002,swap,acceptBad
418,26,20352.319999999996,11,3556.040000000002,swap,acceptBad
419,26,19365.779999999995,11,3556.040000000002,move,improve
420,25,17066.019999999993,11,3556.040000000002,2opt,improve
421,26,24643.200000000004,11,3556.040000000002,2opt,acceptBad
422,26,27612.78000000001,11,3556.040000000002,swap,acceptBad
423,26,26506.62000000001,11,3556.040000000002,move,improve
424,26,26506.62000000001,11,3556.040000000002,2opt,notBad
425,26,26506.62000000001,11,3556.040000000002,2opt,improve
426,26,26541.78000000001,11,3556.040000000002,swap,acceptBad
427,26,26548.08000000001,11,3556.040000000002,swap,acceptBad
428,26,26595.180000000008,11,3556.040000000002,swap,acceptBad
429,26,28083.780000000013,11,3556.040000000002,2opt,acceptBad
430,26,27991.36,11,3556.040000000002,2opt,improve
431,26,27991.36,11,3556.040000000002,2opt,notBad
432,26,28234.16000000001,11,3556.040000000002,2opt,acceptBad
433,26,28150.32000000001,11,3556.040000000002,2opt,improve
434,26,27849.559999999998,11,3556.040000000002,2opt,improve
435,26,25148.17999999999,11,3556.040000000002,move,improve
436,26,25057.959999999995,11,3556.040000000002,swap,improve
437,26,23737.579999999998,11,3556.040000000002,move,improve
438,26,23713.739999999994,11,3556.040000000002,move,improve
439,26,24680.359999999993,11,3556.040000000002,swap,acceptBad
440,26,23694.5,11,3556.040000000002,move,improve
441,26,23667.679999999997,11,3556.040000000002,2opt,improve
442,26,23746.280000000006,11,3556.040000000002,2opt,acceptBad
443,26,23753.660000000003,11,3556.040000000002,swap,acceptBad
444,26,23741.72000000001,11,3556.040000000002,2opt,improve
445,26,22713.160000000007,11,3556.040000000002,move,improve
446,26,22707.700000000008,11,3556.040000000002,swap,improve
447,26,23061.239999999994,11,3556.040000000002,swap,acceptBad
448,26,23051.759999999995,11,3556.040000000002,swap,improve
449,26,23057.339999999993,11,3556.040000000002,2opt,acceptBad
450,26,23057.339999999993,11,3556.040000000002,move,improve
451,26,24560.039999999994,11,3556.040000000002,swap,acceptBad
452,26,24790.559999999998,11,3556.040000000002,swap,acceptBad
453,26,24778.019999999997,11,3556.040000000002,move,improve
454,26,23715.939999999995,11,3556.040000000002,move,improve
455,26,21470.859999999986,11,3556.040000000002,move,improve
456,26,21434.27999999999,11,3556.040000000002,move,improve
457,26,23590.679999999993,11,3556.040000000002,swap,acceptBad
458,26,23374.85999999999,11,3556.040000000002,swap,improve
459,26,23359.079999999987,11,3556.040000000002,2opt,improve
460,26,22685.53999999999,11,3556.040000000002,move,improve
461,26,22476.85999999998,11,3556.040000000002,move,improve
462,26,22515.739999999983,11,3556.040000000002,2opt,acceptBad
463,26,22393.799999999985,11,3556.040000000002,swap,improve
464,26,22480.399999999994,11,3556.040000000002,2opt,acceptBad
465,26,22672.539999999994,11,3556.040000000002,swap,acceptBad
466,26,22176.279999999995,11,3556.040000000002,2opt,improve
467,26,22140.45999999999,11,3556.040000000002,2opt,improve
468,26,22122.759999999987,11,3556.040000000002,move,improve
469,26,22097.559999999987,11,3556.040000000002,move,improve
470,26,22074.09999999999,11,3556.040000000002,2opt,improve
471,26,20816.37999999999,11,3556.040000000002,move,improve
472,26,20813.97999999999,11,3556.040000000002,2opt,improve
473,26,20813.97999999999,11,3556.040000000002,move,improve
474,26,19726.119999999988,11,3556.040000000002,move,improve
475,26,19576.219999999994,11,3556.040000000002,move,improve
476,26,19591.219999999994,11,3556.040000000002,2opt,acceptBad
477,26,19591.219999999994,11,3556.040000000002,2opt,improve
478,26,19591.219999999994,11,3556.040000000002,move,improve
479,26,24968.159999999978,11,3556.040000000002,swap,acceptBad
480,26,28635.11999999999,11,3556.040000000002,2opt,acceptBad
481,26,28628.17999999999,11,3556.040000000002,swap,improve
482,26,28628.17999999999,11,3556.040000000002,2opt,improve
483,26,28619.41999999999,11,3556.040000000002,move,improve
484,26,25323.70000000002,11,3556.040000000002,move,improve
485,26,25337.44000000002,11,3556.040000000002,swap,acceptBad
486,26,25343.19999999999,11,3556.040000000002,2opt,acceptBad
487,26,25360.83999999999,11,3556.040000000002,2opt,acceptBad
488,26,25359.87999999999,11,3556.040000000002,move,improve
489,26,25359.87999999999,11,3556.040000000002,2opt,improve
490,26,26594.679999999993,11,3556.040000000002,swap,acceptBad
491,26,26578.94000000002,11,3556.040000000002,swap,improve
492,26,26653.14000000002,11,3556.040000000002,swap,acceptBad
493,26,23014.880000000012,11,3556.040000000002,move,improve
494,26,22957.639999999985,11,3556.040000000002,move,improve
495,26,22985.899999999987,11,3556.040000000002,swap,acceptBad
496,26,26938.15999999998,11,3556.040000000002,2opt,acceptBad
497,26,26978.59999999998,11,3556.040000000002,swap,acceptBad
498,26,27003.86,11,3556.040000000002,2opt,acceptBad
499,26,26989.22,11,3556.040000000002,swap,improve
500,26,27010.46,11,3556.040000000002,swap,acceptBad
501,26,26651.559999999998,11,3556.040000000002,move,improve
502,26,25582.02,11,3556.040000000002,move,improve
503,26,28778.78,11,3556.040000000002,2opt,acceptBad
504,26,24961.480000000003,11,3556.040000000002,move,improve
505,26,26730.539999999997,11,3556.040000000002,swap,acceptBad
506,26,25374.179999999997,11,3556.040000000002,2opt,improve
507,26,25374.179999999997,11,3556.040000000002,2opt,improve
508,26,25377.239999999994,11,3556.040000000002,2opt,acceptBad
509,26,25373.579999999994,11,3556.040000000002,swap,improve
510,26,25319.819999999992,11,3556.040000000002,move,improve
511,26,24382.479999999974,11,3556.040000000002,move,improve
512,26,21906.579999999987,11,3556.040000000002,move,improve
513,26,21943.239999999983,11,3556.040000000002,2opt,acceptBad
514,26,20481.299999999985,11,3556.040000000002,move,improve
515,26,20745.259999999977,11,3556.040000000002,swap,acceptBad
516,26,20362.979999999978,11,3556.040000000002,move,improve
517,26,20378.339999999986,11,3556.040000000002,2opt,acceptBad
518,26,20466.47999999998,11,3556.040000000002,swap,acceptBad
519,26,21295.999999999993,11,3556.040000000002,2opt,acceptBad
520,26,21268.27999999999,11,3556.040000000002,move,improve
521,26,21265.859999999993,11,3556.040000000002,move,improve
522,27,25685.299999999996,11,3556.040000000002,2opt,acceptBad
523,27,25685.299999999996,11,3556.040000000002,move,improve
524,27,25647.319999999996,11,3556.040000000002,2opt,improve
525,27,25656.799999999996,11,3556.040000000002,2opt,acceptBad
526,27,25864.939999999995,11,3556.040000000002,swap,acceptBad
527,27,25843.040000000008,11,3556.040000000002,2opt,improve
528,27,25803.860000000004,11,3556.040000000002,2opt,improve
529,27,25814.660000000003,11,3556.040000000002,2opt,acceptBad
530,27,25065.660000000007,11,3556.040000000002,2opt,improve
531,27,24688.500000000015,11,3556.040000000002,move,improve
532,27,24675.360000000015,11,3556.040000000002,move,improve
533,27,24674.94,11,3556.040000000002,2opt,improve
534,27,26536.380000000012,11,3556.040000000002,2opt,acceptBad
535,27,26427.32,11,3556.040000000002,move,improve
536,27,26353.100000000002,11,3556.040000000002,swap,improve
537,27,26399.879999999997,11,3556.040000000002,2opt,acceptBad
538,27,25590.96000000001,11,3556.040000000002,move,improve
539,27,25525.50000000001,11,3556.040000000002,swap,improve
540,27,25464.78000000001,11,3556.040000000002,move,improve
541,28,31302.800000000025,11,3556.040000000002,2opt,acceptBad
542,28,31175.420000000024,11,3556.040000000002,move,improve
543,28,31157.480000000025,11,3556.040000000002,swap,improve
544,28,30244.58000000003,11,3556.040000000002,move,improve
545,28,30195.98000000004,11,3556.040000000002,swap,improve
546,28,30186.500000000022,11,3556.040000000002,2opt,improve
547,28,30213.500000000007,11,3556.040000000002,2opt,acceptBad
548,28,30174.44000000001,11,3556.040000000002,swap,improve
549,28,30123.500000000007,11,3556.040000000002,swap,improve
550,28,30365.200000000015,11,3556.040000000002,2opt,acceptBad
551,28,30352.42000000002,11,3556.040000000002,2opt,improve
552,28,29211.70000000002,11,3556.040000000002,move,improve
553,28,30102.60000000003,11,3556.040000000002,2opt,acceptBad
554,28,30102.60000000003,11,3556.040000000002,move,improve
555,28,26945.72000000002,11,3556.040000000002,move,improve
556,28,26919.02000000003,11,3556.040000000002,move,improve
557,28,26919.02000000003,11,3556.040000000002,move,improve
558,28,24550.48000000001,11,3556.040000000002,move,improve
559,28,24550.54000000001,11,3556.040000000002,swap,acceptBad
560,28,24534.04,11,3556.040000000002,move,improve
561,28,23908.859999999993,11,3556.040000000002,move,improve
562,28,24126.839999999993,11,3556.040000000002,swap,acceptBad
563,28,24126.839999999993,11,3556.040000000002,move,improve
564,28,25514.940000000006,11,3556.040000000002,2opt,acceptBad
565,28,24196.400000000016,11,3556.040000000002,move,improve
566,28,24174.260000000017,11,3556.040000000002,move,improve
567,28,24175.700000000015,11,3556.040000000002,2opt,acceptBad
568,28,24210.020000000015,11,3556.040000000002,2opt,acceptBad
569,28,24209.000000000015,11,3556.040000000002,move,improve
570,28,26897.420000000006,11,3556.040000000002,move,acceptBad
571,28,26831.62,11,3556.040000000002,2opt,improve
572,28,26957.620000000003,11,3556.040000000002,2opt,acceptBad
573,28,24931.680000000008,11,3556.040000000002,move,improve
574,28,24931.680000000008,11,3556.040000000002,move,improve
575,28,24369.480000000014,11,3556.040000000002,move,improve
576,29,27520.24000000001,11,3556.040000000002,2opt,acceptBad
577,29,27520.24000000001,11,3556.040000000002,move,improve
578,29,27513.40000000001,11,3556.040000000002,move,improve
579,29,28432.78,11,3556.040000000002,2opt,acceptBad
580,29,27900.71999999999,11,3556.040000000002,move,improve
581,29,28062.359999999986,11,3556.040000000002,swap,acceptBad
582,29,27742.139999999974,11,3556.040000000002,2opt,improve
583,29,27742.139999999974,11,3556.040000000002,move,improve
584,29,27934.639999999978,11,3556.040000000002,swap,acceptBad
585,29,28420.69999999997,11,3556.040000000002,2opt,acceptBad
586,29,27258.899999999972,11,3556.040000000002,swap,improve
587,29,26770.09999999998,11,3556.040000000002,move,improve
588,29,27253.199999999975,11,3556.040000000002,2opt,acceptBad
589,29,27253.199999999975,11,3556.040000000002,move,improve
590,29,27252.899999999976,11,3556.040000000002,swap,improve
591,29,27248.69999999997,11,3556.040000000002,2opt,improve
592,29,26648.039999999975,11,3556.040000000002,move,improve
593,29,27331.059999999972,11,3556.040000000002,2opt,acceptBad
594,29,27230.899999999972,11,3556.040000000002,swap,improve
595,29,27287.599999999973,11,3556.040000000002,swap,acceptBad
596,29,25894.479999999992,11,3556.040000000002,move,improve
597,29,27077.399999999994,11,3556.040000000002,2opt,acceptBad
598,29,27077.399999999994,11,3556.040000000002,move,improve
599,29,27033.26,11,3556.040000000002,swap,improve
600,29,26839.31999999999,11,3556.040000000002,swap,improve
601,29,26625.939999999995,11,3556.040000000002,swap,improve
602,29,26576.739999999998,11,3556.040000000002,swap,improve
603,29,26560.239999999998,11,3556.040000000002,swap,improve
604,29,25812.499999999993,11,3556.040000000002,move,improve
605,29,25233.61999999999,11,3556.040000000002,move,improve
606,29,25252.719999999994,11,3556.040000000002,swap,acceptBad
607,29,25422.21999999999,11,3556.040000000002,2opt,acceptBad
608,29,25406.73999999999,11,3556.040000000002,2opt,improve
609,29,25541.479999999978,11,3556.040000000002,swap,acceptBad
610,29,25521.85999999998,11,3556.040000000002,swap,improve
611,29,25521.85999999998,11,3556.040000000002,move,improve
612,29,25490.779999999977,11,3556.040000000002,move,improve
613,29,25497.319999999992,11,3556.040000000002,2opt,acceptBad
614,29,25494.25999999999,11,3556.040000000002,move,improve
615,29,25479.61999999999,11,3556.040000000002,move,improve
616,29,25434.37999999999,11,3556.040000000002,2opt,improve
617,29,26040.899999999994,11,3556.040000000002,2opt,acceptBad
618,29,25840.759999999995,11,3556.040000000002,swap,improve
619,29,25781.780000000002,11,3556.040000000002,move,improve
620,29,30990.420000000002,11,3556.040000000002,swap,acceptBad
621,29,30766.980000000003,11,3556.040000000002,swap,improve
622,29,28246.200000000004,11,3556.040000000002,move,improve
623,29,28255.920000000006,11,3556.040000000002,swap,acceptBad
624,29,28243.380000000005,11,3556.040000000002,swap,improve
625,29,28850.14000000001,11,3556.040000000002,2opt,acceptBad
626,28,26384.300000000007,11,3556.040000000002,2opt,improve
627,28,26219.02000000001,11,3556.040000000002,swap,improve
628,28,26215.00000000001,11,3556.040000000002,swap,improve
629,28,26988.760000000002,11,3556.040000000002,swap,acceptBad
630,28,27000.4,11,3556.040000000002,2opt,acceptBad
631,28,26274.700000000008,11,3556.040000000002,move,improve
632,28,27706.3,11,3556.040000000002,swap,acceptBad
633,28,27837.120000000006,11,3556.040000000002,swap,acceptBad
634,28,27838.500000000004,11,3556.040000000002,swap,acceptBad
635,28,27820.380000000005,11,3556.040000000002,2opt,improve
636,28,27683.780000000006,11,3556.040000000002,move,improve
637,28,27676.420000000006,11,3556.040000000002,swap,improve
638,28,27491.120000000014,11,3556.040000000002,move,improve
639,28,27713.340000000007,11,3556.040000000002,2opt,acceptBad
640,28,27732.48000000001,11,3556.040000000002,2opt,acceptBad
641,28,27758.760000000002,11,3556.040000000002,2opt,acceptBad
642,28,27757.86,11,3556.040000000002,swap,improve
643,28,26140.36,11,3556.040000000002,move,improve
644,28,26822.000000000015,11,3556.040000000002,2opt,acceptBad
645,28,26822.000000000015,11,3556.040000000002,move,improve
646,28,27053.900000000012,11,3556.040000000002,swap,acceptBad
647,28,27073.27999999999,11,3556.040000000002,2opt,acceptBad
648,28,25885.639999999996,11,3556.040000000002,move,improve
649,28,25484.92,11,3556.040000000002,swap,improve
650,28,25074.319999999996,11,3556.040000000002,move,improve
651,28,24801.47999999999,11,3556.040000000002,swap,improve
652,28,24803.21999999999,11,3556.040000000002,swap,acceptBad
653,28,24776.99999999999,11,3556.040000000002,swap,improve
654,28,24655.639999999985,11,3556.040000000002,2opt,improve
655,28,24688.399999999987,11,3556.040000000002,2opt,acceptBad
656,28,26307.259999999987,11,3556.040000000002,2opt,acceptBad
657,28,26299.939999999988,11,3556.040000000002,move,improve
658,28,26322.379999999983,11,3556.040000000002,2opt,acceptBad
659,29,29851.97999999998,11,3556.040000000002,2opt,acceptBad
660,29,29854.91999999998,11,3556.040000000002,swap,acceptBad
661,29,29716.099999999988,11,3556.040000000002,2opt,improve
662,29,26684.079999999987,11,3556.040000000002,move,improve
663,29,26972.99999999997,11,3556.040000000002,swap,acceptBad
664,29,26968.979999999974,11,3556.040000000002,swap,improve
665,29,26754.139999999974,11,3556.040000000002,move,improve
666,29,26788.340000000007,11,3556.040000000002,2opt,acceptBad
667,29,27407.839999999997,11,3556.040000000002,2opt,acceptBad
668,29,26108.899999999983,11,3556.040000000002,move,improve
669,29,26595.83999999999,11,3556.040000000002,2opt,acceptBad
670,29,26595.77999999999,11,3556.040000000002,swap,improve
671,29,26014.68,11,3556.040000000002,move,improve
672,29,24865.539999999983,11,3556.040000000002,move,improve
673,29,24865.539999999983,11,3556.040000000002,move,improve
674,29,24865.539999999983,11,3556.040000000002,2opt,improve
675,29,25086.83999999999,11,3556.040000000002,2opt,acceptBad
676,29,25072.499999999985,11,3556.040000000002,2opt,improve
677,29,25902.499999999996,11,3556.040000000002,2opt,acceptBad
678,29,25310.319999999992,11,3556.040000000002,swap,improve
679,29,25928.61999999998,11,3556.040000000002,2opt,acceptBad
680,29,25944.099999999988,11,3556.040000000002,2opt,acceptBad
681,29,25973.91999999999,11,3556.040000000002,2opt,acceptBad
682,29,26006.27999999997,11,3556.040000000002,swap,acceptBad
683,29,27183.759999999984,11,3556.040000000002,2opt,acceptBad
684,29,26676.299999999992,11,3556.040000000002,move,improve
685,29,24219.79999999999,11,3556.040000000002,move,improve
686,29,24194.71999999999,11,3556.040000000002,2opt,improve
687,29,24253.27999999998,11,3556.040000000002,2opt,acceptBad
688,29,24265.63999999998,11,3556.040000000002,swap,acceptBad
689,29,24207.55999999998,11,3556.040000000002,move,improve
690,29,23318.259999999977,11,3556.040000000002,move,improve
691,29,23318.259999999977,11,3556.040000000002,move,improve
692,29,23347.379999999986,11,3556.040000000002,2opt,acceptBad
693,29,23347.379999999986,11,3556.040000000002,move,improve
694,29,23343.060000000005,11,3556.040000000002,2opt,improve
695,29,23362.86,11,3556.040000000002,2opt,acceptBad
696,29,23361.0,11,3556.040000000002,2opt,improve
697,29,23552.800000000003,11,3556.040000000002,2opt,acceptBad
698,29,23552.800000000003,11,3556.040000000002,move,improve
699,29,23552.800000000003,11,3556.040000000002,move,improve
700,29,23635.120000000014,11,3556.040000000002,swap,acceptBad
701,29,22602.18000000001,11,3556.040000000002,swap,improve
702,29,22602.18000000001,11,3556.040000000002,move,improve
703,29,22747.960000000014,11,3556.040000000002,swap,acceptBad
704,29,22593.940000000013,11,3556.040000000002,move,improve
705,29,22593.940000000013,11,3556.040000000002,2opt,improve
706,29,22368.100000000013,11,3556.040000000002,2opt,improve
707,29,20664.42000000003,11,3556.040000000002,move,improve
708,29,20657.94000000003,11,3556.040000000002,2opt,improve
709,29,21658.26000000003,11,3556.040000000002,swap,acceptBad
710,29,21643.98000000003,11,3556.040000000002,move,improve
711,30,25785.080000000034,11,3556.040000000002,2opt,acceptBad
712,30,25734.140000000036,11,3556.040000000002,swap,improve
713,30,25730.540000000037,11,3556.040000000002,2opt,improve
714,30,25730.540000000037,11,3556.040000000002,move,improve
715,30,27004.46000000003,11,3556.040000000002,2opt,acceptBad
716,30,25269.38000000003,11,3556.040000000002,move,improve
717,30,25271.84000000003,11,3556.040000000002,swap,acceptBad
718,30,25259.900000000016,11,3556.040000000002,2opt,improve
719,30,26493.860000000015,11,3556.040000000002,swap,acceptBad
720,30,27070.380000000016,11,3556.040000000002,swap,acceptBad
721,30,27069.120000000014,11,3556.040000000002,2opt,improve
722,30,27062.160000000014,11,3556.040000000002,swap,improve
723,30,27062.160000000014,11,3556.040000000002,move,improve
724,30,27062.160000000014,11,3556.040000000002,move,improve
725,30,27066.480000000014,11,3556.040000000002,swap,acceptBad
726,30,27066.480000000014,11,3556.040000000002,move,improve
727,30,28326.220000000016,11,3556.040000000002,swap,acceptBad
728,30,28874.360000000004,11,3556.040000000002,swap,acceptBad
729,30,28843.820000000003,11,3556.040000000002,move,improve
730,30,28842.500000000004,11,3556.040000000002,2opt,improve
731,30,29849.340000000007,11,3556.040000000002,swap,acceptBad
732,30,29849.340000000007,11,3556.040000000002,move,improve
733,30,29862.539999999997,11,3556.040000000002,swap,acceptBad
734,30,29861.580000000005,11,3556.040000000002,2opt,improve
735,30,29841.300000000007,11,3556.040000000002,2opt,improve
736,30,29860.680000000008,11,3556.040000000002,2opt,acceptBad
737,30,29850.540000000008,11,3556.040000000002,swap,improve
738,30,27424.180000000026,11,3556.040000000002,move,improve
739,30,27431.020000000026,11,3556.040000000002,swap,acceptBad
740,30,27417.280000000024,11,3556.040000000002,swap,improve
741,30,27535.100000000028,11,3556.040000000002,swap,acceptBad
742,30,26682.12000000003,11,3556.040000000002,move,improve
743,30,26682.12000000003,11,3556.040000000002,move,improve
744,30,26376.660000000018,11,3556.040000000002,swap,improve
745,30,25219.399999999994,11,3556.040000000002,move,improve
746,30,25212.379999999994,11,3556.040000000002,swap,improve
747,30,25198.519999999993,11,3556.040000000002,swap,improve
748,30,25201.399999999994,11,3556.040000000002,2opt,acceptBad
749,30,25702.179999999993,11,3556.040000000002,swap,acceptBad
750,30,25702.179999999993,11,3556.040000000002,move,improve
751,30,25470.879999999994,11,3556.040000000002,2opt,improve
752,30,25508.199999999993,11,3556.040000000002,2opt,acceptBad
753,30,25517.73999999999,11,3556.040000000002,2opt,acceptBad
754,30,26087.28,11,3556.040000000002,swap,acceptBad
755,30,26087.28,11,3556.040000000002,move,improve
756,30,26065.499999999996,11,3556.040000000002,move,improve
757,30,26065.499999999996,11,3556.040000000002,move,improve
758,30,26081.679999999997,11,3556.040000000002,2opt,acceptBad
759,30,26062.780000000002,11,3556.040000000002,2opt,improve
760,30,26068.599999999995,11,3556.040000000002,2opt,acceptBad
761,30,26159.2,11,3556.040000000002,swap,acceptBad
762,30,26181.100000000002,11,3556.040000000002,2opt,acceptBad
763,30,26194.6,11,3556.040000000002,2opt,acceptBad
764,30,26054.58000000001,11,3556.040000000002,2opt,improve
765,30,26032.08000000001,11,3556.040000000002,swap,improve
766,29,23622.500000000015,11,3556.040000000002,move,improve
767,29,23636.780000000017,11,3556.040000000002,swap,acceptBad
768,29,22921.7,11,3556.040000000002,swap,improve
769,29,23811.12000000001,11,3556.040000000002,2opt,acceptBad
770,29,23811.12000000001,11,3556.040000000002,move,improve
771,29,25266.24000000002,11,3556.040000000002,swap,acceptBad
772,29,25270.320000000018,11,3556.040000000002,swap,acceptBad
773,29,25257.780000000017,11,3556.040000000002,2opt,improve
774,29,25215.360000000026,11,3556.040000000002,swap,improve
775,30,28735.14000000003,11,3556.040000000002,2opt,acceptBad
776,30,31749.960000000036,11,3556.040000000002,swap,acceptBad
777,31,36781.66000000003,11,3556.040000000002,2opt,acceptBad
778,31,36779.01999999997,11,3556.040000000002,2opt,improve
779,31,36096.41999999999,11,3556.040000000002,2opt,improve
780,31,34804.819999999985,11,3556.040000000002,move,improve
781,31,34810.33999999998,11,3556.040000000002,swap,acceptBad
782,31,34829.899999999994,11,3556.040000000002,2opt,acceptBad
783,31,34809.56,11,3556.040000000002,move,improve
784,31,34817.0,11,3556.040000000002,2opt,acceptBad
785,31,31858.940000000013,11,3556.040000000002,move,improve
786,31,31858.940000000013,11,3556.040000000002,move,improve
787,31,32368.800000000014,11,3556.040000000002,swap,acceptBad
788,31,31702.22000000001,11,3556.040000000002,move,improve
789,31,32362.880000000012,11,3556.040000000002,swap,acceptBad
790,31,32340.620000000014,11,3556.040000000002,swap,improve
791,31,31650.200000000004,11,3556.040000000002,move,improve
792,31,31643.119999999988,11,3556.040000000002,2opt,improve
793,31,31435.039999999994,11,3556.040000000002,move,improve
794,31,34441.159999999996,11,3556.040000000002,2opt,acceptBad
795,31,32818.780000000006,11,3556.040000000002,move,improve
796,31,32843.80000000001,11,3556.040000000002,swap,acceptBad
797,31,30920.400000000005,11,3556.040000000002,move,improve
798,31,30480.200000000015,11,3556.040000000002,move,improve
799,31,30486.20000000001,11,3556.040000000002,swap,acceptBad
800,31,30400.18000000002,11,3556.040000000002,move,improve
801,31,30400.18000000002,11,3556.040000000002,move,improve
802,31,30408.160000000018,11,3556.040000000002,swap,acceptBad
803,31,30410.800000000017,11,3556.040000000002,swap,acceptBad
804,31,31872.800000000007,11,3556.040000000002,swap,acceptBad
805,31,31878.800000000007,11,3556.040000000002,swap,acceptBad
806,31,31880.600000000006,11,3556.040000000002,2opt,acceptBad
807,31,31892.240000000005,11,3556.040000000002,swap,acceptBad
808,31,31892.840000000004,11,3556.040000000002,2opt,acceptBad
809,31,30597.40000000001,11,3556.040000000002,move,improve
810,31,30724.600000000013,11,3556.040000000002,swap,acceptBad
811,31,30538.36,11,3556.040000000002,2opt,improve
812,31,30537.81999999999,11,3556.040000000002,2opt,improve
813,31,28858.059999999998,11,3556.040000000002,move,improve
814,31,28874.799999999996,11,3556.040000000002,swap,acceptBad
815,31,28836.459999999995,11,3556.040000000002,swap,improve
816,31,28739.959999999977,11,3556.040000000002,move,improve
817,31,31602.919999999936,11,3556.040000000002,swap,acceptBad
818,31,29730.399999999965,11,3556.040000000002,move,improve
819,31,29730.399999999965,11,3556.040000000002,move,improve
820,31,29744.379999999965,11,3556.040000000002,swap,acceptBad
821,31,29762.37999999999,11,3556.040000000002,2opt,acceptBad
822,31,29791.71999999999,11,3556.040000000002,2opt,acceptBad
823,31,29165.579999999987,11,3556.040000000002,2opt,improve
824,31,29165.579999999987,11,3556.040000000002,2opt,notBad
825,31,29246.059999999994,11,3556.040000000002,2opt,acceptBad
826,31,29690.579999999973,11,3556.040000000002,2opt,acceptBad
827,31,29594.180000000004,11,3556.040000000002,move,improve
828,31,29558.24000000002,11,3556.040000000002,2opt,improve
829,31,29589.74000000002,11,3556.040000000002,swap,acceptBad
830,31,29589.74000000002,11,3556.040000000002,move,improve
831,31,29589.74000000002,11,3556.040000000002,move,improve
832,31,29612.180000000022,11,3556.040000000002,swap,acceptBad
833,31,29613.440000000017,11,3556.040000000002,2opt,acceptBad
834,31,29609.06000000002,11,3556.040000000002,2opt,improve
835,31,29628.68000000002,11,3556.040000000002,2opt,acceptBad
836,31,29621.54000000002,11,3556.040000000002,swap,improve
837,31,29560.160000000018,11,3556.040000000002,move,improve
838,31,29309.36000000002,11,3556.040000000002,swap,improve
839,31,29331.38000000002,11,3556.040000000002,swap,acceptBad
840,31,29331.38000000002,11,3556.040000000002,2opt,improve
841,31,29331.38000000002,11,3556.040000000002,move,improve
842,31,29146.859999999993,11,3556.040000000002,move,improve
843,31,29029.54,11,3556.040000000002,move,improve
844,31,29007.219999999983,11,3556.040000000002,2opt,improve
845,31,29058.159999999974,11,3556.040000000002,swap,acceptBad
846,31,29058.159999999974,11,3556.040000000002,move,improve
847,31,29032.479999999974,11,3556.040000000002,swap,improve
848,31,27964.81999999997,11,3556.040000000002,move,improve
849,31,27967.579999999973,11,3556.040000000002,2opt,acceptBad
850,31,27922.579999999973,11,3556.040000000002,move,improve
851,31,27940.819999999974,11,3556.040000000002,swap,acceptBad
852,31,27910.599999999973,11,3556.040000000002,2opt,improve
853,31,27888.039999999975,11,3556.040000000002,2opt,improve
854,31,27885.099999999977,11,3556.040000000002,swap,improve
855,31,27850.659999999978,11,3556.040000000002,move,improve
856,31,27845.559999999976,11,3556.040000000002,swap,improve
857,31,27845.559999999976,11,3556.040000000002,move,improve
858,31,27833.1,11,3556.040000000002,move,improve
859,31,33829.99999999998,11,3556.040000000002,2opt,acceptBad
860,31,34166.139999999985,11,3556.040000000002,swap,acceptBad
861,31,34151.79999999999,11,3556.040000000002,move,improve
862,31,34125.28,11,3556.040000000002,2opt,improve
863,31,34122.64,11,3556.040000000002,2opt,improve
864,31,34127.44,11,3556.040000000002,swap,acceptBad
865,31,34119.1,11,3556.040000000002,move,improve
866,31,28264.620000000017,11,3556.040000000002,move,improve
867,31,28262.880000000016,11,3556.040000000002,swap,improve
868,31,28292.880000000016,11,3556.040000000002,swap,acceptBad
869,31,28286.460000000014,11,3556.040000000002,2opt,improve
870,31,28331.220000000016,11,3556.040000000002,swap,acceptBad
871,31,28313.580000000016,11,3556.040000000002,swap,improve
872,31,28312.440000000013,11,3556.040000000002,move,improve
873,31,28312.860000000015,11,3556.040000000002,2opt,acceptBad
874,31,28028.960000000014,11,3556.040000000002,move,improve
875,31,27930.52000000001,11,3556.040000000002,move,improve
876,31,27953.50000000001,11,3556.040000000002,2opt,acceptBad
877,30,25786.400000000012,11,3556.040000000002,move,improve
878,30,25800.200000000023,11,3556.040000000002,2opt,acceptBad
879,30,26994.42000000004,11,3556.040000000002,swap,acceptBad
880,30,26878.02000000004,11,3556.040000000002,swap,improve
881,30,26891.580000000038,11,3556.040000000002,swap,acceptBad
882,29,24501.58000000001,11,3556.040000000002,move,improve
883,29,24501.58000000001,11,3556.040000000002,2opt,notBad
884,29,24501.58000000001,11,3556.040000000002,move,improve
885,29,24501.58000000001,11,3556.040000000002,move,improve
886,29,23857.940000000035,11,3556.040000000002,swap,improve
887,29,23817.200000000033,11,3556.040000000002,move,improve
888,29,23817.200000000033,11,3556.040000000002,move,improve
889,29,23817.200000000033,11,3556.040000000002,move,improve
890,29,23773.760000000035,11,3556.040000000002,move,improve
891,29,23773.760000000035,11,3556.040000000002,move,improve
892,29,23773.760000000035,11,3556.040000000002,move,improve
893,29,23764.820000000036,11,3556.040000000002,swap,improve
894,29,23951.520000000044,11,3556.040000000002,swap,acceptBad
895,29,24076.360000000055,11,3556.040000000002,2opt,acceptBad
896,29,24076.360000000055,11,3556.040000000002,move,improve
897,29,23364.080000000056,11,3556.040000000002,move,improve
898,29,23028.88000000005,11,3556.040000000002,move,improve
899,29,23028.88000000005,11,3556.040000000002,move,improve
900,29,23002.96000000007,11,3556.040000000002,2opt,improve
901,29,23011.84000000007,11,3556.040000000002,swap,acceptBad
902,29,22996.300000000014,11,3556.040000000002,2opt,improve
903,29,22975.780000000013,11,3556.040000000002,move,improve
904,29,23742.06000000001,11,3556.040000000002,2opt,acceptBad
905,29,23779.020000000008,11,3556.040000000002,2opt,acceptBad
906,29,23739.180000000008,11,3556.040000000002,move,improve
907,29,25723.84000000001,11,3556.040000000002,2opt,acceptBad
908,29,24613.36000000001,11,3556.040000000002,move,improve
909,29,22461.900000000012,11,3556.040000000002,move,improve
910,29,22508.34000000001,11,3556.040000000002,swap,acceptBad
911,29,22847.800000000014,11,3556.040000000002,swap,acceptBad
912,29,22824.70000000001,11,3556.040000000002,swap,improve
913,29,22824.70000000001,11,3556.040000000002,move,improve
914,29,22875.620000000014,11,3556.040000000002,swap,acceptBad
915,29,22869.14,11,3556.040000000002,2opt,improve
916,29,22868.84,11,3556.040000000002,swap,improve
917,29,22589.63999999999,11,3556.040000000002,2opt,improve
918,29,22594.73999999999,11,3556.040000000002,swap,acceptBad
919,29,22580.759999999987,11,3556.040000000002,2opt,improve
920,29,22668.29999999998,11,3556.040000000002,swap,acceptBad
921,29,22668.29999999998,11,3556.040000000002,move,improve
922,29,22690.859999999982,11,3556.040000000002,swap,acceptBad
923,29,22785.500000000015,11,3556.040000000002,2opt,acceptBad
924,29,22906.46000000001,11,3556.040000000002,swap,acceptBad
925,29,22871.239999999998,11,3556.040000000002,2opt,improve
926,29,22870.579999999998,11,3556.040000000002,swap,improve
927,29,22774.059999999998,11,3556.040000000002,move,improve
928,29,22764.159999999996,11,3556.040000000002,move,improve
929,30,29192.320000000007,11,3556.040000000002,2opt,acceptBad
930,30,29402.359999999982,11,3556.040000000002,2opt,acceptBad
931,30,29403.73999999998,11,3556.040000000002,2opt,acceptBad
932,30,25135.11999999999,11,3556.040000000002,move,improve
933,30,25972.97999999999,11,3556.040000000002,swap,acceptBad
934,30,25974.77999999999,11,3556.040000000002,2opt,acceptBad
935,30,25950.11999999999,11,3556.040000000002,2opt,improve
936,30,25975.319999999992,11,3556.040000000002,swap,acceptBad
937,30,25961.459999999992,11,3556.040000000002,move,improve
938,30,25938.419999999995,11,3556.040000000002,swap,improve
939,30,25719.800000000017,11,3556.040000000002,2opt,improve
940,30,24830.86000000003,11,3556.040000000002,move,improve
941,30,24816.880000000005,11,3556.040000000002,2opt,improve
942,30,24827.440000000006,11,3556.040000000002,swap,acceptBad
943,30,24827.440000000006,11,3556.040000000002,move,improve
944,30,24861.820000000007,11,3556.040000000002,swap,acceptBad
945,30,24861.820000000007,11,3556.040000000002,move,improve
946,30,24851.56000000001,11,3556.040000000002,move,improve
947,30,24851.56000000001,11,3556.040000000002,move,improve
948,30,24836.860000000008,11,3556.040000000002,move,improve
949,30,24836.860000000008,11,3556.040000000002,2opt,notBad
950,30,24803.800000000007,11,3556.040000000002,move,improve
951,30,24838.840000000007,11,3556.040000000002,swap,acceptBad
952,30,24966.640000000003,11,3556.040000000002,swap,acceptBad
953,30,24953.86,11,3556.040000000002,move,improve
954,30,24807.42,11,3556.040000000002,2opt,improve
955,30,24788.58,11,3556.040000000002,swap,improve
956,30,24554.98000000001,11,3556.040000000002,2opt,improve
957,30,24531.880000000012,11,3556.040000000002,move,improve
958,30,24510.880000000052,11,3556.040000000002,2opt,improve
959,30,24275.60000000005,11,3556.040000000002,swap,improve
960,30,24684.520000000026,11,3556.040000000002,swap,acceptBad
961,30,24985.600000000028,11,3556.040000000002,swap,acceptBad
962,30,24963.880000000026,11,3556.040000000002,move,improve
963,29,22867.240000000023,11,3556.040000000002,move,improve
964,29,22434.780000000042,11,3556.040000000002,swap,improve
965,29,22323.34000000005,11,3556.040000000002,2opt,improve
966,29,22333.66000000005,11,3556.040000000002,2opt,acceptBad
967,30,26843.760000000024,11,3556.040000000002,2opt,acceptBad
968,30,26843.760000000024,11,3556.040000000002,2opt,notBad
969,30,25803.180000000022,11,3556.040000000002,move,improve
970,30,25803.180000000022,11,3556.040000000002,move,improve
971,30,25793.58000000003,11,3556.040000000002,2opt,improve
972,30,25793.58000000003,11,3556.040000000002,move,improve
973,30,24824.14000000003,11,3556.040000000002,move,improve
974,30,25389.92000000002,11,3556.040000000002,2opt,acceptBad
975,30,25389.92000000002,11,3556.040000000002,2opt,notBad
976,30,24459.24000000003,11,3556.040000000002,move,improve
977,30,24459.240000000005,11,3556.040000000002,2opt,improve
978,30,24459.240000000005,11,3556.040000000002,move,improve
979,30,27450.58,11,3556.040000000002,swap,acceptBad
980,30,28271.320000000003,11,3556.040000000002,swap,acceptBad
981,30,28631.88,11,3556.040000000002,swap,acceptBad
982,30,28633.5,11,3556.040000000002,swap,acceptBad
983,30,28920.80000000002,11,3556.040000000002,2opt,acceptBad
984,30,29297.72000000001,11,3556.040000000002,swap,acceptBad
985,30,29330.360000000008,11,3556.040000000002,swap,acceptBad
986,30,31351.340000000007,11,3556.040000000002,2opt,acceptBad
987,30,31305.22000000001,11,3556.040000000002,swap,improve
988,30,31393.720000000005,11,3556.040000000002,2opt,acceptBad
989,30,31393.720000000005,11,3556.040000000002,move,improve
990,30,31087.120000000014,11,3556.040000000002,move,improve
991,30,31169.640000000036,11,3556.040000000002,2opt,acceptBad
992,30,31244.700000000023,11,3556.040000000002,2opt,acceptBad
993,30,31236.180000000004,11,3556.040000000002,2opt,improve
994,30,31070.62000000001,11,3556.040000000002,swap,improve
995,30,31081.840000000007,11,3556.040000000002,2opt,acceptBad
996,30,31077.58000000001,11,3556.040000000002,move,improve
997,30,30970.38,11,3556.040000000002,swap,improve
998,30,32420.060000000012,11,3556.040000000002,swap,acceptBad
999,30,32415.260000000013,11,3556.040000000002,swap,improve
1000,30,32419.160000000003,11,3556.040000000002,2opt,acceptBad
1001,30,33032.98,11,3556.040000000002,swap,acceptBad
1002,30,33020.62,11,3556.040000000002,move,improve
1003,30,33023.14000000002,11,3556.040000000002,2opt,acceptBad
1004,30,33014.80000000002,11,3556.040000000002,2opt,improve
1005,30,33012.28000000002,11,3556.040000000002,move,improve
1006,30,33012.16000000002,11,3556.040000000002,swap,improve
1007,30,32757.060000000016,11,3556.040000000002,move,improve
1008,30,32733.120000000017,11,3556.040000000002,swap,improve
1009,30,32723.46,11,3556.040000000002,2opt,improve
1010,30,32689.68,11,3556.040000000002,swap,improve
1011,30,32770.23999999999,11,3556.040000000002,swap,acceptBad
1012,30,32782.53999999999,11,3556.040000000002,swap,acceptBad
1013,30,35526.159999999996,11,3556.040000000002,swap,acceptBad
1014,30,35489.13999999999,11,3556.040000000002,2opt,improve
1015,30,35452.59999999999,11,3556.040000000002,move,improve
1016,30,35446.78000000002,11,3556.040000000002,2opt,improve
1017,30,35460.52000000001,11,3556.040000000002,2opt,acceptBad
1018,30,34338.4,11,3556.040000000002,move,improve
1019,30,34318.54000000001,11,3556.040000000002,swap,improve
1020,30,34334.919999999984,11,3556.040000000002,2opt,acceptBad
1021,30,34351.239999999976,11,3556.040000000002,2opt,acceptBad
1022,30,34742.479999999974,11,3556.040000000002,swap,acceptBad
1023,30,34732.39999999996,11,3556.040000000002,2opt,improve
1024,30,34735.88000000002,11,3556.040000000002,2opt,acceptBad
1025,30,34756.10000000002,11,3556.040000000002,2opt,acceptBad
1026,30,31749.040000000005,11,3556.040000000002,move,improve
1027,30,31782.87999999999,11,3556.040000000002,2opt,acceptBad
1028,30,31874.71999999999,11,3556.040000000002,swap,acceptBad
1029,30,31869.620000000006,11,3556.040000000002,2opt,improve
1030,30,31858.460000000006,11,3556.040000000002,swap,improve
1031,30,31858.460000000006,11,3556.040000000002,2opt,notBad
1032,30,31858.460000000006,11,3556.040000000002,move,improve
1033,30,31858.460000000006,11,3556.040000000002,2opt,notBad
1034,30,31859.240000000016,11,3556.040000000002,2opt,acceptBad
1035,30,32789.3,11,3556.040000000002,swap,acceptBad
1036,30,32772.44,11,3556.040000000002,swap,improve
1037,30,32972.399999999994,11,3556.040000000002,swap,acceptBad
1038,30,34158.919999999984,11,3556.040000000002,2opt,acceptBad
1039,30,34199.41999999999,11,3556.040000000002,2opt,acceptBad
1040,30,34199.41999999999,11,3556.040000000002,2opt,improve
1041,30,34204.40000000001,11,3556.040000000002,2opt,acceptBad
1042,30,34182.380000000005,11,3556.040000000002,swap,improve
1043,30,34128.02000000005,11,3556.040000000002,2opt,improve
1044,30,34111.639999999985,11,3556.040000000002,2opt,improve
1045,30,34111.639999999985,11,3556.040000000002,move,improve
1046,30,34115.59999999999,11,3556.040000000002,2opt,acceptBad
1047,30,34173.55999999999,11,3556.040000000002,swap,acceptBad
1048,30,34167.25999999999,11,3556.040000000002,swap,improve
1049,30,33865.92,11,3556.040000000002,move,improve
1050,30,33866.28,11,3556.040000000002,swap,acceptBad
1051,29,31581.080000000053,11,3556.040000000002,2opt,improve
1052,29,31581.080000000053,11,3556.040000000002,move,improve
1053,29,30599.16000000004,11,3556.040000000002,move,improve
1054,29,29994.86000000002,11,3556.040000000002,swap,improve
1055,29,28606.26000000001,11,3556.040000000002,move,improve
1056,29,29006.959999999995,11,3556.040000000002,swap,acceptBad
1057,29,28972.579999999994,11,3556.040000000002,move,improve
1058,29,29765.519999999993,11,3556.040000000002,2opt,acceptBad
1059,29,28301.920000000002,11,3556.040000000002,move,improve
1060,29,28301.920000000002,11,3556.040000000002,move,improve
1061,29,28315.480000000014,11,3556.040000000002,2opt,acceptBad
1062,29,28484.70000000001,11,3556.040000000002,swap,acceptBad
1063,29,28794.76,11,3556.040000000002,2opt,acceptBad
1064,29,28568.37999999999,11,3556.040000000002,move,improve
1065,29,28365.41999999999,11,3556.040000000002,move,improve
1066,29,29494.25999999998,11,3556.040000000002,2opt,acceptBad
1067,29,27901.159999999985,11,3556.040000000002,move,improve
1068,29,27906.25999999998,11,3556.040000000002,2opt,acceptBad
1069,29,27896.23999999998,11,3556.040000000002,swap,improve
1070,29,27363.93999999999,11,3556.040000000002,move,improve
1071,29,25999.59999999998,11,3556.040000000002,move,improve
1072,29,26003.199999999983,11,3556.040000000002,2opt,acceptBad
1073,29,26003.199999999983,11,3556.040000000002,move,improve
1074,29,26532.519999999982,11,3556.040000000002,swap,acceptBad
1075,29,28663.519999999975,11,3556.040000000002,move,acceptBad
1076,29,28261.13999999999,11,3556.040000000002,move,improve
1077,29,28261.13999999999,11,3556.040000000002,move,improve
1078,29,26965.359999999986,11,3556.040000000002,move,improve
1079,29,26947.479999999985,11,3556.040000000002,move,improve
1080,29,26951.139999999985,11,3556.040000000002,swap,acceptBad
1081,29,26952.639999999985,11,3556.040000000002,swap,acceptBad
1082,29,26959.300000000014,11,3556.040000000002,2opt,acceptBad
1083,29,26864.480000000014,11,3556.040000000002,move,improve
1084,30,27708.380000000016,11,3556.040000000002,2opt,acceptBad
1085,30,24000.360000000022,11,3556.040000000002,move,improve
1086,30,25612.500000000033,11,3556.040000000002,swap,acceptBad
1087,30,25612.500000000033,11,3556.040000000002,move,improve
1088,30,27565.30000000002,11,3556.040000000002,swap,acceptBad
1089,30,27587.740000000005,11,3556.040000000002,2opt,acceptBad
1090,30,27591.160000000003,11,3556.040000000002,2opt,acceptBad
1091,30,27582.520000000004,11,3556.040000000002,swap,improve
1092,30,27586.180000000008,11,3556.040000000002,swap,acceptBad
1093,30,29011.060000000005,11,3556.040000000002,swap,acceptBad
1094,30,29042.020000000004,11,3556.040000000002,swap,acceptBad
1095,30,29070.340000000004,11,3556.040000000002,swap,acceptBad
1096,30,29063.080000000005,11,3556.040000000002,2opt,improve
1097,30,29135.40000000001,11,3556.040000000002,swap,acceptBad
1098,30,29067.140000000014,11,3556.040000000002,2opt,improve
1099,30,31098.280000000002,11,3556.040000000002,swap,acceptBad
1100,30,31098.280000000002,11,3556.040000000002,2opt,notBad
1101,30,31413.66000000005,11,3556.040000000002,2opt,acceptBad
1102,30,30050.580000000027,11,3556.040000000002,move,improve
1103,30,29757.580000000024,11,3556.040000000002,swap,improve
1104,30,29696.560000000027,11,3556.040000000002,swap,improve
1105,30,29678.860000000026,11,3556.040000000002,swap,improve
1106,30,29355.020000000026,11,3556.040000000002,move,improve
1107,30,29372.480000000025,11,3556.040000000002,swap,acceptBad
1108,30,29375.360000000026,11,3556.040000000002,swap,acceptBad
1109,30,29360.40000000001,11,3556.040000000002,2opt,improve
1110,30,30252.340000000004,11,3556.040000000002,swap,acceptBad
1111,30,29923.560000000016,11,3556.040000000002,swap,improve
1112,30,29408.700000000033,11,3556.040000000002,move,improve
1113,30,29417.100000000035,11,3556.040000000002,swap,acceptBad
1114,30,29417.100000000035,11,3556.040000000002,move,improve
1115,30,29395.260000000035,11,3556.040000000002,swap,improve
1116,30,29382.600000000035,11,3556.040000000002,2opt,improve
1117,30,29382.600000000035,11,3556.040000000002,move,improve
1118,30,29166.580000000027,11,3556.040000000002,move,improve
1119,30,29220.680000000026,11,3556.040000000002,2opt,acceptBad
1120,30,30034.00000000002,11,3556.040000000002,swap,acceptBad
1121,30,30542.520000000008,11,3556.040000000002,swap,acceptBad
1122,30,30268.64,11,3556.040000000002,move,improve
1123,30,31528.82,11,3556.040000000002,swap,acceptBad
1124,30,31526.24,11,3556.040000000002,swap,improve
1125,30,31526.24,11,3556.040000000002,2opt,notBad
1126,30,31529.420000000002,11,3556.040000000002,2opt,acceptBad
1127,30,31494.319999999992,11,3556.040000000002,swap,improve
1128,30,31274.359999999993,11,3556.040000000002,swap,improve
1129,30,31578.779999999984,11,3556.040000000002,2opt,acceptBad
1130,30,31839.659999999985,11,3556.040000000002,swap,acceptBad
1131,30,31780.699999999986,11,3556.040000000002,swap,improve
1132,30,30500.759999999987,11,3556.040000000002,swap,improve
1133,30,30066.499999999978,11,3556.040000000002,move,improve
1134,30,30076.03999999998,11,3556.040000000002,swap,acceptBad
1135,30,30067.97999999998,11,3556.040000000002,swap,improve
1136,30,30057.89999999998,11,3556.040000000002,move,improve
1137,30,30477.339999999982,11,3556.040000000002,swap,acceptBad
1138,30,29967.69999999998,11,3556.040000000002,move,improve
1139,30,29800.29999999998,11,3556.040000000002,move,improve
1140,30,29545.519999999993,11,3556.040000000002,swap,improve
1141,30,29545.519999999993,11,3556.040000000002,move,improve
1142,30,29544.73999999999,11,3556.040000000002,2opt,improve
1143,30,29533.099999999988,11,3556.040000000002,swap,improve
1144,30,29534.23999999999,11,3556.040000000002,swap,acceptBad
1145,30,27623.479999999996,11,3556.040000000002,move,improve
1146,30,27444.86,11,3556.040000000002,swap,improve
1147,30,27440.780000000002,11,3556.040000000002,swap,improve
1148,30,27446.240000000005,11,3556.040000000002,2opt,acceptBad
1149,30,27467.66000000001,11,3556.040000000002,2opt,acceptBad
1150,30,27466.400000000012,11,3556.040000000002,move,improve
1151,30,27462.40000000002,11,3556.040000000002,swap,improve
1152,30,27462.40000000002,11,3556.040000000002,move,improve
1153,30,27428.380000000023,11,3556.040000000002,swap,improve
1154,30,27428.380000000023,11,3556.040000000002,2opt,notBad
1155,30,27443.800000000017,11,3556.040000000002,2opt,acceptBad
1156,30,26891.080000000024,11,3556.040000000002,move,improve
1157,30,26903.62000000002,11,3556.040000000002,swap,acceptBad
1158,30,26881.360000000022,11,3556.040000000002,swap,improve
1159,30,27266.58000000002,11,3556.040000000002,swap,acceptBad
1160,30,27355.68000000002,11,3556.040000000002,swap,acceptBad
1161,30,27368.280000000017,11,3556.040000000002,2opt,acceptBad
1162,30,27368.280000000017,11,3556.040000000002,move,improve
1163,30,27372.00000000002,11,3556.040000000002,swap,acceptBad
1164,30,27372.00000000002,11,3556.040000000002,move,improve
1165,30,27369.60000000002,11,3556.040000000002,2opt,improve
1166,30,27368.10000000002,11,3556.040000000002,swap,improve
1167,30,27373.74000000004,11,3556.040000000002,2opt,acceptBad
1168,30,27338.280000000042,11,3556.040000000002,move,improve
1169,30,26473.920000000042,11,3556.040000000002,move,improve
1170,30,26481.72000000004,11,3556.040000000002,2opt,acceptBad
1171,30,26509.56000000004,11,3556.040000000002,swap,acceptBad
1172,30,26042.940000000024,11,3556.040000000002,move,improve
1173,30,26033.940000000024,11,3556.040000000002,move,improve
1174,30,27728.160000000025,11,3556.040000000002,swap,acceptBad
1175,29,24776.62000000002,11,3556.040000000002,move,improve
1176,29,24782.62000000002,11,3556.040000000002,2opt,acceptBad
1177,29,24794.14000000002,11,3556.040000000002,swap,acceptBad
1178,29,24781.30000000002,11,3556.040000000002,move,improve
1179,29,26823.060000000012,11,3556.040000000002,swap,acceptBad
1180,29,26971.740000000013,11,3556.040000000002,swap,acceptBad
1181,29,25601.860000000015,11,3556.040000000002,move,improve
1182,29,25570.780000000013,11,3556.040000000002,swap,improve
1183,29,24941.16000000003,11,3556.040000000002,move,improve
1184,29,24944.64000000003,11,3556.040000000002,swap,acceptBad
1185,29,25156.640000000014,11,3556.040000000002,swap,acceptBad
1186,29,25096.160000000007,11,3556.040000000002,move,improve
1187,29,25113.380000000005,11,3556.040000000002,swap,acceptBad
1188,29,24763.039999999986,11,3556.040000000002,move,improve
1189,29,24755.599999999988,11,3556.040000000002,move,improve
1190,29,24749.419999999987,11,3556.040000000002,2opt,improve
1191,29,24713.059999999987,11,3556.040000000002,move,improve
1192,29,24713.059999999987,11,3556.040000000002,move,improve
1193,29,24987.13999999997,11,3556.040000000002,2opt,acceptBad
1194,29,24919.01999999997,11,3556.040000000002,swap,improve
1195,29,24918.65999999997,11,3556.040000000002,move,improve
1196,29,25303.03999999998,11,3556.040000000002,swap,acceptBad
1197,29,26466.179999999975,11,3556.040000000002,swap,acceptBad
1198,29,26441.78,11,3556.040000000002,move,improve
1199,29,26468.3,11,3556.040000000002,swap,acceptBad
1200,29,25846.000000000007,11,3556.040000000002,swap,improve
1201,29,25846.000000000007,11,3556.040000000002,2opt,notBad
1202,29,25794.880000000012,11,3556.040000000002,move,improve
1203,29,25809.760000000013,11,3556.040000000002,swap,acceptBad
1204,29,25836.100000000013,11,3556.040000000002,swap,acceptBad
1205,29,25836.100000000013,11,3556.040000000002,move,improve
1206,29,25690.439999999995,11,3556.040000000002,move,improve
1207,29,25668.539999999994,11,3556.040000000002,move,improve
1208,29,25668.539999999994,11,3556.040000000002,2opt,notBad
1209,29,26484.18,11,3556.040000000002,2opt,acceptBad
1210,29,26484.18,11,3556.040000000002,swap,notBad
1211,29,25694.719999999994,11,3556.040000000002,move,improve
1212,29,25654.079999999994,11,3556.040000000002,move,improve
1213,29,24917.460000000006,11,3556.040000000002,move,improve
1214,29,27843.900000000027,11,3556.040000000002,swap,acceptBad
1215,29,27828.180000000015,11,3556.040000000002,2opt,improve
1216,29,27849.580000000024,11,3556.040000000002,2opt,acceptBad
1217,29,27545.200000000033,11,3556.040000000002,move,improve
1218,29,27696.220000000038,11,3556.040000000002,2opt,acceptBad
1219,29,27696.220000000038,11,3556.040000000002,2opt,notBad
1220,29,27680.680000000037,11,3556.040000000002,swap,improve
1221,29,27945.980000000014,11,3556.040000000002,swap,acceptBad
1222,29,27957.980000000025,11,3556.040000000002,2opt,acceptBad
1223,29,27957.980000000025,11,3556.040000000002,2opt,notBad
1224,29,27957.980000000025,11,3556.040000000002,2opt,improve
1225,29,29413.620000000003,11,3556.040000000002,2opt,acceptBad
1226,29,30759.139999999985,11,3556.040000000002,2opt,acceptBad
1227,29,30759.139999999985,11,3556.040000000002,2opt,notBad
1228,29,30759.139999999985,11,3556.040000000002,move,improve
1229,29,30846.039999999983,11,3556.040000000002,swap,acceptBad
1230,29,30846.039999999983,11,3556.040000000002,2opt,improve
1231,29,30716.320000000003,11,3556.040000000002,move,improve
1232,29,30800.2,11,3556.040000000002,swap,acceptBad
1233,29,30811.420000000006,11,3556.040000000002,2opt,acceptBad
1234,29,30867.040000000008,11,3556.040000000002,swap,acceptBad
1235,29,30905.440000000013,11,3556.040000000002,swap,acceptBad
1236,29,30899.440000000013,11,3556.040000000002,move,improve
1237,29,28899.160000000014,11,3556.040000000002,move,improve
1238,29,28899.160000000014,11,3556.040000000002,move,improve
1239,29,28540.34,11,3556.040000000002,move,improve
1240,29,28540.34,11,3556.040000000002,move,improve
1241,29,28671.6,11,3556.040000000002,swap,acceptBad
1242,29,29041.460000000014,11,3556.040000000002,2opt,acceptBad
1243,29,29044.94,11,3556.040000000002,2opt,acceptBad
1244,29,29044.94,11,3556.040000000002,2opt,notBad
1245,29,28932.139999999996,11,3556.040000000002,swap,improve
1246,29,28638.419999999995,11,3556.040000000002,2opt,improve
1247,29,30006.860000000004,11,3556.040000000002,swap,acceptBad
1248,29,30009.200000000004,11,3556.040000000002,swap,acceptBad
1249,29,28715.59999999999,11,3556.040000000002,move,improve
1250,29,28354.459999999992,11,3556.040000000002,swap,improve
1251,29,28325.479999999992,11,3556.040000000002,move,improve
1252,29,28366.559999999994,11,3556.040000000002,swap,acceptBad
1253,29,28118.58,11,3556.040000000002,move,improve
1254,29,28118.58,11,3556.040000000002,2opt,notBad
1255,29,28118.58,11,3556.040000000002,2opt,notBad
1256,29,27679.580000000013,11,3556.040000000002,move,improve
1257,29,27680.660000000018,11,3556.040000000002,swap,acceptBad
1258,29,27680.660000000018,11,3556.040000000002,move,improve
1259,29,27469.940000000017,11,3556.040000000002,move,improve
1260,29,27469.940000000017,11,3556.040000000002,move,improve
1261,29,27423.50000000002,11,3556.040000000002,swap,improve
1262,29,27410.24000000002,11,3556.040000000002,move,improve
1263,29,26503.66000000001,11,3556.040000000002,move,improve
1264,29,26503.66000000001,11,3556.040000000002,2opt,notBad
1265,29,26505.100000000013,11,3556.040000000002,swap,acceptBad
1266,29,26505.100000000013,11,3556.040000000002,move,improve
1267,29,26463.56000000001,11,3556.040000000002,swap,improve
1268,29,26462.420000000006,11,3556.040000000002,swap,improve
1269,29,26405.659999999978,11,3556.040000000002,2opt,improve
1270,29,26449.279999999977,11,3556.040000000002,swap,acceptBad
1271,29,24782.639999999985,11,3556.040000000002,move,improve
1272,29,24758.099999999984,11,3556.040000000002,move,improve
1273,29,24837.799999999996,11,3556.040000000002,swap,acceptBad
1274,29,24837.799999999996,11,3556.040000000002,2opt,notBad
1275,29,24777.699999999997,11,3556.040000000002,swap,improve
1276,29,25179.46000000002,11,3556.040000000002,2opt,acceptBad
1277,29,25179.46000000002,11,3556.040000000002,move,improve
1278,29,25176.700000000023,11,3556.040000000002,swap,improve
1279,29,25206.50000000002,11,3556.040000000002,swap,acceptBad
1280,29,24961.160000000014,11,3556.040000000002,move,improve
1281,29,24663.34000000002,11,3556.040000000002,move,improve
1282,29,24645.52000000002,11,3556.040000000002,2opt,improve
1283,29,24567.319999999996,11,3556.040000000002,move,improve
1284,29,24567.319999999996,11,3556.040000000002,2opt,notBad
1285,29,24609.5,11,3556.040000000002,swap,acceptBad
1286,29,24609.5,11,3556.040000000002,2opt,notBad
1287,29,24585.08000000001,11,3556.040000000002,swap,improve
1288,29,24593.240000000005,11,3556.040000000002,swap,acceptBad
1289,29,24593.240000000005,11,3556.040000000002,move,improve
1290,29,24594.740000000005,11,3556.040000000002,2opt,acceptBad
1291,29,24595.88000000001,11,3556.040000000002,swap,acceptBad
1292,29,24577.100000000006,11,3556.040000000002,swap,improve
1293,29,24564.44,11,3556.040000000002,2opt,improve
1294,29,23861.259999999995,11,3556.040000000002,move,improve
1295,29,23861.259999999995,11,3556.040000000002,2opt,notBad
1296,29,23730.6,11,3556.040000000002,swap,improve
1297,29,23717.42,11,3556.040000000002,swap,improve
1298,29,23779.099999999995,11,3556.040000000002,2opt,acceptBad
1299,29,23477.539999999997,11,3556.040000000002,move,improve
1300,29,23477.539999999997,11,3556.040000000002,2opt,notBad
1301,29,23465.359999999997,11,3556.040000000002,swap,improve
1302,29,23439.239999999998,11,3556.040000000002,swap,improve
1303,29,23419.259999999995,11,3556.040000000002,move,improve
1304,29,23419.259999999995,11,3556.040000000002,move,improve
1305,29,23429.699999999997,11,3556.040000000002,swap,acceptBad
1306,29,23429.699999999997,11,3556.040000000002,move,improve
1307,29,23435.58,11,3556.040000000002,2opt,acceptBad
1308,28,20841.03999999999,11,3556.040000000002,move,improve
1309,28,20836.71999999999,11,3556.040000000002,move,improve
1310,28,20494.959999999985,11,3556.040000000002,move,improve
1311,28,19863.799999999996,11,3556.040000000002,move,improve
1312,28,19863.799999999996,11,3556.040000000002,move,improve
1313,28,20800.159999999996,11,3556.040000000002,2opt,acceptBad
1314,28,20800.159999999996,11,3556.040000000002,move,improve
1315,28,20930.059999999994,11,3556.040000000002,2opt,acceptBad
1316,28,22716.84,11,3556.040000000002,swap,acceptBad
1317,28,22540.920000000002,11,3556.040000000002,move,improve
1318,28,22540.920000000002,11,3556.040000000002,move,improve
1319,28,20768.220000000005,11,3556.040000000002,move,improve
1320,27,19047.34000000001,11,3556.040000000002,2opt,improve
1321,27,19047.400000000016,11,3556.040000000002,2opt,acceptBad
1322,27,19047.400000000016,11,3556.040000000002,2opt,notBad
1323,27,19047.400000000016,11,3556.040000000002,2opt,notBad
1324,27,20612.940000000013,11,3556.040000000002,swap,acceptBad
1325,27,20679.920000000016,11,3556.040000000002,swap,acceptBad
1326,27,20678.960000000014,11,3556.040000000002,2opt,improve
1327,27,21136.740000000013,11,3556.040000000002,2opt,acceptBad
1328,27,21131.52000000001,11,3556.040000000002,move,improve
1329,27,21438.40000000001,11,3556.040000000002,2opt,acceptBad
1330,27,21413.56000000001,11,3556.040000000002,move,improve
1331,27,20884.4,11,3556.040000000002,move,improve
1332,27,20884.4,11,3556.040000000002,2opt,improve
1333,27,20898.02,11,3556.040000000002,2opt,acceptBad
1334,27,20751.82,11,3556.040000000002,swap,improve
1335,27,23107.63999999998,11,3556.040000000002,swap,acceptBad
1336,27,23012.73999999999,11,3556.040000000002,move,improve
1337,27,23011.05999999999,11,3556.040000000002,move,improve
1338,27,22213.35999999999,11,3556.040000000002,move,improve
1339,27,22213.35999999999,11,3556.040000000002,move,improve
1340,26,19130.37999999999,11,3556.040000000002,move,improve
1341,26,19306.179999999986,11,3556.040000000002,swap,acceptBad
1342,26,19306.179999999986,11,3556.040000000002,2opt,notBad
1343,26,19306.179999999986,11,3556.040000000002,move,improve
1344,26,19306.179999999986,11,3556.040000000002,move,improve
1345,26,19303.059999999983,11,3556.040000000002,2opt,improve
1346,26,20488.139999999985,11,3556.040000000002,swap,acceptBad
1347,26,20493.95999999999,11,3556.040000000002,2opt,acceptBad
1348,26,20493.72,11,3556.040000000002,swap,improve
1349,26,20488.07999999999,11,3556.040000000002,2opt,improve
1350,26,20550.71999999999,11,3556.040000000002,swap,acceptBad
1351,26,20556.36,11,3556.040000000002,2opt,acceptBad
1352,26,20442.91999999999,11,3556.040000000002,2opt,improve
1353,26,20418.43999999999,11,3556.040000000002,swap,improve
1354,26,20392.87999999999,11,3556.040000000002,swap,improve
1355,26,20392.87999999999,11,3556.040000000002,move,improve
1356,26,20356.039999999994,11,3556.040000000002,swap,improve
1357,26,20356.039999999994,11,3556.040000000002,2opt,notBad
1358,26,19316.639999999996,11,3556.040000000002,move,improve
1359,26,20315.53999999999,11,3556.040000000002,swap,acceptBad
1360,26,20268.079999999984,11,3556.040000000002,swap,improve
1361,26,20274.259999999984,11,3556.040000000002,2opt,acceptBad
1362,26,20274.259999999984,11,3556.040000000002,2opt,notBad
1363,26,20274.259999999984,11,3556.040000000002,2opt,notBad
1364,26,21023.83999999998,11,3556.040000000002,swap,acceptBad
1365,26,21011.659999999978,11,3556.040000000002,swap,improve
1366,26,21324.999999999993,11,3556.040000000002,swap,acceptBad
1367,26,21286.33999999999,11,3556.040000000002,move,improve
1368,26,21165.85999999999,11,3556.040000000002,swap,improve
1369,26,21530.859999999986,11,3556.040000000002,swap,acceptBad
1370,26,21474.159999999985,11,3556.040000000002,move,improve
1371,26,20958.779999999995,11,3556.040000000002,swap,improve
1372,26,20883.099999999988,11,3556.040000000002,swap,improve
1373,26,20882.079999999987,11,3556.040000000002,swap,improve
1374,26,20882.079999999987,11,3556.040000000002,2opt,notBad
1375,26,20374.09999999999,11,3556.040000000002,swap,improve
1376,26,20645.97999999999,11,3556.040000000002,2opt,acceptBad
1377,26,20669.559999999994,11,3556.040000000002,2opt,acceptBad
1378,26,20784.380000000005,11,3556.040000000002,swap,acceptBad
1379,26,19232.500000000004,11,3556.040000000002,move,improve
1380,26,19173.220000000005,11,3556.040000000002,swap,improve
1381,26,19173.220000000005,11,3556.040000000002,2opt,improve
1382,26,19174.000000000004,11,3556.040000000002,swap,acceptBad
1383,26,19173.400000000005,11,3556.040000000002,move,improve
1384,26,18393.759999999995,11,3556.040000000002,move,improve
1385,26,17793.179999999997,11,3556.040000000002,move,improve
1386,26,17793.179999999997,11,3556.040000000002,2opt,notBad
1387,26,17792.879999999997,11,3556.040000000002,2opt,improve
1388,26,17766.779999999995,11,3556.040000000002,move,improve
1389,26,17782.979999999996,11,3556.040000000002,2opt,acceptBad
1390,26,17782.979999999996,11,3556.040000000002,move,improve
1391,26,19328.380000000012,11,3556.040000000002,swap,acceptBad
1392,26,19370.74000000001,11,3556.040000000002,2opt,acceptBad
1393,26,19221.479999999996,11,3556.040000000002,move,improve
1394,26,19248.879999999997,11,3556.040000000002,2opt,acceptBad
1395,26,19248.22,11,3556.040000000002,move,improve
1396,26,19248.22,11,3556.040000000002,move,improve
1397,26,17897.440000000002,11,3556.040000000002,move,improve
1398,26,17928.16,11,3556.040000000002,swap,acceptBad
1399,26,16842.400000000005,11,3556.040000000002,move,improve
1400,26,16835.079999999994,11,3556.040000000002,swap,improve
1401,26,16835.079999999994,11,3556.040000000002,2opt,notBad
1402,26,16833.519999999993,11,3556.040000000002,move,improve
1403,26,16806.89999999999,11,3556.040000000002,move,improve
1404,26,16806.89999999999,11,3556.040000000002,move,improve
1405,26,16806.89999999999,11,3556.040000000002,move,improve
1406,26,16793.540000000008,11,3556.040000000002,2opt,improve
1407,26,16985.820000000007,11,3556.040000000002,2opt,acceptBad
1408,26,17069.00000000002,11,3556.040000000002,2opt,acceptBad
1409,26,17566.460000000017,11,3556.040000000002,swap,acceptBad
1410,26,17566.460000000017,11,3556.040000000002,2opt,improve
1411,26,17566.460000000017,11,3556.040000000002,move,improve
1412,26,17633.720000000016,11,3556.040000000002,swap,acceptBad
1413,26,17627.84000000002,11,3556.040000000002,move,improve
1414,26,18859.780000000024,11,3556.040000000002,swap,acceptBad
1415,26,19639.62000000001,11,3556.040000000002,swap,acceptBad
1416,26,19309.559999999998,11,3556.040000000002,swap,improve
1417,26,19298.779999999988,11,3556.040000000002,move,improve
1418,26,19621.179999999993,11,3556.040000000002,2opt,acceptBad
1419,26,19550.799999999992,11,3556.040000000002,move,improve
1420,26,19565.55999999999,11,3556.040000000002,2opt,acceptBad
1421,26,20260.53999999999,11,3556.040000000002,swap,acceptBad
1422,26,22071.079999999998,11,3556.040000000002,swap,acceptBad
1423,26,22609.180000000004,11,3556.040000000002,swap,acceptBad
1424,26,22654.960000000006,11,3556.040000000002,2opt,acceptBad
1425,26,22670.740000000005,11,3556.040000000002,2opt,acceptBad
1426,26,22647.039999999994,11,3556.040000000002,2opt,improve
1427,26,22648.959999999992,11,3556.040000000002,swap,acceptBad
1428,26,22566.32000000001,11,3556.040000000002,2opt,improve
1429,26,22568.060000000034,11,3556.040000000002,2opt,acceptBad
1430,26,22568.060000000034,11,3556.040000000002,2opt,notBad
1431,26,22568.96000000003,11,3556.040000000002,2opt,acceptBad
1432,26,22568.96000000003,11,3556.040000000002,2opt,notBad
1433,26,22568.96000000003,11,3556.040000000002,2opt,notBad
1434,26,21412.18000000002,11,3556.040000000002,move,improve
1435,26,21328.640000000014,11,3556.040000000002,swap,improve
1436,26,20148.980000000003,11,3556.040000000002,move,improve
1437,26,20108.20000000002,11,3556.040000000002,2opt,improve
1438,26,19546.260000000017,11,3556.040000000002,swap,improve
1439,26,19883.940000000017,11,3556.040000000002,2opt,acceptBad
1440,26,22107.880000000023,11,3556.040000000002,swap,acceptBad
1441,26,20922.020000000015,11,3556.040000000002,move,improve
1442,26,20002.460000000014,11,3556.040000000002,move,improve
1443,26,20027.839999999997,11,3556.040000000002,2opt,acceptBad
1444,26,20647.819999999992,11,3556.040000000002,swap,acceptBad
1445,25,20070.419999999995,11,3556.040000000002,2opt,improve
1446,25,19292.71999999999,11,3556.040000000002,swap,improve
1447,25,19273.03999999999,11,3556.040000000002,move,improve
1448,25,18987.359999999993,11,3556.040000000002,move,improve
1449,25,19132.439999999995,11,3556.040000000002,swap,acceptBad
1450,25,18813.359999999993,11,3556.040000000002,swap,improve
1451,25,18813.359999999993,11,3556.040000000002,2opt,notBad
1452,25,18805.079999999994,11,3556.040000000002,swap,improve
1453,25,18837.539999999994,11,3556.040000000002,2opt,acceptBad
1454,25,18855.719999999994,11,3556.040000000002,swap,acceptBad
1455,25,18836.46,11,3556.040000000002,2opt,improve
1456,25,18836.46,11,3556.040000000002,2opt,improve
1457,25,18840.719999999994,11,3556.040000000002,2opt,acceptBad
1458,25,18840.719999999994,11,3556.040000000002,2opt,improve
1459,25,18840.719999999994,11,3556.040000000002,2opt,notBad
1460,25,18840.719999999994,11,3556.040000000002,2opt,notBad
1461,25,19472.979999999996,11,3556.040000000002,swap,acceptBad
1462,25,19488.52,11,3556.040000000002,2opt,acceptBad
1463,25,19482.759999999987,11,3556.040000000002,2opt,improve
1464,25,19407.160000000007,11,3556.040000000002,2opt,improve
1465,25,19378.300000000007,11,3556.040000000002,swap,improve
1466,25,19352.020000000004,11,3556.040000000002,move,improve
1467,25,19329.340000000004,11,3556.040000000002,2opt,improve
1468,25,18562.620000000006,11,3556.040000000002,move,improve
1469,25,18559.98000000001,11,3556.040000000002,2opt,improve
1470,25,18559.98000000001,11,3556.040000000002,2opt,improve
1471,25,20494.30000000001,11,3556.040000000002,swap,acceptBad
1472,25,20509.420000000013,11,3556.040000000002,swap,acceptBad
1473,25,20198.060000000016,11,3556.040000000002,swap,improve
1474,25,20198.060000000016,11,3556.040000000002,swap,notBad
1475,25,20103.220000000016,11,3556.040000000002,2opt,improve
1476,25,19081.64000000001,11,3556.040000000002,move,improve
1477,25,19093.760000000013,11,3556.040000000002,2opt,acceptBad
1478,25,19391.82,11,3556.040000000002,swap,acceptBad
1479,25,19332.22,11,3556.040000000002,swap,improve
1480,25,19367.56000000002,11,3556.040000000002,2opt,acceptBad
1481,25,19393.10000000001,11,3556.040000000002,swap,acceptBad
1482,25,19368.680000000008,11,3556.040000000002,move,improve
1483,25,19393.46000000001,11,3556.040000000002,2opt,acceptBad
1484,25,19434.800000000003,11,3556.040000000002,2opt,acceptBad
1485,25,19431.559999999998,11,3556.040000000002,swap,improve
1486,25,17918.760000000006,11,3556.040000000002,swap,improve
1487,25,17907.240000000005,11,3556.040000000002,swap,improve
1488,25,17890.200000000008,11,3556.040000000002,swap,improve
1489,25,17309.66000000001,11,3556.040000000002,move,improve
1490,25,17301.260000000013,11,3556.040000000002,swap,improve
1491,25,17301.260000000013,11,3556.040000000002,2opt,notBad
1492,25,16828.880000000012,11,3556.040000000002,move,improve
1493,25,16822.280000000013,11,3556.040000000002,swap,improve
1494,25,16802.72000000001,11,3556.040000000002,move,improve
1495,25,16679.56,11,3556.040000000002,swap,improve
1496,25,16663.860000000004,11,3556.040000000002,move,improve
1497,25,16663.860000000004,11,3556.040000000002,move,improve
1498,25,16657.98000000001,11,3556.040000000002,2opt,improve
1499,25,16746.73999999999,11,3556.040000000002,2opt,acceptBad
1500,25,16760.89999999999,11,3556.040000000002,2opt,acceptBad
1501,25,16742.959999999992,11,3556.040000000002,move,improve
1502,25,15793.720000000008,11,3556.040000000002,move,improve
1503,25,15799.180000000015,11,3556.040000000002,2opt,acceptBad
1504,25,15787.000000000015,11,3556.040000000002,move,improve
1505,25,15787.000000000015,11,3556.040000000002,move,improve
1506,25,16290.44000000001,11,3556.040000000002,swap,acceptBad
1507,25,16301.12000000001,11,3556.040000000002,2opt,acceptBad
1508,25,15778.980000000014,11,3556.040000000002,move,improve
1509,25,15778.980000000014,11,3556.040000000002,move,improve
1510,25,15752.880000000014,11,3556.040000000002,move,improve
1511,25,15752.880000000014,11,3556.040000000002,move,improve
1512,25,16125.660000000009,11,3556.040000000002,2opt,acceptBad
1513,25,16069.26000000001,11,3556.040000000002,move,improve
1514,25,16069.26000000001,11,3556.040000000002,2opt,notBad
1515,25,16069.26000000001,11,3556.040000000002,move,improve
1516,25,16024.740000000005,11,3556.040000000002,2opt,improve
1517,25,15988.680000000006,11,3556.040000000002,swap,improve
1518,25,15970.920000000006,11,3556.040000000002,swap,improve
1519,25,15973.440000000006,11,3556.040000000002,swap,acceptBad
1520,25,15899.820000000003,11,3556.040000000002,move,improve
1521,25,15899.820000000003,11,3556.040000000002,move,improve
1522,25,15899.820000000003,11,3556.040000000002,2opt,improve
1523,25,15517.760000000006,11,3556.040000000002,move,improve
1524,25,15501.020000000002,11,3556.040000000002,2opt,improve
1525,25,15444.640000000005,11,3556.040000000002,swap,improve
1526,25,15481.780000000002,11,3556.040000000002,2opt,acceptBad
1527,25,15481.780000000002,11,3556.040000000002,2opt,notBad
1528,25,15481.780000000002,11,3556.040000000002,move,improve
1529,25,15474.940000000002,11,3556.040000000002,2opt,improve
1530,25,15517.900000000001,11,3556.040000000002,2opt,acceptBad
1531,25,15498.760000000002,11,3556.040000000002,2opt,improve
1532,25,15498.760000000002,11,3556.040000000002,move,improve
1533,25,15527.98,11,3556.040000000002,swap,acceptBad
1534,25,16124.299999999992,11,3556.040000000002,2opt,acceptBad
1535,25,16124.299999999992,11,3556.040000000002,swap,notBad
1536,25,15757.279999999999,11,3556.040000000002,swap,improve
1537,25,16495.53999999999,11,3556.040000000002,swap,acceptBad
1538,25,16007.32,11,3556.040000000002,2opt,improve
1539,25,16021.599999999995,11,3556.040000000002,2opt,acceptBad
1540,25,16021.599999999995,11,3556.040000000002,move,improve
1541,25,16054.599999999995,11,3556.040000000002,2opt,acceptBad
1542,25,16054.599999999995,11,3556.040000000002,2opt,notBad
1543,25,16054.599999999995,11,3556.040000000002,move,improve
1544,25,16408.519999999993,11,3556.040000000002,swap,acceptBad
1545,25,16367.539999999997,11,3556.040000000002,2opt,improve
1546,25,16379.959999999995,11,3556.040000000002,swap,acceptBad
1547,25,16378.220000000001,11,3556.040000000002,2opt,improve
1548,25,16396.00000000001,11,3556.040000000002,swap,acceptBad
1549,25,16463.140000000003,11,3556.040000000002,swap,acceptBad
1550,25,16428.759999999995,11,3556.040000000002,2opt,improve
1551,25,16415.679999999993,11,3556.040000000002,swap,improve
1552,25,16391.679999999993,11,3556.040000000002,2opt,improve
1553,25,16370.359999999995,11,3556.040000000002,2opt,improve
1554,25,16413.319999999996,11,3556.040000000002,swap,acceptBad
1555,25,16412.719999999994,11,3556.040000000002,2opt,improve
1556,25,16419.920000000002,11,3556.040000000002,2opt,acceptBad
1557,25,16448.72,11,3556.040000000002,swap,acceptBad
1558,25,16448.72,11,3556.040000000002,move,improve
1559,25,16448.72,11,3556.040000000002,move,improve
1560,25,16446.800000000003,11,3556.040000000002,swap,improve
1561,25,16447.280000000006,11,3556.040000000002,2opt,acceptBad
1562,25,16447.280000000006,11,3556.040000000002,2opt,notBad
1563,25,16466.840000000004,11,3556.040000000002,swap,acceptBad
1564,25,15848.460000000006,11,3556.040000000002,move,improve
1565,25,15858.300000000005,11,3556.040000000002,swap,acceptBad
1566,25,15858.300000000005,11,3556.040000000002,move,improve
1567,25,15498.640000000005,11,3556.040000000002,move,improve
1568,25,15498.640000000005,11,3556.040000000002,2opt,notBad
1569,25,15292.860000000004,11,3556.040000000002,move,improve
1570,25,14525.960000000003,11,3556.040000000002,move,improve
1571,25,14555.72000000001,11,3556.040000000002,2opt,acceptBad
1572,25,14555.72000000001,11,3556.040000000002,move,improve
1573,25,14732.119999999997,11,3556.040000000002,swap,acceptBad
1574,25,14732.119999999997,11,3556.040000000002,move,improve
1575,25,14771.72,11,3556.040000000002,2opt,acceptBad
1576,25,14766.8,11,3556.040000000002,move,improve
1577,25,14443.380000000008,11,3556.040000000002,move,improve
1578,25,14423.10000000001,11,3556.040000000002,move,improve
1579,25,14425.320000000002,11,3556.040000000002,2opt,acceptBad
1580,25,14410.559999999998,11,3556.040000000002,2opt,improve
1581,25,14377.859999999999,11,3556.040000000002,move,improve
1582,25,14352.479999999998,11,3556.040000000002,move,improve
1583,25,14315.639999999998,11,3556.040000000002,move,improve
1584,25,14623.78,11,3556.040000000002,swap,acceptBad
1585,25,14611.72,11,3556.040000000002,move,improve
1586,25,14545.6,11,3556.040000000002,swap,improve
1587,25,14591.38,11,3556.040000000002,swap,acceptBad
1588,25,14591.38,11,3556.040000000002,swap,notBad
1589,25,14591.38,11,3556.040000000002,move,improve
1590,25,14591.38,11,3556.040000000002,2opt,notBad
1591,25,14557.0,11,3556.040000000002,swap,improve
1592,25,14557.0,11,3556.040000000002,move,improve
1593,25,14610.96,11,3556.040000000002,swap,acceptBad
1594,25,14811.479999999992,11,3556.040000000002,swap,acceptBad
1595,25,14841.659999999993,11,3556.040000000002,2opt,acceptBad
1596,25,14200.419999999998,11,3556.040000000002,2opt,improve
1597,25,14200.66,11,3556.040000000002,swap,acceptBad
1598,25,14291.979999999998,11,3556.040000000002,swap,acceptBad
1599,25,14291.979999999998,11,3556.040000000002,move,improve
1600,25,14267.499999999998,11,3556.040000000002,move,improve
1601,25,14266.179999999998,11,3556.040000000002,swap,improve
1602,25,14266.179999999998,11,3556.040000000002,move,improve
1603,25,14212.179999999998,11,3556.040000000002,swap,improve
1604,25,14136.060000000001,11,3556.040000000002,swap,improve
1605,25,14139.219999999994,11,3556.040000000002,swap,acceptBad
1606,25,14143.719999999996,11,3556.040000000002,swap,acceptBad
1607,25,13931.18,11,3556.040000000002,2opt,improve
1608,25,13931.18,11,3556.040000000002,2opt,notBad
1609,25,13882.22,11,3556.040000000002,swap,improve
1610,25,13883.35999999999,11,3556.040000000002,2opt,acceptBad
1611,25,13923.559999999992,11,3556.040000000002,2opt,acceptBad
1612,25,14658.779999999992,11,3556.040000000002,swap,acceptBad
1613,25,14658.779999999992,11,3556.040000000002,move,improve
1614,25,14654.279999999992,11,3556.040000000002,2opt,improve
1615,25,14654.279999999992,11,3556.040000000002,2opt,notBad
1616,25,14654.279999999992,11,3556.040000000002,move,improve
1617,25,14651.880000000001,11,3556.040000000002,2opt,improve
1618,25,14681.36,11,3556.040000000002,2opt,acceptBad
1619,25,14681.36,11,3556.040000000002,2opt,notBad
1620,25,14681.36,11,3556.040000000002,move,improve
1621,25,15011.879999999988,11,3556.040000000002,swap,acceptBad
1622,25,15030.419999999987,11,3556.040000000002,2opt,acceptBad
1623,25,15030.419999999987,11,3556.040000000002,move,improve
1624,25,15187.879999999986,11,3556.040000000002,swap,acceptBad
1625,25,14838.539999999988,11,3556.040000000002,move,improve
1626,25,14838.539999999988,11,3556.040000000002,move,improve
1627,25,14824.319999999994,11,3556.040000000002,2opt,improve
1628,25,14759.799999999996,11,3556.040000000002,swap,improve
1629,25,14759.799999999996,11,3556.040000000002,2opt,notBad
1630,25,14778.999999999996,11,3556.040000000002,swap,acceptBad
1631,25,14689.919999999995,11,3556.040000000002,move,improve
1632,25,14689.919999999995,11,3556.040000000002,move,improve
1633,25,14689.919999999995,11,3556.040000000002,2opt,notBad
1634,25,14666.619999999995,11,3556.040000000002,swap,improve
1635,25,14679.519999999995,11,3556.040000000002,swap,acceptBad
1636,25,14695.059999999996,11,3556.040000000002,swap,acceptBad
1637,25,14738.619999999995,11,3556.040000000002,swap,acceptBad
1638,25,14738.619999999995,11,3556.040000000002,move,improve
1639,25,14748.339999999993,11,3556.040000000002,2opt,acceptBad
1640,25,14800.419999999993,11,3556.040000000002,swap,acceptBad
1641,25,14810.379999999994,11,3556.040000000002,2opt,acceptBad
1642,25,14779.719999999994,11,3556.040000000002,swap,improve
1643,25,14741.260000000004,11,3556.040000000002,2opt,improve
1644,25,14727.760000000004,11,3556.040000000002,swap,improve
1645,25,14727.760000000004,11,3556.040000000002,2opt,notBad
1646,25,14925.080000000007,11,3556.040000000002,swap,acceptBad
1647,25,14923.640000000009,11,3556.040000000002,2opt,improve
1648,25,14961.440000000006,11,3556.040000000002,2opt,acceptBad
1649,25,14964.500000000005,11,3556.040000000002,2opt,acceptBad
1650,25,15011.520000000008,11,3556.040000000002,2opt,acceptBad
1651,25,14959.860000000006,11,3556.040000000002,move,improve
1652,25,14960.220000000008,11,3556.040000000002,swap,acceptBad
1653,25,14960.220000000008,11,3556.040000000002,move,improve
1654,25,15307.28000000001,11,3556.040000000002,move,acceptBad
1655,25,15215.74000000001,11,3556.040000000002,swap,improve
1656,25,15214.000000000011,11,3556.040000000002,move,improve
1657,25,15289.30000000001,11,3556.040000000002,swap,acceptBad
1658,25,15264.16000000001,11,3556.040000000002,move,improve
1659,25,15110.920000000006,11,3556.040000000002,swap,improve
1660,25,15110.920000000006,11,3556.040000000002,swap,notBad
1661,25,15519.060000000009,11,3556.040000000002,2opt,acceptBad
1662,25,15899.160000000016,11,3556.040000000002,swap,acceptBad
1663,25,15895.560000000016,11,3556.040000000002,swap,improve
1664,25,15917.24000000001,11,3556.040000000002,swap,acceptBad
1665,25,15945.98000000001,11,3556.040000000002,swap,acceptBad
1666,25,15945.620000000014,11,3556.040000000002,2opt,improve
1667,25,16014.380000000003,11,3556.040000000002,2opt,acceptBad
1668,25,14498.119999999999,11,3556.040000000002,move,improve
1669,25,14472.32,11,3556.040000000002,move,improve
1670,25,14467.22,11,3556.040000000002,move,improve
1671,25,14268.040000000003,11,3556.040000000002,move,improve
1672,25,14251.540000000003,11,3556.040000000002,2opt,improve
1673,25,14236.480000000003,11,3556.040000000002,swap,improve
1674,25,14236.480000000003,11,3556.040000000002,swap,notBad
1675,25,14236.480000000003,11,3556.040000000002,2opt,notBad
1676,25,14195.800000000003,11,3556.040000000002,2opt,improve
1677,25,14194.360000000002,11,3556.040000000002,swap,improve
1678,25,14193.880000000003,11,3556.040000000002,swap,improve
1679,25,14192.980000000016,11,3556.040000000002,2opt,improve
1680,25,14172.220000000016,11,3556.040000000002,2opt,improve
1681,25,14172.220000000016,11,3556.040000000002,2opt,notBad
1682,25,14172.220000000016,11,3556.040000000002,2opt,notBad
1683,25,13996.940000000013,11,3556.040000000002,move,improve
1684,25,13996.940000000013,11,3556.040000000002,2opt,notBad
1685,25,14341.580000000016,11,3556.040000000002,swap,acceptBad
1686,25,14341.580000000016,11,3556.040000000002,move,improve
1687,25,14373.080000000016,11,3556.040000000002,swap,acceptBad
1688,25,14373.080000000016,11,3556.040000000002,2opt,notBad
1689,25,14373.080000000016,11,3556.040000000002,move,improve
1690,25,14511.320000000016,11,3556.040000000002,swap,acceptBad
1691,25,14511.320000000016,11,3556.040000000002,move,improve
1692,25,14499.920000000016,11,3556.040000000002,move,improve
1693,25,14499.920000000016,11,3556.040000000002,move,improve
1694,25,14484.500000000018,11,3556.040000000002,2opt,improve
1695,25,14484.500000000018,11,3556.040000000002,2opt,notBad
1696,25,14498.000000000018,11,3556.040000000002,2opt,acceptBad
1697,25,14498.000000000018,11,3556.040000000002,swap,notBad
1698,25,14502.200000000017,11,3556.040000000002,swap,acceptBad
1699,25,14146.900000000016,11,3556.040000000002,move,improve
1700,25,14149.480000000016,11,3556.040000000002,swap,acceptBad
1701,25,14621.640000000016,11,3556.040000000002,swap,acceptBad
1702,25,14501.18000000002,11,3556.040000000002,move,improve
1703,25,14501.18000000002,11,3556.040000000002,swap,notBad
1704,25,14474.300000000021,11,3556.040000000002,swap,improve
1705,25,14961.800000000014,11,3556.040000000002,swap,acceptBad
1706,25,14950.640000000016,11,3556.040000000002,2opt,improve
1707,25,14910.800000000014,11,3556.040000000002,move,improve
1708,25,14910.800000000014,11,3556.040000000002,move,improve
1709,25,14877.600000000011,11,3556.040000000002,move,improve
1710,25,14877.600000000011,11,3556.040000000002,2opt,notBad
1711,25,14853.780000000012,11,3556.040000000002,swap,improve
1712,25,14816.340000000011,11,3556.040000000002,move,improve
1713,25,14772.660000000013,11,3556.040000000002,move,improve
1714,25,16986.80000000001,11,3556.040000000002,move,acceptBad
1715,25,16964.90000000001,11,3556.040000000002,2opt,improve
1716,25,16974.860000000008,11,3556.040000000002,swap,acceptBad
1717,25,16974.860000000008,11,3556.040000000002,move,improve
1718,25,15615.320000000012,11,3556.040000000002,move,improve
1719,25,15601.700000000013,11,3556.040000000002,move,improve
1720,25,15590.360000000013,11,3556.040000000002,move,improve
1721,25,15590.360000000013,11,3556.040000000002,move,improve
1722,25,15555.140000000014,11,3556.040000000002,move,improve
1723,25,15677.600000000017,11,3556.040000000002,swap,acceptBad
1724,25,15650.120000000017,11,3556.040000000002,move,improve
1725,25,15691.340000000017,11,3556.040000000002,swap,acceptBad
1726,25,15384.960000000012,11,3556.040000000002,move,improve
1727,25,15384.960000000012,11,3556.040000000002,2opt,notBad
1728,25,15384.960000000012,11,3556.040000000002,swap,notBad
1729,25,15384.960000000012,11,3556.040000000002,2opt,notBad
1730,25,15376.380000000012,11,3556.040000000002,swap,improve
1731,25,15370.980000000014,11,3556.040000000002,2opt,improve
1732,25,15370.980000000014,11,3556.040000000002,2opt,improve
1733,25,15401.060000000016,11,3556.040000000002,swap,acceptBad
1734,25,15397.520000000019,11,3556.040000000002,swap,improve
1735,25,15425.300000000014,11,3556.040000000002,swap,acceptBad
1736,25,15416.960000000014,11,3556.040000000002,2opt,improve
1737,25,15416.960000000014,11,3556.040000000002,move,improve
1738,25,15416.960000000014,11,3556.040000000002,2opt,notBad
1739,25,15540.640000000012,11,3556.040000000002,swap,acceptBad
1740,25,15540.640000000012,11,3556.040000000002,move,improve
1741,25,15535.960000000012,11,3556.040000000002,swap,improve
1742,25,15546.520000000011,11,3556.040000000002,2opt,acceptBad
1743,25,15483.340000000015,11,3556.040000000002,swap,improve
1744,25,15483.340000000015,11,3556.040000000002,2opt,notBad
1745,25,15483.340000000015,11,3556.040000000002,2opt,notBad
1746,25,15460.900000000012,11,3556.040000000002,swap,improve
1747,25,15237.580000000007,11,3556.040000000002,swap,improve
1748,25,15315.619999999997,11,3556.040000000002,2opt,acceptBad
1749,25,15224.859999999991,11,3556.040000000002,move,improve
1750,25,15448.999999999998,11,3556.040000000002,swap,acceptBad
1751,25,15449.059999999998,11,3556.040000000002,swap,acceptBad
1752,25,15456.559999999998,11,3556.040000000002,2opt,acceptBad
1753,25,15457.559999999998,11,3556.040000000002,swap,acceptBad
1754,25,15457.559999999998,11,3556.040000000002,2opt,notBad
1755,25,14889.580000000013,11,3556.040000000002,move,improve
1756,25,14956.440000000013,11,3556.040000000002,2opt,acceptBad
1757,25,14978.7,11,3556.040000000002,swap,acceptBad
1758,25,14978.7,11,3556.040000000002,2opt,notBad
1759,25,14976.600000000002,11,3556.040000000002,swap,improve
1760,25,14969.160000000002,11,3556.040000000002,swap,improve
1761,25,15265.080000000004,11,3556.040000000002,swap,acceptBad
1762,25,15265.080000000004,11,3556.040000000002,move,improve
1763,25,15265.080000000004,11,3556.040000000002,move,improve
1764,25,15261.960000000005,11,3556.040000000002,2opt,improve
1765,25,15115.859999999997,11,3556.040000000002,move,improve
1766,25,15115.859999999997,11,3556.040000000002,move,improve
1767,25,14878.119999999999,11,3556.040000000002,move,improve
1768,25,14890.18,11,3556.040000000002,swap,acceptBad
1769,25,14878.119999999999,11,3556.040000000002,move,improve
1770,25,14894.480000000001,11,3556.040000000002,swap,acceptBad
1771,25,14894.480000000001,11,3556.040000000002,move,improve
1772,25,14890.820000000003,11,3556.040000000002,2opt,improve
1773,25,14885.360000000002,11,3556.040000000002,swap,improve
1774,25,14885.360000000002,11,3556.040000000002,2opt,notBad
1775,25,14883.980000000005,11,3556.040000000002,move,improve
1776,25,14864.180000000006,11,3556.040000000002,move,improve
1777,25,14859.259999999991,11,3556.040000000002,2opt,improve
1778,25,14888.119999999992,11,3556.040000000002,swap,acceptBad
1779,25,15103.439999999995,11,3556.040000000002,swap,acceptBad
1780,25,15125.939999999995,11,3556.040000000002,2opt,acceptBad
1781,25,15104.919999999998,11,3556.040000000002,move,improve
1782,25,15104.919999999998,11,3556.040000000002,move,improve
1783,25,15104.919999999998,11,3556.040000000002,swap,notBad
1784,25,15104.919999999998,11,3556.040000000002,swap,notBad
1785,25,15104.919999999998,11,3556.040000000002,2opt,notBad
1786,25,14622.459999999997,11,3556.040000000002,move,improve
1787,25,14604.639999999996,11,3556.040000000002,2opt,improve
1788,25,14604.639999999996,11,3556.040000000002,2opt,notBad
1789,25,14174.719999999992,11,3556.040000000002,2opt,improve
1790,25,14174.659999999993,11,3556.040000000002,swap,improve
1791,25,14172.07999999999,11,3556.040000000002,2opt,improve
1792,25,14172.07999999999,11,3556.040000000002,2opt,improve
1793,25,14172.07999999999,11,3556.040000000002,2opt,improve
1794,25,14170.099999999991,11,3556.040000000002,swap,improve
1795,25,14166.499999999993,11,3556.040000000002,2opt,improve
1796,25,14183.719999999987,11,3556.040000000002,2opt,acceptBad
1797,25,14183.719999999987,11,3556.040000000002,2opt,improve
1798,25,14180.299999999992,11,3556.040000000002,2opt,improve
1799,25,14360.91999999999,11,3556.040000000002,swap,acceptBad
1800,25,14360.799999999988,11,3556.040000000002,swap,improve
1801,25,14325.93999999999,11,3556.040000000002,move,improve
1802,25,14291.67999999999,11,3556.040000000002,move,improve
1803,25,14276.199999999988,11,3556.040000000002,2opt,improve
1804,25,14287.35999999999,11,3556.040000000002,2opt,acceptBad
1805,25,14283.759999999987,11,3556.040000000002,2opt,improve
1806,25,14283.759999999987,11,3556.040000000002,2opt,notBad
1807,25,14301.87999999999,11,3556.040000000002,swap,acceptBad
1808,25,14710.019999999991,11,3556.040000000002,swap,acceptBad
1809,25,14710.019999999991,11,3556.040000000002,move,improve
1810,25,14608.859999999993,11,3556.040000000002,move,improve
1811,25,14608.859999999993,11,3556.040000000002,move,improve
1812,25,14626.819999999992,11,3556.040000000002,swap,acceptBad
1813,25,14638.039999999992,11,3556.040000000002,2opt,acceptBad
1814,25,14626.039999999994,11,3556.040000000002,2opt,improve
1815,25,14737.319999999992,11,3556.040000000002,2opt,acceptBad
1816,25,14735.099999999988,11,3556.040000000002,2opt,improve
1817,25,14733.359999999986,11,3556.040000000002,move,improve
1818,25,14694.839999999987,11,3556.040000000002,move,improve
1819,25,14700.239999999989,11,3556.040000000002,swap,acceptBad
1820,25,14692.859999999991,11,3556.040000000002,move,improve
1821,25,14673.359999999991,11,3556.040000000002,swap,improve
1822,25,14639.39999999999,11,3556.040000000002,swap,improve
1823,25,14746.979999999992,11,3556.040000000002,swap,acceptBad
1824,25,14766.379999999992,11,3556.040000000002,swap,acceptBad
1825,25,14741.499999999989,11,3556.040000000002,2opt,improve
1826,25,14770.839999999991,11,3556.040000000002,swap,acceptBad
1827,25,13878.139999999992,11,3556.040000000002,move,improve
1828,25,13885.879999999992,11,3556.040000000002,swap,acceptBad
1829,25,13871.65999999999,11,3556.040000000002,move,improve
1830,25,13871.65999999999,11,3556.040000000002,swap,notBad
1831,25,13909.039999999994,11,3556.040000000002,2opt,acceptBad
1832,25,13852.339999999993,11,3556.040000000002,move,improve
1833,25,13847.239999999994,11,3556.040000000002,swap,improve
1834,25,13711.239999999993,11,3556.040000000002,move,improve
1835,25,13652.85999999999,11,3556.040000000002,move,improve
1836,25,14063.759999999987,11,3556.040000000002,swap,acceptBad
1837,25,14063.759999999987,11,3556.040000000002,move,improve
1838,25,14052.119999999988,11,3556.040000000002,move,improve
1839,25,13535.739999999989,11,3556.040000000002,move,improve
1840,25,13777.699999999988,11,3556.040000000002,swap,acceptBad
1841,25,13342.579999999989,11,3556.040000000002,move,improve
1842,25,13342.579999999989,11,3556.040000000002,2opt,notBad
1843,25,13382.599999999988,11,3556.040000000002,swap,acceptBad
1844,25,13382.599999999988,11,3556.040000000002,move,improve
1845,25,13379.059999999989,11,3556.040000000002,swap,improve
1846,25,13379.059999999989,11,3556.040000000002,2opt,improve
1847,25,13321.779999999982,11,3556.040000000002,2opt,improve
1848,25,13140.799999999983,11,3556.040000000002,2opt,improve
1849,25,13139.779999999984,11,3556.040000000002,move,improve
1850,25,13144.819999999982,11,3556.040000000002,2opt,acceptBad
1851,25,13150.939999999988,11,3556.040000000002,swap,acceptBad
1852,25,13150.939999999988,11,3556.040000000002,move,improve
1853,25,13150.939999999988,11,3556.040000000002,move,improve
1854,25,13171.999999999987,11,3556.040000000002,swap,acceptBad
1855,25,13212.139999999985,11,3556.040000000002,swap,acceptBad
1856,25,13011.299999999985,11,3556.040000000002,2opt,improve
1857,25,13011.299999999985,11,3556.040000000002,2opt,notBad
1858,25,13149.219999999996,11,3556.040000000002,swap,acceptBad
1859,25,13144.419999999995,11,3556.040000000002,move,improve
1860,25,13138.419999999991,11,3556.040000000002,2opt,improve
1861,25,13138.419999999991,11,3556.040000000002,2opt,notBad
1862,25,13138.419999999991,11,3556.040000000002,2opt,improve
1863,25,12889.539999999995,11,3556.040000000002,move,improve
1864,25,12912.339999999995,11,3556.040000000002,swap,acceptBad
1865,25,12899.019999999995,11,3556.040000000002,move,improve
1866,25,12899.019999999995,11,3556.040000000002,swap,notBad
1867,25,12932.559999999994,11,3556.040000000002,swap,acceptBad
1868,25,12932.559999999994,11,3556.040000000002,swap,notBad
1869,25,12932.559999999994,11,3556.040000000002,move,improve
1870,25,13126.899999999998,11,3556.040000000002,swap,acceptBad
1871,25,12847.239999999996,11,3556.040000000002,move,improve
1872,25,12573.039999999997,11,3556.040000000002,move,improve
1873,25,12537.159999999998,11,3556.040000000002,move,improve
1874,25,12537.159999999998,11,3556.040000000002,2opt,notBad
1875,25,12537.159999999998,11,3556.040000000002,swap,notBad
1876,25,12537.159999999998,11,3556.040000000002,swap,notBad
1877,25,12537.159999999998,11,3556.040000000002,swap,notBad
1878,25,12523.899999999998,11,3556.040000000002,swap,improve
1879,25,12523.899999999998,11,3556.040000000002,swap,notBad
1880,25,12195.939999999999,11,3556.040000000002,move,improve
1881,25,12256.3,11,3556.040000000002,swap,acceptBad
1882,25,12266.26,11,3556.040000000002,2opt,acceptBad
1883,25,12244.96,11,3556.040000000002,move,improve
1884,25,12222.039999999999,11,3556.040000000002,swap,improve
1885,25,12222.039999999999,11,3556.040000000002,2opt,notBad
1886,25,12222.039999999999,11,3556.040000000002,2opt,notBad
1887,25,12222.039999999999,11,3556.040000000002,2opt,notBad
1888,25,12222.039999999999,11,3556.040000000002,swap,notBad
1889,25,12222.039999999999,11,3556.040000000002,2opt,notBad
1890,25,12247.72,11,3556.040000000002,swap,acceptBad
1891,25,12266.38,11,3556.040000000002,swap,acceptBad
1892,25,12266.38,11,3556.040000000002,move,improve
1893,25,12244.539999999999,11,3556.040000000002,2opt,improve
1894,25,12244.539999999999,11,3556.040000000002,swap,notBad
1895,25,12244.539999999999,11,3556.040000000002,move,improve
1896,25,12255.980000000001,11,3556.040000000002,2opt,acceptBad
1897,25,12255.980000000001,11,3556.040000000002,2opt,notBad
1898,25,12196.600000000002,11,3556.040000000002,swap,improve
1899,25,12196.600000000002,11,3556.040000000002,swap,notBad
1900,25,11926.240000000002,11,3556.040000000002,swap,improve
1901,25,11910.220000000001,11,3556.040000000002,move,improve
1902,25,11893.720000000001,11,3556.040000000002,2opt,improve
1903,25,11893.720000000001,11,3556.040000000002,2opt,notBad
1904,25,12022.960000000001,11,3556.040000000002,swap,acceptBad
1905,25,12080.86,11,3556.040000000002,swap,acceptBad
1906,25,12080.86,11,3556.040000000002,move,improve
1907,25,12077.320000000002,11,3556.040000000002,move,improve
1908,25,12077.320000000002,11,3556.040000000002,2opt,notBad
1909,25,12093.639999999996,11,3556.040000000002,2opt,acceptBad
1910,25,12105.119999999995,11,3556.040000000002,swap,acceptBad
1911,25,12287.339999999997,11,3556.040000000002,swap,acceptBad
1912,25,12305.999999999996,11,3556.040000000002,swap,acceptBad
1913,25,12598.419999999996,11,3556.040000000002,swap,acceptBad
1914,25,12628.179999999997,11,3556.040000000002,swap,acceptBad
1915,25,12650.379999999997,11,3556.040000000002,2opt,acceptBad
1916,25,12612.659999999998,11,3556.040000000002,move,improve
1917,25,12610.919999999998,11,3556.040000000002,move,improve
1918,25,12610.919999999998,11,3556.040000000002,2opt,notBad
1919,25,12623.399999999998,11,3556.040000000002,swap,acceptBad
1920,25,12623.399999999996,11,3556.040000000002,swap,improve
1921,25,12623.399999999996,11,3556.040000000002,swap,notBad
1922,25,12623.159999999996,11,3556.040000000002,move,improve
1923,25,12623.159999999996,11,3556.040000000002,2opt,improve
1924,25,12652.679999999997,11,3556.040000000002,2opt,acceptBad
1925,25,12652.679999999997,11,3556.040000000002,move,improve
1926,25,12652.679999999997,11,3556.040000000002,2opt,improve
1927,25,12677.8,11,3556.040000000002,swap,acceptBad
1928,25,12654.76,11,3556.040000000002,move,improve
1929,25,12659.8,11,3556.040000000002,swap,acceptBad
1930,25,12659.8,11,3556.040000000002,move,improve
1931,25,12659.8,11,3556.040000000002,move,improve
1932,25,12606.58,11,3556.040000000002,move,improve
1933,25,12566.979999999996,11,3556.040000000002,move,improve
1934,25,12566.979999999996,11,3556.040000000002,swap,notBad
1935,25,12550.839999999997,11,3556.040000000002,swap,improve
1936,25,12550.839999999997,11,3556.040000000002,2opt,notBad
1937,25,12550.839999999997,11,3556.040000000002,move,improve
1938,25,12550.839999999997,11,3556.040000000002,2opt,notBad
1939,25,12542.199999999997,11,3556.040000000002,move,improve
1940,25,12542.619999999997,11,3556.040000000002,2opt,acceptBad
1941,25,12542.619999999997,11,3556.040000000002,2opt,improve
1942,25,12567.159999999998,11,3556.040000000002,2opt,acceptBad
1943,25,12567.159999999998,11,3556.040000000002,move,improve
1944,25,12443.7,11,3556.040000000002,move,improve
1945,25,12443.7,11,3556.040000000002,2opt,notBad
1946,25,12375.020000000002,11,3556.040000000002,move,improve
1947,25,12375.020000000002,11,3556.040000000002,move,improve
1948,25,12201.480000000003,11,3556.040000000002,move,improve
1949,25,12201.480000000003,11,3556.040000000002,swap,notBad
1950,25,12201.480000000003,11,3556.040000000002,2opt,notBad
1951,25,11784.760000000006,11,3556.040000000002,move,improve
1952,25,11784.760000000006,11,3556.040000000002,2opt,notBad
1953,25,11784.760000000006,11,3556.040000000002,move,improve
1954,25,11785.540000000005,11,3556.040000000002,swap,acceptBad
1955,25,11788.119999999999,11,3556.040000000002,2opt,acceptBad
1956,25,11782.9,11,3556.040000000002,move,improve
1957,25,11786.56,11,3556.040000000002,swap,acceptBad
1958,25,11787.64,11,3556.040000000002,swap,acceptBad
1959,25,11787.64,11,3556.040000000002,move,improve
1960,25,11811.759999999997,11,3556.040000000002,2opt,acceptBad
1961,25,11818.279999999997,11,3556.040000000002,swap,acceptBad
1962,25,11852.059999999998,11,3556.040000000002,2opt,acceptBad
1963,25,11853.259999999997,11,3556.040000000002,swap,acceptBad
1964,25,11853.259999999997,11,3556.040000000002,swap,notBad
1965,25,11832.139999999998,11,3556.040000000002,swap,improve
1966,25,11832.139999999998,11,3556.040000000002,swap,notBad
1967,25,11634.879999999994,11,3556.040000000002,move,improve
1968,25,11593.539999999994,11,3556.040000000002,move,improve
1969,25,11564.259999999995,11,3556.040000000002,2opt,improve
1970,25,11564.259999999995,11,3556.040000000002,move,improve
1971,25,11564.259999999995,11,3556.040000000002,2opt,notBad
1972,25,11601.519999999995,11,3556.040000000002,swap,acceptBad
1973,25,11601.519999999995,11,3556.040000000002,2opt,notBad
1974,25,11539.099999999995,11,3556.040000000002,swap,improve
1975,25,11494.199999999995,11,3556.040000000002,swap,improve
1976,25,11804.56,11,3556.040000000002,swap,acceptBad
1977,25,11804.56,11,3556.040000000002,swap,notBad
1978,25,11772.48,11,3556.040000000002,swap,improve
1979,25,11772.48,11,3556.040000000002,swap,notBad
1980,25,11735.960000000001,11,3556.040000000002,2opt,improve
1981,25,11657.0,11,3556.040000000002,move,improve
1982,25,11660.419999999998,11,3556.040000000002,swap,acceptBad
1983,25,11660.419999999998,11,3556.040000000002,move,improve
1984,25,11605.82,11,3556.040000000002,move,improve
1985,25,11582.899999999998,11,3556.040000000002,move,improve
1986,25,11628.719999999998,11,3556.040000000002,2opt,acceptBad
1987,25,11628.719999999998,11,3556.040000000002,swap,notBad
1988,25,11635.739999999998,11,3556.040000000002,2opt,acceptBad
1989,25,11678.46,11,3556.040000000002,2opt,acceptBad
1990,25,11680.559999999998,11,3556.040000000002,swap,acceptBad
1991,25,11985.920000000006,11,3556.040000000002,swap,acceptBad
1992,25,11985.920000000006,11,3556.040000000002,move,improve
1993,25,11985.920000000006,11,3556.040000000002,swap,notBad
1994,25,11973.840000000004,11,3556.040000000002,2opt,improve
1995,25,11975.520000000004,11,3556.040000000002,swap,acceptBad
1996,25,11957.660000000002,11,3556.040000000002,move,improve
1997,25,11957.660000000002,11,3556.040000000002,2opt,improve
1998,25,11957.660000000002,11,3556.040000000002,move,improve
1999,25,11957.660000000002,11,3556.040000000002,move,improve
2000,25,11980.099999999991,11,3556.040000000002,2opt,acceptBad
2001,25,11980.099999999991,11,3556.040000000002,2opt,improve
2002,25,11980.099999999991,11,3556.040000000002,2opt,notBad
2003,25,11942.019999999991,11,3556.040000000002,2opt,improve
2004,24,11007.899999999992,11,3556.040000000002,move,improve
2005,24,11070.239999999993,11,3556.040000000002,swap,acceptBad
2006,24,11070.239999999993,11,3556.040000000002,2opt,notBad
2007,24,11026.319999999992,11,3556.040000000002,move,improve
2008,24,10975.54,11,3556.040000000002,move,improve
2009,24,10975.54,11,3556.040000000002,2opt,notBad
2010,24,10947.940000000002,11,3556.040000000002,move,improve
2011,24,10933.84,11,3556.040000000002,swap,improve
2012,24,10951.12,11,3556.040000000002,swap,acceptBad
2013,24,10962.220000000008,11,3556.040000000002,2opt,acceptBad
2014,24,10962.220000000008,11,3556.040000000002,move,improve
2015,24,11035.720000000005,11,3556.040000000002,swap,acceptBad
2016,24,11029.720000000005,11,3556.040000000002,move,improve
2017,24,11017.180000000004,11,3556.040000000002,move,improve
2018,24,11023.300000000003,11,3556.040000000002,swap,acceptBad
2019,24,11023.300000000003,11,3556.040000000002,move,improve
2020,24,11023.300000000003,11,3556.040000000002,2opt,notBad
2021,24,11029.340000000004,11,3556.040000000002,swap,acceptBad
2022,24,11029.340000000004,11,3556.040000000002,swap,notBad
2023,24,11023.100000000004,11,3556.040000000002,move,improve
2024,24,11022.560000000003,11,3556.040000000002,swap,improve
2025,24,11012.480000000003,11,3556.040000000002,move,improve
2026,24,11088.579999999996,11,3556.040000000002,2opt,acceptBad
2027,24,11088.579999999996,11,3556.040000000002,2opt,notBad
2028,24,11087.619999999999,11,3556.040000000002,2opt,improve
2029,24,11088.340000000004,11,3556.040000000002,2opt,acceptBad
2030,24,11088.340000000004,11,3556.040000000002,move,improve
2031,24,11087.080000000004,11,3556.040000000002,2opt,improve
2032,24,11087.080000000004,11,3556.040000000002,2opt,notBad
2033,24,11098.359999999999,11,3556.040000000002,2opt,acceptBad
2034,24,11083.419999999998,11,3556.040000000002,swap,improve
2035,24,11042.560000000001,11,3556.040000000002,2opt,improve
2036,24,11095.54,11,3556.040000000002,swap,acceptBad
2037,24,11132.160000000002,11,3556.040000000002,2opt,acceptBad
2038,24,11132.160000000002,11,3556.040000000002,move,improve
2039,24,11132.160000000002,11,3556.040000000002,2opt,notBad
2040,24,11132.160000000002,11,3556.040000000002,2opt,notBad
2041,24,11152.080000000002,11,3556.040000000002,swap,acceptBad
2042,24,11113.460000000001,11,3556.040000000002,move,improve
2043,24,11094.62,11,3556.040000000002,2opt,improve
2044,24,11413.480000000001,11,3556.040000000002,swap,acceptBad
2045,24,11393.02,11,3556.040000000002,swap,improve
2046,24,11393.02,11,3556.040000000002,2opt,notBad
2047,24,11393.02,11,3556.040000000002,move,improve
2048,24,11393.02,11,3556.040000000002,2opt,notBad
2049,24,11393.02,11,3556.040000000002,2opt,notBad
2050,24,11386.24,11,3556.040000000002,move,improve
2051,24,11386.24,11,3556.040000000002,2opt,notBad
2052,24,11386.24,11,3556.040000000002,move,improve
2053,24,11386.24,11,3556.040000000002,2opt,improve
2054,24,11367.339999999997,11,3556.040000000002,swap,improve
2055,24,11367.339999999997,11,3556.040000000002,swap,notBad
2056,24,11367.339999999997,11,3556.040000000002,move,improve
2057,24,11361.759999999997,11,3556.040000000002,2opt,improve
2058,24,11361.759999999997,11,3556.040000000002,move,improve
2059,24,11361.759999999997,11,3556.040000000002,2opt,improve
2060,24,11361.759999999997,11,3556.040000000002,2opt,improve
2061,24,11361.759999999997,11,3556.040000000002,move,improve
2062,24,11361.759999999997,11,3556.040000000002,2opt,notBad
2063,24,11361.759999999997,11,3556.040000000002,move,improve
2064,24,11361.759999999997,11,3556.040000000002,swap,notBad
2065,24,11365.48,11,3556.040000000002,swap,acceptBad
2066,24,11294.679999999997,11,3556.040000000002,swap,improve
2067,24,11294.679999999997,11,3556.040000000002,swap,notBad
2068,24,11294.679999999997,11,3556.040000000002,move,improve
2069,24,11294.679999999997,11,3556.040000000002,swap,notBad
2070,24,11387.859999999999,11,3556.040000000002,swap,acceptBad
2071,23,10268.140000000001,11,3556.040000000002,move,improve
2072,23,10268.140000000001,11,3556.040000000002,swap,notBad
2073,23,10268.140000000001,11,3556.040000000002,2opt,notBad
2074,23,10286.480000000001,11,3556.040000000002,swap,acceptBad
2075,23,10287.8,11,3556.040000000002,2opt,acceptBad
2076,23,10245.86,11,3556.040000000002,move,improve
2077,23,10248.559999999998,11,3556.040000000002,2opt,acceptBad
2078,23,10266.259999999997,11,3556.040000000002,swap,acceptBad
2079,23,10266.259999999997,11,3556.040000000002,move,improve
2080,23,10453.959999999997,11,3556.040000000002,swap,acceptBad
2081,23,10444.419999999996,11,3556.040000000002,2opt,improve
2082,23,10478.739999999996,11,3556.040000000002,swap,acceptBad
2083,23,10486.359999999997,11,3556.040000000002,swap,acceptBad
2084,23,10265.76,11,3556.040000000002,swap,improve
2085,23,10265.76,11,3556.040000000002,2opt,notBad
2086,23,10305.54,11,3556.040000000002,swap,acceptBad
2087,23,10223.6,11,3556.040000000002,swap,improve
2088,23,10231.919999999998,11,3556.040000000002,2opt,acceptBad
2089,23,10231.919999999998,11,3556.040000000002,swap,notBad
2090,23,10172.46,11,3556.040000000002,move,improve
2091,23,10172.46,11,3556.040000000002,move,improve
2092,23,10172.46,11,3556.040000000002,move,improve
2093,23,10172.46,11,3556.040000000002,2opt,notBad
2094,23,10172.46,11,3556.040000000002,move,improve
2095,23,10172.46,11,3556.040000000002,2opt,notBad
2096,23,10161.779999999999,11,3556.040000000002,move,improve
2097,23,10161.779999999999,11,3556.040000000002,move,improve
2098,23,10139.099999999999,11,3556.040000000002,2opt,improve
2099,23,10139.099999999999,11,3556.040000000002,2opt,notBad
2100,23,10235.08,11,3556.040000000002,2opt,acceptBad
2101,23,10235.08,11,3556.040000000002,move,improve
2102,23,10088.12,11,3556.040000000002,move,improve
2103,23,10095.86,11,3556.040000000002,swap,acceptBad
2104,23,10141.7,11,3556.040000000002,swap,acceptBad
2105,23,10137.02,11,3556.040000000002,2opt,improve
2106,23,10130.36,11,3556.040000000002,move,improve
2107,23,10130.36,11,3556.040000000002,move,improve
2108,23,10130.36,11,3556.040000000002,2opt,improve
2109,23,10130.36,11,3556.040000000002,move,improve
2110,23,10130.36,11,3556.040000000002,2opt,notBad
2111,23,10158.079999999998,11,3556.040000000002,swap,acceptBad
2112,23,10191.24,11,3556.040000000002,swap,acceptBad
2113,23,10186.74,11,3556.040000000002,move,improve
2114,23,10192.740000000002,11,3556.040000000002,swap,acceptBad
2115,23,10192.740000000002,11,3556.040000000002,2opt,notBad
2116,23,10175.580000000002,11,3556.040000000002,move,improve
2117,23,10175.580000000002,11,3556.040000000002,move,improve
2118,23,10142.460000000001,11,3556.040000000002,2opt,improve
2119,23,10142.460000000001,11,3556.040000000002,move,improve
2120,23,10149.300000000001,11,3556.040000000002,2opt,acceptBad
2121,23,10261.460000000003,11,3556.040000000002,2opt,acceptBad
2122,23,10206.140000000003,11,3556.040000000002,swap,improve
2123,23,10228.100000000002,11,3556.040000000002,2opt,acceptBad
2124,23,9885.660000000002,11,3556.040000000002,move,improve
2125,23,9885.660000000002,11,3556.040000000002,move,improve
2126,23,9885.660000000002,11,3556.040000000002,swap,notBad
2127,23,9885.660000000002,11,3556.040000000002,2opt,notBad
2128,23,9909.600000000002,11,3556.040000000002,2opt,acceptBad
2129,23,9888.36,11,3556.040000000002,move,improve
2130,23,9900.04,11,3556.040000000002,swap,acceptBad
2131,23,9845.2,11,3556.040000000002,move,improve
2132,23,9845.2,11,3556.040000000002,move,improve
2133,23,9845.2,11,3556.040000000002,move,improve
2134,23,9841.720000000001,11,3556.040000000002,move,improve
2135,23,9842.140000000001,11,3556.040000000002,2opt,acceptBad
2136,23,9795.4,11,3556.040000000002,2opt,improve
2137,23,9781.960000000001,11,3556.040000000002,move,improve
2138,23,9781.960000000001,11,3556.040000000002,move,improve
2139,23,9781.960000000001,11,3556.040000000002,2opt,notBad
2140,23,9781.960000000001,11,3556.040000000002,2opt,notBad
2141,23,9781.960000000001,11,3556.040000000002,swap,notBad
2142,23,9775.24,11,3556.040000000002,move,improve
2143,23,9756.82,11,3556.040000000002,swap,improve
2144,23,9756.82,11,3556.040000000002,swap,notBad
2145,23,9756.82,11,3556.040000000002,move,improve
2146,23,9756.82,11,3556.040000000002,2opt,notBad
2147,23,9756.82,11,3556.040000000002,2opt,improve
2148,23,9756.82,11,3556.040000000002,swap,notBad
2149,23,9775.0,11,3556.040000000002,2opt,acceptBad
2150,23,9753.580000000002,11,3556.040000000002,move,improve
2151,23,9753.580000000002,11,3556.040000000002,move,improve
2152,23,9753.580000000002,11,3556.040000000002,2opt,notBad
2153,23,9785.5,11,3556.040000000002,2opt,acceptBad
2154,23,9681.999999999998,11,3556.040000000002,move,improve
2155,23,9681.999999999998,11,3556.040000000002,move,improve
2156,23,9681.999999999998,11,3556.040000000002,move,improve
2157,23,9642.339999999998,11,3556.040000000002,move,improve
2158,23,9642.339999999998,11,3556.040000000002,swap,notBad
2159,23,9642.339999999998,11,3556.040000000002,swap,notBad
2160,23,9782.14,11,3556.040000000002,swap,acceptBad
2161,23,9782.14,11,3556.040000000002,swap,notBad
2162,23,9782.14,11,3556.040000000002,2opt,improve
2163,23,9782.14,11,3556.040000000002,2opt,notBad
2164,23,9794.08,11,3556.040000000002,swap,acceptBad
2165,23,9837.7,11,3556.040000000002,2opt,acceptBad
2166,23,9837.7,11,3556.040000000002,2opt,improve
2167,23,9898.1,11,3556.040000000002,swap,acceptBad
2168,23,9898.1,11,3556.040000000002,2opt,notBad
2169,23,9902.3,11,3556.040000000002,swap,acceptBad
2170,23,9902.3,11,3556.040000000002,swap,notBad
2171,23,9902.3,11,3556.040000000002,move,improve
2172,23,9902.3,11,3556.040000000002,move,improve
2173,23,9902.3,11,3556.040000000002,move,improve
2174,23,9877.220000000001,11,3556.040000000002,2opt,improve
2175,23,9906.980000000003,11,3556.040000000002,2opt,acceptBad
2176,23,9906.980000000003,11,3556.040000000002,2opt,notBad
2177,23,9939.620000000003,11,3556.040000000002,swap,acceptBad
2178,23,9939.620000000003,11,3556.040000000002,swap,notBad
2179,23,9787.440000000004,11,3556.040000000002,move,improve
2180,22,9714.320000000002,11,3556.040000000002,2opt,improve
2181,22,9707.180000000002,11,3556.040000000002,move,improve
2182,22,9715.460000000003,11,3556.040000000002,swap,acceptBad
2183,22,9702.259999999998,11,3556.040000000002,2opt,improve
2184,22,9702.259999999998,11,3556.040000000002,swap,notBad
2185,22,9668.539999999999,11,3556.040000000002,move,improve
2186,22,9668.539999999999,11,3556.040000000002,2opt,notBad
2187,22,9668.539999999999,11,3556.040000000002,move,improve
2188,22,9668.539999999999,11,3556.040000000002,swap,notBad
2189,22,9620.579999999998,11,3556.040000000002,2opt,improve
2190,22,9509.679999999998,11,3556.040000000002,move,improve
2191,22,9425.76,11,3556.040000000002,swap,improve
2192,22,9410.520000000002,11,3556.040000000002,move,improve
2193,22,9436.620000000003,11,3556.040000000002,swap,acceptBad
2194,22,9436.620000000003,11,3556.040000000002,swap,notBad
2195,22,9427.800000000003,11,3556.040000000002,swap,improve
2196,22,9433.800000000003,11,3556.040000000002,2opt,acceptBad
2197,22,9428.520000000004,11,3556.040000000002,2opt,improve
2198,22,9443.04,11,3556.040000000002,2opt,acceptBad
2199,22,9400.320000000002,11,3556.040000000002,move,improve
2200,22,9400.320000000002,11,3556.040000000002,2opt,improve
2201,22,9421.820000000002,11,3556.040000000002,swap,acceptBad
2202,22,9421.820000000002,11,3556.040000000002,move,improve
2203,22,9421.820000000002,11,3556.040000000002,2opt,notBad
2204,22,9417.880000000001,11,3556.040000000002,move,improve
2205,22,9417.880000000001,11,3556.040000000002,swap,notBad
2206,22,9417.880000000001,11,3556.040000000002,2opt,notBad
2207,22,9432.940000000002,11,3556.040000000002,swap,acceptBad
2208,22,9478.660000000002,11,3556.040000000002,2opt,acceptBad
2209,22,9478.660000000002,11,3556.040000000002,2opt,improve
2210,22,9485.62,11,3556.040000000002,2opt,acceptBad
2211,22,9398.020000000006,11,3556.040000000002,2opt,improve
2212,22,9398.020000000006,11,3556.040000000002,move,improve
2213,21,8914.620000000006,11,3556.040000000002,2opt,improve
2214,21,8910.240000000007,11,3556.040000000002,move,improve
2215,21,8910.240000000007,11,3556.040000000002,move,improve
2216,21,8910.240000000007,11,3556.040000000002,move,improve
2217,21,8908.980000000007,11,3556.040000000002,swap,improve
2218,21,8835.860000000006,11,3556.040000000002,move,improve
2219,21,8827.820000000005,11,3556.040000000002,2opt,improve
2220,21,8827.820000000005,11,3556.040000000002,swap,notBad
2221,21,8827.820000000005,11,3556.040000000002,move,improve
2222,21,8741.780000000004,11,3556.040000000002,move,improve
2223,21,8742.020000000004,11,3556.040000000002,swap,acceptBad
2224,21,8742.020000000004,11,3556.040000000002,swap,notBad
2225,21,8742.020000000004,11,3556.040000000002,2opt,notBad
2226,21,8742.020000000004,11,3556.040000000002,move,improve
2227,21,8742.020000000004,11,3556.040000000002,2opt,notBad
2228,21,8764.320000000002,11,3556.040000000002,swap,acceptBad
2229,21,8764.320000000002,11,3556.040000000002,2opt,notBad
2230,21,8776.92,11,3556.040000000002,2opt,acceptBad
2231,21,8757.060000000001,11,3556.040000000002,2opt,improve
2232,21,8747.52,11,3556.040000000002,move,improve
2233,21,8747.52,11,3556.040000000002,swap,notBad
2234,21,8757.660000000002,11,3556.040000000002,2opt,acceptBad
2235,21,8757.660000000002,11,3556.040000000002,move,improve
2236,21,8788.02,11,3556.040000000002,swap,acceptBad
2237,21,8788.02,11,3556.040000000002,2opt,notBad
2238,21,8788.02,11,3556.040000000002,move,improve
2239,21,8788.02,11,3556.040000000002,2opt,notBad
2240,21,8788.02,11,3556.040000000002,move,improve
2241,21,8781.420000000002,11,3556.040000000002,swap,improve
2242,21,8754.060000000001,11,3556.040000000002,move,improve
2243,21,8754.060000000001,11,3556.040000000002,2opt,notBad
2244,21,8732.340000000002,11,3556.040000000002,move,improve
2245,21,8821.279999999999,11,3556.040000000002,swap,acceptBad
2246,21,8821.279999999999,11,3556.040000000002,2opt,notBad
2247,21,8481.219999999998,11,3556.040000000002,swap,improve
2248,21,8481.219999999998,11,3556.040000000002,move,improve
2249,21,8481.219999999998,11,3556.040000000002,swap,notBad
2250,21,8481.219999999998,11,3556.040000000002,move,improve
2251,21,8583.34,11,3556.040000000002,swap,acceptBad
2252,21,8529.04,11,3556.040000000002,move,improve
2253,21,8529.04,11,3556.040000000002,move,improve
2254,21,8529.04,11,3556.040000000002,move,improve
2255,21,8155.319999999999,11,3556.040000000002,move,improve
2256,21,8155.319999999999,11,3556.040000000002,swap,notBad
2257,21,8090.1,11,3556.040000000002,move,improve
2258,21,8090.1,11,3556.040000000002,swap,notBad
2259,21,8034.960000000001,11,3556.040000000002,move,improve
2260,21,7669.880000000001,11,3556.040000000002,move,improve
2261,21,7671.7400000000025,11,3556.040000000002,2opt,acceptBad
2262,21,7671.7400000000025,11,3556.040000000002,move,improve
2263,21,7671.7400000000025,11,3556.040000000002,move,improve
2264,21,7686.860000000002,11,3556.040000000002,2opt,acceptBad
2265,21,7686.860000000002,11,3556.040000000002,move,improve
2266,21,7686.800000000003,11,3556.040000000002,move,improve
2267,21,7683.740000000002,11,3556.040000000002,2opt,improve
2268,21,7681.8200000000015,11,3556.040000000002,swap,improve
2269,21,7681.8200000000015,11,3556.040000000002,2opt,notBad
2270,21,7681.8200000000015,11,3556.040000000002,2opt,notBad
2271,21,7681.8200000000015,11,3556.040000000002,move,improve
2272,21,7640.720000000001,11,3556.040000000002,move,improve
2273,21,7640.720000000001,11,3556.040000000002,move,improve
2274,21,7648.520000000002,11,3556.040000000002,2opt,acceptBad
2275,21,7647.500000000002,11,3556.040000000002,swap,improve
2276,21,7604.300000000002,11,3556.040000000002,move,improve
2277,21,7571.360000000002,11,3556.040000000002,2opt,improve
2278,21,7550.480000000001,11,3556.040000000002,2opt,improve
2279,21,7548.380000000001,11,3556.040000000002,2opt,improve
2280,21,7548.380000000001,11,3556.040000000002,2opt,improve
2281,21,7548.380000000001,11,3556.040000000002,move,improve
2282,21,7556.7800000000025,11,3556.040000000002,2opt,acceptBad
2283,21,7579.1,11,3556.040000000002,2opt,acceptBad
2284,21,7579.1,11,3556.040000000002,move,notBad
2285,21,7579.1,11,3556.040000000002,swap,notBad
2286,21,7579.1,11,3556.040000000002,2opt,improve
2287,21,7579.52,11,3556.040000000002,swap,acceptBad
2288,21,7579.52,11,3556.040000000002,2opt,notBad
2289,21,7573.88,11,3556.040000000002,move,improve
2290,21,7573.88,11,3556.040000000002,2opt,improve
2291,21,7573.88,11,3556.040000000002,move,improve
2292,21,7573.88,11,3556.040000000002,move,improve
2293,21,7663.719999999999,11,3556.040000000002,swap,acceptBad
2294,21,7663.719999999999,11,3556.040000000002,swap,notBad
2295,21,7663.719999999999,11,3556.040000000002,move,improve
2296,21,7665.699999999999,11,3556.040000000002,2opt,acceptBad
2297,21,7665.699999999999,11,3556.040000000002,swap,notBad
2298,21,7659.459999999999,11,3556.040000000002,2opt,improve
2299,21,7659.459999999999,11,3556.040000000002,move,improve
2300,21,7659.459999999999,11,3556.040000000002,move,improve
2301,21,7659.459999999999,11,3556.040000000002,swap,notBad
2302,21,7659.459999999999,11,3556.040000000002,swap,notBad
2303,21,7659.459999999999,11,3556.040000000002,2opt,notBad
2304,21,7659.459999999999,11,3556.040000000002,2opt,notBad
2305,21,7659.459999999999,11,3556.040000000002,2opt,notBad
2306,21,7622.799999999999,11,3556.040000000002,move,improve
2307,21,7622.799999999999,11,3556.040000000002,2opt,notBad
2308,21,7624.719999999999,11,3556.040000000002,2opt,acceptBad
2309,21,7655.800000000001,11,3556.040000000002,2opt,acceptBad
2310,21,7655.800000000001,11,3556.040000000002,2opt,notBad
2311,21,7655.800000000001,11,3556.040000000002,move,improve
2312,21,7655.800000000001,11,3556.040000000002,2opt,notBad
2313,21,7576.12,11,3556.040000000002,swap,improve
2314,21,7576.12,11,3556.040000000002,2opt,notBad
2315,21,7576.12,11,3556.040000000002,2opt,improve
2316,21,7426.720000000002,11,3556.040000000002,swap,improve
2317,21,7426.720000000002,11,3556.040000000002,move,improve
2318,21,7426.720000000002,11,3556.040000000002,move,improve
2319,21,7302.099999999999,11,3556.040000000002,move,improve
2320,21,7407.619999999998,11,3556.040000000002,swap,acceptBad
2321,21,7383.439999999999,11,3556.040000000002,move,improve
2322,21,7383.439999999999,11,3556.040000000002,2opt,notBad
2323,21,7383.439999999999,11,3556.040000000002,swap,notBad
2324,21,7383.439999999999,11,3556.040000000002,move,improve
2325,21,7371.259999999998,11,3556.040000000002,move,improve
2326,21,7388.959999999999,11,3556.040000000002,2opt,acceptBad
2327,21,7394.9,11,3556.040000000002,swap,acceptBad
2328,21,7394.9,11,3556.040000000002,swap,notBad
2329,21,7406.1799999999985,11,3556.040000000002,2opt,acceptBad
2330,21,7458.879999999998,11,3556.040000000002,swap,acceptBad
2331,21,7458.879999999998,11,3556.040000000002,2opt,notBad
2332,21,7458.879999999998,11,3556.040000000002,move,improve
2333,21,7458.879999999998,11,3556.040000000002,move,improve
2334,21,7458.879999999998,11,3556.040000000002,swap,notBad
2335,21,7458.879999999998,11,3556.040000000002,move,improve
2336,21,7458.879999999998,11,3556.040000000002,swap,notBad
2337,21,7478.319999999998,11,3556.040000000002,swap,acceptBad
2338,21,7508.619999999998,11,3556.040000000002,swap,acceptBad
2339,21,7561.539999999997,11,3556.040000000002,2opt,acceptBad
2340,21,7556.319999999998,11,3556.040000000002,swap,improve
2341,21,7537.960000000001,11,3556.040000000002,2opt,improve
2342,21,7428.9000000000015,11,3556.040000000002,move,improve
2343,21,7407.239999999998,11,3556.040000000002,2opt,improve
2344,21,7407.239999999998,11,3556.040000000002,swap,notBad
2345,21,7409.219999999999,11,3556.040000000002,2opt,acceptBad
2346,21,7399.5599999999995,11,3556.040000000002,move,improve
2347,21,7399.5599999999995,11,3556.040000000002,move,improve
2348,21,7410.420000000002,11,3556.040000000002,swap,acceptBad
2349,21,7410.420000000002,11,3556.040000000002,swap,notBad
2350,21,7406.700000000001,11,3556.040000000002,2opt,improve
2351,21,7406.700000000001,11,3556.040000000002,2opt,notBad
2352,21,7409.22,11,3556.040000000002,swap,acceptBad
2353,21,7374.080000000002,11,3556.040000000002,move,improve
2354,21,7373.060000000001,11,3556.040000000002,move,improve
2355,21,7373.060000000001,11,3556.040000000002,move,improve
2356,21,7373.060000000001,11,3556.040000000002,2opt,notBad
2357,21,7370.780000000002,11,3556.040000000002,2opt,improve
2358,21,7370.780000000002,11,3556.040000000002,move,improve
2359,21,7370.780000000002,11,3556.040000000002,move,improve
2360,21,7370.780000000002,11,3556.040000000002,2opt,notBad
2361,21,7365.980000000001,11,3556.040000000002,2opt,improve
2362,21,7368.860000000001,11,3556.040000000002,swap,acceptBad
2363,21,7349.080000000002,11,3556.040000000002,move,improve
2364,21,7334.98,11,3556.040000000002,2opt,improve
2365,21,7315.959999999999,11,3556.040000000002,2opt,improve
2366,21,7315.959999999999,11,3556.040000000002,move,improve
2367,21,7327.66,11,3556.040000000002,swap,acceptBad
2368,21,7352.6799999999985,11,3556.040000000002,swap,acceptBad
2369,21,7352.6799999999985,11,3556.040000000002,2opt,notBad
2370,21,7352.6799999999985,11,3556.040000000002,2opt,notBad
2371,21,7352.6799999999985,11,3556.040000000002,2opt,notBad
2372,21,7327.839999999999,11,3556.040000000002,move,improve
2373,21,7327.839999999999,11,3556.040000000002,swap,notBad
2374,21,7327.839999999999,11,3556.040000000002,move,improve
2375,21,7379.82,11,3556.040000000002,2opt,acceptBad
2376,21,7379.82,11,3556.040000000002,move,improve
2377,21,7379.82,11,3556.040000000002,swap,notBad
2378,21,7379.82,11,3556.040000000002,2opt,notBad
2379,21,7349.4,11,3556.040000000002,move,improve
2380,21,7369.199999999999,11,3556.040000000002,swap,acceptBad
2381,21,7389.480000000001,11,3556.040000000002,2opt,acceptBad
2382,21,7370.280000000001,11,3556.040000000002,move,improve
2383,21,7370.280000000001,11,3556.040000000002,2opt,notBad
2384,21,7370.280000000001,11,3556.040000000002,swap,notBad
2385,21,7370.280000000001,11,3556.040000000002,move,improve
2386,21,7356.180000000001,11,3556.040000000002,swap,improve
2387,21,7355.639999999999,11,3556.040000000002,swap,improve
2388,21,7355.639999999999,11,3556.040000000002,move,improve
2389,21,7356.66,11,3556.040000000002,swap,acceptBad
2390,21,7339.920000000001,11,3556.040000000002,2opt,improve
2391,21,7344.0599999999995,11,3556.040000000002,2opt,acceptBad
2392,21,7344.0599999999995,11,3556.040000000002,move,improve
2393,21,7386.519999999999,11,3556.040000000002,swap,acceptBad
2394,21,7386.519999999999,11,3556.040000000002,move,improve
2395,21,7386.519999999999,11,3556.040000000002,move,improve
2396,21,7386.519999999999,11,3556.040000000002,swap,notBad
2397,21,7386.519999999999,11,3556.040000000002,2opt,improve
2398,21,7398.879999999999,11,3556.040000000002,swap,acceptBad
2399,21,7398.879999999999,11,3556.040000000002,move,improve
2400,21,7407.8200000000015,11,3556.040000000002,2opt,acceptBad
2401,21,7407.8200000000015,11,3556.040000000002,2opt,notBad
2402,21,7406.200000000001,11,3556.040000000002,2opt,improve
2403,21,7340.040000000001,11,3556.040000000002,swap,improve
2404,21,7367.220000000001,11,3556.040000000002,swap,acceptBad
2405,21,7371.4800000000005,11,3556.040000000002,swap,acceptBad
2406,21,7371.4800000000005,11,3556.040000000002,move,improve
2407,21,7371.4800000000005,11,3556.040000000002,2opt,notBad
2408,21,7371.4800000000005,11,3556.040000000002,swap,notBad
2409,21,7371.4800000000005,11,3556.040000000002,2opt,notBad
2410,21,7347.84,11,3556.040000000002,move,improve
2411,21,7313.040000000001,11,3556.040000000002,2opt,improve
2412,21,7313.040000000001,11,3556.040000000002,2opt,notBad
2413,21,7313.040000000001,11,3556.040000000002,move,improve
2414,21,7313.040000000001,11,3556.040000000002,2opt,notBad
2415,21,7289.800000000001,11,3556.040000000002,move,improve
2416,21,7289.800000000001,11,3556.040000000002,swap,notBad
2417,21,7299.580000000002,11,3556.040000000002,swap,acceptBad
2418,21,7299.580000000002,11,3556.040000000002,move,improve
2419,21,7328.380000000001,11,3556.040000000002,swap,acceptBad
2420,21,7330.220000000001,11,3556.040000000002,swap,acceptBad
2421,21,7330.220000000001,11,3556.040000000002,2opt,notBad
2422,21,7330.220000000001,11,3556.040000000002,swap,notBad
2423,21,7330.220000000001,11,3556.040000000002,move,improve
2424,21,7289.060000000001,11,3556.040000000002,move,improve
2425,21,7289.060000000001,11,3556.040000000002,2opt,notBad
2426,21,7257.140000000001,11,3556.040000000002,swap,improve
2427,21,7238.9000000000015,11,3556.040000000002,move,improve
2428,21,7221.020000000002,11,3556.040000000002,2opt,improve
2429,21,7346.6600000000035,11,3556.040000000002,swap,acceptBad
2430,21,7344.320000000005,11,3556.040000000002,2opt,improve
2431,21,7344.320000000005,11,3556.040000000002,move,improve
2432,21,7349.720000000005,11,3556.040000000002,swap,acceptBad
2433,21,7388.060000000005,11,3556.040000000002,swap,acceptBad
2434,21,7385.0000000000055,11,3556.040000000002,move,improve
2435,21,7372.880000000001,11,3556.040000000002,2opt,improve
2436,21,7372.880000000001,11,3556.040000000002,swap,notBad
2437,21,7254.520000000002,11,3556.040000000002,swap,improve
2438,21,7254.520000000002,11,3556.040000000002,swap,notBad
2439,21,7254.879999999996,11,3556.040000000002,2opt,acceptBad
2440,21,7254.879999999996,11,3556.040000000002,move,improve
2441,21,7254.879999999996,11,3556.040000000002,swap,notBad
2442,21,7221.819999999996,11,3556.040000000002,move,improve
2443,21,7249.739999999996,11,3556.040000000002,swap,acceptBad
2444,21,7181.639999999996,11,3556.040000000002,move,improve
2445,21,7181.639999999996,11,3556.040000000002,swap,notBad
2446,21,7181.639999999996,11,3556.040000000002,2opt,notBad
2447,21,7180.679999999997,11,3556.040000000002,move,improve
2448,21,7180.679999999997,11,3556.040000000002,move,improve
2449,21,7180.679999999997,11,3556.040000000002,2opt,improve
2450,21,7180.679999999997,11,3556.040000000002,2opt,notBad
2451,21,7199.879999999997,11,3556.040000000002,2opt,acceptBad
2452,21,7327.339999999998,11,3556.040000000002,swap,acceptBad
2453,21,7276.399999999998,11,3556.040000000002,move,improve
2454,21,7276.399999999998,11,3556.040000000002,2opt,notBad
2455,21,7253.899999999998,11,3556.040000000002,move,improve
2456,21,7253.899999999998,11,3556.040000000002,swap,notBad
2457,21,7253.899999999998,11,3556.040000000002,2opt,notBad
2458,21,7008.4800000000005,11,3556.040000000002,2opt,improve
2459,21,7008.4800000000005,11,3556.040000000002,move,improve
2460,21,6990.240000000001,11,3556.040000000002,move,improve
2461,21,6990.240000000001,11,3556.040000000002,swap,notBad
2462,21,6990.240000000001,11,3556.040000000002,swap,notBad
2463,21,7117.380000000001,11,3556.040000000002,swap,acceptBad
2464,21,7124.119999999996,11,3556.040000000002,2opt,acceptBad
2465,21,7124.119999999996,11,3556.040000000002,2opt,notBad
2466,21,7124.119999999996,11,3556.040000000002,2opt,notBad
2467,21,7060.679999999997,11,3556.040000000002,move,improve
2468,21,7042.139999999998,11,3556.040000000002,move,improve
2469,21,7041.899999999998,11,3556.040000000002,move,improve
2470,21,7040.939999999997,11,3556.040000000002,2opt,improve
2471,21,7135.219999999999,11,3556.040000000002,swap,acceptBad
2472,21,7135.219999999999,11,3556.040000000002,2opt,notBad
2473,21,7135.219999999999,11,3556.040000000002,2opt,notBad
2474,21,7135.219999999999,11,3556.040000000002,move,improve
2475,21,7135.219999999999,11,3556.040000000002,move,improve
2476,21,7135.219999999999,11,3556.040000000002,2opt,improve
2477,21,7135.219999999999,11,3556.040000000002,move,improve
2478,21,7135.219999999999,11,3556.040000000002,swap,notBad
2479,21,7128.74,11,3556.040000000002,swap,improve
2480,21,7128.74,11,3556.040000000002,2opt,notBad
2481,21,7120.340000000002,11,3556.040000000002,2opt,improve
2482,21,7120.340000000002,11,3556.040000000002,swap,notBad
2483,21,7116.860000000002,11,3556.040000000002,move,improve
2484,21,7096.8200000000015,11,3556.040000000002,move,improve
2485,21,7010.760000000001,11,3556.040000000002,swap,improve
2486,21,7010.760000000001,11,3556.040000000002,move,improve
2487,21,7010.760000000001,11,3556.040000000002,swap,notBad
2488,21,7010.220000000001,11,3556.040000000002,move,improve
2489,21,7010.220000000001,11,3556.040000000002,2opt,notBad
2490,21,7010.220000000001,11,3556.040000000002,swap,notBad
2491,21,7005.599999999999,11,3556.040000000002,2opt,improve
2492,21,7011.42,11,3556.040000000002,2opt,acceptBad
2493,21,7011.42,11,3556.040000000002,2opt,notBad
2494,21,7011.42,11,3556.040000000002,move,improve
2495,21,7011.42,11,3556.040000000002,move,notBad
2496,21,7002.779999999999,11,3556.040000000002,move,improve
2497,21,6994.799999999999,11,3556.040000000002,move,improve
2498,21,6994.799999999999,11,3556.040000000002,2opt,notBad
2499,21,6994.799999999999,11,3556.040000000002,move,improve
2500,21,6994.5599999999995,11,3556.040000000002,swap,improve
2501,21,6986.639999999999,11,3556.040000000002,swap,improve
2502,21,7018.92,11,3556.040000000002,swap,acceptBad
2503,21,6973.160000000004,11,3556.040000000002,2opt,improve
2504,21,6973.160000000004,11,3556.040000000002,2opt,notBad
2505,21,6893.240000000003,11,3556.040000000002,move,improve
2506,21,6893.240000000003,11,3556.040000000002,move,improve
2507,21,6929.240000000002,11,3556.040000000002,swap,acceptBad
2508,21,6925.299999999999,11,3556.040000000002,swap,improve
2509,21,6925.299999999999,11,3556.040000000002,swap,notBad
2510,21,6925.299999999999,11,3556.040000000002,2opt,notBad
2511,21,6925.299999999999,11,3556.040000000002,swap,notBad
2512,21,6925.299999999999,11,3556.040000000002,2opt,notBad
2513,21,6928.779999999999,11,3556.040000000002,swap,acceptBad
2514,21,6928.779999999999,11,3556.040000000002,2opt,notBad
2515,21,6917.140000000001,11,3556.040000000002,2opt,improve
2516,21,6917.140000000001,11,3556.040000000002,2opt,notBad
2517,21,6920.520000000002,11,3556.040000000002,move,acceptBad
2518,21,6958.260000000002,11,3556.040000000002,swap,acceptBad
2519,21,6958.260000000002,11,3556.040000000002,move,improve
2520,21,6959.820000000002,11,3556.040000000002,2opt,acceptBad
2521,21,6974.460000000003,11,3556.040000000002,swap,acceptBad
2522,21,6964.340000000003,11,3556.040000000002,2opt,improve
2523,21,6950.059999999997,11,3556.040000000002,2opt,improve
2524,21,6950.059999999997,11,3556.040000000002,move,improve
2525,21,6929.66,11,3556.040000000002,swap,improve
2526,21,6929.66,11,3556.040000000002,swap,notBad
2527,21,6929.66,11,3556.040000000002,swap,notBad
2528,21,6927.86,11,3556.040000000002,move,improve
2529,21,6927.86,11,3556.040000000002,swap,notBad
2530,21,6904.039999999999,11,3556.040000000002,move,improve
2531,21,6923.179999999999,11,3556.040000000002,swap,acceptBad
2532,21,6923.179999999999,11,3556.040000000002,move,improve
2533,21,6923.179999999999,11,3556.040000000002,2opt,notBad
2534,21,6923.179999999999,11,3556.040000000002,move,improve
2535,21,6919.58,11,3556.040000000002,swap,improve
2536,21,6920.36,11,3556.040000000002,swap,acceptBad
2537,21,6920.36,11,3556.040000000002,move,improve
2538,21,6942.5599999999995,11,3556.040000000002,swap,acceptBad
2539,21,6933.62,11,3556.040000000002,move,improve
2540,21,6933.62,11,3556.040000000002,move,improve
2541,21,6933.62,11,3556.040000000002,2opt,notBad
2542,21,6933.62,11,3556.040000000002,2opt,notBad
2543,21,6930.24,11,3556.040000000002,move,improve
2544,21,6930.24,11,3556.040000000002,swap,notBad
2545,21,6930.24,11,3556.040000000002,move,improve
2546,21,6930.24,11,3556.040000000002,swap,notBad
2547,21,6973.5,11,3556.040000000002,swap,acceptBad
2548,21,6973.5,11,3556.040000000002,swap,notBad
2549,21,6973.5,11,3556.040000000002,move,improve
2550,21,7022.34,11,3556.040000000002,swap,acceptBad
2551,21,7069.5599999999995,11,3556.040000000002,swap,acceptBad
2552,21,7069.5599999999995,11,3556.040000000002,2opt,improve
2553,21,7069.5599999999995,11,3556.040000000002,swap,notBad
2554,21,7087.26,11,3556.040000000002,swap,acceptBad
2555,21,7151.340000000001,11,3556.040000000002,swap,acceptBad
2556,21,7109.580000000001,11,3556.040000000002,move,improve
2557,21,7109.580000000001,11,3556.040000000002,move,improve
2558,21,7114.26,11,3556.040000000002,swap,acceptBad
2559,21,7114.380000000001,11,3556.040000000002,swap,acceptBad
2560,21,7133.040000000001,11,3556.040000000002,swap,acceptBad
2561,21,7132.999999999998,11,3556.040000000002,move,improve
2562,21,7132.999999999998,11,3556.040000000002,2opt,improve
2563,21,7132.999999999998,11,3556.040000000002,swap,notBad
2564,21,7132.999999999998,11,3556.040000000002,move,improve
2565,21,7114.2199999999975,11,3556.040000000002,move,improve
2566,21,7114.2199999999975,11,3556.040000000002,move,improve
2567,21,7116.08,11,3556.040000000002,swap,acceptBad
2568,21,7130.879999999998,11,3556.040000000002,swap,acceptBad
2569,21,7064.959999999999,11,3556.040000000002,move,improve
2570,21,7080.56,11,3556.040000000002,2opt,acceptBad
2571,21,7079.9,11,3556.040000000002,2opt,improve
2572,21,7073.599999999999,11,3556.040000000002,swap,improve
2573,21,7073.599999999999,11,3556.040000000002,swap,notBad
2574,21,7073.599999999999,11,3556.040000000002,move,improve
2575,21,7073.599999999999,11,3556.040000000002,2opt,notBad
2576,21,7083.039999999999,11,3556.040000000002,swap,acceptBad
2577,21,7083.039999999999,11,3556.040000000002,move,improve
2578,21,7120.18,11,3556.040000000002,swap,acceptBad
2579,21,7120.18,11,3556.040000000002,move,improve
2580,21,7103.380000000001,11,3556.040000000002,move,improve
2581,21,7103.380000000001,11,3556.040000000002,2opt,notBad
2582,21,7103.380000000001,11,3556.040000000002,swap,notBad
2583,21,7127.92,11,3556.040000000002,swap,acceptBad
2584,21,7127.92,11,3556.040000000002,move,notBad
2585,21,7127.92,11,3556.040000000002,move,improve
2586,21,7127.92,11,3556.040000000002,2opt,notBad
2587,21,7125.1,11,3556.040000000002,move,improve
2588,21,7110.0599999999995,11,3556.040000000002,swap,improve
2589,21,7110.0599999999995,11,3556.040000000002,2opt,notBad
2590,21,7110.0599999999995,11,3556.040000000002,swap,notBad
2591,21,7110.0599999999995,11,3556.040000000002,move,improve
2592,21,7099.139999999999,11,3556.040000000002,move,improve
2593,21,7099.139999999999,11,3556.040000000002,move,improve
2594,21,7099.139999999999,11,3556.040000000002,swap,notBad
2595,21,7123.74,11,3556.040000000002,swap,acceptBad
2596,21,7123.74,11,3556.040000000002,2opt,improve
2597,21,7122.119999999999,11,3556.040000000002,swap,improve
2598,21,7122.119999999999,11,3556.040000000002,swap,improve
2599,21,7138.119999999999,11,3556.040000000002,swap,acceptBad
2600,21,7184.699999999999,11,3556.040000000002,swap,acceptBad
2601,21,7184.699999999999,11,3556.040000000002,2opt,notBad
2602,21,7184.699999999999,11,3556.040000000002,2opt,notBad
2603,21,7217.560000000001,11,3556.040000000002,swap,acceptBad
2604,21,7217.560000000001,11,3556.040000000002,2opt,notBad
2605,21,7217.560000000001,11,3556.040000000002,swap,notBad
2606,21,7217.560000000001,11,3556.040000000002,move,improve
2607,21,7217.560000000001,11,3556.040000000002,2opt,notBad
2608,21,7214.26,11,3556.040000000002,swap,improve
2609,21,7177.300000000001,11,3556.040000000002,move,improve
2610,21,7162.179999999999,11,3556.040000000002,swap,improve
2611,21,7121.779999999999,11,3556.040000000002,swap,improve
2612,21,7119.919999999999,11,3556.040000000002,swap,improve
2613,21,7119.919999999999,11,3556.040000000002,swap,notBad
2614,21,7119.919999999999,11,3556.040000000002,swap,notBad
2615,21,7119.919999999999,11,3556.040000000002,2opt,notBad
2616,21,7098.74,11,3556.040000000002,2opt,improve
2617,21,7093.0999999999985,11,3556.040000000002,swap,improve
2618,21,7078.339999999999,11,3556.040000000002,swap,improve
2619,21,7078.339999999999,11,3556.040000000002,move,improve
2620,21,7124.66,11,3556.040000000002,swap,acceptBad
2621,21,7124.66,11,3556.040000000002,move,improve
2622,21,7094.040000000001,11,3556.040000000002,move,improve
2623,21,7094.040000000001,11,3556.040000000002,move,notBad
2624,20,6641.799999999999,11,3556.040000000002,2opt,improve
2625,20,6635.92,11,3556.040000000002,swap,improve
2626,20,6635.92,11,3556.040000000002,2opt,notBad
2627,20,6635.92,11,3556.040000000002,2opt,notBad
2628,20,6635.92,11,3556.040000000002,2opt,improve
2629,20,6635.92,11,3556.040000000002,swap,notBad
2630,20,6635.92,11,3556.040000000002,2opt,notBad
2631,20,6616.66,11,3556.040000000002,move,improve
2632,20,6608.139999999999,11,3556.040000000002,move,improve
2633,20,6527.599999999999,11,3556.040000000002,move,improve
2634,20,6527.599999999999,11,3556.040000000002,swap,notBad
2635,20,6527.599999999999,11,3556.040000000002,swap,notBad
2636,20,6519.44,11,3556.040000000002,move,improve
2637,20,6519.44,11,3556.040000000002,2opt,notBad
2638,20,6519.44,11,3556.040000000002,2opt,improve
2639,20,6521.24,11,3556.040000000002,swap,acceptBad
2640,20,6513.140000000001,11,3556.040000000002,swap,improve
2641,20,6513.140000000001,11,3556.040000000002,2opt,notBad
2642,20,6541.640000000001,11,3556.040000000002,swap,acceptBad
2643,20,6541.640000000001,11,3556.040000000002,2opt,notBad
2644,20,6554.0599999999995,11,3556.040000000002,2opt,acceptBad
2645,20,6482.819999999999,11,3556.040000000002,move,improve
2646,20,6470.6,11,3556.040000000002,swap,improve
2647,20,6460.84,11,3556.040000000002,swap,improve
2648,20,6464.200000000001,11,3556.040000000002,swap,acceptBad
2649,20,6464.200000000001,11,3556.040000000002,move,improve
2650,20,6473.86,11,3556.040000000002,2opt,acceptBad
2651,20,6473.86,11,3556.040000000002,swap,notBad
2652,20,6473.86,11,3556.040000000002,2opt,notBad
2653,20,6473.86,11,3556.040000000002,move,improve
2654,20,6473.86,11,3556.040000000002,2opt,notBad
2655,20,6444.879999999999,11,3556.040000000002,move,improve
2656,20,6444.879999999999,11,3556.040000000002,2opt,notBad
2657,20,6444.879999999999,11,3556.040000000002,move,improve
2658,20,6444.879999999999,11,3556.040000000002,2opt,notBad
2659,20,6444.879999999999,11,3556.040000000002,2opt,notBad
2660,20,6444.879999999999,11,3556.040000000002,move,improve
2661,20,6444.879999999999,11,3556.040000000002,swap,notBad
2662,20,6455.26,11,3556.040000000002,swap,acceptBad
2663,20,6459.58,11,3556.040000000002,swap,acceptBad
2664,20,6490.42,11,3556.040000000002,swap,acceptBad
2665,20,6490.42,11,3556.040000000002,move,improve
2666,20,6472.460000000001,11,3556.040000000002,swap,improve
2667,20,6470.84,11,3556.040000000002,2opt,improve
2668,20,6375.46,11,3556.040000000002,swap,improve
2669,20,6361.92,11,3556.040000000002,swap,improve
2670,20,6361.92,11,3556.040000000002,swap,notBad
2671,20,6361.92,11,3556.040000000002,move,improve
2672,20,6361.92,11,3556.040000000002,move,improve
2673,20,6361.92,11,3556.040000000002,swap,notBad
2674,20,6358.74,11,3556.040000000002,2opt,improve
2675,20,6356.880000000001,11,3556.040000000002,2opt,improve
2676,20,6356.880000000001,11,3556.040000000002,2opt,notBad
2677,20,6356.880000000001,11,3556.040000000002,2opt,notBad
2678,20,6356.880000000001,11,3556.040000000002,swap,notBad
2679,20,6332.58,11,3556.040000000002,move,improve
2680,20,6324.0,11,3556.040000000002,swap,improve
2681,20,6324.0,11,3556.040000000002,move,improve
2682,20,6337.4400000000005,11,3556.040000000002,swap,acceptBad
2683,20,6337.4400000000005,11,3556.040000000002,2opt,notBad
2684,20,6337.4400000000005,11,3556.040000000002,swap,notBad
2685,20,6260.960000000001,11,3556.040000000002,2opt,improve
2686,20,6288.92,11,3556.040000000002,2opt,acceptBad
2687,20,6288.92,11,3556.040000000002,2opt,notBad
2688,20,6269.78,11,3556.040000000002,2opt,improve
2689,20,6269.78,11,3556.040000000002,2opt,notBad
2690,20,6269.78,11,3556.040000000002,move,improve
2691,20,6279.08,11,3556.040000000002,2opt,acceptBad
2692,20,6279.08,11,3556.040000000002,swap,notBad
2693,20,6249.98,11,3556.040000000002,move,improve
2694,20,6249.98,11,3556.040000000002,2opt,notBad
2695,20,6249.98,11,3556.040000000002,move,improve
2696,20,6285.74,11,3556.040000000002,swap,acceptBad
2697,20,6285.74,11,3556.040000000002,move,improve
2698,20,6253.76,11,3556.040000000002,move,improve
2699,20,6239.42,11,3556.040000000002,2opt,improve
2700,20,6239.42,11,3556.040000000002,move,improve
2701,20,6239.42,11,3556.040000000002,2opt,notBad
2702,20,6160.68,11,3556.040000000002,move,improve
2703,20,6160.68,11,3556.040000000002,move,improve
2704,20,6160.68,11,3556.040000000002,2opt,notBad
2705,20,6212.280000000001,11,3556.040000000002,swap,acceptBad
2706,20,6240.780000000001,11,3556.040000000002,swap,acceptBad
2707,20,6240.780000000001,11,3556.040000000002,swap,notBad
2708,20,6240.120000000001,11,3556.040000000002,move,improve
2709,20,6220.9800000000005,11,3556.040000000002,move,improve
2710,20,6251.52,11,3556.040000000002,swap,acceptBad
2711,20,6250.720000000001,11,3556.040000000002,move,improve
2712,20,6250.720000000001,11,3556.040000000002,2opt,notBad
2713,20,6250.720000000001,11,3556.040000000002,move,improve
2714,20,6250.720000000001,11,3556.040000000002,2opt,notBad
2715,20,6246.280000000002,11,3556.040000000002,move,improve
2716,20,6246.280000000002,11,3556.040000000002,swap,notBad
2717,20,6246.280000000002,11,3556.040000000002,swap,notBad
2718,20,6238.3600000000015,11,3556.040000000002,move,improve
2719,20,6238.3600000000015,11,3556.040000000002,swap,notBad
2720,20,6242.32,11,3556.040000000002,2opt,acceptBad
2721,20,6319.02,11,3556.040000000002,swap,acceptBad
2722,20,6319.02,11,3556.040000000002,move,improve
2723,20,6319.02,11,3556.040000000002,2opt,notBad
2724,20,6319.02,11,3556.040000000002,2opt,notBad
2725,20,6321.679999999999,11,3556.040000000002,swap,acceptBad
2726,20,6321.679999999999,11,3556.040000000002,move,improve
2727,20,6301.100000000001,11,3556.040000000002,2opt,improve
2728,20,6301.100000000001,11,3556.040000000002,2opt,notBad
2729,20,6299.239999999999,11,3556.040000000002,2opt,improve
2730,20,6265.699999999999,11,3556.040000000002,move,improve
2731,20,6295.279999999999,11,3556.040000000002,swap,acceptBad
2732,20,6264.499999999999,11,3556.040000000002,move,improve
2733,20,6262.099999999999,11,3556.040000000002,swap,improve
2734,20,6240.860000000001,11,3556.040000000002,2opt,improve
2735,20,6240.860000000001,11,3556.040000000002,2opt,notBad
2736,20,6240.860000000001,11,3556.040000000002,2opt,notBad
2737,20,6240.860000000001,11,3556.040000000002,2opt,notBad
2738,20,6075.919999999998,11,3556.040000000002,move,improve
2739,20,6075.919999999998,11,3556.040000000002,move,improve
2740,20,6075.919999999998,11,3556.040000000002,move,improve
2741,20,6071.9,11,3556.040000000002,move,improve
2742,20,6071.9,11,3556.040000000002,move,improve
2743,20,6050.1799999999985,11,3556.040000000002,move,improve
2744,20,6050.1799999999985,11,3556.040000000002,2opt,notBad
2745,20,6050.1799999999985,11,3556.040000000002,move,improve
2746,20,6050.1799999999985,11,3556.040000000002,move,improve
2747,20,6050.1799999999985,11,3556.040000000002,move,improve
2748,20,6042.319999999999,11,3556.040000000002,swap,improve
2749,20,6063.62,11,3556.040000000002,2opt,acceptBad
2750,20,6100.1,11,3556.040000000002,swap,acceptBad
2751,20,6080.0,11,3556.040000000002,move,improve
2752,20,6109.64,11,3556.040000000002,swap,acceptBad
2753,20,6109.64,11,3556.040000000002,2opt,notBad
2754,20,6132.68,11,3556.040000000002,swap,acceptBad
2755,20,6132.68,11,3556.040000000002,move,improve
2756,20,6132.68,11,3556.040000000002,swap,notBad
2757,20,6113.42,11,3556.040000000002,move,improve
2758,20,6113.42,11,3556.040000000002,swap,notBad
2759,20,6077.279999999999,11,3556.040000000002,swap,improve
2760,20,6082.199999999999,11,3556.040000000002,2opt,acceptBad
2761,20,6082.199999999999,11,3556.040000000002,2opt,notBad
2762,20,6093.539999999999,11,3556.040000000002,swap,acceptBad
2763,20,6093.539999999999,11,3556.040000000002,swap,improve
2764,20,6093.539999999999,11,3556.040000000002,move,improve
2765,20,6093.539999999999,11,3556.040000000002,2opt,notBad
2766,20,6089.519999999999,11,3556.040000000002,2opt,improve
2767,20,6073.859999999999,11,3556.040000000002,swap,improve
2768,20,6089.839999999997,11,3556.040000000002,2opt,acceptBad
2769,20,6087.0199999999995,11,3556.040000000002,2opt,improve
2770,20,6071.720000000001,11,3556.040000000002,2opt,improve
2771,20,6082.52,11,3556.040000000002,swap,acceptBad
2772,20,6082.52,11,3556.040000000002,swap,notBad
2773,20,6082.52,11,3556.040000000002,swap,notBad
2774,20,6082.52,11,3556.040000000002,swap,notBad
2775,20,6082.52,11,3556.040000000002,2opt,notBad
2776,20,6082.52,11,3556.040000000002,2opt,notBad
2777,20,6107.06,11,3556.040000000002,swap,acceptBad
2778,20,6084.02,11,3556.040000000002,move,improve
2779,20,6084.02,11,3556.040000000002,2opt,notBad
2780,20,6084.02,11,3556.040000000002,2opt,notBad
2781,20,6088.579999999999,11,3556.040000000002,2opt,acceptBad
2782,20,6091.0999999999985,11,3556.040000000002,2opt,acceptBad
2783,20,6068.539999999999,11,3556.040000000002,2opt,improve
2784,20,6068.539999999999,11,3556.040000000002,2opt,notBad
2785,20,6037.0999999999985,11,3556.040000000002,move,improve
2786,20,6059.719999999999,11,3556.040000000002,swap,acceptBad
2787,20,6057.5599999999995,11,3556.040000000002,move,improve
2788,20,6070.579999999999,11,3556.040000000002,swap,acceptBad
2789,20,6049.82,11,3556.040000000002,swap,improve
2790,19,5704.419999999999,11,3556.040000000002,move,improve
2791,19,5688.5,11,3556.040000000002,swap,improve
2792,19,5679.4400000000005,11,3556.040000000002,swap,improve
2793,19,5679.4400000000005,11,3556.040000000002,swap,notBad
2794,19,5601.4000000000015,11,3556.040000000002,swap,improve
2795,19,5630.800000000001,11,3556.040000000002,swap,acceptBad
2796,19,5630.800000000001,11,3556.040000000002,move,improve
2797,19,5638.720000000001,11,3556.040000000002,swap,acceptBad
2798,19,5638.720000000001,11,3556.040000000002,2opt,notBad
2799,19,5638.720000000001,11,3556.040000000002,2opt,notBad
2800,19,5626.9,11,3556.040000000002,move,improve
2801,19,5585.92,11,3556.040000000002,move,improve
2802,19,5585.92,11,3556.040000000002,move,improve
2803,19,5585.92,11,3556.040000000002,swap,notBad
2804,19,5585.92,11,3556.040000000002,swap,notBad
2805,19,5593.780000000002,11,3556.040000000002,2opt,acceptBad
2806,19,5593.780000000002,11,3556.040000000002,swap,notBad
2807,19,5591.5599999999995,11,3556.040000000002,2opt,improve
2808,19,5545.380000000001,11,3556.040000000002,2opt,improve
2809,19,5545.380000000001,11,3556.040000000002,2opt,notBad
2810,19,5545.380000000001,11,3556.040000000002,2opt,notBad
2811,19,5527.380000000001,11,3556.040000000002,move,improve
2812,19,5532.96,11,3556.040000000002,2opt,acceptBad
2813,19,5533.08,11,3556.040000000002,swap,acceptBad
2814,19,5533.08,11,3556.040000000002,move,improve
2815,19,5533.08,11,3556.040000000002,move,improve
2816,19,5533.08,11,3556.040000000002,swap,notBad
2817,19,5533.08,11,3556.040000000002,2opt,notBad
2818,19,5533.08,11,3556.040000000002,move,improve
2819,19,5533.08,11,3556.040000000002,2opt,notBad
2820,19,5533.08,11,3556.040000000002,swap,notBad
2821,19,5488.4400000000005,11,3556.040000000002,move,improve
2822,19,5524.619999999998,11,3556.040000000002,swap,acceptBad
2823,19,5524.619999999998,11,3556.040000000002,2opt,improve
2824,19,5543.039999999999,11,3556.040000000002,2opt,acceptBad
2825,19,5534.299999999997,11,3556.040000000002,move,improve
2826,19,5420.939999999998,11,3556.040000000002,2opt,improve
2827,19,5441.379999999998,11,3556.040000000002,swap,acceptBad
2828,19,5441.379999999998,11,3556.040000000002,2opt,notBad
2829,19,5441.379999999998,11,3556.040000000002,2opt,notBad
2830,19,5441.379999999998,11,3556.040000000002,move,improve
2831,19,5434.959999999998,11,3556.040000000002,swap,improve
2832,19,5434.959999999998,11,3556.040000000002,move,improve
2833,19,5434.959999999998,11,3556.040000000002,2opt,improve
2834,19,5434.959999999998,11,3556.040000000002,move,improve
2835,19,5417.979999999998,11,3556.040000000002,move,improve
2836,19,5417.979999999998,11,3556.040000000002,2opt,notBad
2837,19,5417.979999999998,11,3556.040000000002,2opt,notBad
2838,19,5405.079999999998,11,3556.040000000002,move,improve
2839,19,5405.079999999998,11,3556.040000000002,move,improve
2840,19,5405.079999999998,11,3556.040000000002,swap,notBad
2841,19,5404.779999999999,11,3556.040000000002,swap,improve
2842,19,5404.779999999999,11,3556.040000000002,move,improve
2843,19,5392.539999999999,11,3556.040000000002,move,improve
2844,19,5392.539999999999,11,3556.040000000002,swap,notBad
2845,19,5392.539999999999,11,3556.040000000002,swap,notBad
2846,19,5445.919999999998,11,3556.040000000002,swap,acceptBad
2847,19,5416.159999999998,11,3556.040000000002,swap,improve
2848,19,5408.1799999999985,11,3556.040000000002,move,improve
2849,19,5379.499999999998,11,3556.040000000002,move,improve
2850,19,5379.499999999998,11,3556.040000000002,2opt,notBad
2851,19,5379.499999999998,11,3556.040000000002,2opt,notBad
2852,19,5385.319999999998,11,3556.040000000002,swap,acceptBad
2853,19,5419.219999999998,11,3556.040000000002,swap,acceptBad
2854,19,5419.219999999998,11,3556.040000000002,swap,notBad
2855,19,5392.819999999998,11,3556.040000000002,move,improve
2856,19,5378.299999999998,11,3556.040000000002,move,improve
2857,19,5379.1399999999985,11,3556.040000000002,swap,acceptBad
2858,19,5378.059999999998,11,3556.040000000002,swap,improve
2859,19,5372.479999999998,11,3556.040000000002,swap,improve
2860,19,5372.479999999998,11,3556.040000000002,move,improve
2861,19,5370.859999999998,11,3556.040000000002,move,improve
2862,19,5370.859999999998,11,3556.040000000002,move,improve
2863,19,5370.859999999998,11,3556.040000000002,move,improve
2864,19,5427.499999999996,11,3556.040000000002,swap,acceptBad
2865,19,5427.499999999996,11,3556.040000000002,2opt,notBad
2866,19,5441.2999999999965,11,3556.040000000002,swap,acceptBad
2867,19,5442.919999999998,11,3556.040000000002,2opt,acceptBad
2868,19,5418.199999999998,11,3556.040000000002,swap,improve
2869,19,5422.139999999998,11,3556.040000000002,swap,acceptBad
2870,19,5422.139999999998,11,3556.040000000002,move,improve
2871,19,5422.139999999998,11,3556.040000000002,2opt,notBad
2872,19,5416.619999999998,11,3556.040000000002,swap,improve
2873,19,5414.219999999999,11,3556.040000000002,2opt,improve
2874,19,5420.159999999998,11,3556.040000000002,swap,acceptBad
2875,19,5417.879999999999,11,3556.040000000002,move,improve
2876,19,5392.6799999999985,11,3556.040000000002,move,improve
2877,19,5391.5999999999985,11,3556.040000000002,swap,improve
2878,19,5391.5999999999985,11,3556.040000000002,move,improve
2879,19,5391.5999999999985,11,3556.040000000002,move,improve
2880,19,5391.5999999999985,11,3556.040000000002,2opt,notBad
2881,19,5390.399999999999,11,3556.040000000002,move,improve
2882,19,5390.399999999999,11,3556.040000000002,swap,notBad
2883,19,5390.399999999999,11,3556.040000000002,move,improve
2884,19,5390.399999999999,11,3556.040000000002,2opt,notBad
2885,19,5390.399999999999,11,3556.040000000002,swap,notBad
2886,19,5390.399999999999,11,3556.040000000002,2opt,notBad
2887,19,5372.5999999999985,11,3556.040000000002,swap,improve
2888,19,5372.5999999999985,11,3556.040000000002,2opt,notBad
2889,19,5372.5999999999985,11,3556.040000000002,2opt,notBad
2890,19,5372.5999999999985,11,3556.040000000002,2opt,notBad
2891,19,5360.1799999999985,11,3556.040000000002,move,improve
2892,19,5360.1799999999985,11,3556.040000000002,2opt,notBad
2893,19,5360.1799999999985,11,3556.040000000002,2opt,notBad
2894,19,5360.1799999999985,11,3556.040000000002,2opt,notBad
2895,19,5358.26,11,3556.040000000002,2opt,improve
2896,19,5293.26,11,3556.040000000002,swap,improve
2897,19,5293.26,11,3556.040000000002,swap,notBad
2898,19,5293.26,11,3556.040000000002,move,improve
2899,19,5159.88,11,3556.040000000002,swap,improve
2900,19,5142.78,11,3556.040000000002,move,improve
2901,19,5142.78,11,3556.040000000002,swap,notBad
2902,19,5142.78,11,3556.040000000002,2opt,notBad
2903,19,5142.78,11,3556.040000000002,move,improve
2904,19,5141.94,11,3556.040000000002,move,improve
2905,19,5141.94,11,3556.040000000002,move,improve
2906,19,5121.24,11,3556.040000000002,move,improve
2907,19,5121.24,11,3556.040000000002,2opt,notBad
2908,19,5121.24,11,3556.040000000002,move,improve
2909,19,5120.34,11,3556.040000000002,swap,improve
2910,19,5120.34,11,3556.040000000002,move,improve
2911,19,5120.34,11,3556.040000000002,move,improve
2912,19,5120.34,11,3556.040000000002,swap,notBad
2913,19,5120.34,11,3556.040000000002,2opt,notBad
2914,19,5120.34,11,3556.040000000002,move,improve
2915,19,5120.34,11,3556.040000000002,move,improve
2916,19,5120.34,11,3556.040000000002,2opt,notBad
2917,19,5126.459999999999,11,3556.040000000002,swap,acceptBad
2918,19,5135.219999999999,11,3556.040000000002,swap,acceptBad
2919,19,5135.219999999999,11,3556.040000000002,2opt,notBad
2920,19,5135.219999999999,11,3556.040000000002,move,improve
2921,19,5135.219999999999,11,3556.040000000002,swap,notBad
2922,19,5135.219999999999,11,3556.040000000002,move,improve
2923,19,5135.219999999999,11,3556.040000000002,2opt,notBad
2924,19,5192.46,11,3556.040000000002,swap,acceptBad
2925,19,5192.46,11,3556.040000000002,swap,notBad
2926,19,5192.46,11,3556.040000000002,2opt,notBad
2927,19,5192.46,11,3556.040000000002,2opt,notBad
2928,19,5192.46,11,3556.040000000002,swap,notBad
2929,19,5184.740000000001,11,3556.040000000002,swap,improve
2930,19,5184.740000000001,11,3556.040000000002,swap,notBad
2931,19,5165.42,11,3556.040000000002,move,improve
2932,19,5165.42,11,3556.040000000002,swap,notBad
2933,19,5165.42,11,3556.040000000002,2opt,notBad
2934,19,5165.42,11,3556.040000000002,swap,notBad
2935,19,5165.42,11,3556.040000000002,2opt,notBad
2936,19,5165.42,11,3556.040000000002,2opt,notBad
2937,19,5165.42,11,3556.040000000002,swap,notBad
2938,19,5165.42,11,3556.040000000002,2opt,notBad
2939,19,5165.42,11,3556.040000000002,move,improve
2940,19,5165.42,11,3556.040000000002,move,improve
2941,19,5165.42,11,3556.040000000002,move,improve
2942,19,5165.42,11,3556.040000000002,swap,notBad
2943,19,5165.42,11,3556.040000000002,move,improve
2944,19,5165.42,11,3556.040000000002,move,improve
2945,19,5148.420000000002,11,3556.040000000002,2opt,improve
2946,19,5201.1,11,3556.040000000002,swap,acceptBad
2947,19,5133.300000000001,11,3556.040000000002,2opt,improve
2948,19,5133.300000000001,11,3556.040000000002,move,improve
2949,19,5142.6,11,3556.040000000002,swap,acceptBad
2950,19,5137.560000000001,11,3556.040000000002,swap,improve
2951,19,5137.560000000001,11,3556.040000000002,move,improve
2952,19,5137.560000000001,11,3556.040000000002,2opt,notBad
2953,19,5187.180000000001,11,3556.040000000002,swap,acceptBad
2954,19,5187.180000000001,11,3556.040000000002,move,improve
2955,19,5187.180000000001,11,3556.040000000002,2opt,notBad
2956,19,5187.180000000001,11,3556.040000000002,2opt,notBad
2957,19,5187.180000000001,11,3556.040000000002,2opt,notBad
2958,19,5187.180000000001,11,3556.040000000002,move,improve
2959,19,5188.259999999999,11,3556.040000000002,2opt,acceptBad
2960,19,5188.259999999999,11,3556.040000000002,swap,notBad
2961,19,5132.5,11,3556.040000000002,move,improve
2962,19,5132.5,11,3556.040000000002,swap,notBad
2963,19,5132.5,11,3556.040000000002,move,improve
2964,19,5132.5,11,3556.040000000002,swap,notBad
2965,19,5132.02,11,3556.040000000002,swap,improve
2966,19,5126.4400000000005,11,3556.040000000002,2opt,improve
2967,19,5126.4400000000005,11,3556.040000000002,2opt,notBad
2968,19,5126.4400000000005,11,3556.040000000002,2opt,notBad
2969,19,5126.4400000000005,11,3556.040000000002,move,improve
2970,19,5126.4400000000005,11,3556.040000000002,2opt,notBad
2971,19,5121.34,11,3556.040000000002,2opt,improve
2972,19,5121.34,11,3556.040000000002,move,notBad
2973,19,5121.34,11,3556.040000000002,move,improve
2974,19,5118.76,11,3556.040000000002,swap,improve
2975,19,5118.76,11,3556.040000000002,swap,notBad
2976,19,5117.6799999999985,11,3556.040000000002,2opt,improve
2977,19,5060.439999999999,11,3556.040000000002,swap,improve
2978,19,5065.360000000001,11,3556.040000000002,2opt,acceptBad
2979,19,5065.360000000001,11,3556.040000000002,swap,notBad
2980,19,5065.360000000001,11,3556.040000000002,2opt,notBad
2981,19,5065.360000000001,11,3556.040000000002,move,improve
2982,19,5042.08,11,3556.040000000002,swap,improve
2983,19,5042.08,11,3556.040000000002,move,improve
2984,19,5042.08,11,3556.040000000002,2opt,notBad
2985,19,5042.08,11,3556.040000000002,2opt,notBad
2986,19,5057.4400000000005,11,3556.040000000002,swap,acceptBad
2987,19,5057.4400000000005,11,3556.040000000002,swap,notBad
2988,19,5057.4400000000005,11,3556.040000000002,swap,notBad
2989,19,4954.540000000001,11,3556.040000000002,swap,improve
2990,19,4954.540000000001,11,3556.040000000002,swap,notBad
2991,19,4954.540000000001,11,3556.040000000002,move,improve
2992,19,4920.460000000001,11,3556.040000000002,swap,improve
2993,19,4920.460000000001,11,3556.040000000002,2opt,notBad
2994,19,4920.460000000001,11,3556.040000000002,2opt,notBad
2995,19,4915.66,11,3556.040000000002,move,improve
2996,19,4917.52,11,3556.040000000002,swap,acceptBad
2997,19,4917.52,11,3556.040000000002,swap,notBad
2998,19,4958.380000000001,11,3556.040000000002,swap,acceptBad
2999,19,4961.620000000001,11,3556.040000000002,swap,acceptBad
3000,19,4946.8,11,3556.040000000002,swap,improve
3001,19,4946.8,11,3556.040000000002,move,improve
3002,19,4969.540000000001,11,3556.040000000002,swap,acceptBad
3003,19,5013.34,11,3556.040000000002,swap,acceptBad
3004,19,5013.34,11,3556.040000000002,move,improve
3005,19,5003.62,11,3556.040000000002,swap,improve
3006,19,5003.62,11,3556.040000000002,move,improve
3007,19,5003.62,11,3556.040000000002,move,improve
3008,19,5003.62,11,3556.040000000002,2opt,notBad
3009,19,5003.62,11,3556.040000000002,move,improve
3010,19,5003.62,11,3556.040000000002,2opt,notBad
3011,19,5003.62,11,3556.040000000002,swap,notBad
3012,19,4998.64,11,3556.040000000002,move,improve
3013,19,4976.5,11,3556.040000000002,move,improve
3014,19,4998.9400000000005,11,3556.040000000002,swap,acceptBad
3015,19,4998.9400000000005,11,3556.040000000002,move,improve
3016,19,4998.9400000000005,11,3556.040000000002,swap,notBad
3017,19,4998.9400000000005,11,3556.040000000002,swap,notBad
3018,19,4998.9400000000005,11,3556.040000000002,2opt,notBad
3019,19,4998.9400000000005,11,3556.040000000002,2opt,improve
3020,19,4998.9400000000005,11,3556.040000000002,swap,notBad
3021,19,4998.9400000000005,11,3556.040000000002,move,improve
3022,19,4998.9400000000005,11,3556.040000000002,swap,notBad
3023,19,4998.9400000000005,11,3556.040000000002,2opt,notBad
3024,19,4998.9400000000005,11,3556.040000000002,swap,notBad
3025,19,4972.9,11,3556.040000000002,move,improve
3026,19,4972.9,11,3556.040000000002,2opt,notBad
3027,19,4972.9,11,3556.040000000002,move,improve
3028,19,4960.26,11,3556.040000000002,move,improve
3029,19,4959.599999999999,11,3556.040000000002,move,improve
3030,19,4959.599999999999,11,3556.040000000002,swap,notBad
3031,19,4915.98,11,3556.040000000002,2opt,improve
3032,19,4904.0999999999985,11,3556.040000000002,2opt,improve
3033,19,4904.0999999999985,11,3556.040000000002,swap,notBad
3034,19,4902.959999999999,11,3556.040000000002,move,improve
3035,19,4801.92,11,3556.040000000002,move,improve
3036,19,4801.199999999999,11,3556.040000000002,swap,improve
3037,18,4474.019999999999,11,3556.040000000002,move,improve
3038,18,4474.019999999999,11,3556.040000000002,move,improve
3039,18,4474.019999999999,11,3556.040000000002,swap,notBad
3040,18,4473.479999999998,11,3556.040000000002,move,improve
3041,18,4473.479999999998,11,3556.040000000002,move,improve
3042,18,4473.479999999998,11,3556.040000000002,swap,notBad
3043,18,4473.479999999998,11,3556.040000000002,move,improve
3044,18,4473.479999999998,11,3556.040000000002,swap,notBad
3045,18,4473.479999999998,11,3556.040000000002,move,improve
3046,18,4473.479999999998,11,3556.040000000002,2opt,improve
3047,18,4473.479999999998,11,3556.040000000002,2opt,notBad
3048,18,4436.519999999999,11,3556.040000000002,move,improve
3049,18,4436.519999999999,11,3556.040000000002,swap,notBad
3050,18,4436.519999999999,11,3556.040000000002,move,improve
3051,18,4439.7599999999975,11,3556.040000000002,2opt,acceptBad
3052,18,4444.379999999997,11,3556.040000000002,swap,acceptBad
3053,18,4444.379999999997,11,3556.040000000002,move,improve
3054,18,4444.379999999997,11,3556.040000000002,swap,notBad
3055,18,4430.399999999997,11,3556.040000000002,swap,improve
3056,18,4455.179999999998,11,3556.040000000002,swap,acceptBad
3057,18,4455.179999999998,11,3556.040000000002,2opt,notBad
3058,18,4454.459999999997,11,3556.040000000002,move,improve
3059,18,4454.459999999997,11,3556.040000000002,swap,notBad
3060,18,4454.459999999997,11,3556.040000000002,swap,notBad
3061,18,4454.459999999997,11,3556.040000000002,move,improve
3062,18,4454.459999999997,11,3556.040000000002,2opt,notBad
3063,18,4454.459999999997,11,3556.040000000002,swap,notBad
3064,18,4454.459999999997,11,3556.040000000002,2opt,notBad
3065,18,4410.399999999998,11,3556.040000000002,swap,improve
3066,18,4410.399999999998,11,3556.040000000002,2opt,notBad
3067,18,4410.399999999998,11,3556.040000000002,move,improve
3068,18,4386.68,11,3556.040000000002,2opt,improve
3069,18,4386.68,11,3556.040000000002,swap,notBad
3070,18,4386.68,11,3556.040000000002,move,improve
3071,18,4387.8200000000015,11,3556.040000000002,2opt,acceptBad
3072,18,4421.84,11,3556.040000000002,swap,acceptBad
3073,18,4421.84,11,3556.040000000002,2opt,notBad
3074,18,4421.84,11,3556.040000000002,2opt,notBad
3075,18,4423.820000000001,11,3556.040000000002,swap,acceptBad
3076,18,4423.820000000001,11,3556.040000000002,move,improve
3077,18,4423.820000000001,11,3556.040000000002,move,improve
3078,18,4421.3,11,3556.040000000002,move,improve
3079,18,4371.740000000002,11,3556.040000000002,swap,improve
3080,18,4396.100000000001,11,3556.040000000002,swap,acceptBad
3081,18,4396.100000000001,11,3556.040000000002,2opt,notBad
3082,18,4396.100000000001,11,3556.040000000002,move,improve
3083,18,4396.100000000001,11,3556.040000000002,swap,notBad
3084,18,4396.100000000001,11,3556.040000000002,move,improve
3085,18,4365.76,11,3556.040000000002,swap,improve
3086,18,4365.76,11,3556.040000000002,move,improve
3087,18,4365.76,11,3556.040000000002,swap,notBad
3088,18,4324.72,11,3556.040000000002,move,improve
3089,18,4309.42,11,3556.040000000002,swap,improve
3090,18,4309.42,11,3556.040000000002,2opt,notBad
3091,18,4309.42,11,3556.040000000002,2opt,notBad
3092,18,4309.42,11,3556.040000000002,swap,notBad
3093,18,4290.16,11,3556.040000000002,move,improve
3094,18,4299.58,11,3556.040000000002,swap,acceptBad
3095,18,4299.58,11,3556.040000000002,2opt,improve
3096,18,4299.58,11,3556.040000000002,2opt,notBad
3097,18,4299.58,11,3556.040000000002,2opt,notBad
3098,18,4299.58,11,3556.040000000002,swap,notBad
3099,18,4299.58,11,3556.040000000002,swap,notBad
3100,18,4299.58,11,3556.040000000002,swap,notBad
3101,18,4314.1,11,3556.040000000002,swap,acceptBad
3102,18,4314.1,11,3556.040000000002,swap,notBad
3103,18,4314.1,11,3556.040000000002,move,improve
3104,18,4314.1,11,3556.040000000002,2opt,notBad
3105,18,4314.1,11,3556.040000000002,move,improve
3106,18,4292.500000000003,11,3556.040000000002,2opt,improve
3107,18,4292.500000000003,11,3556.040000000002,2opt,notBad
3108,18,4292.500000000003,11,3556.040000000002,swap,notBad
3109,18,4308.040000000003,11,3556.040000000002,swap,acceptBad
3110,18,4309.840000000001,11,3556.040000000002,2opt,acceptBad
3111,18,4292.800000000001,11,3556.040000000002,move,improve
3112,18,4302.540000000001,11,3556.040000000002,swap,acceptBad
3113,18,4302.540000000001,11,3556.040000000002,move,improve
3114,18,4302.540000000001,11,3556.040000000002,2opt,notBad
3115,18,4302.540000000001,11,3556.040000000002,move,improve
3116,18,4218.12,11,3556.040000000002,swap,improve
3117,18,4218.12,11,3556.040000000002,move,improve
3118,18,4218.12,11,3556.040000000002,move,improve
3119,18,4218.12,11,3556.040000000002,2opt,notBad
3120,18,4218.12,11,3556.040000000002,swap,notBad
3121,18,4218.12,11,3556.040000000002,move,improve
3122,18,4218.12,11,3556.040000000002,move,improve
3123,18,4218.12,11,3556.040000000002,2opt,notBad
3124,18,4218.12,11,3556.040000000002,move,improve
3125,18,4218.12,11,3556.040000000002,2opt,notBad
3126,18,4218.12,11,3556.040000000002,swap,notBad
3127,18,4218.12,11,3556.040000000002,move,improve
3128,18,4218.12,11,3556.040000000002,swap,notBad
3129,18,4218.12,11,3556.040000000002,2opt,notBad
3130,18,4218.12,11,3556.040000000002,2opt,notBad
3131,18,4218.12,11,3556.040000000002,2opt,notBad
3132,18,4218.12,11,3556.040000000002,move,improve
3133,18,4218.12,11,3556.040000000002,swap,notBad
3134,18,4216.14,11,3556.040000000002,2opt,improve
3135,18,4215.420000000001,11,3556.040000000002,move,improve
3136,18,4215.420000000001,11,3556.040000000002,2opt,notBad
3137,18,4215.420000000001,11,3556.040000000002,move,improve
3138,18,4215.420000000001,11,3556.040000000002,move,improve
3139,18,4215.420000000001,11,3556.040000000002,2opt,notBad
3140,18,4215.420000000001,11,3556.040000000002,2opt,notBad
3141,18,4215.420000000001,11,3556.040000000002,2opt,notBad
3142,18,4214.400000000001,11,3556.040000000002,move,improve
3143,18,4236.000000000001,11,3556.040000000002,swap,acceptBad
3144,18,4236.000000000001,11,3556.040000000002,2opt,notBad
3145,18,4236.000000000001,11,3556.040000000002,2opt,improve
3146,18,4245.480000000001,11,3556.040000000002,swap,acceptBad
3147,18,4242.120000000001,11,3556.040000000002,swap,improve
3148,18,4242.120000000001,11,3556.040000000002,swap,notBad
3149,18,4230.960000000001,11,3556.040000000002,move,improve
3150,18,4230.960000000001,11,3556.040000000002,swap,notBad
3151,18,4230.960000000001,11,3556.040000000002,move,improve
3152,18,4230.220000000001,11,3556.040000000002,swap,improve
3153,18,4230.220000000001,11,3556.040000000002,swap,notBad
3154,18,4230.220000000001,11,3556.040000000002,move,improve
3155,18,4230.220000000001,11,3556.040000000002,2opt,notBad
3156,18,4230.220000000001,11,3556.040000000002,swap,notBad
3157,18,4230.220000000001,11,3556.040000000002,move,improve
3158,18,4228.240000000002,11,3556.040000000002,2opt,improve
3159,18,4174.040000000002,11,3556.040000000002,move,improve
3160,18,4174.040000000002,11,3556.040000000002,move,improve
3161,18,4174.040000000002,11,3556.040000000002,2opt,notBad
3162,18,4193.060000000002,11,3556.040000000002,swap,acceptBad
3163,18,4193.060000000002,11,3556.040000000002,2opt,notBad
3164,18,4193.060000000002,11,3556.040000000002,swap,notBad
3165,18,4193.060000000002,11,3556.040000000002,swap,notBad
3166,18,4192.880000000002,11,3556.040000000002,2opt,improve
3167,18,4192.880000000002,11,3556.040000000002,2opt,notBad
3168,18,4186.360000000001,11,3556.040000000002,move,improve
3169,18,4186.360000000001,11,3556.040000000002,move,improve
3170,18,4163.140000000002,11,3556.040000000002,swap,improve
3171,18,4147.420000000002,11,3556.040000000002,swap,improve
3172,18,4147.420000000002,11,3556.040000000002,move,improve
3173,18,4147.420000000002,11,3556.040000000002,move,improve
3174,18,4146.820000000002,11,3556.040000000002,move,improve
3175,18,4146.820000000002,11,3556.040000000002,move,improve
3176,18,4146.820000000002,11,3556.040000000002,swap,notBad
3177,18,4146.820000000002,11,3556.040000000002,swap,notBad
3178,18,4146.820000000002,11,3556.040000000002,move,improve
3179,18,4146.820000000002,11,3556.040000000002,swap,notBad
3180,18,4146.820000000002,11,3556.040000000002,2opt,notBad
3181,18,4146.820000000002,11,3556.040000000002,swap,notBad
3182,18,4146.820000000002,11,3556.040000000002,swap,notBad
3183,18,4146.820000000002,11,3556.040000000002,move,improve
3184,18,4146.820000000002,11,3556.040000000002,move,improve
3185,18,4146.820000000002,11,3556.040000000002,move,improve
3186,18,4146.820000000002,11,3556.040000000002,swap,notBad
3187,18,4146.820000000002,11,3556.040000000002,swap,notBad
3188,18,4146.820000000002,11,3556.040000000002,swap,notBad
3189,18,4146.820000000002,11,3556.040000000002,move,improve
3190,18,4146.820000000002,11,3556.040000000002,move,improve
3191,18,4146.820000000002,11,3556.040000000002,2opt,notBad
3192,18,4138.660000000002,11,3556.040000000002,swap,improve
3193,18,4137.340000000002,11,3556.040000000002,move,improve
3194,18,4137.340000000002,11,3556.040000000002,move,improve
3195,18,4137.340000000002,11,3556.040000000002,move,improve
3196,18,4137.340000000002,11,3556.040000000002,2opt,notBad
3197,18,4108.900000000003,11,3556.040000000002,move,improve
3198,18,4108.900000000003,11,3556.040000000002,move,improve
3199,18,4108.900000000003,11,3556.040000000002,2opt,notBad
3200,18,4100.260000000002,11,3556.040000000002,swap,improve
3201,18,4100.260000000002,11,3556.040000000002,2opt,notBad
3202,18,4100.260000000002,11,3556.040000000002,swap,notBad
3203,18,4100.260000000002,11,3556.040000000002,move,improve
3204,18,4100.620000000003,11,3556.040000000002,swap,acceptBad
3205,18,4100.620000000003,11,3556.040000000002,2opt,notBad
3206,18,4100.620000000003,11,3556.040000000002,swap,notBad
3207,18,4100.620000000003,11,3556.040000000002,move,improve
3208,18,4100.620000000003,11,3556.040000000002,swap,notBad
3209,18,4100.620000000003,11,3556.040000000002,move,improve
3210,18,4100.620000000003,11,3556.040000000002,swap,notBad
3211,18,4100.620000000003,11,3556.040000000002,swap,notBad
3212,18,4098.1,11,3556.040000000002,2opt,improve
3213,18,4118.26,11,3556.040000000002,swap,acceptBad
3214,18,4118.26,11,3556.040000000002,move,improve
3215,18,4116.460000000001,11,3556.040000000002,move,improve
3216,18,4139.860000000001,11,3556.040000000002,swap,acceptBad
3217,18,4139.860000000001,11,3556.040000000002,move,improve
3218,18,4139.860000000001,11,3556.040000000002,move,improve
3219,18,4139.860000000001,11,3556.040000000002,move,improve
3220,18,4139.860000000001,11,3556.040000000002,2opt,notBad
3221,18,4139.860000000001,11,3556.040000000002,move,improve
3222,18,4140.580000000001,11,3556.040000000002,swap,acceptBad
3223,18,4144.4800000000005,11,3556.040000000002,swap,acceptBad
3224,18,4138.540000000001,11,3556.040000000002,2opt,improve
3225,18,4138.540000000001,11,3556.040000000002,swap,notBad
3226,18,4138.540000000001,11,3556.040000000002,move,improve
3227,18,4138.540000000001,11,3556.040000000002,move,improve
3228,18,4140.76,11,3556.040000000002,2opt,acceptBad
3229,18,4140.76,11,3556.040000000002,move,improve
3230,18,4140.76,11,3556.040000000002,move,improve
3231,18,4140.76,11,3556.040000000002,2opt,notBad
3232,18,4140.76,11,3556.040000000002,swap,notBad
3233,18,4140.76,11,3556.040000000002,2opt,notBad
3234,18,4140.76,11,3556.040000000002,move,improve
3235,18,4140.76,11,3556.040000000002,swap,notBad
3236,18,4140.76,11,3556.040000000002,2opt,notBad
3237,18,4140.76,11,3556.040000000002,2opt,notBad
3238,18,4140.76,11,3556.040000000002,2opt,notBad
3239,18,4176.400000000001,11,3556.040000000002,swap,acceptBad
3240,18,4176.400000000001,11,3556.040000000002,move,improve
3241,18,4176.400000000001,11,3556.040000000002,swap,notBad
3242,18,4176.400000000001,11,3556.040000000002,swap,notBad
3243,18,4155.4,11,3556.040000000002,2opt,improve
3244,18,4173.879999999999,11,3556.040000000002,swap,acceptBad
3245,18,4173.879999999999,11,3556.040000000002,move,improve
3246,18,4173.879999999999,11,3556.040000000002,2opt,notBad
3247,18,4173.879999999999,11,3556.040000000002,move,improve
3248,18,4173.879999999999,11,3556.040000000002,move,improve
3249,18,4173.879999999999,11,3556.040000000002,move,improve
3250,18,4173.879999999999,11,3556.040000000002,2opt,notBad
3251,18,4168.539999999999,11,3556.040000000002,move,improve
3252,18,4165.119999999999,11,3556.040000000002,swap,improve
3253,18,4165.119999999999,11,3556.040000000002,move,improve
3254,18,4165.119999999999,11,3556.040000000002,swap,notBad
3255,18,4179.759999999999,11,3556.040000000002,swap,acceptBad
3256,18,4179.759999999999,11,3556.040000000002,move,improve
3257,18,4176.4,11,3556.040000000002,move,improve
3258,18,4176.4,11,3556.040000000002,move,improve
3259,18,4176.4,11,3556.040000000002,2opt,notBad
3260,18,4143.239999999999,11,3556.040000000002,2opt,improve
3261,18,4142.399999999999,11,3556.040000000002,swap,improve
3262,18,4131.299999999998,11,3556.040000000002,move,improve
3263,18,4115.399999999999,11,3556.040000000002,move,improve
3264,18,4115.399999999999,11,3556.040000000002,move,improve
3265,18,4115.399999999999,11,3556.040000000002,swap,notBad
3266,18,4098.839999999999,11,3556.040000000002,2opt,improve
3267,18,4102.399999999999,11,3556.040000000002,2opt,acceptBad
3268,18,4102.399999999999,11,3556.040000000002,2opt,improve
3269,18,4102.399999999999,11,3556.040000000002,move,improve
3270,18,4102.399999999999,11,3556.040000000002,swap,notBad
3271,18,4102.399999999999,11,3556.040000000002,2opt,notBad
3272,18,4102.399999999999,11,3556.040000000002,2opt,notBad
3273,18,4102.399999999999,11,3556.040000000002,2opt,notBad
3274,18,4102.399999999999,11,3556.040000000002,2opt,notBad
3275,18,4102.399999999999,11,3556.040000000002,move,improve
3276,18,4102.399999999999,11,3556.040000000002,move,improve
3277,18,4102.399999999999,11,3556.040000000002,2opt,notBad
3278,18,4102.399999999999,11,3556.040000000002,move,improve
3279,18,4102.399999999999,11,3556.040000000002,swap,notBad
3280,18,4102.399999999999,11,3556.040000000002,swap,notBad
3281,18,4102.399999999999,11,3556.040000000002,2opt,notBad
3282,18,4102.399999999999,11,3556.040000000002,swap,notBad
3283,18,4102.399999999999,11,3556.040000000002,2opt,improve
3284,18,4102.399999999999,11,3556.040000000002,2opt,notBad
3285,18,4114.759999999998,11,3556.040000000002,swap,acceptBad
3286,18,4114.759999999998,11,3556.040000000002,2opt,notBad
3287,18,4100.1799999999985,11,3556.040000000002,2opt,improve
3288,18,4100.1799999999985,11,3556.040000000002,swap,notBad
3289,18,4098.559999999999,11,3556.040000000002,swap,improve
3290,18,4098.559999999999,11,3556.040000000002,move,improve
3291,18,4082.4199999999987,11,3556.040000000002,swap,improve
3292,18,4092.8599999999983,11,3556.040000000002,swap,acceptBad
3293,18,4108.759999999998,11,3556.040000000002,swap,acceptBad
3294,18,4099.579999999996,11,3556.040000000002,swap,improve
3295,18,4099.579999999996,11,3556.040000000002,2opt,notBad
3296,18,4087.2799999999966,11,3556.040000000002,swap,improve
3297,18,4087.2799999999966,11,3556.040000000002,move,improve
3298,18,4072.7,11,3556.040000000002,2opt,improve
3299,18,4072.7,11,3556.040000000002,swap,notBad
3300,18,4072.7,11,3556.040000000002,swap,notBad
3301,18,4072.7,11,3556.040000000002,move,improve
3302,18,4072.7,11,3556.040000000002,move,improve
3303,18,4072.7,11,3556.040000000002,2opt,notBad
3304,18,4060.7000000000007,11,3556.040000000002,move,improve
3305,18,4060.7000000000007,11,3556.040000000002,2opt,notBad
3306,18,4060.7000000000007,11,3556.040000000002,swap,notBad
3307,18,4040.6600000000003,11,3556.040000000002,2opt,improve
3308,18,4040.6600000000003,11,3556.040000000002,swap,notBad
3309,18,4040.6600000000003,11,3556.040000000002,swap,notBad
3310,18,4027.699999999999,11,3556.040000000002,2opt,improve
3311,18,4027.699999999999,11,3556.040000000002,move,improve
3312,18,4023.379999999999,11,3556.040000000002,move,improve
3313,18,4023.379999999999,11,3556.040000000002,move,improve
3314,18,4023.379999999999,11,3556.040000000002,2opt,improve
3315,18,4022.8399999999992,11,3556.040000000002,move,improve
3316,18,4022.8399999999992,11,3556.040000000002,swap,notBad
3317,18,4022.8399999999992,11,3556.040000000002,2opt,notBad
3318,18,4022.8399999999992,11,3556.040000000002,swap,notBad
3319,18,4022.8399999999992,11,3556.040000000002,swap,notBad
3320,18,4035.139999999999,11,3556.040000000002,swap,acceptBad
3321,18,4035.139999999999,11,3556.040000000002,2opt,notBad
3322,18,4035.139999999999,11,3556.040000000002,swap,notBad
3323,18,4018.399999999999,11,3556.040000000002,move,improve
3324,18,4017.439999999999,11,3556.040000000002,move,improve
3325,18,4017.439999999999,11,3556.040000000002,swap,notBad
3326,18,4017.439999999999,11,3556.040000000002,move,improve
3327,18,4006.999999999999,11,3556.040000000002,swap,improve
3328,18,4006.999999999999,11,3556.040000000002,move,improve
3329,18,4006.999999999999,11,3556.040000000002,swap,notBad
3330,18,4006.999999999999,11,3556.040000000002,swap,notBad
3331,18,4006.999999999999,11,3556.040000000002,move,improve
3332,18,4008.499999999999,11,3556.040000000002,swap,acceptBad
3333,18,4008.499999999999,11,3556.040000000002,swap,notBad
3334,18,4001.599999999999,11,3556.040000000002,move,improve
3335,18,4001.599999999999,11,3556.040000000002,swap,notBad
3336,18,4001.599999999999,11,3556.040000000002,2opt,improve
3337,18,4005.74,11,3556.040000000002,2opt,acceptBad
3338,18,4005.74,11,3556.040000000002,2opt,notBad
3339,18,3999.68,11,3556.040000000002,move,improve
3340,18,3997.279999999998,11,3556.040000000002,2opt,improve
3341,18,3970.6199999999985,11,3556.040000000002,swap,improve
3342,18,3967.9199999999983,11,3556.040000000002,swap,improve
3343,18,3967.9199999999983,11,3556.040000000002,2opt,notBad
3344,18,3967.9199999999983,11,3556.040000000002,swap,notBad
3345,18,3967.9199999999983,11,3556.040000000002,2opt,notBad
3346,18,3987.5999999999985,11,3556.040000000002,swap,acceptBad
3347,18,3987.0599999999986,11,3556.040000000002,swap,improve
3348,18,3968.319999999999,11,3556.040000000002,swap,improve
3349,18,3968.319999999999,11,3556.040000000002,2opt,improve
3350,18,3977.0199999999986,11,3556.040000000002,swap,acceptBad
3351,18,3977.0199999999986,11,3556.040000000002,move,improve
3352,18,3973.539999999999,11,3556.040000000002,swap,improve
3353,18,3973.539999999999,11,3556.040000000002,swap,notBad
3354,18,3950.1399999999985,11,3556.040000000002,move,improve
3355,18,3950.1399999999985,11,3556.040000000002,2opt,notBad
3356,18,3928.539999999999,11,3556.040000000002,swap,improve
3357,18,3928.539999999999,11,3556.040000000002,2opt,notBad
3358,18,3928.539999999999,11,3556.040000000002,2opt,notBad
3359,18,3928.539999999999,11,3556.040000000002,2opt,improve
3360,18,3928.539999999999,11,3556.040000000002,2opt,improve
3361,18,3931.3399999999992,11,3556.040000000002,swap,acceptBad
3362,18,3931.3399999999992,11,3556.040000000002,2opt,notBad
3363,18,3931.3399999999992,11,3556.040000000002,2opt,notBad
3364,18,3931.3399999999992,11,3556.040000000002,move,improve
3365,18,3949.5999999999995,11,3556.040000000002,swap,acceptBad
3366,18,3949.5999999999995,11,3556.040000000002,move,improve
3367,18,3946.279999999999,11,3556.040000000002,move,improve
3368,18,3946.279999999999,11,3556.040000000002,swap,notBad
3369,18,3946.279999999999,11,3556.040000000002,2opt,notBad
3370,18,3946.279999999999,11,3556.040000000002,2opt,notBad
3371,18,3944.9599999999987,11,3556.040000000002,move,improve
3372,18,3951.9799999999987,11,3556.040000000002,swap,acceptBad
3373,18,3951.9799999999987,11,3556.040000000002,2opt,notBad
3374,18,3951.9799999999987,11,3556.040000000002,2opt,notBad
3375,18,3951.9799999999987,11,3556.040000000002,move,improve
3376,18,3951.9799999999987,11,3556.040000000002,2opt,notBad
3377,18,3951.9799999999987,11,3556.040000000002,2opt,notBad
3378,18,3951.9799999999987,11,3556.040000000002,swap,notBad
3379,18,3951.9799999999987,11,3556.040000000002,move,improve
3380,18,3951.9799999999987,11,3556.040000000002,2opt,notBad
3381,18,3951.9799999999987,11,3556.040000000002,swap,notBad
3382,18,3906.5599999999995,11,3556.040000000002,swap,improve
3383,18,3906.5599999999995,11,3556.040000000002,2opt,notBad
3384,18,3906.5599999999995,11,3556.040000000002,move,improve
3385,18,3906.5599999999995,11,3556.040000000002,move,improve
3386,18,3906.5599999999995,11,3556.040000000002,swap,notBad
3387,18,3906.5599999999995,11,3556.040000000002,move,improve
3388,18,3906.5599999999995,11,3556.040000000002,2opt,notBad
3389,18,3906.5599999999995,11,3556.040000000002,swap,notBad
3390,18,3897.5599999999995,11,3556.040000000002,swap,improve
3391,18,3897.5599999999995,11,3556.040000000002,swap,notBad
3392,18,3897.5599999999995,11,3556.040000000002,move,improve
3393,18,3884.5999999999995,11,3556.040000000002,swap,improve
3394,18,3884.5999999999995,11,3556.040000000002,move,improve
3395,18,3884.5999999999995,11,3556.040000000002,move,improve
3396,18,3892.5599999999995,11,3556.040000000002,swap,acceptBad
3397,18,3890.04,11,3556.040000000002,move,improve
3398,18,3890.04,11,3556.040000000002,swap,notBad
3399,18,3890.04,11,3556.040000000002,move,improve
3400,18,3892.3199999999997,11,3556.040000000002,swap,acceptBad
3401,18,3887.5199999999995,11,3556.040000000002,swap,improve
3402,18,3887.5199999999995,11,3556.040000000002,move,improve
3403,18,3887.5199999999995,11,3556.040000000002,swap,notBad
3404,18,3887.5199999999995,11,3556.040000000002,move,improve
3405,18,3913.2800000000016,11,3556.040000000002,swap,acceptBad
3406,18,3924.660000000001,11,3556.040000000002,swap,acceptBad
3407,18,3924.660000000001,11,3556.040000000002,2opt,notBad
3408,18,3924.660000000001,11,3556.040000000002,move,improve
3409,18,3924.660000000001,11,3556.040000000002,swap,notBad
3410,18,3924.660000000001,11,3556.040000000002,2opt,notBad
3411,18,3903.6000000000013,11,3556.040000000002,move,improve
3412,18,3903.6000000000013,11,3556.040000000002,2opt,improve
3413,18,3903.6000000000013,11,3556.040000000002,2opt,notBad
3414,18,3903.6000000000013,11,3556.040000000002,move,improve
3415,18,3903.6000000000013,11,3556.040000000002,2opt,improve
3416,18,3903.6000000000013,11,3556.040000000002,2opt,notBad
3417,18,3903.6000000000013,11,3556.040000000002,swap,notBad
3418,18,3903.6000000000013,11,3556.040000000002,2opt,notBad
3419,18,3903.6000000000013,11,3556.040000000002,2opt,notBad
3420,18,3903.6000000000013,11,3556.040000000002,2opt,notBad
3421,18,3903.6000000000013,11,3556.040000000002,swap,notBad
3422,18,3903.6000000000013,11,3556.040000000002,swap,notBad
3423,18,3897.420000000001,11,3556.040000000002,swap,improve
3424,18,3897.420000000001,11,3556.040000000002,move,improve
3425,18,3903.54,11,3556.040000000002,2opt,acceptBad
3426,18,3903.54,11,3556.040000000002,2opt,improve
3427,18,3903.54,11,3556.040000000002,move,improve
3428,18,3892.3199999999997,11,3556.040000000002,move,improve
3429,18,3892.3199999999997,11,3556.040000000002,swap,notBad
3430,18,3892.3199999999997,11,3556.040000000002,2opt,notBad
3431,18,3912.12,11,3556.040000000002,swap,acceptBad
3432,18,3912.12,11,3556.040000000002,swap,notBad
3433,18,3912.12,11,3556.040000000002,move,improve
3434,18,3910.5600000000013,11,3556.040000000002,2opt,improve
3435,18,3910.5600000000013,11,3556.040000000002,move,improve
3436,18,3910.5600000000013,11,3556.040000000002,2opt,notBad
3437,18,3904.9200000000005,11,3556.040000000002,2opt,improve
3438,18,3904.8000000000006,11,3556.040000000002,swap,improve
3439,18,3907.9800000000005,11,3556.040000000002,swap,acceptBad
3440,18,3906.540000000001,11,3556.040000000002,swap,improve
3441,18,3909.2400000000007,11,3556.040000000002,swap,acceptBad
3442,18,3909.2400000000007,11,3556.040000000002,2opt,notBad
3443,18,3909.2400000000007,11,3556.040000000002,move,improve
3444,18,3910.1400000000012,11,3556.040000000002,swap,acceptBad
3445,18,3910.1400000000012,11,3556.040000000002,swap,notBad
3446,18,3910.1400000000012,11,3556.040000000002,2opt,notBad
3447,18,3910.1400000000012,11,3556.040000000002,2opt,notBad
3448,18,3908.220000000001,11,3556.040000000002,move,improve
3449,18,3908.220000000001,11,3556.040000000002,move,improve
3450,18,3908.220000000001,11,3556.040000000002,2opt,notBad
3451,18,3908.220000000001,11,3556.040000000002,2opt,notBad
3452,18,3908.220000000001,11,3556.040000000002,move,improve
3453,18,3908.220000000001,11,3556.040000000002,2opt,improve
3454,18,3908.220000000001,11,3556.040000000002,swap,notBad
3455,18,3877.080000000001,11,3556.040000000002,move,improve
3456,18,3875.4000000000005,11,3556.040000000002,2opt,improve
3457,18,3875.4000000000005,11,3556.040000000002,move,improve
3458,18,3875.4000000000005,11,3556.040000000002,move,improve
3459,18,3875.4000000000005,11,3556.040000000002,swap,notBad
3460,18,3875.4000000000005,11,3556.040000000002,swap,notBad
3461,18,3875.4000000000005,11,3556.040000000002,2opt,notBad
3462,18,3875.4000000000005,11,3556.040000000002,2opt,notBad
3463,18,3875.4000000000005,11,3556.040000000002,move,improve
3464,18,3875.4000000000005,11,3556.040000000002,2opt,improve
3465,18,3860.040000000001,11,3556.040000000002,2opt,improve
3466,18,3860.040000000001,11,3556.040000000002,move,improve
3467,18,3860.040000000001,11,3556.040000000002,swap,notBad
3468,18,3860.040000000001,11,3556.040000000002,2opt,notBad
3469,18,3864.2400000000002,11,3556.040000000002,swap,acceptBad
3470,18,3864.2400000000002,11,3556.040000000002,2opt,notBad
3471,18,3864.2400000000002,11,3556.040000000002,2opt,notBad
3472,18,3864.2400000000002,11,3556.040000000002,swap,notBad
3473,18,3851.88,11,3556.040000000002,swap,improve
3474,18,3851.88,11,3556.040000000002,swap,notBad
3475,18,3851.88,11,3556.040000000002,2opt,notBad
3476,18,3851.88,11,3556.040000000002,2opt,notBad
3477,18,3851.88,11,3556.040000000002,move,improve
3478,18,3851.88,11,3556.040000000002,swap,notBad
3479,18,3846.2199999999984,11,3556.040000000002,move,improve
3480,18,3846.2199999999984,11,3556.040000000002,swap,notBad
3481,18,3846.2199999999984,11,3556.040000000002,move,improve
3482,18,3846.2199999999984,11,3556.040000000002,swap,notBad
3483,18,3846.2199999999984,11,3556.040000000002,2opt,notBad
3484,18,3846.2199999999984,11,3556.040000000002,swap,notBad
3485,18,3843.519999999998,11,3556.040000000002,move,improve
3486,18,3843.519999999998,11,3556.040000000002,move,improve
3487,18,3845.2599999999984,11,3556.040000000002,swap,acceptBad
3488,18,3845.2599999999984,11,3556.040000000002,2opt,notBad
3489,18,3842.079999999997,11,3556.040000000002,move,improve
3490,18,3842.079999999997,11,3556.040000000002,swap,notBad
3491,18,3842.079999999997,11,3556.040000000002,swap,notBad
3492,18,3842.079999999997,11,3556.040000000002,2opt,notBad
3493,18,3828.5800000000004,11,3556.040000000002,move,improve
3494,18,3828.5800000000004,11,3556.040000000002,swap,notBad
3495,18,3803.2,11,3556.040000000002,move,improve
3496,18,3803.2,11,3556.040000000002,move,improve
3497,18,3803.2,11,3556.040000000002,2opt,notBad
3498,18,3803.2,11,3556.040000000002,move,improve
3499,18,3803.2,11,3556.040000000002,move,improve
3500,18,3803.2,11,3556.040000000002,swap,notBad
3501,18,3806.6799999999994,11,3556.040000000002,swap,acceptBad
3502,18,3810.9399999999996,11,3556.040000000002,swap,acceptBad
3503,18,3810.9399999999996,11,3556.040000000002,2opt,notBad
3504,18,3810.9399999999996,11,3556.040000000002,2opt,notBad
3505,18,3819.9399999999996,11,3556.040000000002,swap,acceptBad
3506,18,3810.2799999999997,11,3556.040000000002,move,improve
3507,18,3810.2799999999997,11,3556.040000000002,move,improve
3508,18,3810.2799999999997,11,3556.040000000002,2opt,notBad
3509,18,3809.4399999999996,11,3556.040000000002,swap,improve
3510,18,3809.4399999999996,11,3556.040000000002,2opt,notBad
3511,18,3809.4399999999996,11,3556.040000000002,2opt,notBad
3512,18,3809.4399999999996,11,3556.040000000002,2opt,notBad
3513,18,3809.4399999999996,11,3556.040000000002,swap,notBad
3514,18,3809.4399999999996,11,3556.040000000002,move,improve
3515,18,3809.4399999999996,11,3556.040000000002,swap,notBad
3516,18,3809.4399999999996,11,3556.040000000002,move,improve
3517,18,3809.4399999999996,11,3556.040000000002,move,improve
3518,18,3809.4399999999996,11,3556.040000000002,move,improve
3519,18,3809.4399999999996,11,3556.040000000002,2opt,notBad
3520,18,3809.4399999999996,11,3556.040000000002,move,improve
3521,18,3809.4399999999996,11,3556.040000000002,swap,improve
3522,18,3809.4399999999996,11,3556.040000000002,2opt,notBad
3523,18,3809.4399999999996,11,3556.040000000002,2opt,notBad
3524,18,3809.4399999999996,11,3556.040000000002,2opt,notBad
3525,18,3809.4399999999996,11,3556.040000000002,move,improve
3526,18,3809.4399999999996,11,3556.040000000002,2opt,notBad
3527,18,3809.4399999999996,11,3556.040000000002,2opt,notBad
3528,18,3808.0600000000004,11,3556.040000000002,2opt,improve
3529,18,3808.0600000000004,11,3556.040000000002,move,improve
3530,18,3808.0600000000004,11,3556.040000000002,swap,notBad
3531,18,3808.0600000000004,11,3556.040000000002,2opt,notBad
3532,18,3808.0600000000004,11,3556.040000000002,move,improve
3533,18,3808.0600000000004,11,3556.040000000002,2opt,notBad
3534,18,3808.0600000000004,11,3556.040000000002,swap,notBad
3535,18,3808.0600000000004,11,3556.040000000002,swap,notBad
3536,18,3808.0600000000004,11,3556.040000000002,move,improve
3537,18,3808.0600000000004,11,3556.040000000002,2opt,improve
3538,18,3808.0600000000004,11,3556.040000000002,2opt,notBad
3539,18,3808.0600000000004,11,3556.040000000002,move,improve
3540,18,3808.0600000000004,11,3556.040000000002,swap,notBad
3541,18,3808.0600000000004,11,3556.040000000002,2opt,notBad
3542,18,3808.0600000000004,11,3556.040000000002,2opt,notBad
3543,18,3808.0600000000004,11,3556.040000000002,2opt,notBad
3544,18,3808.0600000000004,11,3556.040000000002,swap,notBad
3545,18,3808.0600000000004,11,3556.040000000002,swap,notBad
3546,18,3808.0600000000004,11,3556.040000000002,swap,notBad
3547,18,3808.0600000000004,11,3556.040000000002,move,improve
3548,18,3795.3399999999983,11,3556.040000000002,2opt,improve
3549,18,3795.3399999999983,11,3556.040000000002,swap,notBad
3550,18,3795.3399999999983,11,3556.040000000002,move,improve
3551,18,3795.3399999999983,11,3556.040000000002,move,improve
3552,18,3795.3399999999983,11,3556.040000000002,move,improve
3553,18,3795.3399999999983,11,3556.040000000002,2opt,notBad
3554,18,3795.3399999999983,11,3556.040000000002,2opt,notBad
3555,18,3795.3399999999983,11,3556.040000000002,2opt,notBad
3556,18,3795.3399999999983,11,3556.040000000002,move,improve
3557,18,3795.3399999999983,11,3556.040000000002,swap,notBad
3558,18,3795.3399999999983,11,3556.040000000002,2opt,notBad
3559,18,3795.3399999999983,11,3556.040000000002,2opt,notBad
3560,18,3795.3399999999983,11,3556.040000000002,swap,notBad
3561,18,3818.739999999999,11,3556.040000000002,swap,acceptBad
3562,18,3818.739999999999,11,3556.040000000002,move,improve
3563,18,3818.739999999999,11,3556.040000000002,swap,notBad
3564,18,3818.739999999999,11,3556.040000000002,swap,notBad
3565,18,3813.6399999999985,11,3556.040000000002,move,improve
3566,18,3826.3599999999988,11,3556.040000000002,swap,acceptBad
3567,18,3826.3599999999988,11,3556.040000000002,2opt,notBad
3568,18,3826.3599999999988,11,3556.040000000002,move,improve
3569,18,3823.8799999999987,11,3556.040000000002,move,improve
3570,18,3823.8799999999987,11,3556.040000000002,move,improve
3571,18,3830.3999999999983,11,3556.040000000002,swap,acceptBad
3572,18,3830.3999999999983,11,3556.040000000002,2opt,notBad
3573,18,3830.3999999999983,11,3556.040000000002,2opt,notBad
3574,18,3833.919999999998,11,3556.040000000002,swap,acceptBad
3575,18,3845.2599999999984,11,3556.040000000002,swap,acceptBad
3576,18,3840.3999999999987,11,3556.040000000002,move,improve
3577,18,3840.3999999999987,11,3556.040000000002,swap,notBad
3578,18,3840.3999999999987,11,3556.040000000002,2opt,notBad
3579,18,3840.3999999999987,11,3556.040000000002,2opt,notBad
3580,18,3840.3999999999987,11,3556.040000000002,swap,notBad
3581,18,3840.3999999999987,11,3556.040000000002,2opt,notBad
3582,18,3838.239999999998,11,3556.040000000002,swap,improve
3583,18,3838.239999999998,11,3556.040000000002,2opt,notBad
3584,18,3829.359999999998,11,3556.040000000002,move,improve
3585,18,3829.359999999998,11,3556.040000000002,2opt,notBad
3586,18,3829.359999999998,11,3556.040000000002,2opt,notBad
3587,18,3829.359999999998,11,3556.040000000002,move,improve
3588,18,3829.359999999998,11,3556.040000000002,2opt,notBad
3589,18,3829.359999999998,11,3556.040000000002,move,improve
3590,18,3829.359999999998,11,3556.040000000002,2opt,notBad
3591,18,3829.359999999998,11,3556.040000000002,move,improve
3592,18,3829.359999999998,11,3556.040000000002,2opt,notBad
3593,18,3771.279999999997,11,3556.040000000002,2opt,improve
3594,18,3771.279999999997,11,3556.040000000002,swap,notBad
3595,18,3771.279999999997,11,3556.040000000002,move,improve
3596,18,3771.279999999997,11,3556.040000000002,move,improve
3597,18,3778.899999999998,11,3556.040000000002,swap,acceptBad
3598,18,3778.899999999998,11,3556.040000000002,swap,notBad
3599,18,3765.579999999998,11,3556.040000000002,2opt,improve
3600,18,3765.579999999998,11,3556.040000000002,swap,notBad
3601,18,3765.579999999998,11,3556.040000000002,2opt,notBad
3602,18,3779.619999999998,11,3556.040000000002,swap,acceptBad
3603,18,3779.619999999998,11,3556.040000000002,2opt,notBad
3604,18,3779.619999999998,11,3556.040000000002,swap,notBad
3605,18,3779.619999999998,11,3556.040000000002,move,improve
3606,18,3779.619999999998,11,3556.040000000002,swap,notBad
3607,18,3779.619999999998,11,3556.040000000002,swap,notBad
3608,18,3779.619999999998,11,3556.040000000002,move,improve
3609,18,3779.619999999998,11,3556.040000000002,move,notBad
3610,18,3779.619999999998,11,3556.040000000002,swap,notBad
3611,18,3779.619999999998,11,3556.040000000002,swap,notBad
3612,18,3779.619999999998,11,3556.040000000002,move,improve
3613,18,3779.619999999998,11,3556.040000000002,swap,notBad
3614,18,3779.619999999998,11,3556.040000000002,move,improve
3615,18,3779.619999999998,11,3556.040000000002,swap,notBad
3616,18,3779.619999999998,11,3556.040000000002,swap,notBad
3617,18,3779.619999999998,11,3556.040000000002,swap,notBad
3618,18,3779.619999999998,11,3556.040000000002,swap,notBad
3619,18,3779.619999999998,11,3556.040000000002,2opt,notBad
3620,18,3779.619999999998,11,3556.040000000002,swap,notBad
3621,18,3779.619999999998,11,3556.040000000002,move,improve
3622,18,3779.619999999998,11,3556.040000000002,2opt,notBad
3623,18,3779.619999999998,11,3556.040000000002,2opt,notBad
3624,18,3771.2199999999984,11,3556.040000000002,move,improve
3625,18,3771.2199999999984,11,3556.040000000002,swap,notBad
3626,18,3771.159999999999,11,3556.040000000002,swap,improve
3627,18,3771.159999999999,11,3556.040000000002,swap,notBad
3628,18,3771.159999999999,11,3556.040000000002,swap,notBad
3629,18,3771.159999999999,11,3556.040000000002,2opt,notBad
3630,18,3769.3599999999988,11,3556.040000000002,swap,improve
3631,18,3769.3599999999988,11,3556.040000000002,swap,notBad
3632,18,3769.3599999999988,11,3556.040000000002,move,improve
3633,18,3767.9799999999987,11,3556.040000000002,move,improve
3634,18,3767.9799999999987,11,3556.040000000002,swap,notBad
3635,18,3767.9799999999987,11,3556.040000000002,2opt,notBad
3636,18,3762.3399999999992,11,3556.040000000002,2opt,improve
3637,18,3757.7199999999993,11,3556.040000000002,move,improve
3638,18,3757.7199999999993,11,3556.040000000002,move,improve
3639,18,3757.7199999999993,11,3556.040000000002,2opt,notBad
3640,18,3757.7199999999993,11,3556.040000000002,swap,notBad
3641,18,3757.7199999999993,11,3556.040000000002,swap,notBad
3642,18,3757.7199999999993,11,3556.040000000002,swap,notBad
3643,18,3757.7199999999993,11,3556.040000000002,move,improve
3644,18,3757.7199999999993,11,3556.040000000002,move,improve
3645,18,3727.6599999999994,11,3556.040000000002,move,improve
3646,18,3727.6599999999994,11,3556.040000000002,move,improve
3647,18,3727.6599999999994,11,3556.040000000002,swap,notBad
3648,18,3727.6599999999994,11,3556.040000000002,2opt,notBad
3649,18,3727.6599999999994,11,3556.040000000002,2opt,notBad
3650,18,3732.0600000000013,11,3556.040000000002,2opt,acceptBad
3651,18,3732.0600000000013,11,3556.040000000002,move,improve
3652,18,3732.0600000000013,11,3556.040000000002,move,improve
3653,18,3743.1600000000008,11,3556.040000000002,swap,acceptBad
3654,18,3736.5600000000013,11,3556.040000000002,move,improve
3655,18,3745.500000000001,11,3556.040000000002,2opt,acceptBad
3656,18,3745.500000000001,11,3556.040000000002,2opt,notBad
3657,18,3745.500000000001,11,3556.040000000002,swap,notBad
3658,18,3745.500000000001,11,3556.040000000002,swap,notBad
3659,18,3745.500000000001,11,3556.040000000002,move,improve
3660,18,3736.740000000001,11,3556.040000000002,move,improve
3661,18,3736.740000000001,11,3556.040000000002,move,improve
3662,18,3736.740000000001,11,3556.040000000002,swap,notBad
3663,18,3736.740000000001,11,3556.040000000002,swap,notBad
3664,18,3736.740000000001,11,3556.040000000002,swap,notBad
3665,18,3736.740000000001,11,3556.040000000002,swap,notBad
3666,18,3736.740000000001,11,3556.040000000002,swap,notBad
3667,18,3736.740000000001,11,3556.040000000002,move,improve
3668,18,3728.260000000001,11,3556.040000000002,swap,improve
3669,18,3728.260000000001,11,3556.040000000002,move,improve
3670,18,3728.260000000001,11,3556.040000000002,move,improve
3671,18,3728.260000000001,11,3556.040000000002,swap,notBad
3672,18,3728.260000000001,11,3556.040000000002,move,improve
3673,18,3689.84,11,3556.040000000002,swap,improve
3674,18,3689.84,11,3556.040000000002,swap,notBad
3675,18,3689.84,11,3556.040000000002,2opt,improve
3676,18,3689.84,11,3556.040000000002,swap,notBad
3677,18,3689.84,11,3556.040000000002,2opt,notBad
3678,18,3689.84,11,3556.040000000002,2opt,notBad
3679,18,3692.1800000000003,11,3556.040000000002,swap,acceptBad
3680,18,3692.1800000000003,11,3556.040000000002,2opt,improve
3681,18,3692.1800000000003,11,3556.040000000002,swap,notBad
3682,18,3692.1800000000003,11,3556.040000000002,move,improve
3683,18,3692.1800000000003,11,3556.040000000002,swap,notBad
3684,18,3692.1800000000003,11,3556.040000000002,swap,notBad
3685,18,3692.0600000000004,11,3556.040000000002,move,improve
3686,18,3692.0600000000004,11,3556.040000000002,move,improve
3687,18,3674.1200000000003,11,3556.040000000002,swap,improve
3688,18,3674.1200000000003,11,3556.040000000002,swap,notBad
3689,18,3674.1200000000003,11,3556.040000000002,swap,notBad
3690,18,3638.42,11,3556.040000000002,2opt,improve
3691,18,3638.42,11,3556.040000000002,swap,notBad
3692,18,3614.6600000000003,11,3556.040000000002,move,improve
3693,18,3614.6600000000003,11,3556.040000000002,swap,notBad
3694,18,3614.6600000000003,11,3556.040000000002,2opt,notBad
3695,18,3614.6600000000003,11,3556.040000000002,2opt,notBad
3696,18,3597.26,11,3556.040000000002,move,improve
3697,18,3597.26,11,3556.040000000002,move,improve
3698,18,3597.26,11,3556.040000000002,swap,notBad
3699,18,3597.26,11,3556.040000000002,move,improve
3700,18,3611.1200000000003,11,3556.040000000002,swap,acceptBad
3701,18,3611.1200000000003,11,3556.040000000002,2opt,notBad
3702,18,3611.1200000000003,11,3556.040000000002,2opt,notBad
3703,18,3611.1200000000003,11,3556.040000000002,move,improve
3704,18,3611.1200000000003,11,3556.040000000002,move,improve
3705,18,3611.1200000000003,11,3556.040000000002,2opt,notBad
3706,18,3611.1200000000003,11,3556.040000000002,swap,notBad
3707,18,3611.1200000000003,11,3556.040000000002,move,improve
3708,18,3611.1200000000003,11,3556.040000000002,2opt,notBad
3709,18,3611.1200000000003,11,3556.040000000002,swap,notBad
3710,18,3611.1200000000003,11,3556.040000000002,move,improve
3711,18,3611.1200000000003,11,3556.040000000002,2opt,notBad
3712,18,3611.1200000000003,11,3556.040000000002,move,improve
3713,18,3611.1200000000003,11,3556.040000000002,move,improve
3714,18,3611.1200000000003,11,3556.040000000002,swap,notBad
3715,18,3611.1200000000003,11,3556.040000000002,2opt,improve
3716,18,3611.1200000000003,11,3556.040000000002,swap,notBad
3717,18,3611.1200000000003,11,3556.040000000002,move,improve
3718,18,3611.1200000000003,11,3556.040000000002,move,improve
3719,18,3611.1200000000003,11,3556.040000000002,2opt,improve
3720,18,3611.1200000000003,11,3556.040000000002,swap,notBad
3721,18,3611.1200000000003,11,3556.040000000002,swap,notBad
3722,18,3611.1200000000003,11,3556.040000000002,swap,notBad
3723,18,3611.1200000000003,11,3556.040000000002,2opt,notBad
3724,18,3611.1200000000003,11,3556.040000000002,move,improve
3725,18,3632.3,11,3556.040000000002,swap,acceptBad
3726,18,3632.3,11,3556.040000000002,2opt,notBad
3727,18,3632.3,11,3556.040000000002,move,improve
3728,18,3632.3,11,3556.040000000002,2opt,notBad
3729,18,3632.3,11,3556.040000000002,2opt,notBad
3730,18,3632.3,11,3556.040000000002,swap,notBad
3731,18,3632.3,11,3556.040000000002,move,improve
3732,18,3638.4799999999996,11,3556.040000000002,swap,acceptBad
3733,18,3632.66,11,3556.040000000002,move,improve
3734,18,3629.2999999999997,11,3556.040000000002,move,improve
3735,18,3629.2999999999997,11,3556.040000000002,swap,notBad
3736,18,3629.2999999999997,11,3556.040000000002,swap,notBad
3737,18,3629.2999999999997,11,3556.040000000002,2opt,notBad
3738,18,3628.5199999999995,11,3556.040000000002,2opt,improve
3739,18,3628.6399999999994,11,3556.040000000002,swap,acceptBad
3740,18,3621.8,11,3556.040000000002,move,improve
3741,18,3621.8,11,3556.040000000002,2opt,notBad
3742,18,3621.8,11,3556.040000000002,swap,notBad
3743,18,3621.8,11,3556.040000000002,2opt,notBad
3744,18,3621.8,11,3556.040000000002,swap,notBad
3745,18,3621.8,11,3556.040000000002,2opt,notBad
3746,18,3621.8,11,3556.040000000002,2opt,notBad
3747,18,3621.8,11,3556.040000000002,swap,notBad
3748,18,3621.8,11,3556.040000000002,move,improve
3749,18,3621.8,11,3556.040000000002,swap,notBad
3750,18,3621.8,11,3556.040000000002,2opt,notBad
3751,18,3621.8,11,3556.040000000002,move,improve
3752,18,3621.8,11,3556.040000000002,2opt,notBad
3753,18,3621.8,11,3556.040000000002,move,improve
3754,18,3621.8,11,3556.040000000002,move,improve
3755,18,3621.8,11,3556.040000000002,2opt,notBad
3756,18,3621.8,11,3556.040000000002,swap,notBad
3757,18,3621.8,11,3556.040000000002,swap,notBad
3758,18,3621.8,11,3556.040000000002,move,improve
3759,18,3621.8,11,3556.040000000002,move,improve
3760,18,3628.1600000000003,11,3556.040000000002,swap,acceptBad
3761,18,3628.1600000000003,11,3556.040000000002,move,improve
3762,18,3628.1600000000003,11,3556.040000000002,2opt,notBad
3763,18,3628.1600000000003,11,3556.040000000002,move,improve
3764,18,3628.1600000000003,11,3556.040000000002,swap,notBad
3765,18,3628.1600000000003,11,3556.040000000002,2opt,notBad
3766,18,3628.1600000000003,11,3556.040000000002,move,improve
3767,18,3628.1600000000003,11,3556.040000000002,2opt,notBad
3768,18,3628.1600000000003,11,3556.040000000002,move,improve
3769,18,3628.1600000000003,11,3556.040000000002,move,improve
3770,18,3628.1600000000003,11,3556.040000000002,swap,notBad
3771,18,3628.1600000000003,11,3556.040000000002,swap,notBad
3772,18,3628.1600000000003,11,3556.040000000002,swap,notBad
3773,18,3628.1600000000003,11,3556.040000000002,swap,notBad
3774,18,3630.4400000000005,11,3556.040000000002,2opt,acceptBad
3775,18,3630.4400000000005,11,3556.040000000002,2opt,notBad
3776,18,3630.4400000000005,11,3556.040000000002,2opt,notBad
3777,18,3630.4400000000005,11,3556.040000000002,2opt,notBad
3778,18,3634.3399999999997,11,3556.040000000002,2opt,acceptBad
3779,18,3634.3399999999997,11,3556.040000000002,swap,notBad
3780,18,3634.3399999999997,11,3556.040000000002,2opt,notBad
3781,18,3634.3399999999997,11,3556.040000000002,move,improve
3782,18,3634.3399999999997,11,3556.040000000002,move,improve
3783,18,3634.3399999999997,11,3556.040000000002,move,improve
3784,18,3634.3399999999997,11,3556.040000000002,2opt,notBad
3785,18,3634.2200000000003,11,3556.040000000002,2opt,improve
3786,18,3634.2200000000003,11,3556.040000000002,2opt,notBad
3787,18,3634.2200000000003,11,3556.040000000002,swap,notBad
3788,18,3634.2200000000003,11,3556.040000000002,2opt,notBad
3789,18,3634.2200000000003,11,3556.040000000002,move,improve
3790,18,3634.2200000000003,11,3556.040000000002,swap,notBad
3791,18,3634.2200000000003,11,3556.040000000002,2opt,improve
3792,18,3634.2200000000003,11,3556.040000000002,move,improve
3793,18,3634.2200000000003,11,3556.040000000002,swap,notBad
3794,18,3634.2200000000003,11,3556.040000000002,move,improve
3795,18,3634.2200000000003,11,3556.040000000002,swap,notBad
3796,18,3634.2200000000003,11,3556.040000000002,swap,notBad
3797,18,3634.2200000000003,11,3556.040000000002,2opt,notBad
3798,18,3634.2200000000003,11,3556.040000000002,swap,notBad
3799,18,3634.2200000000003,11,3556.040000000002,move,improve
3800,18,3634.2200000000003,11,3556.040000000002,move,improve
3801,18,3628.6400000000003,11,3556.040000000002,move,improve
3802,18,3628.6400000000003,11,3556.040000000002,move,improve
3803,18,3590.2799999999997,11,3556.040000000002,move,improve
3804,18,3590.2799999999997,11,3556.040000000002,2opt,notBad
3805,18,3590.2799999999997,11,3556.040000000002,swap,notBad
3806,18,3590.2799999999997,11,3556.040000000002,move,improve
3807,18,3599.46,11,3556.040000000002,swap,acceptBad
3808,18,3599.46,11,3556.040000000002,swap,notBad
3809,18,3571.32,11,3556.040000000002,move,improve
3810,18,3571.32,11,3556.040000000002,2opt,notBad
3811,18,3571.32,11,3556.040000000002,swap,notBad
3812,18,3571.32,11,3556.040000000002,swap,notBad
3813,18,3571.32,11,3556.040000000002,2opt,notBad
3814,18,3571.32,11,3556.040000000002,move,improve
3815,18,3571.32,11,3556.040000000002,move,improve
3816,18,3571.32,11,3556.040000000002,swap,notBad
3817,18,3571.32,11,3556.040000000002,2opt,notBad
3818,18,3571.32,11,3556.040000000002,move,improve
3819,18,3564.3599999999997,11,3556.040000000002,move,improve
3820,18,3545.1,18,3545.1,move,newBest
3821,18,3545.1,18,3545.1,move,improve
3822,18,3545.1,18,3545.1,2opt,notBad
3823,18,3545.1,18,3545.1,2opt,notBad
3824,18,3545.1,18,3545.1,move,improve
3825,18,3545.1,18,3545.1,swap,notBad
3826,18,3545.1,18,3545.1,2opt,notBad
3827,18,3545.1,18,3545.1,2opt,notBad
3828,18,3545.1,18,3545.1,2opt,notBad
3829,18,3545.1,18,3545.1,2opt,notBad
3830,18,3545.1,18,3545.1,swap,notBad
3831,18,3545.1,18,3545.1,move,improve
3832,18,3545.1,18,3545.1,move,improve
3833,18,3545.1,18,3545.1,2opt,improve
3834,18,3545.1,18,3545.1,swap,notBad
3835,18,3545.1,18,3545.1,move,improve
3836,18,3545.1,18,3545.1,swap,notBad
3837,18,3545.1,18,3545.1,swap,notBad
3838,18,3545.1,18,3545.1,2opt,notBad
3839,18,3553.3199999999997,18,3545.1,swap,acceptBad
3840,18,3553.3199999999997,18,3545.1,move,improve
3841,18,3553.3199999999997,18,3545.1,2opt,notBad
3842,18,3553.3199999999997,18,3545.1,swap,notBad
3843,18,3553.3199999999997,18,3545.1,swap,notBad
3844,18,3553.3199999999997,18,3545.1,move,improve
3845,18,3553.3199999999997,18,3545.1,move,improve
3846,18,3553.3199999999997,18,3545.1,2opt,notBad
3847,18,3553.3199999999997,18,3545.1,move,improve
3848,18,3553.3199999999997,18,3545.1,2opt,notBad
3849,18,3553.3199999999997,18,3545.1,swap,notBad
3850,18,3553.3199999999997,18,3545.1,2opt,improve
3851,18,3553.3199999999997,18,3545.1,swap,notBad
3852,18,3553.2,18,3545.1,move,improve
3853,18,3553.2,18,3545.1,move,improve
3854,18,3553.4,18,3545.1,swap,acceptBad
3855,18,3553.4,18,3545.1,swap,notBad
3856,18,3553.4,18,3545.1,swap,notBad
3857,18,3553.4,18,3545.1,move,improve
3858,18,3553.4,18,3545.1,move,improve
3859,18,3553.4,18,3545.1,swap,notBad
3860,18,3549.92,18,3545.1,move,improve
3861,18,3549.92,18,3545.1,swap,notBad
3862,18,3549.92,18,3545.1,2opt,notBad
3863,18,3549.92,18,3545.1,2opt,notBad
3864,18,3550.8200000000006,18,3545.1,2opt,acceptBad
3865,18,3550.8200000000006,18,3545.1,2opt,notBad
3866,18,3550.8200000000006,18,3545.1,move,improve
3867,18,3550.8200000000006,18,3545.1,move,improve
3868,18,3550.8200000000006,18,3545.1,swap,notBad
3869,18,3550.8200000000006,18,3545.1,swap,notBad
3870,18,3550.8200000000006,18,3545.1,swap,notBad
3871,18,3550.8200000000006,18,3545.1,2opt,notBad
3872,18,3550.8200000000006,18,3545.1,swap,notBad
3873,18,3550.8200000000006,18,3545.1,swap,notBad
3874,18,3550.8200000000006,18,3545.1,swap,notBad
3875,18,3550.8200000000006,18,3545.1,swap,notBad
3876,18,3550.8200000000006,18,3545.1,2opt,notBad
3877,18,3550.76,18,3545.1,move,improve
3878,18,3550.76,18,3545.1,2opt,notBad
3879,18,3550.76,18,3545.1,2opt,notBad
3880,18,3550.76,18,3545.1,move,improve
3881,18,3550.76,18,3545.1,2opt,notBad
3882,18,3550.76,18,3545.1,2opt,notBad
3883,18,3550.76,18,3545.1,2opt,notBad
3884,18,3550.76,18,3545.1,move,improve
3885,18,3550.76,18,3545.1,2opt,notBad
3886,18,3550.76,18,3545.1,swap,notBad
3887,18,3547.6400000000003,18,3545.1,move,improve
3888,18,3547.6400000000003,18,3545.1,2opt,notBad
3889,18,3547.6400000000003,18,3545.1,2opt,notBad
3890,18,3547.6400000000003,18,3545.1,2opt,improve
3891,18,3547.6400000000003,18,3545.1,2opt,improve
3892,18,3546.0800000000004,18,3545.1,swap,improve
3893,18,3546.860000000002,18,3545.1,2opt,acceptBad
3894,18,3546.860000000002,18,3545.1,2opt,notBad
3895,18,3546.860000000002,18,3545.1,2opt,improve
3896,18,3546.860000000002,18,3545.1,move,improve
3897,18,3546.860000000002,18,3545.1,swap,notBad
3898,18,3546.860000000002,18,3545.1,2opt,notBad
3899,18,3546.860000000002,18,3545.1,2opt,improve
3900,18,3546.860000000002,18,3545.1,swap,notBad
3901,18,3546.860000000002,18,3545.1,2opt,notBad
3902,18,3546.860000000002,18,3545.1,2opt,notBad
3903,18,3546.860000000002,18,3545.1,swap,notBad
3904,18,3546.860000000002,18,3545.1,swap,notBad
3905,18,3546.860000000002,18,3545.1,2opt,notBad
3906,18,3546.860000000002,18,3545.1,swap,notBad
3907,18,3546.860000000002,18,3545.1,swap,notBad
3908,18,3546.860000000002,18,3545.1,swap,notBad
3909,18,3540.680000000002,18,3540.680000000002,move,newBest
3910,18,3540.680000000002,18,3540.680000000002,2opt,notBad
3911,18,3540.680000000002,18,3540.680000000002,2opt,notBad
3912,18,3540.680000000002,18,3540.680000000002,swap,notBad
3913,18,3540.680000000002,18,3540.680000000002,2opt,notBad
3914,18,3540.680000000002,18,3540.680000000002,swap,notBad
3915,18,3540.680000000002,18,3540.680000000002,2opt,notBad
3916,18,3540.680000000002,18,3540.680000000002,2opt,notBad
3917,18,3537.840000000001,18,3537.840000000001,move,newBest
3918,18,3537.840000000001,18,3537.840000000001,2opt,notBad
3919,18,3537.840000000001,18,3537.840000000001,move,improve
3920,18,3537.840000000001,18,3537.840000000001,move,improve
3921,18,3537.840000000001,18,3537.840000000001,2opt,notBad
3922,18,3537.840000000001,18,3537.840000000001,move,improve
3923,18,3537.840000000001,18,3537.840000000001,swap,notBad
3924,18,3537.840000000001,18,3537.840000000001,move,improve
3925,18,3537.840000000001,18,3537.840000000001,swap,notBad
3926,18,3537.840000000001,18,3537.840000000001,move,improve
3927,18,3537.840000000001,18,3537.840000000001,swap,notBad
3928,18,3537.840000000001,18,3537.840000000001,move,improve
3929,18,3537.840000000001,18,3537.840000000001,move,improve
3930,18,3537.840000000001,18,3537.840000000001,move,improve
3931,18,3537.840000000001,18,3537.840000000001,swap,notBad
3932,18,3537.840000000001,18,3537.840000000001,swap,notBad
3933,18,3528.8599999999997,18,3528.8599999999997,move,newBest
3934,18,3528.8599999999997,18,3528.8599999999997,swap,notBad
3935,18,3528.8599999999997,18,3528.8599999999997,2opt,notBad
3936,18,3528.8599999999997,18,3528.8599999999997,move,improve
3937,18,3528.8599999999997,18,3528.8599999999997,swap,notBad
3938,18,3528.8599999999997,18,3528.8599999999997,2opt,notBad
3939,18,3528.8599999999997,18,3528.8599999999997,move,improve
3940,18,3528.8599999999997,18,3528.8599999999997,swap,notBad
3941,18,3528.8599999999997,18,3528.8599999999997,2opt,notBad
3942,18,3528.2000000000003,18,3528.2000000000003,move,newBest
3943,18,3528.2000000000003,18,3528.2000000000003,move,improve
3944,18,3528.2000000000003,18,3528.2000000000003,swap,notBad
3945,18,3528.2000000000003,18,3528.2000000000003,swap,notBad
3946,18,3528.2000000000003,18,3528.2000000000003,2opt,notBad
3947,18,3528.2000000000003,18,3528.2000000000003,swap,notBad
3948,18,3528.2000000000003,18,3528.2000000000003,move,improve
3949,18,3517.82,18,3517.82,move,newBest
3950,18,3517.82,18,3517.82,2opt,notBad
3951,18,3517.82,18,3517.82,move,improve
3952,18,3517.82,18,3517.82,move,improve
3953,18,3523.3999999999987,18,3517.82,2opt,acceptBad
3954,18,3523.3999999999987,18,3517.82,2opt,notBad
3955,18,3523.3999999999987,18,3517.82,move,improve
3956,18,3523.3999999999987,18,3517.82,swap,notBad
3957,18,3523.3999999999987,18,3517.82,swap,notBad
3958,18,3523.3999999999987,18,3517.82,move,notBad
3959,18,3523.3999999999987,18,3517.82,swap,notBad
3960,18,3523.3999999999987,18,3517.82,move,improve
3961,18,3523.3999999999987,18,3517.82,2opt,notBad
3962,18,3523.3999999999987,18,3517.82,swap,notBad
3963,18,3523.3999999999987,18,3517.82,2opt,notBad
3964,18,3523.3999999999987,18,3517.82,move,improve
3965,18,3522.2000000000003,18,3517.82,2opt,improve
3966,18,3522.2,18,3517.82,move,improve
3967,18,3531.5599999999995,18,3517.82,swap,acceptBad
3968,18,3531.5599999999995,18,3517.82,move,improve
3969,18,3531.5599999999995,18,3517.82,2opt,notBad
3970,18,3531.5599999999995,18,3517.82,2opt,notBad
3971,18,3531.5599999999995,18,3517.82,move,improve
3972,18,3531.5599999999995,18,3517.82,2opt,notBad
3973,18,3531.739999999999,18,3517.82,2opt,acceptBad
3974,18,3531.739999999999,18,3517.82,swap,notBad
3975,18,3521.1799999999994,18,3517.82,swap,improve
3976,18,3521.1799999999994,18,3517.82,move,improve
3977,18,3521.1799999999994,18,3517.82,2opt,notBad
3978,18,3521.1799999999994,18,3517.82,swap,notBad
3979,18,3521.1799999999994,18,3517.82,swap,notBad
3980,18,3521.1799999999994,18,3517.82,2opt,improve
3981,18,3521.1799999999994,18,3517.82,move,improve
3982,18,3521.1799999999994,18,3517.82,2opt,notBad
3983,18,3521.1799999999994,18,3517.82,swap,notBad
3984,18,3521.1799999999994,18,3517.82,2opt,notBad
3985,18,3521.1799999999994,18,3517.82,swap,notBad
3986,18,3521.1799999999994,18,3517.82,move,improve
3987,18,3521.1799999999994,18,3517.82,move,improve
3988,18,3521.1799999999994,18,3517.82,2opt,improve
3989,18,3521.1799999999994,18,3517.82,2opt,notBad
3990,18,3521.1799999999994,18,3517.82,swap,notBad
3991,18,3531.6799999999994,18,3517.82,swap,acceptBad
3992,18,3531.6799999999994,18,3517.82,swap,notBad
3993,18,3531.6799999999994,18,3517.82,swap,notBad
3994,18,3531.6799999999994,18,3517.82,move,improve
3995,18,3534.0199999999995,18,3517.82,swap,acceptBad
3996,18,3534.0199999999995,18,3517.82,move,improve
3997,18,3534.0199999999995,18,3517.82,2opt,improve
3998,18,3534.0199999999995,18,3517.82,swap,notBad
3999,18,3534.0199999999995,18,3517.82,2opt,notBad
4000,18,3534.0199999999995,18,3517.82,2opt,improve
4001,18,3533.3599999999983,18,3517.82,2opt,improve
4002,18,3533.3599999999983,18,3517.82,swap,notBad
4003,18,3533.3599999999983,18,3517.82,move,improve
4004,18,3533.3599999999983,18,3517.82,2opt,notBad
4005,18,3533.3599999999983,18,3517.82,swap,notBad
4006,18,3533.3599999999983,18,3517.82,2opt,notBad
4007,18,3533.3599999999983,18,3517.82,2opt,notBad
4008,18,3530.1799999999985,18,3517.82,move,improve
4009,18,3530.1799999999985,18,3517.82,move,improve
4010,18,3530.1799999999985,18,3517.82,move,improve
4011,18,3530.1799999999985,18,3517.82,2opt,improve
4012,18,3530.1799999999985,18,3517.82,2opt,improve
4013,18,3512.6599999999985,18,3512.6599999999985,swap,newBest
4014,18,3512.6599999999985,18,3512.6599999999985,swap,notBad
4015,18,3512.6599999999985,18,3512.6599999999985,move,improve
4016,18,3512.6599999999985,18,3512.6599999999985,swap,notBad
4017,18,3512.6599999999985,18,3512.6599999999985,2opt,improve
4018,18,3504.1399999999994,18,3504.1399999999994,2opt,newBest
4019,18,3504.1399999999994,18,3504.1399999999994,move,improve
4020,18,3504.1399999999994,18,3504.1399999999994,2opt,notBad
4021,18,3504.1399999999994,18,3504.1399999999994,move,improve
4022,18,3504.1399999999994,18,3504.1399999999994,swap,notBad
4023,18,3504.1399999999994,18,3504.1399999999994,2opt,notBad
4024,18,3504.1399999999994,18,3504.1399999999994,2opt,notBad
4025,18,3510.6999999999985,18,3504.1399999999994,swap,acceptBad
4026,18,3510.6999999999985,18,3504.1399999999994,2opt,notBad
4027,18,3510.6999999999985,18,3504.1399999999994,move,improve
4028,18,3510.6999999999985,18,3504.1399999999994,move,improve
4029,18,3510.6999999999985,18,3504.1399999999994,move,improve
4030,18,3510.6999999999985,18,3504.1399999999994,2opt,improve
4031,18,3510.6999999999985,18,3504.1399999999994,2opt,notBad
4032,18,3510.6999999999985,18,3504.1399999999994,swap,notBad
4033,18,3510.6999999999985,18,3504.1399999999994,2opt,notBad
4034,18,3506.319999999999,18,3504.1399999999994,move,improve
4035,18,3506.319999999999,18,3504.1399999999994,2opt,notBad
4036,18,3506.319999999999,18,3504.1399999999994,2opt,notBad
4037,18,3506.319999999999,18,3504.1399999999994,2opt,notBad
4038,18,3506.319999999999,18,3504.1399999999994,2opt,notBad
4039,18,3506.319999999999,18,3504.1399999999994,swap,notBad
4040,18,3506.319999999999,18,3504.1399999999994,2opt,notBad
4041,18,3506.319999999999,18,3504.1399999999994,swap,notBad
4042,18,3506.319999999999,18,3504.1399999999994,2opt,notBad
4043,18,3506.319999999999,18,3504.1399999999994,move,improve
4044,18,3505.5999999999985,18,3504.1399999999994,move,improve
4045,18,3505.5999999999985,18,3504.1399999999994,swap,notBad
4046,18,3505.5999999999985,18,3504.1399999999994,swap,notBad
4047,18,3505.5999999999985,18,3504.1399999999994,move,improve
4048,18,3505.5999999999985,18,3504.1399999999994,swap,notBad
4049,18,3505.5999999999985,18,3504.1399999999994,2opt,notBad
4050,18,3505.5999999999985,18,3504.1399999999994,swap,notBad
4051,18,3509.919999999999,18,3504.1399999999994,2opt,acceptBad
4052,18,3509.919999999999,18,3504.1399999999994,move,improve
4053,18,3509.919999999999,18,3504.1399999999994,swap,notBad
4054,18,3509.919999999999,18,3504.1399999999994,move,improve
4055,18,3509.919999999999,18,3504.1399999999994,move,improve
4056,18,3509.919999999999,18,3504.1399999999994,swap,notBad
4057,18,3509.919999999999,18,3504.1399999999994,2opt,notBad
4058,18,3508.4199999999987,18,3504.1399999999994,2opt,improve
4059,18,3508.4199999999987,18,3504.1399999999994,swap,notBad
4060,18,3508.4199999999987,18,3504.1399999999994,2opt,notBad
4061,18,3508.4199999999987,18,3504.1399999999994,2opt,notBad
4062,18,3508.4199999999987,18,3504.1399999999994,2opt,notBad
4063,18,3508.4199999999987,18,3504.1399999999994,swap,notBad
4064,18,3508.4199999999987,18,3504.1399999999994,move,improve
4065,18,3508.4199999999987,18,3504.1399999999994,swap,notBad
4066,18,3501.2199999999984,18,3501.2199999999984,move,newBest
4067,18,3501.2199999999984,18,3501.2199999999984,swap,notBad
4068,18,3501.2199999999984,18,3501.2199999999984,move,improve
4069,18,3501.2199999999984,18,3501.2199999999984,swap,notBad
4070,18,3492.7999999999997,18,3492.7999999999997,move,newBest
4071,18,3492.7999999999997,18,3492.7999999999997,move,improve
4072,18,3492.7999999999997,18,3492.7999999999997,2opt,notBad
4073,18,3492.7999999999997,18,3492.7999999999997,2opt,notBad
4074,18,3492.7999999999997,18,3492.7999999999997,2opt,notBad
4075,18,3492.7999999999997,18,3492.7999999999997,move,improve
4076,18,3492.7999999999997,18,3492.7999999999997,move,improve
4077,18,3492.7999999999997,18,3492.7999999999997,2opt,notBad
4078,18,3492.7999999999997,18,3492.7999999999997,swap,notBad
4079,18,3492.7999999999997,18,3492.7999999999997,2opt,notBad
4080,18,3492.7999999999997,18,3492.7999999999997,swap,notBad
4081,18,3492.379999999999,18,3492.379999999999,move,newBest
4082,18,3492.379999999999,18,3492.379999999999,move,improve
4083,18,3492.379999999999,18,3492.379999999999,2opt,notBad
4084,18,3492.379999999999,18,3492.379999999999,swap,notBad
4085,18,3492.379999999999,18,3492.379999999999,2opt,improve
4086,18,3492.379999999999,18,3492.379999999999,2opt,notBad
4087,18,3492.379999999999,18,3492.379999999999,move,improve
4088,18,3492.379999999999,18,3492.379999999999,2opt,notBad
4089,18,3492.379999999999,18,3492.379999999999,2opt,notBad
4090,18,3492.379999999999,18,3492.379999999999,swap,notBad
4091,18,3492.379999999999,18,3492.379999999999,2opt,notBad
4092,18,3492.379999999999,18,3492.379999999999,2opt,notBad
4093,18,3492.379999999999,18,3492.379999999999,2opt,notBad
4094,18,3492.379999999999,18,3492.379999999999,swap,notBad
4095,18,3492.379999999999,18,3492.379999999999,2opt,notBad
4096,18,3492.0599999999995,18,3492.0599999999995,swap,newBest
4097,18,3492.0599999999995,18,3492.0599999999995,2opt,notBad
4098,18,3492.0599999999995,18,3492.0599999999995,swap,notBad
4099,18,3491.94,18,3491.94,move,newBest
4100,18,3491.94,18,3491.94,swap,notBad
4101,18,3491.94,18,3491.94,swap,notBad
4102,18,3489.96,18,3489.96,swap,newBest
4103,18,3489.96,18,3489.96,swap,notBad
4104,18,3489.96,18,3489.96,swap,notBad
4105,18,3489.96,18,3489.96,2opt,notBad
4106,18,3489.96,18,3489.96,swap,notBad
4107,18,3494.46,18,3489.96,2opt,acceptBad
4108,18,3494.46,18,3489.96,move,improve
4109,18,3489.0599999999995,18,3489.0599999999995,2opt,newBest
4110,18,3489.0599999999995,18,3489.0599999999995,2opt,notBad
4111,18,3479.439999999999,18,3479.439999999999,move,newBest
4112,18,3479.439999999999,18,3479.439999999999,move,improve
4113,18,3479.439999999999,18,3479.439999999999,move,improve
4114,18,3479.439999999999,18,3479.439999999999,swap,notBad
4115,18,3479.439999999999,18,3479.439999999999,move,improve
4116,18,3479.439999999999,18,3479.439999999999,move,improve
4117,18,3479.439999999999,18,3479.439999999999,move,improve
4118,18,3477.039999999999,18,3477.039999999999,move,newBest
4119,18,3482.1999999999994,18,3477.039999999999,swap,acceptBad
4120,18,3482.1999999999994,18,3477.039999999999,move,improve
4121,18,3482.1999999999994,18,3477.039999999999,swap,notBad
4122,18,3482.1999999999994,18,3477.039999999999,swap,notBad
4123,18,3489.3399999999997,18,3477.039999999999,swap,acceptBad
4124,18,3489.3399999999997,18,3477.039999999999,2opt,notBad
4125,18,3489.16,18,3477.039999999999,move,improve
4126,18,3489.460000000001,18,3477.039999999999,swap,acceptBad
4127,18,3489.460000000001,18,3477.039999999999,move,improve
4128,18,3489.460000000001,18,3477.039999999999,move,improve
4129,18,3489.460000000001,18,3477.039999999999,2opt,notBad
4130,18,3489.460000000001,18,3477.039999999999,move,notBad
4131,18,3489.460000000001,18,3477.039999999999,swap,notBad
4132,18,3489.460000000001,18,3477.039999999999,2opt,notBad
4133,18,3489.460000000001,18,3477.039999999999,swap,notBad
4134,18,3489.460000000001,18,3477.039999999999,swap,notBad
4135,18,3489.460000000001,18,3477.039999999999,2opt,improve
4136,18,3489.460000000001,18,3477.039999999999,2opt,notBad
4137,18,3489.460000000001,18,3477.039999999999,swap,notBad
4138,18,3489.460000000001,18,3477.039999999999,2opt,notBad
4139,18,3489.460000000001,18,3477.039999999999,swap,notBad
4140,18,3489.460000000001,18,3477.039999999999,2opt,notBad
4141,18,3489.460000000001,18,3477.039999999999,move,improve
4142,18,3489.460000000001,18,3477.039999999999,2opt,notBad
4143,18,3489.460000000001,18,3477.039999999999,2opt,notBad
4144,18,3489.460000000001,18,3477.039999999999,move,improve
4145,18,3489.460000000001,18,3477.039999999999,swap,notBad
4146,18,3489.460000000001,18,3477.039999999999,2opt,notBad
4147,18,3489.460000000001,18,3477.039999999999,2opt,notBad
4148,18,3483.2800000000007,18,3477.039999999999,move,improve
4149,18,3483.2800000000007,18,3477.039999999999,swap,notBad
4150,18,3487.42,18,3477.039999999999,swap,acceptBad
4151,18,3487.42,18,3477.039999999999,2opt,notBad
4152,18,3496.48,18,3477.039999999999,swap,acceptBad
4153,18,3494.86,18,3477.039999999999,swap,improve
4154,18,3494.86,18,3477.039999999999,swap,notBad
4155,18,3494.86,18,3477.039999999999,move,improve
4156,18,3494.86,18,3477.039999999999,move,improve
4157,18,3494.86,18,3477.039999999999,2opt,improve
4158,18,3494.86,18,3477.039999999999,2opt,notBad
4159,18,3494.86,18,3477.039999999999,move,improve
4160,18,3494.86,18,3477.039999999999,move,improve
4161,18,3492.16,18,3477.039999999999,move,improve
4162,18,3492.16,18,3477.039999999999,swap,notBad
4163,18,3507.88,18,3477.039999999999,swap,acceptBad
4164,18,3507.88,18,3477.039999999999,swap,notBad
4165,18,3507.88,18,3477.039999999999,swap,notBad
4166,18,3491.74,18,3477.039999999999,2opt,improve
4167,18,3491.74,18,3477.039999999999,swap,notBad
4168,18,3491.74,18,3477.039999999999,move,improve
4169,18,3491.74,18,3477.039999999999,move,improve
4170,18,3491.74,18,3477.039999999999,swap,notBad
4171,18,3485.8599999999997,18,3477.039999999999,move,improve
4172,18,3485.8599999999997,18,3477.039999999999,swap,notBad
4173,18,3485.8599999999997,18,3477.039999999999,swap,notBad
4174,18,3485.8599999999997,18,3477.039999999999,swap,notBad
4175,18,3485.8599999999997,18,3477.039999999999,move,improve
4176,18,3485.8599999999997,18,3477.039999999999,move,improve
4177,18,3485.8599999999997,18,3477.039999999999,2opt,notBad
4178,18,3485.8599999999997,18,3477.039999999999,2opt,notBad
4179,18,3485.8599999999997,18,3477.039999999999,2opt,notBad
4180,18,3485.8599999999997,18,3477.039999999999,swap,notBad
4181,18,3491.74,18,3477.039999999999,swap,acceptBad
4182,18,3491.74,18,3477.039999999999,swap,notBad
4183,18,3491.74,18,3477.039999999999,swap,notBad
4184,18,3485.8599999999997,18,3477.039999999999,swap,improve
4185,18,3485.8599999999997,18,3477.039999999999,move,notBad
4186,18,3468.2199999999993,18,3468.2199999999993,move,newBest
4187,18,3468.2199999999993,18,3468.2199999999993,2opt,notBad
4188,18,3468.2199999999993,18,3468.2199999999993,2opt,notBad
4189,18,3468.2199999999993,18,3468.2199999999993,swap,notBad
4190,18,3468.2199999999993,18,3468.2199999999993,2opt,notBad
4191,18,3468.2199999999993,18,3468.2199999999993,2opt,notBad
4192,18,3468.2199999999993,18,3468.2199999999993,2opt,notBad
4193,18,3468.2199999999993,18,3468.2199999999993,2opt,notBad
4194,18,3468.2199999999993,18,3468.2199999999993,move,improve
4195,18,3468.2199999999993,18,3468.2199999999993,2opt,notBad
4196,18,3468.2199999999993,18,3468.2199999999993,2opt,notBad
4197,18,3468.2199999999993,18,3468.2199999999993,2opt,notBad
4198,18,3468.2199999999993,18,3468.2199999999993,2opt,notBad
4199,18,3468.2199999999993,18,3468.2199999999993,swap,notBad
4200,18,3468.2199999999993,18,3468.2199999999993,2opt,notBad
4201,18,3468.2199999999993,18,3468.2199999999993,swap,notBad
4202,18,3455.3199999999997,18,3455.3199999999997,move,newBest
4203,18,3455.3199999999997,18,3455.3199999999997,swap,notBad
4204,18,3455.3199999999997,18,3455.3199999999997,move,improve
4205,18,3455.3199999999997,18,3455.3199999999997,2opt,notBad
4206,18,3457.379999999999,18,3455.3199999999997,swap,acceptBad
4207,18,3456.4199999999987,18,3455.3199999999997,move,improve
4208,18,3456.4199999999987,18,3455.3199999999997,2opt,notBad
4209,18,3456.4199999999987,18,3455.3199999999997,2opt,notBad
4210,18,3456.4199999999987,18,3455.3199999999997,move,improve
4211,18,3456.4199999999987,18,3455.3199999999997,move,improve
4212,18,3456.4199999999987,18,3455.3199999999997,2opt,notBad
4213,18,3456.4199999999987,18,3455.3199999999997,2opt,notBad
4214,18,3456.4199999999987,18,3455.3199999999997,swap,notBad
4215,18,3456.4199999999987,18,3455.3199999999997,2opt,notBad
4216,18,3456.4199999999987,18,3455.3199999999997,move,improve
4217,18,3456.4199999999987,18,3455.3199999999997,swap,notBad
4218,18,3456.4199999999987,18,3455.3199999999997,swap,notBad
4219,18,3456.4199999999987,18,3455.3199999999997,2opt,notBad
4220,18,3456.4199999999987,18,3455.3199999999997,2opt,notBad
4221,18,3457.1399999999985,18,3455.3199999999997,swap,acceptBad
4222,18,3457.1399999999985,18,3455.3199999999997,swap,notBad
4223,18,3457.1399999999985,18,3455.3199999999997,move,improve
4224,18,3457.1399999999985,18,3455.3199999999997,move,improve
4225,18,3457.1399999999985,18,3455.3199999999997,2opt,notBad
4226,18,3457.1399999999985,18,3455.3199999999997,2opt,notBad
4227,18,3457.1399999999985,18,3455.3199999999997,move,improve
4228,18,3457.1399999999985,18,3455.3199999999997,move,improve
4229,18,3457.1399999999985,18,3455.3199999999997,2opt,notBad
4230,18,3457.1399999999985,18,3455.3199999999997,move,improve
4231,18,3464.599999999998,18,3455.3199999999997,swap,acceptBad
4232,18,3464.599999999998,18,3455.3199999999997,2opt,notBad
4233,18,3464.599999999998,18,3455.3199999999997,2opt,notBad
4234,18,3464.599999999998,18,3455.3199999999997,move,improve
4235,18,3464.599999999998,18,3455.3199999999997,move,improve
4236,18,3464.599999999998,18,3455.3199999999997,swap,notBad
4237,18,3465.5599999999977,18,3455.3199999999997,swap,acceptBad
4238,18,3465.5599999999977,18,3455.3199999999997,move,improve
4239,18,3465.5599999999977,18,3455.3199999999997,swap,notBad
4240,18,3465.5599999999977,18,3455.3199999999997,move,improve
4241,18,3465.5599999999977,18,3455.3199999999997,move,improve
4242,18,3465.5599999999977,18,3455.3199999999997,2opt,notBad
4243,18,3465.5599999999977,18,3455.3199999999997,swap,notBad
4244,18,3465.5599999999977,18,3455.3199999999997,swap,notBad
4245,18,3465.5599999999977,18,3455.3199999999997,swap,notBad
4246,18,3465.5599999999977,18,3455.3199999999997,swap,notBad
4247,18,3465.5599999999977,18,3455.3199999999997,move,improve
4248,18,3465.5599999999977,18,3455.3199999999997,move,improve
4249,18,3465.5599999999977,18,3455.3199999999997,move,improve
4250,18,3465.5599999999977,18,3455.3199999999997,swap,notBad
4251,18,3465.5599999999977,18,3455.3199999999997,2opt,notBad
4252,18,3465.5599999999977,18,3455.3199999999997,swap,notBad
4253,18,3465.5599999999977,18,3455.3199999999997,2opt,notBad
4254,18,3465.5599999999977,18,3455.3199999999997,2opt,notBad
4255,18,3465.5599999999977,18,3455.3199999999997,move,improve
4256,18,3480.619999999998,18,3455.3199999999997,swap,acceptBad
4257,18,3480.619999999998,18,3455.3199999999997,swap,notBad
4258,18,3480.619999999998,18,3455.3199999999997,move,improve
4259,18,3480.619999999998,18,3455.3199999999997,2opt,notBad
4260,18,3480.619999999998,18,3455.3199999999997,swap,notBad
4261,18,3480.619999999998,18,3455.3199999999997,move,improve
4262,18,3480.619999999998,18,3455.3199999999997,move,improve
4263,18,3480.619999999998,18,3455.3199999999997,swap,notBad
4264,18,3480.619999999998,18,3455.3199999999997,swap,notBad
4265,18,3480.619999999998,18,3455.3199999999997,move,improve
4266,18,3480.619999999998,18,3455.3199999999997,swap,notBad
4267,18,3480.619999999998,18,3455.3199999999997,2opt,notBad
4268,18,3480.619999999998,18,3455.3199999999997,2opt,notBad
4269,18,3480.619999999998,18,3455.3199999999997,swap,notBad
4270,18,3480.619999999998,18,3455.3199999999997,move,improve
4271,18,3478.999999999998,18,3455.3199999999997,2opt,improve
4272,18,3478.999999999998,18,3455.3199999999997,move,improve
4273,18,3478.999999999998,18,3455.3199999999997,move,improve
4274,18,3478.999999999998,18,3455.3199999999997,move,improve
4275,18,3478.999999999998,18,3455.3199999999997,move,improve
4276,18,3478.999999999998,18,3455.3199999999997,move,improve
4277,18,3478.999999999998,18,3455.3199999999997,move,improve
4278,18,3478.999999999998,18,3455.3199999999997,2opt,notBad
4279,18,3478.999999999998,18,3455.3199999999997,move,improve
4280,18,3478.999999999998,18,3455.3199999999997,2opt,notBad
4281,18,3478.999999999998,18,3455.3199999999997,swap,notBad
4282,18,3478.999999999998,18,3455.3199999999997,swap,notBad
4283,18,3478.999999999998,18,3455.3199999999997,move,improve
4284,18,3486.7599999999984,18,3455.3199999999997,swap,acceptBad
4285,18,3486.7599999999984,18,3455.3199999999997,2opt,notBad
4286,18,3486.7599999999984,18,3455.3199999999997,move,improve
4287,18,3486.7599999999984,18,3455.3199999999997,2opt,notBad
4288,18,3486.7599999999984,18,3455.3199999999997,2opt,notBad
4289,18,3486.7599999999984,18,3455.3199999999997,swap,notBad
4290,18,3486.7599999999984,18,3455.3199999999997,2opt,notBad
4291,18,3486.7599999999984,18,3455.3199999999997,move,improve
4292,18,3486.7599999999984,18,3455.3199999999997,swap,notBad
4293,18,3489.759999999998,18,3455.3199999999997,2opt,acceptBad
4294,18,3486.5199999999977,18,3455.3199999999997,move,improve
4295,18,3485.5599999999977,18,3455.3199999999997,move,improve
4296,18,3485.5599999999977,18,3455.3199999999997,2opt,notBad
4297,18,3485.5599999999977,18,3455.3199999999997,swap,notBad
4298,18,3485.5599999999977,18,3455.3199999999997,swap,notBad
4299,18,3485.5599999999977,18,3455.3199999999997,swap,notBad
4300,18,3485.5599999999977,18,3455.3199999999997,swap,notBad
4301,18,3485.5599999999977,18,3455.3199999999997,2opt,improve
4302,18,3485.5599999999977,18,3455.3199999999997,2opt,improve
4303,18,3485.5599999999977,18,3455.3199999999997,swap,notBad
4304,18,3486.999999999998,18,3455.3199999999997,swap,acceptBad
4305,18,3486.999999999998,18,3455.3199999999997,move,improve
4306,18,3486.999999999998,18,3455.3199999999997,2opt,improve
4307,18,3486.999999999998,18,3455.3199999999997,2opt,notBad
4308,18,3486.999999999998,18,3455.3199999999997,swap,notBad
4309,18,3486.999999999998,18,3455.3199999999997,2opt,notBad
4310,18,3486.999999999998,18,3455.3199999999997,2opt,improve
4311,18,3486.999999999998,18,3455.3199999999997,2opt,notBad
4312,18,3486.999999999998,18,3455.3199999999997,2opt,notBad
4313,18,3486.999999999998,18,3455.3199999999997,swap,notBad
4314,18,3486.999999999998,18,3455.3199999999997,swap,notBad
4315,18,3486.999999999998,18,3455.3199999999997,swap,notBad
4316,18,3486.999999999998,18,3455.3199999999997,swap,notBad
4317,18,3486.999999999998,18,3455.3199999999997,2opt,notBad
4318,18,3486.999999999998,18,3455.3199999999997,swap,notBad
4319,18,3486.999999999998,18,3455.3199999999997,move,improve
4320,18,3486.999999999998,18,3455.3199999999997,2opt,notBad
4321,18,3486.999999999998,18,3455.3199999999997,move,improve
4322,18,3486.999999999998,18,3455.3199999999997,move,improve
4323,18,3478.539999999998,18,3455.3199999999997,move,improve
4324,18,3478.539999999998,18,3455.3199999999997,2opt,notBad
4325,18,3477.999999999998,18,3455.3199999999997,move,improve
4326,18,3477.999999999998,18,3455.3199999999997,swap,notBad
4327,18,3477.999999999998,18,3455.3199999999997,swap,notBad
4328,18,3477.999999999998,18,3455.3199999999997,swap,notBad
4329,18,3477.999999999998,18,3455.3199999999997,swap,notBad
4330,18,3477.999999999998,18,3455.3199999999997,move,improve
4331,18,3477.999999999998,18,3455.3199999999997,swap,notBad
4332,18,3477.999999999998,18,3455.3199999999997,2opt,notBad
4333,18,3477.999999999998,18,3455.3199999999997,2opt,notBad
4334,18,3477.999999999998,18,3455.3199999999997,move,improve
4335,18,3477.999999999998,18,3455.3199999999997,swap,notBad
4336,18,3477.999999999998,18,3455.3199999999997,2opt,improve
4337,18,3477.999999999998,18,3455.3199999999997,2opt,notBad
4338,18,3477.999999999998,18,3455.3199999999997,2opt,notBad
4339,18,3477.999999999998,18,3455.3199999999997,2opt,notBad
4340,18,3477.999999999998,18,3455.3199999999997,2opt,notBad
4341,18,3477.999999999998,18,3455.3199999999997,2opt,notBad
4342,18,3477.999999999998,18,3455.3199999999997,move,improve
4343,18,3478.7199999999984,18,3455.3199999999997,swap,acceptBad
4344,18,3478.7199999999984,18,3455.3199999999997,2opt,notBad
4345,18,3478.7199999999984,18,3455.3199999999997,move,improve
4346,18,3478.7199999999984,18,3455.3199999999997,2opt,notBad
4347,18,3478.059999999998,18,3455.3199999999997,move,improve
4348,18,3478.059999999998,18,3455.3199999999997,2opt,improve
4349,18,3467.499999999998,18,3455.3199999999997,move,improve
4350,18,3467.499999999998,18,3455.3199999999997,move,improve
4351,18,3467.499999999998,18,3455.3199999999997,move,improve
4352,18,3467.499999999998,18,3455.3199999999997,2opt,notBad
4353,18,3467.499999999998,18,3455.3199999999997,2opt,improve
4354,18,3467.499999999998,18,3455.3199999999997,move,improve
4355,18,3467.499999999998,18,3455.3199999999997,2opt,notBad
4356,18,3467.499999999998,18,3455.3199999999997,move,improve
4357,18,3467.499999999998,18,3455.3199999999997,swap,notBad
4358,18,3465.039999999998,18,3455.3199999999997,move,improve
4359,18,3465.039999999998,18,3455.3199999999997,2opt,notBad
4360,18,3465.039999999998,18,3455.3199999999997,2opt,notBad
4361,18,3449.9799999999987,18,3449.9799999999987,swap,newBest
4362,18,3449.9799999999987,18,3449.9799999999987,move,improve
4363,18,3449.9799999999987,18,3449.9799999999987,2opt,notBad
4364,18,3449.9799999999987,18,3449.9799999999987,swap,notBad
4365,18,3449.9799999999987,18,3449.9799999999987,swap,notBad
4366,18,3449.9799999999987,18,3449.9799999999987,move,improve
4367,18,3449.9799999999987,18,3449.9799999999987,move,improve
4368,18,3449.9799999999987,18,3449.9799999999987,2opt,notBad
4369,18,3449.9799999999987,18,3449.9799999999987,swap,notBad
4370,18,3449.9799999999987,18,3449.9799999999987,2opt,notBad
4371,18,3456.259999999999,18,3449.9799999999987,swap,acceptBad
4372,18,3456.259999999999,18,3449.9799999999987,swap,notBad
4373,18,3446.1399999999994,18,3446.1399999999994,move,newBest
4374,18,3446.1399999999994,18,3446.1399999999994,swap,notBad
4375,18,3446.1399999999994,18,3446.1399999999994,move,improve
4376,18,3446.1399999999994,18,3446.1399999999994,move,improve
4377,18,3439.5999999999995,18,3439.5999999999995,move,newBest
4378,18,3439.5999999999995,18,3439.5999999999995,move,improve
4379,18,3439.5999999999995,18,3439.5999999999995,move,improve
4380,18,3439.5999999999995,18,3439.5999999999995,swap,notBad
4381,18,3419.62,18,3419.62,move,newBest
4382,18,3419.62,18,3419.62,swap,notBad
4383,18,3419.62,18,3419.62,2opt,notBad
4384,18,3419.62,18,3419.62,move,improve
4385,18,3419.62,18,3419.62,move,notBad
4386,18,3419.62,18,3419.62,2opt,notBad
4387,18,3419.62,18,3419.62,move,notBad
4388,18,3419.62,18,3419.62,move,improve
4389,18,3419.62,18,3419.62,2opt,notBad
4390,18,3419.62,18,3419.62,2opt,notBad
4391,18,3419.62,18,3419.62,2opt,notBad
4392,18,3428.919999999999,18,3419.62,swap,acceptBad
4393,18,3428.919999999999,18,3419.62,swap,notBad
4394,18,3428.919999999999,18,3419.62,swap,notBad
4395,18,3428.919999999999,18,3419.62,move,improve
4396,18,3428.919999999999,18,3419.62,swap,notBad
4397,18,3428.919999999999,18,3419.62,swap,notBad
4398,18,3428.919999999999,18,3419.62,2opt,notBad
4399,18,3428.919999999999,18,3419.62,swap,notBad
4400,18,3428.919999999999,18,3419.62,2opt,notBad
4401,18,3428.919999999999,18,3419.62,swap,notBad
4402,18,3429.579999999999,18,3419.62,2opt,acceptBad
4403,18,3429.579999999999,18,3419.62,swap,notBad
4404,18,3429.579999999999,18,3419.62,move,improve
4405,18,3429.579999999999,18,3419.62,2opt,notBad
4406,18,3429.579999999999,18,3419.62,swap,notBad
4407,18,3429.579999999999,18,3419.62,swap,notBad
4408,18,3429.579999999999,18,3419.62,swap,notBad
4409,18,3429.579999999999,18,3419.62,2opt,notBad
4410,18,3429.579999999999,18,3419.62,2opt,notBad
4411,18,3429.579999999999,18,3419.62,2opt,notBad
4412,18,3429.579999999999,18,3419.62,move,improve
4413,18,3425.2,18,3419.62,2opt,improve
4414,18,3432.3999999999996,18,3419.62,swap,acceptBad
4415,18,3432.3999999999996,18,3419.62,move,improve
4416,18,3432.3999999999996,18,3419.62,move,improve
4417,18,3432.3999999999996,18,3419.62,swap,notBad
4418,18,3432.3999999999996,18,3419.62,swap,notBad
4419,18,3430.7199999999993,18,3419.62,swap,improve
4420,18,3430.7199999999993,18,3419.62,2opt,notBad
4421,18,3430.7199999999993,18,3419.62,2opt,improve
4422,18,3430.7199999999993,18,3419.62,2opt,notBad
4423,18,3430.7199999999993,18,3419.62,move,improve
4424,18,3430.7199999999993,18,3419.62,2opt,notBad
4425,18,3393.5800000000004,18,3393.5800000000004,2opt,newBest
4426,18,3393.5800000000004,18,3393.5800000000004,swap,notBad
4427,18,3393.5800000000004,18,3393.5800000000004,move,improve
4428,18,3393.5800000000004,18,3393.5800000000004,move,improve
4429,18,3393.5800000000004,18,3393.5800000000004,move,improve
4430,18,3393.5800000000004,18,3393.5800000000004,2opt,notBad
4431,18,3401.5000000000005,18,3393.5800000000004,swap,acceptBad
4432,18,3401.5000000000005,18,3393.5800000000004,2opt,notBad
4433,18,3401.5000000000005,18,3393.5800000000004,2opt,notBad
4434,18,3379.6000000000004,18,3379.6000000000004,swap,newBest
4435,18,3379.6000000000004,18,3379.6000000000004,move,improve
4436,18,3379.6000000000004,18,3379.6000000000004,2opt,notBad
4437,18,3379.6000000000004,18,3379.6000000000004,swap,notBad
4438,18,3368.3200000000006,18,3368.3200000000006,swap,newBest
4439,18,3368.3200000000006,18,3368.3200000000006,swap,notBad
4440,18,3368.3200000000006,18,3368.3200000000006,2opt,notBad
4441,18,3368.3200000000006,18,3368.3200000000006,swap,notBad
4442,18,3368.3200000000006,18,3368.3200000000006,move,improve
4443,18,3368.3200000000006,18,3368.3200000000006,swap,notBad
4444,18,3368.3200000000006,18,3368.3200000000006,move,improve
4445,18,3368.3200000000006,18,3368.3200000000006,2opt,notBad
4446,18,3368.3200000000006,18,3368.3200000000006,2opt,notBad
4447,18,3368.3200000000006,18,3368.3200000000006,2opt,notBad
4448,18,3368.3200000000006,18,3368.3200000000006,move,improve
4449,18,3368.3200000000006,18,3368.3200000000006,swap,notBad
4450,18,3368.3200000000006,18,3368.3200000000006,2opt,notBad
4451,18,3368.3200000000006,18,3368.3200000000006,swap,notBad
4452,18,3368.3200000000006,18,3368.3200000000006,swap,notBad
4453,18,3368.3200000000006,18,3368.3200000000006,2opt,notBad
4454,18,3368.3200000000006,18,3368.3200000000006,move,improve
4455,18,3368.3200000000006,18,3368.3200000000006,2opt,notBad
4456,18,3368.2000000000007,18,3368.2000000000007,move,newBest
4457,18,3368.2000000000007,18,3368.2000000000007,2opt,notBad
4458,18,3368.2000000000007,18,3368.2000000000007,swap,notBad
4459,18,3368.2000000000007,18,3368.2000000000007,move,improve
4460,18,3368.2000000000007,18,3368.2000000000007,2opt,notBad
4461,18,3368.2000000000007,18,3368.2000000000007,swap,notBad
4462,18,3368.2000000000007,18,3368.2000000000007,swap,notBad
4463,18,3368.2000000000007,18,3368.2000000000007,2opt,notBad
4464,18,3368.2000000000007,18,3368.2000000000007,move,improve
4465,18,3368.2000000000007,18,3368.2000000000007,2opt,notBad
4466,18,3368.2000000000007,18,3368.2000000000007,2opt,notBad
4467,18,3368.2000000000007,18,3368.2000000000007,2opt,notBad
4468,18,3368.2000000000007,18,3368.2000000000007,2opt,notBad
4469,18,3365.860000000001,18,3365.860000000001,swap,newBest
4470,18,3365.860000000001,18,3365.860000000001,move,improve
4471,18,3365.860000000001,18,3365.860000000001,swap,notBad
4472,18,3365.860000000001,18,3365.860000000001,swap,notBad
4473,18,3365.860000000001,18,3365.860000000001,2opt,notBad
4474,18,3365.860000000001,18,3365.860000000001,2opt,notBad
4475,18,3365.860000000001,18,3365.860000000001,2opt,notBad
4476,18,3365.860000000001,18,3365.860000000001,2opt,improve
4477,18,3363.8200000000006,18,3363.8200000000006,move,newBest
4478,18,3363.8200000000006,18,3363.8200000000006,swap,notBad
4479,18,3363.8200000000006,18,3363.8200000000006,2opt,notBad
4480,18,3363.8200000000006,18,3363.8200000000006,2opt,notBad
4481,18,3363.8200000000006,18,3363.8200000000006,2opt,notBad
4482,18,3363.8200000000006,18,3363.8200000000006,move,improve
4483,18,3363.8200000000006,18,3363.8200000000006,2opt,notBad
4484,18,3363.8200000000006,18,3363.8200000000006,2opt,notBad
4485,18,3363.8200000000006,18,3363.8200000000006,move,improve
4486,18,3363.8200000000006,18,3363.8200000000006,move,improve
4487,18,3363.8200000000006,18,3363.8200000000006,2opt,notBad
4488,18,3363.8200000000006,18,3363.8200000000006,move,improve
4489,18,3363.8200000000006,18,3363.8200000000006,move,improve
4490,18,3363.8200000000006,18,3363.8200000000006,move,improve
4491,18,3363.8200000000006,18,3363.8200000000006,2opt,notBad
4492,18,3363.8200000000006,18,3363.8200000000006,2opt,notBad
4493,18,3363.8200000000006,18,3363.8200000000006,swap,notBad
4494,18,3363.8200000000006,18,3363.8200000000006,2opt,notBad
4495,18,3363.8200000000006,18,3363.8200000000006,swap,notBad
4496,18,3363.8200000000006,18,3363.8200000000006,move,improve
4497,18,3363.8200000000006,18,3363.8200000000006,swap,notBad
4498,18,3363.8200000000006,18,3363.8200000000006,move,improve
4499,18,3363.8200000000006,18,3363.8200000000006,move,improve
4500,18,3363.8200000000006,18,3363.8200000000006,swap,notBad
4501,18,3363.8200000000006,18,3363.8200000000006,2opt,notBad
4502,18,3363.8200000000006,18,3363.8200000000006,move,improve
4503,18,3363.8200000000006,18,3363.8200000000006,2opt,notBad
4504,18,3363.8200000000006,18,3363.8200000000006,move,improve
4505,18,3363.8200000000006,18,3363.8200000000006,swap,notBad
4506,18,3363.8200000000006,18,3363.8200000000006,swap,notBad
4507,18,3363.8200000000006,18,3363.8200000000006,swap,notBad
4508,18,3363.8200000000006,18,3363.8200000000006,move,improve
4509,18,3363.8200000000006,18,3363.8200000000006,swap,notBad
4510,18,3363.8200000000006,18,3363.8200000000006,swap,notBad
4511,18,3363.8200000000006,18,3363.8200000000006,swap,notBad
4512,18,3363.8200000000006,18,3363.8200000000006,move,improve
4513,18,3363.8200000000006,18,3363.8200000000006,move,improve
4514,18,3363.8200000000006,18,3363.8200000000006,2opt,improve
4515,18,3363.8200000000006,18,3363.8200000000006,move,improve
4516,18,3363.8200000000006,18,3363.8200000000006,2opt,notBad
4517,18,3356.620000000001,18,3356.620000000001,swap,newBest
4518,18,3356.620000000001,18,3356.620000000001,move,improve
4519,18,3356.620000000001,18,3356.620000000001,2opt,notBad
4520,18,3356.620000000001,18,3356.620000000001,move,improve
4521,18,3356.620000000001,18,3356.620000000001,swap,notBad
4522,18,3356.620000000001,18,3356.620000000001,move,improve
4523,18,3353.940000000001,18,3353.940000000001,swap,newBest
4524,18,3353.940000000001,18,3353.940000000001,2opt,notBad
4525,18,3353.940000000001,18,3353.940000000001,2opt,notBad
4526,18,3353.940000000001,18,3353.940000000001,swap,notBad
4527,18,3353.940000000001,18,3353.940000000001,move,improve
4528,18,3353.940000000001,18,3353.940000000001,swap,notBad
4529,18,3353.940000000001,18,3353.940000000001,swap,notBad
4530,18,3353.940000000001,18,3353.940000000001,2opt,notBad
4531,18,3352.920000000001,18,3352.920000000001,move,newBest
4532,18,3352.920000000001,18,3352.920000000001,2opt,notBad
4533,18,3352.920000000001,18,3352.920000000001,swap,notBad
4534,18,3352.920000000001,18,3352.920000000001,swap,notBad
4535,18,3352.920000000001,18,3352.920000000001,2opt,notBad
4536,18,3352.920000000001,18,3352.920000000001,2opt,notBad
4537,18,3352.920000000001,18,3352.920000000001,swap,notBad
4538,18,3352.920000000001,18,3352.920000000001,move,improve
4539,18,3352.920000000001,18,3352.920000000001,2opt,notBad
4540,18,3352.920000000001,18,3352.920000000001,2opt,improve
4541,18,3352.920000000001,18,3352.920000000001,swap,notBad
4542,18,3352.920000000001,18,3352.920000000001,move,improve
4543,18,3352.920000000001,18,3352.920000000001,swap,notBad
4544,18,3352.920000000001,18,3352.920000000001,swap,notBad
4545,18,3352.920000000001,18,3352.920000000001,2opt,notBad
4546,18,3352.920000000001,18,3352.920000000001,swap,notBad
4547,18,3352.920000000001,18,3352.920000000001,move,improve
4548,18,3352.920000000001,18,3352.920000000001,move,improve
4549,18,3352.920000000001,18,3352.920000000001,swap,notBad
4550,18,3352.920000000001,18,3352.920000000001,move,improve
4551,18,3352.920000000001,18,3352.920000000001,2opt,improve
4552,18,3352.920000000001,18,3352.920000000001,move,improve
4553,18,3352.920000000001,18,3352.920000000001,2opt,notBad
4554,18,3352.920000000001,18,3352.920000000001,move,improve
4555,18,3352.920000000001,18,3352.920000000001,move,improve
4556,18,3352.920000000001,18,3352.920000000001,2opt,notBad
4557,18,3352.920000000001,18,3352.920000000001,swap,notBad
4558,18,3342.300000000001,18,3342.300000000001,swap,newBest
4559,18,3342.300000000001,18,3342.300000000001,2opt,improve
4560,18,3342.300000000001,18,3342.300000000001,move,improve
4561,18,3335.880000000001,18,3335.880000000001,move,newBest
4562,18,3335.880000000001,18,3335.880000000001,2opt,notBad
4563,18,3338.220000000001,18,3335.880000000001,swap,acceptBad
4564,18,3336.6600000000008,18,3335.880000000001,move,improve
4565,18,3336.6600000000008,18,3335.880000000001,move,improve
4566,18,3336.1800000000003,18,3335.880000000001,swap,improve
4567,18,3336.1799999999994,18,3335.880000000001,swap,improve
4568,18,3336.1799999999994,18,3335.880000000001,swap,notBad
4569,18,3336.1799999999994,18,3335.880000000001,move,improve
4570,18,3336.1799999999994,18,3335.880000000001,move,improve
4571,18,3336.1799999999994,18,3335.880000000001,move,improve
4572,18,3336.1799999999994,18,3335.880000000001,2opt,notBad
4573,18,3336.1799999999994,18,3335.880000000001,swap,notBad
4574,18,3336.1799999999994,18,3335.880000000001,swap,notBad
4575,18,3336.1799999999994,18,3335.880000000001,2opt,notBad
4576,18,3336.1799999999994,18,3335.880000000001,swap,notBad
4577,18,3336.1799999999994,18,3335.880000000001,2opt,notBad
4578,18,3335.039999999999,18,3335.039999999999,2opt,newBest
4579,18,3335.039999999999,18,3335.039999999999,2opt,notBad
4580,18,3335.039999999999,18,3335.039999999999,move,improve
4581,18,3335.039999999999,18,3335.039999999999,swap,notBad
4582,18,3335.999999999999,18,3335.039999999999,swap,acceptBad
4583,18,3335.4599999999987,18,3335.039999999999,move,improve
4584,18,3335.4599999999987,18,3335.039999999999,swap,notBad
4585,18,3335.4599999999987,18,3335.039999999999,move,improve
4586,18,3335.4599999999987,18,3335.039999999999,move,improve
4587,18,3335.4599999999987,18,3335.039999999999,swap,notBad
4588,18,3335.4599999999987,18,3335.039999999999,2opt,notBad
4589,18,3335.4599999999987,18,3335.039999999999,2opt,notBad
4590,18,3335.4599999999987,18,3335.039999999999,move,improve
4591,18,3335.4599999999987,18,3335.039999999999,move,improve
4592,18,3335.4599999999987,18,3335.039999999999,swap,notBad
4593,18,3335.4599999999987,18,3335.039999999999,2opt,improve
4594,18,3335.4599999999987,18,3335.039999999999,swap,notBad
4595,18,3335.4599999999987,18,3335.039999999999,swap,notBad
4596,18,3335.4599999999987,18,3335.039999999999,move,improve
4597,18,3335.4599999999987,18,3335.039999999999,2opt,improve
4598,18,3335.4599999999987,18,3335.039999999999,swap,notBad
4599,18,3335.4599999999987,18,3335.039999999999,move,improve
4600,18,3334.26,18,3334.26,2opt,newBest
4601,18,3334.26,18,3334.26,2opt,notBad
4602,18,3334.26,18,3334.26,2opt,notBad
4603,18,3334.26,18,3334.26,move,improve
4604,18,3334.26,18,3334.26,swap,notBad
4605,18,3334.26,18,3334.26,swap,notBad
4606,18,3327.419999999999,18,3327.419999999999,swap,newBest
4607,18,3327.419999999999,18,3327.419999999999,2opt,notBad
4608,18,3327.419999999999,18,3327.419999999999,2opt,notBad
4609,18,3327.419999999999,18,3327.419999999999,move,improve
4610,18,3327.419999999999,18,3327.419999999999,swap,notBad
4611,18,3327.419999999999,18,3327.419999999999,swap,notBad
4612,18,3327.419999999999,18,3327.419999999999,2opt,notBad
4613,18,3327.419999999999,18,3327.419999999999,swap,notBad
4614,18,3327.419999999999,18,3327.419999999999,swap,notBad
4615,18,3327.419999999999,18,3327.419999999999,move,improve
4616,18,3327.419999999999,18,3327.419999999999,move,improve
4617,18,3327.419999999999,18,3327.419999999999,2opt,notBad
4618,18,3327.419999999999,18,3327.419999999999,move,improve
4619,18,3327.419999999999,18,3327.419999999999,2opt,notBad
4620,18,3327.419999999999,18,3327.419999999999,2opt,notBad
4621,18,3327.419999999999,18,3327.419999999999,move,improve
4622,18,3327.419999999999,18,3327.419999999999,2opt,notBad
4623,18,3327.419999999999,18,3327.419999999999,2opt,notBad
4624,18,3327.419999999999,18,3327.419999999999,swap,notBad
4625,18,3327.419999999999,18,3327.419999999999,swap,notBad
4626,18,3327.419999999999,18,3327.419999999999,swap,notBad
4627,18,3327.419999999999,18,3327.419999999999,swap,notBad
4628,18,3327.419999999999,18,3327.419999999999,2opt,notBad
4629,18,3327.419999999999,18,3327.419999999999,swap,notBad
4630,18,3327.419999999999,18,3327.419999999999,swap,notBad
4631,18,3327.419999999999,18,3327.419999999999,swap,notBad
4632,18,3327.419999999999,18,3327.419999999999,move,improve
4633,18,3327.419999999999,18,3327.419999999999,2opt,notBad
4634,18,3327.419999999999,18,3327.419999999999,swap,notBad
4635,18,3327.419999999999,18,3327.419999999999,swap,notBad
4636,18,3327.419999999999,18,3327.419999999999,move,improve
4637,18,3327.419999999999,18,3327.419999999999,move,improve
4638,18,3327.419999999999,18,3327.419999999999,swap,notBad
4639,18,3327.419999999999,18,3327.419999999999,2opt,notBad
4640,18,3327.419999999999,18,3327.419999999999,2opt,notBad
4641,18,3327.419999999999,18,3327.419999999999,move,improve
4642,18,3327.419999999999,18,3327.419999999999,swap,notBad
4643,18,3327.419999999999,18,3327.419999999999,2opt,notBad
4644,18,3327.419999999999,18,3327.419999999999,move,improve
4645,18,3327.419999999999,18,3327.419999999999,swap,notBad
4646,18,3327.419999999999,18,3327.419999999999,move,improve
4647,18,3327.419999999999,18,3327.419999999999,swap,notBad
4648,18,3327.419999999999,18,3327.419999999999,move,improve
4649,18,3327.419999999999,18,3327.419999999999,swap,notBad
4650,18,3327.419999999999,18,3327.419999999999,move,improve
4651,18,3327.419999999999,18,3327.419999999999,swap,notBad
4652,18,3327.419999999999,18,3327.419999999999,move,improve
4653,18,3327.419999999999,18,3327.419999999999,move,improve
4654,18,3327.419999999999,18,3327.419999999999,swap,notBad
4655,18,3327.419999999999,18,3327.419999999999,2opt,improve
4656,18,3327.419999999999,18,3327.419999999999,2opt,notBad
4657,18,3327.419999999999,18,3327.419999999999,move,improve
4658,18,3327.419999999999,18,3327.419999999999,2opt,notBad
4659,18,3327.419999999999,18,3327.419999999999,swap,notBad
4660,18,3327.419999999999,18,3327.419999999999,move,improve
4661,18,3327.419999999999,18,3327.419999999999,swap,notBad
4662,18,3327.419999999999,18,3327.419999999999,move,improve
4663,18,3327.419999999999,18,3327.419999999999,move,improve
4664,18,3327.419999999999,18,3327.419999999999,move,improve
4665,18,3327.419999999999,18,3327.419999999999,swap,notBad
4666,18,3327.419999999999,18,3327.419999999999,swap,notBad
4667,18,3327.419999999999,18,3327.419999999999,move,improve
4668,18,3327.419999999999,18,3327.419999999999,move,improve
4669,18,3327.419999999999,18,3327.419999999999,swap,notBad
4670,18,3327.419999999999,18,3327.419999999999,swap,notBad
4671,18,3327.419999999999,18,3327.419999999999,move,improve
4672,18,3327.419999999999,18,3327.419999999999,swap,notBad
4673,18,3322.559999999999,18,3322.559999999999,move,newBest
4674,18,3322.559999999999,18,3322.559999999999,swap,notBad
4675,18,3333.7199999999993,18,3322.559999999999,swap,acceptBad
4676,18,3333.7199999999993,18,3322.559999999999,swap,notBad
4677,18,3333.7199999999993,18,3322.559999999999,2opt,notBad
4678,18,3333.7199999999993,18,3322.559999999999,swap,notBad
4679,18,3333.7199999999993,18,3322.559999999999,move,improve
4680,18,3333.7199999999993,18,3322.559999999999,swap,notBad
4681,18,3333.5999999999985,18,3322.559999999999,move,improve
4682,18,3333.5999999999985,18,3322.559999999999,move,improve
4683,18,3333.5999999999985,18,3322.559999999999,move,improve
4684,18,3333.5999999999985,18,3322.559999999999,2opt,notBad
4685,18,3333.5999999999985,18,3322.559999999999,2opt,notBad
4686,18,3333.5999999999985,18,3322.559999999999,2opt,notBad
4687,18,3333.5999999999985,18,3322.559999999999,2opt,notBad
4688,18,3333.5999999999985,18,3322.559999999999,2opt,notBad
4689,18,3333.5999999999985,18,3322.559999999999,swap,notBad
4690,18,3333.5999999999985,18,3322.559999999999,swap,notBad
4691,18,3333.5999999999985,18,3322.559999999999,2opt,improve
4692,18,3333.5999999999985,18,3322.559999999999,move,improve
4693,18,3332.6399999999994,18,3322.559999999999,swap,improve
4694,18,3332.6399999999994,18,3322.559999999999,swap,notBad
4695,18,3332.6399999999994,18,3322.559999999999,move,improve
4696,18,3332.6399999999994,18,3322.559999999999,move,improve
4697,18,3332.6399999999994,18,3322.559999999999,move,improve
4698,18,3332.6399999999994,18,3322.559999999999,2opt,notBad
4699,18,3332.6399999999994,18,3322.559999999999,move,improve
4700,18,3332.6399999999994,18,3322.559999999999,swap,notBad
4701,18,3332.6399999999994,18,3322.559999999999,2opt,notBad
4702,18,3332.6399999999994,18,3322.559999999999,move,improve
4703,18,3332.6399999999994,18,3322.559999999999,2opt,notBad
4704,18,3332.6399999999994,18,3322.559999999999,move,improve
4705,18,3332.6399999999994,18,3322.559999999999,move,improve
4706,18,3332.6399999999994,18,3322.559999999999,swap,notBad
4707,18,3332.6399999999994,18,3322.559999999999,move,improve
4708,18,3332.6399999999994,18,3322.559999999999,swap,notBad
4709,18,3332.6399999999994,18,3322.559999999999,move,improve
4710,18,3332.6399999999994,18,3322.559999999999,swap,notBad
4711,18,3332.6399999999994,18,3322.559999999999,2opt,improve
4712,18,3332.6399999999994,18,3322.559999999999,swap,notBad
4713,18,3332.6399999999994,18,3322.559999999999,2opt,notBad
4714,18,3332.6399999999994,18,3322.559999999999,move,improve
4715,18,3332.6399999999994,18,3322.559999999999,move,improve
4716,18,3332.6399999999994,18,3322.559999999999,2opt,notBad
4717,18,3332.6399999999994,18,3322.559999999999,move,improve
4718,18,3332.6399999999994,18,3322.559999999999,2opt,notBad
4719,18,3332.6399999999994,18,3322.559999999999,swap,notBad
4720,18,3332.6399999999994,18,3322.559999999999,move,improve
4721,18,3332.6399999999994,18,3322.559999999999,move,improve
4722,18,3332.6399999999994,18,3322.559999999999,swap,notBad
4723,18,3332.6399999999994,18,3322.559999999999,2opt,improve
4724,18,3332.6399999999994,18,3322.559999999999,swap,notBad
4725,18,3332.6399999999994,18,3322.559999999999,move,improve
4726,18,3332.6399999999994,18,3322.559999999999,move,improve
4727,18,3332.6399999999994,18,3322.559999999999,2opt,notBad
4728,18,3332.6399999999994,18,3322.559999999999,swap,notBad
4729,18,3332.6399999999994,18,3322.559999999999,swap,notBad
4730,18,3332.6399999999994,18,3322.559999999999,2opt,notBad
4731,18,3332.6399999999994,18,3322.559999999999,swap,notBad
4732,18,3332.6399999999994,18,3322.559999999999,move,improve
4733,18,3332.6399999999994,18,3322.559999999999,2opt,notBad
4734,18,3332.6399999999994,18,3322.559999999999,2opt,notBad
4735,18,3332.6399999999994,18,3322.559999999999,2opt,notBad
4736,18,3332.6399999999994,18,3322.559999999999,2opt,notBad
4737,18,3332.6399999999994,18,3322.559999999999,swap,notBad
4738,18,3332.6399999999994,18,3322.559999999999,move,improve
4739,18,3332.6399999999994,18,3322.559999999999,2opt,notBad
4740,18,3339.4800000000005,18,3322.559999999999,swap,acceptBad
4741,18,3339.4800000000005,18,3322.559999999999,swap,notBad
4742,18,3339.4800000000005,18,3322.559999999999,2opt,notBad
4743,18,3339.4800000000005,18,3322.559999999999,move,improve
4744,18,3339.4800000000005,18,3322.559999999999,swap,notBad
4745,18,3339.4800000000005,18,3322.559999999999,swap,notBad
4746,18,3339.4800000000005,18,3322.559999999999,swap,notBad
4747,18,3339.4800000000005,18,3322.559999999999,move,improve
4748,18,3339.4800000000005,18,3322.559999999999,2opt,improve
4749,18,3339.4800000000005,18,3322.559999999999,2opt,improve
4750,18,3333.4800000000005,18,3322.559999999999,move,improve
4751,18,3333.4800000000005,18,3322.559999999999,swap,notBad
4752,18,3333.4800000000005,18,3322.559999999999,move,improve
4753,18,3333.4800000000005,18,3322.559999999999,2opt,notBad
4754,18,3326.6399999999994,18,3322.559999999999,swap,improve
4755,18,3326.6399999999994,18,3322.559999999999,move,improve
4756,18,3326.6399999999994,18,3322.559999999999,swap,notBad
4757,18,3326.6399999999994,18,3322.559999999999,swap,notBad
4758,18,3326.6399999999994,18,3322.559999999999,2opt,notBad
4759,18,3326.6399999999994,18,3322.559999999999,move,improve
4760,18,3326.6399999999994,18,3322.559999999999,2opt,notBad
4761,18,3326.6399999999994,18,3322.559999999999,2opt,notBad
4762,18,3323.039999999999,18,3322.559999999999,move,improve
4763,18,3323.039999999999,18,3322.559999999999,move,improve
4764,18,3323.039999999999,18,3322.559999999999,move,improve
4765,18,3323.039999999999,18,3322.559999999999,swap,notBad
4766,18,3327.12,18,3322.559999999999,swap,acceptBad
4767,18,3327.12,18,3322.559999999999,swap,notBad
4768,18,3327.12,18,3322.559999999999,move,improve
4769,18,3327.12,18,3322.559999999999,2opt,notBad
4770,18,3327.12,18,3322.559999999999,move,improve
4771,18,3327.12,18,3322.559999999999,move,improve
4772,18,3327.12,18,3322.559999999999,move,improve
4773,18,3327.12,18,3322.559999999999,move,notBad
4774,18,3327.12,18,3322.559999999999,swap,notBad
4775,18,3327.12,18,3322.559999999999,move,improve
4776,18,3327.12,18,3322.559999999999,move,improve
4777,18,3327.12,18,3322.559999999999,2opt,notBad
4778,18,3327.12,18,3322.559999999999,swap,notBad
4779,18,3327.12,18,3322.559999999999,2opt,notBad
4780,18,3327.12,18,3322.559999999999,swap,notBad
4781,18,3327.12,18,3322.559999999999,move,improve
4782,18,3327.12,18,3322.559999999999,2opt,notBad
4783,18,3327.12,18,3322.559999999999,swap,notBad
4784,18,3327.12,18,3322.559999999999,swap,notBad
4785,18,3327.12,18,3322.559999999999,swap,notBad
4786,18,3327.12,18,3322.559999999999,move,improve
4787,18,3327.12,18,3322.559999999999,move,improve
4788,18,3327.12,18,3322.559999999999,swap,notBad
4789,18,3328.62,18,3322.559999999999,swap,acceptBad
4790,18,3328.62,18,3322.559999999999,move,improve
4791,18,3328.62,18,3322.559999999999,swap,notBad
4792,18,3328.62,18,3322.559999999999,2opt,notBad
4793,18,3328.62,18,3322.559999999999,move,improve
4794,18,3328.62,18,3322.559999999999,move,improve
4795,18,3328.62,18,3322.559999999999,move,improve
4796,18,3328.62,18,3322.559999999999,move,improve
4797,18,3328.62,18,3322.559999999999,2opt,notBad
4798,18,3328.62,18,3322.559999999999,swap,notBad
4799,18,3328.62,18,3322.559999999999,swap,notBad
4800,18,3328.62,18,3322.559999999999,move,improve
4801,18,3328.62,18,3322.559999999999,swap,notBad
4802,18,3328.62,18,3322.559999999999,move,improve
4803,18,3328.62,18,3322.559999999999,move,improve
4804,18,3328.62,18,3322.559999999999,move,improve
4805,18,3328.62,18,3322.559999999999,swap,notBad
4806,18,3328.62,18,3322.559999999999,move,improve
4807,18,3328.62,18,3322.559999999999,move,improve
4808,18,3328.62,18,3322.559999999999,move,improve
4809,18,3328.62,18,3322.559999999999,move,improve
4810,18,3328.62,18,3322.559999999999,swap,notBad
4811,18,3328.62,18,3322.559999999999,move,improve
4812,18,3328.62,18,3322.559999999999,move,improve
4813,18,3328.62,18,3322.559999999999,2opt,notBad
4814,18,3328.62,18,3322.559999999999,swap,notBad
4815,18,3328.62,18,3322.559999999999,move,improve
4816,18,3328.62,18,3322.559999999999,swap,notBad
4817,18,3328.62,18,3322.559999999999,move,improve
4818,18,3328.62,18,3322.559999999999,move,improve
4819,18,3328.3799999999997,18,3322.559999999999,move,improve
4820,18,3328.3799999999997,18,3322.559999999999,swap,notBad
4821,18,3328.3799999999997,18,3322.559999999999,move,improve
4822,18,3328.3799999999997,18,3322.559999999999,2opt,notBad
4823,18,3328.3799999999997,18,3322.559999999999,move,improve
4824,18,3328.3799999999997,18,3322.559999999999,swap,notBad
4825,18,3328.3799999999997,18,3322.559999999999,move,improve
4826,18,3328.3799999999997,18,3322.559999999999,2opt,notBad
4827,18,3328.3799999999997,18,3322.559999999999,2opt,improve
4828,18,3325.0199999999995,18,3322.559999999999,move,improve
4829,18,3325.0199999999995,18,3322.559999999999,move,improve
4830,18,3325.0199999999995,18,3322.559999999999,2opt,notBad
4831,18,3325.0199999999995,18,3322.559999999999,move,improve
4832,18,3325.0199999999995,18,3322.559999999999,swap,notBad
4833,18,3325.0199999999995,18,3322.559999999999,swap,notBad
4834,18,3325.0199999999995,18,3322.559999999999,move,improve
4835,18,3325.0199999999995,18,3322.559999999999,move,improve
4836,18,3325.0199999999995,18,3322.559999999999,2opt,notBad
4837,18,3325.7999999999997,18,3322.559999999999,swap,acceptBad
4838,18,3325.7999999999997,18,3322.559999999999,2opt,notBad
4839,18,3325.7999999999997,18,3322.559999999999,move,improve
4840,18,3325.7999999999997,18,3322.559999999999,2opt,notBad
4841,18,3325.7999999999997,18,3322.559999999999,move,improve
4842,18,3325.7999999999997,18,3322.559999999999,swap,notBad
4843,18,3325.7999999999997,18,3322.559999999999,2opt,notBad
4844,18,3325.7999999999997,18,3322.559999999999,move,improve
4845,18,3325.7999999999997,18,3322.559999999999,2opt,notBad
4846,18,3325.7999999999997,18,3322.559999999999,2opt,improve
4847,18,3325.7999999999997,18,3322.559999999999,move,improve
4848,18,3325.7999999999997,18,3322.559999999999,move,improve
4849,18,3318.1799999999994,18,3318.1799999999994,move,newBest
4850,18,3318.1799999999994,18,3318.1799999999994,move,improve
4851,18,3318.1799999999994,18,3318.1799999999994,swap,notBad
4852,18,3318.1799999999994,18,3318.1799999999994,move,improve
4853,18,3318.1799999999994,18,3318.1799999999994,move,improve
4854,18,3318.1799999999994,18,3318.1799999999994,2opt,notBad
4855,18,3318.1799999999994,18,3318.1799999999994,swap,notBad
4856,18,3315.24,18,3315.24,move,newBest
4857,18,3315.24,18,3315.24,move,improve
4858,18,3315.24,18,3315.24,move,improve
4859,18,3315.24,18,3315.24,swap,notBad
4860,18,3315.24,18,3315.24,move,improve
4861,18,3315.24,18,3315.24,swap,notBad
4862,18,3315.24,18,3315.24,move,improve
4863,18,3309.34,18,3309.34,swap,newBest
4864,18,3309.34,18,3309.34,2opt,notBad
4865,18,3309.34,18,3309.34,swap,notBad
4866,18,3309.34,18,3309.34,move,improve
4867,18,3309.34,18,3309.34,2opt,improve
4868,18,3309.34,18,3309.34,swap,notBad
4869,18,3309.34,18,3309.34,2opt,notBad
4870,18,3309.34,18,3309.34,swap,notBad
4871,18,3309.34,18,3309.34,swap,notBad
4872,18,3309.34,18,3309.34,swap,notBad
4873,18,3307.3,18,3307.3,move,newBest
4874,18,3307.0600000000013,18,3307.0600000000013,2opt,newBest
4875,18,3307.0600000000013,18,3307.0600000000013,move,improve
4876,18,3307.0600000000013,18,3307.0600000000013,2opt,notBad
4877,18,3307.0600000000013,18,3307.0600000000013,swap,notBad
4878,18,3307.0600000000013,18,3307.0600000000013,swap,notBad
4879,18,3307.0600000000013,18,3307.0600000000013,2opt,improve
4880,18,3307.0600000000013,18,3307.0600000000013,move,improve
4881,18,3307.0600000000013,18,3307.0600000000013,move,improve
4882,18,3307.0600000000013,18,3307.0600000000013,2opt,notBad
4883,18,3307.0600000000013,18,3307.0600000000013,move,improve
4884,18,3307.9000000000015,18,3307.0600000000013,swap,acceptBad
4885,18,3307.9000000000015,18,3307.0600000000013,2opt,notBad
4886,18,3307.9000000000015,18,3307.0600000000013,move,improve
4887,18,3310.340000000001,18,3307.0600000000013,swap,acceptBad
4888,18,3310.340000000001,18,3307.0600000000013,swap,notBad
4889,18,3310.340000000001,18,3307.0600000000013,2opt,notBad
4890,18,3310.340000000001,18,3307.0600000000013,2opt,notBad
4891,18,3310.340000000001,18,3307.0600000000013,swap,notBad
4892,18,3310.340000000001,18,3307.0600000000013,2opt,notBad
4893,18,3310.340000000001,18,3307.0600000000013,swap,notBad
4894,18,3310.340000000001,18,3307.0600000000013,move,improve
4895,18,3310.340000000001,18,3307.0600000000013,2opt,notBad
4896,18,3311.540000000001,18,3307.0600000000013,swap,acceptBad
4897,18,3311.540000000001,18,3307.0600000000013,move,improve
4898,18,3311.540000000001,18,3307.0600000000013,swap,notBad
4899,18,3311.540000000001,18,3307.0600000000013,move,improve
4900,18,3311.540000000001,18,3307.0600000000013,swap,notBad
4901,18,3311.540000000001,18,3307.0600000000013,swap,notBad
4902,18,3311.540000000001,18,3307.0600000000013,2opt,notBad
4903,18,3311.0,18,3307.0600000000013,swap,improve
4904,18,3311.0,18,3307.0600000000013,swap,notBad
4905,18,3311.0,18,3307.0600000000013,2opt,notBad
4906,18,3311.0,18,3307.0600000000013,swap,notBad
4907,18,3311.0,18,3307.0600000000013,move,improve
4908,18,3311.0,18,3307.0600000000013,2opt,notBad
4909,18,3311.0,18,3307.0600000000013,2opt,notBad
4910,18,3311.0,18,3307.0600000000013,swap,notBad
4911,18,3311.0,18,3307.0600000000013,swap,notBad
4912,18,3311.0,18,3307.0600000000013,move,improve
4913,18,3311.0,18,3307.0600000000013,move,improve
4914,18,3311.0,18,3307.0600000000013,2opt,notBad
4915,18,3311.0,18,3307.0600000000013,2opt,notBad
4916,18,3311.0,18,3307.0600000000013,move,improve
4917,18,3311.0,18,3307.0600000000013,move,improve
4918,18,3311.0,18,3307.0600000000013,swap,notBad
4919,18,3311.0,18,3307.0600000000013,2opt,notBad
4920,18,3311.0,18,3307.0600000000013,2opt,notBad
4921,18,3309.3200000000006,18,3307.0600000000013,move,improve
4922,18,3309.3200000000006,18,3307.0600000000013,move,improve
4923,18,3309.3200000000006,18,3307.0600000000013,move,improve
4924,18,3309.3200000000006,18,3307.0600000000013,swap,notBad
4925,18,3309.3200000000006,18,3307.0600000000013,swap,notBad
4926,18,3309.3200000000006,18,3307.0600000000013,swap,notBad
4927,18,3309.3200000000006,18,3307.0600000000013,move,improve
4928,18,3309.3200000000006,18,3307.0600000000013,swap,notBad
4929,18,3309.3200000000006,18,3307.0600000000013,2opt,notBad
4930,18,3309.3200000000006,18,3307.0600000000013,2opt,notBad
4931,18,3309.3200000000006,18,3307.0600000000013,swap,notBad
4932,18,3309.3200000000006,18,3307.0600000000013,move,improve
4933,18,3309.3200000000006,18,3307.0600000000013,move,improve
4934,18,3309.3200000000006,18,3307.0600000000013,2opt,notBad
4935,18,3306.88,18,3306.88,swap,newBest
4936,18,3306.88,18,3306.88,2opt,notBad
4937,18,3306.88,18,3306.88,swap,notBad
4938,18,3306.76,18,3306.76,move,newBest
4939,18,3306.76,18,3306.76,move,improve
4940,18,3306.76,18,3306.76,2opt,notBad
4941,18,3306.76,18,3306.76,swap,notBad
4942,18,3306.76,18,3306.76,2opt,notBad
4943,18,3305.5600000000004,18,3305.5600000000004,move,newBest
4944,18,3305.5600000000004,18,3305.5600000000004,2opt,notBad
4945,18,3305.5600000000004,18,3305.5600000000004,2opt,notBad
4946,18,3305.5600000000004,18,3305.5600000000004,move,improve
4947,18,3305.5600000000004,18,3305.5600000000004,2opt,notBad
4948,18,3305.5600000000004,18,3305.5600000000004,swap,notBad
4949,18,3305.5600000000004,18,3305.5600000000004,move,improve
4950,18,3305.5600000000004,18,3305.5600000000004,move,improve
4951,18,3305.5600000000004,18,3305.5600000000004,2opt,notBad
4952,18,3305.5600000000004,18,3305.5600000000004,2opt,notBad
4953,18,3305.5600000000004,18,3305.5600000000004,2opt,notBad
4954,18,3305.5600000000004,18,3305.5600000000004,2opt,notBad
4955,18,3305.5600000000004,18,3305.5600000000004,2opt,notBad
4956,18,3305.5600000000004,18,3305.5600000000004,2opt,notBad
4957,18,3305.5600000000004,18,3305.5600000000004,swap,notBad
4958,18,3305.5600000000004,18,3305.5600000000004,move,improve
4959,18,3305.5600000000004,18,3305.5600000000004,2opt,notBad
4960,18,3305.5600000000004,18,3305.5600000000004,swap,notBad
4961,18,3305.5600000000004,18,3305.5600000000004,move,improve
4962,18,3305.5600000000004,18,3305.5600000000004,move,improve
4963,18,3305.5600000000004,18,3305.5600000000004,move,improve
4964,18,3305.5600000000004,18,3305.5600000000004,2opt,notBad
4965,18,3305.5600000000004,18,3305.5600000000004,swap,notBad
4966,18,3305.5600000000004,18,3305.5600000000004,swap,notBad
4967,18,3305.5600000000004,18,3305.5600000000004,2opt,notBad
4968,18,3305.5600000000004,18,3305.5600000000004,move,improve
4969,18,3305.5600000000004,18,3305.5600000000004,2opt,notBad
4970,18,3305.5600000000004,18,3305.5600000000004,2opt,notBad
4971,18,3305.5600000000004,18,3305.5600000000004,2opt,notBad
4972,18,3305.5600000000004,18,3305.5600000000004,2opt,notBad
4973,18,3305.5600000000004,18,3305.5600000000004,swap,notBad
4974,18,3305.5600000000004,18,3305.5600000000004,move,improve
4975,18,3305.5600000000004,18,3305.5600000000004,2opt,notBad
4976,18,3305.5600000000004,18,3305.5600000000004,move,improve
4977,18,3305.5600000000004,18,3305.5600000000004,swap,notBad
4978,18,3305.5600000000004,18,3305.5600000000004,move,improve
4979,18,3305.5600000000004,18,3305.5600000000004,move,improve
4980,18,3305.5600000000004,18,3305.5600000000004,swap,notBad
4981,18,3305.5600000000004,18,3305.5600000000004,2opt,notBad
4982,18,3305.5600000000004,18,3305.5600000000004,swap,notBad
4983,18,3305.5600000000004,18,3305.5600000000004,move,improve
4984,18,3305.5600000000004,18,3305.5600000000004,move,improve
4985,18,3305.5600000000004,18,3305.5600000000004,2opt,notBad
4986,18,3305.5600000000004,18,3305.5600000000004,swap,notBad
4987,18,3305.5600000000004,18,3305.5600000000004,2opt,notBad
4988,18,3305.5600000000004,18,3305.5600000000004,swap,notBad
4989,18,3305.5600000000004,18,3305.5600000000004,2opt,notBad
4990,18,3305.5600000000004,18,3305.5600000000004,swap,notBad
4991,18,3305.5600000000004,18,3305.5600000000004,move,improve
4992,18,3305.5600000000004,18,3305.5600000000004,2opt,notBad
4993,18,3305.5600000000004,18,3305.5600000000004,2opt,notBad
4994,18,3305.5600000000004,18,3305.5600000000004,swap,notBad
4995,18,3305.5600000000004,18,3305.5600000000004,swap,notBad
4996,18,3305.5600000000004,18,3305.5600000000004,swap,notBad
4997,18,3305.5600000000004,18,3305.5600000000004,2opt,notBad
4998,18,3305.5600000000004,18,3305.5600000000004,move,improve
4999,18,3305.5600000000004,18,3305.5600000000004,move,improve
5000,18,3305.5600000000004,18,3305.5600000000004,2opt,notBad
5001,18,3305.5600000000004,18,3305.5600000000004,2opt,notBad
5002,18,3305.5600000000004,18,3305.5600000000004,move,improve
5003,18,3305.5600000000004,18,3305.5600000000004,2opt,notBad
5004,18,3305.5600000000004,18,3305.5600000000004,move,improve
5005,18,3305.5600000000004,18,3305.5600000000004,swap,notBad
5006,18,3305.5600000000004,18,3305.5600000000004,2opt,notBad
5007,18,3305.5600000000004,18,3305.5600000000004,2opt,notBad
5008,18,3305.5600000000004,18,3305.5600000000004,2opt,notBad
5009,18,3305.5600000000004,18,3305.5600000000004,swap,notBad
5010,18,3305.5600000000004,18,3305.5600000000004,2opt,notBad
5011,18,3305.5600000000004,18,3305.5600000000004,move,improve
5012,18,3305.5600000000004,18,3305.5600000000004,move,improve
5013,18,3305.5600000000004,18,3305.5600000000004,swap,notBad
5014,18,3305.5600000000004,18,3305.5600000000004,move,improve
5015,18,3305.5600000000004,18,3305.5600000000004,move,improve
5016,18,3305.5600000000004,18,3305.5600000000004,2opt,notBad
5017,18,3305.5600000000004,18,3305.5600000000004,swap,notBad
5018,18,3305.5600000000004,18,3305.5600000000004,move,improve
5019,18,3305.5600000000004,18,3305.5600000000004,swap,notBad
5020,18,3305.5600000000004,18,3305.5600000000004,move,improve
5021,18,3305.5600000000004,18,3305.5600000000004,swap,notBad
5022,18,3305.5600000000004,18,3305.5600000000004,2opt,notBad
5023,18,3305.5600000000004,18,3305.5600000000004,2opt,notBad
5024,18,3305.5600000000004,18,3305.5600000000004,2opt,notBad
5025,18,3308.4400000000005,18,3305.5600000000004,2opt,acceptBad
5026,18,3308.4400000000005,18,3305.5600000000004,2opt,notBad
5027,18,3308.4400000000005,18,3305.5600000000004,2opt,notBad
5028,18,3309.36,18,3305.5600000000004,swap,acceptBad
5029,18,3309.36,18,3305.5600000000004,swap,notBad
5030,18,3309.36,18,3305.5600000000004,move,improve
5031,18,3309.36,18,3305.5600000000004,2opt,notBad
5032,18,3309.36,18,3305.5600000000004,swap,notBad
5033,18,3311.2200000000003,18,3305.5600000000004,2opt,acceptBad
5034,18,3306.34,18,3305.5600000000004,2opt,improve
5035,18,3306.34,18,3305.5600000000004,swap,notBad
5036,18,3306.34,18,3305.5600000000004,swap,notBad
5037,18,3306.34,18,3305.5600000000004,swap,notBad
5038,18,3306.34,18,3305.5600000000004,2opt,notBad
5039,18,3306.34,18,3305.5600000000004,move,improve
5040,18,3306.34,18,3305.5600000000004,swap,notBad
5041,18,3306.34,18,3305.5600000000004,2opt,notBad
5042,18,3306.34,18,3305.5600000000004,move,improve
5043,18,3306.34,18,3305.5600000000004,move,improve
5044,18,3306.34,18,3305.5600000000004,move,improve
5045,18,3306.34,18,3305.5600000000004,2opt,notBad
5046,18,3306.34,18,3305.5600000000004,2opt,notBad
5047,18,3306.34,18,3305.5600000000004,move,improve
5048,18,3304.84,18,3304.84,move,newBest
5049,18,3304.84,18,3304.84,2opt,notBad
5050,18,3304.84,18,3304.84,move,improve
5051,18,3304.84,18,3304.84,2opt,notBad
5052,18,3304.84,18,3304.84,2opt,notBad
5053,18,3304.84,18,3304.84,move,improve
5054,18,3304.84,18,3304.84,swap,notBad
5055,18,3304.84,18,3304.84,move,improve
5056,18,3304.84,18,3304.84,move,improve
5057,18,3304.84,18,3304.84,2opt,notBad
5058,18,3304.84,18,3304.84,swap,notBad
5059,18,3304.84,18,3304.84,swap,notBad
5060,18,3304.84,18,3304.84,swap,notBad
5061,18,3304.84,18,3304.84,move,improve
5062,18,3304.84,18,3304.84,swap,notBad
5063,18,3304.84,18,3304.84,2opt,improve
5064,18,3304.84,18,3304.84,move,improve
5065,18,3304.84,18,3304.84,swap,notBad
5066,18,3304.84,18,3304.84,swap,notBad
5067,18,3304.84,18,3304.84,2opt,notBad
5068,18,3304.84,18,3304.84,swap,notBad
5069,18,3304.84,18,3304.84,move,improve
5070,18,3304.84,18,3304.84,move,improve
5071,18,3304.84,18,3304.84,move,improve
5072,18,3304.84,18,3304.84,swap,notBad
5073,18,3304.84,18,3304.84,2opt,notBad
5074,18,3304.84,18,3304.84,2opt,notBad
5075,18,3304.84,18,3304.84,move,improve
5076,18,3304.84,18,3304.84,2opt,notBad
5077,18,3305.5600000000004,18,3304.84,2opt,acceptBad
5078,18,3305.5600000000004,18,3304.84,2opt,notBad
5079,18,3306.4000000000005,18,3304.84,swap,acceptBad
5080,18,3306.4000000000005,18,3304.84,move,improve
5081,18,3306.4000000000005,18,3304.84,2opt,improve
5082,18,3306.4000000000005,18,3304.84,swap,notBad
5083,18,3306.4000000000005,18,3304.84,swap,notBad
5084,18,3306.4000000000005,18,3304.84,swap,notBad
5085,18,3306.4000000000005,18,3304.84,2opt,notBad
5086,18,3306.4000000000005,18,3304.84,2opt,notBad
5087,18,3306.4000000000005,18,3304.84,move,improve
5088,18,3306.4000000000005,18,3304.84,2opt,notBad
5089,18,3306.4000000000005,18,3304.84,swap,notBad
5090,18,3306.4000000000005,18,3304.84,2opt,notBad
5091,18,3306.4000000000005,18,3304.84,move,improve
5092,18,3306.4000000000005,18,3304.84,move,improve
5093,18,3307.1800000000003,18,3304.84,swap,acceptBad
5094,18,3306.52,18,3304.84,move,improve
5095,18,3306.52,18,3304.84,swap,notBad
5096,18,3306.52,18,3304.84,2opt,notBad
5097,18,3306.52,18,3304.84,move,improve
5098,18,3306.52,18,3304.84,move,improve
5099,18,3306.52,18,3304.84,move,improve
5100,18,3306.52,18,3304.84,move,improve
5101,18,3306.52,18,3304.84,2opt,notBad
5102,18,3306.52,18,3304.84,move,improve
5103,18,3306.52,18,3304.84,2opt,notBad
5104,18,3306.52,18,3304.84,swap,notBad
5105,18,3306.52,18,3304.84,move,improve
5106,18,3306.52,18,3304.84,move,improve
5107,18,3306.52,18,3304.84,swap,notBad
5108,18,3306.52,18,3304.84,2opt,notBad
5109,18,3306.52,18,3304.84,2opt,notBad
5110,18,3306.52,18,3304.84,move,improve
5111,18,3306.52,18,3304.84,2opt,notBad
5112,18,3306.52,18,3304.84,2opt,notBad
5113,18,3306.52,18,3304.84,2opt,notBad
5114,18,3306.52,18,3304.84,swap,notBad
5115,18,3306.52,18,3304.84,2opt,notBad
5116,18,3306.52,18,3304.84,swap,notBad
5117,18,3306.52,18,3304.84,move,improve
5118,18,3306.52,18,3304.84,swap,notBad
5119,18,3306.52,18,3304.84,move,improve
5120,18,3306.52,18,3304.84,swap,notBad
5121,18,3306.52,18,3304.84,2opt,notBad
5122,18,3310.080000000001,18,3304.84,swap,acceptBad
5123,18,3305.1000000000004,18,3304.84,move,improve
5124,18,3305.1000000000004,18,3304.84,2opt,notBad
5125,18,3305.1000000000004,18,3304.84,move,improve
5126,18,3305.1000000000004,18,3304.84,swap,notBad
5127,18,3305.1000000000004,18,3304.84,move,improve
5128,18,3305.1000000000004,18,3304.84,2opt,notBad
5129,18,3305.1000000000004,18,3304.84,swap,notBad
5130,18,3305.1000000000004,18,3304.84,move,improve
5131,18,3305.1000000000004,18,3304.84,move,improve
5132,18,3305.1000000000004,18,3304.84,2opt,notBad
5133,18,3305.1000000000004,18,3304.84,2opt,notBad
5134,18,3305.1000000000004,18,3304.84,2opt,notBad
5135,18,3305.1000000000004,18,3304.84,swap,notBad
5136,18,3305.1000000000004,18,3304.84,swap,notBad
5137,18,3305.1000000000004,18,3304.84,swap,notBad
5138,18,3305.1000000000004,18,3304.84,2opt,notBad
5139,18,3305.1000000000004,18,3304.84,swap,improve
5140,18,3305.1000000000004,18,3304.84,2opt,notBad
5141,18,3305.1000000000004,18,3304.84,move,improve
5142,18,3305.1000000000004,18,3304.84,2opt,notBad
5143,18,3305.1000000000004,18,3304.84,swap,notBad
5144,18,3305.1000000000004,18,3304.84,move,improve
5145,18,3305.1000000000004,18,3304.84,2opt,notBad
5146,18,3305.1000000000004,18,3304.84,move,improve
5147,18,3305.1000000000004,18,3304.84,swap,notBad
5148,18,3305.1000000000004,18,3304.84,swap,notBad
5149,18,3305.1000000000004,18,3304.84,swap,notBad
5150,18,3304.920000000001,18,3304.84,move,improve
5151,18,3304.920000000001,18,3304.84,swap,notBad
5152,18,3304.920000000001,18,3304.84,swap,notBad
5153,18,3304.920000000001,18,3304.84,swap,notBad
5154,18,3304.920000000001,18,3304.84,move,improve
5155,18,3304.920000000001,18,3304.84,swap,notBad
5156,18,3304.920000000001,18,3304.84,move,improve
5157,18,3304.920000000001,18,3304.84,2opt,notBad
5158,18,3304.920000000001,18,3304.84,2opt,notBad
5159,18,3304.920000000001,18,3304.84,swap,notBad
5160,18,3304.920000000001,18,3304.84,move,improve
5161,18,3304.920000000001,18,3304.84,swap,notBad
5162,18,3304.920000000001,18,3304.84,move,improve
5163,18,3304.920000000001,18,3304.84,move,improve
5164,18,3304.920000000001,18,3304.84,swap,notBad
5165,18,3294.1800000000007,18,3294.1800000000007,move,newBest
5166,18,3294.1800000000007,18,3294.1800000000007,move,improve
5167,18,3294.1800000000007,18,3294.1800000000007,2opt,notBad
5168,18,3294.1800000000007,18,3294.1800000000007,2opt,notBad
5169,18,3294.1800000000007,18,3294.1800000000007,2opt,notBad
5170,18,3294.1800000000007,18,3294.1800000000007,swap,notBad
5171,18,3294.1800000000007,18,3294.1800000000007,swap,notBad
5172,18,3294.1800000000007,18,3294.1800000000007,swap,notBad
5173,18,3294.1800000000007,18,3294.1800000000007,2opt,notBad
5174,18,3294.1800000000007,18,3294.1800000000007,2opt,notBad
5175,18,3294.1800000000007,18,3294.1800000000007,2opt,notBad
5176,18,3294.1800000000007,18,3294.1800000000007,move,improve
5177,18,3294.1800000000007,18,3294.1800000000007,swap,notBad
5178,18,3294.1800000000007,18,3294.1800000000007,move,improve
5179,18,3294.1800000000007,18,3294.1800000000007,move,improve
5180,18,3294.1800000000007,18,3294.1800000000007,2opt,notBad
5181,18,3294.1800000000007,18,3294.1800000000007,move,improve
5182,18,3293.2200000000007,18,3293.2200000000007,move,newBest
5183,18,3293.2200000000007,18,3293.2200000000007,swap,notBad
5184,18,3293.2200000000007,18,3293.2200000000007,2opt,notBad
5185,18,3293.2200000000007,18,3293.2200000000007,2opt,notBad
5186,18,3281.940000000001,18,3281.940000000001,move,newBest
5187,18,3281.940000000001,18,3281.940000000001,2opt,notBad
5188,18,3281.940000000001,18,3281.940000000001,2opt,notBad
5189,18,3281.940000000001,18,3281.940000000001,2opt,notBad
5190,18,3281.940000000001,18,3281.940000000001,2opt,notBad
5191,18,3281.940000000001,18,3281.940000000001,2opt,improve
5192,18,3281.940000000001,18,3281.940000000001,2opt,notBad
5193,18,3281.940000000001,18,3281.940000000001,2opt,notBad
5194,18,3281.940000000001,18,3281.940000000001,move,improve
5195,18,3281.940000000001,18,3281.940000000001,swap,notBad
5196,18,3281.940000000001,18,3281.940000000001,2opt,notBad
5197,18,3281.940000000001,18,3281.940000000001,swap,notBad
5198,18,3281.940000000001,18,3281.940000000001,move,improve
5199,18,3281.940000000001,18,3281.940000000001,move,improve
5200,18,3281.940000000001,18,3281.940000000001,move,improve
5201,18,3281.940000000001,18,3281.940000000001,move,improve
5202,18,3281.940000000001,18,3281.940000000001,move,improve
5203,18,3281.940000000001,18,3281.940000000001,move,improve
5204,18,3281.940000000001,18,3281.940000000001,2opt,notBad
5205,18,3281.940000000001,18,3281.940000000001,2opt,notBad
5206,18,3281.940000000001,18,3281.940000000001,2opt,notBad
5207,18,3281.940000000001,18,3281.940000000001,swap,notBad
5208,18,3281.940000000001,18,3281.940000000001,2opt,improve
5209,18,3281.940000000001,18,3281.940000000001,2opt,notBad
5210,18,3281.940000000001,18,3281.940000000001,2opt,notBad
5211,18,3281.940000000001,18,3281.940000000001,move,improve
5212,18,3281.940000000001,18,3281.940000000001,swap,notBad
5213,18,3281.940000000001,18,3281.940000000001,2opt,notBad
5214,18,3281.940000000001,18,3281.940000000001,swap,notBad
5215,18,3281.940000000001,18,3281.940000000001,move,improve
5216,18,3281.940000000001,18,3281.940000000001,move,improve
5217,18,3281.940000000001,18,3281.940000000001,move,improve
5218,18,3281.940000000001,18,3281.940000000001,move,improve
5219,18,3281.940000000001,18,3281.940000000001,move,improve
5220,18,3281.940000000001,18,3281.940000000001,2opt,notBad
5221,18,3281.940000000001,18,3281.940000000001,2opt,notBad
5222,18,3281.940000000001,18,3281.940000000001,swap,notBad
5223,18,3281.940000000001,18,3281.940000000001,move,improve
5224,18,3281.940000000001,18,3281.940000000001,swap,notBad
5225,18,3281.940000000001,18,3281.940000000001,move,improve
5226,18,3281.940000000001,18,3281.940000000001,2opt,notBad
5227,18,3281.8200000000006,18,3281.8200000000006,move,newBest
5228,18,3281.8200000000006,18,3281.8200000000006,swap,notBad
5229,18,3281.8200000000006,18,3281.8200000000006,2opt,notBad
5230,18,3281.8200000000006,18,3281.8200000000006,swap,notBad
5231,18,3281.8200000000006,18,3281.8200000000006,2opt,notBad
5232,18,3281.8200000000006,18,3281.8200000000006,move,improve
5233,18,3281.8200000000006,18,3281.8200000000006,2opt,notBad
5234,18,3281.8200000000006,18,3281.8200000000006,move,improve
5235,18,3281.8200000000006,18,3281.8200000000006,2opt,notBad
5236,18,3281.8200000000006,18,3281.8200000000006,2opt,notBad
5237,18,3282.7800000000007,18,3281.8200000000006,swap,acceptBad
5238,18,3281.460000000001,18,3281.460000000001,move,newBest
5239,18,3281.460000000001,18,3281.460000000001,2opt,notBad
5240,18,3281.460000000001,18,3281.460000000001,move,improve
5241,18,3281.460000000001,18,3281.460000000001,swap,notBad
5242,18,3281.460000000001,18,3281.460000000001,move,improve
5243,18,3281.460000000001,18,3281.460000000001,2opt,notBad
5244,18,3281.460000000001,18,3281.460000000001,move,improve
5245,18,3281.460000000001,18,3281.460000000001,move,improve
5246,18,3281.460000000001,18,3281.460000000001,2opt,notBad
5247,18,3281.460000000001,18,3281.460000000001,swap,notBad
5248,18,3281.460000000001,18,3281.460000000001,move,improve
5249,18,3281.460000000001,18,3281.460000000001,2opt,notBad
5250,18,3281.460000000001,18,3281.460000000001,2opt,notBad
5251,18,3281.460000000001,18,3281.460000000001,2opt,improve
5252,18,3281.460000000001,18,3281.460000000001,2opt,notBad
5253,18,3281.460000000001,18,3281.460000000001,swap,notBad
5254,18,3281.460000000001,18,3281.460000000001,2opt,improve
5255,18,3281.460000000001,18,3281.460000000001,swap,notBad
5256,18,3281.460000000001,18,3281.460000000001,swap,notBad
5257,18,3281.460000000001,18,3281.460000000001,2opt,notBad
5258,18,3281.460000000001,18,3281.460000000001,move,improve
5259,18,3281.460000000001,18,3281.460000000001,swap,notBad
5260,18,3280.62,18,3280.62,2opt,newBest
5261,18,3280.62,18,3280.62,swap,notBad
5262,18,3280.62,18,3280.62,swap,notBad
5263,18,3280.62,18,3280.62,swap,notBad
5264,18,3275.920000000001,18,3275.920000000001,swap,newBest
5265,18,3275.920000000001,18,3275.920000000001,swap,notBad
5266,18,3275.920000000001,18,3275.920000000001,swap,notBad
5267,18,3275.920000000001,18,3275.920000000001,2opt,notBad
5268,18,3275.920000000001,18,3275.920000000001,2opt,notBad
5269,18,3275.920000000001,18,3275.920000000001,2opt,notBad
5270,18,3275.920000000001,18,3275.920000000001,2opt,notBad
5271,18,3275.920000000001,18,3275.920000000001,swap,notBad
5272,18,3275.920000000001,18,3275.920000000001,swap,notBad
5273,18,3275.920000000001,18,3275.920000000001,swap,notBad
5274,18,3275.920000000001,18,3275.920000000001,move,improve
5275,18,3275.920000000001,18,3275.920000000001,swap,notBad
5276,18,3275.920000000001,18,3275.920000000001,2opt,notBad
5277,18,3275.920000000001,18,3275.920000000001,swap,notBad
5278,18,3275.920000000001,18,3275.920000000001,2opt,notBad
5279,18,3275.920000000001,18,3275.920000000001,swap,notBad
5280,18,3275.920000000001,18,3275.920000000001,2opt,notBad
5281,18,3275.920000000001,18,3275.920000000001,2opt,notBad
5282,18,3275.920000000001,18,3275.920000000001,2opt,notBad
5283,18,3275.920000000001,18,3275.920000000001,swap,notBad
5284,18,3275.920000000001,18,3275.920000000001,move,improve
5285,18,3273.340000000001,18,3273.340000000001,swap,newBest
5286,18,3273.340000000001,18,3273.340000000001,2opt,notBad
5287,18,3273.340000000001,18,3273.340000000001,2opt,notBad
5288,18,3273.340000000001,18,3273.340000000001,2opt,notBad
5289,18,3273.340000000001,18,3273.340000000001,swap,notBad
5290,18,3273.340000000001,18,3273.340000000001,move,improve
5291,18,3273.340000000001,18,3273.340000000001,move,improve
5292,18,3273.340000000001,18,3273.340000000001,move,improve
5293,18,3273.340000000001,18,3273.340000000001,move,improve
5294,18,3273.340000000001,18,3273.340000000001,swap,notBad
5295,18,3273.340000000001,18,3273.340000000001,move,improve
5296,18,3273.340000000001,18,3273.340000000001,swap,notBad
5297,18,3273.340000000001,18,3273.340000000001,swap,notBad
5298,18,3273.340000000001,18,3273.340000000001,move,improve
5299,18,3273.340000000001,18,3273.340000000001,swap,notBad
5300,18,3273.340000000001,18,3273.340000000001,move,improve
5301,18,3273.340000000001,18,3273.340000000001,swap,notBad
5302,18,3273.340000000001,18,3273.340000000001,2opt,notBad
5303,18,3273.340000000001,18,3273.340000000001,move,improve
5304,18,3273.340000000001,18,3273.340000000001,swap,notBad
5305,18,3273.340000000001,18,3273.340000000001,move,improve
5306,18,3273.340000000001,18,3273.340000000001,move,improve
5307,18,3273.340000000001,18,3273.340000000001,swap,notBad
5308,18,3273.340000000001,18,3273.340000000001,swap,notBad
5309,18,3273.340000000001,18,3273.340000000001,2opt,notBad
5310,18,3273.280000000001,18,3273.280000000001,move,newBest
5311,18,3273.280000000001,18,3273.280000000001,2opt,notBad
5312,18,3273.280000000001,18,3273.280000000001,2opt,notBad
5313,18,3273.280000000001,18,3273.280000000001,move,improve
5314,18,3273.280000000001,18,3273.280000000001,2opt,notBad
5315,18,3273.280000000001,18,3273.280000000001,move,improve
5316,18,3273.280000000001,18,3273.280000000001,swap,notBad
5317,18,3273.280000000001,18,3273.280000000001,2opt,notBad
5318,18,3273.280000000001,18,3273.280000000001,swap,notBad
5319,18,3273.280000000001,18,3273.280000000001,2opt,notBad
5320,18,3273.280000000001,18,3273.280000000001,2opt,notBad
5321,18,3273.280000000001,18,3273.280000000001,swap,notBad
5322,18,3273.280000000001,18,3273.280000000001,swap,notBad
5323,18,3273.280000000001,18,3273.280000000001,move,improve
5324,18,3273.280000000001,18,3273.280000000001,move,improve
5325,18,3273.280000000001,18,3273.280000000001,2opt,notBad
5326,18,3273.280000000001,18,3273.280000000001,swap,notBad
5327,18,3273.280000000001,18,3273.280000000001,move,improve
5328,18,3273.280000000001,18,3273.280000000001,2opt,notBad
5329,18,3273.280000000001,18,3273.280000000001,2opt,notBad
5330,18,3273.220000000001,18,3273.220000000001,move,newBest
5331,18,3275.8,18,3273.220000000001,swap,acceptBad
5332,18,3275.8,18,3273.220000000001,swap,notBad
5333,18,3275.8,18,3273.220000000001,move,improve
5334,18,3275.8,18,3273.220000000001,move,improve
5335,18,3275.8,18,3273.220000000001,swap,notBad
5336,18,3275.8,18,3273.220000000001,2opt,notBad
5337,18,3275.8,18,3273.220000000001,2opt,notBad
5338,18,3275.8,18,3273.220000000001,move,improve
5339,18,3275.8,18,3273.220000000001,move,improve
5340,18,3275.8,18,3273.220000000001,swap,notBad
5341,18,3275.8,18,3273.220000000001,move,improve
5342,18,3273.5200000000004,18,3273.220000000001,move,improve
5343,18,3273.5200000000004,18,3273.220000000001,2opt,improve
5344,18,3273.5200000000004,18,3273.220000000001,swap,notBad
5345,18,3273.5200000000004,18,3273.220000000001,2opt,notBad
5346,18,3273.5200000000004,18,3273.220000000001,swap,notBad
5347,18,3273.5200000000004,18,3273.220000000001,move,notBad
5348,18,3273.5200000000004,18,3273.220000000001,swap,notBad
5349,18,3273.5200000000004,18,3273.220000000001,swap,notBad
5350,18,3273.5200000000004,18,3273.220000000001,move,improve
5351,18,3273.5200000000004,18,3273.220000000001,2opt,notBad
5352,18,3273.5200000000004,18,3273.220000000001,swap,notBad
5353,18,3273.5200000000004,18,3273.220000000001,2opt,notBad
5354,18,3273.5200000000004,18,3273.220000000001,move,improve
5355,18,3273.5200000000004,18,3273.220000000001,move,improve
5356,18,3273.5200000000004,18,3273.220000000001,2opt,notBad
5357,18,3273.5200000000004,18,3273.220000000001,2opt,notBad
5358,18,3273.5200000000004,18,3273.220000000001,swap,notBad
5359,18,3273.5200000000004,18,3273.220000000001,move,improve
5360,18,3273.5200000000004,18,3273.220000000001,swap,notBad
5361,18,3273.5200000000004,18,3273.220000000001,move,improve
5362,18,3273.5200000000004,18,3273.220000000001,swap,notBad
5363,18,3273.5200000000004,18,3273.220000000001,move,improve
5364,18,3273.5200000000004,18,3273.220000000001,move,improve
5365,18,3273.5200000000004,18,3273.220000000001,2opt,notBad
5366,18,3273.5200000000004,18,3273.220000000001,2opt,notBad
5367,18,3273.5200000000004,18,3273.220000000001,swap,notBad
5368,18,3273.5200000000004,18,3273.220000000001,swap,notBad
5369,18,3273.5200000000004,18,3273.220000000001,move,improve
5370,18,3273.5200000000004,18,3273.220000000001,2opt,notBad
5371,18,3273.5200000000004,18,3273.220000000001,swap,notBad
5372,18,3273.5200000000004,18,3273.220000000001,2opt,notBad
5373,18,3273.5200000000004,18,3273.220000000001,swap,notBad
5374,18,3273.5200000000004,18,3273.220000000001,swap,notBad
5375,18,3273.5200000000004,18,3273.220000000001,move,improve
5376,18,3273.5200000000004,18,3273.220000000001,swap,notBad
5377,18,3273.5200000000004,18,3273.220000000001,2opt,notBad
5378,18,3273.5200000000004,18,3273.220000000001,2opt,notBad
5379,18,3273.5200000000004,18,3273.220000000001,2opt,improve
5380,18,3273.5200000000004,18,3273.220000000001,move,improve
5381,18,3273.5200000000004,18,3273.220000000001,move,improve
5382,18,3273.5200000000004,18,3273.220000000001,2opt,notBad
5383,18,3273.5200000000004,18,3273.220000000001,2opt,notBad
5384,18,3273.5200000000004,18,3273.220000000001,move,improve
5385,18,3273.5200000000004,18,3273.220000000001,2opt,notBad
5386,18,3273.5200000000004,18,3273.220000000001,move,improve
5387,18,3273.5200000000004,18,3273.220000000001,swap,notBad
5388,18,3273.5200000000004,18,3273.220000000001,move,improve
5389,18,3273.5200000000004,18,3273.220000000001,swap,notBad
5390,18,3273.5200000000004,18,3273.220000000001,2opt,notBad
5391,18,3273.5200000000004,18,3273.220000000001,move,improve
5392,18,3273.5200000000004,18,3273.220000000001,move,improve
5393,18,3273.5200000000004,18,3273.220000000001,2opt,notBad
5394,18,3273.5200000000004,18,3273.220000000001,move,improve
5395,18,3273.5200000000004,18,3273.220000000001,2opt,improve
5396,18,3273.5200000000004,18,3273.220000000001,2opt,notBad
5397,18,3273.5200000000004,18,3273.220000000001,2opt,notBad
5398,18,3273.5200000000004,18,3273.220000000001,move,improve
5399,18,3273.5200000000004,18,3273.220000000001,2opt,improve
5400,18,3273.5200000000004,18,3273.220000000001,2opt,notBad
5401,18,3273.5200000000004,18,3273.220000000001,swap,notBad
5402,18,3273.5200000000004,18,3273.220000000001,move,improve
5403,18,3273.5200000000004,18,3273.220000000001,2opt,notBad
5404,18,3273.5200000000004,18,3273.220000000001,2opt,notBad
5405,18,3273.5200000000004,18,3273.220000000001,swap,notBad
5406,18,3273.5200000000004,18,3273.220000000001,swap,notBad
5407,18,3273.5200000000004,18,3273.220000000001,2opt,notBad
5408,18,3273.5200000000004,18,3273.220000000001,2opt,notBad
5409,18,3273.5200000000004,18,3273.220000000001,2opt,notBad
5410,18,3273.5200000000004,18,3273.220000000001,2opt,notBad
5411,18,3273.5200000000004,18,3273.220000000001,swap,notBad
5412,18,3273.5200000000004,18,3273.220000000001,swap,notBad
5413,18,3273.5200000000004,18,3273.220000000001,move,improve
5414,18,3273.5200000000004,18,3273.220000000001,move,improve
5415,18,3273.5200000000004,18,3273.220000000001,move,improve
5416,18,3273.5200000000004,18,3273.220000000001,2opt,notBad
5417,18,3273.5200000000004,18,3273.220000000001,2opt,notBad
5418,18,3273.5200000000004,18,3273.220000000001,move,improve
5419,18,3273.5200000000004,18,3273.220000000001,move,improve
5420,18,3273.5200000000004,18,3273.220000000001,2opt,notBad
5421,18,3273.5200000000004,18,3273.220000000001,swap,notBad
5422,18,3273.5200000000004,18,3273.220000000001,swap,notBad
5423,18,3273.5200000000004,18,3273.220000000001,swap,notBad
5424,18,3273.5200000000004,18,3273.220000000001,swap,notBad
5425,18,3273.5200000000004,18,3273.220000000001,2opt,notBad
5426,18,3273.5200000000004,18,3273.220000000001,swap,notBad
5427,18,3273.5200000000004,18,3273.220000000001,move,improve
5428,18,3276.9399999999987,18,3273.220000000001,2opt,acceptBad
5429,18,3276.9399999999987,18,3273.220000000001,2opt,notBad
5430,18,3276.9399999999987,18,3273.220000000001,move,improve
5431,18,3276.9399999999987,18,3273.220000000001,move,improve
5432,18,3276.9399999999987,18,3273.220000000001,2opt,notBad
5433,18,3276.9399999999987,18,3273.220000000001,move,improve
5434,18,3276.9399999999987,18,3273.220000000001,2opt,notBad
5435,18,3276.9399999999987,18,3273.220000000001,swap,notBad
5436,18,3276.9399999999987,18,3273.220000000001,2opt,improve
5437,18,3276.9399999999987,18,3273.220000000001,swap,notBad
5438,18,3276.9399999999987,18,3273.220000000001,2opt,notBad
5439,18,3276.9399999999987,18,3273.220000000001,swap,notBad
5440,18,3276.9399999999987,18,3273.220000000001,move,improve
5441,18,3276.9399999999987,18,3273.220000000001,swap,notBad
5442,18,3276.9399999999987,18,3273.220000000001,2opt,notBad
5443,18,3276.9399999999987,18,3273.220000000001,2opt,notBad
5444,18,3276.9399999999987,18,3273.220000000001,swap,notBad
5445,18,3276.9399999999987,18,3273.220000000001,move,improve
5446,18,3276.9399999999987,18,3273.220000000001,move,improve
5447,18,3276.9399999999987,18,3273.220000000001,move,improve
5448,18,3276.9399999999987,18,3273.220000000001,2opt,notBad
5449,18,3276.9399999999987,18,3273.220000000001,swap,notBad
5450,18,3276.9399999999987,18,3273.220000000001,swap,notBad
5451,18,3276.9399999999987,18,3273.220000000001,swap,notBad
5452,18,3276.9399999999987,18,3273.220000000001,2opt,notBad
5453,18,3276.9399999999987,18,3273.220000000001,move,improve
5454,18,3276.9399999999987,18,3273.220000000001,swap,notBad
5455,18,3276.9399999999987,18,3273.220000000001,swap,notBad
5456,18,3276.9399999999987,18,3273.220000000001,2opt,notBad
5457,18,3276.9399999999987,18,3273.220000000001,move,improve
5458,18,3276.9399999999987,18,3273.220000000001,swap,notBad
5459,18,3276.9399999999987,18,3273.220000000001,swap,notBad
5460,18,3276.9399999999987,18,3273.220000000001,swap,notBad
5461,18,3276.9399999999987,18,3273.220000000001,move,improve
5462,18,3276.9399999999987,18,3273.220000000001,swap,notBad
5463,18,3276.9399999999987,18,3273.220000000001,2opt,notBad
5464,18,3276.9399999999987,18,3273.220000000001,move,improve
5465,18,3276.9399999999987,18,3273.220000000001,swap,notBad
5466,18,3276.9399999999987,18,3273.220000000001,move,improve
5467,18,3276.9399999999987,18,3273.220000000001,move,improve
5468,18,3276.9399999999987,18,3273.220000000001,swap,notBad
5469,18,3276.9399999999987,18,3273.220000000001,2opt,notBad
5470,18,3276.9399999999987,18,3273.220000000001,swap,notBad
5471,18,3276.9399999999987,18,3273.220000000001,move,improve
5472,18,3276.9399999999987,18,3273.220000000001,2opt,notBad
5473,18,3276.9399999999987,18,3273.220000000001,2opt,notBad
5474,18,3276.9399999999987,18,3273.220000000001,swap,notBad
5475,18,3277.4199999999987,18,3273.220000000001,swap,acceptBad
5476,18,3277.4199999999987,18,3273.220000000001,swap,notBad
5477,18,3277.4199999999987,18,3273.220000000001,move,improve
5478,18,3277.4199999999987,18,3273.220000000001,swap,notBad
5479,18,3277.4199999999987,18,3273.220000000001,move,improve
5480,18,3277.4199999999987,18,3273.220000000001,swap,notBad
5481,18,3277.4199999999987,18,3273.220000000001,swap,notBad
5482,18,3277.4199999999987,18,3273.220000000001,2opt,improve
5483,18,3277.4199999999987,18,3273.220000000001,2opt,notBad
5484,18,3277.4199999999987,18,3273.220000000001,move,improve
5485,18,3277.4199999999987,18,3273.220000000001,2opt,notBad
5486,18,3277.4199999999987,18,3273.220000000001,swap,notBad
5487,18,3277.4199999999987,18,3273.220000000001,swap,notBad
5488,18,3276.4599999999996,18,3273.220000000001,2opt,improve
5489,18,3276.4599999999996,18,3273.220000000001,move,improve
5490,18,3276.4599999999996,18,3273.220000000001,move,improve
5491,18,3276.4599999999996,18,3273.220000000001,swap,notBad
5492,18,3276.4599999999996,18,3273.220000000001,move,improve
5493,18,3276.4599999999996,18,3273.220000000001,2opt,notBad
5494,18,3276.4599999999996,18,3273.220000000001,2opt,notBad
5495,18,3276.4599999999996,18,3273.220000000001,move,improve
5496,18,3276.4599999999996,18,3273.220000000001,swap,notBad
5497,18,3276.4599999999996,18,3273.220000000001,swap,notBad
5498,18,3276.4599999999996,18,3273.220000000001,2opt,notBad
5499,18,3276.4599999999996,18,3273.220000000001,2opt,notBad
5500,18,3276.4599999999996,18,3273.220000000001,move,improve
5501,18,3276.4599999999996,18,3273.220000000001,swap,notBad
5502,18,3276.4599999999996,18,3273.220000000001,move,improve
5503,18,3276.4599999999996,18,3273.220000000001,swap,notBad
5504,18,3276.4599999999996,18,3273.220000000001,move,improve
5505,18,3276.4599999999996,18,3273.220000000001,move,improve
5506,18,3276.4599999999996,18,3273.220000000001,2opt,notBad
5507,18,3276.4599999999996,18,3273.220000000001,move,improve
5508,18,3276.4599999999996,18,3273.220000000001,swap,notBad
5509,18,3276.4599999999996,18,3273.220000000001,move,improve
5510,18,3276.4599999999996,18,3273.220000000001,2opt,improve
5511,18,3276.4599999999996,18,3273.220000000001,swap,notBad
5512,18,3276.4599999999996,18,3273.220000000001,move,improve
5513,18,3276.4599999999996,18,3273.220000000001,swap,notBad
5514,18,3276.4599999999996,18,3273.220000000001,swap,notBad
5515,18,3276.4599999999996,18,3273.220000000001,swap,notBad
5516,18,3276.4599999999996,18,3273.220000000001,swap,notBad
5517,18,3276.4599999999996,18,3273.220000000001,move,improve
5518,18,3276.4599999999996,18,3273.220000000001,swap,notBad
5519,18,3276.4599999999996,18,3273.220000000001,move,improve
5520,18,3276.4599999999996,18,3273.220000000001,2opt,notBad
5521,18,3272.5599999999995,18,3272.5599999999995,move,newBest
5522,18,3272.5599999999995,18,3272.5599999999995,move,improve
5523,18,3272.5599999999995,18,3272.5599999999995,2opt,improve
5524,18,3272.5599999999995,18,3272.5599999999995,2opt,notBad
5525,18,3272.5599999999995,18,3272.5599999999995,move,improve
5526,18,3272.5599999999995,18,3272.5599999999995,2opt,notBad
5527,18,3272.5599999999995,18,3272.5599999999995,2opt,notBad
5528,18,3272.5599999999995,18,3272.5599999999995,2opt,notBad
5529,18,3272.5599999999995,18,3272.5599999999995,move,improve
5530,18,3272.5599999999995,18,3272.5599999999995,swap,notBad
5531,18,3272.5599999999995,18,3272.5599999999995,move,improve
5532,18,3272.5599999999995,18,3272.5599999999995,move,improve
5533,18,3272.5599999999995,18,3272.5599999999995,2opt,notBad
5534,18,3272.5599999999995,18,3272.5599999999995,move,improve
5535,18,3272.5599999999995,18,3272.5599999999995,swap,notBad
5536,18,3272.5599999999995,18,3272.5599999999995,2opt,improve
5537,18,3272.5599999999995,18,3272.5599999999995,2opt,notBad
5538,18,3272.5599999999995,18,3272.5599999999995,2opt,notBad
5539,18,3272.5599999999995,18,3272.5599999999995,move,improve
5540,18,3272.5599999999995,18,3272.5599999999995,swap,notBad
5541,18,3272.5599999999995,18,3272.5599999999995,2opt,notBad
5542,18,3272.08,18,3272.08,move,newBest
5543,18,3272.08,18,3272.08,move,improve
5544,18,3272.08,18,3272.08,swap,notBad
5545,18,3272.08,18,3272.08,swap,notBad
5546,18,3272.08,18,3272.08,2opt,notBad
5547,18,3272.08,18,3272.08,2opt,notBad
5548,18,3272.08,18,3272.08,2opt,improve
5549,18,3272.08,18,3272.08,2opt,notBad
5550,18,3270.7599999999998,18,3270.7599999999998,move,newBest
5551,18,3270.7599999999998,18,3270.7599999999998,swap,notBad
5552,18,3270.7599999999998,18,3270.7599999999998,2opt,notBad
5553,18,3270.7599999999998,18,3270.7599999999998,2opt,notBad
5554,18,3270.7599999999998,18,3270.7599999999998,swap,notBad
5555,18,3270.7599999999998,18,3270.7599999999998,move,improve
5556,18,3270.7599999999998,18,3270.7599999999998,2opt,notBad
5557,18,3270.7599999999998,18,3270.7599999999998,2opt,notBad
5558,18,3270.7599999999998,18,3270.7599999999998,swap,notBad
5559,18,3270.7599999999998,18,3270.7599999999998,move,improve
5560,18,3270.7599999999998,18,3270.7599999999998,move,improve
5561,18,3269.92,18,3269.92,2opt,newBest
5562,18,3269.92,18,3269.92,move,improve
5563,18,3269.92,18,3269.92,2opt,notBad
5564,18,3269.92,18,3269.92,2opt,notBad
5565,18,3269.92,18,3269.92,swap,notBad
5566,18,3269.92,18,3269.92,2opt,notBad
5567,18,3269.92,18,3269.92,2opt,improve
5568,18,3269.92,18,3269.92,2opt,notBad
5569,18,3269.92,18,3269.92,move,improve
5570,18,3269.92,18,3269.92,2opt,notBad
5571,18,3269.92,18,3269.92,2opt,notBad
5572,18,3271.9600000000005,18,3269.92,2opt,acceptBad
5573,18,3271.9600000000005,18,3269.92,swap,notBad
5574,18,3271.9600000000005,18,3269.92,move,improve
5575,18,3271.9600000000005,18,3269.92,swap,notBad
5576,18,3271.9600000000005,18,3269.92,2opt,notBad
5577,18,3271.9600000000005,18,3269.92,move,improve
5578,18,3271.9600000000005,18,3269.92,move,improve
5579,18,3271.9600000000005,18,3269.92,2opt,notBad
5580,18,3271.9600000000005,18,3269.92,2opt,improve
5581,18,3271.9600000000005,18,3269.92,swap,notBad
5582,18,3271.9600000000005,18,3269.92,2opt,notBad
5583,18,3271.9600000000005,18,3269.92,swap,notBad
5584,18,3271.9600000000005,18,3269.92,swap,notBad
5585,18,3271.9600000000005,18,3269.92,2opt,notBad
5586,18,3271.9600000000005,18,3269.92,move,improve
5587,18,3271.9600000000005,18,3269.92,swap,notBad
5588,18,3271.9600000000005,18,3269.92,swap,notBad
5589,18,3271.9600000000005,18,3269.92,move,improve
5590,18,3271.9600000000005,18,3269.92,move,improve
5591,18,3271.9600000000005,18,3269.92,move,improve
5592,18,3271.9600000000005,18,3269.92,swap,notBad
5593,18,3271.9600000000005,18,3269.92,move,improve
5594,18,3271.9600000000005,18,3269.92,move,improve
5595,18,3271.9600000000005,18,3269.92,move,improve
5596,18,3271.9600000000005,18,3269.92,2opt,notBad
5597,18,3271.9600000000005,18,3269.92,2opt,notBad
5598,18,3271.9600000000005,18,3269.92,2opt,notBad
5599,18,3271.9600000000005,18,3269.92,swap,notBad
5600,18,3271.9600000000005,18,3269.92,swap,notBad
5601,18,3271.9600000000005,18,3269.92,2opt,notBad
5602,18,3271.9600000000005,18,3269.92,2opt,notBad
5603,18,3271.9600000000005,18,3269.92,2opt,notBad
5604,18,3271.9600000000005,18,3269.92,move,improve
5605,18,3271.9600000000005,18,3269.92,2opt,notBad
5606,18,3271.9600000000005,18,3269.92,move,improve
5607,18,3271.9600000000005,18,3269.92,swap,notBad
5608,18,3265.48,18,3265.48,swap,newBest
5609,18,3265.48,18,3265.48,2opt,notBad
5610,18,3265.48,18,3265.48,swap,notBad
5611,18,3265.48,18,3265.48,2opt,notBad
5612,18,3265.48,18,3265.48,swap,notBad
5613,18,3265.48,18,3265.48,swap,notBad
5614,18,3265.48,18,3265.48,move,improve
5615,18,3265.48,18,3265.48,move,improve
5616,18,3265.48,18,3265.48,move,improve
5617,18,3265.48,18,3265.48,move,improve
5618,18,3265.48,18,3265.48,swap,notBad
5619,18,3265.48,18,3265.48,swap,notBad
5620,18,3265.48,18,3265.48,2opt,notBad
5621,18,3265.48,18,3265.48,swap,notBad
5622,18,3265.48,18,3265.48,move,improve
5623,18,3265.48,18,3265.48,move,improve
5624,18,3265.48,18,3265.48,move,improve
5625,18,3265.48,18,3265.48,move,improve
5626,18,3265.48,18,3265.48,swap,notBad
5627,18,3265.48,18,3265.48,2opt,notBad
5628,18,3265.48,18,3265.48,swap,notBad
5629,18,3265.48,18,3265.48,move,improve
5630,18,3265.48,18,3265.48,2opt,improve
5631,18,3265.48,18,3265.48,2opt,notBad
5632,18,3265.48,18,3265.48,swap,notBad
5633,18,3265.48,18,3265.48,2opt,notBad
5634,18,3265.48,18,3265.48,2opt,notBad
5635,18,3265.48,18,3265.48,move,improve
5636,18,3265.48,18,3265.48,swap,notBad
5637,18,3265.48,18,3265.48,swap,notBad
5638,18,3265.48,18,3265.48,move,improve
5639,18,3265.48,18,3265.48,2opt,notBad
5640,18,3265.48,18,3265.48,move,improve
5641,18,3265.48,18,3265.48,swap,notBad
5642,18,3265.48,18,3265.48,move,improve
5643,18,3265.48,18,3265.48,move,improve
5644,18,3265.48,18,3265.48,move,improve
5645,18,3265.48,18,3265.48,2opt,notBad
5646,18,3265.48,18,3265.48,move,improve
5647,18,3265.48,18,3265.48,move,improve
5648,18,3268.66,18,3265.48,swap,acceptBad
5649,18,3268.66,18,3265.48,swap,notBad
5650,18,3268.66,18,3265.48,swap,notBad
5651,18,3268.66,18,3265.48,swap,notBad
5652,18,3268.66,18,3265.48,2opt,notBad
5653,18,3268.66,18,3265.48,move,improve
5654,18,3269.4400000000005,18,3265.48,swap,acceptBad
5655,18,3269.4400000000005,18,3265.48,swap,notBad
5656,18,3269.4400000000005,18,3265.48,swap,notBad
5657,18,3269.4400000000005,18,3265.48,swap,notBad
5658,18,3269.4400000000005,18,3265.48,2opt,notBad
5659,18,3269.4400000000005,18,3265.48,move,improve
5660,18,3263.4800000000005,18,3263.4800000000005,swap,newBest
5661,18,3263.4800000000005,18,3263.4800000000005,2opt,notBad
5662,18,3263.4800000000005,18,3263.4800000000005,swap,notBad
5663,18,3263.4800000000005,18,3263.4800000000005,2opt,notBad
5664,18,3263.4800000000005,18,3263.4800000000005,move,improve
5665,18,3263.4800000000005,18,3263.4800000000005,2opt,notBad
5666,18,3263.4800000000005,18,3263.4800000000005,2opt,notBad
5667,18,3263.4800000000005,18,3263.4800000000005,swap,notBad
5668,18,3263.4800000000005,18,3263.4800000000005,2opt,notBad
5669,18,3263.4800000000005,18,3263.4800000000005,swap,notBad
5670,18,3263.4800000000005,18,3263.4800000000005,move,improve
5671,18,3263.4800000000005,18,3263.4800000000005,2opt,notBad
5672,18,3263.4800000000005,18,3263.4800000000005,swap,notBad
5673,18,3263.4800000000005,18,3263.4800000000005,swap,notBad
5674,18,3263.4800000000005,18,3263.4800000000005,2opt,notBad
5675,18,3263.4800000000005,18,3263.4800000000005,2opt,notBad
5676,18,3263.4800000000005,18,3263.4800000000005,move,improve
5677,18,3263.4800000000005,18,3263.4800000000005,2opt,notBad
5678,18,3263.4800000000005,18,3263.4800000000005,swap,notBad
5679,18,3263.4800000000005,18,3263.4800000000005,swap,notBad
5680,18,3263.4800000000005,18,3263.4800000000005,swap,notBad
5681,18,3263.4800000000005,18,3263.4800000000005,move,improve
5682,18,3263.4800000000005,18,3263.4800000000005,2opt,notBad
5683,18,3262.7000000000007,18,3262.7000000000007,swap,newBest
5684,18,3262.7000000000007,18,3262.7000000000007,2opt,notBad
5685,18,3262.7000000000007,18,3262.7000000000007,2opt,notBad
5686,18,3262.7000000000007,18,3262.7000000000007,2opt,notBad
5687,18,3262.7000000000007,18,3262.7000000000007,move,improve
5688,18,3262.7000000000007,18,3262.7000000000007,swap,notBad
5689,18,3262.7000000000007,18,3262.7000000000007,move,improve
5690,18,3262.7000000000007,18,3262.7000000000007,move,improve
5691,18,3262.7000000000007,18,3262.7000000000007,2opt,notBad
5692,18,3262.7000000000007,18,3262.7000000000007,swap,notBad
5693,18,3262.7000000000007,18,3262.7000000000007,2opt,improve
5694,18,3262.7000000000007,18,3262.7000000000007,move,improve
5695,18,3262.7000000000007,18,3262.7000000000007,swap,notBad
5696,18,3262.7000000000007,18,3262.7000000000007,move,improve
5697,18,3262.7000000000007,18,3262.7000000000007,move,improve
5698,18,3262.7000000000007,18,3262.7000000000007,2opt,notBad
5699,18,3262.7000000000007,18,3262.7000000000007,2opt,notBad
5700,18,3262.7000000000007,18,3262.7000000000007,2opt,notBad
5701,18,3251.0600000000004,18,3251.0600000000004,swap,newBest
5702,18,3251.0600000000004,18,3251.0600000000004,2opt,notBad
5703,18,3251.0600000000004,18,3251.0600000000004,move,improve
5704,18,3251.0600000000004,18,3251.0600000000004,2opt,notBad
5705,18,3255.34,18,3251.0600000000004,swap,acceptBad
5706,18,3255.34,18,3251.0600000000004,swap,notBad
5707,18,3255.34,18,3251.0600000000004,2opt,notBad
5708,18,3255.34,18,3251.0600000000004,2opt,notBad
5709,18,3255.34,18,3251.0600000000004,2opt,notBad
5710,18,3255.34,18,3251.0600000000004,2opt,notBad
5711,18,3255.34,18,3251.0600000000004,swap,notBad
5712,18,3255.34,18,3251.0600000000004,2opt,notBad
5713,18,3255.34,18,3251.0600000000004,2opt,notBad
5714,18,3255.34,18,3251.0600000000004,move,improve
5715,18,3255.34,18,3251.0600000000004,move,improve
5716,18,3255.34,18,3251.0600000000004,2opt,notBad
5717,18,3255.34,18,3251.0600000000004,move,improve
5718,18,3255.34,18,3251.0600000000004,swap,notBad
5719,18,3255.34,18,3251.0600000000004,move,improve
5720,18,3255.34,18,3251.0600000000004,2opt,notBad
5721,18,3255.34,18,3251.0600000000004,move,improve
5722,18,3255.34,18,3251.0600000000004,swap,notBad
5723,18,3255.34,18,3251.0600000000004,swap,notBad
5724,18,3255.34,18,3251.0600000000004,move,improve
5725,18,3255.34,18,3251.0600000000004,swap,notBad
5726,18,3255.34,18,3251.0600000000004,2opt,notBad
5727,18,3255.34,18,3251.0600000000004,2opt,notBad
5728,18,3255.34,18,3251.0600000000004,2opt,notBad
5729,18,3255.34,18,3251.0600000000004,2opt,notBad
5730,18,3255.34,18,3251.0600000000004,2opt,notBad
5731,18,3255.34,18,3251.0600000000004,2opt,notBad
5732,18,3255.34,18,3251.0600000000004,swap,notBad
5733,18,3255.34,18,3251.0600000000004,2opt,notBad
5734,18,3255.34,18,3251.0600000000004,move,improve
5735,18,3255.34,18,3251.0600000000004,2opt,notBad
5736,18,3255.4000000000005,18,3251.0600000000004,swap,acceptBad
5737,18,3251.120000000001,18,3251.0600000000004,swap,improve
5738,18,3251.120000000001,18,3251.0600000000004,move,improve
5739,18,3250.040000000001,18,3250.040000000001,swap,newBest
5740,18,3250.040000000001,18,3250.040000000001,move,improve
5741,18,3250.040000000001,18,3250.040000000001,swap,notBad
5742,18,3250.040000000001,18,3250.040000000001,swap,notBad
5743,18,3250.040000000001,18,3250.040000000001,swap,notBad
5744,18,3250.040000000001,18,3250.040000000001,swap,notBad
5745,18,3250.040000000001,18,3250.040000000001,swap,notBad
5746,18,3250.040000000001,18,3250.040000000001,2opt,notBad
5747,18,3250.040000000001,18,3250.040000000001,move,improve
5748,18,3250.040000000001,18,3250.040000000001,2opt,notBad
5749,18,3250.040000000001,18,3250.040000000001,2opt,notBad
5750,18,3250.040000000001,18,3250.040000000001,2opt,notBad
5751,18,3250.040000000001,18,3250.040000000001,swap,notBad
5752,18,3250.040000000001,18,3250.040000000001,move,improve
5753,18,3250.040000000001,18,3250.040000000001,2opt,notBad
5754,18,3250.040000000001,18,3250.040000000001,2opt,notBad
5755,18,3250.040000000001,18,3250.040000000001,move,improve
5756,18,3250.040000000001,18,3250.040000000001,2opt,notBad
5757,18,3250.040000000001,18,3250.040000000001,move,improve
5758,18,3250.040000000001,18,3250.040000000001,swap,notBad
5759,18,3250.040000000001,18,3250.040000000001,move,improve
5760,18,3250.040000000001,18,3250.040000000001,2opt,notBad
5761,18,3250.040000000001,18,3250.040000000001,2opt,improve
5762,18,3250.040000000001,18,3250.040000000001,2opt,notBad
5763,18,3250.040000000001,18,3250.040000000001,swap,notBad
5764,18,3250.040000000001,18,3250.040000000001,swap,notBad
5765,18,3250.040000000001,18,3250.040000000001,swap,notBad
5766,18,3250.040000000001,18,3250.040000000001,swap,notBad
5767,18,3250.040000000001,18,3250.040000000001,move,improve
5768,18,3250.040000000001,18,3250.040000000001,2opt,notBad
5769,18,3250.040000000001,18,3250.040000000001,move,improve
5770,18,3250.040000000001,18,3250.040000000001,swap,notBad
5771,18,3250.040000000001,18,3250.040000000001,move,improve
5772,18,3250.040000000001,18,3250.040000000001,move,improve
5773,18,3250.040000000001,18,3250.040000000001,2opt,notBad
5774,18,3250.040000000001,18,3250.040000000001,move,improve
5775,18,3250.040000000001,18,3250.040000000001,swap,notBad
5776,18,3250.040000000001,18,3250.040000000001,swap,notBad
5777,18,3250.040000000001,18,3250.040000000001,swap,notBad
5778,18,3250.040000000001,18,3250.040000000001,2opt,notBad
5779,18,3250.040000000001,18,3250.040000000001,swap,notBad
5780,18,3250.040000000001,18,3250.040000000001,move,improve
5781,18,3250.040000000001,18,3250.040000000001,swap,notBad
5782,18,3250.040000000001,18,3250.040000000001,2opt,improve
5783,18,3250.040000000001,18,3250.040000000001,move,improve
5784,18,3250.040000000001,18,3250.040000000001,move,improve
5785,18,3250.040000000001,18,3250.040000000001,swap,notBad
5786,18,3250.040000000001,18,3250.040000000001,swap,notBad
5787,18,3250.040000000001,18,3250.040000000001,move,improve
5788,18,3250.040000000001,18,3250.040000000001,move,improve
5789,18,3250.040000000001,18,3250.040000000001,2opt,notBad
5790,18,3250.040000000001,18,3250.040000000001,move,improve
5791,18,3250.040000000001,18,3250.040000000001,2opt,notBad
5792,18,3250.040000000001,18,3250.040000000001,2opt,notBad
5793,18,3250.040000000001,18,3250.040000000001,2opt,notBad
5794,18,3250.040000000001,18,3250.040000000001,2opt,notBad
5795,18,3250.040000000001,18,3250.040000000001,2opt,notBad
5796,18,3250.040000000001,18,3250.040000000001,swap,notBad
5797,18,3250.040000000001,18,3250.040000000001,move,improve
5798,18,3250.040000000001,18,3250.040000000001,2opt,notBad
5799,18,3250.040000000001,18,3250.040000000001,move,improve
5800,18,3250.040000000001,18,3250.040000000001,2opt,notBad
5801,18,3249.38,18,3249.38,move,newBest
5802,18,3249.38,18,3249.38,2opt,notBad
5803,18,3249.38,18,3249.38,2opt,notBad
5804,18,3249.38,18,3249.38,2opt,improve
5805,18,3249.38,18,3249.38,move,improve
5806,18,3249.38,18,3249.38,2opt,notBad
5807,18,3249.38,18,3249.38,swap,notBad
5808,18,3249.38,18,3249.38,move,improve
5809,18,3249.38,18,3249.38,swap,notBad
5810,18,3249.38,18,3249.38,move,improve
5811,18,3249.38,18,3249.38,2opt,notBad
5812,18,3249.38,18,3249.38,2opt,notBad
5813,17,3072.420000000001,17,3072.420000000001,move,newBest
5814,17,3080.1200000000003,17,3072.420000000001,swap,acceptBad
5815,17,3080.1200000000003,17,3072.420000000001,swap,notBad
5816,17,3080.1200000000003,17,3072.420000000001,2opt,notBad
5817,17,3080.1200000000003,17,3072.420000000001,move,improve
5818,17,3080.1200000000003,17,3072.420000000001,move,improve
5819,17,3080.1200000000003,17,3072.420000000001,swap,notBad
5820,17,3080.1200000000003,17,3072.420000000001,2opt,notBad
5821,17,3080.1200000000003,17,3072.420000000001,move,improve
5822,17,3080.1200000000003,17,3072.420000000001,move,improve
5823,17,3080.1200000000003,17,3072.420000000001,2opt,notBad
5824,17,3080.1200000000003,17,3072.420000000001,swap,notBad
5825,17,3085.8800000000006,17,3072.420000000001,swap,acceptBad
5826,17,3085.8800000000006,17,3072.420000000001,2opt,notBad
5827,17,3085.8800000000006,17,3072.420000000001,2opt,notBad
5828,17,3085.8800000000006,17,3072.420000000001,swap,notBad
5829,17,3085.8800000000006,17,3072.420000000001,2opt,notBad
5830,17,3085.8800000000006,17,3072.420000000001,move,improve
5831,17,3085.8800000000006,17,3072.420000000001,2opt,notBad
5832,17,3045.0200000000004,17,3045.0200000000004,2opt,newBest
5833,17,3036.92,17,3036.92,move,newBest
5834,17,3036.92,17,3036.92,2opt,improve
5835,17,3036.92,17,3036.92,2opt,notBad
5836,17,3036.92,17,3036.92,move,improve
5837,17,3036.92,17,3036.92,move,improve
5838,17,3036.92,17,3036.92,2opt,notBad
5839,17,3036.92,17,3036.92,swap,notBad
5840,17,3036.92,17,3036.92,swap,notBad
5841,17,3037.340000000001,17,3036.92,2opt,acceptBad
5842,17,3037.340000000001,17,3036.92,2opt,improve
5843,17,3045.1400000000012,17,3036.92,swap,acceptBad
5844,17,3045.1400000000012,17,3036.92,2opt,notBad
5845,17,3045.1400000000012,17,3036.92,move,improve
5846,17,3045.1400000000012,17,3036.92,2opt,notBad
5847,17,3045.1400000000012,17,3036.92,swap,notBad
5848,17,3045.1400000000012,17,3036.92,swap,notBad
5849,17,3041.960000000001,17,3036.92,move,improve
5850,17,3041.960000000001,17,3036.92,move,improve
5851,17,3041.960000000001,17,3036.92,2opt,notBad
5852,17,3041.960000000001,17,3036.92,move,improve
5853,17,3041.960000000001,17,3036.92,2opt,notBad
5854,17,3041.960000000001,17,3036.92,swap,notBad
5855,17,3041.960000000001,17,3036.92,swap,notBad
5856,17,3041.960000000001,17,3036.92,2opt,notBad
5857,17,3041.960000000001,17,3036.92,swap,notBad
5858,17,3041.960000000001,17,3036.92,move,improve
5859,17,3041.960000000001,17,3036.92,swap,notBad
5860,17,3041.960000000001,17,3036.92,move,improve
5861,17,3041.960000000001,17,3036.92,swap,notBad
5862,17,3041.960000000001,17,3036.92,swap,notBad
5863,17,3041.960000000001,17,3036.92,move,improve
5864,17,3041.960000000001,17,3036.92,2opt,notBad
5865,17,3042.4400000000005,17,3036.92,2opt,acceptBad
5866,17,3042.4400000000005,17,3036.92,2opt,notBad
5867,17,3042.4400000000005,17,3036.92,swap,notBad
5868,17,3042.4400000000005,17,3036.92,2opt,notBad
5869,17,3042.4400000000005,17,3036.92,swap,notBad
5870,17,3042.4400000000005,17,3036.92,move,improve
5871,17,3042.4400000000005,17,3036.92,move,improve
5872,17,3042.4400000000005,17,3036.92,move,improve
5873,17,3042.4400000000005,17,3036.92,2opt,notBad
5874,17,3042.4400000000005,17,3036.92,move,improve
5875,17,3042.4400000000005,17,3036.92,2opt,improve
5876,17,3042.4400000000005,17,3036.92,swap,notBad
5877,17,3042.4400000000005,17,3036.92,2opt,notBad
5878,17,3042.4400000000005,17,3036.92,2opt,notBad
5879,17,3045.1400000000012,17,3036.92,swap,acceptBad
5880,17,3045.1400000000012,17,3036.92,2opt,notBad
5881,17,3045.1400000000012,17,3036.92,2opt,improve
5882,17,3045.1400000000012,17,3036.92,2opt,notBad
5883,17,3045.1400000000012,17,3036.92,swap,notBad
5884,17,3045.1400000000012,17,3036.92,2opt,notBad
5885,17,3045.1400000000012,17,3036.92,move,improve
5886,17,3045.1400000000012,17,3036.92,move,improve
5887,17,3045.1400000000012,17,3036.92,move,improve
5888,17,3045.1400000000012,17,3036.92,2opt,notBad
5889,17,3045.1400000000012,17,3036.92,move,improve
5890,17,3045.1400000000012,17,3036.92,move,improve
5891,17,3043.280000000001,17,3036.92,move,improve
5892,17,3043.280000000001,17,3036.92,swap,notBad
5893,17,3046.140000000002,17,3036.92,swap,acceptBad
5894,17,3046.140000000002,17,3036.92,move,improve
5895,17,3046.140000000002,17,3036.92,move,improve
5896,17,3046.140000000002,17,3036.92,2opt,notBad
5897,17,3040.380000000002,17,3036.92,move,improve
5898,17,3040.380000000002,17,3036.92,2opt,notBad
5899,17,3040.380000000002,17,3036.92,swap,notBad
5900,17,3040.380000000002,17,3036.92,2opt,notBad
5901,17,3040.380000000002,17,3036.92,swap,notBad
5902,17,3040.380000000002,17,3036.92,2opt,notBad
5903,17,3040.380000000002,17,3036.92,move,improve
5904,17,3040.380000000002,17,3036.92,2opt,notBad
5905,17,3040.380000000002,17,3036.92,swap,notBad
5906,17,3040.380000000002,17,3036.92,swap,notBad
5907,17,3039.7800000000016,17,3036.92,move,improve
5908,17,3039.7800000000016,17,3036.92,move,improve
5909,17,3039.7800000000016,17,3036.92,move,improve
5910,17,3039.7800000000016,17,3036.92,2opt,notBad
5911,17,3039.7800000000016,17,3036.92,2opt,notBad
5912,17,3039.7800000000016,17,3036.92,2opt,notBad
5913,17,3039.7800000000016,17,3036.92,2opt,improve
5914,17,3039.7800000000016,17,3036.92,2opt,improve
5915,17,3039.7800000000016,17,3036.92,swap,notBad
5916,17,3039.7800000000016,17,3036.92,move,improve
5917,17,3039.7800000000016,17,3036.92,move,improve
5918,17,3039.7800000000016,17,3036.92,move,improve
5919,17,3012.000000000002,17,3012.000000000002,move,newBest
5920,17,3012.000000000002,17,3012.000000000002,move,improve
5921,17,3012.000000000002,17,3012.000000000002,2opt,notBad
5922,17,3012.000000000002,17,3012.000000000002,swap,notBad
5923,17,3012.2400000000016,17,3012.000000000002,swap,acceptBad
5924,17,3012.2400000000016,17,3012.000000000002,move,improve
5925,17,3012.2400000000016,17,3012.000000000002,2opt,notBad
5926,17,3012.2400000000016,17,3012.000000000002,swap,notBad
5927,17,3012.2400000000016,17,3012.000000000002,2opt,notBad
5928,17,3012.2400000000016,17,3012.000000000002,swap,notBad
5929,17,3012.2400000000016,17,3012.000000000002,swap,notBad
5930,17,3012.2400000000016,17,3012.000000000002,move,improve
5931,17,3012.2400000000016,17,3012.000000000002,2opt,notBad
5932,17,3012.2400000000016,17,3012.000000000002,move,improve
5933,17,3012.2400000000016,17,3012.000000000002,swap,notBad
5934,17,3012.2400000000016,17,3012.000000000002,2opt,notBad
5935,17,3012.2400000000016,17,3012.000000000002,move,improve
5936,17,3012.2400000000016,17,3012.000000000002,2opt,notBad
5937,17,3012.2400000000016,17,3012.000000000002,swap,notBad
5938,17,3012.2400000000016,17,3012.000000000002,move,improve
5939,17,3012.2400000000016,17,3012.000000000002,move,improve
5940,17,3012.2400000000016,17,3012.000000000002,2opt,notBad
5941,17,3012.2400000000016,17,3012.000000000002,swap,notBad
5942,17,3012.2400000000016,17,3012.000000000002,move,improve
5943,17,3012.2400000000016,17,3012.000000000002,move,improve
5944,17,3012.2400000000016,17,3012.000000000002,move,improve
5945,17,3012.2400000000016,17,3012.000000000002,move,improve
5946,17,3012.2400000000016,17,3012.000000000002,swap,notBad
5947,17,3012.2400000000016,17,3012.000000000002,swap,notBad
5948,17,3012.2400000000016,17,3012.000000000002,2opt,notBad
5949,17,3012.2400000000016,17,3012.000000000002,2opt,notBad
5950,17,3012.2400000000016,17,3012.000000000002,move,improve
5951,17,3012.2400000000016,17,3012.000000000002,2opt,notBad
5952,17,3012.2400000000016,17,3012.000000000002,2opt,notBad
5953,17,3012.2400000000016,17,3012.000000000002,move,improve
5954,17,3012.2400000000016,17,3012.000000000002,swap,notBad
5955,17,3012.2400000000016,17,3012.000000000002,2opt,notBad
5956,17,3012.2400000000016,17,3012.000000000002,2opt,notBad
5957,17,3012.2400000000016,17,3012.000000000002,2opt,notBad
5958,17,3012.2400000000016,17,3012.000000000002,swap,notBad
5959,17,3012.2400000000016,17,3012.000000000002,move,improve
5960,17,3012.2400000000016,17,3012.000000000002,move,improve
5961,17,3012.2400000000016,17,3012.000000000002,2opt,notBad
5962,17,3011.460000000002,17,3011.460000000002,swap,newBest
5963,17,3011.460000000002,17,3011.460000000002,move,improve
5964,17,3011.460000000002,17,3011.460000000002,swap,notBad
5965,17,3011.460000000002,17,3011.460000000002,2opt,notBad
5966,17,3011.460000000002,17,3011.460000000002,swap,notBad
5967,17,3011.460000000002,17,3011.460000000002,swap,notBad
5968,17,3011.460000000002,17,3011.460000000002,swap,notBad
5969,17,3011.460000000002,17,3011.460000000002,2opt,notBad
5970,17,3011.460000000002,17,3011.460000000002,2opt,notBad
5971,17,3011.460000000002,17,3011.460000000002,move,improve
5972,17,3011.460000000002,17,3011.460000000002,2opt,notBad
5973,17,3011.460000000002,17,3011.460000000002,swap,notBad
5974,17,3011.460000000002,17,3011.460000000002,2opt,notBad
5975,17,3011.460000000002,17,3011.460000000002,move,improve
5976,17,3008.6000000000013,17,3008.6000000000013,swap,newBest
5977,17,3008.6000000000013,17,3008.6000000000013,2opt,notBad
5978,17,2894.76,17,2894.76,move,newBest
5979,17,2894.76,17,2894.76,swap,notBad
5980,17,2894.76,17,2894.76,swap,notBad
5981,17,2894.76,17,2894.76,move,improve
5982,17,2894.76,17,2894.76,move,improve
5983,17,2894.76,17,2894.76,2opt,notBad
5984,17,2890.38,17,2890.38,move,newBest
5985,17,2890.38,17,2890.38,move,improve
5986,17,2890.38,17,2890.38,swap,notBad
5987,17,2890.38,17,2890.38,move,improve
5988,17,2890.38,17,2890.38,move,improve
5989,17,2890.38,17,2890.38,2opt,notBad
5990,17,2890.38,17,2890.38,2opt,improve
5991,17,2890.38,17,2890.38,swap,notBad
5992,17,2890.38,17,2890.38,2opt,notBad
5993,17,2890.38,17,2890.38,move,improve
5994,17,2890.38,17,2890.38,2opt,notBad
5995,17,2890.38,17,2890.38,move,improve
5996,17,2890.38,17,2890.38,move,improve
5997,17,2890.38,17,2890.38,move,improve
5998,17,2890.38,17,2890.38,move,improve
5999,17,2890.38,17,2890.38,2opt,notBad
6000,17,2890.38,17,2890.38,move,improve
6001,17,2890.38,17,2890.38,swap,notBad
6002,17,2890.38,17,2890.38,2opt,notBad
6003,17,2890.38,17,2890.38,swap,notBad
6004,17,2890.38,17,2890.38,swap,notBad
6005,17,2890.38,17,2890.38,swap,notBad
6006,17,2890.38,17,2890.38,move,improve
6007,17,2890.38,17,2890.38,move,improve
6008,17,2890.38,17,2890.38,swap,notBad
6009,17,2890.38,17,2890.38,swap,notBad
6010,17,2868.9599999999996,17,2868.9599999999996,move,newBest
6011,17,2868.9599999999996,17,2868.9599999999996,2opt,notBad
6012,17,2868.9599999999996,17,2868.9599999999996,swap,notBad
6013,17,2868.9599999999996,17,2868.9599999999996,2opt,notBad
6014,17,2868.9599999999996,17,2868.9599999999996,2opt,notBad
6015,17,2868.9599999999996,17,2868.9599999999996,move,improve
6016,17,2868.9599999999996,17,2868.9599999999996,2opt,notBad
6017,17,2868.12,17,2868.12,move,newBest
6018,17,2868.12,17,2868.12,2opt,notBad
6019,17,2870.9800000000014,17,2868.12,swap,acceptBad
6020,17,2870.380000000001,17,2868.12,move,improve
6021,17,2861.620000000001,17,2861.620000000001,swap,newBest
6022,17,2861.620000000001,17,2861.620000000001,swap,notBad
6023,17,2861.620000000001,17,2861.620000000001,2opt,notBad
6024,17,2861.620000000001,17,2861.620000000001,swap,notBad
6025,17,2861.620000000001,17,2861.620000000001,move,improve
6026,17,2861.620000000001,17,2861.620000000001,2opt,improve
6027,17,2861.620000000001,17,2861.620000000001,swap,notBad
6028,17,2861.620000000001,17,2861.620000000001,move,improve
6029,17,2861.620000000001,17,2861.620000000001,move,improve
6030,17,2861.620000000001,17,2861.620000000001,2opt,improve
6031,17,2861.620000000001,17,2861.620000000001,2opt,notBad
6032,17,2861.620000000001,17,2861.620000000001,2opt,improve
6033,17,2861.620000000001,17,2861.620000000001,swap,notBad
6034,17,2861.620000000001,17,2861.620000000001,2opt,improve
6035,17,2861.620000000001,17,2861.620000000001,swap,notBad
6036,17,2861.620000000001,17,2861.620000000001,swap,notBad
6037,17,2861.620000000001,17,2861.620000000001,swap,notBad
6038,17,2861.620000000001,17,2861.620000000001,swap,notBad
6039,17,2861.620000000001,17,2861.620000000001,move,improve
6040,17,2861.620000000001,17,2861.620000000001,move,improve
6041,17,2861.620000000001,17,2861.620000000001,2opt,notBad
6042,17,2861.620000000001,17,2861.620000000001,swap,notBad
6043,17,2861.620000000001,17,2861.620000000001,2opt,notBad
6044,17,2861.620000000001,17,2861.620000000001,move,improve
6045,17,2861.620000000001,17,2861.620000000001,swap,notBad
6046,17,2861.620000000001,17,2861.620000000001,swap,notBad
6047,17,2861.620000000001,17,2861.620000000001,move,improve
6048,17,2861.620000000001,17,2861.620000000001,swap,notBad
6049,17,2861.620000000001,17,2861.620000000001,move,improve
6050,17,2861.620000000001,17,2861.620000000001,swap,notBad
6051,17,2861.620000000001,17,2861.620000000001,swap,notBad
6052,17,2859.1000000000004,17,2859.1000000000004,swap,newBest
6053,17,2859.1000000000004,17,2859.1000000000004,swap,notBad
6054,17,2859.1000000000004,17,2859.1000000000004,2opt,notBad
6055,17,2859.1000000000004,17,2859.1000000000004,move,improve
6056,17,2843.580000000001,17,2843.580000000001,move,newBest
6057,17,2844.1800000000007,17,2843.580000000001,2opt,acceptBad
6058,17,2844.1800000000007,17,2843.580000000001,2opt,notBad
6059,17,2844.1800000000007,17,2843.580000000001,swap,notBad
6060,17,2844.1800000000007,17,2843.580000000001,swap,notBad
6061,17,2844.1800000000007,17,2843.580000000001,move,improve
6062,17,2844.1800000000007,17,2843.580000000001,move,improve
6063,17,2844.1800000000007,17,2843.580000000001,2opt,notBad
6064,17,2844.1800000000007,17,2843.580000000001,move,improve
6065,17,2844.1800000000007,17,2843.580000000001,2opt,notBad
6066,17,2844.1800000000007,17,2843.580000000001,swap,notBad
6067,17,2844.1800000000007,17,2843.580000000001,swap,notBad
6068,17,2844.1800000000007,17,2843.580000000001,swap,notBad
6069,17,2844.1800000000007,17,2843.580000000001,swap,notBad
6070,17,2844.1800000000007,17,2843.580000000001,2opt,notBad
6071,17,2844.1800000000007,17,2843.580000000001,swap,notBad
6072,17,2844.1800000000007,17,2843.580000000001,2opt,notBad
6073,17,2844.1800000000007,17,2843.580000000001,move,improve
6074,17,2844.1800000000007,17,2843.580000000001,swap,notBad
6075,17,2844.1800000000007,17,2843.580000000001,swap,notBad
6076,17,2844.1800000000007,17,2843.580000000001,move,improve
6077,17,2844.1800000000007,17,2843.580000000001,move,improve
6078,17,2844.1800000000007,17,2843.580000000001,swap,notBad
6079,17,2844.1800000000007,17,2843.580000000001,swap,notBad
6080,17,2844.1800000000007,17,2843.580000000001,move,improve
6081,17,2844.1800000000007,17,2843.580000000001,2opt,notBad
6082,17,2844.1800000000007,17,2843.580000000001,swap,notBad
6083,17,2844.1800000000007,17,2843.580000000001,swap,notBad
6084,17,2844.1800000000007,17,2843.580000000001,swap,notBad
6085,17,2844.1800000000007,17,2843.580000000001,swap,notBad
6086,17,2844.1800000000007,17,2843.580000000001,2opt,notBad
6087,17,2844.1800000000007,17,2843.580000000001,move,improve
6088,17,2844.1800000000007,17,2843.580000000001,2opt,notBad
6089,17,2844.1800000000007,17,2843.580000000001,swap,notBad
6090,17,2843.460000000001,17,2843.460000000001,swap,newBest
6091,17,2843.460000000001,17,2843.460000000001,swap,notBad
6092,17,2843.460000000001,17,2843.460000000001,2opt,notBad
6093,17,2843.460000000001,17,2843.460000000001,swap,notBad
6094,17,2843.460000000001,17,2843.460000000001,2opt,notBad
6095,17,2843.460000000001,17,2843.460000000001,2opt,notBad
6096,17,2843.460000000001,17,2843.460000000001,move,improve
6097,17,2843.460000000001,17,2843.460000000001,2opt,notBad
6098,17,2843.460000000001,17,2843.460000000001,swap,notBad
6099,17,2843.460000000001,17,2843.460000000001,2opt,notBad
6100,17,2843.460000000001,17,2843.460000000001,2opt,notBad
6101,17,2843.460000000001,17,2843.460000000001,move,improve
6102,17,2843.460000000001,17,2843.460000000001,swap,notBad
6103,17,2843.460000000001,17,2843.460000000001,move,improve
6104,17,2843.460000000001,17,2843.460000000001,move,improve
6105,17,2843.460000000001,17,2843.460000000001,2opt,improve
6106,17,2843.460000000001,17,2843.460000000001,2opt,notBad
6107,17,2843.460000000001,17,2843.460000000001,2opt,notBad
6108,17,2843.460000000001,17,2843.460000000001,swap,notBad
6109,17,2843.460000000001,17,2843.460000000001,swap,notBad
6110,17,2843.460000000001,17,2843.460000000001,2opt,notBad
6111,17,2843.460000000001,17,2843.460000000001,swap,notBad
6112,17,2843.460000000001,17,2843.460000000001,swap,notBad
6113,17,2843.460000000001,17,2843.460000000001,move,improve
6114,17,2843.460000000001,17,2843.460000000001,2opt,notBad
6115,17,2843.460000000001,17,2843.460000000001,2opt,notBad
6116,17,2843.460000000001,17,2843.460000000001,swap,notBad
6117,17,2843.460000000001,17,2843.460000000001,swap,notBad
6118,17,2843.460000000001,17,2843.460000000001,swap,notBad
6119,17,2843.460000000001,17,2843.460000000001,swap,notBad
6120,17,2843.460000000001,17,2843.460000000001,swap,notBad
6121,17,2843.460000000001,17,2843.460000000001,swap,notBad
6122,17,2843.460000000001,17,2843.460000000001,2opt,notBad
6123,17,2843.460000000001,17,2843.460000000001,swap,notBad
6124,17,2843.460000000001,17,2843.460000000001,move,improve
6125,17,2843.460000000001,17,2843.460000000001,move,improve
6126,17,2843.460000000001,17,2843.460000000001,swap,notBad
6127,17,2844.2400000000007,17,2843.460000000001,swap,acceptBad
6128,17,2844.2400000000007,17,2843.460000000001,move,improve
6129,17,2844.2400000000007,17,2843.460000000001,move,improve
6130,17,2844.6600000000008,17,2843.460000000001,2opt,acceptBad
6131,17,2844.6600000000008,17,2843.460000000001,swap,notBad
6132,17,2844.6600000000008,17,2843.460000000001,swap,notBad
6133,17,2844.6600000000008,17,2843.460000000001,swap,notBad
6134,17,2844.6600000000008,17,2843.460000000001,swap,notBad
6135,17,2844.6600000000008,17,2843.460000000001,2opt,notBad
6136,17,2844.6600000000008,17,2843.460000000001,2opt,notBad
6137,17,2844.6600000000008,17,2843.460000000001,swap,notBad
6138,17,2844.6600000000008,17,2843.460000000001,move,improve
6139,17,2844.6600000000008,17,2843.460000000001,2opt,notBad
6140,17,2844.6600000000008,17,2843.460000000001,swap,notBad
6141,17,2844.6600000000008,17,2843.460000000001,2opt,notBad
6142,17,2844.6600000000008,17,2843.460000000001,2opt,notBad
6143,17,2842.92,17,2842.92,move,newBest
6144,17,2842.92,17,2842.92,swap,notBad
6145,17,2842.92,17,2842.92,swap,notBad
6146,17,2842.92,17,2842.92,2opt,notBad
6147,17,2842.92,17,2842.92,move,improve
6148,17,2842.92,17,2842.92,swap,notBad
6149,17,2842.92,17,2842.92,2opt,improve
6150,17,2842.92,17,2842.92,move,improve
6151,17,2842.92,17,2842.92,swap,notBad
6152,17,2842.92,17,2842.92,swap,notBad
6153,17,2842.92,17,2842.92,2opt,notBad
6154,17,2842.92,17,2842.92,move,improve
6155,17,2842.92,17,2842.92,move,improve
6156,17,2842.92,17,2842.92,swap,notBad
6157,17,2842.92,17,2842.92,move,improve
6158,17,2842.92,17,2842.92,move,improve
6159,17,2842.92,17,2842.92,2opt,notBad
6160,17,2842.92,17,2842.92,2opt,notBad
6161,17,2842.92,17,2842.92,move,improve
6162,17,2842.92,17,2842.92,move,improve
6163,17,2842.92,17,2842.92,move,improve
6164,17,2842.92,17,2842.92,swap,notBad
6165,17,2842.92,17,2842.92,move,improve
6166,17,2842.92,17,2842.92,move,improve
6167,17,2842.92,17,2842.92,swap,notBad
6168,17,2842.92,17,2842.92,swap,notBad
6169,17,2842.92,17,2842.92,swap,notBad
6170,17,2842.92,17,2842.92,move,improve
6171,17,2842.92,17,2842.92,move,improve
6172,17,2842.92,17,2842.92,2opt,notBad
6173,17,2842.92,17,2842.92,2opt,notBad
6174,17,2842.92,17,2842.92,swap,notBad
6175,17,2845.32,17,2842.92,swap,acceptBad
6176,17,2845.32,17,2842.92,swap,notBad
6177,17,2845.32,17,2842.92,swap,notBad
6178,17,2845.32,17,2842.92,swap,notBad
6179,17,2845.32,17,2842.92,2opt,notBad
6180,17,2845.32,17,2842.92,2opt,improve
6181,17,2845.32,17,2842.92,swap,notBad
6182,17,2845.32,17,2842.92,2opt,notBad
6183,17,2845.32,17,2842.92,move,improve
6184,17,2845.32,17,2842.92,swap,notBad
6185,17,2845.32,17,2842.92,2opt,notBad
6186,17,2845.32,17,2842.92,2opt,improve
6187,17,2845.32,17,2842.92,2opt,notBad
6188,17,2845.32,17,2842.92,2opt,notBad
6189,17,2845.32,17,2842.92,swap,notBad
6190,17,2842.2000000000007,17,2842.2000000000007,2opt,newBest
6191,17,2842.2000000000007,17,2842.2000000000007,2opt,notBad
6192,17,2842.8600000000006,17,2842.2000000000007,swap,acceptBad
6193,17,2842.8600000000006,17,2842.2000000000007,2opt,notBad
6194,17,2842.8600000000006,17,2842.2000000000007,2opt,notBad
6195,17,2842.8600000000006,17,2842.2000000000007,swap,notBad
6196,17,2842.8600000000006,17,2842.2000000000007,move,improve
6197,17,2842.8600000000006,17,2842.2000000000007,2opt,notBad
6198,17,2842.8600000000006,17,2842.2000000000007,2opt,notBad
6199,17,2842.8600000000006,17,2842.2000000000007,swap,notBad
6200,17,2842.8600000000006,17,2842.2000000000007,2opt,notBad
6201,17,2842.8600000000006,17,2842.2000000000007,2opt,notBad
6202,17,2842.8600000000006,17,2842.2000000000007,2opt,notBad
6203,17,2842.8600000000006,17,2842.2000000000007,move,improve
6204,17,2842.8600000000006,17,2842.2000000000007,2opt,notBad
6205,17,2842.8600000000006,17,2842.2000000000007,swap,notBad
6206,17,2842.8600000000006,17,2842.2000000000007,2opt,notBad
6207,17,2843.580000000001,17,2842.2000000000007,swap,acceptBad
6208,17,2843.580000000001,17,2842.2000000000007,swap,notBad
6209,17,2843.580000000001,17,2842.2000000000007,2opt,notBad
6210,17,2843.580000000001,17,2842.2000000000007,2opt,notBad
6211,17,2843.580000000001,17,2842.2000000000007,2opt,notBad
6212,17,2843.580000000001,17,2842.2000000000007,2opt,improve
6213,17,2843.580000000001,17,2842.2000000000007,2opt,notBad
6214,17,2842.26,17,2842.2000000000007,move,improve
6215,17,2842.26,17,2842.2000000000007,2opt,notBad
6216,17,2842.26,17,2842.2000000000007,2opt,notBad
6217,17,2842.26,17,2842.2000000000007,swap,notBad
6218,17,2842.26,17,2842.2000000000007,2opt,improve
6219,17,2842.26,17,2842.2000000000007,2opt,notBad
6220,17,2842.26,17,2842.2000000000007,swap,notBad
6221,17,2842.26,17,2842.2000000000007,swap,notBad
6222,17,2842.26,17,2842.2000000000007,2opt,notBad
6223,17,2842.26,17,2842.2000000000007,swap,notBad
6224,17,2842.26,17,2842.2000000000007,move,improve
6225,17,2842.26,17,2842.2000000000007,move,improve
6226,17,2843.8800000000006,17,2842.2000000000007,swap,acceptBad
6227,17,2843.8800000000006,17,2842.2000000000007,2opt,notBad
6228,17,2843.2800000000007,17,2842.2000000000007,move,improve
6229,17,2843.2800000000007,17,2842.2000000000007,2opt,notBad
6230,17,2843.2800000000007,17,2842.2000000000007,move,improve
6231,17,2843.2800000000007,17,2842.2000000000007,move,improve
6232,17,2843.2800000000007,17,2842.2000000000007,move,improve
6233,17,2843.2800000000007,17,2842.2000000000007,swap,notBad
6234,17,2843.2800000000007,17,2842.2000000000007,2opt,notBad
6235,17,2843.2800000000007,17,2842.2000000000007,move,improve
6236,17,2843.2800000000007,17,2842.2000000000007,move,improve
6237,17,2843.2800000000007,17,2842.2000000000007,2opt,notBad
6238,17,2843.2800000000007,17,2842.2000000000007,move,improve
6239,17,2843.2800000000007,17,2842.2000000000007,swap,notBad
6240,17,2843.2800000000007,17,2842.2000000000007,move,improve
6241,17,2843.2800000000007,17,2842.2000000000007,move,improve
6242,17,2843.2800000000007,17,2842.2000000000007,swap,notBad
6243,17,2843.2800000000007,17,2842.2000000000007,2opt,notBad
6244,17,2843.2800000000007,17,2842.2000000000007,2opt,improve
6245,17,2843.2800000000007,17,2842.2000000000007,swap,notBad
6246,17,2843.2800000000007,17,2842.2000000000007,move,improve
6247,17,2843.2800000000007,17,2842.2000000000007,move,improve
6248,17,2843.2800000000007,17,2842.2000000000007,move,improve
6249,17,2843.2800000000007,17,2842.2000000000007,2opt,improve
6250,17,2843.2800000000007,17,2842.2000000000007,2opt,notBad
6251,17,2843.2800000000007,17,2842.2000000000007,swap,notBad
6252,17,2843.2800000000007,17,2842.2000000000007,move,improve
6253,17,2843.2800000000007,17,2842.2000000000007,2opt,notBad
6254,17,2843.2800000000007,17,2842.2000000000007,move,improve
6255,17,2843.2800000000007,17,2842.2000000000007,move,improve
6256,17,2843.2800000000007,17,2842.2000000000007,move,improve
6257,17,2843.2800000000007,17,2842.2000000000007,swap,notBad
6258,17,2843.2800000000007,17,2842.2000000000007,2opt,notBad
6259,17,2843.2800000000007,17,2842.2000000000007,move,improve
6260,17,2843.2800000000007,17,2842.2000000000007,swap,notBad
6261,17,2843.2800000000007,17,2842.2000000000007,2opt,notBad
6262,17,2843.2800000000007,17,2842.2000000000007,2opt,notBad
6263,17,2843.2800000000007,17,2842.2000000000007,swap,notBad
6264,17,2843.2800000000007,17,2842.2000000000007,2opt,notBad
6265,17,2843.2800000000007,17,2842.2000000000007,2opt,notBad
6266,17,2843.2800000000007,17,2842.2000000000007,2opt,notBad
6267,17,2843.2800000000007,17,2842.2000000000007,swap,notBad
6268,17,2843.2800000000007,17,2842.2000000000007,move,improve
6269,17,2843.2800000000007,17,2842.2000000000007,swap,notBad
6270,17,2843.2800000000007,17,2842.2000000000007,2opt,notBad
6271,17,2843.2800000000007,17,2842.2000000000007,2opt,notBad
6272,17,2843.2800000000007,17,2842.2000000000007,move,improve
6273,17,2843.2800000000007,17,2842.2000000000007,2opt,improve
6274,17,2843.2800000000007,17,2842.2000000000007,move,improve
6275,17,2843.2800000000007,17,2842.2000000000007,swap,notBad
6276,17,2843.2800000000007,17,2842.2000000000007,swap,notBad
6277,17,2843.2800000000007,17,2842.2000000000007,2opt,notBad
6278,17,2843.2800000000007,17,2842.2000000000007,2opt,improve
6279,17,2843.2800000000007,17,2842.2000000000007,2opt,notBad
6280,17,2843.2800000000007,17,2842.2000000000007,swap,notBad
6281,17,2843.2800000000007,17,2842.2000000000007,move,improve
6282,17,2843.2800000000007,17,2842.2000000000007,swap,notBad
6283,17,2843.2800000000007,17,2842.2000000000007,swap,notBad
6284,17,2843.2800000000007,17,2842.2000000000007,swap,notBad
6285,17,2843.2800000000007,17,2842.2000000000007,2opt,notBad
6286,17,2843.2800000000007,17,2842.2000000000007,move,improve
6287,17,2843.2800000000007,17,2842.2000000000007,swap,notBad
6288,17,2843.2800000000007,17,2842.2000000000007,move,improve
6289,17,2843.2800000000007,17,2842.2000000000007,swap,notBad
6290,17,2843.2800000000007,17,2842.2000000000007,move,improve
6291,17,2843.2800000000007,17,2842.2000000000007,move,improve
6292,17,2843.2800000000007,17,2842.2000000000007,move,improve
6293,17,2843.2800000000007,17,2842.2000000000007,swap,notBad
6294,17,2843.2800000000007,17,2842.2000000000007,2opt,notBad
6295,17,2843.2800000000007,17,2842.2000000000007,move,improve
6296,17,2843.2800000000007,17,2842.2000000000007,swap,notBad
6297,17,2843.2800000000007,17,2842.2000000000007,2opt,notBad
6298,17,2843.2800000000007,17,2842.2000000000007,2opt,notBad
6299,17,2843.2800000000007,17,2842.2000000000007,swap,notBad
6300,17,2843.2800000000007,17,2842.2000000000007,move,improve
6301,17,2843.2800000000007,17,2842.2000000000007,2opt,notBad
6302,17,2843.2800000000007,17,2842.2000000000007,swap,notBad
6303,17,2843.2800000000007,17,2842.2000000000007,move,improve
6304,17,2840.8800000000015,17,2840.8800000000015,2opt,newBest
6305,17,2840.8800000000015,17,2840.8800000000015,move,improve
6306,17,2840.8800000000015,17,2840.8800000000015,2opt,improve
6307,17,2840.8800000000015,17,2840.8800000000015,swap,notBad
6308,17,2840.8800000000015,17,2840.8800000000015,swap,notBad
6309,17,2840.8800000000015,17,2840.8800000000015,swap,notBad
6310,17,2840.8800000000015,17,2840.8800000000015,swap,notBad
6311,17,2840.8800000000015,17,2840.8800000000015,swap,notBad
6312,17,2840.8800000000015,17,2840.8800000000015,2opt,notBad
6313,17,2840.8800000000015,17,2840.8800000000015,swap,notBad
6314,17,2840.8800000000015,17,2840.8800000000015,move,improve
6315,17,2840.8800000000015,17,2840.8800000000015,move,improve
6316,17,2840.8800000000015,17,2840.8800000000015,move,improve
6317,17,2840.8800000000015,17,2840.8800000000015,2opt,notBad
6318,17,2840.8800000000015,17,2840.8800000000015,2opt,notBad
6319,17,2840.8800000000015,17,2840.8800000000015,2opt,notBad
6320,17,2840.8800000000015,17,2840.8800000000015,swap,notBad
6321,17,2840.8800000000015,17,2840.8800000000015,2opt,notBad
6322,17,2840.8800000000015,17,2840.8800000000015,2opt,notBad
6323,17,2840.8800000000015,17,2840.8800000000015,swap,notBad
6324,17,2840.8800000000015,17,2840.8800000000015,move,improve
6325,17,2840.8800000000015,17,2840.8800000000015,move,improve
6326,17,2840.8800000000015,17,2840.8800000000015,move,improve
6327,17,2840.8800000000015,17,2840.8800000000015,2opt,notBad
6328,17,2840.8800000000015,17,2840.8800000000015,move,improve
6329,17,2840.8800000000015,17,2840.8800000000015,move,improve
6330,17,2840.8800000000015,17,2840.8800000000015,swap,notBad
6331,17,2840.8800000000015,17,2840.8800000000015,2opt,notBad
6332,17,2840.8800000000015,17,2840.8800000000015,2opt,notBad
6333,17,2840.8800000000015,17,2840.8800000000015,move,improve
6334,17,2840.8800000000015,17,2840.8800000000015,move,improve
6335,17,2840.8800000000015,17,2840.8800000000015,2opt,notBad
6336,17,2840.8800000000015,17,2840.8800000000015,2opt,notBad
6337,17,2840.8800000000015,17,2840.8800000000015,swap,notBad
6338,17,2840.8800000000015,17,2840.8800000000015,move,improve
6339,17,2840.8800000000015,17,2840.8800000000015,swap,notBad
6340,17,2840.8800000000015,17,2840.8800000000015,2opt,notBad
6341,17,2840.8800000000015,17,2840.8800000000015,move,improve
6342,17,2840.8800000000015,17,2840.8800000000015,move,improve
6343,17,2840.8800000000015,17,2840.8800000000015,move,improve
6344,17,2840.8800000000015,17,2840.8800000000015,2opt,notBad
6345,17,2840.8800000000015,17,2840.8800000000015,move,improve
6346,17,2840.8800000000015,17,2840.8800000000015,2opt,notBad
6347,17,2840.8800000000015,17,2840.8800000000015,2opt,notBad
6348,17,2840.8800000000015,17,2840.8800000000015,move,improve
6349,17,2840.8800000000015,17,2840.8800000000015,2opt,notBad
6350,17,2840.8800000000015,17,2840.8800000000015,move,improve
6351,17,2841.000000000001,17,2840.8800000000015,swap,acceptBad
6352,17,2841.000000000001,17,2840.8800000000015,2opt,notBad
6353,17,2841.000000000001,17,2840.8800000000015,move,improve
6354,17,2841.000000000001,17,2840.8800000000015,move,improve
6355,17,2841.000000000001,17,2840.8800000000015,swap,notBad
6356,17,2838.6000000000013,17,2838.6000000000013,swap,newBest
6357,17,2838.6000000000013,17,2838.6000000000013,2opt,notBad
6358,17,2838.6000000000013,17,2838.6000000000013,2opt,improve
6359,17,2838.6000000000013,17,2838.6000000000013,move,improve
6360,17,2838.6000000000013,17,2838.6000000000013,move,improve
6361,17,2838.6000000000013,17,2838.6000000000013,2opt,notBad
6362,17,2838.6000000000013,17,2838.6000000000013,2opt,notBad
6363,17,2838.6000000000013,17,2838.6000000000013,swap,notBad
6364,17,2838.6000000000013,17,2838.6000000000013,move,improve
6365,17,2838.6000000000013,17,2838.6000000000013,2opt,improve
6366,17,2838.6000000000013,17,2838.6000000000013,2opt,notBad
6367,17,2838.6000000000013,17,2838.6000000000013,2opt,notBad
6368,17,2838.6000000000013,17,2838.6000000000013,swap,notBad
6369,17,2838.6000000000013,17,2838.6000000000013,swap,notBad
6370,17,2838.6000000000013,17,2838.6000000000013,move,improve
6371,17,2838.6000000000013,17,2838.6000000000013,move,improve
6372,17,2838.6000000000013,17,2838.6000000000013,move,improve
6373,17,2838.6000000000013,17,2838.6000000000013,swap,notBad
6374,17,2838.6000000000013,17,2838.6000000000013,swap,notBad
6375,17,2838.6000000000013,17,2838.6000000000013,swap,notBad
6376,17,2838.6000000000013,17,2838.6000000000013,2opt,notBad
6377,17,2838.6000000000013,17,2838.6000000000013,move,improve
6378,17,2839.380000000001,17,2838.6000000000013,2opt,acceptBad
6379,17,2839.380000000001,17,2838.6000000000013,move,improve
6380,17,2839.380000000001,17,2838.6000000000013,move,improve
6381,17,2839.380000000001,17,2838.6000000000013,move,improve
6382,17,2839.380000000001,17,2838.6000000000013,move,improve
6383,17,2839.380000000001,17,2838.6000000000013,2opt,notBad
6384,17,2839.380000000001,17,2838.6000000000013,move,improve
6385,17,2838.900000000002,17,2838.6000000000013,2opt,improve
6386,17,2838.900000000002,17,2838.6000000000013,move,improve
6387,17,2838.900000000002,17,2838.6000000000013,2opt,notBad
6388,17,2838.900000000002,17,2838.6000000000013,move,improve
6389,17,2838.900000000002,17,2838.6000000000013,swap,notBad
6390,17,2838.900000000002,17,2838.6000000000013,move,improve
6391,17,2838.900000000002,17,2838.6000000000013,move,improve
6392,17,2838.900000000002,17,2838.6000000000013,move,improve
6393,17,2836.680000000002,17,2836.680000000002,move,newBest
6394,17,2836.680000000002,17,2836.680000000002,2opt,notBad
6395,17,2836.680000000002,17,2836.680000000002,2opt,notBad
6396,17,2836.680000000002,17,2836.680000000002,2opt,notBad
6397,17,2836.680000000002,17,2836.680000000002,swap,notBad
6398,17,2836.680000000002,17,2836.680000000002,swap,notBad
6399,17,2836.680000000002,17,2836.680000000002,2opt,notBad
6400,17,2836.680000000002,17,2836.680000000002,swap,notBad
6401,17,2836.680000000002,17,2836.680000000002,2opt,notBad
6402,17,2836.5600000000018,17,2836.5600000000018,move,newBest
6403,17,2836.5600000000018,17,2836.5600000000018,move,improve
6404,17,2836.5600000000018,17,2836.5600000000018,move,improve
6405,17,2836.5600000000018,17,2836.5600000000018,move,improve
6406,17,2836.5600000000018,17,2836.5600000000018,swap,notBad
6407,17,2836.5600000000018,17,2836.5600000000018,swap,notBad
6408,17,2836.5600000000018,17,2836.5600000000018,swap,notBad
6409,17,2836.5600000000018,17,2836.5600000000018,2opt,notBad
6410,17,2836.5600000000018,17,2836.5600000000018,move,improve
6411,17,2836.5600000000018,17,2836.5600000000018,swap,notBad
6412,17,2836.5600000000018,17,2836.5600000000018,2opt,notBad
6413,17,2836.5600000000018,17,2836.5600000000018,2opt,notBad
6414,17,2836.5600000000018,17,2836.5600000000018,swap,notBad
6415,17,2836.5600000000018,17,2836.5600000000018,2opt,notBad
6416,17,2836.5600000000018,17,2836.5600000000018,2opt,notBad
6417,17,2836.5600000000018,17,2836.5600000000018,2opt,notBad
6418,17,2836.5600000000018,17,2836.5600000000018,2opt,improve
6419,17,2836.5600000000018,17,2836.5600000000018,move,improve
6420,17,2836.5600000000018,17,2836.5600000000018,swap,notBad
6421,17,2836.5600000000018,17,2836.5600000000018,swap,notBad
6422,17,2836.5600000000018,17,2836.5600000000018,2opt,notBad
6423,17,2836.5600000000018,17,2836.5600000000018,2opt,notBad
6424,17,2836.5600000000018,17,2836.5600000000018,swap,notBad
6425,17,2836.5600000000018,17,2836.5600000000018,move,improve
6426,17,2836.5600000000018,17,2836.5600000000018,swap,notBad
6427,17,2836.5600000000018,17,2836.5600000000018,move,improve
6428,17,2837.4000000000015,17,2836.5600000000018,swap,acceptBad
6429,17,2837.4000000000015,17,2836.5600000000018,swap,notBad
6430,17,2837.4000000000015,17,2836.5600000000018,move,improve
6431,17,2837.4000000000015,17,2836.5600000000018,swap,notBad
6432,17,2837.4000000000015,17,2836.5600000000018,swap,notBad
6433,17,2837.4000000000015,17,2836.5600000000018,swap,notBad
6434,17,2837.4000000000015,17,2836.5600000000018,2opt,notBad
6435,17,2837.4000000000015,17,2836.5600000000018,2opt,notBad
6436,17,2837.4000000000015,17,2836.5600000000018,swap,notBad
6437,17,2837.4000000000015,17,2836.5600000000018,2opt,notBad
6438,17,2837.4000000000015,17,2836.5600000000018,swap,notBad
6439,17,2837.4000000000015,17,2836.5600000000018,move,improve
6440,17,2837.4000000000015,17,2836.5600000000018,swap,notBad
6441,17,2837.4000000000015,17,2836.5600000000018,swap,notBad
6442,17,2837.4000000000015,17,2836.5600000000018,move,improve
6443,17,2837.4000000000015,17,2836.5600000000018,2opt,notBad
6444,17,2837.4000000000015,17,2836.5600000000018,2opt,improve
6445,17,2837.4000000000015,17,2836.5600000000018,swap,notBad
6446,17,2837.4000000000015,17,2836.5600000000018,2opt,notBad
6447,17,2837.4000000000015,17,2836.5600000000018,swap,notBad
6448,17,2837.4000000000015,17,2836.5600000000018,move,improve
6449,17,2837.4000000000015,17,2836.5600000000018,swap,notBad
6450,17,2837.4000000000015,17,2836.5600000000018,2opt,notBad
6451,17,2837.4000000000015,17,2836.5600000000018,swap,notBad
6452,17,2837.4000000000015,17,2836.5600000000018,move,improve
6453,17,2837.4000000000015,17,2836.5600000000018,2opt,notBad
6454,17,2837.4000000000015,17,2836.5600000000018,move,improve
6455,17,2837.4000000000015,17,2836.5600000000018,2opt,notBad
6456,17,2837.4000000000015,17,2836.5600000000018,2opt,notBad
6457,17,2837.4000000000015,17,2836.5600000000018,move,improve
6458,17,2837.4000000000015,17,2836.5600000000018,move,improve
6459,17,2837.4000000000015,17,2836.5600000000018,swap,notBad
6460,17,2837.4000000000015,17,2836.5600000000018,swap,notBad
6461,17,2837.4000000000015,17,2836.5600000000018,2opt,notBad
6462,17,2837.4000000000015,17,2836.5600000000018,move,improve
6463,17,2837.4000000000015,17,2836.5600000000018,swap,notBad
6464,17,2837.4000000000015,17,2836.5600000000018,swap,notBad
6465,17,2837.4000000000015,17,2836.5600000000018,swap,notBad
6466,17,2837.4000000000015,17,2836.5600000000018,swap,notBad
6467,17,2837.2800000000016,17,2836.5600000000018,move,improve
6468,17,2837.2800000000016,17,2836.5600000000018,swap,notBad
6469,17,2837.2800000000016,17,2836.5600000000018,move,improve
6470,17,2837.2800000000016,17,2836.5600000000018,swap,notBad
6471,17,2837.2800000000016,17,2836.5600000000018,swap,notBad
6472,17,2837.2800000000016,17,2836.5600000000018,move,improve
6473,17,2837.9400000000014,17,2836.5600000000018,2opt,acceptBad
6474,17,2837.9400000000014,17,2836.5600000000018,swap,notBad
6475,17,2837.9400000000014,17,2836.5600000000018,swap,notBad
6476,17,2837.9400000000014,17,2836.5600000000018,swap,notBad
6477,17,2837.9400000000014,17,2836.5600000000018,swap,notBad
6478,17,2837.9400000000014,17,2836.5600000000018,2opt,notBad
6479,17,2837.9400000000014,17,2836.5600000000018,move,improve
6480,17,2837.9400000000014,17,2836.5600000000018,swap,notBad
6481,17,2837.9400000000014,17,2836.5600000000018,move,improve
6482,17,2837.9400000000014,17,2836.5600000000018,move,improve
6483,17,2838.6600000000017,17,2836.5600000000018,swap,acceptBad
6484,17,2838.0600000000018,17,2836.5600000000018,move,improve
6485,17,2838.0600000000018,17,2836.5600000000018,swap,notBad
6486,17,2838.0600000000018,17,2836.5600000000018,2opt,notBad
6487,17,2838.0600000000018,17,2836.5600000000018,2opt,notBad
6488,17,2838.0600000000018,17,2836.5600000000018,2opt,notBad
6489,17,2838.0600000000018,17,2836.5600000000018,swap,notBad
6490,17,2838.0600000000018,17,2836.5600000000018,swap,notBad
6491,17,2838.0600000000018,17,2836.5600000000018,move,improve
6492,17,2838.0600000000018,17,2836.5600000000018,2opt,notBad
6493,17,2838.0600000000018,17,2836.5600000000018,2opt,improve
6494,17,2838.0600000000018,17,2836.5600000000018,swap,notBad
6495,17,2838.0600000000018,17,2836.5600000000018,2opt,notBad
6496,17,2838.0600000000018,17,2836.5600000000018,2opt,notBad
6497,17,2838.0600000000018,17,2836.5600000000018,move,improve
6498,17,2838.0600000000018,17,2836.5600000000018,swap,notBad
6499,17,2838.0600000000018,17,2836.5600000000018,2opt,notBad
6500,17,2838.0600000000018,17,2836.5600000000018,2opt,notBad
6501,17,2838.0600000000018,17,2836.5600000000018,swap,notBad
6502,17,2838.0600000000018,17,2836.5600000000018,move,improve
6503,17,2838.0600000000018,17,2836.5600000000018,move,improve
6504,17,2838.0600000000018,17,2836.5600000000018,move,improve
6505,17,2838.0600000000018,17,2836.5600000000018,move,improve
6506,17,2838.0600000000018,17,2836.5600000000018,2opt,notBad
6507,17,2838.0600000000018,17,2836.5600000000018,2opt,notBad
6508,17,2838.0600000000018,17,2836.5600000000018,swap,notBad
6509,17,2838.0600000000018,17,2836.5600000000018,2opt,notBad
6510,17,2838.0600000000018,17,2836.5600000000018,swap,notBad
6511,17,2838.0600000000018,17,2836.5600000000018,move,improve
6512,17,2838.0600000000018,17,2836.5600000000018,swap,notBad
6513,17,2838.0600000000018,17,2836.5600000000018,move,improve
6514,17,2838.0600000000018,17,2836.5600000000018,swap,notBad
6515,17,2838.0600000000018,17,2836.5600000000018,2opt,notBad
6516,17,2838.0600000000018,17,2836.5600000000018,swap,notBad
6517,17,2837.6400000000017,17,2836.5600000000018,move,improve
6518,17,2837.6400000000017,17,2836.5600000000018,swap,notBad
6519,17,2837.6400000000017,17,2836.5600000000018,swap,notBad
6520,17,2837.6400000000017,17,2836.5600000000018,move,improve
6521,17,2837.6400000000017,17,2836.5600000000018,swap,notBad
6522,17,2837.6400000000017,17,2836.5600000000018,2opt,notBad
6523,17,2837.6400000000017,17,2836.5600000000018,2opt,notBad
6524,17,2837.6400000000017,17,2836.5600000000018,2opt,notBad
6525,17,2837.6400000000017,17,2836.5600000000018,swap,notBad
6526,17,2837.6400000000017,17,2836.5600000000018,move,improve
6527,17,2837.6400000000017,17,2836.5600000000018,move,improve
6528,17,2837.6400000000017,17,2836.5600000000018,2opt,notBad
6529,17,2837.6400000000017,17,2836.5600000000018,2opt,notBad
6530,17,2837.6400000000017,17,2836.5600000000018,2opt,notBad
6531,17,2837.6400000000017,17,2836.5600000000018,2opt,notBad
6532,17,2837.6400000000017,17,2836.5600000000018,2opt,notBad
6533,17,2837.6400000000017,17,2836.5600000000018,move,improve
6534,17,2837.6400000000017,17,2836.5600000000018,swap,notBad
6535,17,2837.6400000000017,17,2836.5600000000018,2opt,notBad
6536,17,2837.6400000000017,17,2836.5600000000018,swap,notBad
6537,17,2837.6400000000017,17,2836.5600000000018,2opt,improve
6538,17,2837.6400000000017,17,2836.5600000000018,move,improve
6539,17,2837.6400000000017,17,2836.5600000000018,move,improve
6540,17,2837.6400000000017,17,2836.5600000000018,2opt,notBad
6541,17,2837.6400000000017,17,2836.5600000000018,2opt,notBad
6542,17,2837.6400000000017,17,2836.5600000000018,2opt,notBad
6543,17,2837.6400000000017,17,2836.5600000000018,swap,notBad
6544,17,2837.6400000000017,17,2836.5600000000018,2opt,notBad
6545,17,2837.6400000000017,17,2836.5600000000018,move,improve
6546,17,2837.6400000000017,17,2836.5600000000018,2opt,notBad
6547,17,2837.6400000000017,17,2836.5600000000018,swap,notBad
6548,17,2838.420000000002,17,2836.5600000000018,2opt,acceptBad
6549,17,2838.420000000002,17,2836.5600000000018,swap,notBad
6550,17,2838.420000000002,17,2836.5600000000018,move,improve
6551,17,2838.420000000002,17,2836.5600000000018,move,improve
6552,17,2838.420000000002,17,2836.5600000000018,swap,notBad
6553,17,2838.420000000002,17,2836.5600000000018,swap,notBad
6554,17,2838.420000000002,17,2836.5600000000018,swap,notBad
6555,17,2838.420000000002,17,2836.5600000000018,2opt,notBad
6556,17,2838.420000000002,17,2836.5600000000018,2opt,notBad
6557,17,2838.420000000002,17,2836.5600000000018,2opt,notBad
6558,17,2838.420000000002,17,2836.5600000000018,2opt,notBad
6559,17,2838.420000000002,17,2836.5600000000018,swap,notBad
6560,17,2838.420000000002,17,2836.5600000000018,2opt,improve
6561,17,2838.420000000002,17,2836.5600000000018,move,improve
6562,17,2838.420000000002,17,2836.5600000000018,swap,notBad
6563,17,2838.420000000002,17,2836.5600000000018,swap,notBad
6564,17,2838.420000000002,17,2836.5600000000018,move,improve
6565,17,2838.420000000002,17,2836.5600000000018,swap,notBad
6566,17,2838.420000000002,17,2836.5600000000018,2opt,notBad
6567,17,2838.420000000002,17,2836.5600000000018,swap,notBad
6568,17,2838.420000000002,17,2836.5600000000018,move,improve
6569,17,2838.420000000002,17,2836.5600000000018,swap,notBad
6570,17,2838.420000000002,17,2836.5600000000018,move,improve
6571,17,2838.420000000002,17,2836.5600000000018,move,notBad
6572,17,2838.420000000002,17,2836.5600000000018,move,improve
6573,17,2838.420000000002,17,2836.5600000000018,2opt,notBad
6574,17,2838.420000000002,17,2836.5600000000018,2opt,notBad
6575,17,2838.420000000002,17,2836.5600000000018,2opt,notBad
6576,17,2838.420000000002,17,2836.5600000000018,2opt,notBad
6577,17,2838.420000000002,17,2836.5600000000018,move,improve
6578,17,2838.420000000002,17,2836.5600000000018,2opt,notBad
6579,17,2838.420000000002,17,2836.5600000000018,swap,notBad
6580,17,2838.420000000002,17,2836.5600000000018,swap,notBad
6581,17,2838.420000000002,17,2836.5600000000018,2opt,notBad
6582,17,2837.820000000002,17,2836.5600000000018,move,improve
6583,17,2837.820000000002,17,2836.5600000000018,swap,notBad
6584,17,2837.820000000002,17,2836.5600000000018,2opt,improve
6585,17,2837.820000000002,17,2836.5600000000018,2opt,notBad
6586,17,2837.820000000002,17,2836.5600000000018,2opt,notBad
6587,17,2837.820000000002,17,2836.5600000000018,swap,notBad
6588,17,2837.820000000002,17,2836.5600000000018,swap,notBad
6589,17,2837.820000000002,17,2836.5600000000018,2opt,improve
6590,17,2837.820000000002,17,2836.5600000000018,move,improve
6591,17,2837.820000000002,17,2836.5600000000018,swap,notBad
6592,17,2837.820000000002,17,2836.5600000000018,2opt,notBad
6593,17,2837.820000000002,17,2836.5600000000018,swap,notBad
6594,17,2837.820000000002,17,2836.5600000000018,move,improve
6595,17,2837.820000000002,17,2836.5600000000018,move,improve
6596,17,2837.820000000002,17,2836.5600000000018,swap,notBad
6597,17,2837.820000000002,17,2836.5600000000018,swap,notBad
6598,17,2837.820000000002,17,2836.5600000000018,2opt,notBad
6599,17,2838.3000000000015,17,2836.5600000000018,swap,acceptBad
6600,17,2838.3000000000015,17,2836.5600000000018,move,improve
6601,17,2838.3000000000015,17,2836.5600000000018,2opt,notBad
6602,17,2838.3000000000015,17,2836.5600000000018,swap,notBad
6603,17,2837.6400000000017,17,2836.5600000000018,move,improve
6604,17,2837.6400000000017,17,2836.5600000000018,move,improve
6605,17,2837.6400000000017,17,2836.5600000000018,swap,notBad
6606,17,2837.6400000000017,17,2836.5600000000018,move,improve
6607,17,2837.6400000000017,17,2836.5600000000018,2opt,notBad
6608,17,2838.6000000000013,17,2836.5600000000018,swap,acceptBad
6609,17,2838.6000000000013,17,2836.5600000000018,move,improve
6610,17,2838.6000000000013,17,2836.5600000000018,swap,notBad
6611,17,2838.6000000000013,17,2836.5600000000018,2opt,notBad
6612,17,2838.6000000000013,17,2836.5600000000018,2opt,notBad
6613,17,2838.6000000000013,17,2836.5600000000018,2opt,notBad
6614,17,2838.6000000000013,17,2836.5600000000018,swap,notBad
6615,17,2841.3000000000015,17,2836.5600000000018,swap,acceptBad
6616,17,2841.3000000000015,17,2836.5600000000018,2opt,notBad
6617,17,2841.3000000000015,17,2836.5600000000018,swap,notBad
6618,17,2841.3000000000015,17,2836.5600000000018,swap,notBad
6619,17,2841.3000000000015,17,2836.5600000000018,move,improve
6620,17,2841.3000000000015,17,2836.5600000000018,move,improve
6621,17,2841.3000000000015,17,2836.5600000000018,2opt,notBad
6622,17,2841.4200000000014,17,2836.5600000000018,2opt,acceptBad
6623,17,2841.4200000000014,17,2836.5600000000018,swap,notBad
6624,17,2841.4200000000014,17,2836.5600000000018,2opt,notBad
6625,17,2841.4200000000014,17,2836.5600000000018,swap,notBad
6626,17,2841.4200000000014,17,2836.5600000000018,2opt,notBad
6627,17,2841.4200000000014,17,2836.5600000000018,move,improve
6628,17,2841.4200000000014,17,2836.5600000000018,2opt,notBad
6629,17,2841.4200000000014,17,2836.5600000000018,2opt,notBad
6630,17,2841.4200000000014,17,2836.5600000000018,2opt,notBad
6631,17,2841.4200000000014,17,2836.5600000000018,2opt,notBad
6632,17,2841.4200000000014,17,2836.5600000000018,2opt,notBad
6633,17,2841.4200000000014,17,2836.5600000000018,2opt,notBad
6634,17,2841.4200000000014,17,2836.5600000000018,swap,notBad
6635,17,2841.4200000000014,17,2836.5600000000018,move,improve
6636,17,2841.4200000000014,17,2836.5600000000018,swap,notBad
6637,17,2841.4200000000014,17,2836.5600000000018,2opt,improve
6638,17,2841.4200000000014,17,2836.5600000000018,2opt,notBad
6639,17,2841.4200000000014,17,2836.5600000000018,swap,notBad
6640,17,2841.4200000000014,17,2836.5600000000018,move,improve
6641,17,2841.4200000000014,17,2836.5600000000018,2opt,notBad
6642,17,2841.4200000000014,17,2836.5600000000018,swap,notBad
6643,17,2840.460000000002,17,2836.5600000000018,move,improve
6644,17,2840.460000000002,17,2836.5600000000018,2opt,notBad
6645,17,2840.460000000002,17,2836.5600000000018,swap,notBad
6646,17,2840.460000000002,17,2836.5600000000018,2opt,notBad
6647,17,2840.460000000002,17,2836.5600000000018,2opt,notBad
6648,17,2840.460000000002,17,2836.5600000000018,2opt,notBad
6649,17,2840.460000000002,17,2836.5600000000018,move,notBad
6650,17,2840.460000000002,17,2836.5600000000018,swap,notBad
6651,17,2840.460000000002,17,2836.5600000000018,2opt,notBad
6652,17,2840.460000000002,17,2836.5600000000018,2opt,notBad
6653,17,2840.460000000002,17,2836.5600000000018,swap,notBad
6654,17,2839.8600000000015,17,2836.5600000000018,move,improve
6655,17,2839.8600000000015,17,2836.5600000000018,swap,notBad
6656,17,2840.5800000000017,17,2836.5600000000018,swap,acceptBad
6657,17,2840.5800000000017,17,2836.5600000000018,move,improve
6658,17,2840.5800000000017,17,2836.5600000000018,2opt,notBad
6659,17,2840.460000000002,17,2836.5600000000018,move,improve
6660,17,2840.460000000002,17,2836.5600000000018,move,improve
6661,17,2840.460000000002,17,2836.5600000000018,swap,notBad
6662,17,2839.500000000002,17,2836.5600000000018,move,improve
6663,17,2839.500000000002,17,2836.5600000000018,2opt,improve
6664,17,2839.500000000002,17,2836.5600000000018,move,improve
6665,17,2839.500000000002,17,2836.5600000000018,2opt,notBad
6666,17,2839.500000000002,17,2836.5600000000018,move,improve
6667,17,2839.500000000002,17,2836.5600000000018,move,improve
6668,17,2839.500000000002,17,2836.5600000000018,2opt,improve
6669,17,2839.500000000002,17,2836.5600000000018,move,improve
6670,17,2839.500000000002,17,2836.5600000000018,move,improve
6671,17,2839.500000000002,17,2836.5600000000018,2opt,notBad
6672,17,2839.500000000002,17,2836.5600000000018,swap,notBad
6673,17,2839.500000000002,17,2836.5600000000018,move,improve
6674,17,2839.500000000002,17,2836.5600000000018,move,improve
6675,17,2839.500000000002,17,2836.5600000000018,2opt,notBad
6676,17,2839.500000000002,17,2836.5600000000018,2opt,notBad
6677,17,2839.500000000002,17,2836.5600000000018,swap,notBad
6678,17,2839.500000000002,17,2836.5600000000018,swap,notBad
6679,17,2839.500000000002,17,2836.5600000000018,move,improve
6680,17,2839.500000000002,17,2836.5600000000018,swap,notBad
6681,17,2839.500000000002,17,2836.5600000000018,2opt,notBad
6682,17,2839.500000000002,17,2836.5600000000018,2opt,notBad
6683,17,2839.500000000002,17,2836.5600000000018,2opt,notBad
6684,17,2839.500000000002,17,2836.5600000000018,swap,notBad
6685,17,2839.500000000002,17,2836.5600000000018,2opt,notBad
6686,17,2839.500000000002,17,2836.5600000000018,2opt,notBad
6687,17,2809.6200000000017,17,2809.6200000000017,swap,newBest
6688,17,2809.6200000000017,17,2809.6200000000017,move,improve
6689,17,2809.6200000000017,17,2809.6200000000017,2opt,notBad
6690,17,2809.380000000002,17,2809.380000000002,move,newBest
6691,17,2809.380000000002,17,2809.380000000002,swap,notBad
6692,17,2809.380000000002,17,2809.380000000002,swap,improve
6693,17,2809.380000000002,17,2809.380000000002,swap,notBad
6694,17,2809.380000000002,17,2809.380000000002,2opt,notBad
6695,17,2809.380000000002,17,2809.380000000002,move,improve
6696,17,2809.380000000002,17,2809.380000000002,move,improve
6697,17,2809.380000000002,17,2809.380000000002,swap,notBad
6698,17,2809.380000000002,17,2809.380000000002,swap,notBad
6699,17,2809.380000000002,17,2809.380000000002,swap,notBad
6700,17,2809.380000000002,17,2809.380000000002,swap,notBad
6701,17,2809.380000000002,17,2809.380000000002,move,improve
6702,17,2809.380000000002,17,2809.380000000002,move,improve
6703,17,2809.380000000002,17,2809.380000000002,swap,notBad
6704,17,2809.380000000002,17,2809.380000000002,2opt,notBad
6705,17,2809.380000000002,17,2809.380000000002,move,improve
6706,17,2812.5600000000018,17,2809.380000000002,swap,acceptBad
6707,17,2812.5600000000018,17,2809.380000000002,swap,notBad
6708,17,2812.5600000000018,17,2809.380000000002,2opt,notBad
6709,17,2813.760000000002,17,2809.380000000002,swap,acceptBad
6710,17,2813.760000000002,17,2809.380000000002,swap,notBad
6711,17,2813.760000000002,17,2809.380000000002,2opt,notBad
6712,17,2813.760000000002,17,2809.380000000002,2opt,notBad
6713,17,2813.760000000002,17,2809.380000000002,2opt,notBad
6714,17,2813.760000000002,17,2809.380000000002,move,improve
6715,17,2813.760000000002,17,2809.380000000002,move,improve
6716,17,2813.760000000002,17,2809.380000000002,2opt,notBad
6717,17,2813.760000000002,17,2809.380000000002,swap,notBad
6718,17,2813.760000000002,17,2809.380000000002,move,improve
6719,17,2813.760000000002,17,2809.380000000002,move,improve
6720,17,2813.760000000002,17,2809.380000000002,2opt,notBad
6721,17,2813.760000000002,17,2809.380000000002,move,improve
6722,17,2813.760000000002,17,2809.380000000002,2opt,notBad
6723,17,2813.760000000002,17,2809.380000000002,move,improve
6724,17,2813.760000000002,17,2809.380000000002,move,improve
6725,17,2813.760000000002,17,2809.380000000002,swap,notBad
6726,17,2813.760000000002,17,2809.380000000002,2opt,notBad
6727,17,2813.760000000002,17,2809.380000000002,move,improve
6728,17,2813.760000000002,17,2809.380000000002,2opt,notBad
6729,17,2813.760000000002,17,2809.380000000002,swap,notBad
6730,17,2813.760000000002,17,2809.380000000002,2opt,notBad
6731,17,2813.760000000002,17,2809.380000000002,swap,notBad
6732,17,2809.5600000000018,17,2809.380000000002,move,improve
6733,17,2809.5600000000018,17,2809.380000000002,swap,notBad
6734,17,2809.5600000000018,17,2809.380000000002,swap,notBad
6735,17,2808.3600000000015,17,2808.3600000000015,move,newBest
6736,17,2808.3600000000015,17,2808.3600000000015,swap,notBad
6737,17,2808.3600000000015,17,2808.3600000000015,swap,notBad
6738,17,2808.3600000000015,17,2808.3600000000015,swap,notBad
6739,17,2805.180000000002,17,2805.180000000002,swap,newBest
6740,17,2805.180000000002,17,2805.180000000002,swap,notBad
6741,17,2805.180000000002,17,2805.180000000002,move,improve
6742,17,2805.180000000002,17,2805.180000000002,swap,notBad
6743,17,2805.180000000002,17,2805.180000000002,move,improve
6744,17,2805.180000000002,17,2805.180000000002,swap,notBad
6745,17,2805.180000000002,17,2805.180000000002,2opt,notBad
6746,17,2805.180000000002,17,2805.180000000002,move,improve
6747,17,2805.180000000002,17,2805.180000000002,move,improve
6748,17,2805.180000000002,17,2805.180000000002,move,improve
6749,17,2805.180000000002,17,2805.180000000002,2opt,notBad
6750,17,2805.180000000002,17,2805.180000000002,swap,notBad
6751,17,2805.180000000002,17,2805.180000000002,swap,notBad
6752,17,2805.180000000002,17,2805.180000000002,move,improve
6753,17,2805.180000000002,17,2805.180000000002,swap,notBad
6754,17,2805.180000000002,17,2805.180000000002,swap,notBad
6755,17,2802.300000000002,17,2802.300000000002,swap,newBest
6756,17,2802.300000000002,17,2802.300000000002,2opt,notBad
6757,17,2802.300000000002,17,2802.300000000002,swap,notBad
6758,17,2802.300000000002,17,2802.300000000002,swap,notBad
6759,17,2802.300000000002,17,2802.300000000002,2opt,notBad
6760,17,2802.300000000002,17,2802.300000000002,move,improve
6761,17,2802.300000000002,17,2802.300000000002,swap,notBad
6762,17,2802.300000000002,17,2802.300000000002,2opt,notBad
6763,17,2802.300000000002,17,2802.300000000002,swap,notBad
6764,17,2802.300000000002,17,2802.300000000002,swap,notBad
6765,17,2802.300000000002,17,2802.300000000002,swap,notBad
6766,17,2802.300000000002,17,2802.300000000002,2opt,notBad
6767,17,2802.300000000002,17,2802.300000000002,move,improve
6768,17,2801.8200000000024,17,2801.8200000000024,swap,newBest
6769,17,2801.8200000000024,17,2801.8200000000024,move,improve
6770,17,2801.8200000000024,17,2801.8200000000024,2opt,notBad
6771,17,2801.8200000000024,17,2801.8200000000024,move,improve
6772,17,2801.8200000000024,17,2801.8200000000024,move,improve
6773,17,2801.8200000000024,17,2801.8200000000024,move,improve
6774,17,2801.8200000000024,17,2801.8200000000024,2opt,notBad
6775,17,2801.9400000000014,17,2801.8200000000024,2opt,acceptBad
6776,17,2801.9400000000014,17,2801.8200000000024,move,improve
6777,17,2801.9400000000014,17,2801.8200000000024,2opt,notBad
6778,17,2801.9400000000014,17,2801.8200000000024,2opt,notBad
6779,17,2801.9400000000014,17,2801.8200000000024,2opt,notBad
6780,17,2801.9400000000014,17,2801.8200000000024,2opt,notBad
6781,17,2801.9400000000014,17,2801.8200000000024,move,improve
6782,17,2801.9400000000014,17,2801.8200000000024,2opt,notBad
6783,17,2801.9400000000014,17,2801.8200000000024,move,improve
6784,17,2801.9400000000014,17,2801.8200000000024,move,improve
6785,17,2801.9400000000014,17,2801.8200000000024,2opt,notBad
6786,17,2803.1400000000012,17,2801.8200000000024,swap,acceptBad
6787,17,2803.1400000000012,17,2801.8200000000024,swap,notBad
6788,17,2803.1400000000012,17,2801.8200000000024,2opt,notBad
6789,17,2803.1400000000012,17,2801.8200000000024,2opt,notBad
6790,17,2803.1400000000012,17,2801.8200000000024,2opt,notBad
6791,17,2803.1400000000012,17,2801.8200000000024,move,improve
6792,17,2803.1400000000012,17,2801.8200000000024,2opt,notBad
6793,17,2803.1400000000012,17,2801.8200000000024,swap,notBad
6794,17,2803.1400000000012,17,2801.8200000000024,swap,notBad
6795,17,2803.1400000000012,17,2801.8200000000024,2opt,improve
6796,17,2803.1400000000012,17,2801.8200000000024,2opt,notBad
6797,17,2803.1400000000012,17,2801.8200000000024,move,improve
6798,17,2803.1400000000012,17,2801.8200000000024,swap,notBad
6799,17,2803.1400000000012,17,2801.8200000000024,2opt,improve
6800,17,2803.1400000000012,17,2801.8200000000024,2opt,notBad
6801,17,2803.1400000000012,17,2801.8200000000024,2opt,notBad
6802,17,2803.1400000000012,17,2801.8200000000024,move,improve
6803,17,2803.1400000000012,17,2801.8200000000024,swap,notBad
6804,17,2803.1400000000012,17,2801.8200000000024,2opt,improve
6805,17,2803.1400000000012,17,2801.8200000000024,move,improve
6806,17,2803.1400000000012,17,2801.8200000000024,2opt,notBad
6807,17,2803.1400000000012,17,2801.8200000000024,2opt,notBad
6808,17,2804.9400000000014,17,2801.8200000000024,swap,acceptBad
6809,17,2804.9400000000014,17,2801.8200000000024,move,improve
6810,17,2804.9400000000014,17,2801.8200000000024,move,improve
6811,17,2804.9400000000014,17,2801.8200000000024,swap,notBad
6812,17,2804.9400000000014,17,2801.8200000000024,move,improve
6813,17,2804.9400000000014,17,2801.8200000000024,swap,notBad
6814,17,2804.9400000000014,17,2801.8200000000024,swap,notBad
6815,17,2804.9400000000014,17,2801.8200000000024,swap,notBad
6816,17,2798.520000000002,17,2798.520000000002,2opt,newBest
6817,17,2798.520000000002,17,2798.520000000002,swap,notBad
6818,17,2798.520000000002,17,2798.520000000002,swap,notBad
6819,17,2798.520000000002,17,2798.520000000002,2opt,notBad
6820,17,2798.520000000002,17,2798.520000000002,2opt,notBad
6821,17,2798.520000000002,17,2798.520000000002,swap,notBad
6822,17,2798.520000000002,17,2798.520000000002,swap,notBad
6823,17,2797.6200000000017,17,2797.6200000000017,move,newBest
6824,17,2797.6200000000017,17,2797.6200000000017,move,improve
6825,17,2797.6200000000017,17,2797.6200000000017,move,improve
6826,17,2797.6200000000017,17,2797.6200000000017,move,improve
6827,17,2797.6200000000017,17,2797.6200000000017,swap,notBad
6828,17,2797.6200000000017,17,2797.6200000000017,move,improve
6829,17,2797.6200000000017,17,2797.6200000000017,2opt,notBad
6830,17,2797.6200000000017,17,2797.6200000000017,move,improve
6831,17,2797.6200000000017,17,2797.6200000000017,swap,notBad
6832,17,2766.5000000000005,17,2766.5000000000005,swap,newBest
6833,17,2766.5000000000005,17,2766.5000000000005,swap,notBad
6834,17,2766.5000000000005,17,2766.5000000000005,2opt,notBad
6835,17,2766.5000000000005,17,2766.5000000000005,move,improve
6836,17,2766.5000000000005,17,2766.5000000000005,move,improve
6837,17,2766.5000000000005,17,2766.5000000000005,swap,notBad
6838,17,2766.5000000000005,17,2766.5000000000005,2opt,notBad
6839,17,2766.5000000000005,17,2766.5000000000005,swap,notBad
6840,17,2766.5000000000005,17,2766.5000000000005,swap,notBad
6841,17,2766.5000000000005,17,2766.5000000000005,2opt,notBad
6842,17,2766.5000000000005,17,2766.5000000000005,2opt,notBad
6843,17,2766.5000000000005,17,2766.5000000000005,move,improve
6844,17,2766.3800000000006,17,2766.3800000000006,move,newBest
6845,17,2766.3800000000006,17,2766.3800000000006,swap,notBad
6846,17,2766.3800000000006,17,2766.3800000000006,2opt,notBad
6847,17,2766.3800000000006,17,2766.3800000000006,swap,notBad
6848,17,2766.3800000000006,17,2766.3800000000006,move,improve
6849,17,2766.3800000000006,17,2766.3800000000006,swap,notBad
6850,17,2766.3800000000006,17,2766.3800000000006,2opt,notBad
6851,17,2766.3800000000006,17,2766.3800000000006,2opt,notBad
6852,17,2766.080000000001,17,2766.080000000001,move,newBest
6853,17,2766.080000000001,17,2766.080000000001,swap,notBad
6854,17,2766.080000000001,17,2766.080000000001,2opt,notBad
6855,17,2766.080000000001,17,2766.080000000001,swap,notBad
6856,17,2766.080000000001,17,2766.080000000001,swap,notBad
6857,17,2766.080000000001,17,2766.080000000001,move,improve
6858,17,2766.080000000001,17,2766.080000000001,2opt,notBad
6859,17,2766.080000000001,17,2766.080000000001,swap,notBad
6860,17,2766.080000000001,17,2766.080000000001,2opt,notBad
6861,17,2766.080000000001,17,2766.080000000001,swap,notBad
6862,17,2766.080000000001,17,2766.080000000001,2opt,notBad
6863,17,2766.080000000001,17,2766.080000000001,swap,notBad
6864,17,2766.080000000001,17,2766.080000000001,move,improve
6865,17,2766.080000000001,17,2766.080000000001,2opt,notBad
6866,17,2766.080000000001,17,2766.080000000001,move,improve
6867,17,2766.080000000001,17,2766.080000000001,2opt,notBad
6868,17,2766.080000000001,17,2766.080000000001,2opt,notBad
6869,17,2766.080000000001,17,2766.080000000001,move,improve
6870,17,2766.080000000001,17,2766.080000000001,swap,notBad
6871,17,2766.080000000001,17,2766.080000000001,2opt,notBad
6872,17,2766.080000000001,17,2766.080000000001,move,improve
6873,17,2766.080000000001,17,2766.080000000001,2opt,notBad
6874,17,2766.080000000001,17,2766.080000000001,2opt,notBad
6875,17,2766.080000000001,17,2766.080000000001,2opt,notBad
6876,17,2766.080000000001,17,2766.080000000001,2opt,notBad
6877,17,2766.080000000001,17,2766.080000000001,move,improve
6878,17,2766.080000000001,17,2766.080000000001,swap,notBad
6879,17,2766.080000000001,17,2766.080000000001,swap,notBad
6880,17,2766.080000000001,17,2766.080000000001,2opt,notBad
6881,17,2766.080000000001,17,2766.080000000001,move,improve
6882,17,2766.080000000001,17,2766.080000000001,swap,notBad
6883,17,2766.080000000001,17,2766.080000000001,move,improve
6884,17,2766.080000000001,17,2766.080000000001,2opt,notBad
6885,17,2766.080000000001,17,2766.080000000001,2opt,notBad
6886,17,2766.080000000001,17,2766.080000000001,move,improve
6887,17,2766.080000000001,17,2766.080000000001,2opt,notBad
6888,17,2765.960000000001,17,2765.960000000001,move,newBest
6889,17,2765.960000000001,17,2765.960000000001,swap,notBad
6890,17,2765.960000000001,17,2765.960000000001,2opt,notBad
6891,17,2765.960000000001,17,2765.960000000001,2opt,notBad
6892,17,2755.9000000000005,17,2755.9000000000005,swap,newBest
6893,17,2755.9000000000005,17,2755.9000000000005,swap,notBad
6894,17,2755.9000000000005,17,2755.9000000000005,2opt,notBad
6895,17,2755.9000000000005,17,2755.9000000000005,move,improve
6896,17,2755.9000000000005,17,2755.9000000000005,move,improve
6897,17,2755.9000000000005,17,2755.9000000000005,move,improve
6898,17,2755.9000000000005,17,2755.9000000000005,2opt,notBad
6899,17,2755.9000000000005,17,2755.9000000000005,2opt,notBad
6900,17,2755.9000000000005,17,2755.9000000000005,swap,notBad
6901,17,2755.9000000000005,17,2755.9000000000005,swap,notBad
6902,17,2755.9000000000005,17,2755.9000000000005,swap,notBad
6903,17,2755.9000000000005,17,2755.9000000000005,2opt,notBad
6904,17,2755.9000000000005,17,2755.9000000000005,swap,notBad
6905,17,2755.9000000000005,17,2755.9000000000005,move,improve
6906,17,2755.9000000000005,17,2755.9000000000005,2opt,notBad
6907,17,2755.9000000000005,17,2755.9000000000005,move,improve
6908,17,2755.9000000000005,17,2755.9000000000005,2opt,notBad
6909,17,2755.9000000000005,17,2755.9000000000005,2opt,notBad
6910,17,2755.9000000000005,17,2755.9000000000005,swap,notBad
6911,17,2755.9000000000005,17,2755.9000000000005,2opt,notBad
6912,17,2755.9000000000005,17,2755.9000000000005,2opt,notBad
6913,17,2755.9000000000005,17,2755.9000000000005,move,improve
6914,17,2755.9000000000005,17,2755.9000000000005,move,improve
6915,17,2755.9000000000005,17,2755.9000000000005,swap,notBad
6916,17,2755.9000000000005,17,2755.9000000000005,move,improve
6917,17,2755.540000000001,17,2755.540000000001,swap,newBest
6918,17,2755.540000000001,17,2755.540000000001,2opt,notBad
6919,17,2755.540000000001,17,2755.540000000001,move,improve
6920,17,2755.540000000001,17,2755.540000000001,swap,notBad
6921,17,2755.540000000001,17,2755.540000000001,2opt,notBad
6922,17,2755.540000000001,17,2755.540000000001,swap,notBad
6923,17,2755.540000000001,17,2755.540000000001,move,improve
6924,17,2755.540000000001,17,2755.540000000001,swap,notBad
6925,17,2755.540000000001,17,2755.540000000001,2opt,notBad
6926,17,2755.540000000001,17,2755.540000000001,2opt,notBad
6927,17,2755.540000000001,17,2755.540000000001,swap,notBad
6928,17,2755.7200000000003,17,2755.540000000001,swap,acceptBad
6929,17,2755.7200000000003,17,2755.540000000001,move,improve
6930,17,2755.7200000000003,17,2755.540000000001,move,improve
6931,17,2755.7200000000003,17,2755.540000000001,swap,notBad
6932,17,2755.7200000000003,17,2755.540000000001,move,improve
6933,17,2755.7200000000003,17,2755.540000000001,move,improve
6934,17,2755.7200000000003,17,2755.540000000001,2opt,notBad
6935,17,2755.7200000000003,17,2755.540000000001,swap,notBad
6936,17,2755.7200000000003,17,2755.540000000001,swap,notBad
6937,17,2755.7200000000003,17,2755.540000000001,swap,notBad
6938,17,2755.7200000000003,17,2755.540000000001,swap,notBad
6939,17,2755.7200000000003,17,2755.540000000001,move,improve
6940,17,2755.7200000000003,17,2755.540000000001,2opt,notBad
6941,17,2755.7200000000003,17,2755.540000000001,move,improve
6942,17,2755.7200000000003,17,2755.540000000001,2opt,notBad
6943,17,2754.5200000000004,17,2754.5200000000004,2opt,newBest
6944,17,2754.5200000000004,17,2754.5200000000004,move,improve
6945,17,2754.5200000000004,17,2754.5200000000004,2opt,notBad
6946,17,2754.5200000000004,17,2754.5200000000004,move,improve
6947,17,2754.5200000000004,17,2754.5200000000004,move,improve
6948,17,2754.5200000000004,17,2754.5200000000004,move,improve
6949,17,2754.5200000000004,17,2754.5200000000004,swap,notBad
6950,17,2754.5200000000004,17,2754.5200000000004,2opt,notBad
6951,17,2754.5200000000004,17,2754.5200000000004,2opt,notBad
6952,17,2754.5200000000004,17,2754.5200000000004,2opt,notBad
6953,17,2754.5200000000004,17,2754.5200000000004,swap,notBad
6954,17,2754.5200000000004,17,2754.5200000000004,2opt,improve
6955,17,2754.5200000000004,17,2754.5200000000004,2opt,notBad
6956,17,2754.5200000000004,17,2754.5200000000004,move,improve
6957,17,2754.5200000000004,17,2754.5200000000004,move,improve
6958,17,2754.5200000000004,17,2754.5200000000004,2opt,notBad
6959,17,2754.5200000000004,17,2754.5200000000004,2opt,notBad
6960,17,2754.5200000000004,17,2754.5200000000004,move,improve
6961,17,2753.32,17,2753.32,move,newBest
6962,17,2753.32,17,2753.32,2opt,notBad
6963,17,2753.32,17,2753.32,2opt,notBad
6964,17,2753.32,17,2753.32,swap,notBad
6965,17,2753.32,17,2753.32,move,improve
6966,17,2753.32,17,2753.32,move,improve
6967,17,2753.32,17,2753.32,2opt,notBad
6968,17,2753.32,17,2753.32,2opt,notBad
6969,17,2753.32,17,2753.32,swap,notBad
6970,17,2753.32,17,2753.32,swap,notBad
6971,17,2753.32,17,2753.32,2opt,notBad
6972,17,2753.32,17,2753.32,move,improve
6973,17,2753.32,17,2753.32,2opt,notBad
6974,17,2753.32,17,2753.32,swap,notBad
6975,17,2753.32,17,2753.32,swap,notBad
6976,17,2753.32,17,2753.32,move,improve
6977,17,2753.32,17,2753.32,2opt,notBad
6978,17,2753.32,17,2753.32,2opt,notBad
6979,17,2753.32,17,2753.32,swap,notBad
6980,17,2753.32,17,2753.32,move,improve
6981,17,2753.32,17,2753.32,swap,notBad
6982,17,2753.32,17,2753.32,move,improve
6983,17,2753.32,17,2753.32,2opt,notBad
6984,17,2753.32,17,2753.32,move,improve
6985,17,2753.32,17,2753.32,2opt,notBad
6986,17,2753.32,17,2753.32,swap,notBad
6987,17,2753.32,17,2753.32,2opt,notBad
6988,17,2753.32,17,2753.32,move,improve
6989,17,2749.84,17,2749.84,move,newBest
6990,17,2749.84,17,2749.84,move,improve
6991,17,2749.84,17,2749.84,swap,notBad
6992,17,2749.84,17,2749.84,move,improve
6993,17,2749.84,17,2749.84,2opt,notBad
6994,17,2749.84,17,2749.84,move,improve
6995,17,2749.84,17,2749.84,move,improve
6996,17,2749.84,17,2749.84,swap,notBad
6997,17,2749.84,17,2749.84,move,improve
6998,17,2749.84,17,2749.84,swap,notBad
6999,17,2749.84,17,2749.84,move,improve
7000,17,2749.84,17,2749.84,2opt,notBad
7001,17,2749.84,17,2749.84,swap,notBad
7002,17,2749.84,17,2749.84,2opt,notBad
7003,17,2749.84,17,2749.84,swap,notBad
7004,17,2749.84,17,2749.84,move,improve
7005,17,2749.84,17,2749.84,swap,notBad
7006,17,2749.84,17,2749.84,swap,notBad
7007,17,2749.84,17,2749.84,move,improve
7008,17,2749.84,17,2749.84,move,improve
7009,17,2743.12,17,2743.12,swap,newBest
7010,17,2743.12,17,2743.12,move,improve
7011,17,2743.12,17,2743.12,swap,notBad
7012,17,2743.12,17,2743.12,swap,notBad
7013,17,2743.12,17,2743.12,swap,notBad
7014,17,2743.12,17,2743.12,2opt,notBad
7015,17,2743.12,17,2743.12,move,improve
7016,17,2743.12,17,2743.12,swap,notBad
7017,17,2743.12,17,2743.12,move,improve
7018,17,2746.96,17,2743.12,swap,acceptBad
7019,17,2746.96,17,2743.12,swap,notBad
7020,17,2746.96,17,2743.12,2opt,notBad
7021,17,2746.96,17,2743.12,move,improve
7022,17,2746.96,17,2743.12,swap,notBad
7023,17,2746.96,17,2743.12,move,improve
7024,17,2746.96,17,2743.12,2opt,improve
7025,17,2746.96,17,2743.12,swap,notBad
7026,17,2746.96,17,2743.12,2opt,notBad
7027,17,2746.96,17,2743.12,swap,notBad
7028,17,2746.96,17,2743.12,2opt,notBad
7029,17,2746.96,17,2743.12,2opt,notBad
7030,17,2746.96,17,2743.12,swap,notBad
7031,17,2746.96,17,2743.12,swap,notBad
7032,17,2743.24,17,2743.12,swap,improve
7033,17,2743.24,17,2743.12,move,improve
7034,17,2743.24,17,2743.12,swap,notBad
7035,17,2743.24,17,2743.12,move,improve
7036,17,2743.24,17,2743.12,move,improve
7037,17,2743.24,17,2743.12,swap,notBad
7038,17,2743.24,17,2743.12,move,improve
7039,17,2743.24,17,2743.12,swap,notBad
7040,17,2743.24,17,2743.12,2opt,notBad
7041,17,2743.24,17,2743.12,move,improve
7042,17,2743.24,17,2743.12,2opt,notBad
7043,17,2743.24,17,2743.12,swap,notBad
7044,17,2743.24,17,2743.12,swap,notBad
7045,17,2743.24,17,2743.12,2opt,notBad
7046,17,2743.24,17,2743.12,swap,notBad
7047,17,2743.24,17,2743.12,move,improve
7048,17,2743.24,17,2743.12,2opt,improve
7049,17,2743.24,17,2743.12,swap,notBad
7050,17,2743.24,17,2743.12,move,improve
7051,17,2743.24,17,2743.12,swap,notBad
7052,17,2743.24,17,2743.12,swap,notBad
7053,17,2742.5199999999995,17,2742.5199999999995,swap,newBest
7054,17,2742.5199999999995,17,2742.5199999999995,move,improve
7055,17,2738.7,17,2738.7,swap,newBest
7056,17,2738.7,17,2738.7,2opt,notBad
7057,17,2738.7,17,2738.7,swap,notBad
7058,17,2738.7,17,2738.7,2opt,notBad
7059,17,2738.7,17,2738.7,2opt,notBad
7060,17,2738.7,17,2738.7,2opt,improve
7061,17,2738.7,17,2738.7,2opt,notBad
7062,17,2738.7,17,2738.7,2opt,notBad
7063,17,2738.7,17,2738.7,swap,notBad
7064,17,2738.7,17,2738.7,move,improve
7065,17,2738.7,17,2738.7,swap,notBad
7066,17,2738.7,17,2738.7,move,improve
7067,17,2739.06,17,2738.7,swap,acceptBad
7068,17,2739.06,17,2738.7,move,improve
7069,17,2739.06,17,2738.7,2opt,notBad
7070,17,2739.06,17,2738.7,2opt,notBad
7071,17,2739.06,17,2738.7,move,notBad
7072,17,2739.06,17,2738.7,2opt,notBad
7073,17,2739.06,17,2738.7,move,improve
7074,17,2740.02,17,2738.7,swap,acceptBad
7075,17,2740.02,17,2738.7,move,improve
7076,17,2740.02,17,2738.7,move,improve
7077,17,2740.02,17,2738.7,2opt,notBad
7078,17,2740.02,17,2738.7,move,improve
7079,17,2739.06,17,2738.7,move,improve
7080,17,2739.06,17,2738.7,move,improve
7081,17,2739.06,17,2738.7,swap,notBad
7082,17,2739.06,17,2738.7,move,improve
7083,17,2739.06,17,2738.7,swap,notBad
7084,17,2739.06,17,2738.7,2opt,notBad
7085,17,2739.06,17,2738.7,move,improve
7086,17,2739.06,17,2738.7,move,improve
7087,17,2739.06,17,2738.7,2opt,notBad
7088,17,2739.06,17,2738.7,2opt,notBad
7089,17,2739.06,17,2738.7,swap,notBad
7090,17,2739.06,17,2738.7,2opt,notBad
7091,17,2739.06,17,2738.7,2opt,notBad
7092,17,2739.06,17,2738.7,2opt,notBad
7093,17,2739.06,17,2738.7,2opt,notBad
7094,17,2739.06,17,2738.7,move,improve
7095,17,2739.06,17,2738.7,move,improve
7096,17,2739.06,17,2738.7,swap,notBad
7097,17,2739.06,17,2738.7,move,improve
7098,17,2739.06,17,2738.7,move,improve
7099,17,2739.06,17,2738.7,swap,notBad
7100,17,2739.06,17,2738.7,swap,notBad
7101,17,2739.06,17,2738.7,2opt,notBad
7102,17,2739.06,17,2738.7,move,notBad
7103,17,2739.06,17,2738.7,move,improve
7104,17,2739.06,17,2738.7,swap,notBad
7105,17,2739.06,17,2738.7,2opt,notBad
7106,17,2739.06,17,2738.7,swap,notBad
7107,17,2739.06,17,2738.7,2opt,notBad
7108,17,2739.06,17,2738.7,move,improve
7109,17,2739.06,17,2738.7,2opt,notBad
7110,17,2739.06,17,2738.7,swap,notBad
7111,17,2739.06,17,2738.7,move,improve
7112,17,2739.06,17,2738.7,swap,notBad
7113,17,2739.06,17,2738.7,move,improve
7114,17,2739.06,17,2738.7,swap,notBad
7115,17,2739.06,17,2738.7,swap,notBad
7116,17,2739.06,17,2738.7,2opt,notBad
7117,17,2739.06,17,2738.7,2opt,notBad
7118,17,2739.06,17,2738.7,2opt,notBad
7119,17,2739.06,17,2738.7,2opt,notBad
7120,17,2740.02,17,2738.7,swap,acceptBad
7121,17,2740.02,17,2738.7,2opt,notBad
7122,17,2740.02,17,2738.7,swap,notBad
7123,17,2740.02,17,2738.7,move,improve
7124,17,2740.02,17,2738.7,move,improve
7125,17,2740.02,17,2738.7,2opt,notBad
7126,17,2739.24,17,2738.7,move,improve
7127,17,2739.24,17,2738.7,2opt,notBad
7128,17,2739.24,17,2738.7,2opt,notBad
7129,17,2739.24,17,2738.7,swap,notBad
7130,17,2739.24,17,2738.7,swap,notBad
7131,17,2739.24,17,2738.7,move,improve
7132,17,2739.24,17,2738.7,swap,notBad
7133,17,2739.24,17,2738.7,move,improve
7134,17,2739.24,17,2738.7,swap,notBad
7135,17,2739.24,17,2738.7,swap,notBad
7136,17,2739.24,17,2738.7,swap,notBad
7137,17,2739.24,17,2738.7,2opt,notBad
7138,17,2739.24,17,2738.7,move,improve
7139,17,2739.24,17,2738.7,move,improve
7140,17,2739.24,17,2738.7,2opt,notBad
7141,17,2739.24,17,2738.7,2opt,notBad
7142,17,2737.08,17,2737.08,move,newBest
7143,17,2735.7,17,2735.7,move,newBest
7144,17,2735.7,17,2735.7,swap,notBad
7145,17,2735.7,17,2735.7,swap,notBad
7146,16,2734.7799999999993,16,2734.7799999999993,move,newBest
7147,16,2734.7799999999993,16,2734.7799999999993,2opt,notBad
7148,16,2734.7799999999993,16,2734.7799999999993,swap,notBad
7149,16,2734.7799999999993,16,2734.7799999999993,move,improve
7150,16,2734.7799999999993,16,2734.7799999999993,move,improve
7151,16,2735.4399999999996,16,2734.7799999999993,swap,acceptBad
7152,16,2735.4399999999996,16,2734.7799999999993,2opt,notBad
7153,16,2735.4399999999996,16,2734.7799999999993,swap,notBad
7154,16,2732.1799999999994,16,2732.1799999999994,swap,newBest
7155,16,2734.459999999999,16,2732.1799999999994,swap,acceptBad
7156,16,2603.7599999999993,16,2603.7599999999993,swap,newBest
7157,16,2603.7599999999993,16,2603.7599999999993,2opt,notBad
7158,16,2603.7599999999993,16,2603.7599999999993,swap,notBad
7159,16,2603.7599999999993,16,2603.7599999999993,move,improve
7160,16,2603.7599999999993,16,2603.7599999999993,2opt,notBad
7161,16,2603.7599999999993,16,2603.7599999999993,move,improve
7162,16,2598.92,16,2598.92,swap,newBest
7163,16,2598.92,16,2598.92,2opt,notBad
7164,16,2598.92,16,2598.92,swap,notBad
7165,16,2598.92,16,2598.92,move,improve
7166,16,2598.92,16,2598.92,2opt,notBad
7167,16,2598.92,16,2598.92,2opt,notBad
7168,16,2598.92,16,2598.92,move,improve
7169,16,2598.92,16,2598.92,2opt,notBad
7170,16,2598.92,16,2598.92,swap,notBad
7171,16,2598.92,16,2598.92,swap,notBad
7172,16,2598.92,16,2598.92,move,improve
7173,16,2598.92,16,2598.92,swap,notBad
7174,16,2599.8200000000006,16,2598.92,swap,acceptBad
7175,16,2599.8200000000006,16,2598.92,move,improve
7176,16,2599.8200000000006,16,2598.92,move,improve
7177,16,2599.8200000000006,16,2598.92,2opt,notBad
7178,16,2599.8200000000006,16,2598.92,swap,notBad
7179,16,2599.8200000000006,16,2598.92,2opt,notBad
7180,16,2599.8200000000006,16,2598.92,move,improve
7181,16,2599.8200000000006,16,2598.92,2opt,notBad
7182,16,2599.8200000000006,16,2598.92,move,improve
7183,16,2599.8200000000006,16,2598.92,2opt,notBad
7184,16,2599.8200000000006,16,2598.92,2opt,notBad
7185,16,2599.8200000000006,16,2598.92,move,improve
7186,16,2599.8200000000006,16,2598.92,swap,notBad
7187,16,2599.8200000000006,16,2598.92,2opt,notBad
7188,16,2599.8200000000006,16,2598.92,2opt,notBad
7189,16,2599.8200000000006,16,2598.92,2opt,notBad
7190,16,2599.8200000000006,16,2598.92,swap,notBad
7191,16,2599.8200000000006,16,2598.92,move,improve
7192,16,2599.8200000000006,16,2598.92,2opt,notBad
7193,16,2599.8200000000006,16,2598.92,swap,notBad
7194,16,2599.8200000000006,16,2598.92,move,improve
7195,16,2599.8200000000006,16,2598.92,swap,notBad
7196,16,2599.8200000000006,16,2598.92,swap,notBad
7197,16,2599.8200000000006,16,2598.92,move,improve
7198,16,2598.4399999999996,16,2598.4399999999996,2opt,newBest
7199,16,2598.4399999999996,16,2598.4399999999996,move,improve
7200,16,2598.4399999999996,16,2598.4399999999996,2opt,notBad
7201,16,2598.4399999999996,16,2598.4399999999996,move,improve
7202,16,2598.4399999999996,16,2598.4399999999996,swap,notBad
7203,16,2598.4399999999996,16,2598.4399999999996,swap,notBad
7204,16,2596.16,16,2596.16,move,newBest
7205,16,2595.26,16,2595.26,swap,newBest
7206,16,2595.26,16,2595.26,2opt,notBad
7207,16,2595.26,16,2595.26,move,improve
7208,16,2595.26,16,2595.26,move,improve
7209,16,2595.26,16,2595.26,2opt,notBad
7210,16,2595.26,16,2595.26,2opt,notBad
7211,16,2595.26,16,2595.26,swap,notBad
7212,16,2595.26,16,2595.26,move,improve
7213,16,2595.26,16,2595.26,move,notBad
7214,16,2595.26,16,2595.26,swap,notBad
7215,16,2595.26,16,2595.26,move,improve
7216,16,2570.6600000000003,16,2570.6600000000003,move,newBest
7217,16,2570.6600000000003,16,2570.6600000000003,swap,notBad
7218,16,2570.6600000000003,16,2570.6600000000003,move,improve
7219,16,2570.6600000000003,16,2570.6600000000003,2opt,notBad
7220,16,2570.6600000000003,16,2570.6600000000003,swap,notBad
7221,16,2570.6600000000003,16,2570.6600000000003,2opt,notBad
7222,16,2570.6600000000003,16,2570.6600000000003,2opt,notBad
7223,16,2570.6600000000003,16,2570.6600000000003,move,improve
7224,16,2570.6600000000003,16,2570.6600000000003,move,improve
7225,16,2570.6600000000003,16,2570.6600000000003,2opt,improve
7226,16,2570.6600000000003,16,2570.6600000000003,swap,notBad
7227,16,2570.6600000000003,16,2570.6600000000003,swap,notBad
7228,16,2570.6600000000003,16,2570.6600000000003,swap,notBad
7229,16,2570.6600000000003,16,2570.6600000000003,swap,notBad
7230,16,2570.6600000000003,16,2570.6600000000003,2opt,notBad
7231,16,2570.6600000000003,16,2570.6600000000003,swap,notBad
7232,16,2570.6600000000003,16,2570.6600000000003,swap,notBad
7233,16,2570.6600000000003,16,2570.6600000000003,swap,notBad
7234,16,2570.6600000000003,16,2570.6600000000003,move,improve
7235,16,2570.6600000000003,16,2570.6600000000003,swap,notBad
7236,16,2570.6600000000003,16,2570.6600000000003,swap,notBad
7237,16,2570.6600000000003,16,2570.6600000000003,swap,notBad
7238,16,2570.6600000000003,16,2570.6600000000003,move,improve
7239,16,2570.6600000000003,16,2570.6600000000003,move,improve
7240,16,2570.6600000000003,16,2570.6600000000003,move,improve
7241,16,2570.6600000000003,16,2570.6600000000003,swap,notBad
7242,16,2570.6600000000003,16,2570.6600000000003,move,improve
7243,16,2570.6600000000003,16,2570.6600000000003,move,improve
7244,16,2545.94,16,2545.94,move,newBest
7245,16,2545.94,16,2545.94,swap,notBad
7246,16,2545.94,16,2545.94,2opt,notBad
7247,16,2545.94,16,2545.94,swap,notBad
7248,16,2545.94,16,2545.94,swap,notBad
7249,16,2545.94,16,2545.94,2opt,notBad
7250,16,2545.94,16,2545.94,move,improve
7251,16,2545.94,16,2545.94,move,improve
7252,16,2545.94,16,2545.94,move,improve
7253,16,2545.94,16,2545.94,2opt,notBad
7254,16,2545.94,16,2545.94,move,improve
7255,16,2545.94,16,2545.94,move,improve
7256,16,2545.94,16,2545.94,move,improve
7257,16,2545.94,16,2545.94,2opt,notBad
7258,16,2538.44,16,2538.44,move,newBest
7259,16,2521.5999999999995,16,2521.5999999999995,2opt,newBest
7260,16,2520.6399999999994,16,2520.6399999999994,move,newBest
7261,16,2520.6399999999994,16,2520.6399999999994,2opt,notBad
7262,16,2520.6399999999994,16,2520.6399999999994,move,improve
7263,16,2520.6399999999994,16,2520.6399999999994,swap,notBad
7264,16,2520.6399999999994,16,2520.6399999999994,move,improve
7265,16,2520.6399999999994,16,2520.6399999999994,move,improve
7266,16,2520.6399999999994,16,2520.6399999999994,2opt,notBad
7267,16,2521.8999999999996,16,2520.6399999999994,swap,acceptBad
7268,16,2521.8999999999996,16,2520.6399999999994,2opt,notBad
7269,16,2521.8999999999996,16,2520.6399999999994,move,improve
7270,16,2521.8999999999996,16,2520.6399999999994,swap,notBad
7271,16,2521.8999999999996,16,2520.6399999999994,swap,notBad
7272,16,2522.619999999999,16,2520.6399999999994,swap,acceptBad
7273,16,2522.619999999999,16,2520.6399999999994,move,improve
7274,16,2522.619999999999,16,2520.6399999999994,move,improve
7275,16,2521.0599999999995,16,2520.6399999999994,move,improve
7276,16,2521.0599999999995,16,2520.6399999999994,swap,notBad
7277,16,2521.0599999999995,16,2520.6399999999994,swap,notBad
7278,16,2521.0599999999995,16,2520.6399999999994,swap,notBad
7279,16,2521.0599999999995,16,2520.6399999999994,2opt,notBad
7280,16,2521.0599999999995,16,2520.6399999999994,swap,notBad
7281,16,2521.0599999999995,16,2520.6399999999994,swap,notBad
7282,16,2521.0599999999995,16,2520.6399999999994,2opt,improve
7283,16,2521.0599999999995,16,2520.6399999999994,2opt,notBad
7284,16,2521.0599999999995,16,2520.6399999999994,move,improve
7285,16,2521.0599999999995,16,2520.6399999999994,move,improve
7286,16,2521.0599999999995,16,2520.6399999999994,move,improve
7287,16,2521.0599999999995,16,2520.6399999999994,move,improve
7288,16,2521.0599999999995,16,2520.6399999999994,swap,notBad
7289,16,2521.0599999999995,16,2520.6399999999994,swap,notBad
7290,16,2521.0599999999995,16,2520.6399999999994,move,improve
7291,16,2521.0599999999995,16,2520.6399999999994,move,improve
7292,16,2521.0599999999995,16,2520.6399999999994,2opt,notBad
7293,16,2521.0599999999995,16,2520.6399999999994,move,improve
7294,16,2521.0599999999995,16,2520.6399999999994,swap,notBad
7295,16,2521.0599999999995,16,2520.6399999999994,2opt,improve
7296,16,2521.0599999999995,16,2520.6399999999994,swap,notBad
7297,16,2521.0599999999995,16,2520.6399999999994,swap,notBad
7298,16,2521.0599999999995,16,2520.6399999999994,2opt,notBad
7299,16,2521.0599999999995,16,2520.6399999999994,move,improve
7300,16,2521.0599999999995,16,2520.6399999999994,2opt,notBad
7301,16,2521.0599999999995,16,2520.6399999999994,move,improve
7302,16,2521.0599999999995,16,2520.6399999999994,2opt,notBad
7303,16,2521.0599999999995,16,2520.6399999999994,swap,improve
7304,16,2520.8199999999993,16,2520.6399999999994,move,improve
7305,16,2520.8199999999993,16,2520.6399999999994,move,improve
7306,16,2518.7199999999984,16,2518.7199999999984,2opt,newBest
7307,16,2518.7199999999984,16,2518.7199999999984,2opt,notBad
7308,16,2518.7199999999984,16,2518.7199999999984,move,improve
7309,16,2518.7199999999984,16,2518.7199999999984,swap,notBad
7310,16,2518.7199999999984,16,2518.7199999999984,2opt,notBad
7311,16,2518.7199999999984,16,2518.7199999999984,2opt,notBad
7312,16,2518.7199999999984,16,2518.7199999999984,move,improve
7313,16,2518.7199999999984,16,2518.7199999999984,2opt,notBad
7314,16,2518.7199999999984,16,2518.7199999999984,swap,notBad
7315,16,2518.7199999999984,16,2518.7199999999984,2opt,notBad
7316,16,2518.7199999999984,16,2518.7199999999984,2opt,improve
7317,16,2518.7199999999984,16,2518.7199999999984,swap,notBad
7318,16,2518.7199999999984,16,2518.7199999999984,swap,notBad
7319,16,2518.7199999999984,16,2518.7199999999984,2opt,notBad
7320,16,2518.7199999999984,16,2518.7199999999984,move,improve
7321,16,2518.7199999999984,16,2518.7199999999984,2opt,notBad
7322,16,2518.7199999999984,16,2518.7199999999984,2opt,notBad
7323,16,2518.7199999999984,16,2518.7199999999984,swap,notBad
7324,16,2518.7199999999984,16,2518.7199999999984,move,improve
7325,16,2513.739999999999,16,2513.739999999999,move,newBest
7326,16,2513.739999999999,16,2513.739999999999,2opt,notBad
7327,16,2516.619999999999,16,2513.739999999999,swap,acceptBad
7328,16,2516.619999999999,16,2513.739999999999,move,improve
7329,16,2516.619999999999,16,2513.739999999999,move,improve
7330,16,2516.619999999999,16,2513.739999999999,2opt,notBad
7331,16,2516.619999999999,16,2513.739999999999,2opt,notBad
7332,16,2518.1799999999985,16,2513.739999999999,swap,acceptBad
7333,16,2518.1799999999985,16,2513.739999999999,move,improve
7334,16,2518.1799999999985,16,2513.739999999999,swap,notBad
7335,16,2518.1799999999985,16,2513.739999999999,2opt,notBad
7336,16,2518.1799999999985,16,2513.739999999999,move,improve
7337,16,2518.1799999999985,16,2513.739999999999,swap,notBad
7338,16,2518.1799999999985,16,2513.739999999999,swap,notBad
7339,16,2518.1799999999985,16,2513.739999999999,2opt,notBad
7340,16,2518.1799999999985,16,2513.739999999999,2opt,notBad
7341,16,2518.1799999999985,16,2513.739999999999,2opt,notBad
7342,16,2518.1799999999985,16,2513.739999999999,move,improve
7343,16,2518.1799999999985,16,2513.739999999999,2opt,notBad
7344,16,2518.1799999999985,16,2513.739999999999,2opt,notBad
7345,16,2518.1799999999985,16,2513.739999999999,2opt,notBad
7346,16,2518.3599999999988,16,2513.739999999999,swap,acceptBad
7347,16,2518.3599999999988,16,2513.739999999999,2opt,improve
7348,16,2518.3599999999988,16,2513.739999999999,swap,notBad
7349,16,2518.3599999999988,16,2513.739999999999,move,improve
7350,16,2518.3599999999988,16,2513.739999999999,swap,notBad
7351,16,2518.3599999999988,16,2513.739999999999,2opt,notBad
7352,16,2518.3599999999988,16,2513.739999999999,2opt,improve
7353,16,2507.9799999999996,16,2507.9799999999996,swap,newBest
7354,16,2507.9799999999996,16,2507.9799999999996,move,improve
7355,16,2475.3999999999996,16,2475.3999999999996,2opt,newBest
7356,16,2475.3999999999996,16,2475.3999999999996,move,improve
7357,16,2475.3999999999996,16,2475.3999999999996,2opt,improve
7358,16,2475.3999999999996,16,2475.3999999999996,move,improve
7359,16,2475.3999999999996,16,2475.3999999999996,2opt,notBad
7360,16,2474.9799999999996,16,2474.9799999999996,move,newBest
7361,16,2474.9799999999996,16,2474.9799999999996,swap,notBad
7362,16,2474.9799999999996,16,2474.9799999999996,swap,notBad
7363,16,2474.92,16,2474.92,move,newBest
7364,16,2474.92,16,2474.92,move,improve
7365,16,2474.92,16,2474.92,swap,notBad
7366,16,2474.92,16,2474.92,swap,notBad
7367,16,2474.92,16,2474.92,move,improve
7368,16,2476.32,16,2474.92,swap,acceptBad
7369,16,2476.32,16,2474.92,2opt,notBad
7370,16,2476.32,16,2474.92,swap,notBad
7371,16,2476.32,16,2474.92,move,improve
7372,16,2476.32,16,2474.92,2opt,notBad
7373,16,2476.32,16,2474.92,move,improve
7374,16,2476.32,16,2474.92,swap,notBad
7375,16,2476.32,16,2474.92,move,improve
7376,16,2475.12,16,2474.92,move,improve
7377,16,2475.12,16,2474.92,move,improve
7378,16,2475.12,16,2474.92,move,improve
7379,16,2475.12,16,2474.92,move,improve
7380,16,2475.12,16,2474.92,2opt,notBad
7381,16,2475.12,16,2474.92,2opt,notBad
7382,16,2475.08,16,2474.92,swap,improve
7383,16,2475.08,16,2474.92,2opt,notBad
7384,16,2475.08,16,2474.92,move,improve
7385,16,2475.08,16,2474.92,swap,notBad
7386,16,2475.08,16,2474.92,swap,notBad
7387,16,2475.08,16,2474.92,move,improve
7388,16,2475.08,16,2474.92,swap,notBad
7389,16,2475.08,16,2474.92,2opt,notBad
7390,16,2475.08,16,2474.92,swap,notBad
7391,16,2475.08,16,2474.92,move,improve
7392,16,2475.08,16,2474.92,swap,notBad
7393,16,2475.08,16,2474.92,2opt,notBad
7394,16,2475.08,16,2474.92,move,improve
7395,16,2475.08,16,2474.92,2opt,notBad
7396,16,2475.08,16,2474.92,swap,notBad
7397,16,2475.08,16,2474.92,2opt,improve
7398,16,2475.08,16,2474.92,move,improve
7399,16,2475.08,16,2474.92,2opt,notBad
7400,16,2475.08,16,2474.92,move,improve
7401,16,2475.08,16,2474.92,move,improve
7402,16,2475.08,16,2474.92,2opt,notBad
7403,16,2475.08,16,2474.92,swap,notBad
7404,16,2475.08,16,2474.92,move,improve
7405,16,2474.9599999999996,16,2474.92,move,improve
7406,16,2474.9599999999996,16,2474.92,move,improve
7407,16,2474.9599999999996,16,2474.92,swap,notBad
7408,16,2474.9599999999996,16,2474.92,swap,notBad
7409,16,2474.9599999999996,16,2474.92,swap,notBad
7410,16,2474.9599999999996,16,2474.92,2opt,notBad
7411,16,2474.9599999999996,16,2474.92,swap,notBad
7412,16,2474.9599999999996,16,2474.92,move,improve
7413,16,2474.9599999999996,16,2474.92,swap,notBad
7414,16,2474.9599999999996,16,2474.92,swap,notBad
7415,16,2474.9599999999996,16,2474.92,2opt,notBad
7416,16,2474.9599999999996,16,2474.92,swap,notBad
7417,16,2474.9599999999996,16,2474.92,swap,notBad
7418,16,2474.9599999999996,16,2474.92,move,notBad
7419,16,2474.9599999999996,16,2474.92,2opt,improve
7420,16,2474.9599999999996,16,2474.92,swap,notBad
7421,16,2474.9599999999996,16,2474.92,swap,notBad
7422,16,2474.9599999999996,16,2474.92,2opt,notBad
7423,16,2474.9599999999996,16,2474.92,move,improve
7424,16,2474.9599999999996,16,2474.92,swap,notBad
7425,16,2474.9599999999996,16,2474.92,2opt,notBad
7426,16,2474.9599999999996,16,2474.92,swap,notBad
7427,16,2474.9599999999996,16,2474.92,swap,notBad
7428,16,2474.9599999999996,16,2474.92,2opt,notBad
7429,16,2474.9599999999996,16,2474.92,move,improve
7430,16,2474.9599999999996,16,2474.92,move,improve
7431,16,2474.9599999999996,16,2474.92,swap,notBad
7432,16,2474.9599999999996,16,2474.92,move,improve
7433,16,2474.9599999999996,16,2474.92,move,improve
7434,16,2474.9599999999996,16,2474.92,2opt,improve
7435,16,2474.9599999999996,16,2474.92,2opt,improve
7436,16,2474.9599999999996,16,2474.92,2opt,improve
7437,16,2474.9599999999996,16,2474.92,move,improve
7438,16,2474.9599999999996,16,2474.92,2opt,notBad
7439,16,2474.9599999999996,16,2474.92,2opt,notBad
7440,16,2474.9599999999996,16,2474.92,move,improve
7441,16,2474.9599999999996,16,2474.92,2opt,improve
7442,16,2474.9599999999996,16,2474.92,2opt,notBad
7443,16,2474.9599999999996,16,2474.92,swap,notBad
7444,16,2474.9599999999996,16,2474.92,move,improve
7445,16,2474.9599999999996,16,2474.92,swap,notBad
7446,16,2474.3199999999997,16,2474.3199999999997,swap,newBest
7447,16,2474.3199999999997,16,2474.3199999999997,2opt,notBad
7448,16,2474.3199999999997,16,2474.3199999999997,2opt,notBad
7449,16,2474.3199999999997,16,2474.3199999999997,2opt,notBad
7450,16,2474.3199999999997,16,2474.3199999999997,2opt,notBad
7451,16,2474.3199999999997,16,2474.3199999999997,2opt,notBad
7452,16,2474.3199999999997,16,2474.3199999999997,2opt,notBad
7453,16,2474.3199999999997,16,2474.3199999999997,2opt,notBad
7454,16,2474.3199999999997,16,2474.3199999999997,2opt,notBad
7455,16,2474.3199999999997,16,2474.3199999999997,2opt,notBad
7456,16,2474.3199999999997,16,2474.3199999999997,move,improve
7457,16,2474.3199999999997,16,2474.3199999999997,swap,notBad
7458,16,2474.3199999999997,16,2474.3199999999997,swap,notBad
7459,16,2474.3199999999997,16,2474.3199999999997,move,improve
7460,16,2474.3199999999997,16,2474.3199999999997,2opt,notBad
7461,16,2474.3199999999997,16,2474.3199999999997,2opt,notBad
7462,16,2474.3199999999997,16,2474.3199999999997,move,improve
7463,16,2474.3199999999997,16,2474.3199999999997,2opt,notBad
7464,16,2474.3199999999997,16,2474.3199999999997,2opt,notBad
7465,16,2474.3199999999997,16,2474.3199999999997,2opt,notBad
7466,16,2474.3199999999997,16,2474.3199999999997,swap,notBad
7467,16,2474.3199999999997,16,2474.3199999999997,2opt,notBad
7468,16,2474.3199999999997,16,2474.3199999999997,swap,notBad
7469,16,2474.3199999999997,16,2474.3199999999997,swap,notBad
7470,16,2474.3199999999997,16,2474.3199999999997,move,improve
7471,16,2474.3199999999997,16,2474.3199999999997,move,improve
7472,16,2474.3199999999997,16,2474.3199999999997,move,improve
7473,16,2474.3199999999997,16,2474.3199999999997,swap,notBad
7474,16,2474.3199999999997,16,2474.3199999999997,2opt,notBad
7475,16,2474.3199999999997,16,2474.3199999999997,swap,notBad
7476,16,2474.3199999999997,16,2474.3199999999997,2opt,notBad
7477,16,2474.3199999999997,16,2474.3199999999997,2opt,notBad
7478,16,2474.3199999999997,16,2474.3199999999997,swap,notBad
7479,16,2476.16,16,2474.3199999999997,swap,acceptBad
7480,16,2476.16,16,2474.3199999999997,swap,notBad
7481,16,2476.16,16,2474.3199999999997,move,improve
7482,16,2476.16,16,2474.3199999999997,move,improve
7483,16,2473.9999999999995,16,2473.9999999999995,swap,newBest
7484,16,2473.9999999999995,16,2473.9999999999995,move,improve
7485,16,2473.9999999999995,16,2473.9999999999995,2opt,notBad
7486,16,2473.9999999999995,16,2473.9999999999995,swap,notBad
7487,16,2473.9999999999995,16,2473.9999999999995,move,improve
7488,16,2473.9999999999995,16,2473.9999999999995,2opt,notBad
7489,16,2473.9999999999995,16,2473.9999999999995,swap,notBad
7490,16,2475.38,16,2473.9999999999995,swap,acceptBad
7491,16,2475.38,16,2473.9999999999995,swap,notBad
7492,16,2475.38,16,2473.9999999999995,2opt,notBad
7493,16,2475.38,16,2473.9999999999995,2opt,notBad
7494,16,2475.38,16,2473.9999999999995,move,improve
7495,16,2475.38,16,2473.9999999999995,move,improve
7496,16,2475.38,16,2473.9999999999995,2opt,notBad
7497,16,2475.5,16,2473.9999999999995,swap,acceptBad
7498,16,2475.5,16,2473.9999999999995,swap,notBad
7499,16,2475.5,16,2473.9999999999995,move,improve
7500,16,2475.5,16,2473.9999999999995,move,improve
7501,16,2475.5,16,2473.9999999999995,move,improve
7502,16,2475.5,16,2473.9999999999995,swap,notBad
7503,16,2475.5,16,2473.9999999999995,swap,notBad
7504,16,2475.5,16,2473.9999999999995,swap,notBad
7505,16,2475.38,16,2473.9999999999995,move,improve
7506,16,2475.38,16,2473.9999999999995,move,improve
7507,16,2475.38,16,2473.9999999999995,2opt,notBad
7508,16,2475.38,16,2473.9999999999995,swap,notBad
7509,16,2475.38,16,2473.9999999999995,move,improve
7510,16,2475.38,16,2473.9999999999995,2opt,notBad
7511,16,2475.38,16,2473.9999999999995,move,improve
7512,16,2470.46,16,2470.46,move,newBest
7513,16,2470.46,16,2470.46,move,improve
7514,16,2470.46,16,2470.46,move,improve
7515,16,2470.46,16,2470.46,move,improve
7516,16,2470.46,16,2470.46,swap,notBad
7517,16,2470.46,16,2470.46,2opt,notBad
7518,16,2470.46,16,2470.46,swap,notBad
7519,16,2470.46,16,2470.46,swap,notBad
7520,16,2470.46,16,2470.46,2opt,notBad
7521,16,2470.46,16,2470.46,swap,notBad
7522,16,2470.46,16,2470.46,2opt,notBad
7523,16,2470.46,16,2470.46,2opt,notBad
7524,16,2470.46,16,2470.46,move,improve
7525,16,2470.46,16,2470.46,move,improve
7526,16,2470.46,16,2470.46,2opt,improve
7527,16,2470.46,16,2470.46,swap,notBad
7528,16,2470.46,16,2470.46,2opt,notBad
7529,16,2470.46,16,2470.46,move,improve
7530,16,2470.46,16,2470.46,2opt,notBad
7531,16,2470.46,16,2470.46,move,improve
7532,16,2470.46,16,2470.46,2opt,notBad
7533,16,2470.46,16,2470.46,swap,notBad
7534,16,2470.46,16,2470.46,swap,notBad
7535,16,2470.46,16,2470.46,swap,notBad
7536,16,2470.46,16,2470.46,move,improve
7537,16,2470.46,16,2470.46,swap,notBad
7538,16,2470.46,16,2470.46,swap,notBad
7539,16,2470.46,16,2470.46,move,improve
7540,16,2470.46,16,2470.46,swap,notBad
7541,16,2470.46,16,2470.46,swap,notBad
7542,16,2470.46,16,2470.46,move,improve
7543,16,2470.46,16,2470.46,2opt,notBad
7544,16,2470.46,16,2470.46,swap,notBad
7545,16,2470.46,16,2470.46,move,improve
7546,16,2471.84,16,2470.46,swap,acceptBad
7547,16,2471.84,16,2470.46,2opt,notBad
7548,16,2471.84,16,2470.46,2opt,improve
7549,16,2471.84,16,2470.46,move,improve
7550,16,2471.84,16,2470.46,swap,notBad
7551,16,2471.84,16,2470.46,swap,notBad
7552,16,2471.84,16,2470.46,move,improve
7553,16,2471.84,16,2470.46,2opt,notBad
7554,16,2471.84,16,2470.46,move,improve
7555,16,2471.84,16,2470.46,move,improve
7556,16,2471.84,16,2470.46,swap,notBad
7557,16,2471.84,16,2470.46,swap,notBad
7558,16,2471.84,16,2470.46,2opt,notBad
7559,16,2471.84,16,2470.46,2opt,notBad
7560,16,2471.84,16,2470.46,swap,notBad
7561,16,2471.84,16,2470.46,move,improve
7562,16,2471.84,16,2470.46,2opt,notBad
7563,16,2471.84,16,2470.46,2opt,notBad
7564,16,2471.84,16,2470.46,swap,notBad
7565,16,2471.84,16,2470.46,2opt,notBad
7566,16,2471.84,16,2470.46,2opt,notBad
7567,16,2471.84,16,2470.46,swap,notBad
7568,16,2471.84,16,2470.46,2opt,notBad
7569,16,2471.84,16,2470.46,move,improve
7570,16,2471.84,16,2470.46,swap,notBad
7571,16,2474.12,16,2470.46,swap,acceptBad
7572,16,2474.12,16,2470.46,move,improve
7573,16,2474.12,16,2470.46,swap,notBad
7574,16,2474.12,16,2470.46,move,improve
7575,16,2474.12,16,2470.46,2opt,notBad
7576,16,2474.12,16,2470.46,move,improve
7577,16,2474.12,16,2470.46,move,improve
7578,16,2474.12,16,2470.46,2opt,notBad
7579,16,2474.12,16,2470.46,swap,notBad
7580,16,2474.12,16,2470.46,2opt,notBad
7581,16,2474.12,16,2470.46,2opt,notBad
7582,16,2474.12,16,2470.46,2opt,notBad
7583,16,2474.12,16,2470.46,2opt,improve
7584,16,2474.12,16,2470.46,swap,notBad
7585,16,2474.12,16,2470.46,2opt,notBad
7586,16,2474.12,16,2470.46,2opt,notBad
7587,16,2474.12,16,2470.46,swap,notBad
7588,16,2474.12,16,2470.46,swap,notBad
7589,16,2474.12,16,2470.46,2opt,notBad
7590,16,2474.12,16,2470.46,move,improve
7591,16,2474.12,16,2470.46,2opt,notBad
7592,16,2474.12,16,2470.46,swap,notBad
7593,16,2474.12,16,2470.46,move,improve
7594,16,2474.12,16,2470.46,move,improve
7595,16,2474.12,16,2470.46,move,improve
7596,16,2474.12,16,2470.46,2opt,notBad
7597,16,2473.9399999999996,16,2470.46,move,improve
7598,16,2473.9399999999996,16,2470.46,move,improve
7599,16,2473.9399999999996,16,2470.46,swap,notBad
7600,16,2473.9399999999996,16,2470.46,2opt,notBad
7601,16,2473.9399999999996,16,2470.46,move,improve
7602,16,2473.9399999999996,16,2470.46,move,improve
7603,16,2473.9399999999996,16,2470.46,swap,notBad
7604,16,2473.9399999999996,16,2470.46,swap,notBad
7605,16,2473.9399999999996,16,2470.46,move,improve
7606,16,2473.9399999999996,16,2470.46,move,improve
7607,16,2473.9399999999996,16,2470.46,swap,notBad
7608,16,2473.9399999999996,16,2470.46,2opt,notBad
7609,16,2473.9399999999996,16,2470.46,2opt,notBad
7610,16,2473.9399999999996,16,2470.46,2opt,notBad
7611,16,2473.9399999999996,16,2470.46,2opt,notBad
7612,16,2473.9399999999996,16,2470.46,2opt,notBad
7613,16,2473.9399999999996,16,2470.46,swap,notBad
7614,16,2475.14,16,2470.46,2opt,acceptBad
7615,16,2475.14,16,2470.46,swap,notBad
7616,16,2474.54,16,2470.46,move,improve
7617,16,2474.54,16,2470.46,swap,notBad
7618,16,2474.54,16,2470.46,move,improve
7619,16,2474.54,16,2470.46,2opt,notBad
7620,16,2474.54,16,2470.46,2opt,notBad
7621,16,2474.54,16,2470.46,2opt,notBad
7622,16,2474.54,16,2470.46,move,improve
7623,16,2474.54,16,2470.46,2opt,notBad
7624,16,2474.54,16,2470.46,swap,notBad
7625,16,2474.54,16,2470.46,2opt,notBad
7626,16,2474.54,16,2470.46,swap,notBad
7627,16,2474.54,16,2470.46,swap,notBad
7628,16,2474.54,16,2470.46,swap,notBad
7629,16,2474.54,16,2470.46,move,improve
7630,16,2474.54,16,2470.46,2opt,notBad
7631,16,2474.54,16,2470.46,move,improve
7632,16,2474.54,16,2470.46,move,improve
7633,16,2474.54,16,2470.46,2opt,notBad
7634,16,2474.54,16,2470.46,move,improve
7635,16,2474.54,16,2470.46,2opt,notBad
7636,16,2474.54,16,2470.46,move,improve
7637,16,2474.54,16,2470.46,move,improve
7638,16,2474.54,16,2470.46,swap,notBad
7639,16,2474.54,16,2470.46,swap,notBad
7640,16,2474.54,16,2470.46,2opt,notBad
7641,16,2474.54,16,2470.46,move,improve
7642,16,2474.54,16,2470.46,2opt,notBad
7643,16,2474.54,16,2470.46,swap,notBad
7644,16,2472.68,16,2470.46,move,improve
7645,16,2472.68,16,2470.46,swap,notBad
7646,16,2472.68,16,2470.46,2opt,improve
7647,16,2472.68,16,2470.46,swap,notBad
7648,16,2472.68,16,2470.46,swap,notBad
7649,16,2472.68,16,2470.46,move,improve
7650,16,2472.68,16,2470.46,move,improve
7651,16,2472.68,16,2470.46,move,improve
7652,16,2472.68,16,2470.46,swap,notBad
7653,16,2472.56,16,2470.46,move,improve
7654,16,2472.56,16,2470.46,swap,notBad
7655,16,2472.56,16,2470.46,move,notBad
7656,16,2472.56,16,2470.46,2opt,notBad
7657,16,2472.56,16,2470.46,move,improve
7658,16,2472.56,16,2470.46,2opt,notBad
7659,16,2472.56,16,2470.46,swap,notBad
7660,16,2472.56,16,2470.46,move,improve
7661,16,2472.56,16,2470.46,2opt,notBad
7662,16,2472.56,16,2470.46,move,improve
7663,16,2472.56,16,2470.46,2opt,notBad
7664,16,2472.56,16,2470.46,2opt,notBad
7665,16,2472.56,16,2470.46,swap,notBad
7666,16,2474.24,16,2470.46,swap,acceptBad
7667,16,2474.24,16,2470.46,swap,notBad
7668,16,2474.24,16,2470.46,swap,notBad
7669,16,2474.24,16,2470.46,move,improve
7670,16,2474.24,16,2470.46,move,improve
7671,16,2474.24,16,2470.46,move,improve
7672,16,2474.24,16,2470.46,move,improve
7673,16,2474.24,16,2470.46,2opt,notBad
7674,16,2474.24,16,2470.46,2opt,notBad
7675,16,2474.24,16,2470.46,2opt,notBad
7676,16,2474.24,16,2470.46,2opt,notBad
7677,16,2474.24,16,2470.46,swap,notBad
7678,16,2474.42,16,2470.46,swap,acceptBad
7679,16,2474.42,16,2470.46,swap,notBad
7680,16,2474.42,16,2470.46,move,improve
7681,16,2474.42,16,2470.46,swap,notBad
7682,16,2474.42,16,2470.46,2opt,notBad
7683,16,2474.42,16,2470.46,2opt,notBad
7684,16,2474.42,16,2470.46,move,improve
7685,16,2459.7799999999997,16,2459.7799999999997,swap,newBest
7686,16,2459.7799999999997,16,2459.7799999999997,move,improve
7687,16,2459.7799999999997,16,2459.7799999999997,move,improve
7688,16,2459.7799999999997,16,2459.7799999999997,move,improve
7689,16,2459.7799999999997,16,2459.7799999999997,move,improve
7690,16,2459.7799999999997,16,2459.7799999999997,2opt,notBad
7691,16,2459.7799999999997,16,2459.7799999999997,swap,notBad
7692,16,2459.7799999999997,16,2459.7799999999997,move,improve
7693,16,2459.7799999999997,16,2459.7799999999997,swap,notBad
7694,16,2459.7799999999997,16,2459.7799999999997,move,improve
7695,16,2459.7799999999997,16,2459.7799999999997,move,improve
7696,16,2458.26,16,2458.26,move,newBest
7697,16,2458.26,16,2458.26,swap,notBad
7698,16,2458.26,16,2458.26,2opt,notBad
7699,16,2458.26,16,2458.26,2opt,notBad
7700,16,2458.26,16,2458.26,2opt,notBad
7701,16,2458.26,16,2458.26,2opt,notBad
7702,16,2458.26,16,2458.26,swap,notBad
7703,16,2458.26,16,2458.26,2opt,notBad
7704,16,2458.26,16,2458.26,swap,notBad
7705,16,2458.26,16,2458.26,move,improve
7706,16,2458.26,16,2458.26,2opt,notBad
7707,16,2458.26,16,2458.26,move,improve
7708,16,2458.26,16,2458.26,move,improve
7709,16,2458.26,16,2458.26,move,improve
7710,16,2458.26,16,2458.26,2opt,notBad
7711,16,2458.26,16,2458.26,2opt,notBad
7712,16,2458.26,16,2458.26,2opt,notBad
7713,16,2458.26,16,2458.26,move,improve
7714,16,2458.26,16,2458.26,2opt,notBad
7715,16,2458.26,16,2458.26,swap,notBad
7716,16,2458.26,16,2458.26,swap,notBad
7717,16,2458.26,16,2458.26,move,improve
7718,16,2458.26,16,2458.26,move,improve
7719,16,2458.26,16,2458.26,swap,notBad
7720,16,2458.26,16,2458.26,move,improve
7721,16,2458.26,16,2458.26,2opt,notBad
7722,16,2458.26,16,2458.26,swap,notBad
7723,16,2458.26,16,2458.26,swap,notBad
7724,16,2458.26,16,2458.26,swap,notBad
7725,16,2458.26,16,2458.26,move,improve
7726,16,2458.26,16,2458.26,move,improve
7727,16,2458.26,16,2458.26,2opt,notBad
7728,16,2458.26,16,2458.26,2opt,notBad
7729,16,2458.26,16,2458.26,2opt,notBad
7730,16,2458.26,16,2458.26,swap,notBad
7731,16,2458.26,16,2458.26,swap,notBad
7732,16,2458.26,16,2458.26,2opt,notBad
7733,16,2458.26,16,2458.26,move,improve
7734,16,2458.26,16,2458.26,move,improve
7735,16,2458.26,16,2458.26,move,improve
7736,16,2458.26,16,2458.26,2opt,notBad
7737,16,2458.26,16,2458.26,move,improve
7738,16,2458.26,16,2458.26,move,improve
7739,16,2458.26,16,2458.26,swap,notBad
7740,16,2458.26,16,2458.26,move,improve
7741,16,2458.26,16,2458.26,2opt,notBad
7742,16,2456.7000000000003,16,2456.7000000000003,swap,newBest
7743,16,2456.7000000000003,16,2456.7000000000003,move,notBad
7744,16,2456.7000000000003,16,2456.7000000000003,swap,notBad
7745,16,2456.7000000000003,16,2456.7000000000003,move,improve
7746,16,2456.7000000000003,16,2456.7000000000003,2opt,notBad
7747,16,2456.7000000000003,16,2456.7000000000003,2opt,notBad
7748,16,2456.7000000000003,16,2456.7000000000003,swap,notBad
7749,16,2456.7000000000003,16,2456.7000000000003,swap,notBad
7750,16,2456.7000000000003,16,2456.7000000000003,move,improve
7751,16,2456.7000000000003,16,2456.7000000000003,2opt,notBad
7752,16,2456.7000000000003,16,2456.7000000000003,2opt,notBad
7753,16,2456.7000000000003,16,2456.7000000000003,2opt,notBad
7754,16,2456.7000000000003,16,2456.7000000000003,swap,notBad
7755,16,2456.7000000000003,16,2456.7000000000003,swap,notBad
7756,16,2456.7000000000003,16,2456.7000000000003,move,improve
7757,16,2456.7000000000003,16,2456.7000000000003,swap,notBad
7758,16,2456.7000000000003,16,2456.7000000000003,swap,notBad
7759,16,2456.7000000000003,16,2456.7000000000003,2opt,notBad
7760,16,2456.7000000000003,16,2456.7000000000003,move,improve
7761,16,2456.7000000000003,16,2456.7000000000003,move,improve
7762,16,2456.7000000000003,16,2456.7000000000003,swap,notBad
7763,16,2456.7000000000003,16,2456.7000000000003,2opt,notBad
7764,16,2456.7000000000003,16,2456.7000000000003,move,improve
7765,16,2456.7000000000003,16,2456.7000000000003,2opt,notBad
7766,16,2456.7000000000003,16,2456.7000000000003,swap,notBad
7767,16,2456.7000000000003,16,2456.7000000000003,move,improve
7768,16,2456.7000000000003,16,2456.7000000000003,swap,notBad
7769,16,2456.7000000000003,16,2456.7000000000003,move,improve
7770,16,2456.7000000000003,16,2456.7000000000003,swap,notBad
7771,16,2453.82,16,2453.82,move,newBest
7772,16,2453.82,16,2453.82,swap,notBad
7773,16,2453.82,16,2453.82,move,improve
7774,16,2453.82,16,2453.82,2opt,notBad
7775,16,2453.82,16,2453.82,move,improve
7776,16,2453.82,16,2453.82,move,improve
7777,16,2453.82,16,2453.82,swap,notBad
7778,16,2453.82,16,2453.82,swap,notBad
7779,16,2453.82,16,2453.82,move,improve
7780,16,2453.82,16,2453.82,2opt,improve
7781,16,2453.82,16,2453.82,move,improve
7782,16,2453.82,16,2453.82,2opt,notBad
7783,16,2453.82,16,2453.82,swap,notBad
7784,16,2453.82,16,2453.82,move,improve
7785,16,2453.82,16,2453.82,2opt,notBad
7786,16,2453.82,16,2453.82,2opt,notBad
7787,16,2453.82,16,2453.82,move,improve
7788,16,2453.82,16,2453.82,2opt,notBad
7789,16,2453.82,16,2453.82,swap,notBad
7790,16,2453.82,16,2453.82,2opt,notBad
7791,16,2453.82,16,2453.82,2opt,notBad
7792,16,2453.82,16,2453.82,2opt,notBad
7793,16,2453.82,16,2453.82,swap,notBad
7794,16,2453.82,16,2453.82,2opt,notBad
7795,16,2453.82,16,2453.82,2opt,notBad
7796,16,2453.82,16,2453.82,swap,notBad
7797,16,2453.82,16,2453.82,move,improve
7798,16,2453.82,16,2453.82,move,improve
7799,16,2453.82,16,2453.82,swap,notBad
7800,16,2453.82,16,2453.82,swap,notBad
7801,16,2456.1000000000004,16,2453.82,swap,acceptBad
7802,16,2456.1000000000004,16,2453.82,swap,notBad
7803,16,2455.9800000000005,16,2453.82,move,improve
7804,16,2455.9800000000005,16,2453.82,2opt,notBad
7805,16,2455.9800000000005,16,2453.82,2opt,notBad
7806,16,2455.9800000000005,16,2453.82,2opt,notBad
7807,16,2455.9800000000005,16,2453.82,2opt,notBad
7808,16,2454.42,16,2453.82,2opt,improve
7809,16,2454.42,16,2453.82,move,improve
7810,16,2454.42,16,2453.82,move,improve
7811,16,2454.42,16,2453.82,2opt,notBad
7812,16,2454.42,16,2453.82,swap,notBad
7813,16,2454.42,16,2453.82,2opt,notBad
7814,16,2454.42,16,2453.82,2opt,notBad
7815,16,2454.42,16,2453.82,move,improve
7816,16,2454.42,16,2453.82,move,improve
7817,16,2454.42,16,2453.82,2opt,notBad
7818,16,2454.42,16,2453.82,move,improve
7819,16,2454.42,16,2453.82,swap,notBad
7820,16,2454.42,16,2453.82,move,improve
7821,16,2454.42,16,2453.82,2opt,improve
7822,16,2454.42,16,2453.82,2opt,notBad
7823,16,2454.42,16,2453.82,2opt,notBad
7824,16,2454.42,16,2453.82,swap,notBad
7825,16,2454.42,16,2453.82,move,improve
7826,16,2454.42,16,2453.82,2opt,notBad
7827,16,2454.42,16,2453.82,move,improve
7828,16,2454.42,16,2453.82,2opt,improve
7829,16,2454.42,16,2453.82,swap,notBad
7830,16,2454.42,16,2453.82,swap,notBad
7831,16,2452.1400000000003,16,2452.1400000000003,swap,newBest
7832,16,2452.1400000000003,16,2452.1400000000003,2opt,improve
7833,16,2452.1400000000003,16,2452.1400000000003,swap,notBad
7834,16,2452.1400000000003,16,2452.1400000000003,2opt,notBad
7835,16,2452.1400000000003,16,2452.1400000000003,swap,notBad
7836,16,2452.1400000000003,16,2452.1400000000003,swap,notBad
7837,16,2452.1400000000003,16,2452.1400000000003,swap,notBad
7838,16,2452.1400000000003,16,2452.1400000000003,2opt,notBad
7839,16,2452.1400000000003,16,2452.1400000000003,2opt,notBad
7840,16,2452.1400000000003,16,2452.1400000000003,swap,notBad
7841,16,2452.1400000000003,16,2452.1400000000003,2opt,notBad
7842,16,2452.1400000000003,16,2452.1400000000003,2opt,notBad
7843,16,2452.1400000000003,16,2452.1400000000003,move,improve
7844,16,2452.1400000000003,16,2452.1400000000003,2opt,notBad
7845,16,2452.1400000000003,16,2452.1400000000003,move,improve
7846,16,2452.1400000000003,16,2452.1400000000003,swap,notBad
7847,16,2452.1400000000003,16,2452.1400000000003,swap,notBad
7848,16,2451.7,16,2451.7,swap,newBest
7849,16,2451.7,16,2451.7,move,improve
7850,16,2452.66,16,2451.7,swap,acceptBad
7851,16,2452.66,16,2451.7,swap,notBad
7852,16,2452.66,16,2451.7,swap,notBad
7853,16,2452.66,16,2451.7,move,improve
7854,16,2452.66,16,2451.7,swap,notBad
7855,16,2452.66,16,2451.7,swap,notBad
7856,16,2452.66,16,2451.7,swap,notBad
7857,16,2452.66,16,2451.7,2opt,notBad
7858,16,2452.66,16,2451.7,swap,notBad
7859,16,2452.66,16,2451.7,move,improve
7860,16,2452.66,16,2451.7,swap,notBad
7861,16,2452.66,16,2451.7,2opt,notBad
7862,16,2452.66,16,2451.7,swap,notBad
7863,16,2452.66,16,2451.7,move,improve
7864,16,2452.66,16,2451.7,swap,notBad
7865,16,2452.66,16,2451.7,move,improve
7866,16,2452.66,16,2451.7,2opt,notBad
7867,16,2452.66,16,2451.7,swap,notBad
7868,16,2452.66,16,2451.7,move,improve
7869,16,2452.66,16,2451.7,move,improve
7870,16,2452.66,16,2451.7,2opt,improve
7871,16,2452.66,16,2451.7,swap,notBad
7872,16,2452.66,16,2451.7,swap,notBad
7873,16,2452.66,16,2451.7,move,improve
7874,16,2452.66,16,2451.7,move,improve
7875,16,2452.66,16,2451.7,swap,notBad
7876,16,2452.66,16,2451.7,move,improve
7877,16,2452.66,16,2451.7,2opt,notBad
7878,16,2452.66,16,2451.7,2opt,notBad
7879,16,2452.66,16,2451.7,move,improve
7880,16,2452.66,16,2451.7,2opt,notBad
7881,16,2452.66,16,2451.7,2opt,notBad
7882,16,2452.66,16,2451.7,swap,notBad
7883,16,2452.66,16,2451.7,swap,notBad
7884,16,2452.66,16,2451.7,move,improve
7885,16,2452.66,16,2451.7,2opt,notBad
7886,16,2452.66,16,2451.7,2opt,notBad
7887,16,2452.66,16,2451.7,2opt,notBad
7888,16,2452.66,16,2451.7,move,improve
7889,16,2449.58,16,2449.58,swap,newBest
7890,16,2449.58,16,2449.58,2opt,notBad
7891,16,2449.58,16,2449.58,swap,notBad
7892,16,2449.58,16,2449.58,swap,notBad
7893,16,2449.58,16,2449.58,2opt,notBad
7894,16,2449.58,16,2449.58,move,improve
7895,16,2449.58,16,2449.58,move,improve
7896,16,2449.58,16,2449.58,2opt,notBad
7897,16,2449.58,16,2449.58,2opt,improve
7898,16,2449.58,16,2449.58,move,improve
7899,16,2449.58,16,2449.58,2opt,notBad
7900,16,2449.58,16,2449.58,2opt,notBad
7901,16,2449.58,16,2449.58,move,improve
7902,16,2449.58,16,2449.58,2opt,notBad
7903,16,2449.58,16,2449.58,2opt,notBad
7904,16,2449.58,16,2449.58,move,improve
7905,16,2449.58,16,2449.58,swap,notBad
7906,16,2449.58,16,2449.58,swap,notBad
7907,16,2449.58,16,2449.58,2opt,improve
7908,16,2449.58,16,2449.58,move,improve
7909,16,2449.58,16,2449.58,swap,notBad
7910,16,2449.58,16,2449.58,move,improve
7911,16,2449.58,16,2449.58,swap,notBad
7912,16,2449.58,16,2449.58,swap,notBad
7913,16,2449.58,16,2449.58,move,notBad
7914,16,2449.58,16,2449.58,swap,notBad
7915,16,2449.58,16,2449.58,move,improve
7916,16,2449.58,16,2449.58,swap,notBad
7917,16,2449.58,16,2449.58,swap,notBad
7918,16,2449.58,16,2449.58,move,improve
7919,16,2449.58,16,2449.58,swap,notBad
7920,16,2449.58,16,2449.58,move,improve
7921,16,2449.58,16,2449.58,move,improve
7922,16,2449.58,16,2449.58,swap,notBad
7923,16,2449.58,16,2449.58,move,improve
7924,16,2449.58,16,2449.58,2opt,notBad
7925,16,2449.58,16,2449.58,move,improve
7926,16,2449.58,16,2449.58,2opt,notBad
7927,16,2449.58,16,2449.58,move,improve
7928,16,2449.58,16,2449.58,swap,notBad
7929,16,2449.58,16,2449.58,swap,notBad
7930,16,2449.58,16,2449.58,swap,notBad
7931,16,2449.58,16,2449.58,move,improve
7932,16,2449.58,16,2449.58,swap,notBad
7933,16,2449.58,16,2449.58,2opt,notBad
7934,16,2449.58,16,2449.58,move,improve
7935,16,2449.58,16,2449.58,2opt,improve
7936,16,2449.58,16,2449.58,2opt,notBad
7937,16,2449.58,16,2449.58,move,improve
7938,16,2449.58,16,2449.58,swap,notBad
7939,16,2449.58,16,2449.58,2opt,notBad
7940,16,2451.639999999999,16,2449.58,swap,acceptBad
7941,16,2451.639999999999,16,2449.58,move,improve
7942,16,2451.639999999999,16,2449.58,2opt,improve
7943,16,2451.639999999999,16,2449.58,move,improve
7944,16,2451.639999999999,16,2449.58,swap,notBad
7945,16,2451.639999999999,16,2449.58,swap,notBad
7946,16,2451.639999999999,16,2449.58,move,improve
7947,16,2451.639999999999,16,2449.58,move,improve
7948,16,2434.5599999999986,16,2434.5599999999986,move,newBest
7949,16,2434.5599999999986,16,2434.5599999999986,swap,notBad
7950,16,2434.5599999999986,16,2434.5599999999986,move,improve
7951,16,2434.5599999999986,16,2434.5599999999986,move,improve
7952,16,2434.5599999999986,16,2434.5599999999986,2opt,notBad
7953,16,2434.5599999999986,16,2434.5599999999986,swap,notBad
7954,16,2434.5599999999986,16,2434.5599999999986,2opt,notBad
7955,16,2434.5599999999986,16,2434.5599999999986,swap,notBad
7956,16,2434.5599999999986,16,2434.5599999999986,swap,notBad
7957,16,2434.5599999999986,16,2434.5599999999986,2opt,improve
7958,16,2434.5599999999986,16,2434.5599999999986,move,improve
7959,16,2434.5599999999986,16,2434.5599999999986,swap,notBad
7960,16,2434.5599999999986,16,2434.5599999999986,swap,notBad
7961,16,2434.5599999999986,16,2434.5599999999986,2opt,notBad
7962,16,2434.5599999999986,16,2434.5599999999986,2opt,improve
7963,16,2434.5599999999986,16,2434.5599999999986,2opt,notBad
7964,16,2434.319999999999,16,2434.319999999999,move,newBest
7965,16,2434.319999999999,16,2434.319999999999,2opt,improve
7966,16,2434.319999999999,16,2434.319999999999,move,improve
7967,16,2434.319999999999,16,2434.319999999999,swap,notBad
7968,16,2434.319999999999,16,2434.319999999999,move,improve
7969,16,2434.319999999999,16,2434.319999999999,swap,notBad
7970,16,2434.319999999999,16,2434.319999999999,swap,notBad
7971,16,2434.319999999999,16,2434.319999999999,2opt,notBad
7972,16,2436.299999999999,16,2434.319999999999,swap,acceptBad
7973,16,2436.299999999999,16,2434.319999999999,move,improve
7974,16,2436.299999999999,16,2434.319999999999,2opt,notBad
7975,16,2436.299999999999,16,2434.319999999999,swap,notBad
7976,16,2436.299999999999,16,2434.319999999999,swap,notBad
7977,16,2436.299999999999,16,2434.319999999999,2opt,notBad
7978,16,2436.299999999999,16,2434.319999999999,2opt,notBad
7979,16,2436.299999999999,16,2434.319999999999,move,improve
7980,16,2436.299999999999,16,2434.319999999999,move,improve
7981,16,2436.299999999999,16,2434.319999999999,2opt,notBad
7982,16,2436.299999999999,16,2434.319999999999,move,improve
7983,16,2436.299999999999,16,2434.319999999999,swap,notBad
7984,16,2436.299999999999,16,2434.319999999999,move,improve
7985,16,2436.299999999999,16,2434.319999999999,2opt,notBad
7986,16,2436.299999999999,16,2434.319999999999,swap,notBad
7987,16,2436.299999999999,16,2434.319999999999,move,improve
7988,16,2436.299999999999,16,2434.319999999999,swap,notBad
7989,16,2436.299999999999,16,2434.319999999999,move,improve
7990,16,2436.299999999999,16,2434.319999999999,swap,notBad
7991,16,2436.299999999999,16,2434.319999999999,swap,notBad
7992,16,2436.299999999999,16,2434.319999999999,move,improve
7993,16,2436.299999999999,16,2434.319999999999,move,improve
7994,16,2436.299999999999,16,2434.319999999999,swap,notBad
7995,16,2436.299999999999,16,2434.319999999999,swap,notBad
7996,16,2436.299999999999,16,2434.319999999999,move,improve
7997,16,2436.299999999999,16,2434.319999999999,move,improve
7998,16,2436.299999999999,16,2434.319999999999,2opt,notBad
7999,16,2436.299999999999,16,2434.319999999999,move,improve
8000,16,2436.299999999999,16,2434.319999999999,2opt,notBad
8001,16,2436.299999999999,16,2434.319999999999,2opt,notBad
8002,16,2436.299999999999,16,2434.319999999999,move,improve
8003,16,2436.299999999999,16,2434.319999999999,swap,notBad
8004,16,2436.299999999999,16,2434.319999999999,swap,notBad
8005,16,2436.299999999999,16,2434.319999999999,move,improve
8006,16,2436.299999999999,16,2434.319999999999,move,improve
8007,16,2436.299999999999,16,2434.319999999999,move,improve
8008,16,2436.299999999999,16,2434.319999999999,swap,notBad
8009,16,2437.199999999999,16,2434.319999999999,swap,acceptBad
8010,16,2437.199999999999,16,2434.319999999999,2opt,notBad
8011,16,2437.199999999999,16,2434.319999999999,swap,notBad
8012,16,2437.199999999999,16,2434.319999999999,swap,notBad
8013,16,2437.199999999999,16,2434.319999999999,move,improve
8014,16,2437.199999999999,16,2434.319999999999,move,improve
8015,16,2437.199999999999,16,2434.319999999999,swap,notBad
8016,16,2437.199999999999,16,2434.319999999999,2opt,notBad
8017,16,2437.199999999999,16,2434.319999999999,swap,notBad
8018,16,2437.199999999999,16,2434.319999999999,swap,notBad
8019,16,2437.199999999999,16,2434.319999999999,2opt,notBad
8020,16,2437.199999999999,16,2434.319999999999,move,improve
8021,16,2437.199999999999,16,2434.319999999999,move,improve
8022,16,2437.0199999999986,16,2434.319999999999,move,improve
8023,16,2437.0199999999986,16,2434.319999999999,move,improve
8024,16,2437.0199999999986,16,2434.319999999999,swap,notBad
8025,16,2437.0199999999986,16,2434.319999999999,swap,notBad
8026,16,2437.0199999999986,16,2434.319999999999,2opt,notBad
8027,16,2437.0199999999986,16,2434.319999999999,move,improve
8028,16,2437.0199999999986,16,2434.319999999999,2opt,notBad
8029,16,2437.0199999999986,16,2434.319999999999,move,improve
8030,16,2437.0199999999986,16,2434.319999999999,swap,notBad
8031,16,2437.0199999999986,16,2434.319999999999,2opt,notBad
8032,16,2437.0199999999986,16,2434.319999999999,2opt,notBad
8033,16,2437.0199999999986,16,2434.319999999999,move,improve
8034,16,2437.0199999999986,16,2434.319999999999,move,improve
8035,16,2437.0199999999986,16,2434.319999999999,2opt,notBad
8036,16,2437.0199999999986,16,2434.319999999999,move,improve
8037,16,2437.0199999999986,16,2434.319999999999,2opt,notBad
8038,16,2437.0199999999986,16,2434.319999999999,move,improve
8039,16,2437.0199999999986,16,2434.319999999999,swap,notBad
8040,16,2437.0199999999986,16,2434.319999999999,2opt,notBad
8041,16,2437.0199999999986,16,2434.319999999999,move,improve
8042,16,2437.0199999999986,16,2434.319999999999,2opt,improve
8043,16,2437.0199999999986,16,2434.319999999999,move,improve
8044,16,2437.0199999999986,16,2434.319999999999,move,improve
8045,16,2437.0199999999986,16,2434.319999999999,2opt,notBad
8046,16,2437.0199999999986,16,2434.319999999999,2opt,notBad
8047,16,2437.0199999999986,16,2434.319999999999,move,improve
8048,16,2437.0199999999986,16,2434.319999999999,move,improve
8049,16,2437.0199999999986,16,2434.319999999999,swap,notBad
8050,16,2437.0199999999986,16,2434.319999999999,2opt,improve
8051,16,2437.0199999999986,16,2434.319999999999,swap,notBad
8052,16,2437.0199999999986,16,2434.319999999999,2opt,notBad
8053,16,2437.0199999999986,16,2434.319999999999,swap,notBad
8054,16,2437.0199999999986,16,2434.319999999999,move,improve
8055,16,2437.0199999999986,16,2434.319999999999,move,improve
8056,16,2437.0199999999986,16,2434.319999999999,2opt,notBad
8057,16,2437.0199999999986,16,2434.319999999999,swap,notBad
8058,16,2437.0199999999986,16,2434.319999999999,2opt,notBad
8059,16,2422.0199999999995,16,2422.0199999999995,2opt,newBest
8060,16,2422.0199999999995,16,2422.0199999999995,2opt,notBad
8061,16,2422.0199999999995,16,2422.0199999999995,move,improve
8062,16,2422.0199999999995,16,2422.0199999999995,swap,notBad
8063,16,2422.0199999999995,16,2422.0199999999995,move,improve
8064,16,2422.0199999999995,16,2422.0199999999995,2opt,notBad
8065,16,2422.0199999999995,16,2422.0199999999995,swap,notBad
8066,16,2422.0199999999995,16,2422.0199999999995,swap,notBad
8067,16,2422.0199999999995,16,2422.0199999999995,2opt,improve
8068,16,2422.0199999999995,16,2422.0199999999995,2opt,notBad
8069,16,2422.0199999999995,16,2422.0199999999995,2opt,notBad
8070,16,2422.0199999999995,16,2422.0199999999995,move,improve
8071,16,2422.0199999999995,16,2422.0199999999995,move,improve
8072,16,2422.0199999999995,16,2422.0199999999995,2opt,notBad
8073,16,2422.0199999999995,16,2422.0199999999995,swap,notBad
8074,16,2422.0199999999995,16,2422.0199999999995,2opt,notBad
8075,16,2422.0199999999995,16,2422.0199999999995,2opt,notBad
8076,16,2422.0199999999995,16,2422.0199999999995,move,improve
8077,16,2422.0199999999995,16,2422.0199999999995,swap,notBad
8078,16,2422.0199999999995,16,2422.0199999999995,2opt,notBad
8079,16,2422.0199999999995,16,2422.0199999999995,2opt,notBad
8080,16,2422.0199999999995,16,2422.0199999999995,move,improve
8081,16,2422.0199999999995,16,2422.0199999999995,2opt,notBad
8082,16,2422.0199999999995,16,2422.0199999999995,move,improve
8083,16,2422.0199999999995,16,2422.0199999999995,move,improve
8084,16,2422.0199999999995,16,2422.0199999999995,move,improve
8085,16,2422.0199999999995,16,2422.0199999999995,swap,notBad
8086,16,2422.0199999999995,16,2422.0199999999995,2opt,notBad
8087,16,2422.0199999999995,16,2422.0199999999995,move,improve
8088,16,2417.879999999999,16,2417.879999999999,2opt,newBest
8089,16,2419.64,16,2417.879999999999,swap,acceptBad
8090,16,2419.64,16,2417.879999999999,2opt,notBad
8091,16,2419.64,16,2417.879999999999,2opt,notBad
8092,16,2419.64,16,2417.879999999999,2opt,notBad
8093,16,2419.64,16,2417.879999999999,2opt,notBad
8094,16,2419.64,16,2417.879999999999,2opt,notBad
8095,16,2418.68,16,2417.879999999999,move,improve
8096,16,2418.68,16,2417.879999999999,2opt,notBad
8097,16,2418.68,16,2417.879999999999,move,improve
8098,16,2418.68,16,2417.879999999999,2opt,notBad
8099,16,2418.68,16,2417.879999999999,2opt,notBad
8100,16,2418.68,16,2417.879999999999,2opt,notBad
8101,16,2418.68,16,2417.879999999999,2opt,notBad
8102,16,2418.68,16,2417.879999999999,swap,notBad
8103,16,2418.68,16,2417.879999999999,swap,notBad
8104,16,2418.68,16,2417.879999999999,2opt,improve
8105,16,2418.68,16,2417.879999999999,swap,notBad
8106,16,2418.68,16,2417.879999999999,swap,notBad
8107,16,2418.68,16,2417.879999999999,swap,notBad
8108,16,2416.919999999999,16,2416.919999999999,move,newBest
8109,16,2416.919999999999,16,2416.919999999999,swap,notBad
8110,16,2416.919999999999,16,2416.919999999999,move,improve
8111,16,2416.919999999999,16,2416.919999999999,2opt,notBad
8112,16,2416.919999999999,16,2416.919999999999,2opt,notBad
8113,16,2416.919999999999,16,2416.919999999999,2opt,notBad
8114,16,2416.919999999999,16,2416.919999999999,2opt,notBad
8115,16,2416.919999999999,16,2416.919999999999,2opt,notBad
8116,16,2416.919999999999,16,2416.919999999999,swap,notBad
8117,16,2416.919999999999,16,2416.919999999999,swap,notBad
8118,16,2416.919999999999,16,2416.919999999999,2opt,notBad
8119,16,2416.919999999999,16,2416.919999999999,2opt,notBad
8120,16,2416.919999999999,16,2416.919999999999,move,improve
8121,16,2416.919999999999,16,2416.919999999999,swap,notBad
8122,16,2416.919999999999,16,2416.919999999999,2opt,notBad
8123,16,2416.919999999999,16,2416.919999999999,swap,notBad
8124,16,2416.919999999999,16,2416.919999999999,2opt,notBad
8125,16,2416.919999999999,16,2416.919999999999,2opt,improve
8126,16,2416.919999999999,16,2416.919999999999,move,improve
8127,16,2416.919999999999,16,2416.919999999999,move,improve
8128,16,2416.919999999999,16,2416.919999999999,swap,notBad
8129,16,2416.919999999999,16,2416.919999999999,move,improve
8130,16,2416.919999999999,16,2416.919999999999,2opt,notBad
8131,16,2416.919999999999,16,2416.919999999999,move,improve
8132,16,2416.919999999999,16,2416.919999999999,swap,notBad
8133,16,2416.919999999999,16,2416.919999999999,2opt,improve
8134,16,2416.919999999999,16,2416.919999999999,2opt,notBad
8135,16,2416.919999999999,16,2416.919999999999,move,improve
8136,16,2416.919999999999,16,2416.919999999999,2opt,notBad
8137,16,2416.919999999999,16,2416.919999999999,swap,notBad
8138,16,2416.919999999999,16,2416.919999999999,2opt,notBad
8139,16,2416.919999999999,16,2416.919999999999,swap,notBad
8140,16,2416.919999999999,16,2416.919999999999,move,improve
8141,16,2416.919999999999,16,2416.919999999999,2opt,notBad
8142,16,2416.919999999999,16,2416.919999999999,move,improve
8143,16,2416.919999999999,16,2416.919999999999,swap,notBad
8144,16,2416.919999999999,16,2416.919999999999,swap,notBad
8145,16,2416.919999999999,16,2416.919999999999,2opt,notBad
8146,16,2416.919999999999,16,2416.919999999999,move,improve
8147,16,2417.639999999999,16,2416.919999999999,swap,acceptBad
8148,16,2417.639999999999,16,2416.919999999999,move,improve
8149,16,2417.639999999999,16,2416.919999999999,swap,notBad
8150,16,2417.639999999999,16,2416.919999999999,swap,notBad
8151,16,2417.639999999999,16,2416.919999999999,move,improve
8152,16,2417.639999999999,16,2416.919999999999,move,improve
8153,16,2417.639999999999,16,2416.919999999999,move,improve
8154,16,2417.639999999999,16,2416.919999999999,swap,notBad
8155,16,2417.639999999999,16,2416.919999999999,2opt,improve
8156,16,2417.639999999999,16,2416.919999999999,swap,notBad
8157,16,2417.639999999999,16,2416.919999999999,move,improve
8158,16,2417.639999999999,16,2416.919999999999,swap,notBad
8159,16,2417.639999999999,16,2416.919999999999,swap,notBad
8160,16,2417.639999999999,16,2416.919999999999,2opt,notBad
8161,16,2417.639999999999,16,2416.919999999999,move,improve
8162,16,2417.639999999999,16,2416.919999999999,2opt,notBad
8163,16,2416.919999999999,16,2416.919999999999,move,improve
8164,16,2416.919999999999,16,2416.919999999999,swap,notBad
8165,16,2416.919999999999,16,2416.919999999999,2opt,notBad
8166,16,2416.919999999999,16,2416.919999999999,move,improve
8167,16,2416.919999999999,16,2416.919999999999,move,improve
8168,16,2416.919999999999,16,2416.919999999999,move,improve
8169,16,2415.419999999999,16,2415.419999999999,move,newBest
8170,16,2415.419999999999,16,2415.419999999999,2opt,improve
8171,16,2415.419999999999,16,2415.419999999999,move,improve
8172,16,2415.419999999999,16,2415.419999999999,swap,notBad
8173,16,2415.419999999999,16,2415.419999999999,swap,notBad
8174,16,2415.419999999999,16,2415.419999999999,swap,notBad
8175,16,2415.419999999999,16,2415.419999999999,2opt,improve
8176,16,2415.419999999999,16,2415.419999999999,move,improve
8177,16,2415.419999999999,16,2415.419999999999,swap,notBad
8178,16,2415.419999999999,16,2415.419999999999,2opt,notBad
8179,16,2415.419999999999,16,2415.419999999999,move,improve
8180,16,2415.419999999999,16,2415.419999999999,move,improve
8181,16,2415.419999999999,16,2415.419999999999,2opt,notBad
8182,16,2415.419999999999,16,2415.419999999999,move,improve
8183,16,2415.419999999999,16,2415.419999999999,2opt,notBad
8184,16,2415.419999999999,16,2415.419999999999,move,improve
8185,16,2415.419999999999,16,2415.419999999999,2opt,notBad
8186,16,2415.419999999999,16,2415.419999999999,2opt,notBad
8187,16,2415.419999999999,16,2415.419999999999,2opt,notBad
8188,16,2415.419999999999,16,2415.419999999999,move,improve
8189,16,2415.419999999999,16,2415.419999999999,swap,notBad
8190,16,2415.419999999999,16,2415.419999999999,2opt,notBad
8191,16,2415.419999999999,16,2415.419999999999,2opt,notBad
8192,16,2415.419999999999,16,2415.419999999999,2opt,notBad
8193,16,2415.419999999999,16,2415.419999999999,swap,notBad
8194,16,2415.419999999999,16,2415.419999999999,2opt,notBad
8195,16,2415.419999999999,16,2415.419999999999,move,improve
8196,16,2415.419999999999,16,2415.419999999999,move,improve
8197,16,2415.419999999999,16,2415.419999999999,2opt,notBad
8198,16,2415.419999999999,16,2415.419999999999,move,improve
8199,16,2415.419999999999,16,2415.419999999999,swap,notBad
8200,16,2415.419999999999,16,2415.419999999999,move,improve
8201,16,2415.419999999999,16,2415.419999999999,move,improve
8202,16,2415.419999999999,16,2415.419999999999,move,improve
8203,16,2415.419999999999,16,2415.419999999999,swap,notBad
8204,16,2415.419999999999,16,2415.419999999999,2opt,notBad
8205,16,2415.419999999999,16,2415.419999999999,2opt,notBad
8206,16,2415.419999999999,16,2415.419999999999,move,improve
8207,16,2415.419999999999,16,2415.419999999999,swap,notBad
8208,16,2415.419999999999,16,2415.419999999999,move,improve
8209,16,2415.419999999999,16,2415.419999999999,2opt,notBad
8210,16,2415.419999999999,16,2415.419999999999,swap,notBad
8211,16,2415.419999999999,16,2415.419999999999,2opt,notBad
8212,16,2415.419999999999,16,2415.419999999999,move,improve
8213,16,2415.419999999999,16,2415.419999999999,swap,notBad
8214,16,2415.419999999999,16,2415.419999999999,2opt,improve
8215,16,2415.419999999999,16,2415.419999999999,swap,notBad
8216,16,2415.419999999999,16,2415.419999999999,move,improve
8217,16,2415.419999999999,16,2415.419999999999,swap,notBad
8218,16,2415.419999999999,16,2415.419999999999,move,improve
8219,16,2415.419999999999,16,2415.419999999999,move,improve
8220,16,2415.419999999999,16,2415.419999999999,2opt,notBad
8221,16,2415.419999999999,16,2415.419999999999,move,improve
8222,16,2415.419999999999,16,2415.419999999999,2opt,notBad
8223,16,2415.419999999999,16,2415.419999999999,move,improve
8224,16,2415.419999999999,16,2415.419999999999,move,improve
8225,16,2415.419999999999,16,2415.419999999999,2opt,notBad
8226,16,2415.419999999999,16,2415.419999999999,2opt,notBad
8227,16,2415.419999999999,16,2415.419999999999,move,improve
8228,16,2415.419999999999,16,2415.419999999999,move,improve
8229,16,2415.419999999999,16,2415.419999999999,move,improve
8230,16,2415.419999999999,16,2415.419999999999,move,improve
8231,16,2415.419999999999,16,2415.419999999999,2opt,notBad
8232,16,2415.419999999999,16,2415.419999999999,2opt,notBad
8233,16,2415.419999999999,16,2415.419999999999,swap,notBad
8234,16,2415.419999999999,16,2415.419999999999,2opt,notBad
8235,16,2415.419999999999,16,2415.419999999999,2opt,improve
8236,16,2415.419999999999,16,2415.419999999999,swap,notBad
8237,16,2415.419999999999,16,2415.419999999999,move,improve
8238,16,2415.419999999999,16,2415.419999999999,swap,notBad
8239,16,2415.419999999999,16,2415.419999999999,2opt,notBad
8240,16,2415.419999999999,16,2415.419999999999,move,improve
8241,16,2415.419999999999,16,2415.419999999999,swap,notBad
8242,16,2415.419999999999,16,2415.419999999999,swap,notBad
8243,16,2415.419999999999,16,2415.419999999999,2opt,notBad
8244,16,2415.419999999999,16,2415.419999999999,2opt,notBad
8245,16,2415.419999999999,16,2415.419999999999,move,improve
8246,16,2415.119999999999,16,2415.119999999999,move,newBest
8247,16,2415.119999999999,16,2415.119999999999,swap,notBad
8248,16,2415.119999999999,16,2415.119999999999,swap,notBad
8249,16,2415.119999999999,16,2415.119999999999,swap,notBad
8250,16,2415.119999999999,16,2415.119999999999,move,improve
8251,16,2415.119999999999,16,2415.119999999999,move,improve
8252,16,2415.119999999999,16,2415.119999999999,2opt,notBad
8253,16,2415.119999999999,16,2415.119999999999,swap,notBad
8254,16,2415.119999999999,16,2415.119999999999,move,improve
8255,16,2415.119999999999,16,2415.119999999999,2opt,notBad
8256,16,2415.119999999999,16,2415.119999999999,2opt,notBad
8257,16,2415.119999999999,16,2415.119999999999,2opt,notBad
8258,16,2415.119999999999,16,2415.119999999999,move,improve
8259,16,2415.119999999999,16,2415.119999999999,swap,notBad
8260,16,2415.119999999999,16,2415.119999999999,swap,notBad
8261,16,2415.119999999999,16,2415.119999999999,swap,notBad
8262,16,2415.119999999999,16,2415.119999999999,swap,notBad
8263,16,2415.119999999999,16,2415.119999999999,2opt,improve
8264,16,2415.119999999999,16,2415.119999999999,2opt,notBad
8265,16,2415.119999999999,16,2415.119999999999,move,improve
8266,16,2415.119999999999,16,2415.119999999999,2opt,notBad
8267,16,2415.119999999999,16,2415.119999999999,2opt,notBad
8268,16,2415.119999999999,16,2415.119999999999,2opt,notBad
8269,16,2415.119999999999,16,2415.119999999999,2opt,notBad
8270,16,2415.119999999999,16,2415.119999999999,swap,notBad
8271,16,2415.119999999999,16,2415.119999999999,swap,notBad
8272,16,2415.119999999999,16,2415.119999999999,swap,notBad
8273,16,2415.119999999999,16,2415.119999999999,swap,notBad
8274,16,2415.119999999999,16,2415.119999999999,move,improve
8275,16,2415.119999999999,16,2415.119999999999,swap,notBad
8276,16,2415.119999999999,16,2415.119999999999,swap,notBad
8277,16,2415.119999999999,16,2415.119999999999,swap,notBad
8278,16,2415.119999999999,16,2415.119999999999,2opt,notBad
8279,16,2415.119999999999,16,2415.119999999999,swap,notBad
8280,16,2415.119999999999,16,2415.119999999999,move,improve
8281,16,2414.2199999999993,16,2414.2199999999993,swap,newBest
8282,16,2414.2199999999993,16,2414.2199999999993,move,improve
8283,16,2414.2199999999993,16,2414.2199999999993,swap,notBad
8284,16,2414.2199999999993,16,2414.2199999999993,swap,notBad
8285,16,2414.2199999999993,16,2414.2199999999993,move,improve
8286,16,2414.2199999999993,16,2414.2199999999993,2opt,improve
8287,16,2414.2199999999993,16,2414.2199999999993,swap,notBad
8288,16,2414.2199999999993,16,2414.2199999999993,move,improve
8289,16,2414.2199999999993,16,2414.2199999999993,2opt,notBad
8290,16,2414.2199999999993,16,2414.2199999999993,swap,notBad
8291,16,2414.2199999999993,16,2414.2199999999993,move,improve
8292,16,2414.2199999999993,16,2414.2199999999993,2opt,notBad
8293,16,2414.2199999999993,16,2414.2199999999993,move,improve
8294,16,2414.2199999999993,16,2414.2199999999993,move,improve
8295,16,2414.2199999999993,16,2414.2199999999993,2opt,notBad
8296,16,2414.2199999999993,16,2414.2199999999993,move,improve
8297,16,2414.2199999999993,16,2414.2199999999993,2opt,improve
8298,16,2414.2199999999993,16,2414.2199999999993,2opt,notBad
8299,16,2414.2199999999993,16,2414.2199999999993,2opt,notBad
8300,16,2414.2199999999993,16,2414.2199999999993,2opt,notBad
8301,16,2414.2199999999993,16,2414.2199999999993,swap,notBad
8302,16,2413.5599999999995,16,2413.5599999999995,swap,newBest
8303,16,2413.5599999999995,16,2413.5599999999995,swap,notBad
8304,16,2413.5599999999995,16,2413.5599999999995,move,improve
8305,16,2413.5599999999995,16,2413.5599999999995,move,improve
8306,16,2413.5599999999995,16,2413.5599999999995,swap,notBad
8307,16,2413.5599999999995,16,2413.5599999999995,swap,notBad
8308,16,2413.5599999999995,16,2413.5599999999995,2opt,notBad
8309,16,2413.5599999999995,16,2413.5599999999995,2opt,notBad
8310,16,2413.5599999999995,16,2413.5599999999995,move,improve
8311,16,2413.5599999999995,16,2413.5599999999995,swap,notBad
8312,16,2413.5599999999995,16,2413.5599999999995,move,improve
8313,16,2413.5599999999995,16,2413.5599999999995,2opt,notBad
8314,16,2413.5599999999995,16,2413.5599999999995,move,improve
8315,16,2413.5599999999995,16,2413.5599999999995,move,improve
8316,16,2413.5599999999995,16,2413.5599999999995,move,improve
8317,16,2413.5599999999995,16,2413.5599999999995,swap,notBad
8318,16,2413.5599999999995,16,2413.5599999999995,2opt,improve
8319,16,2413.5599999999995,16,2413.5599999999995,move,improve
8320,16,2413.5599999999995,16,2413.5599999999995,move,improve
8321,16,2413.5599999999995,16,2413.5599999999995,swap,notBad
8322,16,2413.5599999999995,16,2413.5599999999995,2opt,notBad
8323,16,2413.5599999999995,16,2413.5599999999995,swap,notBad
8324,16,2413.5599999999995,16,2413.5599999999995,2opt,notBad
8325,16,2413.5599999999995,16,2413.5599999999995,swap,notBad
8326,16,2413.5599999999995,16,2413.5599999999995,move,improve
8327,16,2413.5599999999995,16,2413.5599999999995,swap,notBad
8328,16,2413.5599999999995,16,2413.5599999999995,move,improve
8329,16,2413.5599999999995,16,2413.5599999999995,swap,notBad
8330,16,2413.5599999999995,16,2413.5599999999995,swap,notBad
8331,16,2413.5599999999995,16,2413.5599999999995,2opt,notBad
8332,16,2413.5599999999995,16,2413.5599999999995,swap,notBad
8333,16,2413.5599999999995,16,2413.5599999999995,move,improve
8334,16,2413.5599999999995,16,2413.5599999999995,move,improve
8335,16,2413.5599999999995,16,2413.5599999999995,2opt,notBad
8336,16,2413.5599999999995,16,2413.5599999999995,swap,notBad
8337,16,2413.5599999999995,16,2413.5599999999995,swap,notBad
8338,16,2413.5599999999995,16,2413.5599999999995,swap,notBad
8339,16,2413.5599999999995,16,2413.5599999999995,swap,notBad
8340,16,2413.5599999999995,16,2413.5599999999995,2opt,notBad
8341,16,2413.5599999999995,16,2413.5599999999995,2opt,notBad
8342,16,2413.5599999999995,16,2413.5599999999995,move,improve
8343,16,2413.5599999999995,16,2413.5599999999995,2opt,notBad
8344,16,2413.5599999999995,16,2413.5599999999995,2opt,notBad
8345,16,2413.5599999999995,16,2413.5599999999995,2opt,notBad
8346,16,2413.5599999999995,16,2413.5599999999995,swap,notBad
8347,16,2413.5599999999995,16,2413.5599999999995,move,improve
8348,16,2413.5599999999995,16,2413.5599999999995,swap,notBad
8349,16,2413.5599999999995,16,2413.5599999999995,swap,notBad
8350,16,2413.5599999999995,16,2413.5599999999995,2opt,notBad
8351,16,2413.5599999999995,16,2413.5599999999995,2opt,notBad
8352,16,2413.5599999999995,16,2413.5599999999995,swap,notBad
8353,16,2412.0599999999995,16,2412.0599999999995,swap,newBest
8354,16,2412.0599999999995,16,2412.0599999999995,move,improve
8355,16,2412.0599999999995,16,2412.0599999999995,2opt,notBad
8356,16,2412.0599999999995,16,2412.0599999999995,swap,notBad
8357,16,2412.0599999999995,16,2412.0599999999995,2opt,notBad
8358,16,2412.0599999999995,16,2412.0599999999995,2opt,improve
8359,16,2412.0599999999995,16,2412.0599999999995,2opt,notBad
8360,16,2412.0599999999995,16,2412.0599999999995,2opt,notBad
8361,16,2412.0599999999995,16,2412.0599999999995,swap,notBad
8362,16,2412.0599999999995,16,2412.0599999999995,swap,notBad
8363,16,2412.0599999999995,16,2412.0599999999995,swap,notBad
8364,16,2412.0599999999995,16,2412.0599999999995,swap,notBad
8365,16,2412.0599999999995,16,2412.0599999999995,move,improve
8366,16,2412.0599999999995,16,2412.0599999999995,2opt,improve
8367,16,2412.0599999999995,16,2412.0599999999995,2opt,notBad
8368,16,2412.0599999999995,16,2412.0599999999995,move,improve
8369,16,2412.0599999999995,16,2412.0599999999995,swap,notBad
8370,16,2412.0599999999995,16,2412.0599999999995,move,improve
8371,16,2412.0599999999995,16,2412.0599999999995,swap,notBad
8372,16,2412.0599999999995,16,2412.0599999999995,move,improve
8373,16,2412.0599999999995,16,2412.0599999999995,move,improve
8374,16,2412.0599999999995,16,2412.0599999999995,2opt,notBad
8375,16,2412.0599999999995,16,2412.0599999999995,move,improve
8376,16,2412.0599999999995,16,2412.0599999999995,swap,notBad
8377,16,2412.0599999999995,16,2412.0599999999995,2opt,notBad
8378,16,2412.0599999999995,16,2412.0599999999995,move,improve
8379,16,2412.0599999999995,16,2412.0599999999995,swap,notBad
8380,16,2412.0599999999995,16,2412.0599999999995,move,improve
8381,16,2412.0599999999995,16,2412.0599999999995,swap,notBad
8382,16,2412.0599999999995,16,2412.0599999999995,2opt,notBad
8383,16,2412.0599999999995,16,2412.0599999999995,swap,notBad
8384,16,2412.0599999999995,16,2412.0599999999995,2opt,notBad
8385,16,2412.0599999999995,16,2412.0599999999995,2opt,notBad
8386,16,2412.0599999999995,16,2412.0599999999995,2opt,notBad
8387,16,2412.0599999999995,16,2412.0599999999995,2opt,notBad
8388,16,2412.0599999999995,16,2412.0599999999995,2opt,notBad
8389,16,2412.0599999999995,16,2412.0599999999995,swap,notBad
8390,16,2412.0599999999995,16,2412.0599999999995,move,improve
8391,16,2412.0599999999995,16,2412.0599999999995,2opt,notBad
8392,16,2412.0599999999995,16,2412.0599999999995,move,improve
8393,16,2412.0599999999995,16,2412.0599999999995,2opt,notBad
8394,16,2412.0599999999995,16,2412.0599999999995,2opt,notBad
8395,16,2413.5399999999995,16,2412.0599999999995,swap,acceptBad
8396,16,2413.5399999999995,16,2412.0599999999995,swap,notBad
8397,16,2413.5399999999995,16,2412.0599999999995,move,improve
8398,16,2413.5399999999995,16,2412.0599999999995,move,improve
8399,16,2413.5399999999995,16,2412.0599999999995,2opt,improve
8400,16,2413.5399999999995,16,2412.0599999999995,swap,notBad
8401,16,2413.5399999999995,16,2412.0599999999995,swap,notBad
8402,16,2413.5399999999995,16,2412.0599999999995,move,improve
8403,16,2413.5399999999995,16,2412.0599999999995,move,improve
8404,16,2413.5399999999995,16,2412.0599999999995,swap,notBad
8405,16,2413.5399999999995,16,2412.0599999999995,2opt,notBad
8406,16,2413.5399999999995,16,2412.0599999999995,move,improve
8407,16,2413.5399999999995,16,2412.0599999999995,swap,notBad
8408,16,2413.5399999999995,16,2412.0599999999995,swap,notBad
8409,16,2413.5399999999995,16,2412.0599999999995,swap,notBad
8410,16,2413.5399999999995,16,2412.0599999999995,swap,notBad
8411,16,2413.5399999999995,16,2412.0599999999995,swap,notBad
8412,16,2413.5399999999995,16,2412.0599999999995,2opt,notBad
8413,16,2413.5399999999995,16,2412.0599999999995,swap,notBad
8414,16,2413.5399999999995,16,2412.0599999999995,2opt,notBad
8415,16,2413.5399999999995,16,2412.0599999999995,swap,notBad
8416,16,2413.5399999999995,16,2412.0599999999995,move,improve
8417,16,2413.5399999999995,16,2412.0599999999995,move,improve
8418,16,2413.5399999999995,16,2412.0599999999995,move,improve
8419,16,2413.1199999999994,16,2412.0599999999995,move,improve
8420,16,2413.1199999999994,16,2412.0599999999995,swap,notBad
8421,16,2413.1199999999994,16,2412.0599999999995,move,improve
8422,16,2413.1199999999994,16,2412.0599999999995,2opt,improve
8423,16,2413.1199999999994,16,2412.0599999999995,move,improve
8424,16,2413.1199999999994,16,2412.0599999999995,swap,notBad
8425,16,2413.1199999999994,16,2412.0599999999995,swap,notBad
8426,16,2413.1199999999994,16,2412.0599999999995,swap,notBad
8427,16,2413.1199999999994,16,2412.0599999999995,2opt,notBad
8428,16,2413.1199999999994,16,2412.0599999999995,2opt,notBad
8429,16,2413.1199999999994,16,2412.0599999999995,swap,notBad
8430,16,2413.1199999999994,16,2412.0599999999995,move,improve
8431,16,2413.1199999999994,16,2412.0599999999995,2opt,improve
8432,16,2413.1199999999994,16,2412.0599999999995,2opt,notBad
8433,16,2413.1199999999994,16,2412.0599999999995,swap,notBad
8434,16,2413.1199999999994,16,2412.0599999999995,2opt,notBad
8435,16,2413.1199999999994,16,2412.0599999999995,2opt,notBad
8436,16,2413.1199999999994,16,2412.0599999999995,2opt,notBad
8437,16,2413.1199999999994,16,2412.0599999999995,swap,notBad
8438,16,2413.1199999999994,16,2412.0599999999995,move,improve
8439,16,2413.1199999999994,16,2412.0599999999995,2opt,notBad
8440,16,2413.1199999999994,16,2412.0599999999995,2opt,notBad
8441,16,2413.1199999999994,16,2412.0599999999995,2opt,notBad
8442,16,2413.1199999999994,16,2412.0599999999995,move,improve
8443,16,2413.1199999999994,16,2412.0599999999995,move,improve
8444,16,2413.1199999999994,16,2412.0599999999995,2opt,notBad
8445,16,2413.1199999999994,16,2412.0599999999995,2opt,notBad
8446,16,2413.1199999999994,16,2412.0599999999995,move,improve
8447,16,2413.1199999999994,16,2412.0599999999995,move,improve
8448,16,2413.1199999999994,16,2412.0599999999995,2opt,notBad
8449,16,2413.1199999999994,16,2412.0599999999995,move,improve
8450,16,2408.5599999999995,16,2408.5599999999995,swap,newBest
8451,16,2408.5599999999995,16,2408.5599999999995,move,improve
8452,16,2408.5599999999995,16,2408.5599999999995,swap,notBad
8453,16,2408.5599999999995,16,2408.5599999999995,2opt,notBad
8454,16,2408.5599999999995,16,2408.5599999999995,swap,notBad
8455,16,2408.5599999999995,16,2408.5599999999995,move,improve
8456,16,2408.5599999999995,16,2408.5599999999995,2opt,notBad
8457,16,2408.5599999999995,16,2408.5599999999995,2opt,notBad
8458,16,2408.5599999999995,16,2408.5599999999995,move,improve
8459,16,2408.5599999999995,16,2408.5599999999995,swap,notBad
8460,16,2408.5599999999995,16,2408.5599999999995,move,improve
8461,16,2408.7399999999993,16,2408.5599999999995,swap,acceptBad
8462,16,2408.7399999999993,16,2408.5599999999995,2opt,notBad
8463,16,2408.7399999999993,16,2408.5599999999995,move,improve
8464,16,2408.7399999999993,16,2408.5599999999995,swap,notBad
8465,16,2408.7399999999993,16,2408.5599999999995,move,improve
8466,16,2408.7399999999993,16,2408.5599999999995,swap,notBad
8467,16,2408.7399999999993,16,2408.5599999999995,move,improve
8468,16,2408.7399999999993,16,2408.5599999999995,2opt,notBad
8469,16,2408.7399999999993,16,2408.5599999999995,2opt,notBad
8470,16,2408.7399999999993,16,2408.5599999999995,swap,notBad
8471,16,2408.7399999999993,16,2408.5599999999995,2opt,notBad
8472,16,2408.7399999999993,16,2408.5599999999995,2opt,notBad
8473,16,2408.7399999999993,16,2408.5599999999995,swap,notBad
8474,16,2408.7399999999993,16,2408.5599999999995,swap,notBad
8475,16,2408.7399999999993,16,2408.5599999999995,swap,notBad
8476,16,2408.7399999999993,16,2408.5599999999995,move,improve
8477,16,2408.7399999999993,16,2408.5599999999995,2opt,notBad
8478,16,2408.7399999999993,16,2408.5599999999995,2opt,notBad
8479,16,2408.7399999999993,16,2408.5599999999995,2opt,notBad
8480,16,2408.7399999999993,16,2408.5599999999995,2opt,improve
8481,16,2408.7399999999993,16,2408.5599999999995,2opt,notBad
8482,16,2408.7399999999993,16,2408.5599999999995,2opt,notBad
8483,16,2408.7399999999993,16,2408.5599999999995,move,improve
8484,16,2408.7399999999993,16,2408.5599999999995,2opt,improve
8485,16,2408.7399999999993,16,2408.5599999999995,move,improve
8486,16,2408.7399999999993,16,2408.5599999999995,2opt,improve
8487,16,2408.7399999999993,16,2408.5599999999995,move,improve
8488,16,2408.7399999999993,16,2408.5599999999995,2opt,notBad
8489,16,2408.7399999999993,16,2408.5599999999995,swap,notBad
8490,16,2408.7399999999993,16,2408.5599999999995,swap,notBad
8491,16,2408.7399999999993,16,2408.5599999999995,2opt,notBad
8492,16,2408.7399999999993,16,2408.5599999999995,2opt,notBad
8493,16,2408.7399999999993,16,2408.5599999999995,2opt,notBad
8494,16,2408.7399999999993,16,2408.5599999999995,swap,notBad
8495,16,2408.7399999999993,16,2408.5599999999995,move,improve
8496,16,2408.7399999999993,16,2408.5599999999995,2opt,notBad
8497,16,2408.7399999999993,16,2408.5599999999995,move,improve
8498,16,2408.7399999999993,16,2408.5599999999995,swap,notBad
8499,16,2408.7399999999993,16,2408.5599999999995,move,improve
8500,16,2408.7399999999993,16,2408.5599999999995,move,improve
8501,16,2408.7399999999993,16,2408.5599999999995,swap,notBad
8502,16,2408.7399999999993,16,2408.5599999999995,2opt,notBad
8503,16,2408.7399999999993,16,2408.5599999999995,2opt,notBad
8504,16,2408.7399999999993,16,2408.5599999999995,move,improve
8505,16,2408.7399999999993,16,2408.5599999999995,2opt,notBad
8506,16,2408.7399999999993,16,2408.5599999999995,swap,notBad
8507,16,2408.5599999999995,16,2408.5599999999995,swap,improve
8508,16,2408.5599999999995,16,2408.5599999999995,move,improve
8509,16,2408.5599999999995,16,2408.5599999999995,move,improve
8510,16,2408.5599999999995,16,2408.5599999999995,swap,notBad
8511,16,2408.5599999999995,16,2408.5599999999995,swap,notBad
8512,16,2408.5599999999995,16,2408.5599999999995,2opt,notBad
8513,16,2408.5599999999995,16,2408.5599999999995,2opt,notBad
8514,16,2408.5599999999995,16,2408.5599999999995,swap,notBad
8515,16,2408.5599999999995,16,2408.5599999999995,move,improve
8516,16,2408.5599999999995,16,2408.5599999999995,2opt,notBad
8517,16,2408.5599999999995,16,2408.5599999999995,move,improve
8518,16,2408.5599999999995,16,2408.5599999999995,2opt,notBad
8519,16,2408.5599999999995,16,2408.5599999999995,2opt,notBad
8520,16,2408.5599999999995,16,2408.5599999999995,swap,notBad
8521,16,2410.0599999999995,16,2408.5599999999995,swap,acceptBad
8522,16,2410.1800000000003,16,2408.5599999999995,2opt,acceptBad
8523,16,2410.1800000000003,16,2408.5599999999995,2opt,notBad
8524,16,2410.1800000000003,16,2408.5599999999995,move,improve
8525,16,2410.1800000000003,16,2408.5599999999995,2opt,notBad
8526,16,2410.1800000000003,16,2408.5599999999995,2opt,notBad
8527,16,2410.1800000000003,16,2408.5599999999995,swap,notBad
8528,16,2410.1800000000003,16,2408.5599999999995,2opt,notBad
8529,16,2410.1800000000003,16,2408.5599999999995,move,improve
8530,16,2410.1800000000003,16,2408.5599999999995,move,improve
8531,16,2410.1800000000003,16,2408.5599999999995,move,improve
8532,16,2410.1800000000003,16,2408.5599999999995,swap,notBad
8533,16,2410.1800000000003,16,2408.5599999999995,swap,notBad
8534,16,2410.1800000000003,16,2408.5599999999995,2opt,notBad
8535,16,2410.1800000000003,16,2408.5599999999995,move,improve
8536,16,2410.1800000000003,16,2408.5599999999995,2opt,improve
8537,16,2410.1800000000003,16,2408.5599999999995,2opt,notBad
8538,16,2410.1800000000003,16,2408.5599999999995,2opt,improve
8539,16,2410.1800000000003,16,2408.5599999999995,swap,notBad
8540,16,2410.1800000000003,16,2408.5599999999995,2opt,notBad
8541,16,2410.1800000000003,16,2408.5599999999995,swap,notBad
8542,16,2410.1800000000003,16,2408.5599999999995,move,improve
8543,16,2410.1800000000003,16,2408.5599999999995,swap,notBad
8544,16,2410.1800000000003,16,2408.5599999999995,2opt,notBad
8545,16,2410.1800000000003,16,2408.5599999999995,swap,notBad
8546,16,2410.1800000000003,16,2408.5599999999995,move,improve
8547,16,2410.1800000000003,16,2408.5599999999995,move,improve
8548,16,2410.1800000000003,16,2408.5599999999995,2opt,notBad
8549,16,2410.1800000000003,16,2408.5599999999995,swap,notBad
8550,16,2410.1800000000003,16,2408.5599999999995,2opt,notBad
8551,16,2410.1800000000003,16,2408.5599999999995,move,improve
8552,16,2410.1800000000003,16,2408.5599999999995,2opt,notBad
8553,16,2410.1800000000003,16,2408.5599999999995,swap,notBad
8554,16,2410.1800000000003,16,2408.5599999999995,move,improve
8555,16,2410.1800000000003,16,2408.5599999999995,2opt,notBad
8556,16,2410.1800000000003,16,2408.5599999999995,2opt,notBad
8557,16,2410.1800000000003,16,2408.5599999999995,2opt,notBad
8558,16,2410.1800000000003,16,2408.5599999999995,swap,notBad
8559,16,2410.1800000000003,16,2408.5599999999995,swap,notBad
8560,16,2410.1800000000003,16,2408.5599999999995,move,improve
8561,16,2410.1800000000003,16,2408.5599999999995,2opt,notBad
8562,16,2410.1800000000003,16,2408.5599999999995,move,improve
8563,16,2410.1800000000003,16,2408.5599999999995,move,improve
8564,16,2410.1800000000003,16,2408.5599999999995,2opt,notBad
8565,16,2410.1800000000003,16,2408.5599999999995,move,improve
8566,16,2410.1800000000003,16,2408.5599999999995,2opt,notBad
8567,16,2410.1800000000003,16,2408.5599999999995,2opt,notBad
8568,16,2410.1800000000003,16,2408.5599999999995,2opt,notBad
8569,16,2410.1800000000003,16,2408.5599999999995,2opt,notBad
8570,16,2410.1800000000003,16,2408.5599999999995,move,improve
8571,16,2410.1800000000003,16,2408.5599999999995,swap,notBad
8572,16,2410.1800000000003,16,2408.5599999999995,swap,notBad
8573,16,2410.1800000000003,16,2408.5599999999995,move,improve
8574,16,2410.1800000000003,16,2408.5599999999995,2opt,notBad
8575,16,2410.1800000000003,16,2408.5599999999995,swap,notBad
8576,16,2407.3,16,2407.3,move,newBest
8577,16,2407.3,16,2407.3,move,improve
8578,16,2407.3,16,2407.3,2opt,notBad
8579,16,2407.3,16,2407.3,2opt,notBad
8580,16,2407.3,16,2407.3,swap,notBad
8581,16,2407.3,16,2407.3,swap,notBad
8582,16,2407.3,16,2407.3,move,improve
8583,16,2407.3,16,2407.3,move,improve
8584,16,2407.3,16,2407.3,2opt,notBad
8585,16,2407.3,16,2407.3,2opt,notBad
8586,16,2407.3,16,2407.3,swap,notBad
8587,16,2407.3,16,2407.3,move,improve
8588,16,2407.3,16,2407.3,swap,notBad
8589,16,2407.3,16,2407.3,swap,notBad
8590,16,2407.3,16,2407.3,2opt,notBad
8591,16,2407.3,16,2407.3,swap,notBad
8592,16,2407.3,16,2407.3,swap,notBad
8593,16,2407.3,16,2407.3,move,improve
8594,16,2407.3,16,2407.3,move,improve
8595,16,2407.3,16,2407.3,move,improve
8596,16,2407.3,16,2407.3,move,improve
8597,16,2407.3,16,2407.3,2opt,notBad
8598,16,2407.3,16,2407.3,2opt,notBad
8599,16,2407.3,16,2407.3,move,improve
8600,16,2407.3,16,2407.3,swap,notBad
8601,16,2407.3,16,2407.3,swap,notBad
8602,16,2407.3,16,2407.3,move,improve
8603,16,2407.3,16,2407.3,move,improve
8604,16,2407.3,16,2407.3,move,improve
8605,16,2407.3,16,2407.3,move,improve
8606,16,2407.3,16,2407.3,2opt,notBad
8607,16,2407.3,16,2407.3,swap,notBad
8608,16,2407.3,16,2407.3,move,improve
8609,16,2407.3,16,2407.3,2opt,notBad
8610,16,2407.3,16,2407.3,2opt,notBad
8611,16,2407.3,16,2407.3,move,improve
8612,16,2407.3,16,2407.3,2opt,notBad
8613,16,2407.3,16,2407.3,swap,notBad
8614,16,2407.3,16,2407.3,move,improve
8615,16,2407.3,16,2407.3,swap,notBad
8616,16,2407.3,16,2407.3,swap,notBad
8617,16,2407.3,16,2407.3,move,improve
8618,16,2407.3,16,2407.3,move,improve
8619,16,2407.3,16,2407.3,2opt,notBad
8620,16,2407.3,16,2407.3,swap,notBad
8621,16,2407.3,16,2407.3,swap,notBad
8622,16,2407.3,16,2407.3,swap,notBad
8623,16,2407.3,16,2407.3,move,improve
8624,16,2407.3,16,2407.3,2opt,notBad
8625,16,2407.3,16,2407.3,2opt,notBad
8626,16,2407.3,16,2407.3,2opt,notBad
8627,16,2407.3,16,2407.3,swap,notBad
8628,16,2407.3,16,2407.3,2opt,notBad
8629,16,2407.3,16,2407.3,move,improve
8630,16,2407.3,16,2407.3,2opt,notBad
8631,16,2407.3,16,2407.3,swap,notBad
8632,16,2407.3,16,2407.3,2opt,notBad
8633,16,2407.3,16,2407.3,move,improve
8634,16,2407.3,16,2407.3,swap,notBad
8635,16,2407.3,16,2407.3,2opt,notBad
8636,16,2407.3,16,2407.3,2opt,notBad
8637,16,2407.3,16,2407.3,move,improve
8638,16,2407.3,16,2407.3,swap,notBad
8639,16,2407.3,16,2407.3,2opt,notBad
8640,16,2407.3,16,2407.3,2opt,notBad
8641,16,2407.3,16,2407.3,swap,notBad
8642,16,2407.3,16,2407.3,move,improve
8643,16,2407.3,16,2407.3,move,improve
8644,16,2407.3,16,2407.3,swap,notBad
8645,16,2407.3,16,2407.3,move,improve
8646,16,2407.3,16,2407.3,move,improve
8647,16,2407.3,16,2407.3,swap,notBad
8648,16,2407.3,16,2407.3,2opt,notBad
8649,16,2407.3,16,2407.3,move,improve
8650,16,2407.3,16,2407.3,swap,notBad
8651,16,2407.3,16,2407.3,2opt,notBad
8652,16,2407.3,16,2407.3,2opt,notBad
8653,16,2407.3,16,2407.3,2opt,notBad
8654,16,2407.3,16,2407.3,2opt,notBad
8655,16,2407.3,16,2407.3,move,improve
8656,16,2407.3,16,2407.3,2opt,notBad
8657,16,2407.3,16,2407.3,move,improve
8658,16,2407.3,16,2407.3,swap,notBad
8659,16,2407.3,16,2407.3,move,notBad
8660,16,2407.3,16,2407.3,swap,notBad
8661,16,2407.3,16,2407.3,move,improve
8662,16,2407.3,16,2407.3,2opt,notBad
8663,16,2407.3,16,2407.3,move,improve
8664,16,2407.3,16,2407.3,swap,notBad
8665,16,2407.3,16,2407.3,2opt,notBad
8666,16,2407.3,16,2407.3,swap,notBad
8667,16,2407.3,16,2407.3,move,improve
8668,16,2407.3,16,2407.3,move,improve
8669,16,2407.3,16,2407.3,move,improve
8670,16,2407.3,16,2407.3,2opt,notBad
8671,16,2407.3,16,2407.3,move,improve
8672,16,2407.3,16,2407.3,2opt,notBad
8673,16,2407.3,16,2407.3,swap,notBad
8674,16,2407.3,16,2407.3,swap,notBad
8675,16,2407.3,16,2407.3,2opt,notBad
8676,16,2407.3,16,2407.3,swap,notBad
8677,16,2407.3,16,2407.3,move,improve
8678,16,2407.3,16,2407.3,swap,notBad
8679,16,2407.3,16,2407.3,swap,notBad
8680,16,2407.3,16,2407.3,2opt,notBad
8681,16,2407.3,16,2407.3,swap,notBad
8682,16,2407.3,16,2407.3,2opt,notBad
8683,16,2407.3,16,2407.3,move,improve
8684,16,2407.3,16,2407.3,swap,notBad
8685,16,2407.3,16,2407.3,2opt,notBad
8686,16,2407.3,16,2407.3,move,improve
8687,16,2407.3,16,2407.3,2opt,notBad
8688,16,2407.3,16,2407.3,move,improve
8689,16,2407.3,16,2407.3,2opt,notBad
8690,16,2407.3,16,2407.3,swap,notBad
8691,16,2407.3,16,2407.3,move,improve
8692,16,2407.3,16,2407.3,2opt,improve
8693,16,2407.3,16,2407.3,move,improve
8694,16,2406.82,16,2406.82,move,newBest
8695,16,2406.82,16,2406.82,2opt,improve
8696,16,2406.82,16,2406.82,2opt,notBad
8697,16,2406.82,16,2406.82,move,improve
8698,16,2406.82,16,2406.82,2opt,notBad
8699,16,2406.82,16,2406.82,move,improve
8700,16,2406.82,16,2406.82,swap,notBad
8701,16,2406.82,16,2406.82,2opt,notBad
8702,16,2406.82,16,2406.82,move,improve
8703,16,2406.82,16,2406.82,swap,notBad
8704,16,2406.82,16,2406.82,swap,notBad
8705,16,2406.82,16,2406.82,move,improve
8706,16,2406.82,16,2406.82,2opt,notBad
8707,16,2406.82,16,2406.82,2opt,notBad
8708,16,2406.82,16,2406.82,2opt,notBad
8709,16,2406.82,16,2406.82,move,improve
8710,16,2406.82,16,2406.82,swap,notBad
8711,16,2406.82,16,2406.82,move,improve
8712,16,2406.82,16,2406.82,2opt,notBad
8713,16,2406.82,16,2406.82,2opt,notBad
8714,16,2406.82,16,2406.82,move,improve
8715,16,2406.82,16,2406.82,move,improve
8716,16,2406.82,16,2406.82,swap,notBad
8717,16,2406.82,16,2406.82,2opt,improve
8718,16,2406.82,16,2406.82,swap,notBad
8719,16,2406.82,16,2406.82,2opt,notBad
8720,16,2406.82,16,2406.82,swap,notBad
8721,16,2406.82,16,2406.82,2opt,improve
8722,16,2406.82,16,2406.82,swap,notBad
8723,16,2406.82,16,2406.82,move,improve
8724,16,2406.82,16,2406.82,2opt,notBad
8725,16,2406.82,16,2406.82,move,improve
8726,16,2406.82,16,2406.82,swap,notBad
8727,16,2406.82,16,2406.82,2opt,notBad
8728,16,2406.82,16,2406.82,2opt,notBad
8729,16,2406.82,16,2406.82,move,improve
8730,16,2406.82,16,2406.82,move,improve
8731,16,2406.82,16,2406.82,swap,notBad
8732,16,2406.82,16,2406.82,swap,notBad
8733,16,2406.82,16,2406.82,swap,notBad
8734,16,2406.82,16,2406.82,move,improve
8735,16,2406.82,16,2406.82,swap,notBad
8736,16,2406.82,16,2406.82,2opt,notBad
8737,16,2407.66,16,2406.82,swap,acceptBad
8738,16,2407.66,16,2406.82,move,improve
8739,16,2407.66,16,2406.82,2opt,notBad
8740,16,2407.66,16,2406.82,swap,notBad
8741,16,2407.66,16,2406.82,move,improve
8742,16,2407.66,16,2406.82,swap,notBad
8743,16,2407.66,16,2406.82,move,improve
8744,16,2407.66,16,2406.82,swap,notBad
8745,16,2407.66,16,2406.82,swap,notBad
8746,16,2407.66,16,2406.82,swap,notBad
8747,16,2407.66,16,2406.82,move,improve
8748,16,2407.66,16,2406.82,swap,notBad
8749,16,2407.66,16,2406.82,2opt,notBad
8750,16,2407.66,16,2406.82,move,improve
8751,16,2407.66,16,2406.82,move,improve
8752,16,2407.66,16,2406.82,2opt,notBad
8753,16,2407.66,16,2406.82,move,improve
8754,16,2407.66,16,2406.82,swap,notBad
8755,16,2407.66,16,2406.82,2opt,notBad
8756,16,2407.66,16,2406.82,swap,notBad
8757,16,2407.66,16,2406.82,move,improve
8758,16,2407.66,16,2406.82,swap,notBad
8759,16,2407.66,16,2406.82,move,improve
8760,16,2407.66,16,2406.82,move,improve
8761,16,2407.66,16,2406.82,swap,notBad
8762,16,2407.66,16,2406.82,swap,notBad
8763,16,2407.66,16,2406.82,swap,notBad
8764,16,2407.66,16,2406.82,swap,notBad
8765,16,2407.66,16,2406.82,swap,notBad
8766,16,2407.66,16,2406.82,swap,notBad
8767,16,2407.66,16,2406.82,2opt,notBad
8768,16,2407.66,16,2406.82,swap,notBad
8769,16,2407.66,16,2406.82,2opt,notBad
8770,16,2407.66,16,2406.82,2opt,notBad
8771,16,2407.66,16,2406.82,2opt,notBad
8772,16,2407.66,16,2406.82,move,improve
8773,16,2407.66,16,2406.82,swap,notBad
8774,16,2407.66,16,2406.82,2opt,notBad
8775,16,2407.66,16,2406.82,swap,notBad
8776,16,2407.66,16,2406.82,2opt,notBad
8777,16,2407.66,16,2406.82,move,improve
8778,16,2407.66,16,2406.82,swap,notBad
8779,16,2407.66,16,2406.82,move,improve
8780,16,2407.66,16,2406.82,2opt,notBad
8781,16,2407.66,16,2406.82,2opt,notBad
8782,16,2407.66,16,2406.82,move,improve
8783,16,2407.66,16,2406.82,2opt,notBad
8784,16,2407.66,16,2406.82,move,improve
8785,16,2407.66,16,2406.82,swap,notBad
8786,16,2407.66,16,2406.82,move,improve
8787,16,2407.66,16,2406.82,2opt,notBad
8788,16,2397.7,16,2397.7,move,newBest
8789,16,2397.7,16,2397.7,swap,notBad
8790,16,2397.7,16,2397.7,move,improve
8791,16,2397.7,16,2397.7,move,improve
8792,16,2375.62,16,2375.62,move,newBest
8793,16,2375.62,16,2375.62,2opt,notBad
8794,16,2375.62,16,2375.62,swap,notBad
8795,16,2375.62,16,2375.62,2opt,notBad
8796,16,2375.62,16,2375.62,swap,notBad
8797,16,2375.62,16,2375.62,swap,notBad
8798,16,2375.62,16,2375.62,move,improve
8799,16,2375.62,16,2375.62,2opt,notBad
8800,16,2375.62,16,2375.62,2opt,improve
8801,16,2375.62,16,2375.62,2opt,notBad
8802,16,2375.62,16,2375.62,move,improve
8803,16,2375.62,16,2375.62,move,improve
8804,16,2375.62,16,2375.62,2opt,notBad
8805,16,2375.62,16,2375.62,swap,notBad
8806,16,2375.62,16,2375.62,swap,notBad
8807,16,2375.62,16,2375.62,swap,notBad
8808,16,2375.62,16,2375.62,move,improve
8809,16,2375.62,16,2375.62,swap,notBad
8810,16,2375.62,16,2375.62,swap,notBad
8811,16,2375.62,16,2375.62,2opt,notBad
8812,16,2375.62,16,2375.62,swap,notBad
8813,16,2375.62,16,2375.62,move,improve
8814,16,2375.62,16,2375.62,move,improve
8815,16,2375.62,16,2375.62,swap,notBad
8816,16,2375.62,16,2375.62,swap,notBad
8817,16,2375.62,16,2375.62,move,improve
8818,16,2375.62,16,2375.62,2opt,notBad
8819,16,2375.62,16,2375.62,2opt,notBad
8820,16,2375.62,16,2375.62,swap,notBad
8821,16,2375.62,16,2375.62,swap,notBad
8822,16,2375.62,16,2375.62,swap,notBad
8823,16,2375.62,16,2375.62,2opt,notBad
8824,16,2375.62,16,2375.62,2opt,notBad
8825,16,2375.62,16,2375.62,2opt,notBad
8826,16,2371.66,16,2371.66,swap,newBest
8827,16,2371.66,16,2371.66,swap,notBad
8828,16,2371.66,16,2371.66,move,improve
8829,16,2371.66,16,2371.66,swap,notBad
8830,16,2371.66,16,2371.66,swap,notBad
8831,16,2371.66,16,2371.66,2opt,improve
8832,16,2371.66,16,2371.66,move,improve
8833,16,2371.66,16,2371.66,swap,notBad
8834,16,2371.66,16,2371.66,move,improve
8835,16,2371.66,16,2371.66,move,improve
8836,16,2371.66,16,2371.66,2opt,notBad
8837,16,2371.66,16,2371.66,swap,notBad
8838,16,2371.66,16,2371.66,swap,notBad
8839,16,2371.66,16,2371.66,2opt,notBad
8840,16,2371.66,16,2371.66,2opt,notBad
8841,16,2371.66,16,2371.66,swap,notBad
8842,16,2371.66,16,2371.66,move,notBad
8843,16,2371.66,16,2371.66,swap,notBad
8844,16,2371.66,16,2371.66,move,notBad
8845,16,2371.66,16,2371.66,move,improve
8846,16,2371.66,16,2371.66,swap,notBad
8847,16,2371.66,16,2371.66,move,improve
8848,16,2370.92,16,2370.92,swap,newBest
8849,16,2370.92,16,2370.92,move,improve
8850,16,2370.92,16,2370.92,2opt,notBad
8851,16,2370.92,16,2370.92,move,improve
8852,16,2370.92,16,2370.92,2opt,improve
8853,16,2370.92,16,2370.92,swap,notBad
8854,16,2370.92,16,2370.92,2opt,notBad
8855,16,2370.92,16,2370.92,2opt,notBad
8856,16,2370.92,16,2370.92,2opt,notBad
8857,16,2370.92,16,2370.92,2opt,notBad
8858,16,2370.92,16,2370.92,2opt,improve
8859,16,2370.92,16,2370.92,swap,notBad
8860,16,2370.92,16,2370.92,2opt,notBad
8861,16,2370.92,16,2370.92,swap,notBad
8862,16,2370.92,16,2370.92,2opt,notBad
8863,16,2370.92,16,2370.92,move,improve
8864,16,2370.92,16,2370.92,2opt,notBad
8865,16,2369.96,16,2369.96,move,newBest
8866,16,2369.96,16,2369.96,move,improve
8867,16,2369.96,16,2369.96,swap,notBad
8868,16,2369.96,16,2369.96,move,improve
8869,16,2369.96,16,2369.96,swap,notBad
8870,16,2369.96,16,2369.96,move,improve
8871,16,2369.96,16,2369.96,2opt,notBad
8872,16,2369.96,16,2369.96,move,improve
8873,16,2369.96,16,2369.96,2opt,notBad
8874,16,2369.96,16,2369.96,2opt,notBad
8875,16,2369.96,16,2369.96,move,improve
8876,16,2369.96,16,2369.96,swap,notBad
8877,16,2369.96,16,2369.96,2opt,notBad
8878,16,2369.96,16,2369.96,move,improve
8879,16,2369.96,16,2369.96,move,improve
8880,16,2369.96,16,2369.96,swap,notBad
8881,16,2369.96,16,2369.96,swap,notBad
8882,16,2369.96,16,2369.96,2opt,notBad
8883,16,2369.96,16,2369.96,2opt,notBad
8884,16,2369.96,16,2369.96,move,improve
8885,16,2369.96,16,2369.96,move,improve
8886,16,2369.96,16,2369.96,swap,notBad
8887,16,2369.96,16,2369.96,move,improve
8888,16,2369.96,16,2369.96,swap,notBad
8889,16,2369.96,16,2369.96,2opt,notBad
8890,16,2369.96,16,2369.96,move,improve
8891,16,2369.96,16,2369.96,2opt,notBad
8892,16,2369.96,16,2369.96,swap,notBad
8893,16,2369.96,16,2369.96,swap,notBad
8894,16,2369.96,16,2369.96,move,improve
8895,16,2370.92,16,2369.96,swap,acceptBad
8896,16,2370.92,16,2369.96,swap,notBad
8897,16,2370.92,16,2369.96,2opt,notBad
8898,16,2370.92,16,2369.96,move,improve
8899,16,2370.92,16,2369.96,move,improve
8900,16,2370.92,16,2369.96,swap,notBad
8901,16,2370.92,16,2369.96,2opt,improve
8902,16,2370.92,16,2369.96,swap,notBad
8903,16,2370.92,16,2369.96,2opt,improve
8904,16,2370.92,16,2369.96,swap,notBad
8905,16,2370.92,16,2369.96,2opt,improve
8906,16,2370.92,16,2369.96,move,improve
8907,16,2370.92,16,2369.96,move,improve
8908,16,2370.92,16,2369.96,2opt,notBad
8909,16,2370.92,16,2369.96,swap,notBad
8910,16,2370.92,16,2369.96,swap,notBad
8911,16,2370.92,16,2369.96,2opt,notBad
8912,16,2370.92,16,2369.96,move,improve
8913,16,2370.92,16,2369.96,2opt,notBad
8914,16,2369.96,16,2369.96,move,improve
8915,16,2369.96,16,2369.96,move,improve
8916,16,2369.96,16,2369.96,move,improve
8917,16,2369.96,16,2369.96,swap,notBad
8918,16,2369.96,16,2369.96,swap,notBad
8919,16,2369.96,16,2369.96,move,improve
8920,16,2369.96,16,2369.96,move,improve
8921,16,2369.96,16,2369.96,2opt,notBad
8922,16,2369.96,16,2369.96,move,improve
8923,16,2369.96,16,2369.96,2opt,notBad
8924,16,2369.96,16,2369.96,2opt,notBad
8925,16,2369.96,16,2369.96,2opt,notBad
8926,16,2370.74,16,2369.96,swap,acceptBad
8927,16,2370.74,16,2369.96,2opt,notBad
8928,16,2370.74,16,2369.96,2opt,notBad
8929,16,2370.74,16,2369.96,2opt,notBad
8930,16,2370.74,16,2369.96,move,improve
8931,16,2370.74,16,2369.96,2opt,notBad
8932,16,2370.74,16,2369.96,2opt,notBad
8933,16,2370.74,16,2369.96,2opt,notBad
8934,16,2370.74,16,2369.96,swap,notBad
8935,16,2370.74,16,2369.96,2opt,notBad
8936,16,2370.74,16,2369.96,move,improve
8937,16,2370.74,16,2369.96,2opt,notBad
8938,16,2370.74,16,2369.96,2opt,notBad
8939,16,2370.74,16,2369.96,move,improve
8940,16,2370.74,16,2369.96,2opt,notBad
8941,16,2370.74,16,2369.96,2opt,notBad
8942,16,2370.74,16,2369.96,2opt,notBad
8943,16,2370.74,16,2369.96,2opt,notBad
8944,16,2370.74,16,2369.96,2opt,notBad
8945,16,2370.74,16,2369.96,move,improve
8946,16,2370.74,16,2369.96,swap,notBad
8947,16,2370.74,16,2369.96,2opt,notBad
8948,16,2370.74,16,2369.96,move,improve
8949,16,2370.74,16,2369.96,2opt,notBad
8950,16,2370.74,16,2369.96,move,improve
8951,16,2370.74,16,2369.96,swap,notBad
8952,16,2370.74,16,2369.96,move,improve
8953,16,2370.74,16,2369.96,move,improve
8954,16,2370.74,16,2369.96,swap,notBad
8955,16,2370.74,16,2369.96,swap,notBad
8956,16,2370.74,16,2369.96,2opt,notBad
8957,16,2370.74,16,2369.96,move,improve
8958,16,2370.74,16,2369.96,move,improve
8959,16,2370.74,16,2369.96,swap,notBad
8960,16,2370.74,16,2369.96,swap,notBad
8961,16,2369.96,16,2369.96,move,improve
8962,16,2369.96,16,2369.96,move,improve
8963,16,2369.96,16,2369.96,swap,notBad
8964,16,2369.96,16,2369.96,2opt,notBad
8965,16,2369.96,16,2369.96,2opt,notBad
8966,16,2369.96,16,2369.96,move,improve
8967,16,2369.96,16,2369.96,2opt,notBad
8968,16,2369.96,16,2369.96,2opt,notBad
8969,16,2369.96,16,2369.96,move,improve
8970,16,2369.96,16,2369.96,2opt,notBad
8971,16,2369.96,16,2369.96,swap,notBad
8972,16,2369.96,16,2369.96,2opt,notBad
8973,16,2369.96,16,2369.96,swap,notBad
8974,16,2369.96,16,2369.96,2opt,notBad
8975,16,2369.96,16,2369.96,swap,notBad
8976,16,2369.96,16,2369.96,2opt,notBad
8977,16,2369.96,16,2369.96,move,improve
8978,16,2369.96,16,2369.96,move,improve
8979,16,2369.96,16,2369.96,swap,notBad
8980,16,2369.96,16,2369.96,2opt,notBad
8981,16,2369.96,16,2369.96,swap,notBad
8982,16,2369.96,16,2369.96,2opt,notBad
8983,16,2369.96,16,2369.96,2opt,notBad
8984,16,2369.96,16,2369.96,swap,notBad
8985,16,2370.86,16,2369.96,swap,acceptBad
8986,16,2370.86,16,2369.96,move,improve
8987,16,2370.86,16,2369.96,swap,notBad
8988,16,2370.86,16,2369.96,swap,notBad
8989,16,2370.86,16,2369.96,swap,notBad
8990,16,2370.86,16,2369.96,move,improve
8991,16,2370.86,16,2369.96,swap,notBad
8992,16,2370.86,16,2369.96,2opt,notBad
8993,16,2370.86,16,2369.96,2opt,notBad
8994,16,2370.86,16,2369.96,swap,notBad
8995,16,2370.86,16,2369.96,move,improve
8996,16,2370.86,16,2369.96,move,improve
8997,16,2370.86,16,2369.96,swap,notBad
8998,16,2370.86,16,2369.96,2opt,notBad
8999,16,2370.86,16,2369.96,move,improve
9000,16,2370.86,16,2369.96,2opt,notBad
9001,16,2371.82,16,2369.96,swap,acceptBad
9002,16,2371.82,16,2369.96,swap,notBad
9003,16,2371.82,16,2369.96,2opt,notBad
9004,16,2371.82,16,2369.96,move,improve
9005,16,2371.82,16,2369.96,swap,notBad
9006,16,2371.82,16,2369.96,2opt,notBad
9007,16,2371.82,16,2369.96,move,improve
9008,16,2371.82,16,2369.96,move,improve
9009,16,2371.82,16,2369.96,swap,notBad
9010,16,2371.82,16,2369.96,2opt,improve
9011,16,2371.82,16,2369.96,move,improve
9012,16,2371.82,16,2369.96,2opt,notBad
9013,16,2371.82,16,2369.96,move,improve
9014,16,2371.82,16,2369.96,swap,notBad
9015,16,2371.82,16,2369.96,swap,notBad
9016,16,2371.82,16,2369.96,2opt,notBad
9017,16,2371.76,16,2369.96,move,improve
9018,16,2371.76,16,2369.96,2opt,notBad
9019,16,2371.76,16,2369.96,move,improve
9020,16,2371.76,16,2369.96,2opt,notBad
9021,16,2371.76,16,2369.96,move,improve
9022,16,2371.76,16,2369.96,2opt,notBad
9023,16,2371.76,16,2369.96,move,improve
9024,16,2371.76,16,2369.96,swap,notBad
9025,16,2371.76,16,2369.96,swap,notBad
9026,16,2371.76,16,2369.96,2opt,notBad
9027,16,2371.76,16,2369.96,move,improve
9028,16,2371.76,16,2369.96,swap,notBad
9029,16,2371.76,16,2369.96,move,improve
9030,16,2372.42,16,2369.96,swap,acceptBad
9031,16,2372.42,16,2369.96,swap,notBad
9032,16,2372.42,16,2369.96,2opt,improve
9033,16,2372.42,16,2369.96,2opt,notBad
9034,16,2372.42,16,2369.96,swap,notBad
9035,16,2372.42,16,2369.96,swap,notBad
9036,16,2372.42,16,2369.96,move,improve
9037,16,2372.42,16,2369.96,2opt,improve
9038,16,2372.42,16,2369.96,2opt,notBad
9039,16,2372.42,16,2369.96,2opt,notBad
9040,16,2372.42,16,2369.96,move,improve
9041,16,2372.42,16,2369.96,move,improve
9042,16,2372.42,16,2369.96,swap,notBad
9043,16,2372.42,16,2369.96,2opt,notBad
9044,16,2372.42,16,2369.96,2opt,notBad
9045,16,2372.42,16,2369.96,2opt,notBad
9046,16,2372.42,16,2369.96,move,improve
9047,16,2372.42,16,2369.96,move,improve
9048,16,2372.42,16,2369.96,2opt,notBad
9049,16,2372.42,16,2369.96,move,improve
9050,16,2372.42,16,2369.96,move,improve
9051,16,2372.42,16,2369.96,swap,notBad
9052,16,2372.42,16,2369.96,2opt,notBad
9053,16,2372.42,16,2369.96,move,improve
9054,16,2372.42,16,2369.96,2opt,notBad
9055,16,2372.42,16,2369.96,2opt,notBad
9056,16,2372.42,16,2369.96,swap,notBad
9057,16,2372.42,16,2369.96,2opt,notBad
9058,16,2372.42,16,2369.96,swap,notBad
9059,16,2372.42,16,2369.96,2opt,notBad
9060,16,2372.42,16,2369.96,swap,notBad
9061,16,2372.42,16,2369.96,swap,notBad
9062,16,2372.42,16,2369.96,2opt,notBad
9063,16,2372.42,16,2369.96,swap,notBad
9064,16,2372.42,16,2369.96,move,improve
9065,16,2372.42,16,2369.96,swap,notBad
9066,16,2372.42,16,2369.96,2opt,notBad
9067,16,2372.42,16,2369.96,swap,notBad
9068,16,2372.42,16,2369.96,move,improve
9069,16,2372.42,16,2369.96,2opt,notBad
9070,16,2372.42,16,2369.96,swap,notBad
9071,16,2372.42,16,2369.96,swap,notBad
9072,16,2372.36,16,2369.96,move,improve
9073,16,2372.36,16,2369.96,swap,notBad
9074,16,2372.36,16,2369.96,swap,notBad
9075,16,2372.36,16,2369.96,move,improve
9076,16,2371.58,16,2369.96,swap,improve
9077,16,2371.58,16,2369.96,move,improve
9078,16,2371.58,16,2369.96,move,improve
9079,16,2371.58,16,2369.96,swap,notBad
9080,16,2371.58,16,2369.96,swap,notBad
9081,16,2371.58,16,2369.96,move,improve
9082,16,2371.58,16,2369.96,move,improve
9083,16,2371.58,16,2369.96,swap,notBad
9084,16,2371.58,16,2369.96,move,improve
9085,16,2371.58,16,2369.96,2opt,notBad
9086,16,2371.58,16,2369.96,swap,notBad
9087,16,2371.58,16,2369.96,swap,notBad
9088,16,2371.58,16,2369.96,swap,notBad
9089,16,2371.58,16,2369.96,swap,notBad
9090,16,2371.58,16,2369.96,2opt,notBad
9091,16,2371.58,16,2369.96,2opt,notBad
9092,16,2371.58,16,2369.96,swap,notBad
9093,16,2371.58,16,2369.96,move,improve
9094,16,2371.58,16,2369.96,2opt,notBad
9095,16,2371.58,16,2369.96,2opt,notBad
9096,16,2371.58,16,2369.96,swap,notBad
9097,16,2371.58,16,2369.96,swap,notBad
9098,16,2371.58,16,2369.96,swap,notBad
9099,16,2371.58,16,2369.96,2opt,notBad
9100,16,2371.58,16,2369.96,2opt,notBad
9101,16,2371.58,16,2369.96,swap,notBad
9102,16,2371.58,16,2369.96,swap,notBad
9103,16,2371.58,16,2369.96,2opt,notBad
9104,16,2371.58,16,2369.96,2opt,improve
9105,16,2371.58,16,2369.96,2opt,notBad
9106,16,2371.58,16,2369.96,swap,notBad
9107,16,2371.58,16,2369.96,swap,notBad
9108,16,2371.58,16,2369.96,2opt,improve
9109,16,2371.58,16,2369.96,swap,notBad
9110,16,2371.58,16,2369.96,2opt,notBad
9111,16,2371.58,16,2369.96,2opt,notBad
9112,16,2371.58,16,2369.96,swap,notBad
9113,16,2371.58,16,2369.96,swap,notBad
9114,16,2371.58,16,2369.96,2opt,notBad
9115,16,2371.58,16,2369.96,2opt,notBad
9116,16,2371.58,16,2369.96,move,improve
9117,16,2371.1600000000003,16,2369.96,move,improve
9118,16,2371.1600000000003,16,2369.96,move,improve
9119,16,2371.1600000000003,16,2369.96,move,improve
9120,16,2371.1600000000003,16,2369.96,swap,notBad
9121,16,2371.1600000000003,16,2369.96,move,improve
9122,16,2371.1600000000003,16,2369.96,move,improve
9123,16,2371.1600000000003,16,2369.96,move,improve
9124,16,2371.1600000000003,16,2369.96,swap,notBad
9125,16,2371.1600000000003,16,2369.96,move,improve
9126,16,2371.1600000000003,16,2369.96,swap,notBad
9127,16,2356.4,16,2356.4,swap,newBest
9128,16,2356.4,16,2356.4,2opt,notBad
9129,16,2356.4,16,2356.4,swap,notBad
9130,16,2356.4,16,2356.4,move,improve
9131,16,2356.4,16,2356.4,swap,notBad
9132,16,2356.4,16,2356.4,move,improve
9133,16,2356.4,16,2356.4,2opt,notBad
9134,16,2356.4,16,2356.4,2opt,notBad
9135,16,2356.4,16,2356.4,move,improve
9136,16,2356.4,16,2356.4,2opt,notBad
9137,16,2356.4,16,2356.4,move,improve
9138,16,2356.4,16,2356.4,swap,notBad
9139,16,2356.4,16,2356.4,2opt,notBad
9140,16,2356.4,16,2356.4,swap,notBad
9141,16,2356.4,16,2356.4,2opt,notBad
9142,16,2356.4,16,2356.4,move,improve
9143,16,2356.4,16,2356.4,2opt,notBad
9144,16,2356.4,16,2356.4,2opt,notBad
9145,16,2355.44,16,2355.44,move,newBest
9146,16,2355.44,16,2355.44,move,improve
9147,16,2355.44,16,2355.44,swap,notBad
9148,16,2355.44,16,2355.44,2opt,notBad
9149,16,2355.44,16,2355.44,2opt,notBad
9150,16,2355.44,16,2355.44,move,improve
9151,16,2355.44,16,2355.44,2opt,notBad
9152,16,2354.84,16,2354.84,move,newBest
9153,16,2354.84,16,2354.84,swap,notBad
9154,16,2352.5399999999995,16,2352.5399999999995,move,newBest
9155,16,2352.5399999999995,16,2352.5399999999995,move,improve
9156,16,2352.5399999999995,16,2352.5399999999995,move,improve
9157,16,2352.5399999999995,16,2352.5399999999995,move,improve
9158,16,2352.5399999999995,16,2352.5399999999995,2opt,notBad
9159,16,2353.3199999999997,16,2352.5399999999995,swap,acceptBad
9160,16,2353.3199999999997,16,2352.5399999999995,move,improve
9161,16,2353.3199999999997,16,2352.5399999999995,2opt,notBad
9162,16,2353.3199999999997,16,2352.5399999999995,2opt,notBad
9163,16,2353.3199999999997,16,2352.5399999999995,2opt,notBad
9164,16,2353.3199999999997,16,2352.5399999999995,move,improve
9165,16,2353.3199999999997,16,2352.5399999999995,move,improve
9166,16,2353.3199999999997,16,2352.5399999999995,2opt,notBad
9167,16,2353.3199999999997,16,2352.5399999999995,swap,notBad
9168,16,2353.3199999999997,16,2352.5399999999995,swap,notBad
9169,16,2353.3199999999997,16,2352.5399999999995,move,improve
9170,16,2353.3199999999997,16,2352.5399999999995,2opt,notBad
9171,16,2353.3199999999997,16,2352.5399999999995,swap,notBad
9172,16,2353.3199999999997,16,2352.5399999999995,2opt,notBad
9173,16,2353.3199999999997,16,2352.5399999999995,swap,notBad
9174,16,2353.3199999999997,16,2352.5399999999995,move,improve
9175,16,2353.3199999999997,16,2352.5399999999995,move,improve
9176,16,2353.3199999999997,16,2352.5399999999995,swap,notBad
9177,16,2353.3199999999997,16,2352.5399999999995,move,improve
9178,16,2353.3199999999997,16,2352.5399999999995,2opt,notBad
9179,16,2353.3199999999997,16,2352.5399999999995,swap,notBad
9180,16,2353.3199999999997,16,2352.5399999999995,swap,notBad
9181,16,2353.3199999999997,16,2352.5399999999995,move,improve
9182,16,2353.3199999999997,16,2352.5399999999995,swap,notBad
9183,16,2353.3199999999997,16,2352.5399999999995,swap,notBad
9184,16,2353.3199999999997,16,2352.5399999999995,swap,notBad
9185,16,2353.3199999999997,16,2352.5399999999995,2opt,notBad
9186,16,2353.3199999999997,16,2352.5399999999995,move,improve
9187,16,2353.3199999999997,16,2352.5399999999995,2opt,notBad
9188,16,2353.3199999999997,16,2352.5399999999995,2opt,notBad
9189,16,2353.3199999999997,16,2352.5399999999995,2opt,notBad
9190,16,2353.3199999999997,16,2352.5399999999995,move,improve
9191,16,2353.3199999999997,16,2352.5399999999995,swap,notBad
9192,16,2353.3199999999997,16,2352.5399999999995,move,improve
9193,16,2353.3199999999997,16,2352.5399999999995,swap,notBad
9194,16,2353.3199999999997,16,2352.5399999999995,2opt,notBad
9195,16,2353.3199999999997,16,2352.5399999999995,2opt,notBad
9196,16,2353.3199999999997,16,2352.5399999999995,move,improve
9197,16,2353.3199999999997,16,2352.5399999999995,move,improve
9198,16,2353.3199999999997,16,2352.5399999999995,move,improve
9199,16,2353.3199999999997,16,2352.5399999999995,move,improve
9200,16,2353.3199999999997,16,2352.5399999999995,2opt,notBad
9201,16,2353.3199999999997,16,2352.5399999999995,2opt,notBad
9202,16,2353.3199999999997,16,2352.5399999999995,swap,notBad
9203,16,2353.3199999999997,16,2352.5399999999995,move,improve
9204,16,2353.3199999999997,16,2352.5399999999995,move,improve
9205,16,2353.3199999999997,16,2352.5399999999995,move,improve
9206,16,2353.3199999999997,16,2352.5399999999995,move,improve
9207,16,2353.3199999999997,16,2352.5399999999995,2opt,notBad
9208,16,2353.3199999999997,16,2352.5399999999995,move,improve
9209,16,2353.3199999999997,16,2352.5399999999995,move,improve
9210,16,2352.5999999999995,16,2352.5399999999995,move,improve
9211,16,2352.5999999999995,16,2352.5399999999995,swap,notBad
9212,16,2352.5999999999995,16,2352.5399999999995,move,improve
9213,16,2351.879999999999,16,2351.879999999999,move,newBest
9214,16,2351.879999999999,16,2351.879999999999,2opt,notBad
9215,16,2352.4199999999996,16,2351.879999999999,swap,acceptBad
9216,16,2352.4199999999996,16,2351.879999999999,swap,notBad
9217,16,2352.4199999999996,16,2351.879999999999,swap,notBad
9218,16,2352.4199999999996,16,2351.879999999999,move,improve
9219,16,2352.4199999999996,16,2351.879999999999,swap,notBad
9220,16,2352.4199999999996,16,2351.879999999999,2opt,notBad
9221,16,2352.4199999999996,16,2351.879999999999,move,improve
9222,16,2352.4199999999996,16,2351.879999999999,2opt,notBad
9223,16,2352.4199999999996,16,2351.879999999999,swap,notBad
9224,16,2352.4199999999996,16,2351.879999999999,move,improve
9225,16,2352.4199999999996,16,2351.879999999999,swap,notBad
9226,16,2352.4199999999996,16,2351.879999999999,2opt,notBad
9227,16,2352.4199999999996,16,2351.879999999999,2opt,notBad
9228,16,2352.4199999999996,16,2351.879999999999,swap,notBad
9229,16,2352.4199999999996,16,2351.879999999999,2opt,notBad
9230,16,2352.4199999999996,16,2351.879999999999,swap,notBad
9231,16,2352.4199999999996,16,2351.879999999999,2opt,notBad
9232,16,2352.4199999999996,16,2351.879999999999,swap,notBad
9233,16,2352.4199999999996,16,2351.879999999999,2opt,notBad
9234,16,2352.4199999999996,16,2351.879999999999,swap,notBad
9235,16,2352.4199999999996,16,2351.879999999999,2opt,notBad
9236,16,2352.4199999999996,16,2351.879999999999,move,improve
9237,16,2352.4199999999996,16,2351.879999999999,2opt,notBad
9238,16,2352.4199999999996,16,2351.879999999999,move,improve
9239,16,2352.4199999999996,16,2351.879999999999,swap,notBad
9240,16,2352.4199999999996,16,2351.879999999999,2opt,notBad
9241,16,2352.4199999999996,16,2351.879999999999,swap,notBad
9242,16,2352.4199999999996,16,2351.879999999999,2opt,notBad
9243,16,2352.4199999999996,16,2351.879999999999,move,improve
9244,16,2352.4199999999996,16,2351.879999999999,2opt,notBad
9245,16,2352.4199999999996,16,2351.879999999999,2opt,notBad
9246,16,2352.4199999999996,16,2351.879999999999,move,improve
9247,16,2352.4199999999996,16,2351.879999999999,2opt,notBad
9248,16,2352.4199999999996,16,2351.879999999999,2opt,notBad
9249,16,2352.4199999999996,16,2351.879999999999,move,improve
9250,16,2352.4199999999996,16,2351.879999999999,2opt,notBad
9251,16,2352.4199999999996,16,2351.879999999999,2opt,notBad
9252,16,2352.4199999999996,16,2351.879999999999,2opt,notBad
9253,16,2352.4199999999996,16,2351.879999999999,move,improve
9254,16,2352.4199999999996,16,2351.879999999999,2opt,notBad
9255,16,2352.4199999999996,16,2351.879999999999,2opt,improve
9256,16,2352.4199999999996,16,2351.879999999999,swap,notBad
9257,16,2352.4199999999996,16,2351.879999999999,move,improve
9258,16,2352.4199999999996,16,2351.879999999999,swap,notBad
9259,16,2352.4199999999996,16,2351.879999999999,swap,notBad
9260,16,2352.4199999999996,16,2351.879999999999,swap,notBad
9261,16,2352.4199999999996,16,2351.879999999999,2opt,notBad
9262,16,2352.4199999999996,16,2351.879999999999,move,improve
9263,16,2352.4199999999996,16,2351.879999999999,2opt,notBad
9264,16,2352.4199999999996,16,2351.879999999999,2opt,notBad
9265,16,2352.4199999999996,16,2351.879999999999,swap,notBad
9266,16,2352.4199999999996,16,2351.879999999999,2opt,notBad
9267,16,2352.4199999999996,16,2351.879999999999,move,improve
9268,16,2352.4199999999996,16,2351.879999999999,2opt,improve
9269,16,2352.4199999999996,16,2351.879999999999,2opt,notBad
9270,16,2352.4199999999996,16,2351.879999999999,move,improve
9271,16,2352.4199999999996,16,2351.879999999999,swap,notBad
9272,16,2352.4199999999996,16,2351.879999999999,2opt,notBad
9273,16,2352.4199999999996,16,2351.879999999999,swap,notBad
9274,16,2352.4199999999996,16,2351.879999999999,move,improve
9275,16,2352.4199999999996,16,2351.879999999999,2opt,improve
9276,16,2352.4199999999996,16,2351.879999999999,move,improve
9277,16,2352.4199999999996,16,2351.879999999999,2opt,notBad
9278,16,2352.4199999999996,16,2351.879999999999,swap,notBad
9279,16,2352.4199999999996,16,2351.879999999999,swap,notBad
9280,16,2352.4199999999996,16,2351.879999999999,2opt,notBad
9281,16,2352.4199999999996,16,2351.879999999999,move,improve
9282,16,2352.4199999999996,16,2351.879999999999,2opt,notBad
9283,16,2352.4199999999996,16,2351.879999999999,2opt,improve
9284,16,2352.4199999999996,16,2351.879999999999,move,improve
9285,16,2352.4199999999996,16,2351.879999999999,2opt,improve
9286,16,2352.4199999999996,16,2351.879999999999,swap,notBad
9287,16,2352.4199999999996,16,2351.879999999999,2opt,notBad
9288,16,2352.4199999999996,16,2351.879999999999,2opt,notBad
9289,16,2352.4199999999996,16,2351.879999999999,swap,notBad
9290,16,2352.4199999999996,16,2351.879999999999,swap,notBad
9291,16,2352.4199999999996,16,2351.879999999999,2opt,notBad
9292,16,2352.4199999999996,16,2351.879999999999,swap,notBad
9293,16,2352.4199999999996,16,2351.879999999999,swap,notBad
9294,16,2352.4199999999996,16,2351.879999999999,swap,notBad
9295,16,2352.4199999999996,16,2351.879999999999,2opt,notBad
9296,16,2352.4199999999996,16,2351.879999999999,swap,notBad
9297,16,2352.4199999999996,16,2351.879999999999,move,improve
9298,16,2352.4199999999996,16,2351.879999999999,swap,notBad
9299,16,2352.4199999999996,16,2351.879999999999,move,improve
9300,16,2352.4199999999996,16,2351.879999999999,swap,notBad
9301,16,2352.4199999999996,16,2351.879999999999,move,improve
9302,16,2352.4199999999996,16,2351.879999999999,swap,notBad
9303,16,2352.4199999999996,16,2351.879999999999,move,improve
9304,16,2352.4199999999996,16,2351.879999999999,swap,notBad
9305,16,2352.4199999999996,16,2351.879999999999,swap,notBad
9306,16,2352.4199999999996,16,2351.879999999999,2opt,notBad
9307,16,2352.4199999999996,16,2351.879999999999,2opt,notBad
9308,16,2352.4199999999996,16,2351.879999999999,swap,notBad
9309,16,2352.4199999999996,16,2351.879999999999,2opt,notBad
9310,16,2352.4199999999996,16,2351.879999999999,swap,notBad
9311,16,2352.4199999999996,16,2351.879999999999,2opt,notBad
9312,16,2352.2399999999993,16,2351.879999999999,swap,improve
9313,16,2352.2399999999993,16,2351.879999999999,swap,notBad
9314,16,2352.2399999999993,16,2351.879999999999,move,improve
9315,16,2352.2399999999993,16,2351.879999999999,move,improve
9316,16,2352.2399999999993,16,2351.879999999999,move,improve
9317,16,2352.2399999999993,16,2351.879999999999,2opt,notBad
9318,16,2352.2399999999993,16,2351.879999999999,2opt,notBad
9319,16,2352.2399999999993,16,2351.879999999999,2opt,notBad
9320,16,2352.2399999999993,16,2351.879999999999,2opt,notBad
9321,16,2352.2399999999993,16,2351.879999999999,2opt,notBad
9322,16,2352.2399999999993,16,2351.879999999999,swap,notBad
9323,16,2352.2399999999993,16,2351.879999999999,swap,notBad
9324,16,2352.2399999999993,16,2351.879999999999,swap,notBad
9325,16,2352.2399999999993,16,2351.879999999999,swap,notBad
9326,16,2352.2399999999993,16,2351.879999999999,2opt,notBad
9327,16,2352.2399999999993,16,2351.879999999999,2opt,notBad
9328,16,2352.2399999999993,16,2351.879999999999,swap,notBad
9329,16,2352.2399999999993,16,2351.879999999999,move,improve
9330,16,2352.2399999999993,16,2351.879999999999,move,improve
9331,16,2352.2399999999993,16,2351.879999999999,2opt,notBad
9332,16,2352.2399999999993,16,2351.879999999999,swap,notBad
9333,16,2352.2399999999993,16,2351.879999999999,swap,notBad
9334,16,2352.2399999999993,16,2351.879999999999,2opt,improve
9335,16,2352.2399999999993,16,2351.879999999999,move,improve
9336,16,2352.2399999999993,16,2351.879999999999,swap,notBad
9337,16,2352.2399999999993,16,2351.879999999999,move,improve
9338,16,2352.2399999999993,16,2351.879999999999,2opt,notBad
9339,16,2352.2399999999993,16,2351.879999999999,move,improve
9340,16,2352.2399999999993,16,2351.879999999999,move,improve
9341,16,2352.2399999999993,16,2351.879999999999,swap,notBad
9342,16,2352.2399999999993,16,2351.879999999999,move,improve
9343,16,2352.2399999999993,16,2351.879999999999,2opt,notBad
9344,16,2352.2399999999993,16,2351.879999999999,swap,notBad
9345,16,2352.2399999999993,16,2351.879999999999,2opt,notBad
9346,16,2352.2399999999993,16,2351.879999999999,swap,notBad
9347,16,2352.2399999999993,16,2351.879999999999,swap,notBad
9348,16,2352.2399999999993,16,2351.879999999999,swap,notBad
9349,16,2352.1799999999994,16,2351.879999999999,move,improve
9350,16,2352.1799999999994,16,2351.879999999999,move,improve
9351,16,2352.1799999999994,16,2351.879999999999,swap,notBad
9352,16,2352.1799999999994,16,2351.879999999999,swap,notBad
9353,16,2352.1799999999994,16,2351.879999999999,2opt,notBad
9354,16,2352.1799999999994,16,2351.879999999999,swap,notBad
9355,16,2352.1799999999994,16,2351.879999999999,2opt,notBad
9356,16,2352.1799999999994,16,2351.879999999999,2opt,notBad
9357,16,2352.1799999999994,16,2351.879999999999,2opt,notBad
9358,16,2352.1799999999994,16,2351.879999999999,2opt,improve
9359,16,2352.1799999999994,16,2351.879999999999,2opt,notBad
9360,16,2352.1799999999994,16,2351.879999999999,move,improve
9361,16,2352.1799999999994,16,2351.879999999999,move,improve
9362,16,2352.1799999999994,16,2351.879999999999,move,improve
9363,16,2352.1799999999994,16,2351.879999999999,move,improve
9364,16,2352.1799999999994,16,2351.879999999999,move,improve
9365,16,2352.1799999999994,16,2351.879999999999,move,improve
9366,16,2352.1799999999994,16,2351.879999999999,swap,notBad
9367,16,2352.1799999999994,16,2351.879999999999,move,improve
9368,16,2352.1799999999994,16,2351.879999999999,swap,notBad
9369,16,2352.1799999999994,16,2351.879999999999,2opt,notBad
9370,16,2352.1799999999994,16,2351.879999999999,2opt,notBad
9371,16,2352.1799999999994,16,2351.879999999999,swap,notBad
9372,16,2352.1799999999994,16,2351.879999999999,swap,notBad
9373,16,2351.3999999999996,16,2351.3999999999996,move,newBest
9374,16,2351.3999999999996,16,2351.3999999999996,move,improve
9375,16,2351.3999999999996,16,2351.3999999999996,2opt,improve
9376,16,2351.3999999999996,16,2351.3999999999996,move,improve
9377,16,2351.3999999999996,16,2351.3999999999996,swap,notBad
9378,16,2351.3999999999996,16,2351.3999999999996,move,improve
9379,16,2351.3999999999996,16,2351.3999999999996,move,improve
9380,16,2351.3999999999996,16,2351.3999999999996,2opt,notBad
9381,16,2351.3999999999996,16,2351.3999999999996,swap,notBad
9382,16,2351.3999999999996,16,2351.3999999999996,swap,notBad
9383,16,2351.3999999999996,16,2351.3999999999996,move,notBad
9384,16,2351.3999999999996,16,2351.3999999999996,swap,notBad
9385,16,2351.3999999999996,16,2351.3999999999996,swap,notBad
9386,16,2351.3999999999996,16,2351.3999999999996,2opt,notBad
9387,16,2351.3999999999996,16,2351.3999999999996,swap,notBad
9388,16,2351.3999999999996,16,2351.3999999999996,swap,notBad
9389,16,2351.3999999999996,16,2351.3999999999996,move,improve
9390,16,2351.3999999999996,16,2351.3999999999996,2opt,improve
9391,16,2352.3599999999997,16,2351.3999999999996,swap,acceptBad
9392,16,2352.3599999999997,16,2351.3999999999996,2opt,notBad
9393,16,2352.3599999999997,16,2351.3999999999996,swap,notBad
9394,16,2352.3599999999997,16,2351.3999999999996,move,improve
9395,16,2352.3599999999997,16,2351.3999999999996,swap,notBad
9396,16,2352.3599999999997,16,2351.3999999999996,2opt,notBad
9397,16,2352.3599999999997,16,2351.3999999999996,swap,notBad
9398,16,2352.3599999999997,16,2351.3999999999996,2opt,notBad
9399,16,2352.3599999999997,16,2351.3999999999996,move,improve
9400,16,2352.3599999999997,16,2351.3999999999996,swap,notBad
9401,16,2352.3599999999997,16,2351.3999999999996,move,improve
9402,16,2352.3599999999997,16,2351.3999999999996,swap,notBad
9403,16,2352.3599999999997,16,2351.3999999999996,move,improve
9404,16,2352.3599999999997,16,2351.3999999999996,swap,notBad
9405,16,2352.3599999999997,16,2351.3999999999996,swap,notBad
9406,16,2352.3599999999997,16,2351.3999999999996,swap,notBad
9407,16,2352.3599999999997,16,2351.3999999999996,2opt,notBad
9408,16,2352.3599999999997,16,2351.3999999999996,2opt,notBad
9409,16,2352.3599999999997,16,2351.3999999999996,move,improve
9410,16,2352.3599999999997,16,2351.3999999999996,move,improve
9411,16,2352.3599999999997,16,2351.3999999999996,swap,notBad
9412,16,2352.3599999999997,16,2351.3999999999996,move,improve
9413,16,2352.3599999999997,16,2351.3999999999996,move,improve
9414,16,2352.3599999999997,16,2351.3999999999996,swap,notBad
9415,16,2352.3599999999997,16,2351.3999999999996,move,improve
9416,16,2352.3599999999997,16,2351.3999999999996,2opt,notBad
9417,16,2352.3599999999997,16,2351.3999999999996,move,improve
9418,16,2352.3599999999997,16,2351.3999999999996,swap,notBad
9419,16,2352.3599999999997,16,2351.3999999999996,swap,notBad
9420,16,2352.3599999999997,16,2351.3999999999996,move,improve
9421,16,2352.3599999999997,16,2351.3999999999996,swap,notBad
9422,16,2352.3599999999997,16,2351.3999999999996,move,improve
9423,16,2352.3599999999997,16,2351.3999999999996,2opt,notBad
9424,16,2352.3599999999997,16,2351.3999999999996,move,improve
9425,16,2352.3599999999997,16,2351.3999999999996,move,improve
9426,16,2352.3599999999997,16,2351.3999999999996,2opt,notBad
9427,16,2352.3599999999997,16,2351.3999999999996,swap,notBad
9428,16,2352.3599999999997,16,2351.3999999999996,move,improve
9429,16,2352.3599999999997,16,2351.3999999999996,swap,notBad
9430,16,2352.3599999999997,16,2351.3999999999996,move,improve
9431,16,2352.3599999999997,16,2351.3999999999996,move,improve
9432,16,2352.3599999999997,16,2351.3999999999996,swap,notBad
9433,16,2352.3599999999997,16,2351.3999999999996,2opt,notBad
9434,16,2352.3599999999997,16,2351.3999999999996,2opt,notBad
9435,16,2352.3599999999997,16,2351.3999999999996,swap,notBad
9436,16,2352.3599999999997,16,2351.3999999999996,swap,notBad
9437,16,2352.3599999999997,16,2351.3999999999996,swap,notBad
9438,16,2352.3599999999997,16,2351.3999999999996,2opt,notBad
9439,16,2352.3599999999997,16,2351.3999999999996,swap,notBad
9440,16,2352.3599999999997,16,2351.3999999999996,swap,notBad
9441,16,2352.3599999999997,16,2351.3999999999996,2opt,notBad
9442,16,2352.3599999999997,16,2351.3999999999996,2opt,improve
9443,16,2352.3599999999997,16,2351.3999999999996,swap,notBad
9444,16,2352.3599999999997,16,2351.3999999999996,swap,notBad
9445,16,2352.3599999999997,16,2351.3999999999996,swap,notBad
9446,16,2352.3599999999997,16,2351.3999999999996,move,improve
9447,16,2352.3599999999997,16,2351.3999999999996,2opt,improve
9448,16,2352.3599999999997,16,2351.3999999999996,2opt,notBad
9449,16,2352.3599999999997,16,2351.3999999999996,swap,notBad
9450,16,2352.3599999999997,16,2351.3999999999996,swap,notBad
9451,16,2352.3599999999997,16,2351.3999999999996,swap,notBad
9452,16,2352.3599999999997,16,2351.3999999999996,swap,notBad
9453,16,2352.3599999999997,16,2351.3999999999996,move,improve
9454,16,2352.3599999999997,16,2351.3999999999996,swap,notBad
9455,16,2352.3599999999997,16,2351.3999999999996,2opt,notBad
9456,16,2352.3599999999997,16,2351.3999999999996,2opt,notBad
9457,16,2352.3599999999997,16,2351.3999999999996,move,improve
9458,16,2352.3599999999997,16,2351.3999999999996,2opt,notBad
9459,16,2352.3599999999997,16,2351.3999999999996,2opt,notBad
9460,16,2352.3599999999997,16,2351.3999999999996,2opt,notBad
9461,16,2352.3599999999997,16,2351.3999999999996,2opt,notBad
9462,16,2352.3599999999997,16,2351.3999999999996,2opt,notBad
9463,16,2352.3599999999997,16,2351.3999999999996,swap,notBad
9464,16,2352.3599999999997,16,2351.3999999999996,move,improve
9465,16,2352.3599999999997,16,2351.3999999999996,move,improve
9466,16,2352.3599999999997,16,2351.3999999999996,swap,notBad
9467,16,2352.3599999999997,16,2351.3999999999996,swap,notBad
9468,16,2352.3599999999997,16,2351.3999999999996,move,improve
9469,16,2352.3599999999997,16,2351.3999999999996,2opt,notBad
9470,16,2352.3599999999997,16,2351.3999999999996,swap,notBad
9471,16,2352.3599999999997,16,2351.3999999999996,2opt,notBad
9472,16,2352.3599999999997,16,2351.3999999999996,2opt,notBad
9473,16,2352.359999999999,16,2351.3999999999996,move,improve
9474,16,2352.359999999999,16,2351.3999999999996,swap,notBad
9475,16,2352.359999999999,16,2351.3999999999996,move,improve
9476,16,2352.359999999999,16,2351.3999999999996,2opt,notBad
9477,16,2352.359999999999,16,2351.3999999999996,swap,notBad
9478,16,2352.359999999999,16,2351.3999999999996,swap,notBad
9479,16,2352.359999999999,16,2351.3999999999996,swap,notBad
9480,16,2352.359999999999,16,2351.3999999999996,2opt,notBad
9481,16,2352.359999999999,16,2351.3999999999996,move,improve
9482,16,2352.359999999999,16,2351.3999999999996,move,improve
9483,16,2352.359999999999,16,2351.3999999999996,2opt,notBad
9484,16,2352.359999999999,16,2351.3999999999996,move,improve
9485,16,2352.359999999999,16,2351.3999999999996,move,improve
9486,16,2352.359999999999,16,2351.3999999999996,move,improve
9487,16,2352.359999999999,16,2351.3999999999996,swap,notBad
9488,16,2352.359999999999,16,2351.3999999999996,move,notBad
9489,16,2352.359999999999,16,2351.3999999999996,2opt,improve
9490,16,2352.359999999999,16,2351.3999999999996,move,improve
9491,16,2352.359999999999,16,2351.3999999999996,swap,notBad
9492,16,2352.359999999999,16,2351.3999999999996,move,improve
9493,16,2352.359999999999,16,2351.3999999999996,2opt,notBad
9494,16,2352.359999999999,16,2351.3999999999996,move,improve
9495,16,2352.359999999999,16,2351.3999999999996,swap,notBad
9496,16,2352.359999999999,16,2351.3999999999996,2opt,notBad
9497,16,2352.359999999999,16,2351.3999999999996,move,notBad
9498,16,2352.359999999999,16,2351.3999999999996,2opt,notBad
9499,16,2352.359999999999,16,2351.3999999999996,move,notBad
9500,16,2352.359999999999,16,2351.3999999999996,swap,notBad
9501,16,2352.359999999999,16,2351.3999999999996,swap,notBad
9502,16,2352.359999999999,16,2351.3999999999996,2opt,notBad
9503,16,2352.359999999999,16,2351.3999999999996,2opt,notBad
9504,16,2352.359999999999,16,2351.3999999999996,swap,notBad
9505,16,2352.359999999999,16,2351.3999999999996,2opt,notBad
9506,16,2352.359999999999,16,2351.3999999999996,swap,notBad
9507,16,2352.359999999999,16,2351.3999999999996,swap,notBad
9508,16,2352.359999999999,16,2351.3999999999996,swap,notBad
9509,16,2352.359999999999,16,2351.3999999999996,2opt,improve
9510,16,2352.359999999999,16,2351.3999999999996,move,improve
9511,16,2352.359999999999,16,2351.3999999999996,move,improve
9512,16,2352.359999999999,16,2351.3999999999996,swap,notBad
9513,16,2352.359999999999,16,2351.3999999999996,swap,notBad
9514,16,2352.359999999999,16,2351.3999999999996,swap,notBad
9515,16,2352.359999999999,16,2351.3999999999996,2opt,notBad
9516,16,2352.359999999999,16,2351.3999999999996,move,improve
9517,16,2352.359999999999,16,2351.3999999999996,2opt,notBad
9518,16,2352.359999999999,16,2351.3999999999996,swap,notBad
9519,16,2352.359999999999,16,2351.3999999999996,swap,notBad
9520,16,2352.359999999999,16,2351.3999999999996,move,improve
9521,16,2352.359999999999,16,2351.3999999999996,swap,notBad
9522,16,2352.359999999999,16,2351.3999999999996,swap,notBad
9523,16,2352.359999999999,16,2351.3999999999996,move,improve
9524,16,2352.359999999999,16,2351.3999999999996,move,improve
9525,16,2352.359999999999,16,2351.3999999999996,move,improve
9526,16,2352.359999999999,16,2351.3999999999996,swap,notBad
9527,16,2352.359999999999,16,2351.3999999999996,2opt,notBad
9528,16,2352.359999999999,16,2351.3999999999996,swap,notBad
9529,16,2352.359999999999,16,2351.3999999999996,swap,notBad
9530,16,2352.359999999999,16,2351.3999999999996,2opt,notBad
9531,16,2352.359999999999,16,2351.3999999999996,swap,notBad
9532,16,2352.359999999999,16,2351.3999999999996,move,improve
9533,16,2352.359999999999,16,2351.3999999999996,swap,notBad
9534,16,2352.359999999999,16,2351.3999999999996,2opt,notBad
9535,16,2352.359999999999,16,2351.3999999999996,2opt,notBad
9536,16,2353.019999999999,16,2351.3999999999996,swap,acceptBad
9537,16,2353.019999999999,16,2351.3999999999996,swap,notBad
9538,16,2353.019999999999,16,2351.3999999999996,swap,notBad
9539,16,2353.019999999999,16,2351.3999999999996,2opt,notBad
9540,16,2353.019999999999,16,2351.3999999999996,move,improve
9541,16,2353.019999999999,16,2351.3999999999996,swap,notBad
9542,16,2353.019999999999,16,2351.3999999999996,swap,notBad
9543,16,2353.019999999999,16,2351.3999999999996,move,improve
9544,16,2353.019999999999,16,2351.3999999999996,2opt,notBad
9545,16,2353.019999999999,16,2351.3999999999996,move,improve
9546,16,2352.239999999999,16,2351.3999999999996,move,improve
9547,16,2352.239999999999,16,2351.3999999999996,swap,notBad
9548,16,2352.239999999999,16,2351.3999999999996,swap,notBad
9549,16,2352.239999999999,16,2351.3999999999996,move,improve
9550,16,2352.239999999999,16,2351.3999999999996,move,improve
9551,16,2352.239999999999,16,2351.3999999999996,swap,notBad
9552,16,2352.239999999999,16,2351.3999999999996,move,improve
9553,16,2352.239999999999,16,2351.3999999999996,swap,notBad
9554,16,2352.239999999999,16,2351.3999999999996,swap,notBad
9555,16,2352.239999999999,16,2351.3999999999996,swap,notBad
9556,16,2352.239999999999,16,2351.3999999999996,swap,notBad
9557,16,2352.239999999999,16,2351.3999999999996,swap,notBad
9558,16,2352.239999999999,16,2351.3999999999996,move,improve
9559,16,2352.239999999999,16,2351.3999999999996,swap,notBad
9560,16,2352.239999999999,16,2351.3999999999996,move,improve
9561,16,2352.239999999999,16,2351.3999999999996,swap,notBad
9562,16,2352.239999999999,16,2351.3999999999996,move,improve
9563,16,2352.239999999999,16,2351.3999999999996,move,improve
9564,16,2352.239999999999,16,2351.3999999999996,swap,notBad
9565,16,2352.239999999999,16,2351.3999999999996,2opt,notBad
9566,16,2352.239999999999,16,2351.3999999999996,swap,notBad
9567,16,2352.239999999999,16,2351.3999999999996,swap,notBad
9568,16,2352.239999999999,16,2351.3999999999996,move,improve
9569,16,2352.239999999999,16,2351.3999999999996,move,improve
9570,16,2352.239999999999,16,2351.3999999999996,swap,notBad
9571,16,2352.239999999999,16,2351.3999999999996,move,notBad
9572,16,2352.239999999999,16,2351.3999999999996,swap,notBad
9573,16,2352.239999999999,16,2351.3999999999996,move,improve
9574,16,2352.239999999999,16,2351.3999999999996,move,improve
9575,16,2352.239999999999,16,2351.3999999999996,move,improve
9576,16,2352.239999999999,16,2351.3999999999996,2opt,notBad
9577,16,2352.239999999999,16,2351.3999999999996,move,improve
9578,16,2352.239999999999,16,2351.3999999999996,swap,notBad
9579,16,2352.239999999999,16,2351.3999999999996,move,improve
9580,16,2352.239999999999,16,2351.3999999999996,2opt,notBad
9581,16,2352.239999999999,16,2351.3999999999996,2opt,notBad
9582,16,2352.239999999999,16,2351.3999999999996,move,improve
9583,16,2353.499999999999,16,2351.3999999999996,swap,acceptBad
9584,16,2353.499999999999,16,2351.3999999999996,2opt,notBad
9585,16,2353.499999999999,16,2351.3999999999996,move,improve
9586,16,2353.499999999999,16,2351.3999999999996,swap,notBad
9587,16,2353.499999999999,16,2351.3999999999996,2opt,improve
9588,16,2353.499999999999,16,2351.3999999999996,swap,notBad
9589,16,2353.499999999999,16,2351.3999999999996,swap,notBad
9590,16,2353.499999999999,16,2351.3999999999996,move,improve
9591,16,2353.499999999999,16,2351.3999999999996,swap,notBad
9592,16,2353.499999999999,16,2351.3999999999996,move,improve
9593,16,2353.499999999999,16,2351.3999999999996,2opt,notBad
9594,16,2353.499999999999,16,2351.3999999999996,2opt,notBad
9595,16,2353.499999999999,16,2351.3999999999996,move,improve
9596,16,2353.499999999999,16,2351.3999999999996,2opt,notBad
9597,16,2353.499999999999,16,2351.3999999999996,move,improve
9598,16,2353.499999999999,16,2351.3999999999996,move,improve
9599,16,2353.499999999999,16,2351.3999999999996,2opt,notBad
9600,16,2353.499999999999,16,2351.3999999999996,2opt,notBad
9601,16,2353.499999999999,16,2351.3999999999996,move,improve
9602,16,2353.499999999999,16,2351.3999999999996,swap,notBad
9603,16,2353.499999999999,16,2351.3999999999996,swap,notBad
9604,16,2353.499999999999,16,2351.3999999999996,swap,notBad
9605,16,2353.499999999999,16,2351.3999999999996,2opt,notBad
9606,16,2353.499999999999,16,2351.3999999999996,2opt,improve
9607,16,2353.499999999999,16,2351.3999999999996,move,improve
9608,16,2353.499999999999,16,2351.3999999999996,swap,notBad
9609,16,2353.499999999999,16,2351.3999999999996,swap,notBad
9610,16,2353.499999999999,16,2351.3999999999996,swap,notBad
9611,16,2353.499999999999,16,2351.3999999999996,move,improve
9612,16,2353.499999999999,16,2351.3999999999996,move,improve
9613,16,2353.499999999999,16,2351.3999999999996,2opt,notBad
9614,16,2353.499999999999,16,2351.3999999999996,2opt,notBad
9615,16,2353.499999999999,16,2351.3999999999996,swap,notBad
9616,16,2353.499999999999,16,2351.3999999999996,move,improve
9617,16,2353.499999999999,16,2351.3999999999996,move,improve
9618,16,2353.499999999999,16,2351.3999999999996,2opt,notBad
9619,16,2353.499999999999,16,2351.3999999999996,move,improve
9620,16,2353.499999999999,16,2351.3999999999996,move,improve
9621,16,2353.499999999999,16,2351.3999999999996,2opt,notBad
9622,16,2353.499999999999,16,2351.3999999999996,swap,notBad
9623,16,2353.499999999999,16,2351.3999999999996,swap,notBad
9624,16,2353.499999999999,16,2351.3999999999996,swap,notBad
9625,16,2353.499999999999,16,2351.3999999999996,2opt,notBad
9626,16,2353.499999999999,16,2351.3999999999996,swap,notBad
9627,16,2353.499999999999,16,2351.3999999999996,swap,notBad
9628,16,2353.499999999999,16,2351.3999999999996,2opt,notBad
9629,16,2353.499999999999,16,2351.3999999999996,2opt,notBad
9630,16,2353.499999999999,16,2351.3999999999996,2opt,notBad
9631,16,2353.499999999999,16,2351.3999999999996,move,improve
9632,16,2353.499999999999,16,2351.3999999999996,move,improve
9633,16,2353.499999999999,16,2351.3999999999996,move,improve
9634,16,2353.499999999999,16,2351.3999999999996,swap,notBad
9635,16,2353.5599999999995,16,2351.3999999999996,2opt,acceptBad
9636,16,2353.5599999999995,16,2351.3999999999996,swap,notBad
9637,16,2353.5599999999995,16,2351.3999999999996,swap,notBad
9638,16,2353.5599999999995,16,2351.3999999999996,swap,notBad
9639,16,2353.5599999999995,16,2351.3999999999996,2opt,notBad
9640,16,2353.5599999999995,16,2351.3999999999996,2opt,notBad
9641,16,2353.5599999999995,16,2351.3999999999996,2opt,notBad
9642,16,2353.5599999999995,16,2351.3999999999996,2opt,notBad
9643,16,2353.5599999999995,16,2351.3999999999996,2opt,notBad
9644,16,2353.5599999999995,16,2351.3999999999996,2opt,notBad
9645,16,2353.5599999999995,16,2351.3999999999996,swap,notBad
9646,16,2353.5599999999995,16,2351.3999999999996,move,improve
9647,16,2353.5599999999995,16,2351.3999999999996,move,improve
9648,16,2353.5599999999995,16,2351.3999999999996,swap,notBad
9649,16,2353.5599999999995,16,2351.3999999999996,2opt,improve
9650,16,2353.5599999999995,16,2351.3999999999996,2opt,notBad
9651,16,2353.5599999999995,16,2351.3999999999996,2opt,notBad
9652,16,2353.5599999999995,16,2351.3999999999996,move,improve
9653,16,2353.4399999999996,16,2351.3999999999996,move,improve
9654,16,2353.4399999999996,16,2351.3999999999996,2opt,notBad
9655,16,2353.4399999999996,16,2351.3999999999996,move,improve
9656,16,2353.4399999999996,16,2351.3999999999996,move,improve
9657,16,2353.4399999999996,16,2351.3999999999996,2opt,improve
9658,16,2353.4399999999996,16,2351.3999999999996,2opt,notBad
9659,16,2353.4399999999996,16,2351.3999999999996,swap,notBad
9660,16,2353.4399999999996,16,2351.3999999999996,move,improve
9661,16,2353.4399999999996,16,2351.3999999999996,swap,notBad
9662,16,2353.4399999999996,16,2351.3999999999996,swap,notBad
9663,16,2353.4399999999996,16,2351.3999999999996,move,improve
9664,16,2353.4399999999996,16,2351.3999999999996,move,improve
9665,16,2353.619999999999,16,2351.3999999999996,swap,acceptBad
9666,16,2353.619999999999,16,2351.3999999999996,move,improve
9667,16,2353.619999999999,16,2351.3999999999996,move,improve
9668,16,2353.619999999999,16,2351.3999999999996,2opt,notBad
9669,16,2353.619999999999,16,2351.3999999999996,swap,notBad
9670,16,2353.619999999999,16,2351.3999999999996,move,improve
9671,16,2353.619999999999,16,2351.3999999999996,2opt,improve
9672,16,2353.619999999999,16,2351.3999999999996,move,improve
9673,16,2353.619999999999,16,2351.3999999999996,move,improve
9674,16,2353.619999999999,16,2351.3999999999996,2opt,notBad
9675,16,2353.619999999999,16,2351.3999999999996,move,improve
9676,16,2353.619999999999,16,2351.3999999999996,2opt,notBad
9677,16,2353.619999999999,16,2351.3999999999996,swap,notBad
9678,16,2353.619999999999,16,2351.3999999999996,move,improve
9679,16,2353.619999999999,16,2351.3999999999996,2opt,notBad
9680,16,2353.619999999999,16,2351.3999999999996,2opt,notBad
9681,16,2353.619999999999,16,2351.3999999999996,swap,notBad
9682,16,2353.619999999999,16,2351.3999999999996,swap,notBad
9683,16,2353.619999999999,16,2351.3999999999996,swap,notBad
9684,16,2353.619999999999,16,2351.3999999999996,move,improve
9685,16,2353.619999999999,16,2351.3999999999996,move,improve
9686,16,2353.619999999999,16,2351.3999999999996,swap,notBad
9687,16,2353.619999999999,16,2351.3999999999996,2opt,notBad
9688,16,2353.619999999999,16,2351.3999999999996,2opt,notBad
9689,16,2353.619999999999,16,2351.3999999999996,2opt,notBad
9690,16,2353.619999999999,16,2351.3999999999996,move,improve
9691,16,2353.619999999999,16,2351.3999999999996,swap,notBad
9692,16,2353.619999999999,16,2351.3999999999996,swap,notBad
9693,16,2353.619999999999,16,2351.3999999999996,swap,notBad
9694,16,2353.619999999999,16,2351.3999999999996,move,improve
9695,16,2353.619999999999,16,2351.3999999999996,swap,notBad
9696,16,2353.619999999999,16,2351.3999999999996,2opt,notBad
9697,16,2353.619999999999,16,2351.3999999999996,2opt,notBad
9698,16,2353.619999999999,16,2351.3999999999996,move,improve
9699,16,2353.619999999999,16,2351.3999999999996,swap,notBad
9700,16,2353.619999999999,16,2351.3999999999996,swap,notBad
9701,16,2353.619999999999,16,2351.3999999999996,swap,notBad
9702,16,2353.619999999999,16,2351.3999999999996,move,improve
9703,16,2353.619999999999,16,2351.3999999999996,2opt,notBad
9704,16,2353.619999999999,16,2351.3999999999996,swap,notBad
9705,16,2353.619999999999,16,2351.3999999999996,2opt,notBad
9706,16,2353.619999999999,16,2351.3999999999996,2opt,notBad
9707,16,2353.619999999999,16,2351.3999999999996,swap,notBad
9708,16,2353.619999999999,16,2351.3999999999996,move,improve
9709,16,2353.619999999999,16,2351.3999999999996,swap,notBad
9710,16,2353.619999999999,16,2351.3999999999996,swap,notBad
9711,16,2353.619999999999,16,2351.3999999999996,move,improve
9712,16,2353.619999999999,16,2351.3999999999996,2opt,notBad
9713,16,2353.619999999999,16,2351.3999999999996,2opt,notBad
9714,16,2353.619999999999,16,2351.3999999999996,2opt,notBad
9715,16,2353.619999999999,16,2351.3999999999996,swap,notBad
9716,16,2353.619999999999,16,2351.3999999999996,move,improve
9717,16,2353.619999999999,16,2351.3999999999996,swap,notBad
9718,16,2353.619999999999,16,2351.3999999999996,2opt,improve
9719,16,2353.619999999999,16,2351.3999999999996,swap,notBad
9720,16,2353.619999999999,16,2351.3999999999996,2opt,notBad
9721,16,2353.619999999999,16,2351.3999999999996,2opt,notBad
9722,16,2353.619999999999,16,2351.3999999999996,swap,notBad
9723,16,2353.619999999999,16,2351.3999999999996,move,improve
9724,16,2353.619999999999,16,2351.3999999999996,move,improve
9725,16,2353.619999999999,16,2351.3999999999996,2opt,notBad
9726,16,2353.619999999999,16,2351.3999999999996,swap,notBad
9727,16,2353.619999999999,16,2351.3999999999996,2opt,notBad
9728,16,2353.619999999999,16,2351.3999999999996,swap,notBad
9729,16,2353.619999999999,16,2351.3999999999996,swap,notBad
9730,16,2353.619999999999,16,2351.3999999999996,move,improve
9731,16,2353.619999999999,16,2351.3999999999996,2opt,notBad
9732,16,2353.619999999999,16,2351.3999999999996,swap,notBad
9733,16,2353.619999999999,16,2351.3999999999996,swap,notBad
9734,16,2353.619999999999,16,2351.3999999999996,2opt,notBad
9735,16,2353.619999999999,16,2351.3999999999996,2opt,notBad
9736,16,2353.619999999999,16,2351.3999999999996,2opt,improve
9737,16,2353.619999999999,16,2351.3999999999996,move,improve
9738,16,2353.619999999999,16,2351.3999999999996,swap,notBad
9739,16,2353.619999999999,16,2351.3999999999996,2opt,notBad
9740,16,2353.619999999999,16,2351.3999999999996,move,improve
9741,16,2353.619999999999,16,2351.3999999999996,move,improve
9742,16,2353.619999999999,16,2351.3999999999996,2opt,notBad
9743,16,2353.619999999999,16,2351.3999999999996,move,improve
9744,16,2353.619999999999,16,2351.3999999999996,move,improve
9745,16,2353.619999999999,16,2351.3999999999996,move,improve
9746,16,2353.619999999999,16,2351.3999999999996,2opt,notBad
9747,16,2353.619999999999,16,2351.3999999999996,move,notBad
9748,16,2353.619999999999,16,2351.3999999999996,2opt,notBad
9749,16,2353.619999999999,16,2351.3999999999996,2opt,notBad
9750,16,2353.619999999999,16,2351.3999999999996,2opt,notBad
9751,16,2353.619999999999,16,2351.3999999999996,swap,notBad
9752,16,2353.619999999999,16,2351.3999999999996,move,improve
9753,16,2353.619999999999,16,2351.3999999999996,swap,notBad
9754,16,2353.619999999999,16,2351.3999999999996,move,improve
9755,16,2353.619999999999,16,2351.3999999999996,2opt,notBad
9756,16,2353.619999999999,16,2351.3999999999996,move,improve
9757,16,2353.619999999999,16,2351.3999999999996,swap,notBad
9758,16,2353.619999999999,16,2351.3999999999996,swap,notBad
9759,16,2353.619999999999,16,2351.3999999999996,2opt,notBad
9760,16,2353.619999999999,16,2351.3999999999996,2opt,notBad
9761,16,2353.619999999999,16,2351.3999999999996,swap,notBad
9762,16,2353.619999999999,16,2351.3999999999996,swap,notBad
9763,16,2353.619999999999,16,2351.3999999999996,2opt,notBad
9764,16,2353.619999999999,16,2351.3999999999996,swap,notBad
9765,16,2353.619999999999,16,2351.3999999999996,swap,notBad
9766,16,2353.619999999999,16,2351.3999999999996,2opt,notBad
9767,16,2353.3999999999996,16,2351.3999999999996,swap,improve
9768,16,2353.3999999999996,16,2351.3999999999996,move,improve
9769,16,2353.3999999999996,16,2351.3999999999996,move,improve
9770,16,2353.3999999999996,16,2351.3999999999996,2opt,notBad
9771,16,2353.3999999999996,16,2351.3999999999996,swap,notBad
9772,16,2353.3999999999996,16,2351.3999999999996,2opt,notBad
9773,16,2353.3999999999996,16,2351.3999999999996,move,improve
9774,16,2352.6199999999994,16,2351.3999999999996,swap,improve
9775,16,2352.6199999999994,16,2351.3999999999996,move,improve
9776,16,2352.6199999999994,16,2351.3999999999996,move,improve
9777,16,2352.6199999999994,16,2351.3999999999996,move,improve
9778,16,2352.6199999999994,16,2351.3999999999996,move,improve
9779,16,2352.6199999999994,16,2351.3999999999996,move,improve
9780,16,2352.6199999999994,16,2351.3999999999996,move,improve
9781,16,2352.6199999999994,16,2351.3999999999996,swap,notBad
9782,16,2352.6199999999994,16,2351.3999999999996,2opt,improve
9783,16,2352.6199999999994,16,2351.3999999999996,move,improve
9784,16,2352.6199999999994,16,2351.3999999999996,move,improve
9785,16,2352.6199999999994,16,2351.3999999999996,swap,notBad
9786,16,2352.6199999999994,16,2351.3999999999996,move,improve
9787,16,2352.6199999999994,16,2351.3999999999996,2opt,notBad
9788,16,2352.6199999999994,16,2351.3999999999996,swap,notBad
9789,16,2352.6199999999994,16,2351.3999999999996,move,improve
9790,16,2352.6199999999994,16,2351.3999999999996,2opt,notBad
9791,16,2352.6199999999994,16,2351.3999999999996,swap,notBad
9792,16,2352.6199999999994,16,2351.3999999999996,move,improve
9793,16,2352.6199999999994,16,2351.3999999999996,2opt,notBad
9794,16,2352.6199999999994,16,2351.3999999999996,swap,notBad
9795,16,2352.6199999999994,16,2351.3999999999996,2opt,notBad
9796,16,2352.6199999999994,16,2351.3999999999996,move,improve
9797,16,2352.6199999999994,16,2351.3999999999996,swap,notBad
9798,16,2352.6199999999994,16,2351.3999999999996,swap,notBad
9799,16,2352.6199999999994,16,2351.3999999999996,2opt,improve
9800,16,2352.6199999999994,16,2351.3999999999996,swap,notBad
9801,16,2352.6199999999994,16,2351.3999999999996,move,improve
9802,16,2352.6199999999994,16,2351.3999999999996,swap,notBad
9803,16,2352.6199999999994,16,2351.3999999999996,move,improve
9804,16,2352.6199999999994,16,2351.3999999999996,move,improve
9805,16,2352.6199999999994,16,2351.3999999999996,2opt,notBad
9806,16,2352.6199999999994,16,2351.3999999999996,2opt,notBad
9807,16,2352.6199999999994,16,2351.3999999999996,2opt,notBad
9808,16,2352.6199999999994,16,2351.3999999999996,2opt,notBad
9809,16,2352.6199999999994,16,2351.3999999999996,swap,notBad
9810,16,2352.6199999999994,16,2351.3999999999996,2opt,notBad
9811,16,2352.6199999999994,16,2351.3999999999996,move,improve
9812,16,2352.6199999999994,16,2351.3999999999996,swap,notBad
9813,16,2352.6199999999994,16,2351.3999999999996,2opt,notBad
9814,16,2352.6199999999994,16,2351.3999999999996,move,improve
9815,16,2352.6199999999994,16,2351.3999999999996,swap,notBad
9816,16,2352.6199999999994,16,2351.3999999999996,move,improve
9817,16,2352.6199999999994,16,2351.3999999999996,2opt,notBad
9818,16,2352.6199999999994,16,2351.3999999999996,move,improve
9819,16,2352.6799999999994,16,2351.3999999999996,swap,acceptBad
9820,16,2352.6799999999994,16,2351.3999999999996,swap,notBad
9821,16,2352.6799999999994,16,2351.3999999999996,2opt,notBad
9822,16,2352.6799999999994,16,2351.3999999999996,move,improve
9823,16,2352.6799999999994,16,2351.3999999999996,swap,notBad
9824,16,2352.6799999999994,16,2351.3999999999996,swap,notBad
9825,16,2352.6799999999994,16,2351.3999999999996,move,improve
9826,16,2352.6799999999994,16,2351.3999999999996,swap,notBad
9827,16,2352.6799999999994,16,2351.3999999999996,move,improve
9828,16,2352.6799999999994,16,2351.3999999999996,move,improve
9829,16,2352.6799999999994,16,2351.3999999999996,move,improve
9830,16,2352.6799999999994,16,2351.3999999999996,move,improve
9831,16,2352.6799999999994,16,2351.3999999999996,2opt,notBad
9832,16,2352.6799999999994,16,2351.3999999999996,2opt,notBad
9833,16,2352.6799999999994,16,2351.3999999999996,2opt,notBad
9834,16,2352.6799999999994,16,2351.3999999999996,2opt,notBad
9835,16,2352.6799999999994,16,2351.3999999999996,2opt,notBad
9836,16,2352.6799999999994,16,2351.3999999999996,swap,notBad
9837,16,2352.6799999999994,16,2351.3999999999996,move,notBad
9838,16,2352.6799999999994,16,2351.3999999999996,2opt,notBad
9839,16,2352.6799999999994,16,2351.3999999999996,move,improve
9840,16,2352.6799999999994,16,2351.3999999999996,move,improve
9841,16,2352.6799999999994,16,2351.3999999999996,move,improve
9842,16,2352.6799999999994,16,2351.3999999999996,move,improve
9843,16,2352.6799999999994,16,2351.3999999999996,swap,notBad
9844,16,2352.6799999999994,16,2351.3999999999996,2opt,notBad
9845,16,2352.6799999999994,16,2351.3999999999996,2opt,notBad
9846,16,2352.6799999999994,16,2351.3999999999996,move,improve
9847,16,2352.6799999999994,16,2351.3999999999996,swap,notBad
9848,16,2352.6799999999994,16,2351.3999999999996,move,improve
9849,16,2352.6799999999994,16,2351.3999999999996,swap,notBad
9850,16,2352.6799999999994,16,2351.3999999999996,move,improve
9851,16,2352.6799999999994,16,2351.3999999999996,swap,notBad
9852,16,2352.6799999999994,16,2351.3999999999996,swap,notBad
9853,16,2352.6799999999994,16,2351.3999999999996,2opt,notBad
9854,16,2353.3399999999992,16,2351.3999999999996,swap,acceptBad
9855,16,2353.3399999999992,16,2351.3999999999996,move,improve
9856,16,2353.3399999999992,16,2351.3999999999996,swap,notBad
9857,16,2353.3399999999992,16,2351.3999999999996,2opt,improve
9858,16,2353.3399999999992,16,2351.3999999999996,2opt,notBad
9859,16,2353.3399999999992,16,2351.3999999999996,move,improve
9860,16,2353.3399999999992,16,2351.3999999999996,2opt,notBad
9861,16,2353.3399999999992,16,2351.3999999999996,2opt,notBad
9862,16,2353.3399999999992,16,2351.3999999999996,swap,notBad
9863,16,2353.3399999999992,16,2351.3999999999996,move,improve
9864,16,2353.3399999999992,16,2351.3999999999996,2opt,notBad
9865,16,2353.3399999999992,16,2351.3999999999996,2opt,notBad
9866,16,2353.3399999999992,16,2351.3999999999996,2opt,improve
9867,16,2353.3399999999992,16,2351.3999999999996,move,improve
9868,16,2353.3399999999992,16,2351.3999999999996,2opt,notBad
9869,16,2353.3399999999992,16,2351.3999999999996,move,improve
9870,16,2353.3399999999992,16,2351.3999999999996,swap,notBad
9871,16,2353.3399999999992,16,2351.3999999999996,2opt,notBad
9872,16,2353.3399999999992,16,2351.3999999999996,move,improve
9873,16,2353.3399999999992,16,2351.3999999999996,move,improve
9874,16,2353.3399999999992,16,2351.3999999999996,move,improve
9875,16,2350.8599999999997,16,2350.8599999999997,swap,newBest
9876,16,2350.8599999999997,16,2350.8599999999997,swap,notBad
9877,16,2350.8599999999997,16,2350.8599999999997,swap,notBad
9878,16,2350.8599999999997,16,2350.8599999999997,swap,notBad
9879,16,2350.8599999999997,16,2350.8599999999997,2opt,notBad
9880,16,2350.8599999999997,16,2350.8599999999997,2opt,notBad
9881,16,2350.8599999999997,16,2350.8599999999997,2opt,notBad
9882,16,2350.8599999999997,16,2350.8599999999997,swap,notBad
9883,16,2350.8599999999997,16,2350.8599999999997,swap,notBad
9884,16,2350.8599999999997,16,2350.8599999999997,swap,notBad
9885,16,2350.8599999999997,16,2350.8599999999997,2opt,improve
9886,16,2350.8599999999997,16,2350.8599999999997,move,improve
9887,16,2350.8599999999997,16,2350.8599999999997,move,improve
9888,16,2350.8599999999997,16,2350.8599999999997,move,improve
9889,16,2350.8599999999997,16,2350.8599999999997,move,improve
9890,16,2350.8599999999997,16,2350.8599999999997,swap,notBad
9891,16,2350.8599999999997,16,2350.8599999999997,2opt,notBad
9892,16,2350.8599999999997,16,2350.8599999999997,2opt,notBad
9893,16,2350.8599999999997,16,2350.8599999999997,2opt,notBad
9894,16,2350.8599999999997,16,2350.8599999999997,2opt,notBad
9895,16,2350.8599999999997,16,2350.8599999999997,swap,notBad
9896,16,2350.8599999999997,16,2350.8599999999997,2opt,notBad
9897,16,2349.5999999999995,16,2349.5999999999995,move,newBest
9898,16,2349.5999999999995,16,2349.5999999999995,2opt,improve
9899,16,2349.5999999999995,16,2349.5999999999995,2opt,notBad
9900,16,2349.5999999999995,16,2349.5999999999995,swap,notBad
9901,16,2349.5999999999995,16,2349.5999999999995,2opt,notBad
9902,16,2349.5999999999995,16,2349.5999999999995,swap,notBad
9903,16,2349.5999999999995,16,2349.5999999999995,move,improve
9904,16,2349.5999999999995,16,2349.5999999999995,move,improve
9905,16,2349.5999999999995,16,2349.5999999999995,swap,notBad
9906,16,2349.5999999999995,16,2349.5999999999995,move,improve
9907,16,2349.5999999999995,16,2349.5999999999995,2opt,notBad
9908,16,2350.8399999999992,16,2349.5999999999995,swap,acceptBad
9909,16,2350.8399999999992,16,2349.5999999999995,swap,notBad
9910,16,2350.8399999999992,16,2349.5999999999995,move,improve
9911,16,2350.8399999999992,16,2349.5999999999995,swap,notBad
9912,16,2350.8399999999992,16,2349.5999999999995,swap,notBad
9913,16,2350.8399999999992,16,2349.5999999999995,move,improve
9914,16,2350.8399999999992,16,2349.5999999999995,swap,notBad
9915,16,2350.8399999999992,16,2349.5999999999995,swap,notBad
9916,16,2350.8399999999992,16,2349.5999999999995,2opt,notBad
9917,16,2350.8399999999992,16,2349.5999999999995,2opt,notBad
9918,16,2350.8399999999992,16,2349.5999999999995,move,improve
9919,16,2350.8399999999992,16,2349.5999999999995,2opt,notBad
9920,16,2350.8399999999992,16,2349.5999999999995,swap,notBad
9921,16,2350.8399999999992,16,2349.5999999999995,swap,notBad
9922,16,2350.8399999999992,16,2349.5999999999995,2opt,notBad
9923,16,2350.8399999999992,16,2349.5999999999995,2opt,notBad
9924,16,2350.8399999999992,16,2349.5999999999995,swap,notBad
9925,16,2350.8399999999992,16,2349.5999999999995,move,improve
9926,16,2350.8399999999992,16,2349.5999999999995,swap,notBad
9927,16,2350.8399999999992,16,2349.5999999999995,move,improve
9928,16,2351.7999999999993,16,2349.5999999999995,swap,acceptBad
9929,16,2351.7999999999993,16,2349.5999999999995,2opt,notBad
9930,16,2351.7999999999993,16,2349.5999999999995,2opt,notBad
9931,16,2351.7999999999993,16,2349.5999999999995,swap,notBad
9932,16,2351.7999999999993,16,2349.5999999999995,2opt,notBad
9933,16,2351.7999999999993,16,2349.5999999999995,move,improve
9934,16,2351.7999999999993,16,2349.5999999999995,swap,notBad
9935,16,2351.7999999999993,16,2349.5999999999995,2opt,notBad
9936,16,2351.7999999999993,16,2349.5999999999995,2opt,notBad
9937,16,2351.7999999999993,16,2349.5999999999995,2opt,notBad
9938,16,2351.7999999999993,16,2349.5999999999995,swap,notBad
9939,16,2351.7999999999993,16,2349.5999999999995,move,improve
9940,16,2351.7999999999993,16,2349.5999999999995,move,improve
9941,16,2351.7999999999993,16,2349.5999999999995,swap,notBad
9942,16,2351.7999999999993,16,2349.5999999999995,swap,notBad
9943,16,2351.7999999999993,16,2349.5999999999995,2opt,notBad
9944,16,2351.7999999999993,16,2349.5999999999995,move,improve
9945,16,2351.7999999999993,16,2349.5999999999995,swap,notBad
9946,16,2351.62,16,2349.5999999999995,2opt,improve
9947,16,2351.62,16,2349.5999999999995,2opt,notBad
9948,16,2351.62,16,2349.5999999999995,move,improve
9949,16,2351.62,16,2349.5999999999995,swap,notBad
9950,16,2351.62,16,2349.5999999999995,move,improve
9951,16,2351.62,16,2349.5999999999995,2opt,notBad
9952,16,2351.62,16,2349.5999999999995,2opt,improve
9953,16,2350.66,16,2349.5999999999995,move,improve
9954,16,2350.66,16,2349.5999999999995,swap,notBad
9955,16,2350.66,16,2349.5999999999995,2opt,notBad
9956,16,2350.66,16,2349.5999999999995,move,improve
9957,16,2350.66,16,2349.5999999999995,2opt,notBad
9958,16,2350.66,16,2349.5999999999995,move,improve
9959,16,2350.66,16,2349.5999999999995,move,improve
9960,16,2350.66,16,2349.5999999999995,swap,notBad
9961,16,2350.66,16,2349.5999999999995,move,improve
9962,16,2350.66,16,2349.5999999999995,2opt,notBad
9963,16,2350.66,16,2349.5999999999995,2opt,notBad
9964,16,2350.66,16,2349.5999999999995,swap,notBad
9965,16,2350.66,16,2349.5999999999995,swap,notBad
9966,16,2350.66,16,2349.5999999999995,move,improve
9967,16,2350.66,16,2349.5999999999995,move,improve
9968,16,2350.66,16,2349.5999999999995,2opt,notBad
9969,16,2350.66,16,2349.5999999999995,move,improve
9970,16,2350.66,16,2349.5999999999995,swap,notBad
9971,16,2350.66,16,2349.5999999999995,move,improve
9972,16,2350.66,16,2349.5999999999995,move,improve
9973,16,2350.66,16,2349.5999999999995,2opt,notBad
9974,16,2350.0599999999995,16,2349.5999999999995,move,improve
9975,16,2350.0599999999995,16,2349.5999999999995,swap,notBad
9976,16,2350.0599999999995,16,2349.5999999999995,swap,notBad
9977,16,2350.0599999999995,16,2349.5999999999995,move,improve
9978,16,2350.0599999999995,16,2349.5999999999995,2opt,notBad
9979,16,2350.0599999999995,16,2349.5999999999995,2opt,notBad
9980,16,2350.0599999999995,16,2349.5999999999995,2opt,notBad
9981,16,2350.0599999999995,16,2349.5999999999995,2opt,improve
9982,16,2350.0599999999995,16,2349.5999999999995,2opt,notBad
9983,16,2350.0599999999995,16,2349.5999999999995,swap,notBad
9984,16,2350.0599999999995,16,2349.5999999999995,swap,notBad
9985,16,2350.0599999999995,16,2349.5999999999995,2opt,notBad
9986,16,2350.0599999999995,16,2349.5999999999995,2opt,notBad
9987,16,2350.0599999999995,16,2349.5999999999995,2opt,notBad
9988,16,2350.0599999999995,16,2349.5999999999995,swap,notBad
9989,16,2350.0599999999995,16,2349.5999999999995,move,improve
9990,16,2350.0599999999995,16,2349.5999999999995,move,improve
9991,16,2350.0599999999995,16,2349.5999999999995,move,improve
9992,16,2350.0599999999995,16,2349.5999999999995,2opt,notBad
9993,16,2350.0599999999995,16,2349.5999999999995,move,improve
9994,16,2350.0599999999995,16,2349.5999999999995,2opt,notBad
9995,16,2350.0599999999995,16,2349.5999999999995,2opt,notBad
9996,16,2350.0599999999995,16,2349.5999999999995,swap,notBad
9997,16,2350.0599999999995,16,2349.5999999999995,move,improve
9998,16,2350.0599999999995,16,2349.5999999999995,2opt,notBad
9999,16,2350.0599999999995,16,2349.5999999999995,move,improve
10000,16,2351.4399999999996,16,2349.5999999999995,swap,acceptBad
10001,16,2351.4399999999996,16,2349.5999999999995,move,improve
10002,16,2351.4399999999996,16,2349.5999999999995,2opt,notBad
10003,16,2351.4399999999996,16,2349.5999999999995,2opt,notBad
10004,16,2351.4399999999996,16,2349.5999999999995,2opt,notBad
10005,16,2351.4399999999996,16,2349.5999999999995,swap,notBad
10006,16,2351.4399999999996,16,2349.5999999999995,2opt,notBad
10007,16,2351.4399999999996,16,2349.5999999999995,2opt,notBad
10008,16,2351.4399999999996,16,2349.5999999999995,2opt,notBad
10009,16,2351.4399999999996,16,2349.5999999999995,move,improve
10010,16,2351.4399999999996,16,2349.5999999999995,move,improve
10011,16,2351.4399999999996,16,2349.5999999999995,swap,notBad
10012,16,2351.4399999999996,16,2349.5999999999995,2opt,notBad
10013,16,2351.4399999999996,16,2349.5999999999995,2opt,notBad
10014,16,2351.4399999999996,16,2349.5999999999995,2opt,notBad
10015,16,2351.4399999999996,16,2349.5999999999995,move,improve
10016,16,2351.4399999999996,16,2349.5999999999995,swap,notBad
10017,16,2351.4399999999996,16,2349.5999999999995,swap,notBad
10018,16,2351.4399999999996,16,2349.5999999999995,move,improve
10019,16,2351.4399999999996,16,2349.5999999999995,2opt,notBad
10020,16,2351.4399999999996,16,2349.5999999999995,move,improve
10021,16,2351.4399999999996,16,2349.5999999999995,2opt,notBad
10022,16,2351.4399999999996,16,2349.5999999999995,move,improve
10023,16,2351.4399999999996,16,2349.5999999999995,swap,notBad
10024,16,2351.4399999999996,16,2349.5999999999995,move,improve
10025,16,2351.4399999999996,16,2349.5999999999995,2opt,notBad
10026,16,2351.4399999999996,16,2349.5999999999995,move,improve
10027,16,2351.4399999999996,16,2349.5999999999995,swap,notBad
10028,16,2351.4399999999996,16,2349.5999999999995,swap,notBad
10029,16,2351.4399999999996,16,2349.5999999999995,2opt,notBad
10030,16,2351.4399999999996,16,2349.5999999999995,2opt,notBad
10031,16,2351.4399999999996,16,2349.5999999999995,2opt,notBad
10032,16,2351.4399999999996,16,2349.5999999999995,move,improve
10033,16,2351.4399999999996,16,2349.5999999999995,swap,notBad
10034,16,2351.4399999999996,16,2349.5999999999995,move,improve
10035,16,2351.4399999999996,16,2349.5999999999995,2opt,notBad
10036,16,2351.4399999999996,16,2349.5999999999995,2opt,notBad
10037,16,2351.4399999999996,16,2349.5999999999995,move,improve
10038,16,2351.4399999999996,16,2349.5999999999995,swap,notBad
10039,16,2351.4399999999996,16,2349.5999999999995,swap,notBad
10040,16,2351.4399999999996,16,2349.5999999999995,move,improve
10041,16,2351.4399999999996,16,2349.5999999999995,2opt,notBad
10042,16,2351.4399999999996,16,2349.5999999999995,swap,notBad
10043,16,2351.4399999999996,16,2349.5999999999995,2opt,notBad
10044,16,2351.4399999999996,16,2349.5999999999995,swap,notBad
10045,16,2351.4399999999996,16,2349.5999999999995,swap,notBad
10046,16,2351.4399999999996,16,2349.5999999999995,move,improve
10047,16,2351.4399999999996,16,2349.5999999999995,2opt,notBad
10048,16,2351.4399999999996,16,2349.5999999999995,move,improve
10049,16,2351.4399999999996,16,2349.5999999999995,swap,notBad
10050,16,2351.4399999999996,16,2349.5999999999995,move,improve
10051,16,2351.4399999999996,16,2349.5999999999995,move,improve
10052,16,2351.4399999999996,16,2349.5999999999995,move,improve
10053,16,2351.4399999999996,16,2349.5999999999995,swap,notBad
10054,16,2351.4399999999996,16,2349.5999999999995,move,improve
10055,16,2351.4399999999996,16,2349.5999999999995,move,improve
10056,16,2351.6199999999994,16,2349.5999999999995,swap,acceptBad
10057,16,2351.6199999999994,16,2349.5999999999995,move,improve
10058,16,2351.6199999999994,16,2349.5999999999995,swap,notBad
10059,16,2351.6199999999994,16,2349.5999999999995,move,improve
10060,16,2351.6199999999994,16,2349.5999999999995,move,improve
10061,16,2351.6199999999994,16,2349.5999999999995,move,improve
10062,16,2351.6199999999994,16,2349.5999999999995,2opt,notBad
10063,16,2351.6199999999994,16,2349.5999999999995,swap,notBad
10064,16,2351.6199999999994,16,2349.5999999999995,move,improve
10065,16,2351.6199999999994,16,2349.5999999999995,swap,notBad
10066,16,2351.6199999999994,16,2349.5999999999995,swap,notBad
10067,16,2351.6199999999994,16,2349.5999999999995,swap,notBad
10068,16,2351.6199999999994,16,2349.5999999999995,swap,notBad
10069,16,2351.6199999999994,16,2349.5999999999995,2opt,notBad
10070,16,2351.4399999999996,16,2349.5999999999995,swap,improve
10071,16,2351.4399999999996,16,2349.5999999999995,move,improve
10072,16,2351.4399999999996,16,2349.5999999999995,2opt,notBad
10073,16,2351.4399999999996,16,2349.5999999999995,swap,notBad
10074,16,2351.4399999999996,16,2349.5999999999995,move,improve
10075,16,2351.4399999999996,16,2349.5999999999995,2opt,notBad
10076,16,2351.4399999999996,16,2349.5999999999995,move,improve
10077,16,2351.4399999999996,16,2349.5999999999995,move,improve
10078,16,2351.4399999999996,16,2349.5999999999995,2opt,notBad
10079,16,2351.4399999999996,16,2349.5999999999995,2opt,notBad
10080,16,2351.4399999999996,16,2349.5999999999995,2opt,improve
10081,16,2351.4399999999996,16,2349.5999999999995,swap,notBad
10082,16,2351.4399999999996,16,2349.5999999999995,swap,notBad
10083,16,2351.4399999999996,16,2349.5999999999995,swap,notBad
10084,16,2351.4399999999996,16,2349.5999999999995,swap,notBad
10085,16,2351.4399999999996,16,2349.5999999999995,move,improve
10086,16,2351.4399999999996,16,2349.5999999999995,swap,notBad
10087,16,2351.4399999999996,16,2349.5999999999995,2opt,improve
10088,16,2351.4399999999996,16,2349.5999999999995,swap,notBad
10089,16,2351.4399999999996,16,2349.5999999999995,2opt,notBad
10090,16,2351.4399999999996,16,2349.5999999999995,2opt,notBad
10091,16,2351.4399999999996,16,2349.5999999999995,move,improve
10092,16,2351.4399999999996,16,2349.5999999999995,2opt,notBad
10093,16,2351.4399999999996,16,2349.5999999999995,swap,notBad
10094,16,2351.4399999999996,16,2349.5999999999995,2opt,notBad
10095,16,2351.4399999999996,16,2349.5999999999995,swap,notBad
10096,16,2351.4399999999996,16,2349.5999999999995,2opt,notBad
10097,16,2351.4399999999996,16,2349.5999999999995,2opt,notBad
10098,16,2351.4399999999996,16,2349.5999999999995,move,improve
10099,16,2351.4399999999996,16,2349.5999999999995,swap,notBad
10100,16,2351.4399999999996,16,2349.5999999999995,move,improve
10101,16,2351.4399999999996,16,2349.5999999999995,swap,notBad
10102,16,2351.4399999999996,16,2349.5999999999995,swap,notBad
10103,16,2351.4399999999996,16,2349.5999999999995,swap,notBad
10104,16,2351.4399999999996,16,2349.5999999999995,swap,notBad
10105,16,2351.4399999999996,16,2349.5999999999995,2opt,notBad
10106,16,2351.4399999999996,16,2349.5999999999995,swap,notBad
10107,16,2351.4399999999996,16,2349.5999999999995,swap,notBad
10108,16,2351.4399999999996,16,2349.5999999999995,move,improve
10109,16,2351.4399999999996,16,2349.5999999999995,2opt,notBad
10110,16,2351.4399999999996,16,2349.5999999999995,move,improve
10111,16,2351.4399999999996,16,2349.5999999999995,move,improve
10112,16,2351.4399999999996,16,2349.5999999999995,move,improve
10113,16,2351.4399999999996,16,2349.5999999999995,swap,notBad
10114,16,2351.4399999999996,16,2349.5999999999995,move,improve
10115,16,2351.4399999999996,16,2349.5999999999995,swap,notBad
10116,16,2351.4399999999996,16,2349.5999999999995,move,improve
10117,16,2351.4399999999996,16,2349.5999999999995,swap,notBad
10118,16,2351.4399999999996,16,2349.5999999999995,move,improve
10119,16,2351.4399999999996,16,2349.5999999999995,move,improve
10120,16,2351.4399999999996,16,2349.5999999999995,2opt,notBad
10121,16,2352.0999999999995,16,2349.5999999999995,swap,acceptBad
10122,16,2352.0999999999995,16,2349.5999999999995,2opt,notBad
10123,16,2352.0999999999995,16,2349.5999999999995,move,improve
10124,16,2352.0999999999995,16,2349.5999999999995,move,improve
10125,16,2352.0999999999995,16,2349.5999999999995,2opt,notBad
10126,16,2352.0999999999995,16,2349.5999999999995,2opt,notBad
10127,16,2352.0999999999995,16,2349.5999999999995,2opt,notBad
10128,16,2352.0999999999995,16,2349.5999999999995,swap,notBad
10129,16,2352.0999999999995,16,2349.5999999999995,move,improve
10130,16,2352.0999999999995,16,2349.5999999999995,2opt,notBad
10131,16,2352.0999999999995,16,2349.5999999999995,2opt,notBad
10132,16,2352.0999999999995,16,2349.5999999999995,move,improve
10133,16,2352.0999999999995,16,2349.5999999999995,swap,notBad
10134,16,2352.0999999999995,16,2349.5999999999995,2opt,notBad
10135,16,2352.0999999999995,16,2349.5999999999995,swap,notBad
10136,16,2352.0999999999995,16,2349.5999999999995,2opt,notBad
10137,16,2352.0999999999995,16,2349.5999999999995,move,improve
10138,16,2352.0999999999995,16,2349.5999999999995,swap,notBad
10139,16,2352.0999999999995,16,2349.5999999999995,2opt,improve
10140,16,2352.0999999999995,16,2349.5999999999995,2opt,notBad
10141,16,2352.0999999999995,16,2349.5999999999995,2opt,improve
10142,16,2352.0999999999995,16,2349.5999999999995,move,improve
10143,16,2352.0999999999995,16,2349.5999999999995,2opt,notBad
10144,16,2352.0999999999995,16,2349.5999999999995,2opt,notBad
10145,16,2352.0999999999995,16,2349.5999999999995,2opt,improve
10146,16,2352.0999999999995,16,2349.5999999999995,2opt,notBad
10147,16,2352.0999999999995,16,2349.5999999999995,2opt,notBad
10148,16,2352.0999999999995,16,2349.5999999999995,swap,notBad
10149,16,2352.0999999999995,16,2349.5999999999995,move,improve
10150,16,2352.0999999999995,16,2349.5999999999995,move,improve
10151,16,2352.0999999999995,16,2349.5999999999995,swap,notBad
10152,16,2352.0999999999995,16,2349.5999999999995,swap,notBad
10153,16,2352.0999999999995,16,2349.5999999999995,swap,notBad
10154,16,2352.0999999999995,16,2349.5999999999995,2opt,notBad
10155,16,2352.0999999999995,16,2349.5999999999995,2opt,notBad
10156,16,2352.0999999999995,16,2349.5999999999995,2opt,notBad
10157,16,2352.0999999999995,16,2349.5999999999995,swap,notBad
10158,16,2352.0999999999995,16,2349.5999999999995,swap,notBad
10159,16,2352.0999999999995,16,2349.5999999999995,move,improve
10160,16,2352.0999999999995,16,2349.5999999999995,swap,notBad
10161,16,2352.0999999999995,16,2349.5999999999995,swap,notBad
10162,16,2352.0999999999995,16,2349.5999999999995,move,improve
10163,16,2352.0999999999995,16,2349.5999999999995,swap,notBad
10164,16,2352.0999999999995,16,2349.5999999999995,2opt,improve
10165,16,2352.0999999999995,16,2349.5999999999995,2opt,notBad
10166,16,2352.0999999999995,16,2349.5999999999995,2opt,notBad
10167,16,2352.0999999999995,16,2349.5999999999995,swap,notBad
10168,16,2352.0999999999995,16,2349.5999999999995,move,improve
10169,16,2352.0999999999995,16,2349.5999999999995,move,improve
10170,16,2352.0399999999995,16,2349.5999999999995,move,improve
10171,16,2352.0399999999995,16,2349.5999999999995,swap,notBad
10172,16,2352.0399999999995,16,2349.5999999999995,swap,notBad
10173,16,2352.0399999999995,16,2349.5999999999995,2opt,notBad
10174,16,2352.0399999999995,16,2349.5999999999995,2opt,notBad
10175,16,2352.0399999999995,16,2349.5999999999995,2opt,notBad
10176,16,2352.0399999999995,16,2349.5999999999995,2opt,notBad
10177,16,2352.0399999999995,16,2349.5999999999995,2opt,notBad
10178,16,2352.0399999999995,16,2349.5999999999995,2opt,notBad
10179,16,2352.0399999999995,16,2349.5999999999995,swap,notBad
10180,16,2352.0399999999995,16,2349.5999999999995,swap,notBad
10181,16,2352.0399999999995,16,2349.5999999999995,move,improve
10182,16,2352.0399999999995,16,2349.5999999999995,2opt,notBad
10183,16,2352.0399999999995,16,2349.5999999999995,2opt,notBad
10184,16,2352.0399999999995,16,2349.5999999999995,move,improve
10185,16,2352.2199999999993,16,2349.5999999999995,swap,acceptBad
10186,16,2352.2199999999993,16,2349.5999999999995,move,improve
10187,16,2352.2199999999993,16,2349.5999999999995,2opt,notBad
10188,16,2352.2199999999993,16,2349.5999999999995,swap,notBad
10189,16,2351.6199999999994,16,2349.5999999999995,move,improve
10190,16,2351.6199999999994,16,2349.5999999999995,2opt,notBad
10191,16,2351.6199999999994,16,2349.5999999999995,move,improve
10192,16,2351.6199999999994,16,2349.5999999999995,2opt,notBad
10193,16,2351.6199999999994,16,2349.5999999999995,move,improve
10194,16,2351.6199999999994,16,2349.5999999999995,move,improve
10195,16,2351.6199999999994,16,2349.5999999999995,move,improve
10196,16,2351.6199999999994,16,2349.5999999999995,2opt,notBad
10197,16,2351.6199999999994,16,2349.5999999999995,swap,notBad
10198,16,2351.6199999999994,16,2349.5999999999995,2opt,notBad
10199,16,2351.6199999999994,16,2349.5999999999995,2opt,notBad
10200,16,2351.6199999999994,16,2349.5999999999995,swap,notBad
10201,16,2351.6199999999994,16,2349.5999999999995,2opt,notBad
10202,16,2351.6199999999994,16,2349.5999999999995,swap,notBad
10203,16,2351.6199999999994,16,2349.5999999999995,move,improve
10204,16,2351.6199999999994,16,2349.5999999999995,2opt,notBad
10205,16,2351.6199999999994,16,2349.5999999999995,swap,notBad
10206,16,2351.6199999999994,16,2349.5999999999995,move,improve
10207,16,2351.6199999999994,16,2349.5999999999995,swap,notBad
10208,16,2351.6199999999994,16,2349.5999999999995,swap,notBad
10209,16,2351.6199999999994,16,2349.5999999999995,swap,notBad
10210,16,2351.6199999999994,16,2349.5999999999995,move,improve
10211,16,2351.6199999999994,16,2349.5999999999995,move,improve
10212,16,2351.6199999999994,16,2349.5999999999995,2opt,improve
10213,16,2351.6199999999994,16,2349.5999999999995,swap,notBad
10214,16,2351.6199999999994,16,2349.5999999999995,swap,notBad
10215,16,2351.6199999999994,16,2349.5999999999995,move,improve
10216,16,2351.6199999999994,16,2349.5999999999995,swap,notBad
10217,16,2351.6199999999994,16,2349.5999999999995,swap,notBad
10218,16,2351.6199999999994,16,2349.5999999999995,2opt,notBad
10219,16,2351.6199999999994,16,2349.5999999999995,move,notBad
10220,16,2351.6199999999994,16,2349.5999999999995,move,improve
10221,16,2351.6199999999994,16,2349.5999999999995,swap,notBad
10222,16,2351.6199999999994,16,2349.5999999999995,move,improve
10223,16,2351.6199999999994,16,2349.5999999999995,2opt,notBad
10224,16,2351.6199999999994,16,2349.5999999999995,2opt,notBad
10225,16,2351.6199999999994,16,2349.5999999999995,move,notBad
10226,16,2351.6199999999994,16,2349.5999999999995,move,improve
10227,16,2351.6199999999994,16,2349.5999999999995,swap,notBad
10228,16,2351.6199999999994,16,2349.5999999999995,swap,notBad
10229,16,2351.6199999999994,16,2349.5999999999995,move,improve
10230,16,2351.6199999999994,16,2349.5999999999995,2opt,notBad
10231,16,2351.6199999999994,16,2349.5999999999995,move,improve
10232,16,2351.6199999999994,16,2349.5999999999995,swap,notBad
10233,16,2351.6199999999994,16,2349.5999999999995,swap,notBad
10234,16,2351.6199999999994,16,2349.5999999999995,2opt,improve
10235,16,2351.6199999999994,16,2349.5999999999995,swap,notBad
10236,16,2351.6199999999994,16,2349.5999999999995,2opt,notBad
10237,16,2351.6199999999994,16,2349.5999999999995,move,improve
10238,16,2351.6199999999994,16,2349.5999999999995,move,improve
10239,16,2351.6199999999994,16,2349.5999999999995,swap,notBad
10240,16,2351.6199999999994,16,2349.5999999999995,move,improve
10241,16,2351.6199999999994,16,2349.5999999999995,move,improve
10242,16,2351.6199999999994,16,2349.5999999999995,move,improve
10243,16,2351.6199999999994,16,2349.5999999999995,move,improve
10244,16,2351.6199999999994,16,2349.5999999999995,2opt,improve
10245,16,2351.6199999999994,16,2349.5999999999995,move,improve
10246,16,2351.6199999999994,16,2349.5999999999995,move,improve
10247,16,2351.6199999999994,16,2349.5999999999995,swap,notBad
10248,16,2351.6199999999994,16,2349.5999999999995,swap,notBad
10249,16,2351.6199999999994,16,2349.5999999999995,swap,notBad
10250,16,2351.6199999999994,16,2349.5999999999995,swap,notBad
10251,16,2351.6199999999994,16,2349.5999999999995,2opt,notBad
10252,16,2351.6199999999994,16,2349.5999999999995,2opt,improve
10253,16,2351.6199999999994,16,2349.5999999999995,swap,notBad
10254,16,2351.6199999999994,16,2349.5999999999995,2opt,notBad
10255,16,2351.6199999999994,16,2349.5999999999995,2opt,notBad
10256,16,2351.6199999999994,16,2349.5999999999995,move,improve
10257,16,2351.6199999999994,16,2349.5999999999995,swap,notBad
10258,16,2351.6199999999994,16,2349.5999999999995,2opt,notBad
10259,16,2351.6199999999994,16,2349.5999999999995,swap,notBad
10260,16,2351.6199999999994,16,2349.5999999999995,2opt,notBad
10261,16,2351.6199999999994,16,2349.5999999999995,2opt,notBad
10262,16,2351.6199999999994,16,2349.5999999999995,2opt,notBad
10263,16,2351.6199999999994,16,2349.5999999999995,2opt,notBad
10264,16,2351.6199999999994,16,2349.5999999999995,swap,notBad
10265,16,2351.6199999999994,16,2349.5999999999995,2opt,notBad
10266,16,2352.3399999999992,16,2349.5999999999995,swap,acceptBad
10267,16,2352.3399999999992,16,2349.5999999999995,swap,notBad
10268,16,2352.3399999999992,16,2349.5999999999995,2opt,notBad
10269,16,2352.3399999999992,16,2349.5999999999995,move,improve
10270,16,2352.3399999999992,16,2349.5999999999995,move,improve
10271,16,2352.3399999999992,16,2349.5999999999995,move,improve
10272,16,2352.3399999999992,16,2349.5999999999995,2opt,notBad
10273,16,2352.3399999999992,16,2349.5999999999995,swap,notBad
10274,16,2352.3399999999992,16,2349.5999999999995,swap,notBad
10275,16,2352.3399999999992,16,2349.5999999999995,move,improve
10276,16,2351.74,16,2349.5999999999995,move,improve
10277,16,2351.74,16,2349.5999999999995,move,improve
10278,16,2351.74,16,2349.5999999999995,2opt,notBad
10279,16,2351.74,16,2349.5999999999995,move,improve
10280,16,2351.74,16,2349.5999999999995,2opt,notBad
10281,16,2351.74,16,2349.5999999999995,move,improve
10282,16,2351.74,16,2349.5999999999995,2opt,notBad
10283,16,2351.74,16,2349.5999999999995,2opt,notBad
10284,16,2351.74,16,2349.5999999999995,swap,notBad
10285,16,2351.74,16,2349.5999999999995,move,improve
10286,16,2351.74,16,2349.5999999999995,move,improve
10287,16,2351.74,16,2349.5999999999995,swap,notBad
10288,16,2351.74,16,2349.5999999999995,move,improve
10289,16,2351.74,16,2349.5999999999995,swap,notBad
10290,16,2351.74,16,2349.5999999999995,move,improve
10291,16,2351.74,16,2349.5999999999995,move,improve
10292,16,2351.74,16,2349.5999999999995,move,improve
10293,16,2351.74,16,2349.5999999999995,2opt,notBad
10294,16,2351.74,16,2349.5999999999995,swap,notBad
10295,16,2351.74,16,2349.5999999999995,move,improve
10296,16,2351.74,16,2349.5999999999995,swap,notBad
10297,16,2351.74,16,2349.5999999999995,move,improve
10298,16,2351.74,16,2349.5999999999995,move,improve
10299,16,2351.68,16,2349.5999999999995,2opt,improve
10300,16,2351.68,16,2349.5999999999995,2opt,notBad
10301,16,2351.68,16,2349.5999999999995,move,improve
10302,16,2351.68,16,2349.5999999999995,2opt,notBad
10303,16,2351.68,16,2349.5999999999995,2opt,notBad
10304,16,2351.68,16,2349.5999999999995,2opt,notBad
10305,16,2351.68,16,2349.5999999999995,2opt,notBad
10306,16,2351.68,16,2349.5999999999995,swap,notBad
10307,16,2351.68,16,2349.5999999999995,swap,notBad
10308,16,2351.68,16,2349.5999999999995,swap,notBad
10309,16,2351.68,16,2349.5999999999995,swap,notBad
10310,16,2351.68,16,2349.5999999999995,move,improve
10311,16,2351.68,16,2349.5999999999995,move,improve
10312,16,2351.68,16,2349.5999999999995,swap,notBad
10313,16,2351.68,16,2349.5999999999995,swap,notBad
10314,16,2351.68,16,2349.5999999999995,move,improve
10315,16,2351.68,16,2349.5999999999995,move,improve
10316,16,2351.68,16,2349.5999999999995,move,improve
10317,16,2351.68,16,2349.5999999999995,move,improve
10318,16,2351.68,16,2349.5999999999995,2opt,notBad
10319,16,2351.68,16,2349.5999999999995,swap,notBad
10320,16,2351.68,16,2349.5999999999995,swap,notBad
10321,16,2351.68,16,2349.5999999999995,move,notBad
10322,16,2351.68,16,2349.5999999999995,2opt,notBad
10323,16,2351.68,16,2349.5999999999995,move,improve
10324,16,2351.68,16,2349.5999999999995,swap,notBad
10325,16,2351.68,16,2349.5999999999995,move,improve
10326,16,2351.68,16,2349.5999999999995,move,improve
10327,16,2351.68,16,2349.5999999999995,2opt,notBad
10328,16,2351.68,16,2349.5999999999995,swap,notBad
10329,16,2351.68,16,2349.5999999999995,swap,notBad
10330,16,2351.68,16,2349.5999999999995,move,improve
10331,16,2351.68,16,2349.5999999999995,move,improve
10332,16,2351.68,16,2349.5999999999995,2opt,notBad
10333,16,2351.68,16,2349.5999999999995,swap,notBad
10334,16,2351.68,16,2349.5999999999995,move,improve
10335,16,2351.68,16,2349.5999999999995,2opt,notBad
10336,16,2351.68,16,2349.5999999999995,move,improve
10337,16,2351.68,16,2349.5999999999995,move,improve
10338,16,2351.68,16,2349.5999999999995,2opt,notBad
10339,16,2351.68,16,2349.5999999999995,move,improve
10340,16,2351.68,16,2349.5999999999995,2opt,improve
10341,16,2351.68,16,2349.5999999999995,2opt,notBad
10342,16,2351.68,16,2349.5999999999995,2opt,notBad
10343,16,2351.68,16,2349.5999999999995,move,improve
10344,16,2351.68,16,2349.5999999999995,swap,notBad
10345,16,2351.68,16,2349.5999999999995,2opt,notBad
10346,16,2351.68,16,2349.5999999999995,move,improve
10347,16,2351.68,16,2349.5999999999995,swap,notBad
10348,16,2351.62,16,2349.5999999999995,move,improve
10349,16,2351.62,16,2349.5999999999995,2opt,notBad
10350,16,2351.62,16,2349.5999999999995,swap,notBad
10351,16,2351.62,16,2349.5999999999995,move,improve
10352,16,2351.62,16,2349.5999999999995,swap,notBad
10353,16,2351.62,16,2349.5999999999995,2opt,notBad
10354,16,2351.62,16,2349.5999999999995,2opt,notBad
10355,16,2351.62,16,2349.5999999999995,swap,notBad
10356,16,2351.62,16,2349.5999999999995,2opt,notBad
10357,16,2351.62,16,2349.5999999999995,2opt,improve
10358,16,2350.96,16,2349.5999999999995,swap,improve
10359,16,2350.96,16,2349.5999999999995,2opt,notBad
10360,16,2350.96,16,2349.5999999999995,2opt,notBad
10361,16,2350.96,16,2349.5999999999995,2opt,notBad
10362,16,2350.96,16,2349.5999999999995,move,improve
10363,16,2350.96,16,2349.5999999999995,2opt,notBad
10364,16,2350.96,16,2349.5999999999995,move,improve
10365,16,2350.96,16,2349.5999999999995,move,improve
10366,16,2350.96,16,2349.5999999999995,2opt,notBad
10367,16,2350.96,16,2349.5999999999995,2opt,notBad
10368,16,2350.96,16,2349.5999999999995,2opt,notBad
10369,16,2350.96,16,2349.5999999999995,2opt,notBad
10370,16,2350.96,16,2349.5999999999995,2opt,notBad
10371,16,2350.96,16,2349.5999999999995,move,improve
10372,16,2350.96,16,2349.5999999999995,swap,notBad
10373,16,2350.96,16,2349.5999999999995,move,improve
10374,16,2350.96,16,2349.5999999999995,2opt,notBad
10375,16,2350.96,16,2349.5999999999995,2opt,notBad
10376,16,2350.96,16,2349.5999999999995,move,improve
10377,16,2350.96,16,2349.5999999999995,2opt,notBad
10378,16,2350.96,16,2349.5999999999995,move,improve
10379,16,2350.96,16,2349.5999999999995,2opt,notBad
10380,16,2350.96,16,2349.5999999999995,swap,notBad
10381,16,2350.96,16,2349.5999999999995,2opt,notBad
10382,16,2350.96,16,2349.5999999999995,2opt,notBad
10383,16,2351.3799999999997,16,2349.5999999999995,swap,acceptBad
10384,16,2351.3799999999997,16,2349.5999999999995,2opt,notBad
10385,16,2351.3799999999997,16,2349.5999999999995,move,improve
10386,16,2351.3799999999997,16,2349.5999999999995,swap,notBad
10387,16,2351.3799999999997,16,2349.5999999999995,move,improve
10388,16,2351.3799999999997,16,2349.5999999999995,swap,notBad
10389,16,2351.3799999999997,16,2349.5999999999995,move,improve
10390,16,2351.3799999999997,16,2349.5999999999995,swap,notBad
10391,16,2351.3799999999997,16,2349.5999999999995,move,improve
10392,16,2351.3799999999997,16,2349.5999999999995,2opt,notBad
10393,16,2351.3799999999997,16,2349.5999999999995,swap,notBad
10394,16,2351.3799999999997,16,2349.5999999999995,move,improve
10395,16,2351.08,16,2349.5999999999995,move,improve
10396,16,2351.08,16,2349.5999999999995,move,improve
10397,16,2351.08,16,2349.5999999999995,2opt,notBad
10398,16,2350.8999999999996,16,2349.5999999999995,move,improve
10399,16,2350.8999999999996,16,2349.5999999999995,swap,notBad
10400,16,2350.8999999999996,16,2349.5999999999995,2opt,notBad
10401,16,2350.8999999999996,16,2349.5999999999995,move,improve
10402,16,2350.8999999999996,16,2349.5999999999995,move,improve
10403,16,2350.8999999999996,16,2349.5999999999995,move,improve
10404,16,2350.8999999999996,16,2349.5999999999995,swap,notBad
10405,16,2350.8999999999996,16,2349.5999999999995,2opt,notBad
10406,16,2350.8999999999996,16,2349.5999999999995,move,improve
10407,16,2350.8999999999996,16,2349.5999999999995,swap,notBad
10408,16,2350.8999999999996,16,2349.5999999999995,2opt,notBad
10409,16,2350.8999999999996,16,2349.5999999999995,2opt,notBad
10410,16,2350.8999999999996,16,2349.5999999999995,2opt,improve
10411,16,2350.8999999999996,16,2349.5999999999995,2opt,notBad
10412,16,2350.8999999999996,16,2349.5999999999995,swap,notBad
10413,16,2350.8999999999996,16,2349.5999999999995,swap,notBad
10414,16,2350.8999999999996,16,2349.5999999999995,move,improve
10415,16,2350.8999999999996,16,2349.5999999999995,swap,notBad
10416,16,2350.8999999999996,16,2349.5999999999995,2opt,notBad
10417,16,2350.8999999999996,16,2349.5999999999995,move,improve
10418,16,2350.8999999999996,16,2349.5999999999995,swap,notBad
10419,16,2350.8999999999996,16,2349.5999999999995,2opt,notBad
10420,16,2350.8999999999996,16,2349.5999999999995,move,improve
10421,16,2350.8999999999996,16,2349.5999999999995,swap,notBad
10422,16,2350.8999999999996,16,2349.5999999999995,2opt,notBad
10423,16,2350.8999999999996,16,2349.5999999999995,2opt,improve
10424,16,2350.8999999999996,16,2349.5999999999995,move,improve
10425,16,2350.8999999999996,16,2349.5999999999995,swap,notBad
10426,16,2350.8999999999996,16,2349.5999999999995,2opt,notBad
10427,16,2350.8999999999996,16,2349.5999999999995,move,improve
10428,16,2350.8999999999996,16,2349.5999999999995,move,improve
10429,16,2350.8999999999996,16,2349.5999999999995,move,improve
10430,16,2350.8999999999996,16,2349.5999999999995,move,improve
10431,16,2350.8999999999996,16,2349.5999999999995,2opt,notBad
10432,16,2350.8999999999996,16,2349.5999999999995,swap,notBad
10433,16,2350.8999999999996,16,2349.5999999999995,2opt,notBad
10434,16,2350.8999999999996,16,2349.5999999999995,swap,notBad
10435,16,2350.8999999999996,16,2349.5999999999995,2opt,notBad
10436,16,2350.8999999999996,16,2349.5999999999995,2opt,notBad
10437,16,2350.8999999999996,16,2349.5999999999995,move,improve
10438,16,2350.8999999999996,16,2349.5999999999995,2opt,notBad
10439,16,2350.8999999999996,16,2349.5999999999995,swap,notBad
10440,16,2350.8999999999996,16,2349.5999999999995,swap,notBad
10441,16,2350.8999999999996,16,2349.5999999999995,swap,notBad
10442,16,2350.8999999999996,16,2349.5999999999995,swap,notBad
10443,16,2350.8999999999996,16,2349.5999999999995,move,improve
10444,16,2350.8999999999996,16,2349.5999999999995,2opt,notBad
10445,16,2350.8999999999996,16,2349.5999999999995,2opt,notBad
10446,16,2350.8999999999996,16,2349.5999999999995,2opt,notBad
10447,16,2350.8999999999996,16,2349.5999999999995,move,improve
10448,16,2350.8999999999996,16,2349.5999999999995,swap,notBad
10449,16,2350.8999999999996,16,2349.5999999999995,2opt,notBad
10450,16,2350.8999999999996,16,2349.5999999999995,2opt,notBad
10451,16,2350.8999999999996,16,2349.5999999999995,2opt,notBad
10452,16,2350.8999999999996,16,2349.5999999999995,2opt,notBad
10453,16,2350.8999999999996,16,2349.5999999999995,2opt,notBad
10454,16,2350.8999999999996,16,2349.5999999999995,move,improve
10455,16,2350.8999999999996,16,2349.5999999999995,swap,notBad
10456,16,2350.8999999999996,16,2349.5999999999995,move,improve
10457,16,2350.8999999999996,16,2349.5999999999995,move,improve
10458,16,2350.8999999999996,16,2349.5999999999995,swap,notBad
10459,16,2350.8999999999996,16,2349.5999999999995,swap,notBad
10460,16,2350.8999999999996,16,2349.5999999999995,move,improve
10461,16,2350.8999999999996,16,2349.5999999999995,swap,notBad
10462,16,2350.8999999999996,16,2349.5999999999995,move,improve
10463,16,2350.8999999999996,16,2349.5999999999995,2opt,notBad
10464,16,2350.8999999999996,16,2349.5999999999995,2opt,notBad
10465,16,2350.8999999999996,16,2349.5999999999995,swap,notBad
10466,16,2350.8999999999996,16,2349.5999999999995,swap,notBad
10467,16,2350.8999999999996,16,2349.5999999999995,2opt,notBad
10468,16,2350.8999999999996,16,2349.5999999999995,2opt,notBad
10469,16,2350.8999999999996,16,2349.5999999999995,move,improve
10470,16,2350.8999999999996,16,2349.5999999999995,swap,notBad
10471,16,2350.8999999999996,16,2349.5999999999995,swap,notBad
10472,16,2350.8999999999996,16,2349.5999999999995,swap,notBad
10473,16,2350.8999999999996,16,2349.5999999999995,2opt,notBad
10474,16,2350.8999999999996,16,2349.5999999999995,2opt,notBad
10475,16,2350.8999999999996,16,2349.5999999999995,2opt,notBad
10476,16,2350.8999999999996,16,2349.5999999999995,swap,notBad
10477,16,2350.8999999999996,16,2349.5999999999995,swap,notBad
10478,16,2350.9399999999996,16,2349.5999999999995,swap,acceptBad
10479,16,2350.9399999999996,16,2349.5999999999995,2opt,notBad
10480,16,2350.9399999999996,16,2349.5999999999995,2opt,notBad
10481,16,2350.9399999999996,16,2349.5999999999995,move,improve
10482,16,2350.9399999999996,16,2349.5999999999995,move,improve
10483,16,2350.9399999999996,16,2349.5999999999995,move,improve
10484,16,2350.9399999999996,16,2349.5999999999995,swap,notBad
10485,16,2350.9399999999996,16,2349.5999999999995,2opt,notBad
10486,16,2350.9399999999996,16,2349.5999999999995,move,improve
10487,16,2350.9399999999996,16,2349.5999999999995,move,improve
10488,16,2350.9399999999996,16,2349.5999999999995,move,improve
10489,16,2350.9399999999996,16,2349.5999999999995,move,improve
10490,16,2350.9399999999996,16,2349.5999999999995,2opt,notBad
10491,16,2350.9399999999996,16,2349.5999999999995,move,improve
10492,16,2350.9399999999996,16,2349.5999999999995,2opt,notBad
10493,16,2350.9399999999996,16,2349.5999999999995,move,improve
10494,16,2350.9399999999996,16,2349.5999999999995,move,improve
10495,16,2350.9399999999996,16,2349.5999999999995,2opt,notBad
10496,16,2350.9399999999996,16,2349.5999999999995,2opt,notBad
10497,16,2350.9399999999996,16,2349.5999999999995,swap,notBad
10498,16,2350.9399999999996,16,2349.5999999999995,2opt,notBad
10499,16,2350.9399999999996,16,2349.5999999999995,swap,notBad
10500,16,2350.9399999999996,16,2349.5999999999995,swap,notBad
10501,16,2350.9399999999996,16,2349.5999999999995,2opt,notBad
10502,16,2350.9399999999996,16,2349.5999999999995,2opt,notBad
10503,16,2350.9399999999996,16,2349.5999999999995,swap,notBad
10504,16,2350.9399999999996,16,2349.5999999999995,swap,notBad
10505,16,2350.2,16,2349.5999999999995,move,improve
10506,16,2350.2,16,2349.5999999999995,2opt,notBad
10507,16,2350.2,16,2349.5999999999995,move,improve
10508,16,2350.2,16,2349.5999999999995,move,improve
10509,16,2350.2,16,2349.5999999999995,2opt,notBad
10510,16,2349.42,16,2349.42,move,newBest
10511,16,2349.42,16,2349.42,2opt,notBad
10512,16,2349.42,16,2349.42,2opt,notBad
10513,16,2349.42,16,2349.42,move,improve
10514,16,2349.42,16,2349.42,2opt,notBad
10515,16,2349.42,16,2349.42,move,improve
10516,16,2349.42,16,2349.42,move,improve
10517,16,2349.42,16,2349.42,2opt,notBad
10518,16,2349.42,16,2349.42,2opt,notBad
10519,16,2349.42,16,2349.42,move,improve
10520,16,2349.42,16,2349.42,2opt,notBad
10521,16,2349.42,16,2349.42,2opt,notBad
10522,16,2349.42,16,2349.42,2opt,notBad
10523,16,2349.42,16,2349.42,2opt,notBad
10524,16,2349.42,16,2349.42,2opt,notBad
10525,16,2349.42,16,2349.42,2opt,notBad
10526,16,2349.42,16,2349.42,2opt,notBad
10527,16,2349.42,16,2349.42,swap,notBad
10528,16,2349.42,16,2349.42,swap,notBad
10529,16,2349.42,16,2349.42,2opt,notBad
10530,16,2349.42,16,2349.42,move,improve
10531,16,2349.42,16,2349.42,move,improve
10532,16,2349.42,16,2349.42,2opt,notBad
10533,16,2349.42,16,2349.42,move,improve
10534,16,2349.42,16,2349.42,move,improve
10535,16,2349.42,16,2349.42,move,improve
10536,16,2349.42,16,2349.42,swap,notBad
10537,16,2349.42,16,2349.42,2opt,notBad
10538,16,2349.42,16,2349.42,swap,notBad
10539,16,2349.42,16,2349.42,swap,notBad
10540,16,2349.42,16,2349.42,2opt,notBad
10541,16,2349.42,16,2349.42,2opt,notBad
10542,16,2349.3,16,2349.3,move,newBest
10543,16,2349.3,16,2349.3,2opt,improve
10544,16,2349.3,16,2349.3,move,improve
10545,16,2349.3,16,2349.3,2opt,notBad
10546,16,2349.3,16,2349.3,move,improve
10547,16,2349.3,16,2349.3,move,improve
10548,16,2349.3,16,2349.3,swap,notBad
10549,16,2349.3,16,2349.3,move,improve
10550,16,2349.3,16,2349.3,2opt,notBad
10551,16,2349.3,16,2349.3,2opt,notBad
10552,16,2349.3,16,2349.3,swap,notBad
10553,16,2349.3,16,2349.3,2opt,notBad
10554,16,2349.3,16,2349.3,move,improve
10555,16,2349.3,16,2349.3,move,improve
10556,16,2349.3,16,2349.3,swap,notBad
10557,16,2349.3,16,2349.3,2opt,improve
10558,16,2349.3,16,2349.3,swap,notBad
10559,16,2349.3,16,2349.3,swap,notBad
10560,16,2349.3,16,2349.3,swap,notBad
10561,16,2349.3,16,2349.3,swap,notBad
10562,16,2349.3,16,2349.3,swap,notBad
10563,16,2349.3,16,2349.3,move,improve
10564,16,2349.3,16,2349.3,move,improve
10565,16,2349.3,16,2349.3,move,improve
10566,16,2349.3,16,2349.3,move,improve
10567,16,2349.3,16,2349.3,swap,notBad
10568,16,2349.3,16,2349.3,2opt,notBad
10569,16,2349.3,16,2349.3,2opt,notBad
10570,16,2349.3,16,2349.3,move,notBad
10571,16,2349.3,16,2349.3,2opt,improve
10572,16,2349.3,16,2349.3,2opt,improve
10573,16,2349.3,16,2349.3,2opt,notBad
10574,16,2349.3,16,2349.3,swap,notBad
10575,16,2349.3,16,2349.3,move,improve
10576,16,2349.3,16,2349.3,move,improve
10577,16,2349.3,16,2349.3,move,improve
10578,16,2349.3,16,2349.3,swap,notBad
10579,16,2349.3,16,2349.3,swap,notBad
10580,16,2349.3,16,2349.3,2opt,notBad
10581,16,2349.3,16,2349.3,move,improve
10582,16,2349.3,16,2349.3,move,improve
10583,16,2349.3,16,2349.3,swap,notBad
10584,16,2349.3,16,2349.3,swap,notBad
10585,16,2349.3,16,2349.3,swap,notBad
10586,16,2349.3,16,2349.3,swap,notBad
10587,16,2349.3,16,2349.3,2opt,notBad
10588,16,2349.3,16,2349.3,move,improve
10589,16,2349.3,16,2349.3,move,improve
10590,16,2349.3,16,2349.3,2opt,notBad
10591,16,2349.3,16,2349.3,move,improve
10592,16,2349.3,16,2349.3,move,improve
10593,16,2349.3,16,2349.3,swap,notBad
10594,16,2349.3,16,2349.3,2opt,improve
10595,16,2349.3,16,2349.3,2opt,notBad
10596,16,2349.3,16,2349.3,2opt,notBad
10597,16,2349.3,16,2349.3,move,improve
10598,16,2349.3,16,2349.3,move,improve
10599,16,2349.3,16,2349.3,move,improve
10600,16,2349.3,16,2349.3,move,improve
10601,16,2349.3,16,2349.3,2opt,notBad
10602,16,2349.3,16,2349.3,2opt,notBad
10603,16,2349.3,16,2349.3,2opt,notBad
10604,16,2349.3,16,2349.3,2opt,notBad
10605,16,2349.3,16,2349.3,swap,notBad
10606,16,2349.3,16,2349.3,swap,notBad
10607,16,2349.3,16,2349.3,swap,notBad
10608,16,2349.3,16,2349.3,2opt,notBad
10609,16,2349.3,16,2349.3,move,improve
10610,16,2349.3,16,2349.3,2opt,notBad
10611,16,2349.3,16,2349.3,swap,notBad
10612,16,2349.3,16,2349.3,2opt,notBad
10613,16,2349.3,16,2349.3,move,improve
10614,16,2349.3,16,2349.3,2opt,notBad
10615,16,2349.3,16,2349.3,2opt,notBad
10616,16,2349.3,16,2349.3,swap,notBad
10617,16,2348.9799999999996,16,2348.9799999999996,swap,newBest
10618,16,2348.9799999999996,16,2348.9799999999996,move,improve
10619,16,2348.9799999999996,16,2348.9799999999996,swap,notBad
10620,16,2348.9799999999996,16,2348.9799999999996,move,improve
10621,16,2348.9799999999996,16,2348.9799999999996,2opt,notBad
10622,16,2348.9799999999996,16,2348.9799999999996,move,improve
10623,16,2348.9799999999996,16,2348.9799999999996,2opt,notBad
10624,16,2348.9799999999996,16,2348.9799999999996,move,improve
10625,16,2348.9799999999996,16,2348.9799999999996,swap,notBad
10626,16,2348.9799999999996,16,2348.9799999999996,swap,notBad
10627,16,2348.9799999999996,16,2348.9799999999996,move,improve
10628,16,2348.9799999999996,16,2348.9799999999996,swap,notBad
10629,16,2348.9799999999996,16,2348.9799999999996,2opt,notBad
10630,16,2348.9799999999996,16,2348.9799999999996,swap,notBad
10631,16,2348.9799999999996,16,2348.9799999999996,swap,notBad
10632,16,2348.9799999999996,16,2348.9799999999996,move,improve
10633,16,2348.9799999999996,16,2348.9799999999996,2opt,notBad
10634,16,2348.9799999999996,16,2348.9799999999996,2opt,notBad
10635,16,2348.9799999999996,16,2348.9799999999996,move,improve
10636,16,2348.9799999999996,16,2348.9799999999996,2opt,notBad
10637,16,2348.9799999999996,16,2348.9799999999996,2opt,notBad
10638,16,2348.9799999999996,16,2348.9799999999996,swap,notBad
10639,16,2348.9799999999996,16,2348.9799999999996,move,improve
10640,16,2348.9799999999996,16,2348.9799999999996,move,improve
10641,16,2348.9799999999996,16,2348.9799999999996,swap,notBad
10642,16,2348.9799999999996,16,2348.9799999999996,swap,notBad
10643,16,2348.9799999999996,16,2348.9799999999996,2opt,notBad
10644,16,2348.9799999999996,16,2348.9799999999996,move,improve
10645,16,2348.9799999999996,16,2348.9799999999996,2opt,notBad
10646,16,2348.9799999999996,16,2348.9799999999996,2opt,notBad
10647,16,2348.9799999999996,16,2348.9799999999996,2opt,notBad
10648,16,2348.9799999999996,16,2348.9799999999996,2opt,notBad
10649,16,2348.9799999999996,16,2348.9799999999996,swap,notBad
10650,16,2348.9799999999996,16,2348.9799999999996,move,improve
10651,16,2348.9799999999996,16,2348.9799999999996,move,improve
10652,16,2348.9799999999996,16,2348.9799999999996,swap,notBad
10653,16,2348.26,16,2348.26,move,newBest
10654,16,2348.26,16,2348.26,2opt,notBad
10655,16,2348.26,16,2348.26,2opt,notBad
10656,16,2348.26,16,2348.26,move,improve
10657,16,2348.26,16,2348.26,2opt,notBad
10658,16,2348.26,16,2348.26,move,improve
10659,16,2348.26,16,2348.26,move,improve
10660,16,2348.26,16,2348.26,swap,notBad
10661,16,2348.26,16,2348.26,move,improve
10662,16,2348.26,16,2348.26,swap,notBad
10663,16,2348.26,16,2348.26,swap,notBad
10664,16,2348.26,16,2348.26,move,improve
10665,16,2348.26,16,2348.26,2opt,notBad
10666,16,2348.26,16,2348.26,move,improve
10667,16,2348.26,16,2348.26,move,improve
10668,16,2348.26,16,2348.26,2opt,notBad
10669,16,2348.26,16,2348.26,swap,notBad
10670,16,2348.26,16,2348.26,swap,notBad
10671,16,2348.26,16,2348.26,move,improve
10672,16,2348.26,16,2348.26,move,improve
10673,16,2348.26,16,2348.26,2opt,notBad
10674,16,2348.26,16,2348.26,swap,notBad
10675,16,2348.26,16,2348.26,swap,notBad
10676,16,2348.26,16,2348.26,move,improve
10677,16,2348.26,16,2348.26,move,improve
10678,16,2348.26,16,2348.26,move,improve
10679,16,2348.26,16,2348.26,move,improve
10680,16,2348.26,16,2348.26,2opt,notBad
10681,16,2348.26,16,2348.26,2opt,notBad
10682,16,2348.26,16,2348.26,swap,notBad
10683,16,2348.26,16,2348.26,swap,notBad
10684,16,2348.26,16,2348.26,swap,notBad
10685,16,2348.26,16,2348.26,move,improve
10686,16,2348.26,16,2348.26,swap,notBad
10687,16,2348.26,16,2348.26,2opt,notBad
10688,16,2348.26,16,2348.26,move,improve
10689,16,2348.26,16,2348.26,2opt,notBad
10690,16,2348.26,16,2348.26,swap,notBad
10691,16,2348.26,16,2348.26,move,improve
10692,16,2348.26,16,2348.26,swap,notBad
10693,16,2348.26,16,2348.26,2opt,notBad
10694,16,2348.26,16,2348.26,move,improve
10695,16,2348.26,16,2348.26,move,improve
10696,16,2348.26,16,2348.26,move,improve
10697,16,2348.26,16,2348.26,2opt,notBad
10698,16,2348.26,16,2348.26,move,improve
10699,16,2348.26,16,2348.26,2opt,notBad
10700,16,2348.26,16,2348.26,2opt,notBad
10701,16,2348.26,16,2348.26,2opt,notBad
10702,16,2348.26,16,2348.26,move,improve
10703,16,2348.26,16,2348.26,move,improve
10704,16,2348.26,16,2348.26,2opt,notBad
10705,16,2348.26,16,2348.26,2opt,notBad
10706,16,2348.26,16,2348.26,swap,notBad
10707,16,2348.26,16,2348.26,swap,notBad
10708,16,2348.26,16,2348.26,swap,notBad
10709,16,2348.26,16,2348.26,move,improve
10710,16,2348.26,16,2348.26,2opt,notBad
10711,16,2348.26,16,2348.26,move,improve
10712,16,2348.26,16,2348.26,swap,notBad
10713,16,2348.26,16,2348.26,move,improve
10714,16,2348.26,16,2348.26,swap,notBad
10715,16,2348.26,16,2348.26,2opt,notBad
10716,16,2348.26,16,2348.26,move,improve
10717,16,2348.26,16,2348.26,2opt,notBad
10718,16,2348.26,16,2348.26,move,improve
10719,16,2348.26,16,2348.26,move,improve
10720,16,2348.26,16,2348.26,move,improve
10721,16,2348.26,16,2348.26,2opt,improve
10722,16,2348.26,16,2348.26,move,improve
10723,16,2348.26,16,2348.26,swap,notBad
10724,16,2348.26,16,2348.26,2opt,notBad
10725,16,2348.26,16,2348.26,move,improve
10726,16,2348.26,16,2348.26,move,improve
10727,16,2348.26,16,2348.26,swap,notBad
10728,16,2348.26,16,2348.26,swap,notBad
10729,16,2348.26,16,2348.26,swap,notBad
10730,16,2348.26,16,2348.26,swap,notBad
10731,16,2348.26,16,2348.26,swap,notBad
10732,16,2348.26,16,2348.26,swap,notBad
10733,16,2348.26,16,2348.26,2opt,notBad
10734,16,2348.26,16,2348.26,2opt,notBad
10735,16,2348.26,16,2348.26,2opt,notBad
10736,16,2348.26,16,2348.26,swap,notBad
10737,16,2348.26,16,2348.26,2opt,notBad
10738,16,2348.26,16,2348.26,2opt,notBad
10739,16,2348.26,16,2348.26,swap,notBad
10740,16,2348.26,16,2348.26,swap,notBad
10741,16,2348.26,16,2348.26,move,improve
10742,16,2348.26,16,2348.26,2opt,notBad
10743,16,2348.26,16,2348.26,move,improve
10744,16,2348.26,16,2348.26,swap,notBad
10745,16,2348.26,16,2348.26,swap,notBad
10746,16,2348.26,16,2348.26,2opt,notBad
10747,16,2348.26,16,2348.26,2opt,notBad
10748,16,2348.26,16,2348.26,2opt,notBad
10749,16,2348.26,16,2348.26,move,improve
10750,16,2348.26,16,2348.26,swap,notBad
10751,16,2348.26,16,2348.26,move,improve
10752,16,2348.26,16,2348.26,move,improve
10753,16,2348.26,16,2348.26,move,improve
10754,16,2348.26,16,2348.26,move,notBad
10755,16,2348.26,16,2348.26,2opt,notBad
10756,16,2348.26,16,2348.26,swap,notBad
10757,16,2348.26,16,2348.26,swap,notBad
10758,16,2348.26,16,2348.26,2opt,notBad
10759,16,2348.26,16,2348.26,swap,notBad
10760,16,2348.26,16,2348.26,swap,notBad
10761,16,2348.26,16,2348.26,2opt,notBad
10762,16,2348.26,16,2348.26,2opt,notBad
10763,16,2348.26,16,2348.26,2opt,notBad
10764,16,2348.26,16,2348.26,2opt,improve
10765,16,2348.26,16,2348.26,swap,notBad
10766,16,2348.26,16,2348.26,2opt,notBad
10767,16,2348.26,16,2348.26,swap,notBad
10768,16,2348.26,16,2348.26,2opt,notBad
10769,16,2348.26,16,2348.26,swap,notBad
10770,16,2348.26,16,2348.26,swap,notBad
10771,16,2348.26,16,2348.26,swap,notBad
10772,16,2348.26,16,2348.26,2opt,notBad
10773,16,2348.26,16,2348.26,2opt,notBad
10774,16,2348.26,16,2348.26,2opt,notBad
10775,16,2348.26,16,2348.26,move,improve
10776,16,2348.26,16,2348.26,move,notBad
10777,16,2348.26,16,2348.26,2opt,notBad
10778,16,2348.26,16,2348.26,2opt,notBad
10779,16,2348.26,16,2348.26,swap,notBad
10780,16,2348.26,16,2348.26,swap,notBad
10781,16,2348.26,16,2348.26,2opt,notBad
10782,16,2348.26,16,2348.26,move,improve
10783,16,2348.26,16,2348.26,swap,notBad
10784,16,2348.26,16,2348.26,2opt,notBad
10785,16,2348.26,16,2348.26,2opt,notBad
10786,16,2348.26,16,2348.26,move,improve
10787,16,2348.26,16,2348.26,move,improve
10788,16,2348.26,16,2348.26,swap,notBad
10789,16,2348.26,16,2348.26,2opt,notBad
10790,16,2348.26,16,2348.26,swap,notBad
10791,16,2348.26,16,2348.26,swap,notBad
10792,16,2348.26,16,2348.26,move,improve
10793,16,2348.26,16,2348.26,move,improve
10794,16,2348.26,16,2348.26,swap,notBad
10795,16,2348.26,16,2348.26,swap,notBad
10796,16,2348.26,16,2348.26,2opt,improve
10797,16,2348.26,16,2348.26,2opt,notBad
10798,16,2348.26,16,2348.26,2opt,notBad
10799,16,2348.26,16,2348.26,swap,notBad
10800,16,2348.26,16,2348.26,swap,notBad
10801,16,2348.26,16,2348.26,swap,notBad
10802,16,2348.26,16,2348.26,2opt,notBad
10803,16,2348.26,16,2348.26,swap,notBad
10804,16,2348.26,16,2348.26,swap,notBad
10805,16,2348.26,16,2348.26,move,improve
10806,16,2348.4399999999996,16,2348.26,swap,acceptBad
10807,16,2348.4399999999996,16,2348.26,move,improve
10808,16,2348.4399999999996,16,2348.26,2opt,notBad
10809,16,2348.4399999999996,16,2348.26,swap,notBad
10810,16,2348.4399999999996,16,2348.26,2opt,notBad
10811,16,2348.4399999999996,16,2348.26,swap,notBad
10812,16,2348.4399999999996,16,2348.26,swap,notBad
10813,16,2348.4399999999996,16,2348.26,2opt,notBad
10814,16,2348.4399999999996,16,2348.26,move,improve
10815,16,2348.4399999999996,16,2348.26,2opt,notBad
10816,16,2348.4399999999996,16,2348.26,move,improve
10817,16,2348.4399999999996,16,2348.26,2opt,improve
10818,16,2348.4399999999996,16,2348.26,2opt,notBad
10819,16,2348.4399999999996,16,2348.26,2opt,notBad
10820,16,2348.4399999999996,16,2348.26,move,improve
10821,16,2348.4399999999996,16,2348.26,2opt,improve
10822,16,2348.4399999999996,16,2348.26,2opt,notBad
10823,16,2348.4399999999996,16,2348.26,2opt,notBad
10824,16,2348.4399999999996,16,2348.26,swap,notBad
10825,16,2348.4399999999996,16,2348.26,move,improve
10826,16,2348.4399999999996,16,2348.26,move,improve
10827,16,2348.4399999999996,16,2348.26,move,improve
10828,16,2348.4399999999996,16,2348.26,swap,notBad
10829,16,2348.4399999999996,16,2348.26,2opt,notBad
10830,16,2348.4399999999996,16,2348.26,move,improve
10831,16,2348.4399999999996,16,2348.26,swap,notBad
10832,16,2348.4399999999996,16,2348.26,move,improve
10833,16,2348.4399999999996,16,2348.26,swap,notBad
10834,16,2348.4399999999996,16,2348.26,move,improve
10835,16,2348.4399999999996,16,2348.26,move,improve
10836,16,2348.4399999999996,16,2348.26,2opt,notBad
10837,16,2348.4399999999996,16,2348.26,2opt,notBad
10838,16,2348.4399999999996,16,2348.26,swap,notBad
10839,16,2348.4399999999996,16,2348.26,move,improve
10840,16,2348.4399999999996,16,2348.26,move,improve
10841,16,2348.4399999999996,16,2348.26,2opt,notBad
10842,16,2348.4399999999996,16,2348.26,swap,notBad
10843,16,2348.4399999999996,16,2348.26,swap,notBad
10844,16,2348.4399999999996,16,2348.26,move,improve
10845,16,2348.4399999999996,16,2348.26,swap,notBad
10846,16,2348.4399999999996,16,2348.26,2opt,notBad
10847,16,2348.4399999999996,16,2348.26,2opt,notBad
10848,16,2348.4399999999996,16,2348.26,2opt,notBad
10849,16,2348.4399999999996,16,2348.26,swap,notBad
10850,16,2348.4399999999996,16,2348.26,2opt,notBad
10851,16,2348.4399999999996,16,2348.26,swap,notBad
10852,16,2348.4399999999996,16,2348.26,move,improve
10853,16,2348.4399999999996,16,2348.26,swap,notBad
10854,16,2348.4399999999996,16,2348.26,swap,notBad
10855,16,2348.4399999999996,16,2348.26,swap,notBad
10856,16,2348.4399999999996,16,2348.26,2opt,notBad
10857,16,2348.4399999999996,16,2348.26,2opt,notBad
10858,16,2348.4399999999996,16,2348.26,2opt,notBad
10859,16,2348.4399999999996,16,2348.26,move,improve
10860,16,2348.4399999999996,16,2348.26,swap,notBad
10861,16,2348.4399999999996,16,2348.26,2opt,notBad
10862,16,2348.4399999999996,16,2348.26,move,improve
10863,16,2348.4399999999996,16,2348.26,2opt,notBad
10864,16,2348.4399999999996,16,2348.26,swap,notBad
10865,16,2348.4399999999996,16,2348.26,2opt,notBad
10866,16,2348.4399999999996,16,2348.26,2opt,notBad
10867,16,2348.4399999999996,16,2348.26,move,improve
10868,16,2348.4399999999996,16,2348.26,2opt,notBad
10869,16,2348.4399999999996,16,2348.26,swap,notBad
10870,16,2348.4399999999996,16,2348.26,swap,notBad
10871,16,2348.4399999999996,16,2348.26,swap,notBad
10872,16,2348.4399999999996,16,2348.26,move,improve
10873,16,2348.4399999999996,16,2348.26,move,improve
10874,16,2348.4399999999996,16,2348.26,swap,notBad
10875,16,2348.4399999999996,16,2348.26,move,improve
10876,16,2348.4399999999996,16,2348.26,swap,notBad
10877,16,2348.4399999999996,16,2348.26,2opt,improve
10878,16,2348.4399999999996,16,2348.26,swap,notBad
10879,16,2348.4399999999996,16,2348.26,2opt,improve
10880,16,2348.4399999999996,16,2348.26,move,improve
10881,16,2348.4399999999996,16,2348.26,2opt,notBad
10882,16,2348.4399999999996,16,2348.26,2opt,notBad
10883,16,2348.4399999999996,16,2348.26,move,improve
10884,16,2348.4399999999996,16,2348.26,move,improve
10885,16,2348.4399999999996,16,2348.26,2opt,improve
10886,16,2348.4399999999996,16,2348.26,2opt,notBad
10887,16,2348.26,16,2348.26,2opt,improve
10888,16,2348.26,16,2348.26,move,improve
10889,16,2348.26,16,2348.26,swap,notBad
10890,16,2348.26,16,2348.26,move,improve
10891,16,2348.26,16,2348.26,move,improve
10892,16,2348.26,16,2348.26,move,improve
10893,16,2348.26,16,2348.26,move,improve
10894,16,2348.26,16,2348.26,move,improve
10895,16,2348.26,16,2348.26,2opt,notBad
10896,16,2348.26,16,2348.26,move,improve
10897,16,2348.26,16,2348.26,swap,notBad
10898,16,2348.26,16,2348.26,swap,notBad
10899,16,2348.26,16,2348.26,2opt,notBad
10900,16,2348.26,16,2348.26,2opt,notBad
10901,16,2348.26,16,2348.26,2opt,notBad
10902,16,2348.26,16,2348.26,swap,notBad
10903,16,2348.26,16,2348.26,2opt,notBad
10904,16,2348.26,16,2348.26,move,improve
10905,16,2348.26,16,2348.26,swap,notBad
10906,16,2348.26,16,2348.26,2opt,notBad
10907,16,2348.26,16,2348.26,swap,notBad
10908,16,2348.26,16,2348.26,swap,notBad
10909,16,2347.4799999999996,16,2347.4799999999996,swap,newBest
10910,16,2347.4799999999996,16,2347.4799999999996,2opt,notBad
10911,16,2347.4799999999996,16,2347.4799999999996,2opt,improve
10912,16,2347.4799999999996,16,2347.4799999999996,move,improve
10913,16,2347.4799999999996,16,2347.4799999999996,2opt,notBad
10914,16,2347.4799999999996,16,2347.4799999999996,move,improve
10915,16,2347.4799999999996,16,2347.4799999999996,move,improve
10916,16,2347.4799999999996,16,2347.4799999999996,2opt,improve
10917,16,2347.4799999999996,16,2347.4799999999996,swap,notBad
10918,16,2347.4799999999996,16,2347.4799999999996,swap,notBad
10919,16,2347.4799999999996,16,2347.4799999999996,2opt,notBad
10920,16,2347.4799999999996,16,2347.4799999999996,2opt,notBad
10921,16,2347.4799999999996,16,2347.4799999999996,2opt,notBad
10922,16,2347.4799999999996,16,2347.4799999999996,2opt,improve
10923,16,2347.4799999999996,16,2347.4799999999996,swap,notBad
10924,16,2347.4799999999996,16,2347.4799999999996,swap,notBad
10925,16,2347.4799999999996,16,2347.4799999999996,swap,notBad
10926,16,2347.4799999999996,16,2347.4799999999996,move,improve
10927,16,2347.4799999999996,16,2347.4799999999996,move,improve
10928,16,2347.4799999999996,16,2347.4799999999996,swap,notBad
10929,16,2347.4799999999996,16,2347.4799999999996,2opt,improve
10930,16,2347.4799999999996,16,2347.4799999999996,swap,notBad
10931,16,2347.4799999999996,16,2347.4799999999996,move,improve
10932,16,2347.4799999999996,16,2347.4799999999996,2opt,notBad
10933,16,2347.4799999999996,16,2347.4799999999996,swap,notBad
10934,16,2347.4799999999996,16,2347.4799999999996,2opt,notBad
10935,16,2347.4799999999996,16,2347.4799999999996,move,improve
10936,16,2347.4799999999996,16,2347.4799999999996,move,improve
10937,16,2347.4799999999996,16,2347.4799999999996,2opt,improve
10938,16,2347.4799999999996,16,2347.4799999999996,2opt,improve
10939,16,2347.4799999999996,16,2347.4799999999996,move,improve
10940,16,2347.4799999999996,16,2347.4799999999996,2opt,notBad
10941,16,2347.4799999999996,16,2347.4799999999996,2opt,notBad
10942,16,2347.4799999999996,16,2347.4799999999996,swap,notBad
10943,16,2347.4799999999996,16,2347.4799999999996,swap,notBad
10944,16,2347.4799999999996,16,2347.4799999999996,swap,notBad
10945,16,2347.4799999999996,16,2347.4799999999996,2opt,notBad
10946,16,2347.4799999999996,16,2347.4799999999996,swap,notBad
10947,16,2347.4799999999996,16,2347.4799999999996,2opt,notBad
10948,16,2347.4799999999996,16,2347.4799999999996,move,improve
10949,16,2347.4799999999996,16,2347.4799999999996,2opt,notBad
10950,16,2347.4799999999996,16,2347.4799999999996,2opt,notBad
10951,16,2347.4799999999996,16,2347.4799999999996,swap,notBad
10952,16,2347.4799999999996,16,2347.4799999999996,2opt,notBad
10953,16,2347.4799999999996,16,2347.4799999999996,swap,notBad
10954,16,2347.4799999999996,16,2347.4799999999996,move,improve
10955,16,2347.4799999999996,16,2347.4799999999996,swap,notBad
10956,16,2347.4799999999996,16,2347.4799999999996,swap,notBad
10957,16,2347.4799999999996,16,2347.4799999999996,move,improve
10958,16,2347.4799999999996,16,2347.4799999999996,swap,notBad
10959,16,2347.4799999999996,16,2347.4799999999996,2opt,notBad
10960,16,2347.4799999999996,16,2347.4799999999996,move,improve
10961,16,2347.4799999999996,16,2347.4799999999996,2opt,notBad
10962,16,2347.4799999999996,16,2347.4799999999996,move,improve
10963,16,2347.4799999999996,16,2347.4799999999996,move,improve
10964,16,2347.4799999999996,16,2347.4799999999996,move,improve
10965,16,2347.4799999999996,16,2347.4799999999996,swap,notBad
10966,16,2347.4799999999996,16,2347.4799999999996,2opt,notBad
10967,16,2347.4799999999996,16,2347.4799999999996,2opt,notBad
10968,16,2347.4799999999996,16,2347.4799999999996,2opt,notBad
10969,16,2347.4799999999996,16,2347.4799999999996,move,improve
10970,16,2347.4799999999996,16,2347.4799999999996,move,improve
10971,16,2347.4799999999996,16,2347.4799999999996,move,improve
10972,16,2347.4799999999996,16,2347.4799999999996,swap,notBad
10973,16,2347.4799999999996,16,2347.4799999999996,2opt,notBad
10974,16,2347.4799999999996,16,2347.4799999999996,move,improve
10975,16,2347.4799999999996,16,2347.4799999999996,2opt,notBad
10976,16,2347.4799999999996,16,2347.4799999999996,move,improve
10977,16,2347.4799999999996,16,2347.4799999999996,2opt,notBad
10978,16,2347.4799999999996,16,2347.4799999999996,swap,notBad
10979,16,2347.4799999999996,16,2347.4799999999996,swap,notBad
10980,16,2347.4799999999996,16,2347.4799999999996,swap,notBad
10981,16,2347.4799999999996,16,2347.4799999999996,swap,notBad
10982,16,2347.4799999999996,16,2347.4799999999996,swap,notBad
10983,16,2347.4799999999996,16,2347.4799999999996,2opt,notBad
10984,16,2347.4799999999996,16,2347.4799999999996,move,improve
10985,16,2347.4799999999996,16,2347.4799999999996,2opt,notBad
10986,16,2347.4799999999996,16,2347.4799999999996,move,improve
10987,16,2347.4799999999996,16,2347.4799999999996,2opt,notBad
10988,16,2347.4799999999996,16,2347.4799999999996,move,improve
10989,16,2347.4799999999996,16,2347.4799999999996,move,improve
10990,16,2347.4799999999996,16,2347.4799999999996,swap,notBad
10991,16,2347.4799999999996,16,2347.4799999999996,2opt,notBad
10992,16,2347.4799999999996,16,2347.4799999999996,move,improve
10993,16,2347.4799999999996,16,2347.4799999999996,swap,notBad
10994,16,2347.4799999999996,16,2347.4799999999996,swap,notBad
10995,16,2347.4799999999996,16,2347.4799999999996,move,improve
10996,16,2347.4799999999996,16,2347.4799999999996,2opt,notBad
10997,16,2347.4799999999996,16,2347.4799999999996,swap,notBad
10998,16,2347.4799999999996,16,2347.4799999999996,move,improve
10999,16,2347.4799999999996,16,2347.4799999999996,move,improve
11000,16,2347.4799999999996,16,2347.4799999999996,move,improve
11001,16,2347.4799999999996,16,2347.4799999999996,2opt,notBad
11002,16,2347.4799999999996,16,2347.4799999999996,move,improve
11003,16,2347.4799999999996,16,2347.4799999999996,swap,notBad
11004,16,2347.4799999999996,16,2347.4799999999996,move,improve
11005,16,2347.4799999999996,16,2347.4799999999996,2opt,notBad
11006,16,2347.4799999999996,16,2347.4799999999996,move,improve
11007,16,2347.4799999999996,16,2347.4799999999996,swap,notBad
11008,16,2347.4799999999996,16,2347.4799999999996,move,improve
11009,16,2347.66,16,2347.4799999999996,swap,acceptBad
11010,16,2347.66,16,2347.4799999999996,move,improve
11011,16,2347.66,16,2347.4799999999996,move,improve
11012,16,2347.66,16,2347.4799999999996,2opt,notBad
11013,16,2347.66,16,2347.4799999999996,swap,notBad
11014,16,2347.66,16,2347.4799999999996,move,improve
11015,16,2347.66,16,2347.4799999999996,swap,notBad
11016,16,2347.66,16,2347.4799999999996,move,improve
11017,16,2347.66,16,2347.4799999999996,swap,notBad
11018,16,2347.66,16,2347.4799999999996,move,improve
11019,16,2347.66,16,2347.4799999999996,swap,notBad
11020,16,2347.66,16,2347.4799999999996,swap,notBad
11021,16,2347.66,16,2347.4799999999996,move,improve
11022,16,2347.66,16,2347.4799999999996,move,improve
11023,16,2347.66,16,2347.4799999999996,swap,notBad
11024,16,2347.66,16,2347.4799999999996,move,improve
11025,16,2347.66,16,2347.4799999999996,move,improve
11026,16,2347.66,16,2347.4799999999996,swap,notBad
11027,16,2347.66,16,2347.4799999999996,move,improve
11028,16,2347.66,16,2347.4799999999996,move,improve
11029,16,2347.66,16,2347.4799999999996,move,improve
11030,16,2347.66,16,2347.4799999999996,2opt,notBad
11031,16,2347.66,16,2347.4799999999996,swap,notBad
11032,16,2347.66,16,2347.4799999999996,swap,notBad
11033,16,2347.66,16,2347.4799999999996,move,improve
11034,16,2347.66,16,2347.4799999999996,move,notBad
11035,16,2347.66,16,2347.4799999999996,move,improve
11036,16,2347.66,16,2347.4799999999996,swap,notBad
11037,16,2347.66,16,2347.4799999999996,swap,notBad
11038,16,2347.66,16,2347.4799999999996,move,improve
11039,16,2347.66,16,2347.4799999999996,swap,notBad
11040,16,2347.66,16,2347.4799999999996,move,improve
11041,16,2347.66,16,2347.4799999999996,2opt,notBad
11042,16,2347.66,16,2347.4799999999996,swap,notBad
11043,16,2347.66,16,2347.4799999999996,2opt,notBad
11044,16,2347.66,16,2347.4799999999996,2opt,notBad
11045,16,2347.66,16,2347.4799999999996,swap,notBad
11046,16,2347.66,16,2347.4799999999996,2opt,improve
11047,16,2347.66,16,2347.4799999999996,swap,notBad
11048,16,2347.66,16,2347.4799999999996,move,improve
11049,16,2347.4799999999996,16,2347.4799999999996,move,improve
11050,16,2347.4799999999996,16,2347.4799999999996,move,improve
11051,16,2347.4799999999996,16,2347.4799999999996,2opt,notBad
11052,16,2347.4799999999996,16,2347.4799999999996,swap,notBad
11053,16,2347.4799999999996,16,2347.4799999999996,2opt,notBad
11054,16,2347.4799999999996,16,2347.4799999999996,swap,notBad
11055,16,2347.4799999999996,16,2347.4799999999996,move,improve
11056,16,2347.4799999999996,16,2347.4799999999996,2opt,notBad
11057,16,2347.4799999999996,16,2347.4799999999996,move,improve
11058,16,2347.4799999999996,16,2347.4799999999996,move,improve
11059,16,2347.4799999999996,16,2347.4799999999996,2opt,improve
11060,16,2347.4799999999996,16,2347.4799999999996,swap,notBad
11061,16,2347.4799999999996,16,2347.4799999999996,2opt,notBad
11062,16,2347.4799999999996,16,2347.4799999999996,swap,notBad
11063,16,2347.4799999999996,16,2347.4799999999996,2opt,improve
11064,16,2347.4799999999996,16,2347.4799999999996,2opt,notBad
11065,16,2347.4799999999996,16,2347.4799999999996,move,improve
11066,16,2347.8999999999996,16,2347.4799999999996,swap,acceptBad
11067,16,2347.8999999999996,16,2347.4799999999996,2opt,improve
11068,16,2347.8999999999996,16,2347.4799999999996,swap,notBad
11069,16,2347.8999999999996,16,2347.4799999999996,2opt,notBad
11070,16,2347.8999999999996,16,2347.4799999999996,2opt,notBad
11071,16,2347.8999999999996,16,2347.4799999999996,2opt,improve
11072,16,2347.8999999999996,16,2347.4799999999996,move,improve
11073,16,2347.8999999999996,16,2347.4799999999996,move,improve
11074,16,2347.8999999999996,16,2347.4799999999996,swap,notBad
11075,16,2347.8999999999996,16,2347.4799999999996,2opt,improve
11076,16,2347.8999999999996,16,2347.4799999999996,move,improve
11077,16,2347.8999999999996,16,2347.4799999999996,move,improve
11078,16,2347.8999999999996,16,2347.4799999999996,swap,notBad
11079,16,2347.8999999999996,16,2347.4799999999996,swap,notBad
11080,16,2347.8999999999996,16,2347.4799999999996,2opt,notBad
11081,16,2347.8999999999996,16,2347.4799999999996,swap,notBad
11082,16,2347.8999999999996,16,2347.4799999999996,swap,notBad
11083,16,2347.8999999999996,16,2347.4799999999996,move,improve
11084,16,2347.8999999999996,16,2347.4799999999996,move,improve
11085,16,2347.8999999999996,16,2347.4799999999996,2opt,notBad
11086,16,2347.8999999999996,16,2347.4799999999996,2opt,notBad
11087,16,2347.8999999999996,16,2347.4799999999996,2opt,improve
11088,16,2347.8999999999996,16,2347.4799999999996,2opt,notBad
11089,16,2347.8999999999996,16,2347.4799999999996,swap,notBad
11090,16,2347.8999999999996,16,2347.4799999999996,swap,notBad
11091,16,2347.8999999999996,16,2347.4799999999996,swap,notBad
11092,16,2347.8999999999996,16,2347.4799999999996,2opt,notBad
11093,16,2347.8999999999996,16,2347.4799999999996,move,improve
11094,16,2347.8999999999996,16,2347.4799999999996,swap,notBad
11095,16,2347.8999999999996,16,2347.4799999999996,move,improve
11096,16,2347.8999999999996,16,2347.4799999999996,move,improve
11097,16,2347.8999999999996,16,2347.4799999999996,move,improve
11098,16,2347.8999999999996,16,2347.4799999999996,2opt,notBad
11099,16,2347.8999999999996,16,2347.4799999999996,move,improve
11100,16,2347.8999999999996,16,2347.4799999999996,move,improve
11101,16,2347.8999999999996,16,2347.4799999999996,2opt,notBad
11102,16,2347.8999999999996,16,2347.4799999999996,2opt,improve
11103,16,2347.8999999999996,16,2347.4799999999996,swap,notBad
11104,16,2347.8999999999996,16,2347.4799999999996,move,improve
11105,16,2347.8999999999996,16,2347.4799999999996,swap,notBad
11106,16,2347.8999999999996,16,2347.4799999999996,move,improve
11107,16,2347.8999999999996,16,2347.4799999999996,swap,notBad
11108,16,2347.8999999999996,16,2347.4799999999996,move,improve
11109,16,2347.8999999999996,16,2347.4799999999996,move,improve
11110,16,2347.8999999999996,16,2347.4799999999996,2opt,notBad
11111,16,2347.8999999999996,16,2347.4799999999996,2opt,notBad
11112,16,2347.8999999999996,16,2347.4799999999996,swap,notBad
11113,16,2347.8999999999996,16,2347.4799999999996,move,improve
11114,16,2347.8999999999996,16,2347.4799999999996,2opt,notBad
11115,16,2347.8999999999996,16,2347.4799999999996,2opt,notBad
11116,16,2347.8999999999996,16,2347.4799999999996,2opt,notBad
11117,16,2347.8999999999996,16,2347.4799999999996,2opt,notBad
11118,16,2347.8999999999996,16,2347.4799999999996,move,improve
11119,16,2347.8999999999996,16,2347.4799999999996,2opt,notBad
11120,16,2347.8999999999996,16,2347.4799999999996,swap,notBad
11121,16,2347.8999999999996,16,2347.4799999999996,2opt,notBad
11122,16,2347.8999999999996,16,2347.4799999999996,swap,notBad
11123,16,2347.8999999999996,16,2347.4799999999996,move,improve
11124,16,2347.8999999999996,16,2347.4799999999996,2opt,notBad
11125,16,2347.8999999999996,16,2347.4799999999996,move,improve
11126,16,2347.8999999999996,16,2347.4799999999996,move,improve
11127,16,2347.8999999999996,16,2347.4799999999996,move,improve
11128,16,2347.8999999999996,16,2347.4799999999996,swap,notBad
11129,16,2347.8999999999996,16,2347.4799999999996,move,improve
11130,16,2347.8999999999996,16,2347.4799999999996,move,improve
11131,16,2347.8999999999996,16,2347.4799999999996,move,improve
11132,16,2347.8999999999996,16,2347.4799999999996,2opt,notBad
11133,16,2347.8999999999996,16,2347.4799999999996,2opt,notBad
11134,16,2347.8999999999996,16,2347.4799999999996,2opt,notBad
11135,16,2347.8999999999996,16,2347.4799999999996,2opt,notBad
11136,16,2347.8999999999996,16,2347.4799999999996,swap,notBad
11137,16,2347.8999999999996,16,2347.4799999999996,move,improve
11138,16,2347.8999999999996,16,2347.4799999999996,2opt,notBad
11139,16,2347.8999999999996,16,2347.4799999999996,swap,notBad
11140,16,2347.8999999999996,16,2347.4799999999996,2opt,notBad
11141,16,2347.8999999999996,16,2347.4799999999996,2opt,notBad
11142,16,2347.8999999999996,16,2347.4799999999996,move,improve
11143,16,2347.8999999999996,16,2347.4799999999996,swap,notBad
11144,16,2347.8999999999996,16,2347.4799999999996,move,improve
11145,16,2347.8999999999996,16,2347.4799999999996,move,improve
11146,16,2347.8999999999996,16,2347.4799999999996,swap,notBad
11147,16,2347.8999999999996,16,2347.4799999999996,2opt,notBad
11148,16,2347.8999999999996,16,2347.4799999999996,2opt,notBad
11149,16,2347.8999999999996,16,2347.4799999999996,2opt,notBad
11150,16,2347.8999999999996,16,2347.4799999999996,2opt,notBad
11151,16,2347.8999999999996,16,2347.4799999999996,move,improve
11152,16,2347.8999999999996,16,2347.4799999999996,2opt,notBad
11153,16,2347.8999999999996,16,2347.4799999999996,swap,notBad
11154,16,2347.8999999999996,16,2347.4799999999996,2opt,notBad
11155,16,2347.8999999999996,16,2347.4799999999996,2opt,notBad
11156,16,2347.8999999999996,16,2347.4799999999996,2opt,notBad
11157,16,2347.8999999999996,16,2347.4799999999996,move,improve
11158,16,2347.8999999999996,16,2347.4799999999996,2opt,notBad
11159,16,2347.8999999999996,16,2347.4799999999996,2opt,improve
11160,16,2347.8999999999996,16,2347.4799999999996,move,improve
11161,16,2347.8999999999996,16,2347.4799999999996,swap,notBad
11162,16,2347.8999999999996,16,2347.4799999999996,2opt,notBad
11163,16,2347.8999999999996,16,2347.4799999999996,swap,notBad
11164,16,2347.8999999999996,16,2347.4799999999996,2opt,notBad
11165,16,2347.8999999999996,16,2347.4799999999996,move,improve
11166,16,2347.8999999999996,16,2347.4799999999996,move,improve
11167,16,2347.8999999999996,16,2347.4799999999996,swap,notBad
11168,16,2347.8999999999996,16,2347.4799999999996,2opt,notBad
11169,16,2347.8999999999996,16,2347.4799999999996,move,improve
11170,16,2347.8999999999996,16,2347.4799999999996,swap,notBad
11171,16,2347.8999999999996,16,2347.4799999999996,swap,notBad
11172,16,2347.8999999999996,16,2347.4799999999996,move,improve
11173,16,2347.8999999999996,16,2347.4799999999996,move,improve
11174,16,2347.8999999999996,16,2347.4799999999996,2opt,notBad
11175,16,2347.8999999999996,16,2347.4799999999996,move,improve
11176,16,2347.8999999999996,16,2347.4799999999996,swap,notBad
11177,16,2347.5999999999995,16,2347.4799999999996,move,improve
11178,16,2347.5999999999995,16,2347.4799999999996,swap,notBad
11179,16,2347.5999999999995,16,2347.4799999999996,move,improve
11180,16,2347.5999999999995,16,2347.4799999999996,swap,notBad
11181,16,2347.5999999999995,16,2347.4799999999996,2opt,notBad
11182,16,2347.5999999999995,16,2347.4799999999996,swap,notBad
11183,16,2347.5999999999995,16,2347.4799999999996,2opt,notBad
11184,16,2347.5999999999995,16,2347.4799999999996,2opt,notBad
11185,16,2347.5999999999995,16,2347.4799999999996,move,improve
11186,16,2347.5999999999995,16,2347.4799999999996,2opt,notBad
11187,16,2347.5999999999995,16,2347.4799999999996,swap,notBad
11188,16,2347.5999999999995,16,2347.4799999999996,move,improve
11189,16,2347.5999999999995,16,2347.4799999999996,2opt,notBad
11190,16,2347.5999999999995,16,2347.4799999999996,swap,notBad
11191,16,2347.5999999999995,16,2347.4799999999996,swap,notBad
11192,16,2347.5999999999995,16,2347.4799999999996,move,improve
11193,16,2347.5999999999995,16,2347.4799999999996,move,improve
11194,16,2347.5999999999995,16,2347.4799999999996,move,improve
11195,16,2347.5999999999995,16,2347.4799999999996,move,improve
11196,16,2347.5999999999995,16,2347.4799999999996,swap,notBad
11197,16,2347.5999999999995,16,2347.4799999999996,swap,notBad
11198,16,2347.5999999999995,16,2347.4799999999996,swap,notBad
11199,16,2347.5999999999995,16,2347.4799999999996,swap,notBad
11200,16,2347.5999999999995,16,2347.4799999999996,2opt,notBad
11201,16,2347.5999999999995,16,2347.4799999999996,move,improve
11202,16,2347.5999999999995,16,2347.4799999999996,swap,notBad
11203,16,2347.5999999999995,16,2347.4799999999996,move,improve
11204,16,2347.5999999999995,16,2347.4799999999996,swap,notBad
11205,16,2347.5999999999995,16,2347.4799999999996,move,improve
11206,16,2347.5999999999995,16,2347.4799999999996,move,improve
11207,16,2347.5999999999995,16,2347.4799999999996,2opt,notBad
11208,16,2347.5999999999995,16,2347.4799999999996,move,improve
11209,16,2347.5999999999995,16,2347.4799999999996,move,improve
11210,16,2347.5999999999995,16,2347.4799999999996,move,improve
11211,16,2347.5999999999995,16,2347.4799999999996,swap,notBad
11212,16,2347.5999999999995,16,2347.4799999999996,swap,notBad
11213,16,2347.5999999999995,16,2347.4799999999996,move,improve
11214,16,2347.5999999999995,16,2347.4799999999996,swap,notBad
11215,16,2347.5999999999995,16,2347.4799999999996,swap,notBad
11216,16,2347.5999999999995,16,2347.4799999999996,2opt,notBad
11217,16,2347.5999999999995,16,2347.4799999999996,2opt,notBad
11218,16,2347.5999999999995,16,2347.4799999999996,swap,notBad
11219,16,2347.5999999999995,16,2347.4799999999996,swap,notBad
11220,16,2347.5999999999995,16,2347.4799999999996,2opt,notBad
11221,16,2347.5999999999995,16,2347.4799999999996,2opt,notBad
11222,16,2347.5999999999995,16,2347.4799999999996,move,improve
11223,16,2347.5999999999995,16,2347.4799999999996,swap,notBad
11224,16,2347.5999999999995,16,2347.4799999999996,2opt,notBad
11225,16,2347.5999999999995,16,2347.4799999999996,move,improve
11226,16,2347.5999999999995,16,2347.4799999999996,move,improve
11227,16,2347.5999999999995,16,2347.4799999999996,swap,notBad
11228,16,2347.5999999999995,16,2347.4799999999996,2opt,notBad
11229,16,2347.5999999999995,16,2347.4799999999996,2opt,notBad
11230,16,2347.5999999999995,16,2347.4799999999996,swap,notBad
11231,16,2347.5999999999995,16,2347.4799999999996,move,improve
11232,16,2347.5999999999995,16,2347.4799999999996,move,improve
11233,16,2347.5999999999995,16,2347.4799999999996,move,improve
11234,16,2347.5999999999995,16,2347.4799999999996,move,improve
11235,16,2347.5999999999995,16,2347.4799999999996,swap,notBad
11236,16,2347.5999999999995,16,2347.4799999999996,move,improve
11237,16,2347.5999999999995,16,2347.4799999999996,2opt,notBad
11238,16,2347.5999999999995,16,2347.4799999999996,swap,notBad
11239,16,2347.5999999999995,16,2347.4799999999996,swap,notBad
11240,16,2347.5999999999995,16,2347.4799999999996,2opt,notBad
11241,16,2347.5999999999995,16,2347.4799999999996,swap,notBad
11242,16,2347.5999999999995,16,2347.4799999999996,swap,notBad
11243,16,2347.5999999999995,16,2347.4799999999996,swap,notBad
11244,16,2347.5999999999995,16,2347.4799999999996,swap,notBad
11245,16,2347.5999999999995,16,2347.4799999999996,swap,notBad
11246,16,2347.5999999999995,16,2347.4799999999996,move,improve
11247,16,2347.5999999999995,16,2347.4799999999996,swap,notBad
11248,16,2347.5999999999995,16,2347.4799999999996,move,improve
11249,16,2347.5999999999995,16,2347.4799999999996,move,improve
11250,16,2347.4799999999996,16,2347.4799999999996,move,improve
11251,16,2347.4799999999996,16,2347.4799999999996,move,improve
11252,16,2347.4799999999996,16,2347.4799999999996,swap,notBad
11253,16,2347.4799999999996,16,2347.4799999999996,move,improve
11254,16,2347.4799999999996,16,2347.4799999999996,move,improve
11255,16,2347.4799999999996,16,2347.4799999999996,2opt,notBad
11256,16,2347.4799999999996,16,2347.4799999999996,2opt,notBad
11257,16,2347.4799999999996,16,2347.4799999999996,swap,notBad
11258,16,2347.4799999999996,16,2347.4799999999996,swap,notBad
11259,16,2347.4799999999996,16,2347.4799999999996,2opt,notBad
11260,16,2347.4799999999996,16,2347.4799999999996,2opt,notBad
11261,16,2347.4799999999996,16,2347.4799999999996,swap,notBad
11262,16,2347.4799999999996,16,2347.4799999999996,move,improve
11263,16,2347.4799999999996,16,2347.4799999999996,2opt,notBad
11264,16,2347.4799999999996,16,2347.4799999999996,swap,notBad
11265,16,2347.4799999999996,16,2347.4799999999996,swap,notBad
11266,16,2347.4799999999996,16,2347.4799999999996,move,improve
11267,16,2347.4799999999996,16,2347.4799999999996,move,improve
11268,16,2347.4799999999996,16,2347.4799999999996,swap,notBad
11269,16,2347.4799999999996,16,2347.4799999999996,2opt,notBad
11270,16,2347.4799999999996,16,2347.4799999999996,move,improve
11271,16,2347.4799999999996,16,2347.4799999999996,swap,notBad
11272,16,2347.4799999999996,16,2347.4799999999996,swap,notBad
11273,16,2347.4799999999996,16,2347.4799999999996,2opt,notBad
11274,16,2347.4799999999996,16,2347.4799999999996,swap,notBad
11275,16,2347.4799999999996,16,2347.4799999999996,move,improve
11276,16,2347.4799999999996,16,2347.4799999999996,move,improve
11277,16,2347.4799999999996,16,2347.4799999999996,2opt,notBad
11278,16,2347.4799999999996,16,2347.4799999999996,move,improve
11279,16,2347.4799999999996,16,2347.4799999999996,swap,notBad
11280,16,2347.4799999999996,16,2347.4799999999996,swap,notBad
11281,16,2347.4799999999996,16,2347.4799999999996,move,improve
11282,16,2347.4799999999996,16,2347.4799999999996,2opt,notBad
11283,16,2347.4799999999996,16,2347.4799999999996,move,improve
11284,16,2347.4799999999996,16,2347.4799999999996,swap,notBad
11285,16,2347.4799999999996,16,2347.4799999999996,move,improve
11286,16,2347.4799999999996,16,2347.4799999999996,2opt,notBad
11287,16,2347.4799999999996,16,2347.4799999999996,2opt,notBad
11288,16,2347.4799999999996,16,2347.4799999999996,swap,notBad
11289,16,2347.4799999999996,16,2347.4799999999996,swap,notBad
11290,16,2347.4799999999996,16,2347.4799999999996,swap,notBad
11291,16,2347.4799999999996,16,2347.4799999999996,2opt,notBad
11292,16,2347.4799999999996,16,2347.4799999999996,move,improve
11293,16,2347.4799999999996,16,2347.4799999999996,2opt,notBad
11294,16,2347.4799999999996,16,2347.4799999999996,swap,notBad
11295,16,2347.4799999999996,16,2347.4799999999996,move,improve
11296,16,2347.4799999999996,16,2347.4799999999996,move,improve
11297,16,2347.4799999999996,16,2347.4799999999996,2opt,notBad
11298,16,2347.4799999999996,16,2347.4799999999996,2opt,notBad
11299,16,2347.4799999999996,16,2347.4799999999996,2opt,notBad
11300,16,2348.2599999999993,16,2347.4799999999996,swap,acceptBad
11301,16,2348.2599999999993,16,2347.4799999999996,2opt,notBad
11302,16,2348.2599999999993,16,2347.4799999999996,move,improve
11303,16,2348.2599999999993,16,2347.4799999999996,2opt,notBad
11304,16,2348.2599999999993,16,2347.4799999999996,2opt,notBad
11305,16,2348.2599999999993,16,2347.4799999999996,swap,notBad
11306,16,2348.2599999999993,16,2347.4799999999996,move,improve
11307,16,2348.1399999999994,16,2347.4799999999996,move,improve
11308,16,2348.1399999999994,16,2347.4799999999996,2opt,notBad
11309,16,2348.1399999999994,16,2347.4799999999996,swap,notBad
11310,16,2348.1399999999994,16,2347.4799999999996,2opt,notBad
11311,16,2348.1399999999994,16,2347.4799999999996,2opt,notBad
11312,16,2348.1399999999994,16,2347.4799999999996,swap,notBad
11313,16,2348.1399999999994,16,2347.4799999999996,move,improve
11314,16,2348.1399999999994,16,2347.4799999999996,move,improve
11315,16,2348.1399999999994,16,2347.4799999999996,move,improve
11316,16,2348.1399999999994,16,2347.4799999999996,2opt,notBad
11317,16,2348.1399999999994,16,2347.4799999999996,move,improve
11318,16,2348.1399999999994,16,2347.4799999999996,2opt,improve
11319,16,2348.1399999999994,16,2347.4799999999996,move,improve
11320,16,2348.1399999999994,16,2347.4799999999996,move,improve
11321,16,2348.1399999999994,16,2347.4799999999996,move,improve
11322,16,2348.1399999999994,16,2347.4799999999996,move,improve
11323,16,2348.1399999999994,16,2347.4799999999996,2opt,notBad
11324,16,2348.1399999999994,16,2347.4799999999996,move,improve
11325,16,2348.1399999999994,16,2347.4799999999996,move,improve
11326,16,2348.1399999999994,16,2347.4799999999996,2opt,notBad
11327,16,2348.1399999999994,16,2347.4799999999996,move,improve
11328,16,2348.1399999999994,16,2347.4799999999996,move,improve
11329,16,2348.1399999999994,16,2347.4799999999996,move,improve
11330,16,2348.1399999999994,16,2347.4799999999996,swap,notBad
11331,16,2348.1399999999994,16,2347.4799999999996,2opt,notBad
11332,16,2348.1399999999994,16,2347.4799999999996,swap,notBad
11333,16,2348.1399999999994,16,2347.4799999999996,2opt,notBad
11334,16,2348.1399999999994,16,2347.4799999999996,2opt,notBad
11335,16,2348.1399999999994,16,2347.4799999999996,move,improve
11336,16,2348.1399999999994,16,2347.4799999999996,2opt,notBad
11337,16,2348.1399999999994,16,2347.4799999999996,swap,notBad
11338,16,2348.1399999999994,16,2347.4799999999996,swap,notBad
11339,16,2348.1399999999994,16,2347.4799999999996,move,improve
11340,16,2348.1399999999994,16,2347.4799999999996,move,improve
11341,16,2348.1399999999994,16,2347.4799999999996,swap,notBad
11342,16,2348.1399999999994,16,2347.4799999999996,swap,notBad
11343,16,2348.1399999999994,16,2347.4799999999996,move,improve
11344,16,2348.1399999999994,16,2347.4799999999996,swap,notBad
11345,16,2348.1399999999994,16,2347.4799999999996,2opt,notBad
11346,16,2348.1399999999994,16,2347.4799999999996,swap,notBad
11347,16,2348.1399999999994,16,2347.4799999999996,move,improve
11348,16,2348.1399999999994,16,2347.4799999999996,2opt,notBad
11349,16,2348.1399999999994,16,2347.4799999999996,swap,notBad
11350,16,2348.1399999999994,16,2347.4799999999996,swap,notBad
11351,16,2348.1399999999994,16,2347.4799999999996,2opt,notBad
11352,16,2348.1399999999994,16,2347.4799999999996,2opt,notBad
11353,16,2348.1399999999994,16,2347.4799999999996,swap,notBad
11354,16,2348.1399999999994,16,2347.4799999999996,move,improve
11355,16,2348.1399999999994,16,2347.4799999999996,swap,notBad
11356,16,2348.1399999999994,16,2347.4799999999996,move,improve
11357,16,2348.1399999999994,16,2347.4799999999996,move,improve
11358,16,2348.1399999999994,16,2347.4799999999996,move,improve
11359,16,2348.1399999999994,16,2347.4799999999996,move,improve
11360,16,2348.1399999999994,16,2347.4799999999996,swap,notBad
11361,16,2348.1399999999994,16,2347.4799999999996,2opt,notBad
11362,16,2348.1399999999994,16,2347.4799999999996,move,improve
11363,16,2348.1399999999994,16,2347.4799999999996,2opt,notBad
11364,16,2348.1399999999994,16,2347.4799999999996,swap,notBad
11365,16,2348.1399999999994,16,2347.4799999999996,2opt,notBad
11366,16,2348.1399999999994,16,2347.4799999999996,move,improve
11367,16,2348.1399999999994,16,2347.4799999999996,2opt,notBad
11368,16,2348.1399999999994,16,2347.4799999999996,2opt,notBad
11369,16,2348.1399999999994,16,2347.4799999999996,swap,notBad
11370,16,2348.1399999999994,16,2347.4799999999996,swap,notBad
11371,16,2348.1399999999994,16,2347.4799999999996,2opt,improve
11372,16,2348.1399999999994,16,2347.4799999999996,swap,notBad
11373,16,2348.1399999999994,16,2347.4799999999996,swap,notBad
11374,16,2348.1399999999994,16,2347.4799999999996,move,improve
11375,16,2348.1399999999994,16,2347.4799999999996,move,improve
11376,16,2348.1399999999994,16,2347.4799999999996,swap,notBad
11377,16,2348.1399999999994,16,2347.4799999999996,swap,notBad
11378,16,2348.1399999999994,16,2347.4799999999996,2opt,notBad
11379,16,2348.1399999999994,16,2347.4799999999996,swap,notBad
11380,16,2348.1399999999994,16,2347.4799999999996,2opt,notBad
11381,16,2348.1399999999994,16,2347.4799999999996,swap,notBad
11382,16,2348.1399999999994,16,2347.4799999999996,2opt,notBad
11383,16,2348.1399999999994,16,2347.4799999999996,swap,notBad
11384,16,2348.1399999999994,16,2347.4799999999996,2opt,notBad
11385,16,2348.1399999999994,16,2347.4799999999996,move,improve
11386,16,2348.1399999999994,16,2347.4799999999996,move,improve
11387,16,2348.1399999999994,16,2347.4799999999996,2opt,notBad
11388,16,2348.1399999999994,16,2347.4799999999996,swap,notBad
11389,16,2349.08,16,2347.4799999999996,swap,acceptBad
11390,16,2349.08,16,2347.4799999999996,move,improve
11391,16,2349.08,16,2347.4799999999996,move,improve
11392,16,2349.08,16,2347.4799999999996,2opt,notBad
11393,16,2349.08,16,2347.4799999999996,swap,notBad
11394,16,2349.08,16,2347.4799999999996,move,improve
11395,16,2349.08,16,2347.4799999999996,swap,notBad
11396,16,2349.08,16,2347.4799999999996,move,improve
11397,16,2349.08,16,2347.4799999999996,2opt,notBad
11398,16,2349.08,16,2347.4799999999996,move,improve
11399,16,2349.08,16,2347.4799999999996,move,improve
11400,16,2349.08,16,2347.4799999999996,2opt,notBad
11401,16,2349.08,16,2347.4799999999996,2opt,notBad
11402,16,2349.08,16,2347.4799999999996,2opt,notBad
11403,16,2349.08,16,2347.4799999999996,2opt,notBad
11404,16,2349.08,16,2347.4799999999996,move,improve
11405,16,2349.08,16,2347.4799999999996,move,improve
11406,16,2349.08,16,2347.4799999999996,2opt,notBad
11407,16,2349.08,16,2347.4799999999996,swap,notBad
11408,16,2349.08,16,2347.4799999999996,move,improve
11409,16,2349.08,16,2347.4799999999996,swap,notBad
11410,16,2349.08,16,2347.4799999999996,move,improve
11411,16,2349.08,16,2347.4799999999996,2opt,improve
11412,16,2349.08,16,2347.4799999999996,move,improve
11413,16,2349.08,16,2347.4799999999996,2opt,notBad
11414,16,2349.08,16,2347.4799999999996,2opt,notBad
11415,16,2349.08,16,2347.4799999999996,2opt,notBad
11416,16,2349.08,16,2347.4799999999996,move,improve
11417,16,2349.08,16,2347.4799999999996,swap,notBad
11418,16,2349.08,16,2347.4799999999996,swap,notBad
11419,16,2349.08,16,2347.4799999999996,move,improve
11420,16,2349.08,16,2347.4799999999996,swap,notBad
11421,16,2349.08,16,2347.4799999999996,move,improve
11422,16,2349.08,16,2347.4799999999996,2opt,notBad
11423,16,2349.08,16,2347.4799999999996,2opt,notBad
11424,16,2349.08,16,2347.4799999999996,2opt,notBad
11425,16,2349.08,16,2347.4799999999996,2opt,notBad
11426,16,2349.08,16,2347.4799999999996,swap,notBad
11427,16,2349.08,16,2347.4799999999996,swap,notBad
11428,16,2349.08,16,2347.4799999999996,swap,notBad
11429,16,2349.08,16,2347.4799999999996,swap,notBad
11430,16,2349.08,16,2347.4799999999996,move,improve
11431,16,2349.08,16,2347.4799999999996,2opt,notBad
11432,16,2349.08,16,2347.4799999999996,swap,notBad
11433,16,2349.08,16,2347.4799999999996,move,improve
11434,16,2349.08,16,2347.4799999999996,swap,notBad
11435,16,2349.08,16,2347.4799999999996,swap,notBad
11436,16,2349.08,16,2347.4799999999996,swap,notBad
11437,16,2349.08,16,2347.4799999999996,swap,notBad
11438,16,2349.08,16,2347.4799999999996,2opt,notBad
11439,16,2349.08,16,2347.4799999999996,move,improve
11440,16,2349.08,16,2347.4799999999996,2opt,notBad
11441,16,2349.08,16,2347.4799999999996,move,improve
11442,16,2349.08,16,2347.4799999999996,swap,notBad
11443,16,2349.08,16,2347.4799999999996,2opt,notBad
11444,16,2349.08,16,2347.4799999999996,2opt,notBad
11445,16,2349.08,16,2347.4799999999996,move,improve
11446,16,2349.08,16,2347.4799999999996,swap,notBad
11447,16,2349.08,16,2347.4799999999996,swap,notBad
11448,16,2349.08,16,2347.4799999999996,2opt,notBad
11449,16,2349.08,16,2347.4799999999996,swap,notBad
11450,16,2349.08,16,2347.4799999999996,move,improve
11451,16,2349.08,16,2347.4799999999996,move,improve
11452,16,2349.08,16,2347.4799999999996,move,improve
11453,16,2349.08,16,2347.4799999999996,move,improve
11454,16,2349.08,16,2347.4799999999996,swap,notBad
11455,16,2349.08,16,2347.4799999999996,swap,notBad
11456,16,2349.08,16,2347.4799999999996,swap,notBad
11457,16,2349.08,16,2347.4799999999996,swap,notBad
11458,16,2349.08,16,2347.4799999999996,2opt,notBad
11459,16,2349.08,16,2347.4799999999996,move,improve
11460,16,2349.08,16,2347.4799999999996,swap,notBad
11461,16,2349.08,16,2347.4799999999996,move,improve
11462,16,2349.08,16,2347.4799999999996,move,improve
11463,16,2349.08,16,2347.4799999999996,swap,notBad
11464,16,2349.08,16,2347.4799999999996,swap,notBad
11465,16,2349.08,16,2347.4799999999996,swap,notBad
11466,16,2349.08,16,2347.4799999999996,swap,notBad
11467,16,2349.08,16,2347.4799999999996,2opt,notBad
11468,16,2349.08,16,2347.4799999999996,swap,notBad
11469,16,2349.08,16,2347.4799999999996,swap,notBad
11470,16,2349.08,16,2347.4799999999996,2opt,notBad
11471,16,2349.08,16,2347.4799999999996,2opt,notBad
11472,16,2349.08,16,2347.4799999999996,swap,notBad
11473,16,2349.08,16,2347.4799999999996,2opt,notBad
11474,16,2349.08,16,2347.4799999999996,2opt,notBad
11475,16,2349.08,16,2347.4799999999996,2opt,notBad
11476,16,2349.08,16,2347.4799999999996,2opt,notBad
11477,16,2349.08,16,2347.4799999999996,move,improve
11478,16,2349.08,16,2347.4799999999996,2opt,notBad
11479,16,2349.08,16,2347.4799999999996,2opt,notBad
11480,16,2348.3199999999997,16,2347.4799999999996,move,improve
11481,16,2348.3199999999997,16,2347.4799999999996,move,improve
11482,16,2348.3199999999997,16,2347.4799999999996,move,improve
11483,16,2348.3199999999997,16,2347.4799999999996,2opt,notBad
11484,16,2348.3199999999997,16,2347.4799999999996,2opt,notBad
11485,16,2348.3199999999997,16,2347.4799999999996,2opt,notBad
11486,16,2348.3199999999997,16,2347.4799999999996,move,improve
11487,16,2348.3199999999997,16,2347.4799999999996,swap,notBad
11488,16,2348.3199999999997,16,2347.4799999999996,swap,notBad
11489,16,2348.3199999999997,16,2347.4799999999996,swap,notBad
11490,16,2348.3199999999997,16,2347.4799999999996,swap,notBad
11491,16,2348.3199999999997,16,2347.4799999999996,2opt,notBad
11492,16,2348.3199999999997,16,2347.4799999999996,2opt,notBad
11493,16,2348.3199999999997,16,2347.4799999999996,2opt,improve
11494,16,2348.3199999999997,16,2347.4799999999996,2opt,notBad
11495,16,2348.3199999999997,16,2347.4799999999996,move,improve
11496,16,2348.3199999999997,16,2347.4799999999996,move,improve
11497,16,2348.3199999999997,16,2347.4799999999996,2opt,notBad
11498,16,2348.3199999999997,16,2347.4799999999996,move,improve
11499,16,2348.3199999999997,16,2347.4799999999996,move,improve
11500,16,2348.3199999999997,16,2347.4799999999996,move,improve
11501,16,2348.3199999999997,16,2347.4799999999996,move,improve
11502,16,2348.3199999999997,16,2347.4799999999996,2opt,notBad
11503,16,2348.3199999999997,16,2347.4799999999996,2opt,notBad
11504,16,2348.3199999999997,16,2347.4799999999996,swap,notBad
11505,16,2348.3199999999997,16,2347.4799999999996,swap,notBad
11506,16,2348.3199999999997,16,2347.4799999999996,swap,notBad
11507,16,2348.3199999999997,16,2347.4799999999996,2opt,notBad
11508,16,2348.3199999999997,16,2347.4799999999996,move,improve
11509,16,2348.3199999999997,16,2347.4799999999996,2opt,notBad
11510,16,2348.3199999999997,16,2347.4799999999996,swap,notBad
11511,16,2348.3199999999997,16,2347.4799999999996,swap,notBad
11512,16,2348.3199999999997,16,2347.4799999999996,swap,notBad
11513,16,2349.0999999999995,16,2347.4799999999996,swap,acceptBad
11514,16,2349.0999999999995,16,2347.4799999999996,swap,notBad
11515,16,2349.0999999999995,16,2347.4799999999996,move,improve
11516,16,2349.9999999999995,16,2347.4799999999996,swap,acceptBad
11517,16,2349.9999999999995,16,2347.4799999999996,move,improve
11518,16,2349.8799999999997,16,2347.4799999999996,move,improve
11519,16,2349.8799999999997,16,2347.4799999999996,2opt,notBad
11520,16,2349.8799999999997,16,2347.4799999999996,swap,notBad
11521,16,2349.8799999999997,16,2347.4799999999996,2opt,notBad
11522,16,2349.8799999999997,16,2347.4799999999996,2opt,notBad
11523,16,2349.8799999999997,16,2347.4799999999996,swap,notBad
11524,16,2349.8799999999997,16,2347.4799999999996,move,improve
11525,16,2349.8799999999997,16,2347.4799999999996,swap,notBad
11526,16,2349.8799999999997,16,2347.4799999999996,2opt,notBad
11527,16,2349.8799999999997,16,2347.4799999999996,move,improve
11528,16,2349.8799999999997,16,2347.4799999999996,2opt,notBad
11529,16,2349.8799999999997,16,2347.4799999999996,move,improve
11530,16,2349.8799999999997,16,2347.4799999999996,swap,notBad
11531,16,2349.8799999999997,16,2347.4799999999996,swap,notBad
11532,16,2349.8799999999997,16,2347.4799999999996,swap,notBad
11533,16,2349.8799999999997,16,2347.4799999999996,swap,notBad
11534,16,2349.8799999999997,16,2347.4799999999996,swap,notBad
11535,16,2349.8799999999997,16,2347.4799999999996,2opt,improve
11536,16,2349.8799999999997,16,2347.4799999999996,2opt,notBad
11537,16,2349.8799999999997,16,2347.4799999999996,swap,notBad
11538,16,2349.9399999999996,16,2347.4799999999996,2opt,acceptBad
11539,16,2349.9399999999996,16,2347.4799999999996,move,improve
11540,16,2349.9399999999996,16,2347.4799999999996,move,improve
11541,16,2349.9399999999996,16,2347.4799999999996,swap,notBad
11542,16,2349.9399999999996,16,2347.4799999999996,2opt,notBad
11543,16,2349.9399999999996,16,2347.4799999999996,2opt,notBad
11544,16,2349.9399999999996,16,2347.4799999999996,swap,notBad
11545,16,2349.9399999999996,16,2347.4799999999996,2opt,notBad
11546,16,2349.9399999999996,16,2347.4799999999996,move,improve
11547,16,2349.9399999999996,16,2347.4799999999996,swap,notBad
11548,16,2349.9399999999996,16,2347.4799999999996,swap,notBad
11549,16,2349.9399999999996,16,2347.4799999999996,swap,notBad
11550,16,2349.9399999999996,16,2347.4799999999996,swap,notBad
11551,16,2349.9399999999996,16,2347.4799999999996,move,improve
11552,16,2349.9399999999996,16,2347.4799999999996,move,improve
11553,16,2349.9399999999996,16,2347.4799999999996,move,improve
11554,16,2349.9399999999996,16,2347.4799999999996,2opt,notBad
11555,16,2349.9399999999996,16,2347.4799999999996,move,improve
11556,16,2349.9399999999996,16,2347.4799999999996,move,improve
11557,16,2349.9399999999996,16,2347.4799999999996,swap,notBad
11558,16,2349.9399999999996,16,2347.4799999999996,move,improve
11559,16,2349.9399999999996,16,2347.4799999999996,move,improve
11560,16,2349.9399999999996,16,2347.4799999999996,swap,notBad
11561,16,2349.9399999999996,16,2347.4799999999996,swap,notBad
11562,16,2349.9399999999996,16,2347.4799999999996,swap,notBad
11563,16,2349.9399999999996,16,2347.4799999999996,swap,notBad
11564,16,2349.9399999999996,16,2347.4799999999996,2opt,notBad
11565,16,2349.9399999999996,16,2347.4799999999996,2opt,notBad
11566,16,2349.9399999999996,16,2347.4799999999996,move,improve
11567,16,2349.9399999999996,16,2347.4799999999996,move,improve
11568,16,2349.9399999999996,16,2347.4799999999996,move,improve
11569,16,2349.9399999999996,16,2347.4799999999996,swap,notBad
11570,16,2349.9399999999996,16,2347.4799999999996,move,improve
11571,16,2349.9399999999996,16,2347.4799999999996,swap,notBad
11572,16,2349.9399999999996,16,2347.4799999999996,move,improve
11573,16,2349.9399999999996,16,2347.4799999999996,2opt,notBad
11574,16,2349.9399999999996,16,2347.4799999999996,move,improve
11575,16,2349.9399999999996,16,2347.4799999999996,move,improve
11576,16,2349.9399999999996,16,2347.4799999999996,move,improve
11577,16,2349.9399999999996,16,2347.4799999999996,swap,notBad
11578,16,2349.9399999999996,16,2347.4799999999996,move,improve
11579,16,2349.9399999999996,16,2347.4799999999996,move,improve
11580,16,2349.9399999999996,16,2347.4799999999996,2opt,notBad
11581,16,2349.9399999999996,16,2347.4799999999996,swap,notBad
11582,16,2349.9399999999996,16,2347.4799999999996,move,improve
11583,16,2349.9399999999996,16,2347.4799999999996,swap,notBad
11584,16,2349.9399999999996,16,2347.4799999999996,2opt,notBad
11585,16,2349.9399999999996,16,2347.4799999999996,move,improve
11586,16,2349.9399999999996,16,2347.4799999999996,swap,notBad
11587,16,2349.9399999999996,16,2347.4799999999996,move,improve
11588,16,2349.9399999999996,16,2347.4799999999996,2opt,notBad
11589,16,2349.9399999999996,16,2347.4799999999996,swap,notBad
11590,16,2349.9399999999996,16,2347.4799999999996,move,improve
11591,16,2349.9399999999996,16,2347.4799999999996,swap,notBad
11592,16,2349.9399999999996,16,2347.4799999999996,move,improve
11593,16,2349.9399999999996,16,2347.4799999999996,2opt,notBad
11594,16,2349.9399999999996,16,2347.4799999999996,move,improve
11595,16,2349.9399999999996,16,2347.4799999999996,2opt,notBad
11596,16,2349.9399999999996,16,2347.4799999999996,2opt,notBad
11597,16,2349.9399999999996,16,2347.4799999999996,move,improve
11598,16,2349.9399999999996,16,2347.4799999999996,swap,notBad
11599,16,2349.9399999999996,16,2347.4799999999996,move,improve
11600,16,2349.9399999999996,16,2347.4799999999996,2opt,notBad
11601,16,2349.9399999999996,16,2347.4799999999996,swap,notBad
11602,16,2349.9399999999996,16,2347.4799999999996,move,improve
11603,16,2349.9399999999996,16,2347.4799999999996,swap,notBad
11604,16,2349.9399999999996,16,2347.4799999999996,move,improve
11605,16,2349.9399999999996,16,2347.4799999999996,move,improve
11606,16,2349.9399999999996,16,2347.4799999999996,move,improve
11607,16,2349.9399999999996,16,2347.4799999999996,2opt,notBad
11608,16,2349.9399999999996,16,2347.4799999999996,2opt,notBad
11609,16,2349.9399999999996,16,2347.4799999999996,swap,notBad
11610,16,2349.9399999999996,16,2347.4799999999996,2opt,notBad
11611,16,2349.9399999999996,16,2347.4799999999996,swap,notBad
11612,16,2349.9399999999996,16,2347.4799999999996,swap,notBad
11613,16,2349.9399999999996,16,2347.4799999999996,2opt,improve
11614,16,2349.9399999999996,16,2347.4799999999996,move,improve
11615,16,2349.9399999999996,16,2347.4799999999996,move,improve
11616,16,2349.9399999999996,16,2347.4799999999996,2opt,notBad
11617,16,2349.9399999999996,16,2347.4799999999996,2opt,notBad
11618,16,2349.9399999999996,16,2347.4799999999996,move,improve
11619,16,2349.9399999999996,16,2347.4799999999996,move,improve
11620,16,2349.9399999999996,16,2347.4799999999996,swap,notBad
11621,16,2349.9399999999996,16,2347.4799999999996,move,improve
11622,16,2349.9399999999996,16,2347.4799999999996,2opt,notBad
11623,16,2349.9399999999996,16,2347.4799999999996,swap,notBad
11624,16,2349.9399999999996,16,2347.4799999999996,2opt,notBad
11625,16,2349.9399999999996,16,2347.4799999999996,move,improve
11626,16,2349.9399999999996,16,2347.4799999999996,swap,notBad
11627,16,2349.9399999999996,16,2347.4799999999996,swap,notBad
11628,16,2349.9399999999996,16,2347.4799999999996,swap,notBad
11629,16,2349.9399999999996,16,2347.4799999999996,swap,notBad
11630,16,2349.9399999999996,16,2347.4799999999996,2opt,notBad
11631,16,2349.9399999999996,16,2347.4799999999996,swap,notBad
11632,16,2350.12,16,2347.4799999999996,swap,acceptBad
11633,16,2350.12,16,2347.4799999999996,swap,notBad
11634,16,2350.12,16,2347.4799999999996,move,improve
11635,16,2350.12,16,2347.4799999999996,swap,notBad
11636,16,2350.12,16,2347.4799999999996,move,improve
11637,16,2350.12,16,2347.4799999999996,swap,notBad
11638,16,2350.12,16,2347.4799999999996,2opt,notBad
11639,16,2350.12,16,2347.4799999999996,2opt,notBad
11640,16,2350.12,16,2347.4799999999996,2opt,notBad
11641,16,2350.12,16,2347.4799999999996,2opt,notBad
11642,16,2350.12,16,2347.4799999999996,2opt,notBad
11643,16,2350.12,16,2347.4799999999996,move,improve
11644,16,2350.12,16,2347.4799999999996,swap,notBad
11645,16,2350.12,16,2347.4799999999996,swap,notBad
11646,16,2350.12,16,2347.4799999999996,2opt,notBad
11647,16,2350.12,16,2347.4799999999996,swap,notBad
11648,16,2350.12,16,2347.4799999999996,2opt,notBad
11649,16,2350.12,16,2347.4799999999996,move,improve
11650,16,2350.12,16,2347.4799999999996,2opt,notBad
11651,16,2350.12,16,2347.4799999999996,move,improve
11652,16,2350.12,16,2347.4799999999996,swap,notBad
11653,16,2350.12,16,2347.4799999999996,swap,notBad
11654,16,2350.12,16,2347.4799999999996,2opt,notBad
11655,16,2350.12,16,2347.4799999999996,move,improve
11656,16,2350.12,16,2347.4799999999996,swap,notBad
11657,16,2350.12,16,2347.4799999999996,move,improve
11658,16,2350.12,16,2347.4799999999996,2opt,improve
11659,16,2350.12,16,2347.4799999999996,2opt,notBad
11660,16,2350.12,16,2347.4799999999996,swap,notBad
11661,16,2350.12,16,2347.4799999999996,2opt,notBad
11662,16,2350.12,16,2347.4799999999996,2opt,notBad
11663,16,2350.12,16,2347.4799999999996,2opt,notBad
11664,16,2350.12,16,2347.4799999999996,2opt,notBad
11665,16,2350.12,16,2347.4799999999996,move,improve
11666,16,2350.12,16,2347.4799999999996,2opt,notBad
11667,16,2350.12,16,2347.4799999999996,2opt,notBad
11668,16,2350.12,16,2347.4799999999996,2opt,notBad
11669,16,2350.12,16,2347.4799999999996,2opt,notBad
11670,16,2350.12,16,2347.4799999999996,swap,notBad
11671,16,2350.12,16,2347.4799999999996,swap,notBad
11672,16,2350.12,16,2347.4799999999996,swap,notBad
11673,16,2350.12,16,2347.4799999999996,swap,notBad
11674,16,2350.12,16,2347.4799999999996,swap,notBad
11675,16,2350.12,16,2347.4799999999996,move,improve
11676,16,2350.12,16,2347.4799999999996,swap,notBad
11677,16,2350.12,16,2347.4799999999996,move,improve
11678,16,2350.12,16,2347.4799999999996,swap,notBad
11679,16,2350.12,16,2347.4799999999996,swap,notBad
11680,16,2350.12,16,2347.4799999999996,2opt,notBad
11681,16,2349.9399999999996,16,2347.4799999999996,move,improve
11682,16,2349.9399999999996,16,2347.4799999999996,2opt,notBad
11683,16,2349.9399999999996,16,2347.4799999999996,2opt,notBad
11684,16,2349.9399999999996,16,2347.4799999999996,2opt,notBad
11685,16,2349.9399999999996,16,2347.4799999999996,swap,notBad
11686,16,2349.9399999999996,16,2347.4799999999996,2opt,notBad
11687,16,2349.9399999999996,16,2347.4799999999996,swap,notBad
11688,16,2349.9399999999996,16,2347.4799999999996,move,improve
11689,16,2349.9399999999996,16,2347.4799999999996,2opt,notBad
11690,16,2349.9399999999996,16,2347.4799999999996,move,improve
11691,16,2349.9399999999996,16,2347.4799999999996,move,improve
11692,16,2349.9399999999996,16,2347.4799999999996,swap,notBad
11693,16,2349.9399999999996,16,2347.4799999999996,swap,notBad
11694,16,2349.9399999999996,16,2347.4799999999996,move,improve
11695,16,2349.9399999999996,16,2347.4799999999996,move,improve
11696,16,2349.9399999999996,16,2347.4799999999996,move,improve
11697,16,2349.9399999999996,16,2347.4799999999996,2opt,improve
11698,16,2349.9399999999996,16,2347.4799999999996,move,improve
11699,16,2349.9399999999996,16,2347.4799999999996,move,improve
11700,16,2349.9399999999996,16,2347.4799999999996,2opt,improve
11701,16,2349.9399999999996,16,2347.4799999999996,2opt,notBad
11702,16,2349.9399999999996,16,2347.4799999999996,swap,notBad
11703,16,2349.9399999999996,16,2347.4799999999996,move,improve
11704,16,2349.9399999999996,16,2347.4799999999996,swap,notBad
11705,16,2349.9399999999996,16,2347.4799999999996,move,improve
11706,16,2349.9399999999996,16,2347.4799999999996,swap,notBad
11707,16,2349.9399999999996,16,2347.4799999999996,swap,notBad
11708,16,2349.9399999999996,16,2347.4799999999996,swap,notBad
11709,16,2349.9399999999996,16,2347.4799999999996,swap,notBad
11710,16,2349.9399999999996,16,2347.4799999999996,move,improve
11711,16,2349.9399999999996,16,2347.4799999999996,2opt,notBad
11712,16,2349.9399999999996,16,2347.4799999999996,move,improve
11713,16,2349.9399999999996,16,2347.4799999999996,2opt,notBad
11714,16,2349.9399999999996,16,2347.4799999999996,move,improve
11715,16,2349.9399999999996,16,2347.4799999999996,swap,notBad
11716,16,2349.9399999999996,16,2347.4799999999996,2opt,notBad
11717,16,2349.9399999999996,16,2347.4799999999996,2opt,notBad
11718,16,2349.9399999999996,16,2347.4799999999996,move,improve
11719,16,2349.9399999999996,16,2347.4799999999996,move,notBad
11720,16,2349.9399999999996,16,2347.4799999999996,swap,notBad
11721,16,2349.9399999999996,16,2347.4799999999996,move,improve
11722,16,2349.9399999999996,16,2347.4799999999996,2opt,notBad
11723,16,2349.9399999999996,16,2347.4799999999996,move,improve
11724,16,2349.9399999999996,16,2347.4799999999996,move,improve
11725,16,2349.9399999999996,16,2347.4799999999996,move,improve
11726,16,2349.9399999999996,16,2347.4799999999996,swap,notBad
11727,16,2349.9399999999996,16,2347.4799999999996,swap,notBad
11728,16,2349.9399999999996,16,2347.4799999999996,swap,notBad
11729,16,2349.9399999999996,16,2347.4799999999996,2opt,notBad
11730,16,2349.9399999999996,16,2347.4799999999996,2opt,notBad
11731,16,2349.2199999999993,16,2347.4799999999996,swap,improve
11732,16,2349.2199999999993,16,2347.4799999999996,2opt,notBad
11733,16,2349.2199999999993,16,2347.4799999999996,swap,notBad
11734,16,2349.2199999999993,16,2347.4799999999996,2opt,notBad
11735,16,2349.2199999999993,16,2347.4799999999996,2opt,notBad
11736,16,2349.2199999999993,16,2347.4799999999996,swap,notBad
11737,16,2349.2199999999993,16,2347.4799999999996,move,improve
11738,16,2349.2199999999993,16,2347.4799999999996,swap,notBad
11739,16,2349.2199999999993,16,2347.4799999999996,2opt,notBad
11740,16,2349.2199999999993,16,2347.4799999999996,move,improve
11741,16,2349.2199999999993,16,2347.4799999999996,swap,notBad
11742,16,2349.2199999999993,16,2347.4799999999996,move,improve
11743,16,2349.2199999999993,16,2347.4799999999996,2opt,notBad
11744,16,2349.2199999999993,16,2347.4799999999996,swap,notBad
11745,16,2349.2199999999993,16,2347.4799999999996,swap,notBad
11746,16,2349.2199999999993,16,2347.4799999999996,swap,notBad
11747,16,2349.2199999999993,16,2347.4799999999996,swap,notBad
11748,16,2349.2199999999993,16,2347.4799999999996,2opt,notBad
11749,16,2349.2199999999993,16,2347.4799999999996,move,improve
11750,16,2349.2199999999993,16,2347.4799999999996,move,improve
11751,16,2349.2199999999993,16,2347.4799999999996,move,improve
11752,16,2349.2199999999993,16,2347.4799999999996,swap,notBad
11753,16,2349.2199999999993,16,2347.4799999999996,swap,notBad
11754,16,2349.2199999999993,16,2347.4799999999996,2opt,notBad
11755,16,2349.2199999999993,16,2347.4799999999996,2opt,improve
11756,16,2349.2199999999993,16,2347.4799999999996,2opt,notBad
11757,16,2349.2199999999993,16,2347.4799999999996,swap,notBad
11758,16,2349.2199999999993,16,2347.4799999999996,swap,notBad
11759,16,2349.2199999999993,16,2347.4799999999996,2opt,notBad
11760,16,2349.2199999999993,16,2347.4799999999996,2opt,notBad
11761,16,2349.2199999999993,16,2347.4799999999996,move,improve
11762,16,2349.2199999999993,16,2347.4799999999996,move,improve
11763,16,2349.2199999999993,16,2347.4799999999996,swap,notBad
11764,16,2348.4399999999996,16,2347.4799999999996,swap,improve
11765,16,2348.4399999999996,16,2347.4799999999996,2opt,notBad
11766,16,2348.4399999999996,16,2347.4799999999996,move,improve
11767,16,2348.4399999999996,16,2347.4799999999996,move,improve
11768,16,2348.4399999999996,16,2347.4799999999996,move,improve
11769,16,2348.4399999999996,16,2347.4799999999996,swap,notBad
11770,16,2348.6199999999994,16,2347.4799999999996,swap,acceptBad
11771,16,2348.6199999999994,16,2347.4799999999996,move,improve
11772,16,2348.6199999999994,16,2347.4799999999996,move,improve
11773,16,2348.6199999999994,16,2347.4799999999996,move,improve
11774,16,2348.6199999999994,16,2347.4799999999996,swap,notBad
11775,16,2348.6199999999994,16,2347.4799999999996,move,improve
11776,16,2348.6199999999994,16,2347.4799999999996,move,improve
11777,16,2348.6199999999994,16,2347.4799999999996,2opt,notBad
11778,16,2348.6199999999994,16,2347.4799999999996,swap,notBad
11779,16,2348.6199999999994,16,2347.4799999999996,swap,notBad
11780,16,2348.6199999999994,16,2347.4799999999996,2opt,notBad
11781,16,2348.6199999999994,16,2347.4799999999996,move,improve
11782,16,2348.6199999999994,16,2347.4799999999996,2opt,notBad
11783,16,2348.7999999999993,16,2347.4799999999996,2opt,acceptBad
11784,16,2348.7999999999993,16,2347.4799999999996,move,improve
11785,16,2348.7999999999993,16,2347.4799999999996,2opt,notBad
11786,16,2348.7999999999993,16,2347.4799999999996,move,improve
11787,16,2348.7999999999993,16,2347.4799999999996,swap,notBad
11788,16,2348.7999999999993,16,2347.4799999999996,move,improve
11789,16,2348.6199999999994,16,2347.4799999999996,move,improve
11790,16,2348.6199999999994,16,2347.4799999999996,2opt,notBad
11791,16,2348.6199999999994,16,2347.4799999999996,2opt,notBad
11792,16,2348.6199999999994,16,2347.4799999999996,move,improve
11793,16,2348.6199999999994,16,2347.4799999999996,2opt,notBad
11794,16,2348.6199999999994,16,2347.4799999999996,2opt,notBad
11795,16,2348.6199999999994,16,2347.4799999999996,swap,notBad
11796,16,2348.6199999999994,16,2347.4799999999996,move,improve
11797,16,2348.6199999999994,16,2347.4799999999996,2opt,notBad
11798,16,2348.6199999999994,16,2347.4799999999996,swap,notBad
11799,16,2348.6199999999994,16,2347.4799999999996,move,improve
11800,16,2348.6199999999994,16,2347.4799999999996,2opt,notBad
11801,16,2348.6199999999994,16,2347.4799999999996,2opt,notBad
11802,16,2348.6199999999994,16,2347.4799999999996,swap,notBad
11803,16,2348.6199999999994,16,2347.4799999999996,swap,notBad
11804,16,2348.6199999999994,16,2347.4799999999996,2opt,notBad
11805,16,2348.6199999999994,16,2347.4799999999996,2opt,notBad
11806,16,2348.6199999999994,16,2347.4799999999996,move,improve
11807,16,2348.6199999999994,16,2347.4799999999996,move,improve
11808,16,2348.6199999999994,16,2347.4799999999996,2opt,notBad
11809,16,2348.6199999999994,16,2347.4799999999996,2opt,notBad
11810,16,2348.6199999999994,16,2347.4799999999996,2opt,notBad
11811,16,2348.6199999999994,16,2347.4799999999996,move,improve
11812,16,2348.6199999999994,16,2347.4799999999996,2opt,notBad
11813,16,2348.6199999999994,16,2347.4799999999996,swap,notBad
11814,16,2348.6199999999994,16,2347.4799999999996,swap,notBad
11815,16,2348.6199999999994,16,2347.4799999999996,move,improve
11816,16,2348.6199999999994,16,2347.4799999999996,2opt,notBad
11817,16,2348.6199999999994,16,2347.4799999999996,move,improve
11818,16,2348.6199999999994,16,2347.4799999999996,2opt,notBad
11819,16,2348.6199999999994,16,2347.4799999999996,move,improve
11820,16,2348.6199999999994,16,2347.4799999999996,swap,notBad
11821,16,2348.6199999999994,16,2347.4799999999996,2opt,notBad
11822,16,2348.6199999999994,16,2347.4799999999996,2opt,notBad
11823,16,2348.6199999999994,16,2347.4799999999996,swap,notBad
11824,16,2348.6199999999994,16,2347.4799999999996,2opt,notBad
11825,16,2348.6199999999994,16,2347.4799999999996,swap,notBad
11826,16,2348.6199999999994,16,2347.4799999999996,swap,notBad
11827,16,2348.6199999999994,16,2347.4799999999996,swap,notBad
11828,16,2348.6199999999994,16,2347.4799999999996,move,improve
11829,16,2348.6199999999994,16,2347.4799999999996,move,improve
11830,16,2348.6199999999994,16,2347.4799999999996,move,improve
11831,16,2348.6199999999994,16,2347.4799999999996,2opt,notBad
11832,16,2348.6199999999994,16,2347.4799999999996,swap,notBad
11833,16,2348.6199999999994,16,2347.4799999999996,swap,notBad
11834,16,2348.6199999999994,16,2347.4799999999996,swap,notBad
11835,16,2348.6199999999994,16,2347.4799999999996,swap,notBad
11836,16,2348.6199999999994,16,2347.4799999999996,move,improve
11837,16,2348.6199999999994,16,2347.4799999999996,swap,notBad
11838,16,2348.4999999999995,16,2347.4799999999996,move,improve
11839,16,2348.4999999999995,16,2347.4799999999996,swap,notBad
11840,16,2348.4999999999995,16,2347.4799999999996,swap,notBad
11841,16,2348.4999999999995,16,2347.4799999999996,2opt,notBad
11842,16,2348.4999999999995,16,2347.4799999999996,2opt,notBad
11843,16,2348.4999999999995,16,2347.4799999999996,move,improve
11844,16,2348.4999999999995,16,2347.4799999999996,swap,notBad
11845,16,2348.4999999999995,16,2347.4799999999996,move,improve
11846,16,2348.4999999999995,16,2347.4799999999996,move,improve
11847,16,2348.4999999999995,16,2347.4799999999996,move,improve
11848,16,2348.4999999999995,16,2347.4799999999996,2opt,notBad
11849,16,2348.4999999999995,16,2347.4799999999996,move,improve
11850,16,2348.4999999999995,16,2347.4799999999996,move,improve
11851,16,2348.4999999999995,16,2347.4799999999996,2opt,notBad
11852,16,2348.4999999999995,16,2347.4799999999996,swap,notBad
11853,16,2348.4999999999995,16,2347.4799999999996,move,improve
11854,16,2348.4999999999995,16,2347.4799999999996,2opt,improve
11855,16,2348.4999999999995,16,2347.4799999999996,swap,notBad
11856,16,2348.4999999999995,16,2347.4799999999996,swap,notBad
11857,16,2348.4999999999995,16,2347.4799999999996,2opt,notBad
11858,16,2348.4999999999995,16,2347.4799999999996,swap,notBad
11859,16,2348.4999999999995,16,2347.4799999999996,move,improve
11860,16,2348.4999999999995,16,2347.4799999999996,swap,notBad
11861,16,2348.4999999999995,16,2347.4799999999996,swap,notBad
11862,16,2348.4999999999995,16,2347.4799999999996,swap,notBad
11863,16,2348.4999999999995,16,2347.4799999999996,swap,notBad
11864,16,2348.4999999999995,16,2347.4799999999996,swap,notBad
11865,16,2348.4999999999995,16,2347.4799999999996,2opt,notBad
11866,16,2348.4999999999995,16,2347.4799999999996,move,improve
11867,16,2348.4999999999995,16,2347.4799999999996,swap,notBad
11868,16,2348.4999999999995,16,2347.4799999999996,move,improve
11869,16,2348.4999999999995,16,2347.4799999999996,2opt,notBad
11870,16,2348.4999999999995,16,2347.4799999999996,2opt,notBad
11871,16,2349.2799999999997,16,2347.4799999999996,swap,acceptBad
11872,16,2348.4999999999995,16,2347.4799999999996,swap,improve
11873,16,2348.4999999999995,16,2347.4799999999996,swap,notBad
11874,16,2348.4999999999995,16,2347.4799999999996,2opt,notBad
11875,16,2348.4999999999995,16,2347.4799999999996,move,improve
11876,16,2348.4999999999995,16,2347.4799999999996,move,improve
11877,16,2348.4999999999995,16,2347.4799999999996,2opt,notBad
11878,16,2348.4999999999995,16,2347.4799999999996,move,improve
11879,16,2348.4999999999995,16,2347.4799999999996,swap,notBad
11880,16,2348.4999999999995,16,2347.4799999999996,2opt,notBad
11881,16,2348.4999999999995,16,2347.4799999999996,swap,notBad
11882,16,2348.4999999999995,16,2347.4799999999996,move,improve
11883,16,2348.4999999999995,16,2347.4799999999996,move,improve
11884,16,2348.4999999999995,16,2347.4799999999996,2opt,notBad
11885,16,2348.4999999999995,16,2347.4799999999996,swap,notBad
11886,16,2348.4999999999995,16,2347.4799999999996,2opt,improve
11887,16,2348.4999999999995,16,2347.4799999999996,2opt,notBad
11888,16,2348.4999999999995,16,2347.4799999999996,move,improve
11889,16,2348.4999999999995,16,2347.4799999999996,swap,notBad
11890,16,2348.4999999999995,16,2347.4799999999996,swap,notBad
11891,16,2348.4999999999995,16,2347.4799999999996,2opt,notBad
11892,16,2348.4999999999995,16,2347.4799999999996,move,improve
11893,16,2348.4999999999995,16,2347.4799999999996,swap,notBad
11894,16,2348.4999999999995,16,2347.4799999999996,swap,notBad
11895,16,2348.4999999999995,16,2347.4799999999996,swap,notBad
11896,16,2348.4999999999995,16,2347.4799999999996,swap,notBad
11897,16,2348.4999999999995,16,2347.4799999999996,2opt,notBad
11898,16,2348.4999999999995,16,2347.4799999999996,2opt,notBad
11899,16,2348.4999999999995,16,2347.4799999999996,move,improve
11900,16,2348.4999999999995,16,2347.4799999999996,move,improve
11901,16,2348.4999999999995,16,2347.4799999999996,2opt,notBad
11902,16,2348.4999999999995,16,2347.4799999999996,2opt,notBad
11903,16,2348.4999999999995,16,2347.4799999999996,2opt,notBad
11904,16,2348.4999999999995,16,2347.4799999999996,swap,notBad
11905,16,2348.4999999999995,16,2347.4799999999996,2opt,notBad
11906,16,2348.4999999999995,16,2347.4799999999996,move,improve
11907,16,2348.4999999999995,16,2347.4799999999996,2opt,notBad
11908,16,2348.4999999999995,16,2347.4799999999996,2opt,notBad
11909,16,2348.4999999999995,16,2347.4799999999996,2opt,notBad
11910,16,2348.4999999999995,16,2347.4799999999996,swap,notBad
11911,16,2348.4999999999995,16,2347.4799999999996,swap,notBad
11912,16,2348.4999999999995,16,2347.4799999999996,swap,notBad
11913,16,2348.4999999999995,16,2347.4799999999996,swap,notBad
11914,16,2348.4999999999995,16,2347.4799999999996,2opt,notBad
11915,16,2348.4999999999995,16,2347.4799999999996,swap,notBad
11916,16,2348.4999999999995,16,2347.4799999999996,swap,notBad
11917,16,2348.4999999999995,16,2347.4799999999996,2opt,improve
11918,16,2348.4999999999995,16,2347.4799999999996,move,improve
11919,16,2348.4999999999995,16,2347.4799999999996,move,improve
11920,16,2348.4999999999995,16,2347.4799999999996,move,improve
11921,16,2348.4999999999995,16,2347.4799999999996,2opt,notBad
11922,16,2348.4999999999995,16,2347.4799999999996,move,improve
11923,16,2348.4999999999995,16,2347.4799999999996,2opt,improve
11924,16,2348.4999999999995,16,2347.4799999999996,swap,notBad
11925,16,2348.4999999999995,16,2347.4799999999996,2opt,notBad
11926,16,2348.4999999999995,16,2347.4799999999996,2opt,improve
11927,16,2348.4999999999995,16,2347.4799999999996,swap,notBad
11928,16,2348.4999999999995,16,2347.4799999999996,move,improve
11929,16,2348.4999999999995,16,2347.4799999999996,swap,notBad
11930,16,2348.4999999999995,16,2347.4799999999996,move,improve
11931,16,2348.4999999999995,16,2347.4799999999996,2opt,notBad
11932,16,2348.4999999999995,16,2347.4799999999996,move,improve
11933,16,2348.4999999999995,16,2347.4799999999996,move,improve
11934,16,2348.4999999999995,16,2347.4799999999996,2opt,notBad
11935,16,2348.4999999999995,16,2347.4799999999996,2opt,notBad
11936,16,2348.4999999999995,16,2347.4799999999996,2opt,notBad
11937,16,2348.4999999999995,16,2347.4799999999996,move,improve
11938,16,2348.4999999999995,16,2347.4799999999996,swap,notBad
11939,16,2348.4999999999995,16,2347.4799999999996,swap,notBad
11940,16,2348.4999999999995,16,2347.4799999999996,2opt,notBad
11941,16,2348.4999999999995,16,2347.4799999999996,move,improve
11942,16,2348.4999999999995,16,2347.4799999999996,2opt,notBad
11943,16,2348.4999999999995,16,2347.4799999999996,swap,notBad
11944,16,2348.4999999999995,16,2347.4799999999996,2opt,notBad
11945,16,2348.4999999999995,16,2347.4799999999996,swap,notBad
11946,16,2348.4999999999995,16,2347.4799999999996,2opt,improve
11947,16,2348.4999999999995,16,2347.4799999999996,move,improve
11948,16,2348.4999999999995,16,2347.4799999999996,swap,notBad
11949,16,2348.4999999999995,16,2347.4799999999996,swap,notBad
11950,16,2348.4999999999995,16,2347.4799999999996,swap,notBad
11951,16,2348.4999999999995,16,2347.4799999999996,move,improve
11952,16,2348.4999999999995,16,2347.4799999999996,2opt,improve
11953,16,2348.4999999999995,16,2347.4799999999996,swap,notBad
11954,16,2348.4999999999995,16,2347.4799999999996,swap,notBad
11955,16,2348.4999999999995,16,2347.4799999999996,2opt,notBad
11956,16,2348.4999999999995,16,2347.4799999999996,move,improve
11957,16,2348.4999999999995,16,2347.4799999999996,move,improve
11958,16,2348.4999999999995,16,2347.4799999999996,2opt,notBad
11959,16,2348.4999999999995,16,2347.4799999999996,swap,notBad
11960,16,2348.4999999999995,16,2347.4799999999996,move,improve
11961,16,2348.4999999999995,16,2347.4799999999996,2opt,notBad
11962,16,2348.4999999999995,16,2347.4799999999996,swap,notBad
11963,16,2348.4999999999995,16,2347.4799999999996,move,improve
11964,16,2348.4999999999995,16,2347.4799999999996,swap,notBad
11965,16,2348.4999999999995,16,2347.4799999999996,swap,notBad
11966,16,2348.4999999999995,16,2347.4799999999996,2opt,notBad
11967,16,2348.4999999999995,16,2347.4799999999996,move,improve
11968,16,2348.4999999999995,16,2347.4799999999996,2opt,notBad
11969,16,2348.4999999999995,16,2347.4799999999996,swap,notBad
11970,16,2348.4999999999995,16,2347.4799999999996,2opt,notBad
11971,16,2348.4999999999995,16,2347.4799999999996,swap,notBad
11972,16,2348.4999999999995,16,2347.4799999999996,swap,notBad
11973,16,2348.4999999999995,16,2347.4799999999996,2opt,notBad
11974,16,2348.4999999999995,16,2347.4799999999996,2opt,improve
11975,16,2348.4999999999995,16,2347.4799999999996,move,improve
11976,16,2348.4999999999995,16,2347.4799999999996,move,improve
11977,16,2348.4999999999995,16,2347.4799999999996,swap,notBad
11978,16,2348.4999999999995,16,2347.4799999999996,swap,notBad
11979,16,2348.4999999999995,16,2347.4799999999996,move,improve
11980,16,2348.4999999999995,16,2347.4799999999996,swap,notBad
11981,16,2348.4999999999995,16,2347.4799999999996,swap,notBad
11982,16,2348.4999999999995,16,2347.4799999999996,move,improve
11983,16,2348.4999999999995,16,2347.4799999999996,2opt,notBad
11984,16,2348.4999999999995,16,2347.4799999999996,move,improve
11985,16,2348.4999999999995,16,2347.4799999999996,2opt,notBad
11986,16,2348.4999999999995,16,2347.4799999999996,swap,notBad
11987,16,2348.4999999999995,16,2347.4799999999996,2opt,notBad
11988,16,2348.4999999999995,16,2347.4799999999996,swap,notBad
11989,16,2348.4999999999995,16,2347.4799999999996,move,improve
11990,16,2348.4999999999995,16,2347.4799999999996,2opt,notBad
11991,16,2348.4999999999995,16,2347.4799999999996,move,improve
11992,16,2348.4999999999995,16,2347.4799999999996,swap,notBad
11993,16,2348.4999999999995,16,2347.4799999999996,2opt,notBad
11994,16,2348.4999999999995,16,2347.4799999999996,2opt,notBad
11995,16,2348.4999999999995,16,2347.4799999999996,move,improve
11996,16,2348.4999999999995,16,2347.4799999999996,move,improve
11997,16,2348.4999999999995,16,2347.4799999999996,swap,notBad
11998,16,2348.4999999999995,16,2347.4799999999996,swap,notBad
11999,16,2348.4999999999995,16,2347.4799999999996,2opt,notBad
12000,16,2348.4999999999995,16,2347.4799999999996,2opt,notBad
12001,16,2348.4999999999995,16,2347.4799999999996,swap,notBad
12002,16,2348.4999999999995,16,2347.4799999999996,2opt,notBad
12003,16,2348.4999999999995,16,2347.4799999999996,swap,notBad
12004,16,2348.4999999999995,16,2347.4799999999996,swap,notBad
12005,16,2348.4999999999995,16,2347.4799999999996,swap,notBad
12006,16,2348.4999999999995,16,2347.4799999999996,swap,notBad
12007,16,2348.4999999999995,16,2347.4799999999996,2opt,notBad
12008,16,2348.4999999999995,16,2347.4799999999996,swap,notBad
12009,16,2348.4999999999995,16,2347.4799999999996,swap,notBad
12010,16,2348.4999999999995,16,2347.4799999999996,2opt,improve
12011,16,2348.4999999999995,16,2347.4799999999996,2opt,notBad
12012,16,2348.4999999999995,16,2347.4799999999996,move,improve
12013,16,2348.4999999999995,16,2347.4799999999996,swap,notBad
12014,16,2348.4999999999995,16,2347.4799999999996,move,improve
12015,16,2348.4999999999995,16,2347.4799999999996,move,improve
12016,16,2348.4999999999995,16,2347.4799999999996,swap,notBad
12017,16,2348.4999999999995,16,2347.4799999999996,2opt,notBad
12018,16,2348.4999999999995,16,2347.4799999999996,2opt,notBad
12019,16,2348.4999999999995,16,2347.4799999999996,2opt,notBad
12020,16,2348.4999999999995,16,2347.4799999999996,swap,notBad
12021,16,2348.4999999999995,16,2347.4799999999996,2opt,notBad
12022,16,2348.4999999999995,16,2347.4799999999996,2opt,notBad
12023,16,2348.4999999999995,16,2347.4799999999996,move,improve
12024,16,2348.4999999999995,16,2347.4799999999996,move,improve
12025,16,2348.4999999999995,16,2347.4799999999996,swap,notBad
12026,16,2348.4999999999995,16,2347.4799999999996,move,improve
12027,16,2348.4999999999995,16,2347.4799999999996,2opt,notBad
12028,16,2348.4999999999995,16,2347.4799999999996,2opt,improve
12029,16,2348.4999999999995,16,2347.4799999999996,move,improve
12030,16,2348.4999999999995,16,2347.4799999999996,2opt,improve
12031,16,2348.4999999999995,16,2347.4799999999996,swap,notBad
12032,16,2348.4999999999995,16,2347.4799999999996,2opt,notBad
12033,16,2348.4999999999995,16,2347.4799999999996,move,improve
12034,16,2348.4999999999995,16,2347.4799999999996,2opt,notBad
12035,16,2348.4999999999995,16,2347.4799999999996,2opt,notBad
12036,16,2348.4999999999995,16,2347.4799999999996,2opt,notBad
12037,16,2348.4999999999995,16,2347.4799999999996,swap,notBad
12038,16,2348.4999999999995,16,2347.4799999999996,2opt,notBad
12039,16,2348.4999999999995,16,2347.4799999999996,move,improve
12040,16,2348.4999999999995,16,2347.4799999999996,move,improve
12041,16,2348.4999999999995,16,2347.4799999999996,swap,notBad
12042,16,2348.4999999999995,16,2347.4799999999996,swap,notBad
12043,16,2348.4999999999995,16,2347.4799999999996,2opt,notBad
12044,16,2348.4999999999995,16,2347.4799999999996,move,improve
12045,16,2348.4999999999995,16,2347.4799999999996,swap,notBad
12046,16,2348.4999999999995,16,2347.4799999999996,move,improve
12047,16,2348.4999999999995,16,2347.4799999999996,2opt,notBad
12048,16,2348.4999999999995,16,2347.4799999999996,swap,notBad
12049,16,2348.4999999999995,16,2347.4799999999996,move,improve
12050,16,2348.4999999999995,16,2347.4799999999996,2opt,notBad
12051,16,2348.4999999999995,16,2347.4799999999996,swap,notBad
12052,16,2348.4999999999995,16,2347.4799999999996,2opt,notBad
12053,16,2348.4999999999995,16,2347.4799999999996,2opt,improve
12054,16,2348.4999999999995,16,2347.4799999999996,swap,notBad
12055,16,2348.4999999999995,16,2347.4799999999996,2opt,improve
12056,16,2348.4999999999995,16,2347.4799999999996,2opt,notBad
12057,16,2348.4999999999995,16,2347.4799999999996,swap,notBad
12058,16,2348.4999999999995,16,2347.4799999999996,2opt,notBad
12059,16,2348.4999999999995,16,2347.4799999999996,2opt,notBad
12060,16,2348.6799999999994,16,2347.4799999999996,swap,acceptBad
12061,16,2348.6799999999994,16,2347.4799999999996,swap,notBad
12062,16,2348.6799999999994,16,2347.4799999999996,swap,notBad
12063,16,2348.6799999999994,16,2347.4799999999996,swap,notBad
12064,16,2348.6799999999994,16,2347.4799999999996,swap,notBad
12065,16,2348.6799999999994,16,2347.4799999999996,2opt,notBad
12066,16,2348.6799999999994,16,2347.4799999999996,swap,notBad
12067,16,2348.6799999999994,16,2347.4799999999996,swap,notBad
12068,16,2348.6799999999994,16,2347.4799999999996,move,improve
12069,16,2348.6799999999994,16,2347.4799999999996,move,improve
12070,16,2348.6799999999994,16,2347.4799999999996,2opt,notBad
12071,16,2348.6799999999994,16,2347.4799999999996,2opt,notBad
12072,16,2348.6799999999994,16,2347.4799999999996,move,improve
12073,16,2348.6799999999994,16,2347.4799999999996,2opt,notBad
12074,16,2348.6799999999994,16,2347.4799999999996,2opt,improve
12075,16,2348.6799999999994,16,2347.4799999999996,swap,notBad
12076,16,2348.6799999999994,16,2347.4799999999996,swap,notBad
12077,16,2348.6799999999994,16,2347.4799999999996,move,improve
12078,16,2348.6799999999994,16,2347.4799999999996,swap,notBad
12079,16,2348.6799999999994,16,2347.4799999999996,swap,notBad
12080,16,2348.6799999999994,16,2347.4799999999996,2opt,notBad
12081,16,2348.6799999999994,16,2347.4799999999996,swap,notBad
12082,16,2348.6799999999994,16,2347.4799999999996,move,improve
12083,16,2348.6799999999994,16,2347.4799999999996,move,improve
12084,16,2348.6799999999994,16,2347.4799999999996,swap,notBad
12085,16,2348.6799999999994,16,2347.4799999999996,2opt,notBad
12086,16,2348.6799999999994,16,2347.4799999999996,2opt,notBad
12087,16,2348.6799999999994,16,2347.4799999999996,move,improve
12088,16,2348.6799999999994,16,2347.4799999999996,move,improve
12089,16,2348.6799999999994,16,2347.4799999999996,2opt,notBad
12090,16,2348.6799999999994,16,2347.4799999999996,swap,notBad
12091,16,2348.6799999999994,16,2347.4799999999996,move,improve
12092,16,2348.6799999999994,16,2347.4799999999996,swap,notBad
12093,16,2348.6799999999994,16,2347.4799999999996,2opt,notBad
12094,16,2348.6799999999994,16,2347.4799999999996,2opt,notBad
12095,16,2348.6799999999994,16,2347.4799999999996,2opt,notBad
12096,16,2348.6799999999994,16,2347.4799999999996,2opt,improve
12097,16,2348.6799999999994,16,2347.4799999999996,swap,notBad
12098,16,2348.6799999999994,16,2347.4799999999996,move,improve
12099,16,2348.6799999999994,16,2347.4799999999996,swap,notBad
12100,16,2348.6799999999994,16,2347.4799999999996,swap,notBad
12101,16,2348.6799999999994,16,2347.4799999999996,move,improve
12102,16,2348.6799999999994,16,2347.4799999999996,2opt,notBad
12103,16,2348.6799999999994,16,2347.4799999999996,swap,notBad
12104,16,2348.6799999999994,16,2347.4799999999996,swap,notBad
12105,16,2348.6799999999994,16,2347.4799999999996,2opt,notBad
12106,16,2348.6799999999994,16,2347.4799999999996,2opt,notBad
12107,16,2348.6799999999994,16,2347.4799999999996,swap,notBad
12108,16,2348.6799999999994,16,2347.4799999999996,move,improve
12109,16,2348.6799999999994,16,2347.4799999999996,swap,notBad
12110,16,2348.6799999999994,16,2347.4799999999996,2opt,notBad
12111,16,2348.6799999999994,16,2347.4799999999996,swap,notBad
12112,16,2348.6799999999994,16,2347.4799999999996,swap,notBad
12113,16,2348.6799999999994,16,2347.4799999999996,2opt,notBad
12114,16,2348.6799999999994,16,2347.4799999999996,swap,notBad
12115,16,2348.6799999999994,16,2347.4799999999996,swap,notBad
12116,16,2348.6799999999994,16,2347.4799999999996,move,improve
12117,16,2348.6799999999994,16,2347.4799999999996,2opt,notBad
12118,16,2348.6799999999994,16,2347.4799999999996,swap,notBad
12119,16,2348.6799999999994,16,2347.4799999999996,2opt,notBad
12120,16,2348.6799999999994,16,2347.4799999999996,move,improve
12121,16,2348.6799999999994,16,2347.4799999999996,move,improve
12122,16,2348.6799999999994,16,2347.4799999999996,swap,notBad
12123,16,2348.6799999999994,16,2347.4799999999996,swap,notBad
12124,16,2348.6799999999994,16,2347.4799999999996,move,improve
12125,16,2348.6799999999994,16,2347.4799999999996,move,improve
12126,16,2348.6799999999994,16,2347.4799999999996,move,improve
12127,16,2348.6799999999994,16,2347.4799999999996,2opt,notBad
12128,16,2348.6799999999994,16,2347.4799999999996,swap,notBad
12129,16,2348.6799999999994,16,2347.4799999999996,swap,notBad
12130,16,2348.6799999999994,16,2347.4799999999996,move,improve
12131,16,2348.6799999999994,16,2347.4799999999996,move,improve
12132,16,2348.6799999999994,16,2347.4799999999996,swap,notBad
12133,16,2348.6799999999994,16,2347.4799999999996,2opt,notBad
12134,16,2348.6799999999994,16,2347.4799999999996,move,improve
12135,16,2348.6799999999994,16,2347.4799999999996,move,improve
12136,16,2348.6799999999994,16,2347.4799999999996,2opt,notBad
12137,16,2348.6799999999994,16,2347.4799999999996,2opt,notBad
12138,16,2348.6799999999994,16,2347.4799999999996,move,improve
12139,16,2348.6799999999994,16,2347.4799999999996,swap,notBad
12140,16,2348.6799999999994,16,2347.4799999999996,move,improve
12141,16,2348.6799999999994,16,2347.4799999999996,move,improve
12142,16,2348.6799999999994,16,2347.4799999999996,2opt,notBad
12143,16,2348.6799999999994,16,2347.4799999999996,move,improve
12144,16,2348.6799999999994,16,2347.4799999999996,swap,notBad
12145,16,2348.6799999999994,16,2347.4799999999996,swap,notBad
12146,16,2348.6799999999994,16,2347.4799999999996,2opt,notBad
12147,16,2348.6799999999994,16,2347.4799999999996,move,improve
12148,16,2348.4999999999995,16,2347.4799999999996,move,improve
12149,16,2348.4999999999995,16,2347.4799999999996,move,improve
12150,16,2348.4999999999995,16,2347.4799999999996,move,improve
12151,16,2348.4999999999995,16,2347.4799999999996,move,improve
12152,16,2348.4999999999995,16,2347.4799999999996,2opt,improve
12153,16,2348.4999999999995,16,2347.4799999999996,swap,notBad
12154,16,2348.4999999999995,16,2347.4799999999996,swap,notBad
12155,16,2348.4999999999995,16,2347.4799999999996,2opt,notBad
12156,16,2348.4999999999995,16,2347.4799999999996,move,improve
12157,16,2348.4999999999995,16,2347.4799999999996,move,improve
12158,16,2348.4999999999995,16,2347.4799999999996,2opt,notBad
12159,16,2348.4999999999995,16,2347.4799999999996,2opt,notBad
12160,16,2348.4999999999995,16,2347.4799999999996,2opt,notBad
12161,16,2348.4999999999995,16,2347.4799999999996,move,improve
12162,16,2348.4999999999995,16,2347.4799999999996,swap,notBad
12163,16,2348.4999999999995,16,2347.4799999999996,2opt,notBad
12164,16,2348.4999999999995,16,2347.4799999999996,2opt,notBad
12165,16,2348.4999999999995,16,2347.4799999999996,move,improve
12166,16,2348.4999999999995,16,2347.4799999999996,move,improve
12167,16,2348.4999999999995,16,2347.4799999999996,swap,notBad
12168,16,2348.4999999999995,16,2347.4799999999996,2opt,notBad
12169,16,2348.4999999999995,16,2347.4799999999996,swap,notBad
12170,16,2348.4999999999995,16,2347.4799999999996,2opt,notBad
12171,16,2348.4999999999995,16,2347.4799999999996,2opt,notBad
12172,16,2348.4999999999995,16,2347.4799999999996,move,improve
12173,16,2348.4999999999995,16,2347.4799999999996,move,improve
12174,16,2348.4999999999995,16,2347.4799999999996,2opt,notBad
12175,16,2348.4999999999995,16,2347.4799999999996,2opt,notBad
12176,16,2348.4999999999995,16,2347.4799999999996,move,improve
12177,16,2348.4999999999995,16,2347.4799999999996,2opt,notBad
12178,16,2348.4999999999995,16,2347.4799999999996,move,improve
12179,16,2348.4999999999995,16,2347.4799999999996,move,improve
12180,16,2348.4999999999995,16,2347.4799999999996,move,improve
12181,16,2348.4999999999995,16,2347.4799999999996,2opt,notBad
12182,16,2348.4999999999995,16,2347.4799999999996,swap,notBad
12183,16,2348.4999999999995,16,2347.4799999999996,swap,notBad
12184,16,2348.4999999999995,16,2347.4799999999996,move,improve
12185,16,2348.4999999999995,16,2347.4799999999996,swap,notBad
12186,16,2348.4999999999995,16,2347.4799999999996,2opt,notBad
12187,16,2348.4999999999995,16,2347.4799999999996,2opt,notBad
12188,16,2348.4999999999995,16,2347.4799999999996,move,improve
12189,16,2348.4999999999995,16,2347.4799999999996,swap,notBad
12190,16,2348.4999999999995,16,2347.4799999999996,swap,notBad
12191,16,2348.4999999999995,16,2347.4799999999996,2opt,notBad
12192,16,2348.4999999999995,16,2347.4799999999996,move,improve
12193,16,2348.4999999999995,16,2347.4799999999996,move,improve
12194,16,2348.4999999999995,16,2347.4799999999996,2opt,notBad
12195,16,2348.4999999999995,16,2347.4799999999996,move,improve
12196,16,2348.4999999999995,16,2347.4799999999996,2opt,notBad
12197,16,2348.4999999999995,16,2347.4799999999996,move,improve
12198,16,2348.4999999999995,16,2347.4799999999996,swap,notBad
12199,16,2348.4999999999995,16,2347.4799999999996,swap,notBad
12200,16,2348.4999999999995,16,2347.4799999999996,swap,notBad
12201,16,2348.4999999999995,16,2347.4799999999996,move,improve
12202,16,2348.4999999999995,16,2347.4799999999996,swap,notBad
12203,16,2348.4999999999995,16,2347.4799999999996,move,improve
12204,16,2348.4999999999995,16,2347.4799999999996,move,improve
12205,16,2348.4999999999995,16,2347.4799999999996,swap,notBad
12206,16,2348.4999999999995,16,2347.4799999999996,move,improve
12207,16,2348.4999999999995,16,2347.4799999999996,swap,notBad
12208,16,2348.4999999999995,16,2347.4799999999996,swap,notBad
12209,16,2348.4999999999995,16,2347.4799999999996,2opt,notBad
12210,16,2348.4999999999995,16,2347.4799999999996,swap,notBad
12211,16,2348.4999999999995,16,2347.4799999999996,2opt,improve
12212,16,2348.4999999999995,16,2347.4799999999996,swap,notBad
12213,16,2348.4999999999995,16,2347.4799999999996,swap,notBad
12214,16,2348.4999999999995,16,2347.4799999999996,2opt,notBad
12215,16,2348.4999999999995,16,2347.4799999999996,move,improve
12216,16,2348.4999999999995,16,2347.4799999999996,move,improve
12217,16,2348.4999999999995,16,2347.4799999999996,swap,notBad
12218,16,2348.4999999999995,16,2347.4799999999996,2opt,notBad
12219,16,2348.4999999999995,16,2347.4799999999996,2opt,notBad
12220,16,2348.4999999999995,16,2347.4799999999996,2opt,notBad
12221,16,2348.4999999999995,16,2347.4799999999996,move,improve
12222,16,2348.4999999999995,16,2347.4799999999996,move,improve
12223,16,2348.4999999999995,16,2347.4799999999996,move,improve
12224,16,2348.4999999999995,16,2347.4799999999996,swap,notBad
12225,16,2348.4999999999995,16,2347.4799999999996,2opt,notBad
12226,16,2348.4999999999995,16,2347.4799999999996,move,improve
12227,16,2348.4999999999995,16,2347.4799999999996,2opt,notBad
12228,16,2348.4999999999995,16,2347.4799999999996,move,improve
12229,16,2348.4999999999995,16,2347.4799999999996,2opt,notBad
12230,16,2348.4999999999995,16,2347.4799999999996,move,improve
12231,16,2348.4999999999995,16,2347.4799999999996,swap,notBad
12232,16,2348.4999999999995,16,2347.4799999999996,swap,notBad
12233,16,2348.4999999999995,16,2347.4799999999996,2opt,notBad
12234,16,2348.4999999999995,16,2347.4799999999996,2opt,notBad
12235,16,2348.4999999999995,16,2347.4799999999996,2opt,notBad
12236,16,2348.4999999999995,16,2347.4799999999996,swap,notBad
12237,16,2348.4999999999995,16,2347.4799999999996,2opt,notBad
12238,16,2348.4999999999995,16,2347.4799999999996,2opt,notBad
12239,16,2348.4999999999995,16,2347.4799999999996,2opt,notBad
12240,16,2348.4999999999995,16,2347.4799999999996,2opt,notBad
12241,16,2348.4999999999995,16,2347.4799999999996,2opt,improve
12242,16,2348.4999999999995,16,2347.4799999999996,move,improve
12243,16,2348.4999999999995,16,2347.4799999999996,move,improve
12244,16,2348.4999999999995,16,2347.4799999999996,2opt,notBad
12245,16,2348.4999999999995,16,2347.4799999999996,swap,notBad
12246,16,2348.4999999999995,16,2347.4799999999996,move,improve
12247,16,2348.4999999999995,16,2347.4799999999996,2opt,notBad
12248,16,2348.4999999999995,16,2347.4799999999996,2opt,notBad
12249,16,2348.4999999999995,16,2347.4799999999996,move,improve
12250,16,2348.4999999999995,16,2347.4799999999996,move,improve
12251,16,2348.7799999999997,16,2347.4799999999996,swap,acceptBad
12252,16,2348.7799999999997,16,2347.4799999999996,swap,notBad
12253,16,2348.7799999999997,16,2347.4799999999996,swap,notBad
12254,16,2348.7799999999997,16,2347.4799999999996,2opt,improve
12255,16,2348.7799999999997,16,2347.4799999999996,swap,notBad
12256,16,2348.7799999999997,16,2347.4799999999996,move,improve
12257,16,2348.7799999999997,16,2347.4799999999996,move,improve
12258,16,2348.7799999999997,16,2347.4799999999996,swap,notBad
12259,16,2348.7799999999997,16,2347.4799999999996,move,improve
12260,16,2348.7799999999997,16,2347.4799999999996,swap,notBad
12261,16,2348.7799999999997,16,2347.4799999999996,move,improve
12262,16,2348.7799999999997,16,2347.4799999999996,move,improve
12263,16,2348.7799999999997,16,2347.4799999999996,2opt,notBad
12264,16,2348.7799999999997,16,2347.4799999999996,2opt,notBad
12265,16,2348.7799999999997,16,2347.4799999999996,swap,notBad
12266,16,2348.7799999999997,16,2347.4799999999996,move,improve
12267,16,2348.7799999999997,16,2347.4799999999996,2opt,notBad
12268,16,2348.7799999999997,16,2347.4799999999996,2opt,notBad
12269,16,2348.7799999999997,16,2347.4799999999996,swap,notBad
12270,16,2348.7799999999997,16,2347.4799999999996,swap,notBad
12271,16,2348.7799999999997,16,2347.4799999999996,swap,notBad
12272,16,2348.7799999999997,16,2347.4799999999996,move,improve
12273,16,2348.7799999999997,16,2347.4799999999996,2opt,notBad
12274,16,2348.7799999999997,16,2347.4799999999996,move,improve
12275,16,2348.7799999999997,16,2347.4799999999996,move,improve
12276,16,2348.7799999999997,16,2347.4799999999996,2opt,notBad
12277,16,2348.7799999999997,16,2347.4799999999996,2opt,notBad
12278,16,2348.7799999999997,16,2347.4799999999996,swap,notBad
12279,16,2348.7799999999997,16,2347.4799999999996,move,improve
12280,16,2348.7799999999997,16,2347.4799999999996,swap,notBad
12281,16,2348.7799999999997,16,2347.4799999999996,2opt,notBad
12282,16,2348.7799999999997,16,2347.4799999999996,move,improve
12283,16,2348.7799999999997,16,2347.4799999999996,move,improve
12284,16,2349.6799999999994,16,2347.4799999999996,swap,acceptBad
12285,16,2349.6799999999994,16,2347.4799999999996,swap,notBad
12286,16,2349.6799999999994,16,2347.4799999999996,swap,notBad
12287,16,2349.6799999999994,16,2347.4799999999996,swap,notBad
12288,16,2349.6799999999994,16,2347.4799999999996,swap,notBad
12289,16,2349.6799999999994,16,2347.4799999999996,swap,notBad
12290,16,2349.6799999999994,16,2347.4799999999996,2opt,notBad
12291,16,2349.6799999999994,16,2347.4799999999996,2opt,notBad
12292,16,2349.6799999999994,16,2347.4799999999996,2opt,notBad
12293,16,2349.6799999999994,16,2347.4799999999996,move,improve
12294,16,2349.6799999999994,16,2347.4799999999996,move,improve
12295,16,2349.6799999999994,16,2347.4799999999996,swap,notBad
12296,16,2349.6799999999994,16,2347.4799999999996,2opt,notBad
12297,16,2349.6799999999994,16,2347.4799999999996,swap,notBad
12298,16,2349.6799999999994,16,2347.4799999999996,2opt,notBad
12299,16,2349.6799999999994,16,2347.4799999999996,move,improve
12300,16,2349.6799999999994,16,2347.4799999999996,move,improve
12301,16,2349.6799999999994,16,2347.4799999999996,move,improve
12302,16,2349.6799999999994,16,2347.4799999999996,move,improve
12303,16,2349.6799999999994,16,2347.4799999999996,swap,notBad
12304,16,2349.6799999999994,16,2347.4799999999996,2opt,notBad
12305,16,2349.6799999999994,16,2347.4799999999996,swap,notBad
12306,16,2349.6799999999994,16,2347.4799999999996,2opt,notBad
12307,16,2349.6799999999994,16,2347.4799999999996,move,improve
12308,16,2349.6799999999994,16,2347.4799999999996,move,improve
12309,16,2349.6799999999994,16,2347.4799999999996,move,improve
12310,16,2349.6799999999994,16,2347.4799999999996,2opt,notBad
12311,16,2349.6799999999994,16,2347.4799999999996,swap,notBad
12312,16,2349.6799999999994,16,2347.4799999999996,2opt,notBad
12313,16,2349.6799999999994,16,2347.4799999999996,move,improve
12314,16,2349.6799999999994,16,2347.4799999999996,2opt,notBad
12315,16,2349.6799999999994,16,2347.4799999999996,2opt,notBad
12316,16,2349.6799999999994,16,2347.4799999999996,2opt,notBad
12317,16,2349.6799999999994,16,2347.4799999999996,move,improve
12318,16,2349.6799999999994,16,2347.4799999999996,2opt,notBad
12319,16,2349.6799999999994,16,2347.4799999999996,2opt,notBad
12320,16,2349.6799999999994,16,2347.4799999999996,move,improve
12321,16,2349.6799999999994,16,2347.4799999999996,swap,notBad
12322,16,2349.6799999999994,16,2347.4799999999996,move,improve
12323,16,2349.6799999999994,16,2347.4799999999996,2opt,notBad
12324,16,2349.6799999999994,16,2347.4799999999996,2opt,notBad
12325,16,2349.6799999999994,16,2347.4799999999996,swap,notBad
12326,16,2349.6799999999994,16,2347.4799999999996,swap,notBad
12327,16,2349.6799999999994,16,2347.4799999999996,move,improve
12328,16,2349.6799999999994,16,2347.4799999999996,2opt,improve
12329,16,2349.6799999999994,16,2347.4799999999996,move,improve
12330,16,2349.6799999999994,16,2347.4799999999996,move,improve
12331,16,2349.6799999999994,16,2347.4799999999996,move,improve
12332,16,2349.6799999999994,16,2347.4799999999996,2opt,notBad
12333,16,2349.6799999999994,16,2347.4799999999996,move,improve
12334,16,2349.6799999999994,16,2347.4799999999996,2opt,improve
12335,16,2349.6799999999994,16,2347.4799999999996,move,improve
12336,16,2349.6799999999994,16,2347.4799999999996,swap,notBad
12337,16,2349.6799999999994,16,2347.4799999999996,move,improve
12338,16,2349.6799999999994,16,2347.4799999999996,2opt,notBad
12339,16,2349.6799999999994,16,2347.4799999999996,move,improve
12340,16,2349.6799999999994,16,2347.4799999999996,move,improve
12341,16,2349.6799999999994,16,2347.4799999999996,swap,notBad
12342,16,2349.6799999999994,16,2347.4799999999996,2opt,notBad
12343,16,2349.6799999999994,16,2347.4799999999996,swap,notBad
12344,16,2349.6799999999994,16,2347.4799999999996,move,improve
12345,16,2349.6799999999994,16,2347.4799999999996,move,improve
12346,16,2349.6799999999994,16,2347.4799999999996,swap,notBad
12347,16,2349.6799999999994,16,2347.4799999999996,2opt,notBad
12348,16,2349.6799999999994,16,2347.4799999999996,2opt,notBad
12349,16,2349.6799999999994,16,2347.4799999999996,swap,notBad
12350,16,2349.6799999999994,16,2347.4799999999996,2opt,notBad
12351,16,2349.6799999999994,16,2347.4799999999996,move,improve
12352,16,2349.6799999999994,16,2347.4799999999996,move,improve
12353,16,2349.6799999999994,16,2347.4799999999996,move,improve
12354,16,2349.6799999999994,16,2347.4799999999996,move,improve
12355,16,2349.6799999999994,16,2347.4799999999996,move,improve
12356,16,2349.6799999999994,16,2347.4799999999996,2opt,notBad
12357,16,2349.6799999999994,16,2347.4799999999996,move,improve
12358,16,2349.6799999999994,16,2347.4799999999996,move,improve
12359,16,2349.6799999999994,16,2347.4799999999996,move,improve
12360,16,2349.6799999999994,16,2347.4799999999996,2opt,improve
12361,16,2349.6799999999994,16,2347.4799999999996,swap,notBad
12362,16,2349.6799999999994,16,2347.4799999999996,2opt,notBad
12363,16,2349.6799999999994,16,2347.4799999999996,swap,notBad
12364,16,2349.6799999999994,16,2347.4799999999996,move,improve
12365,16,2349.6799999999994,16,2347.4799999999996,2opt,notBad
12366,16,2349.6799999999994,16,2347.4799999999996,swap,notBad
12367,16,2349.6799999999994,16,2347.4799999999996,swap,notBad
12368,16,2349.6799999999994,16,2347.4799999999996,move,improve
12369,16,2349.6799999999994,16,2347.4799999999996,2opt,notBad
12370,16,2349.6799999999994,16,2347.4799999999996,swap,notBad
12371,16,2349.9799999999996,16,2347.4799999999996,swap,acceptBad
12372,16,2349.9799999999996,16,2347.4799999999996,2opt,notBad
12373,16,2349.9799999999996,16,2347.4799999999996,move,improve
12374,16,2349.9799999999996,16,2347.4799999999996,2opt,notBad
12375,16,2349.9799999999996,16,2347.4799999999996,swap,notBad
12376,16,2349.9799999999996,16,2347.4799999999996,swap,notBad
12377,16,2349.9799999999996,16,2347.4799999999996,2opt,notBad
12378,16,2349.9799999999996,16,2347.4799999999996,swap,notBad
12379,16,2349.9799999999996,16,2347.4799999999996,swap,notBad
12380,16,2349.9799999999996,16,2347.4799999999996,move,improve
12381,16,2349.9799999999996,16,2347.4799999999996,swap,notBad
12382,16,2349.9799999999996,16,2347.4799999999996,swap,notBad
12383,16,2349.9799999999996,16,2347.4799999999996,move,improve
12384,16,2349.9799999999996,16,2347.4799999999996,move,improve
12385,16,2349.9799999999996,16,2347.4799999999996,2opt,notBad
12386,16,2349.9799999999996,16,2347.4799999999996,move,improve
12387,16,2349.9799999999996,16,2347.4799999999996,swap,notBad
12388,16,2349.9799999999996,16,2347.4799999999996,move,improve
12389,16,2349.9799999999996,16,2347.4799999999996,move,improve
12390,16,2349.9799999999996,16,2347.4799999999996,2opt,notBad
12391,16,2349.9799999999996,16,2347.4799999999996,swap,notBad
12392,16,2349.9799999999996,16,2347.4799999999996,move,improve
12393,16,2349.9799999999996,16,2347.4799999999996,2opt,notBad
12394,16,2349.9799999999996,16,2347.4799999999996,swap,notBad
12395,16,2349.9799999999996,16,2347.4799999999996,swap,notBad
12396,16,2347.9999999999995,16,2347.4799999999996,move,improve
12397,16,2347.9999999999995,16,2347.4799999999996,move,improve
12398,16,2347.9999999999995,16,2347.4799999999996,2opt,notBad
12399,16,2347.9999999999995,16,2347.4799999999996,2opt,notBad
12400,16,2347.9999999999995,16,2347.4799999999996,move,improve
12401,16,2347.9999999999995,16,2347.4799999999996,swap,notBad
12402,16,2347.9999999999995,16,2347.4799999999996,move,improve
12403,16,2347.9999999999995,16,2347.4799999999996,2opt,notBad
12404,16,2347.9999999999995,16,2347.4799999999996,swap,notBad
12405,16,2347.9999999999995,16,2347.4799999999996,move,improve
12406,16,2347.9999999999995,16,2347.4799999999996,swap,notBad
12407,16,2347.9999999999995,16,2347.4799999999996,2opt,notBad
12408,16,2347.9999999999995,16,2347.4799999999996,swap,notBad
12409,16,2342.8999999999996,16,2342.8999999999996,swap,newBest
12410,16,2342.8999999999996,16,2342.8999999999996,move,improve
12411,16,2342.659999999999,16,2342.659999999999,move,newBest
12412,16,2342.659999999999,16,2342.659999999999,move,improve
12413,16,2342.659999999999,16,2342.659999999999,swap,notBad
12414,16,2342.659999999999,16,2342.659999999999,2opt,notBad
12415,16,2342.659999999999,16,2342.659999999999,swap,notBad
12416,16,2342.659999999999,16,2342.659999999999,swap,notBad
12417,16,2342.659999999999,16,2342.659999999999,2opt,notBad
12418,16,2342.659999999999,16,2342.659999999999,swap,notBad
12419,16,2342.659999999999,16,2342.659999999999,swap,notBad
12420,16,2342.659999999999,16,2342.659999999999,move,improve
12421,16,2342.659999999999,16,2342.659999999999,2opt,notBad
12422,16,2342.659999999999,16,2342.659999999999,2opt,notBad
12423,16,2342.659999999999,16,2342.659999999999,move,improve
12424,16,2342.659999999999,16,2342.659999999999,2opt,notBad
12425,16,2342.659999999999,16,2342.659999999999,2opt,notBad
12426,16,2342.659999999999,16,2342.659999999999,2opt,notBad
12427,16,2342.659999999999,16,2342.659999999999,2opt,notBad
12428,16,2342.659999999999,16,2342.659999999999,swap,notBad
12429,16,2342.659999999999,16,2342.659999999999,swap,notBad
12430,16,2342.659999999999,16,2342.659999999999,2opt,notBad
12431,16,2342.659999999999,16,2342.659999999999,move,improve
12432,16,2342.659999999999,16,2342.659999999999,move,improve
12433,16,2342.659999999999,16,2342.659999999999,swap,notBad
12434,16,2342.659999999999,16,2342.659999999999,swap,notBad
12435,16,2342.659999999999,16,2342.659999999999,2opt,notBad
12436,16,2342.659999999999,16,2342.659999999999,swap,notBad
12437,16,2342.659999999999,16,2342.659999999999,swap,notBad
12438,16,2342.659999999999,16,2342.659999999999,move,improve
12439,16,2342.659999999999,16,2342.659999999999,swap,notBad
12440,16,2342.659999999999,16,2342.659999999999,2opt,notBad
12441,16,2342.659999999999,16,2342.659999999999,swap,notBad
12442,16,2342.7799999999993,16,2342.659999999999,2opt,acceptBad
12443,16,2342.7799999999993,16,2342.659999999999,move,improve
12444,16,2342.7799999999993,16,2342.659999999999,move,improve
12445,16,2342.7799999999993,16,2342.659999999999,2opt,notBad
12446,16,2342.7799999999993,16,2342.659999999999,swap,notBad
12447,16,2342.7799999999993,16,2342.659999999999,2opt,notBad
12448,16,2342.7799999999993,16,2342.659999999999,swap,notBad
12449,16,2342.7799999999993,16,2342.659999999999,move,improve
12450,16,2342.7799999999993,16,2342.659999999999,swap,notBad
12451,16,2342.7799999999993,16,2342.659999999999,swap,notBad
12452,16,2342.7799999999993,16,2342.659999999999,move,improve
12453,16,2342.7799999999993,16,2342.659999999999,move,improve
12454,16,2342.7799999999993,16,2342.659999999999,swap,notBad
12455,16,2342.7799999999993,16,2342.659999999999,2opt,notBad
12456,16,2342.7799999999993,16,2342.659999999999,2opt,notBad
12457,16,2342.7799999999993,16,2342.659999999999,move,improve
12458,16,2342.7799999999993,16,2342.659999999999,swap,notBad
12459,16,2342.7799999999993,16,2342.659999999999,move,improve
12460,16,2342.7799999999993,16,2342.659999999999,swap,notBad
12461,16,2342.7799999999993,16,2342.659999999999,2opt,notBad
12462,16,2342.7799999999993,16,2342.659999999999,2opt,notBad
12463,16,2342.7799999999993,16,2342.659999999999,2opt,notBad
12464,16,2342.7799999999993,16,2342.659999999999,move,improve
12465,16,2342.7799999999993,16,2342.659999999999,move,improve
12466,16,2342.7799999999993,16,2342.659999999999,move,improve
12467,16,2342.7799999999993,16,2342.659999999999,2opt,notBad
12468,16,2342.7799999999993,16,2342.659999999999,2opt,notBad
12469,16,2342.7799999999993,16,2342.659999999999,swap,notBad
12470,16,2342.7799999999993,16,2342.659999999999,swap,notBad
12471,16,2342.7799999999993,16,2342.659999999999,swap,notBad
12472,16,2342.7799999999993,16,2342.659999999999,move,improve
12473,16,2342.7799999999993,16,2342.659999999999,swap,notBad
12474,16,2342.7799999999993,16,2342.659999999999,swap,notBad
12475,16,2342.7799999999993,16,2342.659999999999,2opt,notBad
12476,16,2342.7799999999993,16,2342.659999999999,move,improve
12477,16,2342.7799999999993,16,2342.659999999999,move,improve
12478,16,2342.7799999999993,16,2342.659999999999,move,notBad
12479,16,2342.7799999999993,16,2342.659999999999,swap,notBad
12480,16,2342.7799999999993,16,2342.659999999999,move,improve
12481,16,2342.7799999999993,16,2342.659999999999,2opt,notBad
12482,16,2342.7799999999993,16,2342.659999999999,2opt,notBad
12483,16,2342.7799999999993,16,2342.659999999999,move,improve
12484,16,2342.7799999999993,16,2342.659999999999,2opt,notBad
12485,16,2342.7799999999993,16,2342.659999999999,swap,notBad
12486,16,2342.7799999999993,16,2342.659999999999,swap,notBad
12487,16,2342.7799999999993,16,2342.659999999999,2opt,notBad
12488,16,2342.7799999999993,16,2342.659999999999,2opt,improve
12489,16,2342.7799999999993,16,2342.659999999999,2opt,notBad
12490,16,2342.7799999999993,16,2342.659999999999,move,improve
12491,16,2342.7799999999993,16,2342.659999999999,2opt,improve
12492,16,2342.7799999999993,16,2342.659999999999,swap,notBad
12493,16,2342.7799999999993,16,2342.659999999999,2opt,notBad
12494,16,2342.7799999999993,16,2342.659999999999,move,improve
12495,16,2342.7799999999993,16,2342.659999999999,swap,notBad
12496,16,2342.7799999999993,16,2342.659999999999,move,improve
12497,16,2342.7799999999993,16,2342.659999999999,move,improve
12498,16,2342.7799999999993,16,2342.659999999999,swap,notBad
12499,16,2342.7799999999993,16,2342.659999999999,2opt,notBad
12500,16,2342.7799999999993,16,2342.659999999999,2opt,notBad
12501,16,2342.7799999999993,16,2342.659999999999,move,improve
12502,16,2342.7799999999993,16,2342.659999999999,move,improve
12503,16,2342.7799999999993,16,2342.659999999999,move,improve
12504,16,2342.7799999999993,16,2342.659999999999,2opt,notBad
12505,16,2342.7799999999993,16,2342.659999999999,swap,notBad
12506,16,2342.7799999999993,16,2342.659999999999,swap,notBad
12507,16,2342.7799999999993,16,2342.659999999999,swap,notBad
12508,16,2342.7799999999993,16,2342.659999999999,move,improve
12509,16,2342.7799999999993,16,2342.659999999999,move,improve
12510,16,2342.7799999999993,16,2342.659999999999,swap,notBad
12511,16,2342.7799999999993,16,2342.659999999999,swap,notBad
12512,16,2342.7799999999993,16,2342.659999999999,move,improve
12513,16,2342.7799999999993,16,2342.659999999999,move,improve
12514,16,2342.7799999999993,16,2342.659999999999,move,improve
12515,16,2342.7799999999993,16,2342.659999999999,move,improve
12516,16,2342.7799999999993,16,2342.659999999999,move,improve
12517,16,2342.7799999999993,16,2342.659999999999,swap,notBad
12518,16,2342.7799999999993,16,2342.659999999999,move,improve
12519,16,2342.7799999999993,16,2342.659999999999,2opt,notBad
12520,16,2342.7799999999993,16,2342.659999999999,swap,notBad
12521,16,2342.7799999999993,16,2342.659999999999,swap,notBad
12522,16,2342.7799999999993,16,2342.659999999999,swap,notBad
12523,16,2342.7799999999993,16,2342.659999999999,swap,notBad
12524,16,2342.7799999999993,16,2342.659999999999,2opt,improve
12525,16,2342.7799999999993,16,2342.659999999999,swap,notBad
12526,16,2342.7799999999993,16,2342.659999999999,swap,notBad
12527,16,2342.7799999999993,16,2342.659999999999,move,improve
12528,16,2342.7799999999993,16,2342.659999999999,2opt,notBad
12529,16,2342.7799999999993,16,2342.659999999999,swap,notBad
12530,16,2342.7799999999993,16,2342.659999999999,2opt,improve
12531,16,2342.7799999999993,16,2342.659999999999,2opt,notBad
12532,16,2342.7799999999993,16,2342.659999999999,swap,notBad
12533,16,2342.7799999999993,16,2342.659999999999,2opt,notBad
12534,16,2342.7799999999993,16,2342.659999999999,2opt,notBad
12535,16,2342.7799999999993,16,2342.659999999999,swap,notBad
12536,16,2342.7799999999993,16,2342.659999999999,2opt,notBad
12537,16,2342.7799999999993,16,2342.659999999999,move,improve
12538,16,2342.7799999999993,16,2342.659999999999,move,improve
12539,16,2342.7799999999993,16,2342.659999999999,swap,notBad
12540,16,2342.7799999999993,16,2342.659999999999,2opt,notBad
12541,16,2342.7799999999993,16,2342.659999999999,swap,notBad
12542,16,2342.7799999999993,16,2342.659999999999,swap,notBad
12543,16,2342.7799999999993,16,2342.659999999999,2opt,notBad
12544,16,2342.7799999999993,16,2342.659999999999,move,improve
12545,16,2342.7799999999993,16,2342.659999999999,move,improve
12546,16,2342.7799999999993,16,2342.659999999999,swap,notBad
12547,16,2342.7799999999993,16,2342.659999999999,swap,notBad
12548,16,2342.7799999999993,16,2342.659999999999,2opt,notBad
12549,16,2342.7799999999993,16,2342.659999999999,swap,notBad
12550,16,2342.7799999999993,16,2342.659999999999,swap,notBad
12551,16,2342.7799999999993,16,2342.659999999999,2opt,notBad
12552,16,2342.7799999999993,16,2342.659999999999,2opt,notBad
12553,16,2342.7799999999993,16,2342.659999999999,swap,notBad
12554,16,2342.7799999999993,16,2342.659999999999,move,improve
12555,16,2342.7799999999993,16,2342.659999999999,2opt,notBad
12556,16,2342.7799999999993,16,2342.659999999999,swap,notBad
12557,16,2342.7799999999993,16,2342.659999999999,swap,notBad
12558,16,2342.7799999999993,16,2342.659999999999,move,improve
12559,16,2342.7799999999993,16,2342.659999999999,2opt,notBad
12560,16,2342.7799999999993,16,2342.659999999999,move,improve
12561,16,2342.7799999999993,16,2342.659999999999,move,improve
12562,16,2342.7799999999993,16,2342.659999999999,2opt,notBad
12563,16,2342.7799999999993,16,2342.659999999999,swap,notBad
12564,16,2342.7799999999993,16,2342.659999999999,swap,notBad
12565,16,2342.7799999999993,16,2342.659999999999,move,improve
12566,16,2342.7799999999993,16,2342.659999999999,2opt,notBad
12567,16,2342.7799999999993,16,2342.659999999999,move,improve
12568,16,2342.7799999999993,16,2342.659999999999,2opt,improve
12569,16,2342.7799999999993,16,2342.659999999999,2opt,notBad
12570,16,2342.7799999999993,16,2342.659999999999,2opt,notBad
12571,16,2342.7799999999993,16,2342.659999999999,2opt,notBad
12572,16,2342.7799999999993,16,2342.659999999999,swap,notBad
12573,16,2342.7799999999993,16,2342.659999999999,move,improve
12574,16,2342.7799999999993,16,2342.659999999999,swap,notBad
12575,16,2342.7799999999993,16,2342.659999999999,move,improve
12576,16,2342.7799999999993,16,2342.659999999999,2opt,notBad
12577,16,2342.7799999999993,16,2342.659999999999,2opt,notBad
12578,16,2342.7799999999993,16,2342.659999999999,swap,notBad
12579,16,2342.7799999999993,16,2342.659999999999,2opt,notBad
12580,16,2342.7799999999993,16,2342.659999999999,swap,notBad
12581,16,2342.7799999999993,16,2342.659999999999,swap,notBad
12582,16,2342.7799999999993,16,2342.659999999999,move,improve
12583,16,2342.7799999999993,16,2342.659999999999,2opt,notBad
12584,16,2342.7799999999993,16,2342.659999999999,2opt,notBad
12585,16,2342.7799999999993,16,2342.659999999999,2opt,improve
12586,16,2342.7799999999993,16,2342.659999999999,2opt,notBad
12587,16,2342.7799999999993,16,2342.659999999999,swap,notBad
12588,16,2342.7799999999993,16,2342.659999999999,move,improve
12589,16,2342.7799999999993,16,2342.659999999999,2opt,notBad
12590,16,2342.7799999999993,16,2342.659999999999,2opt,notBad
12591,16,2342.7799999999993,16,2342.659999999999,swap,notBad
12592,16,2342.7799999999993,16,2342.659999999999,swap,notBad
12593,16,2342.7799999999993,16,2342.659999999999,move,improve
12594,16,2342.7799999999993,16,2342.659999999999,move,improve
12595,16,2342.7799999999993,16,2342.659999999999,2opt,notBad
12596,16,2342.7799999999993,16,2342.659999999999,2opt,notBad
12597,16,2342.7799999999993,16,2342.659999999999,2opt,notBad
12598,16,2342.7799999999993,16,2342.659999999999,swap,notBad
12599,16,2342.7799999999993,16,2342.659999999999,2opt,improve
12600,16,2342.7799999999993,16,2342.659999999999,swap,notBad
12601,16,2342.7799999999993,16,2342.659999999999,move,improve
12602,16,2342.7799999999993,16,2342.659999999999,2opt,notBad
12603,16,2342.7799999999993,16,2342.659999999999,move,improve
12604,16,2342.7799999999993,16,2342.659999999999,swap,notBad
12605,16,2342.7799999999993,16,2342.659999999999,swap,notBad
12606,16,2342.7799999999993,16,2342.659999999999,swap,notBad
12607,16,2342.7799999999993,16,2342.659999999999,swap,notBad
12608,16,2342.7799999999993,16,2342.659999999999,2opt,notBad
12609,16,2342.7799999999993,16,2342.659999999999,2opt,notBad
12610,16,2342.7799999999993,16,2342.659999999999,swap,notBad
12611,16,2342.7799999999993,16,2342.659999999999,move,improve
12612,16,2342.7799999999993,16,2342.659999999999,2opt,improve
12613,16,2342.7799999999993,16,2342.659999999999,move,improve
12614,16,2342.7799999999993,16,2342.659999999999,move,improve
12615,16,2342.7799999999993,16,2342.659999999999,move,improve
12616,16,2342.7799999999993,16,2342.659999999999,move,improve
12617,16,2342.7799999999993,16,2342.659999999999,swap,notBad
12618,16,2342.7799999999993,16,2342.659999999999,move,improve
12619,16,2342.7799999999993,16,2342.659999999999,2opt,notBad
12620,16,2342.7799999999993,16,2342.659999999999,2opt,improve
12621,16,2342.7799999999993,16,2342.659999999999,swap,notBad
12622,16,2342.7799999999993,16,2342.659999999999,swap,notBad
12623,16,2342.7799999999993,16,2342.659999999999,move,improve
12624,16,2342.7799999999993,16,2342.659999999999,move,improve
12625,16,2342.7799999999993,16,2342.659999999999,2opt,notBad
12626,16,2342.7799999999993,16,2342.659999999999,swap,notBad
12627,16,2342.7799999999993,16,2342.659999999999,2opt,notBad
12628,16,2342.7799999999993,16,2342.659999999999,2opt,notBad
12629,16,2342.7799999999993,16,2342.659999999999,move,improve
12630,16,2342.7799999999993,16,2342.659999999999,move,improve
12631,16,2342.7799999999993,16,2342.659999999999,2opt,notBad
12632,16,2342.7799999999993,16,2342.659999999999,move,improve
12633,16,2342.7799999999993,16,2342.659999999999,swap,notBad
12634,16,2342.7799999999993,16,2342.659999999999,swap,notBad
12635,16,2342.7799999999993,16,2342.659999999999,move,improve
12636,16,2342.7799999999993,16,2342.659999999999,2opt,notBad
12637,16,2342.7799999999993,16,2342.659999999999,2opt,notBad
12638,16,2342.7799999999993,16,2342.659999999999,move,improve
12639,16,2342.7799999999993,16,2342.659999999999,move,improve
12640,16,2342.7799999999993,16,2342.659999999999,2opt,notBad
12641,16,2342.7799999999993,16,2342.659999999999,swap,notBad
12642,16,2342.7799999999993,16,2342.659999999999,2opt,notBad
12643,16,2342.7799999999993,16,2342.659999999999,swap,notBad
12644,16,2342.7799999999993,16,2342.659999999999,move,improve
12645,16,2342.7799999999993,16,2342.659999999999,2opt,notBad
12646,16,2342.7799999999993,16,2342.659999999999,swap,notBad
12647,16,2342.7799999999993,16,2342.659999999999,move,improve
12648,16,2342.7799999999993,16,2342.659999999999,2opt,notBad
12649,16,2342.7799999999993,16,2342.659999999999,move,improve
12650,16,2342.7799999999993,16,2342.659999999999,2opt,notBad
12651,16,2342.7799999999993,16,2342.659999999999,2opt,notBad
12652,16,2342.7799999999993,16,2342.659999999999,move,improve
12653,16,2342.7799999999993,16,2342.659999999999,swap,notBad
12654,16,2342.7799999999993,16,2342.659999999999,2opt,notBad
12655,16,2342.7799999999993,16,2342.659999999999,swap,notBad
12656,16,2342.7799999999993,16,2342.659999999999,2opt,notBad
12657,16,2342.7799999999993,16,2342.659999999999,swap,notBad
12658,16,2342.7799999999993,16,2342.659999999999,move,improve
12659,16,2342.7799999999993,16,2342.659999999999,move,improve
12660,16,2342.7799999999993,16,2342.659999999999,2opt,notBad
12661,16,2342.7799999999993,16,2342.659999999999,2opt,notBad
12662,16,2342.7799999999993,16,2342.659999999999,swap,notBad
12663,16,2342.7799999999993,16,2342.659999999999,move,improve
12664,16,2342.5999999999995,16,2342.5999999999995,swap,newBest
12665,16,2342.5999999999995,16,2342.5999999999995,move,improve
12666,16,2342.5999999999995,16,2342.5999999999995,swap,notBad
12667,16,2342.5999999999995,16,2342.5999999999995,swap,notBad
12668,16,2342.5999999999995,16,2342.5999999999995,2opt,notBad
12669,16,2342.5999999999995,16,2342.5999999999995,2opt,notBad
12670,16,2342.5999999999995,16,2342.5999999999995,move,improve
12671,16,2342.5999999999995,16,2342.5999999999995,2opt,notBad
12672,16,2342.5999999999995,16,2342.5999999999995,swap,notBad
12673,16,2342.5999999999995,16,2342.5999999999995,move,improve
12674,16,2342.5999999999995,16,2342.5999999999995,move,improve
12675,16,2342.5999999999995,16,2342.5999999999995,2opt,improve
12676,16,2342.5999999999995,16,2342.5999999999995,swap,notBad
12677,16,2342.5999999999995,16,2342.5999999999995,2opt,notBad
12678,16,2342.5999999999995,16,2342.5999999999995,swap,notBad
12679,16,2342.5999999999995,16,2342.5999999999995,2opt,notBad
12680,16,2342.5999999999995,16,2342.5999999999995,2opt,improve
12681,16,2342.5999999999995,16,2342.5999999999995,move,improve
12682,16,2342.5999999999995,16,2342.5999999999995,swap,notBad
12683,16,2342.5999999999995,16,2342.5999999999995,move,improve
12684,16,2342.5999999999995,16,2342.5999999999995,2opt,notBad
12685,16,2342.5999999999995,16,2342.5999999999995,swap,notBad
12686,16,2342.5999999999995,16,2342.5999999999995,2opt,notBad
12687,16,2342.5999999999995,16,2342.5999999999995,swap,notBad
12688,16,2342.5999999999995,16,2342.5999999999995,move,improve
12689,16,2342.3399999999992,16,2342.3399999999992,move,newBest
12690,16,2342.3399999999992,16,2342.3399999999992,2opt,notBad
12691,16,2342.3399999999992,16,2342.3399999999992,move,improve
12692,16,2342.3399999999992,16,2342.3399999999992,move,improve
12693,16,2342.3399999999992,16,2342.3399999999992,swap,notBad
12694,16,2342.3399999999992,16,2342.3399999999992,2opt,notBad
12695,16,2342.3399999999992,16,2342.3399999999992,swap,notBad
12696,16,2342.3399999999992,16,2342.3399999999992,swap,notBad
12697,16,2342.3399999999992,16,2342.3399999999992,2opt,notBad
12698,16,2342.3399999999992,16,2342.3399999999992,move,improve
12699,16,2342.3399999999992,16,2342.3399999999992,swap,notBad
12700,16,2342.3399999999992,16,2342.3399999999992,swap,notBad
12701,16,2342.3399999999992,16,2342.3399999999992,2opt,notBad
12702,16,2342.3399999999992,16,2342.3399999999992,2opt,improve
12703,16,2342.3399999999992,16,2342.3399999999992,swap,notBad
12704,16,2342.3399999999992,16,2342.3399999999992,move,improve
12705,16,2342.3399999999992,16,2342.3399999999992,2opt,notBad
12706,16,2342.3399999999992,16,2342.3399999999992,2opt,notBad
12707,16,2342.3399999999992,16,2342.3399999999992,move,improve
12708,16,2342.3399999999992,16,2342.3399999999992,swap,notBad
12709,16,2342.3399999999992,16,2342.3399999999992,2opt,notBad
12710,16,2342.3399999999992,16,2342.3399999999992,swap,notBad
12711,16,2342.3399999999992,16,2342.3399999999992,move,improve
12712,16,2342.3399999999992,16,2342.3399999999992,2opt,notBad
12713,16,2342.3399999999992,16,2342.3399999999992,move,improve
12714,16,2342.3399999999992,16,2342.3399999999992,2opt,notBad
12715,16,2342.3399999999992,16,2342.3399999999992,2opt,notBad
12716,16,2342.3399999999992,16,2342.3399999999992,swap,notBad
12717,16,2342.3399999999992,16,2342.3399999999992,move,improve
12718,16,2342.3399999999992,16,2342.3399999999992,move,improve
12719,16,2342.3399999999992,16,2342.3399999999992,2opt,notBad
12720,16,2342.3399999999992,16,2342.3399999999992,move,improve
12721,16,2342.3399999999992,16,2342.3399999999992,swap,notBad
12722,16,2342.3399999999992,16,2342.3399999999992,move,improve
12723,16,2342.3399999999992,16,2342.3399999999992,2opt,notBad
12724,16,2342.3399999999992,16,2342.3399999999992,move,improve
12725,16,2342.3399999999992,16,2342.3399999999992,swap,notBad
12726,16,2342.3399999999992,16,2342.3399999999992,2opt,notBad
12727,16,2342.3399999999992,16,2342.3399999999992,2opt,notBad
12728,16,2342.3399999999992,16,2342.3399999999992,swap,notBad
12729,16,2342.3399999999992,16,2342.3399999999992,move,improve
12730,16,2342.3399999999992,16,2342.3399999999992,2opt,notBad
12731,16,2342.3399999999992,16,2342.3399999999992,swap,notBad
12732,16,2342.3399999999992,16,2342.3399999999992,2opt,notBad
12733,16,2342.3399999999992,16,2342.3399999999992,2opt,notBad
12734,16,2342.3399999999992,16,2342.3399999999992,move,improve
12735,16,2342.3399999999992,16,2342.3399999999992,move,notBad
12736,16,2342.3399999999992,16,2342.3399999999992,2opt,notBad
12737,16,2342.3399999999992,16,2342.3399999999992,move,improve
12738,16,2342.3399999999992,16,2342.3399999999992,2opt,notBad
12739,16,2342.3399999999992,16,2342.3399999999992,swap,notBad
12740,16,2342.3399999999992,16,2342.3399999999992,swap,notBad
12741,16,2342.3399999999992,16,2342.3399999999992,2opt,notBad
12742,16,2342.3399999999992,16,2342.3399999999992,swap,notBad
12743,16,2342.3399999999992,16,2342.3399999999992,2opt,notBad
12744,16,2342.3399999999992,16,2342.3399999999992,swap,notBad
12745,16,2342.3399999999992,16,2342.3399999999992,swap,notBad
12746,16,2342.3399999999992,16,2342.3399999999992,2opt,notBad
12747,16,2342.3399999999992,16,2342.3399999999992,swap,notBad
12748,16,2342.3399999999992,16,2342.3399999999992,2opt,notBad
12749,16,2342.3399999999992,16,2342.3399999999992,2opt,notBad
12750,16,2342.3399999999992,16,2342.3399999999992,move,improve
12751,16,2342.3399999999992,16,2342.3399999999992,move,improve
12752,16,2342.3399999999992,16,2342.3399999999992,move,improve
12753,16,2342.3399999999992,16,2342.3399999999992,2opt,notBad
12754,16,2342.3399999999992,16,2342.3399999999992,move,improve
12755,16,2342.3399999999992,16,2342.3399999999992,swap,notBad
12756,16,2342.3399999999992,16,2342.3399999999992,move,improve
12757,16,2342.3399999999992,16,2342.3399999999992,2opt,notBad
12758,16,2342.3399999999992,16,2342.3399999999992,swap,notBad
12759,16,2342.3399999999992,16,2342.3399999999992,move,improve
12760,16,2342.3399999999992,16,2342.3399999999992,2opt,notBad
12761,16,2342.3399999999992,16,2342.3399999999992,swap,notBad
12762,16,2342.3399999999992,16,2342.3399999999992,move,improve
12763,16,2342.3399999999992,16,2342.3399999999992,2opt,notBad
12764,16,2342.3399999999992,16,2342.3399999999992,2opt,improve
12765,16,2342.3399999999992,16,2342.3399999999992,swap,notBad
12766,16,2342.3399999999992,16,2342.3399999999992,move,improve
12767,16,2342.3399999999992,16,2342.3399999999992,move,improve
12768,16,2342.3399999999992,16,2342.3399999999992,2opt,notBad
12769,16,2342.3399999999992,16,2342.3399999999992,swap,notBad
12770,16,2342.3399999999992,16,2342.3399999999992,move,improve
12771,16,2342.3399999999992,16,2342.3399999999992,move,improve
12772,16,2342.3399999999992,16,2342.3399999999992,move,improve
12773,16,2342.3399999999992,16,2342.3399999999992,2opt,notBad
12774,16,2342.3399999999992,16,2342.3399999999992,swap,notBad
12775,16,2342.3399999999992,16,2342.3399999999992,2opt,notBad
12776,16,2342.3399999999992,16,2342.3399999999992,move,improve
12777,16,2342.3399999999992,16,2342.3399999999992,swap,notBad
12778,16,2342.3399999999992,16,2342.3399999999992,2opt,notBad
12779,16,2342.3399999999992,16,2342.3399999999992,2opt,notBad
12780,16,2342.3399999999992,16,2342.3399999999992,2opt,notBad
12781,16,2342.3399999999992,16,2342.3399999999992,swap,notBad
12782,16,2342.3399999999992,16,2342.3399999999992,2opt,notBad
12783,16,2342.3399999999992,16,2342.3399999999992,2opt,notBad
12784,16,2342.3399999999992,16,2342.3399999999992,2opt,notBad
12785,16,2342.3399999999992,16,2342.3399999999992,swap,notBad
12786,16,2342.3399999999992,16,2342.3399999999992,swap,notBad
12787,16,2342.3399999999992,16,2342.3399999999992,2opt,notBad
12788,16,2342.3399999999992,16,2342.3399999999992,2opt,notBad
12789,16,2342.3399999999992,16,2342.3399999999992,2opt,notBad
12790,16,2342.3399999999992,16,2342.3399999999992,swap,notBad
12791,16,2342.3399999999992,16,2342.3399999999992,2opt,notBad
12792,16,2342.3399999999992,16,2342.3399999999992,swap,notBad
12793,16,2342.3399999999992,16,2342.3399999999992,swap,notBad
12794,16,2342.3399999999992,16,2342.3399999999992,move,improve
12795,16,2342.3399999999992,16,2342.3399999999992,move,improve
12796,16,2342.3399999999992,16,2342.3399999999992,move,improve
12797,16,2342.3399999999992,16,2342.3399999999992,move,improve
12798,16,2342.3399999999992,16,2342.3399999999992,move,improve
12799,16,2342.3399999999992,16,2342.3399999999992,swap,notBad
12800,16,2342.3399999999992,16,2342.3399999999992,swap,notBad
12801,16,2342.3399999999992,16,2342.3399999999992,swap,notBad
12802,16,2342.3399999999992,16,2342.3399999999992,2opt,notBad
12803,16,2342.3399999999992,16,2342.3399999999992,2opt,notBad
12804,16,2342.3399999999992,16,2342.3399999999992,swap,notBad
12805,16,2342.3399999999992,16,2342.3399999999992,2opt,notBad
12806,16,2342.3399999999992,16,2342.3399999999992,2opt,notBad
12807,16,2342.3399999999992,16,2342.3399999999992,swap,notBad
12808,16,2342.3399999999992,16,2342.3399999999992,move,improve
12809,16,2342.3399999999992,16,2342.3399999999992,move,improve
12810,16,2342.3399999999992,16,2342.3399999999992,2opt,notBad
12811,16,2342.3399999999992,16,2342.3399999999992,2opt,improve
12812,16,2342.3399999999992,16,2342.3399999999992,move,improve
12813,16,2342.3399999999992,16,2342.3399999999992,2opt,notBad
12814,16,2342.3399999999992,16,2342.3399999999992,2opt,notBad
12815,16,2342.3399999999992,16,2342.3399999999992,2opt,notBad
12816,16,2342.3399999999992,16,2342.3399999999992,2opt,notBad
12817,16,2342.3399999999992,16,2342.3399999999992,move,improve
12818,16,2342.3399999999992,16,2342.3399999999992,move,improve
12819,16,2342.3399999999992,16,2342.3399999999992,2opt,notBad
12820,16,2342.3399999999992,16,2342.3399999999992,move,improve
12821,16,2342.3399999999992,16,2342.3399999999992,2opt,notBad
12822,16,2342.3399999999992,16,2342.3399999999992,swap,notBad
12823,16,2342.3399999999992,16,2342.3399999999992,2opt,notBad
12824,16,2342.3399999999992,16,2342.3399999999992,2opt,notBad
12825,16,2342.3399999999992,16,2342.3399999999992,move,improve
12826,16,2342.3399999999992,16,2342.3399999999992,2opt,notBad
12827,16,2342.3399999999992,16,2342.3399999999992,move,improve
12828,16,2342.3399999999992,16,2342.3399999999992,swap,notBad
12829,16,2342.3399999999992,16,2342.3399999999992,swap,notBad
12830,16,2342.3399999999992,16,2342.3399999999992,move,improve
12831,16,2342.3399999999992,16,2342.3399999999992,swap,notBad
12832,16,2342.3399999999992,16,2342.3399999999992,2opt,notBad
12833,16,2342.3399999999992,16,2342.3399999999992,swap,notBad
12834,16,2342.3399999999992,16,2342.3399999999992,swap,notBad
12835,16,2342.3399999999992,16,2342.3399999999992,move,improve
12836,16,2342.3399999999992,16,2342.3399999999992,2opt,notBad
12837,16,2342.3399999999992,16,2342.3399999999992,2opt,notBad
12838,16,2342.3399999999992,16,2342.3399999999992,2opt,notBad
12839,16,2342.3399999999992,16,2342.3399999999992,swap,notBad
12840,16,2342.3399999999992,16,2342.3399999999992,move,improve
12841,16,2342.3399999999992,16,2342.3399999999992,move,improve
12842,16,2342.3399999999992,16,2342.3399999999992,move,improve
12843,16,2342.3399999999992,16,2342.3399999999992,2opt,notBad
12844,16,2342.3399999999992,16,2342.3399999999992,2opt,improve
12845,16,2342.3399999999992,16,2342.3399999999992,move,improve
12846,16,2342.3399999999992,16,2342.3399999999992,swap,notBad
12847,16,2342.3399999999992,16,2342.3399999999992,2opt,notBad
12848,16,2342.3399999999992,16,2342.3399999999992,move,improve
12849,16,2342.3399999999992,16,2342.3399999999992,move,improve
12850,16,2342.3399999999992,16,2342.3399999999992,move,improve
12851,16,2342.3399999999992,16,2342.3399999999992,swap,notBad
12852,16,2342.3399999999992,16,2342.3399999999992,swap,notBad
12853,16,2342.3399999999992,16,2342.3399999999992,swap,notBad
12854,16,2342.3399999999992,16,2342.3399999999992,move,improve
12855,16,2342.3399999999992,16,2342.3399999999992,swap,notBad
12856,16,2342.3399999999992,16,2342.3399999999992,swap,notBad
12857,16,2342.3399999999992,16,2342.3399999999992,2opt,notBad
12858,16,2342.3399999999992,16,2342.3399999999992,swap,notBad
12859,16,2342.3399999999992,16,2342.3399999999992,swap,notBad
12860,16,2342.3399999999992,16,2342.3399999999992,move,improve
12861,16,2342.3399999999992,16,2342.3399999999992,move,improve
12862,16,2342.3399999999992,16,2342.3399999999992,2opt,notBad
12863,16,2342.3399999999992,16,2342.3399999999992,move,improve
12864,16,2342.3399999999992,16,2342.3399999999992,swap,notBad
12865,16,2342.3399999999992,16,2342.3399999999992,swap,notBad
12866,16,2342.3399999999992,16,2342.3399999999992,2opt,notBad
12867,16,2342.3399999999992,16,2342.3399999999992,swap,notBad
12868,16,2342.3399999999992,16,2342.3399999999992,move,improve
12869,16,2342.3399999999992,16,2342.3399999999992,move,improve
12870,16,2342.3399999999992,16,2342.3399999999992,2opt,notBad
12871,16,2342.3399999999992,16,2342.3399999999992,2opt,notBad
12872,16,2342.3399999999992,16,2342.3399999999992,swap,notBad
12873,16,2342.3399999999992,16,2342.3399999999992,move,improve
12874,16,2342.3399999999992,16,2342.3399999999992,move,improve
12875,16,2342.3399999999992,16,2342.3399999999992,2opt,notBad
12876,16,2342.3399999999992,16,2342.3399999999992,move,improve
12877,16,2342.3399999999992,16,2342.3399999999992,move,improve
12878,16,2342.3399999999992,16,2342.3399999999992,move,improve
12879,16,2342.3399999999992,16,2342.3399999999992,move,improve
12880,16,2342.3399999999992,16,2342.3399999999992,move,improve
12881,16,2342.3399999999992,16,2342.3399999999992,swap,notBad
12882,16,2342.3399999999992,16,2342.3399999999992,swap,notBad
12883,16,2342.3399999999992,16,2342.3399999999992,2opt,notBad
12884,16,2342.3399999999992,16,2342.3399999999992,swap,notBad
12885,16,2342.3399999999992,16,2342.3399999999992,swap,notBad
12886,16,2342.3399999999992,16,2342.3399999999992,move,improve
12887,16,2342.3399999999992,16,2342.3399999999992,2opt,notBad
12888,16,2342.3399999999992,16,2342.3399999999992,swap,notBad
12889,16,2342.3399999999992,16,2342.3399999999992,move,improve
12890,16,2342.3399999999992,16,2342.3399999999992,swap,notBad
12891,16,2342.3399999999992,16,2342.3399999999992,2opt,improve
12892,16,2342.3399999999992,16,2342.3399999999992,swap,notBad
12893,16,2342.3399999999992,16,2342.3399999999992,swap,notBad
12894,16,2342.3399999999992,16,2342.3399999999992,swap,notBad
12895,16,2342.3399999999992,16,2342.3399999999992,move,improve
12896,16,2342.3399999999992,16,2342.3399999999992,swap,notBad
12897,16,2342.3399999999992,16,2342.3399999999992,swap,notBad
12898,16,2342.3399999999992,16,2342.3399999999992,move,improve
12899,16,2342.3399999999992,16,2342.3399999999992,swap,notBad
12900,16,2342.3399999999992,16,2342.3399999999992,2opt,notBad
12901,16,2342.3399999999992,16,2342.3399999999992,swap,notBad
12902,16,2342.3399999999992,16,2342.3399999999992,move,improve
12903,16,2342.3399999999992,16,2342.3399999999992,swap,notBad
12904,16,2342.3399999999992,16,2342.3399999999992,2opt,notBad
12905,16,2342.3399999999992,16,2342.3399999999992,2opt,improve
12906,16,2342.3399999999992,16,2342.3399999999992,move,improve
12907,16,2342.3399999999992,16,2342.3399999999992,2opt,notBad
12908,16,2342.3399999999992,16,2342.3399999999992,swap,notBad
12909,16,2342.3399999999992,16,2342.3399999999992,swap,notBad
12910,16,2342.3399999999992,16,2342.3399999999992,swap,notBad
12911,16,2342.3399999999992,16,2342.3399999999992,2opt,notBad
12912,16,2342.3399999999992,16,2342.3399999999992,move,improve
12913,16,2342.3399999999992,16,2342.3399999999992,swap,notBad
12914,16,2342.3399999999992,16,2342.3399999999992,2opt,improve
12915,16,2342.3399999999992,16,2342.3399999999992,swap,notBad
12916,16,2342.3399999999992,16,2342.3399999999992,swap,notBad
12917,16,2342.3399999999992,16,2342.3399999999992,swap,notBad
12918,16,2342.3399999999992,16,2342.3399999999992,move,improve
12919,16,2342.3399999999992,16,2342.3399999999992,2opt,notBad
12920,16,2342.3399999999992,16,2342.3399999999992,move,improve
12921,16,2342.3399999999992,16,2342.3399999999992,move,improve
12922,16,2342.3399999999992,16,2342.3399999999992,move,improve
12923,16,2342.3399999999992,16,2342.3399999999992,2opt,notBad
12924,16,2342.3399999999992,16,2342.3399999999992,2opt,notBad
12925,16,2342.3399999999992,16,2342.3399999999992,2opt,notBad
12926,16,2342.3399999999992,16,2342.3399999999992,swap,notBad
12927,16,2342.3399999999992,16,2342.3399999999992,2opt,improve
12928,16,2342.3399999999992,16,2342.3399999999992,2opt,notBad
12929,16,2342.3399999999992,16,2342.3399999999992,2opt,notBad
12930,16,2342.3399999999992,16,2342.3399999999992,2opt,notBad
12931,16,2342.3399999999992,16,2342.3399999999992,2opt,improve
12932,16,2342.3399999999992,16,2342.3399999999992,swap,notBad
12933,16,2342.3399999999992,16,2342.3399999999992,2opt,notBad
12934,16,2342.3399999999992,16,2342.3399999999992,2opt,notBad
12935,16,2342.3399999999992,16,2342.3399999999992,move,improve
12936,16,2342.3399999999992,16,2342.3399999999992,swap,notBad
12937,16,2342.3399999999992,16,2342.3399999999992,swap,notBad
12938,16,2342.3399999999992,16,2342.3399999999992,swap,notBad
12939,16,2342.3399999999992,16,2342.3399999999992,move,improve
12940,16,2342.3399999999992,16,2342.3399999999992,move,improve
12941,16,2342.3399999999992,16,2342.3399999999992,2opt,notBad
12942,16,2342.3399999999992,16,2342.3399999999992,2opt,notBad
12943,16,2342.3399999999992,16,2342.3399999999992,move,improve
12944,16,2342.3399999999992,16,2342.3399999999992,2opt,notBad
12945,16,2342.3399999999992,16,2342.3399999999992,2opt,notBad
12946,16,2342.3399999999992,16,2342.3399999999992,move,improve
12947,16,2342.3399999999992,16,2342.3399999999992,move,improve
12948,16,2342.3399999999992,16,2342.3399999999992,swap,notBad
12949,16,2342.3399999999992,16,2342.3399999999992,move,improve
12950,16,2342.3399999999992,16,2342.3399999999992,swap,notBad
12951,16,2342.3399999999992,16,2342.3399999999992,2opt,notBad
12952,16,2342.3399999999992,16,2342.3399999999992,2opt,notBad
12953,16,2342.3399999999992,16,2342.3399999999992,2opt,notBad
12954,16,2342.3399999999992,16,2342.3399999999992,2opt,notBad
12955,16,2342.3399999999992,16,2342.3399999999992,swap,notBad
12956,16,2342.3399999999992,16,2342.3399999999992,move,improve
12957,16,2342.3399999999992,16,2342.3399999999992,move,improve
12958,16,2342.3399999999992,16,2342.3399999999992,swap,notBad
12959,16,2342.3399999999992,16,2342.3399999999992,2opt,notBad
12960,16,2342.3399999999992,16,2342.3399999999992,swap,notBad
12961,16,2342.3399999999992,16,2342.3399999999992,move,improve
12962,16,2342.3399999999992,16,2342.3399999999992,swap,notBad
12963,16,2342.3399999999992,16,2342.3399999999992,swap,notBad
12964,16,2342.3399999999992,16,2342.3399999999992,2opt,notBad
12965,16,2342.3399999999992,16,2342.3399999999992,2opt,notBad
12966,16,2342.3399999999992,16,2342.3399999999992,swap,notBad
12967,16,2342.3399999999992,16,2342.3399999999992,2opt,notBad
12968,16,2342.3399999999992,16,2342.3399999999992,2opt,notBad
12969,16,2342.3399999999992,16,2342.3399999999992,move,improve
12970,16,2342.3399999999992,16,2342.3399999999992,swap,notBad
12971,16,2342.3399999999992,16,2342.3399999999992,move,improve
12972,16,2342.3399999999992,16,2342.3399999999992,move,improve
12973,16,2342.3399999999992,16,2342.3399999999992,2opt,notBad
12974,16,2342.3399999999992,16,2342.3399999999992,move,improve
12975,16,2342.3399999999992,16,2342.3399999999992,2opt,notBad
12976,16,2342.3399999999992,16,2342.3399999999992,2opt,notBad
12977,16,2342.3399999999992,16,2342.3399999999992,swap,notBad
12978,16,2342.3399999999992,16,2342.3399999999992,2opt,notBad
12979,16,2342.3399999999992,16,2342.3399999999992,2opt,notBad
12980,16,2342.3399999999992,16,2342.3399999999992,2opt,notBad
12981,16,2342.3399999999992,16,2342.3399999999992,move,improve
12982,16,2342.3399999999992,16,2342.3399999999992,2opt,notBad
12983,16,2342.3399999999992,16,2342.3399999999992,swap,notBad
12984,16,2342.58,16,2342.3399999999992,swap,acceptBad
12985,16,2342.58,16,2342.3399999999992,move,improve
12986,16,2342.58,16,2342.3399999999992,2opt,notBad
12987,16,2342.58,16,2342.3399999999992,move,improve
12988,16,2342.58,16,2342.3399999999992,2opt,notBad
12989,16,2342.58,16,2342.3399999999992,move,notBad
12990,16,2342.58,16,2342.3399999999992,swap,notBad
12991,16,2342.58,16,2342.3399999999992,2opt,notBad
12992,16,2342.58,16,2342.3399999999992,move,improve
12993,16,2342.58,16,2342.3399999999992,move,improve
12994,16,2342.58,16,2342.3399999999992,2opt,notBad
12995,16,2342.58,16,2342.3399999999992,swap,notBad
12996,16,2342.58,16,2342.3399999999992,2opt,notBad
12997,16,2342.58,16,2342.3399999999992,move,improve
12998,16,2342.58,16,2342.3399999999992,swap,notBad
12999,16,2342.58,16,2342.3399999999992,2opt,notBad
13000,16,2342.58,16,2342.3399999999992,move,improve
13001,16,2342.3399999999992,16,2342.3399999999992,move,improve
13002,16,2342.3399999999992,16,2342.3399999999992,swap,notBad
13003,16,2342.3399999999992,16,2342.3399999999992,2opt,notBad
13004,16,2342.3399999999992,16,2342.3399999999992,swap,notBad
13005,16,2342.3399999999992,16,2342.3399999999992,move,improve
13006,16,2342.3399999999992,16,2342.3399999999992,move,improve
13007,16,2342.3399999999992,16,2342.3399999999992,move,improve
13008,16,2342.3399999999992,16,2342.3399999999992,2opt,notBad
13009,16,2342.3399999999992,16,2342.3399999999992,swap,notBad
13010,16,2342.3399999999992,16,2342.3399999999992,swap,notBad
13011,16,2342.3399999999992,16,2342.3399999999992,swap,notBad
13012,16,2342.3399999999992,16,2342.3399999999992,swap,notBad
13013,16,2342.3399999999992,16,2342.3399999999992,swap,notBad
13014,16,2342.3399999999992,16,2342.3399999999992,swap,notBad
13015,16,2342.3399999999992,16,2342.3399999999992,move,improve
13016,16,2342.3399999999992,16,2342.3399999999992,swap,notBad
13017,16,2342.3399999999992,16,2342.3399999999992,swap,notBad
13018,16,2342.3399999999992,16,2342.3399999999992,move,improve
13019,16,2342.3399999999992,16,2342.3399999999992,2opt,improve
13020,16,2342.3399999999992,16,2342.3399999999992,move,improve
13021,16,2342.3399999999992,16,2342.3399999999992,2opt,notBad
13022,16,2342.3399999999992,16,2342.3399999999992,move,improve
13023,16,2342.3399999999992,16,2342.3399999999992,2opt,notBad
13024,16,2342.3399999999992,16,2342.3399999999992,swap,notBad
13025,16,2342.3399999999992,16,2342.3399999999992,swap,notBad
13026,16,2342.3399999999992,16,2342.3399999999992,swap,notBad
13027,16,2342.3399999999992,16,2342.3399999999992,move,improve
13028,16,2342.3399999999992,16,2342.3399999999992,swap,notBad
13029,16,2342.3399999999992,16,2342.3399999999992,move,improve
13030,16,2342.3399999999992,16,2342.3399999999992,swap,notBad
13031,16,2342.3399999999992,16,2342.3399999999992,2opt,notBad
13032,16,2342.3399999999992,16,2342.3399999999992,2opt,notBad
13033,16,2342.3399999999992,16,2342.3399999999992,2opt,notBad
13034,16,2342.3399999999992,16,2342.3399999999992,2opt,notBad
13035,16,2342.3399999999992,16,2342.3399999999992,2opt,notBad
13036,16,2342.3399999999992,16,2342.3399999999992,move,improve
13037,16,2342.3399999999992,16,2342.3399999999992,move,improve
13038,16,2342.3399999999992,16,2342.3399999999992,2opt,notBad
13039,16,2342.3399999999992,16,2342.3399999999992,2opt,notBad
13040,16,2342.3399999999992,16,2342.3399999999992,move,improve
13041,16,2342.3399999999992,16,2342.3399999999992,move,improve
13042,16,2342.3399999999992,16,2342.3399999999992,move,improve
13043,16,2342.3399999999992,16,2342.3399999999992,swap,notBad
13044,16,2342.3399999999992,16,2342.3399999999992,move,improve
13045,16,2342.3399999999992,16,2342.3399999999992,2opt,notBad
13046,16,2342.3399999999992,16,2342.3399999999992,move,improve
13047,16,2342.3399999999992,16,2342.3399999999992,swap,notBad
13048,16,2342.3399999999992,16,2342.3399999999992,move,improve
13049,16,2342.3399999999992,16,2342.3399999999992,2opt,notBad
13050,16,2342.3399999999992,16,2342.3399999999992,swap,notBad
13051,16,2342.3399999999992,16,2342.3399999999992,swap,notBad
13052,16,2342.3399999999992,16,2342.3399999999992,move,improve
13053,16,2342.3399999999992,16,2342.3399999999992,swap,notBad
13054,16,2342.3399999999992,16,2342.3399999999992,swap,notBad
13055,16,2342.3399999999992,16,2342.3399999999992,swap,notBad
13056,16,2342.3399999999992,16,2342.3399999999992,2opt,notBad
13057,16,2342.3399999999992,16,2342.3399999999992,move,improve
13058,16,2342.3399999999992,16,2342.3399999999992,2opt,notBad
13059,16,2342.3399999999992,16,2342.3399999999992,2opt,notBad
13060,16,2342.3399999999992,16,2342.3399999999992,2opt,notBad
13061,16,2342.3399999999992,16,2342.3399999999992,move,improve
13062,16,2342.3399999999992,16,2342.3399999999992,2opt,notBad
13063,16,2342.3399999999992,16,2342.3399999999992,2opt,notBad
13064,16,2342.3399999999992,16,2342.3399999999992,2opt,improve
13065,16,2342.3399999999992,16,2342.3399999999992,2opt,improve
13066,16,2342.3399999999992,16,2342.3399999999992,2opt,notBad
13067,16,2342.3399999999992,16,2342.3399999999992,move,improve
13068,16,2342.3399999999992,16,2342.3399999999992,swap,notBad
13069,16,2342.3399999999992,16,2342.3399999999992,2opt,notBad
13070,16,2342.3399999999992,16,2342.3399999999992,swap,notBad
13071,16,2342.3399999999992,16,2342.3399999999992,swap,notBad
13072,16,2342.3399999999992,16,2342.3399999999992,swap,notBad
13073,16,2342.3399999999992,16,2342.3399999999992,move,improve
13074,16,2342.3399999999992,16,2342.3399999999992,move,improve
13075,16,2342.3399999999992,16,2342.3399999999992,move,improve
13076,16,2342.3399999999992,16,2342.3399999999992,swap,notBad
13077,16,2342.3399999999992,16,2342.3399999999992,move,improve
13078,16,2342.3399999999992,16,2342.3399999999992,2opt,notBad
13079,16,2342.3399999999992,16,2342.3399999999992,2opt,notBad
13080,16,2342.3399999999992,16,2342.3399999999992,swap,notBad
13081,16,2342.3399999999992,16,2342.3399999999992,swap,notBad
13082,16,2342.459999999999,16,2342.3399999999992,2opt,acceptBad
13083,16,2342.459999999999,16,2342.3399999999992,move,improve
13084,16,2342.459999999999,16,2342.3399999999992,move,improve
13085,16,2342.459999999999,16,2342.3399999999992,2opt,notBad
13086,16,2342.459999999999,16,2342.3399999999992,swap,notBad
13087,16,2342.459999999999,16,2342.3399999999992,move,improve
13088,16,2342.459999999999,16,2342.3399999999992,move,improve
13089,16,2342.459999999999,16,2342.3399999999992,swap,notBad
13090,16,2342.459999999999,16,2342.3399999999992,2opt,notBad
13091,16,2342.459999999999,16,2342.3399999999992,2opt,notBad
13092,16,2342.459999999999,16,2342.3399999999992,move,improve
13093,16,2342.459999999999,16,2342.3399999999992,move,improve
13094,16,2342.459999999999,16,2342.3399999999992,2opt,notBad
13095,16,2342.459999999999,16,2342.3399999999992,2opt,notBad
13096,16,2342.459999999999,16,2342.3399999999992,move,improve
13097,16,2342.459999999999,16,2342.3399999999992,swap,notBad
13098,16,2342.459999999999,16,2342.3399999999992,move,improve
13099,16,2342.459999999999,16,2342.3399999999992,swap,notBad
13100,16,2342.459999999999,16,2342.3399999999992,move,improve
13101,16,2342.459999999999,16,2342.3399999999992,move,improve
13102,16,2342.459999999999,16,2342.3399999999992,2opt,notBad
13103,16,2342.459999999999,16,2342.3399999999992,move,improve
13104,16,2342.459999999999,16,2342.3399999999992,move,improve
13105,16,2342.459999999999,16,2342.3399999999992,2opt,notBad
13106,16,2342.459999999999,16,2342.3399999999992,2opt,notBad
13107,16,2342.459999999999,16,2342.3399999999992,move,improve
13108,16,2342.459999999999,16,2342.3399999999992,swap,notBad
13109,16,2342.459999999999,16,2342.3399999999992,move,improve
13110,16,2342.459999999999,16,2342.3399999999992,move,improve
13111,16,2342.459999999999,16,2342.3399999999992,swap,notBad
13112,16,2342.459999999999,16,2342.3399999999992,2opt,notBad
13113,16,2342.459999999999,16,2342.3399999999992,2opt,improve
13114,16,2342.459999999999,16,2342.3399999999992,move,improve
13115,16,2342.459999999999,16,2342.3399999999992,move,improve
13116,16,2342.459999999999,16,2342.3399999999992,move,improve
13117,16,2342.459999999999,16,2342.3399999999992,swap,notBad
13118,16,2342.459999999999,16,2342.3399999999992,2opt,notBad
13119,16,2342.459999999999,16,2342.3399999999992,2opt,notBad
13120,16,2342.459999999999,16,2342.3399999999992,swap,notBad
13121,16,2342.459999999999,16,2342.3399999999992,2opt,notBad
13122,16,2342.459999999999,16,2342.3399999999992,move,improve
13123,16,2342.459999999999,16,2342.3399999999992,move,improve
13124,16,2342.459999999999,16,2342.3399999999992,2opt,notBad
13125,16,2342.459999999999,16,2342.3399999999992,swap,notBad
13126,16,2342.459999999999,16,2342.3399999999992,move,improve
13127,16,2342.459999999999,16,2342.3399999999992,move,improve
13128,16,2342.459999999999,16,2342.3399999999992,move,improve
13129,16,2342.459999999999,16,2342.3399999999992,move,improve
13130,16,2342.459999999999,16,2342.3399999999992,move,improve
13131,16,2342.459999999999,16,2342.3399999999992,move,improve
13132,16,2342.459999999999,16,2342.3399999999992,2opt,notBad
13133,16,2342.459999999999,16,2342.3399999999992,2opt,notBad
13134,16,2342.459999999999,16,2342.3399999999992,swap,notBad
13135,16,2342.459999999999,16,2342.3399999999992,swap,notBad
13136,16,2342.459999999999,16,2342.3399999999992,2opt,notBad
13137,16,2342.459999999999,16,2342.3399999999992,swap,notBad
13138,16,2342.459999999999,16,2342.3399999999992,swap,notBad
13139,16,2342.459999999999,16,2342.3399999999992,move,improve
13140,16,2342.459999999999,16,2342.3399999999992,swap,notBad
13141,16,2342.459999999999,16,2342.3399999999992,move,improve
13142,16,2342.459999999999,16,2342.3399999999992,2opt,notBad
13143,16,2342.459999999999,16,2342.3399999999992,swap,notBad
13144,16,2342.459999999999,16,2342.3399999999992,move,improve
13145,16,2342.459999999999,16,2342.3399999999992,swap,notBad
13146,16,2342.459999999999,16,2342.3399999999992,swap,notBad
13147,16,2342.459999999999,16,2342.3399999999992,2opt,notBad
13148,16,2342.459999999999,16,2342.3399999999992,swap,notBad
13149,16,2342.459999999999,16,2342.3399999999992,swap,notBad
13150,16,2342.459999999999,16,2342.3399999999992,2opt,notBad
13151,16,2342.459999999999,16,2342.3399999999992,swap,notBad
13152,16,2342.459999999999,16,2342.3399999999992,move,improve
13153,16,2342.459999999999,16,2342.3399999999992,swap,notBad
13154,16,2342.459999999999,16,2342.3399999999992,2opt,notBad
13155,16,2342.459999999999,16,2342.3399999999992,2opt,notBad
13156,16,2342.459999999999,16,2342.3399999999992,move,improve
13157,16,2342.459999999999,16,2342.3399999999992,2opt,notBad
13158,16,2342.459999999999,16,2342.3399999999992,swap,notBad
13159,16,2342.459999999999,16,2342.3399999999992,2opt,notBad
13160,16,2342.459999999999,16,2342.3399999999992,swap,notBad
13161,16,2342.459999999999,16,2342.3399999999992,2opt,notBad
13162,16,2342.459999999999,16,2342.3399999999992,move,improve
13163,16,2342.459999999999,16,2342.3399999999992,2opt,notBad
13164,16,2342.459999999999,16,2342.3399999999992,2opt,notBad
13165,16,2342.459999999999,16,2342.3399999999992,move,improve
13166,16,2342.459999999999,16,2342.3399999999992,swap,notBad
13167,16,2342.459999999999,16,2342.3399999999992,move,improve
13168,16,2342.459999999999,16,2342.3399999999992,2opt,notBad
13169,16,2342.459999999999,16,2342.3399999999992,2opt,notBad
13170,16,2342.459999999999,16,2342.3399999999992,2opt,notBad
13171,16,2342.459999999999,16,2342.3399999999992,2opt,notBad
13172,16,2342.459999999999,16,2342.3399999999992,2opt,notBad
13173,16,2342.459999999999,16,2342.3399999999992,move,improve
13174,16,2342.459999999999,16,2342.3399999999992,2opt,notBad
13175,16,2342.459999999999,16,2342.3399999999992,swap,notBad
13176,16,2342.459999999999,16,2342.3399999999992,2opt,notBad
13177,16,2342.459999999999,16,2342.3399999999992,move,improve
13178,16,2342.459999999999,16,2342.3399999999992,swap,notBad
13179,16,2342.459999999999,16,2342.3399999999992,2opt,notBad
13180,16,2342.459999999999,16,2342.3399999999992,swap,notBad
13181,16,2342.459999999999,16,2342.3399999999992,move,improve
13182,16,2342.459999999999,16,2342.3399999999992,move,improve
13183,16,2342.459999999999,16,2342.3399999999992,swap,notBad
13184,16,2342.459999999999,16,2342.3399999999992,swap,notBad
13185,16,2342.459999999999,16,2342.3399999999992,swap,notBad
13186,16,2342.459999999999,16,2342.3399999999992,move,improve
13187,16,2342.459999999999,16,2342.3399999999992,swap,notBad
13188,16,2342.459999999999,16,2342.3399999999992,move,improve
13189,16,2342.459999999999,16,2342.3399999999992,2opt,notBad
13190,16,2342.459999999999,16,2342.3399999999992,2opt,improve
13191,16,2342.459999999999,16,2342.3399999999992,swap,notBad
13192,16,2342.3399999999992,16,2342.3399999999992,move,improve
13193,16,2342.3399999999992,16,2342.3399999999992,2opt,notBad
13194,16,2342.3399999999992,16,2342.3399999999992,2opt,notBad
13195,16,2342.3399999999992,16,2342.3399999999992,move,improve
13196,16,2342.3399999999992,16,2342.3399999999992,swap,notBad
13197,16,2342.3399999999992,16,2342.3399999999992,swap,notBad
13198,16,2342.3399999999992,16,2342.3399999999992,2opt,notBad
13199,16,2342.3399999999992,16,2342.3399999999992,swap,notBad
13200,16,2342.3399999999992,16,2342.3399999999992,2opt,notBad
13201,16,2342.3399999999992,16,2342.3399999999992,swap,notBad
13202,16,2342.3399999999992,16,2342.3399999999992,2opt,notBad
13203,16,2342.3399999999992,16,2342.3399999999992,swap,notBad
13204,16,2342.3399999999992,16,2342.3399999999992,move,improve
13205,16,2342.3399999999992,16,2342.3399999999992,swap,notBad
13206,16,2342.3399999999992,16,2342.3399999999992,2opt,notBad
13207,16,2342.3399999999992,16,2342.3399999999992,2opt,notBad
13208,16,2342.3399999999992,16,2342.3399999999992,swap,notBad
13209,16,2342.3399999999992,16,2342.3399999999992,2opt,notBad
13210,16,2342.3399999999992,16,2342.3399999999992,2opt,notBad
13211,16,2342.3399999999992,16,2342.3399999999992,swap,notBad
13212,16,2342.3399999999992,16,2342.3399999999992,2opt,notBad
13213,16,2342.3399999999992,16,2342.3399999999992,2opt,notBad
13214,16,2342.3399999999992,16,2342.3399999999992,2opt,notBad
13215,16,2342.3399999999992,16,2342.3399999999992,move,improve
13216,16,2342.3399999999992,16,2342.3399999999992,swap,notBad
13217,16,2342.3399999999992,16,2342.3399999999992,2opt,notBad
13218,16,2342.3399999999992,16,2342.3399999999992,move,improve
13219,16,2342.3399999999992,16,2342.3399999999992,move,improve
13220,16,2342.3399999999992,16,2342.3399999999992,move,improve
13221,16,2342.3399999999992,16,2342.3399999999992,swap,notBad
13222,16,2342.3399999999992,16,2342.3399999999992,move,improve
13223,16,2342.3399999999992,16,2342.3399999999992,move,improve
13224,16,2342.3399999999992,16,2342.3399999999992,swap,notBad
13225,16,2342.3399999999992,16,2342.3399999999992,2opt,notBad
13226,16,2342.3399999999992,16,2342.3399999999992,swap,notBad
13227,16,2342.3399999999992,16,2342.3399999999992,swap,notBad
13228,16,2342.3399999999992,16,2342.3399999999992,2opt,notBad
13229,16,2342.3399999999992,16,2342.3399999999992,2opt,notBad
13230,16,2342.3399999999992,16,2342.3399999999992,move,improve
13231,16,2342.3399999999992,16,2342.3399999999992,move,improve
13232,16,2342.3399999999992,16,2342.3399999999992,2opt,notBad
13233,16,2342.3399999999992,16,2342.3399999999992,2opt,notBad
13234,16,2342.3399999999992,16,2342.3399999999992,swap,notBad
13235,16,2342.3399999999992,16,2342.3399999999992,2opt,notBad
13236,16,2342.3399999999992,16,2342.3399999999992,move,improve
13237,16,2342.3399999999992,16,2342.3399999999992,2opt,notBad
13238,16,2342.3399999999992,16,2342.3399999999992,2opt,notBad
13239,16,2342.3399999999992,16,2342.3399999999992,move,improve
13240,16,2342.3399999999992,16,2342.3399999999992,move,improve
13241,16,2342.3399999999992,16,2342.3399999999992,2opt,notBad
13242,16,2342.3399999999992,16,2342.3399999999992,move,improve
13243,16,2342.3399999999992,16,2342.3399999999992,swap,notBad
13244,16,2342.3399999999992,16,2342.3399999999992,move,improve
13245,16,2342.3399999999992,16,2342.3399999999992,move,improve
13246,16,2342.3399999999992,16,2342.3399999999992,move,improve
13247,16,2342.3399999999992,16,2342.3399999999992,swap,notBad
13248,16,2342.3399999999992,16,2342.3399999999992,2opt,notBad
13249,16,2342.3399999999992,16,2342.3399999999992,move,improve
13250,16,2342.3399999999992,16,2342.3399999999992,move,improve
13251,16,2342.3399999999992,16,2342.3399999999992,2opt,notBad
13252,16,2342.3399999999992,16,2342.3399999999992,swap,notBad
13253,16,2342.3399999999992,16,2342.3399999999992,2opt,notBad
13254,16,2342.3399999999992,16,2342.3399999999992,2opt,improve
13255,16,2342.3399999999992,16,2342.3399999999992,swap,notBad
13256,16,2342.3399999999992,16,2342.3399999999992,2opt,notBad
13257,16,2342.3399999999992,16,2342.3399999999992,move,improve
13258,16,2342.3399999999992,16,2342.3399999999992,2opt,notBad
13259,16,2342.3399999999992,16,2342.3399999999992,2opt,notBad
13260,16,2342.3399999999992,16,2342.3399999999992,move,improve
13261,16,2342.3399999999992,16,2342.3399999999992,move,improve
13262,16,2342.3399999999992,16,2342.3399999999992,move,improve
13263,16,2342.3399999999992,16,2342.3399999999992,move,improve
13264,16,2342.3399999999992,16,2342.3399999999992,2opt,notBad
13265,16,2342.3399999999992,16,2342.3399999999992,2opt,notBad
13266,16,2342.3399999999992,16,2342.3399999999992,2opt,notBad
13267,16,2342.3399999999992,16,2342.3399999999992,move,improve
13268,16,2342.5199999999995,16,2342.3399999999992,swap,acceptBad
13269,16,2342.5199999999995,16,2342.3399999999992,swap,notBad
13270,16,2342.5199999999995,16,2342.3399999999992,move,improve
13271,16,2342.5199999999995,16,2342.3399999999992,2opt,notBad
13272,16,2342.5199999999995,16,2342.3399999999992,2opt,notBad
13273,16,2342.5199999999995,16,2342.3399999999992,move,improve
13274,16,2342.5199999999995,16,2342.3399999999992,move,improve
13275,16,2342.5199999999995,16,2342.3399999999992,swap,notBad
13276,16,2342.5199999999995,16,2342.3399999999992,2opt,notBad
13277,16,2342.5199999999995,16,2342.3399999999992,swap,notBad
13278,16,2342.5199999999995,16,2342.3399999999992,2opt,notBad
13279,16,2342.5199999999995,16,2342.3399999999992,move,improve
13280,16,2342.5199999999995,16,2342.3399999999992,2opt,notBad
13281,16,2342.5199999999995,16,2342.3399999999992,2opt,notBad
13282,16,2342.5199999999995,16,2342.3399999999992,2opt,notBad
13283,16,2342.5199999999995,16,2342.3399999999992,2opt,notBad
13284,16,2342.5199999999995,16,2342.3399999999992,2opt,notBad
13285,16,2342.5199999999995,16,2342.3399999999992,2opt,notBad
13286,16,2342.5199999999995,16,2342.3399999999992,move,improve
13287,16,2342.5199999999995,16,2342.3399999999992,2opt,notBad
13288,16,2342.5199999999995,16,2342.3399999999992,move,improve
13289,16,2342.5199999999995,16,2342.3399999999992,move,improve
13290,16,2342.5199999999995,16,2342.3399999999992,swap,notBad
13291,16,2342.5199999999995,16,2342.3399999999992,swap,notBad
13292,16,2342.5199999999995,16,2342.3399999999992,move,improve
13293,16,2342.5199999999995,16,2342.3399999999992,move,improve
13294,16,2342.5199999999995,16,2342.3399999999992,swap,notBad
13295,16,2342.5199999999995,16,2342.3399999999992,move,improve
13296,16,2342.5199999999995,16,2342.3399999999992,move,improve
13297,16,2342.5199999999995,16,2342.3399999999992,move,improve
13298,16,2342.5199999999995,16,2342.3399999999992,move,improve
13299,16,2342.5199999999995,16,2342.3399999999992,2opt,notBad
13300,16,2342.5199999999995,16,2342.3399999999992,swap,notBad
13301,16,2342.5199999999995,16,2342.3399999999992,swap,notBad
13302,16,2342.5199999999995,16,2342.3399999999992,move,improve
13303,16,2342.5199999999995,16,2342.3399999999992,2opt,notBad
13304,16,2342.5199999999995,16,2342.3399999999992,swap,notBad
13305,16,2342.5199999999995,16,2342.3399999999992,move,improve
13306,16,2342.5199999999995,16,2342.3399999999992,swap,notBad
13307,16,2342.5199999999995,16,2342.3399999999992,move,improve
13308,16,2342.5199999999995,16,2342.3399999999992,2opt,notBad
13309,16,2342.5199999999995,16,2342.3399999999992,move,improve
13310,16,2342.5199999999995,16,2342.3399999999992,swap,notBad
13311,16,2342.5199999999995,16,2342.3399999999992,swap,notBad
13312,16,2342.5199999999995,16,2342.3399999999992,move,improve
13313,16,2342.5199999999995,16,2342.3399999999992,move,improve
13314,16,2342.5199999999995,16,2342.3399999999992,move,improve
13315,16,2342.5199999999995,16,2342.3399999999992,2opt,notBad
13316,16,2342.5199999999995,16,2342.3399999999992,2opt,notBad
13317,16,2342.5199999999995,16,2342.3399999999992,swap,notBad
13318,16,2342.5199999999995,16,2342.3399999999992,2opt,improve
13319,16,2342.5199999999995,16,2342.3399999999992,move,improve
13320,16,2342.5199999999995,16,2342.3399999999992,move,improve
13321,16,2342.5199999999995,16,2342.3399999999992,move,improve
13322,16,2342.5199999999995,16,2342.3399999999992,swap,notBad
13323,16,2342.5199999999995,16,2342.3399999999992,2opt,notBad
13324,16,2342.5199999999995,16,2342.3399999999992,move,improve
13325,16,2342.5199999999995,16,2342.3399999999992,move,improve
13326,16,2342.5199999999995,16,2342.3399999999992,move,improve
13327,16,2342.5199999999995,16,2342.3399999999992,move,improve
13328,16,2342.5199999999995,16,2342.3399999999992,move,improve
13329,16,2342.5199999999995,16,2342.3399999999992,swap,notBad
13330,16,2342.5199999999995,16,2342.3399999999992,swap,notBad
13331,16,2342.5199999999995,16,2342.3399999999992,swap,notBad
13332,16,2342.5199999999995,16,2342.3399999999992,move,improve
13333,16,2342.5199999999995,16,2342.3399999999992,swap,notBad
13334,16,2342.5199999999995,16,2342.3399999999992,2opt,notBad
13335,16,2342.5199999999995,16,2342.3399999999992,swap,notBad
13336,16,2342.5199999999995,16,2342.3399999999992,swap,notBad
13337,16,2342.5199999999995,16,2342.3399999999992,move,improve
13338,16,2342.5199999999995,16,2342.3399999999992,move,improve
13339,16,2342.5199999999995,16,2342.3399999999992,2opt,notBad
13340,16,2342.5199999999995,16,2342.3399999999992,swap,notBad
13341,16,2342.5199999999995,16,2342.3399999999992,swap,notBad
13342,16,2342.3399999999992,16,2342.3399999999992,swap,improve
13343,16,2342.3399999999992,16,2342.3399999999992,move,improve
13344,16,2342.3399999999992,16,2342.3399999999992,swap,notBad
13345,16,2342.3399999999992,16,2342.3399999999992,swap,notBad
13346,16,2342.3399999999992,16,2342.3399999999992,2opt,notBad
13347,16,2342.3399999999992,16,2342.3399999999992,swap,notBad
13348,16,2342.3399999999992,16,2342.3399999999992,swap,notBad
13349,16,2342.3399999999992,16,2342.3399999999992,2opt,improve
13350,16,2342.3399999999992,16,2342.3399999999992,swap,notBad
13351,16,2342.3399999999992,16,2342.3399999999992,swap,notBad
13352,16,2342.3399999999992,16,2342.3399999999992,swap,notBad
13353,16,2342.3399999999992,16,2342.3399999999992,swap,notBad
13354,16,2342.3399999999992,16,2342.3399999999992,2opt,notBad
13355,16,2342.3399999999992,16,2342.3399999999992,move,improve
13356,16,2342.3399999999992,16,2342.3399999999992,move,improve
13357,16,2342.3399999999992,16,2342.3399999999992,2opt,notBad
13358,16,2342.3399999999992,16,2342.3399999999992,swap,notBad
13359,16,2342.3399999999992,16,2342.3399999999992,2opt,notBad
13360,16,2342.3399999999992,16,2342.3399999999992,2opt,notBad
13361,16,2342.3399999999992,16,2342.3399999999992,2opt,notBad
13362,16,2342.3399999999992,16,2342.3399999999992,swap,notBad
13363,16,2342.3399999999992,16,2342.3399999999992,2opt,notBad
13364,16,2342.3399999999992,16,2342.3399999999992,move,improve
13365,16,2342.3399999999992,16,2342.3399999999992,swap,notBad
13366,16,2342.3399999999992,16,2342.3399999999992,swap,notBad
13367,16,2342.3399999999992,16,2342.3399999999992,2opt,notBad
13368,16,2342.3399999999992,16,2342.3399999999992,swap,notBad
13369,16,2342.3399999999992,16,2342.3399999999992,swap,notBad
13370,16,2342.3399999999992,16,2342.3399999999992,swap,notBad
13371,16,2342.3399999999992,16,2342.3399999999992,move,improve
13372,16,2342.3399999999992,16,2342.3399999999992,move,improve
13373,16,2342.3399999999992,16,2342.3399999999992,2opt,notBad
13374,16,2342.3399999999992,16,2342.3399999999992,move,improve
13375,16,2342.3399999999992,16,2342.3399999999992,move,improve
13376,16,2342.3399999999992,16,2342.3399999999992,swap,notBad
13377,16,2342.3399999999992,16,2342.3399999999992,2opt,notBad
13378,16,2342.3399999999992,16,2342.3399999999992,2opt,improve
13379,16,2342.3399999999992,16,2342.3399999999992,swap,notBad
13380,16,2342.3399999999992,16,2342.3399999999992,swap,notBad
13381,16,2342.3399999999992,16,2342.3399999999992,move,improve
13382,16,2342.3399999999992,16,2342.3399999999992,swap,notBad
13383,16,2342.3399999999992,16,2342.3399999999992,swap,notBad
13384,16,2342.3399999999992,16,2342.3399999999992,move,improve
13385,16,2342.3399999999992,16,2342.3399999999992,move,improve
13386,16,2342.3399999999992,16,2342.3399999999992,move,improve
13387,16,2342.3399999999992,16,2342.3399999999992,2opt,improve
13388,16,2342.3399999999992,16,2342.3399999999992,2opt,improve
13389,16,2342.3399999999992,16,2342.3399999999992,move,improve
13390,16,2342.3399999999992,16,2342.3399999999992,move,improve
13391,16,2342.3399999999992,16,2342.3399999999992,swap,notBad
13392,16,2342.3399999999992,16,2342.3399999999992,2opt,improve
13393,16,2342.3399999999992,16,2342.3399999999992,swap,notBad
13394,16,2342.3399999999992,16,2342.3399999999992,2opt,notBad
13395,16,2342.3399999999992,16,2342.3399999999992,move,improve
13396,16,2342.3399999999992,16,2342.3399999999992,move,improve
13397,16,2342.3399999999992,16,2342.3399999999992,move,improve
13398,16,2342.3399999999992,16,2342.3399999999992,swap,notBad
13399,16,2342.3399999999992,16,2342.3399999999992,move,improve
13400,16,2342.3399999999992,16,2342.3399999999992,2opt,improve
13401,16,2342.3399999999992,16,2342.3399999999992,swap,notBad
13402,16,2342.3399999999992,16,2342.3399999999992,swap,notBad
13403,16,2342.3399999999992,16,2342.3399999999992,swap,notBad
13404,16,2342.3399999999992,16,2342.3399999999992,2opt,notBad
13405,16,2342.3399999999992,16,2342.3399999999992,swap,notBad
13406,16,2342.3399999999992,16,2342.3399999999992,move,improve
13407,16,2342.3399999999992,16,2342.3399999999992,swap,notBad
13408,16,2342.3399999999992,16,2342.3399999999992,move,improve
13409,16,2342.3399999999992,16,2342.3399999999992,2opt,notBad
13410,16,2342.3399999999992,16,2342.3399999999992,2opt,notBad
13411,16,2342.3399999999992,16,2342.3399999999992,swap,notBad
13412,16,2342.3399999999992,16,2342.3399999999992,swap,notBad
13413,16,2342.3399999999992,16,2342.3399999999992,swap,notBad
13414,16,2342.3399999999992,16,2342.3399999999992,move,improve
13415,16,2342.3399999999992,16,2342.3399999999992,2opt,notBad
13416,16,2342.3399999999992,16,2342.3399999999992,move,improve
13417,16,2342.3399999999992,16,2342.3399999999992,2opt,notBad
13418,16,2342.3399999999992,16,2342.3399999999992,move,improve
13419,16,2342.3399999999992,16,2342.3399999999992,swap,notBad
13420,16,2342.3399999999992,16,2342.3399999999992,2opt,notBad
13421,16,2342.3399999999992,16,2342.3399999999992,move,improve
13422,16,2342.3399999999992,16,2342.3399999999992,2opt,notBad
13423,16,2342.3399999999992,16,2342.3399999999992,2opt,notBad
13424,16,2342.3399999999992,16,2342.3399999999992,swap,notBad
13425,16,2342.3399999999992,16,2342.3399999999992,2opt,notBad
13426,16,2342.3399999999992,16,2342.3399999999992,2opt,notBad
13427,16,2342.3399999999992,16,2342.3399999999992,2opt,notBad
13428,16,2342.3399999999992,16,2342.3399999999992,2opt,notBad
13429,16,2342.3399999999992,16,2342.3399999999992,move,improve
13430,16,2342.3399999999992,16,2342.3399999999992,2opt,improve
13431,16,2342.3399999999992,16,2342.3399999999992,move,improve
13432,16,2342.3399999999992,16,2342.3399999999992,swap,notBad
13433,16,2342.3399999999992,16,2342.3399999999992,2opt,notBad
13434,16,2342.3399999999992,16,2342.3399999999992,2opt,improve
13435,16,2342.3399999999992,16,2342.3399999999992,swap,notBad
13436,16,2342.3399999999992,16,2342.3399999999992,swap,notBad
13437,16,2342.3399999999992,16,2342.3399999999992,2opt,notBad
13438,16,2342.3399999999992,16,2342.3399999999992,swap,notBad
13439,16,2342.3399999999992,16,2342.3399999999992,move,improve
13440,16,2342.3399999999992,16,2342.3399999999992,swap,notBad
13441,16,2342.3399999999992,16,2342.3399999999992,swap,notBad
13442,16,2342.3399999999992,16,2342.3399999999992,2opt,notBad
13443,16,2342.3399999999992,16,2342.3399999999992,swap,notBad
13444,16,2342.3399999999992,16,2342.3399999999992,2opt,notBad
13445,16,2342.3399999999992,16,2342.3399999999992,2opt,notBad
13446,16,2342.3399999999992,16,2342.3399999999992,2opt,notBad
13447,16,2342.3399999999992,16,2342.3399999999992,2opt,notBad
13448,16,2342.3399999999992,16,2342.3399999999992,2opt,notBad
13449,16,2342.3399999999992,16,2342.3399999999992,2opt,notBad
13450,16,2342.3399999999992,16,2342.3399999999992,swap,notBad
13451,16,2342.3399999999992,16,2342.3399999999992,swap,notBad
13452,16,2342.3399999999992,16,2342.3399999999992,move,improve
13453,16,2342.3399999999992,16,2342.3399999999992,2opt,notBad
13454,16,2342.3399999999992,16,2342.3399999999992,swap,notBad
13455,16,2342.3399999999992,16,2342.3399999999992,2opt,notBad
13456,16,2342.3399999999992,16,2342.3399999999992,move,improve
13457,16,2342.3399999999992,16,2342.3399999999992,2opt,improve
13458,16,2342.3399999999992,16,2342.3399999999992,move,improve
13459,16,2342.3399999999992,16,2342.3399999999992,2opt,notBad
13460,16,2342.3399999999992,16,2342.3399999999992,move,improve
13461,16,2342.3399999999992,16,2342.3399999999992,move,improve
13462,16,2342.3399999999992,16,2342.3399999999992,2opt,notBad
13463,16,2342.3399999999992,16,2342.3399999999992,move,improve
13464,16,2342.3399999999992,16,2342.3399999999992,move,improve
13465,16,2342.3399999999992,16,2342.3399999999992,2opt,notBad
13466,16,2342.3399999999992,16,2342.3399999999992,swap,notBad
13467,16,2342.3399999999992,16,2342.3399999999992,swap,notBad
13468,16,2342.3399999999992,16,2342.3399999999992,2opt,notBad
13469,16,2342.3399999999992,16,2342.3399999999992,swap,notBad
13470,16,2342.3399999999992,16,2342.3399999999992,move,improve
13471,16,2342.3399999999992,16,2342.3399999999992,swap,notBad
13472,16,2342.3399999999992,16,2342.3399999999992,swap,notBad
13473,16,2342.3399999999992,16,2342.3399999999992,2opt,improve
13474,16,2342.3399999999992,16,2342.3399999999992,2opt,notBad
13475,16,2342.3399999999992,16,2342.3399999999992,swap,notBad
13476,16,2342.3399999999992,16,2342.3399999999992,2opt,notBad
13477,16,2342.3399999999992,16,2342.3399999999992,swap,notBad
13478,16,2342.3399999999992,16,2342.3399999999992,swap,notBad
13479,16,2342.3399999999992,16,2342.3399999999992,swap,notBad
13480,16,2342.3399999999992,16,2342.3399999999992,swap,notBad
13481,16,2342.3399999999992,16,2342.3399999999992,swap,notBad
13482,16,2342.3399999999992,16,2342.3399999999992,swap,notBad
13483,16,2342.3399999999992,16,2342.3399999999992,move,improve
13484,16,2342.3399999999992,16,2342.3399999999992,move,improve
13485,16,2342.3399999999992,16,2342.3399999999992,move,improve
13486,16,2342.3399999999992,16,2342.3399999999992,swap,notBad
13487,16,2342.3399999999992,16,2342.3399999999992,move,improve
13488,16,2342.3399999999992,16,2342.3399999999992,2opt,notBad
13489,16,2342.3399999999992,16,2342.3399999999992,move,improve
13490,16,2342.3399999999992,16,2342.3399999999992,2opt,notBad
13491,16,2342.3399999999992,16,2342.3399999999992,swap,notBad
13492,16,2342.3399999999992,16,2342.3399999999992,move,improve
13493,16,2342.3399999999992,16,2342.3399999999992,move,improve
13494,16,2342.3399999999992,16,2342.3399999999992,2opt,improve
13495,16,2342.3399999999992,16,2342.3399999999992,move,improve
13496,16,2342.3399999999992,16,2342.3399999999992,swap,notBad
13497,16,2342.3399999999992,16,2342.3399999999992,2opt,notBad
13498,16,2342.3399999999992,16,2342.3399999999992,swap,notBad
13499,16,2342.3399999999992,16,2342.3399999999992,swap,notBad
13500,16,2342.3399999999992,16,2342.3399999999992,2opt,notBad
13501,16,2342.3399999999992,16,2342.3399999999992,move,improve
13502,16,2342.3399999999992,16,2342.3399999999992,2opt,notBad
13503,16,2342.3399999999992,16,2342.3399999999992,2opt,notBad
13504,16,2342.3399999999992,16,2342.3399999999992,move,improve
13505,16,2342.3399999999992,16,2342.3399999999992,swap,notBad
13506,16,2342.3399999999992,16,2342.3399999999992,swap,notBad
13507,16,2342.3399999999992,16,2342.3399999999992,move,improve
13508,16,2342.3399999999992,16,2342.3399999999992,move,improve
13509,16,2342.3399999999992,16,2342.3399999999992,2opt,notBad
13510,16,2342.3399999999992,16,2342.3399999999992,2opt,notBad
13511,16,2342.3399999999992,16,2342.3399999999992,2opt,notBad
13512,16,2342.3399999999992,16,2342.3399999999992,swap,notBad
13513,16,2342.3399999999992,16,2342.3399999999992,swap,notBad
13514,16,2342.3399999999992,16,2342.3399999999992,2opt,notBad
13515,16,2342.3399999999992,16,2342.3399999999992,2opt,notBad
13516,16,2342.3399999999992,16,2342.3399999999992,swap,notBad
13517,16,2342.3399999999992,16,2342.3399999999992,2opt,improve
13518,16,2342.3399999999992,16,2342.3399999999992,2opt,improve
13519,16,2342.3399999999992,16,2342.3399999999992,2opt,improve
13520,16,2342.3399999999992,16,2342.3399999999992,swap,notBad
13521,16,2342.3399999999992,16,2342.3399999999992,2opt,notBad
13522,16,2342.3399999999992,16,2342.3399999999992,swap,notBad
13523,16,2342.3399999999992,16,2342.3399999999992,swap,notBad
13524,16,2342.3399999999992,16,2342.3399999999992,swap,notBad
13525,16,2342.3399999999992,16,2342.3399999999992,swap,notBad
13526,16,2342.3399999999992,16,2342.3399999999992,2opt,improve
13527,16,2342.3399999999992,16,2342.3399999999992,2opt,notBad
13528,16,2342.3399999999992,16,2342.3399999999992,swap,notBad
13529,16,2342.3399999999992,16,2342.3399999999992,swap,notBad
13530,16,2342.3399999999992,16,2342.3399999999992,swap,notBad
13531,16,2342.3399999999992,16,2342.3399999999992,swap,notBad
13532,16,2342.3399999999992,16,2342.3399999999992,swap,notBad
13533,16,2342.3399999999992,16,2342.3399999999992,2opt,notBad
13534,16,2342.3399999999992,16,2342.3399999999992,swap,notBad
13535,16,2342.3399999999992,16,2342.3399999999992,2opt,notBad
13536,16,2342.3399999999992,16,2342.3399999999992,2opt,notBad
13537,16,2342.3399999999992,16,2342.3399999999992,move,improve
13538,16,2342.3399999999992,16,2342.3399999999992,move,improve
13539,16,2342.3399999999992,16,2342.3399999999992,move,improve
13540,16,2342.3399999999992,16,2342.3399999999992,move,improve
13541,16,2342.3399999999992,16,2342.3399999999992,move,improve
13542,16,2342.3399999999992,16,2342.3399999999992,2opt,notBad
13543,16,2342.3399999999992,16,2342.3399999999992,2opt,notBad
13544,16,2342.3399999999992,16,2342.3399999999992,swap,notBad
13545,16,2342.3399999999992,16,2342.3399999999992,2opt,improve
13546,16,2342.3399999999992,16,2342.3399999999992,swap,notBad
13547,16,2342.3399999999992,16,2342.3399999999992,swap,notBad
13548,16,2342.3399999999992,16,2342.3399999999992,move,improve
13549,16,2342.3399999999992,16,2342.3399999999992,2opt,notBad
13550,16,2342.3399999999992,16,2342.3399999999992,move,improve
13551,16,2342.3399999999992,16,2342.3399999999992,move,improve
13552,16,2342.3399999999992,16,2342.3399999999992,swap,notBad
13553,16,2342.3399999999992,16,2342.3399999999992,2opt,notBad
13554,16,2342.3399999999992,16,2342.3399999999992,2opt,notBad
13555,16,2342.3399999999992,16,2342.3399999999992,move,improve
13556,16,2342.3399999999992,16,2342.3399999999992,swap,notBad
13557,16,2342.3399999999992,16,2342.3399999999992,2opt,notBad
13558,16,2342.3399999999992,16,2342.3399999999992,swap,notBad
13559,16,2342.3399999999992,16,2342.3399999999992,2opt,notBad
13560,16,2342.3399999999992,16,2342.3399999999992,2opt,improve
13561,16,2342.3399999999992,16,2342.3399999999992,swap,notBad
13562,16,2342.3399999999992,16,2342.3399999999992,swap,notBad
13563,16,2342.3399999999992,16,2342.3399999999992,move,improve
13564,16,2342.3399999999992,16,2342.3399999999992,2opt,notBad
13565,16,2342.3399999999992,16,2342.3399999999992,swap,notBad
13566,16,2342.3399999999992,16,2342.3399999999992,swap,notBad
13567,16,2342.3399999999992,16,2342.3399999999992,swap,notBad
13568,16,2342.3399999999992,16,2342.3399999999992,2opt,improve
13569,16,2342.3399999999992,16,2342.3399999999992,swap,notBad
13570,16,2342.3399999999992,16,2342.3399999999992,2opt,notBad
13571,16,2342.3399999999992,16,2342.3399999999992,move,improve
13572,16,2342.3399999999992,16,2342.3399999999992,2opt,notBad
13573,16,2342.3399999999992,16,2342.3399999999992,move,improve
13574,16,2342.3399999999992,16,2342.3399999999992,move,improve
13575,16,2342.3399999999992,16,2342.3399999999992,swap,notBad
13576,16,2342.3399999999992,16,2342.3399999999992,move,improve
13577,16,2342.3399999999992,16,2342.3399999999992,swap,notBad
13578,16,2342.3399999999992,16,2342.3399999999992,swap,notBad
13579,16,2342.3399999999992,16,2342.3399999999992,move,improve
13580,16,2342.3399999999992,16,2342.3399999999992,swap,notBad
13581,16,2342.3399999999992,16,2342.3399999999992,move,improve
13582,16,2342.3399999999992,16,2342.3399999999992,2opt,notBad
13583,16,2342.3399999999992,16,2342.3399999999992,swap,notBad
13584,16,2342.3399999999992,16,2342.3399999999992,swap,notBad
13585,16,2342.3399999999992,16,2342.3399999999992,2opt,notBad
13586,16,2342.3399999999992,16,2342.3399999999992,move,improve
13587,16,2342.3399999999992,16,2342.3399999999992,swap,notBad
13588,16,2342.3399999999992,16,2342.3399999999992,move,improve
13589,16,2342.3399999999992,16,2342.3399999999992,2opt,notBad
13590,16,2342.3399999999992,16,2342.3399999999992,swap,notBad
13591,16,2342.3399999999992,16,2342.3399999999992,2opt,notBad
13592,16,2342.3399999999992,16,2342.3399999999992,move,improve
13593,16,2342.3399999999992,16,2342.3399999999992,move,improve
13594,16,2342.3399999999992,16,2342.3399999999992,2opt,notBad
13595,16,2342.3399999999992,16,2342.3399999999992,swap,notBad
13596,16,2342.3399999999992,16,2342.3399999999992,2opt,notBad
13597,16,2342.3399999999992,16,2342.3399999999992,move,improve
13598,16,2342.3399999999992,16,2342.3399999999992,2opt,notBad
13599,16,2342.3399999999992,16,2342.3399999999992,move,improve
13600,16,2342.3399999999992,16,2342.3399999999992,move,improve
13601,16,2342.3399999999992,16,2342.3399999999992,move,improve
13602,16,2342.3399999999992,16,2342.3399999999992,move,improve
13603,16,2342.3399999999992,16,2342.3399999999992,2opt,improve
13604,16,2342.3399999999992,16,2342.3399999999992,swap,notBad
13605,16,2342.3399999999992,16,2342.3399999999992,swap,notBad
13606,16,2342.3399999999992,16,2342.3399999999992,2opt,notBad
13607,16,2342.3399999999992,16,2342.3399999999992,2opt,notBad
13608,16,2342.3399999999992,16,2342.3399999999992,move,improve
13609,16,2342.3399999999992,16,2342.3399999999992,2opt,notBad
13610,16,2342.3399999999992,16,2342.3399999999992,move,improve
13611,16,2342.3399999999992,16,2342.3399999999992,swap,notBad
13612,16,2342.3399999999992,16,2342.3399999999992,swap,notBad
13613,16,2342.3399999999992,16,2342.3399999999992,2opt,notBad
13614,16,2342.3399999999992,16,2342.3399999999992,swap,notBad
13615,16,2342.3399999999992,16,2342.3399999999992,swap,notBad
13616,16,2342.3399999999992,16,2342.3399999999992,swap,notBad
13617,16,2342.3399999999992,16,2342.3399999999992,2opt,notBad
13618,16,2342.3399999999992,16,2342.3399999999992,2opt,notBad
13619,16,2342.3399999999992,16,2342.3399999999992,move,improve
13620,16,2342.3399999999992,16,2342.3399999999992,move,improve
13621,16,2342.3399999999992,16,2342.3399999999992,move,improve
13622,16,2342.3399999999992,16,2342.3399999999992,move,improve
13623,16,2342.3399999999992,16,2342.3399999999992,swap,notBad
13624,16,2342.3399999999992,16,2342.3399999999992,move,improve
13625,16,2342.3399999999992,16,2342.3399999999992,move,improve
13626,16,2342.3399999999992,16,2342.3399999999992,swap,notBad
13627,16,2342.3399999999992,16,2342.3399999999992,2opt,notBad
13628,16,2342.3399999999992,16,2342.3399999999992,move,improve
13629,16,2342.3399999999992,16,2342.3399999999992,2opt,notBad
13630,16,2342.3399999999992,16,2342.3399999999992,swap,notBad
13631,16,2342.3399999999992,16,2342.3399999999992,swap,notBad
13632,16,2342.3399999999992,16,2342.3399999999992,move,improve
13633,16,2342.3399999999992,16,2342.3399999999992,move,improve
13634,16,2342.3399999999992,16,2342.3399999999992,2opt,notBad
13635,16,2342.3399999999992,16,2342.3399999999992,swap,notBad
13636,16,2342.3399999999992,16,2342.3399999999992,2opt,notBad
13637,16,2342.3399999999992,16,2342.3399999999992,swap,notBad
13638,16,2342.3399999999992,16,2342.3399999999992,2opt,notBad
13639,16,2342.3399999999992,16,2342.3399999999992,swap,notBad
13640,16,2342.3399999999992,16,2342.3399999999992,swap,notBad
13641,16,2342.3399999999992,16,2342.3399999999992,2opt,notBad
13642,16,2342.3399999999992,16,2342.3399999999992,2opt,notBad
13643,16,2342.3399999999992,16,2342.3399999999992,2opt,notBad
13644,16,2342.3399999999992,16,2342.3399999999992,swap,notBad
13645,16,2342.3399999999992,16,2342.3399999999992,move,improve
13646,16,2342.3399999999992,16,2342.3399999999992,2opt,notBad
13647,16,2342.3399999999992,16,2342.3399999999992,2opt,notBad
13648,16,2342.3399999999992,16,2342.3399999999992,move,improve
13649,16,2342.3399999999992,16,2342.3399999999992,swap,notBad
13650,16,2342.3399999999992,16,2342.3399999999992,move,improve
13651,16,2342.3399999999992,16,2342.3399999999992,swap,notBad
13652,16,2342.3399999999992,16,2342.3399999999992,2opt,notBad
13653,16,2342.3399999999992,16,2342.3399999999992,move,improve
13654,16,2342.3399999999992,16,2342.3399999999992,2opt,notBad
13655,16,2342.3399999999992,16,2342.3399999999992,2opt,notBad
13656,16,2342.579999999999,16,2342.3399999999992,swap,acceptBad
13657,16,2342.579999999999,16,2342.3399999999992,swap,notBad
13658,16,2342.579999999999,16,2342.3399999999992,swap,notBad
13659,16,2342.579999999999,16,2342.3399999999992,swap,notBad
13660,16,2342.579999999999,16,2342.3399999999992,2opt,notBad
13661,16,2342.579999999999,16,2342.3399999999992,2opt,notBad
13662,16,2342.579999999999,16,2342.3399999999992,2opt,notBad
13663,16,2342.579999999999,16,2342.3399999999992,swap,notBad
13664,16,2342.579999999999,16,2342.3399999999992,swap,notBad
13665,16,2342.579999999999,16,2342.3399999999992,swap,notBad
13666,16,2342.579999999999,16,2342.3399999999992,swap,notBad
13667,16,2342.579999999999,16,2342.3399999999992,move,improve
13668,16,2342.579999999999,16,2342.3399999999992,swap,notBad
13669,16,2342.579999999999,16,2342.3399999999992,2opt,notBad
13670,16,2342.579999999999,16,2342.3399999999992,2opt,notBad
13671,16,2342.579999999999,16,2342.3399999999992,2opt,notBad
13672,16,2342.579999999999,16,2342.3399999999992,swap,notBad
13673,16,2342.579999999999,16,2342.3399999999992,2opt,improve
13674,16,2342.579999999999,16,2342.3399999999992,2opt,notBad
13675,16,2342.579999999999,16,2342.3399999999992,move,improve
13676,16,2342.579999999999,16,2342.3399999999992,2opt,notBad
13677,16,2342.579999999999,16,2342.3399999999992,move,improve
13678,16,2342.579999999999,16,2342.3399999999992,2opt,notBad
13679,16,2342.579999999999,16,2342.3399999999992,2opt,notBad
13680,16,2342.579999999999,16,2342.3399999999992,swap,notBad
13681,16,2342.579999999999,16,2342.3399999999992,move,improve
13682,16,2342.579999999999,16,2342.3399999999992,move,improve
13683,16,2342.579999999999,16,2342.3399999999992,2opt,notBad
13684,16,2342.579999999999,16,2342.3399999999992,move,improve
13685,16,2342.579999999999,16,2342.3399999999992,2opt,notBad
13686,16,2342.579999999999,16,2342.3399999999992,2opt,notBad
13687,16,2342.579999999999,16,2342.3399999999992,swap,notBad
13688,16,2342.579999999999,16,2342.3399999999992,swap,notBad
13689,16,2342.579999999999,16,2342.3399999999992,move,improve
13690,16,2342.579999999999,16,2342.3399999999992,swap,notBad
13691,16,2342.579999999999,16,2342.3399999999992,swap,notBad
13692,16,2342.579999999999,16,2342.3399999999992,swap,notBad
13693,16,2342.579999999999,16,2342.3399999999992,2opt,improve
13694,16,2342.579999999999,16,2342.3399999999992,swap,notBad
13695,16,2342.579999999999,16,2342.3399999999992,move,improve
13696,16,2342.579999999999,16,2342.3399999999992,move,improve
13697,16,2342.579999999999,16,2342.3399999999992,2opt,notBad
13698,16,2342.579999999999,16,2342.3399999999992,2opt,notBad
13699,16,2342.579999999999,16,2342.3399999999992,move,improve
13700,16,2342.579999999999,16,2342.3399999999992,move,improve
13701,16,2342.579999999999,16,2342.3399999999992,2opt,notBad
13702,16,2342.579999999999,16,2342.3399999999992,swap,notBad
13703,16,2342.579999999999,16,2342.3399999999992,2opt,notBad
13704,16,2342.579999999999,16,2342.3399999999992,2opt,notBad
13705,16,2342.579999999999,16,2342.3399999999992,swap,notBad
13706,16,2342.579999999999,16,2342.3399999999992,2opt,notBad
13707,16,2342.579999999999,16,2342.3399999999992,2opt,notBad
13708,16,2342.579999999999,16,2342.3399999999992,move,improve
13709,16,2342.579999999999,16,2342.3399999999992,swap,notBad
13710,16,2342.579999999999,16,2342.3399999999992,move,improve
13711,16,2342.579999999999,16,2342.3399999999992,2opt,notBad
13712,16,2342.579999999999,16,2342.3399999999992,2opt,notBad
13713,16,2342.579999999999,16,2342.3399999999992,swap,notBad
13714,16,2342.579999999999,16,2342.3399999999992,swap,notBad
13715,16,2342.579999999999,16,2342.3399999999992,move,improve
13716,16,2342.579999999999,16,2342.3399999999992,swap,notBad
13717,16,2342.579999999999,16,2342.3399999999992,swap,notBad
13718,16,2342.579999999999,16,2342.3399999999992,swap,notBad
13719,16,2342.579999999999,16,2342.3399999999992,2opt,notBad
13720,16,2342.579999999999,16,2342.3399999999992,move,improve
13721,16,2342.579999999999,16,2342.3399999999992,move,improve
13722,16,2342.579999999999,16,2342.3399999999992,swap,notBad
13723,16,2342.579999999999,16,2342.3399999999992,move,improve
13724,16,2342.579999999999,16,2342.3399999999992,2opt,notBad
13725,16,2342.579999999999,16,2342.3399999999992,2opt,notBad
13726,16,2342.579999999999,16,2342.3399999999992,move,improve
13727,16,2342.579999999999,16,2342.3399999999992,move,improve
13728,16,2342.579999999999,16,2342.3399999999992,move,improve
13729,16,2342.579999999999,16,2342.3399999999992,2opt,notBad
13730,16,2342.579999999999,16,2342.3399999999992,swap,notBad
13731,16,2342.579999999999,16,2342.3399999999992,2opt,notBad
13732,16,2342.579999999999,16,2342.3399999999992,swap,notBad
13733,16,2342.579999999999,16,2342.3399999999992,2opt,notBad
13734,16,2342.579999999999,16,2342.3399999999992,move,improve
13735,16,2342.579999999999,16,2342.3399999999992,move,improve
13736,16,2342.579999999999,16,2342.3399999999992,swap,notBad
13737,16,2342.579999999999,16,2342.3399999999992,2opt,notBad
13738,16,2342.579999999999,16,2342.3399999999992,2opt,notBad
13739,16,2342.579999999999,16,2342.3399999999992,2opt,notBad
13740,16,2342.579999999999,16,2342.3399999999992,swap,notBad
13741,16,2342.579999999999,16,2342.3399999999992,swap,notBad
13742,16,2342.579999999999,16,2342.3399999999992,move,improve
13743,16,2342.579999999999,16,2342.3399999999992,move,improve
13744,16,2342.579999999999,16,2342.3399999999992,move,improve
13745,16,2342.579999999999,16,2342.3399999999992,swap,notBad
13746,16,2342.579999999999,16,2342.3399999999992,2opt,notBad
13747,16,2342.579999999999,16,2342.3399999999992,move,improve
13748,16,2342.579999999999,16,2342.3399999999992,2opt,notBad
13749,16,2342.579999999999,16,2342.3399999999992,swap,notBad
13750,16,2342.579999999999,16,2342.3399999999992,move,improve
13751,16,2342.579999999999,16,2342.3399999999992,swap,notBad
13752,16,2342.579999999999,16,2342.3399999999992,move,improve
13753,16,2342.579999999999,16,2342.3399999999992,swap,notBad
13754,16,2342.579999999999,16,2342.3399999999992,2opt,notBad
13755,16,2342.579999999999,16,2342.3399999999992,swap,notBad
13756,16,2342.579999999999,16,2342.3399999999992,swap,notBad
13757,16,2342.579999999999,16,2342.3399999999992,move,improve
13758,16,2342.579999999999,16,2342.3399999999992,swap,notBad
13759,16,2342.579999999999,16,2342.3399999999992,move,improve
13760,16,2342.579999999999,16,2342.3399999999992,2opt,notBad
13761,16,2342.579999999999,16,2342.3399999999992,2opt,notBad
13762,16,2342.579999999999,16,2342.3399999999992,swap,notBad
13763,16,2342.579999999999,16,2342.3399999999992,swap,notBad
13764,16,2342.579999999999,16,2342.3399999999992,2opt,improve
13765,16,2342.579999999999,16,2342.3399999999992,move,improve
13766,16,2342.579999999999,16,2342.3399999999992,2opt,notBad
13767,16,2342.579999999999,16,2342.3399999999992,move,improve
13768,16,2342.579999999999,16,2342.3399999999992,swap,notBad
13769,16,2342.579999999999,16,2342.3399999999992,move,improve
13770,16,2342.579999999999,16,2342.3399999999992,move,improve
13771,16,2342.579999999999,16,2342.3399999999992,move,improve
13772,16,2342.579999999999,16,2342.3399999999992,swap,notBad
13773,16,2342.579999999999,16,2342.3399999999992,move,improve
13774,16,2342.579999999999,16,2342.3399999999992,swap,notBad
13775,16,2342.579999999999,16,2342.3399999999992,2opt,notBad
13776,16,2342.579999999999,16,2342.3399999999992,swap,notBad
13777,16,2342.579999999999,16,2342.3399999999992,swap,notBad
13778,16,2342.579999999999,16,2342.3399999999992,swap,notBad
13779,16,2342.579999999999,16,2342.3399999999992,2opt,notBad
13780,16,2342.579999999999,16,2342.3399999999992,move,improve
13781,16,2342.579999999999,16,2342.3399999999992,swap,notBad
13782,16,2342.579999999999,16,2342.3399999999992,2opt,notBad
13783,16,2342.579999999999,16,2342.3399999999992,2opt,notBad
13784,16,2342.579999999999,16,2342.3399999999992,swap,notBad
13785,16,2342.579999999999,16,2342.3399999999992,move,improve
13786,16,2342.579999999999,16,2342.3399999999992,move,improve
13787,16,2342.579999999999,16,2342.3399999999992,2opt,notBad
13788,16,2342.579999999999,16,2342.3399999999992,move,improve
13789,16,2342.579999999999,16,2342.3399999999992,2opt,notBad
13790,16,2342.579999999999,16,2342.3399999999992,move,improve
13791,16,2342.579999999999,16,2342.3399999999992,swap,notBad
13792,16,2342.579999999999,16,2342.3399999999992,swap,notBad
13793,16,2342.579999999999,16,2342.3399999999992,2opt,notBad
13794,16,2342.579999999999,16,2342.3399999999992,swap,notBad
13795,16,2342.579999999999,16,2342.3399999999992,swap,notBad
13796,16,2342.579999999999,16,2342.3399999999992,swap,notBad
13797,16,2342.579999999999,16,2342.3399999999992,move,improve
13798,16,2342.579999999999,16,2342.3399999999992,swap,notBad
13799,16,2342.579999999999,16,2342.3399999999992,swap,notBad
13800,16,2342.579999999999,16,2342.3399999999992,move,improve
13801,16,2342.579999999999,16,2342.3399999999992,2opt,notBad
13802,16,2342.579999999999,16,2342.3399999999992,2opt,improve
13803,16,2342.579999999999,16,2342.3399999999992,swap,notBad
13804,16,2342.579999999999,16,2342.3399999999992,swap,notBad
13805,16,2342.579999999999,16,2342.3399999999992,move,improve
13806,16,2342.579999999999,16,2342.3399999999992,2opt,improve
13807,16,2342.579999999999,16,2342.3399999999992,2opt,notBad
13808,16,2342.579999999999,16,2342.3399999999992,move,improve
13809,16,2342.579999999999,16,2342.3399999999992,move,improve
13810,16,2342.579999999999,16,2342.3399999999992,move,improve
13811,16,2342.579999999999,16,2342.3399999999992,2opt,notBad
13812,16,2342.579999999999,16,2342.3399999999992,move,improve
13813,16,2342.579999999999,16,2342.3399999999992,2opt,notBad
13814,16,2342.579999999999,16,2342.3399999999992,2opt,notBad
13815,16,2342.579999999999,16,2342.3399999999992,swap,notBad
13816,16,2342.579999999999,16,2342.3399999999992,2opt,notBad
13817,16,2342.579999999999,16,2342.3399999999992,2opt,notBad
13818,16,2342.579999999999,16,2342.3399999999992,2opt,notBad
13819,16,2342.579999999999,16,2342.3399999999992,swap,notBad
13820,16,2342.579999999999,16,2342.3399999999992,move,improve
13821,16,2342.579999999999,16,2342.3399999999992,2opt,notBad
13822,16,2342.579999999999,16,2342.3399999999992,2opt,notBad
13823,16,2342.579999999999,16,2342.3399999999992,move,improve
13824,16,2342.579999999999,16,2342.3399999999992,2opt,notBad
13825,16,2342.579999999999,16,2342.3399999999992,move,improve
13826,16,2342.579999999999,16,2342.3399999999992,2opt,notBad
13827,16,2342.579999999999,16,2342.3399999999992,2opt,notBad
13828,16,2342.579999999999,16,2342.3399999999992,move,improve
13829,16,2342.579999999999,16,2342.3399999999992,2opt,improve
13830,16,2342.579999999999,16,2342.3399999999992,2opt,improve
13831,16,2342.579999999999,16,2342.3399999999992,2opt,notBad
13832,16,2342.579999999999,16,2342.3399999999992,2opt,notBad
13833,16,2342.579999999999,16,2342.3399999999992,move,improve
13834,16,2342.579999999999,16,2342.3399999999992,move,improve
13835,16,2342.579999999999,16,2342.3399999999992,swap,notBad
13836,16,2342.579999999999,16,2342.3399999999992,move,improve
13837,16,2342.579999999999,16,2342.3399999999992,swap,notBad
13838,16,2342.579999999999,16,2342.3399999999992,move,notBad
13839,16,2342.579999999999,16,2342.3399999999992,2opt,notBad
13840,16,2342.579999999999,16,2342.3399999999992,swap,notBad
13841,16,2342.579999999999,16,2342.3399999999992,move,improve
13842,16,2342.579999999999,16,2342.3399999999992,2opt,notBad
13843,16,2342.579999999999,16,2342.3399999999992,move,improve
13844,16,2342.579999999999,16,2342.3399999999992,swap,notBad
13845,16,2342.3399999999992,16,2342.3399999999992,move,improve
13846,16,2342.3399999999992,16,2342.3399999999992,move,improve
13847,16,2342.3399999999992,16,2342.3399999999992,2opt,notBad
13848,16,2342.3399999999992,16,2342.3399999999992,move,improve
13849,16,2342.3399999999992,16,2342.3399999999992,move,improve
13850,16,2342.3399999999992,16,2342.3399999999992,swap,notBad
13851,16,2342.3399999999992,16,2342.3399999999992,swap,notBad
13852,16,2342.3399999999992,16,2342.3399999999992,move,improve
13853,16,2342.3399999999992,16,2342.3399999999992,2opt,notBad
13854,16,2342.3399999999992,16,2342.3399999999992,move,improve
13855,16,2342.3399999999992,16,2342.3399999999992,swap,notBad
13856,16,2342.3399999999992,16,2342.3399999999992,move,improve
13857,16,2342.3399999999992,16,2342.3399999999992,swap,notBad
13858,16,2342.3399999999992,16,2342.3399999999992,move,improve
13859,16,2342.3399999999992,16,2342.3399999999992,2opt,improve
13860,16,2342.3399999999992,16,2342.3399999999992,2opt,notBad
13861,16,2342.3399999999992,16,2342.3399999999992,swap,notBad
13862,16,2342.3399999999992,16,2342.3399999999992,2opt,notBad
13863,16,2342.3399999999992,16,2342.3399999999992,move,improve
13864,16,2342.3399999999992,16,2342.3399999999992,2opt,notBad
13865,16,2342.3399999999992,16,2342.3399999999992,swap,notBad
13866,16,2342.3399999999992,16,2342.3399999999992,swap,notBad
13867,16,2342.3399999999992,16,2342.3399999999992,2opt,notBad
13868,16,2342.3399999999992,16,2342.3399999999992,2opt,notBad
13869,16,2342.3399999999992,16,2342.3399999999992,2opt,notBad
13870,16,2342.3399999999992,16,2342.3399999999992,2opt,notBad
13871,16,2342.3399999999992,16,2342.3399999999992,2opt,notBad
13872,16,2342.3399999999992,16,2342.3399999999992,move,improve
13873,16,2342.3399999999992,16,2342.3399999999992,swap,notBad
13874,16,2342.3399999999992,16,2342.3399999999992,move,improve
13875,16,2342.3399999999992,16,2342.3399999999992,move,improve
13876,16,2342.3399999999992,16,2342.3399999999992,move,improve
13877,16,2342.3399999999992,16,2342.3399999999992,2opt,notBad
13878,16,2342.3399999999992,16,2342.3399999999992,2opt,notBad
13879,16,2342.3399999999992,16,2342.3399999999992,move,improve
13880,16,2342.3399999999992,16,2342.3399999999992,move,improve
13881,16,2342.3399999999992,16,2342.3399999999992,swap,notBad
13882,16,2342.3399999999992,16,2342.3399999999992,swap,notBad
13883,16,2342.3399999999992,16,2342.3399999999992,2opt,notBad
13884,16,2342.3399999999992,16,2342.3399999999992,move,improve
13885,16,2342.3399999999992,16,2342.3399999999992,2opt,notBad
13886,16,2342.3399999999992,16,2342.3399999999992,move,improve
13887,16,2342.3399999999992,16,2342.3399999999992,2opt,notBad
13888,16,2342.3399999999992,16,2342.3399999999992,2opt,notBad
13889,16,2342.3399999999992,16,2342.3399999999992,swap,notBad
13890,16,2342.3399999999992,16,2342.3399999999992,2opt,notBad
13891,16,2342.3399999999992,16,2342.3399999999992,2opt,improve
13892,16,2342.3399999999992,16,2342.3399999999992,swap,notBad
13893,16,2342.3399999999992,16,2342.3399999999992,move,improve
13894,16,2342.3399999999992,16,2342.3399999999992,swap,notBad
13895,16,2342.3399999999992,16,2342.3399999999992,move,improve
13896,16,2342.3399999999992,16,2342.3399999999992,move,improve
13897,16,2342.3399999999992,16,2342.3399999999992,swap,notBad
13898,16,2342.3399999999992,16,2342.3399999999992,move,improve
13899,16,2342.3399999999992,16,2342.3399999999992,move,improve
13900,16,2342.3399999999992,16,2342.3399999999992,2opt,notBad
13901,16,2342.3399999999992,16,2342.3399999999992,move,improve
13902,16,2342.3399999999992,16,2342.3399999999992,move,improve
13903,16,2342.3399999999992,16,2342.3399999999992,2opt,notBad
13904,16,2342.5199999999995,16,2342.3399999999992,swap,acceptBad
13905,16,2342.5199999999995,16,2342.3399999999992,swap,notBad
13906,16,2342.5199999999995,16,2342.3399999999992,move,improve
13907,16,2342.5199999999995,16,2342.3399999999992,swap,notBad
13908,16,2342.5199999999995,16,2342.3399999999992,move,improve
13909,16,2342.5199999999995,16,2342.3399999999992,swap,notBad
13910,16,2342.5199999999995,16,2342.3399999999992,2opt,notBad
13911,16,2342.5199999999995,16,2342.3399999999992,swap,notBad
13912,16,2342.5199999999995,16,2342.3399999999992,2opt,notBad
13913,16,2342.5199999999995,16,2342.3399999999992,move,improve
13914,16,2342.5199999999995,16,2342.3399999999992,move,improve
13915,16,2342.5199999999995,16,2342.3399999999992,2opt,improve
13916,16,2342.5199999999995,16,2342.3399999999992,2opt,notBad
13917,16,2342.5199999999995,16,2342.3399999999992,swap,notBad
13918,16,2342.5199999999995,16,2342.3399999999992,2opt,notBad
13919,16,2342.5199999999995,16,2342.3399999999992,move,improve
13920,16,2342.5199999999995,16,2342.3399999999992,2opt,notBad
13921,16,2342.5199999999995,16,2342.3399999999992,2opt,notBad
13922,16,2342.5199999999995,16,2342.3399999999992,swap,notBad
13923,16,2342.5199999999995,16,2342.3399999999992,swap,notBad
13924,16,2342.5199999999995,16,2342.3399999999992,move,improve
13925,16,2342.5199999999995,16,2342.3399999999992,swap,notBad
13926,16,2342.5199999999995,16,2342.3399999999992,swap,notBad
13927,16,2342.5199999999995,16,2342.3399999999992,2opt,notBad
13928,16,2342.5199999999995,16,2342.3399999999992,swap,notBad
13929,16,2342.5199999999995,16,2342.3399999999992,move,improve
13930,16,2342.5199999999995,16,2342.3399999999992,swap,notBad
13931,16,2342.5199999999995,16,2342.3399999999992,move,improve
13932,16,2342.5199999999995,16,2342.3399999999992,2opt,improve
13933,16,2342.5199999999995,16,2342.3399999999992,swap,notBad
13934,16,2342.5199999999995,16,2342.3399999999992,move,improve
13935,16,2342.5199999999995,16,2342.3399999999992,2opt,notBad
13936,16,2342.5199999999995,16,2342.3399999999992,2opt,notBad
13937,16,2342.5199999999995,16,2342.3399999999992,move,improve
13938,16,2342.5199999999995,16,2342.3399999999992,move,improve
13939,16,2342.6999999999994,16,2342.3399999999992,swap,acceptBad
13940,16,2342.6999999999994,16,2342.3399999999992,2opt,notBad
13941,16,2342.6999999999994,16,2342.3399999999992,swap,notBad
13942,16,2342.5199999999995,16,2342.3399999999992,move,improve
13943,16,2342.5199999999995,16,2342.3399999999992,2opt,notBad
13944,16,2342.5199999999995,16,2342.3399999999992,move,improve
13945,16,2342.5199999999995,16,2342.3399999999992,2opt,notBad
13946,16,2342.5199999999995,16,2342.3399999999992,move,notBad
13947,16,2342.5199999999995,16,2342.3399999999992,swap,notBad
13948,16,2342.5199999999995,16,2342.3399999999992,swap,notBad
13949,16,2342.5199999999995,16,2342.3399999999992,swap,notBad
13950,16,2342.5199999999995,16,2342.3399999999992,move,improve
13951,16,2342.5199999999995,16,2342.3399999999992,swap,notBad
13952,16,2342.5199999999995,16,2342.3399999999992,move,improve
13953,16,2342.5199999999995,16,2342.3399999999992,2opt,notBad
13954,16,2342.5199999999995,16,2342.3399999999992,2opt,notBad
13955,16,2342.5199999999995,16,2342.3399999999992,move,improve
13956,16,2342.5199999999995,16,2342.3399999999992,move,improve
13957,16,2342.5199999999995,16,2342.3399999999992,move,improve
13958,16,2342.5199999999995,16,2342.3399999999992,2opt,notBad
13959,16,2342.5199999999995,16,2342.3399999999992,move,improve
13960,16,2342.5199999999995,16,2342.3399999999992,2opt,notBad
13961,16,2342.5199999999995,16,2342.3399999999992,2opt,notBad
13962,16,2342.5199999999995,16,2342.3399999999992,move,improve
13963,16,2342.5199999999995,16,2342.3399999999992,swap,notBad
13964,16,2342.5199999999995,16,2342.3399999999992,2opt,notBad
13965,16,2342.5199999999995,16,2342.3399999999992,2opt,improve
13966,16,2342.5199999999995,16,2342.3399999999992,swap,notBad
13967,16,2342.5199999999995,16,2342.3399999999992,move,improve
13968,16,2342.5199999999995,16,2342.3399999999992,2opt,notBad
13969,16,2342.6999999999994,16,2342.3399999999992,swap,acceptBad
13970,16,2342.6999999999994,16,2342.3399999999992,swap,notBad
13971,16,2342.6999999999994,16,2342.3399999999992,move,improve
13972,16,2342.6999999999994,16,2342.3399999999992,move,improve
13973,16,2342.6999999999994,16,2342.3399999999992,2opt,notBad
13974,16,2342.6999999999994,16,2342.3399999999992,move,improve
13975,16,2342.6999999999994,16,2342.3399999999992,2opt,notBad
13976,16,2342.6999999999994,16,2342.3399999999992,2opt,notBad
13977,16,2342.6999999999994,16,2342.3399999999992,swap,notBad
13978,16,2342.6999999999994,16,2342.3399999999992,swap,notBad
13979,16,2342.6999999999994,16,2342.3399999999992,swap,notBad
13980,16,2342.6999999999994,16,2342.3399999999992,swap,notBad
13981,16,2342.6999999999994,16,2342.3399999999992,swap,notBad
13982,16,2342.6999999999994,16,2342.3399999999992,move,improve
13983,16,2342.6999999999994,16,2342.3399999999992,move,improve
13984,16,2342.6999999999994,16,2342.3399999999992,2opt,notBad
13985,16,2342.6999999999994,16,2342.3399999999992,move,improve
13986,16,2342.6999999999994,16,2342.3399999999992,2opt,notBad
13987,16,2342.6999999999994,16,2342.3399999999992,swap,notBad
13988,16,2342.6999999999994,16,2342.3399999999992,move,improve
13989,16,2342.6999999999994,16,2342.3399999999992,2opt,notBad
13990,16,2342.6999999999994,16,2342.3399999999992,move,improve
13991,16,2342.6999999999994,16,2342.3399999999992,2opt,notBad
13992,16,2342.6999999999994,16,2342.3399999999992,2opt,notBad
13993,16,2342.6999999999994,16,2342.3399999999992,2opt,notBad
13994,16,2342.6999999999994,16,2342.3399999999992,swap,notBad
13995,16,2342.6999999999994,16,2342.3399999999992,2opt,notBad
13996,16,2342.6999999999994,16,2342.3399999999992,move,improve
13997,16,2342.6999999999994,16,2342.3399999999992,swap,notBad
13998,16,2342.6999999999994,16,2342.3399999999992,2opt,notBad
13999,16,2342.6999999999994,16,2342.3399999999992,move,improve
14000,16,2342.6999999999994,16,2342.3399999999992,swap,notBad
14001,16,2342.6999999999994,16,2342.3399999999992,2opt,notBad
14002,16,2342.6999999999994,16,2342.3399999999992,2opt,notBad
14003,16,2342.6999999999994,16,2342.3399999999992,move,improve
14004,16,2342.6999999999994,16,2342.3399999999992,swap,notBad
14005,16,2342.6999999999994,16,2342.3399999999992,move,improve
14006,16,2342.6999999999994,16,2342.3399999999992,swap,notBad
14007,16,2342.6999999999994,16,2342.3399999999992,move,improve
14008,16,2342.6999999999994,16,2342.3399999999992,move,improve
14009,16,2342.6999999999994,16,2342.3399999999992,2opt,notBad
14010,16,2342.6999999999994,16,2342.3399999999992,2opt,notBad
14011,16,2342.6999999999994,16,2342.3399999999992,swap,notBad
14012,16,2342.6999999999994,16,2342.3399999999992,swap,notBad
14013,16,2342.6999999999994,16,2342.3399999999992,swap,notBad
14014,16,2342.6999999999994,16,2342.3399999999992,move,improve
14015,16,2342.6999999999994,16,2342.3399999999992,swap,notBad
14016,16,2342.6999999999994,16,2342.3399999999992,move,improve
14017,16,2342.6999999999994,16,2342.3399999999992,swap,notBad
14018,16,2342.6999999999994,16,2342.3399999999992,swap,notBad
14019,16,2342.6999999999994,16,2342.3399999999992,swap,notBad
14020,16,2342.6999999999994,16,2342.3399999999992,swap,notBad
14021,16,2342.6999999999994,16,2342.3399999999992,2opt,notBad
14022,16,2342.6999999999994,16,2342.3399999999992,2opt,notBad
14023,16,2342.5199999999995,16,2342.3399999999992,swap,improve
14024,16,2342.5199999999995,16,2342.3399999999992,swap,notBad
14025,16,2342.5199999999995,16,2342.3399999999992,swap,notBad
14026,16,2342.5199999999995,16,2342.3399999999992,swap,notBad
14027,16,2342.5199999999995,16,2342.3399999999992,swap,notBad
14028,16,2342.5199999999995,16,2342.3399999999992,move,improve
14029,16,2342.5199999999995,16,2342.3399999999992,2opt,notBad
14030,16,2342.5199999999995,16,2342.3399999999992,swap,notBad
14031,16,2342.5199999999995,16,2342.3399999999992,swap,notBad
14032,16,2342.5199999999995,16,2342.3399999999992,2opt,notBad
14033,16,2342.5199999999995,16,2342.3399999999992,swap,notBad
14034,16,2342.5199999999995,16,2342.3399999999992,swap,notBad
14035,16,2342.5199999999995,16,2342.3399999999992,2opt,notBad
14036,16,2342.5199999999995,16,2342.3399999999992,move,improve
14037,16,2342.5199999999995,16,2342.3399999999992,2opt,notBad
14038,16,2342.5199999999995,16,2342.3399999999992,move,improve
14039,16,2342.5199999999995,16,2342.3399999999992,move,improve
14040,16,2342.5199999999995,16,2342.3399999999992,swap,notBad
14041,16,2342.5199999999995,16,2342.3399999999992,move,improve
14042,16,2342.5199999999995,16,2342.3399999999992,move,improve
14043,16,2342.5199999999995,16,2342.3399999999992,swap,notBad
14044,16,2342.5199999999995,16,2342.3399999999992,2opt,notBad
14045,16,2342.5199999999995,16,2342.3399999999992,swap,notBad
14046,16,2342.5199999999995,16,2342.3399999999992,2opt,notBad
14047,16,2342.5199999999995,16,2342.3399999999992,move,improve
14048,16,2342.5199999999995,16,2342.3399999999992,swap,notBad
14049,16,2342.5199999999995,16,2342.3399999999992,swap,notBad
14050,16,2342.5199999999995,16,2342.3399999999992,swap,notBad
14051,16,2342.5199999999995,16,2342.3399999999992,swap,notBad
14052,16,2342.5199999999995,16,2342.3399999999992,swap,notBad
14053,16,2342.5199999999995,16,2342.3399999999992,swap,notBad
14054,16,2342.5199999999995,16,2342.3399999999992,2opt,improve
14055,16,2342.5199999999995,16,2342.3399999999992,move,improve
14056,16,2342.5199999999995,16,2342.3399999999992,2opt,notBad
14057,16,2342.5199999999995,16,2342.3399999999992,move,improve
14058,16,2342.5199999999995,16,2342.3399999999992,move,improve
14059,16,2342.5199999999995,16,2342.3399999999992,move,improve
14060,16,2342.5199999999995,16,2342.3399999999992,swap,notBad
14061,16,2342.5199999999995,16,2342.3399999999992,2opt,notBad
14062,16,2342.5199999999995,16,2342.3399999999992,move,improve
14063,16,2342.5199999999995,16,2342.3399999999992,2opt,notBad
14064,16,2342.5199999999995,16,2342.3399999999992,move,improve
14065,16,2342.5199999999995,16,2342.3399999999992,swap,notBad
14066,16,2342.5199999999995,16,2342.3399999999992,move,improve
14067,16,2342.5199999999995,16,2342.3399999999992,2opt,notBad
14068,16,2342.5199999999995,16,2342.3399999999992,swap,notBad
14069,16,2342.5199999999995,16,2342.3399999999992,2opt,notBad
14070,16,2342.5199999999995,16,2342.3399999999992,swap,notBad
14071,16,2342.5199999999995,16,2342.3399999999992,move,improve
14072,16,2342.5199999999995,16,2342.3399999999992,2opt,notBad
14073,16,2342.5199999999995,16,2342.3399999999992,move,improve
14074,16,2342.5199999999995,16,2342.3399999999992,swap,notBad
14075,16,2342.5199999999995,16,2342.3399999999992,2opt,notBad
14076,16,2342.5199999999995,16,2342.3399999999992,2opt,notBad
14077,16,2342.5199999999995,16,2342.3399999999992,swap,notBad
14078,16,2342.5199999999995,16,2342.3399999999992,2opt,notBad
14079,16,2342.5199999999995,16,2342.3399999999992,swap,notBad
14080,16,2342.5199999999995,16,2342.3399999999992,swap,notBad
14081,16,2342.5199999999995,16,2342.3399999999992,move,improve
14082,16,2342.5199999999995,16,2342.3399999999992,2opt,notBad
14083,16,2342.5199999999995,16,2342.3399999999992,swap,notBad
14084,16,2342.5199999999995,16,2342.3399999999992,move,improve
14085,16,2342.5199999999995,16,2342.3399999999992,2opt,notBad
14086,16,2342.5199999999995,16,2342.3399999999992,move,improve
14087,16,2342.5199999999995,16,2342.3399999999992,2opt,notBad
14088,16,2342.5199999999995,16,2342.3399999999992,move,improve
14089,16,2342.5199999999995,16,2342.3399999999992,move,improve
14090,16,2342.5199999999995,16,2342.3399999999992,swap,notBad
14091,16,2342.5199999999995,16,2342.3399999999992,2opt,notBad
14092,16,2342.5199999999995,16,2342.3399999999992,2opt,notBad
14093,16,2342.5199999999995,16,2342.3399999999992,2opt,notBad
14094,16,2342.5199999999995,16,2342.3399999999992,move,improve
14095,16,2342.5199999999995,16,2342.3399999999992,swap,notBad
14096,16,2342.5199999999995,16,2342.3399999999992,2opt,notBad
14097,16,2342.5199999999995,16,2342.3399999999992,2opt,notBad
14098,16,2342.5199999999995,16,2342.3399999999992,2opt,notBad
14099,16,2342.5199999999995,16,2342.3399999999992,2opt,notBad
14100,16,2342.5199999999995,16,2342.3399999999992,move,improve
14101,16,2342.5199999999995,16,2342.3399999999992,move,improve
14102,16,2342.5199999999995,16,2342.3399999999992,2opt,notBad
14103,16,2342.5199999999995,16,2342.3399999999992,move,improve
14104,16,2342.5199999999995,16,2342.3399999999992,move,improve
14105,16,2342.5199999999995,16,2342.3399999999992,swap,notBad
14106,16,2342.5199999999995,16,2342.3399999999992,2opt,notBad
14107,16,2342.5199999999995,16,2342.3399999999992,swap,notBad
14108,16,2342.5199999999995,16,2342.3399999999992,swap,notBad
14109,16,2342.5199999999995,16,2342.3399999999992,swap,notBad
14110,16,2342.3399999999992,16,2342.3399999999992,move,improve
14111,16,2342.3399999999992,16,2342.3399999999992,swap,notBad
14112,16,2342.3399999999992,16,2342.3399999999992,move,improve
14113,16,2342.3399999999992,16,2342.3399999999992,move,improve
14114,16,2342.3399999999992,16,2342.3399999999992,swap,notBad
14115,16,2342.3399999999992,16,2342.3399999999992,2opt,notBad
14116,16,2342.3399999999992,16,2342.3399999999992,move,improve
14117,16,2342.3399999999992,16,2342.3399999999992,2opt,notBad
14118,16,2342.3399999999992,16,2342.3399999999992,move,improve
14119,16,2342.3399999999992,16,2342.3399999999992,move,improve
14120,16,2342.3399999999992,16,2342.3399999999992,move,improve
14121,16,2342.3399999999992,16,2342.3399999999992,swap,notBad
14122,16,2342.3399999999992,16,2342.3399999999992,swap,notBad
14123,16,2342.3399999999992,16,2342.3399999999992,swap,notBad
14124,16,2342.3399999999992,16,2342.3399999999992,move,improve
14125,16,2342.3399999999992,16,2342.3399999999992,swap,notBad
14126,16,2342.3399999999992,16,2342.3399999999992,2opt,notBad
14127,16,2342.3399999999992,16,2342.3399999999992,move,improve
14128,16,2342.3399999999992,16,2342.3399999999992,move,improve
14129,16,2342.3399999999992,16,2342.3399999999992,2opt,notBad
14130,16,2342.3399999999992,16,2342.3399999999992,swap,notBad
14131,16,2342.3399999999992,16,2342.3399999999992,2opt,notBad
14132,16,2342.5199999999995,16,2342.3399999999992,swap,acceptBad
14133,16,2342.5199999999995,16,2342.3399999999992,swap,notBad
14134,16,2342.7599999999993,16,2342.3399999999992,swap,acceptBad
14135,16,2342.7599999999993,16,2342.3399999999992,2opt,notBad
14136,16,2342.7599999999993,16,2342.3399999999992,2opt,improve
14137,16,2342.7599999999993,16,2342.3399999999992,swap,notBad
14138,16,2342.7599999999993,16,2342.3399999999992,2opt,notBad
14139,16,2342.7599999999993,16,2342.3399999999992,swap,notBad
14140,16,2342.7599999999993,16,2342.3399999999992,swap,notBad
14141,16,2342.7599999999993,16,2342.3399999999992,swap,notBad
14142,16,2342.7599999999993,16,2342.3399999999992,2opt,notBad
14143,16,2342.7599999999993,16,2342.3399999999992,move,improve
14144,16,2342.7599999999993,16,2342.3399999999992,move,improve
14145,16,2342.7599999999993,16,2342.3399999999992,swap,notBad
14146,16,2342.7599999999993,16,2342.3399999999992,swap,notBad
14147,16,2342.7599999999993,16,2342.3399999999992,2opt,notBad
14148,16,2342.7599999999993,16,2342.3399999999992,swap,notBad
14149,16,2342.7599999999993,16,2342.3399999999992,move,improve
14150,16,2342.7599999999993,16,2342.3399999999992,2opt,notBad
14151,16,2342.7599999999993,16,2342.3399999999992,move,improve
14152,16,2342.7599999999993,16,2342.3399999999992,move,improve
14153,16,2342.7599999999993,16,2342.3399999999992,move,improve
14154,16,2342.7599999999993,16,2342.3399999999992,move,improve
14155,16,2342.7599999999993,16,2342.3399999999992,2opt,notBad
14156,16,2342.7599999999993,16,2342.3399999999992,move,improve
14157,16,2342.7599999999993,16,2342.3399999999992,2opt,notBad
14158,16,2342.7599999999993,16,2342.3399999999992,swap,notBad
14159,16,2342.7599999999993,16,2342.3399999999992,swap,notBad
14160,16,2342.7599999999993,16,2342.3399999999992,move,improve
14161,16,2342.7599999999993,16,2342.3399999999992,swap,notBad
14162,16,2342.7599999999993,16,2342.3399999999992,swap,notBad
14163,16,2342.7599999999993,16,2342.3399999999992,swap,notBad
14164,16,2342.7599999999993,16,2342.3399999999992,swap,notBad
14165,16,2342.7599999999993,16,2342.3399999999992,2opt,notBad
14166,16,2342.7599999999993,16,2342.3399999999992,swap,notBad
14167,16,2342.7599999999993,16,2342.3399999999992,move,improve
14168,16,2342.7599999999993,16,2342.3399999999992,swap,notBad
14169,16,2342.7599999999993,16,2342.3399999999992,swap,notBad
14170,16,2342.7599999999993,16,2342.3399999999992,2opt,notBad
14171,16,2342.7599999999993,16,2342.3399999999992,swap,notBad
14172,16,2342.7599999999993,16,2342.3399999999992,swap,notBad
14173,16,2342.7599999999993,16,2342.3399999999992,swap,notBad
14174,16,2342.7599999999993,16,2342.3399999999992,2opt,notBad
14175,16,2342.7599999999993,16,2342.3399999999992,swap,notBad
14176,16,2342.7599999999993,16,2342.3399999999992,2opt,notBad
14177,16,2342.7599999999993,16,2342.3399999999992,2opt,notBad
14178,16,2342.7599999999993,16,2342.3399999999992,move,improve
14179,16,2342.7599999999993,16,2342.3399999999992,move,improve
14180,16,2342.7599999999993,16,2342.3399999999992,2opt,notBad
14181,16,2342.7599999999993,16,2342.3399999999992,move,improve
14182,16,2342.7599999999993,16,2342.3399999999992,move,improve
14183,16,2342.7599999999993,16,2342.3399999999992,move,improve
14184,16,2342.7599999999993,16,2342.3399999999992,2opt,notBad
14185,16,2342.7599999999993,16,2342.3399999999992,move,improve
14186,16,2342.7599999999993,16,2342.3399999999992,move,improve
14187,16,2342.7599999999993,16,2342.3399999999992,2opt,notBad
14188,16,2342.7599999999993,16,2342.3399999999992,2opt,notBad
14189,16,2342.7599999999993,16,2342.3399999999992,swap,notBad
14190,16,2342.7599999999993,16,2342.3399999999992,move,improve
14191,16,2342.7599999999993,16,2342.3399999999992,swap,notBad
14192,16,2342.7599999999993,16,2342.3399999999992,2opt,notBad
14193,16,2342.7599999999993,16,2342.3399999999992,2opt,notBad
14194,16,2342.7599999999993,16,2342.3399999999992,move,improve
14195,16,2342.7599999999993,16,2342.3399999999992,swap,notBad
14196,16,2342.7599999999993,16,2342.3399999999992,move,improve
14197,16,2342.7599999999993,16,2342.3399999999992,2opt,notBad
14198,16,2342.7599999999993,16,2342.3399999999992,move,improve
14199,16,2342.7599999999993,16,2342.3399999999992,move,improve
14200,16,2342.7599999999993,16,2342.3399999999992,swap,notBad
14201,16,2342.7599999999993,16,2342.3399999999992,move,improve
14202,16,2342.7599999999993,16,2342.3399999999992,2opt,notBad
14203,16,2342.7599999999993,16,2342.3399999999992,swap,notBad
14204,16,2342.7599999999993,16,2342.3399999999992,move,improve
14205,16,2342.7599999999993,16,2342.3399999999992,2opt,notBad
14206,16,2342.7599999999993,16,2342.3399999999992,swap,notBad
14207,16,2342.7599999999993,16,2342.3399999999992,2opt,notBad
14208,16,2342.7599999999993,16,2342.3399999999992,move,improve
14209,16,2342.5199999999995,16,2342.3399999999992,move,improve
14210,16,2342.5199999999995,16,2342.3399999999992,move,improve
14211,16,2342.5199999999995,16,2342.3399999999992,swap,notBad
14212,16,2342.5199999999995,16,2342.3399999999992,swap,notBad
14213,16,2342.5199999999995,16,2342.3399999999992,move,improve
14214,16,2342.5199999999995,16,2342.3399999999992,move,improve
14215,16,2342.5199999999995,16,2342.3399999999992,move,improve
14216,16,2342.5199999999995,16,2342.3399999999992,2opt,notBad
14217,16,2342.5199999999995,16,2342.3399999999992,2opt,notBad
14218,16,2342.5199999999995,16,2342.3399999999992,swap,notBad
14219,16,2342.5199999999995,16,2342.3399999999992,2opt,notBad
14220,16,2342.5199999999995,16,2342.3399999999992,2opt,notBad
14221,16,2342.5199999999995,16,2342.3399999999992,swap,notBad
14222,16,2342.5199999999995,16,2342.3399999999992,2opt,notBad
14223,16,2342.5199999999995,16,2342.3399999999992,2opt,notBad
14224,16,2342.5199999999995,16,2342.3399999999992,swap,notBad
14225,16,2342.5199999999995,16,2342.3399999999992,move,improve
14226,16,2342.5199999999995,16,2342.3399999999992,swap,notBad
14227,16,2342.5199999999995,16,2342.3399999999992,2opt,notBad
14228,16,2342.5199999999995,16,2342.3399999999992,move,improve
14229,16,2342.5199999999995,16,2342.3399999999992,2opt,notBad
14230,16,2342.5199999999995,16,2342.3399999999992,swap,notBad
14231,16,2342.5199999999995,16,2342.3399999999992,2opt,notBad
14232,16,2342.5199999999995,16,2342.3399999999992,2opt,notBad
14233,16,2342.5199999999995,16,2342.3399999999992,move,improve
14234,16,2342.5199999999995,16,2342.3399999999992,move,improve
14235,16,2342.5199999999995,16,2342.3399999999992,2opt,improve
14236,16,2342.5199999999995,16,2342.3399999999992,move,improve
14237,16,2342.5199999999995,16,2342.3399999999992,move,improve
14238,16,2342.5199999999995,16,2342.3399999999992,swap,notBad
14239,16,2342.5199999999995,16,2342.3399999999992,move,improve
14240,16,2342.5199999999995,16,2342.3399999999992,2opt,notBad
14241,16,2342.5199999999995,16,2342.3399999999992,move,improve
14242,16,2342.5199999999995,16,2342.3399999999992,2opt,notBad
14243,16,2342.5199999999995,16,2342.3399999999992,move,improve
14244,16,2342.5199999999995,16,2342.3399999999992,move,improve
14245,16,2342.5199999999995,16,2342.3399999999992,move,improve
14246,16,2342.5199999999995,16,2342.3399999999992,swap,notBad
14247,16,2342.5199999999995,16,2342.3399999999992,move,improve
14248,16,2342.5199999999995,16,2342.3399999999992,swap,notBad
14249,16,2342.5199999999995,16,2342.3399999999992,move,improve
14250,16,2342.5199999999995,16,2342.3399999999992,swap,notBad
14251,16,2342.5199999999995,16,2342.3399999999992,move,improve
14252,16,2342.5199999999995,16,2342.3399999999992,swap,notBad
14253,16,2342.5199999999995,16,2342.3399999999992,swap,notBad
14254,16,2342.5199999999995,16,2342.3399999999992,2opt,notBad
14255,16,2342.5199999999995,16,2342.3399999999992,2opt,notBad
14256,16,2342.5199999999995,16,2342.3399999999992,move,improve
14257,16,2342.5199999999995,16,2342.3399999999992,swap,notBad
14258,16,2342.5199999999995,16,2342.3399999999992,swap,notBad
14259,16,2342.5199999999995,16,2342.3399999999992,swap,notBad
14260,16,2342.5199999999995,16,2342.3399999999992,move,improve
14261,16,2342.5199999999995,16,2342.3399999999992,swap,notBad
14262,16,2342.5199999999995,16,2342.3399999999992,move,improve
14263,16,2342.5199999999995,16,2342.3399999999992,move,improve
14264,16,2342.5199999999995,16,2342.3399999999992,swap,notBad
14265,16,2342.5199999999995,16,2342.3399999999992,move,improve
14266,16,2342.5199999999995,16,2342.3399999999992,swap,notBad
14267,16,2342.5199999999995,16,2342.3399999999992,2opt,notBad
14268,16,2342.5199999999995,16,2342.3399999999992,2opt,improve
14269,16,2342.5199999999995,16,2342.3399999999992,move,improve
14270,16,2342.5199999999995,16,2342.3399999999992,swap,notBad
14271,16,2342.5199999999995,16,2342.3399999999992,2opt,notBad
14272,16,2342.5199999999995,16,2342.3399999999992,move,improve
14273,16,2342.5199999999995,16,2342.3399999999992,2opt,notBad
14274,16,2342.5199999999995,16,2342.3399999999992,move,improve
14275,16,2342.5199999999995,16,2342.3399999999992,move,improve
14276,16,2342.5199999999995,16,2342.3399999999992,2opt,notBad
14277,16,2342.5199999999995,16,2342.3399999999992,2opt,notBad
14278,16,2342.5199999999995,16,2342.3399999999992,swap,notBad
14279,16,2342.5199999999995,16,2342.3399999999992,swap,notBad
14280,16,2342.5199999999995,16,2342.3399999999992,move,improve
14281,16,2342.5199999999995,16,2342.3399999999992,2opt,improve
14282,16,2342.5199999999995,16,2342.3399999999992,swap,notBad
14283,16,2342.5199999999995,16,2342.3399999999992,move,improve
14284,16,2342.5199999999995,16,2342.3399999999992,move,improve
14285,16,2342.5199999999995,16,2342.3399999999992,2opt,notBad
14286,16,2342.5199999999995,16,2342.3399999999992,2opt,notBad
14287,16,2342.5199999999995,16,2342.3399999999992,2opt,notBad
14288,16,2342.5199999999995,16,2342.3399999999992,swap,notBad
14289,16,2342.5199999999995,16,2342.3399999999992,2opt,notBad
14290,16,2342.5199999999995,16,2342.3399999999992,move,improve
14291,16,2342.5199999999995,16,2342.3399999999992,2opt,notBad
14292,16,2342.5199999999995,16,2342.3399999999992,swap,notBad
14293,16,2342.5199999999995,16,2342.3399999999992,2opt,notBad
14294,16,2342.5199999999995,16,2342.3399999999992,move,improve
14295,16,2342.5199999999995,16,2342.3399999999992,swap,notBad
14296,16,2342.5199999999995,16,2342.3399999999992,2opt,notBad
14297,16,2342.5199999999995,16,2342.3399999999992,move,improve
14298,16,2342.5199999999995,16,2342.3399999999992,2opt,improve
14299,16,2342.5199999999995,16,2342.3399999999992,swap,notBad
14300,16,2342.5199999999995,16,2342.3399999999992,move,improve
14301,16,2342.5199999999995,16,2342.3399999999992,move,improve
14302,16,2342.5199999999995,16,2342.3399999999992,move,improve
14303,16,2342.5199999999995,16,2342.3399999999992,move,improve
14304,16,2342.5199999999995,16,2342.3399999999992,2opt,notBad
14305,16,2342.5199999999995,16,2342.3399999999992,swap,notBad
14306,16,2342.5199999999995,16,2342.3399999999992,move,improve
14307,16,2342.5199999999995,16,2342.3399999999992,2opt,notBad
14308,16,2342.5199999999995,16,2342.3399999999992,2opt,notBad
14309,16,2342.5199999999995,16,2342.3399999999992,move,improve
14310,16,2342.5199999999995,16,2342.3399999999992,2opt,notBad
14311,16,2342.5199999999995,16,2342.3399999999992,2opt,notBad
14312,16,2342.5199999999995,16,2342.3399999999992,move,improve
14313,16,2342.5199999999995,16,2342.3399999999992,swap,notBad
14314,16,2342.5199999999995,16,2342.3399999999992,2opt,notBad
14315,16,2342.5199999999995,16,2342.3399999999992,move,improve
14316,16,2342.5199999999995,16,2342.3399999999992,2opt,improve
14317,16,2342.5199999999995,16,2342.3399999999992,2opt,notBad
14318,16,2342.5199999999995,16,2342.3399999999992,2opt,notBad
14319,16,2342.5199999999995,16,2342.3399999999992,move,improve
14320,16,2342.5199999999995,16,2342.3399999999992,swap,notBad
14321,16,2342.5199999999995,16,2342.3399999999992,2opt,notBad
14322,16,2342.5199999999995,16,2342.3399999999992,swap,notBad
14323,16,2342.5199999999995,16,2342.3399999999992,move,improve
14324,16,2342.5199999999995,16,2342.3399999999992,move,improve
14325,16,2342.5199999999995,16,2342.3399999999992,swap,notBad
14326,16,2342.5199999999995,16,2342.3399999999992,2opt,notBad
14327,16,2342.5199999999995,16,2342.3399999999992,move,improve
14328,16,2342.5199999999995,16,2342.3399999999992,move,improve
14329,16,2342.5199999999995,16,2342.3399999999992,move,improve
14330,16,2342.5199999999995,16,2342.3399999999992,2opt,notBad
14331,16,2342.5199999999995,16,2342.3399999999992,swap,notBad
14332,16,2342.5199999999995,16,2342.3399999999992,move,improve
14333,16,2342.5199999999995,16,2342.3399999999992,move,improve
14334,16,2342.5199999999995,16,2342.3399999999992,2opt,notBad
14335,16,2342.5199999999995,16,2342.3399999999992,move,improve
14336,16,2342.5199999999995,16,2342.3399999999992,2opt,improve
14337,16,2342.5199999999995,16,2342.3399999999992,move,improve
14338,16,2342.5199999999995,16,2342.3399999999992,2opt,notBad
14339,16,2342.5199999999995,16,2342.3399999999992,move,improve
14340,16,2342.5199999999995,16,2342.3399999999992,move,improve
14341,16,2342.5199999999995,16,2342.3399999999992,move,notBad
14342,16,2342.5199999999995,16,2342.3399999999992,swap,notBad
14343,16,2342.5199999999995,16,2342.3399999999992,swap,notBad
14344,16,2342.5199999999995,16,2342.3399999999992,move,improve
14345,16,2342.5199999999995,16,2342.3399999999992,move,improve
14346,16,2342.5199999999995,16,2342.3399999999992,move,improve
14347,16,2342.5199999999995,16,2342.3399999999992,swap,notBad
14348,16,2342.5199999999995,16,2342.3399999999992,2opt,notBad
14349,16,2342.5199999999995,16,2342.3399999999992,move,improve
14350,16,2342.5199999999995,16,2342.3399999999992,2opt,notBad
14351,16,2342.5199999999995,16,2342.3399999999992,move,improve
14352,16,2342.5199999999995,16,2342.3399999999992,2opt,notBad
14353,16,2342.5199999999995,16,2342.3399999999992,move,improve
14354,16,2342.5199999999995,16,2342.3399999999992,move,improve
14355,16,2342.5199999999995,16,2342.3399999999992,2opt,notBad
14356,16,2342.5199999999995,16,2342.3399999999992,swap,notBad
14357,16,2342.5199999999995,16,2342.3399999999992,move,improve
14358,16,2342.5199999999995,16,2342.3399999999992,move,improve
14359,16,2342.5199999999995,16,2342.3399999999992,2opt,notBad
14360,16,2342.5199999999995,16,2342.3399999999992,2opt,notBad
14361,16,2342.5199999999995,16,2342.3399999999992,swap,notBad
14362,16,2342.5199999999995,16,2342.3399999999992,2opt,notBad
14363,16,2342.5199999999995,16,2342.3399999999992,move,improve
14364,16,2342.5199999999995,16,2342.3399999999992,swap,notBad
14365,16,2342.5199999999995,16,2342.3399999999992,2opt,notBad
14366,16,2342.5199999999995,16,2342.3399999999992,move,improve
14367,16,2342.5199999999995,16,2342.3399999999992,swap,notBad
14368,16,2342.5199999999995,16,2342.3399999999992,swap,notBad
14369,16,2342.5199999999995,16,2342.3399999999992,swap,notBad
14370,16,2342.5199999999995,16,2342.3399999999992,2opt,notBad
14371,16,2342.5199999999995,16,2342.3399999999992,move,improve
14372,16,2342.5199999999995,16,2342.3399999999992,swap,notBad
14373,16,2342.5199999999995,16,2342.3399999999992,move,improve
14374,16,2342.5199999999995,16,2342.3399999999992,2opt,notBad
14375,16,2342.5199999999995,16,2342.3399999999992,swap,notBad
14376,16,2342.5199999999995,16,2342.3399999999992,2opt,notBad
14377,16,2342.5199999999995,16,2342.3399999999992,move,improve
14378,16,2342.5199999999995,16,2342.3399999999992,swap,notBad
14379,16,2342.5199999999995,16,2342.3399999999992,2opt,notBad
14380,16,2342.5199999999995,16,2342.3399999999992,swap,notBad
14381,16,2342.5199999999995,16,2342.3399999999992,2opt,improve
14382,16,2342.5199999999995,16,2342.3399999999992,2opt,notBad
14383,16,2342.5199999999995,16,2342.3399999999992,move,improve
14384,16,2342.5199999999995,16,2342.3399999999992,2opt,notBad
14385,16,2342.5199999999995,16,2342.3399999999992,swap,notBad
14386,16,2342.5199999999995,16,2342.3399999999992,move,improve
14387,16,2342.5199999999995,16,2342.3399999999992,swap,notBad
14388,16,2342.5199999999995,16,2342.3399999999992,2opt,notBad
14389,16,2342.5199999999995,16,2342.3399999999992,move,improve
14390,16,2342.5199999999995,16,2342.3399999999992,move,improve
14391,16,2342.5199999999995,16,2342.3399999999992,move,improve
14392,16,2342.5199999999995,16,2342.3399999999992,move,improve
14393,16,2342.5199999999995,16,2342.3399999999992,2opt,notBad
14394,16,2342.5199999999995,16,2342.3399999999992,move,improve
14395,16,2342.5199999999995,16,2342.3399999999992,2opt,notBad
14396,16,2342.5199999999995,16,2342.3399999999992,swap,notBad
14397,16,2342.5199999999995,16,2342.3399999999992,2opt,notBad
14398,16,2342.5199999999995,16,2342.3399999999992,move,improve
14399,16,2342.5199999999995,16,2342.3399999999992,move,improve
14400,16,2342.5199999999995,16,2342.3399999999992,swap,notBad
14401,16,2342.5199999999995,16,2342.3399999999992,2opt,notBad
14402,16,2342.5199999999995,16,2342.3399999999992,swap,notBad
14403,16,2342.5199999999995,16,2342.3399999999992,2opt,improve
14404,16,2342.5199999999995,16,2342.3399999999992,move,improve
14405,16,2342.5199999999995,16,2342.3399999999992,2opt,notBad
14406,16,2342.5199999999995,16,2342.3399999999992,2opt,notBad
14407,16,2342.5199999999995,16,2342.3399999999992,2opt,notBad
14408,16,2342.5199999999995,16,2342.3399999999992,move,improve
14409,16,2342.5199999999995,16,2342.3399999999992,move,improve
14410,16,2342.5199999999995,16,2342.3399999999992,2opt,notBad
14411,16,2342.5199999999995,16,2342.3399999999992,move,improve
14412,16,2342.5199999999995,16,2342.3399999999992,move,improve
14413,16,2342.5199999999995,16,2342.3399999999992,swap,notBad
14414,16,2342.5199999999995,16,2342.3399999999992,swap,notBad
14415,16,2342.5199999999995,16,2342.3399999999992,2opt,improve
14416,16,2342.5199999999995,16,2342.3399999999992,move,improve
14417,16,2342.5199999999995,16,2342.3399999999992,move,improve
14418,16,2342.5199999999995,16,2342.3399999999992,swap,notBad
14419,16,2342.5199999999995,16,2342.3399999999992,2opt,notBad
14420,16,2342.5199999999995,16,2342.3399999999992,move,improve
14421,16,2342.5199999999995,16,2342.3399999999992,2opt,notBad
14422,16,2342.5199999999995,16,2342.3399999999992,swap,notBad
14423,16,2342.5199999999995,16,2342.3399999999992,move,improve
14424,16,2342.5199999999995,16,2342.3399999999992,swap,notBad
14425,16,2342.5199999999995,16,2342.3399999999992,move,improve
14426,16,2342.5199999999995,16,2342.3399999999992,2opt,notBad
14427,16,2342.5199999999995,16,2342.3399999999992,swap,notBad
14428,16,2342.5199999999995,16,2342.3399999999992,move,improve
14429,16,2342.5199999999995,16,2342.3399999999992,swap,notBad
14430,16,2342.5199999999995,16,2342.3399999999992,2opt,notBad
14431,16,2342.5199999999995,16,2342.3399999999992,swap,notBad
14432,16,2342.5199999999995,16,2342.3399999999992,2opt,notBad
14433,16,2342.5199999999995,16,2342.3399999999992,2opt,notBad
14434,16,2342.5199999999995,16,2342.3399999999992,move,improve
14435,16,2342.5199999999995,16,2342.3399999999992,swap,notBad
14436,16,2342.5199999999995,16,2342.3399999999992,2opt,improve
14437,16,2342.5199999999995,16,2342.3399999999992,swap,notBad
14438,16,2342.5199999999995,16,2342.3399999999992,swap,notBad
14439,16,2342.5199999999995,16,2342.3399999999992,2opt,notBad
14440,16,2342.5199999999995,16,2342.3399999999992,move,improve
14441,16,2342.5199999999995,16,2342.3399999999992,move,improve
14442,16,2342.5199999999995,16,2342.3399999999992,swap,notBad
14443,16,2342.5199999999995,16,2342.3399999999992,move,improve
14444,16,2342.5199999999995,16,2342.3399999999992,move,improve
14445,16,2342.5199999999995,16,2342.3399999999992,swap,notBad
14446,16,2342.5199999999995,16,2342.3399999999992,2opt,improve
14447,16,2342.5199999999995,16,2342.3399999999992,move,improve
14448,16,2342.5199999999995,16,2342.3399999999992,move,improve
14449,16,2342.5199999999995,16,2342.3399999999992,2opt,notBad
14450,16,2342.5199999999995,16,2342.3399999999992,2opt,notBad
14451,16,2342.5199999999995,16,2342.3399999999992,swap,notBad
14452,16,2342.5199999999995,16,2342.3399999999992,move,improve
14453,16,2342.5199999999995,16,2342.3399999999992,move,improve
14454,16,2342.5199999999995,16,2342.3399999999992,swap,notBad
14455,16,2342.5199999999995,16,2342.3399999999992,move,improve
14456,16,2342.5199999999995,16,2342.3399999999992,2opt,notBad
14457,16,2342.5199999999995,16,2342.3399999999992,swap,notBad
14458,16,2342.5199999999995,16,2342.3399999999992,swap,notBad
14459,16,2342.5199999999995,16,2342.3399999999992,move,improve
14460,16,2342.5199999999995,16,2342.3399999999992,swap,notBad
14461,16,2342.5199999999995,16,2342.3399999999992,move,improve
14462,16,2342.5199999999995,16,2342.3399999999992,move,improve
14463,16,2342.5199999999995,16,2342.3399999999992,swap,notBad
14464,16,2342.5199999999995,16,2342.3399999999992,swap,notBad
14465,16,2342.5199999999995,16,2342.3399999999992,swap,notBad
14466,16,2342.5199999999995,16,2342.3399999999992,swap,notBad
14467,16,2342.5199999999995,16,2342.3399999999992,2opt,notBad
14468,16,2342.5199999999995,16,2342.3399999999992,move,improve
14469,16,2342.5199999999995,16,2342.3399999999992,move,improve
14470,16,2342.5199999999995,16,2342.3399999999992,swap,notBad
14471,16,2342.5199999999995,16,2342.3399999999992,2opt,notBad
14472,16,2342.5199999999995,16,2342.3399999999992,2opt,notBad
14473,16,2342.5199999999995,16,2342.3399999999992,2opt,notBad
14474,16,2342.5199999999995,16,2342.3399999999992,move,improve
14475,16,2342.5199999999995,16,2342.3399999999992,move,improve
14476,16,2342.5199999999995,16,2342.3399999999992,swap,notBad
14477,16,2342.5199999999995,16,2342.3399999999992,move,improve
14478,16,2342.5199999999995,16,2342.3399999999992,swap,notBad
14479,16,2342.5199999999995,16,2342.3399999999992,move,improve
14480,16,2342.5199999999995,16,2342.3399999999992,2opt,notBad
14481,16,2342.5199999999995,16,2342.3399999999992,2opt,notBad
14482,16,2342.5199999999995,16,2342.3399999999992,move,improve
14483,16,2342.5199999999995,16,2342.3399999999992,move,improve
14484,16,2342.5199999999995,16,2342.3399999999992,2opt,notBad
14485,16,2342.5199999999995,16,2342.3399999999992,2opt,notBad
14486,16,2342.5199999999995,16,2342.3399999999992,swap,notBad
14487,16,2342.5199999999995,16,2342.3399999999992,2opt,notBad
14488,16,2342.5199999999995,16,2342.3399999999992,swap,notBad
14489,16,2342.5199999999995,16,2342.3399999999992,move,improve
14490,16,2342.5199999999995,16,2342.3399999999992,swap,notBad
14491,16,2342.5199999999995,16,2342.3399999999992,swap,notBad
14492,16,2342.5199999999995,16,2342.3399999999992,2opt,notBad
14493,16,2342.5199999999995,16,2342.3399999999992,move,improve
14494,16,2342.5199999999995,16,2342.3399999999992,2opt,improve
14495,16,2342.5199999999995,16,2342.3399999999992,move,improve
14496,16,2342.5199999999995,16,2342.3399999999992,move,improve
14497,16,2342.5199999999995,16,2342.3399999999992,move,improve
14498,16,2342.5199999999995,16,2342.3399999999992,2opt,notBad
14499,16,2342.5199999999995,16,2342.3399999999992,2opt,notBad
14500,16,2342.5199999999995,16,2342.3399999999992,move,improve
14501,16,2342.5199999999995,16,2342.3399999999992,swap,notBad
14502,16,2342.5199999999995,16,2342.3399999999992,move,improve
14503,16,2342.5199999999995,16,2342.3399999999992,2opt,notBad
14504,16,2342.5199999999995,16,2342.3399999999992,2opt,notBad
14505,16,2342.5199999999995,16,2342.3399999999992,move,improve
14506,16,2342.5199999999995,16,2342.3399999999992,2opt,notBad
14507,16,2342.5199999999995,16,2342.3399999999992,swap,notBad
14508,16,2342.5199999999995,16,2342.3399999999992,swap,notBad
14509,16,2342.5199999999995,16,2342.3399999999992,move,improve
14510,16,2342.5199999999995,16,2342.3399999999992,move,improve
14511,16,2342.5199999999995,16,2342.3399999999992,move,improve
14512,16,2342.5199999999995,16,2342.3399999999992,2opt,notBad
14513,16,2342.5199999999995,16,2342.3399999999992,swap,notBad
14514,16,2342.5199999999995,16,2342.3399999999992,swap,notBad
14515,16,2342.5199999999995,16,2342.3399999999992,swap,notBad
14516,16,2342.5199999999995,16,2342.3399999999992,move,improve
14517,16,2342.5199999999995,16,2342.3399999999992,swap,notBad
14518,16,2342.5199999999995,16,2342.3399999999992,2opt,notBad
14519,16,2342.5199999999995,16,2342.3399999999992,swap,notBad
14520,16,2342.5199999999995,16,2342.3399999999992,2opt,notBad
14521,16,2342.5199999999995,16,2342.3399999999992,move,improve
14522,16,2342.5199999999995,16,2342.3399999999992,2opt,notBad
14523,16,2342.5199999999995,16,2342.3399999999992,2opt,notBad
14524,16,2342.5199999999995,16,2342.3399999999992,swap,notBad
14525,16,2342.5199999999995,16,2342.3399999999992,2opt,notBad
14526,16,2342.5199999999995,16,2342.3399999999992,move,improve
14527,16,2342.5199999999995,16,2342.3399999999992,2opt,notBad
14528,16,2342.5199999999995,16,2342.3399999999992,swap,notBad
14529,16,2342.5199999999995,16,2342.3399999999992,2opt,notBad
14530,16,2342.5199999999995,16,2342.3399999999992,move,improve
14531,16,2342.5199999999995,16,2342.3399999999992,swap,notBad
14532,16,2342.5199999999995,16,2342.3399999999992,swap,notBad
14533,16,2342.5199999999995,16,2342.3399999999992,move,improve
14534,16,2342.5199999999995,16,2342.3399999999992,move,improve
14535,16,2342.5199999999995,16,2342.3399999999992,move,improve
14536,16,2342.5199999999995,16,2342.3399999999992,swap,notBad
14537,16,2342.5199999999995,16,2342.3399999999992,2opt,notBad
14538,16,2342.5199999999995,16,2342.3399999999992,move,improve
14539,16,2342.5199999999995,16,2342.3399999999992,2opt,notBad
14540,16,2342.5199999999995,16,2342.3399999999992,swap,notBad
14541,16,2342.5199999999995,16,2342.3399999999992,swap,notBad
14542,16,2342.5199999999995,16,2342.3399999999992,2opt,improve
14543,16,2342.5199999999995,16,2342.3399999999992,swap,notBad
14544,16,2342.5199999999995,16,2342.3399999999992,swap,notBad
14545,16,2342.5199999999995,16,2342.3399999999992,2opt,notBad
14546,16,2342.5199999999995,16,2342.3399999999992,2opt,notBad
14547,16,2342.5199999999995,16,2342.3399999999992,2opt,notBad
14548,16,2342.5199999999995,16,2342.3399999999992,swap,notBad
14549,16,2342.5199999999995,16,2342.3399999999992,swap,notBad
14550,16,2342.5199999999995,16,2342.3399999999992,swap,notBad
14551,16,2342.5199999999995,16,2342.3399999999992,swap,notBad
14552,16,2342.5199999999995,16,2342.3399999999992,swap,notBad
14553,16,2342.5199999999995,16,2342.3399999999992,move,improve
14554,16,2342.5199999999995,16,2342.3399999999992,move,improve
14555,16,2342.5199999999995,16,2342.3399999999992,swap,notBad
14556,16,2342.5199999999995,16,2342.3399999999992,swap,notBad
14557,16,2342.5199999999995,16,2342.3399999999992,2opt,notBad
14558,16,2342.5199999999995,16,2342.3399999999992,move,improve
14559,16,2342.5199999999995,16,2342.3399999999992,swap,notBad
14560,16,2342.5199999999995,16,2342.3399999999992,move,improve
14561,16,2342.5199999999995,16,2342.3399999999992,2opt,notBad
14562,16,2342.5199999999995,16,2342.3399999999992,2opt,notBad
14563,16,2342.5199999999995,16,2342.3399999999992,2opt,notBad
14564,16,2342.5199999999995,16,2342.3399999999992,move,improve
14565,16,2342.5199999999995,16,2342.3399999999992,2opt,notBad
14566,16,2342.5199999999995,16,2342.3399999999992,move,improve
14567,16,2342.5199999999995,16,2342.3399999999992,swap,notBad
14568,16,2342.5199999999995,16,2342.3399999999992,move,improve
14569,16,2342.5199999999995,16,2342.3399999999992,swap,notBad
14570,16,2342.5199999999995,16,2342.3399999999992,swap,notBad
14571,16,2342.5199999999995,16,2342.3399999999992,swap,notBad
14572,16,2342.5199999999995,16,2342.3399999999992,move,improve
14573,16,2342.5199999999995,16,2342.3399999999992,2opt,notBad
14574,16,2342.5199999999995,16,2342.3399999999992,swap,notBad
14575,16,2342.5199999999995,16,2342.3399999999992,swap,notBad
14576,16,2342.5199999999995,16,2342.3399999999992,move,improve
14577,16,2342.5199999999995,16,2342.3399999999992,2opt,notBad
14578,16,2342.5199999999995,16,2342.3399999999992,2opt,notBad
14579,16,2342.5199999999995,16,2342.3399999999992,swap,notBad
14580,16,2342.5199999999995,16,2342.3399999999992,swap,notBad
14581,16,2342.5199999999995,16,2342.3399999999992,2opt,notBad
14582,16,2342.5199999999995,16,2342.3399999999992,2opt,notBad
14583,16,2342.5199999999995,16,2342.3399999999992,move,improve
14584,16,2342.5199999999995,16,2342.3399999999992,move,improve
14585,16,2342.5199999999995,16,2342.3399999999992,move,improve
14586,16,2342.5199999999995,16,2342.3399999999992,swap,notBad
14587,16,2342.5199999999995,16,2342.3399999999992,2opt,notBad
14588,16,2342.5199999999995,16,2342.3399999999992,swap,notBad
14589,16,2342.5199999999995,16,2342.3399999999992,2opt,notBad
14590,16,2342.5199999999995,16,2342.3399999999992,swap,notBad
14591,16,2342.5199999999995,16,2342.3399999999992,swap,notBad
14592,16,2342.5199999999995,16,2342.3399999999992,2opt,notBad
14593,16,2342.5199999999995,16,2342.3399999999992,move,improve
14594,16,2342.5199999999995,16,2342.3399999999992,swap,notBad
14595,16,2342.5199999999995,16,2342.3399999999992,move,improve
14596,16,2342.5199999999995,16,2342.3399999999992,move,improve
14597,16,2342.5199999999995,16,2342.3399999999992,2opt,notBad
14598,16,2342.5199999999995,16,2342.3399999999992,2opt,notBad
14599,16,2342.5199999999995,16,2342.3399999999992,swap,notBad
14600,16,2342.5199999999995,16,2342.3399999999992,move,improve
14601,16,2342.5199999999995,16,2342.3399999999992,2opt,notBad
14602,16,2342.5199999999995,16,2342.3399999999992,2opt,notBad
14603,16,2342.5199999999995,16,2342.3399999999992,2opt,improve
14604,16,2342.5199999999995,16,2342.3399999999992,2opt,notBad
14605,16,2342.5199999999995,16,2342.3399999999992,2opt,notBad
14606,16,2342.5199999999995,16,2342.3399999999992,swap,notBad
14607,16,2342.5199999999995,16,2342.3399999999992,move,improve
14608,16,2342.5199999999995,16,2342.3399999999992,move,improve
14609,16,2342.5199999999995,16,2342.3399999999992,move,improve
14610,16,2342.5199999999995,16,2342.3399999999992,2opt,improve
14611,16,2342.5199999999995,16,2342.3399999999992,swap,notBad
14612,16,2342.5199999999995,16,2342.3399999999992,move,improve
14613,16,2342.5199999999995,16,2342.3399999999992,2opt,notBad
14614,16,2342.5199999999995,16,2342.3399999999992,2opt,notBad
14615,16,2342.5199999999995,16,2342.3399999999992,move,improve
14616,16,2342.5199999999995,16,2342.3399999999992,swap,notBad
14617,16,2342.5199999999995,16,2342.3399999999992,2opt,notBad
14618,16,2342.5199999999995,16,2342.3399999999992,2opt,notBad
14619,16,2342.5199999999995,16,2342.3399999999992,swap,notBad
14620,16,2342.5199999999995,16,2342.3399999999992,move,improve
14621,16,2342.5199999999995,16,2342.3399999999992,move,improve
14622,16,2342.5199999999995,16,2342.3399999999992,2opt,notBad
14623,16,2342.5199999999995,16,2342.3399999999992,move,improve
14624,16,2342.5199999999995,16,2342.3399999999992,move,improve
14625,16,2342.5199999999995,16,2342.3399999999992,move,improve
14626,16,2342.5199999999995,16,2342.3399999999992,2opt,notBad
14627,16,2342.5199999999995,16,2342.3399999999992,2opt,notBad
14628,16,2342.5199999999995,16,2342.3399999999992,2opt,notBad
14629,16,2342.5199999999995,16,2342.3399999999992,2opt,notBad
14630,16,2342.5199999999995,16,2342.3399999999992,move,improve
14631,16,2342.5199999999995,16,2342.3399999999992,2opt,notBad
14632,16,2342.5199999999995,16,2342.3399999999992,2opt,notBad
14633,16,2342.5199999999995,16,2342.3399999999992,2opt,notBad
14634,16,2342.5199999999995,16,2342.3399999999992,2opt,notBad
14635,16,2342.5199999999995,16,2342.3399999999992,2opt,notBad
14636,16,2342.5199999999995,16,2342.3399999999992,move,improve
14637,16,2342.5199999999995,16,2342.3399999999992,swap,notBad
14638,16,2342.5199999999995,16,2342.3399999999992,swap,notBad
14639,16,2342.5199999999995,16,2342.3399999999992,2opt,notBad
14640,16,2342.5199999999995,16,2342.3399999999992,2opt,notBad
14641,16,2342.5199999999995,16,2342.3399999999992,move,improve
14642,16,2342.5199999999995,16,2342.3399999999992,2opt,notBad
14643,16,2342.5199999999995,16,2342.3399999999992,swap,notBad
14644,16,2342.5199999999995,16,2342.3399999999992,2opt,notBad
14645,16,2342.5199999999995,16,2342.3399999999992,swap,notBad
14646,16,2342.5199999999995,16,2342.3399999999992,2opt,notBad
14647,16,2342.5199999999995,16,2342.3399999999992,swap,notBad
14648,16,2342.5199999999995,16,2342.3399999999992,swap,notBad
14649,16,2342.5199999999995,16,2342.3399999999992,move,improve
14650,16,2342.5199999999995,16,2342.3399999999992,2opt,notBad
14651,16,2342.5199999999995,16,2342.3399999999992,move,improve
14652,16,2342.7799999999993,16,2342.3399999999992,swap,acceptBad
14653,16,2342.7799999999993,16,2342.3399999999992,swap,notBad
14654,16,2342.7799999999993,16,2342.3399999999992,swap,notBad
14655,16,2342.7799999999993,16,2342.3399999999992,2opt,notBad
14656,16,2342.7799999999993,16,2342.3399999999992,move,improve
14657,16,2342.7799999999993,16,2342.3399999999992,swap,notBad
14658,16,2342.7799999999993,16,2342.3399999999992,2opt,notBad
14659,16,2342.7799999999993,16,2342.3399999999992,2opt,notBad
14660,16,2342.7799999999993,16,2342.3399999999992,2opt,notBad
14661,16,2342.7799999999993,16,2342.3399999999992,move,improve
14662,16,2342.7799999999993,16,2342.3399999999992,swap,notBad
14663,16,2342.7799999999993,16,2342.3399999999992,2opt,notBad
14664,16,2342.7799999999993,16,2342.3399999999992,2opt,notBad
14665,16,2342.5199999999995,16,2342.3399999999992,move,improve
14666,16,2342.5199999999995,16,2342.3399999999992,move,improve
14667,16,2342.5199999999995,16,2342.3399999999992,move,improve
14668,16,2342.5199999999995,16,2342.3399999999992,move,improve
14669,16,2342.5199999999995,16,2342.3399999999992,move,improve
14670,16,2342.5199999999995,16,2342.3399999999992,2opt,notBad
14671,16,2342.5199999999995,16,2342.3399999999992,move,improve
14672,16,2342.5199999999995,16,2342.3399999999992,2opt,notBad
14673,16,2342.5199999999995,16,2342.3399999999992,move,improve
14674,16,2342.5199999999995,16,2342.3399999999992,2opt,notBad
14675,16,2342.5199999999995,16,2342.3399999999992,2opt,notBad
14676,16,2342.5199999999995,16,2342.3399999999992,swap,notBad
14677,16,2342.5199999999995,16,2342.3399999999992,move,improve
14678,16,2342.5199999999995,16,2342.3399999999992,swap,notBad
14679,16,2342.5199999999995,16,2342.3399999999992,2opt,improve
14680,16,2342.5199999999995,16,2342.3399999999992,swap,notBad
14681,16,2342.5199999999995,16,2342.3399999999992,move,improve
14682,16,2342.5199999999995,16,2342.3399999999992,2opt,notBad
14683,16,2342.5199999999995,16,2342.3399999999992,2opt,notBad
14684,16,2342.5199999999995,16,2342.3399999999992,move,improve
14685,16,2342.5199999999995,16,2342.3399999999992,swap,notBad
14686,16,2342.5199999999995,16,2342.3399999999992,swap,notBad
14687,16,2342.5199999999995,16,2342.3399999999992,swap,notBad
14688,16,2342.5199999999995,16,2342.3399999999992,2opt,notBad
14689,16,2342.5199999999995,16,2342.3399999999992,swap,notBad
14690,16,2342.5199999999995,16,2342.3399999999992,move,improve
14691,16,2342.5199999999995,16,2342.3399999999992,swap,notBad
14692,16,2342.5199999999995,16,2342.3399999999992,2opt,notBad
14693,16,2342.5199999999995,16,2342.3399999999992,move,improve
14694,16,2342.5199999999995,16,2342.3399999999992,move,improve
14695,16,2342.5199999999995,16,2342.3399999999992,move,improve
14696,16,2342.5199999999995,16,2342.3399999999992,move,improve
14697,16,2342.5199999999995,16,2342.3399999999992,2opt,notBad
14698,16,2342.5199999999995,16,2342.3399999999992,swap,notBad
14699,16,2342.5199999999995,16,2342.3399999999992,2opt,improve
14700,16,2342.5199999999995,16,2342.3399999999992,2opt,notBad
14701,16,2342.5199999999995,16,2342.3399999999992,swap,notBad
14702,16,2342.5199999999995,16,2342.3399999999992,move,improve
14703,16,2342.5199999999995,16,2342.3399999999992,swap,notBad
14704,16,2342.5199999999995,16,2342.3399999999992,swap,notBad
14705,16,2342.5199999999995,16,2342.3399999999992,swap,notBad
14706,16,2342.5199999999995,16,2342.3399999999992,swap,notBad
14707,16,2342.5199999999995,16,2342.3399999999992,move,improve
14708,16,2342.5199999999995,16,2342.3399999999992,swap,notBad
14709,16,2342.5199999999995,16,2342.3399999999992,2opt,notBad
14710,16,2342.5199999999995,16,2342.3399999999992,2opt,notBad
14711,16,2342.5199999999995,16,2342.3399999999992,swap,notBad
14712,16,2342.5199999999995,16,2342.3399999999992,swap,notBad
14713,16,2342.5199999999995,16,2342.3399999999992,swap,notBad
14714,16,2342.5199999999995,16,2342.3399999999992,2opt,notBad
14715,16,2342.5199999999995,16,2342.3399999999992,2opt,notBad
14716,16,2342.5199999999995,16,2342.3399999999992,swap,notBad
14717,16,2342.5199999999995,16,2342.3399999999992,2opt,notBad
14718,16,2342.5199999999995,16,2342.3399999999992,swap,notBad
14719,16,2342.5199999999995,16,2342.3399999999992,swap,notBad
14720,16,2342.5199999999995,16,2342.3399999999992,move,improve
14721,16,2342.5199999999995,16,2342.3399999999992,2opt,notBad
14722,16,2342.5199999999995,16,2342.3399999999992,2opt,notBad
14723,16,2342.5199999999995,16,2342.3399999999992,swap,notBad
14724,16,2342.5199999999995,16,2342.3399999999992,move,improve
14725,16,2342.5199999999995,16,2342.3399999999992,move,improve
14726,16,2342.5199999999995,16,2342.3399999999992,move,improve
14727,16,2342.5199999999995,16,2342.3399999999992,move,improve
14728,16,2342.5199999999995,16,2342.3399999999992,swap,notBad
14729,16,2342.5199999999995,16,2342.3399999999992,swap,notBad
14730,16,2342.5199999999995,16,2342.3399999999992,2opt,notBad
14731,16,2342.5199999999995,16,2342.3399999999992,swap,notBad
14732,16,2342.5199999999995,16,2342.3399999999992,2opt,notBad
14733,16,2342.5199999999995,16,2342.3399999999992,move,improve
14734,16,2342.5199999999995,16,2342.3399999999992,swap,notBad
14735,16,2342.5199999999995,16,2342.3399999999992,2opt,notBad
14736,16,2342.5199999999995,16,2342.3399999999992,move,improve
14737,16,2342.5199999999995,16,2342.3399999999992,move,improve
14738,16,2342.5199999999995,16,2342.3399999999992,2opt,notBad
14739,16,2342.5199999999995,16,2342.3399999999992,move,improve
14740,16,2342.5199999999995,16,2342.3399999999992,move,improve
14741,16,2342.5199999999995,16,2342.3399999999992,swap,notBad
14742,16,2342.5199999999995,16,2342.3399999999992,2opt,improve
14743,16,2342.5199999999995,16,2342.3399999999992,swap,notBad
14744,16,2342.5199999999995,16,2342.3399999999992,swap,notBad
14745,16,2342.5199999999995,16,2342.3399999999992,move,improve
14746,16,2342.5199999999995,16,2342.3399999999992,swap,notBad
14747,16,2342.5199999999995,16,2342.3399999999992,move,improve
14748,16,2342.5199999999995,16,2342.3399999999992,move,improve
14749,16,2342.5199999999995,16,2342.3399999999992,swap,notBad
14750,16,2342.5199999999995,16,2342.3399999999992,move,improve
14751,16,2342.5199999999995,16,2342.3399999999992,2opt,improve
14752,16,2342.5199999999995,16,2342.3399999999992,swap,notBad
14753,16,2342.5199999999995,16,2342.3399999999992,2opt,notBad
14754,16,2342.5199999999995,16,2342.3399999999992,move,improve
14755,16,2342.5199999999995,16,2342.3399999999992,2opt,notBad
14756,16,2342.5199999999995,16,2342.3399999999992,2opt,improve
14757,16,2342.5199999999995,16,2342.3399999999992,move,improve
14758,16,2342.5199999999995,16,2342.3399999999992,swap,notBad
14759,16,2342.5199999999995,16,2342.3399999999992,2opt,notBad
14760,16,2342.5199999999995,16,2342.3399999999992,swap,notBad
14761,16,2342.5199999999995,16,2342.3399999999992,swap,notBad
14762,16,2342.5199999999995,16,2342.3399999999992,swap,notBad
14763,16,2342.5199999999995,16,2342.3399999999992,2opt,notBad
14764,16,2342.5199999999995,16,2342.3399999999992,swap,notBad
14765,16,2342.5199999999995,16,2342.3399999999992,swap,notBad
14766,16,2342.5199999999995,16,2342.3399999999992,2opt,notBad
14767,16,2342.5199999999995,16,2342.3399999999992,move,improve
14768,16,2342.5199999999995,16,2342.3399999999992,move,improve
14769,16,2342.5199999999995,16,2342.3399999999992,2opt,notBad
14770,16,2342.5199999999995,16,2342.3399999999992,2opt,notBad
14771,16,2342.5199999999995,16,2342.3399999999992,move,improve
14772,16,2342.5199999999995,16,2342.3399999999992,2opt,notBad
14773,16,2342.5199999999995,16,2342.3399999999992,move,improve
14774,16,2342.5199999999995,16,2342.3399999999992,swap,notBad
14775,16,2342.5199999999995,16,2342.3399999999992,swap,notBad
14776,16,2342.5199999999995,16,2342.3399999999992,swap,notBad
14777,16,2342.5199999999995,16,2342.3399999999992,2opt,improve
14778,16,2342.5199999999995,16,2342.3399999999992,swap,notBad
14779,16,2342.5199999999995,16,2342.3399999999992,swap,notBad
14780,16,2342.5199999999995,16,2342.3399999999992,2opt,notBad
14781,16,2342.5199999999995,16,2342.3399999999992,swap,notBad
14782,16,2342.5199999999995,16,2342.3399999999992,2opt,improve
14783,16,2342.5199999999995,16,2342.3399999999992,swap,notBad
14784,16,2342.5199999999995,16,2342.3399999999992,swap,notBad
14785,16,2342.5199999999995,16,2342.3399999999992,2opt,notBad
14786,16,2342.5199999999995,16,2342.3399999999992,swap,notBad
14787,16,2342.5199999999995,16,2342.3399999999992,2opt,notBad
14788,16,2342.5199999999995,16,2342.3399999999992,move,improve
14789,16,2342.5199999999995,16,2342.3399999999992,move,improve
14790,16,2342.5199999999995,16,2342.3399999999992,swap,notBad
14791,16,2342.5199999999995,16,2342.3399999999992,move,improve
14792,16,2342.5199999999995,16,2342.3399999999992,swap,notBad
14793,16,2342.5199999999995,16,2342.3399999999992,2opt,notBad
14794,16,2342.5199999999995,16,2342.3399999999992,swap,notBad
14795,16,2342.5199999999995,16,2342.3399999999992,2opt,notBad
14796,16,2342.5199999999995,16,2342.3399999999992,2opt,notBad
14797,16,2342.5199999999995,16,2342.3399999999992,swap,notBad
14798,16,2342.5199999999995,16,2342.3399999999992,swap,notBad
14799,16,2342.5199999999995,16,2342.3399999999992,swap,notBad
14800,16,2342.5199999999995,16,2342.3399999999992,move,improve
14801,16,2342.5199999999995,16,2342.3399999999992,swap,notBad
14802,16,2342.5199999999995,16,2342.3399999999992,swap,notBad
14803,16,2342.5199999999995,16,2342.3399999999992,2opt,notBad
14804,16,2342.5199999999995,16,2342.3399999999992,swap,notBad
14805,16,2342.5199999999995,16,2342.3399999999992,move,improve
14806,16,2342.5199999999995,16,2342.3399999999992,swap,notBad
14807,16,2342.5199999999995,16,2342.3399999999992,swap,notBad
14808,16,2342.5199999999995,16,2342.3399999999992,swap,notBad
14809,16,2342.5199999999995,16,2342.3399999999992,move,improve
14810,16,2342.5199999999995,16,2342.3399999999992,swap,notBad
14811,16,2342.5199999999995,16,2342.3399999999992,swap,notBad
14812,16,2342.5199999999995,16,2342.3399999999992,2opt,notBad
14813,16,2342.5199999999995,16,2342.3399999999992,swap,notBad
14814,16,2342.5199999999995,16,2342.3399999999992,move,improve
14815,16,2342.5199999999995,16,2342.3399999999992,2opt,notBad
14816,16,2342.5199999999995,16,2342.3399999999992,move,improve
14817,16,2342.5199999999995,16,2342.3399999999992,2opt,improve
14818,16,2342.5199999999995,16,2342.3399999999992,2opt,notBad
14819,16,2342.5199999999995,16,2342.3399999999992,swap,notBad
14820,16,2342.5199999999995,16,2342.3399999999992,swap,notBad
14821,16,2342.5199999999995,16,2342.3399999999992,2opt,improve
14822,16,2342.5199999999995,16,2342.3399999999992,2opt,notBad
14823,16,2342.5199999999995,16,2342.3399999999992,swap,notBad
14824,16,2342.5199999999995,16,2342.3399999999992,move,improve
14825,16,2342.5199999999995,16,2342.3399999999992,swap,notBad
14826,16,2342.5199999999995,16,2342.3399999999992,move,improve
14827,16,2342.5199999999995,16,2342.3399999999992,move,improve
14828,16,2342.5199999999995,16,2342.3399999999992,swap,notBad
14829,16,2342.5199999999995,16,2342.3399999999992,2opt,notBad
14830,16,2342.5199999999995,16,2342.3399999999992,move,improve
14831,16,2342.5199999999995,16,2342.3399999999992,swap,notBad
14832,16,2342.5199999999995,16,2342.3399999999992,2opt,notBad
14833,16,2342.5199999999995,16,2342.3399999999992,move,improve
14834,16,2342.5199999999995,16,2342.3399999999992,2opt,notBad
14835,16,2342.5199999999995,16,2342.3399999999992,move,improve
14836,16,2342.5199999999995,16,2342.3399999999992,swap,notBad
14837,16,2342.5199999999995,16,2342.3399999999992,2opt,notBad
14838,16,2342.5199999999995,16,2342.3399999999992,swap,notBad
14839,16,2342.5199999999995,16,2342.3399999999992,2opt,improve
14840,16,2342.5199999999995,16,2342.3399999999992,2opt,notBad
14841,16,2342.5199999999995,16,2342.3399999999992,move,improve
14842,16,2342.5199999999995,16,2342.3399999999992,2opt,notBad
14843,16,2342.5199999999995,16,2342.3399999999992,swap,notBad
14844,16,2342.5199999999995,16,2342.3399999999992,move,improve
14845,16,2342.5199999999995,16,2342.3399999999992,swap,notBad
14846,16,2342.5199999999995,16,2342.3399999999992,move,improve
14847,16,2342.5199999999995,16,2342.3399999999992,swap,notBad
14848,16,2342.5199999999995,16,2342.3399999999992,2opt,notBad
14849,16,2342.5199999999995,16,2342.3399999999992,swap,notBad
14850,16,2342.5199999999995,16,2342.3399999999992,move,improve
14851,16,2342.5199999999995,16,2342.3399999999992,2opt,notBad
14852,16,2342.5199999999995,16,2342.3399999999992,2opt,notBad
14853,16,2342.5199999999995,16,2342.3399999999992,move,improve
14854,16,2342.5199999999995,16,2342.3399999999992,2opt,notBad
14855,16,2342.5199999999995,16,2342.3399999999992,2opt,notBad
14856,16,2342.5199999999995,16,2342.3399999999992,2opt,notBad
14857,16,2342.5199999999995,16,2342.3399999999992,swap,notBad
14858,16,2342.5199999999995,16,2342.3399999999992,swap,notBad
14859,16,2342.5199999999995,16,2342.3399999999992,swap,notBad
14860,16,2342.5199999999995,16,2342.3399999999992,2opt,notBad
14861,16,2342.5199999999995,16,2342.3399999999992,move,improve
14862,16,2342.5199999999995,16,2342.3399999999992,2opt,notBad
14863,16,2342.5199999999995,16,2342.3399999999992,swap,notBad
14864,16,2342.5199999999995,16,2342.3399999999992,swap,notBad
14865,16,2342.5199999999995,16,2342.3399999999992,move,improve
14866,16,2342.5199999999995,16,2342.3399999999992,move,improve
14867,16,2342.5199999999995,16,2342.3399999999992,move,notBad
14868,16,2342.5199999999995,16,2342.3399999999992,2opt,notBad
14869,16,2342.3399999999992,16,2342.3399999999992,swap,improve
14870,16,2342.3399999999992,16,2342.3399999999992,swap,notBad
14871,16,2342.3399999999992,16,2342.3399999999992,2opt,notBad
14872,16,2342.3399999999992,16,2342.3399999999992,move,improve
14873,16,2342.3399999999992,16,2342.3399999999992,swap,notBad
14874,16,2342.3399999999992,16,2342.3399999999992,2opt,notBad
14875,16,2342.3399999999992,16,2342.3399999999992,move,improve
14876,16,2342.3399999999992,16,2342.3399999999992,swap,notBad
14877,16,2342.3399999999992,16,2342.3399999999992,swap,notBad
14878,16,2342.3399999999992,16,2342.3399999999992,2opt,notBad
14879,16,2342.3399999999992,16,2342.3399999999992,swap,notBad
14880,16,2342.3399999999992,16,2342.3399999999992,2opt,notBad
14881,16,2342.3399999999992,16,2342.3399999999992,2opt,notBad
14882,16,2342.3399999999992,16,2342.3399999999992,move,improve
14883,16,2342.3399999999992,16,2342.3399999999992,2opt,notBad
14884,16,2342.3399999999992,16,2342.3399999999992,2opt,notBad
14885,16,2342.3399999999992,16,2342.3399999999992,2opt,improve
14886,16,2342.3399999999992,16,2342.3399999999992,swap,notBad
14887,16,2342.3399999999992,16,2342.3399999999992,swap,notBad
14888,16,2342.3399999999992,16,2342.3399999999992,move,improve
14889,16,2342.3399999999992,16,2342.3399999999992,move,improve
14890,16,2342.3399999999992,16,2342.3399999999992,swap,notBad
14891,16,2342.3399999999992,16,2342.3399999999992,2opt,notBad
14892,16,2342.3399999999992,16,2342.3399999999992,2opt,notBad
14893,16,2342.3399999999992,16,2342.3399999999992,2opt,notBad
14894,16,2342.3399999999992,16,2342.3399999999992,move,improve
14895,16,2342.3399999999992,16,2342.3399999999992,move,improve
14896,16,2342.3399999999992,16,2342.3399999999992,2opt,notBad
14897,16,2342.3399999999992,16,2342.3399999999992,move,improve
14898,16,2342.3399999999992,16,2342.3399999999992,move,improve
14899,16,2342.3399999999992,16,2342.3399999999992,swap,notBad
14900,16,2342.3399999999992,16,2342.3399999999992,move,improve
14901,16,2342.3399999999992,16,2342.3399999999992,2opt,notBad
14902,16,2342.3399999999992,16,2342.3399999999992,swap,notBad
14903,16,2342.3399999999992,16,2342.3399999999992,move,improve
14904,16,2342.3399999999992,16,2342.3399999999992,move,improve
14905,16,2342.3399999999992,16,2342.3399999999992,move,improve
14906,16,2342.3399999999992,16,2342.3399999999992,swap,notBad
14907,16,2342.3399999999992,16,2342.3399999999992,2opt,notBad
14908,16,2342.3399999999992,16,2342.3399999999992,move,improve
14909,16,2342.3399999999992,16,2342.3399999999992,2opt,notBad
14910,16,2342.3399999999992,16,2342.3399999999992,2opt,notBad
14911,16,2342.3399999999992,16,2342.3399999999992,2opt,notBad
14912,16,2342.3399999999992,16,2342.3399999999992,2opt,notBad
14913,16,2342.3399999999992,16,2342.3399999999992,move,improve
14914,16,2342.3399999999992,16,2342.3399999999992,move,improve
14915,16,2342.3399999999992,16,2342.3399999999992,swap,notBad
14916,16,2342.3399999999992,16,2342.3399999999992,swap,notBad
14917,16,2342.3399999999992,16,2342.3399999999992,2opt,notBad
14918,16,2342.3399999999992,16,2342.3399999999992,move,improve
14919,16,2342.3399999999992,16,2342.3399999999992,move,improve
14920,16,2342.3399999999992,16,2342.3399999999992,2opt,notBad
14921,16,2342.3399999999992,16,2342.3399999999992,2opt,notBad
14922,16,2342.3399999999992,16,2342.3399999999992,move,improve
14923,16,2342.3399999999992,16,2342.3399999999992,2opt,notBad
14924,16,2342.3399999999992,16,2342.3399999999992,swap,notBad
14925,16,2342.779999999999,16,2342.3399999999992,swap,acceptBad
14926,16,2342.779999999999,16,2342.3399999999992,2opt,notBad
14927,16,2342.779999999999,16,2342.3399999999992,move,improve
14928,16,2342.779999999999,16,2342.3399999999992,2opt,notBad
14929,16,2342.779999999999,16,2342.3399999999992,2opt,notBad
14930,16,2342.779999999999,16,2342.3399999999992,move,improve
14931,16,2342.779999999999,16,2342.3399999999992,2opt,notBad
14932,16,2342.779999999999,16,2342.3399999999992,swap,notBad
14933,16,2342.779999999999,16,2342.3399999999992,move,improve
14934,16,2342.779999999999,16,2342.3399999999992,swap,notBad
14935,16,2342.779999999999,16,2342.3399999999992,swap,notBad
14936,16,2342.779999999999,16,2342.3399999999992,move,improve
14937,16,2342.779999999999,16,2342.3399999999992,2opt,notBad
14938,16,2342.779999999999,16,2342.3399999999992,swap,notBad
14939,16,2342.779999999999,16,2342.3399999999992,swap,notBad
14940,16,2342.779999999999,16,2342.3399999999992,swap,notBad
14941,16,2342.779999999999,16,2342.3399999999992,swap,notBad
14942,16,2342.779999999999,16,2342.3399999999992,move,improve
14943,16,2342.779999999999,16,2342.3399999999992,swap,notBad
14944,16,2342.779999999999,16,2342.3399999999992,2opt,notBad
14945,16,2343.0199999999986,16,2342.3399999999992,swap,acceptBad
14946,16,2343.0199999999986,16,2342.3399999999992,2opt,notBad
14947,16,2343.0199999999986,16,2342.3399999999992,swap,notBad
14948,16,2343.0199999999986,16,2342.3399999999992,swap,notBad
14949,16,2343.0199999999986,16,2342.3399999999992,move,improve
14950,16,2342.579999999999,16,2342.3399999999992,move,improve
14951,16,2342.579999999999,16,2342.3399999999992,move,improve
14952,16,2342.579999999999,16,2342.3399999999992,2opt,notBad
14953,16,2342.579999999999,16,2342.3399999999992,swap,notBad
14954,16,2342.579999999999,16,2342.3399999999992,move,improve
14955,16,2342.579999999999,16,2342.3399999999992,move,improve
14956,16,2342.579999999999,16,2342.3399999999992,swap,notBad
14957,16,2342.579999999999,16,2342.3399999999992,2opt,notBad
14958,16,2342.579999999999,16,2342.3399999999992,swap,notBad
14959,16,2342.579999999999,16,2342.3399999999992,move,improve
14960,16,2342.579999999999,16,2342.3399999999992,move,improve
14961,16,2342.579999999999,16,2342.3399999999992,swap,notBad
14962,16,2342.579999999999,16,2342.3399999999992,2opt,notBad
14963,16,2342.579999999999,16,2342.3399999999992,move,improve
14964,16,2342.579999999999,16,2342.3399999999992,move,improve
14965,16,2342.579999999999,16,2342.3399999999992,2opt,notBad
14966,16,2342.579999999999,16,2342.3399999999992,2opt,notBad
14967,16,2342.579999999999,16,2342.3399999999992,swap,notBad
14968,16,2342.579999999999,16,2342.3399999999992,2opt,notBad
14969,16,2342.579999999999,16,2342.3399999999992,swap,notBad
14970,16,2342.579999999999,16,2342.3399999999992,swap,notBad
14971,16,2342.579999999999,16,2342.3399999999992,2opt,notBad
14972,16,2342.579999999999,16,2342.3399999999992,swap,notBad
14973,16,2342.579999999999,16,2342.3399999999992,2opt,notBad
14974,16,2342.579999999999,16,2342.3399999999992,2opt,notBad
14975,16,2342.579999999999,16,2342.3399999999992,swap,notBad
14976,16,2342.579999999999,16,2342.3399999999992,move,improve
14977,16,2342.579999999999,16,2342.3399999999992,2opt,notBad
14978,16,2342.579999999999,16,2342.3399999999992,move,improve
14979,16,2342.579999999999,16,2342.3399999999992,swap,notBad
14980,16,2342.579999999999,16,2342.3399999999992,move,improve
14981,16,2342.579999999999,16,2342.3399999999992,move,improve
14982,16,2342.579999999999,16,2342.3399999999992,move,improve
14983,16,2342.579999999999,16,2342.3399999999992,2opt,notBad
14984,16,2342.579999999999,16,2342.3399999999992,2opt,notBad
14985,16,2342.579999999999,16,2342.3399999999992,2opt,notBad
14986,16,2342.579999999999,16,2342.3399999999992,move,improve
14987,16,2342.579999999999,16,2342.3399999999992,2opt,notBad
14988,16,2342.579999999999,16,2342.3399999999992,swap,notBad
14989,16,2342.3399999999992,16,2342.3399999999992,move,improve
14990,16,2342.3399999999992,16,2342.3399999999992,2opt,improve
14991,16,2342.3399999999992,16,2342.3399999999992,swap,notBad
14992,16,2342.3399999999992,16,2342.3399999999992,move,improve
14993,16,2342.3399999999992,16,2342.3399999999992,move,improve
14994,16,2342.3399999999992,16,2342.3399999999992,swap,notBad
14995,16,2342.3399999999992,16,2342.3399999999992,swap,notBad
14996,16,2342.3399999999992,16,2342.3399999999992,move,improve
14997,16,2342.3399999999992,16,2342.3399999999992,2opt,improve
14998,16,2342.3399999999992,16,2342.3399999999992,2opt,notBad
14999,16,2342.3399999999992,16,2342.3399999999992,move,improve
15000,16,2342.3399999999992,16,2342.3399999999992,move,improve
15001,16,2342.3399999999992,16,2342.3399999999992,swap,notBad
15002,16,2342.3399999999992,16,2342.3399999999992,2opt,notBad
15003,16,2342.3399999999992,16,2342.3399999999992,move,improve
15004,16,2342.3399999999992,16,2342.3399999999992,move,improve
15005,16,2342.3399999999992,16,2342.3399999999992,swap,notBad
15006,16,2342.3399999999992,16,2342.3399999999992,2opt,notBad
15007,16,2342.3399999999992,16,2342.3399999999992,move,improve
15008,16,2342.3399999999992,16,2342.3399999999992,move,improve
15009,16,2342.3399999999992,16,2342.3399999999992,move,improve
15010,16,2342.3399999999992,16,2342.3399999999992,move,improve
15011,16,2342.3399999999992,16,2342.3399999999992,move,improve
15012,16,2342.3399999999992,16,2342.3399999999992,move,improve
15013,16,2342.3399999999992,16,2342.3399999999992,swap,notBad
15014,16,2342.3399999999992,16,2342.3399999999992,move,improve
15015,16,2342.3399999999992,16,2342.3399999999992,move,improve
15016,16,2342.3399999999992,16,2342.3399999999992,move,improve
15017,16,2342.3399999999992,16,2342.3399999999992,move,improve
15018,16,2342.3399999999992,16,2342.3399999999992,swap,notBad
15019,16,2342.3399999999992,16,2342.3399999999992,move,improve
15020,16,2342.3399999999992,16,2342.3399999999992,move,improve
15021,16,2342.3399999999992,16,2342.3399999999992,swap,notBad
15022,16,2342.3399999999992,16,2342.3399999999992,2opt,notBad
15023,16,2342.3399999999992,16,2342.3399999999992,2opt,notBad
15024,16,2342.3399999999992,16,2342.3399999999992,2opt,notBad
15025,16,2342.3399999999992,16,2342.3399999999992,move,improve
15026,16,2342.3399999999992,16,2342.3399999999992,move,improve
15027,16,2342.3399999999992,16,2342.3399999999992,move,improve
15028,16,2342.3399999999992,16,2342.3399999999992,swap,notBad
15029,16,2342.3399999999992,16,2342.3399999999992,2opt,notBad
15030,16,2342.3399999999992,16,2342.3399999999992,2opt,improve
15031,16,2342.3399999999992,16,2342.3399999999992,2opt,notBad
15032,16,2342.3399999999992,16,2342.3399999999992,move,notBad
15033,16,2342.3399999999992,16,2342.3399999999992,2opt,notBad
15034,16,2342.3399999999992,16,2342.3399999999992,swap,notBad
15035,16,2342.3399999999992,16,2342.3399999999992,move,improve
15036,16,2342.3399999999992,16,2342.3399999999992,move,improve
15037,16,2342.3399999999992,16,2342.3399999999992,2opt,notBad
15038,16,2342.3399999999992,16,2342.3399999999992,2opt,notBad
15039,16,2342.3399999999992,16,2342.3399999999992,move,improve
15040,16,2342.3399999999992,16,2342.3399999999992,2opt,notBad
15041,16,2342.3399999999992,16,2342.3399999999992,2opt,notBad
15042,16,2342.3399999999992,16,2342.3399999999992,move,improve
15043,16,2342.3399999999992,16,2342.3399999999992,move,improve
15044,16,2342.3399999999992,16,2342.3399999999992,swap,notBad
15045,16,2342.3399999999992,16,2342.3399999999992,2opt,notBad
15046,16,2342.3399999999992,16,2342.3399999999992,swap,notBad
15047,16,2342.3399999999992,16,2342.3399999999992,2opt,notBad
15048,16,2342.3399999999992,16,2342.3399999999992,swap,notBad
15049,16,2342.3399999999992,16,2342.3399999999992,2opt,notBad
15050,16,2342.3399999999992,16,2342.3399999999992,move,improve
15051,16,2342.3399999999992,16,2342.3399999999992,move,improve
15052,16,2342.3399999999992,16,2342.3399999999992,2opt,notBad
15053,16,2342.3399999999992,16,2342.3399999999992,2opt,notBad
15054,16,2342.3399999999992,16,2342.3399999999992,move,improve
15055,16,2342.3399999999992,16,2342.3399999999992,move,improve
15056,16,2342.3399999999992,16,2342.3399999999992,2opt,notBad
15057,16,2342.3399999999992,16,2342.3399999999992,move,improve
15058,16,2342.3399999999992,16,2342.3399999999992,2opt,improve
15059,16,2342.3399999999992,16,2342.3399999999992,swap,notBad
15060,16,2342.3399999999992,16,2342.3399999999992,move,improve
15061,16,2342.3399999999992,16,2342.3399999999992,2opt,notBad
15062,16,2342.3399999999992,16,2342.3399999999992,move,improve
15063,16,2342.3399999999992,16,2342.3399999999992,2opt,notBad
15064,16,2342.3399999999992,16,2342.3399999999992,swap,notBad
15065,16,2342.3399999999992,16,2342.3399999999992,move,improve
15066,16,2342.3399999999992,16,2342.3399999999992,move,improve
15067,16,2342.3399999999992,16,2342.3399999999992,move,improve
15068,16,2342.3399999999992,16,2342.3399999999992,move,improve
15069,16,2342.3399999999992,16,2342.3399999999992,move,improve
15070,16,2342.3399999999992,16,2342.3399999999992,swap,notBad
15071,16,2342.3399999999992,16,2342.3399999999992,move,improve
15072,16,2342.3399999999992,16,2342.3399999999992,2opt,notBad
15073,16,2342.3399999999992,16,2342.3399999999992,move,improve
15074,16,2342.3399999999992,16,2342.3399999999992,move,improve
15075,16,2342.3399999999992,16,2342.3399999999992,move,improve
15076,16,2342.3399999999992,16,2342.3399999999992,move,improve
15077,16,2342.3399999999992,16,2342.3399999999992,swap,notBad
15078,16,2342.3399999999992,16,2342.3399999999992,2opt,notBad
15079,16,2342.3399999999992,16,2342.3399999999992,2opt,notBad
15080,16,2342.3399999999992,16,2342.3399999999992,swap,notBad
15081,16,2342.3399999999992,16,2342.3399999999992,move,improve
15082,16,2342.3399999999992,16,2342.3399999999992,2opt,notBad
15083,16,2342.3399999999992,16,2342.3399999999992,swap,notBad
15084,16,2342.579999999999,16,2342.3399999999992,swap,acceptBad
15085,16,2342.579999999999,16,2342.3399999999992,move,improve
15086,16,2342.579999999999,16,2342.3399999999992,2opt,notBad
15087,16,2342.579999999999,16,2342.3399999999992,move,improve
15088,16,2342.579999999999,16,2342.3399999999992,2opt,notBad
15089,16,2342.579999999999,16,2342.3399999999992,move,improve
15090,16,2342.579999999999,16,2342.3399999999992,2opt,notBad
15091,16,2342.579999999999,16,2342.3399999999992,move,improve
15092,16,2342.579999999999,16,2342.3399999999992,2opt,notBad
15093,16,2342.579999999999,16,2342.3399999999992,swap,notBad
15094,16,2342.579999999999,16,2342.3399999999992,move,improve
15095,16,2342.579999999999,16,2342.3399999999992,2opt,improve
15096,16,2342.579999999999,16,2342.3399999999992,move,improve
15097,16,2342.579999999999,16,2342.3399999999992,move,improve
15098,16,2342.579999999999,16,2342.3399999999992,move,improve
15099,16,2342.579999999999,16,2342.3399999999992,2opt,notBad
15100,16,2342.579999999999,16,2342.3399999999992,move,improve
15101,16,2342.579999999999,16,2342.3399999999992,2opt,notBad
15102,16,2342.579999999999,16,2342.3399999999992,move,improve
15103,16,2342.579999999999,16,2342.3399999999992,swap,notBad
15104,16,2342.579999999999,16,2342.3399999999992,move,improve
15105,16,2342.579999999999,16,2342.3399999999992,move,improve
15106,16,2342.579999999999,16,2342.3399999999992,swap,notBad
15107,16,2342.579999999999,16,2342.3399999999992,move,improve
15108,16,2342.579999999999,16,2342.3399999999992,move,improve
15109,16,2342.579999999999,16,2342.3399999999992,2opt,notBad
15110,16,2342.579999999999,16,2342.3399999999992,2opt,notBad
15111,16,2342.579999999999,16,2342.3399999999992,2opt,notBad
15112,16,2342.579999999999,16,2342.3399999999992,2opt,improve
15113,16,2342.579999999999,16,2342.3399999999992,swap,notBad
15114,16,2342.579999999999,16,2342.3399999999992,2opt,notBad
15115,16,2342.579999999999,16,2342.3399999999992,move,improve
15116,16,2342.579999999999,16,2342.3399999999992,move,improve
15117,16,2342.579999999999,16,2342.3399999999992,move,improve
15118,16,2342.579999999999,16,2342.3399999999992,move,improve
15119,16,2342.579999999999,16,2342.3399999999992,2opt,notBad
15120,16,2342.579999999999,16,2342.3399999999992,move,improve
15121,16,2342.579999999999,16,2342.3399999999992,2opt,notBad
15122,16,2342.579999999999,16,2342.3399999999992,2opt,notBad
15123,16,2342.579999999999,16,2342.3399999999992,2opt,notBad
15124,16,2342.579999999999,16,2342.3399999999992,swap,notBad
15125,16,2342.579999999999,16,2342.3399999999992,swap,notBad
15126,16,2342.579999999999,16,2342.3399999999992,2opt,notBad
15127,16,2342.579999999999,16,2342.3399999999992,2opt,notBad
15128,16,2342.579999999999,16,2342.3399999999992,move,improve
15129,16,2342.579999999999,16,2342.3399999999992,2opt,improve
15130,16,2342.579999999999,16,2342.3399999999992,2opt,notBad
15131,16,2342.579999999999,16,2342.3399999999992,move,improve
15132,16,2342.579999999999,16,2342.3399999999992,move,improve
15133,16,2342.579999999999,16,2342.3399999999992,2opt,improve
15134,16,2342.579999999999,16,2342.3399999999992,move,improve
15135,16,2342.579999999999,16,2342.3399999999992,swap,notBad
15136,16,2342.579999999999,16,2342.3399999999992,move,improve
15137,16,2342.579999999999,16,2342.3399999999992,2opt,improve
15138,16,2342.579999999999,16,2342.3399999999992,move,improve
15139,16,2342.579999999999,16,2342.3399999999992,2opt,notBad
15140,16,2342.579999999999,16,2342.3399999999992,move,improve
15141,16,2342.579999999999,16,2342.3399999999992,swap,notBad
15142,16,2342.579999999999,16,2342.3399999999992,move,improve
15143,16,2342.579999999999,16,2342.3399999999992,move,improve
15144,16,2342.579999999999,16,2342.3399999999992,2opt,notBad
15145,16,2342.579999999999,16,2342.3399999999992,swap,notBad
15146,16,2342.579999999999,16,2342.3399999999992,move,improve
15147,16,2342.579999999999,16,2342.3399999999992,swap,notBad
15148,16,2342.579999999999,16,2342.3399999999992,swap,notBad
15149,16,2342.579999999999,16,2342.3399999999992,2opt,notBad
15150,16,2342.579999999999,16,2342.3399999999992,move,improve
15151,16,2342.579999999999,16,2342.3399999999992,move,improve
15152,16,2342.579999999999,16,2342.3399999999992,swap,notBad
15153,16,2342.579999999999,16,2342.3399999999992,swap,notBad
15154,16,2342.579999999999,16,2342.3399999999992,swap,notBad
15155,16,2342.579999999999,16,2342.3399999999992,2opt,notBad
15156,16,2342.579999999999,16,2342.3399999999992,move,improve
15157,16,2342.579999999999,16,2342.3399999999992,move,improve
15158,16,2342.579999999999,16,2342.3399999999992,move,improve
15159,16,2342.579999999999,16,2342.3399999999992,2opt,notBad
15160,16,2342.579999999999,16,2342.3399999999992,swap,notBad
15161,16,2342.579999999999,16,2342.3399999999992,2opt,notBad
15162,16,2342.579999999999,16,2342.3399999999992,2opt,notBad
15163,16,2342.579999999999,16,2342.3399999999992,swap,notBad
15164,16,2342.579999999999,16,2342.3399999999992,swap,notBad
15165,16,2342.579999999999,16,2342.3399999999992,move,improve
15166,16,2342.579999999999,16,2342.3399999999992,move,improve
15167,16,2342.579999999999,16,2342.3399999999992,move,improve
15168,16,2342.579999999999,16,2342.3399999999992,swap,notBad
15169,16,2342.579999999999,16,2342.3399999999992,swap,notBad
15170,16,2342.579999999999,16,2342.3399999999992,swap,notBad
15171,16,2342.579999999999,16,2342.3399999999992,move,improve
15172,16,2342.579999999999,16,2342.3399999999992,move,improve
15173,16,2342.579999999999,16,2342.3399999999992,move,improve
15174,16,2342.579999999999,16,2342.3399999999992,swap,notBad
15175,16,2342.579999999999,16,2342.3399999999992,move,improve
15176,16,2342.579999999999,16,2342.3399999999992,move,improve
15177,16,2342.579999999999,16,2342.3399999999992,2opt,notBad
15178,16,2342.579999999999,16,2342.3399999999992,2opt,notBad
15179,16,2342.579999999999,16,2342.3399999999992,swap,notBad
15180,16,2342.579999999999,16,2342.3399999999992,2opt,notBad
15181,16,2342.579999999999,16,2342.3399999999992,swap,notBad
15182,16,2342.579999999999,16,2342.3399999999992,2opt,notBad
15183,16,2342.3399999999992,16,2342.3399999999992,move,improve
15184,16,2342.3399999999992,16,2342.3399999999992,move,improve
15185,16,2342.3399999999992,16,2342.3399999999992,swap,notBad
15186,16,2342.3399999999992,16,2342.3399999999992,swap,notBad
15187,16,2342.3399999999992,16,2342.3399999999992,move,improve
15188,16,2342.3399999999992,16,2342.3399999999992,move,improve
15189,16,2342.3399999999992,16,2342.3399999999992,swap,notBad
15190,16,2342.3399999999992,16,2342.3399999999992,swap,notBad
15191,16,2342.3399999999992,16,2342.3399999999992,swap,notBad
15192,16,2342.3399999999992,16,2342.3399999999992,swap,notBad
15193,16,2342.3399999999992,16,2342.3399999999992,move,improve
15194,16,2342.3399999999992,16,2342.3399999999992,swap,notBad
15195,16,2342.3399999999992,16,2342.3399999999992,swap,notBad
15196,16,2342.3399999999992,16,2342.3399999999992,move,improve
15197,16,2342.3399999999992,16,2342.3399999999992,2opt,notBad
15198,16,2342.3399999999992,16,2342.3399999999992,swap,notBad
15199,16,2342.3399999999992,16,2342.3399999999992,2opt,notBad
15200,16,2342.3399999999992,16,2342.3399999999992,move,improve
15201,16,2342.3399999999992,16,2342.3399999999992,move,improve
15202,16,2342.3399999999992,16,2342.3399999999992,2opt,notBad
15203,16,2342.3399999999992,16,2342.3399999999992,move,improve
15204,16,2342.3399999999992,16,2342.3399999999992,2opt,improve
15205,16,2342.3399999999992,16,2342.3399999999992,move,improve
15206,16,2342.3399999999992,16,2342.3399999999992,move,improve
15207,16,2342.3399999999992,16,2342.3399999999992,move,improve
15208,16,2342.3399999999992,16,2342.3399999999992,swap,notBad
15209,16,2342.3399999999992,16,2342.3399999999992,swap,notBad
15210,16,2342.3399999999992,16,2342.3399999999992,2opt,notBad
15211,16,2342.3399999999992,16,2342.3399999999992,2opt,notBad
15212,16,2342.3399999999992,16,2342.3399999999992,move,improve
15213,16,2342.3399999999992,16,2342.3399999999992,swap,notBad
15214,16,2342.3399999999992,16,2342.3399999999992,move,improve
15215,16,2342.3399999999992,16,2342.3399999999992,2opt,notBad
15216,16,2342.3399999999992,16,2342.3399999999992,move,improve
15217,16,2342.3399999999992,16,2342.3399999999992,2opt,improve
15218,16,2342.3399999999992,16,2342.3399999999992,swap,notBad
15219,16,2342.3399999999992,16,2342.3399999999992,move,improve
15220,16,2342.3399999999992,16,2342.3399999999992,move,improve
15221,16,2342.3399999999992,16,2342.3399999999992,swap,notBad
15222,16,2342.3399999999992,16,2342.3399999999992,2opt,improve
15223,16,2342.3399999999992,16,2342.3399999999992,swap,notBad
15224,16,2342.3399999999992,16,2342.3399999999992,swap,notBad
15225,16,2342.3399999999992,16,2342.3399999999992,move,improve
15226,16,2342.3399999999992,16,2342.3399999999992,2opt,improve
15227,16,2342.3399999999992,16,2342.3399999999992,2opt,notBad
15228,16,2342.3399999999992,16,2342.3399999999992,move,improve
15229,16,2342.3399999999992,16,2342.3399999999992,move,improve
15230,16,2342.3399999999992,16,2342.3399999999992,2opt,notBad
15231,16,2342.3399999999992,16,2342.3399999999992,2opt,notBad
15232,16,2342.3399999999992,16,2342.3399999999992,2opt,notBad
15233,16,2342.3399999999992,16,2342.3399999999992,2opt,notBad
15234,16,2342.3399999999992,16,2342.3399999999992,2opt,improve
15235,16,2342.3399999999992,16,2342.3399999999992,2opt,notBad
15236,16,2342.3399999999992,16,2342.3399999999992,2opt,notBad
15237,16,2342.3399999999992,16,2342.3399999999992,2opt,notBad
15238,16,2342.3399999999992,16,2342.3399999999992,swap,notBad
15239,16,2342.3399999999992,16,2342.3399999999992,swap,notBad
15240,16,2342.579999999999,16,2342.3399999999992,swap,acceptBad
15241,16,2342.579999999999,16,2342.3399999999992,2opt,improve
15242,16,2342.579999999999,16,2342.3399999999992,swap,notBad
15243,16,2342.7599999999993,16,2342.3399999999992,swap,acceptBad
15244,16,2342.7599999999993,16,2342.3399999999992,swap,notBad
15245,16,2342.7599999999993,16,2342.3399999999992,swap,notBad
15246,16,2342.7599999999993,16,2342.3399999999992,swap,notBad
15247,16,2342.7599999999993,16,2342.3399999999992,swap,notBad
15248,16,2342.7599999999993,16,2342.3399999999992,swap,notBad
15249,16,2342.7599999999993,16,2342.3399999999992,swap,notBad
15250,16,2342.7599999999993,16,2342.3399999999992,2opt,notBad
15251,16,2342.7599999999993,16,2342.3399999999992,swap,notBad
15252,16,2342.7599999999993,16,2342.3399999999992,2opt,notBad
15253,16,2342.7599999999993,16,2342.3399999999992,move,improve
15254,16,2342.7599999999993,16,2342.3399999999992,move,improve
15255,16,2342.7599999999993,16,2342.3399999999992,move,improve
15256,16,2342.7599999999993,16,2342.3399999999992,swap,notBad
15257,16,2342.7599999999993,16,2342.3399999999992,move,improve
15258,16,2342.7599999999993,16,2342.3399999999992,swap,notBad
15259,16,2342.7599999999993,16,2342.3399999999992,swap,notBad
15260,16,2342.7599999999993,16,2342.3399999999992,move,improve
15261,16,2342.7599999999993,16,2342.3399999999992,2opt,notBad
15262,16,2342.7599999999993,16,2342.3399999999992,swap,notBad
15263,16,2342.7599999999993,16,2342.3399999999992,2opt,notBad
15264,16,2342.7599999999993,16,2342.3399999999992,move,improve
15265,16,2342.7599999999993,16,2342.3399999999992,swap,notBad
15266,16,2342.7599999999993,16,2342.3399999999992,swap,notBad
15267,16,2342.7599999999993,16,2342.3399999999992,swap,notBad
15268,16,2342.7599999999993,16,2342.3399999999992,swap,notBad
15269,16,2342.7599999999993,16,2342.3399999999992,2opt,notBad
15270,16,2342.7599999999993,16,2342.3399999999992,swap,notBad
15271,16,2342.7599999999993,16,2342.3399999999992,swap,notBad
15272,16,2342.7599999999993,16,2342.3399999999992,2opt,improve
15273,16,2342.7599999999993,16,2342.3399999999992,swap,notBad
15274,16,2342.7599999999993,16,2342.3399999999992,2opt,notBad
15275,16,2342.7599999999993,16,2342.3399999999992,move,improve
15276,16,2342.7599999999993,16,2342.3399999999992,move,improve
15277,16,2342.7599999999993,16,2342.3399999999992,move,improve
15278,16,2342.7599999999993,16,2342.3399999999992,swap,notBad
15279,16,2342.7599999999993,16,2342.3399999999992,2opt,notBad
15280,16,2342.7599999999993,16,2342.3399999999992,move,improve
15281,16,2342.7599999999993,16,2342.3399999999992,swap,notBad
15282,16,2342.7599999999993,16,2342.3399999999992,2opt,notBad
15283,16,2342.7599999999993,16,2342.3399999999992,2opt,improve
15284,16,2342.7599999999993,16,2342.3399999999992,2opt,notBad
15285,16,2342.7599999999993,16,2342.3399999999992,move,improve
15286,16,2342.7599999999993,16,2342.3399999999992,swap,notBad
15287,16,2342.7599999999993,16,2342.3399999999992,move,improve
15288,16,2342.7599999999993,16,2342.3399999999992,swap,notBad
15289,16,2342.7599999999993,16,2342.3399999999992,swap,notBad
15290,16,2342.7599999999993,16,2342.3399999999992,swap,notBad
15291,16,2342.7599999999993,16,2342.3399999999992,2opt,notBad
15292,16,2342.7599999999993,16,2342.3399999999992,swap,notBad
15293,16,2342.7599999999993,16,2342.3399999999992,move,improve
15294,16,2342.7599999999993,16,2342.3399999999992,2opt,notBad
15295,16,2342.5199999999995,16,2342.3399999999992,move,improve
15296,16,2342.5199999999995,16,2342.3399999999992,swap,notBad
15297,16,2342.5199999999995,16,2342.3399999999992,move,improve
15298,16,2342.5199999999995,16,2342.3399999999992,2opt,notBad
15299,16,2342.5199999999995,16,2342.3399999999992,2opt,notBad
15300,16,2342.5199999999995,16,2342.3399999999992,move,improve
15301,16,2342.5199999999995,16,2342.3399999999992,swap,notBad
15302,16,2342.5199999999995,16,2342.3399999999992,2opt,notBad
15303,16,2342.5199999999995,16,2342.3399999999992,move,improve
15304,16,2342.5199999999995,16,2342.3399999999992,move,improve
15305,16,2342.5199999999995,16,2342.3399999999992,move,improve
15306,16,2342.5199999999995,16,2342.3399999999992,2opt,notBad
15307,16,2342.5199999999995,16,2342.3399999999992,move,improve
15308,16,2342.5199999999995,16,2342.3399999999992,move,improve
15309,16,2342.5199999999995,16,2342.3399999999992,swap,notBad
15310,16,2342.5199999999995,16,2342.3399999999992,2opt,notBad
15311,16,2342.5199999999995,16,2342.3399999999992,2opt,notBad
15312,16,2342.5199999999995,16,2342.3399999999992,swap,notBad
15313,16,2342.5199999999995,16,2342.3399999999992,move,improve
15314,16,2342.5199999999995,16,2342.3399999999992,swap,notBad
15315,16,2342.5199999999995,16,2342.3399999999992,swap,notBad
15316,16,2342.5199999999995,16,2342.3399999999992,2opt,notBad
15317,16,2342.5199999999995,16,2342.3399999999992,2opt,notBad
15318,16,2342.5199999999995,16,2342.3399999999992,2opt,notBad
15319,16,2342.5199999999995,16,2342.3399999999992,move,improve
15320,16,2342.5199999999995,16,2342.3399999999992,swap,notBad
15321,16,2342.5199999999995,16,2342.3399999999992,move,improve
15322,16,2342.5199999999995,16,2342.3399999999992,2opt,notBad
15323,16,2342.5199999999995,16,2342.3399999999992,move,improve
15324,16,2342.5199999999995,16,2342.3399999999992,move,improve
15325,16,2342.5199999999995,16,2342.3399999999992,2opt,notBad
15326,16,2342.5199999999995,16,2342.3399999999992,swap,notBad
15327,16,2342.5199999999995,16,2342.3399999999992,move,improve
15328,16,2342.5199999999995,16,2342.3399999999992,swap,notBad
15329,16,2342.5199999999995,16,2342.3399999999992,move,improve
15330,16,2342.5199999999995,16,2342.3399999999992,move,improve
15331,16,2342.5199999999995,16,2342.3399999999992,2opt,notBad
15332,16,2342.5199999999995,16,2342.3399999999992,2opt,notBad
15333,16,2342.5199999999995,16,2342.3399999999992,move,improve
15334,16,2342.5199999999995,16,2342.3399999999992,swap,notBad
15335,16,2342.5199999999995,16,2342.3399999999992,move,improve
15336,16,2342.5199999999995,16,2342.3399999999992,move,improve
15337,16,2342.5199999999995,16,2342.3399999999992,swap,notBad
15338,16,2342.5199999999995,16,2342.3399999999992,swap,notBad
15339,16,2342.5199999999995,16,2342.3399999999992,2opt,notBad
15340,16,2342.5199999999995,16,2342.3399999999992,2opt,notBad
15341,16,2342.5199999999995,16,2342.3399999999992,swap,notBad
15342,16,2342.5199999999995,16,2342.3399999999992,swap,notBad
15343,16,2342.5199999999995,16,2342.3399999999992,swap,notBad
15344,16,2342.5199999999995,16,2342.3399999999992,2opt,notBad
15345,16,2342.5199999999995,16,2342.3399999999992,move,improve
15346,16,2342.5199999999995,16,2342.3399999999992,2opt,notBad
15347,16,2342.5199999999995,16,2342.3399999999992,move,improve
15348,16,2342.7799999999993,16,2342.3399999999992,swap,acceptBad
15349,16,2342.7799999999993,16,2342.3399999999992,swap,notBad
15350,16,2342.7799999999993,16,2342.3399999999992,2opt,improve
15351,16,2342.7799999999993,16,2342.3399999999992,swap,notBad
15352,16,2342.7799999999993,16,2342.3399999999992,swap,notBad
15353,16,2342.7799999999993,16,2342.3399999999992,move,improve
15354,16,2342.7799999999993,16,2342.3399999999992,move,improve
15355,16,2342.7799999999993,16,2342.3399999999992,swap,notBad
15356,16,2342.7799999999993,16,2342.3399999999992,move,improve
15357,16,2342.7799999999993,16,2342.3399999999992,swap,notBad
15358,16,2342.7799999999993,16,2342.3399999999992,2opt,notBad
15359,16,2342.7799999999993,16,2342.3399999999992,swap,notBad
15360,16,2342.7799999999993,16,2342.3399999999992,swap,notBad
15361,16,2342.7799999999993,16,2342.3399999999992,swap,notBad
15362,16,2342.7799999999993,16,2342.3399999999992,2opt,notBad
15363,16,2342.7799999999993,16,2342.3399999999992,swap,notBad
15364,16,2342.7799999999993,16,2342.3399999999992,2opt,improve
15365,16,2342.7799999999993,16,2342.3399999999992,swap,notBad
15366,16,2342.7799999999993,16,2342.3399999999992,move,improve
15367,16,2342.7799999999993,16,2342.3399999999992,move,improve
15368,16,2342.7799999999993,16,2342.3399999999992,swap,notBad
15369,16,2342.7799999999993,16,2342.3399999999992,2opt,improve
15370,16,2342.6599999999994,16,2342.3399999999992,2opt,improve
15371,16,2342.6599999999994,16,2342.3399999999992,move,improve
15372,16,2342.6599999999994,16,2342.3399999999992,swap,notBad
15373,16,2342.6599999999994,16,2342.3399999999992,move,improve
15374,16,2342.6599999999994,16,2342.3399999999992,move,improve
15375,16,2342.6599999999994,16,2342.3399999999992,2opt,notBad
15376,16,2342.6599999999994,16,2342.3399999999992,2opt,notBad
15377,16,2342.6599999999994,16,2342.3399999999992,2opt,improve
15378,16,2342.6599999999994,16,2342.3399999999992,move,improve
15379,16,2342.6599999999994,16,2342.3399999999992,move,improve
15380,16,2342.6599999999994,16,2342.3399999999992,move,improve
15381,16,2342.6599999999994,16,2342.3399999999992,move,improve
15382,16,2342.6599999999994,16,2342.3399999999992,swap,notBad
15383,16,2342.6599999999994,16,2342.3399999999992,swap,notBad
15384,16,2342.6599999999994,16,2342.3399999999992,swap,notBad
15385,16,2342.6599999999994,16,2342.3399999999992,swap,notBad
15386,16,2342.6599999999994,16,2342.3399999999992,swap,notBad
15387,16,2342.6599999999994,16,2342.3399999999992,move,improve
15388,16,2342.6599999999994,16,2342.3399999999992,move,improve
15389,16,2342.6599999999994,16,2342.3399999999992,2opt,notBad
15390,16,2342.6599999999994,16,2342.3399999999992,2opt,notBad
15391,16,2342.4799999999996,16,2342.3399999999992,move,improve
15392,16,2342.4799999999996,16,2342.3399999999992,swap,notBad
15393,16,2342.4799999999996,16,2342.3399999999992,2opt,notBad
15394,16,2342.4799999999996,16,2342.3399999999992,2opt,notBad
15395,16,2342.4799999999996,16,2342.3399999999992,move,improve
15396,16,2342.4799999999996,16,2342.3399999999992,swap,notBad
15397,16,2342.4799999999996,16,2342.3399999999992,2opt,notBad
15398,16,2342.4799999999996,16,2342.3399999999992,2opt,notBad
15399,16,2342.4799999999996,16,2342.3399999999992,move,improve
15400,16,2342.4799999999996,16,2342.3399999999992,swap,notBad
15401,16,2342.4799999999996,16,2342.3399999999992,move,improve
15402,16,2342.4799999999996,16,2342.3399999999992,move,improve
15403,16,2342.4799999999996,16,2342.3399999999992,swap,notBad
15404,16,2342.4799999999996,16,2342.3399999999992,2opt,notBad
15405,16,2342.4799999999996,16,2342.3399999999992,move,improve
15406,16,2342.4799999999996,16,2342.3399999999992,2opt,notBad
15407,16,2342.4799999999996,16,2342.3399999999992,move,improve
15408,16,2342.4799999999996,16,2342.3399999999992,swap,notBad
15409,16,2342.4799999999996,16,2342.3399999999992,swap,notBad
15410,16,2342.4799999999996,16,2342.3399999999992,swap,notBad
15411,16,2342.4799999999996,16,2342.3399999999992,2opt,notBad
15412,16,2342.4799999999996,16,2342.3399999999992,2opt,notBad
15413,16,2342.4799999999996,16,2342.3399999999992,move,improve
15414,16,2342.4799999999996,16,2342.3399999999992,2opt,notBad
15415,16,2342.2199999999993,16,2342.2199999999993,move,newBest
15416,16,2342.2199999999993,16,2342.2199999999993,2opt,notBad
15417,16,2342.2199999999993,16,2342.2199999999993,move,improve
15418,16,2342.2199999999993,16,2342.2199999999993,2opt,notBad
15419,16,2342.2199999999993,16,2342.2199999999993,move,improve
15420,16,2342.2199999999993,16,2342.2199999999993,swap,notBad
15421,16,2342.2199999999993,16,2342.2199999999993,move,improve
15422,16,2342.2199999999993,16,2342.2199999999993,swap,notBad
15423,16,2342.2199999999993,16,2342.2199999999993,swap,notBad
15424,16,2342.2199999999993,16,2342.2199999999993,move,improve
15425,16,2342.2199999999993,16,2342.2199999999993,move,improve
15426,16,2342.2199999999993,16,2342.2199999999993,move,improve
15427,16,2342.2199999999993,16,2342.2199999999993,move,improve
15428,16,2342.2199999999993,16,2342.2199999999993,move,notBad
15429,16,2342.2199999999993,16,2342.2199999999993,2opt,notBad
15430,16,2342.2199999999993,16,2342.2199999999993,2opt,notBad
15431,16,2342.2199999999993,16,2342.2199999999993,2opt,notBad
15432,16,2342.2199999999993,16,2342.2199999999993,move,improve
15433,16,2342.2199999999993,16,2342.2199999999993,2opt,notBad
15434,16,2342.2199999999993,16,2342.2199999999993,2opt,notBad
15435,16,2342.2199999999993,16,2342.2199999999993,2opt,notBad
15436,16,2342.2199999999993,16,2342.2199999999993,2opt,improve
15437,16,2342.2199999999993,16,2342.2199999999993,swap,notBad
15438,16,2342.2199999999993,16,2342.2199999999993,2opt,notBad
15439,16,2342.2199999999993,16,2342.2199999999993,2opt,improve
15440,16,2342.2199999999993,16,2342.2199999999993,move,improve
15441,16,2342.2199999999993,16,2342.2199999999993,move,improve
15442,16,2342.2199999999993,16,2342.2199999999993,move,improve
15443,16,2342.2199999999993,16,2342.2199999999993,swap,notBad
15444,16,2342.2199999999993,16,2342.2199999999993,move,improve
15445,16,2342.2199999999993,16,2342.2199999999993,move,improve
15446,16,2342.2199999999993,16,2342.2199999999993,move,improve
15447,16,2342.2199999999993,16,2342.2199999999993,swap,notBad
15448,16,2342.2199999999993,16,2342.2199999999993,move,improve
15449,16,2342.2199999999993,16,2342.2199999999993,swap,notBad
15450,16,2342.2199999999993,16,2342.2199999999993,move,improve
15451,16,2342.2199999999993,16,2342.2199999999993,move,improve
15452,16,2342.2199999999993,16,2342.2199999999993,swap,notBad
15453,16,2342.2199999999993,16,2342.2199999999993,2opt,notBad
15454,16,2342.2199999999993,16,2342.2199999999993,swap,notBad
15455,16,2342.2199999999993,16,2342.2199999999993,move,improve
15456,16,2342.2199999999993,16,2342.2199999999993,swap,notBad
15457,16,2342.2199999999993,16,2342.2199999999993,move,improve
15458,16,2342.2199999999993,16,2342.2199999999993,move,improve
15459,16,2342.2199999999993,16,2342.2199999999993,move,improve
15460,16,2342.2199999999993,16,2342.2199999999993,move,improve
15461,16,2342.2199999999993,16,2342.2199999999993,2opt,notBad
15462,16,2342.2199999999993,16,2342.2199999999993,move,improve
15463,16,2342.2199999999993,16,2342.2199999999993,2opt,notBad
15464,16,2342.2199999999993,16,2342.2199999999993,move,improve
15465,16,2342.2199999999993,16,2342.2199999999993,2opt,notBad
15466,16,2342.2199999999993,16,2342.2199999999993,move,improve
15467,16,2342.2199999999993,16,2342.2199999999993,move,improve
15468,16,2342.2199999999993,16,2342.2199999999993,swap,notBad
15469,16,2342.2199999999993,16,2342.2199999999993,move,improve
15470,16,2342.2199999999993,16,2342.2199999999993,2opt,notBad
15471,16,2342.2199999999993,16,2342.2199999999993,move,improve
15472,16,2342.2199999999993,16,2342.2199999999993,move,improve
15473,16,2342.2199999999993,16,2342.2199999999993,move,improve
15474,16,2342.2199999999993,16,2342.2199999999993,move,improve
15475,16,2342.2199999999993,16,2342.2199999999993,2opt,improve
15476,16,2342.2199999999993,16,2342.2199999999993,swap,notBad
15477,16,2342.2199999999993,16,2342.2199999999993,move,improve
15478,16,2342.2199999999993,16,2342.2199999999993,swap,notBad
15479,16,2342.2199999999993,16,2342.2199999999993,2opt,notBad
15480,16,2342.2199999999993,16,2342.2199999999993,move,improve
15481,16,2342.2199999999993,16,2342.2199999999993,swap,notBad
15482,16,2342.2199999999993,16,2342.2199999999993,2opt,notBad
15483,16,2342.2199999999993,16,2342.2199999999993,move,improve
15484,16,2342.2199999999993,16,2342.2199999999993,swap,notBad
15485,16,2342.2199999999993,16,2342.2199999999993,2opt,improve
15486,16,2342.2199999999993,16,2342.2199999999993,move,improve
15487,16,2342.2199999999993,16,2342.2199999999993,swap,notBad
15488,16,2342.2199999999993,16,2342.2199999999993,move,improve
15489,16,2342.3999999999996,16,2342.2199999999993,swap,acceptBad
15490,16,2342.3999999999996,16,2342.2199999999993,2opt,improve
15491,16,2342.3999999999996,16,2342.2199999999993,move,improve
15492,16,2342.3999999999996,16,2342.2199999999993,swap,notBad
15493,16,2342.3999999999996,16,2342.2199999999993,2opt,notBad
15494,16,2342.3999999999996,16,2342.2199999999993,2opt,notBad
15495,16,2342.3999999999996,16,2342.2199999999993,move,improve
15496,16,2342.3999999999996,16,2342.2199999999993,move,improve
15497,16,2342.3999999999996,16,2342.2199999999993,2opt,notBad
15498,16,2342.3999999999996,16,2342.2199999999993,swap,notBad
15499,16,2342.3999999999996,16,2342.2199999999993,swap,notBad
15500,16,2342.3999999999996,16,2342.2199999999993,2opt,notBad
15501,16,2342.3999999999996,16,2342.2199999999993,2opt,notBad
15502,16,2342.3999999999996,16,2342.2199999999993,swap,notBad
15503,16,2342.3999999999996,16,2342.2199999999993,2opt,notBad
15504,16,2342.3999999999996,16,2342.2199999999993,2opt,notBad
15505,16,2342.3999999999996,16,2342.2199999999993,swap,notBad
15506,16,2342.3999999999996,16,2342.2199999999993,swap,notBad
15507,16,2342.3999999999996,16,2342.2199999999993,2opt,notBad
15508,16,2342.3999999999996,16,2342.2199999999993,2opt,notBad
15509,16,2342.3999999999996,16,2342.2199999999993,move,improve
15510,16,2342.3999999999996,16,2342.2199999999993,move,improve
15511,16,2342.3999999999996,16,2342.2199999999993,move,improve
15512,16,2342.3999999999996,16,2342.2199999999993,move,improve
15513,16,2342.3999999999996,16,2342.2199999999993,move,improve
15514,16,2342.3999999999996,16,2342.2199999999993,swap,notBad
15515,16,2342.3999999999996,16,2342.2199999999993,swap,notBad
15516,16,2342.3999999999996,16,2342.2199999999993,swap,notBad
15517,16,2342.3999999999996,16,2342.2199999999993,move,improve
15518,16,2342.3999999999996,16,2342.2199999999993,move,improve
15519,16,2342.3999999999996,16,2342.2199999999993,2opt,notBad
15520,16,2342.3999999999996,16,2342.2199999999993,2opt,notBad
15521,16,2342.3999999999996,16,2342.2199999999993,2opt,notBad
15522,16,2342.3999999999996,16,2342.2199999999993,swap,notBad
15523,16,2342.3999999999996,16,2342.2199999999993,2opt,notBad
15524,16,2342.3999999999996,16,2342.2199999999993,swap,notBad
15525,16,2342.3999999999996,16,2342.2199999999993,swap,notBad
15526,16,2342.3999999999996,16,2342.2199999999993,swap,notBad
15527,16,2342.3999999999996,16,2342.2199999999993,move,improve
15528,16,2342.3999999999996,16,2342.2199999999993,swap,notBad
15529,16,2342.3999999999996,16,2342.2199999999993,swap,notBad
15530,16,2342.3999999999996,16,2342.2199999999993,swap,notBad
15531,16,2342.3999999999996,16,2342.2199999999993,move,improve
15532,16,2342.3999999999996,16,2342.2199999999993,move,improve
15533,16,2342.3999999999996,16,2342.2199999999993,move,improve
15534,16,2342.3999999999996,16,2342.2199999999993,2opt,notBad
15535,16,2342.3999999999996,16,2342.2199999999993,swap,notBad
15536,16,2342.3999999999996,16,2342.2199999999993,2opt,notBad
15537,16,2342.3999999999996,16,2342.2199999999993,swap,notBad
15538,16,2342.3999999999996,16,2342.2199999999993,move,improve
15539,16,2342.3999999999996,16,2342.2199999999993,move,improve
15540,16,2342.3999999999996,16,2342.2199999999993,swap,notBad
15541,16,2342.3999999999996,16,2342.2199999999993,2opt,notBad
15542,16,2342.3999999999996,16,2342.2199999999993,move,improve
15543,16,2342.3999999999996,16,2342.2199999999993,2opt,notBad
15544,16,2342.3999999999996,16,2342.2199999999993,move,improve
15545,16,2342.3999999999996,16,2342.2199999999993,2opt,notBad
15546,16,2342.3999999999996,16,2342.2199999999993,move,improve
15547,16,2342.3999999999996,16,2342.2199999999993,swap,notBad
15548,16,2342.3999999999996,16,2342.2199999999993,move,improve
15549,16,2342.3999999999996,16,2342.2199999999993,2opt,notBad
15550,16,2342.3999999999996,16,2342.2199999999993,swap,notBad
15551,16,2342.3999999999996,16,2342.2199999999993,move,improve
15552,16,2342.3999999999996,16,2342.2199999999993,move,improve
15553,16,2342.3999999999996,16,2342.2199999999993,move,improve
15554,16,2342.3999999999996,16,2342.2199999999993,2opt,notBad
15555,16,2342.3999999999996,16,2342.2199999999993,swap,notBad
15556,16,2342.3999999999996,16,2342.2199999999993,move,improve
15557,16,2342.3999999999996,16,2342.2199999999993,2opt,notBad
15558,16,2342.3999999999996,16,2342.2199999999993,2opt,notBad
15559,16,2342.3999999999996,16,2342.2199999999993,2opt,notBad
15560,16,2342.3999999999996,16,2342.2199999999993,swap,notBad
15561,16,2342.3999999999996,16,2342.2199999999993,2opt,notBad
15562,16,2342.3999999999996,16,2342.2199999999993,move,improve
15563,16,2342.3999999999996,16,2342.2199999999993,2opt,notBad
15564,16,2342.3999999999996,16,2342.2199999999993,2opt,notBad
15565,16,2342.3999999999996,16,2342.2199999999993,swap,notBad
15566,16,2342.3999999999996,16,2342.2199999999993,move,improve
15567,16,2342.3999999999996,16,2342.2199999999993,move,improve
15568,16,2342.3999999999996,16,2342.2199999999993,move,improve
15569,16,2342.3999999999996,16,2342.2199999999993,swap,notBad
15570,16,2342.3999999999996,16,2342.2199999999993,move,improve
15571,16,2342.3999999999996,16,2342.2199999999993,2opt,notBad
15572,16,2342.3999999999996,16,2342.2199999999993,2opt,notBad
15573,16,2342.3999999999996,16,2342.2199999999993,swap,notBad
15574,16,2342.3999999999996,16,2342.2199999999993,swap,notBad
15575,16,2342.3999999999996,16,2342.2199999999993,move,improve
15576,16,2342.3999999999996,16,2342.2199999999993,move,improve
15577,16,2342.3999999999996,16,2342.2199999999993,swap,notBad
15578,16,2342.3999999999996,16,2342.2199999999993,move,improve
15579,16,2342.3999999999996,16,2342.2199999999993,swap,notBad
15580,16,2342.3999999999996,16,2342.2199999999993,swap,notBad
15581,16,2342.3999999999996,16,2342.2199999999993,swap,notBad
15582,16,2342.3999999999996,16,2342.2199999999993,move,improve
15583,16,2342.3999999999996,16,2342.2199999999993,swap,notBad
15584,16,2342.3999999999996,16,2342.2199999999993,swap,notBad
15585,16,2342.3999999999996,16,2342.2199999999993,move,improve
15586,16,2342.3999999999996,16,2342.2199999999993,2opt,notBad
15587,16,2342.3999999999996,16,2342.2199999999993,swap,notBad
15588,16,2342.3999999999996,16,2342.2199999999993,move,improve
15589,16,2342.3999999999996,16,2342.2199999999993,move,improve
15590,16,2342.3999999999996,16,2342.2199999999993,2opt,notBad
15591,16,2342.3999999999996,16,2342.2199999999993,2opt,notBad
15592,16,2342.3999999999996,16,2342.2199999999993,move,improve
15593,16,2342.3999999999996,16,2342.2199999999993,move,improve
15594,16,2342.3999999999996,16,2342.2199999999993,swap,notBad
15595,16,2342.3999999999996,16,2342.2199999999993,swap,notBad
15596,16,2342.3999999999996,16,2342.2199999999993,move,improve
15597,16,2342.3999999999996,16,2342.2199999999993,move,improve
15598,16,2342.3999999999996,16,2342.2199999999993,swap,notBad
15599,16,2342.3999999999996,16,2342.2199999999993,move,improve
15600,16,2342.3999999999996,16,2342.2199999999993,2opt,notBad
15601,16,2342.3999999999996,16,2342.2199999999993,swap,notBad
15602,16,2342.3999999999996,16,2342.2199999999993,2opt,improve
15603,16,2342.3999999999996,16,2342.2199999999993,2opt,notBad
15604,16,2342.3999999999996,16,2342.2199999999993,move,improve
15605,16,2342.3999999999996,16,2342.2199999999993,move,improve
15606,16,2342.3999999999996,16,2342.2199999999993,move,improve
15607,16,2342.3999999999996,16,2342.2199999999993,swap,notBad
15608,16,2342.3999999999996,16,2342.2199999999993,move,improve
15609,16,2342.3999999999996,16,2342.2199999999993,swap,notBad
15610,16,2342.3999999999996,16,2342.2199999999993,swap,notBad
15611,16,2342.3999999999996,16,2342.2199999999993,2opt,notBad
15612,16,2342.3999999999996,16,2342.2199999999993,2opt,notBad
15613,16,2342.3999999999996,16,2342.2199999999993,swap,notBad
15614,16,2342.3999999999996,16,2342.2199999999993,swap,notBad
15615,16,2342.3999999999996,16,2342.2199999999993,move,improve
15616,16,2342.3999999999996,16,2342.2199999999993,move,improve
15617,16,2342.3999999999996,16,2342.2199999999993,swap,notBad
15618,16,2342.3999999999996,16,2342.2199999999993,move,improve
15619,16,2342.3999999999996,16,2342.2199999999993,move,improve
15620,16,2342.3999999999996,16,2342.2199999999993,swap,notBad
15621,16,2342.3999999999996,16,2342.2199999999993,2opt,notBad
15622,16,2342.3999999999996,16,2342.2199999999993,move,improve
15623,16,2342.3999999999996,16,2342.2199999999993,move,improve
15624,16,2342.3999999999996,16,2342.2199999999993,2opt,notBad
15625,16,2342.3999999999996,16,2342.2199999999993,swap,notBad
15626,16,2342.58,16,2342.2199999999993,swap,acceptBad
15627,16,2342.58,16,2342.2199999999993,move,improve
15628,16,2342.58,16,2342.2199999999993,swap,notBad
15629,16,2342.58,16,2342.2199999999993,move,improve
15630,16,2342.58,16,2342.2199999999993,swap,notBad
15631,16,2342.58,16,2342.2199999999993,move,notBad
15632,16,2342.58,16,2342.2199999999993,move,improve
15633,16,2342.58,16,2342.2199999999993,swap,notBad
15634,16,2342.58,16,2342.2199999999993,move,improve
15635,16,2342.58,16,2342.2199999999993,swap,notBad
15636,16,2342.58,16,2342.2199999999993,swap,notBad
15637,16,2342.58,16,2342.2199999999993,2opt,notBad
15638,16,2342.58,16,2342.2199999999993,move,improve
15639,16,2342.58,16,2342.2199999999993,2opt,notBad
15640,16,2342.58,16,2342.2199999999993,swap,notBad
15641,16,2342.58,16,2342.2199999999993,move,improve
15642,16,2342.58,16,2342.2199999999993,move,improve
15643,16,2342.58,16,2342.2199999999993,move,improve
15644,16,2342.58,16,2342.2199999999993,2opt,notBad
15645,16,2342.58,16,2342.2199999999993,swap,notBad
15646,16,2342.58,16,2342.2199999999993,2opt,notBad
15647,16,2342.58,16,2342.2199999999993,swap,notBad
15648,16,2342.58,16,2342.2199999999993,move,improve
15649,16,2342.58,16,2342.2199999999993,swap,notBad
15650,16,2342.58,16,2342.2199999999993,2opt,notBad
15651,16,2342.58,16,2342.2199999999993,swap,notBad
15652,16,2342.58,16,2342.2199999999993,move,improve
15653,16,2342.58,16,2342.2199999999993,2opt,notBad
15654,16,2342.58,16,2342.2199999999993,2opt,notBad
15655,16,2342.58,16,2342.2199999999993,2opt,notBad
15656,16,2342.58,16,2342.2199999999993,swap,notBad
15657,16,2342.58,16,2342.2199999999993,swap,notBad
15658,16,2342.58,16,2342.2199999999993,move,improve
15659,16,2342.58,16,2342.2199999999993,swap,notBad
15660,16,2342.58,16,2342.2199999999993,move,improve
15661,16,2342.58,16,2342.2199999999993,2opt,notBad
15662,16,2342.58,16,2342.2199999999993,2opt,improve
15663,16,2342.58,16,2342.2199999999993,swap,notBad
15664,16,2342.58,16,2342.2199999999993,2opt,notBad
15665,16,2342.58,16,2342.2199999999993,2opt,improve
15666,16,2342.58,16,2342.2199999999993,move,improve
15667,16,2342.58,16,2342.2199999999993,move,improve
15668,16,2342.58,16,2342.2199999999993,swap,notBad
15669,16,2342.58,16,2342.2199999999993,swap,notBad
15670,16,2342.58,16,2342.2199999999993,2opt,notBad
15671,16,2342.58,16,2342.2199999999993,move,improve
15672,16,2342.58,16,2342.2199999999993,swap,notBad
15673,16,2342.58,16,2342.2199999999993,move,improve
15674,16,2342.58,16,2342.2199999999993,swap,notBad
15675,16,2342.58,16,2342.2199999999993,2opt,notBad
15676,16,2342.58,16,2342.2199999999993,2opt,improve
15677,16,2342.58,16,2342.2199999999993,swap,notBad
15678,16,2342.58,16,2342.2199999999993,move,improve
15679,16,2342.58,16,2342.2199999999993,2opt,notBad
15680,16,2342.58,16,2342.2199999999993,swap,notBad
15681,16,2342.58,16,2342.2199999999993,2opt,notBad
15682,16,2342.58,16,2342.2199999999993,swap,notBad
15683,16,2342.58,16,2342.2199999999993,swap,notBad
15684,16,2342.58,16,2342.2199999999993,move,improve
15685,16,2342.58,16,2342.2199999999993,move,improve
15686,16,2342.58,16,2342.2199999999993,move,improve
15687,16,2342.58,16,2342.2199999999993,2opt,notBad
15688,16,2342.58,16,2342.2199999999993,2opt,notBad
15689,16,2342.58,16,2342.2199999999993,2opt,notBad
15690,16,2342.58,16,2342.2199999999993,move,improve
15691,16,2342.58,16,2342.2199999999993,move,improve
15692,16,2342.58,16,2342.2199999999993,2opt,notBad
15693,16,2342.58,16,2342.2199999999993,2opt,notBad
15694,16,2342.58,16,2342.2199999999993,swap,notBad
15695,16,2342.58,16,2342.2199999999993,swap,notBad
15696,16,2342.58,16,2342.2199999999993,move,improve
15697,16,2342.58,16,2342.2199999999993,swap,notBad
15698,16,2342.58,16,2342.2199999999993,2opt,notBad
15699,16,2342.58,16,2342.2199999999993,2opt,notBad
15700,16,2342.58,16,2342.2199999999993,swap,notBad
15701,16,2342.58,16,2342.2199999999993,swap,notBad
15702,16,2342.58,16,2342.2199999999993,swap,notBad
15703,16,2342.58,16,2342.2199999999993,2opt,notBad
15704,16,2342.58,16,2342.2199999999993,swap,notBad
15705,16,2342.58,16,2342.2199999999993,2opt,notBad
15706,16,2342.58,16,2342.2199999999993,swap,notBad
15707,16,2342.58,16,2342.2199999999993,2opt,notBad
15708,16,2342.58,16,2342.2199999999993,2opt,notBad
15709,16,2342.58,16,2342.2199999999993,swap,notBad
15710,16,2342.58,16,2342.2199999999993,2opt,notBad
15711,16,2342.58,16,2342.2199999999993,move,improve
15712,16,2342.58,16,2342.2199999999993,2opt,notBad
15713,16,2342.58,16,2342.2199999999993,swap,notBad
15714,16,2342.58,16,2342.2199999999993,move,improve
15715,16,2342.58,16,2342.2199999999993,swap,notBad
15716,16,2342.58,16,2342.2199999999993,swap,notBad
15717,16,2342.58,16,2342.2199999999993,2opt,notBad
15718,16,2342.58,16,2342.2199999999993,swap,notBad
15719,16,2342.58,16,2342.2199999999993,2opt,improve
15720,16,2342.58,16,2342.2199999999993,swap,notBad
15721,16,2342.58,16,2342.2199999999993,move,improve
15722,16,2342.58,16,2342.2199999999993,move,improve
15723,16,2342.58,16,2342.2199999999993,swap,notBad
15724,16,2342.58,16,2342.2199999999993,2opt,improve
15725,16,2342.58,16,2342.2199999999993,2opt,notBad
15726,16,2342.58,16,2342.2199999999993,swap,notBad
15727,16,2342.58,16,2342.2199999999993,swap,notBad
15728,16,2342.58,16,2342.2199999999993,move,improve
15729,16,2342.58,16,2342.2199999999993,move,improve
15730,16,2342.58,16,2342.2199999999993,swap,notBad
15731,16,2342.58,16,2342.2199999999993,swap,notBad
15732,16,2342.58,16,2342.2199999999993,swap,notBad
15733,16,2342.58,16,2342.2199999999993,move,improve
15734,16,2342.58,16,2342.2199999999993,swap,notBad
15735,16,2342.58,16,2342.2199999999993,swap,notBad
15736,16,2342.58,16,2342.2199999999993,swap,notBad
15737,16,2342.58,16,2342.2199999999993,swap,notBad
15738,16,2342.58,16,2342.2199999999993,swap,notBad
15739,16,2342.58,16,2342.2199999999993,swap,notBad
15740,16,2342.58,16,2342.2199999999993,swap,notBad
15741,16,2342.58,16,2342.2199999999993,swap,notBad
15742,16,2342.58,16,2342.2199999999993,move,improve
15743,16,2342.58,16,2342.2199999999993,2opt,notBad
15744,16,2342.3999999999996,16,2342.2199999999993,swap,improve
15745,16,2342.3999999999996,16,2342.2199999999993,swap,notBad
15746,16,2342.3999999999996,16,2342.2199999999993,move,improve
15747,16,2342.3999999999996,16,2342.2199999999993,swap,notBad
15748,16,2342.3999999999996,16,2342.2199999999993,2opt,notBad
15749,16,2342.3999999999996,16,2342.2199999999993,move,improve
15750,16,2342.3999999999996,16,2342.2199999999993,swap,notBad
15751,16,2342.3999999999996,16,2342.2199999999993,swap,notBad
15752,16,2342.3999999999996,16,2342.2199999999993,2opt,notBad
15753,16,2342.3999999999996,16,2342.2199999999993,2opt,notBad
15754,16,2342.3999999999996,16,2342.2199999999993,2opt,notBad
15755,16,2342.3999999999996,16,2342.2199999999993,swap,notBad
15756,16,2342.3999999999996,16,2342.2199999999993,2opt,improve
15757,16,2342.3999999999996,16,2342.2199999999993,2opt,notBad
15758,16,2342.3999999999996,16,2342.2199999999993,move,improve
15759,16,2342.3999999999996,16,2342.2199999999993,swap,notBad
15760,16,2342.3999999999996,16,2342.2199999999993,2opt,notBad
15761,16,2342.3999999999996,16,2342.2199999999993,2opt,notBad
15762,16,2342.3999999999996,16,2342.2199999999993,swap,notBad
15763,16,2342.3999999999996,16,2342.2199999999993,move,improve
15764,16,2342.3999999999996,16,2342.2199999999993,2opt,notBad
15765,16,2342.3999999999996,16,2342.2199999999993,move,improve
15766,16,2342.3999999999996,16,2342.2199999999993,move,improve
15767,16,2342.3999999999996,16,2342.2199999999993,swap,notBad
15768,16,2342.3999999999996,16,2342.2199999999993,swap,notBad
15769,16,2342.3999999999996,16,2342.2199999999993,move,notBad
15770,16,2342.3999999999996,16,2342.2199999999993,swap,notBad
15771,16,2342.3999999999996,16,2342.2199999999993,2opt,notBad
15772,16,2342.3999999999996,16,2342.2199999999993,move,improve
15773,16,2342.3999999999996,16,2342.2199999999993,swap,notBad
15774,16,2342.3999999999996,16,2342.2199999999993,move,improve
15775,16,2342.3999999999996,16,2342.2199999999993,2opt,notBad
15776,16,2342.3999999999996,16,2342.2199999999993,2opt,notBad
15777,16,2342.3999999999996,16,2342.2199999999993,2opt,notBad
15778,16,2342.3999999999996,16,2342.2199999999993,swap,notBad
15779,16,2342.3999999999996,16,2342.2199999999993,move,improve
15780,16,2342.3999999999996,16,2342.2199999999993,move,improve
15781,16,2342.3999999999996,16,2342.2199999999993,swap,notBad
15782,16,2342.3999999999996,16,2342.2199999999993,move,improve
15783,16,2342.3999999999996,16,2342.2199999999993,swap,notBad
15784,16,2342.3999999999996,16,2342.2199999999993,2opt,notBad
15785,16,2342.3999999999996,16,2342.2199999999993,2opt,notBad
15786,16,2342.3999999999996,16,2342.2199999999993,swap,notBad
15787,16,2342.3999999999996,16,2342.2199999999993,move,improve
15788,16,2342.3999999999996,16,2342.2199999999993,2opt,notBad
15789,16,2342.3999999999996,16,2342.2199999999993,swap,notBad
15790,16,2342.3999999999996,16,2342.2199999999993,move,improve
15791,16,2342.3999999999996,16,2342.2199999999993,2opt,notBad
15792,16,2342.3999999999996,16,2342.2199999999993,swap,notBad
15793,16,2342.3999999999996,16,2342.2199999999993,2opt,notBad
15794,16,2342.3999999999996,16,2342.2199999999993,move,improve
15795,16,2342.3999999999996,16,2342.2199999999993,swap,notBad
15796,16,2342.3999999999996,16,2342.2199999999993,move,improve
15797,16,2342.3999999999996,16,2342.2199999999993,swap,notBad
15798,16,2342.3999999999996,16,2342.2199999999993,move,improve
15799,16,2342.3999999999996,16,2342.2199999999993,swap,notBad
15800,16,2342.3999999999996,16,2342.2199999999993,swap,notBad
15801,16,2342.3999999999996,16,2342.2199999999993,2opt,improve
15802,16,2342.3999999999996,16,2342.2199999999993,swap,notBad
15803,16,2342.3999999999996,16,2342.2199999999993,2opt,notBad
15804,16,2342.3999999999996,16,2342.2199999999993,2opt,notBad
15805,16,2342.3999999999996,16,2342.2199999999993,swap,notBad
15806,16,2342.3999999999996,16,2342.2199999999993,swap,notBad
15807,16,2342.3999999999996,16,2342.2199999999993,move,improve
15808,16,2342.3999999999996,16,2342.2199999999993,move,improve
15809,16,2342.3999999999996,16,2342.2199999999993,2opt,improve
15810,16,2342.3999999999996,16,2342.2199999999993,swap,notBad
15811,16,2342.3999999999996,16,2342.2199999999993,2opt,notBad
15812,16,2342.3999999999996,16,2342.2199999999993,2opt,notBad
15813,16,2342.3999999999996,16,2342.2199999999993,swap,notBad
15814,16,2342.3999999999996,16,2342.2199999999993,move,improve
15815,16,2342.3999999999996,16,2342.2199999999993,swap,notBad
15816,16,2342.3999999999996,16,2342.2199999999993,2opt,notBad
15817,16,2342.3999999999996,16,2342.2199999999993,swap,notBad
15818,16,2342.3999999999996,16,2342.2199999999993,2opt,notBad
15819,16,2342.3999999999996,16,2342.2199999999993,move,improve
15820,16,2342.3999999999996,16,2342.2199999999993,2opt,notBad
15821,16,2342.3999999999996,16,2342.2199999999993,2opt,notBad
15822,16,2342.3999999999996,16,2342.2199999999993,move,improve
15823,16,2342.3999999999996,16,2342.2199999999993,swap,notBad
15824,16,2342.3999999999996,16,2342.2199999999993,move,improve
15825,16,2342.3999999999996,16,2342.2199999999993,2opt,notBad
15826,16,2342.3999999999996,16,2342.2199999999993,2opt,notBad
15827,16,2342.3999999999996,16,2342.2199999999993,move,improve
15828,16,2342.3999999999996,16,2342.2199999999993,swap,notBad
15829,16,2342.3999999999996,16,2342.2199999999993,2opt,notBad
15830,16,2342.3999999999996,16,2342.2199999999993,swap,notBad
15831,16,2342.3999999999996,16,2342.2199999999993,swap,notBad
15832,16,2342.3999999999996,16,2342.2199999999993,move,improve
15833,16,2342.3999999999996,16,2342.2199999999993,2opt,notBad
15834,16,2342.3999999999996,16,2342.2199999999993,move,improve
15835,16,2342.3999999999996,16,2342.2199999999993,swap,notBad
15836,16,2342.3999999999996,16,2342.2199999999993,swap,notBad
15837,16,2342.3999999999996,16,2342.2199999999993,move,improve
15838,16,2342.3999999999996,16,2342.2199999999993,move,improve
15839,16,2342.3999999999996,16,2342.2199999999993,swap,notBad
15840,16,2342.3999999999996,16,2342.2199999999993,move,improve
15841,16,2342.3999999999996,16,2342.2199999999993,2opt,notBad
15842,16,2342.3999999999996,16,2342.2199999999993,swap,notBad
15843,16,2342.3999999999996,16,2342.2199999999993,2opt,notBad
15844,16,2342.3999999999996,16,2342.2199999999993,swap,notBad
15845,16,2342.3999999999996,16,2342.2199999999993,swap,notBad
15846,16,2342.3999999999996,16,2342.2199999999993,2opt,notBad
15847,16,2342.3999999999996,16,2342.2199999999993,2opt,notBad
15848,16,2342.3999999999996,16,2342.2199999999993,move,improve
15849,16,2342.3999999999996,16,2342.2199999999993,swap,notBad
15850,16,2342.3999999999996,16,2342.2199999999993,swap,notBad
15851,16,2342.3999999999996,16,2342.2199999999993,move,improve
15852,16,2342.3999999999996,16,2342.2199999999993,2opt,notBad
15853,16,2342.3999999999996,16,2342.2199999999993,swap,notBad
15854,16,2342.3999999999996,16,2342.2199999999993,swap,notBad
15855,16,2342.3999999999996,16,2342.2199999999993,2opt,notBad
15856,16,2342.3999999999996,16,2342.2199999999993,move,improve
15857,16,2342.3999999999996,16,2342.2199999999993,2opt,notBad
15858,16,2342.3999999999996,16,2342.2199999999993,swap,notBad
15859,16,2342.3999999999996,16,2342.2199999999993,2opt,notBad
15860,16,2342.3999999999996,16,2342.2199999999993,move,improve
15861,16,2342.3999999999996,16,2342.2199999999993,swap,notBad
15862,16,2342.3999999999996,16,2342.2199999999993,2opt,improve
15863,16,2342.3999999999996,16,2342.2199999999993,swap,notBad
15864,16,2342.3999999999996,16,2342.2199999999993,swap,notBad
15865,16,2342.3999999999996,16,2342.2199999999993,move,improve
15866,16,2342.3999999999996,16,2342.2199999999993,swap,notBad
15867,16,2342.3999999999996,16,2342.2199999999993,swap,notBad
15868,16,2342.3999999999996,16,2342.2199999999993,2opt,notBad
15869,16,2342.3999999999996,16,2342.2199999999993,move,improve
15870,16,2342.3999999999996,16,2342.2199999999993,swap,notBad
15871,16,2342.3999999999996,16,2342.2199999999993,2opt,notBad
15872,16,2342.3999999999996,16,2342.2199999999993,move,improve
15873,16,2342.3999999999996,16,2342.2199999999993,2opt,notBad
15874,16,2342.3999999999996,16,2342.2199999999993,swap,notBad
15875,16,2342.3999999999996,16,2342.2199999999993,move,improve
15876,16,2342.3999999999996,16,2342.2199999999993,2opt,notBad
15877,16,2342.3999999999996,16,2342.2199999999993,move,improve
15878,16,2342.3999999999996,16,2342.2199999999993,2opt,notBad
15879,16,2342.3999999999996,16,2342.2199999999993,move,improve
15880,16,2342.3999999999996,16,2342.2199999999993,move,improve
15881,16,2342.3999999999996,16,2342.2199999999993,swap,notBad
15882,16,2342.3999999999996,16,2342.2199999999993,2opt,improve
15883,16,2342.3999999999996,16,2342.2199999999993,swap,notBad
15884,16,2342.3999999999996,16,2342.2199999999993,2opt,notBad
15885,16,2342.3999999999996,16,2342.2199999999993,swap,notBad
15886,16,2342.3999999999996,16,2342.2199999999993,move,improve
15887,16,2342.3999999999996,16,2342.2199999999993,move,improve
15888,16,2342.3999999999996,16,2342.2199999999993,swap,notBad
15889,16,2342.3999999999996,16,2342.2199999999993,move,improve
15890,16,2342.3999999999996,16,2342.2199999999993,swap,notBad
15891,16,2342.3999999999996,16,2342.2199999999993,swap,notBad
15892,16,2342.3999999999996,16,2342.2199999999993,2opt,notBad
15893,16,2342.3999999999996,16,2342.2199999999993,move,improve
15894,16,2342.3999999999996,16,2342.2199999999993,move,improve
15895,16,2342.3999999999996,16,2342.2199999999993,2opt,notBad
15896,16,2342.3999999999996,16,2342.2199999999993,2opt,notBad
15897,16,2342.3999999999996,16,2342.2199999999993,move,improve
15898,16,2342.3999999999996,16,2342.2199999999993,2opt,notBad
15899,16,2342.3999999999996,16,2342.2199999999993,move,improve
15900,16,2342.3999999999996,16,2342.2199999999993,2opt,notBad
15901,16,2342.3999999999996,16,2342.2199999999993,move,improve
15902,16,2342.3999999999996,16,2342.2199999999993,swap,notBad
15903,16,2342.3999999999996,16,2342.2199999999993,2opt,notBad
15904,16,2342.3999999999996,16,2342.2199999999993,2opt,notBad
15905,16,2342.3999999999996,16,2342.2199999999993,2opt,improve
15906,16,2342.3999999999996,16,2342.2199999999993,swap,notBad
15907,16,2342.3999999999996,16,2342.2199999999993,2opt,notBad
15908,16,2342.3999999999996,16,2342.2199999999993,move,improve
15909,16,2342.3999999999996,16,2342.2199999999993,swap,notBad
15910,16,2342.3999999999996,16,2342.2199999999993,move,improve
15911,16,2342.3999999999996,16,2342.2199999999993,2opt,notBad
15912,16,2342.3999999999996,16,2342.2199999999993,2opt,notBad
15913,16,2342.3999999999996,16,2342.2199999999993,2opt,notBad
15914,16,2342.3999999999996,16,2342.2199999999993,move,improve
15915,16,2342.3999999999996,16,2342.2199999999993,move,improve
15916,16,2342.3999999999996,16,2342.2199999999993,swap,notBad
15917,16,2342.3999999999996,16,2342.2199999999993,swap,notBad
15918,16,2342.3999999999996,16,2342.2199999999993,move,improve
15919,16,2342.3999999999996,16,2342.2199999999993,move,improve
15920,16,2342.3999999999996,16,2342.2199999999993,2opt,notBad
15921,16,2342.3999999999996,16,2342.2199999999993,move,improve
15922,16,2342.3999999999996,16,2342.2199999999993,swap,notBad
15923,16,2342.3999999999996,16,2342.2199999999993,2opt,notBad
15924,16,2342.3999999999996,16,2342.2199999999993,swap,notBad
15925,16,2342.3999999999996,16,2342.2199999999993,move,improve
15926,16,2342.3999999999996,16,2342.2199999999993,move,improve
15927,16,2342.3999999999996,16,2342.2199999999993,swap,notBad
15928,16,2342.3999999999996,16,2342.2199999999993,swap,notBad
15929,16,2342.3999999999996,16,2342.2199999999993,swap,notBad
15930,16,2342.3999999999996,16,2342.2199999999993,swap,notBad
15931,16,2342.3999999999996,16,2342.2199999999993,2opt,notBad
15932,16,2342.3999999999996,16,2342.2199999999993,2opt,notBad
15933,16,2342.3999999999996,16,2342.2199999999993,move,improve
15934,16,2342.3999999999996,16,2342.2199999999993,swap,notBad
15935,16,2342.3999999999996,16,2342.2199999999993,2opt,notBad
15936,16,2342.3999999999996,16,2342.2199999999993,move,improve
15937,16,2342.3999999999996,16,2342.2199999999993,move,improve
15938,16,2342.3999999999996,16,2342.2199999999993,2opt,notBad
15939,16,2342.3999999999996,16,2342.2199999999993,2opt,notBad
15940,16,2342.3999999999996,16,2342.2199999999993,2opt,notBad
15941,16,2342.3999999999996,16,2342.2199999999993,move,improve
15942,16,2342.3999999999996,16,2342.2199999999993,swap,notBad
15943,16,2342.3999999999996,16,2342.2199999999993,move,improve
15944,16,2342.3999999999996,16,2342.2199999999993,swap,notBad
15945,16,2342.3999999999996,16,2342.2199999999993,2opt,notBad
15946,16,2342.3999999999996,16,2342.2199999999993,swap,notBad
15947,16,2342.3999999999996,16,2342.2199999999993,move,improve
15948,16,2342.3999999999996,16,2342.2199999999993,swap,notBad
15949,16,2342.3999999999996,16,2342.2199999999993,2opt,notBad
15950,16,2342.3999999999996,16,2342.2199999999993,swap,notBad
15951,16,2342.3999999999996,16,2342.2199999999993,move,improve
15952,16,2342.3999999999996,16,2342.2199999999993,move,improve
15953,16,2342.3999999999996,16,2342.2199999999993,2opt,notBad
15954,16,2342.3999999999996,16,2342.2199999999993,swap,notBad
15955,16,2342.3999999999996,16,2342.2199999999993,2opt,notBad
15956,16,2342.3999999999996,16,2342.2199999999993,move,improve
15957,16,2342.3999999999996,16,2342.2199999999993,swap,notBad
15958,16,2342.3999999999996,16,2342.2199999999993,move,improve
15959,16,2342.3999999999996,16,2342.2199999999993,2opt,notBad
15960,16,2342.3999999999996,16,2342.2199999999993,2opt,notBad
15961,16,2342.3999999999996,16,2342.2199999999993,move,improve
15962,16,2342.3999999999996,16,2342.2199999999993,swap,notBad
15963,16,2342.3999999999996,16,2342.2199999999993,swap,notBad
15964,16,2342.3999999999996,16,2342.2199999999993,move,improve
15965,16,2342.3999999999996,16,2342.2199999999993,move,improve
15966,16,2342.3999999999996,16,2342.2199999999993,move,improve
15967,16,2342.3999999999996,16,2342.2199999999993,move,notBad
15968,16,2342.3999999999996,16,2342.2199999999993,swap,notBad
15969,16,2342.3999999999996,16,2342.2199999999993,2opt,notBad
15970,16,2342.3999999999996,16,2342.2199999999993,move,improve
15971,16,2342.3999999999996,16,2342.2199999999993,2opt,improve
15972,16,2342.3999999999996,16,2342.2199999999993,move,improve
15973,16,2342.3999999999996,16,2342.2199999999993,move,improve
15974,16,2342.3999999999996,16,2342.2199999999993,swap,notBad
15975,16,2342.3999999999996,16,2342.2199999999993,2opt,notBad
15976,16,2342.3999999999996,16,2342.2199999999993,move,improve
15977,16,2342.3999999999996,16,2342.2199999999993,move,improve
15978,16,2342.3999999999996,16,2342.2199999999993,move,improve
15979,16,2342.3999999999996,16,2342.2199999999993,move,improve
15980,16,2342.3999999999996,16,2342.2199999999993,swap,notBad
15981,16,2342.3999999999996,16,2342.2199999999993,move,improve
15982,16,2342.3999999999996,16,2342.2199999999993,swap,notBad
15983,16,2342.3999999999996,16,2342.2199999999993,move,improve
15984,16,2342.3999999999996,16,2342.2199999999993,swap,notBad
15985,16,2342.3999999999996,16,2342.2199999999993,move,improve
15986,16,2342.3999999999996,16,2342.2199999999993,swap,notBad
15987,16,2342.3999999999996,16,2342.2199999999993,2opt,notBad
15988,16,2342.3999999999996,16,2342.2199999999993,2opt,notBad
15989,16,2342.3999999999996,16,2342.2199999999993,2opt,notBad
15990,16,2342.3999999999996,16,2342.2199999999993,move,improve
15991,16,2342.3999999999996,16,2342.2199999999993,move,improve
15992,16,2342.3999999999996,16,2342.2199999999993,2opt,notBad
15993,16,2342.3999999999996,16,2342.2199999999993,swap,notBad
15994,16,2342.3999999999996,16,2342.2199999999993,move,improve
15995,16,2342.3999999999996,16,2342.2199999999993,move,improve
15996,16,2342.3999999999996,16,2342.2199999999993,2opt,notBad
15997,16,2342.3999999999996,16,2342.2199999999993,move,improve
15998,16,2342.3999999999996,16,2342.2199999999993,swap,notBad
15999,16,2342.3999999999996,16,2342.2199999999993,move,improve
16000,16,2342.3999999999996,16,2342.2199999999993,swap,notBad
16001,16,2342.3999999999996,16,2342.2199999999993,move,improve
16002,16,2342.3999999999996,16,2342.2199999999993,2opt,notBad
16003,16,2342.3999999999996,16,2342.2199999999993,swap,notBad
16004,16,2342.3999999999996,16,2342.2199999999993,2opt,improve
16005,16,2342.3999999999996,16,2342.2199999999993,move,improve
16006,16,2342.2199999999993,16,2342.2199999999993,swap,improve
16007,16,2342.2199999999993,16,2342.2199999999993,swap,notBad
16008,16,2342.2199999999993,16,2342.2199999999993,2opt,notBad
16009,16,2342.2199999999993,16,2342.2199999999993,move,improve
16010,16,2342.2199999999993,16,2342.2199999999993,2opt,notBad
16011,16,2342.2199999999993,16,2342.2199999999993,swap,notBad
16012,16,2342.2199999999993,16,2342.2199999999993,swap,notBad
16013,16,2342.2199999999993,16,2342.2199999999993,2opt,improve
16014,16,2342.2199999999993,16,2342.2199999999993,swap,notBad
16015,16,2342.2199999999993,16,2342.2199999999993,move,improve
16016,16,2342.2199999999993,16,2342.2199999999993,2opt,notBad
16017,16,2342.2199999999993,16,2342.2199999999993,2opt,notBad
16018,16,2342.2199999999993,16,2342.2199999999993,2opt,improve
16019,16,2342.2199999999993,16,2342.2199999999993,2opt,notBad
16020,16,2342.2199999999993,16,2342.2199999999993,2opt,notBad
16021,16,2342.2199999999993,16,2342.2199999999993,2opt,notBad
16022,16,2342.2199999999993,16,2342.2199999999993,2opt,notBad
16023,16,2342.2199999999993,16,2342.2199999999993,2opt,notBad
16024,16,2342.2199999999993,16,2342.2199999999993,move,improve
16025,16,2342.2199999999993,16,2342.2199999999993,move,improve
16026,16,2342.2199999999993,16,2342.2199999999993,move,improve
16027,16,2342.2199999999993,16,2342.2199999999993,2opt,improve
16028,16,2342.2199999999993,16,2342.2199999999993,2opt,improve
16029,16,2342.2199999999993,16,2342.2199999999993,swap,notBad
16030,16,2342.2199999999993,16,2342.2199999999993,swap,notBad
16031,16,2342.2199999999993,16,2342.2199999999993,move,improve
16032,16,2342.2199999999993,16,2342.2199999999993,move,improve
16033,16,2342.2199999999993,16,2342.2199999999993,2opt,notBad
16034,16,2342.2199999999993,16,2342.2199999999993,2opt,notBad
16035,16,2342.2199999999993,16,2342.2199999999993,move,improve
16036,16,2342.2199999999993,16,2342.2199999999993,swap,notBad
16037,16,2342.2199999999993,16,2342.2199999999993,swap,notBad
16038,16,2342.2199999999993,16,2342.2199999999993,move,improve
16039,16,2342.2199999999993,16,2342.2199999999993,swap,notBad
16040,16,2342.2199999999993,16,2342.2199999999993,2opt,notBad
16041,16,2342.2199999999993,16,2342.2199999999993,2opt,notBad
16042,16,2342.3999999999996,16,2342.2199999999993,swap,acceptBad
16043,16,2342.3999999999996,16,2342.2199999999993,move,improve
16044,16,2342.3999999999996,16,2342.2199999999993,move,improve
16045,16,2342.3999999999996,16,2342.2199999999993,2opt,notBad
16046,16,2342.3999999999996,16,2342.2199999999993,2opt,notBad
16047,16,2342.3999999999996,16,2342.2199999999993,swap,notBad
16048,16,2342.3999999999996,16,2342.2199999999993,swap,notBad
16049,16,2342.3999999999996,16,2342.2199999999993,2opt,improve
16050,16,2342.3999999999996,16,2342.2199999999993,move,improve
16051,16,2342.3999999999996,16,2342.2199999999993,2opt,notBad
16052,16,2342.3999999999996,16,2342.2199999999993,2opt,notBad
16053,16,2342.3999999999996,16,2342.2199999999993,2opt,notBad
16054,16,2342.3999999999996,16,2342.2199999999993,2opt,notBad
16055,16,2342.3999999999996,16,2342.2199999999993,swap,notBad
16056,16,2342.3999999999996,16,2342.2199999999993,2opt,notBad
16057,16,2342.3999999999996,16,2342.2199999999993,move,improve
16058,16,2342.3999999999996,16,2342.2199999999993,move,improve
16059,16,2342.3999999999996,16,2342.2199999999993,move,improve
16060,16,2342.3999999999996,16,2342.2199999999993,2opt,notBad
16061,16,2342.3999999999996,16,2342.2199999999993,swap,notBad
16062,16,2342.3999999999996,16,2342.2199999999993,swap,notBad
16063,16,2342.3999999999996,16,2342.2199999999993,swap,notBad
16064,16,2342.3999999999996,16,2342.2199999999993,swap,notBad
16065,16,2342.3999999999996,16,2342.2199999999993,swap,notBad
16066,16,2342.3999999999996,16,2342.2199999999993,move,improve
16067,16,2342.3999999999996,16,2342.2199999999993,2opt,notBad
16068,16,2342.3999999999996,16,2342.2199999999993,2opt,notBad
16069,16,2342.3999999999996,16,2342.2199999999993,2opt,notBad
16070,16,2342.3999999999996,16,2342.2199999999993,move,improve
16071,16,2342.3999999999996,16,2342.2199999999993,move,improve
16072,16,2342.3999999999996,16,2342.2199999999993,swap,notBad
16073,16,2342.3999999999996,16,2342.2199999999993,swap,notBad
16074,16,2342.3999999999996,16,2342.2199999999993,move,improve
16075,16,2342.3999999999996,16,2342.2199999999993,2opt,notBad
16076,16,2342.3999999999996,16,2342.2199999999993,swap,notBad
16077,16,2342.3999999999996,16,2342.2199999999993,swap,notBad
16078,16,2342.3999999999996,16,2342.2199999999993,swap,notBad
16079,16,2342.3999999999996,16,2342.2199999999993,swap,notBad
16080,16,2342.3999999999996,16,2342.2199999999993,move,improve
16081,16,2342.3999999999996,16,2342.2199999999993,2opt,improve
16082,16,2342.3999999999996,16,2342.2199999999993,move,improve
16083,16,2342.3999999999996,16,2342.2199999999993,move,improve
16084,16,2342.3999999999996,16,2342.2199999999993,move,improve
16085,16,2342.3999999999996,16,2342.2199999999993,2opt,notBad
16086,16,2342.3999999999996,16,2342.2199999999993,move,improve
16087,16,2342.3999999999996,16,2342.2199999999993,2opt,notBad
16088,16,2342.3999999999996,16,2342.2199999999993,2opt,notBad
16089,16,2342.3999999999996,16,2342.2199999999993,2opt,notBad
16090,16,2342.3999999999996,16,2342.2199999999993,swap,notBad
16091,16,2342.3999999999996,16,2342.2199999999993,move,improve
16092,16,2342.3999999999996,16,2342.2199999999993,swap,notBad
16093,16,2342.3999999999996,16,2342.2199999999993,move,improve
16094,16,2342.3999999999996,16,2342.2199999999993,swap,notBad
16095,16,2342.3999999999996,16,2342.2199999999993,2opt,notBad
16096,16,2342.3999999999996,16,2342.2199999999993,swap,notBad
16097,16,2342.3999999999996,16,2342.2199999999993,2opt,improve
16098,16,2342.3999999999996,16,2342.2199999999993,2opt,notBad
16099,16,2342.3999999999996,16,2342.2199999999993,2opt,notBad
16100,16,2342.3999999999996,16,2342.2199999999993,move,improve
16101,16,2342.3999999999996,16,2342.2199999999993,2opt,notBad
16102,16,2342.3999999999996,16,2342.2199999999993,move,improve
16103,16,2342.3999999999996,16,2342.2199999999993,2opt,notBad
16104,16,2342.3999999999996,16,2342.2199999999993,swap,notBad
16105,16,2342.3999999999996,16,2342.2199999999993,move,improve
16106,16,2342.3999999999996,16,2342.2199999999993,move,improve
16107,16,2342.3999999999996,16,2342.2199999999993,2opt,notBad
16108,16,2342.3999999999996,16,2342.2199999999993,swap,notBad
16109,16,2342.3999999999996,16,2342.2199999999993,swap,notBad
16110,16,2342.3999999999996,16,2342.2199999999993,swap,notBad
16111,16,2342.3999999999996,16,2342.2199999999993,2opt,improve
16112,16,2342.3999999999996,16,2342.2199999999993,move,improve
16113,16,2342.3999999999996,16,2342.2199999999993,2opt,notBad
16114,16,2342.3999999999996,16,2342.2199999999993,2opt,notBad
16115,16,2342.3999999999996,16,2342.2199999999993,2opt,notBad
16116,16,2342.3999999999996,16,2342.2199999999993,2opt,notBad
16117,16,2342.3999999999996,16,2342.2199999999993,2opt,notBad
16118,16,2342.3999999999996,16,2342.2199999999993,move,improve
16119,16,2342.3999999999996,16,2342.2199999999993,move,improve
16120,16,2342.3999999999996,16,2342.2199999999993,swap,notBad
16121,16,2342.3999999999996,16,2342.2199999999993,move,improve
16122,16,2342.3999999999996,16,2342.2199999999993,2opt,improve
16123,16,2342.3999999999996,16,2342.2199999999993,2opt,notBad
16124,16,2342.3999999999996,16,2342.2199999999993,swap,notBad
16125,16,2342.3999999999996,16,2342.2199999999993,swap,notBad
16126,16,2342.3999999999996,16,2342.2199999999993,2opt,notBad
16127,16,2342.3999999999996,16,2342.2199999999993,move,improve
16128,16,2342.3999999999996,16,2342.2199999999993,swap,notBad
16129,16,2342.3999999999996,16,2342.2199999999993,move,improve
16130,16,2342.3999999999996,16,2342.2199999999993,move,improve
16131,16,2342.3999999999996,16,2342.2199999999993,swap,notBad
16132,16,2342.3999999999996,16,2342.2199999999993,move,improve
16133,16,2342.3999999999996,16,2342.2199999999993,swap,notBad
16134,16,2342.3999999999996,16,2342.2199999999993,move,improve
16135,16,2342.3999999999996,16,2342.2199999999993,swap,notBad
16136,16,2342.3999999999996,16,2342.2199999999993,swap,notBad
16137,16,2342.3999999999996,16,2342.2199999999993,move,improve
16138,16,2342.3999999999996,16,2342.2199999999993,2opt,notBad
16139,16,2342.3999999999996,16,2342.2199999999993,2opt,notBad
16140,16,2342.3999999999996,16,2342.2199999999993,2opt,notBad
16141,16,2342.3999999999996,16,2342.2199999999993,2opt,notBad
16142,16,2342.3999999999996,16,2342.2199999999993,swap,notBad
16143,16,2342.3999999999996,16,2342.2199999999993,2opt,notBad
16144,16,2342.3999999999996,16,2342.2199999999993,2opt,notBad
16145,16,2342.3999999999996,16,2342.2199999999993,move,improve
16146,16,2342.3999999999996,16,2342.2199999999993,move,improve
16147,16,2342.3999999999996,16,2342.2199999999993,swap,notBad
16148,16,2342.3999999999996,16,2342.2199999999993,2opt,notBad
16149,16,2342.3999999999996,16,2342.2199999999993,move,improve
16150,16,2342.3999999999996,16,2342.2199999999993,2opt,notBad
16151,16,2342.3999999999996,16,2342.2199999999993,swap,notBad
16152,16,2342.3999999999996,16,2342.2199999999993,move,improve
16153,16,2342.3999999999996,16,2342.2199999999993,2opt,notBad
16154,16,2342.3999999999996,16,2342.2199999999993,move,notBad
16155,16,2342.3999999999996,16,2342.2199999999993,swap,notBad
16156,16,2342.3999999999996,16,2342.2199999999993,2opt,notBad
16157,16,2342.3999999999996,16,2342.2199999999993,2opt,notBad
16158,16,2342.3999999999996,16,2342.2199999999993,2opt,notBad
16159,16,2342.3999999999996,16,2342.2199999999993,move,improve
16160,16,2342.3999999999996,16,2342.2199999999993,move,improve
16161,16,2342.3999999999996,16,2342.2199999999993,swap,notBad
16162,16,2342.3999999999996,16,2342.2199999999993,swap,notBad
16163,16,2342.3999999999996,16,2342.2199999999993,swap,notBad
16164,16,2342.3999999999996,16,2342.2199999999993,2opt,notBad
16165,16,2342.3999999999996,16,2342.2199999999993,move,improve
16166,16,2342.3999999999996,16,2342.2199999999993,move,improve
16167,16,2342.3999999999996,16,2342.2199999999993,swap,notBad
16168,16,2342.3999999999996,16,2342.2199999999993,2opt,notBad
16169,16,2342.3999999999996,16,2342.2199999999993,swap,notBad
16170,16,2342.3999999999996,16,2342.2199999999993,2opt,notBad
16171,16,2342.3999999999996,16,2342.2199999999993,2opt,notBad
16172,16,2342.3999999999996,16,2342.2199999999993,move,improve
16173,16,2342.3999999999996,16,2342.2199999999993,2opt,notBad
16174,16,2342.3999999999996,16,2342.2199999999993,move,improve
16175,16,2342.3999999999996,16,2342.2199999999993,2opt,notBad
16176,16,2342.3999999999996,16,2342.2199999999993,2opt,notBad
16177,16,2342.3999999999996,16,2342.2199999999993,2opt,notBad
16178,16,2342.3999999999996,16,2342.2199999999993,2opt,notBad
16179,16,2342.3999999999996,16,2342.2199999999993,move,improve
16180,16,2342.3999999999996,16,2342.2199999999993,swap,notBad
16181,16,2342.3999999999996,16,2342.2199999999993,move,improve
16182,16,2342.3999999999996,16,2342.2199999999993,2opt,notBad
16183,16,2342.3999999999996,16,2342.2199999999993,2opt,notBad
16184,16,2342.3999999999996,16,2342.2199999999993,2opt,notBad
16185,16,2342.3999999999996,16,2342.2199999999993,move,improve
16186,16,2342.3999999999996,16,2342.2199999999993,swap,notBad
16187,16,2342.3999999999996,16,2342.2199999999993,swap,notBad
16188,16,2342.3999999999996,16,2342.2199999999993,swap,notBad
16189,16,2342.3999999999996,16,2342.2199999999993,move,improve
16190,16,2342.3999999999996,16,2342.2199999999993,swap,notBad
16191,16,2342.3999999999996,16,2342.2199999999993,move,improve
16192,16,2342.3999999999996,16,2342.2199999999993,2opt,notBad
16193,16,2342.3999999999996,16,2342.2199999999993,swap,notBad
16194,16,2342.3999999999996,16,2342.2199999999993,2opt,notBad
16195,16,2342.3999999999996,16,2342.2199999999993,swap,notBad
16196,16,2342.3999999999996,16,2342.2199999999993,move,improve
16197,16,2342.3999999999996,16,2342.2199999999993,swap,notBad
16198,16,2342.3999999999996,16,2342.2199999999993,move,improve
16199,16,2342.3999999999996,16,2342.2199999999993,move,improve
16200,16,2342.3999999999996,16,2342.2199999999993,2opt,notBad
16201,16,2342.3999999999996,16,2342.2199999999993,move,improve
16202,16,2342.3999999999996,16,2342.2199999999993,2opt,notBad
16203,16,2342.3999999999996,16,2342.2199999999993,swap,notBad
16204,16,2342.3999999999996,16,2342.2199999999993,swap,notBad
16205,16,2342.3999999999996,16,2342.2199999999993,move,improve
16206,16,2342.3999999999996,16,2342.2199999999993,2opt,notBad
16207,16,2342.3999999999996,16,2342.2199999999993,2opt,notBad
16208,16,2342.3999999999996,16,2342.2199999999993,swap,notBad
16209,16,2342.3999999999996,16,2342.2199999999993,move,improve
16210,16,2342.3999999999996,16,2342.2199999999993,2opt,notBad
16211,16,2342.3999999999996,16,2342.2199999999993,2opt,notBad
16212,16,2342.3999999999996,16,2342.2199999999993,swap,notBad
16213,16,2342.3999999999996,16,2342.2199999999993,move,improve
16214,16,2342.3999999999996,16,2342.2199999999993,move,improve
16215,16,2342.3999999999996,16,2342.2199999999993,move,notBad
16216,16,2342.3999999999996,16,2342.2199999999993,2opt,notBad
16217,16,2342.3999999999996,16,2342.2199999999993,move,improve
16218,16,2342.3999999999996,16,2342.2199999999993,swap,notBad
16219,16,2342.3999999999996,16,2342.2199999999993,move,improve
16220,16,2342.3999999999996,16,2342.2199999999993,swap,notBad
16221,16,2342.3999999999996,16,2342.2199999999993,2opt,notBad
16222,16,2342.3999999999996,16,2342.2199999999993,move,improve
16223,16,2342.3999999999996,16,2342.2199999999993,swap,notBad
16224,16,2342.3999999999996,16,2342.2199999999993,swap,notBad
16225,16,2342.3999999999996,16,2342.2199999999993,2opt,notBad
16226,16,2342.3999999999996,16,2342.2199999999993,2opt,notBad
16227,16,2342.3999999999996,16,2342.2199999999993,move,improve
16228,16,2342.3999999999996,16,2342.2199999999993,move,improve
16229,16,2342.3999999999996,16,2342.2199999999993,2opt,notBad
16230,16,2342.3999999999996,16,2342.2199999999993,swap,notBad
16231,16,2342.3999999999996,16,2342.2199999999993,2opt,notBad
16232,16,2342.3999999999996,16,2342.2199999999993,move,improve
16233,16,2342.3999999999996,16,2342.2199999999993,swap,notBad
16234,16,2342.3999999999996,16,2342.2199999999993,2opt,improve
16235,16,2342.3999999999996,16,2342.2199999999993,swap,notBad
16236,16,2342.3999999999996,16,2342.2199999999993,2opt,notBad
16237,16,2342.3999999999996,16,2342.2199999999993,2opt,notBad
16238,16,2342.3999999999996,16,2342.2199999999993,swap,notBad
16239,16,2342.3999999999996,16,2342.2199999999993,2opt,notBad
16240,16,2342.3999999999996,16,2342.2199999999993,move,improve
16241,16,2342.3999999999996,16,2342.2199999999993,2opt,notBad
16242,16,2342.3999999999996,16,2342.2199999999993,swap,notBad
16243,16,2342.3999999999996,16,2342.2199999999993,move,improve
16244,16,2342.3999999999996,16,2342.2199999999993,2opt,notBad
16245,16,2342.3999999999996,16,2342.2199999999993,move,improve
16246,16,2342.3999999999996,16,2342.2199999999993,swap,notBad
16247,16,2342.3999999999996,16,2342.2199999999993,2opt,notBad
16248,16,2342.3999999999996,16,2342.2199999999993,swap,notBad
16249,16,2342.3999999999996,16,2342.2199999999993,2opt,notBad
16250,16,2342.3999999999996,16,2342.2199999999993,swap,notBad
16251,16,2342.3999999999996,16,2342.2199999999993,swap,notBad
16252,16,2342.3999999999996,16,2342.2199999999993,swap,notBad
16253,16,2342.3999999999996,16,2342.2199999999993,2opt,notBad
16254,16,2342.3999999999996,16,2342.2199999999993,move,improve
16255,16,2342.3999999999996,16,2342.2199999999993,2opt,notBad
16256,16,2342.3999999999996,16,2342.2199999999993,swap,notBad
16257,16,2342.3999999999996,16,2342.2199999999993,swap,notBad
16258,16,2342.3999999999996,16,2342.2199999999993,2opt,notBad
16259,16,2342.3999999999996,16,2342.2199999999993,move,improve
16260,16,2342.3999999999996,16,2342.2199999999993,move,improve
16261,16,2342.3999999999996,16,2342.2199999999993,move,improve
16262,16,2342.3999999999996,16,2342.2199999999993,2opt,improve
16263,16,2342.3999999999996,16,2342.2199999999993,2opt,notBad
16264,16,2342.3999999999996,16,2342.2199999999993,2opt,notBad
16265,16,2342.3999999999996,16,2342.2199999999993,move,improve
16266,16,2342.3999999999996,16,2342.2199999999993,swap,notBad
16267,16,2342.3999999999996,16,2342.2199999999993,2opt,notBad
16268,16,2342.3999999999996,16,2342.2199999999993,2opt,notBad
16269,16,2342.3999999999996,16,2342.2199999999993,move,improve
16270,16,2342.3999999999996,16,2342.2199999999993,swap,notBad
16271,16,2342.3999999999996,16,2342.2199999999993,2opt,notBad
16272,16,2342.3999999999996,16,2342.2199999999993,swap,notBad
16273,16,2342.3999999999996,16,2342.2199999999993,move,improve
16274,16,2342.3999999999996,16,2342.2199999999993,2opt,notBad
16275,16,2342.3999999999996,16,2342.2199999999993,move,improve
16276,16,2342.3999999999996,16,2342.2199999999993,move,improve
16277,16,2342.3999999999996,16,2342.2199999999993,2opt,notBad
16278,16,2342.3999999999996,16,2342.2199999999993,swap,notBad
16279,16,2342.3999999999996,16,2342.2199999999993,move,improve
16280,16,2342.3999999999996,16,2342.2199999999993,move,improve
16281,16,2342.3999999999996,16,2342.2199999999993,2opt,notBad
16282,16,2342.3999999999996,16,2342.2199999999993,swap,notBad
16283,16,2342.3999999999996,16,2342.2199999999993,swap,notBad
16284,16,2342.3999999999996,16,2342.2199999999993,swap,notBad
16285,16,2342.3999999999996,16,2342.2199999999993,2opt,notBad
16286,16,2342.3999999999996,16,2342.2199999999993,2opt,notBad
16287,16,2342.3999999999996,16,2342.2199999999993,2opt,notBad
16288,16,2342.3999999999996,16,2342.2199999999993,move,improve
16289,16,2342.3999999999996,16,2342.2199999999993,swap,notBad
16290,16,2342.3999999999996,16,2342.2199999999993,swap,notBad
16291,16,2342.3999999999996,16,2342.2199999999993,2opt,improve
16292,16,2342.3999999999996,16,2342.2199999999993,swap,notBad
16293,16,2342.3999999999996,16,2342.2199999999993,swap,notBad
16294,16,2342.3999999999996,16,2342.2199999999993,swap,notBad
16295,16,2342.3999999999996,16,2342.2199999999993,swap,notBad
16296,16,2342.3999999999996,16,2342.2199999999993,move,improve
16297,16,2342.3999999999996,16,2342.2199999999993,2opt,notBad
16298,16,2342.3999999999996,16,2342.2199999999993,move,improve
16299,16,2342.3999999999996,16,2342.2199999999993,move,improve
16300,16,2342.3999999999996,16,2342.2199999999993,swap,notBad
16301,16,2342.3999999999996,16,2342.2199999999993,swap,notBad
16302,16,2342.3999999999996,16,2342.2199999999993,2opt,notBad
16303,16,2342.3999999999996,16,2342.2199999999993,2opt,notBad
16304,16,2342.3999999999996,16,2342.2199999999993,2opt,notBad
16305,16,2342.3999999999996,16,2342.2199999999993,swap,notBad
16306,16,2342.3999999999996,16,2342.2199999999993,swap,notBad
16307,16,2342.3999999999996,16,2342.2199999999993,move,improve
16308,16,2342.3999999999996,16,2342.2199999999993,move,improve
16309,16,2342.3999999999996,16,2342.2199999999993,2opt,notBad
16310,16,2342.3999999999996,16,2342.2199999999993,swap,notBad
16311,16,2342.3999999999996,16,2342.2199999999993,2opt,notBad
16312,16,2342.3999999999996,16,2342.2199999999993,move,improve
16313,16,2342.3999999999996,16,2342.2199999999993,move,improve
16314,16,2342.3999999999996,16,2342.2199999999993,2opt,notBad
16315,16,2342.3999999999996,16,2342.2199999999993,swap,notBad
16316,16,2342.3999999999996,16,2342.2199999999993,swap,notBad
16317,16,2342.3999999999996,16,2342.2199999999993,2opt,notBad
16318,16,2342.3999999999996,16,2342.2199999999993,swap,notBad
16319,16,2342.3999999999996,16,2342.2199999999993,swap,notBad
16320,16,2342.3999999999996,16,2342.2199999999993,2opt,improve
16321,16,2342.3999999999996,16,2342.2199999999993,2opt,notBad
16322,16,2342.3999999999996,16,2342.2199999999993,swap,notBad
16323,16,2342.3999999999996,16,2342.2199999999993,2opt,notBad
16324,16,2342.3999999999996,16,2342.2199999999993,move,improve
16325,16,2342.3999999999996,16,2342.2199999999993,swap,notBad
16326,16,2342.3999999999996,16,2342.2199999999993,2opt,notBad
16327,16,2342.3999999999996,16,2342.2199999999993,2opt,notBad
16328,16,2342.3999999999996,16,2342.2199999999993,move,improve
16329,16,2342.3999999999996,16,2342.2199999999993,move,improve
16330,16,2342.3999999999996,16,2342.2199999999993,2opt,notBad
16331,16,2342.3999999999996,16,2342.2199999999993,2opt,notBad
16332,16,2342.3999999999996,16,2342.2199999999993,swap,notBad
16333,16,2342.3999999999996,16,2342.2199999999993,swap,notBad
16334,16,2342.3999999999996,16,2342.2199999999993,swap,notBad
16335,16,2342.3999999999996,16,2342.2199999999993,move,improve
16336,16,2342.3999999999996,16,2342.2199999999993,2opt,improve
16337,16,2342.3999999999996,16,2342.2199999999993,move,improve
16338,16,2342.3999999999996,16,2342.2199999999993,move,improve
16339,16,2342.3999999999996,16,2342.2199999999993,swap,notBad
16340,16,2342.3999999999996,16,2342.2199999999993,2opt,improve
16341,16,2342.3999999999996,16,2342.2199999999993,move,improve
16342,16,2342.3999999999996,16,2342.2199999999993,swap,notBad
16343,16,2342.3999999999996,16,2342.2199999999993,2opt,notBad
16344,16,2342.3999999999996,16,2342.2199999999993,move,improve
16345,16,2342.3999999999996,16,2342.2199999999993,move,improve
16346,16,2342.3999999999996,16,2342.2199999999993,2opt,notBad
16347,16,2342.3999999999996,16,2342.2199999999993,move,improve
16348,16,2342.3999999999996,16,2342.2199999999993,move,improve
16349,16,2342.3999999999996,16,2342.2199999999993,swap,notBad
16350,16,2342.3999999999996,16,2342.2199999999993,move,improve
16351,16,2342.3999999999996,16,2342.2199999999993,move,improve
16352,16,2342.3999999999996,16,2342.2199999999993,swap,notBad
16353,16,2342.3999999999996,16,2342.2199999999993,2opt,notBad
16354,16,2342.3999999999996,16,2342.2199999999993,swap,notBad
16355,16,2342.3999999999996,16,2342.2199999999993,2opt,improve
16356,16,2342.3999999999996,16,2342.2199999999993,2opt,notBad
16357,16,2342.3999999999996,16,2342.2199999999993,2opt,notBad
16358,16,2342.3999999999996,16,2342.2199999999993,swap,notBad
16359,16,2342.3999999999996,16,2342.2199999999993,swap,notBad
16360,16,2342.3999999999996,16,2342.2199999999993,swap,notBad
16361,16,2342.3999999999996,16,2342.2199999999993,2opt,notBad
16362,16,2342.3999999999996,16,2342.2199999999993,move,improve
16363,16,2342.3999999999996,16,2342.2199999999993,2opt,notBad
16364,16,2342.3999999999996,16,2342.2199999999993,move,improve
16365,16,2342.3999999999996,16,2342.2199999999993,2opt,notBad
16366,16,2342.3999999999996,16,2342.2199999999993,2opt,notBad
16367,16,2342.3999999999996,16,2342.2199999999993,move,improve
16368,16,2342.3999999999996,16,2342.2199999999993,move,improve
16369,16,2342.3999999999996,16,2342.2199999999993,2opt,notBad
16370,16,2342.3999999999996,16,2342.2199999999993,move,improve
16371,16,2342.3999999999996,16,2342.2199999999993,2opt,notBad
16372,16,2342.3999999999996,16,2342.2199999999993,swap,notBad
16373,16,2342.3999999999996,16,2342.2199999999993,2opt,improve
16374,16,2342.3999999999996,16,2342.2199999999993,move,improve
16375,16,2342.3999999999996,16,2342.2199999999993,move,improve
16376,16,2342.3999999999996,16,2342.2199999999993,swap,notBad
16377,16,2342.3999999999996,16,2342.2199999999993,move,improve
16378,16,2342.3999999999996,16,2342.2199999999993,swap,notBad
16379,16,2342.3999999999996,16,2342.2199999999993,swap,notBad
16380,16,2342.3999999999996,16,2342.2199999999993,2opt,notBad
16381,16,2342.3999999999996,16,2342.2199999999993,2opt,notBad
16382,16,2342.3999999999996,16,2342.2199999999993,move,improve
16383,16,2342.3999999999996,16,2342.2199999999993,move,improve
16384,16,2342.3999999999996,16,2342.2199999999993,swap,notBad
16385,16,2342.3999999999996,16,2342.2199999999993,move,improve
16386,16,2342.3999999999996,16,2342.2199999999993,swap,notBad
16387,16,2342.3999999999996,16,2342.2199999999993,move,improve
16388,16,2342.3999999999996,16,2342.2199999999993,swap,notBad
16389,16,2342.3999999999996,16,2342.2199999999993,2opt,notBad
16390,16,2342.3999999999996,16,2342.2199999999993,2opt,notBad
16391,16,2342.3999999999996,16,2342.2199999999993,2opt,notBad
16392,16,2342.3999999999996,16,2342.2199999999993,move,improve
16393,16,2342.3999999999996,16,2342.2199999999993,move,improve
16394,16,2342.3999999999996,16,2342.2199999999993,2opt,improve
16395,16,2342.3999999999996,16,2342.2199999999993,2opt,improve
16396,16,2342.3999999999996,16,2342.2199999999993,move,improve
16397,16,2342.3999999999996,16,2342.2199999999993,2opt,notBad
16398,16,2342.3999999999996,16,2342.2199999999993,2opt,improve
16399,16,2342.3999999999996,16,2342.2199999999993,swap,notBad
16400,16,2342.3999999999996,16,2342.2199999999993,move,improve
16401,16,2342.3999999999996,16,2342.2199999999993,swap,notBad
16402,16,2342.3999999999996,16,2342.2199999999993,2opt,notBad
16403,16,2342.3999999999996,16,2342.2199999999993,move,improve
16404,16,2342.3999999999996,16,2342.2199999999993,move,improve
16405,16,2342.3999999999996,16,2342.2199999999993,move,improve
16406,16,2342.3999999999996,16,2342.2199999999993,2opt,notBad
16407,16,2342.3999999999996,16,2342.2199999999993,2opt,notBad
16408,16,2342.3999999999996,16,2342.2199999999993,2opt,notBad
16409,16,2342.3999999999996,16,2342.2199999999993,2opt,notBad
16410,16,2342.3999999999996,16,2342.2199999999993,2opt,notBad
16411,16,2342.3999999999996,16,2342.2199999999993,move,improve
16412,16,2342.3999999999996,16,2342.2199999999993,move,improve
16413,16,2342.3999999999996,16,2342.2199999999993,move,improve
16414,16,2342.3999999999996,16,2342.2199999999993,move,improve
16415,16,2342.3999999999996,16,2342.2199999999993,move,improve
16416,16,2342.3999999999996,16,2342.2199999999993,move,improve
16417,16,2342.3999999999996,16,2342.2199999999993,2opt,notBad
16418,16,2342.3999999999996,16,2342.2199999999993,swap,notBad
16419,16,2342.3999999999996,16,2342.2199999999993,move,improve
16420,16,2342.3999999999996,16,2342.2199999999993,swap,notBad
16421,16,2342.3999999999996,16,2342.2199999999993,2opt,notBad
16422,16,2342.3999999999996,16,2342.2199999999993,swap,notBad
16423,16,2342.3999999999996,16,2342.2199999999993,2opt,notBad
16424,16,2342.3999999999996,16,2342.2199999999993,2opt,notBad
16425,16,2342.3999999999996,16,2342.2199999999993,2opt,notBad
16426,16,2342.3999999999996,16,2342.2199999999993,move,improve
16427,16,2342.3999999999996,16,2342.2199999999993,swap,notBad
16428,16,2342.3999999999996,16,2342.2199999999993,swap,notBad
16429,16,2342.3999999999996,16,2342.2199999999993,move,improve
16430,16,2342.3999999999996,16,2342.2199999999993,swap,notBad
16431,16,2342.3999999999996,16,2342.2199999999993,move,improve
16432,16,2342.3999999999996,16,2342.2199999999993,2opt,notBad
16433,16,2342.3999999999996,16,2342.2199999999993,2opt,notBad
16434,16,2342.3999999999996,16,2342.2199999999993,swap,notBad
16435,16,2342.3999999999996,16,2342.2199999999993,2opt,notBad
16436,16,2342.3999999999996,16,2342.2199999999993,move,improve
16437,16,2342.3999999999996,16,2342.2199999999993,2opt,notBad
16438,16,2342.3999999999996,16,2342.2199999999993,swap,notBad
16439,16,2342.3999999999996,16,2342.2199999999993,move,improve
16440,16,2342.3999999999996,16,2342.2199999999993,move,improve
16441,16,2342.3999999999996,16,2342.2199999999993,move,improve
16442,16,2342.3999999999996,16,2342.2199999999993,swap,notBad
16443,16,2342.3999999999996,16,2342.2199999999993,swap,notBad
16444,16,2342.3999999999996,16,2342.2199999999993,move,improve
16445,16,2342.3999999999996,16,2342.2199999999993,swap,notBad
16446,16,2342.3999999999996,16,2342.2199999999993,move,improve
16447,16,2342.3999999999996,16,2342.2199999999993,swap,notBad
16448,16,2342.3999999999996,16,2342.2199999999993,move,improve
16449,16,2342.3999999999996,16,2342.2199999999993,2opt,notBad
16450,16,2342.3999999999996,16,2342.2199999999993,2opt,notBad
16451,16,2342.3999999999996,16,2342.2199999999993,swap,notBad
16452,16,2342.3999999999996,16,2342.2199999999993,swap,notBad
16453,16,2342.3999999999996,16,2342.2199999999993,2opt,notBad
16454,16,2342.3999999999996,16,2342.2199999999993,move,improve
16455,16,2342.3999999999996,16,2342.2199999999993,swap,notBad
16456,16,2342.3999999999996,16,2342.2199999999993,2opt,notBad
16457,16,2342.3999999999996,16,2342.2199999999993,swap,notBad
16458,16,2342.3999999999996,16,2342.2199999999993,move,improve
16459,16,2342.3999999999996,16,2342.2199999999993,move,improve
16460,16,2342.3999999999996,16,2342.2199999999993,swap,notBad
16461,16,2342.3999999999996,16,2342.2199999999993,2opt,notBad
16462,16,2342.3999999999996,16,2342.2199999999993,swap,notBad
16463,16,2342.3999999999996,16,2342.2199999999993,move,improve
16464,16,2342.3999999999996,16,2342.2199999999993,move,improve
16465,16,2342.3999999999996,16,2342.2199999999993,swap,notBad
16466,16,2342.3999999999996,16,2342.2199999999993,move,improve
16467,16,2342.3999999999996,16,2342.2199999999993,move,improve
16468,16,2342.3999999999996,16,2342.2199999999993,move,improve
16469,16,2342.3999999999996,16,2342.2199999999993,2opt,notBad
16470,16,2342.3999999999996,16,2342.2199999999993,2opt,notBad
16471,16,2342.3999999999996,16,2342.2199999999993,2opt,notBad
16472,16,2342.3999999999996,16,2342.2199999999993,2opt,improve
16473,16,2342.3999999999996,16,2342.2199999999993,2opt,notBad
16474,16,2342.3999999999996,16,2342.2199999999993,move,improve
16475,16,2342.3999999999996,16,2342.2199999999993,swap,notBad
16476,16,2342.3999999999996,16,2342.2199999999993,move,improve
16477,16,2342.3999999999996,16,2342.2199999999993,2opt,notBad
16478,16,2342.3999999999996,16,2342.2199999999993,swap,notBad
16479,16,2342.3999999999996,16,2342.2199999999993,swap,notBad
16480,16,2342.3999999999996,16,2342.2199999999993,move,improve
16481,16,2342.3999999999996,16,2342.2199999999993,move,improve
16482,16,2342.3999999999996,16,2342.2199999999993,swap,notBad
16483,16,2342.3999999999996,16,2342.2199999999993,2opt,notBad
16484,16,2342.3999999999996,16,2342.2199999999993,2opt,notBad
16485,16,2342.3999999999996,16,2342.2199999999993,move,improve
16486,16,2342.3999999999996,16,2342.2199999999993,2opt,notBad
16487,16,2342.3999999999996,16,2342.2199999999993,2opt,notBad
16488,16,2342.3999999999996,16,2342.2199999999993,swap,notBad
16489,16,2342.3999999999996,16,2342.2199999999993,swap,notBad
16490,16,2342.3999999999996,16,2342.2199999999993,swap,notBad
16491,16,2342.3999999999996,16,2342.2199999999993,2opt,notBad
16492,16,2342.3999999999996,16,2342.2199999999993,move,improve
16493,16,2342.3999999999996,16,2342.2199999999993,2opt,notBad
16494,16,2342.3999999999996,16,2342.2199999999993,move,improve
16495,16,2342.3999999999996,16,2342.2199999999993,2opt,notBad
16496,16,2342.3999999999996,16,2342.2199999999993,move,improve
16497,16,2342.3999999999996,16,2342.2199999999993,move,improve
16498,16,2342.3999999999996,16,2342.2199999999993,swap,notBad
16499,16,2342.3999999999996,16,2342.2199999999993,swap,notBad
16500,16,2342.3999999999996,16,2342.2199999999993,swap,notBad
16501,16,2342.3999999999996,16,2342.2199999999993,swap,notBad
16502,16,2342.3999999999996,16,2342.2199999999993,2opt,notBad
16503,16,2342.3999999999996,16,2342.2199999999993,2opt,notBad
16504,16,2342.3999999999996,16,2342.2199999999993,swap,notBad
16505,16,2342.3999999999996,16,2342.2199999999993,swap,notBad
16506,16,2342.3999999999996,16,2342.2199999999993,move,improve
16507,16,2342.3999999999996,16,2342.2199999999993,move,improve
16508,16,2342.3999999999996,16,2342.2199999999993,swap,notBad
16509,16,2342.3999999999996,16,2342.2199999999993,move,improve
16510,16,2342.3999999999996,16,2342.2199999999993,move,improve
16511,16,2342.3999999999996,16,2342.2199999999993,move,improve
16512,16,2342.3999999999996,16,2342.2199999999993,move,improve
16513,16,2342.3999999999996,16,2342.2199999999993,move,improve
16514,16,2342.3999999999996,16,2342.2199999999993,2opt,notBad
16515,16,2342.3999999999996,16,2342.2199999999993,2opt,notBad
16516,16,2342.3999999999996,16,2342.2199999999993,move,improve
16517,16,2342.3999999999996,16,2342.2199999999993,swap,notBad
16518,16,2342.3999999999996,16,2342.2199999999993,2opt,notBad
16519,16,2342.3999999999996,16,2342.2199999999993,move,improve
16520,16,2342.3999999999996,16,2342.2199999999993,swap,notBad
16521,16,2342.3999999999996,16,2342.2199999999993,swap,notBad
16522,16,2342.3999999999996,16,2342.2199999999993,2opt,notBad
16523,16,2342.3999999999996,16,2342.2199999999993,move,improve
16524,16,2342.3999999999996,16,2342.2199999999993,2opt,improve
16525,16,2342.3999999999996,16,2342.2199999999993,2opt,notBad
16526,16,2342.3999999999996,16,2342.2199999999993,swap,notBad
16527,16,2342.3999999999996,16,2342.2199999999993,2opt,notBad
16528,16,2342.3999999999996,16,2342.2199999999993,move,improve
16529,16,2342.3999999999996,16,2342.2199999999993,2opt,notBad
16530,16,2342.3999999999996,16,2342.2199999999993,2opt,notBad
16531,16,2342.3999999999996,16,2342.2199999999993,2opt,notBad
16532,16,2342.3999999999996,16,2342.2199999999993,move,improve
16533,16,2342.3999999999996,16,2342.2199999999993,move,improve
16534,16,2342.3999999999996,16,2342.2199999999993,move,improve
16535,16,2342.3999999999996,16,2342.2199999999993,2opt,notBad
16536,16,2342.3999999999996,16,2342.2199999999993,2opt,notBad
16537,16,2342.3999999999996,16,2342.2199999999993,2opt,notBad
16538,16,2342.3999999999996,16,2342.2199999999993,2opt,notBad
16539,16,2342.3999999999996,16,2342.2199999999993,2opt,notBad
16540,16,2342.3999999999996,16,2342.2199999999993,move,improve
16541,16,2342.3999999999996,16,2342.2199999999993,move,improve
16542,16,2342.3999999999996,16,2342.2199999999993,swap,notBad
16543,16,2342.3999999999996,16,2342.2199999999993,2opt,notBad
16544,16,2342.3999999999996,16,2342.2199999999993,swap,notBad
16545,16,2342.3999999999996,16,2342.2199999999993,swap,notBad
16546,16,2342.3999999999996,16,2342.2199999999993,move,improve
16547,16,2342.3999999999996,16,2342.2199999999993,swap,notBad
16548,16,2342.3999999999996,16,2342.2199999999993,swap,notBad
16549,16,2342.3999999999996,16,2342.2199999999993,move,improve
16550,16,2342.3999999999996,16,2342.2199999999993,move,improve
16551,16,2342.3999999999996,16,2342.2199999999993,move,improve
16552,16,2342.3999999999996,16,2342.2199999999993,swap,notBad
16553,16,2342.3999999999996,16,2342.2199999999993,swap,notBad
16554,16,2342.3999999999996,16,2342.2199999999993,swap,notBad
16555,16,2342.3999999999996,16,2342.2199999999993,swap,notBad
16556,16,2342.3999999999996,16,2342.2199999999993,swap,notBad
16557,16,2342.3999999999996,16,2342.2199999999993,move,improve
16558,16,2342.3999999999996,16,2342.2199999999993,2opt,notBad
16559,16,2342.3999999999996,16,2342.2199999999993,swap,notBad
16560,16,2342.3999999999996,16,2342.2199999999993,2opt,notBad
16561,16,2342.3999999999996,16,2342.2199999999993,swap,notBad
16562,16,2342.3999999999996,16,2342.2199999999993,2opt,notBad
16563,16,2342.3999999999996,16,2342.2199999999993,2opt,notBad
16564,16,2342.3999999999996,16,2342.2199999999993,move,improve
16565,16,2342.3999999999996,16,2342.2199999999993,2opt,notBad
16566,16,2342.3999999999996,16,2342.2199999999993,swap,notBad
16567,16,2342.3999999999996,16,2342.2199999999993,move,improve
16568,16,2342.3999999999996,16,2342.2199999999993,2opt,notBad
16569,16,2342.3999999999996,16,2342.2199999999993,swap,notBad
16570,16,2342.3999999999996,16,2342.2199999999993,2opt,improve
16571,16,2342.3999999999996,16,2342.2199999999993,2opt,notBad
16572,16,2342.3999999999996,16,2342.2199999999993,swap,notBad
16573,16,2342.3999999999996,16,2342.2199999999993,swap,notBad
16574,16,2342.3999999999996,16,2342.2199999999993,swap,notBad
16575,16,2342.3999999999996,16,2342.2199999999993,swap,notBad
16576,16,2342.3999999999996,16,2342.2199999999993,2opt,improve
16577,16,2342.3999999999996,16,2342.2199999999993,move,improve
16578,16,2342.3999999999996,16,2342.2199999999993,swap,notBad
16579,16,2342.3999999999996,16,2342.2199999999993,swap,notBad
16580,16,2342.3999999999996,16,2342.2199999999993,2opt,notBad
16581,16,2342.3999999999996,16,2342.2199999999993,swap,notBad
16582,16,2342.3999999999996,16,2342.2199999999993,swap,notBad
16583,16,2342.3999999999996,16,2342.2199999999993,swap,notBad
16584,16,2342.3999999999996,16,2342.2199999999993,2opt,notBad
16585,16,2342.3999999999996,16,2342.2199999999993,swap,notBad
16586,16,2342.3999999999996,16,2342.2199999999993,swap,notBad
16587,16,2342.3999999999996,16,2342.2199999999993,swap,notBad
16588,16,2342.3999999999996,16,2342.2199999999993,move,improve
16589,16,2342.3999999999996,16,2342.2199999999993,swap,notBad
16590,16,2342.3999999999996,16,2342.2199999999993,swap,notBad
16591,16,2342.3999999999996,16,2342.2199999999993,move,improve
16592,16,2342.3999999999996,16,2342.2199999999993,move,improve
16593,16,2342.3999999999996,16,2342.2199999999993,2opt,notBad
16594,16,2342.3999999999996,16,2342.2199999999993,move,improve
16595,16,2342.3999999999996,16,2342.2199999999993,2opt,improve
16596,16,2342.3999999999996,16,2342.2199999999993,swap,notBad
16597,16,2342.3999999999996,16,2342.2199999999993,move,improve
16598,16,2342.3999999999996,16,2342.2199999999993,2opt,notBad
16599,16,2342.3999999999996,16,2342.2199999999993,swap,notBad
16600,16,2342.3999999999996,16,2342.2199999999993,move,improve
16601,16,2342.3999999999996,16,2342.2199999999993,2opt,notBad
16602,16,2342.3999999999996,16,2342.2199999999993,2opt,notBad
16603,16,2342.3999999999996,16,2342.2199999999993,swap,notBad
16604,16,2342.3999999999996,16,2342.2199999999993,swap,notBad
16605,16,2342.3999999999996,16,2342.2199999999993,swap,notBad
16606,16,2342.3999999999996,16,2342.2199999999993,2opt,notBad
16607,16,2342.3999999999996,16,2342.2199999999993,swap,notBad
16608,16,2342.3999999999996,16,2342.2199999999993,move,improve
16609,16,2342.3999999999996,16,2342.2199999999993,move,improve
16610,16,2342.3999999999996,16,2342.2199999999993,2opt,notBad
16611,16,2342.3999999999996,16,2342.2199999999993,move,improve
16612,16,2342.3999999999996,16,2342.2199999999993,2opt,notBad
16613,16,2342.3999999999996,16,2342.2199999999993,swap,notBad
16614,16,2342.3999999999996,16,2342.2199999999993,swap,notBad
16615,16,2342.3999999999996,16,2342.2199999999993,swap,notBad
16616,16,2342.3999999999996,16,2342.2199999999993,2opt,notBad
16617,16,2342.3999999999996,16,2342.2199999999993,2opt,notBad
16618,16,2342.3999999999996,16,2342.2199999999993,move,improve
16619,16,2342.3999999999996,16,2342.2199999999993,swap,notBad
16620,16,2342.3999999999996,16,2342.2199999999993,move,improve
16621,16,2342.3999999999996,16,2342.2199999999993,move,improve
16622,16,2342.3999999999996,16,2342.2199999999993,swap,notBad
16623,16,2342.3999999999996,16,2342.2199999999993,move,improve
16624,16,2342.3999999999996,16,2342.2199999999993,2opt,notBad
16625,16,2342.3999999999996,16,2342.2199999999993,swap,notBad
16626,16,2342.3999999999996,16,2342.2199999999993,swap,notBad
16627,16,2342.3999999999996,16,2342.2199999999993,swap,notBad
16628,16,2342.3999999999996,16,2342.2199999999993,2opt,notBad
16629,16,2342.3999999999996,16,2342.2199999999993,swap,notBad
16630,16,2342.3999999999996,16,2342.2199999999993,swap,notBad
16631,16,2342.3999999999996,16,2342.2199999999993,move,improve
16632,16,2342.3999999999996,16,2342.2199999999993,swap,notBad
16633,16,2342.3999999999996,16,2342.2199999999993,2opt,notBad
16634,16,2342.3999999999996,16,2342.2199999999993,swap,notBad
16635,16,2342.3999999999996,16,2342.2199999999993,swap,notBad
16636,16,2342.3999999999996,16,2342.2199999999993,move,improve
16637,16,2342.3999999999996,16,2342.2199999999993,swap,notBad
16638,16,2342.3999999999996,16,2342.2199999999993,move,improve
16639,16,2342.3999999999996,16,2342.2199999999993,2opt,notBad
16640,16,2342.3999999999996,16,2342.2199999999993,2opt,notBad
16641,16,2342.3999999999996,16,2342.2199999999993,move,improve
16642,16,2342.3999999999996,16,2342.2199999999993,swap,notBad
16643,16,2342.3999999999996,16,2342.2199999999993,2opt,notBad
16644,16,2342.3999999999996,16,2342.2199999999993,move,improve
16645,16,2342.3999999999996,16,2342.2199999999993,2opt,improve
16646,16,2342.3999999999996,16,2342.2199999999993,move,improve
16647,16,2342.3999999999996,16,2342.2199999999993,move,improve
16648,16,2342.3999999999996,16,2342.2199999999993,move,improve
16649,16,2342.3999999999996,16,2342.2199999999993,swap,notBad
16650,16,2342.3999999999996,16,2342.2199999999993,2opt,notBad
16651,16,2342.3999999999996,16,2342.2199999999993,swap,notBad
16652,16,2342.3999999999996,16,2342.2199999999993,swap,notBad
16653,16,2342.3999999999996,16,2342.2199999999993,swap,notBad
16654,16,2342.3999999999996,16,2342.2199999999993,swap,notBad
16655,16,2342.3999999999996,16,2342.2199999999993,move,improve
16656,16,2342.3999999999996,16,2342.2199999999993,swap,notBad
16657,16,2342.3999999999996,16,2342.2199999999993,move,improve
16658,16,2342.3999999999996,16,2342.2199999999993,move,improve
16659,16,2342.3999999999996,16,2342.2199999999993,move,improve
16660,16,2342.3999999999996,16,2342.2199999999993,move,improve
16661,16,2342.3999999999996,16,2342.2199999999993,move,improve
16662,16,2342.3999999999996,16,2342.2199999999993,2opt,improve
16663,16,2342.3999999999996,16,2342.2199999999993,move,improve
16664,16,2342.3999999999996,16,2342.2199999999993,move,improve
16665,16,2342.3999999999996,16,2342.2199999999993,2opt,improve
16666,16,2342.3999999999996,16,2342.2199999999993,swap,notBad
16667,16,2342.3999999999996,16,2342.2199999999993,2opt,notBad
16668,16,2342.3999999999996,16,2342.2199999999993,move,improve
16669,16,2342.3999999999996,16,2342.2199999999993,swap,notBad
16670,16,2342.3999999999996,16,2342.2199999999993,move,improve
16671,16,2342.3999999999996,16,2342.2199999999993,move,improve
16672,16,2342.3999999999996,16,2342.2199999999993,swap,notBad
16673,16,2342.3999999999996,16,2342.2199999999993,move,improve
16674,16,2342.3999999999996,16,2342.2199999999993,move,improve
16675,16,2342.3999999999996,16,2342.2199999999993,2opt,notBad
16676,16,2342.3999999999996,16,2342.2199999999993,move,improve
16677,16,2342.3999999999996,16,2342.2199999999993,move,improve
16678,16,2342.3999999999996,16,2342.2199999999993,swap,notBad
16679,16,2342.3999999999996,16,2342.2199999999993,swap,notBad
16680,16,2342.3999999999996,16,2342.2199999999993,swap,notBad
16681,16,2342.3999999999996,16,2342.2199999999993,2opt,notBad
16682,16,2342.3999999999996,16,2342.2199999999993,2opt,notBad
16683,16,2342.3999999999996,16,2342.2199999999993,move,improve
16684,16,2342.3999999999996,16,2342.2199999999993,swap,notBad
16685,16,2342.3999999999996,16,2342.2199999999993,2opt,notBad
16686,16,2342.3999999999996,16,2342.2199999999993,swap,notBad
16687,16,2342.3999999999996,16,2342.2199999999993,swap,notBad
16688,16,2342.3999999999996,16,2342.2199999999993,2opt,notBad
16689,16,2342.3999999999996,16,2342.2199999999993,2opt,notBad
16690,16,2342.3999999999996,16,2342.2199999999993,move,improve
16691,16,2342.3999999999996,16,2342.2199999999993,2opt,notBad
16692,16,2342.3999999999996,16,2342.2199999999993,2opt,notBad
16693,16,2342.3999999999996,16,2342.2199999999993,move,improve
16694,16,2342.3999999999996,16,2342.2199999999993,swap,notBad
16695,16,2342.3999999999996,16,2342.2199999999993,swap,notBad
16696,16,2342.3999999999996,16,2342.2199999999993,2opt,notBad
16697,16,2342.3999999999996,16,2342.2199999999993,move,improve
16698,16,2342.2199999999993,16,2342.2199999999993,swap,improve
16699,16,2342.2199999999993,16,2342.2199999999993,2opt,notBad
16700,16,2342.2199999999993,16,2342.2199999999993,2opt,notBad
16701,16,2342.2199999999993,16,2342.2199999999993,2opt,notBad
16702,16,2342.2199999999993,16,2342.2199999999993,swap,notBad
16703,16,2342.2199999999993,16,2342.2199999999993,2opt,notBad
16704,16,2342.2199999999993,16,2342.2199999999993,2opt,notBad
16705,16,2342.2199999999993,16,2342.2199999999993,2opt,notBad
16706,16,2342.2199999999993,16,2342.2199999999993,move,improve
16707,16,2342.2199999999993,16,2342.2199999999993,2opt,notBad
16708,16,2342.2199999999993,16,2342.2199999999993,2opt,notBad
16709,16,2342.2199999999993,16,2342.2199999999993,2opt,notBad
16710,16,2342.2199999999993,16,2342.2199999999993,swap,notBad
16711,16,2342.2199999999993,16,2342.2199999999993,swap,notBad
16712,16,2342.2199999999993,16,2342.2199999999993,swap,notBad
16713,16,2342.2199999999993,16,2342.2199999999993,2opt,notBad
16714,16,2342.2199999999993,16,2342.2199999999993,move,improve
16715,16,2342.2199999999993,16,2342.2199999999993,swap,notBad
16716,16,2342.2199999999993,16,2342.2199999999993,2opt,improve
16717,16,2342.2199999999993,16,2342.2199999999993,2opt,notBad
16718,16,2342.2199999999993,16,2342.2199999999993,swap,notBad
16719,16,2342.2199999999993,16,2342.2199999999993,swap,notBad
16720,16,2342.2199999999993,16,2342.2199999999993,move,improve
16721,16,2342.2199999999993,16,2342.2199999999993,2opt,notBad
16722,16,2342.2199999999993,16,2342.2199999999993,move,improve
16723,16,2342.2199999999993,16,2342.2199999999993,move,improve
16724,16,2342.2199999999993,16,2342.2199999999993,swap,notBad
16725,16,2342.2199999999993,16,2342.2199999999993,move,improve
16726,16,2342.2199999999993,16,2342.2199999999993,move,improve
16727,16,2342.2199999999993,16,2342.2199999999993,swap,notBad
16728,16,2342.2199999999993,16,2342.2199999999993,move,improve
16729,16,2342.2199999999993,16,2342.2199999999993,move,improve
16730,16,2342.2199999999993,16,2342.2199999999993,move,improve
16731,16,2342.2199999999993,16,2342.2199999999993,2opt,notBad
16732,16,2342.2199999999993,16,2342.2199999999993,2opt,notBad
16733,16,2342.2199999999993,16,2342.2199999999993,2opt,notBad
16734,16,2342.2199999999993,16,2342.2199999999993,move,improve
16735,16,2342.2199999999993,16,2342.2199999999993,2opt,notBad
16736,16,2342.2199999999993,16,2342.2199999999993,move,improve
16737,16,2342.2199999999993,16,2342.2199999999993,2opt,improve
16738,16,2342.2199999999993,16,2342.2199999999993,swap,notBad
16739,16,2342.2199999999993,16,2342.2199999999993,swap,notBad
16740,16,2342.2199999999993,16,2342.2199999999993,move,improve
16741,16,2342.2199999999993,16,2342.2199999999993,2opt,notBad
16742,16,2342.2199999999993,16,2342.2199999999993,move,improve
16743,16,2342.2199999999993,16,2342.2199999999993,2opt,notBad
16744,16,2342.2199999999993,16,2342.2199999999993,2opt,notBad
16745,16,2342.2199999999993,16,2342.2199999999993,move,improve
16746,16,2342.2199999999993,16,2342.2199999999993,2opt,notBad
16747,16,2342.2199999999993,16,2342.2199999999993,2opt,notBad
16748,16,2342.2199999999993,16,2342.2199999999993,swap,notBad
16749,16,2342.2199999999993,16,2342.2199999999993,swap,notBad
16750,16,2342.2199999999993,16,2342.2199999999993,2opt,improve
16751,16,2342.2199999999993,16,2342.2199999999993,move,improve
16752,16,2342.2199999999993,16,2342.2199999999993,swap,notBad
16753,16,2342.2199999999993,16,2342.2199999999993,swap,notBad
16754,16,2342.2199999999993,16,2342.2199999999993,swap,notBad
16755,16,2342.2199999999993,16,2342.2199999999993,swap,notBad
16756,16,2342.2199999999993,16,2342.2199999999993,move,improve
16757,16,2342.2199999999993,16,2342.2199999999993,swap,notBad
16758,16,2342.2199999999993,16,2342.2199999999993,move,improve
16759,16,2342.2199999999993,16,2342.2199999999993,swap,notBad
16760,16,2342.2199999999993,16,2342.2199999999993,2opt,notBad
16761,16,2342.2199999999993,16,2342.2199999999993,swap,notBad
16762,16,2342.2199999999993,16,2342.2199999999993,swap,notBad
16763,16,2342.2199999999993,16,2342.2199999999993,2opt,notBad
16764,16,2342.2199999999993,16,2342.2199999999993,swap,notBad
16765,16,2342.2199999999993,16,2342.2199999999993,swap,notBad
16766,16,2342.2199999999993,16,2342.2199999999993,swap,notBad
16767,16,2342.2199999999993,16,2342.2199999999993,swap,notBad
16768,16,2342.2199999999993,16,2342.2199999999993,2opt,notBad
16769,16,2342.2199999999993,16,2342.2199999999993,swap,notBad
16770,16,2342.2199999999993,16,2342.2199999999993,swap,notBad
16771,16,2342.2199999999993,16,2342.2199999999993,2opt,improve
16772,16,2342.2199999999993,16,2342.2199999999993,swap,notBad
16773,16,2342.2199999999993,16,2342.2199999999993,move,improve
16774,16,2342.2199999999993,16,2342.2199999999993,swap,notBad
16775,16,2342.2199999999993,16,2342.2199999999993,2opt,notBad
16776,16,2342.2199999999993,16,2342.2199999999993,2opt,notBad
16777,16,2342.2199999999993,16,2342.2199999999993,move,improve
16778,16,2342.2199999999993,16,2342.2199999999993,swap,notBad
16779,16,2342.2199999999993,16,2342.2199999999993,2opt,notBad
16780,16,2342.2199999999993,16,2342.2199999999993,swap,notBad
16781,16,2342.2199999999993,16,2342.2199999999993,2opt,improve
16782,16,2342.2199999999993,16,2342.2199999999993,swap,notBad
16783,16,2342.2199999999993,16,2342.2199999999993,swap,notBad
16784,16,2342.2199999999993,16,2342.2199999999993,swap,notBad
16785,16,2342.2199999999993,16,2342.2199999999993,2opt,notBad
16786,16,2342.2199999999993,16,2342.2199999999993,move,improve
16787,16,2342.2199999999993,16,2342.2199999999993,2opt,notBad
16788,16,2342.2199999999993,16,2342.2199999999993,swap,notBad
16789,16,2342.2199999999993,16,2342.2199999999993,move,improve
16790,16,2342.2199999999993,16,2342.2199999999993,swap,notBad
16791,16,2342.2199999999993,16,2342.2199999999993,swap,notBad
16792,16,2342.2199999999993,16,2342.2199999999993,swap,notBad
16793,16,2342.2199999999993,16,2342.2199999999993,swap,notBad
16794,16,2342.2199999999993,16,2342.2199999999993,move,improve
16795,16,2342.2199999999993,16,2342.2199999999993,2opt,notBad
16796,16,2342.2199999999993,16,2342.2199999999993,swap,notBad
16797,16,2342.2199999999993,16,2342.2199999999993,move,improve
16798,16,2342.2199999999993,16,2342.2199999999993,swap,notBad
16799,16,2342.2199999999993,16,2342.2199999999993,2opt,notBad
16800,16,2342.2199999999993,16,2342.2199999999993,swap,notBad
16801,16,2342.2199999999993,16,2342.2199999999993,swap,notBad
16802,16,2342.2199999999993,16,2342.2199999999993,2opt,notBad
16803,16,2342.2199999999993,16,2342.2199999999993,move,improve
16804,16,2342.2199999999993,16,2342.2199999999993,2opt,notBad
16805,16,2342.2199999999993,16,2342.2199999999993,swap,notBad
16806,16,2342.2199999999993,16,2342.2199999999993,2opt,improve
16807,16,2342.2199999999993,16,2342.2199999999993,move,improve
16808,16,2342.2199999999993,16,2342.2199999999993,swap,notBad
16809,16,2342.2199999999993,16,2342.2199999999993,swap,notBad
16810,16,2342.2199999999993,16,2342.2199999999993,swap,notBad
16811,16,2342.2199999999993,16,2342.2199999999993,move,improve
16812,16,2342.2199999999993,16,2342.2199999999993,swap,notBad
16813,16,2342.2199999999993,16,2342.2199999999993,swap,notBad
16814,16,2342.2199999999993,16,2342.2199999999993,swap,notBad
16815,16,2342.2199999999993,16,2342.2199999999993,2opt,notBad
16816,16,2342.2199999999993,16,2342.2199999999993,swap,notBad
16817,16,2342.2199999999993,16,2342.2199999999993,move,improve
16818,16,2342.2199999999993,16,2342.2199999999993,swap,notBad
16819,16,2342.2199999999993,16,2342.2199999999993,2opt,notBad
16820,16,2342.2199999999993,16,2342.2199999999993,swap,notBad
16821,16,2342.2199999999993,16,2342.2199999999993,swap,notBad
16822,16,2342.2199999999993,16,2342.2199999999993,move,notBad
16823,16,2342.2199999999993,16,2342.2199999999993,2opt,notBad
16824,16,2342.2199999999993,16,2342.2199999999993,2opt,notBad
16825,16,2342.2199999999993,16,2342.2199999999993,swap,notBad
16826,16,2342.2199999999993,16,2342.2199999999993,2opt,notBad
16827,16,2342.2199999999993,16,2342.2199999999993,swap,notBad
16828,16,2342.2199999999993,16,2342.2199999999993,move,improve
16829,16,2342.2199999999993,16,2342.2199999999993,move,improve
16830,16,2342.2199999999993,16,2342.2199999999993,move,improve
16831,16,2342.2199999999993,16,2342.2199999999993,2opt,notBad
16832,16,2342.2199999999993,16,2342.2199999999993,move,improve
16833,16,2342.2199999999993,16,2342.2199999999993,swap,notBad
16834,16,2342.2199999999993,16,2342.2199999999993,swap,notBad
16835,16,2342.2199999999993,16,2342.2199999999993,swap,notBad
16836,16,2342.2199999999993,16,2342.2199999999993,2opt,notBad
16837,16,2342.2199999999993,16,2342.2199999999993,swap,notBad
16838,16,2342.2199999999993,16,2342.2199999999993,swap,notBad
16839,16,2342.2199999999993,16,2342.2199999999993,move,improve
16840,16,2342.2199999999993,16,2342.2199999999993,move,improve
16841,16,2342.2199999999993,16,2342.2199999999993,2opt,notBad
16842,16,2342.2199999999993,16,2342.2199999999993,move,improve
16843,16,2342.2199999999993,16,2342.2199999999993,2opt,improve
16844,16,2342.2199999999993,16,2342.2199999999993,2opt,improve
16845,16,2342.2199999999993,16,2342.2199999999993,move,improve
16846,16,2342.2199999999993,16,2342.2199999999993,swap,notBad
16847,16,2342.2199999999993,16,2342.2199999999993,2opt,notBad
16848,16,2342.2199999999993,16,2342.2199999999993,move,improve
16849,16,2342.2199999999993,16,2342.2199999999993,2opt,notBad
16850,16,2342.2199999999993,16,2342.2199999999993,swap,notBad
16851,16,2342.2199999999993,16,2342.2199999999993,move,improve
16852,16,2342.2199999999993,16,2342.2199999999993,2opt,notBad
16853,16,2342.2199999999993,16,2342.2199999999993,2opt,notBad
16854,16,2342.2199999999993,16,2342.2199999999993,swap,notBad
16855,16,2342.2199999999993,16,2342.2199999999993,2opt,improve
16856,16,2342.2199999999993,16,2342.2199999999993,move,improve
16857,16,2342.2199999999993,16,2342.2199999999993,move,improve
16858,16,2342.2199999999993,16,2342.2199999999993,move,improve
16859,16,2342.2199999999993,16,2342.2199999999993,swap,notBad
16860,16,2342.2199999999993,16,2342.2199999999993,move,improve
16861,16,2342.2199999999993,16,2342.2199999999993,move,improve
16862,16,2342.2199999999993,16,2342.2199999999993,move,improve
16863,16,2342.2199999999993,16,2342.2199999999993,move,improve
16864,16,2342.2199999999993,16,2342.2199999999993,swap,notBad
16865,16,2342.2199999999993,16,2342.2199999999993,2opt,notBad
16866,16,2342.2199999999993,16,2342.2199999999993,swap,notBad
16867,16,2342.2199999999993,16,2342.2199999999993,move,improve
16868,16,2342.2199999999993,16,2342.2199999999993,move,improve
16869,16,2342.2199999999993,16,2342.2199999999993,2opt,notBad
16870,16,2342.2199999999993,16,2342.2199999999993,move,improve
16871,16,2342.2199999999993,16,2342.2199999999993,move,improve
16872,16,2342.2199999999993,16,2342.2199999999993,move,improve
16873,16,2342.2199999999993,16,2342.2199999999993,2opt,notBad
16874,16,2342.2199999999993,16,2342.2199999999993,move,improve
16875,16,2342.2199999999993,16,2342.2199999999993,2opt,notBad
16876,16,2342.2199999999993,16,2342.2199999999993,2opt,notBad
16877,16,2342.2199999999993,16,2342.2199999999993,move,improve
16878,16,2342.2199999999993,16,2342.2199999999993,2opt,notBad
16879,16,2342.2199999999993,16,2342.2199999999993,2opt,notBad
16880,16,2342.2199999999993,16,2342.2199999999993,2opt,notBad
16881,16,2342.2199999999993,16,2342.2199999999993,move,improve
16882,16,2342.2199999999993,16,2342.2199999999993,swap,notBad
16883,16,2342.2199999999993,16,2342.2199999999993,move,improve
16884,16,2342.2199999999993,16,2342.2199999999993,swap,notBad
16885,16,2342.2199999999993,16,2342.2199999999993,swap,notBad
16886,16,2342.2199999999993,16,2342.2199999999993,move,improve
16887,16,2342.2199999999993,16,2342.2199999999993,swap,notBad
16888,16,2342.2199999999993,16,2342.2199999999993,2opt,notBad
16889,16,2342.2199999999993,16,2342.2199999999993,swap,notBad
16890,16,2342.2199999999993,16,2342.2199999999993,move,improve
16891,16,2342.2199999999993,16,2342.2199999999993,2opt,notBad
16892,16,2342.2199999999993,16,2342.2199999999993,swap,notBad
16893,16,2342.2199999999993,16,2342.2199999999993,move,improve
16894,16,2342.2199999999993,16,2342.2199999999993,2opt,notBad
16895,16,2342.2199999999993,16,2342.2199999999993,move,improve
16896,16,2342.2199999999993,16,2342.2199999999993,move,improve
16897,16,2342.2199999999993,16,2342.2199999999993,swap,notBad
16898,16,2342.2199999999993,16,2342.2199999999993,move,improve
16899,16,2342.2199999999993,16,2342.2199999999993,2opt,notBad
16900,16,2342.2199999999993,16,2342.2199999999993,move,improve
16901,16,2342.2199999999993,16,2342.2199999999993,move,improve
16902,16,2342.2199999999993,16,2342.2199999999993,swap,notBad
16903,16,2342.2199999999993,16,2342.2199999999993,2opt,notBad
16904,16,2342.2199999999993,16,2342.2199999999993,2opt,notBad
16905,16,2342.2199999999993,16,2342.2199999999993,swap,notBad
16906,16,2342.2199999999993,16,2342.2199999999993,move,improve
16907,16,2342.2199999999993,16,2342.2199999999993,2opt,notBad
16908,16,2342.2199999999993,16,2342.2199999999993,swap,notBad
16909,16,2342.2199999999993,16,2342.2199999999993,swap,notBad
16910,16,2342.2199999999993,16,2342.2199999999993,2opt,notBad
16911,16,2342.2199999999993,16,2342.2199999999993,move,improve
16912,16,2342.2199999999993,16,2342.2199999999993,swap,notBad
16913,16,2342.2199999999993,16,2342.2199999999993,move,improve
16914,16,2342.2199999999993,16,2342.2199999999993,move,improve
16915,16,2342.2199999999993,16,2342.2199999999993,2opt,notBad
16916,16,2342.2199999999993,16,2342.2199999999993,move,improve
16917,16,2342.2199999999993,16,2342.2199999999993,2opt,notBad
16918,16,2342.2199999999993,16,2342.2199999999993,swap,notBad
16919,16,2342.2199999999993,16,2342.2199999999993,2opt,notBad
16920,16,2342.2199999999993,16,2342.2199999999993,move,improve
16921,16,2342.2199999999993,16,2342.2199999999993,swap,notBad
16922,16,2342.2199999999993,16,2342.2199999999993,swap,notBad
16923,16,2342.2199999999993,16,2342.2199999999993,move,improve
16924,16,2342.2199999999993,16,2342.2199999999993,swap,notBad
16925,16,2342.2199999999993,16,2342.2199999999993,move,improve
16926,16,2342.2199999999993,16,2342.2199999999993,move,improve
16927,16,2342.2199999999993,16,2342.2199999999993,swap,notBad
16928,16,2342.2199999999993,16,2342.2199999999993,move,improve
16929,16,2342.2199999999993,16,2342.2199999999993,2opt,improve
16930,16,2342.2199999999993,16,2342.2199999999993,move,improve
16931,16,2342.2199999999993,16,2342.2199999999993,2opt,notBad
16932,16,2342.2199999999993,16,2342.2199999999993,swap,notBad
16933,16,2342.2199999999993,16,2342.2199999999993,swap,notBad
16934,16,2342.2199999999993,16,2342.2199999999993,move,improve
16935,16,2342.2199999999993,16,2342.2199999999993,move,improve
16936,16,2342.2199999999993,16,2342.2199999999993,2opt,notBad
16937,16,2342.2199999999993,16,2342.2199999999993,2opt,notBad
16938,16,2342.2199999999993,16,2342.2199999999993,move,improve
16939,16,2342.2199999999993,16,2342.2199999999993,2opt,notBad
16940,16,2342.2199999999993,16,2342.2199999999993,move,improve
16941,16,2342.2199999999993,16,2342.2199999999993,2opt,notBad
16942,16,2342.2199999999993,16,2342.2199999999993,move,improve
16943,16,2342.2199999999993,16,2342.2199999999993,2opt,notBad
16944,16,2342.2199999999993,16,2342.2199999999993,2opt,notBad
16945,16,2342.2199999999993,16,2342.2199999999993,2opt,notBad
16946,16,2342.2199999999993,16,2342.2199999999993,swap,notBad
16947,16,2342.2199999999993,16,2342.2199999999993,2opt,notBad
16948,16,2342.2199999999993,16,2342.2199999999993,swap,notBad
16949,16,2342.2199999999993,16,2342.2199999999993,2opt,notBad
16950,16,2342.2199999999993,16,2342.2199999999993,2opt,notBad
16951,16,2342.2199999999993,16,2342.2199999999993,swap,notBad
16952,16,2342.2199999999993,16,2342.2199999999993,swap,notBad
16953,16,2342.2199999999993,16,2342.2199999999993,2opt,notBad
16954,16,2342.2199999999993,16,2342.2199999999993,move,improve
16955,16,2342.2199999999993,16,2342.2199999999993,2opt,improve
16956,16,2342.2199999999993,16,2342.2199999999993,swap,notBad
16957,16,2342.2199999999993,16,2342.2199999999993,swap,notBad
16958,16,2342.2199999999993,16,2342.2199999999993,2opt,improve
16959,16,2342.2199999999993,16,2342.2199999999993,move,improve
16960,16,2342.2199999999993,16,2342.2199999999993,2opt,notBad
16961,16,2342.2199999999993,16,2342.2199999999993,2opt,notBad
16962,16,2342.2199999999993,16,2342.2199999999993,swap,notBad
16963,16,2342.2199999999993,16,2342.2199999999993,swap,notBad
16964,16,2342.2199999999993,16,2342.2199999999993,move,improve
16965,16,2342.2199999999993,16,2342.2199999999993,2opt,notBad
16966,16,2342.2199999999993,16,2342.2199999999993,swap,notBad
16967,16,2342.2199999999993,16,2342.2199999999993,2opt,notBad
16968,16,2342.2199999999993,16,2342.2199999999993,move,improve
16969,16,2342.2199999999993,16,2342.2199999999993,swap,notBad
16970,16,2342.2199999999993,16,2342.2199999999993,2opt,notBad
16971,16,2342.2199999999993,16,2342.2199999999993,move,improve
16972,16,2342.2199999999993,16,2342.2199999999993,move,improve
16973,16,2342.2199999999993,16,2342.2199999999993,2opt,notBad
16974,16,2342.2199999999993,16,2342.2199999999993,move,improve
16975,16,2342.2199999999993,16,2342.2199999999993,2opt,notBad
16976,16,2342.2199999999993,16,2342.2199999999993,move,improve
16977,16,2342.2199999999993,16,2342.2199999999993,2opt,notBad
16978,16,2342.2199999999993,16,2342.2199999999993,2opt,notBad
16979,16,2342.2199999999993,16,2342.2199999999993,2opt,notBad
16980,16,2342.2199999999993,16,2342.2199999999993,move,improve
16981,16,2342.2199999999993,16,2342.2199999999993,move,improve
16982,16,2342.2199999999993,16,2342.2199999999993,swap,notBad
16983,16,2342.2199999999993,16,2342.2199999999993,swap,notBad
16984,16,2342.2199999999993,16,2342.2199999999993,2opt,notBad
16985,16,2342.2199999999993,16,2342.2199999999993,swap,notBad
16986,16,2342.2199999999993,16,2342.2199999999993,move,improve
16987,16,2342.2199999999993,16,2342.2199999999993,move,improve
16988,16,2342.2199999999993,16,2342.2199999999993,move,improve
16989,16,2342.2199999999993,16,2342.2199999999993,2opt,notBad
16990,16,2342.2199999999993,16,2342.2199999999993,2opt,notBad
16991,16,2342.2199999999993,16,2342.2199999999993,swap,notBad
16992,16,2342.2199999999993,16,2342.2199999999993,2opt,notBad
16993,16,2342.2199999999993,16,2342.2199999999993,2opt,notBad
16994,16,2342.2199999999993,16,2342.2199999999993,move,improve
16995,16,2342.2199999999993,16,2342.2199999999993,move,improve
16996,16,2342.2199999999993,16,2342.2199999999993,swap,notBad
16997,16,2342.2199999999993,16,2342.2199999999993,move,improve
16998,16,2342.2199999999993,16,2342.2199999999993,move,improve
16999,16,2342.2199999999993,16,2342.2199999999993,swap,notBad
17000,16,2342.2199999999993,16,2342.2199999999993,move,improve
17001,16,2342.2199999999993,16,2342.2199999999993,move,improve
17002,16,2342.2199999999993,16,2342.2199999999993,swap,notBad
17003,16,2342.2199999999993,16,2342.2199999999993,2opt,notBad
17004,16,2342.2199999999993,16,2342.2199999999993,move,improve
17005,16,2342.2199999999993,16,2342.2199999999993,2opt,notBad
17006,16,2342.2199999999993,16,2342.2199999999993,2opt,notBad
17007,16,2342.2199999999993,16,2342.2199999999993,swap,notBad
17008,16,2342.2199999999993,16,2342.2199999999993,2opt,notBad
17009,16,2342.2199999999993,16,2342.2199999999993,2opt,notBad
17010,16,2342.2199999999993,16,2342.2199999999993,swap,notBad
17011,16,2342.2199999999993,16,2342.2199999999993,2opt,notBad
17012,16,2342.2199999999993,16,2342.2199999999993,2opt,notBad
17013,16,2342.2199999999993,16,2342.2199999999993,swap,notBad
17014,16,2342.2199999999993,16,2342.2199999999993,swap,notBad
17015,16,2342.2199999999993,16,2342.2199999999993,swap,notBad
17016,16,2342.2199999999993,16,2342.2199999999993,move,improve
17017,16,2342.2199999999993,16,2342.2199999999993,move,improve
17018,16,2342.2199999999993,16,2342.2199999999993,swap,notBad
17019,16,2342.2199999999993,16,2342.2199999999993,2opt,notBad
17020,16,2342.2199999999993,16,2342.2199999999993,2opt,notBad
17021,16,2342.2199999999993,16,2342.2199999999993,swap,notBad
17022,16,2342.2199999999993,16,2342.2199999999993,move,improve
17023,16,2342.2199999999993,16,2342.2199999999993,2opt,notBad
17024,16,2342.2199999999993,16,2342.2199999999993,swap,notBad
17025,16,2342.2199999999993,16,2342.2199999999993,2opt,notBad
17026,16,2342.2199999999993,16,2342.2199999999993,move,improve
17027,16,2342.2199999999993,16,2342.2199999999993,swap,notBad
17028,16,2342.2199999999993,16,2342.2199999999993,2opt,notBad
17029,16,2342.2199999999993,16,2342.2199999999993,move,improve
17030,16,2342.2199999999993,16,2342.2199999999993,2opt,notBad
17031,16,2342.2199999999993,16,2342.2199999999993,swap,notBad
17032,16,2342.2199999999993,16,2342.2199999999993,move,improve
17033,16,2342.2199999999993,16,2342.2199999999993,swap,notBad
17034,16,2342.2199999999993,16,2342.2199999999993,swap,notBad
17035,16,2342.2199999999993,16,2342.2199999999993,2opt,notBad
17036,16,2342.2199999999993,16,2342.2199999999993,swap,notBad
17037,16,2342.2199999999993,16,2342.2199999999993,move,improve
17038,16,2342.2199999999993,16,2342.2199999999993,swap,notBad
17039,16,2342.2199999999993,16,2342.2199999999993,swap,notBad
17040,16,2342.2199999999993,16,2342.2199999999993,2opt,notBad
17041,16,2342.2199999999993,16,2342.2199999999993,swap,notBad
