i,vehi,obj,vehiBest,objBest,loFunc,note
1,5,510.72,5,510.72,move,improve
2,5,508.96000000000004,5,508.96000000000004,move,newBest
3,5,546.4800000000001,5,508.96000000000004,swap,acceptBad
4,5,545.5200000000002,5,508.96000000000004,swap,improve
5,5,541.0400000000001,5,508.96000000000004,move,improve
6,5,511.8400000000001,5,508.96000000000004,move,improve
7,5,679.2400000000001,5,508.96000000000004,swap,acceptBad
8,5,655.3200000000004,5,508.96000000000004,swap,improve
9,5,693.0000000000002,5,508.96000000000004,swap,acceptBad
10,5,637.3600000000001,5,508.96000000000004,swap,improve
11,5,665.1200000000002,5,508.96000000000004,swap,acceptBad
12,5,665.1200000000002,5,508.96000000000004,move,improve
13,5,664.9600000000002,5,508.96000000000004,move,improve
14,5,738.24,5,508.96000000000004,swap,acceptBad
15,5,725.6000000000001,5,508.96000000000004,swap,improve
16,6,1558.94,5,508.96000000000004,2opt,acceptBad
17,6,1512.9800000000002,5,508.96000000000004,swap,improve
18,6,1498.98,5,508.96000000000004,move,improve
19,6,1490.5200000000002,5,508.96000000000004,move,improve
20,6,1491.8400000000001,5,508.96000000000004,swap,acceptBad
21,6,1490.02,5,508.96000000000004,swap,improve
22,6,1490.02,5,508.96000000000004,move,improve
23,6,1547.1200000000001,5,508.96000000000004,swap,acceptBad
24,7,1970.2000000000003,5,508.96000000000004,2opt,acceptBad
25,7,1972.2000000000003,5,508.96000000000004,swap,acceptBad
26,7,1844.4,5,508.96000000000004,move,improve
27,7,1824.8000000000004,5,508.96000000000004,swap,improve
28,7,1643.4,5,508.96000000000004,2opt,improve
29,7,1643.4,5,508.96000000000004,move,improve
30,7,1675.7200000000003,5,508.96000000000004,swap,acceptBad
31,8,2260.7800000000007,5,508.96000000000004,2opt,acceptBad
32,8,2100.1000000000004,5,508.96000000000004,move,improve
33,9,2960.8000000000006,5,508.96000000000004,2opt,acceptBad
34,9,2868.2000000000007,5,508.96000000000004,2opt,improve
35,9,2721.92,5,508.96000000000004,move,improve
36,9,2703.4400000000005,5,508.96000000000004,swap,improve
37,9,2582.5200000000004,5,508.96000000000004,2opt,improve
38,9,2512.600000000001,5,508.96000000000004,move,improve
39,9,2471.08,5,508.96000000000004,swap,improve
40,9,2471.08,5,508.96000000000004,2opt,improve
41,9,2494.9200000000005,5,508.96000000000004,2opt,acceptBad
42,9,2426.36,5,508.96000000000004,2opt,improve
43,9,2480.0400000000004,5,508.96000000000004,2opt,acceptBad
44,9,2288.92,5,508.96000000000004,move,improve
45,9,2450.2,5,508.96000000000004,2opt,acceptBad
46,9,2444.6800000000003,5,508.96000000000004,swap,improve
47,9,2213.32,5,508.96000000000004,move,improve
48,9,2267.8,5,508.96000000000004,swap,acceptBad
49,9,2267.8,5,508.96000000000004,move,improve
50,9,2267.8,5,508.96000000000004,2opt,improve
51,9,2224.6000000000004,5,508.96000000000004,move,improve
52,9,2275.7200000000003,5,508.96000000000004,swap,acceptBad
53,9,2210.8,5,508.96000000000004,move,improve
54,9,1809.96,5,508.96000000000004,move,improve
55,9,1809.96,5,508.96000000000004,2opt,improve
56,9,1813.9600000000003,5,508.96000000000004,swap,acceptBad
57,9,1813.9600000000003,5,508.96000000000004,move,improve
58,9,1813.9600000000003,5,508.96000000000004,move,improve
59,9,1823.4800000000005,5,508.96000000000004,2opt,acceptBad
60,9,1870.1200000000001,5,508.96000000000004,swap,acceptBad
61,9,1852.04,5,508.96000000000004,2opt,improve
62,9,1900.2800000000004,5,508.96000000000004,2opt,acceptBad
63,9,1910.56,5,508.96000000000004,swap,acceptBad
64,9,1882.1600000000003,5,508.96000000000004,swap,improve
65,9,1772.7200000000003,5,508.96000000000004,move,improve
66,9,1882.4000000000003,5,508.96000000000004,swap,acceptBad
67,9,1819.64,5,508.96000000000004,move,improve
68,9,2187.04,5,508.96000000000004,swap,acceptBad
69,9,2200.76,5,508.96000000000004,swap,acceptBad
70,9,2411.800000000001,5,508.96000000000004,2opt,acceptBad
71,9,2569.1600000000008,5,508.96000000000004,2opt,acceptBad
72,9,2445.0400000000004,5,508.96000000000004,move,improve
73,9,2774.6400000000003,5,508.96000000000004,swap,acceptBad
74,9,2787.2000000000003,5,508.96000000000004,swap,acceptBad
75,9,2862.680000000001,5,508.96000000000004,swap,acceptBad
76,9,2652.2000000000003,5,508.96000000000004,move,improve
77,9,2654.6800000000003,5,508.96000000000004,swap,acceptBad
78,9,2655.7200000000003,5,508.96000000000004,swap,acceptBad
79,9,2552.4800000000005,5,508.96000000000004,move,improve
80,9,2412.040000000001,5,508.96000000000004,2opt,improve
81,9,2243.7600000000007,5,508.96000000000004,move,improve
82,9,2279.92,5,508.96000000000004,swap,acceptBad
83,9,2278.4400000000005,5,508.96000000000004,move,improve
84,10,3165.420000000001,5,508.96000000000004,2opt,acceptBad
85,10,2879.74,5,508.96000000000004,move,improve
86,10,2662.5200000000004,5,508.96000000000004,move,improve
87,11,4230.880000000001,5,508.96000000000004,2opt,acceptBad
88,12,6148.960000000002,5,508.96000000000004,2opt,acceptBad
89,12,5783.520000000002,5,508.96000000000004,move,improve
90,12,5766.880000000002,5,508.96000000000004,swap,improve
91,12,5726.3600000000015,5,508.96000000000004,swap,improve
92,13,6732.040000000002,5,508.96000000000004,2opt,acceptBad
93,14,7362.520000000001,5,508.96000000000004,2opt,acceptBad
94,14,7309.559999999998,5,508.96000000000004,2opt,improve
95,14,7483.219999999996,5,508.96000000000004,swap,acceptBad
96,14,7734.139999999999,5,508.96000000000004,2opt,acceptBad
97,14,7191.199999999998,5,508.96000000000004,move,improve
98,13,5791.319999999999,5,508.96000000000004,move,improve
99,13,5751.839999999999,5,508.96000000000004,2opt,improve
100,13,5738.960000000001,5,508.96000000000004,swap,improve
101,13,5738.960000000001,5,508.96000000000004,move,improve
102,13,6203.04,5,508.96000000000004,swap,acceptBad
103,13,6203.04,5,508.96000000000004,2opt,improve
104,13,6006.28,5,508.96000000000004,swap,improve
105,13,5999.6,5,508.96000000000004,swap,improve
106,12,5100.02,5,508.96000000000004,2opt,improve
107,12,5126.900000000001,5,508.96000000000004,2opt,acceptBad
108,12,4619.900000000001,5,508.96000000000004,move,improve
109,12,4597.1,5,508.96000000000004,swap,improve
110,13,6433.720000000003,5,508.96000000000004,2opt,acceptBad
111,13,6172.12,5,508.96000000000004,move,improve
112,13,5710.92,5,508.96000000000004,move,improve
113,13,5456.720000000001,5,508.96000000000004,move,improve
114,13,5456.720000000001,5,508.96000000000004,move,improve
115,13,4959.52,5,508.96000000000004,move,improve
116,13,4946.880000000001,5,508.96000000000004,swap,improve
117,13,4951.360000000001,5,508.96000000000004,2opt,acceptBad
118,13,4901.120000000001,5,508.96000000000004,2opt,improve
119,13,4902.0,5,508.96000000000004,swap,acceptBad
120,13,4861.48,5,508.96000000000004,2opt,improve
121,13,6139.439999999999,5,508.96000000000004,swap,acceptBad
122,13,6112.480000000002,5,508.96000000000004,2opt,improve
123,13,5846.480000000001,5,508.96000000000004,move,improve
124,13,4848.440000000001,5,508.96000000000004,move,improve
125,13,4761.000000000002,5,508.96000000000004,2opt,improve
126,13,4764.040000000001,5,508.96000000000004,swap,acceptBad
127,13,4564.840000000001,5,508.96000000000004,2opt,improve
128,13,3987.2,5,508.96000000000004,move,improve
129,13,3987.2,5,508.96000000000004,move,improve
130,13,3987.2,5,508.96000000000004,move,improve
131,13,3987.2,5,508.96000000000004,move,improve
132,13,3966.4800000000005,5,508.96000000000004,move,improve
133,13,3965.28,5,508.96000000000004,move,improve
134,13,3582.6799999999994,5,508.96000000000004,move,improve
135,13,3554.6799999999994,5,508.96000000000004,move,improve
136,13,3515.159999999999,5,508.96000000000004,swap,improve
137,13,3666.119999999999,5,508.96000000000004,swap,acceptBad
138,13,4014.8399999999992,5,508.96000000000004,move,acceptBad
139,13,3991.5599999999995,5,508.96000000000004,move,improve
140,13,3932.3999999999996,5,508.96000000000004,move,improve
141,13,4134.800000000001,5,508.96000000000004,swap,acceptBad
142,13,4105.08,5,508.96000000000004,move,improve
143,13,4105.08,5,508.96000000000004,move,improve
144,13,4097.640000000001,5,508.96000000000004,2opt,improve
145,13,4011.2400000000002,5,508.96000000000004,swap,improve
146,13,3848.28,5,508.96000000000004,swap,improve
147,13,3848.28,5,508.96000000000004,move,improve
148,13,4089.6400000000003,5,508.96000000000004,2opt,acceptBad
149,13,3978.3599999999997,5,508.96000000000004,2opt,improve
150,13,4074.76,5,508.96000000000004,2opt,acceptBad
151,13,4020.4800000000014,5,508.96000000000004,2opt,improve
152,13,4018.3999999999996,5,508.96000000000004,2opt,improve
153,13,4028.8399999999997,5,508.96000000000004,swap,acceptBad
154,13,3685.399999999999,5,508.96000000000004,move,improve
155,13,3742.8799999999997,5,508.96000000000004,2opt,acceptBad
156,13,3868.7200000000003,5,508.96000000000004,swap,acceptBad
157,13,3748.960000000001,5,508.96000000000004,swap,improve
158,13,4652.52,5,508.96000000000004,2opt,acceptBad
159,12,4278.980000000001,5,508.96000000000004,2opt,improve
160,12,4025.0200000000004,5,508.96000000000004,move,improve
161,12,3951.4400000000005,5,508.96000000000004,move,improve
162,12,3828.920000000001,5,508.96000000000004,move,improve
163,12,3812.380000000001,5,508.96000000000004,move,improve
164,12,3621.14,5,508.96000000000004,move,improve
165,12,3644.3,5,508.96000000000004,swap,acceptBad
166,12,3654.26,5,508.96000000000004,swap,acceptBad
167,12,3654.26,5,508.96000000000004,2opt,improve
168,12,3640.62,5,508.96000000000004,move,improve
169,12,3654.3199999999997,5,508.96000000000004,2opt,acceptBad
170,12,3675.88,5,508.96000000000004,swap,acceptBad
171,12,3639.5599999999995,5,508.96000000000004,swap,improve
172,12,3648.98,5,508.96000000000004,2opt,acceptBad
173,12,3393.2599999999993,5,508.96000000000004,move,improve
174,12,3391.1799999999994,5,508.96000000000004,swap,improve
175,12,3393.8999999999996,5,508.96000000000004,swap,acceptBad
176,12,3393.8999999999996,5,508.96000000000004,2opt,improve
177,12,3401.38,5,508.96000000000004,swap,acceptBad
178,12,3401.38,5,508.96000000000004,move,improve
179,12,3400.899999999999,5,508.96000000000004,2opt,improve
180,12,3199.2199999999993,5,508.96000000000004,move,improve
181,12,3514.159999999999,5,508.96000000000004,2opt,acceptBad
182,12,3649.6799999999994,5,508.96000000000004,2opt,acceptBad
183,12,3537.46,5,508.96000000000004,move,improve
184,12,3537.46,5,508.96000000000004,move,improve
185,12,3502.86,5,508.96000000000004,swap,improve
186,12,3433.18,5,508.96000000000004,2opt,improve
187,13,4567.279999999999,5,508.96000000000004,2opt,acceptBad
188,13,4569.68,5,508.96000000000004,swap,acceptBad
189,13,4569.68,5,508.96000000000004,move,improve
190,13,5139.24,5,508.96000000000004,2opt,acceptBad
191,13,5536.960000000001,5,508.96000000000004,2opt,acceptBad
192,13,4674.16,5,508.96000000000004,move,improve
193,13,4372.239999999999,5,508.96000000000004,move,improve
194,13,4372.239999999999,5,508.96000000000004,move,improve
195,13,4275.719999999999,5,508.96000000000004,2opt,improve
196,13,4275.719999999999,5,508.96000000000004,2opt,improve
197,13,4275.719999999999,5,508.96000000000004,move,improve
198,13,3995.6799999999994,5,508.96000000000004,move,improve
199,13,4027.9999999999995,5,508.96000000000004,swap,acceptBad
200,13,4035.7599999999993,5,508.96000000000004,swap,acceptBad
201,13,4033.279999999999,5,508.96000000000004,move,improve
202,13,4020.5999999999995,5,508.96000000000004,2opt,improve
203,14,5258.599999999999,5,508.96000000000004,2opt,acceptBad
204,14,5866.2,5,508.96000000000004,2opt,acceptBad
205,14,5876.36,5,508.96000000000004,2opt,acceptBad
206,14,5921.04,5,508.96000000000004,swap,acceptBad
207,14,5989.0,5,508.96000000000004,swap,acceptBad
208,14,6190.559999999999,5,508.96000000000004,2opt,acceptBad
209,14,6243.579999999998,5,508.96000000000004,swap,acceptBad
210,14,6586.64,5,508.96000000000004,swap,acceptBad
211,15,7327.239999999999,5,508.96000000000004,2opt,acceptBad
212,15,7327.239999999999,5,508.96000000000004,move,improve
213,15,7347.719999999998,5,508.96000000000004,swap,acceptBad
214,15,7347.719999999998,5,508.96000000000004,2opt,improve
215,15,7425.400000000001,5,508.96000000000004,2opt,acceptBad
216,15,7432.44,5,508.96000000000004,2opt,acceptBad
217,15,7192.039999999999,5,508.96000000000004,swap,improve
218,15,7192.039999999999,5,508.96000000000004,move,improve
219,15,7251.36,5,508.96000000000004,swap,acceptBad
220,15,7251.36,5,508.96000000000004,move,improve
221,15,7210.400000000001,5,508.96000000000004,swap,improve
222,14,5936.779999999999,5,508.96000000000004,2opt,improve
223,14,5832.939999999999,5,508.96000000000004,move,improve
224,14,6004.639999999999,5,508.96000000000004,2opt,acceptBad
225,14,5483.639999999999,5,508.96000000000004,swap,improve
226,14,5506.919999999999,5,508.96000000000004,2opt,acceptBad
227,14,5763.619999999999,5,508.96000000000004,swap,acceptBad
228,14,5681.200000000002,5,508.96000000000004,move,improve
229,14,5481.460000000002,5,508.96000000000004,2opt,improve
230,14,5618.800000000001,5,508.96000000000004,swap,acceptBad
231,14,5618.800000000001,5,508.96000000000004,move,improve
232,14,5522.039999999999,5,508.96000000000004,2opt,improve
233,14,5548.519999999999,5,508.96000000000004,swap,acceptBad
234,14,5022.02,5,508.96000000000004,2opt,improve
235,14,4582.320000000001,5,508.96000000000004,move,improve
236,14,4590.82,5,508.96000000000004,swap,acceptBad
237,14,4315.86,5,508.96000000000004,move,improve
238,14,3943.439999999999,5,508.96000000000004,2opt,improve
239,14,3932.0199999999995,5,508.96000000000004,swap,improve
240,14,3924.659999999999,5,508.96000000000004,move,improve
241,14,4559.039999999999,5,508.96000000000004,swap,acceptBad
242,14,3972.3399999999997,5,508.96000000000004,move,improve
243,14,4308.32,5,508.96000000000004,2opt,acceptBad
244,14,4215.320000000001,5,508.96000000000004,swap,improve
245,14,4385.38,5,508.96000000000004,swap,acceptBad
246,14,4348.58,5,508.96000000000004,swap,improve
247,14,4348.02,5,508.96000000000004,swap,improve
248,14,4328.0999999999985,5,508.96000000000004,2opt,improve
249,14,4108.479999999999,5,508.96000000000004,move,improve
250,14,4177.7,5,508.96000000000004,2opt,acceptBad
251,14,4182.5,5,508.96000000000004,2opt,acceptBad
252,15,5692.919999999998,5,508.96000000000004,2opt,acceptBad
253,15,5449.199999999999,5,508.96000000000004,move,improve
254,15,5886.279999999999,5,508.96000000000004,2opt,acceptBad
255,15,5902.599999999999,5,508.96000000000004,swap,acceptBad
256,15,5535.640000000001,5,508.96000000000004,move,improve
257,15,5565.160000000002,5,508.96000000000004,2opt,acceptBad
258,15,5580.600000000001,5,508.96000000000004,swap,acceptBad
259,15,5565.400000000001,5,508.96000000000004,swap,improve
260,15,5935.200000000001,5,508.96000000000004,2opt,acceptBad
261,15,5747.919999999998,5,508.96000000000004,move,improve
262,15,5821.919999999998,5,508.96000000000004,2opt,acceptBad
263,15,6388.159999999998,5,508.96000000000004,swap,acceptBad
264,15,6389.28,5,508.96000000000004,2opt,acceptBad
265,15,6489.599999999999,5,508.96000000000004,2opt,acceptBad
266,15,5754.16,5,508.96000000000004,move,improve
267,15,5476.5599999999995,5,508.96000000000004,move,improve
268,15,5906.92,5,508.96000000000004,2opt,acceptBad
269,15,5906.92,5,508.96000000000004,move,improve
270,15,6166.160000000002,5,508.96000000000004,swap,acceptBad
271,15,6167.280000000001,5,508.96000000000004,2opt,acceptBad
272,15,5843.199999999999,5,508.96000000000004,move,improve
273,15,6553.640000000003,5,508.96000000000004,2opt,acceptBad
274,15,6540.04,5,508.96000000000004,2opt,improve
275,15,6564.599999999999,5,508.96000000000004,swap,acceptBad
276,15,7144.280000000002,5,508.96000000000004,2opt,acceptBad
277,15,7141.160000000002,5,508.96000000000004,move,improve
278,15,7178.3600000000015,5,508.96000000000004,2opt,acceptBad
279,15,6364.400000000002,5,508.96000000000004,move,improve
280,15,6734.800000000001,5,508.96000000000004,2opt,acceptBad
281,15,6599.519999999999,5,508.96000000000004,move,improve
282,15,6567.959999999999,5,508.96000000000004,swap,improve
283,15,6791.439999999999,5,508.96000000000004,2opt,acceptBad
284,15,6943.240000000001,5,508.96000000000004,2opt,acceptBad
285,15,6944.52,5,508.96000000000004,2opt,acceptBad
286,15,6575.2400000000025,5,508.96000000000004,swap,improve
287,15,6573.400000000002,5,508.96000000000004,move,improve
288,15,5889.560000000001,5,508.96000000000004,2opt,improve
289,15,5754.68,5,508.96000000000004,move,improve
290,15,5219.360000000001,5,508.96000000000004,move,improve
291,15,5012.68,5,508.96000000000004,move,improve
292,15,4663.5199999999995,5,508.96000000000004,2opt,improve
293,15,4663.5199999999995,5,508.96000000000004,move,improve
294,14,3768.1399999999994,5,508.96000000000004,move,improve
295,14,3768.1399999999994,5,508.96000000000004,move,improve
296,14,4129.02,5,508.96000000000004,2opt,acceptBad
297,14,4132.86,5,508.96000000000004,2opt,acceptBad
298,14,3803.860000000001,5,508.96000000000004,move,improve
299,14,3803.860000000001,5,508.96000000000004,move,improve
300,14,3776.0200000000013,5,508.96000000000004,move,improve
301,14,3760.260000000001,5,508.96000000000004,2opt,improve
302,14,3509.1600000000008,5,508.96000000000004,move,improve
303,14,3509.1600000000008,5,508.96000000000004,move,improve
304,14,3519.4000000000005,5,508.96000000000004,2opt,acceptBad
305,14,3962.4200000000014,5,508.96000000000004,2opt,acceptBad
306,14,3749.540000000001,5,508.96000000000004,move,improve
307,14,3749.540000000001,5,508.96000000000004,move,improve
308,15,4753.920000000001,5,508.96000000000004,2opt,acceptBad
309,15,4771.480000000001,5,508.96000000000004,swap,acceptBad
310,15,4809.480000000001,5,508.96000000000004,2opt,acceptBad
311,15,5620.4000000000015,5,508.96000000000004,2opt,acceptBad
312,15,5618.4800000000005,5,508.96000000000004,swap,improve
313,15,5761.840000000001,5,508.96000000000004,2opt,acceptBad
314,15,5150.520000000002,5,508.96000000000004,move,improve
315,15,5053.4000000000015,5,508.96000000000004,2opt,improve
316,15,5111.799999999999,5,508.96000000000004,2opt,acceptBad
317,15,5614.879999999999,5,508.96000000000004,swap,acceptBad
318,15,5624.799999999999,5,508.96000000000004,swap,acceptBad
319,15,5274.400000000001,5,508.96000000000004,swap,improve
320,15,5274.400000000001,5,508.96000000000004,move,improve
321,15,4952.4400000000005,5,508.96000000000004,move,improve
322,15,4953.720000000001,5,508.96000000000004,swap,acceptBad
323,15,4991.84,5,508.96000000000004,2opt,acceptBad
324,15,4988.960000000001,5,508.96000000000004,2opt,improve
325,15,4889.640000000001,5,508.96000000000004,swap,improve
326,15,4861.880000000002,5,508.96000000000004,swap,improve
327,15,4861.720000000003,5,508.96000000000004,2opt,improve
328,15,4848.640000000002,5,508.96000000000004,swap,improve
329,15,4848.640000000002,5,508.96000000000004,move,improve
330,15,4832.800000000002,5,508.96000000000004,swap,improve
331,15,4836.400000000002,5,508.96000000000004,swap,acceptBad
332,15,4870.920000000002,5,508.96000000000004,swap,acceptBad
333,15,4941.160000000002,5,508.96000000000004,swap,acceptBad
334,15,4941.160000000002,5,508.96000000000004,move,improve
335,15,4667.560000000001,5,508.96000000000004,move,improve
336,15,4423.560000000003,5,508.96000000000004,move,improve
337,15,4487.920000000002,5,508.96000000000004,swap,acceptBad
338,15,5057.240000000002,5,508.96000000000004,swap,acceptBad
339,15,5071.4400000000005,5,508.96000000000004,2opt,acceptBad
340,15,4693.720000000001,5,508.96000000000004,move,improve
341,15,4692.440000000001,5,508.96000000000004,swap,improve
342,15,4671.760000000002,5,508.96000000000004,swap,improve
343,15,4648.880000000002,5,508.96000000000004,swap,improve
344,15,4204.400000000002,5,508.96000000000004,move,improve
345,15,5420.3200000000015,5,508.96000000000004,2opt,acceptBad
346,15,5423.520000000001,5,508.96000000000004,2opt,acceptBad
347,15,5011.840000000001,5,508.96000000000004,move,improve
348,14,4542.320000000001,5,508.96000000000004,2opt,improve
349,14,4244.139999999999,5,508.96000000000004,move,improve
350,14,4052.3400000000006,5,508.96000000000004,swap,improve
351,14,5036.520000000001,5,508.96000000000004,2opt,acceptBad
352,14,5081.3200000000015,5,508.96000000000004,swap,acceptBad
353,14,5084.840000000002,5,508.96000000000004,swap,acceptBad
354,14,5071.740000000002,5,508.96000000000004,swap,improve
355,14,5076.380000000001,5,508.96000000000004,move,acceptBad
356,14,5041.160000000002,5,508.96000000000004,swap,improve
357,13,4597.68,5,508.96000000000004,2opt,improve
358,13,4559.0,5,508.96000000000004,move,improve
359,13,4619.16,5,508.96000000000004,2opt,acceptBad
360,14,5688.960000000001,5,508.96000000000004,2opt,acceptBad
361,14,5877.880000000002,5,508.96000000000004,swap,acceptBad
362,14,5856.680000000002,5,508.96000000000004,swap,improve
363,14,5656.120000000001,5,508.96000000000004,swap,improve
364,14,5011.66,5,508.96000000000004,move,improve
365,14,5011.66,5,508.96000000000004,move,improve
366,14,5940.42,5,508.96000000000004,swap,acceptBad
367,14,5854.88,5,508.96000000000004,2opt,improve
368,14,5912.6,5,508.96000000000004,swap,acceptBad
369,14,5877.74,5,508.96000000000004,swap,improve
370,14,5457.040000000002,5,508.96000000000004,swap,improve
371,14,5483.76,5,508.96000000000004,swap,acceptBad
372,14,5504.060000000001,5,508.96000000000004,swap,acceptBad
373,14,5433.759999999999,5,508.96000000000004,swap,improve
374,14,5465.5599999999995,5,508.96000000000004,2opt,acceptBad
375,14,5536.180000000001,5,508.96000000000004,swap,acceptBad
376,14,5747.879999999999,5,508.96000000000004,swap,acceptBad
377,14,5451.179999999999,5,508.96000000000004,move,improve
378,14,5451.179999999999,5,508.96000000000004,move,improve
379,14,5212.739999999999,5,508.96000000000004,move,improve
380,14,5179.06,5,508.96000000000004,move,improve
381,14,5158.639999999999,5,508.96000000000004,move,improve
382,14,5512.54,5,508.96000000000004,swap,acceptBad
383,14,6292.679999999999,5,508.96000000000004,2opt,acceptBad
384,14,6346.319999999999,5,508.96000000000004,swap,acceptBad
385,14,5866.579999999999,5,508.96000000000004,move,improve
386,14,5827.059999999998,5,508.96000000000004,2opt,improve
387,14,5841.859999999998,5,508.96000000000004,swap,acceptBad
388,14,5860.94,5,508.96000000000004,2opt,acceptBad
389,14,5487.84,5,508.96000000000004,move,improve
390,14,5164.319999999999,5,508.96000000000004,move,improve
391,14,5060.519999999999,5,508.96000000000004,move,improve
392,14,5060.519999999999,5,508.96000000000004,move,improve
393,14,6046.760000000002,5,508.96000000000004,2opt,acceptBad
394,14,5967.660000000001,5,508.96000000000004,move,improve
395,14,5509.700000000002,5,508.96000000000004,move,improve
396,14,5164.260000000002,5,508.96000000000004,move,improve
397,14,5149.780000000001,5,508.96000000000004,2opt,improve
398,14,4850.5199999999995,5,508.96000000000004,move,improve
399,14,4883.5599999999995,5,508.96000000000004,swap,acceptBad
400,14,4883.5599999999995,5,508.96000000000004,move,improve
401,14,4883.5599999999995,5,508.96000000000004,move,improve
402,14,4945.14,5,508.96000000000004,swap,acceptBad
403,14,4931.88,5,508.96000000000004,swap,improve
404,14,4906.660000000002,5,508.96000000000004,swap,improve
405,14,4884.420000000002,5,508.96000000000004,move,improve
406,14,4728.600000000001,5,508.96000000000004,move,improve
407,14,4776.1,5,508.96000000000004,2opt,acceptBad
408,14,4697.120000000001,5,508.96000000000004,move,improve
409,14,4706.000000000001,5,508.96000000000004,2opt,acceptBad
410,14,4889.140000000001,5,508.96000000000004,swap,acceptBad
411,14,4884.660000000002,5,508.96000000000004,move,improve
412,14,4899.9400000000005,5,508.96000000000004,2opt,acceptBad
413,14,5052.240000000001,5,508.96000000000004,2opt,acceptBad
414,14,5056.76,5,508.96000000000004,swap,acceptBad
415,14,5017.460000000002,5,508.96000000000004,2opt,improve
416,14,5014.060000000002,5,508.96000000000004,swap,improve
417,14,5447.980000000001,5,508.96000000000004,swap,acceptBad
418,14,5472.619999999999,5,508.96000000000004,2opt,acceptBad
419,14,5548.499999999999,5,508.96000000000004,swap,acceptBad
420,14,5151.219999999998,5,508.96000000000004,move,improve
421,14,5119.6799999999985,5,508.96000000000004,swap,improve
422,14,5116.819999999999,5,508.96000000000004,2opt,improve
423,14,5126.98,5,508.96000000000004,swap,acceptBad
424,14,5156.459999999999,5,508.96000000000004,2opt,acceptBad
425,14,5100.599999999999,5,508.96000000000004,swap,improve
426,14,6064.620000000001,5,508.96000000000004,swap,acceptBad
427,14,5449.0,5,508.96000000000004,move,improve
428,14,5456.919999999997,5,508.96000000000004,2opt,acceptBad
429,14,5416.119999999999,5,508.96000000000004,move,improve
430,14,5219.939999999999,5,508.96000000000004,move,improve
431,14,5974.639999999999,5,508.96000000000004,swap,acceptBad
432,14,5733.199999999999,5,508.96000000000004,2opt,improve
433,14,5733.199999999999,5,508.96000000000004,2opt,improve
434,14,5364.120000000001,5,508.96000000000004,swap,improve
435,14,5354.72,5,508.96000000000004,swap,improve
436,14,5354.72,5,508.96000000000004,2opt,improve
437,14,4753.98,5,508.96000000000004,move,improve
438,14,4726.28,5,508.96000000000004,swap,improve
439,14,4773.98,5,508.96000000000004,swap,acceptBad
440,14,4850.56,5,508.96000000000004,swap,acceptBad
441,14,4742.800000000001,5,508.96000000000004,move,improve
442,14,4739.52,5,508.96000000000004,move,improve
443,14,4522.160000000001,5,508.96000000000004,move,improve
444,14,4106.120000000001,5,508.96000000000004,move,improve
445,14,4106.200000000001,5,508.96000000000004,2opt,acceptBad
446,14,4110.88,5,508.96000000000004,swap,acceptBad
447,15,6074.24,5,508.96000000000004,2opt,acceptBad
448,15,6063.16,5,508.96000000000004,swap,improve
449,15,6044.68,5,508.96000000000004,2opt,improve
450,15,5081.240000000001,5,508.96000000000004,move,improve
451,15,4816.92,5,508.96000000000004,swap,improve
452,15,4811.959999999999,5,508.96000000000004,2opt,improve
453,15,4775.0,5,508.96000000000004,2opt,improve
454,15,4913.84,5,508.96000000000004,swap,acceptBad
455,15,4913.760000000001,5,508.96000000000004,2opt,improve
456,16,7142.4000000000015,5,508.96000000000004,2opt,acceptBad
457,16,7105.580000000002,5,508.96000000000004,swap,improve
458,16,7109.220000000002,5,508.96000000000004,2opt,acceptBad
459,16,7390.520000000001,5,508.96000000000004,2opt,acceptBad
460,16,7390.520000000001,5,508.96000000000004,2opt,improve
461,16,7472.780000000003,5,508.96000000000004,swap,acceptBad
462,16,8316.979999999998,5,508.96000000000004,swap,acceptBad
463,16,8306.82,5,508.96000000000004,2opt,improve
464,16,8300.699999999997,5,508.96000000000004,2opt,improve
465,16,8284.599999999999,5,508.96000000000004,2opt,improve
466,16,8252.619999999999,5,508.96000000000004,move,improve
467,17,9426.52,5,508.96000000000004,2opt,acceptBad
468,17,8948.48,5,508.96000000000004,move,improve
469,17,8967.839999999998,5,508.96000000000004,swap,acceptBad
470,17,8967.839999999998,5,508.96000000000004,2opt,improve
471,17,8147.040000000001,5,508.96000000000004,move,improve
472,17,7748.640000000001,5,508.96000000000004,move,improve
473,17,7681.3600000000015,5,508.96000000000004,move,improve
474,17,7711.4000000000015,5,508.96000000000004,swap,acceptBad
475,17,7690.200000000002,5,508.96000000000004,2opt,improve
476,17,7648.6,5,508.96000000000004,move,improve
477,17,7550.5999999999985,5,508.96000000000004,move,improve
478,17,7471.639999999997,5,508.96000000000004,move,improve
479,17,7471.639999999997,5,508.96000000000004,move,improve
480,17,7896.279999999997,5,508.96000000000004,2opt,acceptBad
481,17,8807.039999999997,5,508.96000000000004,2opt,acceptBad
482,17,8827.519999999999,5,508.96000000000004,2opt,acceptBad
483,17,9204.039999999999,5,508.96000000000004,2opt,acceptBad
484,17,8970.72,5,508.96000000000004,move,improve
485,17,9415.720000000003,5,508.96000000000004,2opt,acceptBad
486,17,9011.520000000002,5,508.96000000000004,move,improve
487,17,8744.880000000001,5,508.96000000000004,2opt,improve
488,17,8743.880000000001,5,508.96000000000004,swap,improve
489,17,8831.2,5,508.96000000000004,swap,acceptBad
490,17,8412.72,5,508.96000000000004,2opt,improve
491,17,8352.88,5,508.96000000000004,swap,improve
492,17,8403.48,5,508.96000000000004,swap,acceptBad
493,17,8352.88,5,508.96000000000004,swap,improve
494,17,7505.079999999999,5,508.96000000000004,move,improve
495,17,7491.759999999997,5,508.96000000000004,2opt,improve
496,17,7424.479999999997,5,508.96000000000004,move,improve
497,17,6739.039999999998,5,508.96000000000004,move,improve
498,17,6739.039999999998,5,508.96000000000004,move,improve
499,17,6865.119999999996,5,508.96000000000004,2opt,acceptBad
500,17,6876.239999999996,5,508.96000000000004,2opt,acceptBad
501,17,6526.639999999997,5,508.96000000000004,move,improve
502,17,6406.399999999998,5,508.96000000000004,2opt,improve
503,17,7563.719999999996,5,508.96000000000004,2opt,acceptBad
504,17,6632.8399999999965,5,508.96000000000004,move,improve
505,17,6702.04,5,508.96000000000004,swap,acceptBad
506,17,6731.4,5,508.96000000000004,swap,acceptBad
507,17,6776.92,5,508.96000000000004,swap,acceptBad
508,17,7967.320000000001,5,508.96000000000004,swap,acceptBad
509,17,8821.720000000001,5,508.96000000000004,2opt,acceptBad
510,17,8927.92,5,508.96000000000004,swap,acceptBad
511,17,8911.119999999999,5,508.96000000000004,swap,improve
512,17,8938.32,5,508.96000000000004,swap,acceptBad
513,17,8207.120000000006,5,508.96000000000004,swap,improve
514,17,8429.520000000004,5,508.96000000000004,2opt,acceptBad
515,17,7792.840000000002,5,508.96000000000004,move,improve
516,17,7745.960000000002,5,508.96000000000004,swap,improve
517,17,7464.040000000002,5,508.96000000000004,move,improve
518,17,7463.160000000002,5,508.96000000000004,2opt,improve
519,17,7463.160000000002,5,508.96000000000004,2opt,improve
520,17,8130.920000000004,5,508.96000000000004,2opt,acceptBad
521,17,8517.000000000004,5,508.96000000000004,swap,acceptBad
522,17,8521.320000000002,5,508.96000000000004,swap,acceptBad
523,16,6503.480000000001,5,508.96000000000004,move,improve
524,16,6463.060000000001,5,508.96000000000004,move,improve
525,16,7075.720000000003,5,508.96000000000004,swap,acceptBad
526,16,7142.6200000000035,5,508.96000000000004,swap,acceptBad
527,16,7059.440000000001,5,508.96000000000004,move,improve
528,16,7069.9400000000005,5,508.96000000000004,swap,acceptBad
529,16,7069.9400000000005,5,508.96000000000004,2opt,notBad
530,16,7735.460000000001,5,508.96000000000004,swap,acceptBad
531,16,7829.699999999999,5,508.96000000000004,2opt,acceptBad
532,16,7819.339999999999,5,508.96000000000004,swap,improve
533,16,6900.259999999999,5,508.96000000000004,move,improve
534,16,6918.259999999999,5,508.96000000000004,swap,acceptBad
535,16,6951.619999999997,5,508.96000000000004,swap,acceptBad
536,16,6933.519999999998,5,508.96000000000004,move,improve
537,16,6585.779999999998,5,508.96000000000004,move,improve
538,16,6593.619999999999,5,508.96000000000004,2opt,acceptBad
539,16,6593.619999999999,5,508.96000000000004,move,improve
540,16,6607.059999999999,5,508.96000000000004,swap,acceptBad
541,16,6428.879999999998,5,508.96000000000004,move,improve
542,16,6246.539999999999,5,508.96000000000004,move,improve
543,16,6246.539999999999,5,508.96000000000004,move,improve
544,16,5794.939999999997,5,508.96000000000004,move,improve
545,16,6341.559999999998,5,508.96000000000004,2opt,acceptBad
546,16,6282.359999999998,5,508.96000000000004,swap,improve
547,16,7214.660000000001,5,508.96000000000004,2opt,acceptBad
548,16,7458.400000000001,5,508.96000000000004,2opt,acceptBad
549,16,7395.8,5,508.96000000000004,swap,improve
550,16,7769.760000000001,5,508.96000000000004,2opt,acceptBad
551,16,6909.940000000001,5,508.96000000000004,move,improve
552,16,6242.020000000001,5,508.96000000000004,move,improve
553,16,6206.260000000001,5,508.96000000000004,swap,improve
554,16,6234.420000000001,5,508.96000000000004,2opt,acceptBad
555,16,5950.060000000001,5,508.96000000000004,move,improve
556,16,6002.100000000002,5,508.96000000000004,swap,acceptBad
557,16,6002.100000000002,5,508.96000000000004,move,improve
558,16,5996.7000000000035,5,508.96000000000004,swap,improve
559,16,6313.2,5,508.96000000000004,2opt,acceptBad
560,16,6629.2199999999975,5,508.96000000000004,2opt,acceptBad
561,16,6626.099999999998,5,508.96000000000004,swap,improve
562,16,6615.779999999999,5,508.96000000000004,swap,improve
563,16,6461.739999999998,5,508.96000000000004,move,improve
564,16,6596.320000000001,5,508.96000000000004,swap,acceptBad
565,16,6435.860000000001,5,508.96000000000004,move,improve
566,16,6443.1,5,508.96000000000004,2opt,acceptBad
567,16,6453.52,5,508.96000000000004,swap,acceptBad
568,16,6448.24,5,508.96000000000004,swap,improve
569,16,6637.400000000001,5,508.96000000000004,swap,acceptBad
570,16,6062.139999999999,5,508.96000000000004,2opt,improve
571,16,5987.140000000001,5,508.96000000000004,move,improve
572,16,5868.22,5,508.96000000000004,2opt,improve
573,16,6457.100000000001,5,508.96000000000004,swap,acceptBad
574,16,6457.100000000001,5,508.96000000000004,move,improve
575,16,6461.7400000000025,5,508.96000000000004,2opt,acceptBad
576,16,6903.100000000005,5,508.96000000000004,2opt,acceptBad
577,16,6487.120000000002,5,508.96000000000004,move,improve
578,16,7312.080000000002,5,508.96000000000004,2opt,acceptBad
579,16,7312.440000000002,5,508.96000000000004,swap,acceptBad
580,16,7312.440000000002,5,508.96000000000004,2opt,improve
581,16,6993.560000000001,5,508.96000000000004,move,improve
582,16,6999.180000000001,5,508.96000000000004,2opt,acceptBad
583,16,6961.720000000003,5,508.96000000000004,swap,improve
584,16,7007.400000000002,5,508.96000000000004,swap,acceptBad
585,16,6524.180000000002,5,508.96000000000004,swap,improve
586,16,6981.539999999997,5,508.96000000000004,2opt,acceptBad
587,16,8311.300000000001,5,508.96000000000004,swap,acceptBad
588,16,8314.26,5,508.96000000000004,2opt,acceptBad
589,16,8255.74,5,508.96000000000004,swap,improve
590,16,8255.86,5,508.96000000000004,swap,acceptBad
591,16,8175.960000000001,5,508.96000000000004,2opt,improve
592,16,8180.6,5,508.96000000000004,swap,acceptBad
593,16,8144.680000000001,5,508.96000000000004,2opt,improve
594,16,8084.540000000004,5,508.96000000000004,swap,improve
595,16,6955.080000000002,5,508.96000000000004,move,improve
596,16,6716.720000000003,5,508.96000000000004,swap,improve
597,16,6716.720000000003,5,508.96000000000004,move,improve
598,16,6614.520000000001,5,508.96000000000004,move,improve
599,16,6582.920000000001,5,508.96000000000004,swap,improve
600,16,6710.139999999999,5,508.96000000000004,swap,acceptBad
601,16,6899.859999999999,5,508.96000000000004,2opt,acceptBad
602,16,6885.139999999999,5,508.96000000000004,2opt,improve
603,16,7102.999999999998,5,508.96000000000004,2opt,acceptBad
604,16,7106.920000000001,5,508.96000000000004,2opt,acceptBad
605,16,6813.900000000002,5,508.96000000000004,move,improve
606,16,6988.700000000002,5,508.96000000000004,swap,acceptBad
607,16,8181.04,5,508.96000000000004,2opt,acceptBad
608,16,7769.859999999999,5,508.96000000000004,move,improve
609,16,7764.199999999999,5,508.96000000000004,swap,improve
610,16,7693.48,5,508.96000000000004,swap,improve
611,16,7716.679999999999,5,508.96000000000004,2opt,acceptBad
612,16,7716.5,5,508.96000000000004,swap,improve
613,17,9395.76,5,508.96000000000004,2opt,acceptBad
614,17,9222.36,5,508.96000000000004,swap,improve
615,17,8834.519999999999,5,508.96000000000004,move,improve
616,17,8822.2,5,508.96000000000004,2opt,improve
617,17,8262.2,5,508.96000000000004,move,improve
618,17,8240.360000000002,5,508.96000000000004,swap,improve
619,17,8217.160000000003,5,508.96000000000004,2opt,improve
620,17,8012.72,5,508.96000000000004,move,improve
621,17,8733.440000000002,5,508.96000000000004,swap,acceptBad
622,17,8755.520000000002,5,508.96000000000004,swap,acceptBad
623,17,8487.68,5,508.96000000000004,move,improve
624,17,8645.880000000003,5,508.96000000000004,2opt,acceptBad
625,17,8205.839999999997,5,508.96000000000004,move,improve
626,17,9983.839999999998,5,508.96000000000004,2opt,acceptBad
627,17,10280.48,5,508.96000000000004,2opt,acceptBad
628,17,10139.359999999999,5,508.96000000000004,move,improve
629,17,9534.76,5,508.96000000000004,move,improve
630,17,9534.76,5,508.96000000000004,move,improve
631,17,10319.48,5,508.96000000000004,2opt,acceptBad
632,17,9497.559999999998,5,508.96000000000004,move,improve
633,17,9406.32,5,508.96000000000004,2opt,improve
634,17,8593.599999999999,5,508.96000000000004,move,improve
635,17,8649.039999999997,5,508.96000000000004,2opt,acceptBad
636,17,8777.199999999999,5,508.96000000000004,swap,acceptBad
637,17,8778.080000000002,5,508.96000000000004,2opt,acceptBad
638,18,11205.69999999999,5,508.96000000000004,2opt,acceptBad
639,18,10884.739999999998,5,508.96000000000004,move,improve
640,18,10836.979999999998,5,508.96000000000004,swap,improve
641,18,10836.979999999998,5,508.96000000000004,2opt,improve
642,18,9952.899999999998,5,508.96000000000004,2opt,improve
643,18,10405.559999999998,5,508.96000000000004,swap,acceptBad
644,18,10424.6,5,508.96000000000004,2opt,acceptBad
645,18,10407.960000000001,5,508.96000000000004,swap,improve
646,18,10436.080000000007,5,508.96000000000004,2opt,acceptBad
647,18,10233.980000000009,5,508.96000000000004,move,improve
648,18,9266.180000000008,5,508.96000000000004,move,improve
649,18,9219.020000000004,5,508.96000000000004,2opt,improve
650,18,8529.679999999997,5,508.96000000000004,move,improve
651,18,8518.319999999996,5,508.96000000000004,swap,improve
652,18,8253.179999999997,5,508.96000000000004,move,improve
653,18,7932.959999999996,5,508.96000000000004,move,improve
654,18,7932.959999999996,5,508.96000000000004,move,improve
655,18,7720.839999999997,5,508.96000000000004,swap,improve
656,18,7720.839999999997,5,508.96000000000004,2opt,improve
657,18,9085.099999999999,5,508.96000000000004,swap,acceptBad
658,18,9215.699999999997,5,508.96000000000004,swap,acceptBad
659,18,9234.900000000001,5,508.96000000000004,2opt,acceptBad
660,18,9977.840000000002,5,508.96000000000004,2opt,acceptBad
661,18,10842.620000000003,5,508.96000000000004,swap,acceptBad
662,18,9886.94,5,508.96000000000004,move,improve
663,18,10372.640000000001,5,508.96000000000004,swap,acceptBad
664,18,11063.240000000002,5,508.96000000000004,swap,acceptBad
665,18,11113.640000000003,5,508.96000000000004,swap,acceptBad
666,18,11082.300000000005,5,508.96000000000004,swap,improve
667,18,10656.78,5,508.96000000000004,move,improve
668,17,9425.160000000002,5,508.96000000000004,2opt,improve
669,17,10080.199999999997,5,508.96000000000004,2opt,acceptBad
670,17,10115.199999999999,5,508.96000000000004,2opt,acceptBad
671,18,11357.52,5,508.96000000000004,2opt,acceptBad
672,18,10748.48,5,508.96000000000004,move,improve
673,18,10734.640000000001,5,508.96000000000004,swap,improve
674,18,10952.8,5,508.96000000000004,2opt,acceptBad
675,18,10862.699999999999,5,508.96000000000004,2opt,improve
676,18,11455.240000000003,5,508.96000000000004,2opt,acceptBad
677,18,11455.240000000003,5,508.96000000000004,2opt,improve
678,18,11326.84,5,508.96000000000004,2opt,improve
679,18,11435.520000000002,5,508.96000000000004,swap,acceptBad
680,18,11670.419999999998,5,508.96000000000004,2opt,acceptBad
681,18,11383.560000000001,5,508.96000000000004,move,improve
682,18,11639.860000000002,5,508.96000000000004,swap,acceptBad
683,18,11233.0,5,508.96000000000004,move,improve
684,17,10218.04,5,508.96000000000004,2opt,improve
685,17,9847.759999999998,5,508.96000000000004,move,improve
686,17,9848.719999999998,5,508.96000000000004,2opt,acceptBad
687,17,9845.200000000003,5,508.96000000000004,2opt,improve
688,17,9844.080000000004,5,508.96000000000004,2opt,improve
689,17,9848.16,5,508.96000000000004,2opt,acceptBad
690,17,9571.2,5,508.96000000000004,move,improve
691,17,9025.560000000001,5,508.96000000000004,2opt,improve
692,17,8667.400000000005,5,508.96000000000004,move,improve
693,17,8329.240000000003,5,508.96000000000004,move,improve
694,17,8272.120000000003,5,508.96000000000004,move,improve
695,17,9073.119999999995,5,508.96000000000004,2opt,acceptBad
696,17,10724.679999999995,5,508.96000000000004,swap,acceptBad
697,17,10830.64,5,508.96000000000004,2opt,acceptBad
698,17,10820.32,5,508.96000000000004,swap,improve
699,17,10261.319999999996,5,508.96000000000004,move,improve
700,17,10308.919999999998,5,508.96000000000004,swap,acceptBad
701,17,10474.880000000001,5,508.96000000000004,swap,acceptBad
702,17,9943.0,5,508.96000000000004,move,improve
703,17,9558.640000000005,5,508.96000000000004,move,improve
704,17,9033.360000000002,5,508.96000000000004,move,improve
705,17,8965.120000000003,5,508.96000000000004,move,improve
706,16,7634.040000000003,5,508.96000000000004,move,improve
707,16,7615.720000000003,5,508.96000000000004,swap,improve
708,16,7637.100000000002,5,508.96000000000004,swap,acceptBad
709,16,7634.120000000001,5,508.96000000000004,swap,improve
710,16,7633.820000000001,5,508.96000000000004,swap,improve
711,16,6985.579999999996,5,508.96000000000004,move,improve
712,16,6679.999999999998,5,508.96000000000004,move,improve
713,16,6653.359999999996,5,508.96000000000004,2opt,improve
714,16,6698.699999999997,5,508.96000000000004,swap,acceptBad
715,16,6698.319999999998,5,508.96000000000004,swap,improve
716,16,6712.02,5,508.96000000000004,swap,acceptBad
717,16,7132.459999999998,5,508.96000000000004,swap,acceptBad
718,16,7173.119999999999,5,508.96000000000004,swap,acceptBad
719,16,6526.860000000001,5,508.96000000000004,move,improve
720,16,6526.860000000001,5,508.96000000000004,move,improve
721,16,6526.860000000001,5,508.96000000000004,move,improve
722,16,6526.860000000001,5,508.96000000000004,move,improve
723,16,6886.360000000001,5,508.96000000000004,2opt,acceptBad
724,16,8048.759999999998,5,508.96000000000004,swap,acceptBad
725,16,7016.960000000002,5,508.96000000000004,move,improve
726,16,7020.4000000000015,5,508.96000000000004,2opt,acceptBad
727,16,6995.3600000000015,5,508.96000000000004,move,improve
728,16,7890.96,5,508.96000000000004,2opt,acceptBad
729,16,7380.58,5,508.96000000000004,move,improve
730,16,8566.019999999997,5,508.96000000000004,2opt,acceptBad
731,16,8585.399999999998,5,508.96000000000004,swap,acceptBad
732,16,8556.339999999998,5,508.96000000000004,2opt,improve
733,15,6490.600000000001,5,508.96000000000004,move,improve
734,15,6499.0,5,508.96000000000004,swap,acceptBad
735,16,7792.719999999999,5,508.96000000000004,2opt,acceptBad
736,16,7792.719999999999,5,508.96000000000004,move,improve
737,16,7848.38,5,508.96000000000004,swap,acceptBad
738,16,7848.38,5,508.96000000000004,move,improve
739,16,7826.7,5,508.96000000000004,swap,improve
740,16,7819.18,5,508.96000000000004,2opt,improve
741,16,7316.920000000001,5,508.96000000000004,swap,improve
742,16,7329.74,5,508.96000000000004,2opt,acceptBad
743,16,7171.98,5,508.96000000000004,swap,improve
744,16,6676.700000000001,5,508.96000000000004,move,improve
745,16,6764.740000000002,5,508.96000000000004,swap,acceptBad
746,16,6527.420000000003,5,508.96000000000004,move,improve
747,16,6945.600000000001,5,508.96000000000004,2opt,acceptBad
748,16,6873.100000000002,5,508.96000000000004,swap,improve
749,16,6873.100000000002,5,508.96000000000004,2opt,improve
750,16,6792.220000000002,5,508.96000000000004,swap,improve
751,16,6517.879999999998,5,508.96000000000004,2opt,improve
752,16,6199.740000000002,5,508.96000000000004,move,improve
753,16,5904.540000000002,5,508.96000000000004,move,improve
754,16,5836.040000000002,5,508.96000000000004,move,improve
755,16,5816.760000000002,5,508.96000000000004,2opt,improve
756,16,5816.760000000002,5,508.96000000000004,move,improve
757,16,5986.680000000001,5,508.96000000000004,2opt,acceptBad
758,16,5789.2800000000025,5,508.96000000000004,swap,improve
759,16,5778.880000000003,5,508.96000000000004,swap,improve
760,16,5778.880000000003,5,508.96000000000004,move,improve
761,16,5782.499999999999,5,508.96000000000004,2opt,acceptBad
762,16,5490.94,5,508.96000000000004,move,improve
763,16,5768.079999999996,5,508.96000000000004,2opt,acceptBad
764,16,5797.239999999998,5,508.96000000000004,swap,acceptBad
765,16,5619.879999999997,5,508.96000000000004,swap,improve
766,16,5619.2599999999975,5,508.96000000000004,swap,improve
767,16,5423.079999999998,5,508.96000000000004,move,improve
768,16,5433.7999999999965,5,508.96000000000004,2opt,acceptBad
769,16,5526.959999999998,5,508.96000000000004,swap,acceptBad
770,16,5588.099999999997,5,508.96000000000004,swap,acceptBad
771,16,6046.919999999997,5,508.96000000000004,2opt,acceptBad
772,16,6087.599999999998,5,508.96000000000004,swap,acceptBad
773,16,6369.139999999998,5,508.96000000000004,swap,acceptBad
774,16,7215.359999999996,5,508.96000000000004,2opt,acceptBad
775,16,7218.579999999996,5,508.96000000000004,swap,acceptBad
776,16,7183.879999999998,5,508.96000000000004,swap,improve
777,15,6090.4,5,508.96000000000004,move,improve
778,15,6076.719999999999,5,508.96000000000004,2opt,improve
779,15,6073.120000000001,5,508.96000000000004,2opt,improve
780,16,8144.360000000002,5,508.96000000000004,2opt,acceptBad
781,15,7316.560000000002,5,508.96000000000004,2opt,improve
782,15,7943.400000000003,5,508.96000000000004,swap,acceptBad
783,15,8147.920000000002,5,508.96000000000004,2opt,acceptBad
784,15,8258.679999999998,5,508.96000000000004,swap,acceptBad
785,15,8771.640000000001,5,508.96000000000004,swap,acceptBad
786,15,8978.759999999998,5,508.96000000000004,2opt,acceptBad
787,15,8962.319999999998,5,508.96000000000004,swap,improve
788,15,8331.439999999997,5,508.96000000000004,move,improve
789,15,7972.919999999996,5,508.96000000000004,move,improve
790,15,7479.399999999997,5,508.96000000000004,move,improve
791,16,7896.139999999998,5,508.96000000000004,2opt,acceptBad
792,16,8098.38,5,508.96000000000004,2opt,acceptBad
793,16,8374.78,5,508.96000000000004,swap,acceptBad
794,16,8053.919999999998,5,508.96000000000004,move,improve
795,16,8054.239999999999,5,508.96000000000004,2opt,acceptBad
796,16,7698.579999999998,5,508.96000000000004,move,improve
797,16,7382.3399999999965,5,508.96000000000004,move,improve
798,16,7111.4,5,508.96000000000004,move,improve
799,16,7122.080000000002,5,508.96000000000004,swap,acceptBad
800,16,7033.120000000002,5,508.96000000000004,swap,improve
801,16,6891.6,5,508.96000000000004,move,improve
802,16,7566.379999999998,5,508.96000000000004,2opt,acceptBad
803,16,7699.119999999999,5,508.96000000000004,swap,acceptBad
804,16,7713.459999999997,5,508.96000000000004,swap,acceptBad
805,16,7368.199999999997,5,508.96000000000004,move,improve
806,16,6996.119999999999,5,508.96000000000004,move,improve
807,16,6936.759999999998,5,508.96000000000004,2opt,improve
808,16,6912.36,5,508.96000000000004,2opt,improve
809,16,7315.039999999998,5,508.96000000000004,swap,acceptBad
810,16,7274.479999999998,5,508.96000000000004,swap,improve
811,16,7347.299999999998,5,508.96000000000004,swap,acceptBad
812,16,7271.880000000001,5,508.96000000000004,2opt,improve
813,16,7607.48,5,508.96000000000004,swap,acceptBad
814,16,7434.420000000002,5,508.96000000000004,swap,improve
815,16,7510.300000000003,5,508.96000000000004,2opt,acceptBad
816,16,7023.040000000002,5,508.96000000000004,move,improve
817,16,7023.040000000002,5,508.96000000000004,move,improve
818,16,6969.299999999999,5,508.96000000000004,2opt,improve
819,16,6795.259999999998,5,508.96000000000004,move,improve
820,16,7816.260000000002,5,508.96000000000004,2opt,acceptBad
821,16,7884.620000000003,5,508.96000000000004,swap,acceptBad
822,16,7268.420000000002,5,508.96000000000004,move,improve
823,16,7310.180000000002,5,508.96000000000004,2opt,acceptBad
824,16,7292.160000000002,5,508.96000000000004,swap,improve
825,16,6958.960000000002,5,508.96000000000004,move,improve
826,16,6630.400000000001,5,508.96000000000004,move,improve
827,16,6601.78,5,508.96000000000004,swap,improve
828,16,7690.620000000002,5,508.96000000000004,2opt,acceptBad
829,16,7657.980000000001,5,508.96000000000004,swap,improve
830,16,7596.26,5,508.96000000000004,swap,improve
831,16,7806.320000000001,5,508.96000000000004,swap,acceptBad
832,16,7290.279999999999,5,508.96000000000004,move,improve
833,16,7070.360000000001,5,508.96000000000004,move,improve
834,16,7349.900000000002,5,508.96000000000004,2opt,acceptBad
835,16,7400.560000000002,5,508.96000000000004,swap,acceptBad
836,16,7385.200000000003,5,508.96000000000004,swap,improve
837,16,7377.520000000002,5,508.96000000000004,swap,improve
838,16,7378.160000000003,5,508.96000000000004,2opt,acceptBad
839,16,7366.560000000003,5,508.96000000000004,2opt,improve
840,16,7310.280000000001,5,508.96000000000004,swap,improve
841,16,6612.499999999997,5,508.96000000000004,move,improve
842,16,6612.499999999997,5,508.96000000000004,move,improve
843,16,7143.539999999997,5,508.96000000000004,2opt,acceptBad
844,16,6831.959999999996,5,508.96000000000004,move,improve
845,16,6800.6799999999985,5,508.96000000000004,2opt,improve
846,16,7056.539999999999,5,508.96000000000004,2opt,acceptBad
847,16,6962.059999999996,5,508.96000000000004,move,improve
848,16,7542.539999999998,5,508.96000000000004,2opt,acceptBad
849,16,7566.759999999998,5,508.96000000000004,swap,acceptBad
850,16,6736.539999999998,5,508.96000000000004,move,improve
851,16,7509.32,5,508.96000000000004,swap,acceptBad
852,16,7564.159999999999,5,508.96000000000004,2opt,acceptBad
853,16,7349.379999999998,5,508.96000000000004,2opt,improve
854,16,7292.919999999996,5,508.96000000000004,move,improve
855,16,6926.339999999998,5,508.96000000000004,move,improve
856,16,7043.859999999997,5,508.96000000000004,swap,acceptBad
857,16,7048.519999999996,5,508.96000000000004,swap,acceptBad
858,16,6778.559999999997,5,508.96000000000004,swap,improve
859,16,6778.559999999997,5,508.96000000000004,move,improve
860,16,6876.699999999998,5,508.96000000000004,swap,acceptBad
861,16,6483.339999999999,5,508.96000000000004,move,improve
862,16,6499.639999999998,5,508.96000000000004,swap,acceptBad
863,16,6459.399999999998,5,508.96000000000004,swap,improve
864,16,6099.919999999999,5,508.96000000000004,move,improve
865,16,5936.32,5,508.96000000000004,move,improve
866,16,6474.819999999998,5,508.96000000000004,swap,acceptBad
867,16,5893.0599999999995,5,508.96000000000004,2opt,improve
868,16,5887.619999999999,5,508.96000000000004,2opt,improve
869,16,5887.619999999999,5,508.96000000000004,move,improve
870,16,5546.620000000002,5,508.96000000000004,move,improve
871,16,5766.340000000001,5,508.96000000000004,swap,acceptBad
872,16,5824.540000000001,5,508.96000000000004,2opt,acceptBad
873,16,5497.880000000003,5,508.96000000000004,move,improve
874,16,4916.8,5,508.96000000000004,swap,improve
875,16,4916.8,5,508.96000000000004,move,improve
876,16,4765.24,5,508.96000000000004,move,improve
877,16,5098.280000000001,5,508.96000000000004,2opt,acceptBad
878,16,5124.0999999999985,5,508.96000000000004,2opt,acceptBad
879,16,5124.1799999999985,5,508.96000000000004,swap,acceptBad
880,16,5124.1799999999985,5,508.96000000000004,2opt,notBad
881,16,5124.1799999999985,5,508.96000000000004,move,improve
882,16,5859.04,5,508.96000000000004,swap,acceptBad
883,16,5654.46,5,508.96000000000004,swap,improve
884,16,5709.360000000001,5,508.96000000000004,swap,acceptBad
885,16,5846.940000000001,5,508.96000000000004,2opt,acceptBad
886,16,5656.200000000002,5,508.96000000000004,move,improve
887,16,5652.779999999997,5,508.96000000000004,swap,improve
888,16,6092.939999999998,5,508.96000000000004,swap,acceptBad
889,16,6027.2199999999975,5,508.96000000000004,swap,improve
890,16,6098.939999999999,5,508.96000000000004,swap,acceptBad
891,16,6086.060000000001,5,508.96000000000004,2opt,improve
892,16,5509.120000000001,5,508.96000000000004,2opt,improve
893,16,5509.120000000001,5,508.96000000000004,2opt,improve
894,16,5538.9400000000005,5,508.96000000000004,2opt,acceptBad
895,16,5470.74,5,508.96000000000004,swap,improve
896,16,5566.459999999997,5,508.96000000000004,2opt,acceptBad
897,16,5143.26,5,508.96000000000004,move,improve
898,16,5152.7,5,508.96000000000004,swap,acceptBad
899,16,5152.7,5,508.96000000000004,move,improve
900,16,4832.700000000001,5,508.96000000000004,move,improve
901,16,4836.779999999999,5,508.96000000000004,2opt,acceptBad
902,16,4803.98,5,508.96000000000004,move,improve
903,16,4803.98,5,508.96000000000004,move,improve
904,16,4790.5999999999985,5,508.96000000000004,swap,improve
905,16,4735.219999999999,5,508.96000000000004,swap,improve
906,16,4690.5199999999995,5,508.96000000000004,2opt,improve
907,16,4692.299999999999,5,508.96000000000004,swap,acceptBad
908,16,4688.54,5,508.96000000000004,2opt,improve
909,16,4657.42,5,508.96000000000004,2opt,improve
910,16,4657.5,5,508.96000000000004,swap,acceptBad
911,16,4742.039999999999,5,508.96000000000004,2opt,acceptBad
912,16,4742.039999999999,5,508.96000000000004,move,improve
913,16,4583.5599999999995,5,508.96000000000004,move,improve
914,16,4537.959999999999,5,508.96000000000004,move,improve
915,16,4813.36,5,508.96000000000004,2opt,acceptBad
916,16,4808.26,5,508.96000000000004,swap,improve
917,16,6498.680000000001,5,508.96000000000004,swap,acceptBad
918,16,6559.040000000001,5,508.96000000000004,swap,acceptBad
919,16,6286.899999999998,5,508.96000000000004,move,improve
920,16,6290.199999999999,5,508.96000000000004,swap,acceptBad
921,16,6608.22,5,508.96000000000004,swap,acceptBad
922,16,6556.76,5,508.96000000000004,swap,improve
923,16,6239.200000000003,5,508.96000000000004,move,improve
924,16,6600.240000000003,5,508.96000000000004,2opt,acceptBad
925,16,6575.820000000003,5,508.96000000000004,2opt,improve
926,16,6599.660000000003,5,508.96000000000004,2opt,acceptBad
927,16,6352.02,5,508.96000000000004,move,improve
928,16,6341.939999999999,5,508.96000000000004,swap,improve
929,16,7045.680000000001,5,508.96000000000004,swap,acceptBad
930,16,7139.4800000000005,5,508.96000000000004,2opt,acceptBad
931,16,7139.4800000000005,5,508.96000000000004,move,improve
932,16,6927.299999999999,5,508.96000000000004,move,improve
933,16,6354.859999999999,5,508.96000000000004,move,improve
934,16,6094.119999999999,5,508.96000000000004,move,improve
935,16,6081.759999999998,5,508.96000000000004,swap,improve
936,16,6051.359999999998,5,508.96000000000004,swap,improve
937,16,6029.020000000001,5,508.96000000000004,swap,improve
938,16,6029.020000000001,5,508.96000000000004,2opt,notBad
939,16,6029.020000000001,5,508.96000000000004,move,improve
940,17,6277.4800000000005,5,508.96000000000004,2opt,acceptBad
941,17,6317.320000000001,5,508.96000000000004,swap,acceptBad
942,17,6218.239999999998,5,508.96000000000004,move,improve
943,17,6055.32,5,508.96000000000004,move,improve
944,17,6055.32,5,508.96000000000004,move,improve
945,17,6547.880000000001,5,508.96000000000004,2opt,acceptBad
946,17,6325.4400000000005,5,508.96000000000004,move,improve
947,17,6212.400000000001,5,508.96000000000004,move,improve
948,17,6188.56,5,508.96000000000004,move,improve
949,17,6185.12,5,508.96000000000004,swap,improve
950,17,6256.400000000001,5,508.96000000000004,2opt,acceptBad
951,17,6440.3200000000015,5,508.96000000000004,2opt,acceptBad
952,17,6444.3200000000015,5,508.96000000000004,swap,acceptBad
953,17,6383.119999999999,5,508.96000000000004,2opt,improve
954,17,6020.439999999998,5,508.96000000000004,2opt,improve
955,17,6020.439999999998,5,508.96000000000004,move,improve
956,17,6831.080000000002,5,508.96000000000004,swap,acceptBad
957,17,6823.719999999999,5,508.96000000000004,swap,improve
958,17,6674.879999999998,5,508.96000000000004,swap,improve
959,17,6295.999999999998,5,508.96000000000004,2opt,improve
960,17,6418.24,5,508.96000000000004,2opt,acceptBad
961,17,6418.24,5,508.96000000000004,move,improve
962,17,6356.24,5,508.96000000000004,move,improve
963,17,6623.12,5,508.96000000000004,2opt,acceptBad
964,17,6611.04,5,508.96000000000004,2opt,improve
965,17,6694.5599999999995,5,508.96000000000004,2opt,acceptBad
966,17,6709.76,5,508.96000000000004,2opt,acceptBad
967,17,6592.879999999999,5,508.96000000000004,move,improve
968,17,6431.599999999999,5,508.96000000000004,swap,improve
969,17,5973.439999999999,5,508.96000000000004,move,improve
970,17,6739.919999999999,5,508.96000000000004,swap,acceptBad
971,17,5958.919999999998,5,508.96000000000004,move,improve
972,17,5841.240000000001,5,508.96000000000004,2opt,improve
973,17,5853.880000000001,5,508.96000000000004,2opt,acceptBad
974,17,7028.92,5,508.96000000000004,2opt,acceptBad
975,17,7028.92,5,508.96000000000004,2opt,improve
976,17,6838.920000000001,5,508.96000000000004,move,improve
977,17,6757.999999999999,5,508.96000000000004,swap,improve
978,17,5854.5599999999995,5,508.96000000000004,move,improve
979,17,6904.840000000001,5,508.96000000000004,2opt,acceptBad
980,17,8545.559999999998,5,508.96000000000004,swap,acceptBad
981,17,10064.48,5,508.96000000000004,swap,acceptBad
982,17,9705.920000000004,5,508.96000000000004,move,improve
983,17,9142.12,5,508.96000000000004,move,improve
984,17,9098.040000000005,5,508.96000000000004,move,improve
985,17,10459.280000000006,5,508.96000000000004,2opt,acceptBad
986,17,10024.320000000005,5,508.96000000000004,move,improve
987,17,9255.280000000006,5,508.96000000000004,move,improve
988,17,9301.320000000002,5,508.96000000000004,swap,acceptBad
989,17,9515.040000000005,5,508.96000000000004,2opt,acceptBad
990,16,8875.700000000008,5,508.96000000000004,2opt,improve
991,16,8875.700000000008,5,508.96000000000004,move,improve
992,16,8947.840000000006,5,508.96000000000004,swap,acceptBad
993,16,8948.960000000005,5,508.96000000000004,swap,acceptBad
994,16,8939.820000000005,5,508.96000000000004,swap,improve
995,16,8361.720000000001,5,508.96000000000004,move,improve
996,16,8361.720000000001,5,508.96000000000004,2opt,notBad
997,16,8229.04,5,508.96000000000004,move,improve
998,15,6752.5199999999995,5,508.96000000000004,move,improve
999,15,6307.68,5,508.96000000000004,2opt,improve
1000,15,6298.239999999999,5,508.96000000000004,2opt,improve
1001,15,5859.5599999999995,5,508.96000000000004,move,improve
1002,15,5859.5599999999995,5,508.96000000000004,move,improve
1003,15,5859.5599999999995,5,508.96000000000004,2opt,notBad
1004,15,5826.159999999999,5,508.96000000000004,move,improve
1005,15,6128.199999999998,5,508.96000000000004,2opt,acceptBad
1006,15,5965.079999999998,5,508.96000000000004,move,improve
1007,15,5636.079999999998,5,508.96000000000004,move,improve
1008,15,5617.12,5,508.96000000000004,2opt,improve
1009,15,5491.2,5,508.96000000000004,swap,improve
1010,15,5460.88,5,508.96000000000004,swap,improve
1011,15,5260.0,5,508.96000000000004,move,improve
1012,15,5260.0,5,508.96000000000004,move,improve
1013,15,4816.16,5,508.96000000000004,move,improve
1014,15,4816.72,5,508.96000000000004,swap,acceptBad
1015,15,4816.72,5,508.96000000000004,move,improve
1016,15,5580.5999999999985,5,508.96000000000004,2opt,acceptBad
1017,15,4912.760000000002,5,508.96000000000004,2opt,improve
1018,15,4943.160000000002,5,508.96000000000004,swap,acceptBad
1019,15,4923.08,5,508.96000000000004,move,improve
1020,15,5306.6,5,508.96000000000004,swap,acceptBad
1021,15,4996.4400000000005,5,508.96000000000004,move,improve
1022,15,4344.5999999999985,5,508.96000000000004,move,improve
1023,15,4352.479999999998,5,508.96000000000004,swap,acceptBad
1024,15,4333.28,5,508.96000000000004,2opt,improve
1025,15,4317.44,5,508.96000000000004,2opt,improve
1026,15,4298.0,5,508.96000000000004,2opt,improve
1027,15,4293.08,5,508.96000000000004,swap,improve
1028,15,4330.12,5,508.96000000000004,swap,acceptBad
1029,15,4006.9199999999996,5,508.96000000000004,move,improve
1030,15,3930.4399999999996,5,508.96000000000004,move,improve
1031,15,4164.880000000001,5,508.96000000000004,2opt,acceptBad
1032,15,4602.12,5,508.96000000000004,2opt,acceptBad
1033,15,4410.92,5,508.96000000000004,move,improve
1034,15,4742.759999999999,5,508.96000000000004,2opt,acceptBad
1035,15,4705.040000000001,5,508.96000000000004,2opt,improve
1036,15,4705.040000000001,5,508.96000000000004,move,improve
1037,15,4798.88,5,508.96000000000004,swap,acceptBad
1038,15,4779.639999999999,5,508.96000000000004,swap,improve
1039,15,4785.4,5,508.96000000000004,swap,acceptBad
1040,15,4842.92,5,508.96000000000004,swap,acceptBad
1041,15,4842.92,5,508.96000000000004,move,improve
1042,15,4857.48,5,508.96000000000004,swap,acceptBad
1043,15,4512.439999999999,5,508.96000000000004,move,improve
1044,15,4512.519999999999,5,508.96000000000004,swap,acceptBad
1045,15,4308.599999999999,5,508.96000000000004,2opt,improve
1046,15,4300.759999999999,5,508.96000000000004,move,improve
1047,15,4226.4800000000005,5,508.96000000000004,2opt,improve
1048,15,5371.56,5,508.96000000000004,2opt,acceptBad
1049,15,6150.799999999999,5,508.96000000000004,swap,acceptBad
1050,15,6160.5599999999995,5,508.96000000000004,swap,acceptBad
1051,15,6273.319999999999,5,508.96000000000004,2opt,acceptBad
1052,15,6175.32,5,508.96000000000004,2opt,improve
1053,15,6534.92,5,508.96000000000004,2opt,acceptBad
1054,15,6892.76,5,508.96000000000004,2opt,acceptBad
1055,14,5162.540000000003,5,508.96000000000004,2opt,improve
1056,14,5114.220000000002,5,508.96000000000004,move,improve
1057,14,5086.220000000002,5,508.96000000000004,swap,improve
1058,14,5109.500000000002,5,508.96000000000004,swap,acceptBad
1059,14,5147.940000000002,5,508.96000000000004,2opt,acceptBad
1060,14,3932.26,5,508.96000000000004,move,improve
1061,14,3886.580000000001,5,508.96000000000004,2opt,improve
1062,14,3840.6600000000008,5,508.96000000000004,move,improve
1063,14,3840.6600000000008,5,508.96000000000004,move,improve
1064,14,3889.9399999999996,5,508.96000000000004,2opt,acceptBad
1065,14,3736.040000000001,5,508.96000000000004,move,improve
1066,14,3730.5200000000004,5,508.96000000000004,move,improve
1067,14,3751.04,5,508.96000000000004,swap,acceptBad
1068,14,3920.400000000001,5,508.96000000000004,2opt,acceptBad
1069,14,3887.440000000001,5,508.96000000000004,swap,improve
1070,14,3665.080000000001,5,508.96000000000004,move,improve
1071,14,3665.080000000001,5,508.96000000000004,2opt,notBad
1072,14,3697.88,5,508.96000000000004,2opt,acceptBad
1073,14,3697.88,5,508.96000000000004,move,improve
1074,14,3636.4,5,508.96000000000004,move,improve
1075,14,3839.5600000000004,5,508.96000000000004,2opt,acceptBad
1076,14,3696.8199999999997,5,508.96000000000004,move,improve
1077,14,4170.160000000001,5,508.96000000000004,2opt,acceptBad
1078,14,4777.82,5,508.96000000000004,swap,acceptBad
1079,14,4792.08,5,508.96000000000004,swap,acceptBad
1080,14,3983.8800000000006,5,508.96000000000004,move,improve
1081,14,3983.8800000000006,5,508.96000000000004,move,improve
1082,14,3841.58,5,508.96000000000004,move,improve
1083,14,3840.1600000000008,5,508.96000000000004,swap,improve
1084,14,4033.5400000000004,5,508.96000000000004,2opt,acceptBad
1085,14,4278.34,5,508.96000000000004,2opt,acceptBad
1086,14,4276.32,5,508.96000000000004,2opt,improve
1087,14,4245.52,5,508.96000000000004,move,improve
1088,14,4633.6,5,508.96000000000004,2opt,acceptBad
1089,14,4665.120000000001,5,508.96000000000004,2opt,acceptBad
1090,14,4663.160000000002,5,508.96000000000004,swap,improve
1091,14,4662.440000000001,5,508.96000000000004,swap,improve
1092,14,4523.120000000001,5,508.96000000000004,2opt,improve
1093,14,4523.120000000001,5,508.96000000000004,2opt,improve
1094,14,4653.200000000001,5,508.96000000000004,2opt,acceptBad
1095,14,4696.200000000002,5,508.96000000000004,swap,acceptBad
1096,14,4702.719999999999,5,508.96000000000004,2opt,acceptBad
1097,14,4707.659999999998,5,508.96000000000004,swap,acceptBad
1098,14,5931.420000000002,5,508.96000000000004,swap,acceptBad
1099,14,5929.100000000002,5,508.96000000000004,swap,improve
1100,14,4424.040000000001,5,508.96000000000004,2opt,improve
1101,14,4488.300000000001,5,508.96000000000004,swap,acceptBad
1102,14,4470.700000000001,5,508.96000000000004,2opt,improve
1103,14,4466.640000000001,5,508.96000000000004,swap,improve
1104,14,4466.640000000001,5,508.96000000000004,move,improve
1105,14,4060.8199999999997,5,508.96000000000004,move,improve
1106,14,3815.659999999999,5,508.96000000000004,move,improve
1107,14,4257.939999999999,5,508.96000000000004,swap,acceptBad
1108,14,4221.5,5,508.96000000000004,swap,improve
1109,14,4143.58,5,508.96000000000004,swap,improve
1110,14,4338.700000000001,5,508.96000000000004,swap,acceptBad
1111,14,4333.28,5,508.96000000000004,swap,improve
1112,14,3886.3599999999997,5,508.96000000000004,move,improve
1113,14,3891.0000000000005,5,508.96000000000004,swap,acceptBad
1114,14,3795.54,5,508.96000000000004,2opt,improve
1115,14,3537.0599999999995,5,508.96000000000004,move,improve
1116,14,4662.52,5,508.96000000000004,2opt,acceptBad
1117,14,4592.120000000001,5,508.96000000000004,swap,improve
1118,14,4589.0,5,508.96000000000004,2opt,improve
1119,14,4861.9400000000005,5,508.96000000000004,swap,acceptBad
1120,14,4861.9400000000005,5,508.96000000000004,2opt,notBad
1121,14,4944.780000000001,5,508.96000000000004,swap,acceptBad
1122,14,4938.060000000001,5,508.96000000000004,2opt,improve
1123,14,4936.220000000001,5,508.96000000000004,swap,improve
1124,14,4863.120000000003,5,508.96000000000004,move,improve
1125,14,4494.720000000001,5,508.96000000000004,move,improve
1126,14,4196.400000000001,5,508.96000000000004,move,improve
1127,14,4196.400000000001,5,508.96000000000004,move,improve
1128,14,4265.04,5,508.96000000000004,swap,acceptBad
1129,14,4260.24,5,508.96000000000004,swap,improve
1130,14,4260.24,5,508.96000000000004,move,improve
1131,14,4371.620000000001,5,508.96000000000004,swap,acceptBad
1132,14,4104.660000000001,5,508.96000000000004,move,improve
1133,14,4101.3,5,508.96000000000004,move,improve
1134,14,3967.6400000000003,5,508.96000000000004,move,improve
1135,14,4173.74,5,508.96000000000004,2opt,acceptBad
1136,14,4007.2199999999993,5,508.96000000000004,move,improve
1137,14,3845.0200000000004,5,508.96000000000004,move,improve
1138,14,3849.6600000000008,5,508.96000000000004,2opt,acceptBad
1139,14,3865.1800000000003,5,508.96000000000004,2opt,acceptBad
1140,14,3832.780000000001,5,508.96000000000004,move,improve
1141,14,3838.8,5,508.96000000000004,swap,acceptBad
1142,14,3905.540000000001,5,508.96000000000004,2opt,acceptBad
1143,14,4253.02,5,508.96000000000004,2opt,acceptBad
1144,14,4103.299999999999,5,508.96000000000004,2opt,improve
1145,14,4103.299999999999,5,508.96000000000004,2opt,notBad
1146,14,3666.699999999999,5,508.96000000000004,move,improve
1147,14,3696.379999999999,5,508.96000000000004,swap,acceptBad
1148,14,3696.379999999999,5,508.96000000000004,move,improve
1149,14,3702.619999999999,5,508.96000000000004,swap,acceptBad
1150,14,4337.019999999999,5,508.96000000000004,2opt,acceptBad
1151,14,3722.1399999999994,5,508.96000000000004,2opt,improve
1152,14,4655.14,5,508.96000000000004,2opt,acceptBad
1153,14,4631.9400000000005,5,508.96000000000004,move,improve
1154,14,5131.860000000001,5,508.96000000000004,2opt,acceptBad
1155,14,5144.78,5,508.96000000000004,swap,acceptBad
1156,14,5066.400000000001,5,508.96000000000004,swap,improve
1157,14,4815.460000000001,5,508.96000000000004,move,improve
1158,14,4830.4,5,508.96000000000004,swap,acceptBad
1159,14,4845.679999999999,5,508.96000000000004,2opt,acceptBad
1160,14,5138.080000000001,5,508.96000000000004,2opt,acceptBad
1161,14,4922.419999999999,5,508.96000000000004,2opt,improve
1162,14,4683.859999999999,5,508.96000000000004,move,improve
1163,14,4198.999999999999,5,508.96000000000004,move,improve
1164,14,4206.799999999999,5,508.96000000000004,swap,acceptBad
1165,14,4770.800000000001,5,508.96000000000004,2opt,acceptBad
1166,14,4252.099999999999,5,508.96000000000004,move,improve
1167,14,4251.86,5,508.96000000000004,swap,improve
1168,14,4814.400000000002,5,508.96000000000004,2opt,acceptBad
1169,14,4996.9800000000005,5,508.96000000000004,2opt,acceptBad
1170,14,4996.9800000000005,5,508.96000000000004,2opt,improve
1171,14,4683.98,5,508.96000000000004,2opt,improve
1172,14,4652.960000000001,5,508.96000000000004,2opt,improve
1173,14,4380.860000000001,5,508.96000000000004,move,improve
1174,14,3956.3200000000006,5,508.96000000000004,move,improve
1175,14,3928.5600000000004,5,508.96000000000004,move,improve
1176,14,3928.5600000000004,5,508.96000000000004,2opt,notBad
1177,14,3928.5600000000004,5,508.96000000000004,2opt,improve
1178,14,4998.839999999999,5,508.96000000000004,2opt,acceptBad
1179,14,4728.859999999999,5,508.96000000000004,move,improve
1180,14,4530.119999999999,5,508.96000000000004,swap,improve
1181,14,4558.02,5,508.96000000000004,swap,acceptBad
1182,14,5715.959999999999,5,508.96000000000004,2opt,acceptBad
1183,14,5661.339999999999,5,508.96000000000004,swap,improve
1184,14,6398.659999999999,5,508.96000000000004,swap,acceptBad
1185,14,6565.959999999998,5,508.96000000000004,swap,acceptBad
1186,14,6611.119999999999,5,508.96000000000004,swap,acceptBad
1187,14,5758.78,5,508.96000000000004,2opt,improve
1188,14,5282.4000000000015,5,508.96000000000004,move,improve
1189,14,5496.2800000000025,5,508.96000000000004,swap,acceptBad
1190,14,5514.520000000002,5,508.96000000000004,swap,acceptBad
1191,14,5014.140000000002,5,508.96000000000004,move,improve
1192,14,4984.120000000002,5,508.96000000000004,swap,improve
1193,14,4985.3200000000015,5,508.96000000000004,2opt,acceptBad
1194,14,5438.400000000001,5,508.96000000000004,2opt,acceptBad
1195,14,5489.4400000000005,5,508.96000000000004,swap,acceptBad
1196,14,5249.6,5,508.96000000000004,move,improve
1197,13,4453.12,5,508.96000000000004,move,improve
1198,13,5319.840000000001,5,508.96000000000004,2opt,acceptBad
1199,13,5317.200000000002,5,508.96000000000004,swap,improve
1200,13,4841.6,5,508.96000000000004,move,improve
1201,13,4803.360000000001,5,508.96000000000004,swap,improve
1202,13,5218.160000000002,5,508.96000000000004,2opt,acceptBad
1203,13,5248.120000000001,5,508.96000000000004,2opt,acceptBad
1204,13,4711.6,5,508.96000000000004,move,improve
1205,13,4474.520000000001,5,508.96000000000004,2opt,improve
1206,13,4456.520000000001,5,508.96000000000004,2opt,improve
1207,13,4305.160000000001,5,508.96000000000004,move,improve
1208,13,4305.160000000001,5,508.96000000000004,move,improve
1209,13,4347.879999999999,5,508.96000000000004,swap,acceptBad
1210,13,4299.639999999999,5,508.96000000000004,swap,improve
1211,13,4315.599999999999,5,508.96000000000004,swap,acceptBad
1212,13,4322.24,5,508.96000000000004,2opt,acceptBad
1213,13,4162.24,5,508.96000000000004,move,improve
1214,13,4162.24,5,508.96000000000004,2opt,notBad
1215,13,4190.4,5,508.96000000000004,2opt,acceptBad
1216,13,4235.639999999999,5,508.96000000000004,swap,acceptBad
1217,13,4237.640000000001,5,508.96000000000004,2opt,acceptBad
1218,13,4080.12,5,508.96000000000004,move,improve
1219,13,3664.72,5,508.96000000000004,move,improve
1220,13,3916.96,5,508.96000000000004,swap,acceptBad
1221,13,3682.2400000000007,5,508.96000000000004,move,improve
1222,13,3823.2000000000007,5,508.96000000000004,swap,acceptBad
1223,13,3492.56,5,508.96000000000004,move,improve
1224,13,3273.12,5,508.96000000000004,move,improve
1225,13,3256.92,5,508.96000000000004,swap,improve
1226,13,3046.96,5,508.96000000000004,move,improve
1227,13,3003.5199999999995,5,508.96000000000004,swap,improve
1228,13,3493.879999999999,5,508.96000000000004,2opt,acceptBad
1229,13,3824.28,5,508.96000000000004,2opt,acceptBad
1230,13,3830.5600000000004,5,508.96000000000004,swap,acceptBad
1231,13,3717.4400000000005,5,508.96000000000004,move,improve
1232,13,3717.4400000000005,5,508.96000000000004,2opt,improve
1233,13,3717.4400000000005,5,508.96000000000004,move,improve
1234,13,3508.4400000000005,5,508.96000000000004,move,improve
1235,13,3508.4400000000005,5,508.96000000000004,2opt,notBad
1236,13,3283.4000000000005,5,508.96000000000004,move,improve
1237,13,3283.4000000000005,5,508.96000000000004,move,improve
1238,13,3242.52,5,508.96000000000004,move,improve
1239,13,3215.16,5,508.96000000000004,move,improve
1240,13,3243.7999999999993,5,508.96000000000004,2opt,acceptBad
1241,13,3070.4799999999996,5,508.96000000000004,move,improve
1242,13,3070.4799999999996,5,508.96000000000004,2opt,notBad
1243,13,3119.04,5,508.96000000000004,swap,acceptBad
1244,13,3086.24,5,508.96000000000004,swap,improve
1245,13,3077.6400000000003,5,508.96000000000004,move,improve
1246,13,3077.6400000000003,5,508.96000000000004,move,improve
1247,13,3077.6400000000003,5,508.96000000000004,swap,improve
1248,13,3793.84,5,508.96000000000004,2opt,acceptBad
1249,13,3759.84,5,508.96000000000004,swap,improve
1250,13,3764.7999999999997,5,508.96000000000004,swap,acceptBad
1251,13,3327.6,5,508.96000000000004,move,improve
1252,13,3327.6,5,508.96000000000004,2opt,notBad
1253,13,3327.6,5,508.96000000000004,2opt,improve
1254,13,3300.08,5,508.96000000000004,move,improve
1255,13,3327.4399999999996,5,508.96000000000004,swap,acceptBad
1256,13,3188.76,5,508.96000000000004,move,improve
1257,13,3371.5599999999995,5,508.96000000000004,2opt,acceptBad
1258,13,4068.2400000000007,5,508.96000000000004,2opt,acceptBad
1259,13,3894.5200000000004,5,508.96000000000004,move,improve
1260,13,3908.2000000000007,5,508.96000000000004,2opt,acceptBad
1261,13,4480.360000000001,5,508.96000000000004,2opt,acceptBad
1262,13,4447.240000000001,5,508.96000000000004,swap,improve
1263,13,5895.36,5,508.96000000000004,2opt,acceptBad
1264,13,5045.519999999999,5,508.96000000000004,move,improve
1265,13,5025.759999999998,5,508.96000000000004,swap,improve
1266,13,5005.52,5,508.96000000000004,swap,improve
1267,13,5000.160000000002,5,508.96000000000004,swap,improve
1268,13,4736.760000000001,5,508.96000000000004,move,improve
1269,13,4736.760000000001,5,508.96000000000004,2opt,notBad
1270,13,4690.92,5,508.96000000000004,2opt,improve
1271,13,4607.200000000002,5,508.96000000000004,move,improve
1272,13,4600.080000000002,5,508.96000000000004,swap,improve
1273,13,5337.3200000000015,5,508.96000000000004,swap,acceptBad
1274,13,4938.240000000002,5,508.96000000000004,move,improve
1275,13,4700.720000000001,5,508.96000000000004,move,improve
1276,13,4591.640000000001,5,508.96000000000004,2opt,improve
1277,13,4533.319999999999,5,508.96000000000004,2opt,improve
1278,13,4583.239999999999,5,508.96000000000004,swap,acceptBad
1279,13,4576.5199999999995,5,508.96000000000004,move,improve
1280,13,4971.6,5,508.96000000000004,2opt,acceptBad
1281,13,4747.5199999999995,5,508.96000000000004,move,improve
1282,13,4747.5199999999995,5,508.96000000000004,move,improve
1283,13,4760.24,5,508.96000000000004,2opt,acceptBad
1284,13,4760.24,5,508.96000000000004,move,improve
1285,13,4736.0,5,508.96000000000004,move,improve
1286,13,4561.2,5,508.96000000000004,move,improve
1287,13,4599.879999999999,5,508.96000000000004,swap,acceptBad
1288,13,4596.919999999998,5,508.96000000000004,move,improve
1289,13,4387.04,5,508.96000000000004,move,improve
1290,13,4363.719999999999,5,508.96000000000004,swap,improve
1291,13,4370.84,5,508.96000000000004,swap,acceptBad
1292,13,4095.04,5,508.96000000000004,move,improve
1293,13,4095.04,5,508.96000000000004,2opt,improve
1294,13,4095.04,5,508.96000000000004,2opt,notBad
1295,13,4092.5600000000004,5,508.96000000000004,2opt,improve
1296,13,4572.6,5,508.96000000000004,swap,acceptBad
1297,13,4570.0,5,508.96000000000004,swap,improve
1298,13,4581.599999999999,5,508.96000000000004,swap,acceptBad
1299,13,4581.599999999999,5,508.96000000000004,move,improve
1300,13,4581.599999999999,5,508.96000000000004,move,improve
1301,13,4171.439999999999,5,508.96000000000004,move,improve
1302,13,4157.4400000000005,5,508.96000000000004,swap,improve
1303,13,4089.48,5,508.96000000000004,move,improve
1304,13,4939.159999999999,5,508.96000000000004,swap,acceptBad
1305,13,4647.759999999999,5,508.96000000000004,move,improve
1306,13,4279.5599999999995,5,508.96000000000004,move,improve
1307,13,4279.5599999999995,5,508.96000000000004,move,improve
1308,13,4081.08,5,508.96000000000004,move,improve
1309,13,4387.879999999999,5,508.96000000000004,2opt,acceptBad
1310,13,4356.6,5,508.96000000000004,move,improve
1311,14,5336.16,5,508.96000000000004,2opt,acceptBad
1312,14,5423.319999999997,5,508.96000000000004,2opt,acceptBad
1313,14,5422.1399999999985,5,508.96000000000004,swap,improve
1314,14,5298.260000000001,5,508.96000000000004,2opt,improve
1315,14,5306.0,5,508.96000000000004,swap,acceptBad
1316,14,5306.5599999999995,5,508.96000000000004,2opt,acceptBad
1317,14,5322.0,5,508.96000000000004,2opt,acceptBad
1318,14,5946.280000000002,5,508.96000000000004,2opt,acceptBad
1319,14,5877.000000000001,5,508.96000000000004,swap,improve
1320,14,5461.999999999998,5,508.96000000000004,move,improve
1321,14,5462.0,5,508.96000000000004,2opt,acceptBad
1322,14,5217.820000000001,5,508.96000000000004,move,improve
1323,14,5584.8200000000015,5,508.96000000000004,2opt,acceptBad
1324,14,5599.3200000000015,5,508.96000000000004,2opt,acceptBad
1325,14,5220.460000000002,5,508.96000000000004,2opt,improve
1326,14,5214.460000000003,5,508.96000000000004,swap,improve
1327,14,5632.120000000003,5,508.96000000000004,2opt,acceptBad
1328,14,5809.820000000001,5,508.96000000000004,swap,acceptBad
1329,14,5898.460000000002,5,508.96000000000004,2opt,acceptBad
1330,14,5854.360000000002,5,508.96000000000004,swap,improve
1331,14,7034.059999999999,5,508.96000000000004,2opt,acceptBad
1332,14,7593.400000000001,5,508.96000000000004,swap,acceptBad
1333,14,7656.960000000001,5,508.96000000000004,swap,acceptBad
1334,14,7561.66,5,508.96000000000004,swap,improve
1335,14,7534.9400000000005,5,508.96000000000004,swap,improve
1336,14,7533.140000000001,5,508.96000000000004,swap,improve
1337,14,7468.380000000003,5,508.96000000000004,swap,improve
1338,14,7476.240000000005,5,508.96000000000004,swap,acceptBad
1339,14,7097.360000000005,5,508.96000000000004,swap,improve
1340,14,7168.200000000004,5,508.96000000000004,swap,acceptBad
1341,14,6878.4000000000015,5,508.96000000000004,move,improve
1342,14,6781.580000000003,5,508.96000000000004,move,improve
1343,14,6857.200000000002,5,508.96000000000004,swap,acceptBad
1344,14,7218.760000000002,5,508.96000000000004,2opt,acceptBad
1345,14,6121.180000000003,5,508.96000000000004,move,improve
1346,14,6415.52,5,508.96000000000004,swap,acceptBad
1347,14,6371.819999999999,5,508.96000000000004,swap,improve
1348,14,6371.819999999999,5,508.96000000000004,move,improve
1349,14,6192.299999999999,5,508.96000000000004,2opt,improve
1350,14,6310.78,5,508.96000000000004,swap,acceptBad
1351,13,5277.599999999999,5,508.96000000000004,2opt,improve
1352,13,5238.08,5,508.96000000000004,move,improve
1353,13,5235.320000000001,5,508.96000000000004,swap,improve
1354,13,4793.880000000001,5,508.96000000000004,move,improve
1355,13,4793.52,5,508.96000000000004,swap,improve
1356,13,4754.879999999999,5,508.96000000000004,swap,improve
1357,13,4741.6,5,508.96000000000004,swap,improve
1358,13,4533.959999999999,5,508.96000000000004,move,improve
1359,13,4762.32,5,508.96000000000004,swap,acceptBad
1360,13,4762.32,5,508.96000000000004,2opt,improve
1361,13,4532.639999999999,5,508.96000000000004,move,improve
1362,13,4532.639999999999,5,508.96000000000004,move,improve
1363,13,4532.639999999999,5,508.96000000000004,move,improve
1364,13,5568.000000000001,5,508.96000000000004,swap,acceptBad
1365,13,5171.36,5,508.96000000000004,move,improve
1366,13,5201.079999999999,5,508.96000000000004,swap,acceptBad
1367,13,5168.4400000000005,5,508.96000000000004,2opt,improve
1368,13,5168.4400000000005,5,508.96000000000004,2opt,notBad
1369,13,5168.4400000000005,5,508.96000000000004,2opt,improve
1370,13,5187.96,5,508.96000000000004,swap,acceptBad
1371,13,5584.5999999999985,5,508.96000000000004,2opt,acceptBad
1372,13,5582.8,5,508.96000000000004,swap,improve
1373,13,5595.680000000001,5,508.96000000000004,2opt,acceptBad
1374,13,5254.24,5,508.96000000000004,move,improve
1375,13,5061.5599999999995,5,508.96000000000004,swap,improve
1376,13,5061.5599999999995,5,508.96000000000004,2opt,notBad
1377,13,5061.799999999999,5,508.96000000000004,swap,acceptBad
1378,13,4887.719999999998,5,508.96000000000004,move,improve
1379,13,4532.680000000001,5,508.96000000000004,move,improve
1380,13,4541.56,5,508.96000000000004,2opt,acceptBad
1381,13,4232.960000000001,5,508.96000000000004,move,improve
1382,13,4431.320000000001,5,508.96000000000004,swap,acceptBad
1383,13,4431.320000000001,5,508.96000000000004,2opt,improve
1384,13,4454.4,5,508.96000000000004,2opt,acceptBad
1385,13,4063.6799999999994,5,508.96000000000004,move,improve
1386,13,4049.4000000000005,5,508.96000000000004,swap,improve
1387,13,4049.4000000000005,5,508.96000000000004,move,improve
1388,13,3905.1600000000003,5,508.96000000000004,move,improve
1389,13,3946.6400000000003,5,508.96000000000004,swap,acceptBad
1390,13,3875.079999999999,5,508.96000000000004,move,improve
1391,13,4028.0799999999995,5,508.96000000000004,swap,acceptBad
1392,13,3986.8,5,508.96000000000004,2opt,improve
1393,13,3955.4400000000005,5,508.96000000000004,swap,improve
1394,13,3685.76,5,508.96000000000004,move,improve
1395,13,4234.120000000001,5,508.96000000000004,swap,acceptBad
1396,13,4244.4400000000005,5,508.96000000000004,swap,acceptBad
1397,13,4252.12,5,508.96000000000004,swap,acceptBad
1398,13,4197.8,5,508.96000000000004,move,improve
1399,13,3774.48,5,508.96000000000004,swap,improve
1400,13,3782.44,5,508.96000000000004,swap,acceptBad
1401,13,3782.44,5,508.96000000000004,2opt,improve
1402,13,3596.84,5,508.96000000000004,move,improve
1403,13,4332.04,5,508.96000000000004,swap,acceptBad
1404,13,4352.36,5,508.96000000000004,2opt,acceptBad
1405,13,4371.36,5,508.96000000000004,swap,acceptBad
1406,13,4371.36,5,508.96000000000004,move,improve
1407,13,4376.639999999999,5,508.96000000000004,swap,acceptBad
1408,13,4369.599999999999,5,508.96000000000004,swap,improve
1409,13,4447.04,5,508.96000000000004,2opt,acceptBad
1410,13,4336.080000000001,5,508.96000000000004,move,improve
1411,13,4347.160000000001,5,508.96000000000004,swap,acceptBad
1412,13,4326.84,5,508.96000000000004,2opt,improve
1413,13,4326.84,5,508.96000000000004,move,improve
1414,13,4325.000000000001,5,508.96000000000004,move,improve
1415,13,4305.4,5,508.96000000000004,swap,improve
1416,13,5309.5199999999995,5,508.96000000000004,swap,acceptBad
1417,13,5309.5199999999995,5,508.96000000000004,2opt,notBad
1418,13,5303.639999999999,5,508.96000000000004,swap,improve
1419,13,4846.759999999999,5,508.96000000000004,move,improve
1420,13,4846.759999999999,5,508.96000000000004,2opt,notBad
1421,13,4832.68,5,508.96000000000004,swap,improve
1422,13,4506.44,5,508.96000000000004,move,improve
1423,13,4503.8,5,508.96000000000004,2opt,improve
1424,13,4505.360000000001,5,508.96000000000004,swap,acceptBad
1425,13,4505.360000000001,5,508.96000000000004,move,improve
1426,13,4502.200000000001,5,508.96000000000004,2opt,improve
1427,13,4050.04,5,508.96000000000004,move,improve
1428,13,4050.04,5,508.96000000000004,move,improve
1429,13,4071.0000000000005,5,508.96000000000004,2opt,acceptBad
1430,13,4090.7200000000007,5,508.96000000000004,swap,acceptBad
1431,13,4038.5200000000004,5,508.96000000000004,move,improve
1432,13,4055.7999999999997,5,508.96000000000004,2opt,acceptBad
1433,13,4095.56,5,508.96000000000004,swap,acceptBad
1434,13,3921.520000000001,5,508.96000000000004,2opt,improve
1435,13,3588.0000000000005,5,508.96000000000004,move,improve
1436,13,3644.6000000000004,5,508.96000000000004,2opt,acceptBad
1437,13,3528.8400000000006,5,508.96000000000004,move,improve
1438,13,3383.720000000001,5,508.96000000000004,move,improve
1439,13,4059.000000000001,5,508.96000000000004,swap,acceptBad
1440,13,4201.360000000001,5,508.96000000000004,2opt,acceptBad
1441,13,3851.2000000000025,5,508.96000000000004,move,improve
1442,13,3841.1600000000017,5,508.96000000000004,swap,improve
1443,13,3800.8400000000015,5,508.96000000000004,move,improve
1444,13,3745.5600000000013,5,508.96000000000004,swap,improve
1445,13,3752.760000000001,5,508.96000000000004,swap,acceptBad
1446,13,3716.8799999999997,5,508.96000000000004,2opt,improve
1447,13,3716.8799999999997,5,508.96000000000004,2opt,improve
1448,13,3707.1999999999994,5,508.96000000000004,2opt,improve
1449,13,3619.3999999999996,5,508.96000000000004,swap,improve
1450,13,3619.3999999999996,5,508.96000000000004,2opt,notBad
1451,13,3587.3199999999997,5,508.96000000000004,2opt,improve
1452,13,3519.5199999999995,5,508.96000000000004,move,improve
1453,13,3539.0399999999995,5,508.96000000000004,swap,acceptBad
1454,13,3681.5600000000004,5,508.96000000000004,swap,acceptBad
1455,13,3691.8,5,508.96000000000004,swap,acceptBad
1456,13,3464.6799999999994,5,508.96000000000004,move,improve
1457,13,3325.919999999999,5,508.96000000000004,move,improve
1458,13,3401.16,5,508.96000000000004,swap,acceptBad
1459,13,3401.16,5,508.96000000000004,move,improve
1460,13,3382.84,5,508.96000000000004,2opt,improve
1461,13,3382.84,5,508.96000000000004,move,improve
1462,13,3902.3599999999997,5,508.96000000000004,2opt,acceptBad
1463,13,3906.5199999999995,5,508.96000000000004,swap,acceptBad
1464,13,3938.000000000001,5,508.96000000000004,2opt,acceptBad
1465,13,3904.320000000001,5,508.96000000000004,swap,improve
1466,13,4021.4800000000014,5,508.96000000000004,swap,acceptBad
1467,13,4049.880000000001,5,508.96000000000004,swap,acceptBad
1468,13,3751.960000000001,5,508.96000000000004,move,improve
1469,13,3751.960000000001,5,508.96000000000004,move,improve
1470,13,3734.12,5,508.96000000000004,swap,improve
1471,13,3628.8800000000006,5,508.96000000000004,move,improve
1472,13,3628.8800000000006,5,508.96000000000004,2opt,notBad
1473,13,3450.1600000000017,5,508.96000000000004,move,improve
1474,13,3512.680000000002,5,508.96000000000004,swap,acceptBad
1475,13,3762.040000000002,5,508.96000000000004,swap,acceptBad
1476,13,3424.6000000000013,5,508.96000000000004,swap,improve
1477,13,3424.6000000000013,5,508.96000000000004,move,improve
1478,13,3928.880000000001,5,508.96000000000004,2opt,acceptBad
1479,13,3626.6800000000007,5,508.96000000000004,move,improve
1480,13,3434.7200000000003,5,508.96000000000004,move,improve
1481,13,3222.5599999999995,5,508.96000000000004,move,improve
1482,13,3563.2799999999997,5,508.96000000000004,2opt,acceptBad
1483,13,4102.920000000001,5,508.96000000000004,2opt,acceptBad
1484,13,4102.920000000001,5,508.96000000000004,2opt,notBad
1485,13,4271.32,5,508.96000000000004,2opt,acceptBad
1486,13,4271.32,5,508.96000000000004,move,improve
1487,13,4015.5599999999995,5,508.96000000000004,move,improve
1488,13,3895.6800000000007,5,508.96000000000004,2opt,improve
1489,13,3711.5200000000004,5,508.96000000000004,move,improve
1490,13,3653.9200000000005,5,508.96000000000004,2opt,improve
1491,13,3652.2400000000007,5,508.96000000000004,move,improve
1492,13,3503.08,5,508.96000000000004,move,improve
1493,13,3600.92,5,508.96000000000004,2opt,acceptBad
1494,13,3543.4000000000005,5,508.96000000000004,move,improve
1495,13,3531.4799999999996,5,508.96000000000004,2opt,improve
1496,13,3541.4800000000005,5,508.96000000000004,2opt,acceptBad
1497,13,3541.4800000000005,5,508.96000000000004,2opt,notBad
1498,13,3553.84,5,508.96000000000004,2opt,acceptBad
1499,13,3548.0800000000004,5,508.96000000000004,swap,improve
1500,13,3548.0800000000004,5,508.96000000000004,2opt,notBad
1501,13,4373.64,5,508.96000000000004,swap,acceptBad
1502,13,4138.520000000001,5,508.96000000000004,move,improve
1503,13,3824.920000000001,5,508.96000000000004,2opt,improve
1504,13,3793.4000000000005,5,508.96000000000004,swap,improve
1505,13,3793.4000000000005,5,508.96000000000004,2opt,notBad
1506,13,3813.8800000000006,5,508.96000000000004,swap,acceptBad
1507,13,3721.599999999999,5,508.96000000000004,move,improve
1508,13,3447.7599999999998,5,508.96000000000004,2opt,improve
1509,13,3440.719999999999,5,508.96000000000004,2opt,improve
1510,13,3402.6799999999994,5,508.96000000000004,swap,improve
1511,13,3459.9599999999996,5,508.96000000000004,2opt,acceptBad
1512,13,3458.2799999999993,5,508.96000000000004,move,improve
1513,13,3439.6399999999985,5,508.96000000000004,swap,improve
1514,13,3366.0399999999986,5,508.96000000000004,move,improve
1515,13,3374.919999999999,5,508.96000000000004,2opt,acceptBad
1516,13,3423.4399999999996,5,508.96000000000004,swap,acceptBad
1517,13,3075.319999999999,5,508.96000000000004,move,improve
1518,13,3075.319999999999,5,508.96000000000004,move,improve
1519,13,3075.239999999999,5,508.96000000000004,2opt,improve
1520,13,3075.239999999999,5,508.96000000000004,move,improve
1521,13,3075.239999999999,5,508.96000000000004,move,improve
1522,13,3077.319999999999,5,508.96000000000004,move,acceptBad
1523,13,3086.439999999999,5,508.96000000000004,2opt,acceptBad
1524,13,3086.439999999999,5,508.96000000000004,move,improve
1525,13,3086.439999999999,5,508.96000000000004,move,improve
1526,13,3667.2000000000007,5,508.96000000000004,2opt,acceptBad
1527,13,3667.2000000000007,5,508.96000000000004,move,improve
1528,13,3804.999999999999,5,508.96000000000004,2opt,acceptBad
1529,13,3796.439999999999,5,508.96000000000004,2opt,improve
1530,13,3565.2399999999993,5,508.96000000000004,move,improve
1531,13,3569.7199999999993,5,508.96000000000004,swap,acceptBad
1532,13,3544.199999999999,5,508.96000000000004,2opt,improve
1533,13,3542.999999999999,5,508.96000000000004,move,improve
1534,13,3527.079999999998,5,508.96000000000004,move,improve
1535,13,3506.4799999999987,5,508.96000000000004,move,improve
1536,13,3506.4799999999987,5,508.96000000000004,move,improve
1537,13,3505.2,5,508.96000000000004,2opt,improve
1538,13,3565.119999999999,5,508.96000000000004,2opt,acceptBad
1539,13,3544.879999999999,5,508.96000000000004,2opt,improve
1540,13,3524.6399999999994,5,508.96000000000004,move,improve
1541,13,3518.6399999999994,5,508.96000000000004,move,improve
1542,13,3503.239999999999,5,508.96000000000004,swap,improve
1543,13,3503.239999999999,5,508.96000000000004,move,improve
1544,13,3908.4,5,508.96000000000004,swap,acceptBad
1545,13,3787.5199999999995,5,508.96000000000004,2opt,improve
1546,13,3787.5199999999995,5,508.96000000000004,move,improve
1547,13,3789.3599999999997,5,508.96000000000004,2opt,acceptBad
1548,13,3726.4800000000005,5,508.96000000000004,swap,improve
1549,13,3723.040000000001,5,508.96000000000004,swap,improve
1550,13,3181.079999999999,5,508.96000000000004,move,improve
1551,13,3181.079999999999,5,508.96000000000004,2opt,notBad
1552,13,3181.079999999999,5,508.96000000000004,move,improve
1553,13,3181.079999999999,5,508.96000000000004,move,improve
1554,13,3181.079999999999,5,508.96000000000004,2opt,improve
1555,13,3854.16,5,508.96000000000004,swap,acceptBad
1556,13,3884.720000000001,5,508.96000000000004,swap,acceptBad
1557,13,3884.720000000001,5,508.96000000000004,2opt,notBad
1558,13,3884.720000000001,5,508.96000000000004,2opt,improve
1559,13,3884.720000000001,5,508.96000000000004,move,improve
1560,13,3363.1200000000017,5,508.96000000000004,move,improve
1561,13,3325.960000000001,5,508.96000000000004,swap,improve
1562,13,3538.3200000000006,5,508.96000000000004,swap,acceptBad
1563,13,3538.3200000000006,5,508.96000000000004,move,improve
1564,13,3518.6000000000013,5,508.96000000000004,2opt,improve
1565,13,3224.96,5,508.96000000000004,move,improve
1566,13,3288.24,5,508.96000000000004,swap,acceptBad
1567,13,3052.0,5,508.96000000000004,move,improve
1568,13,2910.4399999999996,5,508.96000000000004,move,improve
1569,13,2845.8,5,508.96000000000004,move,improve
1570,13,3074.000000000001,5,508.96000000000004,swap,acceptBad
1571,13,3074.000000000001,5,508.96000000000004,2opt,notBad
1572,13,3067.5600000000004,5,508.96000000000004,move,improve
1573,13,2721.92,5,508.96000000000004,move,improve
1574,13,3395.8400000000006,5,508.96000000000004,2opt,acceptBad
1575,13,3408.2400000000002,5,508.96000000000004,2opt,acceptBad
1576,13,3623.1600000000008,5,508.96000000000004,2opt,acceptBad
1577,13,3607.2,5,508.96000000000004,move,improve
1578,13,4163.72,5,508.96000000000004,2opt,acceptBad
1579,13,4023.76,5,508.96000000000004,move,improve
1580,13,3730.1600000000008,5,508.96000000000004,move,improve
1581,13,3574.84,5,508.96000000000004,move,improve
1582,13,3588.2000000000003,5,508.96000000000004,swap,acceptBad
1583,13,3580.4800000000005,5,508.96000000000004,move,improve
1584,13,3580.4800000000005,5,508.96000000000004,swap,notBad
1585,13,3569.000000000001,5,508.96000000000004,move,improve
1586,13,3771.4399999999996,5,508.96000000000004,2opt,acceptBad
1587,13,3873.6799999999994,5,508.96000000000004,move,acceptBad
1588,13,3873.6799999999994,5,508.96000000000004,2opt,notBad
1589,13,3700.5200000000004,5,508.96000000000004,move,improve
1590,13,3694.7999999999993,5,508.96000000000004,swap,improve
1591,13,3489.880000000001,5,508.96000000000004,move,improve
1592,13,3895.4400000000014,5,508.96000000000004,swap,acceptBad
1593,13,3853.600000000002,5,508.96000000000004,swap,improve
1594,13,3853.600000000002,5,508.96000000000004,move,improve
1595,13,3807.160000000001,5,508.96000000000004,move,improve
1596,13,3710.4800000000005,5,508.96000000000004,swap,improve
1597,13,3772.559999999997,5,508.96000000000004,2opt,acceptBad
1598,13,3743.6399999999976,5,508.96000000000004,swap,improve
1599,13,3757.399999999998,5,508.96000000000004,swap,acceptBad
1600,12,3057.6399999999994,5,508.96000000000004,move,improve
1601,12,3057.6399999999994,5,508.96000000000004,move,improve
1602,12,2954.620000000001,5,508.96000000000004,move,improve
1603,12,2906.98,5,508.96000000000004,move,improve
1604,12,2842.659999999999,5,508.96000000000004,swap,improve
1605,12,2870.8199999999997,5,508.96000000000004,2opt,acceptBad
1606,12,2870.8199999999997,5,508.96000000000004,2opt,notBad
1607,12,3331.76,5,508.96000000000004,2opt,acceptBad
1608,12,3337.2599999999998,5,508.96000000000004,swap,acceptBad
1609,12,3341.0,5,508.96000000000004,swap,acceptBad
1610,12,3049.46,5,508.96000000000004,move,improve
1611,12,3034.3600000000006,5,508.96000000000004,swap,improve
1612,12,3014.46,5,508.96000000000004,2opt,improve
1613,12,2994.88,5,508.96000000000004,move,improve
1614,12,2994.88,5,508.96000000000004,2opt,notBad
1615,12,2881.0200000000004,5,508.96000000000004,move,improve
1616,12,2884.620000000001,5,508.96000000000004,swap,acceptBad
1617,12,2820.16,5,508.96000000000004,move,improve
1618,12,2816.8,5,508.96000000000004,swap,improve
1619,12,3025.4400000000005,5,508.96000000000004,move,acceptBad
1620,12,3453.16,5,508.96000000000004,swap,acceptBad
1621,12,3453.16,5,508.96000000000004,2opt,notBad
1622,12,3453.16,5,508.96000000000004,move,improve
1623,12,3447.08,5,508.96000000000004,swap,improve
1624,12,3470.9799999999996,5,508.96000000000004,swap,acceptBad
1625,12,3460.5800000000004,5,508.96000000000004,2opt,improve
1626,12,3326.06,5,508.96000000000004,move,improve
1627,12,3377.120000000001,5,508.96000000000004,swap,acceptBad
1628,12,2935.2,5,508.96000000000004,swap,improve
1629,12,3646.3199999999993,5,508.96000000000004,swap,acceptBad
1630,12,3938.8999999999996,5,508.96000000000004,2opt,acceptBad
1631,12,3838.999999999999,5,508.96000000000004,swap,improve
1632,12,3838.999999999999,5,508.96000000000004,move,improve
1633,12,3734.08,5,508.96000000000004,move,improve
1634,12,3366.2400000000007,5,508.96000000000004,2opt,improve
1635,12,3352.68,5,508.96000000000004,2opt,improve
1636,12,3109.58,5,508.96000000000004,move,improve
1637,12,3109.58,5,508.96000000000004,move,improve
1638,12,2962.1400000000003,5,508.96000000000004,swap,improve
1639,12,2953.48,5,508.96000000000004,swap,improve
1640,12,2953.48,5,508.96000000000004,2opt,notBad
1641,12,2936.52,5,508.96000000000004,2opt,improve
1642,12,2684.500000000001,5,508.96000000000004,2opt,improve
1643,12,2699.3000000000006,5,508.96000000000004,2opt,acceptBad
1644,12,2709.7000000000007,5,508.96000000000004,swap,acceptBad
1645,12,2714.2600000000007,5,508.96000000000004,swap,acceptBad
1646,12,2722.820000000001,5,508.96000000000004,2opt,acceptBad
1647,12,2707.1400000000012,5,508.96000000000004,move,improve
1648,12,2707.1400000000012,5,508.96000000000004,move,improve
1649,12,2707.1400000000012,5,508.96000000000004,2opt,notBad
1650,12,2707.1400000000012,5,508.96000000000004,2opt,improve
1651,12,2707.1400000000012,5,508.96000000000004,move,improve
1652,12,2692.34,5,508.96000000000004,2opt,improve
1653,12,2691.06,5,508.96000000000004,2opt,improve
1654,12,2577.32,5,508.96000000000004,move,improve
1655,12,2549.4,5,508.96000000000004,move,improve
1656,12,2564.4400000000005,5,508.96000000000004,2opt,acceptBad
1657,12,2564.4400000000005,5,508.96000000000004,move,improve
1658,12,2564.4400000000005,5,508.96000000000004,2opt,notBad
1659,12,2564.4400000000005,5,508.96000000000004,move,improve
1660,12,2564.4400000000005,5,508.96000000000004,2opt,notBad
1661,12,2496.3599999999997,5,508.96000000000004,move,improve
1662,12,2539.16,5,508.96000000000004,swap,acceptBad
1663,12,2539.16,5,508.96000000000004,move,improve
1664,12,2539.16,5,508.96000000000004,move,improve
1665,12,2520.6000000000004,5,508.96000000000004,2opt,improve
1666,12,2528.1000000000004,5,508.96000000000004,swap,acceptBad
1667,12,2528.1000000000004,5,508.96000000000004,2opt,notBad
1668,12,2528.1000000000004,5,508.96000000000004,move,improve
1669,12,2635.3199999999997,5,508.96000000000004,swap,acceptBad
1670,12,2851.4,5,508.96000000000004,2opt,acceptBad
1671,12,2851.4,5,508.96000000000004,2opt,notBad
1672,12,2759.86,5,508.96000000000004,move,improve
1673,12,2644.4800000000005,5,508.96000000000004,move,improve
1674,12,2912.88,5,508.96000000000004,swap,acceptBad
1675,12,2865.5800000000004,5,508.96000000000004,2opt,improve
1676,12,2880.64,5,508.96000000000004,swap,acceptBad
1677,12,2926.7999999999993,5,508.96000000000004,2opt,acceptBad
1678,12,2926.7999999999993,5,508.96000000000004,move,improve
1679,12,2929.5999999999995,5,508.96000000000004,swap,acceptBad
1680,12,2911.6799999999994,5,508.96000000000004,2opt,improve
1681,12,2863.3999999999996,5,508.96000000000004,swap,improve
1682,12,2905.34,5,508.96000000000004,swap,acceptBad
1683,12,2896.7799999999997,5,508.96000000000004,swap,improve
1684,12,2898.1600000000003,5,508.96000000000004,swap,acceptBad
1685,12,2940.5599999999995,5,508.96000000000004,2opt,acceptBad
1686,12,2877.0,5,508.96000000000004,2opt,improve
1687,12,2716.7000000000007,5,508.96000000000004,move,improve
1688,12,2674.3,5,508.96000000000004,2opt,improve
1689,12,3053.24,5,508.96000000000004,2opt,acceptBad
1690,12,3021.0600000000004,5,508.96000000000004,swap,improve
1691,12,3052.3199999999997,5,508.96000000000004,swap,acceptBad
1692,12,3023.8600000000006,5,508.96000000000004,move,improve
1693,12,3028.9600000000005,5,508.96000000000004,swap,acceptBad
1694,12,3562.8400000000006,5,508.96000000000004,swap,acceptBad
1695,12,3037.1400000000012,5,508.96000000000004,2opt,improve
1696,12,3037.1400000000012,5,508.96000000000004,2opt,notBad
1697,12,3102.5200000000004,5,508.96000000000004,swap,acceptBad
1698,12,2838.08,5,508.96000000000004,move,improve
1699,12,2830.5600000000004,5,508.96000000000004,2opt,improve
1700,12,2830.5600000000004,5,508.96000000000004,move,improve
1701,12,2860.0000000000005,5,508.96000000000004,swap,acceptBad
1702,12,2859.2800000000007,5,508.96000000000004,swap,improve
1703,12,2877.3,5,508.96000000000004,2opt,acceptBad
1704,12,2959.2200000000003,5,508.96000000000004,swap,acceptBad
1705,12,2959.2200000000003,5,508.96000000000004,2opt,notBad
1706,12,2937.2200000000003,5,508.96000000000004,move,improve
1707,12,2937.2200000000003,5,508.96000000000004,2opt,notBad
1708,12,2649.2800000000007,5,508.96000000000004,move,improve
1709,12,2647.5400000000004,5,508.96000000000004,move,improve
1710,12,2668.5,5,508.96000000000004,2opt,acceptBad
1711,12,2668.5,5,508.96000000000004,move,improve
1712,12,2638.08,5,508.96000000000004,move,improve
1713,12,2638.08,5,508.96000000000004,move,improve
1714,12,2620.88,5,508.96000000000004,swap,improve
1715,12,2574.58,5,508.96000000000004,move,improve
1716,12,2574.58,5,508.96000000000004,move,improve
1717,12,2574.58,5,508.96000000000004,move,improve
1718,12,2574.58,5,508.96000000000004,2opt,notBad
1719,12,2574.58,5,508.96000000000004,2opt,improve
1720,12,2574.58,5,508.96000000000004,move,improve
1721,12,2616.2199999999993,5,508.96000000000004,swap,acceptBad
1722,12,2773.9799999999996,5,508.96000000000004,swap,acceptBad
1723,12,2773.9799999999996,5,508.96000000000004,2opt,improve
1724,12,2643.7000000000003,5,508.96000000000004,move,improve
1725,12,2640.58,5,508.96000000000004,2opt,improve
1726,12,2590.8599999999997,5,508.96000000000004,2opt,improve
1727,12,2589.8199999999997,5,508.96000000000004,move,improve
1728,12,2605.66,5,508.96000000000004,2opt,acceptBad
1729,12,2566.1600000000003,5,508.96000000000004,move,improve
1730,12,2596.1000000000004,5,508.96000000000004,swap,acceptBad
1731,12,2458.42,5,508.96000000000004,move,improve
1732,12,2454.22,5,508.96000000000004,swap,improve
1733,12,2454.22,5,508.96000000000004,2opt,notBad
1734,12,2454.22,5,508.96000000000004,2opt,notBad
1735,12,2456.8999999999996,5,508.96000000000004,swap,acceptBad
1736,12,2417.1799999999994,5,508.96000000000004,swap,improve
1737,12,2402.919999999999,5,508.96000000000004,2opt,improve
1738,12,2400.3199999999997,5,508.96000000000004,move,improve
1739,12,2400.3199999999997,5,508.96000000000004,2opt,notBad
1740,12,2400.2399999999993,5,508.96000000000004,2opt,improve
1741,12,2324.1799999999994,5,508.96000000000004,move,improve
1742,12,2324.1799999999994,5,508.96000000000004,2opt,notBad
1743,12,2324.1799999999994,5,508.96000000000004,2opt,notBad
1744,12,2324.1799999999994,5,508.96000000000004,move,improve
1745,12,2452.040000000001,5,508.96000000000004,2opt,acceptBad
1746,12,2448.2400000000002,5,508.96000000000004,move,improve
1747,12,2434.9399999999996,5,508.96000000000004,swap,improve
1748,12,2434.9399999999996,5,508.96000000000004,move,improve
1749,12,2425.72,5,508.96000000000004,swap,improve
1750,12,2391.8999999999996,5,508.96000000000004,swap,improve
1751,12,2391.8199999999997,5,508.96000000000004,2opt,improve
1752,12,2391.8199999999997,5,508.96000000000004,swap,notBad
1753,12,2635.5600000000004,5,508.96000000000004,swap,acceptBad
1754,12,2635.5600000000004,5,508.96000000000004,2opt,notBad
1755,12,2635.5600000000004,5,508.96000000000004,2opt,notBad
1756,12,2631.5000000000005,5,508.96000000000004,swap,improve
1757,12,2615.2799999999997,5,508.96000000000004,swap,improve
1758,12,2615.2799999999997,5,508.96000000000004,move,improve
1759,12,2572.4800000000005,5,508.96000000000004,swap,improve
1760,12,2626.86,5,508.96000000000004,2opt,acceptBad
1761,12,2584.2200000000003,5,508.96000000000004,2opt,improve
1762,12,2161.2999999999997,5,508.96000000000004,move,improve
1763,12,2161.8199999999997,5,508.96000000000004,swap,acceptBad
1764,12,2504.939999999999,5,508.96000000000004,2opt,acceptBad
1765,12,2504.939999999999,5,508.96000000000004,2opt,notBad
1766,12,2474.1399999999994,5,508.96000000000004,move,improve
1767,12,2157.8399999999997,5,508.96000000000004,2opt,improve
1768,12,2170.24,5,508.96000000000004,2opt,acceptBad
1769,12,2446.24,5,508.96000000000004,swap,acceptBad
1770,12,2496.8399999999992,5,508.96000000000004,swap,acceptBad
1771,12,2496.8399999999992,5,508.96000000000004,move,improve
1772,12,2472.1199999999994,5,508.96000000000004,move,improve
1773,12,2480.1399999999994,5,508.96000000000004,swap,acceptBad
1774,12,2480.1399999999994,5,508.96000000000004,2opt,notBad
1775,12,2480.1399999999994,5,508.96000000000004,2opt,notBad
1776,12,2790.4399999999996,5,508.96000000000004,2opt,acceptBad
1777,12,2494.5,5,508.96000000000004,move,improve
1778,12,2440.08,5,508.96000000000004,swap,improve
1779,12,2440.08,5,508.96000000000004,swap,notBad
1780,12,2440.08,5,508.96000000000004,move,improve
1781,12,2461.08,5,508.96000000000004,swap,acceptBad
1782,12,2437.5599999999995,5,508.96000000000004,swap,improve
1783,12,2444.58,5,508.96000000000004,swap,acceptBad
1784,12,2211.8399999999992,5,508.96000000000004,move,improve
1785,12,2212.5599999999995,5,508.96000000000004,2opt,acceptBad
1786,12,2173.86,5,508.96000000000004,move,improve
1787,12,2173.86,5,508.96000000000004,2opt,notBad
1788,12,2161.14,5,508.96000000000004,swap,improve
1789,12,2161.14,5,508.96000000000004,move,improve
1790,12,2161.14,5,508.96000000000004,move,improve
1791,12,2155.2599999999998,5,508.96000000000004,move,improve
1792,12,2219.34,5,508.96000000000004,swap,acceptBad
1793,12,2217.46,5,508.96000000000004,move,improve
1794,12,2184.54,5,508.96000000000004,swap,improve
1795,12,2264.42,5,508.96000000000004,2opt,acceptBad
1796,12,2264.42,5,508.96000000000004,swap,notBad
1797,12,2176.72,5,508.96000000000004,move,improve
1798,12,1966.3200000000002,5,508.96000000000004,move,improve
1799,12,1986.6599999999996,5,508.96000000000004,swap,acceptBad
1800,12,1986.6599999999996,5,508.96000000000004,move,improve
1801,12,1986.6599999999996,5,508.96000000000004,move,improve
1802,12,1986.9599999999996,5,508.96000000000004,move,acceptBad
1803,12,2003.3399999999997,5,508.96000000000004,swap,acceptBad
1804,12,2003.3399999999997,5,508.96000000000004,move,improve
1805,12,2135.46,5,508.96000000000004,swap,acceptBad
1806,12,2135.46,5,508.96000000000004,move,improve
1807,12,2198.64,5,508.96000000000004,swap,acceptBad
1808,12,2198.64,5,508.96000000000004,move,improve
1809,12,2178.9000000000005,5,508.96000000000004,move,improve
1810,12,2178.9000000000005,5,508.96000000000004,move,improve
1811,12,2178.9000000000005,5,508.96000000000004,move,improve
1812,12,2291.7800000000007,5,508.96000000000004,2opt,acceptBad
1813,12,2535.280000000001,5,508.96000000000004,move,acceptBad
1814,12,2551.220000000001,5,508.96000000000004,swap,acceptBad
1815,12,2534.120000000001,5,508.96000000000004,move,improve
1816,12,2534.120000000001,5,508.96000000000004,move,improve
1817,12,2534.120000000001,5,508.96000000000004,2opt,notBad
1818,12,2528.3600000000006,5,508.96000000000004,move,improve
1819,12,2528.3600000000006,5,508.96000000000004,move,improve
1820,12,2547.7000000000007,5,508.96000000000004,swap,acceptBad
1821,12,2533.1600000000008,5,508.96000000000004,2opt,improve
1822,12,2533.1600000000008,5,508.96000000000004,move,improve
1823,12,2280.8200000000006,5,508.96000000000004,move,improve
1824,12,2454.1800000000003,5,508.96000000000004,swap,acceptBad
1825,12,2349.62,5,508.96000000000004,2opt,improve
1826,12,2432.359999999999,5,508.96000000000004,2opt,acceptBad
1827,12,2432.359999999999,5,508.96000000000004,2opt,notBad
1828,12,2385.9999999999995,5,508.96000000000004,move,improve
1829,12,2385.9999999999995,5,508.96000000000004,2opt,notBad
1830,12,2395.039999999999,5,508.96000000000004,swap,acceptBad
1831,12,2395.039999999999,5,508.96000000000004,move,improve
1832,12,2396.079999999999,5,508.96000000000004,2opt,acceptBad
1833,12,2512.6799999999994,5,508.96000000000004,swap,acceptBad
1834,12,2512.6799999999994,5,508.96000000000004,2opt,improve
1835,12,2512.6799999999994,5,508.96000000000004,2opt,notBad
1836,12,2512.6799999999994,5,508.96000000000004,move,improve
1837,12,2513.4800000000005,5,508.96000000000004,2opt,acceptBad
1838,12,2492.5200000000004,5,508.96000000000004,swap,improve
1839,12,2777.7200000000003,5,508.96000000000004,2opt,acceptBad
1840,12,2777.7200000000003,5,508.96000000000004,2opt,notBad
1841,12,2777.7200000000003,5,508.96000000000004,move,improve
1842,12,2771.46,5,508.96000000000004,swap,improve
1843,12,2809.5000000000005,5,508.96000000000004,swap,acceptBad
1844,12,2809.5000000000005,5,508.96000000000004,2opt,notBad
1845,12,2841.9800000000005,5,508.96000000000004,swap,acceptBad
1846,12,2507.9400000000005,5,508.96000000000004,move,improve
1847,12,2507.9400000000005,5,508.96000000000004,move,improve
1848,12,2551.12,5,508.96000000000004,2opt,acceptBad
1849,12,2568.4400000000005,5,508.96000000000004,swap,acceptBad
1850,12,2568.4400000000005,5,508.96000000000004,2opt,notBad
1851,12,2568.4400000000005,5,508.96000000000004,2opt,notBad
1852,12,2546.4400000000005,5,508.96000000000004,move,improve
1853,12,2474.5200000000004,5,508.96000000000004,move,improve
1854,12,2474.5200000000004,5,508.96000000000004,swap,notBad
1855,12,2334.26,5,508.96000000000004,move,improve
1856,12,2334.26,5,508.96000000000004,2opt,notBad
1857,12,2334.26,5,508.96000000000004,move,improve
1858,11,2067.1200000000003,5,508.96000000000004,move,improve
1859,11,2065.6000000000004,5,508.96000000000004,move,improve
1860,11,2065.6000000000004,5,508.96000000000004,2opt,notBad
1861,11,2065.6000000000004,5,508.96000000000004,move,improve
1862,11,2065.6000000000004,5,508.96000000000004,move,improve
1863,11,2102.8000000000006,5,508.96000000000004,swap,acceptBad
1864,11,2106.9600000000005,5,508.96000000000004,swap,acceptBad
1865,11,2106.9600000000005,5,508.96000000000004,2opt,notBad
1866,11,2111.3199999999997,5,508.96000000000004,2opt,acceptBad
1867,11,2105.399999999999,5,508.96000000000004,2opt,improve
1868,11,2134.6,5,508.96000000000004,swap,acceptBad
1869,11,2134.6,5,508.96000000000004,2opt,notBad
1870,11,2134.6,5,508.96000000000004,move,improve
1871,11,2149.3599999999997,5,508.96000000000004,swap,acceptBad
1872,11,2218.5199999999995,5,508.96000000000004,swap,acceptBad
1873,11,2210.84,5,508.96000000000004,move,improve
1874,11,2215.3199999999997,5,508.96000000000004,swap,acceptBad
1875,11,2189.0799999999995,5,508.96000000000004,2opt,improve
1876,11,2211.7199999999993,5,508.96000000000004,swap,acceptBad
1877,11,2167.2399999999993,5,508.96000000000004,swap,improve
1878,11,2171.8799999999997,5,508.96000000000004,swap,acceptBad
1879,11,2323.3999999999996,5,508.96000000000004,2opt,acceptBad
1880,11,2325.1599999999994,5,508.96000000000004,swap,acceptBad
1881,11,2354.4399999999996,5,508.96000000000004,2opt,acceptBad
1882,11,2354.4399999999996,5,508.96000000000004,2opt,notBad
1883,11,2354.4399999999996,5,508.96000000000004,2opt,improve
1884,11,2354.4399999999996,5,508.96000000000004,move,improve
1885,11,2354.4399999999996,5,508.96000000000004,2opt,notBad
1886,11,2344.9999999999995,5,508.96000000000004,2opt,improve
1887,11,2294.3199999999997,5,508.96000000000004,2opt,improve
1888,11,2294.3199999999997,5,508.96000000000004,2opt,notBad
1889,11,2208.7199999999993,5,508.96000000000004,move,improve
1890,11,2178.5199999999995,5,508.96000000000004,move,improve
1891,11,2222.2400000000002,5,508.96000000000004,2opt,acceptBad
1892,11,2222.2400000000002,5,508.96000000000004,2opt,notBad
1893,11,2220.44,5,508.96000000000004,swap,improve
1894,11,2041.1200000000001,5,508.96000000000004,move,improve
1895,11,2042.8399999999997,5,508.96000000000004,swap,acceptBad
1896,11,2010.1200000000003,5,508.96000000000004,move,improve
1897,11,2010.1200000000003,5,508.96000000000004,2opt,notBad
1898,11,2042.6,5,508.96000000000004,2opt,acceptBad
1899,11,2113.96,5,508.96000000000004,swap,acceptBad
1900,11,2113.96,5,508.96000000000004,move,improve
1901,11,1988.44,5,508.96000000000004,move,improve
1902,11,2120.9600000000005,5,508.96000000000004,2opt,acceptBad
1903,11,2138.2000000000007,5,508.96000000000004,2opt,acceptBad
1904,11,2138.2000000000007,5,508.96000000000004,2opt,notBad
1905,11,2138.2000000000007,5,508.96000000000004,2opt,notBad
1906,11,2117.0800000000004,5,508.96000000000004,swap,improve
1907,11,2138.9200000000005,5,508.96000000000004,2opt,acceptBad
1908,11,2138.9200000000005,5,508.96000000000004,2opt,notBad
1909,11,2606.7600000000007,5,508.96000000000004,swap,acceptBad
1910,11,2246.5200000000004,5,508.96000000000004,move,improve
1911,11,2230.76,5,508.96000000000004,move,improve
1912,11,2115.6400000000003,5,508.96000000000004,move,improve
1913,11,2115.6400000000003,5,508.96000000000004,2opt,notBad
1914,11,2115.6400000000003,5,508.96000000000004,2opt,notBad
1915,11,2101.2800000000007,5,508.96000000000004,swap,improve
1916,11,2293.24,5,508.96000000000004,swap,acceptBad
1917,11,2293.24,5,508.96000000000004,move,improve
1918,11,2265.6,5,508.96000000000004,swap,improve
1919,11,2265.6,5,508.96000000000004,2opt,improve
1920,11,2265.6,5,508.96000000000004,2opt,notBad
1921,11,2323.8,5,508.96000000000004,swap,acceptBad
1922,11,2323.8,5,508.96000000000004,move,improve
1923,11,2323.8,5,508.96000000000004,swap,notBad
1924,11,2370.6400000000003,5,508.96000000000004,swap,acceptBad
1925,11,2212.32,5,508.96000000000004,move,improve
1926,11,2212.32,5,508.96000000000004,move,improve
1927,11,2212.32,5,508.96000000000004,2opt,notBad
1928,11,2212.32,5,508.96000000000004,move,improve
1929,11,2131.6000000000004,5,508.96000000000004,move,improve
1930,11,2180.0,5,508.96000000000004,swap,acceptBad
1931,11,2180.0,5,508.96000000000004,move,improve
1932,11,2180.0,5,508.96000000000004,2opt,notBad
1933,11,2189.9999999999995,5,508.96000000000004,swap,acceptBad
1934,11,2189.9999999999995,5,508.96000000000004,move,improve
1935,11,2368.3199999999997,5,508.96000000000004,swap,acceptBad
1936,11,2392.6799999999994,5,508.96000000000004,swap,acceptBad
1937,11,2285.2,5,508.96000000000004,move,improve
1938,11,2262.68,5,508.96000000000004,swap,improve
1939,11,2228.5599999999995,5,508.96000000000004,2opt,improve
1940,11,2228.5599999999995,5,508.96000000000004,move,improve
1941,11,2228.5599999999995,5,508.96000000000004,2opt,notBad
1942,11,2263.8399999999992,5,508.96000000000004,2opt,acceptBad
1943,11,2263.8399999999992,5,508.96000000000004,move,improve
1944,11,2529.4799999999996,5,508.96000000000004,swap,acceptBad
1945,11,2538.3199999999997,5,508.96000000000004,swap,acceptBad
1946,11,2538.3199999999997,5,508.96000000000004,move,improve
1947,11,2549.1999999999994,5,508.96000000000004,2opt,acceptBad
1948,11,2529.3599999999997,5,508.96000000000004,move,improve
1949,11,2530.0,5,508.96000000000004,swap,acceptBad
1950,11,2303.92,5,508.96000000000004,move,improve
1951,11,2303.92,5,508.96000000000004,move,improve
1952,11,2303.92,5,508.96000000000004,swap,notBad
1953,11,2303.92,5,508.96000000000004,2opt,notBad
1954,11,2303.92,5,508.96000000000004,move,improve
1955,11,2303.92,5,508.96000000000004,2opt,notBad
1956,11,2227.16,5,508.96000000000004,move,improve
1957,11,2227.16,5,508.96000000000004,move,improve
1958,11,2142.1599999999994,5,508.96000000000004,move,improve
1959,11,2142.1599999999994,5,508.96000000000004,swap,notBad
1960,11,2141.1999999999994,5,508.96000000000004,move,improve
1961,11,2142.959999999999,5,508.96000000000004,swap,acceptBad
1962,11,2142.959999999999,5,508.96000000000004,move,improve
1963,11,2142.959999999999,5,508.96000000000004,2opt,notBad
1964,11,2320.3199999999993,5,508.96000000000004,2opt,acceptBad
1965,11,2297.1999999999994,5,508.96000000000004,swap,improve
1966,11,2287.4799999999996,5,508.96000000000004,swap,improve
1967,11,2287.4799999999996,5,508.96000000000004,2opt,notBad
1968,11,2287.4799999999996,5,508.96000000000004,move,improve
1969,11,2317.2799999999997,5,508.96000000000004,swap,acceptBad
1970,11,2317.2799999999997,5,508.96000000000004,move,improve
1971,11,2288.6799999999994,5,508.96000000000004,swap,improve
1972,11,2288.6799999999994,5,508.96000000000004,2opt,improve
1973,11,2290.7599999999993,5,508.96000000000004,swap,acceptBad
1974,11,2283.7199999999993,5,508.96000000000004,move,improve
1975,11,2285.96,5,508.96000000000004,2opt,acceptBad
1976,11,2291.1999999999994,5,508.96000000000004,swap,acceptBad
1977,11,2275.0399999999995,5,508.96000000000004,move,improve
1978,11,2275.0399999999995,5,508.96000000000004,2opt,notBad
1979,11,2228.04,5,508.96000000000004,swap,improve
1980,11,2209.6800000000003,5,508.96000000000004,swap,improve
1981,11,2703.0000000000005,5,508.96000000000004,swap,acceptBad
1982,11,2714.0000000000005,5,508.96000000000004,swap,acceptBad
1983,11,2714.0000000000005,5,508.96000000000004,swap,notBad
1984,11,2274.76,5,508.96000000000004,move,improve
1985,11,2238.6000000000004,5,508.96000000000004,swap,improve
1986,11,2209.6800000000003,5,508.96000000000004,swap,improve
1987,11,2217.04,5,508.96000000000004,2opt,acceptBad
1988,11,2217.04,5,508.96000000000004,2opt,notBad
1989,11,2217.04,5,508.96000000000004,swap,notBad
1990,11,2471.16,5,508.96000000000004,swap,acceptBad
1991,11,2232.0,5,508.96000000000004,move,improve
1992,11,2396.7200000000003,5,508.96000000000004,2opt,acceptBad
1993,11,2396.7200000000003,5,508.96000000000004,move,improve
1994,11,2403.4800000000005,5,508.96000000000004,swap,acceptBad
1995,11,2403.4800000000005,5,508.96000000000004,2opt,notBad
1996,11,2403.4800000000005,5,508.96000000000004,move,improve
1997,11,2442.5200000000004,5,508.96000000000004,swap,acceptBad
1998,11,2451.9600000000005,5,508.96000000000004,swap,acceptBad
1999,11,2684.0800000000004,5,508.96000000000004,swap,acceptBad
2000,11,2684.0800000000004,5,508.96000000000004,move,improve
2001,11,2684.0800000000004,5,508.96000000000004,2opt,notBad
2002,11,2457.7200000000003,5,508.96000000000004,move,improve
2003,11,2381.2000000000007,5,508.96000000000004,move,improve
2004,11,2332.8,5,508.96000000000004,swap,improve
2005,11,2442.2400000000007,5,508.96000000000004,swap,acceptBad
2006,11,2428.5200000000004,5,508.96000000000004,swap,improve
2007,11,2428.5200000000004,5,508.96000000000004,2opt,notBad
2008,11,2428.5200000000004,5,508.96000000000004,2opt,notBad
2009,11,2413.2800000000007,5,508.96000000000004,swap,improve
2010,11,2309.6400000000003,5,508.96000000000004,swap,improve
2011,11,2643.840000000001,5,508.96000000000004,swap,acceptBad
2012,11,2643.840000000001,5,508.96000000000004,2opt,improve
2013,11,2643.840000000001,5,508.96000000000004,move,improve
2014,11,2657.040000000001,5,508.96000000000004,swap,acceptBad
2015,11,2642.1600000000008,5,508.96000000000004,move,improve
2016,11,2331.1200000000003,5,508.96000000000004,move,improve
2017,11,2331.1200000000003,5,508.96000000000004,2opt,notBad
2018,11,2325.6000000000013,5,508.96000000000004,move,improve
2019,11,2332.480000000001,5,508.96000000000004,swap,acceptBad
2020,11,2332.480000000001,5,508.96000000000004,2opt,notBad
2021,11,2332.480000000001,5,508.96000000000004,2opt,notBad
2022,11,2332.480000000001,5,508.96000000000004,move,improve
2023,11,2307.28,5,508.96000000000004,2opt,improve
2024,11,2307.28,5,508.96000000000004,2opt,notBad
2025,11,2153.6000000000004,5,508.96000000000004,swap,improve
2026,11,2153.6000000000004,5,508.96000000000004,2opt,improve
2027,11,2241.2,5,508.96000000000004,swap,acceptBad
2028,11,2241.2,5,508.96000000000004,2opt,notBad
2029,11,2214.3199999999997,5,508.96000000000004,swap,improve
2030,11,2272.4,5,508.96000000000004,swap,acceptBad
2031,11,2279.68,5,508.96000000000004,swap,acceptBad
2032,11,2263.3599999999997,5,508.96000000000004,swap,improve
2033,11,2263.3599999999997,5,508.96000000000004,2opt,notBad
2034,11,2226.24,5,508.96000000000004,move,improve
2035,11,2066.3199999999997,5,508.96000000000004,move,improve
2036,11,2047.44,5,508.96000000000004,swap,improve
2037,11,2248.5999999999995,5,508.96000000000004,swap,acceptBad
2038,11,2202.1999999999994,5,508.96000000000004,move,improve
2039,11,2202.1999999999994,5,508.96000000000004,move,improve
2040,11,2202.1999999999994,5,508.96000000000004,swap,notBad
2041,11,2185.48,5,508.96000000000004,swap,improve
2042,11,2218.36,5,508.96000000000004,swap,acceptBad
2043,11,2239.9599999999996,5,508.96000000000004,2opt,acceptBad
2044,11,2257.4799999999996,5,508.96000000000004,2opt,acceptBad
2045,11,2253.1999999999994,5,508.96000000000004,2opt,improve
2046,11,2234.08,5,508.96000000000004,move,improve
2047,11,2234.08,5,508.96000000000004,2opt,notBad
2048,11,2234.08,5,508.96000000000004,swap,notBad
2049,11,2234.08,5,508.96000000000004,2opt,notBad
2050,11,2234.08,5,508.96000000000004,2opt,notBad
2051,11,2234.08,5,508.96000000000004,2opt,notBad
2052,11,2234.08,5,508.96000000000004,move,improve
2053,11,2239.3599999999997,5,508.96000000000004,swap,acceptBad
2054,11,2239.3599999999997,5,508.96000000000004,move,improve
2055,11,2241.0399999999995,5,508.96000000000004,swap,acceptBad
2056,11,2230.479999999999,5,508.96000000000004,2opt,improve
2057,11,2230.479999999999,5,508.96000000000004,move,improve
2058,11,2230.479999999999,5,508.96000000000004,move,improve
2059,11,1879.7599999999995,5,508.96000000000004,move,improve
2060,11,1865.3599999999997,5,508.96000000000004,swap,improve
2061,11,1865.3599999999997,5,508.96000000000004,2opt,notBad
2062,11,1939.6,5,508.96000000000004,swap,acceptBad
2063,11,1851.84,5,508.96000000000004,move,improve
2064,11,1851.84,5,508.96000000000004,move,improve
2065,11,1851.84,5,508.96000000000004,swap,notBad
2066,11,1899.0,5,508.96000000000004,2opt,acceptBad
2067,11,1889.6400000000003,5,508.96000000000004,swap,improve
2068,11,1902.8000000000002,5,508.96000000000004,swap,acceptBad
2069,11,2007.8800000000003,5,508.96000000000004,swap,acceptBad
2070,11,2007.8800000000003,5,508.96000000000004,move,improve
2071,11,2007.8800000000003,5,508.96000000000004,2opt,notBad
2072,11,2007.8800000000003,5,508.96000000000004,2opt,improve
2073,11,1978.6000000000004,5,508.96000000000004,move,improve
2074,11,1978.6000000000004,5,508.96000000000004,2opt,notBad
2075,11,1978.6000000000004,5,508.96000000000004,swap,notBad
2076,11,1986.6000000000006,5,508.96000000000004,swap,acceptBad
2077,11,1851.48,5,508.96000000000004,move,improve
2078,11,1864.84,5,508.96000000000004,2opt,acceptBad
2079,11,1888.6799999999998,5,508.96000000000004,swap,acceptBad
2080,11,1879.7999999999993,5,508.96000000000004,2opt,improve
2081,11,1879.7999999999993,5,508.96000000000004,move,improve
2082,11,1893.9199999999996,5,508.96000000000004,swap,acceptBad
2083,11,1893.9199999999996,5,508.96000000000004,2opt,notBad
2084,11,1840.1999999999996,5,508.96000000000004,2opt,improve
2085,11,1838.3599999999997,5,508.96000000000004,move,improve
2086,11,1833.8,5,508.96000000000004,2opt,improve
2087,11,1833.8,5,508.96000000000004,2opt,notBad
2088,11,1961.7199999999998,5,508.96000000000004,swap,acceptBad
2089,11,1961.7199999999998,5,508.96000000000004,move,improve
2090,11,1961.7199999999998,5,508.96000000000004,swap,notBad
2091,11,1964.92,5,508.96000000000004,swap,acceptBad
2092,11,1964.92,5,508.96000000000004,move,improve
2093,11,1977.04,5,508.96000000000004,swap,acceptBad
2094,11,2018.6,5,508.96000000000004,swap,acceptBad
2095,11,2136.4400000000005,5,508.96000000000004,2opt,acceptBad
2096,11,2142.0,5,508.96000000000004,swap,acceptBad
2097,11,2142.0,5,508.96000000000004,move,improve
2098,11,2114.4800000000005,5,508.96000000000004,move,improve
2099,11,2124.16,5,508.96000000000004,2opt,acceptBad
2100,11,2124.16,5,508.96000000000004,2opt,notBad
2101,11,2124.16,5,508.96000000000004,move,improve
2102,11,2097.36,5,508.96000000000004,move,improve
2103,11,2097.36,5,508.96000000000004,2opt,notBad
2104,11,2098.919999999999,5,508.96000000000004,2opt,acceptBad
2105,11,1990.76,5,508.96000000000004,move,improve
2106,11,1990.76,5,508.96000000000004,2opt,improve
2107,11,1990.76,5,508.96000000000004,move,improve
2108,11,2041.1599999999999,5,508.96000000000004,swap,acceptBad
2109,11,2041.1599999999999,5,508.96000000000004,2opt,notBad
2110,11,2115.6400000000003,5,508.96000000000004,swap,acceptBad
2111,11,2122.04,5,508.96000000000004,swap,acceptBad
2112,11,1886.9999999999993,5,508.96000000000004,move,improve
2113,11,1853.279999999999,5,508.96000000000004,move,improve
2114,11,1853.279999999999,5,508.96000000000004,move,improve
2115,11,1868.8799999999994,5,508.96000000000004,2opt,acceptBad
2116,11,1815.1599999999992,5,508.96000000000004,move,improve
2117,11,1815.1599999999992,5,508.96000000000004,2opt,notBad
2118,11,1815.1599999999992,5,508.96000000000004,2opt,notBad
2119,11,1815.0799999999992,5,508.96000000000004,move,improve
2120,11,1773.1999999999998,5,508.96000000000004,swap,improve
2121,11,1782.0799999999995,5,508.96000000000004,2opt,acceptBad
2122,11,1782.0799999999995,5,508.96000000000004,2opt,notBad
2123,11,1782.0799999999995,5,508.96000000000004,2opt,improve
2124,11,1775.9199999999996,5,508.96000000000004,swap,improve
2125,11,1775.9199999999996,5,508.96000000000004,swap,notBad
2126,11,1775.9199999999996,5,508.96000000000004,2opt,notBad
2127,11,1800.1199999999997,5,508.96000000000004,swap,acceptBad
2128,11,1940.4399999999991,5,508.96000000000004,swap,acceptBad
2129,11,1929.8799999999997,5,508.96000000000004,swap,improve
2130,11,1929.8799999999997,5,508.96000000000004,2opt,notBad
2131,11,1928.6799999999994,5,508.96000000000004,move,improve
2132,11,1904.3999999999999,5,508.96000000000004,swap,improve
2133,11,1904.3999999999999,5,508.96000000000004,move,improve
2134,11,1897.9199999999998,5,508.96000000000004,move,improve
2135,11,1897.9199999999998,5,508.96000000000004,swap,notBad
2136,11,1889.4799999999993,5,508.96000000000004,swap,improve
2137,11,1853.1599999999992,5,508.96000000000004,move,improve
2138,11,1889.3999999999992,5,508.96000000000004,swap,acceptBad
2139,11,1888.8399999999992,5,508.96000000000004,move,improve
2140,11,1888.8399999999992,5,508.96000000000004,2opt,notBad
2141,11,1865.799999999999,5,508.96000000000004,move,improve
2142,11,1865.799999999999,5,508.96000000000004,move,improve
2143,11,1865.799999999999,5,508.96000000000004,move,improve
2144,11,1865.5599999999995,5,508.96000000000004,swap,improve
2145,11,1858.5199999999995,5,508.96000000000004,move,improve
2146,11,1879.479999999999,5,508.96000000000004,swap,acceptBad
2147,11,1877.0799999999995,5,508.96000000000004,move,improve
2148,11,1829.1599999999994,5,508.96000000000004,move,improve
2149,11,1829.1599999999994,5,508.96000000000004,2opt,notBad
2150,11,1829.1599999999994,5,508.96000000000004,move,improve
2151,11,1829.1599999999994,5,508.96000000000004,move,improve
2152,11,1829.1599999999994,5,508.96000000000004,2opt,improve
2153,11,1829.1599999999994,5,508.96000000000004,move,improve
2154,11,1826.5999999999997,5,508.96000000000004,swap,improve
2155,11,2065.8399999999997,5,508.96000000000004,swap,acceptBad
2156,11,2065.8399999999997,5,508.96000000000004,2opt,notBad
2157,11,2065.8399999999997,5,508.96000000000004,2opt,notBad
2158,11,2065.8399999999997,5,508.96000000000004,2opt,notBad
2159,11,2065.8399999999997,5,508.96000000000004,2opt,notBad
2160,11,2065.8399999999997,5,508.96000000000004,2opt,notBad
2161,11,1830.7599999999998,5,508.96000000000004,move,improve
2162,11,1810.7599999999998,5,508.96000000000004,swap,improve
2163,11,2096.92,5,508.96000000000004,swap,acceptBad
2164,11,2096.92,5,508.96000000000004,2opt,notBad
2165,11,2074.6000000000004,5,508.96000000000004,move,improve
2166,11,2074.6000000000004,5,508.96000000000004,2opt,notBad
2167,11,1936.5200000000004,5,508.96000000000004,2opt,improve
2168,11,1926.96,5,508.96000000000004,move,improve
2169,11,1926.96,5,508.96000000000004,2opt,notBad
2170,11,2200.88,5,508.96000000000004,swap,acceptBad
2171,11,2178.3999999999996,5,508.96000000000004,move,improve
2172,11,2198.6399999999994,5,508.96000000000004,2opt,acceptBad
2173,11,2093.8399999999997,5,508.96000000000004,swap,improve
2174,11,2110.8,5,508.96000000000004,swap,acceptBad
2175,11,2039.32,5,508.96000000000004,move,improve
2176,11,2039.32,5,508.96000000000004,move,improve
2177,11,2039.32,5,508.96000000000004,2opt,notBad
2178,11,2039.32,5,508.96000000000004,2opt,notBad
2179,11,2090.9199999999996,5,508.96000000000004,swap,acceptBad
2180,11,2090.9199999999996,5,508.96000000000004,swap,notBad
2181,11,2060.7599999999998,5,508.96000000000004,move,improve
2182,11,2103.5599999999995,5,508.96000000000004,2opt,acceptBad
2183,11,2102.04,5,508.96000000000004,move,improve
2184,11,2141.919999999999,5,508.96000000000004,swap,acceptBad
2185,11,2141.919999999999,5,508.96000000000004,move,improve
2186,11,2115.039999999999,5,508.96000000000004,swap,improve
2187,11,2112.119999999999,5,508.96000000000004,swap,improve
2188,11,2166.96,5,508.96000000000004,swap,acceptBad
2189,11,2166.96,5,508.96000000000004,move,improve
2190,11,2166.96,5,508.96000000000004,2opt,notBad
2191,11,2166.96,5,508.96000000000004,2opt,notBad
2192,11,2233.12,5,508.96000000000004,swap,acceptBad
2193,11,2233.04,5,508.96000000000004,2opt,improve
2194,11,2278.5599999999995,5,508.96000000000004,swap,acceptBad
2195,11,2271.2800000000007,5,508.96000000000004,2opt,improve
2196,11,2233.6,5,508.96000000000004,2opt,improve
2197,11,2233.6,5,508.96000000000004,2opt,notBad
2198,11,2233.6,5,508.96000000000004,move,improve
2199,11,2245.24,5,508.96000000000004,swap,acceptBad
2200,11,2239.7200000000003,5,508.96000000000004,swap,improve
2201,11,2200.44,5,508.96000000000004,move,improve
2202,11,2163.72,5,508.96000000000004,move,improve
2203,11,2163.72,5,508.96000000000004,2opt,notBad
2204,11,2163.72,5,508.96000000000004,2opt,notBad
2205,11,2127.52,5,508.96000000000004,move,improve
2206,11,2125.2799999999997,5,508.96000000000004,move,improve
2207,11,2125.2799999999997,5,508.96000000000004,swap,notBad
2208,11,2159.9199999999996,5,508.96000000000004,swap,acceptBad
2209,11,2159.9199999999996,5,508.96000000000004,move,improve
2210,11,2159.9199999999996,5,508.96000000000004,2opt,notBad
2211,11,2159.9199999999996,5,508.96000000000004,2opt,notBad
2212,11,2162.12,5,508.96000000000004,swap,acceptBad
2213,11,2127.3999999999996,5,508.96000000000004,move,improve
2214,11,2127.3999999999996,5,508.96000000000004,2opt,notBad
2215,11,1885.3199999999997,5,508.96000000000004,move,improve
2216,11,1885.3199999999997,5,508.96000000000004,2opt,notBad
2217,11,1901.6799999999996,5,508.96000000000004,swap,acceptBad
2218,11,1901.6799999999996,5,508.96000000000004,swap,notBad
2219,11,1891.9999999999998,5,508.96000000000004,swap,improve
2220,11,1891.9999999999998,5,508.96000000000004,2opt,notBad
2221,11,1869.2799999999997,5,508.96000000000004,swap,improve
2222,11,1932.2399999999998,5,508.96000000000004,swap,acceptBad
2223,11,1932.2399999999998,5,508.96000000000004,move,improve
2224,11,1895.9599999999998,5,508.96000000000004,move,improve
2225,11,1895.9599999999998,5,508.96000000000004,move,improve
2226,11,1970.9599999999996,5,508.96000000000004,swap,acceptBad
2227,11,1842.679999999999,5,508.96000000000004,move,improve
2228,11,1842.679999999999,5,508.96000000000004,2opt,improve
2229,11,1780.7999999999997,5,508.96000000000004,swap,improve
2230,11,1780.7999999999997,5,508.96000000000004,2opt,notBad
2231,11,1775.7200000000003,5,508.96000000000004,swap,improve
2232,11,1808.8399999999997,5,508.96000000000004,2opt,acceptBad
2233,11,1808.8399999999997,5,508.96000000000004,2opt,notBad
2234,11,1811.3999999999999,5,508.96000000000004,2opt,acceptBad
2235,11,1876.16,5,508.96000000000004,swap,acceptBad
2236,11,1876.16,5,508.96000000000004,2opt,notBad
2237,11,1876.16,5,508.96000000000004,2opt,notBad
2238,11,1887.76,5,508.96000000000004,swap,acceptBad
2239,11,1887.76,5,508.96000000000004,2opt,notBad
2240,11,1887.76,5,508.96000000000004,move,improve
2241,11,1891.28,5,508.96000000000004,swap,acceptBad
2242,11,1891.28,5,508.96000000000004,2opt,notBad
2243,11,1891.28,5,508.96000000000004,move,improve
2244,11,1891.28,5,508.96000000000004,2opt,notBad
2245,11,1891.28,5,508.96000000000004,2opt,notBad
2246,11,1913.96,5,508.96000000000004,swap,acceptBad
2247,11,1913.96,5,508.96000000000004,2opt,notBad
2248,11,1912.1200000000001,5,508.96000000000004,move,improve
2249,11,1912.1200000000001,5,508.96000000000004,swap,notBad
2250,11,1867.56,5,508.96000000000004,move,improve
2251,11,1867.56,5,508.96000000000004,2opt,notBad
2252,11,1867.56,5,508.96000000000004,2opt,notBad
2253,11,1857.6,5,508.96000000000004,swap,improve
2254,11,1857.6,5,508.96000000000004,swap,notBad
2255,11,1831.4,5,508.96000000000004,2opt,improve
2256,11,1831.4,5,508.96000000000004,swap,notBad
2257,11,1809.1600000000003,5,508.96000000000004,move,improve
2258,11,1858.4799999999998,5,508.96000000000004,swap,acceptBad
2259,11,1835.2799999999997,5,508.96000000000004,2opt,improve
2260,11,1826.9599999999998,5,508.96000000000004,2opt,improve
2261,11,1826.9599999999998,5,508.96000000000004,move,improve
2262,11,1827.1999999999998,5,508.96000000000004,2opt,acceptBad
2263,11,1854.7199999999996,5,508.96000000000004,swap,acceptBad
2264,11,1787.5599999999995,5,508.96000000000004,2opt,improve
2265,11,1753.2799999999997,5,508.96000000000004,2opt,improve
2266,11,1827.8799999999997,5,508.96000000000004,2opt,acceptBad
2267,11,1827.8799999999997,5,508.96000000000004,move,improve
2268,11,1774.6399999999999,5,508.96000000000004,move,improve
2269,11,1774.6399999999999,5,508.96000000000004,2opt,notBad
2270,11,1818.7199999999996,5,508.96000000000004,2opt,acceptBad
2271,11,1818.7199999999996,5,508.96000000000004,2opt,notBad
2272,11,1818.7199999999996,5,508.96000000000004,2opt,improve
2273,11,1818.7199999999996,5,508.96000000000004,2opt,notBad
2274,11,1819.0399999999995,5,508.96000000000004,swap,acceptBad
2275,11,1819.0399999999995,5,508.96000000000004,2opt,notBad
2276,11,1826.5999999999995,5,508.96000000000004,swap,acceptBad
2277,11,1826.5999999999995,5,508.96000000000004,swap,notBad
2278,11,1828.3600000000001,5,508.96000000000004,2opt,acceptBad
2279,11,1809.56,5,508.96000000000004,2opt,improve
2280,11,1831.88,5,508.96000000000004,swap,acceptBad
2281,11,1838.96,5,508.96000000000004,swap,acceptBad
2282,11,1838.96,5,508.96000000000004,swap,notBad
2283,11,1860.52,5,508.96000000000004,swap,acceptBad
2284,11,1860.52,5,508.96000000000004,2opt,notBad
2285,11,1869.96,5,508.96000000000004,swap,acceptBad
2286,11,1869.96,5,508.96000000000004,move,improve
2287,11,1869.6,5,508.96000000000004,2opt,improve
2288,11,1835.9599999999998,5,508.96000000000004,move,improve
2289,11,1833.2399999999998,5,508.96000000000004,move,improve
2290,11,1833.2399999999998,5,508.96000000000004,move,improve
2291,11,1805.7200000000003,5,508.96000000000004,swap,improve
2292,11,1790.0400000000004,5,508.96000000000004,move,improve
2293,11,1790.0400000000004,5,508.96000000000004,2opt,improve
2294,11,1786.0399999999997,5,508.96000000000004,2opt,improve
2295,11,1786.0399999999997,5,508.96000000000004,2opt,notBad
2296,11,1759.6399999999994,5,508.96000000000004,move,improve
2297,11,1759.6399999999994,5,508.96000000000004,2opt,notBad
2298,11,1759.6399999999994,5,508.96000000000004,2opt,improve
2299,11,1759.6399999999994,5,508.96000000000004,2opt,notBad
2300,11,1731.6399999999994,5,508.96000000000004,swap,improve
2301,11,1721.52,5,508.96000000000004,move,improve
2302,11,1711.2399999999998,5,508.96000000000004,swap,improve
2303,11,1711.2399999999998,5,508.96000000000004,move,improve
2304,11,1711.2399999999998,5,508.96000000000004,move,improve
2305,11,1711.2399999999998,5,508.96000000000004,2opt,notBad
2306,11,1737.8799999999997,5,508.96000000000004,swap,acceptBad
2307,11,1708.9199999999996,5,508.96000000000004,move,improve
2308,11,1708.9199999999996,5,508.96000000000004,2opt,notBad
2309,11,1708.9199999999996,5,508.96000000000004,move,improve
2310,11,1708.9199999999996,5,508.96000000000004,swap,notBad
2311,11,1708.9199999999996,5,508.96000000000004,move,improve
2312,11,1700.9599999999998,5,508.96000000000004,swap,improve
2313,11,1700.9599999999998,5,508.96000000000004,2opt,notBad
2314,11,1840.12,5,508.96000000000004,swap,acceptBad
2315,11,1840.12,5,508.96000000000004,move,improve
2316,11,1840.12,5,508.96000000000004,swap,notBad
2317,11,1840.12,5,508.96000000000004,2opt,notBad
2318,10,1739.9799999999996,5,508.96000000000004,2opt,improve
2319,10,1739.7199999999998,5,508.96000000000004,move,improve
2320,10,1734.7599999999998,5,508.96000000000004,swap,improve
2321,10,1734.7599999999998,5,508.96000000000004,move,improve
2322,10,1732.1599999999999,5,508.96000000000004,move,improve
2323,10,1615.6399999999999,5,508.96000000000004,move,improve
2324,10,1597.58,5,508.96000000000004,move,improve
2325,10,1597.58,5,508.96000000000004,move,improve
2326,10,1597.58,5,508.96000000000004,2opt,notBad
2327,10,1597.58,5,508.96000000000004,move,improve
2328,10,1597.58,5,508.96000000000004,move,improve
2329,10,1613.7999999999997,5,508.96000000000004,2opt,acceptBad
2330,10,1613.7999999999997,5,508.96000000000004,2opt,notBad
2331,10,1613.7999999999997,5,508.96000000000004,2opt,notBad
2332,10,1599.0399999999995,5,508.96000000000004,swap,improve
2333,10,1599.0399999999995,5,508.96000000000004,2opt,notBad
2334,10,1571.1999999999998,5,508.96000000000004,2opt,improve
2335,10,1571.1999999999998,5,508.96000000000004,move,improve
2336,10,1571.1999999999998,5,508.96000000000004,move,improve
2337,10,1571.1999999999998,5,508.96000000000004,2opt,improve
2338,10,1551.3599999999997,5,508.96000000000004,swap,improve
2339,10,1521.0399999999995,5,508.96000000000004,move,improve
2340,10,1521.0399999999995,5,508.96000000000004,move,improve
2341,10,1517.88,5,508.96000000000004,swap,improve
2342,10,1571.8400000000001,5,508.96000000000004,swap,acceptBad
2343,10,1560.08,5,508.96000000000004,move,improve
2344,10,1588.32,5,508.96000000000004,2opt,acceptBad
2345,10,1586.84,5,508.96000000000004,move,improve
2346,10,1488.7999999999997,5,508.96000000000004,move,improve
2347,10,1488.7999999999997,5,508.96000000000004,2opt,notBad
2348,10,1488.7999999999997,5,508.96000000000004,2opt,notBad
2349,10,1488.7999999999997,5,508.96000000000004,2opt,notBad
2350,10,1451.8799999999997,5,508.96000000000004,swap,improve
2351,10,1416.04,5,508.96000000000004,swap,improve
2352,10,1406.0,5,508.96000000000004,move,improve
2353,10,1444.0,5,508.96000000000004,2opt,acceptBad
2354,10,1430.7199999999998,5,508.96000000000004,move,improve
2355,10,1430.7199999999998,5,508.96000000000004,swap,notBad
2356,10,1430.7199999999998,5,508.96000000000004,move,notBad
2357,10,1471.6399999999996,5,508.96000000000004,swap,acceptBad
2358,10,1471.6399999999996,5,508.96000000000004,2opt,notBad
2359,10,1471.6399999999996,5,508.96000000000004,2opt,notBad
2360,10,1469.6999999999998,5,508.96000000000004,move,improve
2361,10,1469.6999999999998,5,508.96000000000004,2opt,notBad
2362,10,1469.6999999999998,5,508.96000000000004,2opt,notBad
2363,10,1469.6999999999998,5,508.96000000000004,move,improve
2364,10,1469.6999999999998,5,508.96000000000004,move,improve
2365,10,1482.0600000000002,5,508.96000000000004,2opt,acceptBad
2366,10,1473.6199999999994,5,508.96000000000004,swap,improve
2367,10,1629.94,5,508.96000000000004,swap,acceptBad
2368,10,1629.94,5,508.96000000000004,2opt,notBad
2369,10,1632.42,5,508.96000000000004,swap,acceptBad
2370,10,1632.42,5,508.96000000000004,2opt,notBad
2371,10,1631.94,5,508.96000000000004,2opt,improve
2372,10,1631.94,5,508.96000000000004,move,improve
2373,10,1631.94,5,508.96000000000004,2opt,notBad
2374,10,1632.44,5,508.96000000000004,swap,acceptBad
2375,10,1632.44,5,508.96000000000004,2opt,notBad
2376,10,1632.44,5,508.96000000000004,2opt,notBad
2377,10,1632.44,5,508.96000000000004,move,improve
2378,10,1632.44,5,508.96000000000004,move,improve
2379,10,1604.3600000000001,5,508.96000000000004,move,improve
2380,10,1604.3600000000001,5,508.96000000000004,2opt,notBad
2381,10,1604.3600000000001,5,508.96000000000004,swap,notBad
2382,10,1604.3600000000001,5,508.96000000000004,move,improve
2383,10,1597.2400000000002,5,508.96000000000004,move,improve
2384,10,1597.2400000000002,5,508.96000000000004,move,improve
2385,10,1597.2400000000002,5,508.96000000000004,swap,notBad
2386,10,1598.4400000000003,5,508.96000000000004,move,acceptBad
2387,10,1609.16,5,508.96000000000004,swap,acceptBad
2388,10,1609.16,5,508.96000000000004,2opt,notBad
2389,10,1609.16,5,508.96000000000004,2opt,notBad
2390,10,1609.16,5,508.96000000000004,move,improve
2391,10,1627.7200000000003,5,508.96000000000004,swap,acceptBad
2392,10,1594.7600000000002,5,508.96000000000004,move,improve
2393,10,1564.5,5,508.96000000000004,swap,improve
2394,10,1564.5,5,508.96000000000004,move,improve
2395,10,1612.8999999999999,5,508.96000000000004,swap,acceptBad
2396,10,1612.8999999999999,5,508.96000000000004,move,improve
2397,10,1616.9,5,508.96000000000004,2opt,acceptBad
2398,10,1616.9,5,508.96000000000004,2opt,notBad
2399,10,1700.56,5,508.96000000000004,swap,acceptBad
2400,10,1704.06,5,508.96000000000004,swap,acceptBad
2401,10,1704.06,5,508.96000000000004,2opt,notBad
2402,10,1675.58,5,508.96000000000004,move,improve
2403,10,1675.58,5,508.96000000000004,swap,notBad
2404,10,1675.58,5,508.96000000000004,2opt,notBad
2405,10,1633.4599999999996,5,508.96000000000004,move,improve
2406,10,1633.0,5,508.96000000000004,swap,improve
2407,10,1633.0,5,508.96000000000004,2opt,notBad
2408,10,1712.2199999999993,5,508.96000000000004,swap,acceptBad
2409,10,1712.2199999999993,5,508.96000000000004,swap,notBad
2410,10,1617.1,5,508.96000000000004,swap,improve
2411,10,1612.06,5,508.96000000000004,swap,improve
2412,10,1658.3200000000002,5,508.96000000000004,swap,acceptBad
2413,10,1658.3200000000002,5,508.96000000000004,move,improve
2414,10,1658.3200000000002,5,508.96000000000004,move,improve
2415,10,1658.6800000000003,5,508.96000000000004,2opt,acceptBad
2416,10,1698.9999999999995,5,508.96000000000004,2opt,acceptBad
2417,10,1698.9999999999995,5,508.96000000000004,2opt,notBad
2418,10,1632.6800000000003,5,508.96000000000004,2opt,improve
2419,10,1632.6800000000003,5,508.96000000000004,move,improve
2420,10,1614.74,5,508.96000000000004,move,improve
2421,10,1646.4200000000005,5,508.96000000000004,2opt,acceptBad
2422,10,1646.4200000000005,5,508.96000000000004,move,improve
2423,10,1646.4200000000005,5,508.96000000000004,move,improve
2424,10,1646.4200000000005,5,508.96000000000004,2opt,notBad
2425,10,1593.8600000000001,5,508.96000000000004,swap,improve
2426,10,1593.8600000000001,5,508.96000000000004,move,improve
2427,10,1563.3000000000002,5,508.96000000000004,move,improve
2428,10,1669.9200000000005,5,508.96000000000004,swap,acceptBad
2429,10,1762.0600000000004,5,508.96000000000004,swap,acceptBad
2430,10,1762.0600000000004,5,508.96000000000004,move,improve
2431,10,1762.0600000000004,5,508.96000000000004,2opt,notBad
2432,10,1736.8600000000004,5,508.96000000000004,swap,improve
2433,10,1890.0,5,508.96000000000004,swap,acceptBad
2434,10,1890.0,5,508.96000000000004,swap,notBad
2435,10,1890.0,5,508.96000000000004,2opt,improve
2436,10,1890.0,5,508.96000000000004,2opt,notBad
2437,10,1888.88,5,508.96000000000004,move,improve
2438,10,1891.1000000000001,5,508.96000000000004,swap,acceptBad
2439,10,1891.1000000000001,5,508.96000000000004,swap,notBad
2440,10,1891.1000000000001,5,508.96000000000004,2opt,notBad
2441,10,1891.1000000000001,5,508.96000000000004,2opt,notBad
2442,10,1947.8200000000002,5,508.96000000000004,swap,acceptBad
2443,10,1908.38,5,508.96000000000004,move,improve
2444,10,1908.38,5,508.96000000000004,2opt,notBad
2445,10,1799.08,5,508.96000000000004,move,improve
2446,10,1799.08,5,508.96000000000004,2opt,improve
2447,10,1789.42,5,508.96000000000004,swap,improve
2448,10,1733.3600000000001,5,508.96000000000004,move,improve
2449,10,1787.4999999999995,5,508.96000000000004,swap,acceptBad
2450,10,1787.4999999999995,5,508.96000000000004,move,improve
2451,10,1884.06,5,508.96000000000004,swap,acceptBad
2452,10,1847.58,5,508.96000000000004,2opt,improve
2453,10,1846.5399999999997,5,508.96000000000004,swap,improve
2454,10,1804.5800000000004,5,508.96000000000004,move,improve
2455,10,1789.14,5,508.96000000000004,move,improve
2456,10,1789.14,5,508.96000000000004,2opt,notBad
2457,10,1720.52,5,508.96000000000004,move,improve
2458,10,1714.1199999999997,5,508.96000000000004,2opt,improve
2459,10,1714.1199999999997,5,508.96000000000004,move,improve
2460,10,1714.1199999999997,5,508.96000000000004,move,improve
2461,10,1714.1199999999997,5,508.96000000000004,2opt,notBad
2462,10,1694.5199999999995,5,508.96000000000004,move,improve
2463,10,1711.5599999999995,5,508.96000000000004,swap,acceptBad
2464,10,1711.5599999999995,5,508.96000000000004,2opt,notBad
2465,10,1711.5599999999995,5,508.96000000000004,2opt,notBad
2466,10,1694.5199999999995,5,508.96000000000004,swap,improve
2467,10,1694.5199999999995,5,508.96000000000004,move,improve
2468,10,1694.5199999999995,5,508.96000000000004,2opt,notBad
2469,10,1694.5199999999995,5,508.96000000000004,2opt,notBad
2470,10,1694.5199999999995,5,508.96000000000004,move,improve
2471,10,1708.8599999999997,5,508.96000000000004,swap,acceptBad
2472,10,1708.8599999999997,5,508.96000000000004,move,improve
2473,10,1744.9199999999996,5,508.96000000000004,swap,acceptBad
2474,10,1744.9199999999996,5,508.96000000000004,move,improve
2475,10,1744.9199999999996,5,508.96000000000004,2opt,improve
2476,10,1744.9199999999996,5,508.96000000000004,move,improve
2477,10,1714.9199999999996,5,508.96000000000004,move,improve
2478,10,1694.0599999999995,5,508.96000000000004,swap,improve
2479,10,1694.0599999999995,5,508.96000000000004,move,improve
2480,10,1694.0599999999995,5,508.96000000000004,2opt,notBad
2481,10,1686.9399999999991,5,508.96000000000004,swap,improve
2482,10,1686.9399999999991,5,508.96000000000004,2opt,notBad
2483,10,1686.9399999999991,5,508.96000000000004,move,improve
2484,10,1712.54,5,508.96000000000004,2opt,acceptBad
2485,10,1835.54,5,508.96000000000004,swap,acceptBad
2486,10,1835.3000000000002,5,508.96000000000004,2opt,improve
2487,10,1835.3000000000002,5,508.96000000000004,2opt,improve
2488,10,1835.3000000000002,5,508.96000000000004,move,improve
2489,10,1835.3000000000002,5,508.96000000000004,swap,notBad
2490,10,1826.2000000000003,5,508.96000000000004,2opt,improve
2491,10,1826.6000000000004,5,508.96000000000004,swap,acceptBad
2492,10,1832.4800000000002,5,508.96000000000004,swap,acceptBad
2493,10,1832.4800000000002,5,508.96000000000004,2opt,notBad
2494,10,1756.8200000000002,5,508.96000000000004,move,improve
2495,10,1754.7400000000002,5,508.96000000000004,move,improve
2496,10,1727.46,5,508.96000000000004,move,improve
2497,10,1727.46,5,508.96000000000004,move,improve
2498,10,1727.46,5,508.96000000000004,2opt,notBad
2499,10,1727.46,5,508.96000000000004,move,improve
2500,10,1657.88,5,508.96000000000004,move,improve
2501,10,1657.88,5,508.96000000000004,move,improve
2502,10,1632.6000000000001,5,508.96000000000004,move,improve
2503,10,1599.68,5,508.96000000000004,swap,improve
2504,10,1572.8600000000001,5,508.96000000000004,move,improve
2505,10,1572.8600000000001,5,508.96000000000004,move,improve
2506,10,1646.2200000000003,5,508.96000000000004,swap,acceptBad
2507,10,1650.7800000000002,5,508.96000000000004,2opt,acceptBad
2508,10,1663.54,5,508.96000000000004,swap,acceptBad
2509,10,1497.5199999999998,5,508.96000000000004,move,improve
2510,10,1497.5199999999998,5,508.96000000000004,move,improve
2511,10,1512.1399999999999,5,508.96000000000004,swap,acceptBad
2512,10,1512.1399999999999,5,508.96000000000004,2opt,notBad
2513,10,1472.7599999999998,5,508.96000000000004,swap,improve
2514,10,1553.7399999999998,5,508.96000000000004,swap,acceptBad
2515,10,1556.6599999999999,5,508.96000000000004,swap,acceptBad
2516,10,1556.6599999999999,5,508.96000000000004,2opt,notBad
2517,10,1600.74,5,508.96000000000004,swap,acceptBad
2518,10,1600.74,5,508.96000000000004,move,improve
2519,10,1600.74,5,508.96000000000004,2opt,notBad
2520,10,1600.74,5,508.96000000000004,move,improve
2521,10,1717.6200000000003,5,508.96000000000004,swap,acceptBad
2522,10,1714.6200000000003,5,508.96000000000004,move,improve
2523,10,1704.3200000000002,5,508.96000000000004,move,improve
2524,10,1704.3200000000002,5,508.96000000000004,2opt,notBad
2525,10,1704.3200000000002,5,508.96000000000004,move,improve
2526,10,1704.48,5,508.96000000000004,swap,acceptBad
2527,10,1704.48,5,508.96000000000004,2opt,notBad
2528,10,1712.3200000000002,5,508.96000000000004,2opt,acceptBad
2529,10,1712.3200000000002,5,508.96000000000004,2opt,notBad
2530,10,1712.3200000000002,5,508.96000000000004,2opt,notBad
2531,10,1789.0600000000002,5,508.96000000000004,swap,acceptBad
2532,10,1807.42,5,508.96000000000004,2opt,acceptBad
2533,10,1802.92,5,508.96000000000004,move,improve
2534,10,1812.06,5,508.96000000000004,swap,acceptBad
2535,10,1820.8599999999997,5,508.96000000000004,swap,acceptBad
2536,10,1814.1399999999996,5,508.96000000000004,swap,improve
2537,10,1784.1399999999999,5,508.96000000000004,move,improve
2538,10,1780.4799999999996,5,508.96000000000004,move,improve
2539,10,1780.4799999999996,5,508.96000000000004,2opt,notBad
2540,10,1780.4799999999996,5,508.96000000000004,2opt,notBad
2541,10,1780.4799999999996,5,508.96000000000004,2opt,notBad
2542,10,1807.7600000000002,5,508.96000000000004,2opt,acceptBad
2543,10,1806.0800000000002,5,508.96000000000004,move,improve
2544,10,1806.0800000000002,5,508.96000000000004,2opt,notBad
2545,10,1806.0800000000002,5,508.96000000000004,move,improve
2546,10,1804.16,5,508.96000000000004,move,improve
2547,10,1804.16,5,508.96000000000004,move,improve
2548,10,1752.4800000000005,5,508.96000000000004,move,improve
2549,10,1752.4800000000005,5,508.96000000000004,swap,notBad
2550,10,1752.4800000000005,5,508.96000000000004,2opt,notBad
2551,10,1752.4800000000005,5,508.96000000000004,swap,notBad
2552,10,1751.8800000000006,5,508.96000000000004,move,improve
2553,10,1751.8800000000006,5,508.96000000000004,2opt,notBad
2554,10,1743.4600000000005,5,508.96000000000004,move,improve
2555,10,1743.4600000000005,5,508.96000000000004,2opt,notBad
2556,10,1743.4600000000005,5,508.96000000000004,move,improve
2557,10,1742.1400000000003,5,508.96000000000004,2opt,improve
2558,10,1742.1400000000003,5,508.96000000000004,2opt,improve
2559,10,1748.2200000000003,5,508.96000000000004,swap,acceptBad
2560,10,1748.2200000000003,5,508.96000000000004,swap,notBad
2561,10,1764.02,5,508.96000000000004,swap,acceptBad
2562,10,1741.3000000000002,5,508.96000000000004,swap,improve
2563,10,1721.2200000000003,5,508.96000000000004,swap,improve
2564,10,1721.2200000000003,5,508.96000000000004,move,improve
2565,10,1652.04,5,508.96000000000004,move,improve
2566,10,1642.06,5,508.96000000000004,move,improve
2567,10,1684.1999999999998,5,508.96000000000004,swap,acceptBad
2568,10,1684.1999999999998,5,508.96000000000004,2opt,notBad
2569,10,1684.1999999999998,5,508.96000000000004,move,improve
2570,10,1703.8000000000002,5,508.96000000000004,2opt,acceptBad
2571,10,1696.8600000000001,5,508.96000000000004,swap,improve
2572,10,1712.56,5,508.96000000000004,swap,acceptBad
2573,10,1712.56,5,508.96000000000004,swap,notBad
2574,10,1750.4599999999996,5,508.96000000000004,swap,acceptBad
2575,10,1691.6199999999994,5,508.96000000000004,move,improve
2576,10,1689.1,5,508.96000000000004,move,improve
2577,10,1689.1,5,508.96000000000004,2opt,notBad
2578,10,1689.1,5,508.96000000000004,move,improve
2579,10,1689.1,5,508.96000000000004,swap,notBad
2580,10,1721.3999999999996,5,508.96000000000004,2opt,acceptBad
2581,10,1747.4799999999996,5,508.96000000000004,swap,acceptBad
2582,10,1630.5200000000004,5,508.96000000000004,swap,improve
2583,10,1630.5200000000004,5,508.96000000000004,2opt,notBad
2584,10,1630.5200000000004,5,508.96000000000004,move,improve
2585,10,1601.0800000000004,5,508.96000000000004,move,improve
2586,10,1595.9799999999996,5,508.96000000000004,swap,improve
2587,10,1595.9799999999996,5,508.96000000000004,swap,notBad
2588,10,1563.8199999999997,5,508.96000000000004,swap,improve
2589,10,1563.8199999999997,5,508.96000000000004,2opt,notBad
2590,10,1555.6399999999999,5,508.96000000000004,move,improve
2591,10,1555.6399999999999,5,508.96000000000004,swap,notBad
2592,10,1534.6799999999998,5,508.96000000000004,move,improve
2593,10,1545.44,5,508.96000000000004,swap,acceptBad
2594,10,1588.32,5,508.96000000000004,swap,acceptBad
2595,10,1588.32,5,508.96000000000004,2opt,notBad
2596,10,1588.32,5,508.96000000000004,2opt,notBad
2597,10,1588.32,5,508.96000000000004,move,improve
2598,10,1588.32,5,508.96000000000004,2opt,notBad
2599,10,1588.32,5,508.96000000000004,2opt,notBad
2600,10,1588.32,5,508.96000000000004,swap,notBad
2601,10,1588.32,5,508.96000000000004,move,improve
2602,10,1572.08,5,508.96000000000004,move,improve
2603,10,1558.12,5,508.96000000000004,swap,improve
2604,10,1558.12,5,508.96000000000004,move,improve
2605,10,1558.12,5,508.96000000000004,swap,notBad
2606,10,1558.12,5,508.96000000000004,2opt,notBad
2607,10,1558.12,5,508.96000000000004,move,improve
2608,10,1558.12,5,508.96000000000004,2opt,notBad
2609,10,1558.12,5,508.96000000000004,move,improve
2610,10,1581.9,5,508.96000000000004,swap,acceptBad
2611,10,1581.9,5,508.96000000000004,move,improve
2612,10,1581.9,5,508.96000000000004,move,improve
2613,10,1581.9,5,508.96000000000004,move,improve
2614,10,1581.9,5,508.96000000000004,2opt,notBad
2615,10,1581.58,5,508.96000000000004,move,improve
2616,10,1572.5799999999997,5,508.96000000000004,move,improve
2617,10,1572.5799999999997,5,508.96000000000004,move,improve
2618,10,1581.0599999999997,5,508.96000000000004,swap,acceptBad
2619,10,1581.0599999999997,5,508.96000000000004,2opt,notBad
2620,10,1588.02,5,508.96000000000004,swap,acceptBad
2621,10,1588.02,5,508.96000000000004,move,improve
2622,10,1592.32,5,508.96000000000004,swap,acceptBad
2623,10,1589.8799999999999,5,508.96000000000004,2opt,improve
2624,10,1539.4800000000002,5,508.96000000000004,move,improve
2625,10,1539.4800000000002,5,508.96000000000004,2opt,notBad
2626,10,1519.44,5,508.96000000000004,move,improve
2627,10,1519.44,5,508.96000000000004,swap,notBad
2628,10,1519.44,5,508.96000000000004,move,improve
2629,10,1534.04,5,508.96000000000004,swap,acceptBad
2630,10,1534.04,5,508.96000000000004,2opt,notBad
2631,10,1534.04,5,508.96000000000004,move,improve
2632,10,1525.3600000000001,5,508.96000000000004,swap,improve
2633,10,1523.1,5,508.96000000000004,swap,improve
2634,10,1552.2999999999997,5,508.96000000000004,swap,acceptBad
2635,10,1552.2999999999997,5,508.96000000000004,move,improve
2636,10,1559.82,5,508.96000000000004,swap,acceptBad
2637,10,1559.82,5,508.96000000000004,move,improve
2638,10,1531.18,5,508.96000000000004,swap,improve
2639,10,1531.18,5,508.96000000000004,2opt,notBad
2640,10,1531.18,5,508.96000000000004,swap,notBad
2641,10,1508.94,5,508.96000000000004,move,improve
2642,10,1508.94,5,508.96000000000004,2opt,notBad
2643,10,1525.8400000000001,5,508.96000000000004,swap,acceptBad
2644,10,1508.86,5,508.96000000000004,move,improve
2645,10,1508.86,5,508.96000000000004,move,improve
2646,10,1508.86,5,508.96000000000004,move,improve
2647,10,1508.86,5,508.96000000000004,2opt,notBad
2648,10,1504.36,5,508.96000000000004,move,improve
2649,10,1547.6,5,508.96000000000004,swap,acceptBad
2650,10,1547.6,5,508.96000000000004,2opt,notBad
2651,10,1536.1599999999999,5,508.96000000000004,move,improve
2652,10,1536.1599999999999,5,508.96000000000004,2opt,notBad
2653,10,1536.1599999999999,5,508.96000000000004,swap,notBad
2654,10,1536.1599999999999,5,508.96000000000004,move,improve
2655,10,1536.1599999999999,5,508.96000000000004,move,improve
2656,10,1536.1599999999999,5,508.96000000000004,2opt,notBad
2657,10,1536.1599999999999,5,508.96000000000004,swap,notBad
2658,10,1536.1599999999999,5,508.96000000000004,swap,notBad
2659,10,1526.1599999999996,5,508.96000000000004,swap,improve
2660,10,1526.1599999999996,5,508.96000000000004,2opt,notBad
2661,10,1527.5999999999997,5,508.96000000000004,swap,acceptBad
2662,10,1527.5999999999997,5,508.96000000000004,2opt,notBad
2663,10,1527.5999999999997,5,508.96000000000004,2opt,notBad
2664,10,1527.5999999999997,5,508.96000000000004,move,improve
2665,10,1517.1599999999996,5,508.96000000000004,move,improve
2666,10,1517.1599999999996,5,508.96000000000004,move,improve
2667,10,1517.1599999999996,5,508.96000000000004,move,improve
2668,10,1517.1599999999996,5,508.96000000000004,swap,notBad
2669,10,1503.8399999999997,5,508.96000000000004,swap,improve
2670,10,1497.8999999999999,5,508.96000000000004,move,improve
2671,9,1400.56,5,508.96000000000004,move,improve
2672,9,1400.56,5,508.96000000000004,2opt,notBad
2673,9,1411.0800000000004,5,508.96000000000004,2opt,acceptBad
2674,9,1404.9200000000003,5,508.96000000000004,move,improve
2675,9,1404.9200000000003,5,508.96000000000004,2opt,notBad
2676,9,1404.9200000000003,5,508.96000000000004,move,improve
2677,9,1401.7999999999997,5,508.96000000000004,2opt,improve
2678,9,1408.56,5,508.96000000000004,swap,acceptBad
2679,9,1408.56,5,508.96000000000004,2opt,notBad
2680,9,1408.56,5,508.96000000000004,2opt,notBad
2681,9,1408.0,5,508.96000000000004,swap,improve
2682,9,1409.88,5,508.96000000000004,swap,acceptBad
2683,9,1457.3200000000002,5,508.96000000000004,swap,acceptBad
2684,9,1457.3200000000002,5,508.96000000000004,move,improve
2685,9,1450.1200000000001,5,508.96000000000004,move,improve
2686,9,1450.1200000000001,5,508.96000000000004,2opt,notBad
2687,9,1450.1200000000001,5,508.96000000000004,move,improve
2688,9,1450.1200000000001,5,508.96000000000004,swap,notBad
2689,9,1450.1200000000001,5,508.96000000000004,2opt,notBad
2690,9,1450.1200000000001,5,508.96000000000004,2opt,notBad
2691,9,1465.16,5,508.96000000000004,swap,acceptBad
2692,9,1465.16,5,508.96000000000004,swap,notBad
2693,9,1460.0800000000002,5,508.96000000000004,swap,improve
2694,9,1460.0800000000002,5,508.96000000000004,move,improve
2695,9,1512.5600000000002,5,508.96000000000004,swap,acceptBad
2696,9,1512.5600000000002,5,508.96000000000004,swap,notBad
2697,9,1512.5600000000002,5,508.96000000000004,2opt,notBad
2698,9,1512.5600000000002,5,508.96000000000004,move,improve
2699,9,1487.8799999999999,5,508.96000000000004,move,improve
2700,9,1487.1999999999996,5,508.96000000000004,move,improve
2701,9,1418.8799999999997,5,508.96000000000004,move,improve
2702,9,1418.8799999999997,5,508.96000000000004,2opt,notBad
2703,9,1418.8799999999997,5,508.96000000000004,swap,notBad
2704,9,1410.7199999999996,5,508.96000000000004,2opt,improve
2705,9,1421.6399999999992,5,508.96000000000004,2opt,acceptBad
2706,9,1456.6799999999994,5,508.96000000000004,swap,acceptBad
2707,9,1456.6799999999994,5,508.96000000000004,move,improve
2708,9,1456.6799999999994,5,508.96000000000004,move,improve
2709,9,1456.6799999999994,5,508.96000000000004,move,improve
2710,9,1479.6799999999996,5,508.96000000000004,swap,acceptBad
2711,9,1486.4400000000003,5,508.96000000000004,2opt,acceptBad
2712,9,1486.4400000000003,5,508.96000000000004,2opt,notBad
2713,9,1520.8400000000001,5,508.96000000000004,swap,acceptBad
2714,9,1547.5600000000004,5,508.96000000000004,swap,acceptBad
2715,9,1520.0400000000002,5,508.96000000000004,move,improve
2716,9,1520.0400000000002,5,508.96000000000004,2opt,improve
2717,9,1504.8800000000003,5,508.96000000000004,move,improve
2718,9,1504.8800000000003,5,508.96000000000004,2opt,notBad
2719,9,1504.8800000000003,5,508.96000000000004,2opt,notBad
2720,9,1513.9600000000003,5,508.96000000000004,swap,acceptBad
2721,9,1513.9600000000003,5,508.96000000000004,move,improve
2722,9,1513.9600000000003,5,508.96000000000004,2opt,notBad
2723,9,1534.5200000000004,5,508.96000000000004,swap,acceptBad
2724,9,1527.2000000000003,5,508.96000000000004,move,improve
2725,9,1527.2000000000003,5,508.96000000000004,2opt,notBad
2726,9,1527.2000000000003,5,508.96000000000004,2opt,notBad
2727,9,1527.2000000000003,5,508.96000000000004,move,improve
2728,9,1512.2400000000005,5,508.96000000000004,move,improve
2729,9,1528.4800000000002,5,508.96000000000004,swap,acceptBad
2730,9,1528.3600000000006,5,508.96000000000004,swap,improve
2731,9,1528.3600000000006,5,508.96000000000004,move,improve
2732,9,1466.8400000000004,5,508.96000000000004,move,improve
2733,9,1466.8400000000004,5,508.96000000000004,2opt,notBad
2734,9,1466.8400000000004,5,508.96000000000004,2opt,notBad
2735,9,1456.04,5,508.96000000000004,2opt,improve
2736,9,1454.52,5,508.96000000000004,swap,improve
2737,9,1456.76,5,508.96000000000004,swap,acceptBad
2738,9,1456.76,5,508.96000000000004,move,improve
2739,9,1456.76,5,508.96000000000004,move,improve
2740,9,1456.76,5,508.96000000000004,swap,notBad
2741,9,1394.8,5,508.96000000000004,move,improve
2742,9,1394.8,5,508.96000000000004,swap,notBad
2743,9,1389.92,5,508.96000000000004,swap,improve
2744,9,1388.3999999999999,5,508.96000000000004,2opt,improve
2745,9,1388.1599999999999,5,508.96000000000004,swap,improve
2746,9,1388.44,5,508.96000000000004,swap,acceptBad
2747,9,1388.44,5,508.96000000000004,move,improve
2748,9,1388.44,5,508.96000000000004,move,improve
2749,9,1388.44,5,508.96000000000004,move,improve
2750,9,1388.44,5,508.96000000000004,move,improve
2751,9,1388.44,5,508.96000000000004,2opt,notBad
2752,9,1381.48,5,508.96000000000004,swap,improve
2753,9,1381.48,5,508.96000000000004,2opt,notBad
2754,9,1416.12,5,508.96000000000004,swap,acceptBad
2755,9,1463.12,5,508.96000000000004,swap,acceptBad
2756,9,1463.12,5,508.96000000000004,move,improve
2757,9,1463.12,5,508.96000000000004,2opt,notBad
2758,9,1463.12,5,508.96000000000004,move,improve
2759,9,1463.12,5,508.96000000000004,2opt,notBad
2760,9,1463.12,5,508.96000000000004,2opt,notBad
2761,9,1463.12,5,508.96000000000004,2opt,notBad
2762,9,1463.12,5,508.96000000000004,2opt,notBad
2763,9,1463.12,5,508.96000000000004,2opt,improve
2764,9,1457.5199999999995,5,508.96000000000004,swap,improve
2765,9,1457.5199999999995,5,508.96000000000004,move,improve
2766,9,1506.1599999999996,5,508.96000000000004,swap,acceptBad
2767,9,1456.88,5,508.96000000000004,move,improve
2768,9,1456.88,5,508.96000000000004,move,improve
2769,9,1456.88,5,508.96000000000004,2opt,notBad
2770,9,1456.88,5,508.96000000000004,swap,notBad
2771,9,1456.88,5,508.96000000000004,2opt,notBad
2772,9,1461.6400000000003,5,508.96000000000004,swap,acceptBad
2773,9,1456.8000000000004,5,508.96000000000004,swap,improve
2774,9,1456.8000000000004,5,508.96000000000004,swap,notBad
2775,9,1456.8000000000004,5,508.96000000000004,2opt,notBad
2776,9,1456.8000000000004,5,508.96000000000004,2opt,improve
2777,9,1456.8000000000004,5,508.96000000000004,2opt,notBad
2778,9,1456.8000000000004,5,508.96000000000004,move,improve
2779,9,1456.8000000000004,5,508.96000000000004,2opt,notBad
2780,9,1441.4800000000002,5,508.96000000000004,swap,improve
2781,9,1441.4800000000002,5,508.96000000000004,2opt,notBad
2782,9,1441.4800000000002,5,508.96000000000004,move,improve
2783,9,1431.16,5,508.96000000000004,2opt,improve
2784,9,1396.2800000000002,5,508.96000000000004,move,improve
2785,9,1396.2800000000002,5,508.96000000000004,2opt,notBad
2786,9,1373.4800000000005,5,508.96000000000004,swap,improve
2787,9,1373.4800000000005,5,508.96000000000004,2opt,notBad
2788,9,1373.4800000000005,5,508.96000000000004,swap,notBad
2789,9,1373.4800000000005,5,508.96000000000004,move,improve
2790,9,1377.5600000000002,5,508.96000000000004,swap,acceptBad
2791,9,1377.5600000000002,5,508.96000000000004,swap,notBad
2792,9,1358.2000000000005,5,508.96000000000004,move,improve
2793,9,1362.3600000000004,5,508.96000000000004,move,acceptBad
2794,9,1362.3600000000004,5,508.96000000000004,2opt,notBad
2795,9,1371.2800000000004,5,508.96000000000004,2opt,acceptBad
2796,9,1359.1600000000005,5,508.96000000000004,swap,improve
2797,9,1384.1200000000006,5,508.96000000000004,swap,acceptBad
2798,9,1384.1200000000006,5,508.96000000000004,move,improve
2799,9,1384.1200000000006,5,508.96000000000004,move,improve
2800,9,1438.8400000000006,5,508.96000000000004,swap,acceptBad
2801,9,1438.8400000000006,5,508.96000000000004,2opt,notBad
2802,9,1479.2400000000005,5,508.96000000000004,swap,acceptBad
2803,9,1479.2400000000005,5,508.96000000000004,2opt,notBad
2804,9,1479.2400000000005,5,508.96000000000004,2opt,notBad
2805,9,1468.7200000000005,5,508.96000000000004,move,improve
2806,9,1422.6399999999999,5,508.96000000000004,move,improve
2807,9,1422.6399999999999,5,508.96000000000004,move,improve
2808,9,1422.6399999999999,5,508.96000000000004,2opt,notBad
2809,9,1433.9999999999995,5,508.96000000000004,2opt,acceptBad
2810,9,1433.9999999999995,5,508.96000000000004,2opt,improve
2811,9,1486.9599999999996,5,508.96000000000004,swap,acceptBad
2812,9,1486.9599999999996,5,508.96000000000004,move,improve
2813,9,1443.4799999999998,5,508.96000000000004,swap,improve
2814,9,1443.4799999999998,5,508.96000000000004,2opt,notBad
2815,9,1462.2799999999995,5,508.96000000000004,swap,acceptBad
2816,9,1465.3999999999996,5,508.96000000000004,swap,acceptBad
2817,9,1465.3999999999996,5,508.96000000000004,2opt,improve
2818,9,1465.3999999999996,5,508.96000000000004,2opt,improve
2819,9,1419.5199999999998,5,508.96000000000004,swap,improve
2820,9,1419.5199999999998,5,508.96000000000004,2opt,notBad
2821,9,1419.5199999999998,5,508.96000000000004,2opt,notBad
2822,9,1419.5199999999998,5,508.96000000000004,swap,notBad
2823,9,1419.5199999999998,5,508.96000000000004,move,improve
2824,9,1419.5199999999998,5,508.96000000000004,move,improve
2825,9,1419.5199999999998,5,508.96000000000004,2opt,notBad
2826,9,1419.5199999999998,5,508.96000000000004,move,improve
2827,9,1383.6799999999998,5,508.96000000000004,move,improve
2828,9,1391.52,5,508.96000000000004,swap,acceptBad
2829,9,1391.52,5,508.96000000000004,2opt,notBad
2830,9,1387.7999999999997,5,508.96000000000004,move,improve
2831,9,1386.4399999999996,5,508.96000000000004,move,improve
2832,9,1395.5600000000002,5,508.96000000000004,2opt,acceptBad
2833,9,1395.32,5,508.96000000000004,swap,improve
2834,9,1395.32,5,508.96000000000004,2opt,notBad
2835,9,1395.32,5,508.96000000000004,2opt,notBad
2836,9,1395.32,5,508.96000000000004,2opt,notBad
2837,9,1395.32,5,508.96000000000004,swap,notBad
2838,9,1395.32,5,508.96000000000004,2opt,notBad
2839,9,1395.32,5,508.96000000000004,move,improve
2840,9,1400.2399999999998,5,508.96000000000004,swap,acceptBad
2841,9,1400.2399999999998,5,508.96000000000004,swap,notBad
2842,9,1400.2399999999998,5,508.96000000000004,2opt,notBad
2843,9,1417.12,5,508.96000000000004,swap,acceptBad
2844,9,1463.1999999999998,5,508.96000000000004,swap,acceptBad
2845,9,1469.6799999999998,5,508.96000000000004,swap,acceptBad
2846,9,1469.6799999999998,5,508.96000000000004,2opt,notBad
2847,9,1469.6799999999998,5,508.96000000000004,2opt,notBad
2848,9,1469.6799999999998,5,508.96000000000004,2opt,notBad
2849,9,1469.6799999999998,5,508.96000000000004,move,improve
2850,9,1469.6799999999998,5,508.96000000000004,2opt,notBad
2851,9,1482.2400000000002,5,508.96000000000004,swap,acceptBad
2852,9,1482.2400000000002,5,508.96000000000004,swap,improve
2853,9,1482.2400000000002,5,508.96000000000004,move,improve
2854,9,1450.48,5,508.96000000000004,move,improve
2855,9,1450.48,5,508.96000000000004,move,improve
2856,9,1450.48,5,508.96000000000004,swap,notBad
2857,9,1452.88,5,508.96000000000004,swap,acceptBad
2858,9,1452.88,5,508.96000000000004,move,improve
2859,9,1427.6000000000001,5,508.96000000000004,move,improve
2860,9,1424.0800000000002,5,508.96000000000004,move,improve
2861,9,1424.0800000000002,5,508.96000000000004,2opt,notBad
2862,9,1416.8799999999999,5,508.96000000000004,move,improve
2863,9,1407.76,5,508.96000000000004,swap,improve
2864,9,1398.2399999999998,5,508.96000000000004,swap,improve
2865,9,1411.2799999999997,5,508.96000000000004,2opt,acceptBad
2866,9,1411.2799999999997,5,508.96000000000004,move,improve
2867,9,1411.2799999999997,5,508.96000000000004,2opt,notBad
2868,9,1369.5599999999997,5,508.96000000000004,move,improve
2869,9,1347.8799999999999,5,508.96000000000004,move,improve
2870,9,1347.8799999999999,5,508.96000000000004,swap,notBad
2871,9,1346.4799999999998,5,508.96000000000004,swap,improve
2872,9,1346.4799999999998,5,508.96000000000004,swap,notBad
2873,9,1346.4799999999998,5,508.96000000000004,2opt,notBad
2874,9,1346.4799999999998,5,508.96000000000004,move,improve
2875,9,1330.68,5,508.96000000000004,swap,improve
2876,9,1319.96,5,508.96000000000004,move,improve
2877,9,1327.7199999999998,5,508.96000000000004,swap,acceptBad
2878,9,1290.16,5,508.96000000000004,2opt,improve
2879,9,1270.7999999999997,5,508.96000000000004,swap,improve
2880,9,1262.7599999999998,5,508.96000000000004,swap,improve
2881,9,1262.7599999999998,5,508.96000000000004,2opt,notBad
2882,9,1275.3600000000001,5,508.96000000000004,swap,acceptBad
2883,9,1287.68,5,508.96000000000004,swap,acceptBad
2884,9,1278.64,5,508.96000000000004,swap,improve
2885,9,1278.64,5,508.96000000000004,move,improve
2886,9,1278.64,5,508.96000000000004,move,improve
2887,9,1252.4800000000002,5,508.96000000000004,move,improve
2888,9,1252.4800000000002,5,508.96000000000004,swap,notBad
2889,9,1252.4800000000002,5,508.96000000000004,swap,notBad
2890,9,1252.4800000000002,5,508.96000000000004,move,improve
2891,9,1264.0,5,508.96000000000004,2opt,acceptBad
2892,9,1226.8799999999999,5,508.96000000000004,move,improve
2893,9,1226.8799999999999,5,508.96000000000004,move,improve
2894,9,1274.6399999999999,5,508.96000000000004,swap,acceptBad
2895,9,1274.6399999999999,5,508.96000000000004,swap,notBad
2896,9,1274.6399999999999,5,508.96000000000004,move,improve
2897,9,1274.6399999999999,5,508.96000000000004,move,improve
2898,9,1275.6,5,508.96000000000004,swap,acceptBad
2899,9,1275.6,5,508.96000000000004,2opt,notBad
2900,9,1275.6,5,508.96000000000004,swap,notBad
2901,9,1275.6,5,508.96000000000004,move,improve
2902,9,1275.6,5,508.96000000000004,move,improve
2903,9,1275.6,5,508.96000000000004,2opt,notBad
2904,9,1275.6,5,508.96000000000004,2opt,notBad
2905,9,1276.96,5,508.96000000000004,swap,acceptBad
2906,9,1276.96,5,508.96000000000004,move,improve
2907,9,1276.96,5,508.96000000000004,move,improve
2908,9,1276.96,5,508.96000000000004,2opt,improve
2909,9,1276.96,5,508.96000000000004,move,improve
2910,9,1286.04,5,508.96000000000004,swap,acceptBad
2911,9,1269.5600000000002,5,508.96000000000004,swap,improve
2912,9,1269.5600000000002,5,508.96000000000004,2opt,notBad
2913,9,1269.5600000000002,5,508.96000000000004,2opt,notBad
2914,9,1269.5600000000002,5,508.96000000000004,move,improve
2915,9,1269.5600000000002,5,508.96000000000004,swap,notBad
2916,9,1269.5600000000002,5,508.96000000000004,2opt,notBad
2917,9,1269.5600000000002,5,508.96000000000004,2opt,notBad
2918,9,1269.5600000000002,5,508.96000000000004,swap,notBad
2919,9,1269.5600000000002,5,508.96000000000004,move,improve
2920,9,1269.5600000000002,5,508.96000000000004,swap,notBad
2921,9,1269.5600000000002,5,508.96000000000004,2opt,notBad
2922,9,1295.96,5,508.96000000000004,swap,acceptBad
2923,9,1250.1600000000003,5,508.96000000000004,move,improve
2924,9,1223.6800000000003,5,508.96000000000004,swap,improve
2925,9,1223.6800000000003,5,508.96000000000004,2opt,notBad
2926,9,1223.6800000000003,5,508.96000000000004,move,improve
2927,9,1223.6800000000003,5,508.96000000000004,2opt,improve
2928,9,1220.5200000000004,5,508.96000000000004,swap,improve
2929,9,1241.9600000000005,5,508.96000000000004,swap,acceptBad
2930,9,1201.9600000000003,5,508.96000000000004,move,improve
2931,9,1201.9600000000003,5,508.96000000000004,2opt,notBad
2932,9,1201.9600000000003,5,508.96000000000004,2opt,notBad
2933,9,1206.48,5,508.96000000000004,2opt,acceptBad
2934,9,1206.48,5,508.96000000000004,swap,notBad
2935,9,1238.64,5,508.96000000000004,swap,acceptBad
2936,9,1232.4,5,508.96000000000004,swap,improve
2937,9,1217.9200000000003,5,508.96000000000004,2opt,improve
2938,9,1186.5600000000004,5,508.96000000000004,move,improve
2939,9,1186.5600000000004,5,508.96000000000004,2opt,notBad
2940,9,1186.5600000000004,5,508.96000000000004,swap,notBad
2941,9,1186.5600000000004,5,508.96000000000004,move,improve
2942,9,1179.1600000000003,5,508.96000000000004,swap,improve
2943,9,1178.4400000000005,5,508.96000000000004,move,improve
2944,9,1180.0400000000002,5,508.96000000000004,swap,acceptBad
2945,9,1180.0400000000002,5,508.96000000000004,move,improve
2946,9,1180.0400000000002,5,508.96000000000004,move,improve
2947,9,1180.0400000000002,5,508.96000000000004,2opt,notBad
2948,9,1180.0400000000002,5,508.96000000000004,swap,notBad
2949,9,1180.0400000000002,5,508.96000000000004,2opt,notBad
2950,9,1180.0400000000002,5,508.96000000000004,swap,notBad
2951,9,1180.0400000000002,5,508.96000000000004,swap,notBad
2952,9,1178.8400000000004,5,508.96000000000004,move,improve
2953,9,1178.8400000000004,5,508.96000000000004,move,improve
2954,9,1199.4400000000005,5,508.96000000000004,swap,acceptBad
2955,9,1186.0800000000004,5,508.96000000000004,move,improve
2956,9,1198.8000000000002,5,508.96000000000004,swap,acceptBad
2957,9,1198.8000000000002,5,508.96000000000004,2opt,notBad
2958,9,1198.8000000000002,5,508.96000000000004,move,improve
2959,9,1246.6800000000003,5,508.96000000000004,swap,acceptBad
2960,9,1246.6800000000003,5,508.96000000000004,move,improve
2961,9,1246.6800000000003,5,508.96000000000004,move,improve
2962,9,1246.6800000000003,5,508.96000000000004,2opt,notBad
2963,9,1246.6800000000003,5,508.96000000000004,2opt,improve
2964,9,1246.4000000000003,5,508.96000000000004,2opt,improve
2965,9,1226.6799999999998,5,508.96000000000004,move,improve
2966,9,1234.0800000000004,5,508.96000000000004,swap,acceptBad
2967,9,1234.7200000000003,5,508.96000000000004,swap,acceptBad
2968,9,1234.7200000000003,5,508.96000000000004,2opt,notBad
2969,9,1234.7200000000003,5,508.96000000000004,swap,notBad
2970,9,1234.3200000000002,5,508.96000000000004,swap,improve
2971,9,1234.3200000000002,5,508.96000000000004,2opt,notBad
2972,9,1234.3200000000002,5,508.96000000000004,2opt,notBad
2973,9,1232.96,5,508.96000000000004,swap,improve
2974,9,1232.96,5,508.96000000000004,move,improve
2975,9,1232.96,5,508.96000000000004,2opt,notBad
2976,9,1226.7199999999998,5,508.96000000000004,swap,improve
2977,9,1226.7199999999998,5,508.96000000000004,move,improve
2978,9,1226.7199999999998,5,508.96000000000004,move,improve
2979,9,1226.7199999999998,5,508.96000000000004,swap,notBad
2980,9,1272.2799999999997,5,508.96000000000004,swap,acceptBad
2981,9,1291.8799999999999,5,508.96000000000004,swap,acceptBad
2982,9,1286.28,5,508.96000000000004,move,improve
2983,9,1262.1999999999998,5,508.96000000000004,move,improve
2984,9,1262.1999999999998,5,508.96000000000004,move,improve
2985,9,1263.3199999999995,5,508.96000000000004,2opt,acceptBad
2986,9,1263.3199999999995,5,508.96000000000004,2opt,notBad
2987,9,1263.3199999999995,5,508.96000000000004,2opt,improve
2988,9,1204.5199999999993,5,508.96000000000004,move,improve
2989,9,1204.5199999999993,5,508.96000000000004,2opt,notBad
2990,9,1199.4799999999993,5,508.96000000000004,move,improve
2991,9,1198.3599999999997,5,508.96000000000004,2opt,improve
2992,9,1183.0799999999997,5,508.96000000000004,move,improve
2993,9,1183.0799999999997,5,508.96000000000004,move,improve
2994,9,1183.0799999999997,5,508.96000000000004,2opt,notBad
2995,9,1183.0799999999997,5,508.96000000000004,move,improve
2996,9,1183.0799999999997,5,508.96000000000004,move,improve
2997,9,1183.0799999999997,5,508.96000000000004,2opt,notBad
2998,9,1193.9999999999998,5,508.96000000000004,2opt,acceptBad
2999,9,1179.5999999999997,5,508.96000000000004,move,improve
3000,9,1182.6799999999996,5,508.96000000000004,swap,acceptBad
3001,9,1182.6799999999996,5,508.96000000000004,2opt,notBad
3002,9,1182.6799999999996,5,508.96000000000004,2opt,improve
3003,9,1182.6799999999996,5,508.96000000000004,move,improve
3004,9,1182.6799999999996,5,508.96000000000004,2opt,notBad
3005,9,1182.6799999999996,5,508.96000000000004,2opt,notBad
3006,9,1182.6799999999996,5,508.96000000000004,move,improve
3007,9,1182.6799999999996,5,508.96000000000004,swap,notBad
3008,9,1182.6799999999996,5,508.96000000000004,move,improve
3009,9,1182.6799999999996,5,508.96000000000004,move,improve
3010,9,1182.6799999999996,5,508.96000000000004,2opt,notBad
3011,9,1182.2799999999997,5,508.96000000000004,swap,improve
3012,9,1182.2799999999997,5,508.96000000000004,move,improve
3013,9,1176.8399999999995,5,508.96000000000004,move,improve
3014,9,1176.8399999999995,5,508.96000000000004,2opt,improve
3015,9,1176.8399999999995,5,508.96000000000004,2opt,notBad
3016,9,1176.8399999999995,5,508.96000000000004,2opt,notBad
3017,9,1176.8399999999995,5,508.96000000000004,2opt,notBad
3018,9,1176.8399999999995,5,508.96000000000004,move,improve
3019,9,1176.8399999999995,5,508.96000000000004,move,improve
3020,9,1176.8399999999995,5,508.96000000000004,swap,notBad
3021,9,1173.6799999999996,5,508.96000000000004,move,improve
3022,9,1173.6799999999996,5,508.96000000000004,2opt,notBad
3023,9,1173.6799999999996,5,508.96000000000004,move,improve
3024,9,1166.5599999999997,5,508.96000000000004,move,improve
3025,9,1198.7999999999997,5,508.96000000000004,swap,acceptBad
3026,9,1206.64,5,508.96000000000004,swap,acceptBad
3027,9,1206.64,5,508.96000000000004,move,improve
3028,9,1206.64,5,508.96000000000004,2opt,notBad
3029,9,1174.56,5,508.96000000000004,move,improve
3030,9,1174.56,5,508.96000000000004,2opt,notBad
3031,9,1174.56,5,508.96000000000004,2opt,improve
3032,9,1174.56,5,508.96000000000004,2opt,notBad
3033,9,1204.8799999999997,5,508.96000000000004,swap,acceptBad
3034,9,1204.8799999999997,5,508.96000000000004,move,improve
3035,9,1203.5600000000002,5,508.96000000000004,move,improve
3036,9,1215.0,5,508.96000000000004,swap,acceptBad
3037,9,1215.0,5,508.96000000000004,move,improve
3038,9,1194.6399999999996,5,508.96000000000004,move,improve
3039,9,1194.6399999999996,5,508.96000000000004,move,improve
3040,9,1194.6399999999996,5,508.96000000000004,move,improve
3041,9,1194.6399999999996,5,508.96000000000004,move,improve
3042,9,1197.8799999999999,5,508.96000000000004,swap,acceptBad
3043,9,1197.8799999999999,5,508.96000000000004,move,improve
3044,9,1197.8799999999999,5,508.96000000000004,2opt,notBad
3045,9,1197.8799999999999,5,508.96000000000004,2opt,notBad
3046,9,1197.8799999999999,5,508.96000000000004,swap,notBad
3047,9,1197.8799999999999,5,508.96000000000004,move,improve
3048,9,1197.8799999999999,5,508.96000000000004,move,improve
3049,9,1144.92,5,508.96000000000004,swap,improve
3050,9,1144.92,5,508.96000000000004,move,improve
3051,9,1155.8,5,508.96000000000004,swap,acceptBad
3052,9,1155.8,5,508.96000000000004,2opt,notBad
3053,9,1155.8,5,508.96000000000004,move,improve
3054,9,1155.8,5,508.96000000000004,swap,notBad
3055,9,1173.3599999999997,5,508.96000000000004,swap,acceptBad
3056,9,1173.3599999999997,5,508.96000000000004,swap,notBad
3057,9,1173.3599999999997,5,508.96000000000004,move,improve
3058,9,1173.3599999999997,5,508.96000000000004,move,improve
3059,9,1158.4799999999998,5,508.96000000000004,move,improve
3060,9,1158.4799999999998,5,508.96000000000004,swap,notBad
3061,9,1155.8399999999997,5,508.96000000000004,move,improve
3062,9,1155.8399999999997,5,508.96000000000004,move,improve
3063,9,1155.8399999999997,5,508.96000000000004,2opt,notBad
3064,9,1156.56,5,508.96000000000004,2opt,acceptBad
3065,9,1161.88,5,508.96000000000004,swap,acceptBad
3066,9,1161.88,5,508.96000000000004,2opt,notBad
3067,9,1157.4800000000005,5,508.96000000000004,move,improve
3068,9,1157.4800000000005,5,508.96000000000004,2opt,notBad
3069,9,1180.3200000000002,5,508.96000000000004,swap,acceptBad
3070,9,1180.3200000000002,5,508.96000000000004,move,improve
3071,9,1180.3200000000002,5,508.96000000000004,move,improve
3072,9,1180.3200000000002,5,508.96000000000004,move,improve
3073,9,1180.3200000000002,5,508.96000000000004,move,improve
3074,9,1164.6,5,508.96000000000004,swap,improve
3075,9,1187.7999999999997,5,508.96000000000004,swap,acceptBad
3076,9,1187.7999999999997,5,508.96000000000004,2opt,improve
3077,9,1187.7999999999997,5,508.96000000000004,2opt,notBad
3078,9,1187.3599999999997,5,508.96000000000004,move,improve
3079,9,1187.3599999999997,5,508.96000000000004,move,improve
3080,9,1187.3599999999997,5,508.96000000000004,swap,notBad
3081,9,1187.3599999999997,5,508.96000000000004,move,improve
3082,9,1210.1200000000001,5,508.96000000000004,swap,acceptBad
3083,9,1244.6,5,508.96000000000004,swap,acceptBad
3084,9,1244.6,5,508.96000000000004,swap,notBad
3085,9,1244.9200000000003,5,508.96000000000004,swap,acceptBad
3086,9,1244.9200000000003,5,508.96000000000004,move,improve
3087,9,1244.9200000000003,5,508.96000000000004,swap,notBad
3088,9,1217.7600000000002,5,508.96000000000004,move,improve
3089,9,1214.44,5,508.96000000000004,move,improve
3090,9,1214.44,5,508.96000000000004,move,improve
3091,9,1216.12,5,508.96000000000004,move,acceptBad
3092,9,1216.12,5,508.96000000000004,2opt,notBad
3093,9,1219.28,5,508.96000000000004,swap,acceptBad
3094,9,1219.28,5,508.96000000000004,2opt,improve
3095,9,1218.96,5,508.96000000000004,move,improve
3096,9,1218.96,5,508.96000000000004,move,improve
3097,9,1153.24,5,508.96000000000004,swap,improve
3098,9,1153.24,5,508.96000000000004,move,improve
3099,9,1153.24,5,508.96000000000004,move,improve
3100,9,1153.24,5,508.96000000000004,2opt,notBad
3101,9,1153.24,5,508.96000000000004,move,improve
3102,9,1143.4000000000005,5,508.96000000000004,2opt,improve
3103,9,1143.4000000000005,5,508.96000000000004,swap,notBad
3104,9,1143.4000000000005,5,508.96000000000004,2opt,notBad
3105,9,1143.4000000000005,5,508.96000000000004,move,improve
3106,9,1143.4000000000005,5,508.96000000000004,2opt,notBad
3107,9,1143.4000000000005,5,508.96000000000004,swap,notBad
3108,9,1141.9200000000003,5,508.96000000000004,move,improve
3109,9,1141.9200000000003,5,508.96000000000004,move,improve
3110,9,1141.2800000000004,5,508.96000000000004,swap,improve
3111,9,1141.2800000000004,5,508.96000000000004,2opt,notBad
3112,9,1141.2800000000004,5,508.96000000000004,2opt,notBad
3113,9,1147.1200000000003,5,508.96000000000004,swap,acceptBad
3114,9,1147.1200000000003,5,508.96000000000004,move,improve
3115,9,1147.1200000000003,5,508.96000000000004,move,improve
3116,9,1146.64,5,508.96000000000004,swap,improve
3117,9,1127.8399999999997,5,508.96000000000004,swap,improve
3118,9,1127.8399999999997,5,508.96000000000004,move,improve
3119,9,1127.8399999999997,5,508.96000000000004,2opt,notBad
3120,9,1127.8399999999997,5,508.96000000000004,swap,notBad
3121,9,1127.8399999999997,5,508.96000000000004,2opt,notBad
3122,9,1127.8399999999997,5,508.96000000000004,move,improve
3123,9,1109.84,5,508.96000000000004,move,improve
3124,9,1109.84,5,508.96000000000004,2opt,notBad
3125,9,1109.84,5,508.96000000000004,2opt,notBad
3126,9,1109.84,5,508.96000000000004,2opt,notBad
3127,9,1109.84,5,508.96000000000004,move,improve
3128,9,1112.8400000000001,5,508.96000000000004,swap,acceptBad
3129,9,1112.8400000000001,5,508.96000000000004,2opt,notBad
3130,9,1112.8400000000001,5,508.96000000000004,2opt,notBad
3131,9,1110.9200000000003,5,508.96000000000004,swap,improve
3132,9,1112.4400000000005,5,508.96000000000004,move,acceptBad
3133,9,1112.4400000000005,5,508.96000000000004,move,improve
3134,9,1112.4400000000005,5,508.96000000000004,swap,notBad
3135,9,1112.4400000000005,5,508.96000000000004,2opt,notBad
3136,9,1112.4400000000005,5,508.96000000000004,2opt,notBad
3137,9,1112.4400000000005,5,508.96000000000004,move,improve
3138,9,1112.4400000000005,5,508.96000000000004,2opt,notBad
3139,9,1112.4400000000005,5,508.96000000000004,move,improve
3140,9,1112.4400000000005,5,508.96000000000004,swap,improve
3141,9,1149.92,5,508.96000000000004,swap,acceptBad
3142,9,1146.7200000000005,5,508.96000000000004,swap,improve
3143,9,1146.7200000000005,5,508.96000000000004,swap,notBad
3144,9,1125.96,5,508.96000000000004,swap,improve
3145,9,1125.96,5,508.96000000000004,swap,notBad
3146,9,1125.96,5,508.96000000000004,move,improve
3147,9,1150.7999999999997,5,508.96000000000004,swap,acceptBad
3148,9,1150.7999999999997,5,508.96000000000004,2opt,notBad
3149,9,1150.7999999999997,5,508.96000000000004,2opt,notBad
3150,9,1150.7999999999997,5,508.96000000000004,swap,notBad
3151,9,1148.6399999999999,5,508.96000000000004,move,improve
3152,9,1148.6399999999999,5,508.96000000000004,move,improve
3153,9,1166.24,5,508.96000000000004,swap,acceptBad
3154,9,1166.24,5,508.96000000000004,move,improve
3155,9,1166.24,5,508.96000000000004,move,improve
3156,9,1166.24,5,508.96000000000004,move,improve
3157,9,1169.3600000000001,5,508.96000000000004,swap,acceptBad
3158,9,1160.5600000000002,5,508.96000000000004,move,improve
3159,9,1178.8400000000001,5,508.96000000000004,swap,acceptBad
3160,9,1178.8400000000001,5,508.96000000000004,swap,notBad
3161,9,1178.8400000000001,5,508.96000000000004,move,improve
3162,9,1178.8400000000001,5,508.96000000000004,swap,notBad
3163,9,1180.72,5,508.96000000000004,swap,acceptBad
3164,9,1180.72,5,508.96000000000004,2opt,notBad
3165,9,1180.72,5,508.96000000000004,move,improve
3166,9,1175.64,5,508.96000000000004,swap,improve
3167,9,1175.64,5,508.96000000000004,2opt,notBad
3168,9,1180.72,5,508.96000000000004,swap,acceptBad
3169,9,1180.72,5,508.96000000000004,swap,notBad
3170,9,1180.72,5,508.96000000000004,swap,notBad
3171,9,1180.72,5,508.96000000000004,2opt,notBad
3172,9,1180.72,5,508.96000000000004,2opt,notBad
3173,9,1180.72,5,508.96000000000004,move,improve
3174,9,1180.72,5,508.96000000000004,move,improve
3175,9,1178.8,5,508.96000000000004,swap,improve
3176,9,1170.6,5,508.96000000000004,swap,improve
3177,9,1170.6,5,508.96000000000004,2opt,notBad
3178,9,1159.48,5,508.96000000000004,move,improve
3179,9,1153.6399999999999,5,508.96000000000004,swap,improve
3180,9,1153.6399999999999,5,508.96000000000004,2opt,notBad
3181,9,1153.6399999999999,5,508.96000000000004,2opt,notBad
3182,9,1153.6399999999999,5,508.96000000000004,2opt,notBad
3183,9,1153.6399999999999,5,508.96000000000004,2opt,notBad
3184,9,1153.6399999999999,5,508.96000000000004,2opt,notBad
3185,9,1153.6399999999999,5,508.96000000000004,move,improve
3186,9,1153.6399999999999,5,508.96000000000004,2opt,notBad
3187,9,1144.68,5,508.96000000000004,move,improve
3188,9,1144.68,5,508.96000000000004,move,improve
3189,9,1144.68,5,508.96000000000004,2opt,notBad
3190,9,1144.68,5,508.96000000000004,2opt,notBad
3191,9,1144.68,5,508.96000000000004,swap,notBad
3192,9,1144.68,5,508.96000000000004,2opt,notBad
3193,9,1144.68,5,508.96000000000004,move,improve
3194,9,1144.68,5,508.96000000000004,move,improve
3195,9,1144.68,5,508.96000000000004,move,improve
3196,9,1144.68,5,508.96000000000004,swap,notBad
3197,9,1148.4800000000002,5,508.96000000000004,swap,acceptBad
3198,9,1148.4800000000002,5,508.96000000000004,move,improve
3199,9,1148.4800000000002,5,508.96000000000004,2opt,notBad
3200,9,1157.1600000000003,5,508.96000000000004,swap,acceptBad
3201,9,1156.64,5,508.96000000000004,swap,improve
3202,9,1154.4800000000005,5,508.96000000000004,swap,improve
3203,9,1154.4800000000005,5,508.96000000000004,move,improve
3204,9,1154.4800000000005,5,508.96000000000004,swap,notBad
3205,9,1154.4800000000005,5,508.96000000000004,2opt,notBad
3206,9,1154.4800000000005,5,508.96000000000004,move,improve
3207,9,1154.4800000000005,5,508.96000000000004,swap,notBad
3208,9,1140.4800000000007,5,508.96000000000004,move,improve
3209,9,1140.4800000000007,5,508.96000000000004,move,improve
3210,9,1149.4800000000002,5,508.96000000000004,swap,acceptBad
3211,9,1149.4800000000002,5,508.96000000000004,move,improve
3212,9,1150.6000000000001,5,508.96000000000004,swap,acceptBad
3213,9,1145.8400000000006,5,508.96000000000004,move,improve
3214,9,1145.8400000000006,5,508.96000000000004,2opt,notBad
3215,9,1145.8400000000006,5,508.96000000000004,2opt,notBad
3216,9,1166.2400000000002,5,508.96000000000004,swap,acceptBad
3217,9,1166.2400000000002,5,508.96000000000004,swap,notBad
3218,9,1166.2400000000002,5,508.96000000000004,2opt,notBad
3219,9,1166.2400000000002,5,508.96000000000004,move,improve
3220,9,1169.4800000000005,5,508.96000000000004,2opt,acceptBad
3221,9,1169.4800000000005,5,508.96000000000004,2opt,notBad
3222,9,1169.4800000000005,5,508.96000000000004,move,improve
3223,9,1169.4800000000005,5,508.96000000000004,swap,notBad
3224,9,1169.4800000000005,5,508.96000000000004,swap,notBad
3225,9,1140.2000000000007,5,508.96000000000004,2opt,improve
3226,9,1154.8000000000006,5,508.96000000000004,swap,acceptBad
3227,9,1154.8000000000006,5,508.96000000000004,2opt,notBad
3228,9,1151.0400000000002,5,508.96000000000004,swap,improve
3229,9,1151.0400000000002,5,508.96000000000004,2opt,notBad
3230,9,1151.0400000000002,5,508.96000000000004,move,improve
3231,9,1150.12,5,508.96000000000004,move,improve
3232,9,1154.48,5,508.96000000000004,swap,acceptBad
3233,9,1177.1999999999998,5,508.96000000000004,swap,acceptBad
3234,9,1177.1999999999998,5,508.96000000000004,move,improve
3235,9,1177.1999999999998,5,508.96000000000004,2opt,notBad
3236,9,1177.1999999999998,5,508.96000000000004,2opt,notBad
3237,9,1177.1999999999998,5,508.96000000000004,swap,notBad
3238,9,1164.1599999999999,5,508.96000000000004,move,improve
3239,9,1164.1599999999999,5,508.96000000000004,2opt,improve
3240,9,1164.1599999999999,5,508.96000000000004,2opt,notBad
3241,9,1159.6000000000004,5,508.96000000000004,swap,improve
3242,9,1161.4000000000008,5,508.96000000000004,2opt,acceptBad
3243,9,1124.2400000000005,5,508.96000000000004,swap,improve
3244,9,1124.2400000000005,5,508.96000000000004,2opt,notBad
3245,9,1119.5200000000004,5,508.96000000000004,move,improve
3246,9,1117.7600000000007,5,508.96000000000004,move,improve
3247,9,1100.7600000000007,5,508.96000000000004,2opt,improve
3248,9,1100.7600000000007,5,508.96000000000004,swap,notBad
3249,9,1100.7600000000007,5,508.96000000000004,2opt,notBad
3250,9,1100.7600000000007,5,508.96000000000004,move,improve
3251,9,1100.7600000000007,5,508.96000000000004,2opt,notBad
3252,9,1100.7600000000007,5,508.96000000000004,2opt,notBad
3253,9,1100.7600000000007,5,508.96000000000004,2opt,notBad
3254,9,1100.7600000000007,5,508.96000000000004,move,improve
3255,9,1099.8000000000002,5,508.96000000000004,move,improve
3256,9,1088.2000000000003,5,508.96000000000004,move,improve
3257,9,1088.2000000000003,5,508.96000000000004,swap,notBad
3258,9,1105.7200000000003,5,508.96000000000004,swap,acceptBad
3259,9,1105.7200000000003,5,508.96000000000004,2opt,notBad
3260,9,1105.7200000000003,5,508.96000000000004,move,improve
3261,9,1105.7200000000003,5,508.96000000000004,2opt,notBad
3262,9,1105.7200000000003,5,508.96000000000004,move,improve
3263,9,1135.1600000000003,5,508.96000000000004,swap,acceptBad
3264,9,1135.1600000000003,5,508.96000000000004,2opt,notBad
3265,9,1132.9200000000005,5,508.96000000000004,move,improve
3266,9,1132.9200000000005,5,508.96000000000004,2opt,notBad
3267,9,1132.9200000000005,5,508.96000000000004,move,improve
3268,9,1132.9200000000005,5,508.96000000000004,swap,notBad
3269,9,1132.9200000000005,5,508.96000000000004,move,improve
3270,9,1114.2400000000002,5,508.96000000000004,move,improve
3271,9,1114.2000000000005,5,508.96000000000004,move,improve
3272,9,1114.2000000000005,5,508.96000000000004,2opt,notBad
3273,9,1108.68,5,508.96000000000004,move,improve
3274,9,1108.68,5,508.96000000000004,2opt,notBad
3275,9,1108.68,5,508.96000000000004,2opt,notBad
3276,9,1108.68,5,508.96000000000004,swap,notBad
3277,9,1108.68,5,508.96000000000004,move,improve
3278,9,1141.9200000000003,5,508.96000000000004,swap,acceptBad
3279,9,1126.1200000000003,5,508.96000000000004,move,improve
3280,9,1141.52,5,508.96000000000004,swap,acceptBad
3281,9,1141.52,5,508.96000000000004,swap,notBad
3282,9,1141.52,5,508.96000000000004,swap,notBad
3283,9,1141.52,5,508.96000000000004,swap,notBad
3284,9,1141.52,5,508.96000000000004,move,improve
3285,9,1138.96,5,508.96000000000004,swap,improve
3286,9,1142.3200000000002,5,508.96000000000004,swap,acceptBad
3287,9,1138.1600000000003,5,508.96000000000004,move,improve
3288,9,1138.1600000000003,5,508.96000000000004,swap,notBad
3289,9,1138.1600000000003,5,508.96000000000004,swap,notBad
3290,9,1138.1600000000003,5,508.96000000000004,move,improve
3291,9,1138.1600000000003,5,508.96000000000004,swap,notBad
3292,9,1138.1600000000003,5,508.96000000000004,swap,notBad
3293,9,1138.1600000000003,5,508.96000000000004,swap,notBad
3294,9,1138.1600000000003,5,508.96000000000004,swap,notBad
3295,9,1138.1600000000003,5,508.96000000000004,move,improve
3296,9,1138.1600000000003,5,508.96000000000004,swap,notBad
3297,9,1138.1600000000003,5,508.96000000000004,2opt,notBad
3298,9,1138.1600000000003,5,508.96000000000004,2opt,notBad
3299,9,1138.1600000000003,5,508.96000000000004,swap,notBad
3300,9,1124.1600000000003,5,508.96000000000004,move,improve
3301,9,1121.3600000000001,5,508.96000000000004,swap,improve
3302,9,1131.44,5,508.96000000000004,swap,acceptBad
3303,9,1131.44,5,508.96000000000004,move,improve
3304,9,1124.6,5,508.96000000000004,move,improve
3305,9,1124.6,5,508.96000000000004,move,improve
3306,9,1124.6,5,508.96000000000004,move,improve
3307,9,1124.6,5,508.96000000000004,2opt,notBad
3308,9,1135.12,5,508.96000000000004,swap,acceptBad
3309,9,1135.12,5,508.96000000000004,move,improve
3310,9,1135.12,5,508.96000000000004,2opt,notBad
3311,9,1128.52,5,508.96000000000004,move,improve
3312,9,1128.52,5,508.96000000000004,swap,notBad
3313,9,1136.04,5,508.96000000000004,swap,acceptBad
3314,9,1136.04,5,508.96000000000004,move,improve
3315,9,1136.04,5,508.96000000000004,2opt,notBad
3316,9,1136.04,5,508.96000000000004,2opt,notBad
3317,9,1136.04,5,508.96000000000004,2opt,notBad
3318,9,1130.8799999999999,5,508.96000000000004,2opt,improve
3319,9,1130.8799999999999,5,508.96000000000004,2opt,notBad
3320,9,1130.9599999999998,5,508.96000000000004,swap,acceptBad
3321,9,1130.9599999999998,5,508.96000000000004,2opt,notBad
3322,9,1130.9599999999998,5,508.96000000000004,swap,notBad
3323,9,1130.9599999999998,5,508.96000000000004,2opt,notBad
3324,9,1130.9599999999998,5,508.96000000000004,move,improve
3325,9,1108.1600000000003,5,508.96000000000004,swap,improve
3326,9,1108.1600000000003,5,508.96000000000004,swap,notBad
3327,9,1104.1600000000008,5,508.96000000000004,swap,improve
3328,9,1104.1600000000008,5,508.96000000000004,2opt,notBad
3329,9,1104.1600000000008,5,508.96000000000004,move,improve
3330,9,1104.1600000000008,5,508.96000000000004,2opt,improve
3331,9,1098.5600000000004,5,508.96000000000004,move,improve
3332,9,1103.2800000000004,5,508.96000000000004,swap,acceptBad
3333,9,1103.2800000000004,5,508.96000000000004,swap,notBad
3334,9,1087.5200000000002,5,508.96000000000004,swap,improve
3335,9,1096.72,5,508.96000000000004,swap,acceptBad
3336,9,1096.72,5,508.96000000000004,swap,notBad
3337,9,1096.72,5,508.96000000000004,move,improve
3338,9,1096.72,5,508.96000000000004,2opt,notBad
3339,9,1096.72,5,508.96000000000004,move,improve
3340,9,1096.72,5,508.96000000000004,move,improve
3341,9,1096.72,5,508.96000000000004,2opt,notBad
3342,9,1096.72,5,508.96000000000004,2opt,notBad
3343,9,1102.2,5,508.96000000000004,swap,acceptBad
3344,9,1102.2,5,508.96000000000004,2opt,notBad
3345,9,1103.76,5,508.96000000000004,swap,acceptBad
3346,9,1103.76,5,508.96000000000004,move,improve
3347,9,1103.76,5,508.96000000000004,move,improve
3348,9,1103.76,5,508.96000000000004,2opt,notBad
3349,9,1103.76,5,508.96000000000004,2opt,improve
3350,9,1103.76,5,508.96000000000004,move,improve
3351,9,1103.76,5,508.96000000000004,2opt,notBad
3352,9,1103.76,5,508.96000000000004,2opt,notBad
3353,9,1099.6400000000003,5,508.96000000000004,swap,improve
3354,9,1099.6400000000003,5,508.96000000000004,swap,notBad
3355,9,1099.6400000000003,5,508.96000000000004,move,improve
3356,9,1099.6400000000003,5,508.96000000000004,2opt,notBad
3357,9,1089.6400000000006,5,508.96000000000004,swap,improve
3358,9,1089.6400000000006,5,508.96000000000004,move,improve
3359,9,1112.4800000000002,5,508.96000000000004,move,acceptBad
3360,9,1116.96,5,508.96000000000004,swap,acceptBad
3361,9,1116.96,5,508.96000000000004,move,improve
3362,9,1116.96,5,508.96000000000004,2opt,notBad
3363,9,1139.08,5,508.96000000000004,swap,acceptBad
3364,9,1139.08,5,508.96000000000004,2opt,notBad
3365,9,1139.08,5,508.96000000000004,2opt,notBad
3366,9,1139.08,5,508.96000000000004,move,improve
3367,9,1139.08,5,508.96000000000004,2opt,improve
3368,9,1139.08,5,508.96000000000004,2opt,improve
3369,9,1135.3999999999999,5,508.96000000000004,move,improve
3370,9,1151.36,5,508.96000000000004,swap,acceptBad
3371,9,1149.5200000000002,5,508.96000000000004,2opt,improve
3372,9,1149.5200000000002,5,508.96000000000004,swap,notBad
3373,9,1149.5200000000002,5,508.96000000000004,swap,notBad
3374,9,1153.8400000000001,5,508.96000000000004,swap,acceptBad
3375,9,1153.8400000000001,5,508.96000000000004,2opt,notBad
3376,9,1153.8400000000001,5,508.96000000000004,2opt,improve
3377,9,1153.8400000000001,5,508.96000000000004,swap,notBad
3378,9,1153.8400000000001,5,508.96000000000004,swap,notBad
3379,9,1151.96,5,508.96000000000004,move,improve
3380,9,1151.96,5,508.96000000000004,2opt,notBad
3381,9,1151.96,5,508.96000000000004,swap,notBad
3382,9,1151.96,5,508.96000000000004,move,improve
3383,9,1151.96,5,508.96000000000004,swap,notBad
3384,9,1151.96,5,508.96000000000004,2opt,notBad
3385,9,1151.96,5,508.96000000000004,2opt,notBad
3386,9,1151.96,5,508.96000000000004,swap,notBad
3387,9,1136.4400000000003,5,508.96000000000004,move,improve
3388,9,1136.4400000000003,5,508.96000000000004,2opt,notBad
3389,9,1136.4400000000003,5,508.96000000000004,swap,notBad
3390,9,1136.4400000000003,5,508.96000000000004,2opt,improve
3391,9,1136.4400000000003,5,508.96000000000004,move,improve
3392,9,1136.4400000000003,5,508.96000000000004,move,improve
3393,9,1167.9200000000005,5,508.96000000000004,swap,acceptBad
3394,9,1167.9200000000005,5,508.96000000000004,swap,notBad
3395,9,1167.9200000000005,5,508.96000000000004,move,improve
3396,9,1147.7200000000003,5,508.96000000000004,move,improve
3397,9,1147.7200000000003,5,508.96000000000004,2opt,notBad
3398,9,1147.7200000000003,5,508.96000000000004,2opt,notBad
3399,9,1147.7200000000003,5,508.96000000000004,move,improve
3400,9,1147.7200000000003,5,508.96000000000004,swap,notBad
3401,9,1147.7200000000003,5,508.96000000000004,move,improve
3402,9,1147.7200000000003,5,508.96000000000004,move,improve
3403,9,1147.7200000000003,5,508.96000000000004,move,improve
3404,9,1147.7200000000003,5,508.96000000000004,swap,notBad
3405,9,1147.48,5,508.96000000000004,2opt,improve
3406,9,1147.48,5,508.96000000000004,2opt,notBad
3407,9,1147.48,5,508.96000000000004,swap,notBad
3408,9,1147.48,5,508.96000000000004,swap,notBad
3409,9,1121.7199999999998,5,508.96000000000004,move,improve
3410,9,1121.7199999999998,5,508.96000000000004,2opt,notBad
3411,9,1121.7199999999998,5,508.96000000000004,2opt,notBad
3412,9,1121.7199999999998,5,508.96000000000004,move,improve
3413,9,1121.7199999999998,5,508.96000000000004,2opt,notBad
3414,9,1094.4399999999996,5,508.96000000000004,swap,improve
3415,9,1094.4399999999996,5,508.96000000000004,move,improve
3416,9,1094.4399999999996,5,508.96000000000004,move,improve
3417,9,1105.7999999999997,5,508.96000000000004,swap,acceptBad
3418,9,1105.7999999999997,5,508.96000000000004,swap,improve
3419,9,1105.7999999999997,5,508.96000000000004,move,improve
3420,9,1105.7999999999997,5,508.96000000000004,swap,notBad
3421,9,1131.4399999999998,5,508.96000000000004,swap,acceptBad
3422,9,1131.4399999999998,5,508.96000000000004,swap,notBad
3423,9,1129.6799999999998,5,508.96000000000004,move,improve
3424,9,1129.6799999999998,5,508.96000000000004,2opt,notBad
3425,9,1129.6799999999998,5,508.96000000000004,swap,notBad
3426,9,1129.6799999999998,5,508.96000000000004,2opt,notBad
3427,9,1129.6799999999998,5,508.96000000000004,swap,notBad
3428,9,1129.6799999999998,5,508.96000000000004,move,improve
3429,9,1129.6799999999998,5,508.96000000000004,2opt,notBad
3430,9,1129.6799999999998,5,508.96000000000004,move,improve
3431,9,1129.6799999999998,5,508.96000000000004,move,improve
3432,9,1147.0,5,508.96000000000004,swap,acceptBad
3433,9,1147.0,5,508.96000000000004,move,improve
3434,9,1147.0,5,508.96000000000004,move,improve
3435,9,1147.0,5,508.96000000000004,swap,notBad
3436,9,1147.0,5,508.96000000000004,swap,notBad
3437,9,1137.08,5,508.96000000000004,move,improve
3438,9,1083.4399999999996,5,508.96000000000004,swap,improve
3439,9,1090.32,5,508.96000000000004,swap,acceptBad
3440,9,1083.92,5,508.96000000000004,swap,improve
3441,9,1083.92,5,508.96000000000004,move,improve
3442,9,1083.92,5,508.96000000000004,move,improve
3443,9,1102.0,5,508.96000000000004,swap,acceptBad
3444,9,1102.0,5,508.96000000000004,2opt,notBad
3445,9,1102.0,5,508.96000000000004,2opt,notBad
3446,9,1102.0,5,508.96000000000004,swap,notBad
3447,9,1101.7599999999998,5,508.96000000000004,move,improve
3448,9,1101.7599999999998,5,508.96000000000004,2opt,notBad
3449,9,1101.7599999999998,5,508.96000000000004,2opt,improve
3450,9,1101.7599999999998,5,508.96000000000004,move,improve
3451,9,1101.7599999999998,5,508.96000000000004,2opt,notBad
3452,9,1101.7599999999998,5,508.96000000000004,move,improve
3453,9,1101.7599999999998,5,508.96000000000004,move,improve
3454,9,1104.32,5,508.96000000000004,swap,acceptBad
3455,9,1104.32,5,508.96000000000004,2opt,improve
3456,9,1104.32,5,508.96000000000004,swap,notBad
3457,9,1104.32,5,508.96000000000004,2opt,notBad
3458,9,1104.32,5,508.96000000000004,move,improve
3459,9,1104.32,5,508.96000000000004,move,improve
3460,9,1103.84,5,508.96000000000004,swap,improve
3461,9,1103.84,5,508.96000000000004,swap,notBad
3462,9,1103.84,5,508.96000000000004,2opt,notBad
3463,9,1124.1200000000001,5,508.96000000000004,swap,acceptBad
3464,9,1124.1200000000001,5,508.96000000000004,2opt,notBad
3465,9,1124.1200000000001,5,508.96000000000004,move,improve
3466,9,1124.1200000000001,5,508.96000000000004,2opt,notBad
3467,9,1124.1200000000001,5,508.96000000000004,2opt,notBad
3468,9,1130.92,5,508.96000000000004,swap,acceptBad
3469,9,1130.92,5,508.96000000000004,2opt,notBad
3470,9,1130.92,5,508.96000000000004,2opt,notBad
3471,9,1130.92,5,508.96000000000004,2opt,notBad
3472,9,1130.92,5,508.96000000000004,move,improve
3473,9,1130.92,5,508.96000000000004,swap,notBad
3474,9,1130.92,5,508.96000000000004,swap,notBad
3475,9,1130.92,5,508.96000000000004,swap,notBad
3476,9,1130.92,5,508.96000000000004,swap,notBad
3477,9,1117.52,5,508.96000000000004,move,improve
3478,9,1117.52,5,508.96000000000004,move,improve
3479,9,1117.52,5,508.96000000000004,move,improve
3480,9,1117.52,5,508.96000000000004,swap,notBad
3481,9,1117.52,5,508.96000000000004,2opt,notBad
3482,9,1117.52,5,508.96000000000004,swap,notBad
3483,9,1117.52,5,508.96000000000004,swap,notBad
3484,9,1117.52,5,508.96000000000004,move,improve
3485,9,1117.52,5,508.96000000000004,move,improve
3486,9,1117.52,5,508.96000000000004,2opt,improve
3487,9,1117.52,5,508.96000000000004,move,improve
3488,9,1117.52,5,508.96000000000004,move,improve
3489,9,1117.48,5,508.96000000000004,swap,improve
3490,9,1117.48,5,508.96000000000004,move,improve
3491,9,1117.48,5,508.96000000000004,2opt,notBad
3492,9,1117.48,5,508.96000000000004,move,improve
3493,9,1117.48,5,508.96000000000004,2opt,notBad
3494,9,1117.48,5,508.96000000000004,2opt,notBad
3495,9,1117.48,5,508.96000000000004,2opt,notBad
3496,9,1117.48,5,508.96000000000004,swap,notBad
3497,9,1117.48,5,508.96000000000004,swap,notBad
3498,9,1100.7200000000003,5,508.96000000000004,swap,improve
3499,9,1100.7200000000003,5,508.96000000000004,move,improve
3500,9,1100.7200000000003,5,508.96000000000004,move,improve
3501,9,1100.7200000000003,5,508.96000000000004,move,improve
3502,9,1114.9200000000003,5,508.96000000000004,swap,acceptBad
3503,9,1111.72,5,508.96000000000004,swap,improve
3504,9,1111.72,5,508.96000000000004,2opt,notBad
3505,9,1111.72,5,508.96000000000004,swap,notBad
3506,9,1111.72,5,508.96000000000004,move,improve
3507,9,1111.72,5,508.96000000000004,2opt,notBad
3508,9,1111.72,5,508.96000000000004,2opt,notBad
3509,9,1111.72,5,508.96000000000004,swap,notBad
3510,9,1109.0399999999997,5,508.96000000000004,swap,improve
3511,9,1109.0399999999997,5,508.96000000000004,swap,notBad
3512,9,1109.0399999999997,5,508.96000000000004,2opt,notBad
3513,9,1109.0399999999997,5,508.96000000000004,2opt,notBad
3514,9,1109.0399999999997,5,508.96000000000004,move,improve
3515,9,1109.0399999999997,5,508.96000000000004,2opt,improve
3516,9,1109.0399999999997,5,508.96000000000004,2opt,notBad
3517,9,1109.0399999999997,5,508.96000000000004,swap,notBad
3518,9,1131.04,5,508.96000000000004,swap,acceptBad
3519,9,1130.36,5,508.96000000000004,swap,improve
3520,9,1130.36,5,508.96000000000004,move,improve
3521,9,1130.36,5,508.96000000000004,2opt,notBad
3522,9,1128.6,5,508.96000000000004,move,improve
3523,9,1128.6,5,508.96000000000004,2opt,notBad
3524,9,1128.6,5,508.96000000000004,move,improve
3525,9,1128.6,5,508.96000000000004,move,improve
3526,9,1128.6,5,508.96000000000004,2opt,notBad
3527,9,1128.6,5,508.96000000000004,move,improve
3528,9,1128.6,5,508.96000000000004,swap,notBad
3529,9,1128.6,5,508.96000000000004,move,improve
3530,9,1128.6,5,508.96000000000004,2opt,notBad
3531,9,1128.6,5,508.96000000000004,swap,notBad
3532,9,1128.6,5,508.96000000000004,move,improve
3533,9,1128.6,5,508.96000000000004,move,improve
3534,9,1128.6,5,508.96000000000004,move,improve
3535,9,1128.6,5,508.96000000000004,2opt,notBad
3536,9,1125.44,5,508.96000000000004,move,improve
3537,9,1125.44,5,508.96000000000004,move,improve
3538,9,1127.6,5,508.96000000000004,swap,acceptBad
3539,9,1127.6,5,508.96000000000004,2opt,notBad
3540,9,1146.52,5,508.96000000000004,swap,acceptBad
3541,9,1146.52,5,508.96000000000004,swap,notBad
3542,9,1146.52,5,508.96000000000004,2opt,notBad
3543,9,1146.52,5,508.96000000000004,2opt,notBad
3544,9,1146.52,5,508.96000000000004,move,improve
3545,9,1146.52,5,508.96000000000004,2opt,notBad
3546,9,1121.9999999999995,5,508.96000000000004,swap,improve
3547,9,1127.48,5,508.96000000000004,swap,acceptBad
3548,9,1088.96,5,508.96000000000004,swap,improve
3549,9,1084.12,5,508.96000000000004,move,improve
3550,9,1070.3199999999997,5,508.96000000000004,move,improve
3551,9,1070.3199999999997,5,508.96000000000004,2opt,notBad
3552,9,1070.3199999999997,5,508.96000000000004,2opt,notBad
3553,9,1070.3199999999997,5,508.96000000000004,swap,notBad
3554,9,1070.3199999999997,5,508.96000000000004,move,improve
3555,9,1070.9199999999998,5,508.96000000000004,2opt,acceptBad
3556,9,1070.9199999999998,5,508.96000000000004,2opt,notBad
3557,9,1070.9199999999998,5,508.96000000000004,2opt,notBad
3558,9,1070.9199999999998,5,508.96000000000004,2opt,notBad
3559,9,1070.9199999999998,5,508.96000000000004,swap,notBad
3560,9,1070.9199999999998,5,508.96000000000004,2opt,notBad
3561,9,1070.9199999999998,5,508.96000000000004,2opt,notBad
3562,9,1070.9199999999998,5,508.96000000000004,2opt,notBad
3563,9,1070.9199999999998,5,508.96000000000004,move,improve
3564,9,1070.9199999999998,5,508.96000000000004,2opt,notBad
3565,9,1060.6799999999998,5,508.96000000000004,move,improve
3566,9,1060.6799999999998,5,508.96000000000004,move,improve
3567,9,1071.0799999999997,5,508.96000000000004,move,acceptBad
3568,9,1071.0799999999997,5,508.96000000000004,2opt,notBad
3569,9,1071.0799999999997,5,508.96000000000004,2opt,notBad
3570,9,1071.0799999999997,5,508.96000000000004,swap,notBad
3571,9,1071.0799999999997,5,508.96000000000004,2opt,notBad
3572,9,1071.0799999999997,5,508.96000000000004,2opt,notBad
3573,9,1071.0799999999997,5,508.96000000000004,move,improve
3574,9,1071.0799999999997,5,508.96000000000004,move,improve
3575,9,1071.0799999999997,5,508.96000000000004,2opt,notBad
3576,9,1071.0799999999997,5,508.96000000000004,swap,notBad
3577,9,1071.0799999999997,5,508.96000000000004,move,improve
3578,9,1071.0799999999997,5,508.96000000000004,move,improve
3579,9,1070.2799999999997,5,508.96000000000004,move,improve
3580,9,1070.2799999999997,5,508.96000000000004,2opt,improve
3581,9,1070.2799999999997,5,508.96000000000004,2opt,notBad
3582,9,1085.6799999999998,5,508.96000000000004,swap,acceptBad
3583,9,1085.6799999999998,5,508.96000000000004,2opt,notBad
3584,9,1085.6799999999998,5,508.96000000000004,move,improve
3585,9,1085.6799999999998,5,508.96000000000004,move,improve
3586,9,1096.04,5,508.96000000000004,swap,acceptBad
3587,9,1096.04,5,508.96000000000004,2opt,notBad
3588,9,1096.04,5,508.96000000000004,2opt,notBad
3589,9,1071.0,5,508.96000000000004,move,improve
3590,9,1071.0,5,508.96000000000004,move,improve
3591,9,1071.0,5,508.96000000000004,swap,notBad
3592,9,1071.0,5,508.96000000000004,swap,notBad
3593,9,1071.0,5,508.96000000000004,2opt,notBad
3594,9,1071.0,5,508.96000000000004,2opt,notBad
3595,9,1071.0,5,508.96000000000004,move,improve
3596,9,1071.0,5,508.96000000000004,move,improve
3597,9,1071.0,5,508.96000000000004,move,improve
3598,9,1042.1599999999999,5,508.96000000000004,swap,improve
3599,9,1042.1599999999999,5,508.96000000000004,swap,notBad
3600,9,1042.1599999999999,5,508.96000000000004,move,improve
3601,9,1015.1200000000001,5,508.96000000000004,move,improve
3602,9,1015.1200000000001,5,508.96000000000004,2opt,notBad
3603,9,1015.1200000000001,5,508.96000000000004,swap,notBad
3604,9,1015.1200000000001,5,508.96000000000004,2opt,notBad
3605,9,1015.1200000000001,5,508.96000000000004,move,improve
3606,9,1015.1200000000001,5,508.96000000000004,swap,notBad
3607,9,1015.1200000000001,5,508.96000000000004,move,improve
3608,9,1015.1200000000001,5,508.96000000000004,swap,notBad
3609,9,1015.1200000000001,5,508.96000000000004,swap,notBad
3610,9,1015.1200000000001,5,508.96000000000004,move,improve
3611,9,1015.1200000000001,5,508.96000000000004,swap,notBad
3612,9,1015.1200000000001,5,508.96000000000004,2opt,improve
3613,9,1015.1200000000001,5,508.96000000000004,2opt,notBad
3614,9,1015.1200000000001,5,508.96000000000004,swap,notBad
3615,9,1015.1200000000001,5,508.96000000000004,2opt,improve
3616,9,1015.1200000000001,5,508.96000000000004,move,improve
3617,9,1015.88,5,508.96000000000004,swap,acceptBad
3618,9,1015.88,5,508.96000000000004,move,improve
3619,9,1016.04,5,508.96000000000004,swap,acceptBad
3620,9,1016.0399999999997,5,508.96000000000004,move,improve
3621,9,1016.0399999999997,5,508.96000000000004,swap,notBad
3622,9,1016.0399999999997,5,508.96000000000004,move,improve
3623,9,1016.0399999999997,5,508.96000000000004,swap,notBad
3624,9,1018.52,5,508.96000000000004,swap,acceptBad
3625,9,1016.8400000000001,5,508.96000000000004,move,improve
3626,9,1014.3599999999999,5,508.96000000000004,move,improve
3627,9,1014.3599999999999,5,508.96000000000004,2opt,notBad
3628,9,1017.56,5,508.96000000000004,swap,acceptBad
3629,9,1011.0800000000002,5,508.96000000000004,swap,improve
3630,9,1011.0800000000002,5,508.96000000000004,2opt,notBad
3631,9,1011.0800000000002,5,508.96000000000004,move,improve
3632,9,1011.0800000000002,5,508.96000000000004,move,improve
3633,9,1011.0800000000002,5,508.96000000000004,swap,notBad
3634,9,1011.0800000000002,5,508.96000000000004,swap,notBad
3635,9,1011.0800000000002,5,508.96000000000004,2opt,notBad
3636,9,1011.0800000000002,5,508.96000000000004,2opt,improve
3637,9,1011.0800000000002,5,508.96000000000004,2opt,notBad
3638,9,1011.0800000000002,5,508.96000000000004,2opt,notBad
3639,9,1011.0800000000002,5,508.96000000000004,2opt,notBad
3640,9,1011.0800000000002,5,508.96000000000004,swap,notBad
3641,9,1011.0800000000002,5,508.96000000000004,2opt,improve
3642,9,1032.68,5,508.96000000000004,swap,acceptBad
3643,9,1032.68,5,508.96000000000004,move,improve
3644,9,1032.68,5,508.96000000000004,swap,notBad
3645,9,972.1600000000001,5,508.96000000000004,2opt,improve
3646,9,972.1600000000001,5,508.96000000000004,2opt,notBad
3647,9,972.1600000000001,5,508.96000000000004,move,improve
3648,9,972.1600000000001,5,508.96000000000004,move,improve
3649,9,964.0799999999999,5,508.96000000000004,move,improve
3650,9,964.0799999999999,5,508.96000000000004,swap,notBad
3651,9,964.0799999999999,5,508.96000000000004,2opt,notBad
3652,9,964.0799999999999,5,508.96000000000004,2opt,notBad
3653,9,964.0799999999999,5,508.96000000000004,2opt,notBad
3654,9,964.0799999999999,5,508.96000000000004,swap,notBad
3655,9,955.68,5,508.96000000000004,swap,improve
3656,9,955.68,5,508.96000000000004,move,improve
3657,9,955.68,5,508.96000000000004,move,improve
3658,9,953.84,5,508.96000000000004,2opt,improve
3659,9,953.84,5,508.96000000000004,2opt,notBad
3660,9,953.84,5,508.96000000000004,2opt,notBad
3661,9,953.84,5,508.96000000000004,2opt,notBad
3662,9,953.84,5,508.96000000000004,2opt,notBad
3663,9,953.84,5,508.96000000000004,2opt,improve
3664,9,953.8400000000001,5,508.96000000000004,swap,acceptBad
3665,9,953.8400000000001,5,508.96000000000004,2opt,notBad
3666,9,953.1200000000001,5,508.96000000000004,move,improve
3667,9,953.1200000000001,5,508.96000000000004,move,improve
3668,9,947.5200000000002,5,508.96000000000004,swap,improve
3669,9,947.5200000000002,5,508.96000000000004,move,improve
3670,9,947.5200000000002,5,508.96000000000004,move,improve
3671,9,947.5200000000002,5,508.96000000000004,move,improve
3672,9,947.5200000000002,5,508.96000000000004,move,improve
3673,9,947.5200000000002,5,508.96000000000004,swap,notBad
3674,9,947.5200000000002,5,508.96000000000004,2opt,notBad
3675,9,947.5200000000002,5,508.96000000000004,move,improve
3676,9,967.8800000000003,5,508.96000000000004,swap,acceptBad
3677,9,967.8800000000003,5,508.96000000000004,move,improve
3678,9,967.8800000000003,5,508.96000000000004,move,improve
3679,9,967.8800000000003,5,508.96000000000004,move,improve
3680,9,967.8800000000003,5,508.96000000000004,swap,notBad
3681,9,967.8800000000003,5,508.96000000000004,move,improve
3682,9,957.8400000000003,5,508.96000000000004,swap,improve
3683,9,957.8400000000003,5,508.96000000000004,2opt,notBad
3684,9,957.8400000000003,5,508.96000000000004,move,improve
3685,9,957.8400000000003,5,508.96000000000004,move,improve
3686,9,957.8400000000003,5,508.96000000000004,swap,notBad
3687,9,957.8400000000003,5,508.96000000000004,2opt,notBad
3688,9,957.8400000000003,5,508.96000000000004,2opt,notBad
3689,9,961.1200000000003,5,508.96000000000004,swap,acceptBad
3690,9,961.1200000000003,5,508.96000000000004,move,improve
3691,9,961.1200000000003,5,508.96000000000004,swap,notBad
3692,9,961.1200000000003,5,508.96000000000004,2opt,notBad
3693,9,961.1200000000003,5,508.96000000000004,2opt,notBad
3694,9,961.1200000000003,5,508.96000000000004,swap,notBad
3695,9,961.1200000000003,5,508.96000000000004,swap,notBad
3696,9,961.1200000000003,5,508.96000000000004,move,improve
3697,9,961.1200000000003,5,508.96000000000004,move,improve
3698,9,961.1200000000003,5,508.96000000000004,2opt,notBad
3699,9,961.1200000000003,5,508.96000000000004,swap,notBad
3700,9,977.9200000000003,5,508.96000000000004,swap,acceptBad
3701,9,977.9200000000003,5,508.96000000000004,move,improve
3702,9,977.9200000000003,5,508.96000000000004,swap,notBad
3703,9,977.9200000000003,5,508.96000000000004,swap,notBad
3704,9,977.9200000000003,5,508.96000000000004,move,improve
3705,9,977.9200000000003,5,508.96000000000004,2opt,notBad
3706,9,977.9200000000003,5,508.96000000000004,move,improve
3707,9,977.9200000000003,5,508.96000000000004,2opt,notBad
3708,9,973.9200000000002,5,508.96000000000004,2opt,improve
3709,9,973.9200000000002,5,508.96000000000004,move,improve
3710,9,956.8800000000002,5,508.96000000000004,move,improve
3711,9,956.8800000000002,5,508.96000000000004,2opt,improve
3712,9,952.72,5,508.96000000000004,swap,improve
3713,9,953.6800000000001,5,508.96000000000004,swap,acceptBad
3714,9,953.6800000000001,5,508.96000000000004,2opt,notBad
3715,9,953.6800000000001,5,508.96000000000004,2opt,notBad
3716,9,953.6800000000001,5,508.96000000000004,2opt,notBad
3717,9,953.6800000000001,5,508.96000000000004,2opt,notBad
3718,9,953.6800000000001,5,508.96000000000004,move,improve
3719,9,953.6800000000001,5,508.96000000000004,2opt,notBad
3720,9,953.6800000000001,5,508.96000000000004,2opt,notBad
3721,9,953.6800000000001,5,508.96000000000004,2opt,notBad
3722,9,953.6800000000001,5,508.96000000000004,swap,notBad
3723,9,953.6800000000001,5,508.96000000000004,2opt,notBad
3724,9,953.6800000000001,5,508.96000000000004,move,improve
3725,9,953.6800000000001,5,508.96000000000004,2opt,notBad
3726,9,953.6800000000001,5,508.96000000000004,2opt,improve
3727,9,952.72,5,508.96000000000004,move,improve
3728,9,952.72,5,508.96000000000004,2opt,notBad
3729,9,952.72,5,508.96000000000004,move,improve
3730,9,952.72,5,508.96000000000004,2opt,notBad
3731,9,952.72,5,508.96000000000004,move,improve
3732,9,952.72,5,508.96000000000004,move,improve
3733,9,952.72,5,508.96000000000004,move,improve
3734,9,955.92,5,508.96000000000004,move,acceptBad
3735,9,955.92,5,508.96000000000004,move,improve
3736,9,955.92,5,508.96000000000004,swap,notBad
3737,9,955.92,5,508.96000000000004,2opt,notBad
3738,9,955.92,5,508.96000000000004,move,improve
3739,9,955.92,5,508.96000000000004,swap,notBad
3740,9,955.92,5,508.96000000000004,2opt,notBad
3741,9,943.64,5,508.96000000000004,swap,improve
3742,9,943.64,5,508.96000000000004,swap,notBad
3743,9,943.64,5,508.96000000000004,move,improve
3744,9,943.64,5,508.96000000000004,2opt,notBad
3745,9,943.64,5,508.96000000000004,swap,notBad
3746,9,943.64,5,508.96000000000004,move,improve
3747,9,943.64,5,508.96000000000004,swap,notBad
3748,9,943.64,5,508.96000000000004,swap,notBad
3749,9,943.64,5,508.96000000000004,2opt,notBad
3750,9,943.64,5,508.96000000000004,swap,notBad
3751,9,943.64,5,508.96000000000004,move,improve
3752,9,943.64,5,508.96000000000004,2opt,notBad
3753,9,943.64,5,508.96000000000004,move,improve
3754,9,943.64,5,508.96000000000004,swap,notBad
3755,9,943.64,5,508.96000000000004,2opt,notBad
3756,9,943.64,5,508.96000000000004,2opt,notBad
3757,9,943.64,5,508.96000000000004,2opt,notBad
3758,9,943.64,5,508.96000000000004,2opt,notBad
3759,9,943.64,5,508.96000000000004,move,improve
3760,9,943.64,5,508.96000000000004,swap,notBad
3761,9,927.9200000000001,5,508.96000000000004,2opt,improve
3762,9,927.9200000000001,5,508.96000000000004,swap,notBad
3763,9,927.9200000000001,5,508.96000000000004,move,improve
3764,9,927.9200000000001,5,508.96000000000004,2opt,notBad
3765,9,927.9200000000001,5,508.96000000000004,move,improve
3766,9,927.9200000000001,5,508.96000000000004,move,improve
3767,9,927.9200000000001,5,508.96000000000004,swap,notBad
3768,9,927.9200000000001,5,508.96000000000004,move,improve
3769,9,927.9200000000001,5,508.96000000000004,swap,notBad
3770,9,927.9200000000001,5,508.96000000000004,swap,notBad
3771,9,927.9200000000001,5,508.96000000000004,swap,notBad
3772,9,927.9200000000001,5,508.96000000000004,2opt,notBad
3773,9,927.9200000000001,5,508.96000000000004,move,improve
3774,9,927.9200000000001,5,508.96000000000004,move,improve
3775,9,927.9200000000001,5,508.96000000000004,2opt,notBad
3776,9,930.5600000000002,5,508.96000000000004,swap,acceptBad
3777,9,930.5600000000002,5,508.96000000000004,move,improve
3778,9,930.5600000000002,5,508.96000000000004,move,improve
3779,9,930.5600000000002,5,508.96000000000004,2opt,notBad
3780,9,930.5600000000002,5,508.96000000000004,2opt,notBad
3781,9,930.5600000000002,5,508.96000000000004,swap,notBad
3782,9,930.5600000000002,5,508.96000000000004,move,improve
3783,9,930.5600000000002,5,508.96000000000004,2opt,notBad
3784,9,930.5600000000002,5,508.96000000000004,move,improve
3785,9,930.5600000000002,5,508.96000000000004,2opt,notBad
3786,9,930.5600000000002,5,508.96000000000004,move,improve
3787,9,930.5600000000002,5,508.96000000000004,swap,notBad
3788,9,930.5600000000002,5,508.96000000000004,move,improve
3789,9,930.5600000000002,5,508.96000000000004,2opt,notBad
3790,9,930.5600000000002,5,508.96000000000004,move,improve
3791,9,930.5600000000002,5,508.96000000000004,swap,notBad
3792,9,928.4000000000001,5,508.96000000000004,move,improve
3793,9,928.4000000000001,5,508.96000000000004,swap,notBad
3794,9,928.4000000000001,5,508.96000000000004,2opt,notBad
3795,9,928.4000000000001,5,508.96000000000004,swap,notBad
3796,9,928.4000000000001,5,508.96000000000004,swap,notBad
3797,9,928.4000000000001,5,508.96000000000004,2opt,notBad
3798,9,928.4000000000001,5,508.96000000000004,2opt,notBad
3799,9,928.4000000000001,5,508.96000000000004,swap,notBad
3800,9,928.4000000000001,5,508.96000000000004,2opt,notBad
3801,9,928.4000000000001,5,508.96000000000004,2opt,notBad
3802,9,928.4000000000001,5,508.96000000000004,2opt,notBad
3803,9,928.4000000000001,5,508.96000000000004,move,improve
3804,9,928.4000000000001,5,508.96000000000004,2opt,notBad
3805,9,928.4000000000001,5,508.96000000000004,swap,notBad
3806,9,928.4000000000001,5,508.96000000000004,move,improve
3807,9,928.4000000000001,5,508.96000000000004,2opt,improve
3808,9,928.4000000000001,5,508.96000000000004,2opt,notBad
3809,9,928.4000000000001,5,508.96000000000004,move,improve
3810,9,928.4000000000001,5,508.96000000000004,move,improve
3811,9,929.5200000000001,5,508.96000000000004,swap,acceptBad
3812,9,929.5200000000001,5,508.96000000000004,2opt,notBad
3813,9,929.5200000000001,5,508.96000000000004,swap,notBad
3814,9,929.5200000000001,5,508.96000000000004,2opt,notBad
3815,9,929.5200000000001,5,508.96000000000004,swap,notBad
3816,9,929.5200000000001,5,508.96000000000004,move,improve
3817,9,929.5200000000001,5,508.96000000000004,move,improve
3818,9,929.5200000000001,5,508.96000000000004,move,improve
3819,9,929.5200000000001,5,508.96000000000004,move,improve
3820,9,929.5200000000001,5,508.96000000000004,swap,notBad
3821,9,929.5200000000001,5,508.96000000000004,swap,notBad
3822,9,929.5200000000001,5,508.96000000000004,move,improve
3823,9,929.5200000000001,5,508.96000000000004,swap,notBad
3824,9,929.5200000000001,5,508.96000000000004,swap,notBad
3825,9,922.9600000000003,5,508.96000000000004,move,improve
3826,9,922.9600000000003,5,508.96000000000004,swap,notBad
3827,9,922.9600000000003,5,508.96000000000004,2opt,notBad
3828,9,920.2400000000002,5,508.96000000000004,move,improve
3829,9,920.2400000000002,5,508.96000000000004,2opt,notBad
3830,9,920.2400000000002,5,508.96000000000004,swap,notBad
3831,9,920.2400000000002,5,508.96000000000004,2opt,notBad
3832,9,920.2400000000002,5,508.96000000000004,move,improve
3833,9,920.2400000000002,5,508.96000000000004,swap,notBad
3834,9,920.2400000000002,5,508.96000000000004,move,improve
3835,9,920.2400000000002,5,508.96000000000004,2opt,notBad
3836,9,920.2400000000002,5,508.96000000000004,move,improve
3837,9,920.2400000000002,5,508.96000000000004,2opt,notBad
3838,9,928.8800000000001,5,508.96000000000004,swap,acceptBad
3839,9,928.8800000000001,5,508.96000000000004,2opt,notBad
3840,9,928.8800000000001,5,508.96000000000004,swap,notBad
3841,9,928.8800000000001,5,508.96000000000004,swap,notBad
3842,9,928.8800000000001,5,508.96000000000004,move,improve
3843,9,928.8800000000001,5,508.96000000000004,move,improve
3844,9,928.8800000000001,5,508.96000000000004,swap,notBad
3845,9,928.8800000000001,5,508.96000000000004,swap,notBad
3846,9,928.8800000000001,5,508.96000000000004,2opt,notBad
3847,9,928.8800000000001,5,508.96000000000004,swap,notBad
3848,9,928.8800000000001,5,508.96000000000004,2opt,notBad
3849,9,928.8800000000001,5,508.96000000000004,move,improve
3850,9,928.8800000000001,5,508.96000000000004,2opt,notBad
3851,9,928.8800000000001,5,508.96000000000004,2opt,notBad
3852,9,928.8800000000001,5,508.96000000000004,2opt,notBad
3853,9,928.8800000000001,5,508.96000000000004,swap,notBad
3854,9,928.8800000000001,5,508.96000000000004,move,improve
3855,9,928.8800000000001,5,508.96000000000004,2opt,notBad
3856,9,928.7199999999999,5,508.96000000000004,swap,improve
3857,9,928.7199999999999,5,508.96000000000004,2opt,notBad
3858,9,928.7199999999999,5,508.96000000000004,2opt,improve
3859,9,928.7199999999999,5,508.96000000000004,swap,notBad
3860,9,928.7199999999999,5,508.96000000000004,2opt,notBad
3861,9,928.7199999999999,5,508.96000000000004,move,improve
3862,9,928.7199999999999,5,508.96000000000004,move,improve
3863,9,933.4399999999999,5,508.96000000000004,swap,acceptBad
3864,9,933.4399999999999,5,508.96000000000004,move,improve
3865,9,933.4399999999999,5,508.96000000000004,move,improve
3866,9,933.4399999999999,5,508.96000000000004,move,improve
3867,9,933.4399999999999,5,508.96000000000004,2opt,improve
3868,9,933.4399999999999,5,508.96000000000004,move,improve
3869,9,933.4399999999999,5,508.96000000000004,swap,notBad
3870,9,938.5199999999998,5,508.96000000000004,swap,acceptBad
3871,9,938.5199999999998,5,508.96000000000004,swap,notBad
3872,9,937.7999999999997,5,508.96000000000004,swap,improve
3873,9,937.7999999999997,5,508.96000000000004,2opt,notBad
3874,9,937.7999999999997,5,508.96000000000004,2opt,notBad
3875,9,936.4399999999998,5,508.96000000000004,move,improve
3876,9,936.4399999999998,5,508.96000000000004,move,improve
3877,9,936.4399999999998,5,508.96000000000004,move,improve
3878,9,936.4399999999998,5,508.96000000000004,move,improve
3879,9,936.4399999999998,5,508.96000000000004,swap,notBad
3880,9,936.4399999999998,5,508.96000000000004,swap,notBad
3881,9,936.4399999999998,5,508.96000000000004,2opt,notBad
3882,9,936.4399999999998,5,508.96000000000004,swap,notBad
3883,9,936.4399999999998,5,508.96000000000004,move,improve
3884,9,936.4399999999998,5,508.96000000000004,swap,notBad
3885,9,936.4399999999998,5,508.96000000000004,2opt,notBad
3886,9,936.4399999999998,5,508.96000000000004,move,improve
3887,9,936.4399999999998,5,508.96000000000004,2opt,notBad
3888,9,936.4399999999998,5,508.96000000000004,swap,notBad
3889,9,936.4399999999998,5,508.96000000000004,move,improve
3890,9,936.4399999999998,5,508.96000000000004,2opt,notBad
3891,9,936.4399999999998,5,508.96000000000004,move,improve
3892,9,937.28,5,508.96000000000004,move,acceptBad
3893,9,937.28,5,508.96000000000004,swap,notBad
3894,9,937.28,5,508.96000000000004,move,improve
3895,9,937.28,5,508.96000000000004,swap,notBad
3896,9,937.28,5,508.96000000000004,move,improve
3897,9,937.28,5,508.96000000000004,2opt,notBad
3898,9,937.28,5,508.96000000000004,2opt,notBad
3899,9,937.28,5,508.96000000000004,swap,notBad
3900,9,937.28,5,508.96000000000004,2opt,notBad
3901,9,937.28,5,508.96000000000004,move,improve
3902,9,937.28,5,508.96000000000004,2opt,notBad
3903,9,937.28,5,508.96000000000004,move,improve
3904,9,938.04,5,508.96000000000004,swap,acceptBad
3905,9,951.9600000000003,5,508.96000000000004,swap,acceptBad
3906,9,929.8000000000002,5,508.96000000000004,swap,improve
3907,9,929.8000000000002,5,508.96000000000004,move,improve
3908,9,929.0400000000002,5,508.96000000000004,swap,improve
3909,9,929.0400000000002,5,508.96000000000004,swap,notBad
3910,9,929.0400000000002,5,508.96000000000004,swap,notBad
3911,9,929.0400000000002,5,508.96000000000004,swap,notBad
3912,9,929.0400000000002,5,508.96000000000004,move,improve
3913,9,928.9200000000002,5,508.96000000000004,move,improve
3914,9,928.9200000000002,5,508.96000000000004,2opt,notBad
3915,9,928.9200000000002,5,508.96000000000004,swap,notBad
3916,9,928.9200000000002,5,508.96000000000004,swap,notBad
3917,9,928.7600000000003,5,508.96000000000004,swap,improve
3918,9,928.7600000000003,5,508.96000000000004,swap,notBad
3919,9,928.7600000000003,5,508.96000000000004,swap,notBad
3920,9,928.7600000000003,5,508.96000000000004,move,improve
3921,9,928.7600000000003,5,508.96000000000004,swap,notBad
3922,9,928.7600000000003,5,508.96000000000004,2opt,notBad
3923,9,928.7600000000003,5,508.96000000000004,move,improve
3924,9,928.7600000000003,5,508.96000000000004,2opt,notBad
3925,9,928.7600000000003,5,508.96000000000004,move,improve
3926,9,928.7600000000003,5,508.96000000000004,move,improve
3927,9,928.7600000000003,5,508.96000000000004,swap,notBad
3928,9,928.7600000000003,5,508.96000000000004,swap,notBad
3929,9,928.7600000000003,5,508.96000000000004,move,improve
3930,9,928.7600000000003,5,508.96000000000004,2opt,improve
3931,9,928.7600000000003,5,508.96000000000004,2opt,notBad
3932,9,928.7600000000003,5,508.96000000000004,move,improve
3933,9,928.7600000000003,5,508.96000000000004,swap,notBad
3934,9,928.7600000000003,5,508.96000000000004,swap,notBad
3935,9,928.7600000000003,5,508.96000000000004,swap,notBad
3936,9,928.7600000000003,5,508.96000000000004,move,improve
3937,9,928.7600000000003,5,508.96000000000004,move,improve
3938,9,928.7600000000003,5,508.96000000000004,2opt,notBad
3939,9,928.7600000000003,5,508.96000000000004,2opt,notBad
3940,9,926.3600000000002,5,508.96000000000004,move,improve
3941,9,926.3600000000002,5,508.96000000000004,swap,notBad
3942,9,926.3600000000002,5,508.96000000000004,move,improve
3943,9,926.3600000000002,5,508.96000000000004,move,improve
3944,9,926.3600000000002,5,508.96000000000004,2opt,notBad
3945,9,926.3600000000002,5,508.96000000000004,move,improve
3946,9,930.0000000000002,5,508.96000000000004,swap,acceptBad
3947,9,930.0000000000002,5,508.96000000000004,2opt,notBad
3948,9,917.4000000000002,5,508.96000000000004,move,improve
3949,9,917.4000000000002,5,508.96000000000004,move,improve
3950,9,917.4000000000002,5,508.96000000000004,2opt,notBad
3951,9,917.4000000000002,5,508.96000000000004,swap,notBad
3952,9,917.4000000000002,5,508.96000000000004,swap,notBad
3953,9,917.4000000000002,5,508.96000000000004,swap,notBad
3954,9,917.4000000000002,5,508.96000000000004,swap,notBad
3955,9,917.4000000000002,5,508.96000000000004,swap,notBad
3956,9,917.4000000000002,5,508.96000000000004,swap,notBad
3957,9,917.4000000000002,5,508.96000000000004,2opt,notBad
3958,9,912.5600000000002,5,508.96000000000004,move,improve
3959,9,912.5600000000002,5,508.96000000000004,2opt,notBad
3960,9,912.5600000000002,5,508.96000000000004,swap,notBad
3961,9,907.72,5,508.96000000000004,move,improve
3962,9,907.72,5,508.96000000000004,2opt,notBad
3963,9,907.72,5,508.96000000000004,2opt,notBad
3964,9,907.72,5,508.96000000000004,swap,notBad
3965,9,907.72,5,508.96000000000004,swap,notBad
3966,9,907.72,5,508.96000000000004,move,improve
3967,9,907.72,5,508.96000000000004,swap,notBad
3968,9,907.72,5,508.96000000000004,swap,notBad
3969,9,907.72,5,508.96000000000004,2opt,notBad
3970,9,907.72,5,508.96000000000004,swap,notBad
3971,9,907.72,5,508.96000000000004,2opt,notBad
3972,9,907.72,5,508.96000000000004,2opt,notBad
3973,9,907.72,5,508.96000000000004,2opt,notBad
3974,9,907.72,5,508.96000000000004,swap,notBad
3975,9,907.72,5,508.96000000000004,swap,notBad
3976,9,907.72,5,508.96000000000004,2opt,notBad
3977,9,907.72,5,508.96000000000004,2opt,notBad
3978,9,907.72,5,508.96000000000004,move,improve
3979,9,909.7200000000001,5,508.96000000000004,swap,acceptBad
3980,9,909.7200000000001,5,508.96000000000004,move,improve
3981,9,908.12,5,508.96000000000004,move,improve
3982,9,908.12,5,508.96000000000004,move,improve
3983,9,908.12,5,508.96000000000004,2opt,notBad
3984,9,908.12,5,508.96000000000004,move,improve
3985,9,908.12,5,508.96000000000004,2opt,improve
3986,9,908.12,5,508.96000000000004,2opt,notBad
3987,9,908.12,5,508.96000000000004,swap,notBad
3988,9,908.12,5,508.96000000000004,2opt,notBad
3989,9,908.12,5,508.96000000000004,move,improve
3990,9,908.12,5,508.96000000000004,swap,notBad
3991,9,908.12,5,508.96000000000004,move,improve
3992,9,908.12,5,508.96000000000004,swap,notBad
3993,9,908.12,5,508.96000000000004,2opt,notBad
3994,9,908.12,5,508.96000000000004,move,improve
3995,9,908.12,5,508.96000000000004,move,improve
3996,9,908.12,5,508.96000000000004,move,improve
3997,9,908.12,5,508.96000000000004,move,improve
3998,9,908.12,5,508.96000000000004,move,improve
3999,9,908.12,5,508.96000000000004,2opt,notBad
4000,9,908.12,5,508.96000000000004,2opt,notBad
4001,9,908.12,5,508.96000000000004,swap,notBad
4002,9,908.12,5,508.96000000000004,swap,notBad
4003,9,912.44,5,508.96000000000004,swap,acceptBad
4004,9,912.44,5,508.96000000000004,move,improve
4005,9,912.44,5,508.96000000000004,swap,notBad
4006,9,912.44,5,508.96000000000004,2opt,notBad
4007,9,912.44,5,508.96000000000004,swap,notBad
4008,9,912.44,5,508.96000000000004,swap,notBad
4009,9,912.44,5,508.96000000000004,2opt,notBad
4010,9,912.44,5,508.96000000000004,move,improve
4011,9,912.44,5,508.96000000000004,swap,notBad
4012,9,912.44,5,508.96000000000004,2opt,notBad
4013,9,912.44,5,508.96000000000004,move,improve
4014,9,912.44,5,508.96000000000004,2opt,notBad
4015,9,912.44,5,508.96000000000004,move,improve
4016,9,912.44,5,508.96000000000004,swap,notBad
4017,9,912.44,5,508.96000000000004,2opt,improve
4018,9,912.44,5,508.96000000000004,swap,notBad
4019,9,912.44,5,508.96000000000004,swap,notBad
4020,9,912.44,5,508.96000000000004,move,improve
4021,9,912.44,5,508.96000000000004,2opt,notBad
4022,9,917.9200000000001,5,508.96000000000004,swap,acceptBad
4023,9,917.9200000000001,5,508.96000000000004,swap,notBad
4024,9,917.9200000000001,5,508.96000000000004,2opt,notBad
4025,9,917.9200000000001,5,508.96000000000004,move,improve
4026,9,917.9200000000001,5,508.96000000000004,swap,notBad
4027,9,917.9200000000001,5,508.96000000000004,move,improve
4028,9,917.9200000000001,5,508.96000000000004,2opt,notBad
4029,9,917.9200000000001,5,508.96000000000004,2opt,notBad
4030,9,917.9200000000001,5,508.96000000000004,swap,notBad
4031,9,917.9200000000001,5,508.96000000000004,move,improve
4032,9,917.9200000000001,5,508.96000000000004,move,improve
4033,9,917.9200000000001,5,508.96000000000004,move,improve
4034,9,917.9200000000001,5,508.96000000000004,swap,notBad
4035,9,917.6,5,508.96000000000004,move,improve
4036,9,917.6,5,508.96000000000004,swap,notBad
4037,9,917.6,5,508.96000000000004,move,improve
4038,9,917.6,5,508.96000000000004,move,improve
4039,9,925.7199999999999,5,508.96000000000004,swap,acceptBad
4040,9,925.7199999999999,5,508.96000000000004,2opt,notBad
4041,9,925.7199999999999,5,508.96000000000004,2opt,notBad
4042,9,925.7199999999999,5,508.96000000000004,move,improve
4043,9,925.7199999999999,5,508.96000000000004,swap,notBad
4044,9,925.7199999999999,5,508.96000000000004,move,improve
4045,9,925.7199999999999,5,508.96000000000004,2opt,notBad
4046,9,925.7199999999999,5,508.96000000000004,move,improve
4047,9,925.7199999999998,5,508.96000000000004,move,improve
4048,9,925.7199999999998,5,508.96000000000004,2opt,notBad
4049,9,925.7199999999998,5,508.96000000000004,move,improve
4050,9,925.7199999999998,5,508.96000000000004,swap,notBad
4051,9,925.7199999999998,5,508.96000000000004,swap,notBad
4052,9,921.5600000000001,5,508.96000000000004,move,improve
4053,9,921.5600000000001,5,508.96000000000004,swap,notBad
4054,9,921.5600000000001,5,508.96000000000004,2opt,notBad
4055,9,921.5600000000001,5,508.96000000000004,move,improve
4056,9,921.5600000000001,5,508.96000000000004,swap,notBad
4057,9,921.5600000000001,5,508.96000000000004,swap,notBad
4058,9,921.5600000000001,5,508.96000000000004,swap,notBad
4059,9,921.5600000000001,5,508.96000000000004,swap,notBad
4060,9,921.5600000000001,5,508.96000000000004,swap,notBad
4061,9,921.5600000000001,5,508.96000000000004,swap,notBad
4062,9,921.5600000000001,5,508.96000000000004,2opt,improve
4063,9,921.5600000000001,5,508.96000000000004,move,improve
4064,9,921.5600000000001,5,508.96000000000004,swap,notBad
4065,9,921.5600000000001,5,508.96000000000004,2opt,notBad
4066,9,921.5600000000001,5,508.96000000000004,2opt,notBad
4067,9,923.36,5,508.96000000000004,swap,acceptBad
4068,9,923.36,5,508.96000000000004,2opt,notBad
4069,9,923.36,5,508.96000000000004,2opt,notBad
4070,9,923.16,5,508.96000000000004,move,improve
4071,9,923.16,5,508.96000000000004,swap,notBad
4072,9,923.16,5,508.96000000000004,swap,notBad
4073,9,921.4799999999999,5,508.96000000000004,move,improve
4074,9,921.4799999999999,5,508.96000000000004,2opt,notBad
4075,9,921.4799999999999,5,508.96000000000004,move,improve
4076,9,921.4799999999999,5,508.96000000000004,move,improve
4077,9,922.24,5,508.96000000000004,swap,acceptBad
4078,9,922.24,5,508.96000000000004,2opt,notBad
4079,9,922.24,5,508.96000000000004,move,improve
4080,9,922.24,5,508.96000000000004,swap,notBad
4081,9,922.24,5,508.96000000000004,swap,notBad
4082,9,922.24,5,508.96000000000004,2opt,notBad
4083,9,922.24,5,508.96000000000004,move,improve
4084,9,922.24,5,508.96000000000004,move,improve
4085,9,922.24,5,508.96000000000004,swap,notBad
4086,9,921.6400000000001,5,508.96000000000004,move,improve
4087,9,921.6400000000001,5,508.96000000000004,swap,notBad
4088,9,921.6400000000001,5,508.96000000000004,2opt,notBad
4089,9,921.6400000000001,5,508.96000000000004,swap,notBad
4090,9,921.6400000000001,5,508.96000000000004,swap,notBad
4091,9,921.6400000000001,5,508.96000000000004,move,improve
4092,9,921.6400000000001,5,508.96000000000004,move,improve
4093,9,921.6400000000001,5,508.96000000000004,move,improve
4094,9,921.6400000000001,5,508.96000000000004,2opt,notBad
4095,9,921.6400000000001,5,508.96000000000004,2opt,notBad
4096,9,924.6800000000001,5,508.96000000000004,swap,acceptBad
4097,9,924.6800000000001,5,508.96000000000004,2opt,notBad
4098,9,924.6800000000001,5,508.96000000000004,swap,notBad
4099,9,924.6800000000001,5,508.96000000000004,move,improve
4100,9,924.6800000000001,5,508.96000000000004,2opt,notBad
4101,9,924.6800000000001,5,508.96000000000004,2opt,improve
4102,9,924.6800000000001,5,508.96000000000004,2opt,notBad
4103,9,924.6800000000001,5,508.96000000000004,swap,notBad
4104,9,924.6800000000001,5,508.96000000000004,2opt,notBad
4105,9,924.6800000000001,5,508.96000000000004,swap,notBad
4106,9,924.6800000000001,5,508.96000000000004,2opt,notBad
4107,9,924.6800000000001,5,508.96000000000004,2opt,notBad
4108,9,924.6800000000001,5,508.96000000000004,swap,notBad
4109,9,924.6800000000001,5,508.96000000000004,2opt,notBad
4110,9,924.6800000000001,5,508.96000000000004,move,improve
4111,9,924.6800000000001,5,508.96000000000004,swap,notBad
4112,9,924.6800000000001,5,508.96000000000004,2opt,notBad
4113,9,924.6800000000001,5,508.96000000000004,2opt,notBad
4114,9,924.6800000000001,5,508.96000000000004,2opt,notBad
4115,9,924.6800000000001,5,508.96000000000004,swap,notBad
4116,9,924.6800000000001,5,508.96000000000004,swap,notBad
4117,9,924.6800000000001,5,508.96000000000004,swap,notBad
4118,9,924.6800000000001,5,508.96000000000004,move,improve
4119,9,924.6800000000001,5,508.96000000000004,move,improve
4120,9,924.6800000000001,5,508.96000000000004,swap,notBad
4121,9,924.6800000000001,5,508.96000000000004,2opt,improve
4122,9,924.6800000000001,5,508.96000000000004,move,improve
4123,9,924.6800000000001,5,508.96000000000004,2opt,notBad
4124,9,924.6800000000001,5,508.96000000000004,move,improve
4125,9,924.6800000000001,5,508.96000000000004,swap,notBad
4126,9,924.6800000000001,5,508.96000000000004,2opt,notBad
4127,9,924.6800000000001,5,508.96000000000004,move,improve
4128,9,918.28,5,508.96000000000004,swap,improve
4129,9,918.28,5,508.96000000000004,move,improve
4130,9,918.28,5,508.96000000000004,2opt,notBad
4131,9,918.28,5,508.96000000000004,move,improve
4132,9,917.7599999999999,5,508.96000000000004,move,improve
4133,9,917.7599999999999,5,508.96000000000004,swap,notBad
4134,9,917.7599999999999,5,508.96000000000004,swap,notBad
4135,9,917.7599999999999,5,508.96000000000004,swap,notBad
4136,9,917.7599999999999,5,508.96000000000004,swap,notBad
4137,9,917.7599999999999,5,508.96000000000004,2opt,notBad
4138,9,917.7599999999999,5,508.96000000000004,move,improve
4139,9,917.7599999999999,5,508.96000000000004,move,improve
4140,9,916.9599999999999,5,508.96000000000004,2opt,improve
4141,9,916.9599999999999,5,508.96000000000004,move,improve
4142,9,916.9599999999999,5,508.96000000000004,2opt,notBad
4143,9,916.9599999999999,5,508.96000000000004,swap,notBad
4144,9,916.9599999999999,5,508.96000000000004,move,improve
4145,9,916.9599999999999,5,508.96000000000004,2opt,improve
4146,9,916.9599999999999,5,508.96000000000004,move,improve
4147,9,916.9599999999999,5,508.96000000000004,move,improve
4148,9,916.9599999999999,5,508.96000000000004,move,improve
4149,9,916.9599999999999,5,508.96000000000004,2opt,notBad
4150,9,916.9599999999999,5,508.96000000000004,swap,notBad
4151,9,916.9599999999999,5,508.96000000000004,2opt,notBad
4152,9,916.9599999999999,5,508.96000000000004,swap,notBad
4153,9,916.9599999999999,5,508.96000000000004,swap,notBad
4154,9,916.9599999999999,5,508.96000000000004,move,improve
4155,9,916.9599999999999,5,508.96000000000004,2opt,notBad
4156,9,916.9599999999999,5,508.96000000000004,move,improve
4157,9,916.9599999999999,5,508.96000000000004,swap,notBad
4158,9,916.9599999999999,5,508.96000000000004,swap,notBad
4159,9,916.9599999999999,5,508.96000000000004,2opt,notBad
4160,9,916.0,5,508.96000000000004,move,improve
4161,9,916.0,5,508.96000000000004,2opt,notBad
4162,9,916.0,5,508.96000000000004,2opt,notBad
4163,9,916.0,5,508.96000000000004,2opt,notBad
4164,9,916.0,5,508.96000000000004,move,improve
4165,9,916.0,5,508.96000000000004,swap,notBad
4166,9,915.68,5,508.96000000000004,swap,improve
4167,9,915.68,5,508.96000000000004,swap,notBad
4168,9,915.68,5,508.96000000000004,move,improve
4169,9,915.68,5,508.96000000000004,2opt,notBad
4170,9,915.68,5,508.96000000000004,swap,notBad
4171,9,915.68,5,508.96000000000004,swap,notBad
4172,9,914.1600000000001,5,508.96000000000004,swap,improve
4173,9,914.1600000000001,5,508.96000000000004,move,improve
4174,9,914.1600000000001,5,508.96000000000004,swap,notBad
4175,9,914.1600000000001,5,508.96000000000004,swap,notBad
4176,9,928.04,5,508.96000000000004,move,acceptBad
4177,9,916.12,5,508.96000000000004,swap,improve
4178,9,916.12,5,508.96000000000004,2opt,notBad
4179,9,916.12,5,508.96000000000004,move,improve
4180,9,916.12,5,508.96000000000004,move,improve
4181,9,916.12,5,508.96000000000004,move,improve
4182,9,916.12,5,508.96000000000004,swap,notBad
4183,9,916.12,5,508.96000000000004,swap,notBad
4184,9,915.68,5,508.96000000000004,move,improve
4185,9,915.68,5,508.96000000000004,swap,notBad
4186,9,915.68,5,508.96000000000004,swap,notBad
4187,9,915.68,5,508.96000000000004,move,improve
4188,9,915.68,5,508.96000000000004,swap,notBad
4189,9,915.68,5,508.96000000000004,2opt,notBad
4190,9,915.68,5,508.96000000000004,2opt,notBad
4191,9,923.4800000000001,5,508.96000000000004,swap,acceptBad
4192,9,923.4800000000001,5,508.96000000000004,move,improve
4193,9,923.4800000000001,5,508.96000000000004,2opt,notBad
4194,9,923.4800000000001,5,508.96000000000004,2opt,improve
4195,9,923.4800000000001,5,508.96000000000004,swap,notBad
4196,9,923.4800000000001,5,508.96000000000004,2opt,notBad
4197,9,923.4800000000001,5,508.96000000000004,move,improve
4198,9,923.4800000000001,5,508.96000000000004,2opt,notBad
4199,9,923.4800000000001,5,508.96000000000004,2opt,notBad
4200,9,921.7600000000003,5,508.96000000000004,move,improve
4201,9,921.7600000000003,5,508.96000000000004,move,improve
4202,9,921.7600000000003,5,508.96000000000004,2opt,notBad
4203,9,921.7600000000003,5,508.96000000000004,2opt,notBad
4204,9,921.7600000000003,5,508.96000000000004,move,improve
4205,9,921.7600000000003,5,508.96000000000004,2opt,notBad
4206,9,921.7600000000003,5,508.96000000000004,2opt,notBad
4207,9,921.7600000000003,5,508.96000000000004,swap,notBad
4208,9,921.7600000000003,5,508.96000000000004,swap,notBad
4209,9,905.0400000000002,5,508.96000000000004,swap,improve
4210,9,905.0400000000002,5,508.96000000000004,2opt,notBad
4211,9,905.0400000000002,5,508.96000000000004,2opt,notBad
4212,9,905.0400000000002,5,508.96000000000004,move,improve
4213,9,905.0400000000002,5,508.96000000000004,move,improve
4214,9,905.0400000000002,5,508.96000000000004,move,improve
4215,9,905.0400000000002,5,508.96000000000004,2opt,notBad
4216,9,905.0400000000002,5,508.96000000000004,2opt,notBad
4217,9,905.0400000000002,5,508.96000000000004,move,improve
4218,9,905.0400000000002,5,508.96000000000004,swap,notBad
4219,9,905.0400000000002,5,508.96000000000004,move,improve
4220,9,905.0400000000002,5,508.96000000000004,swap,notBad
4221,9,905.0400000000002,5,508.96000000000004,move,improve
4222,9,905.0400000000002,5,508.96000000000004,2opt,notBad
4223,9,905.0400000000002,5,508.96000000000004,move,improve
4224,9,905.0400000000002,5,508.96000000000004,swap,notBad
4225,9,905.0400000000002,5,508.96000000000004,2opt,notBad
4226,9,905.0400000000002,5,508.96000000000004,move,improve
4227,9,904.8000000000002,5,508.96000000000004,move,improve
4228,9,904.8000000000002,5,508.96000000000004,move,improve
4229,9,904.8000000000002,5,508.96000000000004,swap,notBad
4230,9,904.8000000000002,5,508.96000000000004,2opt,notBad
4231,9,904.8000000000002,5,508.96000000000004,move,improve
4232,9,904.8000000000002,5,508.96000000000004,2opt,notBad
4233,9,904.8000000000002,5,508.96000000000004,move,improve
4234,9,902.8000000000001,5,508.96000000000004,move,improve
4235,9,902.8000000000001,5,508.96000000000004,swap,notBad
4236,9,902.8000000000001,5,508.96000000000004,move,improve
4237,9,902.8000000000001,5,508.96000000000004,2opt,improve
4238,9,902.8000000000001,5,508.96000000000004,2opt,notBad
4239,9,902.8000000000001,5,508.96000000000004,swap,notBad
4240,9,902.8000000000001,5,508.96000000000004,swap,notBad
4241,9,902.8000000000001,5,508.96000000000004,2opt,notBad
4242,9,902.8000000000001,5,508.96000000000004,2opt,notBad
4243,9,902.64,5,508.96000000000004,move,improve
4244,9,902.64,5,508.96000000000004,2opt,notBad
4245,9,902.64,5,508.96000000000004,2opt,notBad
4246,9,902.64,5,508.96000000000004,2opt,notBad
4247,9,902.64,5,508.96000000000004,swap,notBad
4248,9,902.64,5,508.96000000000004,swap,notBad
4249,9,902.64,5,508.96000000000004,move,improve
4250,9,905.4399999999999,5,508.96000000000004,swap,acceptBad
4251,9,905.4399999999999,5,508.96000000000004,swap,notBad
4252,9,905.4399999999999,5,508.96000000000004,2opt,notBad
4253,9,912.8000000000001,5,508.96000000000004,swap,acceptBad
4254,9,912.8000000000001,5,508.96000000000004,move,improve
4255,9,912.8000000000001,5,508.96000000000004,move,improve
4256,9,912.8000000000001,5,508.96000000000004,move,improve
4257,9,912.8000000000001,5,508.96000000000004,swap,notBad
4258,9,912.8000000000001,5,508.96000000000004,2opt,improve
4259,9,912.6399999999999,5,508.96000000000004,swap,improve
4260,9,912.6399999999999,5,508.96000000000004,swap,notBad
4261,9,912.6399999999999,5,508.96000000000004,swap,notBad
4262,9,912.6399999999999,5,508.96000000000004,2opt,notBad
4263,9,912.6399999999999,5,508.96000000000004,move,improve
4264,9,912.6399999999999,5,508.96000000000004,2opt,notBad
4265,9,912.6399999999999,5,508.96000000000004,move,improve
4266,9,924.64,5,508.96000000000004,swap,acceptBad
4267,9,924.64,5,508.96000000000004,2opt,notBad
4268,9,924.64,5,508.96000000000004,swap,notBad
4269,9,924.64,5,508.96000000000004,swap,notBad
4270,9,924.64,5,508.96000000000004,2opt,notBad
4271,9,924.64,5,508.96000000000004,move,improve
4272,9,924.64,5,508.96000000000004,2opt,notBad
4273,9,924.64,5,508.96000000000004,swap,notBad
4274,9,924.64,5,508.96000000000004,swap,notBad
4275,9,922.0,5,508.96000000000004,move,improve
4276,9,922.0,5,508.96000000000004,move,improve
4277,9,922.0,5,508.96000000000004,swap,notBad
4278,9,922.0,5,508.96000000000004,swap,notBad
4279,9,922.0,5,508.96000000000004,move,improve
4280,9,922.0,5,508.96000000000004,move,improve
4281,9,922.0,5,508.96000000000004,2opt,notBad
4282,9,922.0,5,508.96000000000004,2opt,improve
4283,9,922.0,5,508.96000000000004,move,improve
4284,9,922.0,5,508.96000000000004,swap,notBad
4285,9,922.0,5,508.96000000000004,move,improve
4286,9,922.0,5,508.96000000000004,move,improve
4287,9,922.0,5,508.96000000000004,swap,notBad
4288,9,922.0,5,508.96000000000004,2opt,notBad
4289,9,922.0,5,508.96000000000004,swap,notBad
4290,9,922.0,5,508.96000000000004,swap,notBad
4291,9,928.24,5,508.96000000000004,swap,acceptBad
4292,9,928.24,5,508.96000000000004,swap,notBad
4293,9,936.6800000000001,5,508.96000000000004,swap,acceptBad
4294,9,936.6800000000001,5,508.96000000000004,move,improve
4295,9,936.6800000000001,5,508.96000000000004,swap,notBad
4296,9,936.6800000000001,5,508.96000000000004,swap,notBad
4297,9,936.6800000000001,5,508.96000000000004,move,improve
4298,9,935.6000000000001,5,508.96000000000004,move,improve
4299,9,935.6000000000001,5,508.96000000000004,swap,notBad
4300,9,935.6000000000001,5,508.96000000000004,swap,notBad
4301,9,935.6000000000001,5,508.96000000000004,swap,notBad
4302,9,935.6000000000001,5,508.96000000000004,move,improve
4303,9,935.6000000000001,5,508.96000000000004,swap,notBad
4304,9,935.6000000000001,5,508.96000000000004,move,improve
4305,9,935.6000000000001,5,508.96000000000004,swap,notBad
4306,9,935.6000000000001,5,508.96000000000004,swap,notBad
4307,9,935.6000000000001,5,508.96000000000004,2opt,improve
4308,9,935.6000000000001,5,508.96000000000004,swap,notBad
4309,9,935.6000000000001,5,508.96000000000004,swap,notBad
4310,9,935.6000000000001,5,508.96000000000004,move,improve
4311,9,935.6000000000001,5,508.96000000000004,2opt,notBad
4312,9,935.6000000000001,5,508.96000000000004,swap,notBad
4313,9,935.6000000000001,5,508.96000000000004,2opt,notBad
4314,9,935.6000000000001,5,508.96000000000004,swap,notBad
4315,9,935.36,5,508.96000000000004,move,improve
4316,9,935.36,5,508.96000000000004,2opt,notBad
4317,9,935.96,5,508.96000000000004,swap,acceptBad
4318,9,935.96,5,508.96000000000004,move,improve
4319,9,935.96,5,508.96000000000004,move,improve
4320,9,928.2799999999999,5,508.96000000000004,swap,improve
4321,9,928.2799999999999,5,508.96000000000004,move,improve
4322,9,928.2799999999999,5,508.96000000000004,2opt,notBad
4323,9,928.2799999999999,5,508.96000000000004,swap,notBad
4324,9,928.2799999999999,5,508.96000000000004,2opt,notBad
4325,9,928.1999999999998,5,508.96000000000004,move,improve
4326,9,928.1999999999998,5,508.96000000000004,2opt,notBad
4327,9,928.1999999999998,5,508.96000000000004,move,improve
4328,9,927.6399999999999,5,508.96000000000004,2opt,improve
4329,9,927.6399999999999,5,508.96000000000004,swap,notBad
4330,9,927.6399999999999,5,508.96000000000004,2opt,notBad
4331,9,927.6399999999999,5,508.96000000000004,swap,notBad
4332,9,927.6399999999999,5,508.96000000000004,move,improve
4333,9,927.6399999999999,5,508.96000000000004,2opt,notBad
4334,9,927.6399999999999,5,508.96000000000004,swap,notBad
4335,9,927.6399999999999,5,508.96000000000004,move,improve
4336,9,927.6399999999999,5,508.96000000000004,swap,notBad
4337,9,920.24,5,508.96000000000004,move,improve
4338,9,920.24,5,508.96000000000004,move,improve
4339,9,920.24,5,508.96000000000004,2opt,notBad
4340,9,920.24,5,508.96000000000004,swap,notBad
4341,9,920.24,5,508.96000000000004,swap,notBad
4342,9,920.24,5,508.96000000000004,swap,notBad
4343,9,920.24,5,508.96000000000004,2opt,notBad
4344,9,920.24,5,508.96000000000004,swap,notBad
4345,9,920.24,5,508.96000000000004,2opt,notBad
4346,9,920.24,5,508.96000000000004,2opt,notBad
4347,9,921.6399999999998,5,508.96000000000004,2opt,acceptBad
4348,9,921.6399999999998,5,508.96000000000004,swap,notBad
4349,9,921.4,5,508.96000000000004,move,improve
4350,9,921.4,5,508.96000000000004,2opt,improve
4351,9,921.4,5,508.96000000000004,move,improve
4352,9,919.4,5,508.96000000000004,move,improve
4353,9,919.4,5,508.96000000000004,2opt,notBad
4354,9,926.6400000000001,5,508.96000000000004,swap,acceptBad
4355,9,926.6400000000001,5,508.96000000000004,swap,notBad
4356,9,926.6400000000001,5,508.96000000000004,move,notBad
4357,9,926.6400000000001,5,508.96000000000004,2opt,notBad
4358,9,929.3199999999999,5,508.96000000000004,swap,acceptBad
4359,9,929.3199999999999,5,508.96000000000004,move,improve
4360,9,929.3199999999999,5,508.96000000000004,2opt,improve
4361,9,929.3199999999999,5,508.96000000000004,move,improve
4362,9,929.3199999999999,5,508.96000000000004,move,improve
4363,9,929.3199999999999,5,508.96000000000004,2opt,improve
4364,9,929.3199999999999,5,508.96000000000004,move,improve
4365,9,929.3199999999999,5,508.96000000000004,swap,notBad
4366,9,929.3199999999999,5,508.96000000000004,2opt,notBad
4367,9,929.3199999999999,5,508.96000000000004,move,improve
4368,9,929.3199999999999,5,508.96000000000004,swap,notBad
4369,9,926.6000000000004,5,508.96000000000004,swap,improve
4370,9,926.6000000000004,5,508.96000000000004,move,improve
4371,9,926.6000000000004,5,508.96000000000004,move,improve
4372,9,924.7600000000006,5,508.96000000000004,swap,improve
4373,9,924.7600000000006,5,508.96000000000004,move,improve
4374,9,924.7600000000006,5,508.96000000000004,move,improve
4375,9,913.2400000000006,5,508.96000000000004,swap,improve
4376,9,913.2400000000006,5,508.96000000000004,2opt,notBad
4377,9,913.2400000000006,5,508.96000000000004,move,improve
4378,9,913.2400000000006,5,508.96000000000004,2opt,notBad
4379,9,913.2400000000006,5,508.96000000000004,2opt,notBad
4380,9,910.6800000000005,5,508.96000000000004,move,improve
4381,9,922.2000000000005,5,508.96000000000004,swap,acceptBad
4382,9,922.2000000000005,5,508.96000000000004,2opt,notBad
4383,9,922.2000000000005,5,508.96000000000004,swap,notBad
4384,9,922.2000000000005,5,508.96000000000004,move,improve
4385,9,922.2000000000005,5,508.96000000000004,2opt,notBad
4386,9,920.9200000000005,5,508.96000000000004,move,improve
4387,9,920.9200000000005,5,508.96000000000004,move,improve
4388,9,920.9200000000005,5,508.96000000000004,move,improve
4389,9,920.9200000000005,5,508.96000000000004,move,improve
4390,9,920.9200000000005,5,508.96000000000004,move,improve
4391,9,920.9200000000005,5,508.96000000000004,move,improve
4392,9,920.9200000000005,5,508.96000000000004,swap,notBad
4393,9,920.9200000000005,5,508.96000000000004,swap,notBad
4394,9,920.9200000000005,5,508.96000000000004,2opt,improve
4395,9,920.9200000000005,5,508.96000000000004,2opt,improve
4396,9,920.9200000000005,5,508.96000000000004,swap,notBad
4397,9,920.9200000000005,5,508.96000000000004,2opt,notBad
4398,9,920.9200000000005,5,508.96000000000004,2opt,notBad
4399,9,920.9200000000005,5,508.96000000000004,2opt,notBad
4400,9,920.9200000000005,5,508.96000000000004,swap,notBad
4401,9,920.9200000000005,5,508.96000000000004,2opt,notBad
4402,9,920.9200000000005,5,508.96000000000004,move,improve
4403,9,920.9200000000005,5,508.96000000000004,2opt,notBad
4404,9,920.9200000000005,5,508.96000000000004,move,improve
4405,9,920.9200000000005,5,508.96000000000004,swap,notBad
4406,9,920.9200000000005,5,508.96000000000004,swap,notBad
4407,9,920.9200000000005,5,508.96000000000004,2opt,notBad
4408,9,920.9200000000005,5,508.96000000000004,move,improve
4409,9,923.2800000000005,5,508.96000000000004,swap,acceptBad
4410,9,923.2800000000005,5,508.96000000000004,swap,notBad
4411,9,923.2800000000005,5,508.96000000000004,2opt,notBad
4412,9,923.2800000000005,5,508.96000000000004,2opt,notBad
4413,9,923.2800000000005,5,508.96000000000004,2opt,notBad
4414,9,923.2800000000005,5,508.96000000000004,swap,notBad
4415,9,923.2800000000005,5,508.96000000000004,2opt,notBad
4416,9,928.9200000000005,5,508.96000000000004,swap,acceptBad
4417,9,928.9200000000005,5,508.96000000000004,2opt,notBad
4418,9,923.2400000000004,5,508.96000000000004,swap,improve
4419,9,923.2400000000004,5,508.96000000000004,move,improve
4420,9,922.3200000000005,5,508.96000000000004,move,improve
4421,9,922.3200000000005,5,508.96000000000004,2opt,notBad
4422,9,917.6800000000005,5,508.96000000000004,move,improve
4423,9,917.6800000000005,5,508.96000000000004,swap,notBad
4424,9,917.6800000000005,5,508.96000000000004,2opt,notBad
4425,9,917.6800000000005,5,508.96000000000004,move,improve
4426,9,917.6800000000005,5,508.96000000000004,2opt,notBad
4427,9,917.6800000000005,5,508.96000000000004,swap,notBad
4428,9,917.6800000000005,5,508.96000000000004,move,improve
4429,9,917.6800000000005,5,508.96000000000004,2opt,notBad
4430,9,917.6800000000005,5,508.96000000000004,move,improve
4431,9,917.6800000000005,5,508.96000000000004,move,improve
4432,9,917.6800000000005,5,508.96000000000004,2opt,notBad
4433,9,917.6800000000005,5,508.96000000000004,swap,notBad
4434,9,917.6800000000005,5,508.96000000000004,move,improve
4435,9,917.6800000000005,5,508.96000000000004,swap,notBad
4436,9,917.6800000000005,5,508.96000000000004,2opt,improve
4437,9,917.6800000000005,5,508.96000000000004,2opt,notBad
4438,9,917.6800000000005,5,508.96000000000004,2opt,notBad
4439,9,917.6800000000005,5,508.96000000000004,swap,notBad
4440,9,917.6800000000005,5,508.96000000000004,move,improve
4441,9,917.6800000000005,5,508.96000000000004,swap,notBad
4442,9,918.48,5,508.96000000000004,swap,acceptBad
4443,9,918.48,5,508.96000000000004,move,improve
4444,9,918.48,5,508.96000000000004,2opt,improve
4445,9,918.48,5,508.96000000000004,swap,notBad
4446,9,918.48,5,508.96000000000004,swap,notBad
4447,9,918.48,5,508.96000000000004,2opt,notBad
4448,9,918.48,5,508.96000000000004,swap,notBad
4449,9,922.24,5,508.96000000000004,swap,acceptBad
4450,9,922.24,5,508.96000000000004,swap,notBad
4451,9,922.24,5,508.96000000000004,2opt,notBad
4452,9,921.24,5,508.96000000000004,swap,improve
4453,9,921.24,5,508.96000000000004,move,improve
4454,9,921.24,5,508.96000000000004,move,improve
4455,9,921.24,5,508.96000000000004,move,improve
4456,9,921.24,5,508.96000000000004,swap,notBad
4457,9,921.24,5,508.96000000000004,move,improve
4458,9,921.24,5,508.96000000000004,2opt,improve
4459,9,921.24,5,508.96000000000004,2opt,notBad
4460,9,921.24,5,508.96000000000004,move,improve
4461,9,921.24,5,508.96000000000004,2opt,notBad
4462,9,921.24,5,508.96000000000004,2opt,notBad
4463,9,921.24,5,508.96000000000004,swap,notBad
4464,9,921.24,5,508.96000000000004,swap,notBad
4465,9,921.24,5,508.96000000000004,2opt,notBad
4466,9,929.32,5,508.96000000000004,swap,acceptBad
4467,9,929.32,5,508.96000000000004,swap,notBad
4468,9,929.32,5,508.96000000000004,swap,notBad
4469,9,929.32,5,508.96000000000004,2opt,notBad
4470,9,949.4400000000003,5,508.96000000000004,move,acceptBad
4471,9,949.4400000000003,5,508.96000000000004,swap,notBad
4472,9,949.4400000000003,5,508.96000000000004,swap,notBad
4473,9,949.4400000000003,5,508.96000000000004,2opt,notBad
4474,9,949.4400000000003,5,508.96000000000004,2opt,notBad
4475,9,949.4400000000003,5,508.96000000000004,swap,notBad
4476,9,949.4400000000003,5,508.96000000000004,swap,notBad
4477,9,949.4400000000003,5,508.96000000000004,2opt,notBad
4478,9,949.4400000000003,5,508.96000000000004,2opt,notBad
4479,9,949.4400000000003,5,508.96000000000004,2opt,notBad
4480,9,949.4400000000003,5,508.96000000000004,swap,notBad
4481,9,949.4400000000003,5,508.96000000000004,move,improve
4482,9,949.4400000000003,5,508.96000000000004,2opt,notBad
4483,9,949.4400000000003,5,508.96000000000004,2opt,notBad
4484,9,949.4400000000003,5,508.96000000000004,2opt,notBad
4485,9,949.4400000000003,5,508.96000000000004,swap,notBad
4486,9,949.4400000000003,5,508.96000000000004,swap,notBad
4487,9,954.7200000000003,5,508.96000000000004,swap,acceptBad
4488,9,954.7200000000003,5,508.96000000000004,2opt,notBad
4489,9,954.7200000000003,5,508.96000000000004,move,improve
4490,9,954.7200000000003,5,508.96000000000004,2opt,notBad
4491,9,954.7200000000003,5,508.96000000000004,swap,notBad
4492,9,954.7200000000003,5,508.96000000000004,swap,notBad
4493,9,956.4800000000002,5,508.96000000000004,swap,acceptBad
4494,9,956.4800000000002,5,508.96000000000004,2opt,notBad
4495,9,956.4800000000002,5,508.96000000000004,2opt,notBad
4496,9,956.4800000000002,5,508.96000000000004,move,improve
4497,9,956.4800000000002,5,508.96000000000004,move,improve
4498,9,956.4800000000002,5,508.96000000000004,2opt,improve
4499,9,956.4800000000002,5,508.96000000000004,2opt,notBad
4500,9,956.4800000000002,5,508.96000000000004,move,improve
4501,9,956.4800000000002,5,508.96000000000004,swap,notBad
4502,9,956.4800000000002,5,508.96000000000004,move,improve
4503,9,956.4800000000002,5,508.96000000000004,move,improve
4504,9,956.4800000000002,5,508.96000000000004,2opt,notBad
4505,9,956.4800000000002,5,508.96000000000004,move,improve
4506,9,956.4800000000002,5,508.96000000000004,swap,notBad
4507,9,956.4800000000002,5,508.96000000000004,move,improve
4508,9,956.4800000000002,5,508.96000000000004,2opt,improve
4509,9,956.4800000000002,5,508.96000000000004,move,improve
4510,9,956.4800000000002,5,508.96000000000004,swap,notBad
4511,9,956.4800000000002,5,508.96000000000004,swap,notBad
4512,9,934.5200000000002,5,508.96000000000004,move,improve
4513,9,934.5200000000002,5,508.96000000000004,swap,notBad
4514,9,934.5200000000002,5,508.96000000000004,2opt,improve
4515,9,934.5200000000002,5,508.96000000000004,swap,notBad
4516,9,934.5200000000002,5,508.96000000000004,move,improve
4517,9,934.5200000000002,5,508.96000000000004,2opt,notBad
4518,9,934.5200000000002,5,508.96000000000004,swap,notBad
4519,9,934.5200000000002,5,508.96000000000004,2opt,notBad
4520,9,934.5200000000002,5,508.96000000000004,move,improve
4521,9,934.5200000000002,5,508.96000000000004,2opt,notBad
4522,9,934.5200000000002,5,508.96000000000004,move,improve
4523,9,934.5200000000002,5,508.96000000000004,2opt,notBad
4524,9,934.5200000000002,5,508.96000000000004,2opt,notBad
4525,9,931.1600000000003,5,508.96000000000004,move,improve
4526,9,931.1600000000003,5,508.96000000000004,2opt,notBad
4527,9,931.1600000000003,5,508.96000000000004,move,improve
4528,9,931.1600000000003,5,508.96000000000004,2opt,notBad
4529,9,931.1600000000003,5,508.96000000000004,move,improve
4530,9,932.1600000000003,5,508.96000000000004,2opt,acceptBad
4531,9,932.1600000000003,5,508.96000000000004,move,improve
4532,9,932.1600000000003,5,508.96000000000004,2opt,notBad
4533,9,932.1600000000003,5,508.96000000000004,move,improve
4534,9,932.1600000000003,5,508.96000000000004,swap,notBad
4535,9,932.1600000000003,5,508.96000000000004,move,improve
4536,9,934.0000000000002,5,508.96000000000004,swap,acceptBad
4537,9,934.0000000000002,5,508.96000000000004,move,improve
4538,9,934.0000000000002,5,508.96000000000004,swap,notBad
4539,9,912.96,5,508.96000000000004,move,improve
4540,9,912.96,5,508.96000000000004,2opt,notBad
4541,9,912.96,5,508.96000000000004,2opt,notBad
4542,9,912.96,5,508.96000000000004,move,improve
4543,9,912.96,5,508.96000000000004,2opt,notBad
4544,9,912.96,5,508.96000000000004,2opt,notBad
4545,9,912.96,5,508.96000000000004,2opt,notBad
4546,9,912.96,5,508.96000000000004,2opt,improve
4547,9,912.96,5,508.96000000000004,move,improve
4548,9,912.96,5,508.96000000000004,2opt,notBad
4549,9,912.96,5,508.96000000000004,move,improve
4550,9,912.96,5,508.96000000000004,2opt,notBad
4551,9,912.96,5,508.96000000000004,2opt,notBad
4552,9,912.96,5,508.96000000000004,move,improve
4553,9,915.0800000000002,5,508.96000000000004,swap,acceptBad
4554,9,915.0800000000002,5,508.96000000000004,2opt,notBad
4555,9,915.0800000000002,5,508.96000000000004,swap,notBad
4556,9,915.0800000000002,5,508.96000000000004,move,improve
4557,9,912.52,5,508.96000000000004,move,improve
4558,9,912.52,5,508.96000000000004,2opt,notBad
4559,9,912.52,5,508.96000000000004,swap,notBad
4560,9,912.52,5,508.96000000000004,move,improve
4561,9,912.52,5,508.96000000000004,2opt,notBad
4562,9,912.52,5,508.96000000000004,move,improve
4563,9,912.52,5,508.96000000000004,move,improve
4564,9,912.52,5,508.96000000000004,move,improve
4565,9,912.52,5,508.96000000000004,swap,notBad
4566,9,912.52,5,508.96000000000004,move,improve
4567,9,912.52,5,508.96000000000004,2opt,notBad
4568,9,911.5200000000001,5,508.96000000000004,swap,improve
4569,9,911.5200000000001,5,508.96000000000004,move,improve
4570,9,911.5200000000001,5,508.96000000000004,swap,notBad
4571,9,911.5200000000001,5,508.96000000000004,move,improve
4572,9,911.5200000000001,5,508.96000000000004,swap,notBad
4573,9,913.6,5,508.96000000000004,swap,acceptBad
4574,9,913.5600000000002,5,508.96000000000004,move,improve
4575,9,913.5600000000002,5,508.96000000000004,swap,notBad
4576,9,913.5600000000002,5,508.96000000000004,swap,notBad
4577,9,913.5600000000002,5,508.96000000000004,swap,notBad
4578,9,913.5600000000002,5,508.96000000000004,move,improve
4579,9,913.5600000000002,5,508.96000000000004,move,improve
4580,9,913.5600000000002,5,508.96000000000004,swap,notBad
4581,9,913.5600000000002,5,508.96000000000004,move,improve
4582,9,913.5600000000002,5,508.96000000000004,2opt,notBad
4583,9,915.4000000000001,5,508.96000000000004,swap,acceptBad
4584,9,915.4000000000001,5,508.96000000000004,swap,notBad
4585,9,915.4000000000001,5,508.96000000000004,move,improve
4586,9,915.4000000000001,5,508.96000000000004,2opt,notBad
4587,9,915.4000000000001,5,508.96000000000004,2opt,notBad
4588,9,915.4000000000001,5,508.96000000000004,move,improve
4589,9,915.4000000000001,5,508.96000000000004,move,improve
4590,9,915.4000000000001,5,508.96000000000004,swap,notBad
4591,9,915.4000000000001,5,508.96000000000004,move,improve
4592,9,915.4000000000001,5,508.96000000000004,2opt,notBad
4593,9,915.4000000000001,5,508.96000000000004,2opt,notBad
4594,9,913.48,5,508.96000000000004,move,improve
4595,9,913.48,5,508.96000000000004,swap,notBad
4596,9,913.48,5,508.96000000000004,swap,notBad
4597,9,913.48,5,508.96000000000004,swap,notBad
4598,9,913.48,5,508.96000000000004,move,improve
4599,9,913.48,5,508.96000000000004,2opt,improve
4600,9,913.48,5,508.96000000000004,move,improve
4601,9,913.48,5,508.96000000000004,move,improve
4602,9,913.48,5,508.96000000000004,2opt,notBad
4603,9,913.48,5,508.96000000000004,2opt,notBad
4604,9,913.48,5,508.96000000000004,move,improve
4605,9,913.48,5,508.96000000000004,swap,notBad
4606,9,913.48,5,508.96000000000004,2opt,notBad
4607,9,913.48,5,508.96000000000004,swap,notBad
4608,9,913.52,5,508.96000000000004,swap,acceptBad
4609,9,913.52,5,508.96000000000004,2opt,notBad
4610,9,913.52,5,508.96000000000004,2opt,notBad
4611,9,913.52,5,508.96000000000004,swap,notBad
4612,9,913.52,5,508.96000000000004,swap,notBad
4613,9,913.52,5,508.96000000000004,2opt,notBad
4614,9,913.48,5,508.96000000000004,move,improve
4615,9,920.0799999999999,5,508.96000000000004,swap,acceptBad
4616,9,920.0799999999999,5,508.96000000000004,move,improve
4617,9,920.0799999999999,5,508.96000000000004,move,improve
4618,9,920.0799999999999,5,508.96000000000004,2opt,notBad
4619,9,920.0799999999999,5,508.96000000000004,swap,notBad
4620,9,920.0799999999999,5,508.96000000000004,2opt,notBad
4621,9,920.0799999999999,5,508.96000000000004,swap,notBad
4622,9,916.0,5,508.96000000000004,move,improve
4623,9,917.1999999999998,5,508.96000000000004,2opt,acceptBad
4624,9,917.1999999999998,5,508.96000000000004,swap,notBad
4625,9,917.1999999999998,5,508.96000000000004,2opt,notBad
4626,9,917.1999999999998,5,508.96000000000004,move,improve
4627,9,917.1999999999998,5,508.96000000000004,2opt,notBad
4628,9,917.1999999999998,5,508.96000000000004,move,improve
4629,9,920.7199999999998,5,508.96000000000004,swap,acceptBad
4630,9,920.7199999999998,5,508.96000000000004,swap,notBad
4631,9,920.7199999999998,5,508.96000000000004,2opt,notBad
4632,9,920.7199999999998,5,508.96000000000004,2opt,improve
4633,9,920.7199999999998,5,508.96000000000004,swap,notBad
4634,9,920.7199999999998,5,508.96000000000004,swap,notBad
4635,9,920.0799999999998,5,508.96000000000004,move,improve
4636,9,920.0799999999998,5,508.96000000000004,swap,notBad
4637,9,920.0799999999998,5,508.96000000000004,swap,notBad
4638,9,920.0799999999998,5,508.96000000000004,2opt,notBad
4639,9,920.0799999999998,5,508.96000000000004,swap,notBad
4640,9,920.0799999999998,5,508.96000000000004,2opt,notBad
4641,9,920.0799999999998,5,508.96000000000004,2opt,improve
4642,9,920.0799999999998,5,508.96000000000004,2opt,improve
4643,9,920.0799999999998,5,508.96000000000004,move,improve
4644,9,920.0799999999998,5,508.96000000000004,swap,notBad
4645,9,920.0799999999998,5,508.96000000000004,move,improve
4646,9,920.0799999999998,5,508.96000000000004,2opt,notBad
4647,9,920.0799999999998,5,508.96000000000004,2opt,notBad
4648,9,920.0799999999998,5,508.96000000000004,swap,notBad
4649,9,923.7599999999998,5,508.96000000000004,swap,acceptBad
4650,9,923.7599999999998,5,508.96000000000004,swap,notBad
4651,9,923.7599999999998,5,508.96000000000004,swap,notBad
4652,9,923.7599999999998,5,508.96000000000004,2opt,notBad
4653,9,923.7599999999998,5,508.96000000000004,2opt,notBad
4654,9,923.7599999999998,5,508.96000000000004,swap,notBad
4655,9,923.7599999999998,5,508.96000000000004,2opt,notBad
4656,9,923.7599999999998,5,508.96000000000004,2opt,notBad
4657,9,923.7599999999998,5,508.96000000000004,2opt,notBad
4658,9,929.3999999999999,5,508.96000000000004,swap,acceptBad
4659,9,929.3999999999999,5,508.96000000000004,2opt,notBad
4660,9,929.3999999999999,5,508.96000000000004,2opt,notBad
4661,9,929.3999999999999,5,508.96000000000004,swap,notBad
4662,9,929.3999999999999,5,508.96000000000004,2opt,notBad
4663,9,929.3999999999999,5,508.96000000000004,move,improve
4664,9,929.3999999999999,5,508.96000000000004,swap,notBad
4665,9,929.3999999999999,5,508.96000000000004,move,improve
4666,9,929.3999999999999,5,508.96000000000004,move,improve
4667,9,929.3999999999999,5,508.96000000000004,move,improve
4668,9,929.3999999999999,5,508.96000000000004,2opt,notBad
4669,9,929.3999999999999,5,508.96000000000004,2opt,notBad
4670,9,929.3999999999999,5,508.96000000000004,swap,notBad
4671,9,929.3999999999999,5,508.96000000000004,move,notBad
4672,9,929.3999999999999,5,508.96000000000004,move,improve
4673,9,929.3999999999999,5,508.96000000000004,2opt,notBad
4674,9,929.3999999999999,5,508.96000000000004,swap,notBad
4675,9,929.3999999999999,5,508.96000000000004,swap,notBad
4676,9,929.3999999999999,5,508.96000000000004,move,improve
4677,9,929.3999999999999,5,508.96000000000004,2opt,notBad
4678,9,922.7999999999998,5,508.96000000000004,swap,improve
4679,9,922.7999999999998,5,508.96000000000004,swap,notBad
4680,9,922.7999999999998,5,508.96000000000004,swap,notBad
4681,9,901.1999999999998,5,508.96000000000004,swap,improve
4682,9,901.1999999999998,5,508.96000000000004,move,improve
4683,9,901.1999999999998,5,508.96000000000004,2opt,notBad
4684,9,901.1999999999998,5,508.96000000000004,move,improve
4685,9,901.1999999999998,5,508.96000000000004,2opt,notBad
4686,9,901.1999999999998,5,508.96000000000004,swap,notBad
4687,9,901.1999999999998,5,508.96000000000004,move,improve
4688,9,901.1999999999998,5,508.96000000000004,swap,notBad
4689,9,901.1999999999998,5,508.96000000000004,swap,notBad
4690,9,901.1999999999998,5,508.96000000000004,swap,notBad
4691,9,899.1199999999999,5,508.96000000000004,move,improve
4692,9,899.1199999999999,5,508.96000000000004,2opt,notBad
4693,9,899.1199999999999,5,508.96000000000004,2opt,notBad
4694,9,899.1199999999999,5,508.96000000000004,2opt,improve
4695,9,899.1199999999999,5,508.96000000000004,move,improve
4696,9,899.1199999999999,5,508.96000000000004,move,improve
4697,9,899.1199999999999,5,508.96000000000004,2opt,notBad
4698,9,895.0399999999997,5,508.96000000000004,swap,improve
4699,9,895.0399999999997,5,508.96000000000004,2opt,notBad
4700,9,895.0399999999997,5,508.96000000000004,2opt,notBad
4701,9,895.0399999999997,5,508.96000000000004,swap,notBad
4702,9,895.0399999999997,5,508.96000000000004,move,improve
4703,9,895.0399999999997,5,508.96000000000004,swap,notBad
4704,9,895.0399999999997,5,508.96000000000004,2opt,improve
4705,9,878.7999999999997,5,508.96000000000004,move,improve
4706,9,878.7999999999997,5,508.96000000000004,2opt,notBad
4707,9,863.5999999999998,5,508.96000000000004,move,improve
4708,9,863.5999999999998,5,508.96000000000004,2opt,notBad
4709,9,863.5999999999998,5,508.96000000000004,swap,notBad
4710,9,863.5999999999998,5,508.96000000000004,move,improve
4711,9,863.5999999999998,5,508.96000000000004,swap,notBad
4712,9,863.5999999999998,5,508.96000000000004,move,improve
4713,9,863.5999999999998,5,508.96000000000004,2opt,notBad
4714,9,863.5999999999998,5,508.96000000000004,swap,notBad
4715,9,863.5999999999998,5,508.96000000000004,move,improve
4716,9,863.5999999999998,5,508.96000000000004,2opt,notBad
4717,9,863.5999999999998,5,508.96000000000004,swap,notBad
4718,9,863.5999999999998,5,508.96000000000004,move,improve
4719,9,863.5999999999998,5,508.96000000000004,2opt,notBad
4720,9,863.5999999999998,5,508.96000000000004,move,improve
4721,9,863.5999999999998,5,508.96000000000004,2opt,notBad
4722,9,863.5999999999998,5,508.96000000000004,swap,notBad
4723,9,863.5999999999998,5,508.96000000000004,2opt,notBad
4724,9,863.5999999999998,5,508.96000000000004,2opt,notBad
4725,9,887.1999999999998,5,508.96000000000004,move,acceptBad
4726,9,887.1999999999998,5,508.96000000000004,move,improve
4727,9,887.1999999999998,5,508.96000000000004,move,improve
4728,9,887.1999999999998,5,508.96000000000004,swap,notBad
4729,9,887.1999999999998,5,508.96000000000004,swap,notBad
4730,8,867.4,5,508.96000000000004,move,improve
4731,8,871.08,5,508.96000000000004,swap,acceptBad
4732,8,864.84,5,508.96000000000004,move,improve
4733,8,864.84,5,508.96000000000004,swap,notBad
4734,8,864.84,5,508.96000000000004,swap,notBad
4735,8,864.84,5,508.96000000000004,swap,notBad
4736,8,861.8599999999999,5,508.96000000000004,swap,improve
4737,8,861.8599999999999,5,508.96000000000004,move,improve
4738,8,861.8599999999999,5,508.96000000000004,swap,notBad
4739,8,861.8599999999999,5,508.96000000000004,swap,notBad
4740,8,861.8599999999999,5,508.96000000000004,swap,notBad
4741,8,861.8599999999999,5,508.96000000000004,2opt,notBad
4742,8,864.84,5,508.96000000000004,swap,acceptBad
4743,8,864.84,5,508.96000000000004,2opt,notBad
4744,8,864.84,5,508.96000000000004,swap,notBad
4745,8,862.58,5,508.96000000000004,swap,improve
4746,8,862.58,5,508.96000000000004,2opt,improve
4747,8,862.58,5,508.96000000000004,2opt,notBad
4748,8,862.58,5,508.96000000000004,2opt,notBad
4749,8,862.58,5,508.96000000000004,swap,notBad
4750,8,862.58,5,508.96000000000004,swap,notBad
4751,8,862.58,5,508.96000000000004,move,improve
4752,8,866.08,5,508.96000000000004,swap,acceptBad
4753,8,866.08,5,508.96000000000004,swap,notBad
4754,8,866.08,5,508.96000000000004,swap,notBad
4755,8,823.2800000000001,5,508.96000000000004,move,improve
4756,8,805.12,5,508.96000000000004,swap,improve
4757,8,805.12,5,508.96000000000004,move,improve
4758,8,805.12,5,508.96000000000004,2opt,notBad
4759,8,805.12,5,508.96000000000004,2opt,notBad
4760,8,805.12,5,508.96000000000004,move,improve
4761,8,805.12,5,508.96000000000004,2opt,notBad
4762,8,805.12,5,508.96000000000004,swap,notBad
4763,8,805.12,5,508.96000000000004,swap,notBad
4764,8,804.8800000000001,5,508.96000000000004,move,improve
4765,8,804.8800000000001,5,508.96000000000004,2opt,notBad
4766,8,802.7,5,508.96000000000004,2opt,improve
4767,8,801.3,5,508.96000000000004,move,improve
4768,8,801.3,5,508.96000000000004,2opt,notBad
4769,8,801.3,5,508.96000000000004,move,improve
4770,8,798.82,5,508.96000000000004,move,improve
4771,8,798.82,5,508.96000000000004,2opt,notBad
4772,8,797.8199999999998,5,508.96000000000004,move,improve
4773,8,797.8199999999998,5,508.96000000000004,2opt,notBad
4774,8,797.8199999999998,5,508.96000000000004,swap,notBad
4775,8,801.9,5,508.96000000000004,swap,acceptBad
4776,8,801.9,5,508.96000000000004,2opt,notBad
4777,8,801.9,5,508.96000000000004,2opt,notBad
4778,8,801.9,5,508.96000000000004,move,improve
4779,8,801.9,5,508.96000000000004,2opt,improve
4780,8,801.9,5,508.96000000000004,move,improve
4781,8,801.9,5,508.96000000000004,2opt,notBad
4782,8,801.9,5,508.96000000000004,swap,notBad
4783,8,801.9,5,508.96000000000004,swap,notBad
4784,8,801.9,5,508.96000000000004,swap,notBad
4785,8,801.9,5,508.96000000000004,move,improve
4786,8,801.9,5,508.96000000000004,swap,notBad
4787,8,801.9,5,508.96000000000004,move,improve
4788,8,801.9,5,508.96000000000004,swap,notBad
4789,8,801.9,5,508.96000000000004,move,improve
4790,8,801.9,5,508.96000000000004,swap,notBad
4791,8,801.9,5,508.96000000000004,2opt,notBad
4792,8,801.9,5,508.96000000000004,move,improve
4793,8,801.9,5,508.96000000000004,2opt,improve
4794,8,801.9,5,508.96000000000004,swap,notBad
4795,8,801.9,5,508.96000000000004,move,improve
4796,8,801.3399999999999,5,508.96000000000004,move,improve
4797,8,801.3399999999999,5,508.96000000000004,2opt,notBad
4798,8,801.3399999999999,5,508.96000000000004,2opt,notBad
4799,8,801.3399999999999,5,508.96000000000004,move,improve
4800,8,800.62,5,508.96000000000004,move,improve
4801,8,800.62,5,508.96000000000004,move,improve
4802,8,800.62,5,508.96000000000004,2opt,notBad
4803,8,800.62,5,508.96000000000004,swap,notBad
4804,8,800.62,5,508.96000000000004,move,improve
4805,8,800.62,5,508.96000000000004,swap,notBad
4806,8,800.62,5,508.96000000000004,2opt,notBad
4807,8,802.2600000000001,5,508.96000000000004,swap,acceptBad
4808,8,802.2600000000001,5,508.96000000000004,2opt,notBad
4809,8,802.2600000000001,5,508.96000000000004,2opt,notBad
4810,8,802.2600000000001,5,508.96000000000004,move,improve
4811,8,802.2600000000001,5,508.96000000000004,move,improve
4812,8,802.0800000000002,5,508.96000000000004,move,improve
4813,8,802.0800000000002,5,508.96000000000004,move,improve
4814,8,802.0800000000002,5,508.96000000000004,move,improve
4815,8,802.0800000000002,5,508.96000000000004,swap,notBad
4816,8,802.0800000000002,5,508.96000000000004,swap,notBad
4817,8,802.0800000000002,5,508.96000000000004,move,improve
4818,8,802.0800000000002,5,508.96000000000004,2opt,notBad
4819,8,802.0800000000002,5,508.96000000000004,move,improve
4820,8,802.0800000000002,5,508.96000000000004,move,improve
4821,8,802.0800000000002,5,508.96000000000004,move,improve
4822,8,802.0800000000002,5,508.96000000000004,swap,notBad
4823,8,802.0800000000002,5,508.96000000000004,move,improve
4824,8,802.0800000000002,5,508.96000000000004,move,improve
4825,8,802.0800000000002,5,508.96000000000004,move,improve
4826,8,802.0800000000002,5,508.96000000000004,move,improve
4827,8,802.0800000000002,5,508.96000000000004,2opt,notBad
4828,8,802.0800000000002,5,508.96000000000004,swap,notBad
4829,8,802.0800000000002,5,508.96000000000004,swap,notBad
4830,8,802.0800000000002,5,508.96000000000004,2opt,notBad
4831,8,802.0800000000002,5,508.96000000000004,swap,notBad
4832,8,800.4800000000001,5,508.96000000000004,swap,improve
4833,8,800.4800000000001,5,508.96000000000004,move,improve
4834,8,800.4800000000001,5,508.96000000000004,move,improve
4835,8,800.4800000000001,5,508.96000000000004,move,improve
4836,8,800.4800000000001,5,508.96000000000004,2opt,notBad
4837,8,781.0,5,508.96000000000004,move,improve
4838,8,781.0,5,508.96000000000004,2opt,notBad
4839,8,781.0,5,508.96000000000004,move,improve
4840,8,781.0,5,508.96000000000004,swap,notBad
4841,8,781.0,5,508.96000000000004,move,improve
4842,8,781.0,5,508.96000000000004,2opt,improve
4843,8,781.0,5,508.96000000000004,swap,notBad
4844,8,781.0,5,508.96000000000004,swap,notBad
4845,8,781.0,5,508.96000000000004,move,improve
4846,8,781.0,5,508.96000000000004,2opt,notBad
4847,8,781.0,5,508.96000000000004,move,improve
4848,8,781.0,5,508.96000000000004,move,improve
4849,8,781.0,5,508.96000000000004,2opt,notBad
4850,8,781.0,5,508.96000000000004,swap,notBad
4851,8,781.0,5,508.96000000000004,2opt,notBad
4852,8,781.0,5,508.96000000000004,move,improve
4853,8,781.0,5,508.96000000000004,swap,notBad
4854,8,781.0,5,508.96000000000004,2opt,notBad
4855,8,777.08,5,508.96000000000004,move,improve
4856,8,777.08,5,508.96000000000004,swap,notBad
4857,8,777.08,5,508.96000000000004,move,improve
4858,8,777.08,5,508.96000000000004,2opt,notBad
4859,8,777.08,5,508.96000000000004,move,improve
4860,8,777.08,5,508.96000000000004,2opt,notBad
4861,8,777.08,5,508.96000000000004,2opt,improve
4862,8,777.08,5,508.96000000000004,swap,notBad
4863,8,777.08,5,508.96000000000004,move,improve
4864,8,777.08,5,508.96000000000004,move,improve
4865,8,777.08,5,508.96000000000004,2opt,notBad
4866,8,777.08,5,508.96000000000004,move,improve
4867,8,777.08,5,508.96000000000004,move,improve
4868,8,777.08,5,508.96000000000004,2opt,notBad
4869,8,777.08,5,508.96000000000004,move,improve
4870,8,777.08,5,508.96000000000004,move,improve
4871,8,777.08,5,508.96000000000004,2opt,notBad
4872,8,777.08,5,508.96000000000004,swap,notBad
4873,8,777.08,5,508.96000000000004,swap,notBad
4874,8,777.08,5,508.96000000000004,2opt,improve
4875,8,777.08,5,508.96000000000004,move,improve
4876,8,777.08,5,508.96000000000004,swap,notBad
4877,8,777.08,5,508.96000000000004,swap,notBad
4878,8,777.08,5,508.96000000000004,2opt,notBad
4879,8,777.08,5,508.96000000000004,2opt,notBad
4880,8,777.08,5,508.96000000000004,swap,notBad
4881,8,777.08,5,508.96000000000004,swap,notBad
4882,8,758.1999999999998,5,508.96000000000004,2opt,improve
4883,8,758.1999999999998,5,508.96000000000004,2opt,notBad
4884,8,758.1999999999998,5,508.96000000000004,2opt,notBad
4885,8,758.1999999999998,5,508.96000000000004,2opt,notBad
4886,8,758.1999999999998,5,508.96000000000004,2opt,notBad
4887,8,762.1799999999998,5,508.96000000000004,move,acceptBad
4888,8,762.1799999999998,5,508.96000000000004,swap,notBad
4889,8,762.1799999999998,5,508.96000000000004,move,improve
4890,8,762.1799999999998,5,508.96000000000004,move,improve
4891,8,762.1799999999998,5,508.96000000000004,move,improve
4892,8,762.1799999999998,5,508.96000000000004,move,improve
4893,8,762.1799999999998,5,508.96000000000004,swap,notBad
4894,8,762.1799999999998,5,508.96000000000004,move,improve
4895,8,758.2599999999998,5,508.96000000000004,move,improve
4896,8,758.2599999999998,5,508.96000000000004,2opt,notBad
4897,8,758.2599999999998,5,508.96000000000004,2opt,notBad
4898,8,758.2599999999998,5,508.96000000000004,swap,notBad
4899,8,758.4399999999996,5,508.96000000000004,swap,acceptBad
4900,8,758.4399999999996,5,508.96000000000004,2opt,improve
4901,8,758.4399999999996,5,508.96000000000004,move,improve
4902,8,758.4399999999996,5,508.96000000000004,swap,notBad
4903,8,758.4399999999996,5,508.96000000000004,2opt,notBad
4904,8,758.4399999999996,5,508.96000000000004,move,improve
4905,8,758.4399999999996,5,508.96000000000004,2opt,notBad
4906,8,758.4399999999996,5,508.96000000000004,swap,notBad
4907,8,755.4599999999998,5,508.96000000000004,swap,improve
4908,8,755.4599999999998,5,508.96000000000004,swap,notBad
4909,8,755.4599999999998,5,508.96000000000004,2opt,notBad
4910,8,755.4599999999998,5,508.96000000000004,2opt,notBad
4911,8,755.4599999999998,5,508.96000000000004,2opt,notBad
4912,8,755.4599999999998,5,508.96000000000004,swap,notBad
4913,8,755.4599999999998,5,508.96000000000004,2opt,notBad
4914,8,755.4599999999998,5,508.96000000000004,swap,notBad
4915,8,755.4599999999998,5,508.96000000000004,swap,notBad
4916,8,755.4599999999998,5,508.96000000000004,move,improve
4917,8,755.4599999999998,5,508.96000000000004,move,improve
4918,8,755.4599999999998,5,508.96000000000004,move,improve
4919,8,755.4599999999998,5,508.96000000000004,swap,notBad
4920,8,755.4599999999998,5,508.96000000000004,2opt,notBad
4921,8,755.4599999999998,5,508.96000000000004,move,improve
4922,8,755.4599999999998,5,508.96000000000004,move,improve
4923,8,755.4599999999998,5,508.96000000000004,2opt,notBad
4924,8,755.4599999999998,5,508.96000000000004,move,improve
4925,8,755.4599999999998,5,508.96000000000004,2opt,notBad
4926,8,755.4599999999998,5,508.96000000000004,swap,notBad
4927,8,755.4599999999998,5,508.96000000000004,move,improve
4928,8,755.4599999999998,5,508.96000000000004,move,improve
4929,8,755.4599999999998,5,508.96000000000004,2opt,notBad
4930,8,755.4599999999998,5,508.96000000000004,move,improve
4931,8,755.4599999999998,5,508.96000000000004,swap,notBad
4932,8,755.4599999999998,5,508.96000000000004,move,improve
4933,8,755.4599999999998,5,508.96000000000004,2opt,notBad
4934,8,755.4599999999998,5,508.96000000000004,move,improve
4935,8,755.4599999999998,5,508.96000000000004,2opt,notBad
4936,8,755.4599999999998,5,508.96000000000004,2opt,notBad
4937,8,755.4599999999998,5,508.96000000000004,move,improve
4938,8,755.4599999999998,5,508.96000000000004,swap,notBad
4939,8,755.4599999999998,5,508.96000000000004,swap,notBad
4940,8,756.76,5,508.96000000000004,swap,acceptBad
4941,8,756.76,5,508.96000000000004,swap,notBad
4942,8,756.76,5,508.96000000000004,swap,notBad
4943,8,756.76,5,508.96000000000004,move,improve
4944,8,756.76,5,508.96000000000004,2opt,improve
4945,8,756.76,5,508.96000000000004,2opt,notBad
4946,8,756.76,5,508.96000000000004,move,improve
4947,8,756.76,5,508.96000000000004,swap,notBad
4948,8,756.76,5,508.96000000000004,move,improve
4949,8,756.76,5,508.96000000000004,move,improve
4950,8,756.76,5,508.96000000000004,2opt,notBad
4951,8,756.76,5,508.96000000000004,move,improve
4952,8,756.76,5,508.96000000000004,swap,notBad
4953,8,756.76,5,508.96000000000004,move,improve
4954,8,756.76,5,508.96000000000004,swap,notBad
4955,8,756.76,5,508.96000000000004,2opt,improve
4956,8,756.76,5,508.96000000000004,2opt,notBad
4957,8,756.76,5,508.96000000000004,2opt,notBad
4958,8,756.76,5,508.96000000000004,move,improve
4959,8,756.76,5,508.96000000000004,2opt,notBad
4960,8,756.76,5,508.96000000000004,swap,notBad
4961,8,759.42,5,508.96000000000004,swap,acceptBad
4962,8,759.42,5,508.96000000000004,2opt,notBad
4963,8,759.42,5,508.96000000000004,move,improve
4964,8,754.9999999999999,5,508.96000000000004,move,improve
4965,8,754.9999999999999,5,508.96000000000004,2opt,notBad
4966,8,754.9999999999999,5,508.96000000000004,2opt,notBad
4967,8,754.9999999999999,5,508.96000000000004,swap,notBad
4968,8,754.9999999999999,5,508.96000000000004,swap,notBad
4969,8,754.9999999999999,5,508.96000000000004,2opt,notBad
4970,8,754.9999999999999,5,508.96000000000004,move,improve
4971,8,754.9999999999999,5,508.96000000000004,swap,notBad
4972,8,754.9999999999999,5,508.96000000000004,2opt,notBad
4973,8,754.9999999999999,5,508.96000000000004,2opt,notBad
4974,8,754.9999999999999,5,508.96000000000004,2opt,improve
4975,8,754.9999999999999,5,508.96000000000004,move,improve
4976,8,754.9999999999999,5,508.96000000000004,2opt,improve
4977,8,754.9999999999999,5,508.96000000000004,move,improve
4978,8,754.9999999999999,5,508.96000000000004,2opt,notBad
4979,8,754.9999999999999,5,508.96000000000004,swap,notBad
4980,8,754.9999999999999,5,508.96000000000004,2opt,notBad
4981,8,754.9999999999999,5,508.96000000000004,move,improve
4982,8,754.9999999999999,5,508.96000000000004,swap,notBad
4983,8,754.9999999999999,5,508.96000000000004,move,improve
4984,8,754.9999999999999,5,508.96000000000004,2opt,notBad
4985,8,754.9999999999999,5,508.96000000000004,move,improve
4986,8,761.4799999999996,5,508.96000000000004,swap,acceptBad
4987,8,761.4799999999996,5,508.96000000000004,swap,notBad
4988,8,761.4799999999996,5,508.96000000000004,move,improve
4989,8,761.4799999999996,5,508.96000000000004,2opt,notBad
4990,8,761.4799999999996,5,508.96000000000004,2opt,notBad
4991,8,761.4799999999996,5,508.96000000000004,swap,notBad
4992,8,761.4799999999996,5,508.96000000000004,2opt,notBad
4993,8,761.4799999999996,5,508.96000000000004,swap,notBad
4994,8,761.4799999999996,5,508.96000000000004,2opt,notBad
4995,8,761.4799999999996,5,508.96000000000004,move,improve
4996,8,760.0799999999997,5,508.96000000000004,swap,improve
4997,8,761.8599999999997,5,508.96000000000004,move,acceptBad
4998,8,761.8599999999997,5,508.96000000000004,swap,notBad
4999,8,761.8599999999997,5,508.96000000000004,move,improve
5000,8,761.8599999999997,5,508.96000000000004,swap,notBad
5001,8,761.8599999999997,5,508.96000000000004,move,improve
5002,8,761.8599999999997,5,508.96000000000004,2opt,notBad
5003,8,761.8599999999997,5,508.96000000000004,move,improve
5004,8,761.8599999999997,5,508.96000000000004,swap,notBad
5005,8,761.8599999999997,5,508.96000000000004,move,improve
5006,8,761.8599999999997,5,508.96000000000004,2opt,improve
5007,8,761.8599999999997,5,508.96000000000004,swap,notBad
5008,8,761.8599999999997,5,508.96000000000004,2opt,notBad
5009,8,766.6199999999998,5,508.96000000000004,swap,acceptBad
5010,8,766.6199999999998,5,508.96000000000004,2opt,notBad
5011,8,766.6199999999998,5,508.96000000000004,swap,notBad
5012,8,766.6199999999998,5,508.96000000000004,2opt,improve
5013,8,766.6199999999998,5,508.96000000000004,2opt,notBad
5014,8,766.6199999999998,5,508.96000000000004,move,improve
5015,8,766.6199999999998,5,508.96000000000004,swap,notBad
5016,8,766.6199999999998,5,508.96000000000004,2opt,notBad
5017,8,766.6199999999998,5,508.96000000000004,swap,notBad
5018,8,766.6199999999998,5,508.96000000000004,2opt,notBad
5019,8,766.6199999999998,5,508.96000000000004,2opt,notBad
5020,8,766.6199999999998,5,508.96000000000004,2opt,improve
5021,8,766.6199999999998,5,508.96000000000004,move,improve
5022,8,766.6199999999998,5,508.96000000000004,swap,notBad
5023,8,766.6199999999998,5,508.96000000000004,2opt,improve
5024,8,765.1799999999998,5,508.96000000000004,move,improve
5025,8,765.1799999999998,5,508.96000000000004,2opt,notBad
5026,8,765.1799999999998,5,508.96000000000004,2opt,notBad
5027,8,765.1799999999998,5,508.96000000000004,swap,notBad
5028,8,765.1799999999998,5,508.96000000000004,swap,notBad
5029,8,765.1799999999998,5,508.96000000000004,2opt,improve
5030,8,765.1799999999998,5,508.96000000000004,swap,notBad
5031,8,765.1799999999998,5,508.96000000000004,2opt,notBad
5032,8,765.1799999999998,5,508.96000000000004,swap,notBad
5033,8,765.1799999999998,5,508.96000000000004,2opt,notBad
5034,8,765.1799999999998,5,508.96000000000004,move,improve
5035,8,765.1799999999998,5,508.96000000000004,swap,notBad
5036,8,765.1799999999998,5,508.96000000000004,2opt,notBad
5037,8,765.1799999999998,5,508.96000000000004,swap,notBad
5038,8,765.1799999999998,5,508.96000000000004,2opt,notBad
5039,8,766.02,5,508.96000000000004,swap,acceptBad
5040,8,770.5000000000001,5,508.96000000000004,swap,acceptBad
5041,8,770.3200000000002,5,508.96000000000004,move,improve
5042,8,770.3200000000002,5,508.96000000000004,2opt,notBad
5043,8,770.3200000000002,5,508.96000000000004,swap,notBad
5044,8,770.3200000000002,5,508.96000000000004,swap,notBad
5045,8,770.3200000000002,5,508.96000000000004,swap,notBad
5046,8,770.3200000000002,5,508.96000000000004,move,improve
5047,8,765.56,5,508.96000000000004,move,improve
5048,8,765.56,5,508.96000000000004,2opt,improve
5049,8,765.56,5,508.96000000000004,swap,notBad
5050,8,765.56,5,508.96000000000004,swap,notBad
5051,8,765.56,5,508.96000000000004,swap,notBad
5052,8,763.2,5,508.96000000000004,swap,improve
5053,8,763.2,5,508.96000000000004,move,improve
5054,8,765.98,5,508.96000000000004,swap,acceptBad
5055,8,765.98,5,508.96000000000004,move,improve
5056,8,765.98,5,508.96000000000004,2opt,notBad
5057,8,765.98,5,508.96000000000004,swap,notBad
5058,8,765.98,5,508.96000000000004,move,improve
5059,8,765.98,5,508.96000000000004,2opt,improve
5060,8,765.98,5,508.96000000000004,move,improve
5061,8,765.98,5,508.96000000000004,swap,notBad
5062,8,765.98,5,508.96000000000004,swap,notBad
5063,8,765.98,5,508.96000000000004,swap,notBad
5064,8,751.48,5,508.96000000000004,swap,improve
5065,8,760.08,5,508.96000000000004,swap,acceptBad
5066,8,760.08,5,508.96000000000004,2opt,notBad
5067,8,760.08,5,508.96000000000004,swap,notBad
5068,8,760.08,5,508.96000000000004,2opt,notBad
5069,8,760.08,5,508.96000000000004,move,improve
5070,8,760.08,5,508.96000000000004,move,improve
5071,8,760.08,5,508.96000000000004,2opt,notBad
5072,8,760.08,5,508.96000000000004,move,improve
5073,8,760.08,5,508.96000000000004,move,improve
5074,8,760.08,5,508.96000000000004,swap,notBad
5075,8,760.08,5,508.96000000000004,swap,notBad
5076,8,757.6,5,508.96000000000004,2opt,improve
5077,8,757.6,5,508.96000000000004,swap,notBad
5078,8,757.6,5,508.96000000000004,swap,notBad
5079,8,757.6,5,508.96000000000004,swap,notBad
5080,8,757.6,5,508.96000000000004,move,improve
5081,8,757.6,5,508.96000000000004,move,improve
5082,8,757.6,5,508.96000000000004,swap,notBad
5083,8,757.6,5,508.96000000000004,move,improve
5084,8,755.2,5,508.96000000000004,move,improve
5085,8,756.8400000000001,5,508.96000000000004,swap,acceptBad
5086,8,756.8400000000001,5,508.96000000000004,swap,notBad
5087,8,756.8400000000001,5,508.96000000000004,2opt,notBad
5088,8,752.2800000000001,5,508.96000000000004,move,improve
5089,8,752.2800000000001,5,508.96000000000004,2opt,notBad
5090,8,752.2800000000001,5,508.96000000000004,2opt,notBad
5091,8,752.2800000000001,5,508.96000000000004,2opt,improve
5092,8,755.24,5,508.96000000000004,swap,acceptBad
5093,8,755.24,5,508.96000000000004,2opt,notBad
5094,8,755.24,5,508.96000000000004,2opt,notBad
5095,8,754.6800000000001,5,508.96000000000004,move,improve
5096,8,754.6800000000001,5,508.96000000000004,move,improve
5097,8,754.6800000000001,5,508.96000000000004,swap,notBad
5098,8,754.6800000000001,5,508.96000000000004,swap,notBad
5099,8,754.6800000000001,5,508.96000000000004,move,improve
5100,8,754.6800000000001,5,508.96000000000004,move,improve
5101,8,754.6800000000001,5,508.96000000000004,2opt,improve
5102,8,754.6800000000001,5,508.96000000000004,2opt,notBad
5103,8,754.6800000000001,5,508.96000000000004,move,improve
5104,8,754.6800000000001,5,508.96000000000004,move,improve
5105,8,754.6800000000001,5,508.96000000000004,2opt,notBad
5106,8,754.6800000000001,5,508.96000000000004,swap,notBad
5107,8,754.6800000000001,5,508.96000000000004,2opt,notBad
5108,8,754.6800000000001,5,508.96000000000004,2opt,notBad
5109,8,757.3199999999998,5,508.96000000000004,swap,acceptBad
5110,8,757.3199999999998,5,508.96000000000004,2opt,notBad
5111,8,757.3199999999998,5,508.96000000000004,2opt,notBad
5112,8,757.3199999999998,5,508.96000000000004,move,improve
5113,8,757.3199999999998,5,508.96000000000004,2opt,notBad
5114,8,757.3199999999998,5,508.96000000000004,move,improve
5115,8,757.3199999999998,5,508.96000000000004,move,improve
5116,8,763.2799999999996,5,508.96000000000004,swap,acceptBad
5117,8,763.2799999999996,5,508.96000000000004,move,improve
5118,8,767.9999999999999,5,508.96000000000004,swap,acceptBad
5119,8,767.9999999999999,5,508.96000000000004,move,improve
5120,8,767.9999999999999,5,508.96000000000004,swap,notBad
5121,8,767.9999999999999,5,508.96000000000004,2opt,improve
5122,8,767.9999999999999,5,508.96000000000004,2opt,notBad
5123,8,767.9999999999999,5,508.96000000000004,move,improve
5124,8,767.9999999999999,5,508.96000000000004,move,improve
5125,8,766.3999999999999,5,508.96000000000004,move,improve
5126,8,766.3999999999999,5,508.96000000000004,swap,notBad
5127,8,766.3999999999999,5,508.96000000000004,move,improve
5128,8,764.28,5,508.96000000000004,swap,improve
5129,8,764.28,5,508.96000000000004,swap,notBad
5130,8,764.28,5,508.96000000000004,2opt,notBad
5131,8,764.28,5,508.96000000000004,2opt,notBad
5132,8,764.28,5,508.96000000000004,swap,notBad
5133,8,764.28,5,508.96000000000004,2opt,notBad
5134,8,764.28,5,508.96000000000004,swap,notBad
5135,8,764.28,5,508.96000000000004,swap,notBad
5136,8,764.28,5,508.96000000000004,move,improve
5137,8,764.28,5,508.96000000000004,2opt,notBad
5138,8,764.28,5,508.96000000000004,swap,notBad
5139,8,764.28,5,508.96000000000004,swap,notBad
5140,8,764.28,5,508.96000000000004,swap,notBad
5141,8,764.28,5,508.96000000000004,move,improve
5142,8,764.28,5,508.96000000000004,move,improve
5143,8,764.28,5,508.96000000000004,swap,notBad
5144,8,764.28,5,508.96000000000004,move,improve
5145,8,764.28,5,508.96000000000004,2opt,notBad
5146,8,764.28,5,508.96000000000004,move,improve
5147,8,764.28,5,508.96000000000004,2opt,notBad
5148,8,764.28,5,508.96000000000004,move,notBad
5149,8,764.28,5,508.96000000000004,move,improve
5150,8,764.28,5,508.96000000000004,2opt,notBad
5151,8,764.28,5,508.96000000000004,2opt,notBad
5152,8,764.28,5,508.96000000000004,swap,notBad
5153,8,762.44,5,508.96000000000004,2opt,improve
5154,8,762.44,5,508.96000000000004,move,improve
5155,8,762.44,5,508.96000000000004,2opt,notBad
5156,8,762.44,5,508.96000000000004,swap,notBad
5157,8,762.44,5,508.96000000000004,move,improve
5158,8,762.44,5,508.96000000000004,swap,notBad
5159,8,762.44,5,508.96000000000004,move,improve
5160,8,762.44,5,508.96000000000004,2opt,improve
5161,8,762.44,5,508.96000000000004,swap,notBad
5162,8,762.2400000000001,5,508.96000000000004,swap,improve
5163,8,762.2400000000001,5,508.96000000000004,2opt,notBad
5164,8,762.2400000000001,5,508.96000000000004,move,improve
5165,8,762.2400000000001,5,508.96000000000004,2opt,notBad
5166,8,762.2400000000001,5,508.96000000000004,2opt,notBad
5167,8,762.2400000000001,5,508.96000000000004,2opt,notBad
5168,8,762.2400000000001,5,508.96000000000004,2opt,notBad
5169,8,758.4000000000002,5,508.96000000000004,move,improve
5170,8,758.4000000000002,5,508.96000000000004,swap,notBad
5171,8,758.4000000000002,5,508.96000000000004,swap,notBad
5172,8,759.9800000000001,5,508.96000000000004,move,acceptBad
5173,8,759.9800000000001,5,508.96000000000004,2opt,notBad
5174,8,759.9800000000001,5,508.96000000000004,move,improve
5175,8,759.9800000000001,5,508.96000000000004,2opt,notBad
5176,8,762.7000000000002,5,508.96000000000004,swap,acceptBad
5177,8,762.7000000000002,5,508.96000000000004,move,improve
5178,8,762.7000000000002,5,508.96000000000004,move,improve
5179,8,762.7000000000002,5,508.96000000000004,2opt,notBad
5180,8,762.7000000000002,5,508.96000000000004,move,improve
5181,8,762.7000000000002,5,508.96000000000004,move,improve
5182,8,760.5000000000003,5,508.96000000000004,swap,improve
5183,8,760.5000000000003,5,508.96000000000004,2opt,notBad
5184,8,760.5000000000003,5,508.96000000000004,move,improve
5185,8,760.5000000000003,5,508.96000000000004,2opt,notBad
5186,8,758.5800000000003,5,508.96000000000004,move,improve
5187,8,758.5800000000003,5,508.96000000000004,move,improve
5188,8,758.5800000000003,5,508.96000000000004,swap,notBad
5189,8,758.5800000000003,5,508.96000000000004,swap,notBad
5190,8,759.9200000000003,5,508.96000000000004,swap,acceptBad
5191,8,759.9200000000003,5,508.96000000000004,swap,notBad
5192,8,759.9200000000003,5,508.96000000000004,swap,notBad
5193,8,759.9200000000003,5,508.96000000000004,swap,notBad
5194,8,759.9200000000003,5,508.96000000000004,move,improve
5195,8,759.9200000000003,5,508.96000000000004,2opt,notBad
5196,8,759.9200000000003,5,508.96000000000004,2opt,notBad
5197,8,759.9200000000003,5,508.96000000000004,move,improve
5198,8,760.7200000000003,5,508.96000000000004,swap,acceptBad
5199,8,760.7200000000003,5,508.96000000000004,2opt,notBad
5200,8,760.7200000000003,5,508.96000000000004,swap,notBad
5201,8,760.7200000000003,5,508.96000000000004,swap,notBad
5202,8,760.7200000000003,5,508.96000000000004,swap,notBad
5203,8,760.7200000000003,5,508.96000000000004,swap,notBad
5204,8,760.7200000000003,5,508.96000000000004,swap,notBad
5205,8,760.7200000000003,5,508.96000000000004,swap,notBad
5206,8,752.8800000000003,5,508.96000000000004,move,improve
5207,8,752.8800000000003,5,508.96000000000004,2opt,notBad
5208,8,752.8800000000003,5,508.96000000000004,2opt,notBad
5209,8,752.8800000000003,5,508.96000000000004,swap,notBad
5210,8,752.8800000000003,5,508.96000000000004,2opt,notBad
5211,8,752.8800000000003,5,508.96000000000004,swap,notBad
5212,8,752.8800000000003,5,508.96000000000004,2opt,notBad
5213,8,752.8800000000003,5,508.96000000000004,2opt,improve
5214,8,752.8800000000003,5,508.96000000000004,swap,notBad
5215,8,751.8600000000004,5,508.96000000000004,move,improve
5216,8,751.8600000000004,5,508.96000000000004,2opt,notBad
5217,8,751.8600000000004,5,508.96000000000004,2opt,notBad
5218,8,751.8600000000004,5,508.96000000000004,swap,notBad
5219,8,751.8600000000004,5,508.96000000000004,move,improve
5220,8,751.8600000000004,5,508.96000000000004,2opt,notBad
5221,8,750.3400000000003,5,508.96000000000004,move,improve
5222,8,750.3400000000003,5,508.96000000000004,move,improve
5223,8,750.3400000000003,5,508.96000000000004,swap,notBad
5224,8,750.3400000000003,5,508.96000000000004,move,improve
5225,8,750.3400000000003,5,508.96000000000004,move,improve
5226,8,750.3400000000003,5,508.96000000000004,2opt,notBad
5227,8,750.3400000000003,5,508.96000000000004,2opt,improve
5228,8,750.3400000000003,5,508.96000000000004,2opt,notBad
5229,8,750.3400000000003,5,508.96000000000004,2opt,notBad
5230,8,750.3400000000003,5,508.96000000000004,swap,notBad
5231,8,750.3400000000003,5,508.96000000000004,move,improve
5232,8,750.3400000000003,5,508.96000000000004,move,improve
5233,8,750.3400000000003,5,508.96000000000004,2opt,notBad
5234,8,750.3400000000003,5,508.96000000000004,move,improve
5235,8,750.3400000000003,5,508.96000000000004,2opt,notBad
5236,8,750.3400000000003,5,508.96000000000004,move,improve
5237,8,733.1200000000002,5,508.96000000000004,move,improve
5238,8,733.1200000000002,5,508.96000000000004,swap,notBad
5239,8,733.1200000000002,5,508.96000000000004,2opt,notBad
5240,8,733.1200000000002,5,508.96000000000004,2opt,notBad
5241,8,733.1200000000002,5,508.96000000000004,move,improve
5242,8,733.1200000000002,5,508.96000000000004,swap,notBad
5243,8,733.1200000000002,5,508.96000000000004,move,improve
5244,8,733.1200000000002,5,508.96000000000004,2opt,notBad
5245,8,733.1200000000002,5,508.96000000000004,swap,notBad
5246,8,733.1200000000002,5,508.96000000000004,move,improve
5247,8,733.1200000000002,5,508.96000000000004,move,improve
5248,8,733.1200000000002,5,508.96000000000004,2opt,notBad
5249,8,733.1200000000002,5,508.96000000000004,swap,notBad
5250,8,733.1200000000002,5,508.96000000000004,swap,notBad
5251,8,733.1200000000002,5,508.96000000000004,swap,notBad
5252,8,733.1200000000002,5,508.96000000000004,2opt,notBad
5253,8,733.1200000000002,5,508.96000000000004,swap,notBad
5254,8,731.7600000000003,5,508.96000000000004,swap,improve
5255,8,730.2600000000002,5,508.96000000000004,move,improve
5256,8,727.9400000000003,5,508.96000000000004,move,improve
5257,8,727.9400000000003,5,508.96000000000004,swap,notBad
5258,8,727.9400000000003,5,508.96000000000004,move,improve
5259,8,727.9400000000003,5,508.96000000000004,move,improve
5260,8,727.9400000000003,5,508.96000000000004,2opt,notBad
5261,8,727.9400000000003,5,508.96000000000004,move,improve
5262,8,727.9400000000003,5,508.96000000000004,2opt,notBad
5263,8,727.9400000000003,5,508.96000000000004,2opt,notBad
5264,8,727.9400000000003,5,508.96000000000004,swap,notBad
5265,8,727.9400000000003,5,508.96000000000004,swap,notBad
5266,8,727.9400000000003,5,508.96000000000004,2opt,notBad
5267,8,727.9400000000003,5,508.96000000000004,swap,notBad
5268,8,727.9400000000003,5,508.96000000000004,2opt,notBad
5269,8,725.2200000000003,5,508.96000000000004,move,improve
5270,8,725.2200000000003,5,508.96000000000004,move,improve
5271,8,725.2200000000003,5,508.96000000000004,2opt,notBad
5272,8,725.2200000000003,5,508.96000000000004,swap,notBad
5273,8,721.1400000000002,5,508.96000000000004,move,improve
5274,8,721.1400000000002,5,508.96000000000004,swap,notBad
5275,8,721.1400000000002,5,508.96000000000004,swap,notBad
5276,8,721.1400000000002,5,508.96000000000004,move,improve
5277,8,721.1400000000002,5,508.96000000000004,move,improve
5278,8,721.1400000000002,5,508.96000000000004,move,improve
5279,8,721.1400000000002,5,508.96000000000004,swap,notBad
5280,8,721.1400000000002,5,508.96000000000004,move,improve
5281,8,719.1400000000002,5,508.96000000000004,move,improve
5282,8,719.1400000000002,5,508.96000000000004,move,improve
5283,8,719.1400000000002,5,508.96000000000004,2opt,improve
5284,8,719.1400000000002,5,508.96000000000004,2opt,notBad
5285,8,719.1400000000002,5,508.96000000000004,swap,notBad
5286,8,719.1400000000002,5,508.96000000000004,move,improve
5287,8,719.1400000000002,5,508.96000000000004,2opt,notBad
5288,8,719.1400000000002,5,508.96000000000004,swap,notBad
5289,8,719.1400000000002,5,508.96000000000004,move,improve
5290,8,719.1400000000002,5,508.96000000000004,swap,notBad
5291,8,719.1400000000002,5,508.96000000000004,swap,notBad
5292,8,719.1400000000002,5,508.96000000000004,2opt,notBad
5293,8,719.1400000000002,5,508.96000000000004,move,improve
5294,8,719.1400000000002,5,508.96000000000004,swap,notBad
5295,8,719.1400000000002,5,508.96000000000004,move,improve
5296,8,719.1400000000002,5,508.96000000000004,2opt,notBad
5297,8,719.1400000000002,5,508.96000000000004,move,improve
5298,8,719.1400000000002,5,508.96000000000004,2opt,notBad
5299,8,719.1400000000002,5,508.96000000000004,move,improve
5300,8,719.1400000000002,5,508.96000000000004,move,improve
5301,8,719.1400000000002,5,508.96000000000004,swap,notBad
5302,8,719.1400000000002,5,508.96000000000004,move,improve
5303,8,719.1400000000002,5,508.96000000000004,move,improve
5304,8,719.1400000000002,5,508.96000000000004,swap,notBad
5305,8,719.1400000000002,5,508.96000000000004,2opt,notBad
5306,8,719.1400000000002,5,508.96000000000004,swap,notBad
5307,8,719.1400000000002,5,508.96000000000004,2opt,notBad
5308,8,719.1400000000002,5,508.96000000000004,2opt,notBad
5309,8,719.1400000000002,5,508.96000000000004,move,improve
5310,8,719.1400000000002,5,508.96000000000004,2opt,notBad
5311,8,719.4000000000003,5,508.96000000000004,swap,acceptBad
5312,8,719.4000000000003,5,508.96000000000004,2opt,notBad
5313,8,713.1600000000003,5,508.96000000000004,swap,improve
5314,8,713.1600000000003,5,508.96000000000004,swap,notBad
5315,8,713.1600000000003,5,508.96000000000004,swap,notBad
5316,8,713.1600000000003,5,508.96000000000004,2opt,notBad
5317,8,713.1600000000003,5,508.96000000000004,2opt,notBad
5318,8,713.1600000000003,5,508.96000000000004,swap,notBad
5319,8,713.1600000000003,5,508.96000000000004,swap,notBad
5320,8,713.1600000000003,5,508.96000000000004,move,improve
5321,8,713.1600000000003,5,508.96000000000004,move,improve
5322,8,713.1600000000003,5,508.96000000000004,move,improve
5323,8,713.1600000000003,5,508.96000000000004,swap,notBad
5324,8,713.1600000000003,5,508.96000000000004,2opt,notBad
5325,8,713.1600000000003,5,508.96000000000004,swap,notBad
5326,8,713.1600000000003,5,508.96000000000004,2opt,notBad
5327,8,713.1600000000003,5,508.96000000000004,2opt,notBad
5328,8,713.1600000000003,5,508.96000000000004,move,improve
5329,8,713.1600000000003,5,508.96000000000004,2opt,notBad
5330,8,713.1600000000003,5,508.96000000000004,swap,notBad
5331,8,713.1600000000003,5,508.96000000000004,move,improve
5332,8,713.1600000000003,5,508.96000000000004,move,improve
5333,8,711.5600000000003,5,508.96000000000004,move,improve
5334,8,711.5600000000003,5,508.96000000000004,move,improve
5335,8,711.5600000000003,5,508.96000000000004,swap,notBad
5336,8,711.5600000000003,5,508.96000000000004,move,improve
5337,8,711.5600000000003,5,508.96000000000004,swap,notBad
5338,8,711.5600000000003,5,508.96000000000004,2opt,notBad
5339,8,711.5600000000003,5,508.96000000000004,swap,notBad
5340,8,711.5600000000003,5,508.96000000000004,move,improve
5341,8,711.5600000000003,5,508.96000000000004,swap,notBad
5342,8,711.5600000000003,5,508.96000000000004,move,improve
5343,8,711.5600000000003,5,508.96000000000004,swap,notBad
5344,8,711.5600000000003,5,508.96000000000004,2opt,notBad
5345,8,711.5600000000003,5,508.96000000000004,swap,notBad
5346,8,711.5600000000003,5,508.96000000000004,2opt,notBad
5347,8,706.9400000000003,5,508.96000000000004,swap,improve
5348,8,706.9400000000003,5,508.96000000000004,swap,notBad
5349,8,706.9400000000003,5,508.96000000000004,move,improve
5350,8,706.9400000000003,5,508.96000000000004,swap,notBad
5351,8,706.9400000000003,5,508.96000000000004,2opt,notBad
5352,8,706.9400000000003,5,508.96000000000004,move,improve
5353,8,706.9400000000003,5,508.96000000000004,2opt,notBad
5354,8,706.9400000000003,5,508.96000000000004,2opt,notBad
5355,8,706.9400000000003,5,508.96000000000004,swap,notBad
5356,8,706.9400000000003,5,508.96000000000004,move,improve
5357,8,706.9400000000003,5,508.96000000000004,move,improve
5358,8,706.9400000000003,5,508.96000000000004,move,improve
5359,8,706.9400000000003,5,508.96000000000004,swap,notBad
5360,8,706.9400000000003,5,508.96000000000004,2opt,notBad
5361,8,706.9400000000003,5,508.96000000000004,2opt,notBad
5362,8,706.9400000000003,5,508.96000000000004,2opt,notBad
5363,8,706.9400000000003,5,508.96000000000004,2opt,notBad
5364,8,688.8600000000002,5,508.96000000000004,2opt,improve
5365,8,688.8600000000002,5,508.96000000000004,move,improve
5366,8,688.8600000000002,5,508.96000000000004,2opt,notBad
5367,8,688.8600000000002,5,508.96000000000004,2opt,notBad
5368,8,688.8600000000002,5,508.96000000000004,2opt,notBad
5369,8,688.8600000000002,5,508.96000000000004,2opt,notBad
5370,8,688.8600000000002,5,508.96000000000004,2opt,notBad
5371,8,694.0600000000002,5,508.96000000000004,swap,acceptBad
5372,8,694.0600000000002,5,508.96000000000004,move,improve
5373,8,694.0600000000002,5,508.96000000000004,swap,notBad
5374,8,694.0600000000002,5,508.96000000000004,move,improve
5375,8,694.0600000000002,5,508.96000000000004,move,improve
5376,8,694.0600000000002,5,508.96000000000004,2opt,notBad
5377,8,694.0600000000002,5,508.96000000000004,swap,notBad
5378,8,694.0600000000002,5,508.96000000000004,2opt,notBad
5379,8,694.0600000000002,5,508.96000000000004,2opt,improve
5380,8,694.0600000000002,5,508.96000000000004,2opt,notBad
5381,8,694.0600000000002,5,508.96000000000004,move,improve
5382,8,694.0600000000002,5,508.96000000000004,move,improve
5383,8,694.0600000000002,5,508.96000000000004,swap,notBad
5384,8,694.0600000000002,5,508.96000000000004,2opt,notBad
5385,8,694.0600000000002,5,508.96000000000004,2opt,notBad
5386,8,694.0600000000002,5,508.96000000000004,2opt,notBad
5387,8,694.0600000000002,5,508.96000000000004,2opt,notBad
5388,8,694.0600000000002,5,508.96000000000004,move,improve
5389,8,694.0600000000002,5,508.96000000000004,move,improve
5390,8,694.0600000000002,5,508.96000000000004,move,improve
5391,8,694.0600000000002,5,508.96000000000004,2opt,notBad
5392,8,694.0600000000002,5,508.96000000000004,move,improve
5393,8,694.0600000000002,5,508.96000000000004,swap,notBad
5394,8,694.0600000000002,5,508.96000000000004,swap,notBad
5395,8,697.0600000000004,5,508.96000000000004,swap,acceptBad
5396,8,691.8600000000004,5,508.96000000000004,move,improve
5397,8,691.8600000000004,5,508.96000000000004,2opt,notBad
5398,8,691.8600000000004,5,508.96000000000004,swap,notBad
5399,8,691.8600000000004,5,508.96000000000004,swap,notBad
5400,8,691.8600000000004,5,508.96000000000004,swap,notBad
5401,8,691.8600000000004,5,508.96000000000004,swap,notBad
5402,8,691.8600000000004,5,508.96000000000004,2opt,notBad
5403,8,691.8600000000004,5,508.96000000000004,swap,notBad
5404,8,691.8600000000004,5,508.96000000000004,move,improve
5405,8,691.8600000000004,5,508.96000000000004,move,improve
5406,8,691.8600000000004,5,508.96000000000004,swap,notBad
5407,8,691.8600000000004,5,508.96000000000004,move,improve
5408,8,691.8600000000004,5,508.96000000000004,2opt,notBad
5409,8,690.2800000000003,5,508.96000000000004,move,improve
5410,8,690.2800000000003,5,508.96000000000004,swap,notBad
5411,8,690.2800000000003,5,508.96000000000004,move,improve
5412,8,690.2800000000003,5,508.96000000000004,2opt,notBad
5413,8,690.2800000000003,5,508.96000000000004,swap,notBad
5414,8,690.2800000000003,5,508.96000000000004,2opt,notBad
5415,8,690.2800000000003,5,508.96000000000004,move,improve
5416,8,690.2800000000003,5,508.96000000000004,swap,notBad
5417,8,690.2800000000003,5,508.96000000000004,swap,notBad
5418,8,690.2800000000003,5,508.96000000000004,swap,notBad
5419,8,690.2800000000003,5,508.96000000000004,swap,notBad
5420,8,690.2800000000003,5,508.96000000000004,swap,notBad
5421,8,690.2800000000003,5,508.96000000000004,2opt,notBad
5422,8,690.2800000000003,5,508.96000000000004,2opt,notBad
5423,8,690.2800000000003,5,508.96000000000004,2opt,improve
5424,8,689.2000000000002,5,508.96000000000004,swap,improve
5425,7,663.3200000000002,5,508.96000000000004,move,improve
5426,7,663.3200000000002,5,508.96000000000004,move,improve
5427,7,662.8400000000003,5,508.96000000000004,swap,improve
5428,7,662.8400000000003,5,508.96000000000004,2opt,notBad
5429,7,662.8400000000003,5,508.96000000000004,2opt,notBad
5430,7,662.8400000000003,5,508.96000000000004,2opt,notBad
5431,7,662.1200000000001,5,508.96000000000004,move,improve
5432,7,662.1200000000001,5,508.96000000000004,move,improve
5433,7,662.1200000000001,5,508.96000000000004,2opt,notBad
5434,7,662.1200000000001,5,508.96000000000004,2opt,notBad
5435,7,662.1200000000001,5,508.96000000000004,2opt,notBad
5436,7,662.1200000000001,5,508.96000000000004,2opt,notBad
5437,7,662.1200000000001,5,508.96000000000004,move,improve
5438,7,662.1200000000001,5,508.96000000000004,move,improve
5439,7,662.1200000000001,5,508.96000000000004,2opt,notBad
5440,7,662.1200000000001,5,508.96000000000004,swap,notBad
5441,7,662.7600000000001,5,508.96000000000004,swap,acceptBad
5442,7,662.7600000000001,5,508.96000000000004,move,improve
5443,7,662.7600000000001,5,508.96000000000004,swap,notBad
5444,7,662.7600000000001,5,508.96000000000004,swap,notBad
5445,7,662.7600000000001,5,508.96000000000004,move,improve
5446,7,662.7600000000001,5,508.96000000000004,swap,notBad
5447,7,661.8000000000001,5,508.96000000000004,move,improve
5448,7,661.8000000000001,5,508.96000000000004,move,improve
5449,7,661.8000000000001,5,508.96000000000004,move,improve
5450,7,661.8000000000001,5,508.96000000000004,2opt,notBad
5451,7,661.8000000000001,5,508.96000000000004,2opt,notBad
5452,7,632.4000000000001,5,508.96000000000004,move,improve
5453,7,632.4000000000001,5,508.96000000000004,swap,notBad
5454,7,632.4000000000001,5,508.96000000000004,swap,notBad
5455,7,632.4000000000001,5,508.96000000000004,2opt,notBad
5456,7,632.4000000000001,5,508.96000000000004,swap,notBad
5457,7,632.4000000000001,5,508.96000000000004,2opt,notBad
5458,7,635.76,5,508.96000000000004,swap,acceptBad
5459,7,635.76,5,508.96000000000004,move,improve
5460,7,638.8,5,508.96000000000004,swap,acceptBad
5461,7,638.8,5,508.96000000000004,2opt,improve
5462,7,638.3999999999999,5,508.96000000000004,move,improve
5463,7,638.3999999999999,5,508.96000000000004,2opt,notBad
5464,7,637.1999999999999,5,508.96000000000004,move,improve
5465,7,637.1999999999999,5,508.96000000000004,swap,notBad
5466,7,637.1999999999999,5,508.96000000000004,move,improve
5467,7,633.7999999999998,5,508.96000000000004,move,improve
5468,7,633.7999999999998,5,508.96000000000004,move,improve
5469,7,633.16,5,508.96000000000004,move,improve
5470,7,633.16,5,508.96000000000004,swap,notBad
5471,7,633.16,5,508.96000000000004,swap,notBad
5472,7,633.16,5,508.96000000000004,move,improve
5473,7,633.16,5,508.96000000000004,move,improve
5474,7,632.2799999999999,5,508.96000000000004,swap,improve
5475,7,632.2799999999999,5,508.96000000000004,swap,notBad
5476,7,632.2799999999999,5,508.96000000000004,move,improve
5477,7,632.2799999999999,5,508.96000000000004,2opt,notBad
5478,7,632.2799999999999,5,508.96000000000004,2opt,improve
5479,7,628.2799999999999,5,508.96000000000004,move,improve
5480,7,628.2799999999999,5,508.96000000000004,move,improve
5481,7,628.2799999999999,5,508.96000000000004,swap,notBad
5482,7,628.2799999999999,5,508.96000000000004,2opt,notBad
5483,7,628.2799999999999,5,508.96000000000004,move,improve
5484,7,628.2799999999999,5,508.96000000000004,move,improve
5485,7,628.2799999999999,5,508.96000000000004,2opt,improve
5486,7,628.2799999999999,5,508.96000000000004,2opt,notBad
5487,7,628.2799999999999,5,508.96000000000004,swap,notBad
5488,7,628.2799999999999,5,508.96000000000004,move,improve
5489,7,628.2799999999999,5,508.96000000000004,move,improve
5490,7,628.2799999999999,5,508.96000000000004,move,improve
5491,7,628.2799999999999,5,508.96000000000004,swap,notBad
5492,7,628.2799999999999,5,508.96000000000004,move,improve
5493,7,628.2799999999999,5,508.96000000000004,2opt,notBad
5494,7,628.2799999999999,5,508.96000000000004,2opt,notBad
5495,7,628.2799999999999,5,508.96000000000004,move,improve
5496,7,628.2799999999999,5,508.96000000000004,2opt,notBad
5497,7,628.2799999999999,5,508.96000000000004,move,improve
5498,7,628.2799999999999,5,508.96000000000004,swap,notBad
5499,7,628.2799999999999,5,508.96000000000004,move,improve
5500,7,628.2799999999999,5,508.96000000000004,2opt,notBad
5501,7,629.8399999999999,5,508.96000000000004,swap,acceptBad
5502,7,632.0799999999999,5,508.96000000000004,swap,acceptBad
5503,7,632.0799999999999,5,508.96000000000004,2opt,improve
5504,7,632.0799999999999,5,508.96000000000004,swap,notBad
5505,7,632.0799999999999,5,508.96000000000004,swap,notBad
5506,7,632.0799999999999,5,508.96000000000004,2opt,notBad
5507,7,632.0799999999999,5,508.96000000000004,2opt,notBad
5508,7,632.0799999999999,5,508.96000000000004,swap,notBad
5509,7,631.1999999999999,5,508.96000000000004,move,improve
5510,7,633.28,5,508.96000000000004,move,acceptBad
5511,7,633.28,5,508.96000000000004,swap,notBad
5512,7,632.4799999999999,5,508.96000000000004,move,improve
5513,7,632.4799999999999,5,508.96000000000004,move,improve
5514,7,631.56,5,508.96000000000004,swap,improve
5515,7,631.56,5,508.96000000000004,move,improve
5516,7,631.56,5,508.96000000000004,move,improve
5517,7,631.56,5,508.96000000000004,2opt,notBad
5518,7,631.56,5,508.96000000000004,swap,notBad
5519,7,631.56,5,508.96000000000004,swap,notBad
5520,7,628.1199999999999,5,508.96000000000004,move,improve
5521,7,628.1199999999999,5,508.96000000000004,swap,notBad
5522,7,628.1199999999999,5,508.96000000000004,2opt,notBad
5523,7,628.1199999999999,5,508.96000000000004,2opt,notBad
5524,7,628.1199999999999,5,508.96000000000004,swap,notBad
5525,7,628.1199999999999,5,508.96000000000004,swap,notBad
5526,7,628.1199999999999,5,508.96000000000004,move,improve
5527,7,628.1199999999999,5,508.96000000000004,2opt,notBad
5528,7,627.2399999999999,5,508.96000000000004,swap,improve
5529,7,627.2399999999999,5,508.96000000000004,move,improve
5530,7,627.2399999999999,5,508.96000000000004,move,improve
5531,7,629.5199999999998,5,508.96000000000004,swap,acceptBad
5532,7,629.5199999999998,5,508.96000000000004,swap,notBad
5533,7,629.5199999999998,5,508.96000000000004,swap,notBad
5534,7,626.4799999999998,5,508.96000000000004,2opt,improve
5535,7,626.4799999999998,5,508.96000000000004,swap,notBad
5536,7,626.4799999999998,5,508.96000000000004,swap,notBad
5537,7,626.4799999999998,5,508.96000000000004,move,improve
5538,7,626.4799999999998,5,508.96000000000004,swap,notBad
5539,7,626.4799999999998,5,508.96000000000004,move,improve
5540,7,626.4799999999998,5,508.96000000000004,move,improve
5541,7,626.4799999999998,5,508.96000000000004,2opt,notBad
5542,7,626.4799999999998,5,508.96000000000004,2opt,notBad
5543,7,626.9599999999998,5,508.96000000000004,swap,acceptBad
5544,7,626.9599999999998,5,508.96000000000004,move,improve
5545,7,626.9599999999998,5,508.96000000000004,2opt,notBad
5546,7,626.9599999999998,5,508.96000000000004,2opt,notBad
5547,7,626.9599999999998,5,508.96000000000004,2opt,notBad
5548,7,626.9599999999998,5,508.96000000000004,move,improve
5549,7,626.9599999999998,5,508.96000000000004,swap,notBad
5550,7,626.9599999999998,5,508.96000000000004,2opt,notBad
5551,7,626.9599999999998,5,508.96000000000004,move,improve
5552,7,626.9599999999998,5,508.96000000000004,2opt,notBad
5553,7,626.9599999999998,5,508.96000000000004,2opt,notBad
5554,7,626.9599999999998,5,508.96000000000004,swap,notBad
5555,7,626.9599999999998,5,508.96000000000004,move,improve
5556,7,626.9599999999998,5,508.96000000000004,move,improve
5557,7,626.9599999999998,5,508.96000000000004,swap,notBad
5558,7,626.9599999999998,5,508.96000000000004,swap,notBad
5559,7,626.9599999999998,5,508.96000000000004,move,improve
5560,7,626.9599999999998,5,508.96000000000004,move,improve
5561,7,625.7199999999998,5,508.96000000000004,move,improve
5562,7,625.7199999999998,5,508.96000000000004,swap,notBad
5563,7,625.7199999999998,5,508.96000000000004,move,improve
5564,7,625.7199999999998,5,508.96000000000004,move,improve
5565,7,625.7199999999998,5,508.96000000000004,2opt,notBad
5566,7,625.7199999999998,5,508.96000000000004,swap,notBad
5567,7,625.7199999999998,5,508.96000000000004,move,improve
5568,7,625.7199999999998,5,508.96000000000004,2opt,notBad
5569,7,625.7199999999998,5,508.96000000000004,swap,notBad
5570,7,625.7199999999998,5,508.96000000000004,move,improve
5571,7,625.7199999999998,5,508.96000000000004,move,improve
5572,7,623.2399999999998,5,508.96000000000004,move,improve
5573,7,623.2399999999998,5,508.96000000000004,move,improve
5574,7,623.2399999999998,5,508.96000000000004,swap,notBad
5575,7,619.76,5,508.96000000000004,2opt,improve
5576,7,619.28,5,508.96000000000004,move,improve
5577,7,619.28,5,508.96000000000004,move,improve
5578,7,619.28,5,508.96000000000004,2opt,notBad
5579,7,619.28,5,508.96000000000004,2opt,improve
5580,7,619.28,5,508.96000000000004,2opt,notBad
5581,7,619.28,5,508.96000000000004,2opt,notBad
5582,7,619.28,5,508.96000000000004,2opt,notBad
5583,7,619.28,5,508.96000000000004,swap,notBad
5584,7,619.28,5,508.96000000000004,swap,notBad
5585,7,619.28,5,508.96000000000004,2opt,notBad
5586,7,619.28,5,508.96000000000004,move,improve
5587,7,619.28,5,508.96000000000004,2opt,improve
5588,7,619.28,5,508.96000000000004,move,improve
5589,7,619.28,5,508.96000000000004,swap,notBad
5590,7,619.28,5,508.96000000000004,2opt,notBad
5591,7,619.28,5,508.96000000000004,2opt,notBad
5592,7,621.52,5,508.96000000000004,swap,acceptBad
5593,7,621.52,5,508.96000000000004,swap,notBad
5594,7,621.52,5,508.96000000000004,2opt,improve
5595,7,621.52,5,508.96000000000004,swap,notBad
5596,7,621.52,5,508.96000000000004,2opt,notBad
5597,7,621.52,5,508.96000000000004,swap,notBad
5598,7,621.52,5,508.96000000000004,move,improve
5599,7,621.52,5,508.96000000000004,2opt,improve
5600,7,621.52,5,508.96000000000004,move,improve
5601,7,621.52,5,508.96000000000004,2opt,notBad
5602,7,621.52,5,508.96000000000004,2opt,notBad
5603,7,621.52,5,508.96000000000004,2opt,notBad
5604,7,621.52,5,508.96000000000004,swap,notBad
5605,7,621.52,5,508.96000000000004,swap,notBad
5606,7,621.52,5,508.96000000000004,move,improve
5607,7,621.52,5,508.96000000000004,swap,notBad
5608,7,621.52,5,508.96000000000004,2opt,notBad
5609,7,621.52,5,508.96000000000004,move,improve
5610,7,621.52,5,508.96000000000004,2opt,notBad
5611,7,621.52,5,508.96000000000004,swap,notBad
5612,7,621.52,5,508.96000000000004,move,improve
5613,7,618.3199999999998,5,508.96000000000004,swap,improve
5614,7,618.3199999999998,5,508.96000000000004,swap,notBad
5615,7,618.3199999999998,5,508.96000000000004,swap,notBad
5616,7,618.3199999999998,5,508.96000000000004,swap,notBad
5617,7,618.3199999999998,5,508.96000000000004,2opt,improve
5618,7,618.3199999999998,5,508.96000000000004,swap,notBad
5619,7,618.3199999999998,5,508.96000000000004,swap,notBad
5620,7,618.3199999999998,5,508.96000000000004,2opt,notBad
5621,7,618.3199999999998,5,508.96000000000004,swap,notBad
5622,7,618.3199999999998,5,508.96000000000004,2opt,notBad
5623,7,618.3199999999998,5,508.96000000000004,move,improve
5624,7,618.3199999999998,5,508.96000000000004,2opt,notBad
5625,7,618.3199999999998,5,508.96000000000004,2opt,notBad
5626,7,618.3199999999998,5,508.96000000000004,swap,notBad
5627,7,618.3199999999998,5,508.96000000000004,swap,notBad
5628,7,618.3199999999998,5,508.96000000000004,2opt,notBad
5629,7,618.3199999999998,5,508.96000000000004,2opt,notBad
5630,7,618.3199999999998,5,508.96000000000004,swap,notBad
5631,7,618.3199999999998,5,508.96000000000004,swap,notBad
5632,7,616.2399999999999,5,508.96000000000004,move,improve
5633,7,616.2399999999999,5,508.96000000000004,move,improve
5634,7,616.2399999999999,5,508.96000000000004,2opt,improve
5635,7,616.2399999999999,5,508.96000000000004,move,improve
5636,7,616.2399999999999,5,508.96000000000004,move,improve
5637,7,616.2399999999999,5,508.96000000000004,move,improve
5638,7,616.2399999999999,5,508.96000000000004,2opt,notBad
5639,7,616.2399999999999,5,508.96000000000004,2opt,notBad
5640,7,616.2399999999999,5,508.96000000000004,swap,notBad
5641,7,613.9199999999998,5,508.96000000000004,2opt,improve
5642,7,613.9199999999998,5,508.96000000000004,move,improve
5643,7,613.9199999999998,5,508.96000000000004,move,improve
5644,7,613.9199999999998,5,508.96000000000004,move,improve
5645,7,613.9199999999998,5,508.96000000000004,move,improve
5646,7,613.9199999999998,5,508.96000000000004,2opt,notBad
5647,7,613.6799999999998,5,508.96000000000004,move,improve
5648,7,613.6799999999998,5,508.96000000000004,move,improve
5649,7,613.6799999999998,5,508.96000000000004,swap,notBad
5650,7,613.6799999999998,5,508.96000000000004,swap,notBad
5651,7,613.6799999999998,5,508.96000000000004,move,improve
5652,7,613.6799999999998,5,508.96000000000004,swap,notBad
5653,7,613.6799999999998,5,508.96000000000004,move,improve
5654,7,613.6799999999998,5,508.96000000000004,swap,notBad
5655,7,613.6799999999998,5,508.96000000000004,move,improve
5656,7,613.6799999999998,5,508.96000000000004,move,improve
5657,7,613.6799999999998,5,508.96000000000004,2opt,notBad
5658,7,613.6799999999998,5,508.96000000000004,2opt,notBad
5659,7,613.6799999999998,5,508.96000000000004,2opt,notBad
5660,7,613.6799999999998,5,508.96000000000004,move,improve
5661,7,612.44,5,508.96000000000004,move,improve
5662,7,612.44,5,508.96000000000004,swap,notBad
5663,7,612.44,5,508.96000000000004,move,improve
5664,7,612.44,5,508.96000000000004,move,improve
5665,7,612.44,5,508.96000000000004,2opt,notBad
5666,7,612.44,5,508.96000000000004,move,improve
5667,7,612.44,5,508.96000000000004,move,improve
5668,7,612.44,5,508.96000000000004,swap,notBad
5669,7,612.44,5,508.96000000000004,move,improve
5670,7,612.44,5,508.96000000000004,move,improve
5671,7,612.44,5,508.96000000000004,move,improve
5672,7,612.44,5,508.96000000000004,swap,notBad
5673,7,612.44,5,508.96000000000004,move,improve
5674,7,612.44,5,508.96000000000004,2opt,notBad
5675,7,612.44,5,508.96000000000004,swap,notBad
5676,7,608.1999999999999,5,508.96000000000004,move,improve
5677,7,608.1999999999999,5,508.96000000000004,swap,notBad
5678,7,608.1999999999999,5,508.96000000000004,swap,notBad
5679,7,608.1999999999999,5,508.96000000000004,move,improve
5680,7,608.1999999999999,5,508.96000000000004,swap,notBad
5681,7,608.1999999999999,5,508.96000000000004,2opt,notBad
5682,7,608.1999999999999,5,508.96000000000004,2opt,notBad
5683,7,608.1999999999999,5,508.96000000000004,swap,notBad
5684,7,608.1999999999999,5,508.96000000000004,move,improve
5685,7,608.1999999999999,5,508.96000000000004,move,improve
5686,7,608.1999999999999,5,508.96000000000004,swap,notBad
5687,7,608.1999999999999,5,508.96000000000004,swap,notBad
5688,7,608.1999999999999,5,508.96000000000004,2opt,notBad
5689,7,608.1999999999999,5,508.96000000000004,move,improve
5690,7,608.1999999999999,5,508.96000000000004,2opt,notBad
5691,7,608.1999999999999,5,508.96000000000004,move,improve
5692,7,608.1999999999999,5,508.96000000000004,move,improve
5693,7,608.1999999999999,5,508.96000000000004,2opt,notBad
5694,7,605.92,5,508.96000000000004,swap,improve
5695,7,605.92,5,508.96000000000004,move,improve
5696,7,605.92,5,508.96000000000004,move,improve
5697,7,605.92,5,508.96000000000004,move,improve
5698,7,605.92,5,508.96000000000004,2opt,notBad
5699,7,605.92,5,508.96000000000004,swap,notBad
5700,7,605.92,5,508.96000000000004,move,improve
5701,7,605.92,5,508.96000000000004,2opt,notBad
5702,7,605.92,5,508.96000000000004,2opt,notBad
5703,7,605.92,5,508.96000000000004,move,improve
5704,7,605.8399999999999,5,508.96000000000004,swap,improve
5705,7,605.8399999999999,5,508.96000000000004,2opt,notBad
5706,7,605.8399999999999,5,508.96000000000004,2opt,notBad
5707,7,606.64,5,508.96000000000004,move,acceptBad
5708,7,606.64,5,508.96000000000004,swap,notBad
5709,7,606.64,5,508.96000000000004,2opt,notBad
5710,7,606.64,5,508.96000000000004,2opt,notBad
5711,7,606.64,5,508.96000000000004,swap,notBad
5712,7,606.64,5,508.96000000000004,swap,notBad
5713,7,606.64,5,508.96000000000004,move,improve
5714,7,606.64,5,508.96000000000004,2opt,notBad
5715,7,606.64,5,508.96000000000004,2opt,improve
5716,7,606.64,5,508.96000000000004,move,improve
5717,7,606.64,5,508.96000000000004,2opt,notBad
5718,7,606.64,5,508.96000000000004,move,improve
5719,7,606.64,5,508.96000000000004,swap,notBad
5720,7,606.64,5,508.96000000000004,move,improve
5721,7,606.64,5,508.96000000000004,move,improve
5722,7,606.64,5,508.96000000000004,swap,notBad
5723,7,606.64,5,508.96000000000004,2opt,notBad
5724,7,606.64,5,508.96000000000004,move,improve
5725,7,606.64,5,508.96000000000004,swap,notBad
5726,7,606.64,5,508.96000000000004,2opt,notBad
5727,7,606.64,5,508.96000000000004,2opt,notBad
5728,7,606.64,5,508.96000000000004,swap,notBad
5729,7,606.64,5,508.96000000000004,2opt,notBad
5730,7,606.64,5,508.96000000000004,swap,notBad
5731,7,600.6,5,508.96000000000004,swap,improve
5732,7,600.6,5,508.96000000000004,2opt,notBad
5733,7,600.6,5,508.96000000000004,move,improve
5734,7,600.6,5,508.96000000000004,swap,notBad
5735,7,600.6,5,508.96000000000004,move,improve
5736,7,600.6,5,508.96000000000004,2opt,notBad
5737,7,600.6,5,508.96000000000004,move,improve
5738,7,600.6,5,508.96000000000004,2opt,notBad
5739,7,600.6,5,508.96000000000004,move,improve
5740,7,600.6,5,508.96000000000004,swap,notBad
5741,7,600.6,5,508.96000000000004,swap,notBad
5742,7,596.92,5,508.96000000000004,move,improve
5743,7,596.92,5,508.96000000000004,swap,notBad
5744,7,596.92,5,508.96000000000004,move,improve
5745,7,596.92,5,508.96000000000004,2opt,notBad
5746,7,596.92,5,508.96000000000004,move,improve
5747,7,596.92,5,508.96000000000004,move,improve
5748,7,596.92,5,508.96000000000004,move,improve
5749,7,596.92,5,508.96000000000004,move,improve
5750,7,596.92,5,508.96000000000004,move,improve
5751,7,596.92,5,508.96000000000004,swap,notBad
5752,7,596.92,5,508.96000000000004,move,improve
5753,7,596.92,5,508.96000000000004,swap,notBad
5754,7,596.92,5,508.96000000000004,move,improve
5755,7,596.92,5,508.96000000000004,2opt,notBad
5756,7,596.92,5,508.96000000000004,swap,notBad
5757,7,596.92,5,508.96000000000004,2opt,notBad
5758,7,596.92,5,508.96000000000004,swap,notBad
5759,7,596.92,5,508.96000000000004,2opt,notBad
5760,7,596.92,5,508.96000000000004,move,improve
5761,7,596.92,5,508.96000000000004,swap,notBad
5762,7,596.92,5,508.96000000000004,swap,notBad
5763,7,596.92,5,508.96000000000004,2opt,notBad
5764,7,596.92,5,508.96000000000004,swap,notBad
5765,7,596.92,5,508.96000000000004,move,improve
5766,7,596.92,5,508.96000000000004,move,improve
5767,7,596.92,5,508.96000000000004,move,improve
5768,7,596.92,5,508.96000000000004,swap,notBad
5769,7,596.92,5,508.96000000000004,move,improve
5770,7,596.92,5,508.96000000000004,move,improve
5771,7,596.92,5,508.96000000000004,swap,notBad
5772,7,596.92,5,508.96000000000004,move,improve
5773,7,596.92,5,508.96000000000004,swap,notBad
5774,7,596.92,5,508.96000000000004,swap,notBad
5775,7,596.92,5,508.96000000000004,move,improve
5776,7,596.92,5,508.96000000000004,swap,notBad
5777,7,596.92,5,508.96000000000004,move,improve
5778,7,596.92,5,508.96000000000004,move,improve
5779,7,596.92,5,508.96000000000004,swap,notBad
5780,7,596.92,5,508.96000000000004,move,improve
5781,7,596.92,5,508.96000000000004,2opt,notBad
5782,7,602.0400000000003,5,508.96000000000004,swap,acceptBad
5783,7,602.0400000000003,5,508.96000000000004,swap,notBad
5784,7,602.0400000000003,5,508.96000000000004,move,improve
5785,7,602.0400000000003,5,508.96000000000004,swap,notBad
5786,7,602.0400000000003,5,508.96000000000004,swap,notBad
5787,7,602.0400000000003,5,508.96000000000004,move,improve
5788,7,602.0400000000003,5,508.96000000000004,swap,notBad
5789,7,602.0400000000003,5,508.96000000000004,2opt,notBad
5790,7,602.0400000000003,5,508.96000000000004,2opt,notBad
5791,7,602.0400000000003,5,508.96000000000004,swap,notBad
5792,7,602.0400000000003,5,508.96000000000004,move,improve
5793,7,602.0400000000003,5,508.96000000000004,swap,notBad
5794,7,602.0400000000003,5,508.96000000000004,2opt,notBad
5795,7,602.0400000000003,5,508.96000000000004,move,improve
5796,7,602.0400000000003,5,508.96000000000004,move,improve
5797,7,602.0400000000003,5,508.96000000000004,swap,notBad
5798,7,602.0400000000003,5,508.96000000000004,swap,notBad
5799,7,602.0400000000003,5,508.96000000000004,swap,notBad
5800,7,602.0400000000003,5,508.96000000000004,swap,notBad
5801,7,602.0400000000003,5,508.96000000000004,swap,notBad
5802,7,602.0400000000003,5,508.96000000000004,move,improve
5803,7,602.0400000000003,5,508.96000000000004,swap,notBad
5804,7,602.0400000000003,5,508.96000000000004,move,improve
5805,7,602.0400000000003,5,508.96000000000004,swap,notBad
5806,7,602.0400000000003,5,508.96000000000004,swap,notBad
5807,7,602.0400000000003,5,508.96000000000004,move,improve
5808,7,602.0400000000003,5,508.96000000000004,swap,notBad
5809,7,602.0400000000003,5,508.96000000000004,move,improve
5810,7,602.0400000000003,5,508.96000000000004,move,improve
5811,7,602.0400000000003,5,508.96000000000004,swap,notBad
5812,7,602.0400000000003,5,508.96000000000004,swap,notBad
5813,7,602.0400000000003,5,508.96000000000004,swap,notBad
5814,7,602.0400000000003,5,508.96000000000004,2opt,notBad
5815,7,602.0400000000003,5,508.96000000000004,2opt,notBad
5816,7,602.0400000000003,5,508.96000000000004,2opt,notBad
5817,7,602.0400000000003,5,508.96000000000004,move,improve
5818,7,602.0400000000003,5,508.96000000000004,swap,notBad
5819,7,602.0400000000003,5,508.96000000000004,swap,notBad
5820,7,601.8400000000001,5,508.96000000000004,move,improve
5821,7,601.8400000000001,5,508.96000000000004,2opt,notBad
5822,7,601.8400000000001,5,508.96000000000004,2opt,notBad
5823,7,601.8400000000001,5,508.96000000000004,2opt,notBad
5824,7,601.8400000000001,5,508.96000000000004,2opt,notBad
5825,7,601.8400000000001,5,508.96000000000004,swap,notBad
5826,7,601.8400000000001,5,508.96000000000004,swap,notBad
5827,7,601.8400000000001,5,508.96000000000004,swap,notBad
5828,7,601.8400000000001,5,508.96000000000004,swap,notBad
5829,7,601.8400000000001,5,508.96000000000004,move,improve
5830,7,601.8400000000001,5,508.96000000000004,2opt,notBad
5831,7,601.8400000000001,5,508.96000000000004,2opt,notBad
5832,7,601.8400000000001,5,508.96000000000004,move,improve
5833,7,601.8400000000001,5,508.96000000000004,swap,notBad
5834,7,601.8400000000001,5,508.96000000000004,2opt,notBad
5835,7,601.8400000000001,5,508.96000000000004,move,improve
5836,7,601.8400000000001,5,508.96000000000004,2opt,improve
5837,7,601.8400000000001,5,508.96000000000004,swap,notBad
5838,7,601.8400000000001,5,508.96000000000004,swap,notBad
5839,7,601.8400000000001,5,508.96000000000004,2opt,notBad
5840,7,601.8400000000001,5,508.96000000000004,2opt,improve
5841,7,601.8400000000001,5,508.96000000000004,move,improve
5842,7,601.8400000000001,5,508.96000000000004,2opt,notBad
5843,7,601.8400000000001,5,508.96000000000004,2opt,notBad
5844,7,601.8400000000001,5,508.96000000000004,move,improve
5845,7,601.8400000000001,5,508.96000000000004,swap,notBad
5846,7,601.8400000000001,5,508.96000000000004,move,improve
5847,7,606.68,5,508.96000000000004,swap,acceptBad
5848,7,606.68,5,508.96000000000004,swap,notBad
5849,7,606.68,5,508.96000000000004,swap,notBad
5850,7,606.68,5,508.96000000000004,move,improve
5851,7,606.68,5,508.96000000000004,swap,notBad
5852,7,606.68,5,508.96000000000004,2opt,notBad
5853,7,606.68,5,508.96000000000004,move,improve
5854,7,606.68,5,508.96000000000004,move,improve
5855,7,606.68,5,508.96000000000004,2opt,notBad
5856,7,606.68,5,508.96000000000004,swap,notBad
5857,7,606.68,5,508.96000000000004,2opt,notBad
5858,7,606.68,5,508.96000000000004,swap,notBad
5859,7,604.2399999999999,5,508.96000000000004,move,improve
5860,7,604.2399999999999,5,508.96000000000004,2opt,notBad
5861,7,604.2399999999999,5,508.96000000000004,2opt,notBad
5862,7,604.2399999999999,5,508.96000000000004,swap,notBad
5863,7,604.2399999999999,5,508.96000000000004,2opt,notBad
5864,7,604.2399999999999,5,508.96000000000004,2opt,notBad
5865,7,604.2399999999999,5,508.96000000000004,move,improve
5866,7,604.2399999999999,5,508.96000000000004,2opt,notBad
5867,7,604.2399999999999,5,508.96000000000004,2opt,notBad
5868,7,604.2399999999999,5,508.96000000000004,2opt,notBad
5869,7,604.2399999999999,5,508.96000000000004,swap,notBad
5870,7,604.2399999999999,5,508.96000000000004,move,improve
5871,7,604.2399999999999,5,508.96000000000004,swap,notBad
5872,7,604.2399999999999,5,508.96000000000004,swap,notBad
5873,7,604.2399999999999,5,508.96000000000004,move,improve
5874,7,604.2399999999999,5,508.96000000000004,move,improve
5875,7,604.2399999999999,5,508.96000000000004,swap,notBad
5876,7,604.2399999999999,5,508.96000000000004,2opt,notBad
5877,7,604.2399999999999,5,508.96000000000004,2opt,notBad
5878,7,604.2399999999999,5,508.96000000000004,swap,notBad
5879,7,604.2399999999999,5,508.96000000000004,swap,notBad
5880,7,604.2399999999999,5,508.96000000000004,swap,notBad
5881,7,604.2399999999999,5,508.96000000000004,2opt,notBad
5882,7,604.2399999999999,5,508.96000000000004,2opt,improve
5883,7,604.2399999999999,5,508.96000000000004,swap,notBad
5884,7,604.2399999999999,5,508.96000000000004,swap,notBad
5885,7,604.2399999999999,5,508.96000000000004,2opt,notBad
5886,7,604.2399999999999,5,508.96000000000004,swap,notBad
5887,7,604.2399999999999,5,508.96000000000004,2opt,notBad
5888,7,604.2399999999999,5,508.96000000000004,move,improve
5889,7,604.2399999999999,5,508.96000000000004,move,improve
5890,7,606.3199999999999,5,508.96000000000004,swap,acceptBad
5891,7,606.3199999999999,5,508.96000000000004,2opt,notBad
5892,7,606.3199999999999,5,508.96000000000004,2opt,notBad
5893,7,606.3199999999999,5,508.96000000000004,swap,notBad
5894,7,606.3199999999999,5,508.96000000000004,swap,notBad
5895,7,606.3199999999999,5,508.96000000000004,move,improve
5896,7,606.3199999999999,5,508.96000000000004,swap,notBad
5897,7,606.3199999999999,5,508.96000000000004,swap,notBad
5898,7,606.3199999999999,5,508.96000000000004,2opt,notBad
5899,7,606.3199999999999,5,508.96000000000004,swap,notBad
5900,7,606.3199999999999,5,508.96000000000004,swap,notBad
5901,7,606.3199999999999,5,508.96000000000004,swap,notBad
5902,7,606.3199999999999,5,508.96000000000004,move,improve
5903,7,606.3199999999999,5,508.96000000000004,move,improve
5904,7,606.3199999999999,5,508.96000000000004,move,improve
5905,7,606.3199999999999,5,508.96000000000004,swap,notBad
5906,7,606.3199999999999,5,508.96000000000004,swap,notBad
5907,7,606.3199999999999,5,508.96000000000004,swap,notBad
5908,7,602.3199999999999,5,508.96000000000004,move,improve
5909,7,602.3199999999999,5,508.96000000000004,2opt,notBad
5910,7,602.3199999999999,5,508.96000000000004,2opt,improve
5911,7,602.3199999999999,5,508.96000000000004,2opt,improve
5912,7,602.3199999999999,5,508.96000000000004,2opt,notBad
5913,7,602.3199999999999,5,508.96000000000004,swap,notBad
5914,7,602.3199999999999,5,508.96000000000004,swap,notBad
5915,7,602.3199999999999,5,508.96000000000004,move,improve
5916,7,602.3199999999999,5,508.96000000000004,swap,notBad
5917,7,602.3199999999999,5,508.96000000000004,swap,notBad
5918,7,602.3199999999999,5,508.96000000000004,swap,notBad
5919,7,602.3199999999999,5,508.96000000000004,swap,notBad
5920,7,602.3199999999999,5,508.96000000000004,swap,notBad
5921,7,602.3199999999999,5,508.96000000000004,2opt,notBad
5922,7,602.3199999999999,5,508.96000000000004,swap,notBad
5923,7,602.3199999999999,5,508.96000000000004,2opt,notBad
5924,7,602.3199999999999,5,508.96000000000004,swap,notBad
5925,7,602.3199999999999,5,508.96000000000004,move,improve
5926,7,602.3199999999999,5,508.96000000000004,swap,notBad
5927,7,602.3199999999999,5,508.96000000000004,swap,notBad
5928,7,602.3199999999999,5,508.96000000000004,2opt,notBad
5929,7,602.3199999999999,5,508.96000000000004,2opt,notBad
5930,7,602.3199999999999,5,508.96000000000004,2opt,improve
5931,7,602.3199999999999,5,508.96000000000004,swap,notBad
5932,7,602.3199999999999,5,508.96000000000004,swap,notBad
5933,7,602.3199999999999,5,508.96000000000004,move,improve
5934,7,602.3199999999999,5,508.96000000000004,2opt,notBad
5935,7,602.3199999999999,5,508.96000000000004,2opt,notBad
5936,7,602.3199999999999,5,508.96000000000004,swap,notBad
5937,7,602.3199999999999,5,508.96000000000004,move,improve
5938,7,602.3199999999999,5,508.96000000000004,swap,notBad
5939,7,602.3199999999999,5,508.96000000000004,swap,notBad
5940,7,602.3199999999999,5,508.96000000000004,2opt,improve
5941,7,602.3199999999999,5,508.96000000000004,move,improve
5942,7,602.3199999999999,5,508.96000000000004,swap,notBad
5943,7,602.3199999999999,5,508.96000000000004,swap,notBad
5944,7,602.3199999999999,5,508.96000000000004,2opt,notBad
5945,7,602.3199999999999,5,508.96000000000004,swap,notBad
5946,7,602.3199999999999,5,508.96000000000004,move,improve
5947,7,602.3199999999999,5,508.96000000000004,swap,notBad
5948,7,602.3199999999999,5,508.96000000000004,2opt,notBad
5949,7,602.3199999999999,5,508.96000000000004,move,improve
5950,7,606.0799999999997,5,508.96000000000004,swap,acceptBad
5951,7,606.0799999999997,5,508.96000000000004,2opt,notBad
5952,7,599.7599999999999,5,508.96000000000004,swap,improve
5953,7,599.7599999999999,5,508.96000000000004,swap,notBad
5954,7,599.7599999999999,5,508.96000000000004,move,improve
5955,7,599.7599999999999,5,508.96000000000004,swap,notBad
5956,7,599.7599999999999,5,508.96000000000004,move,improve
5957,7,599.7599999999999,5,508.96000000000004,2opt,notBad
5958,7,599.7599999999999,5,508.96000000000004,swap,notBad
5959,7,599.7599999999999,5,508.96000000000004,move,improve
5960,7,599.7599999999999,5,508.96000000000004,2opt,notBad
5961,7,599.7599999999999,5,508.96000000000004,2opt,notBad
5962,7,599.7599999999999,5,508.96000000000004,swap,notBad
5963,7,599.7599999999999,5,508.96000000000004,move,improve
5964,7,599.7599999999999,5,508.96000000000004,move,improve
5965,7,599.7599999999999,5,508.96000000000004,move,improve
5966,7,599.7599999999999,5,508.96000000000004,2opt,notBad
5967,7,599.7599999999999,5,508.96000000000004,move,improve
5968,7,599.7599999999999,5,508.96000000000004,2opt,notBad
5969,7,599.7599999999999,5,508.96000000000004,swap,notBad
5970,7,596.0,5,508.96000000000004,move,improve
5971,7,596.0,5,508.96000000000004,swap,notBad
5972,7,596.0,5,508.96000000000004,2opt,improve
5973,7,596.0,5,508.96000000000004,move,improve
5974,7,596.0,5,508.96000000000004,2opt,notBad
5975,7,596.0,5,508.96000000000004,move,improve
5976,7,596.0,5,508.96000000000004,2opt,notBad
5977,7,596.0,5,508.96000000000004,move,improve
5978,7,596.0,5,508.96000000000004,swap,notBad
5979,7,596.0,5,508.96000000000004,move,improve
5980,7,596.8800000000001,5,508.96000000000004,swap,acceptBad
5981,7,596.8800000000001,5,508.96000000000004,move,improve
5982,7,596.8800000000001,5,508.96000000000004,move,improve
5983,7,596.8800000000001,5,508.96000000000004,swap,notBad
5984,7,596.8800000000001,5,508.96000000000004,move,improve
5985,7,596.8800000000001,5,508.96000000000004,move,improve
5986,7,596.8800000000001,5,508.96000000000004,2opt,notBad
5987,7,596.8800000000001,5,508.96000000000004,2opt,notBad
5988,7,598.6800000000003,5,508.96000000000004,swap,acceptBad
5989,7,598.6800000000003,5,508.96000000000004,2opt,notBad
5990,7,598.6800000000003,5,508.96000000000004,move,improve
5991,7,598.6800000000003,5,508.96000000000004,move,improve
5992,7,598.6800000000003,5,508.96000000000004,2opt,notBad
5993,7,598.6800000000003,5,508.96000000000004,2opt,notBad
5994,7,598.6800000000003,5,508.96000000000004,2opt,notBad
5995,7,598.6800000000003,5,508.96000000000004,2opt,notBad
5996,7,598.6800000000003,5,508.96000000000004,move,improve
5997,7,598.6800000000003,5,508.96000000000004,2opt,notBad
5998,7,598.6800000000003,5,508.96000000000004,swap,notBad
5999,7,598.6800000000003,5,508.96000000000004,swap,notBad
6000,7,598.6800000000003,5,508.96000000000004,swap,notBad
6001,7,598.6800000000003,5,508.96000000000004,2opt,improve
6002,7,598.6800000000003,5,508.96000000000004,move,improve
6003,7,598.6800000000003,5,508.96000000000004,swap,notBad
6004,7,598.6800000000003,5,508.96000000000004,2opt,notBad
6005,7,598.6800000000003,5,508.96000000000004,swap,notBad
6006,7,598.6800000000003,5,508.96000000000004,swap,notBad
6007,7,598.6800000000003,5,508.96000000000004,move,improve
6008,7,598.6800000000003,5,508.96000000000004,swap,improve
6009,7,598.6800000000003,5,508.96000000000004,2opt,notBad
6010,7,598.6800000000003,5,508.96000000000004,2opt,notBad
6011,7,598.6800000000003,5,508.96000000000004,swap,notBad
6012,7,598.6800000000003,5,508.96000000000004,swap,notBad
6013,7,598.6800000000003,5,508.96000000000004,swap,notBad
6014,7,598.6800000000003,5,508.96000000000004,2opt,notBad
6015,7,598.6800000000003,5,508.96000000000004,2opt,notBad
6016,7,598.6800000000003,5,508.96000000000004,move,improve
6017,7,598.6800000000003,5,508.96000000000004,2opt,notBad
6018,7,598.6800000000003,5,508.96000000000004,move,notBad
6019,7,598.6800000000003,5,508.96000000000004,swap,notBad
6020,7,600.3200000000004,5,508.96000000000004,swap,acceptBad
6021,7,600.3200000000004,5,508.96000000000004,swap,notBad
6022,7,600.3200000000004,5,508.96000000000004,swap,notBad
6023,7,598.9600000000002,5,508.96000000000004,swap,improve
6024,7,598.9600000000002,5,508.96000000000004,2opt,notBad
6025,7,598.9600000000002,5,508.96000000000004,2opt,notBad
6026,7,601.0800000000003,5,508.96000000000004,swap,acceptBad
6027,7,601.0800000000003,5,508.96000000000004,move,improve
6028,7,601.0800000000003,5,508.96000000000004,move,improve
6029,7,601.0800000000003,5,508.96000000000004,2opt,notBad
6030,7,601.0800000000003,5,508.96000000000004,2opt,notBad
6031,7,601.0800000000003,5,508.96000000000004,move,improve
6032,7,601.0800000000003,5,508.96000000000004,move,improve
6033,7,601.0800000000003,5,508.96000000000004,move,improve
6034,7,601.0800000000003,5,508.96000000000004,move,improve
6035,7,601.0800000000003,5,508.96000000000004,2opt,notBad
6036,7,601.0800000000003,5,508.96000000000004,2opt,notBad
6037,7,601.0800000000003,5,508.96000000000004,swap,notBad
6038,7,598.4000000000001,5,508.96000000000004,2opt,improve
6039,7,598.4000000000001,5,508.96000000000004,swap,notBad
6040,7,598.4000000000001,5,508.96000000000004,swap,notBad
6041,7,598.4000000000001,5,508.96000000000004,2opt,notBad
6042,7,598.4000000000001,5,508.96000000000004,2opt,notBad
6043,7,598.4000000000001,5,508.96000000000004,move,improve
6044,7,598.4000000000001,5,508.96000000000004,move,improve
6045,7,598.4000000000001,5,508.96000000000004,swap,notBad
6046,7,598.4000000000001,5,508.96000000000004,2opt,notBad
6047,7,598.4000000000001,5,508.96000000000004,swap,notBad
6048,7,598.4000000000001,5,508.96000000000004,2opt,notBad
6049,7,598.4000000000001,5,508.96000000000004,2opt,notBad
6050,7,598.4000000000001,5,508.96000000000004,2opt,notBad
6051,7,598.4000000000001,5,508.96000000000004,2opt,notBad
6052,7,598.4000000000001,5,508.96000000000004,move,improve
6053,7,598.4000000000001,5,508.96000000000004,2opt,notBad
6054,7,598.4000000000001,5,508.96000000000004,2opt,notBad
6055,7,598.4000000000001,5,508.96000000000004,2opt,notBad
6056,7,598.4000000000001,5,508.96000000000004,move,improve
6057,7,598.4000000000001,5,508.96000000000004,move,improve
6058,7,598.4000000000001,5,508.96000000000004,2opt,notBad
6059,7,598.4000000000001,5,508.96000000000004,2opt,notBad
6060,7,598.4000000000001,5,508.96000000000004,2opt,notBad
6061,7,598.4000000000001,5,508.96000000000004,move,improve
6062,7,598.4000000000001,5,508.96000000000004,2opt,notBad
6063,7,598.4000000000001,5,508.96000000000004,2opt,notBad
6064,7,598.4000000000001,5,508.96000000000004,move,improve
6065,7,598.4000000000001,5,508.96000000000004,2opt,notBad
6066,7,598.4000000000001,5,508.96000000000004,move,improve
6067,7,598.4000000000001,5,508.96000000000004,2opt,notBad
6068,7,596.3200000000002,5,508.96000000000004,move,improve
6069,7,594.6800000000002,5,508.96000000000004,swap,improve
6070,7,594.6800000000002,5,508.96000000000004,swap,notBad
6071,7,594.6800000000001,5,508.96000000000004,move,improve
6072,7,594.6800000000001,5,508.96000000000004,2opt,notBad
6073,7,594.6800000000001,5,508.96000000000004,swap,notBad
6074,7,594.6800000000001,5,508.96000000000004,move,improve
6075,7,594.6800000000001,5,508.96000000000004,move,improve
6076,7,594.6800000000001,5,508.96000000000004,2opt,notBad
6077,7,594.6800000000001,5,508.96000000000004,swap,notBad
6078,7,594.6800000000001,5,508.96000000000004,swap,notBad
6079,7,594.6800000000001,5,508.96000000000004,move,improve
6080,7,594.6800000000001,5,508.96000000000004,2opt,notBad
6081,7,594.6800000000001,5,508.96000000000004,2opt,notBad
6082,7,594.6800000000001,5,508.96000000000004,move,improve
6083,7,594.6800000000001,5,508.96000000000004,move,improve
6084,7,594.6800000000001,5,508.96000000000004,2opt,notBad
6085,7,594.6800000000001,5,508.96000000000004,move,improve
6086,7,594.6800000000001,5,508.96000000000004,move,improve
6087,7,594.6800000000001,5,508.96000000000004,swap,notBad
6088,7,594.6800000000001,5,508.96000000000004,move,improve
6089,7,592.0000000000001,5,508.96000000000004,2opt,improve
6090,7,592.0000000000001,5,508.96000000000004,move,improve
6091,7,592.0000000000001,5,508.96000000000004,swap,notBad
6092,7,592.0000000000001,5,508.96000000000004,swap,notBad
6093,7,592.0000000000001,5,508.96000000000004,swap,notBad
6094,7,592.0000000000001,5,508.96000000000004,2opt,notBad
6095,7,592.0000000000001,5,508.96000000000004,2opt,notBad
6096,7,592.0000000000001,5,508.96000000000004,2opt,notBad
6097,7,592.0000000000001,5,508.96000000000004,move,improve
6098,7,592.0000000000001,5,508.96000000000004,2opt,notBad
6099,7,592.0000000000001,5,508.96000000000004,move,improve
6100,7,592.0000000000001,5,508.96000000000004,swap,notBad
6101,7,592.0000000000001,5,508.96000000000004,swap,notBad
6102,7,592.0000000000001,5,508.96000000000004,swap,notBad
6103,7,592.0000000000001,5,508.96000000000004,2opt,notBad
6104,7,592.0000000000001,5,508.96000000000004,swap,notBad
6105,7,592.0000000000001,5,508.96000000000004,swap,notBad
6106,7,592.0000000000001,5,508.96000000000004,swap,notBad
6107,7,592.0000000000001,5,508.96000000000004,move,improve
6108,7,592.0000000000001,5,508.96000000000004,swap,notBad
6109,7,594.1200000000001,5,508.96000000000004,swap,acceptBad
6110,7,594.1200000000001,5,508.96000000000004,2opt,notBad
6111,7,594.1200000000001,5,508.96000000000004,2opt,improve
6112,7,594.1200000000001,5,508.96000000000004,move,improve
6113,7,594.1200000000001,5,508.96000000000004,swap,notBad
6114,7,594.1200000000001,5,508.96000000000004,move,improve
6115,7,594.1200000000001,5,508.96000000000004,2opt,notBad
6116,7,594.1200000000001,5,508.96000000000004,swap,notBad
6117,7,594.1200000000001,5,508.96000000000004,2opt,notBad
6118,7,594.1200000000001,5,508.96000000000004,swap,notBad
6119,7,594.1200000000001,5,508.96000000000004,move,improve
6120,7,594.1200000000001,5,508.96000000000004,swap,notBad
6121,7,593.9600000000002,5,508.96000000000004,move,improve
6122,7,593.9600000000002,5,508.96000000000004,move,improve
6123,7,593.9600000000002,5,508.96000000000004,2opt,notBad
6124,7,593.9600000000002,5,508.96000000000004,swap,notBad
6125,7,593.9600000000002,5,508.96000000000004,swap,notBad
6126,7,593.9600000000002,5,508.96000000000004,swap,notBad
6127,7,593.9600000000002,5,508.96000000000004,move,improve
6128,7,593.9600000000002,5,508.96000000000004,move,improve
6129,7,593.9600000000002,5,508.96000000000004,2opt,notBad
6130,7,593.9600000000002,5,508.96000000000004,move,improve
6131,7,593.9600000000002,5,508.96000000000004,2opt,notBad
6132,7,593.9600000000002,5,508.96000000000004,swap,notBad
6133,7,593.9600000000002,5,508.96000000000004,swap,notBad
6134,7,593.9600000000002,5,508.96000000000004,2opt,notBad
6135,7,593.9600000000002,5,508.96000000000004,swap,notBad
6136,7,593.9600000000002,5,508.96000000000004,move,improve
6137,7,593.9600000000002,5,508.96000000000004,swap,notBad
6138,7,593.9600000000002,5,508.96000000000004,2opt,notBad
6139,7,593.9600000000002,5,508.96000000000004,swap,notBad
6140,7,593.9600000000002,5,508.96000000000004,move,improve
6141,7,593.9600000000002,5,508.96000000000004,swap,notBad
6142,7,593.9600000000002,5,508.96000000000004,move,improve
6143,7,593.9600000000002,5,508.96000000000004,2opt,notBad
6144,7,593.9600000000002,5,508.96000000000004,swap,notBad
6145,7,593.9600000000002,5,508.96000000000004,move,improve
6146,7,593.9600000000002,5,508.96000000000004,move,improve
6147,7,596.08,5,508.96000000000004,swap,acceptBad
6148,7,596.08,5,508.96000000000004,2opt,notBad
6149,7,596.08,5,508.96000000000004,2opt,notBad
6150,7,596.08,5,508.96000000000004,2opt,improve
6151,7,596.08,5,508.96000000000004,swap,notBad
6152,7,596.08,5,508.96000000000004,move,improve
6153,7,596.08,5,508.96000000000004,move,improve
6154,7,595.84,5,508.96000000000004,move,improve
6155,7,595.84,5,508.96000000000004,move,improve
6156,7,595.84,5,508.96000000000004,swap,notBad
6157,7,595.84,5,508.96000000000004,2opt,notBad
6158,7,595.84,5,508.96000000000004,move,improve
6159,7,595.84,5,508.96000000000004,swap,notBad
6160,7,595.84,5,508.96000000000004,swap,notBad
6161,7,595.84,5,508.96000000000004,2opt,notBad
6162,7,595.84,5,508.96000000000004,move,improve
6163,7,595.84,5,508.96000000000004,2opt,notBad
6164,7,595.84,5,508.96000000000004,move,improve
6165,7,595.84,5,508.96000000000004,swap,notBad
6166,7,595.84,5,508.96000000000004,2opt,notBad
6167,7,595.84,5,508.96000000000004,2opt,notBad
6168,7,595.24,5,508.96000000000004,move,improve
6169,7,595.24,5,508.96000000000004,2opt,notBad
6170,7,595.24,5,508.96000000000004,2opt,improve
6171,7,595.24,5,508.96000000000004,swap,notBad
6172,7,595.24,5,508.96000000000004,move,improve
6173,7,595.24,5,508.96000000000004,move,improve
6174,7,595.24,5,508.96000000000004,2opt,notBad
6175,7,595.24,5,508.96000000000004,move,improve
6176,7,595.24,5,508.96000000000004,move,improve
6177,7,595.24,5,508.96000000000004,2opt,notBad
6178,7,595.24,5,508.96000000000004,2opt,notBad
6179,7,595.24,5,508.96000000000004,swap,notBad
6180,7,595.24,5,508.96000000000004,2opt,improve
6181,7,595.24,5,508.96000000000004,swap,notBad
6182,7,595.24,5,508.96000000000004,swap,notBad
6183,7,595.24,5,508.96000000000004,move,improve
6184,7,595.24,5,508.96000000000004,swap,notBad
6185,7,595.24,5,508.96000000000004,2opt,notBad
6186,7,595.24,5,508.96000000000004,move,improve
6187,7,595.24,5,508.96000000000004,swap,notBad
6188,7,595.24,5,508.96000000000004,swap,notBad
6189,7,595.24,5,508.96000000000004,swap,notBad
6190,7,595.24,5,508.96000000000004,swap,notBad
6191,7,595.24,5,508.96000000000004,move,improve
6192,7,595.24,5,508.96000000000004,swap,notBad
6193,7,592.44,5,508.96000000000004,swap,improve
6194,7,592.44,5,508.96000000000004,2opt,notBad
6195,7,592.44,5,508.96000000000004,2opt,notBad
6196,7,592.44,5,508.96000000000004,move,improve
6197,7,592.44,5,508.96000000000004,2opt,improve
6198,7,592.44,5,508.96000000000004,swap,notBad
6199,7,592.44,5,508.96000000000004,move,improve
6200,7,592.44,5,508.96000000000004,2opt,improve
6201,7,592.44,5,508.96000000000004,swap,notBad
6202,7,592.44,5,508.96000000000004,move,improve
6203,7,592.44,5,508.96000000000004,swap,notBad
6204,7,592.44,5,508.96000000000004,swap,notBad
6205,7,592.44,5,508.96000000000004,2opt,notBad
6206,7,591.9600000000002,5,508.96000000000004,swap,improve
6207,7,591.9600000000002,5,508.96000000000004,2opt,notBad
6208,7,591.9600000000002,5,508.96000000000004,2opt,notBad
6209,7,591.9600000000002,5,508.96000000000004,swap,notBad
6210,7,591.9600000000002,5,508.96000000000004,swap,notBad
6211,7,591.9600000000002,5,508.96000000000004,swap,notBad
6212,7,591.9600000000002,5,508.96000000000004,2opt,notBad
6213,7,591.9600000000002,5,508.96000000000004,swap,notBad
6214,7,591.9600000000002,5,508.96000000000004,2opt,notBad
6215,7,591.9600000000002,5,508.96000000000004,move,improve
6216,7,591.9600000000002,5,508.96000000000004,2opt,improve
6217,7,591.9600000000002,5,508.96000000000004,move,improve
6218,7,591.9600000000002,5,508.96000000000004,swap,notBad
6219,7,591.9600000000002,5,508.96000000000004,swap,notBad
6220,7,591.9600000000002,5,508.96000000000004,2opt,notBad
6221,7,591.9600000000002,5,508.96000000000004,move,improve
6222,7,591.6400000000001,5,508.96000000000004,move,improve
6223,7,591.6400000000001,5,508.96000000000004,swap,notBad
6224,7,591.6400000000001,5,508.96000000000004,2opt,notBad
6225,7,591.6400000000001,5,508.96000000000004,move,improve
6226,7,591.6400000000001,5,508.96000000000004,2opt,notBad
6227,7,591.6400000000001,5,508.96000000000004,2opt,improve
6228,7,591.6400000000001,5,508.96000000000004,swap,notBad
6229,7,591.6400000000001,5,508.96000000000004,swap,notBad
6230,7,591.6400000000001,5,508.96000000000004,2opt,notBad
6231,7,591.6400000000001,5,508.96000000000004,swap,notBad
6232,7,591.6400000000001,5,508.96000000000004,move,improve
6233,7,591.6400000000001,5,508.96000000000004,2opt,notBad
6234,7,591.6400000000001,5,508.96000000000004,move,improve
6235,7,591.6400000000001,5,508.96000000000004,move,improve
6236,7,591.6400000000001,5,508.96000000000004,2opt,improve
6237,7,591.6400000000001,5,508.96000000000004,swap,notBad
6238,7,591.6400000000001,5,508.96000000000004,2opt,notBad
6239,7,591.6400000000001,5,508.96000000000004,2opt,notBad
6240,7,591.6400000000001,5,508.96000000000004,2opt,notBad
6241,7,591.6400000000001,5,508.96000000000004,move,improve
6242,7,591.6400000000001,5,508.96000000000004,move,improve
6243,7,591.6400000000001,5,508.96000000000004,2opt,notBad
6244,7,591.6400000000001,5,508.96000000000004,move,improve
6245,7,591.2,5,508.96000000000004,move,improve
6246,7,591.2,5,508.96000000000004,move,improve
6247,7,591.2,5,508.96000000000004,2opt,notBad
6248,7,591.2,5,508.96000000000004,2opt,notBad
6249,7,591.2,5,508.96000000000004,2opt,notBad
6250,7,591.2,5,508.96000000000004,move,improve
6251,7,591.2,5,508.96000000000004,move,improve
6252,7,591.2,5,508.96000000000004,move,improve
6253,7,591.2,5,508.96000000000004,swap,notBad
6254,7,591.2,5,508.96000000000004,swap,notBad
6255,7,591.2,5,508.96000000000004,swap,notBad
6256,7,591.2,5,508.96000000000004,move,improve
6257,7,592.3199999999999,5,508.96000000000004,swap,acceptBad
6258,7,592.3199999999999,5,508.96000000000004,move,improve
6259,7,592.3199999999999,5,508.96000000000004,2opt,notBad
6260,7,592.3199999999999,5,508.96000000000004,move,improve
6261,7,592.3199999999999,5,508.96000000000004,2opt,notBad
6262,7,592.3199999999999,5,508.96000000000004,swap,notBad
6263,7,592.3199999999999,5,508.96000000000004,swap,notBad
6264,7,592.3199999999999,5,508.96000000000004,move,improve
6265,7,592.3199999999999,5,508.96000000000004,2opt,notBad
6266,7,592.3199999999999,5,508.96000000000004,move,improve
6267,7,592.3199999999999,5,508.96000000000004,2opt,notBad
6268,7,592.3199999999999,5,508.96000000000004,2opt,notBad
6269,7,592.3199999999999,5,508.96000000000004,swap,notBad
6270,7,592.3199999999999,5,508.96000000000004,swap,notBad
6271,7,592.3199999999999,5,508.96000000000004,2opt,notBad
6272,7,592.3199999999999,5,508.96000000000004,2opt,notBad
6273,7,592.3199999999999,5,508.96000000000004,move,improve
6274,7,592.3199999999999,5,508.96000000000004,move,improve
6275,7,592.3199999999999,5,508.96000000000004,swap,notBad
6276,7,592.3199999999999,5,508.96000000000004,swap,notBad
6277,7,592.3199999999999,5,508.96000000000004,swap,notBad
6278,7,592.3199999999999,5,508.96000000000004,move,improve
6279,7,592.3199999999999,5,508.96000000000004,move,improve
6280,7,592.3199999999999,5,508.96000000000004,swap,notBad
6281,7,592.3199999999999,5,508.96000000000004,2opt,notBad
6282,7,592.3199999999999,5,508.96000000000004,2opt,notBad
6283,7,592.3199999999999,5,508.96000000000004,move,improve
6284,7,592.3199999999999,5,508.96000000000004,swap,notBad
6285,7,592.3199999999999,5,508.96000000000004,swap,notBad
6286,7,592.3199999999999,5,508.96000000000004,swap,notBad
6287,7,592.3199999999999,5,508.96000000000004,2opt,notBad
6288,7,592.3199999999999,5,508.96000000000004,2opt,notBad
6289,7,592.3199999999999,5,508.96000000000004,2opt,improve
6290,7,592.3199999999999,5,508.96000000000004,move,improve
6291,7,592.3199999999999,5,508.96000000000004,swap,notBad
6292,7,592.3199999999999,5,508.96000000000004,swap,notBad
6293,7,592.3199999999999,5,508.96000000000004,2opt,notBad
6294,7,592.3199999999999,5,508.96000000000004,2opt,notBad
6295,7,592.3199999999999,5,508.96000000000004,2opt,notBad
6296,7,592.3199999999999,5,508.96000000000004,2opt,notBad
6297,7,592.3199999999999,5,508.96000000000004,swap,notBad
6298,7,592.3199999999999,5,508.96000000000004,move,improve
6299,7,592.8,5,508.96000000000004,swap,acceptBad
6300,7,592.8,5,508.96000000000004,swap,notBad
6301,7,592.8,5,508.96000000000004,move,improve
6302,7,592.8,5,508.96000000000004,swap,notBad
6303,7,592.8,5,508.96000000000004,swap,notBad
6304,7,592.8,5,508.96000000000004,2opt,notBad
6305,7,593.0400000000001,5,508.96000000000004,swap,acceptBad
6306,7,593.0400000000001,5,508.96000000000004,move,improve
6307,7,593.0400000000001,5,508.96000000000004,swap,notBad
6308,7,593.0400000000001,5,508.96000000000004,2opt,notBad
6309,7,593.0400000000001,5,508.96000000000004,swap,notBad
6310,7,593.0400000000001,5,508.96000000000004,move,improve
6311,7,593.0400000000001,5,508.96000000000004,2opt,notBad
6312,7,593.0400000000001,5,508.96000000000004,2opt,notBad
6313,7,593.0400000000001,5,508.96000000000004,swap,notBad
6314,7,593.0400000000001,5,508.96000000000004,move,improve
6315,7,593.0400000000001,5,508.96000000000004,swap,improve
6316,7,593.0400000000001,5,508.96000000000004,move,improve
6317,7,593.0400000000001,5,508.96000000000004,swap,notBad
6318,7,593.0400000000001,5,508.96000000000004,move,improve
6319,7,593.0400000000001,5,508.96000000000004,move,improve
6320,7,593.0400000000001,5,508.96000000000004,2opt,notBad
6321,7,593.0400000000001,5,508.96000000000004,swap,notBad
6322,7,593.0400000000001,5,508.96000000000004,move,improve
6323,7,591.36,5,508.96000000000004,move,improve
6324,7,591.36,5,508.96000000000004,swap,notBad
6325,7,591.36,5,508.96000000000004,move,improve
6326,7,591.36,5,508.96000000000004,swap,notBad
6327,7,591.36,5,508.96000000000004,move,improve
6328,7,591.36,5,508.96000000000004,swap,notBad
6329,7,591.36,5,508.96000000000004,2opt,notBad
6330,7,591.36,5,508.96000000000004,2opt,notBad
6331,7,591.36,5,508.96000000000004,2opt,notBad
6332,7,591.36,5,508.96000000000004,2opt,notBad
6333,7,591.36,5,508.96000000000004,swap,notBad
6334,7,591.36,5,508.96000000000004,move,improve
6335,7,591.36,5,508.96000000000004,move,improve
6336,7,591.36,5,508.96000000000004,2opt,notBad
6337,7,591.36,5,508.96000000000004,swap,notBad
6338,7,591.36,5,508.96000000000004,2opt,notBad
6339,7,591.36,5,508.96000000000004,swap,notBad
6340,7,591.36,5,508.96000000000004,2opt,notBad
6341,7,591.36,5,508.96000000000004,move,improve
6342,7,591.36,5,508.96000000000004,swap,notBad
6343,7,591.36,5,508.96000000000004,2opt,notBad
6344,7,591.36,5,508.96000000000004,2opt,notBad
6345,7,592.4400000000002,5,508.96000000000004,swap,acceptBad
6346,7,592.4400000000002,5,508.96000000000004,swap,notBad
6347,7,592.4400000000002,5,508.96000000000004,move,improve
6348,7,592.4400000000002,5,508.96000000000004,move,improve
6349,7,592.4400000000002,5,508.96000000000004,swap,notBad
6350,7,592.4400000000002,5,508.96000000000004,move,improve
6351,7,592.4400000000002,5,508.96000000000004,2opt,notBad
6352,7,592.4400000000002,5,508.96000000000004,2opt,notBad
6353,7,592.4400000000002,5,508.96000000000004,2opt,notBad
6354,7,592.4400000000002,5,508.96000000000004,move,improve
6355,7,592.4400000000002,5,508.96000000000004,2opt,notBad
6356,7,591.2800000000002,5,508.96000000000004,move,improve
6357,7,591.2800000000002,5,508.96000000000004,2opt,notBad
6358,7,591.2800000000002,5,508.96000000000004,move,improve
6359,7,591.2800000000002,5,508.96000000000004,swap,notBad
6360,7,591.2800000000002,5,508.96000000000004,swap,notBad
6361,7,591.2800000000002,5,508.96000000000004,move,improve
6362,7,591.2800000000002,5,508.96000000000004,2opt,notBad
6363,7,591.2800000000002,5,508.96000000000004,2opt,notBad
6364,7,591.2800000000002,5,508.96000000000004,move,improve
6365,7,591.2800000000002,5,508.96000000000004,2opt,notBad
6366,7,591.2800000000002,5,508.96000000000004,swap,notBad
6367,7,591.2800000000002,5,508.96000000000004,move,improve
6368,7,591.2800000000002,5,508.96000000000004,move,improve
6369,7,591.2800000000002,5,508.96000000000004,move,improve
6370,7,591.2800000000002,5,508.96000000000004,swap,notBad
6371,7,591.2800000000002,5,508.96000000000004,2opt,notBad
6372,7,591.2800000000002,5,508.96000000000004,swap,notBad
6373,7,591.2800000000002,5,508.96000000000004,move,improve
6374,7,590.52,5,508.96000000000004,move,improve
6375,7,590.52,5,508.96000000000004,swap,notBad
6376,7,590.52,5,508.96000000000004,swap,notBad
6377,7,590.52,5,508.96000000000004,2opt,notBad
6378,7,590.52,5,508.96000000000004,swap,notBad
6379,7,590.52,5,508.96000000000004,swap,notBad
6380,7,590.52,5,508.96000000000004,swap,notBad
6381,7,590.52,5,508.96000000000004,2opt,notBad
6382,7,589.8800000000001,5,508.96000000000004,move,improve
6383,7,589.8800000000001,5,508.96000000000004,2opt,notBad
6384,7,589.8800000000001,5,508.96000000000004,swap,notBad
6385,7,589.8800000000001,5,508.96000000000004,2opt,notBad
6386,7,589.8800000000001,5,508.96000000000004,move,improve
6387,7,589.8800000000001,5,508.96000000000004,2opt,notBad
6388,7,589.8800000000001,5,508.96000000000004,move,improve
6389,7,589.8800000000001,5,508.96000000000004,move,improve
6390,7,589.8800000000001,5,508.96000000000004,2opt,notBad
6391,7,589.8800000000001,5,508.96000000000004,2opt,notBad
6392,7,589.8800000000001,5,508.96000000000004,move,improve
6393,7,589.8800000000001,5,508.96000000000004,swap,notBad
6394,7,589.8800000000001,5,508.96000000000004,2opt,notBad
6395,7,589.8800000000001,5,508.96000000000004,swap,notBad
6396,7,589.8800000000001,5,508.96000000000004,2opt,notBad
6397,7,589.8800000000001,5,508.96000000000004,move,improve
6398,7,589.8800000000001,5,508.96000000000004,2opt,notBad
6399,7,589.8800000000001,5,508.96000000000004,swap,notBad
6400,7,589.8800000000001,5,508.96000000000004,2opt,notBad
6401,7,589.8800000000001,5,508.96000000000004,move,improve
6402,7,589.8800000000001,5,508.96000000000004,swap,notBad
6403,7,589.8800000000001,5,508.96000000000004,move,improve
6404,7,589.8800000000001,5,508.96000000000004,2opt,notBad
6405,7,589.8800000000001,5,508.96000000000004,swap,notBad
6406,7,589.8800000000001,5,508.96000000000004,move,improve
6407,7,589.8800000000001,5,508.96000000000004,2opt,notBad
6408,7,589.8800000000001,5,508.96000000000004,2opt,notBad
6409,7,589.8800000000001,5,508.96000000000004,move,improve
6410,7,589.8800000000001,5,508.96000000000004,swap,notBad
6411,7,589.8800000000001,5,508.96000000000004,2opt,notBad
6412,7,589.8800000000001,5,508.96000000000004,swap,notBad
6413,7,589.8800000000001,5,508.96000000000004,move,improve
6414,7,589.8800000000001,5,508.96000000000004,2opt,improve
6415,7,589.8800000000001,5,508.96000000000004,swap,notBad
6416,7,589.8800000000001,5,508.96000000000004,move,improve
6417,7,589.8800000000001,5,508.96000000000004,2opt,notBad
6418,7,589.8800000000001,5,508.96000000000004,move,improve
6419,7,589.8800000000001,5,508.96000000000004,2opt,notBad
6420,7,589.8800000000001,5,508.96000000000004,2opt,notBad
6421,7,589.8800000000001,5,508.96000000000004,swap,notBad
6422,7,589.8800000000001,5,508.96000000000004,move,improve
6423,7,589.8800000000001,5,508.96000000000004,swap,notBad
6424,7,589.8800000000001,5,508.96000000000004,move,improve
6425,7,589.8800000000001,5,508.96000000000004,swap,notBad
6426,7,589.8800000000001,5,508.96000000000004,2opt,notBad
6427,7,589.8800000000001,5,508.96000000000004,2opt,improve
6428,7,589.8800000000001,5,508.96000000000004,move,improve
6429,7,589.8800000000001,5,508.96000000000004,2opt,notBad
6430,7,588.7200000000003,5,508.96000000000004,swap,improve
6431,7,588.7200000000003,5,508.96000000000004,move,improve
6432,7,588.7200000000003,5,508.96000000000004,move,improve
6433,7,588.7200000000003,5,508.96000000000004,move,improve
6434,7,588.7200000000003,5,508.96000000000004,move,improve
6435,7,588.7200000000003,5,508.96000000000004,2opt,notBad
6436,7,588.7200000000003,5,508.96000000000004,2opt,notBad
6437,7,588.7200000000003,5,508.96000000000004,2opt,notBad
6438,7,588.7200000000003,5,508.96000000000004,2opt,notBad
6439,7,588.7200000000003,5,508.96000000000004,swap,notBad
6440,7,588.7200000000003,5,508.96000000000004,2opt,notBad
6441,7,588.7200000000003,5,508.96000000000004,2opt,notBad
6442,7,588.7200000000003,5,508.96000000000004,move,improve
6443,7,588.7200000000003,5,508.96000000000004,move,improve
6444,7,588.7200000000003,5,508.96000000000004,2opt,notBad
6445,7,588.7200000000003,5,508.96000000000004,move,improve
6446,7,588.7200000000003,5,508.96000000000004,swap,notBad
6447,7,588.7200000000003,5,508.96000000000004,swap,notBad
6448,7,588.7200000000003,5,508.96000000000004,swap,notBad
6449,7,588.7200000000003,5,508.96000000000004,move,improve
6450,7,588.7200000000003,5,508.96000000000004,move,improve
6451,7,588.7200000000003,5,508.96000000000004,2opt,notBad
6452,7,588.7200000000003,5,508.96000000000004,swap,notBad
6453,7,588.7200000000003,5,508.96000000000004,swap,notBad
6454,7,588.7200000000003,5,508.96000000000004,2opt,improve
6455,7,588.7200000000003,5,508.96000000000004,move,improve
6456,7,588.7200000000003,5,508.96000000000004,2opt,improve
6457,7,588.7200000000003,5,508.96000000000004,swap,notBad
6458,7,588.7200000000003,5,508.96000000000004,2opt,notBad
6459,7,588.7200000000003,5,508.96000000000004,2opt,notBad
6460,7,588.7200000000003,5,508.96000000000004,2opt,notBad
6461,7,588.7200000000003,5,508.96000000000004,2opt,notBad
6462,7,588.7200000000003,5,508.96000000000004,swap,notBad
6463,7,588.7200000000003,5,508.96000000000004,swap,notBad
6464,7,588.7200000000003,5,508.96000000000004,swap,notBad
6465,7,588.7200000000003,5,508.96000000000004,2opt,notBad
6466,7,588.7200000000003,5,508.96000000000004,2opt,notBad
6467,7,588.7200000000003,5,508.96000000000004,2opt,notBad
6468,7,588.7200000000003,5,508.96000000000004,swap,notBad
6469,7,588.7200000000003,5,508.96000000000004,swap,notBad
6470,7,588.7200000000003,5,508.96000000000004,swap,notBad
6471,7,588.7200000000003,5,508.96000000000004,swap,notBad
6472,7,588.7200000000003,5,508.96000000000004,swap,notBad
6473,7,588.7200000000003,5,508.96000000000004,move,improve
6474,7,588.7200000000003,5,508.96000000000004,2opt,notBad
6475,7,588.7200000000003,5,508.96000000000004,2opt,notBad
6476,7,588.7200000000003,5,508.96000000000004,swap,notBad
6477,7,588.7200000000003,5,508.96000000000004,swap,notBad
6478,7,588.7200000000003,5,508.96000000000004,2opt,improve
6479,7,588.8800000000002,5,508.96000000000004,2opt,acceptBad
6480,7,588.8800000000002,5,508.96000000000004,move,improve
6481,7,588.8800000000002,5,508.96000000000004,swap,notBad
6482,7,588.8800000000002,5,508.96000000000004,swap,notBad
6483,7,588.8800000000002,5,508.96000000000004,move,improve
6484,7,588.8800000000002,5,508.96000000000004,move,improve
6485,7,588.8800000000002,5,508.96000000000004,swap,notBad
6486,7,588.8800000000002,5,508.96000000000004,swap,notBad
6487,7,588.8800000000002,5,508.96000000000004,move,improve
6488,7,588.8800000000002,5,508.96000000000004,swap,notBad
6489,7,588.8800000000002,5,508.96000000000004,move,improve
6490,7,588.8800000000002,5,508.96000000000004,2opt,notBad
6491,7,589.5200000000002,5,508.96000000000004,swap,acceptBad
6492,7,589.5200000000002,5,508.96000000000004,move,improve
6493,7,589.5200000000002,5,508.96000000000004,move,improve
6494,7,589.5200000000002,5,508.96000000000004,move,improve
6495,7,589.5200000000002,5,508.96000000000004,2opt,notBad
6496,7,589.5200000000002,5,508.96000000000004,2opt,notBad
6497,7,589.5200000000002,5,508.96000000000004,2opt,notBad
6498,7,589.5200000000002,5,508.96000000000004,swap,notBad
6499,7,589.5200000000002,5,508.96000000000004,2opt,notBad
6500,7,589.5200000000002,5,508.96000000000004,move,improve
6501,7,589.5200000000002,5,508.96000000000004,move,improve
6502,7,589.5200000000002,5,508.96000000000004,swap,notBad
6503,7,589.5200000000002,5,508.96000000000004,swap,notBad
6504,7,589.5200000000002,5,508.96000000000004,swap,notBad
6505,7,589.5200000000002,5,508.96000000000004,2opt,notBad
6506,7,589.5200000000002,5,508.96000000000004,2opt,notBad
6507,7,589.5200000000002,5,508.96000000000004,2opt,notBad
6508,7,589.5200000000002,5,508.96000000000004,2opt,notBad
6509,7,589.5200000000002,5,508.96000000000004,2opt,notBad
6510,7,589.5200000000002,5,508.96000000000004,swap,notBad
6511,7,589.5200000000002,5,508.96000000000004,2opt,notBad
6512,7,589.5200000000002,5,508.96000000000004,swap,notBad
6513,7,589.5200000000002,5,508.96000000000004,2opt,notBad
6514,7,589.5200000000002,5,508.96000000000004,move,improve
6515,7,589.5200000000002,5,508.96000000000004,swap,notBad
6516,7,589.5200000000002,5,508.96000000000004,move,improve
6517,7,589.5200000000002,5,508.96000000000004,move,improve
6518,7,589.5200000000002,5,508.96000000000004,swap,notBad
6519,7,589.5200000000002,5,508.96000000000004,swap,notBad
6520,7,589.5200000000002,5,508.96000000000004,2opt,notBad
6521,7,589.5200000000002,5,508.96000000000004,2opt,notBad
6522,7,589.5200000000002,5,508.96000000000004,2opt,notBad
6523,7,589.5200000000002,5,508.96000000000004,move,improve
6524,7,589.5200000000002,5,508.96000000000004,swap,notBad
6525,7,589.5200000000002,5,508.96000000000004,2opt,notBad
6526,7,589.5200000000002,5,508.96000000000004,move,improve
6527,7,589.5200000000002,5,508.96000000000004,swap,notBad
6528,7,589.5200000000002,5,508.96000000000004,swap,notBad
6529,7,589.5200000000002,5,508.96000000000004,swap,notBad
6530,7,589.5200000000002,5,508.96000000000004,move,improve
6531,7,589.5200000000002,5,508.96000000000004,move,improve
6532,7,589.5200000000002,5,508.96000000000004,move,improve
6533,7,589.5200000000002,5,508.96000000000004,move,improve
6534,7,589.5200000000002,5,508.96000000000004,swap,notBad
6535,7,589.5200000000002,5,508.96000000000004,2opt,improve
6536,7,589.5200000000002,5,508.96000000000004,swap,notBad
6537,7,589.5200000000002,5,508.96000000000004,swap,notBad
6538,7,589.5200000000002,5,508.96000000000004,swap,notBad
6539,7,589.5200000000002,5,508.96000000000004,2opt,notBad
6540,7,589.5200000000002,5,508.96000000000004,move,improve
6541,7,589.5200000000002,5,508.96000000000004,swap,notBad
6542,7,589.5200000000002,5,508.96000000000004,move,improve
6543,7,589.5200000000002,5,508.96000000000004,move,improve
6544,7,589.5200000000002,5,508.96000000000004,move,improve
6545,7,589.5200000000002,5,508.96000000000004,move,improve
6546,7,589.5200000000002,5,508.96000000000004,swap,notBad
6547,7,589.5200000000002,5,508.96000000000004,swap,notBad
6548,7,589.5200000000002,5,508.96000000000004,2opt,notBad
6549,7,589.5200000000002,5,508.96000000000004,swap,notBad
6550,7,589.5200000000002,5,508.96000000000004,swap,notBad
6551,7,589.5200000000002,5,508.96000000000004,swap,notBad
6552,7,589.5200000000002,5,508.96000000000004,swap,notBad
6553,7,589.5200000000002,5,508.96000000000004,move,improve
6554,7,588.8800000000002,5,508.96000000000004,move,improve
6555,7,588.8800000000002,5,508.96000000000004,2opt,improve
6556,7,588.8800000000002,5,508.96000000000004,move,improve
6557,7,588.8800000000002,5,508.96000000000004,move,improve
6558,7,588.8800000000002,5,508.96000000000004,2opt,notBad
6559,7,588.8800000000002,5,508.96000000000004,move,improve
6560,7,588.8800000000002,5,508.96000000000004,2opt,notBad
6561,7,588.8800000000002,5,508.96000000000004,move,improve
6562,7,588.8800000000002,5,508.96000000000004,swap,notBad
6563,7,588.8800000000002,5,508.96000000000004,2opt,notBad
6564,7,588.8800000000002,5,508.96000000000004,2opt,notBad
6565,7,588.8800000000002,5,508.96000000000004,move,improve
6566,7,588.8800000000002,5,508.96000000000004,move,improve
6567,7,588.8800000000002,5,508.96000000000004,move,improve
6568,7,588.8800000000002,5,508.96000000000004,swap,notBad
6569,7,588.8800000000002,5,508.96000000000004,2opt,improve
6570,7,588.8800000000002,5,508.96000000000004,2opt,notBad
6571,7,588.8800000000002,5,508.96000000000004,move,improve
6572,7,588.8800000000002,5,508.96000000000004,2opt,notBad
6573,7,588.8800000000002,5,508.96000000000004,swap,notBad
6574,7,588.8800000000002,5,508.96000000000004,2opt,notBad
6575,7,588.8800000000002,5,508.96000000000004,2opt,notBad
6576,7,588.8800000000002,5,508.96000000000004,2opt,notBad
6577,7,588.8800000000002,5,508.96000000000004,2opt,notBad
6578,7,588.8800000000002,5,508.96000000000004,move,improve
6579,7,588.8800000000002,5,508.96000000000004,move,improve
6580,7,588.8800000000002,5,508.96000000000004,move,improve
6581,7,588.8800000000002,5,508.96000000000004,swap,notBad
6582,7,588.8800000000002,5,508.96000000000004,2opt,notBad
6583,7,588.8800000000002,5,508.96000000000004,swap,notBad
6584,7,588.8800000000002,5,508.96000000000004,move,improve
6585,7,588.8800000000002,5,508.96000000000004,move,improve
6586,7,588.8800000000002,5,508.96000000000004,swap,notBad
6587,7,588.8800000000002,5,508.96000000000004,move,improve
6588,7,588.8800000000002,5,508.96000000000004,2opt,notBad
6589,7,588.8800000000002,5,508.96000000000004,swap,notBad
6590,7,588.8800000000002,5,508.96000000000004,swap,notBad
6591,7,588.8800000000002,5,508.96000000000004,2opt,notBad
6592,7,588.8800000000002,5,508.96000000000004,move,improve
6593,7,588.8000000000002,5,508.96000000000004,move,improve
6594,7,588.8000000000002,5,508.96000000000004,swap,notBad
6595,7,588.8000000000002,5,508.96000000000004,swap,notBad
6596,7,588.8000000000002,5,508.96000000000004,move,improve
6597,7,588.8000000000002,5,508.96000000000004,move,improve
6598,7,588.8000000000002,5,508.96000000000004,swap,notBad
6599,7,588.8000000000002,5,508.96000000000004,move,improve
6600,7,588.8000000000002,5,508.96000000000004,swap,notBad
6601,7,588.8000000000002,5,508.96000000000004,2opt,notBad
6602,7,588.8000000000002,5,508.96000000000004,2opt,notBad
6603,7,588.8000000000002,5,508.96000000000004,swap,notBad
6604,7,588.8000000000002,5,508.96000000000004,2opt,notBad
6605,7,588.8000000000002,5,508.96000000000004,2opt,notBad
6606,7,588.8000000000002,5,508.96000000000004,move,improve
6607,7,590.4000000000001,5,508.96000000000004,move,acceptBad
6608,7,590.4000000000001,5,508.96000000000004,2opt,notBad
6609,7,590.4000000000001,5,508.96000000000004,2opt,improve
6610,7,590.4000000000001,5,508.96000000000004,2opt,notBad
6611,7,590.4000000000001,5,508.96000000000004,swap,notBad
6612,7,590.4000000000001,5,508.96000000000004,swap,notBad
6613,7,590.4000000000001,5,508.96000000000004,2opt,notBad
6614,7,590.4000000000001,5,508.96000000000004,2opt,notBad
6615,7,590.4000000000001,5,508.96000000000004,move,improve
6616,7,590.4000000000001,5,508.96000000000004,swap,notBad
6617,7,590.4000000000001,5,508.96000000000004,swap,notBad
6618,7,590.4000000000001,5,508.96000000000004,swap,notBad
6619,7,590.4000000000001,5,508.96000000000004,2opt,notBad
6620,7,590.4000000000001,5,508.96000000000004,2opt,notBad
6621,7,590.4000000000001,5,508.96000000000004,2opt,notBad
6622,7,590.4000000000001,5,508.96000000000004,move,improve
6623,7,590.4000000000001,5,508.96000000000004,move,improve
6624,7,590.4000000000001,5,508.96000000000004,move,improve
6625,7,590.4000000000001,5,508.96000000000004,move,improve
6626,7,590.4000000000001,5,508.96000000000004,move,improve
6627,7,587.6800000000002,5,508.96000000000004,swap,improve
6628,7,587.6800000000002,5,508.96000000000004,move,improve
6629,7,587.6800000000002,5,508.96000000000004,swap,notBad
6630,7,587.6800000000002,5,508.96000000000004,move,improve
6631,7,587.6800000000002,5,508.96000000000004,move,improve
6632,7,587.6800000000002,5,508.96000000000004,move,improve
6633,7,587.6800000000002,5,508.96000000000004,2opt,notBad
6634,7,587.6800000000002,5,508.96000000000004,move,improve
6635,7,587.6800000000002,5,508.96000000000004,move,improve
6636,7,587.6800000000002,5,508.96000000000004,2opt,notBad
6637,7,587.6800000000002,5,508.96000000000004,2opt,notBad
6638,7,587.6800000000002,5,508.96000000000004,swap,notBad
6639,7,586.4800000000002,5,508.96000000000004,move,improve
6640,7,586.4800000000002,5,508.96000000000004,2opt,notBad
6641,7,586.4800000000002,5,508.96000000000004,swap,notBad
6642,7,586.4800000000002,5,508.96000000000004,2opt,improve
6643,7,586.4800000000002,5,508.96000000000004,move,improve
6644,7,586.4800000000002,5,508.96000000000004,swap,notBad
6645,7,586.4800000000002,5,508.96000000000004,swap,notBad
6646,7,586.4800000000002,5,508.96000000000004,move,improve
6647,7,586.4800000000002,5,508.96000000000004,swap,notBad
6648,7,586.4800000000002,5,508.96000000000004,move,improve
6649,7,586.4800000000002,5,508.96000000000004,move,improve
6650,7,586.4800000000002,5,508.96000000000004,move,improve
6651,7,586.4800000000002,5,508.96000000000004,2opt,notBad
6652,7,580.4000000000001,5,508.96000000000004,move,improve
6653,7,580.4000000000001,5,508.96000000000004,swap,notBad
6654,7,580.4000000000001,5,508.96000000000004,swap,notBad
6655,7,580.4000000000001,5,508.96000000000004,2opt,notBad
6656,7,580.4000000000001,5,508.96000000000004,move,improve
6657,7,580.4000000000001,5,508.96000000000004,move,improve
6658,7,580.4000000000001,5,508.96000000000004,2opt,notBad
6659,7,580.4000000000001,5,508.96000000000004,2opt,improve
6660,7,580.4000000000001,5,508.96000000000004,swap,notBad
6661,7,580.4000000000001,5,508.96000000000004,swap,notBad
6662,7,580.4000000000001,5,508.96000000000004,swap,notBad
6663,7,580.4000000000001,5,508.96000000000004,2opt,notBad
6664,7,580.4000000000001,5,508.96000000000004,swap,notBad
6665,7,580.4000000000001,5,508.96000000000004,swap,notBad
6666,7,580.4000000000001,5,508.96000000000004,swap,notBad
6667,7,580.4000000000001,5,508.96000000000004,swap,notBad
6668,7,580.4000000000001,5,508.96000000000004,swap,notBad
6669,7,580.4000000000001,5,508.96000000000004,swap,notBad
6670,7,580.4000000000001,5,508.96000000000004,2opt,notBad
6671,7,580.4000000000001,5,508.96000000000004,2opt,notBad
6672,7,580.4000000000001,5,508.96000000000004,swap,notBad
6673,7,580.4000000000001,5,508.96000000000004,swap,notBad
6674,7,580.4000000000001,5,508.96000000000004,swap,notBad
6675,7,580.4000000000001,5,508.96000000000004,swap,notBad
6676,7,580.4000000000001,5,508.96000000000004,2opt,notBad
6677,7,580.4000000000001,5,508.96000000000004,move,improve
6678,7,580.4000000000001,5,508.96000000000004,2opt,notBad
6679,7,580.4000000000001,5,508.96000000000004,move,improve
6680,7,580.4000000000001,5,508.96000000000004,swap,notBad
6681,7,583.4000000000001,5,508.96000000000004,swap,acceptBad
6682,7,583.4000000000001,5,508.96000000000004,swap,notBad
6683,7,583.4000000000001,5,508.96000000000004,2opt,improve
6684,7,582.48,5,508.96000000000004,move,improve
6685,7,582.48,5,508.96000000000004,swap,notBad
6686,7,582.48,5,508.96000000000004,2opt,notBad
6687,7,582.48,5,508.96000000000004,move,improve
6688,7,582.48,5,508.96000000000004,2opt,notBad
6689,7,582.48,5,508.96000000000004,2opt,notBad
6690,7,582.48,5,508.96000000000004,2opt,improve
6691,7,582.48,5,508.96000000000004,swap,notBad
6692,7,582.48,5,508.96000000000004,move,improve
6693,7,582.48,5,508.96000000000004,2opt,notBad
6694,7,582.48,5,508.96000000000004,move,improve
6695,7,582.48,5,508.96000000000004,2opt,notBad
6696,7,582.48,5,508.96000000000004,swap,notBad
6697,7,582.48,5,508.96000000000004,swap,notBad
6698,7,582.48,5,508.96000000000004,2opt,notBad
6699,7,582.48,5,508.96000000000004,move,improve
6700,7,582.48,5,508.96000000000004,swap,notBad
6701,7,582.48,5,508.96000000000004,move,improve
6702,7,582.48,5,508.96000000000004,2opt,notBad
6703,7,582.48,5,508.96000000000004,swap,notBad
6704,7,582.48,5,508.96000000000004,move,improve
6705,7,582.48,5,508.96000000000004,move,improve
6706,7,580.7599999999999,5,508.96000000000004,move,improve
6707,7,580.7599999999999,5,508.96000000000004,2opt,notBad
6708,7,580.7599999999999,5,508.96000000000004,2opt,improve
6709,7,580.7599999999999,5,508.96000000000004,swap,notBad
6710,7,580.7599999999999,5,508.96000000000004,swap,notBad
6711,7,580.7599999999999,5,508.96000000000004,swap,notBad
6712,7,580.7599999999999,5,508.96000000000004,move,improve
6713,7,580.7599999999999,5,508.96000000000004,swap,notBad
6714,7,580.7599999999999,5,508.96000000000004,move,improve
6715,7,580.7599999999999,5,508.96000000000004,2opt,notBad
6716,7,580.7599999999999,5,508.96000000000004,swap,notBad
6717,7,580.7599999999999,5,508.96000000000004,2opt,notBad
6718,7,580.7599999999999,5,508.96000000000004,swap,notBad
6719,7,580.7599999999999,5,508.96000000000004,swap,notBad
6720,7,580.7599999999999,5,508.96000000000004,swap,notBad
6721,7,580.7599999999999,5,508.96000000000004,move,improve
6722,7,580.7599999999999,5,508.96000000000004,swap,notBad
6723,7,580.7599999999999,5,508.96000000000004,swap,notBad
6724,7,580.7599999999999,5,508.96000000000004,move,improve
6725,7,579.9599999999999,5,508.96000000000004,move,improve
6726,7,579.9599999999999,5,508.96000000000004,move,improve
6727,7,579.9599999999999,5,508.96000000000004,2opt,notBad
6728,7,579.9599999999999,5,508.96000000000004,move,improve
6729,7,579.9599999999999,5,508.96000000000004,move,improve
6730,7,579.9599999999999,5,508.96000000000004,2opt,notBad
6731,7,579.9599999999999,5,508.96000000000004,2opt,notBad
6732,7,579.9599999999999,5,508.96000000000004,swap,notBad
6733,7,579.9599999999999,5,508.96000000000004,2opt,notBad
6734,7,579.9599999999999,5,508.96000000000004,swap,notBad
6735,7,579.9599999999999,5,508.96000000000004,move,improve
6736,7,579.9599999999999,5,508.96000000000004,move,improve
6737,7,579.9599999999999,5,508.96000000000004,swap,notBad
6738,7,579.9599999999999,5,508.96000000000004,swap,notBad
6739,7,579.9599999999999,5,508.96000000000004,2opt,notBad
6740,7,579.9599999999999,5,508.96000000000004,move,improve
6741,7,579.9599999999999,5,508.96000000000004,move,improve
6742,7,579.9599999999999,5,508.96000000000004,2opt,notBad
6743,7,579.9599999999999,5,508.96000000000004,2opt,improve
6744,7,579.9599999999999,5,508.96000000000004,swap,notBad
6745,7,579.9599999999999,5,508.96000000000004,2opt,improve
6746,7,579.9599999999999,5,508.96000000000004,swap,notBad
6747,7,579.9599999999999,5,508.96000000000004,swap,notBad
6748,7,579.48,5,508.96000000000004,move,improve
6749,7,579.48,5,508.96000000000004,swap,notBad
6750,7,579.48,5,508.96000000000004,move,improve
6751,7,579.48,5,508.96000000000004,move,improve
6752,7,579.48,5,508.96000000000004,move,improve
6753,7,579.48,5,508.96000000000004,swap,notBad
6754,7,579.48,5,508.96000000000004,swap,notBad
6755,7,579.48,5,508.96000000000004,swap,notBad
6756,7,579.48,5,508.96000000000004,2opt,notBad
6757,7,579.48,5,508.96000000000004,swap,notBad
6758,7,579.48,5,508.96000000000004,2opt,notBad
6759,7,579.48,5,508.96000000000004,swap,notBad
6760,7,579.48,5,508.96000000000004,move,improve
6761,7,579.48,5,508.96000000000004,move,improve
6762,7,579.48,5,508.96000000000004,move,improve
6763,7,579.0,5,508.96000000000004,move,improve
6764,7,579.0,5,508.96000000000004,2opt,notBad
6765,7,579.0,5,508.96000000000004,swap,notBad
6766,7,575.2,5,508.96000000000004,move,improve
6767,7,575.2,5,508.96000000000004,2opt,notBad
6768,7,575.2,5,508.96000000000004,move,improve
6769,7,575.2,5,508.96000000000004,2opt,notBad
6770,7,575.2,5,508.96000000000004,2opt,notBad
6771,7,575.2,5,508.96000000000004,move,improve
6772,7,575.2,5,508.96000000000004,swap,notBad
6773,7,575.2,5,508.96000000000004,move,improve
6774,7,575.2,5,508.96000000000004,2opt,improve
6775,7,575.2,5,508.96000000000004,swap,notBad
6776,7,575.2,5,508.96000000000004,2opt,notBad
6777,7,575.2,5,508.96000000000004,2opt,notBad
6778,7,575.2,5,508.96000000000004,2opt,notBad
6779,7,575.2,5,508.96000000000004,move,improve
6780,7,575.2,5,508.96000000000004,swap,notBad
6781,7,575.2,5,508.96000000000004,move,improve
6782,7,575.2,5,508.96000000000004,2opt,notBad
6783,7,575.2,5,508.96000000000004,2opt,notBad
6784,7,575.2,5,508.96000000000004,2opt,notBad
6785,7,575.2,5,508.96000000000004,2opt,notBad
6786,7,575.2,5,508.96000000000004,swap,notBad
6787,7,575.2,5,508.96000000000004,swap,notBad
6788,7,575.2,5,508.96000000000004,2opt,notBad
6789,7,575.2,5,508.96000000000004,move,improve
6790,7,575.2,5,508.96000000000004,move,improve
6791,7,575.2,5,508.96000000000004,swap,notBad
6792,7,575.2,5,508.96000000000004,move,improve
6793,7,575.2,5,508.96000000000004,swap,notBad
6794,7,575.2,5,508.96000000000004,move,improve
6795,7,575.2,5,508.96000000000004,move,improve
6796,7,575.2,5,508.96000000000004,swap,notBad
6797,7,575.2,5,508.96000000000004,swap,notBad
6798,7,575.2,5,508.96000000000004,swap,notBad
6799,7,574.6400000000001,5,508.96000000000004,swap,improve
6800,7,574.6400000000001,5,508.96000000000004,move,improve
6801,7,574.6400000000001,5,508.96000000000004,move,improve
6802,7,574.6400000000001,5,508.96000000000004,2opt,notBad
6803,7,574.6400000000001,5,508.96000000000004,2opt,notBad
6804,7,574.6400000000001,5,508.96000000000004,2opt,improve
6805,7,574.6400000000001,5,508.96000000000004,move,improve
6806,7,574.6400000000001,5,508.96000000000004,move,improve
6807,7,574.6400000000001,5,508.96000000000004,2opt,notBad
6808,7,574.6400000000001,5,508.96000000000004,move,improve
6809,7,574.6400000000001,5,508.96000000000004,swap,notBad
6810,7,574.6400000000001,5,508.96000000000004,swap,notBad
6811,7,574.6400000000001,5,508.96000000000004,swap,notBad
6812,7,575.32,5,508.96000000000004,swap,acceptBad
6813,7,575.32,5,508.96000000000004,2opt,notBad
6814,7,575.32,5,508.96000000000004,2opt,notBad
6815,7,575.32,5,508.96000000000004,swap,notBad
6816,7,575.32,5,508.96000000000004,swap,notBad
6817,7,575.32,5,508.96000000000004,move,improve
6818,7,575.32,5,508.96000000000004,move,improve
6819,7,575.32,5,508.96000000000004,move,improve
6820,7,575.32,5,508.96000000000004,swap,notBad
6821,7,575.32,5,508.96000000000004,move,improve
6822,7,575.32,5,508.96000000000004,swap,notBad
6823,7,575.32,5,508.96000000000004,2opt,notBad
6824,7,575.32,5,508.96000000000004,2opt,notBad
6825,7,575.32,5,508.96000000000004,2opt,notBad
6826,7,575.32,5,508.96000000000004,swap,notBad
6827,7,575.32,5,508.96000000000004,swap,notBad
6828,7,575.32,5,508.96000000000004,2opt,notBad
6829,7,576.9200000000001,5,508.96000000000004,move,acceptBad
6830,7,576.9200000000001,5,508.96000000000004,move,improve
6831,7,576.9200000000001,5,508.96000000000004,move,improve
6832,7,576.9200000000001,5,508.96000000000004,move,improve
6833,7,576.9200000000001,5,508.96000000000004,2opt,notBad
6834,7,576.9200000000001,5,508.96000000000004,swap,notBad
6835,7,576.9200000000001,5,508.96000000000004,swap,notBad
6836,7,576.9200000000001,5,508.96000000000004,move,improve
6837,7,576.9200000000001,5,508.96000000000004,move,improve
6838,7,576.9200000000001,5,508.96000000000004,move,improve
6839,7,575.32,5,508.96000000000004,move,improve
6840,7,575.32,5,508.96000000000004,2opt,notBad
6841,7,575.32,5,508.96000000000004,move,improve
6842,7,575.32,5,508.96000000000004,2opt,improve
6843,7,575.32,5,508.96000000000004,swap,notBad
6844,7,575.32,5,508.96000000000004,2opt,notBad
6845,7,575.32,5,508.96000000000004,move,improve
6846,7,575.32,5,508.96000000000004,move,improve
6847,7,577.56,5,508.96000000000004,swap,acceptBad
6848,7,577.56,5,508.96000000000004,2opt,notBad
6849,7,577.56,5,508.96000000000004,2opt,notBad
6850,7,577.56,5,508.96000000000004,2opt,notBad
6851,7,577.56,5,508.96000000000004,2opt,notBad
6852,7,577.56,5,508.96000000000004,2opt,notBad
6853,7,577.56,5,508.96000000000004,move,improve
6854,7,577.56,5,508.96000000000004,move,improve
6855,7,577.56,5,508.96000000000004,move,improve
6856,7,577.56,5,508.96000000000004,swap,notBad
6857,7,577.56,5,508.96000000000004,2opt,notBad
6858,7,577.56,5,508.96000000000004,2opt,improve
6859,7,577.56,5,508.96000000000004,2opt,improve
6860,7,577.56,5,508.96000000000004,2opt,notBad
6861,7,577.56,5,508.96000000000004,move,improve
6862,7,577.56,5,508.96000000000004,move,improve
6863,7,577.56,5,508.96000000000004,2opt,notBad
6864,7,577.56,5,508.96000000000004,swap,notBad
6865,7,577.56,5,508.96000000000004,2opt,notBad
6866,7,577.56,5,508.96000000000004,swap,notBad
6867,7,577.56,5,508.96000000000004,2opt,notBad
6868,7,577.56,5,508.96000000000004,2opt,notBad
6869,7,577.56,5,508.96000000000004,swap,notBad
6870,7,577.56,5,508.96000000000004,swap,notBad
6871,7,577.56,5,508.96000000000004,swap,notBad
6872,7,577.56,5,508.96000000000004,swap,notBad
6873,7,577.56,5,508.96000000000004,2opt,notBad
6874,7,577.56,5,508.96000000000004,swap,notBad
6875,7,577.56,5,508.96000000000004,move,improve
6876,7,577.56,5,508.96000000000004,2opt,notBad
6877,7,577.56,5,508.96000000000004,swap,notBad
6878,7,577.56,5,508.96000000000004,2opt,improve
6879,7,577.56,5,508.96000000000004,2opt,notBad
6880,7,578.96,5,508.96000000000004,swap,acceptBad
6881,7,578.96,5,508.96000000000004,2opt,notBad
6882,7,578.96,5,508.96000000000004,move,improve
6883,7,578.96,5,508.96000000000004,move,improve
6884,7,578.96,5,508.96000000000004,move,improve
6885,7,578.96,5,508.96000000000004,move,improve
6886,7,578.96,5,508.96000000000004,2opt,notBad
6887,7,578.96,5,508.96000000000004,swap,notBad
6888,7,581.4400000000002,5,508.96000000000004,swap,acceptBad
6889,7,581.4400000000002,5,508.96000000000004,move,improve
6890,7,581.4400000000002,5,508.96000000000004,swap,notBad
6891,7,581.4400000000002,5,508.96000000000004,swap,notBad
6892,7,581.4400000000002,5,508.96000000000004,swap,notBad
6893,7,581.4400000000002,5,508.96000000000004,2opt,notBad
6894,7,581.4400000000002,5,508.96000000000004,2opt,notBad
6895,7,581.4400000000002,5,508.96000000000004,2opt,notBad
6896,7,581.4400000000002,5,508.96000000000004,2opt,notBad
6897,7,581.4400000000002,5,508.96000000000004,move,improve
6898,7,581.4400000000002,5,508.96000000000004,move,improve
6899,7,581.4400000000002,5,508.96000000000004,2opt,notBad
6900,7,581.4400000000002,5,508.96000000000004,2opt,notBad
6901,7,581.4400000000002,5,508.96000000000004,move,improve
6902,7,581.4400000000002,5,508.96000000000004,move,improve
6903,7,581.4400000000002,5,508.96000000000004,2opt,notBad
6904,7,581.4400000000002,5,508.96000000000004,move,improve
6905,7,581.4400000000002,5,508.96000000000004,2opt,notBad
6906,7,581.4400000000002,5,508.96000000000004,move,improve
6907,7,581.4400000000002,5,508.96000000000004,swap,notBad
6908,7,581.4400000000002,5,508.96000000000004,move,improve
6909,7,581.4400000000002,5,508.96000000000004,swap,notBad
6910,7,583.9200000000002,5,508.96000000000004,swap,acceptBad
6911,7,583.9200000000002,5,508.96000000000004,2opt,notBad
6912,7,583.8400000000001,5,508.96000000000004,move,improve
6913,7,583.8400000000001,5,508.96000000000004,swap,notBad
6914,7,583.8400000000001,5,508.96000000000004,swap,notBad
6915,7,583.8400000000001,5,508.96000000000004,move,improve
6916,7,583.8400000000001,5,508.96000000000004,move,improve
6917,7,583.8400000000001,5,508.96000000000004,move,improve
6918,7,583.8400000000001,5,508.96000000000004,move,improve
6919,7,583.8400000000001,5,508.96000000000004,move,improve
6920,7,583.8400000000001,5,508.96000000000004,move,improve
6921,7,583.8400000000001,5,508.96000000000004,2opt,improve
6922,7,583.8400000000001,5,508.96000000000004,move,improve
6923,7,583.8400000000001,5,508.96000000000004,2opt,notBad
6924,7,583.8400000000001,5,508.96000000000004,move,improve
6925,7,583.8400000000001,5,508.96000000000004,2opt,improve
6926,7,583.8400000000001,5,508.96000000000004,swap,notBad
6927,7,583.8400000000001,5,508.96000000000004,swap,notBad
6928,7,583.8400000000001,5,508.96000000000004,move,improve
6929,7,583.8400000000001,5,508.96000000000004,2opt,notBad
6930,7,583.8400000000001,5,508.96000000000004,move,improve
6931,7,583.8400000000001,5,508.96000000000004,move,improve
6932,7,583.8400000000001,5,508.96000000000004,move,improve
6933,7,583.8400000000001,5,508.96000000000004,2opt,notBad
6934,7,583.8400000000001,5,508.96000000000004,move,improve
6935,7,583.8400000000001,5,508.96000000000004,2opt,improve
6936,7,583.8400000000001,5,508.96000000000004,swap,notBad
6937,7,583.8400000000001,5,508.96000000000004,2opt,notBad
6938,7,585.44,5,508.96000000000004,move,acceptBad
6939,7,585.44,5,508.96000000000004,move,improve
6940,7,585.44,5,508.96000000000004,2opt,notBad
6941,7,585.44,5,508.96000000000004,2opt,notBad
6942,7,585.44,5,508.96000000000004,2opt,notBad
6943,7,582.8800000000001,5,508.96000000000004,move,improve
6944,7,582.8800000000001,5,508.96000000000004,swap,notBad
6945,7,582.8800000000001,5,508.96000000000004,swap,notBad
6946,7,582.8800000000001,5,508.96000000000004,swap,notBad
6947,7,582.8800000000001,5,508.96000000000004,2opt,notBad
6948,7,582.8800000000001,5,508.96000000000004,move,improve
6949,7,582.8800000000001,5,508.96000000000004,swap,notBad
6950,7,582.8800000000001,5,508.96000000000004,move,improve
6951,7,582.8800000000001,5,508.96000000000004,move,improve
6952,7,582.8800000000001,5,508.96000000000004,swap,notBad
6953,7,581.2,5,508.96000000000004,move,improve
6954,7,581.2,5,508.96000000000004,move,improve
6955,7,581.2,5,508.96000000000004,move,improve
6956,7,581.2,5,508.96000000000004,swap,notBad
6957,7,581.2,5,508.96000000000004,swap,notBad
6958,7,581.2,5,508.96000000000004,swap,notBad
6959,7,581.2,5,508.96000000000004,2opt,notBad
6960,7,581.2,5,508.96000000000004,2opt,notBad
6961,7,581.2,5,508.96000000000004,swap,notBad
6962,7,581.2,5,508.96000000000004,move,improve
6963,7,581.2,5,508.96000000000004,move,improve
6964,7,581.2,5,508.96000000000004,move,improve
6965,7,581.2,5,508.96000000000004,swap,notBad
6966,7,581.2,5,508.96000000000004,2opt,notBad
6967,7,581.2,5,508.96000000000004,2opt,notBad
6968,7,581.2,5,508.96000000000004,move,improve
6969,7,581.2,5,508.96000000000004,swap,notBad
6970,7,581.2,5,508.96000000000004,move,improve
6971,7,581.2,5,508.96000000000004,swap,notBad
6972,7,581.2,5,508.96000000000004,2opt,notBad
6973,7,581.2,5,508.96000000000004,swap,notBad
6974,7,581.2,5,508.96000000000004,move,improve
6975,7,581.2,5,508.96000000000004,swap,notBad
6976,7,581.2,5,508.96000000000004,2opt,notBad
6977,7,581.2,5,508.96000000000004,move,improve
6978,7,581.2,5,508.96000000000004,move,improve
6979,7,581.2,5,508.96000000000004,2opt,notBad
6980,7,581.2,5,508.96000000000004,2opt,improve
6981,7,581.2,5,508.96000000000004,move,improve
6982,7,582.48,5,508.96000000000004,swap,acceptBad
6983,7,582.48,5,508.96000000000004,swap,notBad
6984,7,582.48,5,508.96000000000004,2opt,notBad
6985,7,582.48,5,508.96000000000004,2opt,notBad
6986,7,582.48,5,508.96000000000004,2opt,improve
6987,7,582.48,5,508.96000000000004,swap,notBad
6988,7,582.48,5,508.96000000000004,swap,notBad
6989,7,582.48,5,508.96000000000004,2opt,notBad
6990,7,582.48,5,508.96000000000004,move,improve
6991,7,582.5600000000002,5,508.96000000000004,swap,acceptBad
6992,7,582.5600000000002,5,508.96000000000004,2opt,notBad
6993,7,582.5600000000002,5,508.96000000000004,2opt,notBad
6994,7,582.5600000000002,5,508.96000000000004,2opt,notBad
6995,7,582.5600000000002,5,508.96000000000004,2opt,notBad
6996,7,582.5600000000002,5,508.96000000000004,2opt,notBad
6997,7,582.5600000000002,5,508.96000000000004,2opt,improve
6998,7,582.5600000000002,5,508.96000000000004,2opt,notBad
6999,7,582.5600000000002,5,508.96000000000004,swap,notBad
7000,7,582.5600000000002,5,508.96000000000004,2opt,notBad
7001,7,582.5600000000002,5,508.96000000000004,move,improve
7002,7,582.5600000000002,5,508.96000000000004,2opt,notBad
7003,7,585.2800000000002,5,508.96000000000004,swap,acceptBad
7004,7,582.5600000000002,5,508.96000000000004,move,improve
7005,7,582.5600000000002,5,508.96000000000004,move,improve
7006,7,582.5600000000002,5,508.96000000000004,swap,notBad
7007,7,582.5600000000002,5,508.96000000000004,swap,notBad
7008,7,582.5600000000002,5,508.96000000000004,2opt,notBad
7009,7,582.5600000000002,5,508.96000000000004,move,improve
7010,7,582.5600000000002,5,508.96000000000004,move,improve
7011,7,582.5600000000002,5,508.96000000000004,2opt,notBad
7012,7,582.5600000000002,5,508.96000000000004,2opt,notBad
7013,7,582.5600000000002,5,508.96000000000004,move,improve
7014,7,582.5600000000002,5,508.96000000000004,swap,notBad
7015,7,582.5600000000002,5,508.96000000000004,move,improve
7016,7,582.5600000000002,5,508.96000000000004,swap,notBad
7017,7,582.5600000000002,5,508.96000000000004,2opt,notBad
7018,7,582.5600000000002,5,508.96000000000004,move,improve
7019,7,582.5600000000002,5,508.96000000000004,swap,notBad
7020,7,582.5600000000002,5,508.96000000000004,move,improve
7021,7,582.5600000000002,5,508.96000000000004,move,improve
7022,7,582.5600000000002,5,508.96000000000004,2opt,notBad
7023,7,582.2800000000001,5,508.96000000000004,swap,improve
7024,7,580.4400000000002,5,508.96000000000004,move,improve
7025,7,580.4400000000002,5,508.96000000000004,move,improve
7026,7,580.4400000000002,5,508.96000000000004,swap,notBad
7027,7,580.4400000000002,5,508.96000000000004,move,improve
7028,7,580.4400000000002,5,508.96000000000004,swap,notBad
7029,7,580.4400000000002,5,508.96000000000004,move,improve
7030,7,580.4400000000002,5,508.96000000000004,2opt,notBad
7031,7,580.4400000000002,5,508.96000000000004,2opt,notBad
7032,7,580.4400000000002,5,508.96000000000004,2opt,notBad
7033,7,580.4400000000002,5,508.96000000000004,swap,notBad
7034,7,580.4400000000002,5,508.96000000000004,swap,notBad
7035,7,580.4400000000002,5,508.96000000000004,swap,notBad
7036,7,580.4400000000002,5,508.96000000000004,move,improve
7037,7,580.4400000000002,5,508.96000000000004,move,improve
7038,7,580.4400000000002,5,508.96000000000004,swap,notBad
7039,7,580.2800000000001,5,508.96000000000004,move,improve
7040,7,580.2800000000001,5,508.96000000000004,move,improve
7041,7,580.2800000000001,5,508.96000000000004,move,improve
7042,7,580.2800000000001,5,508.96000000000004,2opt,improve
7043,7,580.2800000000001,5,508.96000000000004,2opt,notBad
7044,7,580.2800000000001,5,508.96000000000004,swap,notBad
7045,7,580.2800000000001,5,508.96000000000004,move,improve
7046,7,580.2800000000001,5,508.96000000000004,move,improve
7047,7,580.2800000000001,5,508.96000000000004,swap,notBad
7048,7,580.2800000000001,5,508.96000000000004,swap,notBad
7049,7,580.2800000000001,5,508.96000000000004,move,improve
7050,7,580.2800000000001,5,508.96000000000004,2opt,notBad
7051,7,580.2800000000001,5,508.96000000000004,swap,notBad
7052,7,580.2800000000001,5,508.96000000000004,2opt,notBad
7053,7,580.2800000000001,5,508.96000000000004,swap,notBad
7054,7,580.2800000000001,5,508.96000000000004,swap,notBad
7055,7,580.2800000000001,5,508.96000000000004,2opt,notBad
7056,7,580.2800000000001,5,508.96000000000004,swap,notBad
7057,7,580.2800000000001,5,508.96000000000004,swap,notBad
7058,7,580.2800000000001,5,508.96000000000004,2opt,notBad
7059,7,580.28,5,508.96000000000004,move,improve
7060,7,580.28,5,508.96000000000004,move,improve
7061,7,582.12,5,508.96000000000004,swap,acceptBad
7062,7,582.12,5,508.96000000000004,2opt,improve
7063,7,582.12,5,508.96000000000004,move,improve
7064,7,582.12,5,508.96000000000004,2opt,notBad
7065,7,582.12,5,508.96000000000004,swap,notBad
7066,7,582.12,5,508.96000000000004,2opt,notBad
7067,7,582.12,5,508.96000000000004,move,improve
7068,7,582.12,5,508.96000000000004,swap,notBad
7069,7,582.12,5,508.96000000000004,2opt,notBad
7070,7,581.0,5,508.96000000000004,move,improve
7071,7,581.0,5,508.96000000000004,swap,notBad
7072,7,581.0,5,508.96000000000004,move,improve
7073,7,581.0,5,508.96000000000004,swap,notBad
7074,7,581.0,5,508.96000000000004,2opt,notBad
7075,7,581.0,5,508.96000000000004,swap,notBad
7076,7,581.0,5,508.96000000000004,move,improve
7077,7,581.0,5,508.96000000000004,2opt,notBad
7078,7,581.0,5,508.96000000000004,move,improve
7079,7,581.0,5,508.96000000000004,2opt,notBad
7080,7,581.0,5,508.96000000000004,2opt,notBad
7081,7,581.0,5,508.96000000000004,swap,notBad
7082,7,581.0,5,508.96000000000004,swap,notBad
7083,7,581.0,5,508.96000000000004,swap,notBad
7084,7,581.0,5,508.96000000000004,move,improve
7085,7,581.0,5,508.96000000000004,swap,notBad
7086,7,581.0,5,508.96000000000004,move,improve
7087,7,581.0,5,508.96000000000004,2opt,notBad
7088,7,581.0,5,508.96000000000004,2opt,improve
7089,7,581.0,5,508.96000000000004,move,improve
7090,7,581.0,5,508.96000000000004,2opt,notBad
7091,7,579.1599999999999,5,508.96000000000004,move,improve
7092,7,579.1599999999999,5,508.96000000000004,move,improve
7093,7,579.1599999999999,5,508.96000000000004,2opt,improve
7094,7,579.1599999999999,5,508.96000000000004,2opt,notBad
7095,7,579.1599999999999,5,508.96000000000004,2opt,notBad
7096,7,579.1599999999999,5,508.96000000000004,2opt,notBad
7097,7,579.1599999999999,5,508.96000000000004,swap,notBad
7098,7,579.1599999999999,5,508.96000000000004,2opt,notBad
7099,6,533.2999999999998,5,508.96000000000004,move,improve
7100,6,533.2999999999998,5,508.96000000000004,2opt,notBad
7101,6,533.2999999999998,5,508.96000000000004,2opt,notBad
7102,6,533.2999999999998,5,508.96000000000004,2opt,notBad
7103,6,533.2999999999998,5,508.96000000000004,2opt,notBad
7104,6,523.92,5,508.96000000000004,move,improve
7105,6,523.92,5,508.96000000000004,swap,notBad
7106,6,523.92,5,508.96000000000004,2opt,notBad
7107,6,523.92,5,508.96000000000004,move,improve
7108,6,523.92,5,508.96000000000004,move,improve
7109,6,523.92,5,508.96000000000004,2opt,notBad
7110,6,523.92,5,508.96000000000004,move,improve
7111,6,523.92,5,508.96000000000004,swap,notBad
7112,6,523.92,5,508.96000000000004,2opt,improve
7113,6,523.92,5,508.96000000000004,swap,notBad
7114,6,523.92,5,508.96000000000004,move,improve
7115,6,523.92,5,508.96000000000004,swap,notBad
7116,6,523.92,5,508.96000000000004,move,improve
7117,6,523.92,5,508.96000000000004,swap,notBad
7118,6,523.92,5,508.96000000000004,move,improve
7119,6,523.92,5,508.96000000000004,move,improve
7120,6,523.92,5,508.96000000000004,move,improve
7121,6,523.92,5,508.96000000000004,2opt,notBad
7122,6,523.92,5,508.96000000000004,swap,notBad
7123,6,523.92,5,508.96000000000004,swap,notBad
7124,6,523.92,5,508.96000000000004,2opt,notBad
7125,6,523.92,5,508.96000000000004,swap,notBad
7126,6,523.92,5,508.96000000000004,2opt,notBad
7127,6,523.92,5,508.96000000000004,swap,notBad
7128,6,523.92,5,508.96000000000004,move,improve
7129,6,523.92,5,508.96000000000004,2opt,improve
7130,6,523.1,5,508.96000000000004,swap,improve
7131,6,523.1,5,508.96000000000004,move,improve
7132,6,523.1,5,508.96000000000004,move,improve
7133,6,523.1,5,508.96000000000004,2opt,improve
7134,6,523.1,5,508.96000000000004,2opt,notBad
7135,6,523.1,5,508.96000000000004,move,improve
7136,6,523.1,5,508.96000000000004,2opt,notBad
7137,6,523.1,5,508.96000000000004,2opt,notBad
7138,6,523.1,5,508.96000000000004,swap,notBad
7139,6,523.1,5,508.96000000000004,move,improve
7140,6,523.1,5,508.96000000000004,move,improve
7141,6,523.1,5,508.96000000000004,swap,notBad
7142,6,523.1,5,508.96000000000004,swap,notBad
7143,6,523.1,5,508.96000000000004,move,improve
7144,6,523.1,5,508.96000000000004,swap,notBad
7145,6,523.1,5,508.96000000000004,swap,notBad
7146,6,523.1,5,508.96000000000004,2opt,notBad
7147,6,523.1,5,508.96000000000004,move,improve
7148,6,523.1,5,508.96000000000004,2opt,notBad
7149,6,523.1,5,508.96000000000004,swap,notBad
7150,6,523.1,5,508.96000000000004,swap,notBad
7151,6,523.1,5,508.96000000000004,swap,notBad
7152,6,523.1,5,508.96000000000004,move,improve
7153,6,523.1,5,508.96000000000004,swap,notBad
7154,6,523.1,5,508.96000000000004,swap,notBad
7155,6,523.1,5,508.96000000000004,swap,notBad
7156,6,523.1,5,508.96000000000004,2opt,notBad
7157,6,523.1,5,508.96000000000004,2opt,notBad
7158,6,523.1,5,508.96000000000004,move,improve
7159,6,523.1,5,508.96000000000004,move,improve
7160,6,523.1,5,508.96000000000004,move,improve
7161,6,523.1,5,508.96000000000004,move,improve
7162,6,523.1,5,508.96000000000004,move,improve
7163,6,523.1,5,508.96000000000004,swap,notBad
7164,6,523.1,5,508.96000000000004,move,improve
7165,6,523.1,5,508.96000000000004,swap,notBad
7166,6,523.1,5,508.96000000000004,swap,notBad
7167,6,523.1,5,508.96000000000004,2opt,notBad
7168,6,523.1,5,508.96000000000004,2opt,notBad
7169,6,523.1,5,508.96000000000004,move,improve
7170,6,523.1,5,508.96000000000004,2opt,notBad
7171,6,523.1,5,508.96000000000004,move,improve
7172,6,523.1,5,508.96000000000004,move,improve
7173,6,523.1,5,508.96000000000004,move,improve
7174,6,523.1,5,508.96000000000004,swap,notBad
7175,6,523.1,5,508.96000000000004,2opt,notBad
7176,6,523.1,5,508.96000000000004,swap,notBad
7177,6,523.1,5,508.96000000000004,2opt,notBad
7178,6,523.1,5,508.96000000000004,move,improve
7179,6,523.1,5,508.96000000000004,2opt,notBad
7180,6,523.1,5,508.96000000000004,swap,notBad
7181,6,523.1,5,508.96000000000004,swap,notBad
7182,6,523.1,5,508.96000000000004,move,improve
7183,6,523.1,5,508.96000000000004,2opt,notBad
7184,6,523.1,5,508.96000000000004,swap,notBad
7185,6,522.7800000000001,5,508.96000000000004,move,improve
7186,6,522.7800000000001,5,508.96000000000004,move,improve
7187,6,522.7800000000001,5,508.96000000000004,swap,notBad
7188,6,520.94,5,508.96000000000004,swap,improve
7189,6,520.94,5,508.96000000000004,move,improve
7190,6,520.94,5,508.96000000000004,swap,notBad
7191,6,520.94,5,508.96000000000004,move,improve
7192,6,520.94,5,508.96000000000004,2opt,improve
7193,6,520.94,5,508.96000000000004,move,improve
7194,6,520.94,5,508.96000000000004,swap,notBad
7195,6,520.94,5,508.96000000000004,2opt,notBad
7196,6,520.94,5,508.96000000000004,move,improve
7197,6,520.94,5,508.96000000000004,swap,notBad
7198,6,520.94,5,508.96000000000004,2opt,notBad
7199,6,520.94,5,508.96000000000004,move,improve
7200,6,520.94,5,508.96000000000004,move,improve
7201,6,520.94,5,508.96000000000004,move,improve
7202,6,520.94,5,508.96000000000004,move,improve
7203,6,520.94,5,508.96000000000004,move,improve
7204,6,520.94,5,508.96000000000004,move,improve
7205,6,520.94,5,508.96000000000004,2opt,improve
7206,6,520.94,5,508.96000000000004,swap,notBad
7207,6,520.94,5,508.96000000000004,move,improve
7208,6,520.94,5,508.96000000000004,move,improve
7209,6,520.94,5,508.96000000000004,2opt,notBad
7210,6,520.94,5,508.96000000000004,swap,notBad
7211,6,520.94,5,508.96000000000004,2opt,notBad
7212,6,520.94,5,508.96000000000004,2opt,notBad
7213,6,520.94,5,508.96000000000004,move,improve
7214,6,520.94,5,508.96000000000004,swap,notBad
7215,6,520.94,5,508.96000000000004,2opt,notBad
7216,6,520.94,5,508.96000000000004,move,improve
7217,6,520.94,5,508.96000000000004,2opt,notBad
7218,6,520.94,5,508.96000000000004,2opt,notBad
7219,6,520.94,5,508.96000000000004,swap,notBad
7220,6,520.94,5,508.96000000000004,swap,notBad
7221,6,520.94,5,508.96000000000004,move,improve
7222,6,520.94,5,508.96000000000004,2opt,notBad
7223,6,520.94,5,508.96000000000004,swap,notBad
7224,6,520.94,5,508.96000000000004,2opt,notBad
7225,6,520.94,5,508.96000000000004,move,improve
7226,6,520.94,5,508.96000000000004,2opt,notBad
7227,6,520.94,5,508.96000000000004,2opt,notBad
7228,6,520.94,5,508.96000000000004,move,improve
7229,6,520.94,5,508.96000000000004,move,improve
7230,6,520.94,5,508.96000000000004,2opt,notBad
7231,6,520.94,5,508.96000000000004,2opt,notBad
7232,6,520.94,5,508.96000000000004,swap,notBad
7233,6,520.94,5,508.96000000000004,swap,notBad
7234,6,520.94,5,508.96000000000004,swap,notBad
7235,6,520.94,5,508.96000000000004,swap,notBad
7236,6,520.94,5,508.96000000000004,swap,notBad
7237,6,520.94,5,508.96000000000004,move,improve
7238,6,520.94,5,508.96000000000004,move,improve
7239,6,520.94,5,508.96000000000004,2opt,notBad
7240,6,520.94,5,508.96000000000004,2opt,notBad
7241,6,520.94,5,508.96000000000004,swap,notBad
7242,6,520.94,5,508.96000000000004,2opt,notBad
7243,6,520.94,5,508.96000000000004,swap,notBad
7244,6,520.94,5,508.96000000000004,2opt,improve
7245,6,520.94,5,508.96000000000004,move,improve
7246,6,520.94,5,508.96000000000004,swap,notBad
7247,6,520.94,5,508.96000000000004,swap,notBad
7248,6,520.94,5,508.96000000000004,swap,notBad
7249,6,520.94,5,508.96000000000004,move,improve
7250,6,520.94,5,508.96000000000004,2opt,improve
7251,6,520.94,5,508.96000000000004,swap,notBad
7252,6,520.94,5,508.96000000000004,swap,notBad
7253,6,520.94,5,508.96000000000004,move,improve
7254,6,520.94,5,508.96000000000004,move,improve
7255,6,520.94,5,508.96000000000004,move,improve
7256,6,520.94,5,508.96000000000004,swap,notBad
7257,6,520.94,5,508.96000000000004,2opt,improve
7258,6,520.94,5,508.96000000000004,swap,notBad
7259,6,520.94,5,508.96000000000004,swap,notBad
7260,6,520.94,5,508.96000000000004,move,improve
7261,6,520.94,5,508.96000000000004,move,improve
7262,6,520.94,5,508.96000000000004,move,improve
7263,6,520.94,5,508.96000000000004,swap,notBad
7264,6,520.94,5,508.96000000000004,swap,notBad
7265,6,520.94,5,508.96000000000004,swap,notBad
7266,6,520.94,5,508.96000000000004,swap,notBad
7267,6,520.94,5,508.96000000000004,move,improve
7268,6,520.94,5,508.96000000000004,swap,notBad
7269,6,520.94,5,508.96000000000004,swap,notBad
7270,6,520.94,5,508.96000000000004,move,improve
7271,6,520.94,5,508.96000000000004,2opt,notBad
7272,6,520.94,5,508.96000000000004,move,improve
7273,6,520.94,5,508.96000000000004,move,improve
7274,6,520.94,5,508.96000000000004,move,improve
7275,6,520.94,5,508.96000000000004,move,improve
7276,6,520.94,5,508.96000000000004,2opt,notBad
7277,6,520.94,5,508.96000000000004,swap,notBad
7278,6,520.94,5,508.96000000000004,swap,notBad
7279,6,520.94,5,508.96000000000004,swap,notBad
7280,6,520.94,5,508.96000000000004,swap,notBad
7281,6,520.94,5,508.96000000000004,2opt,improve
7282,6,520.94,5,508.96000000000004,move,improve
7283,6,520.94,5,508.96000000000004,swap,notBad
7284,6,520.94,5,508.96000000000004,2opt,improve
7285,6,520.94,5,508.96000000000004,swap,notBad
7286,6,520.94,5,508.96000000000004,move,improve
7287,6,520.94,5,508.96000000000004,swap,notBad
7288,6,520.94,5,508.96000000000004,move,improve
7289,6,520.94,5,508.96000000000004,2opt,notBad
7290,6,520.94,5,508.96000000000004,2opt,notBad
7291,6,520.94,5,508.96000000000004,move,improve
7292,6,520.94,5,508.96000000000004,move,improve
7293,6,520.94,5,508.96000000000004,swap,notBad
7294,6,520.94,5,508.96000000000004,2opt,notBad
7295,6,520.94,5,508.96000000000004,2opt,notBad
7296,6,520.94,5,508.96000000000004,move,improve
7297,6,520.94,5,508.96000000000004,move,improve
7298,6,520.94,5,508.96000000000004,swap,notBad
7299,6,520.94,5,508.96000000000004,move,improve
7300,6,520.94,5,508.96000000000004,2opt,notBad
7301,6,519.0200000000001,5,508.96000000000004,swap,improve
7302,6,519.0200000000001,5,508.96000000000004,swap,notBad
7303,6,519.0200000000001,5,508.96000000000004,swap,notBad
7304,6,519.0200000000001,5,508.96000000000004,move,improve
7305,6,519.0200000000001,5,508.96000000000004,2opt,notBad
7306,6,519.0200000000001,5,508.96000000000004,swap,notBad
7307,6,519.0200000000001,5,508.96000000000004,swap,notBad
7308,6,519.0200000000001,5,508.96000000000004,move,improve
7309,6,519.0200000000001,5,508.96000000000004,swap,notBad
7310,6,519.0200000000001,5,508.96000000000004,swap,notBad
7311,6,519.0200000000001,5,508.96000000000004,2opt,improve
7312,6,519.0200000000001,5,508.96000000000004,move,improve
7313,6,519.0200000000001,5,508.96000000000004,swap,notBad
7314,6,519.0200000000001,5,508.96000000000004,swap,notBad
7315,6,519.0200000000001,5,508.96000000000004,2opt,notBad
7316,6,519.0200000000001,5,508.96000000000004,swap,notBad
7317,6,519.0200000000001,5,508.96000000000004,swap,notBad
7318,6,519.0200000000001,5,508.96000000000004,move,improve
7319,6,519.0200000000001,5,508.96000000000004,move,improve
7320,6,519.0200000000001,5,508.96000000000004,swap,notBad
7321,6,519.0200000000001,5,508.96000000000004,swap,notBad
7322,6,519.0200000000001,5,508.96000000000004,swap,notBad
7323,6,519.0200000000001,5,508.96000000000004,move,improve
7324,6,519.0200000000001,5,508.96000000000004,swap,notBad
7325,6,519.0200000000001,5,508.96000000000004,2opt,improve
7326,6,519.0200000000001,5,508.96000000000004,2opt,improve
7327,6,519.0200000000001,5,508.96000000000004,swap,notBad
7328,6,519.0200000000001,5,508.96000000000004,swap,notBad
7329,6,519.0200000000001,5,508.96000000000004,swap,notBad
7330,6,519.0200000000001,5,508.96000000000004,2opt,notBad
7331,6,519.0200000000001,5,508.96000000000004,move,improve
7332,6,519.0200000000001,5,508.96000000000004,move,improve
7333,6,519.0200000000001,5,508.96000000000004,move,improve
7334,6,519.0200000000001,5,508.96000000000004,move,improve
7335,6,519.0200000000001,5,508.96000000000004,swap,notBad
7336,6,519.0200000000001,5,508.96000000000004,move,improve
7337,6,519.0200000000001,5,508.96000000000004,2opt,improve
7338,6,519.0200000000001,5,508.96000000000004,move,improve
7339,6,519.0200000000001,5,508.96000000000004,swap,notBad
7340,6,519.0200000000001,5,508.96000000000004,2opt,notBad
7341,6,519.0200000000001,5,508.96000000000004,move,improve
7342,6,519.0200000000001,5,508.96000000000004,swap,notBad
7343,6,519.0200000000001,5,508.96000000000004,move,improve
7344,6,519.0200000000001,5,508.96000000000004,move,improve
7345,6,519.0200000000001,5,508.96000000000004,move,improve
7346,6,519.0200000000001,5,508.96000000000004,swap,notBad
7347,6,519.0200000000001,5,508.96000000000004,swap,notBad
7348,6,519.0200000000001,5,508.96000000000004,move,improve
7349,6,519.0200000000001,5,508.96000000000004,move,improve
7350,6,519.0200000000001,5,508.96000000000004,swap,notBad
7351,6,519.0200000000001,5,508.96000000000004,move,improve
7352,6,519.0200000000001,5,508.96000000000004,move,improve
7353,6,519.0200000000001,5,508.96000000000004,2opt,notBad
7354,6,519.0200000000001,5,508.96000000000004,swap,notBad
7355,6,519.0200000000001,5,508.96000000000004,2opt,notBad
7356,6,519.0200000000001,5,508.96000000000004,move,improve
7357,6,519.0200000000001,5,508.96000000000004,2opt,notBad
7358,6,519.0200000000001,5,508.96000000000004,2opt,notBad
7359,6,519.0200000000001,5,508.96000000000004,2opt,notBad
7360,6,519.0200000000001,5,508.96000000000004,swap,notBad
7361,6,519.0200000000001,5,508.96000000000004,move,improve
7362,6,519.0200000000001,5,508.96000000000004,move,improve
7363,6,519.0200000000001,5,508.96000000000004,swap,notBad
7364,6,519.0200000000001,5,508.96000000000004,swap,notBad
7365,6,519.0200000000001,5,508.96000000000004,swap,notBad
7366,6,519.0200000000001,5,508.96000000000004,swap,notBad
7367,6,519.0200000000001,5,508.96000000000004,swap,notBad
7368,6,519.0200000000001,5,508.96000000000004,swap,notBad
7369,6,519.0200000000001,5,508.96000000000004,2opt,notBad
7370,6,519.0200000000001,5,508.96000000000004,swap,notBad
7371,6,519.0200000000001,5,508.96000000000004,2opt,notBad
7372,6,519.0200000000001,5,508.96000000000004,2opt,notBad
7373,6,519.0200000000001,5,508.96000000000004,move,improve
7374,6,519.0200000000001,5,508.96000000000004,move,improve
7375,6,519.0200000000001,5,508.96000000000004,2opt,improve
7376,6,519.0200000000001,5,508.96000000000004,swap,notBad
7377,6,519.0200000000001,5,508.96000000000004,move,improve
7378,6,519.0200000000001,5,508.96000000000004,move,improve
7379,6,519.0200000000001,5,508.96000000000004,move,improve
7380,6,519.0200000000001,5,508.96000000000004,2opt,improve
7381,6,519.0200000000001,5,508.96000000000004,swap,notBad
7382,6,519.0200000000001,5,508.96000000000004,2opt,notBad
7383,6,519.0200000000001,5,508.96000000000004,swap,notBad
7384,6,519.0200000000001,5,508.96000000000004,2opt,notBad
7385,6,519.0200000000001,5,508.96000000000004,swap,notBad
7386,6,519.0200000000001,5,508.96000000000004,move,improve
7387,6,519.0200000000001,5,508.96000000000004,2opt,notBad
7388,6,519.0200000000001,5,508.96000000000004,move,improve
7389,6,519.0200000000001,5,508.96000000000004,swap,notBad
7390,6,519.0200000000001,5,508.96000000000004,2opt,improve
7391,6,519.0200000000001,5,508.96000000000004,move,improve
7392,6,519.0200000000001,5,508.96000000000004,swap,notBad
7393,6,519.0200000000001,5,508.96000000000004,swap,notBad
7394,6,519.0200000000001,5,508.96000000000004,move,improve
7395,6,519.0200000000001,5,508.96000000000004,move,improve
7396,6,519.0200000000001,5,508.96000000000004,swap,notBad
7397,6,519.0200000000001,5,508.96000000000004,2opt,notBad
7398,6,519.0200000000001,5,508.96000000000004,swap,notBad
7399,6,519.0200000000001,5,508.96000000000004,swap,notBad
7400,6,519.0200000000001,5,508.96000000000004,2opt,notBad
7401,6,519.0200000000001,5,508.96000000000004,swap,notBad
7402,6,519.0200000000001,5,508.96000000000004,move,improve
7403,6,519.0200000000001,5,508.96000000000004,2opt,notBad
7404,6,519.0200000000001,5,508.96000000000004,swap,notBad
7405,6,519.0200000000001,5,508.96000000000004,swap,notBad
7406,6,519.0200000000001,5,508.96000000000004,2opt,improve
7407,6,519.0200000000001,5,508.96000000000004,2opt,notBad
7408,6,519.0200000000001,5,508.96000000000004,swap,notBad
7409,6,519.0200000000001,5,508.96000000000004,swap,notBad
7410,6,519.0200000000001,5,508.96000000000004,swap,notBad
7411,6,519.0200000000001,5,508.96000000000004,move,improve
7412,6,519.1600000000001,5,508.96000000000004,swap,acceptBad
7413,6,519.1600000000001,5,508.96000000000004,2opt,notBad
7414,6,519.1600000000001,5,508.96000000000004,move,improve
7415,6,519.1600000000001,5,508.96000000000004,move,improve
7416,6,519.1600000000001,5,508.96000000000004,move,improve
7417,6,519.1600000000001,5,508.96000000000004,move,improve
7418,6,519.1600000000001,5,508.96000000000004,swap,notBad
7419,6,519.1600000000001,5,508.96000000000004,2opt,notBad
7420,6,519.1600000000001,5,508.96000000000004,swap,notBad
7421,6,519.1600000000001,5,508.96000000000004,move,improve
7422,6,519.1600000000001,5,508.96000000000004,swap,notBad
7423,6,519.0200000000001,5,508.96000000000004,move,improve
7424,6,521.6200000000001,5,508.96000000000004,swap,acceptBad
7425,6,521.6200000000001,5,508.96000000000004,swap,notBad
7426,6,521.6200000000001,5,508.96000000000004,swap,notBad
7427,6,521.6200000000001,5,508.96000000000004,2opt,notBad
7428,6,521.6200000000001,5,508.96000000000004,move,improve
7429,6,521.6200000000001,5,508.96000000000004,swap,notBad
7430,6,521.6200000000001,5,508.96000000000004,2opt,notBad
7431,6,521.6200000000001,5,508.96000000000004,move,improve
7432,6,521.6200000000001,5,508.96000000000004,2opt,notBad
7433,6,521.6200000000001,5,508.96000000000004,2opt,notBad
7434,6,521.6200000000001,5,508.96000000000004,2opt,notBad
7435,6,521.6200000000001,5,508.96000000000004,2opt,improve
7436,6,521.6200000000001,5,508.96000000000004,swap,notBad
7437,6,521.6200000000001,5,508.96000000000004,swap,notBad
7438,6,521.6200000000001,5,508.96000000000004,2opt,notBad
7439,6,521.6200000000001,5,508.96000000000004,2opt,improve
7440,6,519.4200000000001,5,508.96000000000004,move,improve
7441,6,519.4200000000001,5,508.96000000000004,move,improve
7442,6,519.4200000000001,5,508.96000000000004,2opt,notBad
7443,6,519.4200000000001,5,508.96000000000004,swap,notBad
7444,6,519.4200000000001,5,508.96000000000004,move,improve
7445,6,519.4200000000001,5,508.96000000000004,move,improve
7446,6,519.4200000000001,5,508.96000000000004,2opt,notBad
7447,6,519.4200000000001,5,508.96000000000004,move,improve
7448,6,519.4200000000001,5,508.96000000000004,move,improve
7449,6,519.4200000000001,5,508.96000000000004,2opt,notBad
7450,6,519.4200000000001,5,508.96000000000004,2opt,notBad
7451,6,519.4200000000001,5,508.96000000000004,swap,notBad
7452,6,519.4200000000001,5,508.96000000000004,swap,notBad
7453,6,519.4200000000001,5,508.96000000000004,swap,notBad
7454,6,519.4200000000001,5,508.96000000000004,move,improve
7455,6,519.4200000000001,5,508.96000000000004,swap,notBad
7456,6,519.4200000000001,5,508.96000000000004,move,improve
7457,6,519.4200000000001,5,508.96000000000004,swap,notBad
7458,6,519.4200000000001,5,508.96000000000004,2opt,notBad
7459,6,519.4200000000001,5,508.96000000000004,2opt,notBad
7460,6,519.4200000000001,5,508.96000000000004,swap,notBad
7461,6,519.4200000000001,5,508.96000000000004,2opt,notBad
7462,6,519.4200000000001,5,508.96000000000004,2opt,notBad
7463,6,519.4200000000001,5,508.96000000000004,swap,notBad
7464,6,519.4200000000001,5,508.96000000000004,swap,notBad
7465,6,519.4200000000001,5,508.96000000000004,swap,notBad
7466,6,519.4200000000001,5,508.96000000000004,swap,notBad
7467,6,519.4200000000001,5,508.96000000000004,move,improve
7468,6,519.4200000000001,5,508.96000000000004,move,improve
7469,6,519.4200000000001,5,508.96000000000004,swap,notBad
7470,6,519.4200000000001,5,508.96000000000004,2opt,notBad
7471,6,519.4200000000001,5,508.96000000000004,swap,notBad
7472,6,519.4200000000001,5,508.96000000000004,move,improve
7473,6,519.4200000000001,5,508.96000000000004,move,improve
7474,6,519.4200000000001,5,508.96000000000004,swap,notBad
7475,6,519.4200000000001,5,508.96000000000004,swap,notBad
7476,6,519.4200000000001,5,508.96000000000004,move,improve
7477,6,519.4200000000001,5,508.96000000000004,2opt,notBad
7478,6,519.4200000000001,5,508.96000000000004,2opt,notBad
7479,6,519.4200000000001,5,508.96000000000004,swap,notBad
7480,6,519.4200000000001,5,508.96000000000004,swap,notBad
7481,6,519.4200000000001,5,508.96000000000004,2opt,improve
7482,6,519.4200000000001,5,508.96000000000004,2opt,notBad
7483,6,519.4200000000001,5,508.96000000000004,move,improve
7484,6,519.4200000000001,5,508.96000000000004,2opt,improve
7485,6,519.4200000000001,5,508.96000000000004,move,improve
7486,6,519.4200000000001,5,508.96000000000004,2opt,notBad
7487,6,519.4200000000001,5,508.96000000000004,move,improve
7488,6,519.4200000000001,5,508.96000000000004,2opt,notBad
7489,6,519.4200000000001,5,508.96000000000004,swap,notBad
7490,6,519.4200000000001,5,508.96000000000004,swap,notBad
7491,6,519.4200000000001,5,508.96000000000004,swap,notBad
7492,6,519.4200000000001,5,508.96000000000004,2opt,notBad
7493,6,519.4200000000001,5,508.96000000000004,swap,notBad
7494,6,519.4200000000001,5,508.96000000000004,swap,notBad
7495,6,519.4200000000001,5,508.96000000000004,swap,notBad
7496,6,519.4200000000001,5,508.96000000000004,2opt,notBad
7497,6,519.4200000000001,5,508.96000000000004,swap,notBad
7498,6,519.4200000000001,5,508.96000000000004,swap,notBad
7499,6,519.4200000000001,5,508.96000000000004,2opt,notBad
7500,6,519.4200000000001,5,508.96000000000004,swap,notBad
7501,6,519.4200000000001,5,508.96000000000004,swap,notBad
7502,6,519.4200000000001,5,508.96000000000004,move,improve
7503,6,519.4200000000001,5,508.96000000000004,swap,notBad
7504,6,519.4200000000001,5,508.96000000000004,move,improve
7505,6,519.4200000000001,5,508.96000000000004,move,improve
7506,6,519.4200000000001,5,508.96000000000004,swap,notBad
7507,6,519.4200000000001,5,508.96000000000004,swap,notBad
7508,6,519.4200000000001,5,508.96000000000004,2opt,improve
7509,6,519.4200000000001,5,508.96000000000004,move,improve
7510,6,519.4200000000001,5,508.96000000000004,swap,notBad
7511,6,519.4200000000001,5,508.96000000000004,swap,notBad
7512,6,519.4200000000001,5,508.96000000000004,swap,notBad
7513,6,519.4200000000001,5,508.96000000000004,swap,notBad
7514,6,519.4200000000001,5,508.96000000000004,swap,notBad
7515,6,519.4200000000001,5,508.96000000000004,swap,notBad
7516,6,519.4200000000001,5,508.96000000000004,2opt,notBad
7517,6,519.4200000000001,5,508.96000000000004,2opt,notBad
7518,6,519.4200000000001,5,508.96000000000004,swap,notBad
7519,6,519.4200000000001,5,508.96000000000004,2opt,notBad
7520,6,519.4200000000001,5,508.96000000000004,2opt,notBad
7521,6,519.4200000000001,5,508.96000000000004,2opt,notBad
7522,6,519.4200000000001,5,508.96000000000004,2opt,notBad
7523,6,519.4200000000001,5,508.96000000000004,move,improve
7524,6,519.4200000000001,5,508.96000000000004,2opt,notBad
7525,6,519.4200000000001,5,508.96000000000004,move,improve
7526,6,519.4200000000001,5,508.96000000000004,swap,notBad
7527,6,519.4200000000001,5,508.96000000000004,2opt,notBad
7528,6,519.4200000000001,5,508.96000000000004,move,improve
7529,6,519.4200000000001,5,508.96000000000004,swap,notBad
7530,6,519.4200000000001,5,508.96000000000004,move,improve
7531,6,519.4200000000001,5,508.96000000000004,move,improve
7532,6,519.4200000000001,5,508.96000000000004,move,improve
7533,6,519.4200000000001,5,508.96000000000004,swap,notBad
7534,6,519.4200000000001,5,508.96000000000004,2opt,notBad
7535,6,519.4200000000001,5,508.96000000000004,2opt,notBad
7536,6,519.4200000000001,5,508.96000000000004,2opt,notBad
7537,6,519.4200000000001,5,508.96000000000004,move,improve
7538,6,519.4200000000001,5,508.96000000000004,swap,notBad
7539,6,519.4200000000001,5,508.96000000000004,swap,notBad
7540,6,519.4200000000001,5,508.96000000000004,swap,notBad
7541,6,519.4200000000001,5,508.96000000000004,2opt,notBad
7542,6,519.4200000000001,5,508.96000000000004,move,improve
7543,6,519.4200000000001,5,508.96000000000004,2opt,notBad
7544,6,519.4200000000001,5,508.96000000000004,2opt,notBad
7545,6,519.4200000000001,5,508.96000000000004,move,improve
7546,6,519.4200000000001,5,508.96000000000004,2opt,notBad
7547,6,520.0600000000001,5,508.96000000000004,swap,acceptBad
7548,6,520.0600000000001,5,508.96000000000004,2opt,notBad
7549,6,520.0600000000001,5,508.96000000000004,move,improve
7550,6,520.0600000000001,5,508.96000000000004,2opt,notBad
7551,6,520.0600000000001,5,508.96000000000004,move,improve
7552,6,520.0600000000001,5,508.96000000000004,move,improve
7553,6,520.0600000000001,5,508.96000000000004,swap,notBad
7554,6,520.0600000000001,5,508.96000000000004,move,improve
7555,6,520.0600000000001,5,508.96000000000004,move,improve
7556,6,520.0600000000001,5,508.96000000000004,swap,notBad
7557,6,520.0600000000001,5,508.96000000000004,swap,notBad
7558,6,520.0600000000001,5,508.96000000000004,2opt,improve
7559,6,520.0600000000001,5,508.96000000000004,2opt,notBad
7560,6,520.0600000000001,5,508.96000000000004,move,improve
7561,6,520.0600000000001,5,508.96000000000004,swap,notBad
7562,6,520.0600000000001,5,508.96000000000004,2opt,improve
7563,6,520.0600000000001,5,508.96000000000004,2opt,notBad
7564,6,520.0600000000001,5,508.96000000000004,move,improve
7565,6,520.0600000000001,5,508.96000000000004,swap,notBad
7566,6,520.0600000000001,5,508.96000000000004,move,improve
7567,6,520.0600000000001,5,508.96000000000004,move,improve
7568,6,519.4200000000001,5,508.96000000000004,move,improve
7569,6,519.4200000000001,5,508.96000000000004,2opt,notBad
7570,6,519.4200000000001,5,508.96000000000004,move,improve
7571,6,519.4200000000001,5,508.96000000000004,2opt,notBad
7572,6,519.4200000000001,5,508.96000000000004,move,improve
7573,6,519.4200000000001,5,508.96000000000004,move,improve
7574,6,519.4200000000001,5,508.96000000000004,swap,notBad
7575,6,519.4200000000001,5,508.96000000000004,2opt,notBad
7576,6,519.4200000000001,5,508.96000000000004,move,improve
7577,6,519.4200000000001,5,508.96000000000004,swap,notBad
7578,6,519.4200000000001,5,508.96000000000004,swap,notBad
7579,6,519.4200000000001,5,508.96000000000004,move,improve
7580,6,519.4200000000001,5,508.96000000000004,swap,notBad
7581,6,519.4200000000001,5,508.96000000000004,2opt,notBad
7582,6,519.4200000000001,5,508.96000000000004,move,improve
7583,6,519.4200000000001,5,508.96000000000004,2opt,notBad
7584,6,519.4200000000001,5,508.96000000000004,2opt,notBad
7585,6,519.4200000000001,5,508.96000000000004,move,improve
7586,6,519.4200000000001,5,508.96000000000004,2opt,notBad
7587,6,519.4200000000001,5,508.96000000000004,swap,notBad
7588,6,519.4200000000001,5,508.96000000000004,swap,notBad
7589,6,519.4200000000001,5,508.96000000000004,2opt,notBad
7590,6,519.4200000000001,5,508.96000000000004,move,improve
7591,6,519.4200000000001,5,508.96000000000004,move,improve
7592,6,519.4200000000001,5,508.96000000000004,move,improve
7593,6,519.4200000000001,5,508.96000000000004,move,improve
7594,6,519.4200000000001,5,508.96000000000004,move,improve
7595,6,519.4200000000001,5,508.96000000000004,move,improve
7596,6,519.4200000000001,5,508.96000000000004,2opt,improve
7597,6,519.4200000000001,5,508.96000000000004,swap,notBad
7598,6,519.4200000000001,5,508.96000000000004,swap,notBad
7599,6,519.4200000000001,5,508.96000000000004,move,improve
7600,6,519.4200000000001,5,508.96000000000004,swap,notBad
7601,6,519.4200000000001,5,508.96000000000004,2opt,notBad
7602,6,519.4200000000001,5,508.96000000000004,2opt,notBad
7603,6,519.4200000000001,5,508.96000000000004,swap,notBad
7604,6,519.4200000000001,5,508.96000000000004,move,improve
7605,6,519.4200000000001,5,508.96000000000004,swap,notBad
7606,6,519.4200000000001,5,508.96000000000004,swap,notBad
7607,6,519.4200000000001,5,508.96000000000004,swap,notBad
7608,6,519.4200000000001,5,508.96000000000004,swap,notBad
7609,6,519.4200000000001,5,508.96000000000004,swap,notBad
7610,6,519.4200000000001,5,508.96000000000004,swap,notBad
7611,6,519.4200000000001,5,508.96000000000004,2opt,notBad
7612,6,519.4200000000001,5,508.96000000000004,swap,notBad
7613,6,519.4200000000001,5,508.96000000000004,move,improve
7614,6,519.4200000000001,5,508.96000000000004,2opt,improve
7615,6,519.4200000000001,5,508.96000000000004,move,improve
7616,6,519.4200000000001,5,508.96000000000004,2opt,improve
7617,6,519.4200000000001,5,508.96000000000004,2opt,notBad
7618,6,519.4200000000001,5,508.96000000000004,2opt,notBad
7619,6,519.4200000000001,5,508.96000000000004,2opt,notBad
7620,6,519.4200000000001,5,508.96000000000004,move,improve
7621,6,519.4200000000001,5,508.96000000000004,swap,notBad
7622,6,519.4200000000001,5,508.96000000000004,2opt,improve
7623,6,519.4200000000001,5,508.96000000000004,2opt,notBad
7624,6,519.4200000000001,5,508.96000000000004,swap,notBad
7625,6,519.4200000000001,5,508.96000000000004,swap,notBad
7626,6,519.4200000000001,5,508.96000000000004,move,improve
7627,6,519.4200000000001,5,508.96000000000004,swap,notBad
7628,6,519.4200000000001,5,508.96000000000004,move,improve
7629,6,519.4200000000001,5,508.96000000000004,2opt,notBad
7630,6,519.4200000000001,5,508.96000000000004,move,improve
7631,6,519.4200000000001,5,508.96000000000004,swap,notBad
7632,6,519.4200000000001,5,508.96000000000004,move,improve
7633,6,519.4200000000001,5,508.96000000000004,move,improve
7634,6,519.4200000000001,5,508.96000000000004,move,improve
7635,6,519.4200000000001,5,508.96000000000004,2opt,notBad
7636,6,519.4200000000001,5,508.96000000000004,2opt,notBad
7637,6,519.4200000000001,5,508.96000000000004,swap,notBad
7638,6,519.4200000000001,5,508.96000000000004,swap,notBad
7639,6,519.4200000000001,5,508.96000000000004,2opt,notBad
7640,6,519.4200000000001,5,508.96000000000004,move,improve
7641,6,519.4200000000001,5,508.96000000000004,swap,notBad
7642,6,519.4200000000001,5,508.96000000000004,2opt,notBad
7643,6,519.4200000000001,5,508.96000000000004,2opt,notBad
7644,6,520.24,5,508.96000000000004,swap,acceptBad
7645,6,520.24,5,508.96000000000004,2opt,notBad
7646,6,520.24,5,508.96000000000004,2opt,notBad
7647,6,520.24,5,508.96000000000004,swap,notBad
7648,6,520.24,5,508.96000000000004,2opt,notBad
7649,6,520.24,5,508.96000000000004,swap,notBad
7650,6,520.24,5,508.96000000000004,swap,notBad
7651,6,520.24,5,508.96000000000004,2opt,improve
7652,6,520.24,5,508.96000000000004,2opt,notBad
7653,6,520.24,5,508.96000000000004,2opt,notBad
7654,6,520.24,5,508.96000000000004,swap,notBad
7655,6,520.24,5,508.96000000000004,swap,notBad
7656,6,520.24,5,508.96000000000004,swap,notBad
7657,6,520.24,5,508.96000000000004,move,improve
7658,6,520.24,5,508.96000000000004,move,improve
7659,6,520.24,5,508.96000000000004,swap,notBad
7660,6,520.24,5,508.96000000000004,swap,notBad
7661,6,520.24,5,508.96000000000004,swap,notBad
7662,6,520.24,5,508.96000000000004,2opt,notBad
7663,6,520.24,5,508.96000000000004,move,improve
7664,6,521.0600000000001,5,508.96000000000004,swap,acceptBad
7665,6,521.0600000000001,5,508.96000000000004,move,improve
7666,6,521.0600000000001,5,508.96000000000004,2opt,notBad
7667,6,521.0600000000001,5,508.96000000000004,move,improve
7668,6,521.0600000000001,5,508.96000000000004,2opt,notBad
7669,6,521.0600000000001,5,508.96000000000004,move,improve
7670,6,521.0600000000001,5,508.96000000000004,swap,notBad
7671,6,521.0600000000001,5,508.96000000000004,swap,notBad
7672,6,521.0600000000001,5,508.96000000000004,move,improve
7673,6,521.0600000000001,5,508.96000000000004,2opt,notBad
7674,6,521.0600000000001,5,508.96000000000004,swap,notBad
7675,6,520.64,5,508.96000000000004,move,improve
7676,6,520.64,5,508.96000000000004,2opt,notBad
7677,6,520.64,5,508.96000000000004,swap,notBad
7678,6,520.64,5,508.96000000000004,swap,notBad
7679,6,520.64,5,508.96000000000004,2opt,notBad
7680,6,520.64,5,508.96000000000004,swap,notBad
7681,6,520.64,5,508.96000000000004,2opt,notBad
7682,6,520.64,5,508.96000000000004,move,improve
7683,6,520.64,5,508.96000000000004,2opt,notBad
7684,6,520.64,5,508.96000000000004,move,improve
7685,6,520.64,5,508.96000000000004,move,improve
7686,6,520.64,5,508.96000000000004,swap,notBad
7687,6,520.64,5,508.96000000000004,2opt,notBad
7688,6,520.64,5,508.96000000000004,swap,notBad
7689,6,520.64,5,508.96000000000004,swap,notBad
7690,6,520.64,5,508.96000000000004,swap,notBad
7691,6,520.64,5,508.96000000000004,swap,notBad
7692,6,520.64,5,508.96000000000004,move,improve
7693,6,520.64,5,508.96000000000004,swap,notBad
7694,6,520.64,5,508.96000000000004,swap,notBad
7695,6,520.64,5,508.96000000000004,swap,notBad
7696,6,520.64,5,508.96000000000004,move,improve
7697,6,520.64,5,508.96000000000004,swap,notBad
7698,6,520.64,5,508.96000000000004,move,improve
7699,6,520.64,5,508.96000000000004,2opt,notBad
7700,6,520.64,5,508.96000000000004,swap,notBad
7701,6,520.64,5,508.96000000000004,swap,notBad
7702,6,520.64,5,508.96000000000004,swap,notBad
7703,6,520.64,5,508.96000000000004,2opt,notBad
7704,6,520.24,5,508.96000000000004,swap,improve
7705,6,519.84,5,508.96000000000004,move,improve
7706,6,519.84,5,508.96000000000004,move,improve
7707,6,519.84,5,508.96000000000004,move,improve
7708,6,519.84,5,508.96000000000004,move,improve
7709,6,519.84,5,508.96000000000004,move,improve
7710,6,519.84,5,508.96000000000004,swap,notBad
7711,6,519.84,5,508.96000000000004,move,improve
7712,6,519.84,5,508.96000000000004,move,improve
7713,6,519.84,5,508.96000000000004,swap,notBad
7714,6,519.84,5,508.96000000000004,swap,notBad
7715,6,519.84,5,508.96000000000004,2opt,notBad
7716,6,519.84,5,508.96000000000004,move,improve
7717,6,519.84,5,508.96000000000004,2opt,notBad
7718,6,519.84,5,508.96000000000004,move,improve
7719,6,519.84,5,508.96000000000004,2opt,improve
7720,6,519.84,5,508.96000000000004,move,improve
7721,6,519.84,5,508.96000000000004,move,improve
7722,6,519.84,5,508.96000000000004,swap,notBad
7723,6,519.84,5,508.96000000000004,2opt,improve
7724,6,519.84,5,508.96000000000004,swap,notBad
7725,6,519.84,5,508.96000000000004,2opt,notBad
7726,6,519.84,5,508.96000000000004,2opt,notBad
7727,6,519.84,5,508.96000000000004,swap,notBad
7728,6,519.84,5,508.96000000000004,move,improve
7729,6,519.84,5,508.96000000000004,swap,notBad
7730,6,519.84,5,508.96000000000004,2opt,improve
7731,6,519.84,5,508.96000000000004,2opt,notBad
7732,6,519.84,5,508.96000000000004,move,improve
7733,6,519.84,5,508.96000000000004,move,improve
7734,6,519.84,5,508.96000000000004,swap,notBad
7735,6,519.84,5,508.96000000000004,swap,notBad
7736,6,519.84,5,508.96000000000004,2opt,improve
7737,6,519.84,5,508.96000000000004,swap,notBad
7738,6,519.84,5,508.96000000000004,swap,notBad
7739,6,519.84,5,508.96000000000004,move,improve
7740,6,519.84,5,508.96000000000004,2opt,notBad
7741,6,519.84,5,508.96000000000004,move,improve
7742,6,519.84,5,508.96000000000004,2opt,notBad
7743,6,519.84,5,508.96000000000004,move,improve
7744,6,519.84,5,508.96000000000004,2opt,notBad
7745,6,519.84,5,508.96000000000004,swap,notBad
7746,6,519.84,5,508.96000000000004,swap,notBad
7747,6,519.84,5,508.96000000000004,swap,notBad
7748,6,519.84,5,508.96000000000004,move,improve
7749,6,519.84,5,508.96000000000004,2opt,notBad
7750,6,519.84,5,508.96000000000004,move,improve
7751,6,519.84,5,508.96000000000004,swap,notBad
7752,6,519.84,5,508.96000000000004,move,improve
7753,6,519.84,5,508.96000000000004,move,improve
7754,6,519.84,5,508.96000000000004,swap,notBad
7755,6,519.84,5,508.96000000000004,swap,notBad
7756,6,519.84,5,508.96000000000004,move,improve
7757,6,519.84,5,508.96000000000004,2opt,improve
7758,6,519.84,5,508.96000000000004,move,improve
7759,6,519.84,5,508.96000000000004,2opt,improve
7760,6,519.84,5,508.96000000000004,swap,notBad
7761,6,519.84,5,508.96000000000004,swap,notBad
7762,6,519.84,5,508.96000000000004,2opt,notBad
7763,6,519.84,5,508.96000000000004,2opt,notBad
7764,6,519.84,5,508.96000000000004,move,improve
7765,6,519.84,5,508.96000000000004,move,improve
7766,6,519.84,5,508.96000000000004,swap,notBad
7767,6,519.84,5,508.96000000000004,2opt,notBad
7768,6,519.84,5,508.96000000000004,swap,notBad
7769,6,519.84,5,508.96000000000004,2opt,notBad
7770,6,519.84,5,508.96000000000004,2opt,improve
7771,6,519.84,5,508.96000000000004,swap,notBad
7772,6,519.84,5,508.96000000000004,move,improve
7773,6,519.84,5,508.96000000000004,2opt,improve
7774,6,519.84,5,508.96000000000004,2opt,notBad
7775,6,519.84,5,508.96000000000004,move,improve
7776,6,519.84,5,508.96000000000004,move,improve
7777,6,519.84,5,508.96000000000004,2opt,notBad
7778,6,519.84,5,508.96000000000004,2opt,notBad
7779,6,519.84,5,508.96000000000004,2opt,notBad
7780,6,519.84,5,508.96000000000004,2opt,notBad
7781,6,519.84,5,508.96000000000004,swap,notBad
7782,6,519.84,5,508.96000000000004,move,improve
7783,6,519.84,5,508.96000000000004,swap,notBad
7784,6,519.84,5,508.96000000000004,swap,notBad
7785,6,519.84,5,508.96000000000004,2opt,notBad
7786,6,519.84,5,508.96000000000004,move,improve
7787,6,519.84,5,508.96000000000004,2opt,notBad
7788,6,519.84,5,508.96000000000004,2opt,notBad
7789,6,519.84,5,508.96000000000004,swap,notBad
7790,6,519.84,5,508.96000000000004,move,improve
7791,6,521.1600000000001,5,508.96000000000004,swap,acceptBad
7792,6,521.1600000000001,5,508.96000000000004,2opt,notBad
7793,6,521.1600000000001,5,508.96000000000004,move,improve
7794,6,521.1600000000001,5,508.96000000000004,2opt,notBad
7795,6,521.1600000000001,5,508.96000000000004,2opt,improve
7796,6,521.1600000000001,5,508.96000000000004,move,improve
7797,6,521.1600000000001,5,508.96000000000004,move,improve
7798,6,521.1600000000001,5,508.96000000000004,2opt,notBad
7799,6,521.1600000000001,5,508.96000000000004,2opt,notBad
7800,6,521.1600000000001,5,508.96000000000004,swap,notBad
7801,6,521.1600000000001,5,508.96000000000004,move,improve
7802,6,521.1600000000001,5,508.96000000000004,swap,notBad
7803,6,522.36,5,508.96000000000004,move,acceptBad
7804,6,522.36,5,508.96000000000004,swap,notBad
7805,6,522.36,5,508.96000000000004,swap,notBad
7806,6,522.36,5,508.96000000000004,move,improve
7807,6,522.36,5,508.96000000000004,swap,notBad
7808,6,522.36,5,508.96000000000004,swap,notBad
7809,6,522.36,5,508.96000000000004,move,improve
7810,6,522.36,5,508.96000000000004,move,improve
7811,6,522.36,5,508.96000000000004,2opt,notBad
7812,6,522.36,5,508.96000000000004,swap,notBad
7813,6,522.36,5,508.96000000000004,swap,notBad
7814,6,522.36,5,508.96000000000004,2opt,notBad
7815,6,522.36,5,508.96000000000004,move,improve
7816,6,522.36,5,508.96000000000004,move,improve
7817,6,522.36,5,508.96000000000004,2opt,notBad
7818,6,522.36,5,508.96000000000004,move,improve
7819,6,522.36,5,508.96000000000004,2opt,notBad
7820,6,522.36,5,508.96000000000004,swap,notBad
7821,6,522.36,5,508.96000000000004,move,improve
7822,6,522.36,5,508.96000000000004,swap,notBad
7823,6,522.36,5,508.96000000000004,swap,notBad
7824,6,522.36,5,508.96000000000004,move,improve
7825,6,522.36,5,508.96000000000004,move,improve
7826,6,522.36,5,508.96000000000004,2opt,notBad
7827,6,522.36,5,508.96000000000004,swap,notBad
7828,6,522.36,5,508.96000000000004,swap,notBad
7829,6,522.36,5,508.96000000000004,2opt,improve
7830,6,522.36,5,508.96000000000004,2opt,notBad
7831,6,522.36,5,508.96000000000004,swap,notBad
7832,6,522.36,5,508.96000000000004,swap,notBad
7833,6,522.36,5,508.96000000000004,swap,notBad
7834,6,522.36,5,508.96000000000004,move,improve
7835,6,522.36,5,508.96000000000004,swap,notBad
7836,6,522.36,5,508.96000000000004,swap,notBad
7837,6,522.36,5,508.96000000000004,2opt,notBad
7838,6,522.36,5,508.96000000000004,2opt,notBad
7839,6,522.36,5,508.96000000000004,move,improve
7840,6,522.36,5,508.96000000000004,swap,notBad
7841,6,522.36,5,508.96000000000004,2opt,notBad
7842,6,522.36,5,508.96000000000004,swap,notBad
7843,6,522.36,5,508.96000000000004,move,improve
7844,6,522.36,5,508.96000000000004,2opt,notBad
7845,6,522.36,5,508.96000000000004,2opt,notBad
7846,6,522.36,5,508.96000000000004,move,improve
7847,6,522.36,5,508.96000000000004,2opt,notBad
7848,6,522.36,5,508.96000000000004,swap,notBad
7849,6,522.36,5,508.96000000000004,swap,notBad
7850,6,522.36,5,508.96000000000004,move,improve
7851,6,522.36,5,508.96000000000004,move,improve
7852,6,522.36,5,508.96000000000004,swap,notBad
7853,6,522.36,5,508.96000000000004,2opt,notBad
7854,6,522.36,5,508.96000000000004,swap,notBad
7855,6,522.36,5,508.96000000000004,2opt,notBad
7856,6,522.36,5,508.96000000000004,2opt,notBad
7857,6,522.36,5,508.96000000000004,move,improve
7858,6,522.36,5,508.96000000000004,move,improve
7859,6,522.36,5,508.96000000000004,swap,notBad
7860,6,522.36,5,508.96000000000004,swap,notBad
7861,6,520.64,5,508.96000000000004,move,improve
7862,6,519.44,5,508.96000000000004,move,improve
7863,6,519.44,5,508.96000000000004,2opt,notBad
7864,6,519.44,5,508.96000000000004,2opt,notBad
7865,6,519.44,5,508.96000000000004,2opt,improve
7866,6,519.44,5,508.96000000000004,move,improve
7867,6,519.44,5,508.96000000000004,swap,notBad
7868,6,519.44,5,508.96000000000004,2opt,notBad
7869,6,519.44,5,508.96000000000004,swap,notBad
7870,6,519.44,5,508.96000000000004,move,improve
7871,6,519.44,5,508.96000000000004,2opt,improve
7872,6,519.44,5,508.96000000000004,move,improve
7873,6,519.44,5,508.96000000000004,move,improve
7874,6,519.44,5,508.96000000000004,swap,notBad
7875,6,519.44,5,508.96000000000004,swap,notBad
7876,6,519.44,5,508.96000000000004,move,improve
7877,6,519.44,5,508.96000000000004,move,improve
7878,6,519.44,5,508.96000000000004,2opt,notBad
7879,6,519.44,5,508.96000000000004,2opt,improve
7880,6,519.44,5,508.96000000000004,swap,notBad
7881,6,519.44,5,508.96000000000004,move,improve
7882,6,519.44,5,508.96000000000004,swap,notBad
7883,6,519.44,5,508.96000000000004,move,improve
7884,6,519.44,5,508.96000000000004,2opt,improve
7885,6,519.44,5,508.96000000000004,2opt,notBad
7886,6,519.44,5,508.96000000000004,move,improve
7887,6,519.44,5,508.96000000000004,move,improve
7888,6,519.44,5,508.96000000000004,swap,notBad
7889,6,519.44,5,508.96000000000004,2opt,notBad
7890,6,519.44,5,508.96000000000004,2opt,notBad
7891,6,519.44,5,508.96000000000004,2opt,improve
7892,6,519.44,5,508.96000000000004,move,improve
7893,6,519.44,5,508.96000000000004,move,improve
7894,6,519.44,5,508.96000000000004,2opt,notBad
7895,6,519.44,5,508.96000000000004,swap,notBad
7896,6,519.44,5,508.96000000000004,2opt,notBad
7897,6,519.44,5,508.96000000000004,swap,notBad
7898,6,519.44,5,508.96000000000004,swap,notBad
7899,6,519.44,5,508.96000000000004,2opt,notBad
7900,6,519.44,5,508.96000000000004,move,improve
7901,6,519.44,5,508.96000000000004,move,improve
7902,6,519.44,5,508.96000000000004,swap,notBad
7903,6,519.44,5,508.96000000000004,move,improve
7904,6,519.44,5,508.96000000000004,move,improve
7905,6,519.44,5,508.96000000000004,swap,notBad
7906,6,519.44,5,508.96000000000004,2opt,notBad
7907,6,519.44,5,508.96000000000004,move,improve
7908,6,519.44,5,508.96000000000004,2opt,notBad
7909,6,519.44,5,508.96000000000004,swap,notBad
7910,6,519.44,5,508.96000000000004,move,improve
7911,6,519.44,5,508.96000000000004,swap,notBad
7912,6,519.44,5,508.96000000000004,2opt,notBad
7913,6,519.44,5,508.96000000000004,move,improve
7914,6,519.44,5,508.96000000000004,2opt,notBad
7915,6,519.44,5,508.96000000000004,move,improve
7916,6,519.44,5,508.96000000000004,2opt,notBad
7917,6,519.44,5,508.96000000000004,move,improve
7918,6,519.44,5,508.96000000000004,2opt,notBad
7919,6,519.44,5,508.96000000000004,2opt,notBad
7920,6,519.44,5,508.96000000000004,swap,notBad
7921,6,519.44,5,508.96000000000004,2opt,notBad
7922,6,519.44,5,508.96000000000004,swap,notBad
7923,6,519.44,5,508.96000000000004,swap,notBad
7924,6,519.44,5,508.96000000000004,2opt,notBad
7925,6,519.44,5,508.96000000000004,swap,notBad
7926,6,519.44,5,508.96000000000004,swap,notBad
7927,6,519.44,5,508.96000000000004,swap,notBad
7928,6,519.44,5,508.96000000000004,swap,notBad
7929,6,519.44,5,508.96000000000004,swap,notBad
7930,6,519.44,5,508.96000000000004,swap,notBad
7931,6,519.44,5,508.96000000000004,2opt,notBad
7932,6,519.44,5,508.96000000000004,swap,notBad
7933,6,519.44,5,508.96000000000004,swap,notBad
7934,6,519.44,5,508.96000000000004,move,improve
7935,6,519.44,5,508.96000000000004,swap,notBad
7936,6,519.44,5,508.96000000000004,2opt,notBad
7937,6,519.44,5,508.96000000000004,move,improve
7938,6,519.44,5,508.96000000000004,swap,notBad
7939,6,519.44,5,508.96000000000004,2opt,improve
7940,6,519.44,5,508.96000000000004,swap,notBad
7941,6,519.44,5,508.96000000000004,swap,notBad
7942,6,519.44,5,508.96000000000004,swap,notBad
7943,6,519.44,5,508.96000000000004,swap,notBad
7944,6,519.44,5,508.96000000000004,2opt,notBad
7945,6,519.44,5,508.96000000000004,swap,notBad
7946,6,519.44,5,508.96000000000004,move,improve
7947,6,519.44,5,508.96000000000004,2opt,notBad
7948,6,519.44,5,508.96000000000004,swap,notBad
7949,6,519.44,5,508.96000000000004,2opt,improve
7950,6,519.44,5,508.96000000000004,move,improve
7951,6,519.44,5,508.96000000000004,move,improve
7952,6,519.44,5,508.96000000000004,swap,notBad
7953,6,519.44,5,508.96000000000004,move,improve
7954,6,519.44,5,508.96000000000004,move,improve
7955,6,519.44,5,508.96000000000004,swap,notBad
7956,6,519.44,5,508.96000000000004,move,improve
7957,6,519.44,5,508.96000000000004,move,improve
7958,6,519.44,5,508.96000000000004,2opt,improve
7959,6,519.44,5,508.96000000000004,swap,notBad
7960,6,519.44,5,508.96000000000004,2opt,notBad
7961,6,519.44,5,508.96000000000004,move,improve
7962,6,519.44,5,508.96000000000004,move,improve
7963,6,519.44,5,508.96000000000004,2opt,notBad
7964,6,519.44,5,508.96000000000004,2opt,notBad
7965,6,519.44,5,508.96000000000004,move,improve
7966,6,519.44,5,508.96000000000004,2opt,improve
7967,6,519.44,5,508.96000000000004,swap,notBad
7968,6,519.44,5,508.96000000000004,swap,notBad
7969,6,519.44,5,508.96000000000004,2opt,notBad
7970,6,519.44,5,508.96000000000004,swap,notBad
7971,6,519.44,5,508.96000000000004,2opt,notBad
7972,6,519.44,5,508.96000000000004,swap,notBad
7973,6,519.44,5,508.96000000000004,move,improve
7974,6,519.44,5,508.96000000000004,move,improve
7975,6,519.44,5,508.96000000000004,move,improve
7976,6,519.44,5,508.96000000000004,swap,notBad
7977,6,519.44,5,508.96000000000004,move,improve
7978,6,519.44,5,508.96000000000004,2opt,notBad
7979,6,519.44,5,508.96000000000004,2opt,improve
7980,6,519.44,5,508.96000000000004,2opt,notBad
7981,6,519.44,5,508.96000000000004,swap,notBad
7982,6,519.44,5,508.96000000000004,swap,notBad
7983,6,519.44,5,508.96000000000004,swap,notBad
7984,6,519.44,5,508.96000000000004,move,improve
7985,6,519.44,5,508.96000000000004,2opt,notBad
7986,6,519.44,5,508.96000000000004,2opt,notBad
7987,6,519.44,5,508.96000000000004,swap,notBad
7988,6,519.44,5,508.96000000000004,move,improve
7989,6,519.44,5,508.96000000000004,2opt,notBad
7990,6,519.44,5,508.96000000000004,move,improve
7991,6,519.44,5,508.96000000000004,2opt,notBad
7992,6,519.44,5,508.96000000000004,move,improve
7993,6,519.44,5,508.96000000000004,swap,notBad
7994,6,519.44,5,508.96000000000004,swap,notBad
7995,6,519.44,5,508.96000000000004,move,improve
7996,6,519.44,5,508.96000000000004,2opt,notBad
7997,6,519.44,5,508.96000000000004,2opt,notBad
7998,6,519.44,5,508.96000000000004,swap,notBad
7999,6,519.44,5,508.96000000000004,2opt,notBad
8000,6,519.44,5,508.96000000000004,swap,notBad
8001,6,519.44,5,508.96000000000004,swap,notBad
8002,6,519.44,5,508.96000000000004,swap,notBad
8003,6,519.44,5,508.96000000000004,swap,notBad
8004,6,519.44,5,508.96000000000004,move,improve
8005,6,519.44,5,508.96000000000004,2opt,notBad
8006,6,519.44,5,508.96000000000004,2opt,notBad
8007,6,519.44,5,508.96000000000004,move,improve
8008,6,519.44,5,508.96000000000004,2opt,notBad
8009,6,519.44,5,508.96000000000004,2opt,notBad
8010,6,519.44,5,508.96000000000004,swap,notBad
8011,6,519.44,5,508.96000000000004,swap,notBad
8012,6,519.44,5,508.96000000000004,2opt,improve
8013,6,519.44,5,508.96000000000004,2opt,notBad
8014,6,519.44,5,508.96000000000004,2opt,notBad
8015,6,519.44,5,508.96000000000004,move,improve
8016,6,519.44,5,508.96000000000004,move,improve
8017,6,519.44,5,508.96000000000004,swap,notBad
8018,6,519.44,5,508.96000000000004,2opt,notBad
8019,6,519.44,5,508.96000000000004,move,improve
8020,6,519.44,5,508.96000000000004,2opt,notBad
8021,6,519.44,5,508.96000000000004,swap,notBad
8022,6,519.44,5,508.96000000000004,move,improve
8023,6,519.44,5,508.96000000000004,move,improve
8024,6,519.44,5,508.96000000000004,2opt,notBad
8025,6,519.44,5,508.96000000000004,move,improve
8026,6,519.44,5,508.96000000000004,2opt,notBad
8027,6,519.44,5,508.96000000000004,2opt,notBad
8028,6,519.44,5,508.96000000000004,move,improve
8029,6,519.44,5,508.96000000000004,move,improve
8030,6,519.44,5,508.96000000000004,2opt,notBad
8031,6,519.44,5,508.96000000000004,swap,notBad
8032,6,519.44,5,508.96000000000004,swap,notBad
8033,6,519.44,5,508.96000000000004,2opt,notBad
8034,6,519.44,5,508.96000000000004,move,improve
8035,6,519.44,5,508.96000000000004,swap,notBad
8036,6,519.44,5,508.96000000000004,move,improve
8037,6,519.44,5,508.96000000000004,swap,notBad
8038,6,519.44,5,508.96000000000004,swap,notBad
8039,6,519.44,5,508.96000000000004,2opt,notBad
8040,6,519.44,5,508.96000000000004,move,improve
8041,6,519.44,5,508.96000000000004,swap,notBad
8042,6,519.44,5,508.96000000000004,2opt,notBad
8043,6,519.44,5,508.96000000000004,move,improve
8044,6,519.44,5,508.96000000000004,move,improve
8045,6,519.44,5,508.96000000000004,2opt,notBad
8046,6,519.44,5,508.96000000000004,swap,notBad
8047,6,519.44,5,508.96000000000004,2opt,notBad
8048,6,519.44,5,508.96000000000004,2opt,notBad
8049,6,519.44,5,508.96000000000004,2opt,notBad
8050,6,519.44,5,508.96000000000004,move,improve
8051,6,519.44,5,508.96000000000004,swap,notBad
8052,6,519.44,5,508.96000000000004,move,improve
8053,6,519.44,5,508.96000000000004,move,improve
8054,6,519.44,5,508.96000000000004,2opt,improve
8055,6,519.44,5,508.96000000000004,swap,notBad
8056,6,519.44,5,508.96000000000004,swap,notBad
8057,6,519.44,5,508.96000000000004,move,improve
8058,6,519.44,5,508.96000000000004,2opt,notBad
8059,6,521.1600000000001,5,508.96000000000004,swap,acceptBad
8060,6,521.1600000000001,5,508.96000000000004,move,improve
8061,6,521.1600000000001,5,508.96000000000004,2opt,notBad
8062,6,521.1600000000001,5,508.96000000000004,swap,notBad
8063,6,521.1600000000001,5,508.96000000000004,swap,notBad
8064,6,521.1600000000001,5,508.96000000000004,swap,notBad
8065,6,521.1600000000001,5,508.96000000000004,move,improve
8066,6,521.1600000000001,5,508.96000000000004,swap,notBad
8067,6,521.1600000000001,5,508.96000000000004,swap,notBad
8068,6,521.1600000000001,5,508.96000000000004,swap,notBad
8069,6,521.1600000000001,5,508.96000000000004,swap,notBad
8070,6,521.1600000000001,5,508.96000000000004,2opt,notBad
8071,6,521.1600000000001,5,508.96000000000004,2opt,notBad
8072,6,521.1600000000001,5,508.96000000000004,2opt,notBad
8073,6,521.1600000000001,5,508.96000000000004,swap,notBad
8074,6,521.1600000000001,5,508.96000000000004,swap,notBad
8075,6,520.7600000000001,5,508.96000000000004,move,improve
8076,6,520.7600000000001,5,508.96000000000004,2opt,notBad
8077,6,520.7600000000001,5,508.96000000000004,2opt,notBad
8078,6,520.7600000000001,5,508.96000000000004,move,improve
8079,6,520.7600000000001,5,508.96000000000004,swap,notBad
8080,6,520.7600000000001,5,508.96000000000004,2opt,improve
8081,6,520.7600000000001,5,508.96000000000004,swap,notBad
8082,6,520.7600000000001,5,508.96000000000004,2opt,notBad
8083,6,520.7600000000001,5,508.96000000000004,2opt,notBad
8084,6,520.7600000000001,5,508.96000000000004,move,improve
8085,6,520.7600000000001,5,508.96000000000004,move,improve
8086,6,520.7600000000001,5,508.96000000000004,move,improve
8087,6,520.7600000000001,5,508.96000000000004,swap,notBad
8088,6,520.7600000000001,5,508.96000000000004,swap,notBad
8089,6,520.7600000000001,5,508.96000000000004,swap,notBad
8090,6,520.7600000000001,5,508.96000000000004,2opt,notBad
8091,6,520.7600000000001,5,508.96000000000004,move,improve
8092,6,520.7600000000001,5,508.96000000000004,2opt,notBad
8093,6,520.7600000000001,5,508.96000000000004,2opt,notBad
8094,6,520.7600000000001,5,508.96000000000004,move,improve
8095,6,520.7600000000001,5,508.96000000000004,2opt,notBad
8096,6,520.7600000000001,5,508.96000000000004,2opt,notBad
8097,6,520.7600000000001,5,508.96000000000004,2opt,improve
8098,6,520.7600000000001,5,508.96000000000004,swap,notBad
8099,6,520.7600000000001,5,508.96000000000004,move,improve
8100,6,520.7600000000001,5,508.96000000000004,move,improve
8101,6,520.7600000000001,5,508.96000000000004,move,improve
8102,6,520.7600000000001,5,508.96000000000004,move,improve
8103,6,520.7600000000001,5,508.96000000000004,move,improve
8104,6,520.7600000000001,5,508.96000000000004,2opt,notBad
8105,6,520.7600000000001,5,508.96000000000004,move,improve
8106,6,520.7600000000001,5,508.96000000000004,2opt,improve
8107,6,520.7600000000001,5,508.96000000000004,2opt,improve
8108,6,521.96,5,508.96000000000004,move,acceptBad
8109,6,521.96,5,508.96000000000004,2opt,notBad
8110,6,522.7,5,508.96000000000004,swap,acceptBad
8111,6,522.7,5,508.96000000000004,2opt,improve
8112,6,522.7,5,508.96000000000004,move,improve
8113,6,524.0200000000001,5,508.96000000000004,swap,acceptBad
8114,6,524.0200000000001,5,508.96000000000004,2opt,notBad
8115,6,524.0200000000001,5,508.96000000000004,move,improve
8116,6,524.0200000000001,5,508.96000000000004,move,improve
8117,6,524.0200000000001,5,508.96000000000004,2opt,notBad
8118,6,524.0200000000001,5,508.96000000000004,swap,notBad
8119,6,524.0200000000001,5,508.96000000000004,2opt,notBad
8120,6,524.0200000000001,5,508.96000000000004,move,improve
8121,6,524.0200000000001,5,508.96000000000004,2opt,notBad
8122,6,524.0200000000001,5,508.96000000000004,move,improve
8123,6,524.0200000000001,5,508.96000000000004,move,improve
8124,6,524.0200000000001,5,508.96000000000004,move,improve
8125,6,524.0200000000001,5,508.96000000000004,2opt,notBad
8126,6,524.0200000000001,5,508.96000000000004,2opt,notBad
8127,6,524.0200000000001,5,508.96000000000004,move,improve
8128,6,524.0200000000001,5,508.96000000000004,swap,notBad
8129,6,524.0200000000001,5,508.96000000000004,2opt,notBad
8130,6,524.0200000000001,5,508.96000000000004,move,improve
8131,6,524.0200000000001,5,508.96000000000004,2opt,notBad
8132,6,524.0200000000001,5,508.96000000000004,move,improve
8133,6,524.0200000000001,5,508.96000000000004,swap,notBad
8134,6,524.0200000000001,5,508.96000000000004,swap,notBad
8135,6,524.0200000000001,5,508.96000000000004,2opt,notBad
8136,6,524.0200000000001,5,508.96000000000004,swap,notBad
8137,6,524.0200000000001,5,508.96000000000004,swap,notBad
8138,6,524.0200000000001,5,508.96000000000004,2opt,notBad
8139,6,524.0200000000001,5,508.96000000000004,2opt,notBad
8140,6,524.0200000000001,5,508.96000000000004,swap,notBad
8141,6,524.0200000000001,5,508.96000000000004,2opt,notBad
8142,6,524.0200000000001,5,508.96000000000004,2opt,notBad
8143,6,524.0200000000001,5,508.96000000000004,2opt,notBad
8144,6,524.0200000000001,5,508.96000000000004,2opt,notBad
8145,6,524.0200000000001,5,508.96000000000004,move,improve
8146,6,524.0200000000001,5,508.96000000000004,2opt,notBad
8147,6,524.0200000000001,5,508.96000000000004,2opt,notBad
8148,6,524.0200000000001,5,508.96000000000004,move,improve
8149,6,524.0200000000001,5,508.96000000000004,swap,notBad
8150,6,524.0200000000001,5,508.96000000000004,2opt,notBad
8151,6,524.0200000000001,5,508.96000000000004,move,improve
8152,6,524.0200000000001,5,508.96000000000004,swap,notBad
8153,6,524.0200000000001,5,508.96000000000004,swap,notBad
8154,6,524.0200000000001,5,508.96000000000004,2opt,notBad
8155,6,524.0200000000001,5,508.96000000000004,move,improve
8156,6,524.0200000000001,5,508.96000000000004,swap,notBad
8157,6,524.0200000000001,5,508.96000000000004,move,improve
8158,6,524.0200000000001,5,508.96000000000004,2opt,notBad
8159,6,524.0200000000001,5,508.96000000000004,2opt,notBad
8160,6,524.02,5,508.96000000000004,move,improve
8161,6,524.02,5,508.96000000000004,move,improve
8162,6,524.02,5,508.96000000000004,move,improve
8163,6,524.02,5,508.96000000000004,swap,notBad
8164,6,524.02,5,508.96000000000004,2opt,notBad
8165,6,524.02,5,508.96000000000004,move,improve
8166,6,524.02,5,508.96000000000004,2opt,notBad
8167,6,524.02,5,508.96000000000004,swap,notBad
8168,6,524.02,5,508.96000000000004,swap,notBad
8169,6,524.02,5,508.96000000000004,2opt,notBad
8170,6,524.02,5,508.96000000000004,2opt,notBad
8171,6,524.02,5,508.96000000000004,move,improve
8172,6,524.02,5,508.96000000000004,2opt,notBad
8173,6,524.02,5,508.96000000000004,move,improve
8174,6,524.02,5,508.96000000000004,move,improve
8175,6,524.02,5,508.96000000000004,2opt,notBad
8176,6,524.02,5,508.96000000000004,move,improve
8177,6,524.02,5,508.96000000000004,swap,notBad
8178,6,524.02,5,508.96000000000004,swap,notBad
8179,6,524.02,5,508.96000000000004,swap,notBad
8180,6,524.02,5,508.96000000000004,move,improve
8181,6,524.02,5,508.96000000000004,2opt,notBad
8182,6,524.02,5,508.96000000000004,swap,notBad
8183,6,524.02,5,508.96000000000004,move,improve
8184,6,524.02,5,508.96000000000004,2opt,notBad
8185,6,524.02,5,508.96000000000004,swap,notBad
8186,6,524.02,5,508.96000000000004,swap,notBad
8187,6,524.02,5,508.96000000000004,2opt,notBad
8188,6,524.02,5,508.96000000000004,swap,notBad
8189,6,524.02,5,508.96000000000004,move,improve
8190,6,524.02,5,508.96000000000004,2opt,notBad
8191,6,524.02,5,508.96000000000004,swap,notBad
8192,6,524.02,5,508.96000000000004,move,improve
8193,6,524.02,5,508.96000000000004,swap,notBad
8194,6,524.02,5,508.96000000000004,move,improve
8195,6,524.02,5,508.96000000000004,swap,notBad
8196,6,524.02,5,508.96000000000004,2opt,notBad
8197,6,524.02,5,508.96000000000004,swap,notBad
8198,6,524.02,5,508.96000000000004,swap,notBad
8199,6,524.02,5,508.96000000000004,2opt,notBad
8200,6,524.02,5,508.96000000000004,2opt,notBad
8201,6,524.02,5,508.96000000000004,move,improve
8202,6,524.02,5,508.96000000000004,swap,notBad
8203,6,524.02,5,508.96000000000004,swap,notBad
8204,6,524.02,5,508.96000000000004,swap,notBad
8205,6,524.02,5,508.96000000000004,swap,notBad
8206,6,524.02,5,508.96000000000004,swap,notBad
8207,6,524.02,5,508.96000000000004,move,improve
8208,6,524.02,5,508.96000000000004,move,improve
8209,6,524.02,5,508.96000000000004,2opt,notBad
8210,6,524.02,5,508.96000000000004,move,improve
8211,6,524.02,5,508.96000000000004,2opt,improve
8212,6,524.02,5,508.96000000000004,move,improve
8213,6,524.02,5,508.96000000000004,swap,notBad
8214,6,524.02,5,508.96000000000004,2opt,notBad
8215,6,524.02,5,508.96000000000004,move,improve
8216,6,524.02,5,508.96000000000004,swap,notBad
8217,6,524.02,5,508.96000000000004,move,improve
8218,6,524.02,5,508.96000000000004,move,improve
8219,6,524.02,5,508.96000000000004,swap,notBad
8220,6,524.02,5,508.96000000000004,2opt,improve
8221,6,524.02,5,508.96000000000004,move,improve
8222,6,524.02,5,508.96000000000004,move,improve
8223,6,524.02,5,508.96000000000004,2opt,notBad
8224,6,524.02,5,508.96000000000004,move,improve
8225,6,524.02,5,508.96000000000004,2opt,notBad
8226,6,524.02,5,508.96000000000004,swap,notBad
8227,6,524.02,5,508.96000000000004,swap,notBad
8228,6,524.02,5,508.96000000000004,swap,notBad
8229,6,524.02,5,508.96000000000004,move,improve
8230,6,524.02,5,508.96000000000004,2opt,notBad
8231,6,524.02,5,508.96000000000004,move,improve
8232,6,524.02,5,508.96000000000004,swap,notBad
8233,6,524.02,5,508.96000000000004,move,improve
8234,6,524.02,5,508.96000000000004,move,improve
8235,6,524.02,5,508.96000000000004,move,improve
8236,6,524.02,5,508.96000000000004,swap,notBad
8237,6,524.02,5,508.96000000000004,swap,notBad
8238,6,524.02,5,508.96000000000004,swap,notBad
8239,6,524.02,5,508.96000000000004,2opt,notBad
8240,6,524.02,5,508.96000000000004,2opt,notBad
8241,6,524.02,5,508.96000000000004,swap,notBad
8242,6,524.02,5,508.96000000000004,move,improve
8243,6,524.02,5,508.96000000000004,swap,notBad
8244,6,524.02,5,508.96000000000004,move,improve
8245,6,524.02,5,508.96000000000004,2opt,improve
8246,6,524.02,5,508.96000000000004,swap,notBad
8247,6,524.02,5,508.96000000000004,move,improve
8248,6,524.02,5,508.96000000000004,swap,notBad
8249,6,524.02,5,508.96000000000004,move,improve
8250,6,524.02,5,508.96000000000004,swap,notBad
8251,6,524.02,5,508.96000000000004,move,improve
8252,6,524.02,5,508.96000000000004,swap,notBad
8253,6,524.02,5,508.96000000000004,2opt,notBad
8254,6,524.02,5,508.96000000000004,move,improve
8255,6,524.02,5,508.96000000000004,2opt,notBad
8256,6,524.02,5,508.96000000000004,2opt,notBad
8257,6,524.02,5,508.96000000000004,move,improve
8258,6,524.02,5,508.96000000000004,swap,notBad
8259,6,524.02,5,508.96000000000004,swap,notBad
8260,6,524.02,5,508.96000000000004,2opt,notBad
8261,6,524.02,5,508.96000000000004,move,improve
8262,6,524.02,5,508.96000000000004,2opt,notBad
8263,6,524.02,5,508.96000000000004,2opt,notBad
8264,6,524.02,5,508.96000000000004,move,improve
8265,6,524.02,5,508.96000000000004,swap,notBad
8266,6,524.02,5,508.96000000000004,move,improve
8267,6,524.02,5,508.96000000000004,move,improve
8268,6,524.02,5,508.96000000000004,2opt,notBad
8269,6,524.02,5,508.96000000000004,swap,notBad
8270,6,524.02,5,508.96000000000004,swap,notBad
8271,6,524.02,5,508.96000000000004,move,improve
8272,6,524.02,5,508.96000000000004,move,improve
8273,6,524.02,5,508.96000000000004,2opt,notBad
8274,6,524.02,5,508.96000000000004,move,improve
8275,6,524.02,5,508.96000000000004,2opt,notBad
8276,6,524.02,5,508.96000000000004,move,improve
8277,6,524.02,5,508.96000000000004,2opt,notBad
8278,6,524.02,5,508.96000000000004,swap,notBad
8279,6,524.66,5,508.96000000000004,swap,acceptBad
8280,6,524.66,5,508.96000000000004,2opt,notBad
8281,6,524.66,5,508.96000000000004,swap,notBad
8282,6,524.66,5,508.96000000000004,move,improve
8283,6,524.66,5,508.96000000000004,move,improve
8284,6,524.66,5,508.96000000000004,swap,notBad
8285,6,524.4399999999999,5,508.96000000000004,swap,improve
8286,6,524.4399999999999,5,508.96000000000004,swap,notBad
8287,6,524.4399999999999,5,508.96000000000004,move,improve
8288,6,524.4399999999999,5,508.96000000000004,swap,notBad
8289,6,524.4399999999999,5,508.96000000000004,2opt,notBad
8290,6,524.4399999999999,5,508.96000000000004,move,improve
8291,6,524.4399999999999,5,508.96000000000004,swap,notBad
8292,6,524.4399999999999,5,508.96000000000004,2opt,notBad
8293,6,524.4399999999999,5,508.96000000000004,move,improve
8294,6,524.4399999999999,5,508.96000000000004,2opt,notBad
8295,6,524.4399999999999,5,508.96000000000004,2opt,improve
8296,6,524.4399999999999,5,508.96000000000004,swap,notBad
8297,6,524.4399999999999,5,508.96000000000004,move,improve
8298,6,524.4399999999999,5,508.96000000000004,2opt,notBad
8299,6,524.4399999999999,5,508.96000000000004,swap,notBad
8300,6,524.4399999999999,5,508.96000000000004,move,improve
8301,6,524.4399999999999,5,508.96000000000004,swap,notBad
8302,6,524.4399999999999,5,508.96000000000004,move,improve
8303,6,524.4399999999999,5,508.96000000000004,swap,notBad
8304,6,524.4399999999999,5,508.96000000000004,2opt,notBad
8305,6,524.4399999999999,5,508.96000000000004,2opt,notBad
8306,6,524.4399999999999,5,508.96000000000004,swap,notBad
8307,6,524.4399999999999,5,508.96000000000004,swap,notBad
8308,6,524.4399999999999,5,508.96000000000004,swap,notBad
8309,6,524.4399999999999,5,508.96000000000004,2opt,notBad
8310,6,524.4399999999999,5,508.96000000000004,swap,notBad
8311,6,524.4399999999999,5,508.96000000000004,move,improve
8312,6,524.4399999999999,5,508.96000000000004,2opt,notBad
8313,6,524.4399999999999,5,508.96000000000004,2opt,notBad
8314,6,524.4399999999999,5,508.96000000000004,move,improve
8315,6,524.4399999999999,5,508.96000000000004,move,improve
8316,6,524.4399999999999,5,508.96000000000004,swap,notBad
8317,6,524.4399999999999,5,508.96000000000004,2opt,notBad
8318,6,524.4399999999999,5,508.96000000000004,swap,notBad
8319,6,524.4399999999999,5,508.96000000000004,2opt,improve
8320,6,524.4399999999999,5,508.96000000000004,move,improve
8321,6,524.4399999999999,5,508.96000000000004,swap,notBad
8322,6,523.9399999999999,5,508.96000000000004,move,improve
8323,6,523.9399999999999,5,508.96000000000004,swap,notBad
8324,6,523.9399999999999,5,508.96000000000004,swap,notBad
8325,6,523.9399999999999,5,508.96000000000004,2opt,improve
8326,6,523.9399999999999,5,508.96000000000004,2opt,notBad
8327,6,523.9399999999999,5,508.96000000000004,2opt,notBad
8328,6,523.9399999999999,5,508.96000000000004,2opt,improve
8329,6,523.9399999999999,5,508.96000000000004,move,improve
8330,6,523.9399999999999,5,508.96000000000004,move,improve
8331,6,523.9399999999999,5,508.96000000000004,swap,notBad
8332,6,523.9399999999999,5,508.96000000000004,move,improve
8333,6,523.9399999999999,5,508.96000000000004,2opt,notBad
8334,6,523.9399999999999,5,508.96000000000004,swap,notBad
8335,6,523.9399999999999,5,508.96000000000004,swap,notBad
8336,6,523.9399999999999,5,508.96000000000004,move,improve
8337,6,523.9399999999999,5,508.96000000000004,move,improve
8338,6,523.9399999999999,5,508.96000000000004,2opt,notBad
8339,6,523.9399999999999,5,508.96000000000004,2opt,notBad
8340,6,523.9399999999999,5,508.96000000000004,swap,notBad
8341,6,523.9399999999999,5,508.96000000000004,2opt,notBad
8342,6,523.9399999999999,5,508.96000000000004,move,improve
8343,6,523.9399999999999,5,508.96000000000004,swap,notBad
8344,6,523.9399999999999,5,508.96000000000004,swap,notBad
8345,6,523.9399999999999,5,508.96000000000004,move,improve
8346,6,523.9399999999999,5,508.96000000000004,2opt,notBad
8347,6,523.9399999999999,5,508.96000000000004,move,improve
8348,6,523.9399999999999,5,508.96000000000004,move,improve
8349,6,523.9399999999999,5,508.96000000000004,move,improve
8350,6,523.9399999999999,5,508.96000000000004,move,improve
8351,6,523.9399999999999,5,508.96000000000004,swap,notBad
8352,6,523.9399999999999,5,508.96000000000004,swap,notBad
8353,6,523.9399999999999,5,508.96000000000004,move,improve
8354,6,523.9399999999999,5,508.96000000000004,swap,notBad
8355,6,523.9399999999999,5,508.96000000000004,move,improve
8356,6,523.9399999999999,5,508.96000000000004,2opt,notBad
8357,6,523.9399999999999,5,508.96000000000004,move,improve
8358,6,523.9399999999999,5,508.96000000000004,swap,notBad
8359,6,523.9399999999999,5,508.96000000000004,move,improve
8360,6,523.9399999999999,5,508.96000000000004,2opt,notBad
8361,6,523.9399999999999,5,508.96000000000004,2opt,notBad
8362,6,523.9399999999999,5,508.96000000000004,move,improve
8363,6,523.9399999999999,5,508.96000000000004,2opt,notBad
8364,6,523.9399999999999,5,508.96000000000004,swap,notBad
8365,6,523.9399999999999,5,508.96000000000004,2opt,notBad
8366,6,523.9399999999999,5,508.96000000000004,move,improve
8367,6,523.9399999999999,5,508.96000000000004,swap,notBad
8368,6,523.9399999999999,5,508.96000000000004,swap,notBad
8369,6,523.9399999999999,5,508.96000000000004,swap,notBad
8370,6,523.9399999999999,5,508.96000000000004,2opt,notBad
8371,6,523.9399999999999,5,508.96000000000004,swap,notBad
8372,6,523.9399999999999,5,508.96000000000004,swap,notBad
8373,6,523.9399999999999,5,508.96000000000004,2opt,notBad
8374,6,523.9399999999999,5,508.96000000000004,2opt,notBad
8375,6,523.9399999999999,5,508.96000000000004,swap,notBad
8376,6,523.9399999999999,5,508.96000000000004,2opt,improve
8377,6,523.9399999999999,5,508.96000000000004,move,improve
8378,6,523.9399999999999,5,508.96000000000004,2opt,notBad
8379,6,523.9399999999999,5,508.96000000000004,swap,notBad
8380,6,523.9399999999999,5,508.96000000000004,2opt,notBad
8381,6,523.9399999999999,5,508.96000000000004,2opt,notBad
8382,6,523.9399999999999,5,508.96000000000004,2opt,notBad
8383,6,523.9399999999999,5,508.96000000000004,swap,notBad
8384,6,523.9399999999999,5,508.96000000000004,swap,notBad
8385,6,523.9399999999999,5,508.96000000000004,2opt,notBad
8386,6,523.9399999999999,5,508.96000000000004,2opt,improve
8387,6,523.9399999999999,5,508.96000000000004,swap,notBad
8388,6,523.9399999999999,5,508.96000000000004,swap,notBad
8389,6,523.9399999999999,5,508.96000000000004,swap,notBad
8390,6,523.9399999999999,5,508.96000000000004,2opt,notBad
8391,6,523.9399999999999,5,508.96000000000004,move,improve
8392,6,523.9399999999999,5,508.96000000000004,move,improve
8393,6,523.9399999999999,5,508.96000000000004,swap,notBad
8394,6,523.9399999999999,5,508.96000000000004,move,improve
8395,6,523.9399999999999,5,508.96000000000004,swap,notBad
8396,6,523.9399999999999,5,508.96000000000004,2opt,notBad
8397,6,523.9399999999999,5,508.96000000000004,2opt,notBad
8398,6,523.9399999999999,5,508.96000000000004,2opt,notBad
8399,6,523.9399999999999,5,508.96000000000004,move,improve
8400,6,523.9399999999999,5,508.96000000000004,2opt,notBad
8401,6,523.9399999999999,5,508.96000000000004,move,improve
8402,6,523.9399999999999,5,508.96000000000004,2opt,notBad
8403,6,523.9399999999999,5,508.96000000000004,2opt,notBad
8404,6,523.9399999999999,5,508.96000000000004,2opt,notBad
8405,6,523.9399999999999,5,508.96000000000004,2opt,notBad
8406,6,523.9399999999999,5,508.96000000000004,move,improve
8407,6,523.9399999999999,5,508.96000000000004,move,improve
8408,6,523.9399999999999,5,508.96000000000004,move,improve
8409,6,523.9399999999999,5,508.96000000000004,swap,notBad
8410,6,523.9399999999999,5,508.96000000000004,2opt,notBad
8411,6,523.9399999999999,5,508.96000000000004,swap,notBad
8412,6,523.9399999999999,5,508.96000000000004,2opt,improve
8413,6,523.9399999999999,5,508.96000000000004,2opt,improve
8414,6,523.9399999999999,5,508.96000000000004,move,improve
8415,6,523.9399999999999,5,508.96000000000004,move,improve
8416,6,523.9399999999999,5,508.96000000000004,2opt,improve
8417,6,523.9399999999999,5,508.96000000000004,swap,notBad
8418,6,523.9399999999999,5,508.96000000000004,move,improve
8419,6,523.9399999999999,5,508.96000000000004,2opt,notBad
8420,6,523.9399999999999,5,508.96000000000004,swap,notBad
8421,6,524.42,5,508.96000000000004,2opt,acceptBad
8422,6,524.42,5,508.96000000000004,swap,notBad
8423,6,524.42,5,508.96000000000004,swap,notBad
8424,6,524.42,5,508.96000000000004,swap,notBad
8425,6,524.42,5,508.96000000000004,swap,notBad
8426,6,524.42,5,508.96000000000004,move,improve
8427,6,524.42,5,508.96000000000004,move,improve
8428,6,524.42,5,508.96000000000004,move,improve
8429,6,524.42,5,508.96000000000004,2opt,notBad
8430,6,524.42,5,508.96000000000004,swap,notBad
8431,6,524.42,5,508.96000000000004,move,improve
8432,6,524.42,5,508.96000000000004,swap,notBad
8433,6,524.42,5,508.96000000000004,swap,notBad
8434,6,524.42,5,508.96000000000004,2opt,notBad
8435,6,524.42,5,508.96000000000004,2opt,notBad
8436,6,524.42,5,508.96000000000004,swap,notBad
8437,6,524.42,5,508.96000000000004,move,improve
8438,6,524.42,5,508.96000000000004,move,improve
8439,6,524.42,5,508.96000000000004,2opt,notBad
8440,6,524.42,5,508.96000000000004,swap,notBad
8441,6,524.42,5,508.96000000000004,swap,notBad
8442,6,524.42,5,508.96000000000004,2opt,notBad
8443,6,524.42,5,508.96000000000004,move,notBad
8444,6,523.7400000000001,5,508.96000000000004,move,improve
8445,6,523.7400000000001,5,508.96000000000004,swap,notBad
8446,6,523.7400000000001,5,508.96000000000004,2opt,notBad
8447,6,523.7400000000001,5,508.96000000000004,move,improve
8448,6,523.7400000000001,5,508.96000000000004,move,improve
8449,6,523.7400000000001,5,508.96000000000004,move,improve
8450,6,523.7400000000001,5,508.96000000000004,move,improve
8451,6,523.7400000000001,5,508.96000000000004,2opt,notBad
8452,6,523.7400000000001,5,508.96000000000004,move,improve
8453,6,523.7400000000001,5,508.96000000000004,2opt,notBad
8454,6,523.7400000000001,5,508.96000000000004,swap,notBad
8455,6,523.7400000000001,5,508.96000000000004,2opt,notBad
8456,6,523.7400000000001,5,508.96000000000004,swap,notBad
8457,6,523.7400000000001,5,508.96000000000004,move,improve
8458,6,523.7400000000001,5,508.96000000000004,2opt,notBad
8459,6,523.7400000000001,5,508.96000000000004,swap,notBad
8460,6,523.7400000000001,5,508.96000000000004,move,improve
8461,6,523.7400000000001,5,508.96000000000004,2opt,notBad
8462,6,523.7400000000001,5,508.96000000000004,swap,notBad
8463,6,523.7400000000001,5,508.96000000000004,move,improve
8464,6,523.7400000000001,5,508.96000000000004,swap,notBad
8465,6,523.7400000000001,5,508.96000000000004,swap,notBad
8466,6,523.7400000000001,5,508.96000000000004,move,improve
8467,6,523.7400000000001,5,508.96000000000004,move,improve
8468,6,523.7400000000001,5,508.96000000000004,swap,notBad
8469,6,523.7400000000001,5,508.96000000000004,2opt,improve
8470,6,523.7400000000001,5,508.96000000000004,swap,notBad
8471,6,523.7400000000001,5,508.96000000000004,move,improve
8472,6,523.7400000000001,5,508.96000000000004,move,improve
8473,6,523.7400000000001,5,508.96000000000004,swap,notBad
8474,6,523.7400000000001,5,508.96000000000004,2opt,notBad
8475,6,523.7400000000001,5,508.96000000000004,2opt,notBad
8476,6,523.7400000000001,5,508.96000000000004,2opt,notBad
8477,6,523.7400000000001,5,508.96000000000004,swap,notBad
8478,6,523.46,5,508.96000000000004,swap,improve
8479,6,523.46,5,508.96000000000004,2opt,notBad
8480,6,523.46,5,508.96000000000004,move,improve
8481,6,523.46,5,508.96000000000004,swap,notBad
8482,6,523.46,5,508.96000000000004,move,improve
8483,6,523.46,5,508.96000000000004,2opt,improve
8484,6,523.46,5,508.96000000000004,swap,notBad
8485,6,523.46,5,508.96000000000004,2opt,notBad
8486,6,523.46,5,508.96000000000004,move,improve
8487,6,523.46,5,508.96000000000004,swap,notBad
8488,6,523.46,5,508.96000000000004,swap,notBad
8489,6,523.46,5,508.96000000000004,swap,notBad
8490,6,523.46,5,508.96000000000004,swap,notBad
8491,6,522.82,5,508.96000000000004,swap,improve
8492,6,523.0400000000002,5,508.96000000000004,swap,acceptBad
8493,6,523.0400000000002,5,508.96000000000004,swap,notBad
8494,6,523.0400000000002,5,508.96000000000004,move,improve
8495,6,517.84,5,508.96000000000004,move,improve
8496,6,517.84,5,508.96000000000004,swap,notBad
8497,6,517.84,5,508.96000000000004,swap,notBad
8498,6,517.84,5,508.96000000000004,swap,notBad
8499,6,517.84,5,508.96000000000004,move,improve
8500,6,517.84,5,508.96000000000004,swap,notBad
8501,6,517.84,5,508.96000000000004,swap,notBad
8502,6,517.84,5,508.96000000000004,swap,notBad
8503,6,517.84,5,508.96000000000004,2opt,improve
8504,6,517.84,5,508.96000000000004,2opt,notBad
8505,6,517.84,5,508.96000000000004,move,improve
8506,6,513.6800000000001,5,508.96000000000004,move,improve
8507,6,513.6800000000001,5,508.96000000000004,move,improve
8508,6,513.6800000000001,5,508.96000000000004,swap,notBad
8509,6,513.6800000000001,5,508.96000000000004,move,improve
8510,6,513.6800000000001,5,508.96000000000004,move,improve
8511,6,513.6800000000001,5,508.96000000000004,swap,notBad
8512,6,513.6800000000001,5,508.96000000000004,move,improve
8513,6,513.6800000000001,5,508.96000000000004,2opt,notBad
8514,6,513.6800000000001,5,508.96000000000004,swap,notBad
8515,6,513.6800000000001,5,508.96000000000004,2opt,notBad
8516,6,513.6800000000001,5,508.96000000000004,2opt,notBad
8517,6,513.6800000000001,5,508.96000000000004,2opt,notBad
8518,6,513.6800000000001,5,508.96000000000004,swap,notBad
8519,6,513.6800000000001,5,508.96000000000004,2opt,notBad
8520,6,513.6800000000001,5,508.96000000000004,swap,notBad
8521,6,513.6800000000001,5,508.96000000000004,2opt,notBad
8522,6,513.6800000000001,5,508.96000000000004,swap,notBad
8523,6,513.6800000000001,5,508.96000000000004,2opt,notBad
8524,6,513.6800000000001,5,508.96000000000004,swap,notBad
8525,6,513.6800000000001,5,508.96000000000004,move,improve
8526,6,513.6800000000001,5,508.96000000000004,move,improve
8527,6,513.6800000000001,5,508.96000000000004,2opt,notBad
8528,6,513.6800000000001,5,508.96000000000004,swap,notBad
8529,6,513.6800000000001,5,508.96000000000004,2opt,notBad
8530,6,513.1800000000001,5,508.96000000000004,swap,improve
8531,6,513.1800000000001,5,508.96000000000004,move,improve
8532,6,513.1800000000001,5,508.96000000000004,swap,notBad
8533,6,513.1800000000001,5,508.96000000000004,move,improve
8534,6,513.1800000000001,5,508.96000000000004,2opt,notBad
8535,6,513.1800000000001,5,508.96000000000004,2opt,notBad
8536,6,513.1800000000001,5,508.96000000000004,move,improve
8537,6,513.1800000000001,5,508.96000000000004,move,improve
8538,6,513.1800000000001,5,508.96000000000004,2opt,notBad
8539,6,513.1800000000001,5,508.96000000000004,2opt,notBad
8540,6,513.1800000000001,5,508.96000000000004,swap,notBad
8541,6,513.1800000000001,5,508.96000000000004,move,improve
8542,6,513.1800000000001,5,508.96000000000004,move,improve
8543,6,513.1800000000001,5,508.96000000000004,swap,notBad
8544,6,513.1800000000001,5,508.96000000000004,2opt,notBad
8545,6,513.1800000000001,5,508.96000000000004,2opt,notBad
8546,6,513.1800000000001,5,508.96000000000004,swap,notBad
8547,6,513.1800000000001,5,508.96000000000004,move,improve
8548,6,513.1800000000001,5,508.96000000000004,2opt,notBad
8549,6,513.1800000000001,5,508.96000000000004,2opt,notBad
8550,6,513.1800000000001,5,508.96000000000004,swap,notBad
8551,6,513.1800000000001,5,508.96000000000004,move,improve
8552,6,513.1800000000001,5,508.96000000000004,2opt,notBad
8553,6,513.1800000000001,5,508.96000000000004,swap,notBad
8554,6,513.1800000000001,5,508.96000000000004,2opt,notBad
8555,6,513.1800000000001,5,508.96000000000004,move,improve
8556,6,513.1800000000001,5,508.96000000000004,swap,notBad
8557,6,513.1800000000001,5,508.96000000000004,2opt,notBad
8558,6,513.1800000000001,5,508.96000000000004,2opt,notBad
8559,6,511.41999999999996,5,508.96000000000004,move,improve
8560,6,511.41999999999996,5,508.96000000000004,swap,notBad
8561,6,511.41999999999996,5,508.96000000000004,2opt,notBad
8562,6,511.41999999999996,5,508.96000000000004,2opt,notBad
8563,6,511.41999999999996,5,508.96000000000004,swap,notBad
8564,6,511.41999999999996,5,508.96000000000004,move,improve
8565,6,511.41999999999996,5,508.96000000000004,swap,notBad
8566,6,511.41999999999996,5,508.96000000000004,move,improve
8567,6,511.41999999999996,5,508.96000000000004,move,improve
8568,6,511.41999999999996,5,508.96000000000004,move,improve
8569,6,511.41999999999996,5,508.96000000000004,2opt,notBad
8570,6,511.41999999999996,5,508.96000000000004,2opt,notBad
8571,6,511.41999999999996,5,508.96000000000004,swap,notBad
8572,6,511.13999999999993,5,508.96000000000004,swap,improve
8573,6,511.13999999999993,5,508.96000000000004,swap,notBad
8574,6,511.13999999999993,5,508.96000000000004,2opt,notBad
8575,6,511.13999999999993,5,508.96000000000004,swap,notBad
8576,6,511.13999999999993,5,508.96000000000004,move,improve
8577,6,511.13999999999993,5,508.96000000000004,2opt,notBad
8578,6,511.13999999999993,5,508.96000000000004,swap,notBad
8579,6,511.13999999999993,5,508.96000000000004,move,improve
8580,6,511.13999999999993,5,508.96000000000004,swap,notBad
8581,6,511.13999999999993,5,508.96000000000004,2opt,notBad
8582,6,511.13999999999993,5,508.96000000000004,move,improve
8583,6,511.13999999999993,5,508.96000000000004,2opt,notBad
8584,6,511.13999999999993,5,508.96000000000004,2opt,notBad
8585,6,511.13999999999993,5,508.96000000000004,move,improve
8586,6,511.13999999999993,5,508.96000000000004,2opt,notBad
8587,6,511.13999999999993,5,508.96000000000004,move,improve
8588,6,511.13999999999993,5,508.96000000000004,swap,notBad
8589,6,511.13999999999993,5,508.96000000000004,move,improve
8590,6,511.13999999999993,5,508.96000000000004,2opt,notBad
8591,6,512.0999999999999,5,508.96000000000004,swap,acceptBad
8592,6,512.0999999999999,5,508.96000000000004,swap,notBad
8593,6,512.0999999999999,5,508.96000000000004,2opt,notBad
8594,6,512.0999999999999,5,508.96000000000004,2opt,notBad
8595,6,512.0999999999999,5,508.96000000000004,move,improve
8596,6,512.0999999999999,5,508.96000000000004,2opt,notBad
8597,6,512.0999999999999,5,508.96000000000004,swap,notBad
8598,6,512.0999999999999,5,508.96000000000004,2opt,notBad
8599,6,512.0999999999999,5,508.96000000000004,2opt,notBad
8600,6,512.0999999999999,5,508.96000000000004,move,improve
8601,6,512.0999999999999,5,508.96000000000004,swap,notBad
8602,6,512.0999999999999,5,508.96000000000004,swap,notBad
8603,6,512.0999999999999,5,508.96000000000004,2opt,notBad
8604,6,512.0999999999999,5,508.96000000000004,swap,notBad
8605,6,511.13999999999993,5,508.96000000000004,move,improve
8606,6,511.13999999999993,5,508.96000000000004,move,improve
8607,6,511.13999999999993,5,508.96000000000004,swap,notBad
8608,6,511.13999999999993,5,508.96000000000004,swap,notBad
8609,6,511.13999999999993,5,508.96000000000004,swap,notBad
8610,6,511.13999999999993,5,508.96000000000004,2opt,notBad
8611,6,511.13999999999993,5,508.96000000000004,move,improve
8612,6,511.13999999999993,5,508.96000000000004,swap,notBad
8613,6,511.13999999999993,5,508.96000000000004,2opt,notBad
8614,6,511.13999999999993,5,508.96000000000004,swap,notBad
8615,6,511.13999999999993,5,508.96000000000004,2opt,notBad
8616,6,511.13999999999993,5,508.96000000000004,swap,notBad
8617,6,511.13999999999993,5,508.96000000000004,move,improve
8618,6,511.13999999999993,5,508.96000000000004,swap,notBad
8619,6,511.13999999999993,5,508.96000000000004,swap,notBad
8620,6,511.13999999999993,5,508.96000000000004,swap,notBad
8621,6,511.13999999999993,5,508.96000000000004,2opt,notBad
8622,6,511.13999999999993,5,508.96000000000004,move,improve
8623,6,511.13999999999993,5,508.96000000000004,swap,notBad
8624,6,511.13999999999993,5,508.96000000000004,2opt,notBad
8625,6,511.13999999999993,5,508.96000000000004,2opt,notBad
8626,6,511.13999999999993,5,508.96000000000004,move,improve
8627,6,511.13999999999993,5,508.96000000000004,swap,notBad
8628,6,511.13999999999993,5,508.96000000000004,2opt,notBad
8629,6,511.13999999999993,5,508.96000000000004,2opt,notBad
8630,6,511.13999999999993,5,508.96000000000004,move,improve
8631,6,511.13999999999993,5,508.96000000000004,2opt,notBad
8632,6,511.13999999999993,5,508.96000000000004,move,improve
8633,6,511.13999999999993,5,508.96000000000004,swap,notBad
8634,6,511.13999999999993,5,508.96000000000004,swap,notBad
8635,6,511.13999999999993,5,508.96000000000004,2opt,notBad
8636,6,511.13999999999993,5,508.96000000000004,swap,notBad
8637,6,511.13999999999993,5,508.96000000000004,move,improve
8638,6,511.13999999999993,5,508.96000000000004,2opt,notBad
8639,6,511.13999999999993,5,508.96000000000004,2opt,notBad
8640,6,511.13999999999993,5,508.96000000000004,move,improve
8641,6,511.13999999999993,5,508.96000000000004,move,improve
8642,6,511.13999999999993,5,508.96000000000004,move,improve
8643,6,511.13999999999993,5,508.96000000000004,swap,notBad
8644,6,511.13999999999993,5,508.96000000000004,move,improve
8645,6,511.13999999999993,5,508.96000000000004,swap,notBad
8646,6,511.13999999999993,5,508.96000000000004,2opt,notBad
8647,6,511.13999999999993,5,508.96000000000004,2opt,notBad
8648,6,511.13999999999993,5,508.96000000000004,move,improve
8649,6,511.13999999999993,5,508.96000000000004,move,improve
8650,6,511.13999999999993,5,508.96000000000004,2opt,notBad
8651,6,511.13999999999993,5,508.96000000000004,2opt,notBad
8652,6,511.13999999999993,5,508.96000000000004,move,improve
8653,6,511.13999999999993,5,508.96000000000004,move,improve
8654,6,511.13999999999993,5,508.96000000000004,move,improve
8655,6,511.13999999999993,5,508.96000000000004,2opt,notBad
8656,6,511.13999999999993,5,508.96000000000004,swap,notBad
8657,6,511.13999999999993,5,508.96000000000004,2opt,improve
8658,6,511.13999999999993,5,508.96000000000004,move,improve
8659,6,511.13999999999993,5,508.96000000000004,2opt,notBad
8660,6,511.13999999999993,5,508.96000000000004,move,improve
8661,6,511.13999999999993,5,508.96000000000004,swap,notBad
8662,6,511.13999999999993,5,508.96000000000004,2opt,notBad
8663,6,511.13999999999993,5,508.96000000000004,2opt,notBad
8664,6,511.13999999999993,5,508.96000000000004,2opt,notBad
8665,6,511.13999999999993,5,508.96000000000004,move,improve
8666,6,511.13999999999993,5,508.96000000000004,move,improve
8667,6,511.13999999999993,5,508.96000000000004,swap,notBad
8668,6,512.02,5,508.96000000000004,swap,acceptBad
8669,6,512.02,5,508.96000000000004,swap,notBad
8670,6,512.02,5,508.96000000000004,2opt,notBad
8671,6,512.02,5,508.96000000000004,move,improve
8672,6,512.02,5,508.96000000000004,move,improve
8673,6,512.02,5,508.96000000000004,move,improve
8674,6,512.02,5,508.96000000000004,move,improve
8675,6,512.02,5,508.96000000000004,2opt,notBad
8676,6,512.02,5,508.96000000000004,move,improve
8677,6,512.02,5,508.96000000000004,2opt,notBad
8678,6,512.02,5,508.96000000000004,2opt,improve
8679,6,512.02,5,508.96000000000004,swap,notBad
8680,6,512.02,5,508.96000000000004,swap,notBad
8681,6,512.02,5,508.96000000000004,move,improve
8682,6,512.02,5,508.96000000000004,2opt,notBad
8683,6,512.02,5,508.96000000000004,2opt,notBad
8684,6,512.02,5,508.96000000000004,2opt,notBad
8685,6,512.02,5,508.96000000000004,swap,notBad
8686,6,512.02,5,508.96000000000004,swap,notBad
8687,6,512.02,5,508.96000000000004,move,improve
8688,6,512.02,5,508.96000000000004,2opt,notBad
8689,6,512.02,5,508.96000000000004,swap,notBad
8690,6,512.02,5,508.96000000000004,2opt,notBad
8691,6,512.02,5,508.96000000000004,swap,notBad
8692,6,512.02,5,508.96000000000004,move,improve
8693,6,512.02,5,508.96000000000004,swap,notBad
8694,6,512.02,5,508.96000000000004,move,improve
8695,6,512.02,5,508.96000000000004,2opt,notBad
8696,6,512.02,5,508.96000000000004,move,improve
8697,6,512.02,5,508.96000000000004,move,improve
8698,6,512.02,5,508.96000000000004,swap,notBad
8699,6,512.02,5,508.96000000000004,2opt,notBad
8700,6,512.02,5,508.96000000000004,2opt,notBad
8701,6,512.02,5,508.96000000000004,2opt,notBad
8702,6,512.02,5,508.96000000000004,move,improve
8703,6,512.02,5,508.96000000000004,swap,notBad
8704,6,512.02,5,508.96000000000004,2opt,notBad
8705,6,512.02,5,508.96000000000004,swap,notBad
8706,6,512.02,5,508.96000000000004,2opt,improve
8707,6,512.02,5,508.96000000000004,move,improve
8708,6,512.02,5,508.96000000000004,move,improve
8709,6,512.02,5,508.96000000000004,swap,notBad
8710,6,512.02,5,508.96000000000004,2opt,notBad
8711,6,512.02,5,508.96000000000004,swap,notBad
8712,6,512.02,5,508.96000000000004,move,improve
8713,6,512.02,5,508.96000000000004,swap,notBad
8714,6,512.02,5,508.96000000000004,2opt,notBad
8715,6,512.02,5,508.96000000000004,2opt,notBad
8716,6,512.02,5,508.96000000000004,swap,notBad
8717,6,512.02,5,508.96000000000004,move,improve
8718,6,512.02,5,508.96000000000004,2opt,improve
8719,6,512.02,5,508.96000000000004,swap,notBad
8720,6,512.02,5,508.96000000000004,move,improve
8721,6,512.02,5,508.96000000000004,2opt,notBad
8722,6,512.02,5,508.96000000000004,move,improve
8723,6,512.02,5,508.96000000000004,swap,notBad
8724,6,512.02,5,508.96000000000004,2opt,notBad
8725,6,512.02,5,508.96000000000004,swap,notBad
8726,6,512.02,5,508.96000000000004,swap,notBad
8727,6,512.02,5,508.96000000000004,2opt,notBad
8728,6,512.02,5,508.96000000000004,move,improve
8729,6,512.02,5,508.96000000000004,swap,notBad
8730,6,512.02,5,508.96000000000004,2opt,notBad
8731,6,512.02,5,508.96000000000004,swap,notBad
8732,6,512.02,5,508.96000000000004,move,improve
8733,6,512.02,5,508.96000000000004,2opt,notBad
8734,6,512.02,5,508.96000000000004,2opt,notBad
8735,6,512.02,5,508.96000000000004,2opt,notBad
8736,6,512.02,5,508.96000000000004,2opt,notBad
8737,6,512.02,5,508.96000000000004,swap,notBad
8738,6,512.02,5,508.96000000000004,swap,notBad
8739,6,512.02,5,508.96000000000004,2opt,notBad
8740,6,512.02,5,508.96000000000004,move,improve
8741,6,512.02,5,508.96000000000004,2opt,notBad
8742,6,512.02,5,508.96000000000004,swap,notBad
8743,6,512.02,5,508.96000000000004,2opt,notBad
8744,6,512.02,5,508.96000000000004,2opt,notBad
8745,6,512.02,5,508.96000000000004,2opt,notBad
8746,6,512.02,5,508.96000000000004,2opt,notBad
8747,6,512.02,5,508.96000000000004,2opt,notBad
8748,6,512.02,5,508.96000000000004,swap,notBad
8749,6,512.02,5,508.96000000000004,2opt,notBad
8750,6,512.02,5,508.96000000000004,2opt,notBad
8751,6,512.02,5,508.96000000000004,2opt,notBad
8752,6,512.02,5,508.96000000000004,move,improve
8753,6,512.02,5,508.96000000000004,move,improve
8754,6,512.02,5,508.96000000000004,swap,notBad
8755,6,512.02,5,508.96000000000004,move,improve
8756,6,512.02,5,508.96000000000004,2opt,notBad
8757,6,512.02,5,508.96000000000004,swap,notBad
8758,6,512.02,5,508.96000000000004,2opt,notBad
8759,6,512.02,5,508.96000000000004,move,improve
8760,6,512.02,5,508.96000000000004,move,improve
8761,6,512.02,5,508.96000000000004,2opt,notBad
8762,6,512.02,5,508.96000000000004,swap,notBad
8763,6,512.02,5,508.96000000000004,swap,notBad
8764,6,512.02,5,508.96000000000004,2opt,notBad
8765,6,512.02,5,508.96000000000004,swap,notBad
8766,6,512.02,5,508.96000000000004,2opt,notBad
8767,6,512.02,5,508.96000000000004,swap,notBad
8768,6,512.02,5,508.96000000000004,move,improve
8769,6,512.02,5,508.96000000000004,swap,notBad
8770,6,512.02,5,508.96000000000004,2opt,improve
8771,6,512.02,5,508.96000000000004,move,improve
8772,6,512.02,5,508.96000000000004,swap,notBad
8773,6,512.02,5,508.96000000000004,move,improve
8774,6,512.02,5,508.96000000000004,2opt,notBad
8775,6,511.13999999999993,5,508.96000000000004,move,improve
8776,6,511.13999999999993,5,508.96000000000004,swap,notBad
8777,6,511.13999999999993,5,508.96000000000004,swap,notBad
8778,6,511.13999999999993,5,508.96000000000004,2opt,notBad
8779,6,511.13999999999993,5,508.96000000000004,move,improve
8780,6,511.13999999999993,5,508.96000000000004,2opt,notBad
8781,6,511.13999999999993,5,508.96000000000004,swap,notBad
8782,6,511.13999999999993,5,508.96000000000004,move,improve
8783,6,511.13999999999993,5,508.96000000000004,move,improve
8784,6,511.13999999999993,5,508.96000000000004,move,improve
8785,6,511.13999999999993,5,508.96000000000004,2opt,notBad
8786,6,511.13999999999993,5,508.96000000000004,move,improve
8787,6,511.13999999999993,5,508.96000000000004,swap,notBad
8788,6,511.13999999999993,5,508.96000000000004,swap,notBad
8789,6,511.13999999999993,5,508.96000000000004,move,improve
8790,6,511.13999999999993,5,508.96000000000004,2opt,notBad
8791,6,511.13999999999993,5,508.96000000000004,2opt,notBad
8792,6,511.13999999999993,5,508.96000000000004,move,improve
8793,6,511.13999999999993,5,508.96000000000004,2opt,improve
8794,6,511.13999999999993,5,508.96000000000004,move,improve
8795,6,511.13999999999993,5,508.96000000000004,swap,notBad
8796,6,511.13999999999993,5,508.96000000000004,2opt,notBad
8797,6,511.13999999999993,5,508.96000000000004,2opt,notBad
8798,6,511.13999999999993,5,508.96000000000004,2opt,notBad
8799,6,511.13999999999993,5,508.96000000000004,swap,notBad
8800,6,511.13999999999993,5,508.96000000000004,move,improve
8801,6,511.13999999999993,5,508.96000000000004,move,improve
8802,6,511.13999999999993,5,508.96000000000004,2opt,notBad
8803,6,511.13999999999993,5,508.96000000000004,move,improve
8804,6,511.13999999999993,5,508.96000000000004,swap,notBad
8805,6,511.13999999999993,5,508.96000000000004,move,improve
8806,6,511.13999999999993,5,508.96000000000004,swap,notBad
8807,6,511.13999999999993,5,508.96000000000004,swap,notBad
8808,6,511.13999999999993,5,508.96000000000004,swap,notBad
8809,6,511.13999999999993,5,508.96000000000004,move,improve
8810,6,511.13999999999993,5,508.96000000000004,2opt,notBad
8811,6,511.13999999999993,5,508.96000000000004,2opt,notBad
8812,6,511.13999999999993,5,508.96000000000004,2opt,notBad
8813,6,511.13999999999993,5,508.96000000000004,swap,notBad
8814,6,511.13999999999993,5,508.96000000000004,move,improve
8815,6,511.13999999999993,5,508.96000000000004,swap,notBad
8816,6,511.13999999999993,5,508.96000000000004,2opt,notBad
8817,6,511.13999999999993,5,508.96000000000004,move,improve
8818,6,511.13999999999993,5,508.96000000000004,swap,notBad
8819,6,511.13999999999993,5,508.96000000000004,2opt,notBad
8820,6,511.13999999999993,5,508.96000000000004,2opt,notBad
8821,6,510.7399999999999,5,508.96000000000004,move,improve
8822,6,510.7399999999999,5,508.96000000000004,move,improve
8823,6,510.7399999999999,5,508.96000000000004,move,improve
8824,6,510.7399999999999,5,508.96000000000004,2opt,notBad
8825,6,510.7399999999999,5,508.96000000000004,2opt,notBad
8826,6,510.7399999999999,5,508.96000000000004,2opt,notBad
8827,6,510.7399999999999,5,508.96000000000004,move,improve
8828,6,510.7399999999999,5,508.96000000000004,swap,notBad
8829,6,510.7399999999999,5,508.96000000000004,2opt,notBad
8830,6,510.7399999999999,5,508.96000000000004,2opt,notBad
8831,6,510.7399999999999,5,508.96000000000004,2opt,notBad
8832,6,510.7399999999999,5,508.96000000000004,2opt,improve
8833,6,510.7399999999999,5,508.96000000000004,2opt,notBad
8834,6,510.7399999999999,5,508.96000000000004,swap,notBad
8835,6,510.7399999999999,5,508.96000000000004,move,improve
8836,6,510.7399999999999,5,508.96000000000004,2opt,notBad
8837,6,510.7399999999999,5,508.96000000000004,swap,notBad
8838,6,510.7399999999999,5,508.96000000000004,swap,notBad
8839,6,510.7399999999999,5,508.96000000000004,move,improve
8840,6,510.7399999999999,5,508.96000000000004,move,improve
8841,6,510.7399999999999,5,508.96000000000004,2opt,notBad
8842,6,510.7399999999999,5,508.96000000000004,2opt,improve
8843,6,510.7399999999999,5,508.96000000000004,swap,notBad
8844,6,510.7399999999999,5,508.96000000000004,2opt,notBad
8845,6,510.7399999999999,5,508.96000000000004,2opt,notBad
8846,6,510.7399999999999,5,508.96000000000004,2opt,notBad
8847,6,510.7399999999999,5,508.96000000000004,swap,notBad
8848,6,510.7399999999999,5,508.96000000000004,swap,notBad
8849,6,510.7399999999999,5,508.96000000000004,2opt,notBad
8850,6,510.7399999999999,5,508.96000000000004,swap,notBad
8851,6,510.7399999999999,5,508.96000000000004,2opt,notBad
8852,6,510.7399999999999,5,508.96000000000004,move,improve
8853,6,510.7399999999999,5,508.96000000000004,2opt,notBad
8854,6,510.7399999999999,5,508.96000000000004,swap,notBad
8855,6,510.7399999999999,5,508.96000000000004,swap,notBad
8856,6,510.7399999999999,5,508.96000000000004,2opt,notBad
8857,6,510.7399999999999,5,508.96000000000004,move,improve
8858,6,510.7399999999999,5,508.96000000000004,move,improve
8859,6,510.7399999999999,5,508.96000000000004,swap,notBad
8860,6,510.7399999999999,5,508.96000000000004,2opt,notBad
8861,6,510.7399999999999,5,508.96000000000004,swap,notBad
8862,6,510.7399999999999,5,508.96000000000004,swap,notBad
8863,6,510.7399999999999,5,508.96000000000004,move,improve
8864,6,509.91999999999996,5,508.96000000000004,swap,improve
8865,6,509.91999999999996,5,508.96000000000004,2opt,notBad
8866,6,509.91999999999996,5,508.96000000000004,2opt,notBad
8867,6,509.91999999999996,5,508.96000000000004,swap,notBad
8868,6,509.91999999999996,5,508.96000000000004,2opt,notBad
8869,6,509.91999999999996,5,508.96000000000004,move,improve
8870,6,509.91999999999996,5,508.96000000000004,2opt,notBad
8871,6,509.91999999999996,5,508.96000000000004,move,improve
8872,6,509.91999999999996,5,508.96000000000004,swap,notBad
8873,6,509.91999999999996,5,508.96000000000004,swap,notBad
8874,6,509.91999999999996,5,508.96000000000004,move,improve
8875,6,509.91999999999996,5,508.96000000000004,2opt,notBad
8876,6,509.91999999999996,5,508.96000000000004,swap,notBad
8877,6,509.91999999999996,5,508.96000000000004,move,improve
8878,6,509.91999999999996,5,508.96000000000004,move,improve
8879,6,509.91999999999996,5,508.96000000000004,move,improve
8880,6,509.91999999999996,5,508.96000000000004,2opt,notBad
8881,6,509.91999999999996,5,508.96000000000004,2opt,notBad
8882,6,509.91999999999996,5,508.96000000000004,swap,notBad
8883,6,509.91999999999996,5,508.96000000000004,swap,notBad
8884,6,509.91999999999996,5,508.96000000000004,2opt,notBad
8885,6,509.91999999999996,5,508.96000000000004,move,improve
8886,6,509.91999999999996,5,508.96000000000004,move,notBad
8887,6,509.91999999999996,5,508.96000000000004,move,improve
8888,6,509.91999999999996,5,508.96000000000004,move,notBad
8889,6,509.91999999999996,5,508.96000000000004,move,improve
8890,6,509.91999999999996,5,508.96000000000004,move,improve
8891,6,509.91999999999996,5,508.96000000000004,2opt,notBad
8892,6,509.91999999999996,5,508.96000000000004,move,improve
8893,6,509.91999999999996,5,508.96000000000004,swap,notBad
8894,6,509.91999999999996,5,508.96000000000004,move,improve
8895,6,509.91999999999996,5,508.96000000000004,move,improve
8896,6,509.91999999999996,5,508.96000000000004,move,improve
8897,6,509.91999999999996,5,508.96000000000004,swap,notBad
8898,6,509.91999999999996,5,508.96000000000004,swap,notBad
8899,6,509.91999999999996,5,508.96000000000004,2opt,notBad
8900,6,509.91999999999996,5,508.96000000000004,2opt,notBad
8901,6,509.91999999999996,5,508.96000000000004,swap,notBad
8902,6,509.91999999999996,5,508.96000000000004,move,improve
8903,6,509.91999999999996,5,508.96000000000004,swap,notBad
8904,6,509.91999999999996,5,508.96000000000004,swap,notBad
8905,6,509.91999999999996,5,508.96000000000004,swap,notBad
8906,6,509.91999999999996,5,508.96000000000004,2opt,notBad
8907,6,509.91999999999996,5,508.96000000000004,2opt,improve
8908,6,509.91999999999996,5,508.96000000000004,swap,notBad
8909,6,509.91999999999996,5,508.96000000000004,2opt,notBad
8910,6,509.91999999999996,5,508.96000000000004,swap,notBad
8911,6,509.91999999999996,5,508.96000000000004,move,improve
8912,6,509.91999999999996,5,508.96000000000004,move,improve
8913,6,509.91999999999996,5,508.96000000000004,2opt,notBad
8914,6,509.91999999999996,5,508.96000000000004,swap,notBad
8915,6,509.91999999999996,5,508.96000000000004,move,notBad
8916,6,509.91999999999996,5,508.96000000000004,2opt,notBad
8917,6,509.91999999999996,5,508.96000000000004,move,improve
8918,6,509.91999999999996,5,508.96000000000004,move,improve
8919,6,509.91999999999996,5,508.96000000000004,move,improve
8920,6,509.91999999999996,5,508.96000000000004,swap,notBad
8921,6,509.91999999999996,5,508.96000000000004,2opt,notBad
8922,6,509.91999999999996,5,508.96000000000004,swap,notBad
8923,6,509.91999999999996,5,508.96000000000004,2opt,notBad
8924,6,509.91999999999996,5,508.96000000000004,2opt,notBad
8925,6,509.91999999999996,5,508.96000000000004,swap,notBad
8926,6,509.91999999999996,5,508.96000000000004,swap,notBad
8927,6,509.91999999999996,5,508.96000000000004,swap,notBad
8928,6,509.91999999999996,5,508.96000000000004,swap,notBad
8929,6,509.91999999999996,5,508.96000000000004,move,improve
8930,6,509.91999999999996,5,508.96000000000004,swap,notBad
8931,6,509.91999999999996,5,508.96000000000004,2opt,notBad
8932,6,509.91999999999996,5,508.96000000000004,swap,notBad
8933,6,509.91999999999996,5,508.96000000000004,move,improve
8934,6,509.91999999999996,5,508.96000000000004,2opt,notBad
8935,6,509.91999999999996,5,508.96000000000004,move,improve
8936,6,509.91999999999996,5,508.96000000000004,swap,notBad
8937,6,509.91999999999996,5,508.96000000000004,2opt,notBad
8938,6,509.91999999999996,5,508.96000000000004,move,improve
8939,6,509.91999999999996,5,508.96000000000004,swap,notBad
8940,6,509.91999999999996,5,508.96000000000004,2opt,notBad
8941,6,509.91999999999996,5,508.96000000000004,swap,notBad
8942,6,509.91999999999996,5,508.96000000000004,move,improve
8943,6,509.91999999999996,5,508.96000000000004,2opt,notBad
8944,6,509.91999999999996,5,508.96000000000004,2opt,notBad
8945,6,509.91999999999996,5,508.96000000000004,2opt,notBad
8946,6,509.91999999999996,5,508.96000000000004,move,improve
8947,6,509.91999999999996,5,508.96000000000004,2opt,improve
8948,6,509.91999999999996,5,508.96000000000004,2opt,improve
8949,6,509.91999999999996,5,508.96000000000004,2opt,notBad
8950,6,509.91999999999996,5,508.96000000000004,swap,notBad
8951,6,509.91999999999996,5,508.96000000000004,move,improve
8952,6,509.91999999999996,5,508.96000000000004,move,improve
8953,6,509.91999999999996,5,508.96000000000004,swap,notBad
8954,6,509.91999999999996,5,508.96000000000004,move,improve
8955,6,509.91999999999996,5,508.96000000000004,move,improve
8956,6,509.91999999999996,5,508.96000000000004,swap,notBad
8957,6,509.91999999999996,5,508.96000000000004,move,improve
8958,6,509.91999999999996,5,508.96000000000004,move,improve
8959,6,509.91999999999996,5,508.96000000000004,2opt,notBad
8960,6,509.91999999999996,5,508.96000000000004,2opt,notBad
8961,6,509.91999999999996,5,508.96000000000004,swap,notBad
8962,6,509.91999999999996,5,508.96000000000004,2opt,notBad
8963,6,509.91999999999996,5,508.96000000000004,swap,notBad
8964,6,509.91999999999996,5,508.96000000000004,swap,notBad
8965,6,509.91999999999996,5,508.96000000000004,move,improve
8966,6,509.91999999999996,5,508.96000000000004,2opt,notBad
8967,6,509.91999999999996,5,508.96000000000004,swap,notBad
8968,6,509.91999999999996,5,508.96000000000004,2opt,notBad
8969,6,509.91999999999996,5,508.96000000000004,swap,notBad
8970,6,509.91999999999996,5,508.96000000000004,move,improve
8971,6,509.91999999999996,5,508.96000000000004,2opt,notBad
8972,6,509.91999999999996,5,508.96000000000004,move,improve
8973,6,509.91999999999996,5,508.96000000000004,swap,notBad
8974,6,509.91999999999996,5,508.96000000000004,move,improve
8975,6,509.91999999999996,5,508.96000000000004,2opt,improve
8976,6,509.91999999999996,5,508.96000000000004,move,improve
8977,6,509.91999999999996,5,508.96000000000004,2opt,notBad
8978,6,509.91999999999996,5,508.96000000000004,2opt,notBad
8979,6,509.91999999999996,5,508.96000000000004,move,improve
8980,6,509.91999999999996,5,508.96000000000004,2opt,notBad
8981,6,509.91999999999996,5,508.96000000000004,2opt,notBad
8982,6,509.91999999999996,5,508.96000000000004,move,improve
8983,6,509.91999999999996,5,508.96000000000004,2opt,notBad
8984,6,509.91999999999996,5,508.96000000000004,move,improve
8985,6,509.91999999999996,5,508.96000000000004,swap,notBad
8986,6,509.91999999999996,5,508.96000000000004,2opt,notBad
8987,6,509.91999999999996,5,508.96000000000004,move,improve
8988,6,509.91999999999996,5,508.96000000000004,move,improve
8989,6,510.46,5,508.96000000000004,swap,acceptBad
8990,6,510.46,5,508.96000000000004,move,improve
8991,6,510.46,5,508.96000000000004,swap,notBad
8992,6,510.46,5,508.96000000000004,swap,notBad
8993,6,510.46,5,508.96000000000004,swap,notBad
8994,6,510.46,5,508.96000000000004,2opt,improve
8995,6,510.46,5,508.96000000000004,move,improve
8996,6,510.46,5,508.96000000000004,swap,notBad
8997,6,510.46,5,508.96000000000004,2opt,notBad
8998,6,510.46,5,508.96000000000004,2opt,notBad
8999,6,510.46,5,508.96000000000004,2opt,notBad
9000,6,510.46,5,508.96000000000004,swap,notBad
9001,6,510.46,5,508.96000000000004,2opt,notBad
9002,6,510.46,5,508.96000000000004,2opt,notBad
9003,6,510.46,5,508.96000000000004,2opt,notBad
9004,6,510.46,5,508.96000000000004,move,improve
9005,6,510.46,5,508.96000000000004,move,improve
9006,6,510.46,5,508.96000000000004,swap,notBad
9007,6,510.46,5,508.96000000000004,move,improve
9008,6,510.46,5,508.96000000000004,2opt,notBad
9009,6,510.46,5,508.96000000000004,2opt,notBad
9010,6,510.46,5,508.96000000000004,move,improve
9011,6,510.46,5,508.96000000000004,move,improve
9012,6,510.46,5,508.96000000000004,2opt,notBad
9013,6,510.46,5,508.96000000000004,move,improve
9014,6,510.46,5,508.96000000000004,swap,notBad
9015,6,510.46,5,508.96000000000004,2opt,notBad
9016,6,510.46,5,508.96000000000004,2opt,notBad
9017,6,510.46,5,508.96000000000004,2opt,notBad
9018,6,510.46,5,508.96000000000004,swap,notBad
9019,6,510.46,5,508.96000000000004,swap,notBad
9020,6,510.46,5,508.96000000000004,move,improve
9021,6,510.46,5,508.96000000000004,swap,notBad
9022,6,510.46,5,508.96000000000004,move,improve
9023,6,510.46,5,508.96000000000004,swap,notBad
9024,6,510.46,5,508.96000000000004,move,improve
9025,6,510.46,5,508.96000000000004,swap,notBad
9026,6,510.46,5,508.96000000000004,swap,notBad
9027,6,510.46,5,508.96000000000004,swap,notBad
9028,6,510.46,5,508.96000000000004,2opt,notBad
9029,6,510.46,5,508.96000000000004,2opt,notBad
9030,6,510.46,5,508.96000000000004,swap,notBad
9031,6,510.46,5,508.96000000000004,2opt,notBad
9032,6,510.46,5,508.96000000000004,2opt,notBad
9033,6,510.46,5,508.96000000000004,swap,notBad
9034,6,510.46,5,508.96000000000004,swap,notBad
9035,6,510.46,5,508.96000000000004,swap,notBad
9036,6,510.46,5,508.96000000000004,swap,notBad
9037,6,510.46,5,508.96000000000004,swap,notBad
9038,6,510.46,5,508.96000000000004,swap,notBad
9039,6,510.46,5,508.96000000000004,swap,notBad
9040,6,510.46,5,508.96000000000004,2opt,notBad
9041,6,510.46,5,508.96000000000004,move,improve
9042,6,510.46,5,508.96000000000004,swap,notBad
9043,6,510.46,5,508.96000000000004,swap,notBad
9044,6,510.46,5,508.96000000000004,2opt,notBad
9045,6,510.46,5,508.96000000000004,2opt,improve
9046,6,510.46,5,508.96000000000004,move,improve
9047,6,510.46,5,508.96000000000004,move,improve
9048,6,510.46,5,508.96000000000004,swap,notBad
9049,6,510.46,5,508.96000000000004,move,improve
9050,6,510.46,5,508.96000000000004,swap,notBad
9051,6,510.46,5,508.96000000000004,move,improve
9052,6,510.46,5,508.96000000000004,move,improve
9053,6,510.46,5,508.96000000000004,swap,notBad
9054,6,510.46,5,508.96000000000004,2opt,notBad
9055,6,510.46,5,508.96000000000004,2opt,notBad
9056,6,510.31999999999994,5,508.96000000000004,move,improve
9057,6,510.31999999999994,5,508.96000000000004,2opt,notBad
9058,6,510.31999999999994,5,508.96000000000004,2opt,notBad
9059,6,510.31999999999994,5,508.96000000000004,swap,notBad
9060,6,510.31999999999994,5,508.96000000000004,move,improve
9061,6,510.31999999999994,5,508.96000000000004,move,notBad
9062,6,510.31999999999994,5,508.96000000000004,swap,notBad
9063,6,510.31999999999994,5,508.96000000000004,swap,notBad
9064,6,510.31999999999994,5,508.96000000000004,swap,notBad
9065,6,510.31999999999994,5,508.96000000000004,move,improve
9066,6,510.31999999999994,5,508.96000000000004,swap,notBad
9067,6,510.31999999999994,5,508.96000000000004,move,improve
9068,6,510.31999999999994,5,508.96000000000004,2opt,notBad
9069,6,510.31999999999994,5,508.96000000000004,swap,notBad
9070,6,510.31999999999994,5,508.96000000000004,2opt,notBad
9071,6,510.31999999999994,5,508.96000000000004,swap,notBad
9072,6,510.31999999999994,5,508.96000000000004,2opt,notBad
9073,6,510.31999999999994,5,508.96000000000004,move,improve
9074,6,510.31999999999994,5,508.96000000000004,2opt,notBad
9075,6,510.31999999999994,5,508.96000000000004,move,improve
9076,6,510.31999999999994,5,508.96000000000004,move,improve
9077,6,510.31999999999994,5,508.96000000000004,2opt,notBad
9078,6,510.31999999999994,5,508.96000000000004,move,improve
9079,6,510.31999999999994,5,508.96000000000004,move,improve
9080,6,510.31999999999994,5,508.96000000000004,2opt,notBad
9081,6,510.31999999999994,5,508.96000000000004,swap,notBad
9082,6,510.31999999999994,5,508.96000000000004,swap,notBad
9083,6,510.31999999999994,5,508.96000000000004,swap,notBad
9084,6,510.31999999999994,5,508.96000000000004,move,improve
9085,6,510.31999999999994,5,508.96000000000004,move,improve
9086,6,510.31999999999994,5,508.96000000000004,swap,notBad
9087,6,510.31999999999994,5,508.96000000000004,move,improve
9088,6,510.31999999999994,5,508.96000000000004,swap,notBad
9089,6,510.31999999999994,5,508.96000000000004,move,improve
9090,6,510.31999999999994,5,508.96000000000004,2opt,notBad
9091,6,510.31999999999994,5,508.96000000000004,swap,notBad
9092,6,510.31999999999994,5,508.96000000000004,2opt,notBad
9093,6,510.31999999999994,5,508.96000000000004,swap,notBad
9094,6,510.31999999999994,5,508.96000000000004,2opt,notBad
9095,6,510.31999999999994,5,508.96000000000004,swap,notBad
9096,6,510.31999999999994,5,508.96000000000004,2opt,improve
9097,6,510.31999999999994,5,508.96000000000004,move,improve
9098,6,510.31999999999994,5,508.96000000000004,swap,notBad
9099,6,510.31999999999994,5,508.96000000000004,2opt,notBad
9100,6,510.31999999999994,5,508.96000000000004,swap,notBad
9101,6,510.31999999999994,5,508.96000000000004,swap,notBad
9102,6,510.31999999999994,5,508.96000000000004,move,improve
9103,6,510.31999999999994,5,508.96000000000004,2opt,notBad
9104,6,510.31999999999994,5,508.96000000000004,move,improve
9105,6,510.31999999999994,5,508.96000000000004,move,improve
9106,6,510.31999999999994,5,508.96000000000004,2opt,notBad
9107,6,510.31999999999994,5,508.96000000000004,swap,notBad
9108,6,510.31999999999994,5,508.96000000000004,move,improve
9109,6,510.31999999999994,5,508.96000000000004,2opt,notBad
9110,6,510.31999999999994,5,508.96000000000004,2opt,notBad
9111,6,510.31999999999994,5,508.96000000000004,swap,notBad
9112,6,510.31999999999994,5,508.96000000000004,move,improve
9113,6,510.31999999999994,5,508.96000000000004,swap,notBad
9114,6,510.31999999999994,5,508.96000000000004,2opt,notBad
9115,6,510.31999999999994,5,508.96000000000004,swap,notBad
9116,6,510.31999999999994,5,508.96000000000004,move,improve
9117,6,510.31999999999994,5,508.96000000000004,swap,notBad
9118,6,510.31999999999994,5,508.96000000000004,2opt,notBad
9119,6,510.31999999999994,5,508.96000000000004,move,improve
9120,6,510.31999999999994,5,508.96000000000004,2opt,notBad
9121,6,510.31999999999994,5,508.96000000000004,swap,notBad
9122,6,510.31999999999994,5,508.96000000000004,move,improve
9123,6,510.31999999999994,5,508.96000000000004,move,improve
9124,6,510.31999999999994,5,508.96000000000004,move,improve
9125,6,510.31999999999994,5,508.96000000000004,move,improve
9126,6,510.31999999999994,5,508.96000000000004,2opt,notBad
9127,6,510.31999999999994,5,508.96000000000004,2opt,improve
9128,6,510.31999999999994,5,508.96000000000004,move,improve
9129,6,510.31999999999994,5,508.96000000000004,2opt,notBad
9130,6,510.31999999999994,5,508.96000000000004,move,improve
9131,6,510.31999999999994,5,508.96000000000004,move,improve
9132,6,510.31999999999994,5,508.96000000000004,move,improve
9133,6,510.31999999999994,5,508.96000000000004,swap,notBad
9134,6,510.31999999999994,5,508.96000000000004,move,improve
9135,6,510.31999999999994,5,508.96000000000004,2opt,notBad
9136,6,510.31999999999994,5,508.96000000000004,move,improve
9137,6,510.31999999999994,5,508.96000000000004,move,improve
9138,6,510.31999999999994,5,508.96000000000004,swap,notBad
9139,6,510.31999999999994,5,508.96000000000004,2opt,notBad
9140,6,510.31999999999994,5,508.96000000000004,2opt,notBad
9141,6,510.31999999999994,5,508.96000000000004,move,improve
9142,6,510.31999999999994,5,508.96000000000004,swap,notBad
9143,6,510.31999999999994,5,508.96000000000004,swap,notBad
9144,6,510.31999999999994,5,508.96000000000004,2opt,improve
9145,6,510.31999999999994,5,508.96000000000004,2opt,notBad
9146,6,509.91999999999996,5,508.96000000000004,move,improve
9147,6,509.91999999999996,5,508.96000000000004,2opt,notBad
9148,6,509.91999999999996,5,508.96000000000004,swap,notBad
9149,6,509.91999999999996,5,508.96000000000004,move,improve
9150,6,509.91999999999996,5,508.96000000000004,2opt,notBad
9151,6,509.91999999999996,5,508.96000000000004,move,improve
9152,6,509.91999999999996,5,508.96000000000004,move,improve
9153,6,509.91999999999996,5,508.96000000000004,2opt,notBad
9154,6,509.91999999999996,5,508.96000000000004,move,improve
9155,6,509.91999999999996,5,508.96000000000004,move,improve
9156,6,509.91999999999996,5,508.96000000000004,swap,notBad
9157,6,509.91999999999996,5,508.96000000000004,swap,notBad
9158,6,509.91999999999996,5,508.96000000000004,swap,notBad
9159,6,509.91999999999996,5,508.96000000000004,move,improve
9160,6,509.91999999999996,5,508.96000000000004,swap,notBad
9161,6,509.91999999999996,5,508.96000000000004,swap,notBad
9162,6,509.91999999999996,5,508.96000000000004,move,improve
9163,6,509.91999999999996,5,508.96000000000004,2opt,notBad
9164,6,509.91999999999996,5,508.96000000000004,move,improve
9165,6,509.91999999999996,5,508.96000000000004,swap,notBad
9166,6,509.91999999999996,5,508.96000000000004,move,improve
9167,6,509.91999999999996,5,508.96000000000004,2opt,notBad
9168,6,509.91999999999996,5,508.96000000000004,2opt,notBad
9169,6,509.91999999999996,5,508.96000000000004,2opt,notBad
9170,6,509.91999999999996,5,508.96000000000004,move,improve
9171,6,509.91999999999996,5,508.96000000000004,move,improve
9172,6,509.91999999999996,5,508.96000000000004,2opt,notBad
9173,6,509.91999999999996,5,508.96000000000004,move,improve
9174,6,509.91999999999996,5,508.96000000000004,swap,notBad
9175,6,509.91999999999996,5,508.96000000000004,swap,notBad
9176,6,509.91999999999996,5,508.96000000000004,move,improve
9177,6,509.91999999999996,5,508.96000000000004,swap,notBad
9178,6,509.91999999999996,5,508.96000000000004,move,improve
9179,6,509.91999999999996,5,508.96000000000004,2opt,notBad
9180,6,509.91999999999996,5,508.96000000000004,2opt,notBad
9181,6,509.91999999999996,5,508.96000000000004,swap,notBad
9182,6,509.91999999999996,5,508.96000000000004,move,improve
9183,6,509.91999999999996,5,508.96000000000004,2opt,notBad
9184,6,509.91999999999996,5,508.96000000000004,2opt,notBad
9185,6,509.91999999999996,5,508.96000000000004,move,improve
9186,6,509.91999999999996,5,508.96000000000004,move,improve
9187,6,509.91999999999996,5,508.96000000000004,2opt,notBad
9188,6,509.91999999999996,5,508.96000000000004,move,improve
9189,6,509.91999999999996,5,508.96000000000004,move,improve
9190,6,509.91999999999996,5,508.96000000000004,move,improve
9191,6,509.91999999999996,5,508.96000000000004,swap,notBad
9192,6,509.91999999999996,5,508.96000000000004,2opt,notBad
9193,6,509.91999999999996,5,508.96000000000004,swap,notBad
9194,6,509.91999999999996,5,508.96000000000004,2opt,notBad
9195,6,509.91999999999996,5,508.96000000000004,move,improve
9196,6,509.91999999999996,5,508.96000000000004,2opt,notBad
9197,6,509.91999999999996,5,508.96000000000004,swap,notBad
9198,6,509.91999999999996,5,508.96000000000004,move,improve
9199,6,509.91999999999996,5,508.96000000000004,swap,notBad
9200,6,509.91999999999996,5,508.96000000000004,move,improve
9201,6,509.91999999999996,5,508.96000000000004,move,improve
9202,6,509.91999999999996,5,508.96000000000004,2opt,notBad
9203,6,509.91999999999996,5,508.96000000000004,2opt,improve
9204,6,509.91999999999996,5,508.96000000000004,2opt,notBad
9205,6,509.91999999999996,5,508.96000000000004,2opt,improve
9206,6,509.91999999999996,5,508.96000000000004,2opt,notBad
9207,6,509.91999999999996,5,508.96000000000004,move,improve
9208,6,509.91999999999996,5,508.96000000000004,move,improve
9209,6,509.91999999999996,5,508.96000000000004,move,improve
9210,6,509.91999999999996,5,508.96000000000004,swap,notBad
9211,6,509.91999999999996,5,508.96000000000004,move,improve
9212,6,509.91999999999996,5,508.96000000000004,move,improve
9213,6,509.91999999999996,5,508.96000000000004,swap,notBad
9214,6,509.91999999999996,5,508.96000000000004,2opt,improve
9215,6,509.91999999999996,5,508.96000000000004,move,improve
9216,6,509.91999999999996,5,508.96000000000004,move,improve
9217,6,509.91999999999996,5,508.96000000000004,2opt,notBad
9218,6,509.91999999999996,5,508.96000000000004,swap,notBad
9219,6,509.91999999999996,5,508.96000000000004,2opt,notBad
9220,6,509.91999999999996,5,508.96000000000004,swap,notBad
9221,6,509.91999999999996,5,508.96000000000004,swap,notBad
9222,6,509.91999999999996,5,508.96000000000004,move,improve
9223,6,509.91999999999996,5,508.96000000000004,move,improve
9224,6,509.91999999999996,5,508.96000000000004,2opt,notBad
9225,6,509.91999999999996,5,508.96000000000004,2opt,notBad
9226,6,509.91999999999996,5,508.96000000000004,move,improve
9227,6,509.91999999999996,5,508.96000000000004,move,improve
9228,6,509.91999999999996,5,508.96000000000004,2opt,notBad
9229,6,509.91999999999996,5,508.96000000000004,move,improve
9230,6,509.91999999999996,5,508.96000000000004,move,improve
9231,6,509.91999999999996,5,508.96000000000004,move,improve
9232,6,509.91999999999996,5,508.96000000000004,move,improve
9233,6,509.91999999999996,5,508.96000000000004,swap,notBad
9234,6,509.91999999999996,5,508.96000000000004,move,improve
9235,6,509.91999999999996,5,508.96000000000004,move,improve
9236,6,509.91999999999996,5,508.96000000000004,2opt,notBad
9237,6,509.91999999999996,5,508.96000000000004,2opt,notBad
9238,6,509.91999999999996,5,508.96000000000004,swap,notBad
9239,6,510.2,5,508.96000000000004,swap,acceptBad
9240,6,510.2,5,508.96000000000004,swap,notBad
9241,6,510.2,5,508.96000000000004,2opt,notBad
9242,6,510.2,5,508.96000000000004,swap,notBad
9243,6,510.2,5,508.96000000000004,swap,notBad
9244,6,510.2,5,508.96000000000004,2opt,notBad
9245,6,510.2,5,508.96000000000004,2opt,notBad
9246,6,510.2,5,508.96000000000004,2opt,notBad
9247,6,510.2,5,508.96000000000004,move,improve
9248,6,510.2,5,508.96000000000004,move,improve
9249,6,510.2,5,508.96000000000004,move,improve
9250,6,510.2,5,508.96000000000004,move,improve
9251,6,510.2,5,508.96000000000004,2opt,notBad
9252,6,510.2,5,508.96000000000004,move,improve
9253,6,510.2,5,508.96000000000004,move,improve
9254,6,510.2,5,508.96000000000004,2opt,notBad
9255,6,510.2,5,508.96000000000004,move,improve
9256,6,510.2,5,508.96000000000004,swap,notBad
9257,6,510.2,5,508.96000000000004,2opt,notBad
9258,6,510.2,5,508.96000000000004,2opt,notBad
9259,6,510.2,5,508.96000000000004,move,improve
9260,6,510.2,5,508.96000000000004,swap,notBad
9261,6,510.2,5,508.96000000000004,move,improve
9262,6,510.2,5,508.96000000000004,swap,notBad
9263,6,510.2,5,508.96000000000004,swap,notBad
9264,6,510.2,5,508.96000000000004,move,improve
9265,6,510.2,5,508.96000000000004,swap,notBad
9266,6,510.2,5,508.96000000000004,2opt,notBad
9267,6,510.2,5,508.96000000000004,move,improve
9268,6,510.2,5,508.96000000000004,2opt,notBad
9269,6,510.2,5,508.96000000000004,2opt,notBad
9270,6,510.2,5,508.96000000000004,2opt,notBad
9271,6,510.2,5,508.96000000000004,swap,notBad
9272,6,510.2,5,508.96000000000004,move,improve
9273,6,510.2,5,508.96000000000004,2opt,notBad
9274,6,510.2,5,508.96000000000004,move,improve
9275,6,510.2,5,508.96000000000004,2opt,notBad
9276,6,510.2,5,508.96000000000004,2opt,notBad
9277,6,510.2,5,508.96000000000004,2opt,notBad
9278,6,510.2,5,508.96000000000004,2opt,notBad
9279,6,510.2,5,508.96000000000004,swap,notBad
9280,6,510.2,5,508.96000000000004,move,improve
9281,6,510.2,5,508.96000000000004,swap,notBad
9282,6,510.2,5,508.96000000000004,2opt,notBad
9283,6,510.2,5,508.96000000000004,move,improve
9284,6,510.2,5,508.96000000000004,move,improve
9285,6,510.2,5,508.96000000000004,2opt,notBad
9286,6,510.2,5,508.96000000000004,move,improve
9287,6,510.2,5,508.96000000000004,move,improve
9288,6,510.2,5,508.96000000000004,move,improve
9289,6,510.2,5,508.96000000000004,move,improve
9290,6,510.2,5,508.96000000000004,move,improve
9291,6,510.2,5,508.96000000000004,swap,notBad
9292,6,510.2,5,508.96000000000004,2opt,notBad
9293,6,510.2,5,508.96000000000004,2opt,notBad
9294,6,510.2,5,508.96000000000004,2opt,notBad
9295,6,510.2,5,508.96000000000004,move,improve
9296,6,510.2,5,508.96000000000004,move,improve
9297,6,510.2,5,508.96000000000004,swap,notBad
9298,6,510.2,5,508.96000000000004,move,improve
9299,6,510.2,5,508.96000000000004,swap,notBad
9300,6,510.74,5,508.96000000000004,swap,acceptBad
9301,6,510.74,5,508.96000000000004,2opt,notBad
9302,6,510.74,5,508.96000000000004,swap,notBad
9303,6,510.74,5,508.96000000000004,2opt,notBad
9304,6,510.74,5,508.96000000000004,move,improve
9305,6,510.74,5,508.96000000000004,2opt,notBad
9306,6,510.74,5,508.96000000000004,2opt,improve
9307,6,510.74,5,508.96000000000004,2opt,notBad
9308,6,510.74,5,508.96000000000004,move,improve
9309,6,510.74,5,508.96000000000004,move,improve
9310,6,510.74,5,508.96000000000004,move,improve
9311,6,510.74,5,508.96000000000004,2opt,notBad
9312,6,510.74,5,508.96000000000004,move,improve
9313,6,510.74,5,508.96000000000004,move,improve
9314,6,510.74,5,508.96000000000004,swap,notBad
9315,6,510.74,5,508.96000000000004,2opt,notBad
9316,6,510.74,5,508.96000000000004,2opt,notBad
9317,6,510.74,5,508.96000000000004,swap,notBad
9318,6,510.74,5,508.96000000000004,swap,notBad
9319,6,510.74,5,508.96000000000004,2opt,notBad
9320,6,510.74,5,508.96000000000004,2opt,notBad
9321,6,510.74,5,508.96000000000004,move,improve
9322,6,510.74,5,508.96000000000004,swap,notBad
9323,6,510.74,5,508.96000000000004,2opt,notBad
9324,6,510.74,5,508.96000000000004,swap,notBad
9325,6,510.74,5,508.96000000000004,2opt,notBad
9326,6,510.74,5,508.96000000000004,2opt,notBad
9327,6,510.74,5,508.96000000000004,2opt,notBad
9328,6,510.74,5,508.96000000000004,2opt,notBad
9329,6,510.74,5,508.96000000000004,move,improve
9330,6,510.74,5,508.96000000000004,swap,notBad
9331,6,510.74,5,508.96000000000004,2opt,notBad
9332,6,510.74,5,508.96000000000004,2opt,improve
9333,6,510.74,5,508.96000000000004,move,improve
9334,6,510.74,5,508.96000000000004,move,improve
9335,6,510.74,5,508.96000000000004,swap,notBad
9336,6,510.74,5,508.96000000000004,swap,notBad
9337,6,510.74,5,508.96000000000004,2opt,notBad
9338,6,510.74,5,508.96000000000004,move,improve
9339,6,510.74,5,508.96000000000004,2opt,notBad
9340,6,510.74,5,508.96000000000004,move,improve
9341,6,510.74,5,508.96000000000004,2opt,notBad
9342,6,510.74,5,508.96000000000004,swap,notBad
9343,6,510.74,5,508.96000000000004,swap,notBad
9344,6,510.74,5,508.96000000000004,swap,notBad
9345,6,510.74,5,508.96000000000004,move,improve
9346,6,510.74,5,508.96000000000004,swap,notBad
9347,6,510.74,5,508.96000000000004,swap,notBad
9348,6,510.74,5,508.96000000000004,swap,notBad
9349,6,510.74,5,508.96000000000004,2opt,notBad
9350,6,510.74,5,508.96000000000004,move,improve
9351,6,510.74,5,508.96000000000004,2opt,notBad
9352,6,510.74,5,508.96000000000004,swap,notBad
9353,6,510.74,5,508.96000000000004,swap,notBad
9354,6,510.74,5,508.96000000000004,move,improve
9355,6,510.74,5,508.96000000000004,2opt,notBad
9356,6,510.74,5,508.96000000000004,2opt,improve
9357,6,510.74,5,508.96000000000004,swap,notBad
9358,6,510.74,5,508.96000000000004,move,notBad
9359,6,510.74,5,508.96000000000004,2opt,improve
9360,6,510.5999999999999,5,508.96000000000004,move,improve
9361,6,510.5999999999999,5,508.96000000000004,move,improve
9362,6,510.5999999999999,5,508.96000000000004,2opt,improve
9363,6,510.5999999999999,5,508.96000000000004,2opt,notBad
9364,6,510.5999999999999,5,508.96000000000004,swap,notBad
9365,6,510.5999999999999,5,508.96000000000004,2opt,notBad
9366,6,510.5999999999999,5,508.96000000000004,move,notBad
9367,6,510.5999999999999,5,508.96000000000004,move,improve
9368,6,510.5999999999999,5,508.96000000000004,move,improve
9369,6,510.5999999999999,5,508.96000000000004,move,improve
9370,6,510.5999999999999,5,508.96000000000004,2opt,notBad
9371,6,510.5999999999999,5,508.96000000000004,move,improve
9372,6,510.5999999999999,5,508.96000000000004,swap,notBad
9373,6,510.5999999999999,5,508.96000000000004,move,improve
9374,6,510.5999999999999,5,508.96000000000004,2opt,notBad
9375,6,510.5999999999999,5,508.96000000000004,swap,notBad
9376,6,510.5999999999999,5,508.96000000000004,move,improve
9377,6,510.5999999999999,5,508.96000000000004,swap,notBad
9378,6,510.5999999999999,5,508.96000000000004,swap,notBad
9379,6,510.5999999999999,5,508.96000000000004,swap,notBad
9380,6,510.2,5,508.96000000000004,move,improve
9381,6,510.2,5,508.96000000000004,2opt,notBad
9382,6,510.2,5,508.96000000000004,move,improve
9383,6,510.2,5,508.96000000000004,swap,notBad
9384,6,510.2,5,508.96000000000004,swap,notBad
9385,6,510.2,5,508.96000000000004,swap,notBad
9386,6,510.2,5,508.96000000000004,swap,notBad
9387,6,510.2,5,508.96000000000004,2opt,improve
9388,6,510.2,5,508.96000000000004,swap,notBad
9389,6,510.2,5,508.96000000000004,2opt,notBad
9390,6,510.2,5,508.96000000000004,swap,notBad
9391,6,510.2,5,508.96000000000004,2opt,notBad
9392,6,510.2,5,508.96000000000004,2opt,notBad
9393,6,510.2,5,508.96000000000004,2opt,notBad
9394,6,510.2,5,508.96000000000004,swap,notBad
9395,6,510.2,5,508.96000000000004,2opt,improve
9396,6,510.2,5,508.96000000000004,swap,notBad
9397,6,510.2,5,508.96000000000004,swap,notBad
9398,6,510.2,5,508.96000000000004,swap,notBad
9399,6,510.2,5,508.96000000000004,swap,notBad
9400,6,510.2,5,508.96000000000004,2opt,notBad
9401,6,510.2,5,508.96000000000004,2opt,notBad
9402,6,510.2,5,508.96000000000004,move,improve
9403,6,510.2,5,508.96000000000004,swap,notBad
9404,6,510.2,5,508.96000000000004,swap,notBad
9405,6,510.2,5,508.96000000000004,2opt,notBad
9406,6,510.2,5,508.96000000000004,swap,notBad
9407,6,510.2,5,508.96000000000004,swap,notBad
9408,6,510.2,5,508.96000000000004,swap,notBad
9409,6,510.2,5,508.96000000000004,swap,notBad
9410,6,510.2,5,508.96000000000004,move,improve
9411,6,510.2,5,508.96000000000004,2opt,notBad
9412,6,510.2,5,508.96000000000004,2opt,improve
9413,6,510.2,5,508.96000000000004,2opt,notBad
9414,6,510.2,5,508.96000000000004,swap,notBad
9415,6,510.2,5,508.96000000000004,swap,notBad
9416,6,510.2,5,508.96000000000004,2opt,notBad
9417,6,510.2,5,508.96000000000004,2opt,notBad
9418,6,510.2,5,508.96000000000004,2opt,notBad
9419,6,510.2,5,508.96000000000004,move,improve
9420,6,510.2,5,508.96000000000004,swap,notBad
9421,6,510.2,5,508.96000000000004,move,improve
9422,6,510.2,5,508.96000000000004,move,improve
9423,6,510.2,5,508.96000000000004,2opt,notBad
9424,6,510.2,5,508.96000000000004,swap,notBad
9425,6,510.2,5,508.96000000000004,move,improve
9426,6,510.2,5,508.96000000000004,2opt,notBad
9427,6,510.2,5,508.96000000000004,swap,notBad
9428,6,510.2,5,508.96000000000004,2opt,notBad
9429,6,510.2,5,508.96000000000004,2opt,improve
9430,6,510.2,5,508.96000000000004,swap,notBad
9431,6,510.2,5,508.96000000000004,2opt,notBad
9432,6,510.2,5,508.96000000000004,2opt,notBad
9433,6,510.2,5,508.96000000000004,swap,notBad
9434,6,510.2,5,508.96000000000004,2opt,notBad
9435,6,510.2,5,508.96000000000004,swap,notBad
9436,6,510.2,5,508.96000000000004,2opt,notBad
9437,6,510.2,5,508.96000000000004,move,improve
9438,6,510.2,5,508.96000000000004,2opt,improve
9439,6,510.2,5,508.96000000000004,2opt,improve
9440,6,510.2,5,508.96000000000004,swap,notBad
9441,6,510.2,5,508.96000000000004,move,improve
9442,6,510.2,5,508.96000000000004,swap,notBad
9443,6,510.2,5,508.96000000000004,move,improve
9444,6,510.2,5,508.96000000000004,move,improve
9445,6,510.2,5,508.96000000000004,swap,notBad
9446,6,510.2,5,508.96000000000004,2opt,notBad
9447,6,510.2,5,508.96000000000004,swap,notBad
9448,6,510.2,5,508.96000000000004,swap,notBad
9449,6,510.2,5,508.96000000000004,2opt,notBad
9450,6,510.2,5,508.96000000000004,swap,notBad
9451,6,510.2,5,508.96000000000004,move,improve
9452,6,510.2,5,508.96000000000004,move,notBad
9453,6,510.2,5,508.96000000000004,move,improve
9454,6,510.2,5,508.96000000000004,move,improve
9455,6,510.2,5,508.96000000000004,2opt,improve
9456,6,510.2,5,508.96000000000004,move,improve
9457,6,510.2,5,508.96000000000004,move,improve
9458,6,510.2,5,508.96000000000004,swap,notBad
9459,6,510.2,5,508.96000000000004,move,improve
9460,6,510.2,5,508.96000000000004,swap,notBad
9461,6,510.2,5,508.96000000000004,swap,notBad
9462,6,510.2,5,508.96000000000004,move,improve
9463,6,510.2,5,508.96000000000004,move,improve
9464,6,510.2,5,508.96000000000004,2opt,notBad
9465,6,510.2,5,508.96000000000004,move,improve
9466,6,510.2,5,508.96000000000004,2opt,improve
9467,6,510.2,5,508.96000000000004,move,improve
9468,6,510.2,5,508.96000000000004,move,improve
9469,6,510.2,5,508.96000000000004,move,improve
9470,6,510.2,5,508.96000000000004,move,improve
9471,6,510.2,5,508.96000000000004,move,improve
9472,6,510.2,5,508.96000000000004,swap,notBad
9473,6,510.2,5,508.96000000000004,swap,notBad
9474,6,510.2,5,508.96000000000004,2opt,notBad
9475,6,510.2,5,508.96000000000004,swap,notBad
9476,6,510.2,5,508.96000000000004,swap,notBad
9477,6,510.2,5,508.96000000000004,2opt,notBad
9478,6,510.2,5,508.96000000000004,2opt,notBad
9479,6,510.2,5,508.96000000000004,move,improve
9480,6,510.2,5,508.96000000000004,swap,notBad
9481,6,510.2,5,508.96000000000004,2opt,notBad
9482,6,510.2,5,508.96000000000004,2opt,notBad
9483,6,510.2,5,508.96000000000004,swap,notBad
9484,6,510.2,5,508.96000000000004,move,improve
9485,6,510.2,5,508.96000000000004,swap,notBad
9486,6,510.2,5,508.96000000000004,2opt,notBad
9487,6,510.2,5,508.96000000000004,swap,notBad
9488,6,510.2,5,508.96000000000004,move,improve
9489,6,510.2,5,508.96000000000004,swap,notBad
9490,6,510.2,5,508.96000000000004,swap,notBad
9491,6,510.2,5,508.96000000000004,swap,notBad
9492,6,510.2,5,508.96000000000004,swap,notBad
9493,6,510.2,5,508.96000000000004,swap,notBad
9494,6,510.2,5,508.96000000000004,swap,notBad
9495,6,510.2,5,508.96000000000004,move,improve
9496,6,510.2,5,508.96000000000004,move,improve
9497,6,510.2,5,508.96000000000004,swap,notBad
9498,6,510.2,5,508.96000000000004,move,improve
9499,6,510.2,5,508.96000000000004,move,improve
9500,6,510.2,5,508.96000000000004,move,improve
9501,6,510.2,5,508.96000000000004,move,improve
9502,6,510.2,5,508.96000000000004,swap,notBad
9503,6,510.2,5,508.96000000000004,2opt,notBad
9504,6,510.2,5,508.96000000000004,2opt,notBad
9505,6,510.2,5,508.96000000000004,swap,notBad
9506,6,510.2,5,508.96000000000004,2opt,notBad
9507,6,510.2,5,508.96000000000004,move,improve
9508,6,510.2,5,508.96000000000004,swap,notBad
9509,6,510.2,5,508.96000000000004,2opt,improve
9510,6,510.2,5,508.96000000000004,2opt,notBad
9511,6,510.2,5,508.96000000000004,2opt,notBad
9512,6,510.2,5,508.96000000000004,move,improve
9513,6,510.2,5,508.96000000000004,2opt,notBad
9514,6,510.2,5,508.96000000000004,move,improve
9515,6,510.2,5,508.96000000000004,swap,notBad
9516,6,510.2,5,508.96000000000004,swap,notBad
9517,6,510.2,5,508.96000000000004,swap,notBad
9518,6,510.2,5,508.96000000000004,move,improve
9519,6,510.2,5,508.96000000000004,2opt,notBad
9520,6,510.2,5,508.96000000000004,2opt,notBad
9521,6,510.2,5,508.96000000000004,swap,notBad
9522,6,510.2,5,508.96000000000004,move,improve
9523,6,510.2,5,508.96000000000004,move,improve
9524,6,510.2,5,508.96000000000004,2opt,improve
9525,6,510.2,5,508.96000000000004,swap,notBad
9526,6,510.2,5,508.96000000000004,swap,notBad
9527,6,510.2,5,508.96000000000004,swap,notBad
9528,6,510.2,5,508.96000000000004,2opt,notBad
9529,6,510.74,5,508.96000000000004,swap,acceptBad
9530,6,510.74,5,508.96000000000004,move,improve
9531,6,510.74,5,508.96000000000004,move,improve
9532,6,510.74,5,508.96000000000004,swap,notBad
9533,6,510.74,5,508.96000000000004,move,improve
9534,6,510.74,5,508.96000000000004,swap,notBad
9535,6,510.74,5,508.96000000000004,2opt,notBad
9536,6,510.74,5,508.96000000000004,2opt,notBad
9537,6,510.74,5,508.96000000000004,move,improve
9538,6,510.74,5,508.96000000000004,move,improve
9539,6,510.74,5,508.96000000000004,swap,notBad
9540,6,510.74,5,508.96000000000004,2opt,improve
9541,6,510.74,5,508.96000000000004,move,improve
9542,6,510.74,5,508.96000000000004,move,improve
9543,6,510.74,5,508.96000000000004,2opt,notBad
9544,6,510.74,5,508.96000000000004,swap,notBad
9545,6,510.74,5,508.96000000000004,2opt,notBad
9546,6,510.74,5,508.96000000000004,2opt,notBad
9547,6,510.74,5,508.96000000000004,2opt,notBad
9548,6,510.74,5,508.96000000000004,2opt,notBad
9549,6,510.74,5,508.96000000000004,2opt,notBad
9550,6,510.74,5,508.96000000000004,move,improve
9551,6,510.74,5,508.96000000000004,move,improve
9552,6,510.74,5,508.96000000000004,move,notBad
9553,6,510.74,5,508.96000000000004,move,improve
9554,6,510.74,5,508.96000000000004,swap,notBad
9555,6,510.74,5,508.96000000000004,move,improve
9556,6,510.74,5,508.96000000000004,2opt,notBad
9557,6,510.74,5,508.96000000000004,2opt,notBad
9558,6,510.74,5,508.96000000000004,2opt,notBad
9559,6,510.74,5,508.96000000000004,2opt,notBad
9560,6,510.74,5,508.96000000000004,move,improve
9561,6,510.74,5,508.96000000000004,swap,notBad
9562,6,510.74,5,508.96000000000004,move,improve
9563,6,510.74,5,508.96000000000004,2opt,improve
9564,6,510.74,5,508.96000000000004,2opt,notBad
9565,6,510.74,5,508.96000000000004,move,improve
9566,6,510.74,5,508.96000000000004,2opt,notBad
9567,6,510.74,5,508.96000000000004,swap,notBad
9568,6,510.74,5,508.96000000000004,move,improve
9569,6,510.74,5,508.96000000000004,swap,notBad
9570,6,510.74,5,508.96000000000004,move,improve
9571,6,511.84000000000003,5,508.96000000000004,swap,acceptBad
9572,6,511.84000000000003,5,508.96000000000004,move,improve
9573,6,511.41999999999996,5,508.96000000000004,move,improve
9574,6,511.41999999999996,5,508.96000000000004,move,improve
9575,6,511.41999999999996,5,508.96000000000004,swap,notBad
9576,6,511.41999999999996,5,508.96000000000004,swap,notBad
9577,6,511.41999999999996,5,508.96000000000004,swap,notBad
9578,6,511.41999999999996,5,508.96000000000004,move,improve
9579,6,511.41999999999996,5,508.96000000000004,2opt,notBad
9580,6,511.41999999999996,5,508.96000000000004,2opt,notBad
9581,6,511.41999999999996,5,508.96000000000004,swap,notBad
9582,6,511.41999999999996,5,508.96000000000004,2opt,notBad
9583,6,511.41999999999996,5,508.96000000000004,swap,notBad
9584,6,511.41999999999996,5,508.96000000000004,swap,notBad
9585,6,511.41999999999996,5,508.96000000000004,2opt,notBad
9586,6,511.41999999999996,5,508.96000000000004,swap,notBad
9587,6,511.41999999999996,5,508.96000000000004,move,improve
9588,6,511.41999999999996,5,508.96000000000004,2opt,notBad
9589,6,511.41999999999996,5,508.96000000000004,swap,notBad
9590,6,511.41999999999996,5,508.96000000000004,2opt,notBad
9591,6,511.41999999999996,5,508.96000000000004,move,improve
9592,6,511.41999999999996,5,508.96000000000004,2opt,notBad
9593,6,511.41999999999996,5,508.96000000000004,move,improve
9594,6,511.41999999999996,5,508.96000000000004,swap,notBad
9595,6,511.41999999999996,5,508.96000000000004,2opt,notBad
9596,6,511.41999999999996,5,508.96000000000004,move,improve
9597,6,511.41999999999996,5,508.96000000000004,move,improve
9598,6,511.41999999999996,5,508.96000000000004,move,improve
9599,6,511.41999999999996,5,508.96000000000004,swap,notBad
9600,6,511.41999999999996,5,508.96000000000004,swap,notBad
9601,6,511.41999999999996,5,508.96000000000004,2opt,notBad
9602,6,511.41999999999996,5,508.96000000000004,swap,notBad
9603,6,511.41999999999996,5,508.96000000000004,2opt,notBad
9604,6,511.41999999999996,5,508.96000000000004,2opt,notBad
9605,6,511.41999999999996,5,508.96000000000004,2opt,notBad
9606,6,511.41999999999996,5,508.96000000000004,swap,notBad
9607,6,511.41999999999996,5,508.96000000000004,swap,notBad
9608,6,511.41999999999996,5,508.96000000000004,move,improve
9609,6,511.41999999999996,5,508.96000000000004,move,improve
9610,6,511.41999999999996,5,508.96000000000004,move,improve
9611,6,511.41999999999996,5,508.96000000000004,move,improve
9612,6,511.41999999999996,5,508.96000000000004,swap,notBad
9613,6,511.41999999999996,5,508.96000000000004,swap,notBad
9614,6,511.41999999999996,5,508.96000000000004,2opt,notBad
9615,6,511.41999999999996,5,508.96000000000004,swap,notBad
9616,6,511.41999999999996,5,508.96000000000004,2opt,notBad
9617,6,511.41999999999996,5,508.96000000000004,2opt,notBad
9618,6,511.41999999999996,5,508.96000000000004,2opt,notBad
9619,6,511.41999999999996,5,508.96000000000004,2opt,notBad
9620,6,511.41999999999996,5,508.96000000000004,swap,notBad
9621,6,511.41999999999996,5,508.96000000000004,move,improve
9622,6,511.41999999999996,5,508.96000000000004,move,improve
9623,6,511.41999999999996,5,508.96000000000004,move,improve
9624,6,511.41999999999996,5,508.96000000000004,move,improve
9625,6,511.41999999999996,5,508.96000000000004,move,improve
9626,6,511.41999999999996,5,508.96000000000004,swap,notBad
9627,6,511.41999999999996,5,508.96000000000004,2opt,notBad
9628,6,511.41999999999996,5,508.96000000000004,swap,notBad
9629,6,511.02,5,508.96000000000004,move,improve
9630,6,511.02,5,508.96000000000004,swap,notBad
9631,6,511.02,5,508.96000000000004,2opt,improve
9632,6,511.02,5,508.96000000000004,move,improve
9633,6,511.02,5,508.96000000000004,move,improve
9634,6,511.02,5,508.96000000000004,2opt,improve
9635,6,511.02,5,508.96000000000004,move,improve
9636,6,511.02,5,508.96000000000004,swap,notBad
9637,6,511.02,5,508.96000000000004,swap,notBad
9638,6,511.02,5,508.96000000000004,swap,notBad
9639,6,511.02,5,508.96000000000004,swap,notBad
9640,6,511.02,5,508.96000000000004,swap,notBad
9641,6,511.02,5,508.96000000000004,2opt,notBad
9642,6,511.02,5,508.96000000000004,2opt,notBad
9643,6,511.02,5,508.96000000000004,2opt,improve
9644,6,511.02,5,508.96000000000004,move,improve
9645,6,511.02,5,508.96000000000004,move,notBad
9646,6,511.02,5,508.96000000000004,2opt,notBad
9647,6,511.02,5,508.96000000000004,swap,notBad
9648,6,511.02,5,508.96000000000004,2opt,notBad
9649,6,511.02,5,508.96000000000004,2opt,notBad
9650,6,511.02,5,508.96000000000004,move,improve
9651,6,511.02,5,508.96000000000004,move,improve
9652,6,511.02,5,508.96000000000004,move,improve
9653,6,511.02,5,508.96000000000004,move,improve
9654,6,511.84000000000003,5,508.96000000000004,swap,acceptBad
9655,6,511.84000000000003,5,508.96000000000004,2opt,notBad
9656,6,511.84000000000003,5,508.96000000000004,move,improve
9657,6,511.84000000000003,5,508.96000000000004,swap,notBad
9658,6,511.84000000000003,5,508.96000000000004,move,improve
9659,6,511.84000000000003,5,508.96000000000004,swap,notBad
9660,6,511.84000000000003,5,508.96000000000004,2opt,notBad
9661,6,511.84000000000003,5,508.96000000000004,2opt,notBad
9662,6,511.56,5,508.96000000000004,swap,improve
9663,6,511.56,5,508.96000000000004,move,improve
9664,6,511.56,5,508.96000000000004,2opt,notBad
9665,6,511.56,5,508.96000000000004,move,improve
9666,6,511.56,5,508.96000000000004,2opt,notBad
9667,6,511.56,5,508.96000000000004,2opt,notBad
9668,6,511.56,5,508.96000000000004,2opt,notBad
9669,6,511.56,5,508.96000000000004,swap,notBad
9670,6,511.56,5,508.96000000000004,move,improve
9671,6,511.56,5,508.96000000000004,2opt,notBad
9672,6,509.61999999999995,5,508.96000000000004,swap,improve
9673,6,509.61999999999995,5,508.96000000000004,swap,notBad
9674,6,509.61999999999995,5,508.96000000000004,swap,notBad
9675,6,509.61999999999995,5,508.96000000000004,2opt,notBad
9676,6,509.61999999999995,5,508.96000000000004,move,improve
9677,6,509.61999999999995,5,508.96000000000004,swap,notBad
9678,6,509.61999999999995,5,508.96000000000004,move,improve
9679,6,509.61999999999995,5,508.96000000000004,2opt,notBad
9680,6,509.61999999999995,5,508.96000000000004,swap,notBad
9681,6,509.61999999999995,5,508.96000000000004,2opt,notBad
9682,6,509.61999999999995,5,508.96000000000004,swap,notBad
9683,6,509.61999999999995,5,508.96000000000004,move,notBad
9684,6,509.61999999999995,5,508.96000000000004,swap,notBad
9685,6,509.61999999999995,5,508.96000000000004,move,improve
9686,6,509.61999999999995,5,508.96000000000004,swap,notBad
9687,6,509.61999999999995,5,508.96000000000004,swap,notBad
9688,6,509.61999999999995,5,508.96000000000004,move,improve
9689,6,509.61999999999995,5,508.96000000000004,2opt,notBad
9690,6,509.61999999999995,5,508.96000000000004,2opt,notBad
9691,6,509.61999999999995,5,508.96000000000004,swap,notBad
9692,6,509.61999999999995,5,508.96000000000004,move,improve
9693,6,509.61999999999995,5,508.96000000000004,swap,notBad
9694,6,509.61999999999995,5,508.96000000000004,move,improve
9695,6,509.61999999999995,5,508.96000000000004,2opt,notBad
9696,6,509.61999999999995,5,508.96000000000004,swap,notBad
9697,6,509.61999999999995,5,508.96000000000004,2opt,notBad
9698,6,509.61999999999995,5,508.96000000000004,move,improve
9699,6,509.61999999999995,5,508.96000000000004,2opt,notBad
9700,6,509.61999999999995,5,508.96000000000004,swap,notBad
9701,6,509.61999999999995,5,508.96000000000004,swap,notBad
9702,6,509.61999999999995,5,508.96000000000004,swap,notBad
9703,6,509.9,5,508.96000000000004,swap,acceptBad
9704,6,509.9,5,508.96000000000004,move,improve
9705,6,509.9,5,508.96000000000004,2opt,notBad
9706,6,509.9,5,508.96000000000004,move,improve
9707,6,509.9,5,508.96000000000004,swap,notBad
9708,6,509.9,5,508.96000000000004,2opt,notBad
9709,6,509.9,5,508.96000000000004,move,improve
9710,6,509.9,5,508.96000000000004,swap,notBad
9711,6,509.9,5,508.96000000000004,move,improve
9712,6,509.9,5,508.96000000000004,swap,notBad
9713,6,509.9,5,508.96000000000004,2opt,notBad
9714,6,509.9,5,508.96000000000004,swap,notBad
9715,6,509.9,5,508.96000000000004,move,improve
9716,6,509.9,5,508.96000000000004,2opt,improve
9717,6,509.9,5,508.96000000000004,swap,notBad
9718,6,509.9,5,508.96000000000004,swap,notBad
9719,6,509.9,5,508.96000000000004,move,improve
9720,6,509.9,5,508.96000000000004,2opt,notBad
9721,6,509.9,5,508.96000000000004,2opt,notBad
9722,6,509.9,5,508.96000000000004,move,improve
9723,6,509.9,5,508.96000000000004,move,improve
9724,6,509.9,5,508.96000000000004,swap,notBad
9725,6,509.9,5,508.96000000000004,swap,notBad
9726,6,509.9,5,508.96000000000004,move,improve
9727,6,509.9,5,508.96000000000004,2opt,notBad
9728,6,509.9,5,508.96000000000004,2opt,notBad
9729,6,509.9,5,508.96000000000004,2opt,improve
9730,6,509.9,5,508.96000000000004,2opt,notBad
9731,6,509.9,5,508.96000000000004,swap,notBad
9732,6,509.9,5,508.96000000000004,2opt,notBad
9733,6,509.9,5,508.96000000000004,swap,notBad
9734,6,509.9,5,508.96000000000004,move,improve
9735,6,509.9,5,508.96000000000004,swap,notBad
9736,6,509.9,5,508.96000000000004,move,improve
9737,6,509.9,5,508.96000000000004,move,improve
9738,6,509.9,5,508.96000000000004,swap,notBad
9739,6,509.9,5,508.96000000000004,swap,notBad
9740,6,509.9,5,508.96000000000004,move,notBad
9741,6,509.9,5,508.96000000000004,2opt,notBad
9742,6,509.9,5,508.96000000000004,2opt,improve
9743,6,509.9,5,508.96000000000004,swap,notBad
9744,6,509.9,5,508.96000000000004,swap,notBad
9745,6,509.9,5,508.96000000000004,move,improve
9746,6,509.9,5,508.96000000000004,swap,notBad
9747,6,509.9,5,508.96000000000004,2opt,notBad
9748,6,509.9,5,508.96000000000004,2opt,notBad
9749,6,509.9,5,508.96000000000004,2opt,notBad
9750,6,509.9,5,508.96000000000004,swap,notBad
9751,6,509.9,5,508.96000000000004,swap,notBad
9752,6,509.9,5,508.96000000000004,swap,notBad
9753,6,509.9,5,508.96000000000004,swap,notBad
9754,6,509.9,5,508.96000000000004,swap,notBad
9755,6,509.9,5,508.96000000000004,swap,notBad
9756,6,509.9,5,508.96000000000004,swap,notBad
9757,6,509.9,5,508.96000000000004,swap,notBad
9758,6,509.9,5,508.96000000000004,move,notBad
9759,6,509.9,5,508.96000000000004,2opt,notBad
9760,6,509.9,5,508.96000000000004,move,improve
9761,6,509.9,5,508.96000000000004,move,improve
9762,6,509.9,5,508.96000000000004,swap,notBad
9763,6,509.9,5,508.96000000000004,2opt,notBad
9764,6,509.9,5,508.96000000000004,move,improve
9765,6,509.9,5,508.96000000000004,2opt,notBad
9766,6,509.9,5,508.96000000000004,swap,notBad
9767,6,509.9,5,508.96000000000004,move,improve
9768,6,509.9,5,508.96000000000004,move,improve
9769,6,509.9,5,508.96000000000004,2opt,notBad
9770,6,509.9,5,508.96000000000004,move,improve
9771,6,509.9,5,508.96000000000004,move,improve
9772,6,509.9,5,508.96000000000004,2opt,notBad
9773,6,509.9,5,508.96000000000004,move,improve
9774,6,509.9,5,508.96000000000004,swap,notBad
9775,6,509.9,5,508.96000000000004,2opt,notBad
9776,6,509.9,5,508.96000000000004,move,improve
9777,6,509.9,5,508.96000000000004,2opt,notBad
9778,6,509.9,5,508.96000000000004,move,improve
9779,6,509.9,5,508.96000000000004,2opt,notBad
9780,6,509.9,5,508.96000000000004,swap,notBad
9781,6,509.9,5,508.96000000000004,move,improve
9782,6,509.9,5,508.96000000000004,2opt,notBad
9783,6,509.9,5,508.96000000000004,move,improve
9784,6,509.24,5,508.96000000000004,move,improve
9785,6,509.24,5,508.96000000000004,2opt,notBad
9786,6,509.24,5,508.96000000000004,2opt,notBad
9787,6,509.24,5,508.96000000000004,move,improve
9788,6,509.24,5,508.96000000000004,swap,notBad
9789,6,509.24,5,508.96000000000004,2opt,notBad
9790,6,509.24,5,508.96000000000004,2opt,notBad
9791,6,509.24,5,508.96000000000004,move,improve
9792,6,509.24,5,508.96000000000004,2opt,notBad
9793,6,509.24,5,508.96000000000004,swap,notBad
9794,6,509.24,5,508.96000000000004,move,improve
9795,6,509.24,5,508.96000000000004,2opt,notBad
9796,6,509.24,5,508.96000000000004,move,improve
9797,6,509.24,5,508.96000000000004,move,improve
9798,6,509.24,5,508.96000000000004,move,improve
9799,6,509.24,5,508.96000000000004,2opt,notBad
9800,6,509.24,5,508.96000000000004,2opt,notBad
9801,6,509.24,5,508.96000000000004,swap,notBad
9802,6,509.24,5,508.96000000000004,move,improve
9803,6,509.24,5,508.96000000000004,2opt,improve
9804,6,509.24,5,508.96000000000004,2opt,notBad
9805,6,509.24,5,508.96000000000004,swap,notBad
9806,6,509.24,5,508.96000000000004,move,improve
9807,6,509.24,5,508.96000000000004,2opt,notBad
9808,6,509.24,5,508.96000000000004,swap,notBad
9809,6,509.24,5,508.96000000000004,move,improve
9810,6,509.24,5,508.96000000000004,2opt,notBad
9811,6,509.24,5,508.96000000000004,swap,notBad
9812,6,509.24,5,508.96000000000004,swap,notBad
9813,6,509.24,5,508.96000000000004,swap,notBad
9814,6,509.24,5,508.96000000000004,2opt,notBad
9815,6,509.24,5,508.96000000000004,2opt,notBad
9816,6,509.24,5,508.96000000000004,2opt,notBad
9817,6,509.24,5,508.96000000000004,2opt,notBad
9818,6,509.24,5,508.96000000000004,move,improve
9819,6,509.24,5,508.96000000000004,move,improve
9820,6,509.24,5,508.96000000000004,swap,notBad
9821,6,509.24,5,508.96000000000004,2opt,notBad
9822,6,509.24,5,508.96000000000004,move,improve
9823,6,509.24,5,508.96000000000004,move,improve
9824,6,509.24,5,508.96000000000004,move,improve
9825,6,509.24,5,508.96000000000004,2opt,notBad
9826,6,509.24,5,508.96000000000004,2opt,improve
9827,6,509.24,5,508.96000000000004,2opt,notBad
9828,6,509.24,5,508.96000000000004,2opt,notBad
9829,6,509.24,5,508.96000000000004,swap,notBad
9830,6,509.24,5,508.96000000000004,swap,notBad
9831,6,509.24,5,508.96000000000004,move,improve
9832,6,509.24,5,508.96000000000004,2opt,notBad
9833,6,509.24,5,508.96000000000004,swap,notBad
9834,6,509.24,5,508.96000000000004,move,notBad
9835,6,509.24,5,508.96000000000004,swap,notBad
9836,6,509.24,5,508.96000000000004,2opt,notBad
9837,6,509.24,5,508.96000000000004,2opt,notBad
9838,6,509.24,5,508.96000000000004,2opt,improve
9839,6,509.24,5,508.96000000000004,swap,notBad
9840,6,509.24,5,508.96000000000004,move,improve
9841,6,509.24,5,508.96000000000004,2opt,notBad
9842,6,509.24,5,508.96000000000004,2opt,notBad
9843,6,509.24,5,508.96000000000004,2opt,notBad
9844,6,509.24,5,508.96000000000004,swap,notBad
9845,6,509.24,5,508.96000000000004,2opt,notBad
9846,6,509.24,5,508.96000000000004,2opt,notBad
9847,6,509.24,5,508.96000000000004,2opt,notBad
9848,6,509.24,5,508.96000000000004,move,improve
9849,6,509.24,5,508.96000000000004,move,improve
9850,6,509.24,5,508.96000000000004,swap,notBad
9851,6,509.24,5,508.96000000000004,2opt,notBad
9852,6,509.24,5,508.96000000000004,swap,notBad
9853,6,509.24,5,508.96000000000004,swap,notBad
9854,6,509.24,5,508.96000000000004,2opt,notBad
9855,6,509.24,5,508.96000000000004,move,improve
9856,6,509.24,5,508.96000000000004,move,improve
9857,6,509.24,5,508.96000000000004,move,improve
9858,6,509.24,5,508.96000000000004,swap,notBad
9859,6,509.24,5,508.96000000000004,move,notBad
9860,6,509.24,5,508.96000000000004,swap,notBad
9861,6,509.24,5,508.96000000000004,swap,notBad
9862,6,509.24,5,508.96000000000004,move,improve
9863,6,509.24,5,508.96000000000004,2opt,notBad
9864,6,509.24,5,508.96000000000004,2opt,notBad
9865,6,509.24,5,508.96000000000004,2opt,notBad
9866,6,509.24,5,508.96000000000004,move,improve
9867,6,509.24,5,508.96000000000004,2opt,notBad
9868,6,509.24,5,508.96000000000004,move,improve
9869,6,509.24,5,508.96000000000004,swap,notBad
9870,6,509.24,5,508.96000000000004,swap,notBad
9871,6,509.24,5,508.96000000000004,move,improve
9872,6,509.24,5,508.96000000000004,swap,notBad
9873,6,509.24,5,508.96000000000004,2opt,improve
9874,6,509.24,5,508.96000000000004,swap,notBad
9875,6,509.24,5,508.96000000000004,move,improve
9876,6,509.24,5,508.96000000000004,move,improve
9877,6,509.24,5,508.96000000000004,move,improve
9878,6,508.03999999999996,6,508.03999999999996,move,newBest
9879,6,508.03999999999996,6,508.03999999999996,swap,notBad
9880,6,508.03999999999996,6,508.03999999999996,2opt,notBad
9881,6,508.03999999999996,6,508.03999999999996,move,improve
9882,6,508.03999999999996,6,508.03999999999996,2opt,notBad
9883,6,508.03999999999996,6,508.03999999999996,swap,notBad
9884,6,508.03999999999996,6,508.03999999999996,move,improve
9885,6,508.03999999999996,6,508.03999999999996,2opt,notBad
9886,6,508.03999999999996,6,508.03999999999996,2opt,notBad
9887,6,508.03999999999996,6,508.03999999999996,move,improve
9888,6,508.03999999999996,6,508.03999999999996,swap,notBad
9889,6,508.03999999999996,6,508.03999999999996,move,improve
9890,6,508.03999999999996,6,508.03999999999996,swap,notBad
9891,6,508.03999999999996,6,508.03999999999996,2opt,notBad
9892,6,508.03999999999996,6,508.03999999999996,move,improve
9893,6,508.03999999999996,6,508.03999999999996,2opt,improve
9894,6,508.03999999999996,6,508.03999999999996,move,improve
9895,6,508.03999999999996,6,508.03999999999996,move,improve
9896,6,508.03999999999996,6,508.03999999999996,move,improve
9897,6,508.03999999999996,6,508.03999999999996,move,improve
9898,6,508.03999999999996,6,508.03999999999996,2opt,notBad
9899,6,508.03999999999996,6,508.03999999999996,swap,notBad
9900,6,508.03999999999996,6,508.03999999999996,swap,notBad
9901,6,508.03999999999996,6,508.03999999999996,move,improve
9902,6,508.03999999999996,6,508.03999999999996,move,improve
9903,6,508.03999999999996,6,508.03999999999996,2opt,notBad
9904,6,508.03999999999996,6,508.03999999999996,2opt,improve
9905,6,508.03999999999996,6,508.03999999999996,2opt,notBad
9906,6,508.03999999999996,6,508.03999999999996,2opt,notBad
9907,6,508.03999999999996,6,508.03999999999996,swap,notBad
9908,6,508.03999999999996,6,508.03999999999996,move,improve
9909,6,508.03999999999996,6,508.03999999999996,2opt,notBad
9910,6,508.03999999999996,6,508.03999999999996,move,improve
9911,6,508.03999999999996,6,508.03999999999996,move,notBad
9912,6,508.03999999999996,6,508.03999999999996,2opt,notBad
9913,6,508.03999999999996,6,508.03999999999996,swap,notBad
9914,6,508.03999999999996,6,508.03999999999996,2opt,notBad
9915,6,508.03999999999996,6,508.03999999999996,move,improve
9916,6,508.03999999999996,6,508.03999999999996,move,improve
9917,6,508.03999999999996,6,508.03999999999996,move,improve
9918,6,508.03999999999996,6,508.03999999999996,move,improve
9919,6,508.03999999999996,6,508.03999999999996,move,improve
9920,6,508.03999999999996,6,508.03999999999996,move,improve
9921,6,508.03999999999996,6,508.03999999999996,move,improve
9922,6,508.03999999999996,6,508.03999999999996,2opt,improve
9923,6,508.03999999999996,6,508.03999999999996,move,improve
9924,6,508.03999999999996,6,508.03999999999996,swap,notBad
9925,6,508.03999999999996,6,508.03999999999996,swap,notBad
9926,6,508.03999999999996,6,508.03999999999996,move,improve
9927,6,508.03999999999996,6,508.03999999999996,2opt,notBad
9928,6,508.03999999999996,6,508.03999999999996,move,improve
9929,6,508.03999999999996,6,508.03999999999996,move,improve
9930,6,508.03999999999996,6,508.03999999999996,swap,notBad
9931,6,508.03999999999996,6,508.03999999999996,swap,notBad
9932,6,508.03999999999996,6,508.03999999999996,move,improve
9933,6,508.03999999999996,6,508.03999999999996,2opt,improve
9934,6,508.03999999999996,6,508.03999999999996,2opt,notBad
9935,6,508.03999999999996,6,508.03999999999996,2opt,notBad
9936,6,508.03999999999996,6,508.03999999999996,move,improve
9937,6,508.03999999999996,6,508.03999999999996,move,improve
9938,6,508.03999999999996,6,508.03999999999996,swap,notBad
9939,6,508.03999999999996,6,508.03999999999996,move,improve
9940,6,508.03999999999996,6,508.03999999999996,swap,notBad
9941,6,508.03999999999996,6,508.03999999999996,swap,notBad
9942,6,508.03999999999996,6,508.03999999999996,2opt,notBad
9943,6,508.03999999999996,6,508.03999999999996,swap,notBad
9944,6,508.03999999999996,6,508.03999999999996,swap,notBad
9945,6,508.03999999999996,6,508.03999999999996,swap,notBad
9946,6,508.03999999999996,6,508.03999999999996,move,improve
9947,6,508.03999999999996,6,508.03999999999996,swap,notBad
9948,6,508.03999999999996,6,508.03999999999996,2opt,notBad
9949,6,508.03999999999996,6,508.03999999999996,2opt,notBad
9950,6,508.03999999999996,6,508.03999999999996,2opt,notBad
9951,6,508.03999999999996,6,508.03999999999996,2opt,notBad
9952,6,508.03999999999996,6,508.03999999999996,2opt,notBad
9953,6,508.03999999999996,6,508.03999999999996,move,improve
9954,6,508.03999999999996,6,508.03999999999996,swap,notBad
9955,6,508.03999999999996,6,508.03999999999996,swap,notBad
9956,6,508.03999999999996,6,508.03999999999996,move,improve
9957,6,508.03999999999996,6,508.03999999999996,swap,notBad
9958,6,508.03999999999996,6,508.03999999999996,swap,notBad
9959,6,508.03999999999996,6,508.03999999999996,move,improve
9960,6,508.03999999999996,6,508.03999999999996,move,improve
9961,6,508.03999999999996,6,508.03999999999996,swap,notBad
9962,6,508.03999999999996,6,508.03999999999996,swap,notBad
9963,6,508.03999999999996,6,508.03999999999996,swap,notBad
9964,6,508.03999999999996,6,508.03999999999996,move,improve
9965,6,508.03999999999996,6,508.03999999999996,swap,notBad
9966,6,508.03999999999996,6,508.03999999999996,swap,notBad
9967,6,508.03999999999996,6,508.03999999999996,move,improve
9968,6,508.03999999999996,6,508.03999999999996,2opt,notBad
9969,6,508.03999999999996,6,508.03999999999996,2opt,notBad
9970,6,508.03999999999996,6,508.03999999999996,move,improve
9971,6,508.03999999999996,6,508.03999999999996,2opt,notBad
9972,6,508.03999999999996,6,508.03999999999996,swap,notBad
9973,6,508.03999999999996,6,508.03999999999996,2opt,notBad
9974,6,508.03999999999996,6,508.03999999999996,move,improve
9975,6,507.92,6,507.92,swap,newBest
9976,6,507.92,6,507.92,move,improve
9977,6,507.92,6,507.92,2opt,notBad
9978,6,507.92,6,507.92,swap,notBad
9979,6,507.92,6,507.92,swap,notBad
9980,6,507.92,6,507.92,swap,notBad
9981,6,507.92,6,507.92,2opt,notBad
9982,6,507.92,6,507.92,swap,notBad
9983,6,507.92,6,507.92,2opt,notBad
9984,6,507.92,6,507.92,move,improve
9985,6,507.92,6,507.92,2opt,notBad
9986,6,507.92,6,507.92,move,improve
9987,6,507.92,6,507.92,move,improve
9988,6,507.92,6,507.92,move,improve
9989,6,507.92,6,507.92,swap,notBad
9990,6,507.92,6,507.92,swap,notBad
9991,6,507.92,6,507.92,swap,notBad
9992,6,507.92,6,507.92,swap,notBad
9993,6,507.92,6,507.92,2opt,notBad
9994,6,507.92,6,507.92,2opt,notBad
9995,6,507.92,6,507.92,swap,notBad
9996,6,507.92,6,507.92,swap,notBad
9997,6,507.92,6,507.92,swap,notBad
9998,6,507.92,6,507.92,swap,notBad
9999,6,507.92,6,507.92,move,improve
10000,6,507.92,6,507.92,move,improve
10001,6,507.92,6,507.92,swap,notBad
10002,6,507.92,6,507.92,move,improve
10003,6,507.92,6,507.92,swap,notBad
10004,6,507.92,6,507.92,move,improve
10005,6,507.92,6,507.92,2opt,notBad
10006,6,507.92,6,507.92,swap,notBad
10007,6,507.92,6,507.92,swap,notBad
10008,6,507.92,6,507.92,swap,notBad
10009,6,507.92,6,507.92,swap,notBad
10010,6,507.92,6,507.92,swap,notBad
10011,6,507.92,6,507.92,2opt,notBad
10012,6,507.92,6,507.92,move,improve
10013,6,507.92,6,507.92,move,improve
10014,6,507.92,6,507.92,swap,notBad
10015,6,507.92,6,507.92,move,improve
10016,6,507.92,6,507.92,swap,notBad
10017,6,507.92,6,507.92,move,improve
10018,6,507.92,6,507.92,2opt,improve
10019,6,507.92,6,507.92,move,improve
10020,6,507.92,6,507.92,swap,notBad
10021,6,507.92,6,507.92,move,improve
10022,6,507.92,6,507.92,2opt,improve
10023,6,507.92,6,507.92,swap,notBad
10024,6,507.92,6,507.92,2opt,notBad
10025,6,507.92,6,507.92,swap,notBad
10026,6,507.92,6,507.92,swap,notBad
10027,6,507.92,6,507.92,move,improve
10028,6,507.92,6,507.92,swap,notBad
10029,6,507.92,6,507.92,swap,notBad
10030,6,507.92,6,507.92,swap,notBad
10031,6,507.92,6,507.92,2opt,notBad
10032,6,507.92,6,507.92,swap,notBad
10033,6,507.92,6,507.92,swap,notBad
10034,6,507.92,6,507.92,2opt,notBad
10035,6,507.92,6,507.92,2opt,notBad
10036,6,507.92,6,507.92,move,improve
10037,6,507.92,6,507.92,move,improve
10038,6,507.92,6,507.92,swap,notBad
10039,6,507.92,6,507.92,2opt,notBad
10040,6,507.92,6,507.92,move,improve
10041,6,507.92,6,507.92,2opt,notBad
10042,6,507.92,6,507.92,move,improve
10043,6,507.92,6,507.92,2opt,notBad
10044,6,507.92,6,507.92,move,improve
10045,6,507.92,6,507.92,2opt,notBad
10046,6,507.92,6,507.92,move,improve
10047,6,507.92,6,507.92,2opt,notBad
10048,6,507.92,6,507.92,2opt,notBad
10049,6,507.92,6,507.92,2opt,notBad
10050,6,507.92,6,507.92,2opt,notBad
10051,6,507.92,6,507.92,swap,notBad
10052,6,507.92,6,507.92,move,improve
10053,6,507.92,6,507.92,move,improve
10054,6,507.92,6,507.92,move,improve
10055,6,507.92,6,507.92,2opt,notBad
10056,6,507.92,6,507.92,2opt,notBad
10057,6,507.92,6,507.92,swap,notBad
10058,6,507.92,6,507.92,swap,notBad
10059,6,507.92,6,507.92,move,improve
10060,6,507.92,6,507.92,move,improve
10061,6,507.92,6,507.92,move,improve
10062,6,507.92,6,507.92,move,improve
10063,6,507.92,6,507.92,2opt,notBad
10064,6,507.92,6,507.92,2opt,notBad
10065,6,507.92,6,507.92,move,improve
10066,6,507.92,6,507.92,2opt,notBad
10067,6,507.92,6,507.92,move,improve
10068,6,507.92,6,507.92,swap,notBad
10069,6,507.92,6,507.92,move,improve
10070,6,507.92,6,507.92,move,improve
10071,6,507.92,6,507.92,move,improve
10072,6,507.92,6,507.92,2opt,notBad
10073,6,507.92,6,507.92,swap,notBad
10074,6,507.92,6,507.92,move,improve
10075,6,507.92,6,507.92,move,improve
10076,6,507.92,6,507.92,2opt,notBad
10077,6,507.92,6,507.92,move,improve
10078,6,507.92,6,507.92,move,improve
10079,6,507.92,6,507.92,2opt,improve
10080,6,507.92,6,507.92,swap,notBad
10081,6,507.92,6,507.92,swap,notBad
10082,6,507.92,6,507.92,2opt,notBad
10083,6,507.92,6,507.92,move,improve
10084,6,507.92,6,507.92,2opt,notBad
10085,6,507.92,6,507.92,swap,notBad
10086,6,507.92,6,507.92,move,improve
10087,6,507.92,6,507.92,2opt,notBad
10088,6,507.92,6,507.92,2opt,notBad
10089,6,507.92,6,507.92,2opt,notBad
10090,6,507.92,6,507.92,move,improve
10091,6,507.92,6,507.92,2opt,improve
10092,6,507.92,6,507.92,swap,notBad
10093,6,507.92,6,507.92,swap,notBad
10094,6,507.92,6,507.92,move,improve
10095,6,507.92,6,507.92,swap,notBad
10096,6,507.92,6,507.92,2opt,notBad
10097,6,507.92,6,507.92,swap,notBad
10098,6,507.92,6,507.92,move,improve
10099,6,507.92,6,507.92,move,improve
10100,6,507.92,6,507.92,move,improve
10101,6,507.92,6,507.92,swap,notBad
10102,6,507.92,6,507.92,2opt,notBad
10103,6,507.92,6,507.92,swap,notBad
10104,6,507.92,6,507.92,swap,notBad
10105,6,507.92,6,507.92,swap,notBad
10106,6,507.92,6,507.92,swap,notBad
10107,6,507.92,6,507.92,2opt,notBad
10108,6,507.92,6,507.92,swap,notBad
10109,6,507.92,6,507.92,swap,notBad
10110,6,507.92,6,507.92,move,improve
10111,6,507.92,6,507.92,2opt,notBad
10112,6,507.92,6,507.92,swap,notBad
10113,6,507.92,6,507.92,2opt,notBad
10114,6,507.92,6,507.92,move,improve
10115,6,507.92,6,507.92,swap,notBad
10116,6,507.92,6,507.92,swap,notBad
10117,6,507.92,6,507.92,move,improve
10118,6,507.92,6,507.92,move,improve
10119,6,507.92,6,507.92,2opt,notBad
10120,6,507.9200000000001,6,507.92,swap,acceptBad
10121,6,507.9200000000001,6,507.92,2opt,notBad
10122,6,507.9200000000001,6,507.92,swap,notBad
10123,6,507.9200000000001,6,507.92,swap,notBad
10124,6,507.9200000000001,6,507.92,2opt,notBad
10125,6,507.9200000000001,6,507.92,2opt,notBad
10126,6,507.9200000000001,6,507.92,swap,notBad
10127,6,507.9200000000001,6,507.92,move,improve
10128,6,507.9200000000001,6,507.92,swap,notBad
10129,6,507.9200000000001,6,507.92,move,improve
10130,6,507.9200000000001,6,507.92,move,improve
10131,6,507.9200000000001,6,507.92,2opt,notBad
10132,6,507.9200000000001,6,507.92,move,improve
10133,6,507.9200000000001,6,507.92,swap,notBad
10134,6,507.9200000000001,6,507.92,2opt,improve
10135,6,507.9200000000001,6,507.92,2opt,notBad
10136,6,507.9200000000001,6,507.92,swap,notBad
10137,6,507.9200000000001,6,507.92,swap,notBad
10138,6,507.9200000000001,6,507.92,swap,notBad
10139,6,507.9200000000001,6,507.92,swap,notBad
10140,6,507.9200000000001,6,507.92,move,improve
10141,6,507.9200000000001,6,507.92,swap,notBad
10142,6,507.9200000000001,6,507.92,swap,notBad
10143,6,507.9200000000001,6,507.92,2opt,improve
10144,6,507.9200000000001,6,507.92,swap,notBad
10145,6,507.6000000000001,6,507.6000000000001,2opt,newBest
10146,6,507.6000000000001,6,507.6000000000001,move,improve
10147,6,507.6000000000001,6,507.6000000000001,move,improve
10148,6,507.6000000000001,6,507.6000000000001,2opt,notBad
10149,6,507.6000000000001,6,507.6000000000001,move,improve
10150,6,507.6000000000001,6,507.6000000000001,move,improve
10151,6,507.6000000000001,6,507.6000000000001,swap,notBad
10152,6,507.6000000000001,6,507.6000000000001,swap,notBad
10153,6,507.6000000000001,6,507.6000000000001,swap,notBad
10154,6,507.6000000000001,6,507.6000000000001,2opt,notBad
10155,6,507.6000000000001,6,507.6000000000001,move,improve
10156,6,507.6000000000001,6,507.6000000000001,move,improve
10157,6,507.6000000000001,6,507.6000000000001,2opt,notBad
10158,6,507.6000000000001,6,507.6000000000001,2opt,notBad
10159,6,507.6000000000001,6,507.6000000000001,swap,notBad
10160,6,507.6000000000001,6,507.6000000000001,move,improve
10161,6,507.6000000000001,6,507.6000000000001,swap,notBad
10162,6,507.6000000000001,6,507.6000000000001,swap,notBad
10163,6,507.6000000000001,6,507.6000000000001,swap,notBad
10164,6,507.6000000000001,6,507.6000000000001,move,improve
10165,6,507.6000000000001,6,507.6000000000001,swap,notBad
10166,6,507.6000000000001,6,507.6000000000001,move,improve
10167,6,507.6000000000001,6,507.6000000000001,swap,notBad
10168,6,507.6000000000001,6,507.6000000000001,move,improve
10169,6,508.80000000000007,6,507.6000000000001,move,acceptBad
10170,6,508.80000000000007,6,507.6000000000001,2opt,notBad
10171,6,508.80000000000007,6,507.6000000000001,move,improve
10172,6,508.80000000000007,6,507.6000000000001,swap,notBad
10173,6,508.80000000000007,6,507.6000000000001,2opt,notBad
10174,6,508.80000000000007,6,507.6000000000001,swap,notBad
10175,6,508.80000000000007,6,507.6000000000001,move,improve
10176,6,508.80000000000007,6,507.6000000000001,swap,notBad
10177,6,508.80000000000007,6,507.6000000000001,swap,notBad
10178,6,508.80000000000007,6,507.6000000000001,2opt,notBad
10179,6,508.80000000000007,6,507.6000000000001,move,improve
10180,6,508.80000000000007,6,507.6000000000001,2opt,notBad
10181,6,508.80000000000007,6,507.6000000000001,swap,notBad
10182,6,508.80000000000007,6,507.6000000000001,move,improve
10183,6,508.80000000000007,6,507.6000000000001,move,improve
10184,6,508.80000000000007,6,507.6000000000001,2opt,notBad
10185,6,508.80000000000007,6,507.6000000000001,swap,notBad
10186,6,508.80000000000007,6,507.6000000000001,2opt,notBad
10187,6,508.80000000000007,6,507.6000000000001,swap,notBad
10188,6,508.80000000000007,6,507.6000000000001,move,improve
10189,6,508.80000000000007,6,507.6000000000001,swap,notBad
10190,6,508.80000000000007,6,507.6000000000001,2opt,notBad
10191,6,508.80000000000007,6,507.6000000000001,move,improve
10192,6,508.80000000000007,6,507.6000000000001,move,improve
10193,6,508.80000000000007,6,507.6000000000001,2opt,notBad
10194,6,508.80000000000007,6,507.6000000000001,2opt,notBad
10195,6,508.80000000000007,6,507.6000000000001,move,improve
10196,6,508.80000000000007,6,507.6000000000001,2opt,notBad
10197,6,508.80000000000007,6,507.6000000000001,swap,notBad
10198,6,508.80000000000007,6,507.6000000000001,2opt,notBad
10199,6,508.80000000000007,6,507.6000000000001,2opt,notBad
10200,6,508.80000000000007,6,507.6000000000001,move,improve
10201,6,508.80000000000007,6,507.6000000000001,move,improve
10202,6,508.80000000000007,6,507.6000000000001,move,improve
10203,6,508.80000000000007,6,507.6000000000001,2opt,notBad
10204,6,508.80000000000007,6,507.6000000000001,move,improve
10205,6,508.80000000000007,6,507.6000000000001,move,improve
10206,6,508.80000000000007,6,507.6000000000001,2opt,improve
10207,6,508.80000000000007,6,507.6000000000001,swap,notBad
10208,6,508.80000000000007,6,507.6000000000001,2opt,notBad
10209,6,507.6000000000001,6,507.6000000000001,move,improve
10210,6,507.6000000000001,6,507.6000000000001,2opt,improve
10211,6,507.6000000000001,6,507.6000000000001,2opt,notBad
10212,6,507.6000000000001,6,507.6000000000001,move,improve
10213,6,507.6000000000001,6,507.6000000000001,swap,notBad
10214,6,507.6000000000001,6,507.6000000000001,move,improve
10215,6,507.6000000000001,6,507.6000000000001,2opt,notBad
10216,6,507.6000000000001,6,507.6000000000001,2opt,notBad
10217,6,507.6000000000001,6,507.6000000000001,move,improve
10218,6,507.6000000000001,6,507.6000000000001,move,improve
10219,6,507.6000000000001,6,507.6000000000001,2opt,notBad
10220,6,507.6000000000001,6,507.6000000000001,2opt,notBad
10221,6,507.6000000000001,6,507.6000000000001,swap,notBad
10222,6,507.6000000000001,6,507.6000000000001,2opt,notBad
10223,6,507.6000000000001,6,507.6000000000001,swap,notBad
10224,6,507.6000000000001,6,507.6000000000001,2opt,notBad
10225,6,507.6000000000001,6,507.6000000000001,move,improve
10226,6,507.6000000000001,6,507.6000000000001,2opt,notBad
10227,6,507.6000000000001,6,507.6000000000001,swap,notBad
10228,6,507.6000000000001,6,507.6000000000001,2opt,improve
10229,6,507.6000000000001,6,507.6000000000001,2opt,notBad
10230,6,507.6000000000001,6,507.6000000000001,2opt,improve
10231,6,507.6000000000001,6,507.6000000000001,swap,notBad
10232,6,507.6000000000001,6,507.6000000000001,swap,notBad
10233,6,507.6000000000001,6,507.6000000000001,2opt,notBad
10234,6,507.6000000000001,6,507.6000000000001,2opt,notBad
10235,6,507.6000000000001,6,507.6000000000001,move,improve
10236,6,507.6000000000001,6,507.6000000000001,2opt,notBad
10237,6,507.6000000000001,6,507.6000000000001,swap,notBad
10238,6,507.6000000000001,6,507.6000000000001,swap,notBad
10239,6,507.6000000000001,6,507.6000000000001,2opt,improve
10240,6,507.6000000000001,6,507.6000000000001,2opt,notBad
10241,6,507.6000000000001,6,507.6000000000001,move,improve
10242,6,507.6000000000001,6,507.6000000000001,2opt,notBad
10243,6,507.6000000000001,6,507.6000000000001,2opt,notBad
10244,6,507.6000000000001,6,507.6000000000001,swap,notBad
10245,6,507.6000000000001,6,507.6000000000001,swap,notBad
10246,6,507.6000000000001,6,507.6000000000001,2opt,notBad
10247,6,507.6000000000001,6,507.6000000000001,move,improve
10248,6,507.6000000000001,6,507.6000000000001,move,improve
10249,6,507.6000000000001,6,507.6000000000001,2opt,notBad
10250,6,507.6000000000001,6,507.6000000000001,move,improve
10251,6,507.6000000000001,6,507.6000000000001,swap,notBad
10252,6,507.6000000000001,6,507.6000000000001,2opt,notBad
10253,6,507.6000000000001,6,507.6000000000001,2opt,notBad
10254,6,507.6000000000001,6,507.6000000000001,2opt,notBad
10255,6,507.6000000000001,6,507.6000000000001,2opt,notBad
10256,6,507.6000000000001,6,507.6000000000001,swap,notBad
10257,6,507.6000000000001,6,507.6000000000001,move,improve
10258,6,507.6000000000001,6,507.6000000000001,2opt,notBad
10259,6,507.6000000000001,6,507.6000000000001,2opt,notBad
10260,6,507.6000000000001,6,507.6000000000001,move,improve
10261,6,507.6000000000001,6,507.6000000000001,move,improve
10262,6,507.6000000000001,6,507.6000000000001,2opt,notBad
10263,6,507.6000000000001,6,507.6000000000001,move,improve
10264,6,507.6000000000001,6,507.6000000000001,2opt,notBad
10265,6,507.6000000000001,6,507.6000000000001,swap,notBad
10266,6,507.6000000000001,6,507.6000000000001,2opt,notBad
10267,6,507.6000000000001,6,507.6000000000001,2opt,notBad
10268,6,507.6000000000001,6,507.6000000000001,2opt,notBad
10269,6,507.6000000000001,6,507.6000000000001,2opt,notBad
10270,6,507.6000000000001,6,507.6000000000001,2opt,notBad
10271,6,507.6000000000001,6,507.6000000000001,2opt,notBad
10272,6,507.6000000000001,6,507.6000000000001,2opt,notBad
10273,6,507.6000000000001,6,507.6000000000001,2opt,notBad
10274,6,507.6000000000001,6,507.6000000000001,move,improve
10275,6,507.6000000000001,6,507.6000000000001,swap,notBad
10276,6,507.6000000000001,6,507.6000000000001,2opt,notBad
10277,6,507.6000000000001,6,507.6000000000001,swap,notBad
10278,6,507.6000000000001,6,507.6000000000001,move,improve
10279,6,507.6000000000001,6,507.6000000000001,move,improve
10280,6,507.6000000000001,6,507.6000000000001,2opt,notBad
10281,6,507.6000000000001,6,507.6000000000001,move,improve
10282,6,507.6000000000001,6,507.6000000000001,swap,notBad
10283,6,507.6000000000001,6,507.6000000000001,2opt,notBad
10284,6,507.6000000000001,6,507.6000000000001,swap,notBad
10285,6,507.6000000000001,6,507.6000000000001,2opt,notBad
10286,6,507.6000000000001,6,507.6000000000001,2opt,notBad
10287,6,507.6000000000001,6,507.6000000000001,2opt,notBad
10288,6,507.6000000000001,6,507.6000000000001,swap,notBad
10289,6,507.6000000000001,6,507.6000000000001,2opt,notBad
10290,6,507.6000000000001,6,507.6000000000001,2opt,notBad
10291,6,507.6000000000001,6,507.6000000000001,swap,notBad
10292,6,507.6000000000001,6,507.6000000000001,move,improve
10293,6,507.6000000000001,6,507.6000000000001,swap,notBad
10294,6,507.6000000000001,6,507.6000000000001,move,improve
10295,6,507.6000000000001,6,507.6000000000001,2opt,notBad
10296,6,507.6000000000001,6,507.6000000000001,2opt,notBad
10297,6,507.6000000000001,6,507.6000000000001,move,improve
10298,6,507.6000000000001,6,507.6000000000001,2opt,notBad
10299,6,507.6000000000001,6,507.6000000000001,move,improve
10300,6,507.6000000000001,6,507.6000000000001,swap,notBad
10301,6,507.6000000000001,6,507.6000000000001,2opt,notBad
10302,6,507.6000000000001,6,507.6000000000001,swap,notBad
10303,6,507.6000000000001,6,507.6000000000001,swap,notBad
10304,6,507.6000000000001,6,507.6000000000001,move,improve
10305,6,507.6000000000001,6,507.6000000000001,2opt,notBad
10306,6,507.6000000000001,6,507.6000000000001,2opt,notBad
10307,6,507.6000000000001,6,507.6000000000001,swap,notBad
10308,6,507.6000000000001,6,507.6000000000001,2opt,notBad
10309,6,507.6000000000001,6,507.6000000000001,move,improve
10310,6,507.6000000000001,6,507.6000000000001,2opt,notBad
10311,6,507.6000000000001,6,507.6000000000001,2opt,notBad
10312,6,507.6000000000001,6,507.6000000000001,2opt,notBad
10313,6,507.6000000000001,6,507.6000000000001,move,improve
10314,6,507.6000000000001,6,507.6000000000001,move,improve
10315,6,507.6000000000001,6,507.6000000000001,swap,notBad
10316,6,507.6000000000001,6,507.6000000000001,move,improve
10317,6,507.6000000000001,6,507.6000000000001,move,improve
10318,6,507.6000000000001,6,507.6000000000001,2opt,notBad
10319,6,507.6000000000001,6,507.6000000000001,swap,notBad
10320,6,507.6000000000001,6,507.6000000000001,move,improve
10321,6,507.6000000000001,6,507.6000000000001,move,improve
10322,6,507.6000000000001,6,507.6000000000001,swap,notBad
10323,6,507.6000000000001,6,507.6000000000001,swap,notBad
10324,6,507.6000000000001,6,507.6000000000001,2opt,notBad
10325,6,507.6000000000001,6,507.6000000000001,2opt,notBad
10326,6,507.6000000000001,6,507.6000000000001,swap,notBad
10327,6,507.6000000000001,6,507.6000000000001,move,improve
10328,6,507.6000000000001,6,507.6000000000001,swap,notBad
10329,6,507.6000000000001,6,507.6000000000001,2opt,notBad
10330,6,507.6000000000001,6,507.6000000000001,2opt,notBad
10331,6,507.6000000000001,6,507.6000000000001,swap,notBad
10332,6,507.6000000000001,6,507.6000000000001,swap,notBad
10333,6,507.6000000000001,6,507.6000000000001,move,improve
10334,6,507.6000000000001,6,507.6000000000001,move,improve
10335,6,507.6000000000001,6,507.6000000000001,move,improve
10336,6,507.6000000000001,6,507.6000000000001,move,improve
10337,6,507.6000000000001,6,507.6000000000001,2opt,notBad
10338,6,507.6000000000001,6,507.6000000000001,2opt,notBad
10339,6,507.6000000000001,6,507.6000000000001,swap,notBad
10340,6,507.6000000000001,6,507.6000000000001,2opt,improve
10341,6,507.6000000000001,6,507.6000000000001,2opt,notBad
10342,6,507.6000000000001,6,507.6000000000001,swap,notBad
10343,6,508.80000000000007,6,507.6000000000001,move,acceptBad
10344,6,508.80000000000007,6,507.6000000000001,move,improve
10345,6,508.80000000000007,6,507.6000000000001,swap,notBad
10346,6,508.80000000000007,6,507.6000000000001,swap,notBad
10347,6,508.80000000000007,6,507.6000000000001,swap,notBad
10348,6,508.80000000000007,6,507.6000000000001,move,improve
10349,6,508.80000000000007,6,507.6000000000001,move,improve
10350,6,508.80000000000007,6,507.6000000000001,swap,notBad
10351,6,508.80000000000007,6,507.6000000000001,move,improve
10352,6,508.80000000000007,6,507.6000000000001,2opt,notBad
10353,6,508.80000000000007,6,507.6000000000001,swap,notBad
10354,6,508.80000000000007,6,507.6000000000001,move,improve
10355,6,508.80000000000007,6,507.6000000000001,move,improve
10356,6,508.80000000000007,6,507.6000000000001,swap,notBad
10357,6,508.80000000000007,6,507.6000000000001,2opt,notBad
10358,6,508.80000000000007,6,507.6000000000001,2opt,notBad
10359,6,508.80000000000007,6,507.6000000000001,swap,notBad
10360,6,508.80000000000007,6,507.6000000000001,swap,notBad
10361,6,508.56,6,507.6000000000001,move,improve
10362,6,508.56,6,507.6000000000001,move,improve
10363,6,508.56,6,507.6000000000001,2opt,notBad
10364,6,508.56,6,507.6000000000001,2opt,notBad
10365,6,508.56,6,507.6000000000001,swap,notBad
10366,6,508.56,6,507.6000000000001,swap,notBad
10367,6,508.56,6,507.6000000000001,move,improve
10368,6,508.56,6,507.6000000000001,swap,notBad
10369,6,508.56,6,507.6000000000001,2opt,notBad
10370,6,508.56,6,507.6000000000001,move,improve
10371,6,508.56,6,507.6000000000001,swap,notBad
10372,6,508.56,6,507.6000000000001,2opt,improve
10373,6,508.56,6,507.6000000000001,swap,notBad
10374,6,508.56,6,507.6000000000001,swap,notBad
10375,6,508.56,6,507.6000000000001,swap,notBad
10376,6,508.56,6,507.6000000000001,swap,notBad
10377,6,508.56,6,507.6000000000001,move,improve
10378,6,508.56,6,507.6000000000001,swap,notBad
10379,6,508.56,6,507.6000000000001,move,improve
10380,6,508.56,6,507.6000000000001,2opt,notBad
10381,6,508.56,6,507.6000000000001,2opt,notBad
10382,6,508.56,6,507.6000000000001,move,improve
10383,6,508.56,6,507.6000000000001,swap,notBad
10384,6,508.56,6,507.6000000000001,move,improve
10385,6,508.56,6,507.6000000000001,move,improve
10386,6,508.56,6,507.6000000000001,2opt,notBad
10387,6,508.56,6,507.6000000000001,move,improve
10388,6,508.56,6,507.6000000000001,swap,notBad
10389,6,507.36,6,507.36,move,newBest
10390,6,507.36,6,507.36,2opt,notBad
10391,6,507.36,6,507.36,2opt,notBad
10392,6,507.36,6,507.36,2opt,notBad
10393,6,507.36,6,507.36,swap,notBad
10394,6,507.36,6,507.36,swap,notBad
10395,6,507.36,6,507.36,move,improve
10396,6,507.36,6,507.36,2opt,notBad
10397,6,507.36,6,507.36,swap,notBad
10398,6,507.36,6,507.36,move,improve
10399,6,506.8,6,506.8,move,newBest
10400,6,506.8,6,506.8,2opt,improve
10401,6,506.8,6,506.8,move,improve
10402,6,506.8,6,506.8,swap,notBad
10403,6,506.8,6,506.8,move,improve
10404,6,506.8,6,506.8,move,improve
10405,6,506.8,6,506.8,move,improve
10406,6,506.8,6,506.8,move,improve
10407,6,506.8,6,506.8,move,improve
10408,6,506.8,6,506.8,move,improve
10409,6,506.8,6,506.8,2opt,notBad
10410,6,506.8,6,506.8,swap,notBad
10411,6,506.8,6,506.8,move,improve
10412,6,506.8,6,506.8,move,improve
10413,6,506.8,6,506.8,2opt,improve
10414,6,506.8,6,506.8,2opt,notBad
10415,6,506.8,6,506.8,swap,notBad
10416,6,506.8,6,506.8,move,improve
10417,6,506.8,6,506.8,swap,notBad
10418,6,506.8,6,506.8,swap,notBad
10419,6,506.8,6,506.8,2opt,notBad
10420,6,506.8,6,506.8,2opt,notBad
10421,6,506.8,6,506.8,swap,notBad
10422,6,506.8,6,506.8,swap,notBad
10423,6,506.8,6,506.8,2opt,notBad
10424,6,506.8,6,506.8,move,improve
10425,6,506.8,6,506.8,swap,notBad
10426,6,506.8,6,506.8,move,improve
10427,6,506.8,6,506.8,swap,notBad
10428,6,506.8,6,506.8,swap,notBad
10429,6,506.8,6,506.8,2opt,notBad
10430,6,506.8,6,506.8,move,improve
10431,6,506.8,6,506.8,move,improve
10432,6,506.8,6,506.8,move,improve
10433,6,506.8,6,506.8,move,improve
10434,6,506.8,6,506.8,move,improve
10435,6,506.8,6,506.8,2opt,notBad
10436,6,506.8,6,506.8,swap,notBad
10437,6,506.8,6,506.8,swap,notBad
10438,6,506.8,6,506.8,move,improve
10439,6,506.8,6,506.8,swap,notBad
10440,6,506.8,6,506.8,move,improve
10441,6,506.8,6,506.8,move,improve
10442,6,506.8,6,506.8,swap,notBad
10443,6,506.8,6,506.8,move,improve
10444,6,506.8,6,506.8,move,improve
10445,6,506.8,6,506.8,move,improve
10446,6,506.8,6,506.8,swap,notBad
10447,6,506.8,6,506.8,2opt,notBad
10448,6,506.8,6,506.8,2opt,notBad
10449,6,506.8,6,506.8,2opt,notBad
10450,6,506.8,6,506.8,move,improve
10451,6,506.8,6,506.8,swap,notBad
10452,6,506.8,6,506.8,move,improve
10453,6,507.52000000000004,6,506.8,swap,acceptBad
10454,6,507.52000000000004,6,506.8,2opt,notBad
10455,6,507.52000000000004,6,506.8,move,improve
10456,6,507.52000000000004,6,506.8,2opt,notBad
10457,6,507.52000000000004,6,506.8,move,improve
10458,6,507.52000000000004,6,506.8,move,improve
10459,6,507.52000000000004,6,506.8,2opt,notBad
10460,6,507.52000000000004,6,506.8,2opt,notBad
10461,6,507.52000000000004,6,506.8,swap,notBad
10462,6,507.52000000000004,6,506.8,move,improve
10463,6,507.52000000000004,6,506.8,swap,notBad
10464,6,507.52000000000004,6,506.8,move,improve
10465,6,507.52000000000004,6,506.8,move,improve
10466,6,507.52000000000004,6,506.8,move,improve
10467,6,507.52000000000004,6,506.8,swap,notBad
10468,6,507.52000000000004,6,506.8,swap,notBad
10469,6,507.52000000000004,6,506.8,move,improve
10470,6,507.52000000000004,6,506.8,2opt,notBad
10471,6,507.52000000000004,6,506.8,2opt,notBad
10472,6,507.52000000000004,6,506.8,swap,notBad
10473,6,507.52000000000004,6,506.8,move,improve
10474,6,507.52000000000004,6,506.8,swap,notBad
10475,6,507.52000000000004,6,506.8,2opt,notBad
10476,6,508.72,6,506.8,move,acceptBad
10477,6,508.72,6,506.8,swap,notBad
10478,6,508.72,6,506.8,move,improve
10479,6,508.72,6,506.8,move,improve
10480,6,508.72,6,506.8,move,improve
10481,6,508.72,6,506.8,move,improve
10482,6,508.72,6,506.8,2opt,notBad
10483,6,508.72,6,506.8,move,improve
10484,6,508.72,6,506.8,move,improve
10485,6,508.72,6,506.8,swap,notBad
10486,6,508.72,6,506.8,swap,notBad
10487,6,508.72,6,506.8,2opt,notBad
10488,6,508.72,6,506.8,move,improve
10489,6,508.72,6,506.8,move,improve
10490,6,508.72,6,506.8,2opt,notBad
10491,6,508.72,6,506.8,swap,notBad
10492,6,508.72,6,506.8,move,improve
10493,6,508.72,6,506.8,2opt,notBad
10494,6,508.72,6,506.8,move,improve
10495,6,508.72,6,506.8,swap,notBad
10496,6,508.72,6,506.8,2opt,notBad
10497,6,508.72,6,506.8,2opt,notBad
10498,6,508.72,6,506.8,2opt,notBad
10499,6,508.72,6,506.8,swap,notBad
10500,6,508.72,6,506.8,2opt,notBad
10501,6,508.72,6,506.8,2opt,notBad
10502,6,508.72,6,506.8,swap,notBad
10503,6,508.72,6,506.8,move,improve
10504,6,508.72,6,506.8,2opt,notBad
10505,6,508.72,6,506.8,move,improve
10506,6,508.72,6,506.8,move,improve
10507,6,508.72,6,506.8,swap,notBad
10508,6,508.72,6,506.8,2opt,notBad
10509,6,508.72,6,506.8,swap,notBad
10510,6,508.72,6,506.8,swap,notBad
10511,6,508.72,6,506.8,swap,notBad
10512,6,508.72,6,506.8,2opt,notBad
10513,6,508.72,6,506.8,move,improve
10514,6,508.72,6,506.8,swap,notBad
10515,6,508.72,6,506.8,swap,notBad
10516,6,508.72,6,506.8,swap,notBad
10517,6,508.72,6,506.8,2opt,improve
10518,6,508.72,6,506.8,2opt,notBad
10519,6,508.72,6,506.8,2opt,notBad
10520,6,508.72,6,506.8,2opt,notBad
10521,6,508.72,6,506.8,2opt,notBad
10522,6,508.72,6,506.8,move,improve
10523,6,508.72,6,506.8,move,improve
10524,6,508.72,6,506.8,2opt,notBad
10525,6,508.72,6,506.8,swap,notBad
10526,6,508.72,6,506.8,swap,notBad
10527,6,508.72,6,506.8,2opt,notBad
10528,6,508.72,6,506.8,move,improve
10529,6,508.72,6,506.8,move,improve
10530,6,508.72,6,506.8,2opt,notBad
10531,6,508.72,6,506.8,2opt,notBad
10532,6,508.72,6,506.8,2opt,notBad
10533,6,508.72,6,506.8,move,improve
10534,6,508.72,6,506.8,move,improve
10535,6,508.72,6,506.8,swap,notBad
10536,6,508.72,6,506.8,2opt,notBad
10537,6,508.72,6,506.8,move,improve
10538,6,508.72,6,506.8,2opt,notBad
10539,6,508.72,6,506.8,swap,notBad
10540,6,508.72,6,506.8,swap,notBad
10541,6,508.72,6,506.8,move,improve
10542,6,508.55999999999995,6,506.8,swap,improve
10543,6,508.55999999999995,6,506.8,swap,notBad
10544,6,508.55999999999995,6,506.8,2opt,notBad
10545,6,508.55999999999995,6,506.8,move,improve
10546,6,508.55999999999995,6,506.8,2opt,notBad
10547,6,507.36,6,506.8,swap,improve
10548,6,507.36,6,506.8,swap,notBad
10549,6,507.36,6,506.8,2opt,improve
10550,6,507.36,6,506.8,move,improve
10551,6,506.00000000000006,6,506.00000000000006,swap,newBest
10552,6,506.00000000000006,6,506.00000000000006,move,improve
10553,6,506.00000000000006,6,506.00000000000006,move,improve
10554,6,506.00000000000006,6,506.00000000000006,swap,notBad
10555,6,506.00000000000006,6,506.00000000000006,swap,notBad
10556,6,506.00000000000006,6,506.00000000000006,swap,notBad
10557,6,506.00000000000006,6,506.00000000000006,swap,notBad
10558,6,506.00000000000006,6,506.00000000000006,move,improve
10559,6,506.00000000000006,6,506.00000000000006,move,improve
10560,6,506.00000000000006,6,506.00000000000006,move,improve
10561,6,506.00000000000006,6,506.00000000000006,move,improve
10562,6,506.00000000000006,6,506.00000000000006,move,improve
10563,6,506.00000000000006,6,506.00000000000006,2opt,improve
10564,6,506.00000000000006,6,506.00000000000006,swap,notBad
10565,6,506.00000000000006,6,506.00000000000006,swap,notBad
10566,6,506.00000000000006,6,506.00000000000006,2opt,notBad
10567,6,506.00000000000006,6,506.00000000000006,swap,notBad
10568,6,506.00000000000006,6,506.00000000000006,swap,notBad
10569,6,506.00000000000006,6,506.00000000000006,2opt,notBad
10570,6,506.00000000000006,6,506.00000000000006,swap,notBad
10571,6,506.00000000000006,6,506.00000000000006,swap,notBad
10572,6,506.00000000000006,6,506.00000000000006,move,improve
10573,6,506.00000000000006,6,506.00000000000006,swap,notBad
10574,6,506.00000000000006,6,506.00000000000006,swap,notBad
10575,6,506.00000000000006,6,506.00000000000006,2opt,notBad
10576,6,506.00000000000006,6,506.00000000000006,swap,notBad
10577,6,506.00000000000006,6,506.00000000000006,2opt,notBad
10578,6,506.00000000000006,6,506.00000000000006,2opt,notBad
10579,6,506.00000000000006,6,506.00000000000006,2opt,notBad
10580,6,506.00000000000006,6,506.00000000000006,swap,notBad
10581,6,506.00000000000006,6,506.00000000000006,swap,notBad
10582,6,506.00000000000006,6,506.00000000000006,swap,notBad
10583,6,506.00000000000006,6,506.00000000000006,swap,notBad
10584,6,506.00000000000006,6,506.00000000000006,swap,notBad
10585,6,506.00000000000006,6,506.00000000000006,swap,notBad
10586,6,506.00000000000006,6,506.00000000000006,2opt,notBad
10587,6,506.00000000000006,6,506.00000000000006,move,improve
10588,6,506.00000000000006,6,506.00000000000006,swap,notBad
10589,6,506.00000000000006,6,506.00000000000006,swap,notBad
10590,6,506.00000000000006,6,506.00000000000006,2opt,improve
10591,6,506.00000000000006,6,506.00000000000006,2opt,notBad
10592,6,506.00000000000006,6,506.00000000000006,swap,notBad
10593,6,506.00000000000006,6,506.00000000000006,move,improve
10594,6,506.00000000000006,6,506.00000000000006,swap,notBad
10595,6,506.00000000000006,6,506.00000000000006,2opt,notBad
10596,6,506.00000000000006,6,506.00000000000006,2opt,notBad
10597,6,506.00000000000006,6,506.00000000000006,swap,notBad
10598,6,506.00000000000006,6,506.00000000000006,swap,notBad
10599,6,506.00000000000006,6,506.00000000000006,move,improve
10600,6,506.00000000000006,6,506.00000000000006,move,improve
10601,6,506.00000000000006,6,506.00000000000006,move,improve
10602,6,506.00000000000006,6,506.00000000000006,swap,notBad
10603,6,506.00000000000006,6,506.00000000000006,move,improve
10604,6,506.00000000000006,6,506.00000000000006,2opt,notBad
10605,6,506.00000000000006,6,506.00000000000006,2opt,notBad
10606,6,506.00000000000006,6,506.00000000000006,swap,notBad
10607,6,506.00000000000006,6,506.00000000000006,2opt,notBad
10608,6,506.00000000000006,6,506.00000000000006,swap,notBad
10609,6,506.00000000000006,6,506.00000000000006,move,improve
10610,6,506.00000000000006,6,506.00000000000006,swap,notBad
10611,6,506.00000000000006,6,506.00000000000006,2opt,notBad
10612,6,506.00000000000006,6,506.00000000000006,move,improve
10613,6,506.00000000000006,6,506.00000000000006,swap,notBad
10614,6,506.00000000000006,6,506.00000000000006,swap,notBad
10615,6,506.00000000000006,6,506.00000000000006,swap,notBad
10616,6,506.00000000000006,6,506.00000000000006,move,improve
10617,6,506.00000000000006,6,506.00000000000006,2opt,notBad
10618,6,506.00000000000006,6,506.00000000000006,swap,notBad
10619,6,506.00000000000006,6,506.00000000000006,move,improve
10620,6,506.00000000000006,6,506.00000000000006,swap,notBad
10621,6,506.00000000000006,6,506.00000000000006,swap,notBad
10622,6,506.00000000000006,6,506.00000000000006,2opt,notBad
10623,6,506.00000000000006,6,506.00000000000006,move,improve
10624,6,506.00000000000006,6,506.00000000000006,swap,notBad
10625,6,506.00000000000006,6,506.00000000000006,move,improve
10626,6,506.00000000000006,6,506.00000000000006,2opt,notBad
10627,6,506.00000000000006,6,506.00000000000006,2opt,improve
10628,6,506.00000000000006,6,506.00000000000006,2opt,notBad
10629,6,506.00000000000006,6,506.00000000000006,swap,notBad
10630,6,506.00000000000006,6,506.00000000000006,2opt,notBad
10631,6,506.00000000000006,6,506.00000000000006,move,improve
10632,6,506.00000000000006,6,506.00000000000006,2opt,notBad
10633,6,506.00000000000006,6,506.00000000000006,2opt,notBad
10634,6,506.00000000000006,6,506.00000000000006,swap,notBad
10635,6,506.00000000000006,6,506.00000000000006,swap,notBad
10636,6,506.00000000000006,6,506.00000000000006,swap,notBad
10637,6,506.00000000000006,6,506.00000000000006,swap,notBad
10638,6,506.00000000000006,6,506.00000000000006,move,improve
10639,6,506.00000000000006,6,506.00000000000006,swap,notBad
10640,6,506.00000000000006,6,506.00000000000006,2opt,notBad
10641,6,506.00000000000006,6,506.00000000000006,2opt,notBad
10642,6,506.00000000000006,6,506.00000000000006,move,improve
10643,6,506.00000000000006,6,506.00000000000006,swap,notBad
10644,6,506.00000000000006,6,506.00000000000006,swap,notBad
10645,6,506.00000000000006,6,506.00000000000006,2opt,notBad
10646,6,506.00000000000006,6,506.00000000000006,2opt,improve
10647,6,506.00000000000006,6,506.00000000000006,move,improve
10648,6,506.00000000000006,6,506.00000000000006,2opt,notBad
10649,6,506.00000000000006,6,506.00000000000006,move,improve
10650,6,506.00000000000006,6,506.00000000000006,2opt,improve
10651,6,506.00000000000006,6,506.00000000000006,move,improve
10652,6,506.00000000000006,6,506.00000000000006,move,improve
10653,6,507.20000000000005,6,506.00000000000006,move,acceptBad
10654,6,507.20000000000005,6,506.00000000000006,2opt,notBad
10655,6,507.20000000000005,6,506.00000000000006,2opt,notBad
10656,6,507.20000000000005,6,506.00000000000006,2opt,improve
10657,6,507.20000000000005,6,506.00000000000006,move,improve
10658,6,507.20000000000005,6,506.00000000000006,move,improve
10659,6,507.20000000000005,6,506.00000000000006,2opt,notBad
10660,6,507.20000000000005,6,506.00000000000006,swap,notBad
10661,6,507.20000000000005,6,506.00000000000006,swap,notBad
10662,6,507.20000000000005,6,506.00000000000006,move,improve
10663,6,507.20000000000005,6,506.00000000000006,2opt,notBad
10664,6,507.20000000000005,6,506.00000000000006,swap,notBad
10665,6,507.20000000000005,6,506.00000000000006,2opt,notBad
10666,6,507.20000000000005,6,506.00000000000006,move,improve
10667,6,507.20000000000005,6,506.00000000000006,swap,notBad
10668,6,507.20000000000005,6,506.00000000000006,2opt,notBad
10669,6,507.20000000000005,6,506.00000000000006,swap,notBad
10670,6,507.20000000000005,6,506.00000000000006,2opt,notBad
10671,6,507.20000000000005,6,506.00000000000006,swap,notBad
10672,6,507.20000000000005,6,506.00000000000006,swap,notBad
10673,6,507.20000000000005,6,506.00000000000006,swap,notBad
10674,6,507.20000000000005,6,506.00000000000006,swap,notBad
10675,6,507.20000000000005,6,506.00000000000006,swap,notBad
10676,6,507.20000000000005,6,506.00000000000006,move,improve
10677,6,507.20000000000005,6,506.00000000000006,2opt,notBad
10678,6,507.20000000000005,6,506.00000000000006,swap,notBad
10679,6,507.20000000000005,6,506.00000000000006,2opt,notBad
10680,6,507.20000000000005,6,506.00000000000006,2opt,notBad
10681,6,507.20000000000005,6,506.00000000000006,move,improve
10682,6,507.20000000000005,6,506.00000000000006,move,improve
10683,6,507.20000000000005,6,506.00000000000006,2opt,notBad
10684,6,507.20000000000005,6,506.00000000000006,swap,notBad
10685,6,507.20000000000005,6,506.00000000000006,move,improve
10686,6,507.20000000000005,6,506.00000000000006,swap,notBad
10687,6,507.20000000000005,6,506.00000000000006,swap,notBad
10688,6,507.20000000000005,6,506.00000000000006,swap,notBad
10689,6,507.20000000000005,6,506.00000000000006,swap,notBad
10690,6,507.20000000000005,6,506.00000000000006,move,improve
10691,6,507.20000000000005,6,506.00000000000006,move,improve
10692,6,507.20000000000005,6,506.00000000000006,move,improve
10693,6,507.20000000000005,6,506.00000000000006,2opt,notBad
10694,6,507.20000000000005,6,506.00000000000006,swap,notBad
10695,6,507.20000000000005,6,506.00000000000006,2opt,notBad
10696,6,507.20000000000005,6,506.00000000000006,swap,notBad
10697,6,507.20000000000005,6,506.00000000000006,2opt,notBad
10698,6,507.20000000000005,6,506.00000000000006,2opt,improve
10699,6,507.20000000000005,6,506.00000000000006,2opt,notBad
10700,6,507.20000000000005,6,506.00000000000006,swap,notBad
10701,6,507.20000000000005,6,506.00000000000006,2opt,notBad
10702,6,507.20000000000005,6,506.00000000000006,swap,notBad
10703,6,507.20000000000005,6,506.00000000000006,swap,notBad
10704,6,507.20000000000005,6,506.00000000000006,move,improve
10705,6,507.20000000000005,6,506.00000000000006,move,improve
10706,6,507.20000000000005,6,506.00000000000006,swap,notBad
10707,6,507.20000000000005,6,506.00000000000006,swap,notBad
10708,6,507.20000000000005,6,506.00000000000006,move,improve
10709,6,507.20000000000005,6,506.00000000000006,swap,notBad
10710,6,507.20000000000005,6,506.00000000000006,swap,notBad
10711,6,507.20000000000005,6,506.00000000000006,2opt,notBad
10712,6,507.20000000000005,6,506.00000000000006,2opt,notBad
10713,6,507.20000000000005,6,506.00000000000006,move,improve
10714,6,507.20000000000005,6,506.00000000000006,move,improve
10715,6,507.20000000000005,6,506.00000000000006,swap,notBad
10716,6,507.20000000000005,6,506.00000000000006,move,improve
10717,6,507.20000000000005,6,506.00000000000006,2opt,notBad
10718,6,507.20000000000005,6,506.00000000000006,swap,notBad
10719,6,507.20000000000005,6,506.00000000000006,move,improve
10720,6,507.20000000000005,6,506.00000000000006,move,improve
10721,6,507.20000000000005,6,506.00000000000006,move,improve
10722,6,507.20000000000005,6,506.00000000000006,move,improve
10723,6,507.20000000000005,6,506.00000000000006,move,improve
10724,6,507.20000000000005,6,506.00000000000006,swap,notBad
10725,6,507.20000000000005,6,506.00000000000006,swap,notBad
10726,6,507.20000000000005,6,506.00000000000006,swap,notBad
10727,6,507.20000000000005,6,506.00000000000006,move,improve
10728,6,507.20000000000005,6,506.00000000000006,swap,notBad
10729,6,507.20000000000005,6,506.00000000000006,swap,notBad
10730,6,507.20000000000005,6,506.00000000000006,2opt,notBad
10731,6,507.20000000000005,6,506.00000000000006,2opt,notBad
10732,6,507.20000000000005,6,506.00000000000006,swap,notBad
10733,6,507.20000000000005,6,506.00000000000006,swap,notBad
10734,6,507.20000000000005,6,506.00000000000006,2opt,notBad
10735,6,507.20000000000005,6,506.00000000000006,swap,notBad
10736,6,507.20000000000005,6,506.00000000000006,2opt,notBad
10737,6,506.00000000000006,6,506.00000000000006,move,improve
10738,6,506.00000000000006,6,506.00000000000006,move,improve
10739,6,506.00000000000006,6,506.00000000000006,swap,notBad
10740,6,506.00000000000006,6,506.00000000000006,move,improve
10741,6,506.00000000000006,6,506.00000000000006,2opt,notBad
10742,6,506.00000000000006,6,506.00000000000006,swap,notBad
10743,6,506.00000000000006,6,506.00000000000006,move,improve
10744,6,506.00000000000006,6,506.00000000000006,move,improve
10745,6,506.00000000000006,6,506.00000000000006,2opt,improve
10746,6,506.00000000000006,6,506.00000000000006,swap,notBad
10747,6,506.00000000000006,6,506.00000000000006,2opt,notBad
10748,6,506.00000000000006,6,506.00000000000006,swap,notBad
10749,6,506.00000000000006,6,506.00000000000006,move,improve
10750,6,506.00000000000006,6,506.00000000000006,move,improve
10751,6,506.00000000000006,6,506.00000000000006,2opt,notBad
10752,6,506.00000000000006,6,506.00000000000006,swap,notBad
10753,6,506.00000000000006,6,506.00000000000006,move,improve
10754,6,506.00000000000006,6,506.00000000000006,swap,notBad
10755,6,506.00000000000006,6,506.00000000000006,swap,notBad
10756,6,506.00000000000006,6,506.00000000000006,swap,notBad
10757,6,506.00000000000006,6,506.00000000000006,move,improve
10758,6,506.00000000000006,6,506.00000000000006,2opt,notBad
10759,6,506.00000000000006,6,506.00000000000006,2opt,notBad
10760,6,506.00000000000006,6,506.00000000000006,2opt,notBad
10761,6,506.00000000000006,6,506.00000000000006,2opt,notBad
10762,6,506.00000000000006,6,506.00000000000006,swap,notBad
10763,6,506.00000000000006,6,506.00000000000006,move,improve
10764,6,507.20000000000005,6,506.00000000000006,move,acceptBad
10765,6,507.20000000000005,6,506.00000000000006,swap,notBad
10766,6,507.20000000000005,6,506.00000000000006,swap,notBad
10767,6,507.20000000000005,6,506.00000000000006,swap,notBad
10768,6,507.20000000000005,6,506.00000000000006,move,improve
10769,6,507.20000000000005,6,506.00000000000006,swap,notBad
10770,6,507.20000000000005,6,506.00000000000006,move,improve
10771,6,507.20000000000005,6,506.00000000000006,2opt,notBad
10772,6,507.20000000000005,6,506.00000000000006,move,improve
10773,6,507.20000000000005,6,506.00000000000006,move,improve
10774,6,507.20000000000005,6,506.00000000000006,swap,notBad
10775,6,507.20000000000005,6,506.00000000000006,2opt,notBad
10776,6,507.20000000000005,6,506.00000000000006,2opt,notBad
10777,6,507.20000000000005,6,506.00000000000006,move,improve
10778,6,507.20000000000005,6,506.00000000000006,move,improve
10779,6,507.20000000000005,6,506.00000000000006,swap,notBad
10780,6,507.20000000000005,6,506.00000000000006,2opt,notBad
10781,6,507.20000000000005,6,506.00000000000006,move,improve
10782,6,507.20000000000005,6,506.00000000000006,move,improve
10783,6,506.00000000000006,6,506.00000000000006,move,improve
10784,6,506.00000000000006,6,506.00000000000006,swap,notBad
10785,6,506.00000000000006,6,506.00000000000006,swap,notBad
10786,6,506.00000000000006,6,506.00000000000006,2opt,improve
10787,6,506.00000000000006,6,506.00000000000006,2opt,notBad
10788,6,506.00000000000006,6,506.00000000000006,swap,notBad
10789,6,506.00000000000006,6,506.00000000000006,move,improve
10790,6,506.00000000000006,6,506.00000000000006,move,improve
10791,6,506.00000000000006,6,506.00000000000006,move,improve
10792,6,506.00000000000006,6,506.00000000000006,swap,notBad
10793,6,506.00000000000006,6,506.00000000000006,move,improve
10794,6,506.00000000000006,6,506.00000000000006,2opt,notBad
10795,6,506.00000000000006,6,506.00000000000006,move,improve
10796,6,506.00000000000006,6,506.00000000000006,swap,notBad
10797,6,506.00000000000006,6,506.00000000000006,2opt,notBad
10798,6,506.00000000000006,6,506.00000000000006,2opt,notBad
10799,6,506.00000000000006,6,506.00000000000006,2opt,notBad
10800,6,506.00000000000006,6,506.00000000000006,move,improve
10801,6,506.00000000000006,6,506.00000000000006,move,improve
10802,6,506.00000000000006,6,506.00000000000006,2opt,notBad
10803,6,506.00000000000006,6,506.00000000000006,swap,notBad
10804,6,506.00000000000006,6,506.00000000000006,swap,notBad
10805,6,506.00000000000006,6,506.00000000000006,swap,notBad
10806,6,506.00000000000006,6,506.00000000000006,swap,notBad
10807,6,506.00000000000006,6,506.00000000000006,2opt,notBad
10808,6,506.00000000000006,6,506.00000000000006,2opt,notBad
10809,6,506.00000000000006,6,506.00000000000006,move,improve
10810,6,506.00000000000006,6,506.00000000000006,move,improve
10811,6,506.00000000000006,6,506.00000000000006,2opt,notBad
10812,6,506.00000000000006,6,506.00000000000006,2opt,improve
10813,6,506.00000000000006,6,506.00000000000006,swap,notBad
10814,6,506.00000000000006,6,506.00000000000006,swap,notBad
10815,6,506.00000000000006,6,506.00000000000006,swap,notBad
10816,6,506.00000000000006,6,506.00000000000006,swap,notBad
10817,6,506.00000000000006,6,506.00000000000006,swap,notBad
10818,6,506.00000000000006,6,506.00000000000006,2opt,notBad
10819,6,506.00000000000006,6,506.00000000000006,swap,notBad
10820,6,506.00000000000006,6,506.00000000000006,2opt,notBad
10821,6,506.00000000000006,6,506.00000000000006,swap,notBad
10822,6,506.00000000000006,6,506.00000000000006,swap,notBad
10823,6,506.00000000000006,6,506.00000000000006,2opt,notBad
10824,6,506.00000000000006,6,506.00000000000006,2opt,notBad
10825,6,506.00000000000006,6,506.00000000000006,swap,notBad
10826,6,506.00000000000006,6,506.00000000000006,2opt,improve
10827,6,506.00000000000006,6,506.00000000000006,move,improve
10828,6,506.00000000000006,6,506.00000000000006,move,improve
10829,6,506.00000000000006,6,506.00000000000006,move,improve
10830,6,506.00000000000006,6,506.00000000000006,swap,notBad
10831,6,506.00000000000006,6,506.00000000000006,move,improve
10832,6,506.00000000000006,6,506.00000000000006,swap,notBad
10833,6,506.00000000000006,6,506.00000000000006,move,improve
10834,6,506.00000000000006,6,506.00000000000006,move,improve
10835,6,506.00000000000006,6,506.00000000000006,2opt,notBad
10836,6,506.00000000000006,6,506.00000000000006,swap,notBad
10837,6,506.00000000000006,6,506.00000000000006,2opt,notBad
10838,6,506.00000000000006,6,506.00000000000006,2opt,notBad
10839,6,506.00000000000006,6,506.00000000000006,move,improve
10840,6,506.00000000000006,6,506.00000000000006,swap,notBad
10841,6,506.00000000000006,6,506.00000000000006,move,improve
10842,6,506.00000000000006,6,506.00000000000006,2opt,notBad
10843,6,506.00000000000006,6,506.00000000000006,move,improve
10844,6,506.00000000000006,6,506.00000000000006,2opt,notBad
10845,6,506.00000000000006,6,506.00000000000006,move,improve
10846,6,506.00000000000006,6,506.00000000000006,swap,notBad
10847,6,506.00000000000006,6,506.00000000000006,move,improve
10848,6,506.00000000000006,6,506.00000000000006,2opt,notBad
10849,6,506.00000000000006,6,506.00000000000006,swap,notBad
10850,6,506.00000000000006,6,506.00000000000006,2opt,notBad
10851,6,506.00000000000006,6,506.00000000000006,swap,notBad
10852,6,506.00000000000006,6,506.00000000000006,swap,notBad
10853,6,506.00000000000006,6,506.00000000000006,swap,notBad
10854,6,506.00000000000006,6,506.00000000000006,swap,notBad
10855,6,506.00000000000006,6,506.00000000000006,move,improve
10856,6,506.00000000000006,6,506.00000000000006,2opt,notBad
10857,6,506.00000000000006,6,506.00000000000006,2opt,notBad
10858,6,506.00000000000006,6,506.00000000000006,2opt,notBad
10859,6,506.00000000000006,6,506.00000000000006,swap,notBad
10860,6,506.00000000000006,6,506.00000000000006,2opt,notBad
10861,6,506.00000000000006,6,506.00000000000006,move,improve
10862,6,506.00000000000006,6,506.00000000000006,2opt,notBad
10863,6,506.00000000000006,6,506.00000000000006,swap,notBad
10864,6,506.00000000000006,6,506.00000000000006,swap,notBad
10865,6,506.00000000000006,6,506.00000000000006,2opt,improve
10866,6,506.00000000000006,6,506.00000000000006,move,improve
10867,6,506.00000000000006,6,506.00000000000006,2opt,notBad
10868,6,506.00000000000006,6,506.00000000000006,2opt,notBad
10869,6,506.00000000000006,6,506.00000000000006,2opt,notBad
10870,6,506.00000000000006,6,506.00000000000006,2opt,notBad
10871,6,507.20000000000005,6,506.00000000000006,move,acceptBad
10872,6,507.20000000000005,6,506.00000000000006,swap,notBad
10873,6,507.20000000000005,6,506.00000000000006,swap,notBad
10874,6,507.20000000000005,6,506.00000000000006,move,improve
10875,6,507.20000000000005,6,506.00000000000006,move,improve
10876,6,507.20000000000005,6,506.00000000000006,2opt,notBad
10877,6,507.20000000000005,6,506.00000000000006,move,improve
10878,6,507.20000000000005,6,506.00000000000006,move,improve
10879,6,507.20000000000005,6,506.00000000000006,swap,notBad
10880,6,507.20000000000005,6,506.00000000000006,swap,notBad
10881,6,507.20000000000005,6,506.00000000000006,2opt,notBad
10882,6,507.20000000000005,6,506.00000000000006,2opt,notBad
10883,6,507.20000000000005,6,506.00000000000006,move,improve
10884,6,507.20000000000005,6,506.00000000000006,2opt,improve
10885,6,507.20000000000005,6,506.00000000000006,move,improve
10886,6,507.20000000000005,6,506.00000000000006,move,improve
10887,6,507.20000000000005,6,506.00000000000006,2opt,notBad
10888,6,507.20000000000005,6,506.00000000000006,move,improve
10889,6,507.20000000000005,6,506.00000000000006,move,improve
10890,6,507.20000000000005,6,506.00000000000006,move,improve
10891,6,507.20000000000005,6,506.00000000000006,2opt,notBad
10892,6,507.20000000000005,6,506.00000000000006,2opt,notBad
10893,6,507.20000000000005,6,506.00000000000006,swap,notBad
10894,6,507.20000000000005,6,506.00000000000006,swap,notBad
10895,6,507.20000000000005,6,506.00000000000006,swap,notBad
10896,6,507.20000000000005,6,506.00000000000006,swap,notBad
10897,6,507.20000000000005,6,506.00000000000006,2opt,notBad
10898,6,507.20000000000005,6,506.00000000000006,2opt,notBad
10899,6,507.20000000000005,6,506.00000000000006,2opt,notBad
10900,6,507.20000000000005,6,506.00000000000006,swap,notBad
10901,6,507.20000000000005,6,506.00000000000006,2opt,notBad
10902,6,507.20000000000005,6,506.00000000000006,move,improve
10903,6,507.20000000000005,6,506.00000000000006,swap,notBad
10904,6,507.20000000000005,6,506.00000000000006,move,improve
10905,6,507.20000000000005,6,506.00000000000006,2opt,notBad
10906,6,507.20000000000005,6,506.00000000000006,move,improve
10907,6,507.20000000000005,6,506.00000000000006,swap,notBad
10908,6,507.20000000000005,6,506.00000000000006,2opt,notBad
10909,6,507.20000000000005,6,506.00000000000006,move,improve
10910,6,507.20000000000005,6,506.00000000000006,2opt,notBad
10911,6,507.20000000000005,6,506.00000000000006,2opt,notBad
10912,6,507.20000000000005,6,506.00000000000006,swap,notBad
10913,6,507.20000000000005,6,506.00000000000006,swap,notBad
10914,6,507.20000000000005,6,506.00000000000006,move,improve
10915,6,507.20000000000005,6,506.00000000000006,move,improve
10916,6,507.20000000000005,6,506.00000000000006,swap,notBad
10917,6,507.20000000000005,6,506.00000000000006,move,improve
10918,6,507.20000000000005,6,506.00000000000006,move,improve
10919,6,507.20000000000005,6,506.00000000000006,swap,notBad
10920,6,507.20000000000005,6,506.00000000000006,move,improve
10921,6,507.20000000000005,6,506.00000000000006,move,improve
10922,6,507.20000000000005,6,506.00000000000006,move,improve
10923,6,507.20000000000005,6,506.00000000000006,swap,notBad
10924,6,507.20000000000005,6,506.00000000000006,move,improve
10925,6,507.20000000000005,6,506.00000000000006,2opt,notBad
10926,6,507.20000000000005,6,506.00000000000006,2opt,notBad
10927,6,507.20000000000005,6,506.00000000000006,swap,notBad
10928,6,507.20000000000005,6,506.00000000000006,swap,notBad
10929,6,507.20000000000005,6,506.00000000000006,2opt,notBad
10930,6,507.20000000000005,6,506.00000000000006,2opt,notBad
10931,6,507.20000000000005,6,506.00000000000006,2opt,notBad
10932,6,507.20000000000005,6,506.00000000000006,swap,notBad
10933,6,507.20000000000005,6,506.00000000000006,swap,notBad
10934,6,507.20000000000005,6,506.00000000000006,swap,notBad
10935,6,507.20000000000005,6,506.00000000000006,swap,notBad
10936,6,507.20000000000005,6,506.00000000000006,swap,notBad
10937,6,507.20000000000005,6,506.00000000000006,swap,notBad
10938,6,507.20000000000005,6,506.00000000000006,2opt,notBad
10939,6,507.20000000000005,6,506.00000000000006,swap,notBad
10940,6,507.20000000000005,6,506.00000000000006,2opt,notBad
10941,6,507.20000000000005,6,506.00000000000006,move,improve
10942,6,507.20000000000005,6,506.00000000000006,2opt,notBad
10943,6,507.20000000000005,6,506.00000000000006,swap,notBad
10944,6,507.20000000000005,6,506.00000000000006,2opt,notBad
10945,6,507.20000000000005,6,506.00000000000006,move,improve
10946,6,507.20000000000005,6,506.00000000000006,move,improve
10947,6,507.20000000000005,6,506.00000000000006,move,improve
10948,6,507.20000000000005,6,506.00000000000006,move,improve
10949,6,507.20000000000005,6,506.00000000000006,swap,notBad
10950,6,507.20000000000005,6,506.00000000000006,2opt,notBad
10951,6,507.20000000000005,6,506.00000000000006,swap,notBad
10952,6,507.20000000000005,6,506.00000000000006,move,improve
10953,6,507.20000000000005,6,506.00000000000006,swap,notBad
10954,6,507.20000000000005,6,506.00000000000006,move,improve
10955,6,507.20000000000005,6,506.00000000000006,2opt,notBad
10956,6,507.20000000000005,6,506.00000000000006,swap,notBad
10957,6,507.20000000000005,6,506.00000000000006,move,improve
10958,6,507.20000000000005,6,506.00000000000006,move,improve
10959,6,507.20000000000005,6,506.00000000000006,swap,notBad
10960,6,507.20000000000005,6,506.00000000000006,swap,notBad
10961,6,507.20000000000005,6,506.00000000000006,move,improve
10962,6,507.20000000000005,6,506.00000000000006,2opt,notBad
10963,6,507.20000000000005,6,506.00000000000006,swap,notBad
10964,6,507.20000000000005,6,506.00000000000006,2opt,notBad
10965,6,507.20000000000005,6,506.00000000000006,swap,notBad
10966,6,507.20000000000005,6,506.00000000000006,move,improve
10967,6,507.20000000000005,6,506.00000000000006,2opt,notBad
10968,6,507.20000000000005,6,506.00000000000006,swap,notBad
10969,6,507.20000000000005,6,506.00000000000006,move,improve
10970,6,507.20000000000005,6,506.00000000000006,move,improve
10971,6,507.20000000000005,6,506.00000000000006,move,improve
10972,6,507.20000000000005,6,506.00000000000006,move,improve
10973,6,507.20000000000005,6,506.00000000000006,2opt,notBad
10974,6,507.20000000000005,6,506.00000000000006,2opt,notBad
10975,6,507.20000000000005,6,506.00000000000006,swap,notBad
10976,6,507.20000000000005,6,506.00000000000006,move,improve
10977,6,507.20000000000005,6,506.00000000000006,swap,notBad
10978,6,507.20000000000005,6,506.00000000000006,swap,notBad
10979,6,507.20000000000005,6,506.00000000000006,2opt,notBad
10980,6,507.20000000000005,6,506.00000000000006,swap,notBad
10981,6,507.20000000000005,6,506.00000000000006,swap,notBad
10982,6,507.20000000000005,6,506.00000000000006,swap,notBad
10983,6,507.20000000000005,6,506.00000000000006,2opt,notBad
10984,6,507.20000000000005,6,506.00000000000006,swap,notBad
10985,6,507.20000000000005,6,506.00000000000006,move,improve
10986,6,507.20000000000005,6,506.00000000000006,move,improve
10987,6,507.20000000000005,6,506.00000000000006,2opt,improve
10988,6,507.20000000000005,6,506.00000000000006,move,improve
10989,6,507.20000000000005,6,506.00000000000006,2opt,notBad
10990,6,507.20000000000005,6,506.00000000000006,2opt,notBad
10991,6,507.20000000000005,6,506.00000000000006,swap,notBad
10992,6,507.20000000000005,6,506.00000000000006,move,improve
10993,6,507.20000000000005,6,506.00000000000006,2opt,notBad
10994,6,507.20000000000005,6,506.00000000000006,move,improve
10995,6,507.20000000000005,6,506.00000000000006,move,improve
10996,6,507.20000000000005,6,506.00000000000006,move,improve
10997,6,507.20000000000005,6,506.00000000000006,move,improve
10998,6,507.20000000000005,6,506.00000000000006,move,improve
10999,6,507.20000000000005,6,506.00000000000006,move,improve
11000,6,507.20000000000005,6,506.00000000000006,move,improve
11001,6,507.20000000000005,6,506.00000000000006,move,improve
11002,6,507.20000000000005,6,506.00000000000006,move,improve
11003,6,507.20000000000005,6,506.00000000000006,swap,notBad
11004,6,507.20000000000005,6,506.00000000000006,swap,notBad
11005,6,507.20000000000005,6,506.00000000000006,swap,notBad
11006,6,507.20000000000005,6,506.00000000000006,2opt,notBad
11007,6,507.20000000000005,6,506.00000000000006,swap,notBad
11008,6,507.20000000000005,6,506.00000000000006,swap,notBad
11009,6,507.20000000000005,6,506.00000000000006,swap,notBad
11010,6,507.20000000000005,6,506.00000000000006,2opt,notBad
11011,6,507.20000000000005,6,506.00000000000006,move,improve
11012,6,507.20000000000005,6,506.00000000000006,swap,notBad
11013,6,507.20000000000005,6,506.00000000000006,move,improve
11014,6,507.20000000000005,6,506.00000000000006,swap,notBad
11015,6,507.20000000000005,6,506.00000000000006,swap,notBad
11016,6,507.20000000000005,6,506.00000000000006,move,improve
11017,6,507.20000000000005,6,506.00000000000006,swap,notBad
11018,6,507.20000000000005,6,506.00000000000006,swap,notBad
11019,6,507.20000000000005,6,506.00000000000006,2opt,notBad
11020,6,507.20000000000005,6,506.00000000000006,move,improve
11021,6,507.20000000000005,6,506.00000000000006,move,improve
11022,6,507.20000000000005,6,506.00000000000006,move,improve
11023,6,507.20000000000005,6,506.00000000000006,move,improve
11024,6,507.20000000000005,6,506.00000000000006,2opt,notBad
11025,6,507.20000000000005,6,506.00000000000006,move,improve
11026,6,507.20000000000005,6,506.00000000000006,swap,notBad
11027,6,507.20000000000005,6,506.00000000000006,swap,notBad
11028,6,507.20000000000005,6,506.00000000000006,swap,notBad
11029,6,507.20000000000005,6,506.00000000000006,swap,notBad
11030,6,507.20000000000005,6,506.00000000000006,move,improve
11031,6,507.20000000000005,6,506.00000000000006,2opt,notBad
11032,6,507.20000000000005,6,506.00000000000006,move,improve
11033,6,507.20000000000005,6,506.00000000000006,2opt,notBad
11034,6,507.20000000000005,6,506.00000000000006,2opt,notBad
11035,6,507.20000000000005,6,506.00000000000006,2opt,notBad
11036,6,507.20000000000005,6,506.00000000000006,move,improve
11037,6,507.20000000000005,6,506.00000000000006,move,improve
11038,6,507.20000000000005,6,506.00000000000006,move,improve
11039,6,507.20000000000005,6,506.00000000000006,2opt,notBad
11040,6,507.20000000000005,6,506.00000000000006,swap,notBad
11041,6,507.20000000000005,6,506.00000000000006,move,improve
11042,6,507.20000000000005,6,506.00000000000006,swap,notBad
11043,6,507.20000000000005,6,506.00000000000006,2opt,notBad
11044,6,507.20000000000005,6,506.00000000000006,move,improve
11045,6,507.20000000000005,6,506.00000000000006,move,improve
11046,6,507.20000000000005,6,506.00000000000006,move,improve
11047,6,507.20000000000005,6,506.00000000000006,2opt,notBad
11048,6,507.20000000000005,6,506.00000000000006,move,improve
11049,6,507.20000000000005,6,506.00000000000006,2opt,improve
11050,6,507.20000000000005,6,506.00000000000006,2opt,notBad
11051,6,507.20000000000005,6,506.00000000000006,move,improve
11052,6,507.20000000000005,6,506.00000000000006,swap,notBad
11053,6,507.20000000000005,6,506.00000000000006,move,improve
11054,6,507.20000000000005,6,506.00000000000006,swap,notBad
11055,6,507.20000000000005,6,506.00000000000006,move,improve
11056,6,507.20000000000005,6,506.00000000000006,swap,notBad
11057,6,507.20000000000005,6,506.00000000000006,2opt,notBad
11058,6,507.20000000000005,6,506.00000000000006,swap,notBad
11059,6,507.20000000000005,6,506.00000000000006,2opt,improve
11060,6,507.20000000000005,6,506.00000000000006,2opt,improve
11061,6,507.20000000000005,6,506.00000000000006,2opt,notBad
11062,6,507.20000000000005,6,506.00000000000006,move,improve
11063,6,507.20000000000005,6,506.00000000000006,2opt,notBad
11064,6,507.20000000000005,6,506.00000000000006,2opt,improve
11065,6,507.20000000000005,6,506.00000000000006,2opt,notBad
11066,6,507.20000000000005,6,506.00000000000006,swap,notBad
11067,6,507.20000000000005,6,506.00000000000006,swap,notBad
11068,6,507.20000000000005,6,506.00000000000006,move,improve
11069,6,507.20000000000005,6,506.00000000000006,move,improve
11070,6,507.20000000000005,6,506.00000000000006,swap,notBad
11071,6,507.20000000000005,6,506.00000000000006,move,improve
11072,6,507.20000000000005,6,506.00000000000006,swap,notBad
11073,6,507.20000000000005,6,506.00000000000006,swap,notBad
11074,6,507.20000000000005,6,506.00000000000006,2opt,notBad
11075,6,507.20000000000005,6,506.00000000000006,swap,notBad
11076,6,507.20000000000005,6,506.00000000000006,2opt,notBad
11077,6,506.00000000000006,6,506.00000000000006,move,improve
11078,6,506.00000000000006,6,506.00000000000006,swap,notBad
11079,6,506.00000000000006,6,506.00000000000006,move,improve
11080,6,506.00000000000006,6,506.00000000000006,2opt,notBad
11081,6,506.00000000000006,6,506.00000000000006,swap,notBad
11082,6,506.00000000000006,6,506.00000000000006,move,improve
11083,6,506.00000000000006,6,506.00000000000006,move,improve
11084,6,506.00000000000006,6,506.00000000000006,move,improve
11085,6,506.00000000000006,6,506.00000000000006,2opt,notBad
11086,6,506.00000000000006,6,506.00000000000006,move,improve
11087,6,506.00000000000006,6,506.00000000000006,swap,notBad
11088,6,506.00000000000006,6,506.00000000000006,move,improve
11089,6,506.00000000000006,6,506.00000000000006,2opt,notBad
11090,6,506.00000000000006,6,506.00000000000006,2opt,notBad
11091,6,506.00000000000006,6,506.00000000000006,2opt,notBad
11092,6,506.00000000000006,6,506.00000000000006,swap,notBad
11093,6,506.00000000000006,6,506.00000000000006,move,improve
11094,6,506.00000000000006,6,506.00000000000006,swap,notBad
11095,6,506.00000000000006,6,506.00000000000006,2opt,notBad
11096,6,506.00000000000006,6,506.00000000000006,swap,notBad
11097,6,506.00000000000006,6,506.00000000000006,swap,notBad
11098,6,506.00000000000006,6,506.00000000000006,swap,notBad
11099,6,506.00000000000006,6,506.00000000000006,2opt,improve
11100,6,506.00000000000006,6,506.00000000000006,move,improve
11101,6,506.00000000000006,6,506.00000000000006,2opt,notBad
11102,6,506.00000000000006,6,506.00000000000006,move,improve
11103,6,506.00000000000006,6,506.00000000000006,move,improve
11104,6,506.00000000000006,6,506.00000000000006,move,improve
11105,6,506.00000000000006,6,506.00000000000006,2opt,improve
11106,6,506.00000000000006,6,506.00000000000006,2opt,notBad
11107,6,506.00000000000006,6,506.00000000000006,move,improve
11108,6,506.00000000000006,6,506.00000000000006,swap,notBad
11109,6,506.00000000000006,6,506.00000000000006,2opt,improve
11110,6,506.00000000000006,6,506.00000000000006,move,improve
11111,6,506.00000000000006,6,506.00000000000006,move,improve
11112,6,506.00000000000006,6,506.00000000000006,2opt,notBad
11113,6,506.00000000000006,6,506.00000000000006,move,improve
11114,6,506.00000000000006,6,506.00000000000006,move,improve
11115,6,506.00000000000006,6,506.00000000000006,2opt,improve
11116,6,506.00000000000006,6,506.00000000000006,swap,notBad
11117,6,506.00000000000006,6,506.00000000000006,2opt,notBad
11118,6,506.00000000000006,6,506.00000000000006,2opt,notBad
11119,6,506.00000000000006,6,506.00000000000006,move,improve
11120,6,506.00000000000006,6,506.00000000000006,2opt,notBad
11121,6,506.00000000000006,6,506.00000000000006,move,improve
11122,6,506.00000000000006,6,506.00000000000006,2opt,improve
11123,6,506.00000000000006,6,506.00000000000006,2opt,notBad
11124,6,506.00000000000006,6,506.00000000000006,swap,notBad
11125,6,506.00000000000006,6,506.00000000000006,move,improve
11126,6,506.00000000000006,6,506.00000000000006,swap,notBad
11127,6,506.00000000000006,6,506.00000000000006,2opt,notBad
11128,6,506.00000000000006,6,506.00000000000006,move,improve
11129,6,506.00000000000006,6,506.00000000000006,swap,notBad
11130,6,506.00000000000006,6,506.00000000000006,swap,notBad
11131,6,506.00000000000006,6,506.00000000000006,move,improve
11132,6,506.00000000000006,6,506.00000000000006,move,improve
11133,6,506.00000000000006,6,506.00000000000006,2opt,notBad
11134,6,506.00000000000006,6,506.00000000000006,move,improve
11135,6,506.00000000000006,6,506.00000000000006,swap,notBad
11136,6,506.00000000000006,6,506.00000000000006,swap,notBad
11137,6,506.00000000000006,6,506.00000000000006,move,improve
11138,6,506.00000000000006,6,506.00000000000006,swap,notBad
11139,6,506.00000000000006,6,506.00000000000006,2opt,improve
11140,6,506.00000000000006,6,506.00000000000006,swap,notBad
11141,6,506.00000000000006,6,506.00000000000006,2opt,notBad
11142,6,506.00000000000006,6,506.00000000000006,move,improve
11143,6,506.00000000000006,6,506.00000000000006,2opt,notBad
11144,6,506.00000000000006,6,506.00000000000006,move,improve
11145,6,506.00000000000006,6,506.00000000000006,2opt,notBad
11146,6,506.00000000000006,6,506.00000000000006,swap,notBad
11147,6,506.00000000000006,6,506.00000000000006,swap,notBad
11148,6,506.00000000000006,6,506.00000000000006,2opt,notBad
11149,6,506.00000000000006,6,506.00000000000006,swap,notBad
11150,6,506.00000000000006,6,506.00000000000006,move,improve
11151,6,506.00000000000006,6,506.00000000000006,2opt,notBad
11152,6,506.00000000000006,6,506.00000000000006,swap,notBad
11153,6,506.00000000000006,6,506.00000000000006,move,improve
11154,6,506.00000000000006,6,506.00000000000006,swap,notBad
11155,6,506.00000000000006,6,506.00000000000006,move,improve
11156,6,506.00000000000006,6,506.00000000000006,move,improve
11157,6,506.00000000000006,6,506.00000000000006,swap,notBad
11158,6,506.00000000000006,6,506.00000000000006,2opt,notBad
11159,6,506.00000000000006,6,506.00000000000006,swap,notBad
11160,6,506.00000000000006,6,506.00000000000006,2opt,notBad
11161,6,506.00000000000006,6,506.00000000000006,2opt,notBad
11162,6,506.00000000000006,6,506.00000000000006,2opt,notBad
11163,6,506.00000000000006,6,506.00000000000006,swap,notBad
11164,6,506.00000000000006,6,506.00000000000006,2opt,notBad
11165,6,506.00000000000006,6,506.00000000000006,move,improve
11166,6,506.00000000000006,6,506.00000000000006,2opt,notBad
11167,6,506.00000000000006,6,506.00000000000006,move,improve
11168,6,506.00000000000006,6,506.00000000000006,2opt,notBad
11169,6,506.00000000000006,6,506.00000000000006,2opt,notBad
11170,6,506.00000000000006,6,506.00000000000006,2opt,improve
11171,6,506.00000000000006,6,506.00000000000006,swap,notBad
11172,6,506.00000000000006,6,506.00000000000006,move,improve
11173,6,506.00000000000006,6,506.00000000000006,swap,notBad
11174,6,506.00000000000006,6,506.00000000000006,2opt,notBad
11175,6,506.00000000000006,6,506.00000000000006,2opt,notBad
11176,6,506.00000000000006,6,506.00000000000006,move,improve
11177,6,506.00000000000006,6,506.00000000000006,swap,notBad
11178,6,506.00000000000006,6,506.00000000000006,swap,notBad
11179,6,506.00000000000006,6,506.00000000000006,swap,notBad
11180,6,506.00000000000006,6,506.00000000000006,swap,notBad
11181,6,506.00000000000006,6,506.00000000000006,swap,notBad
11182,6,506.00000000000006,6,506.00000000000006,move,improve
11183,6,506.00000000000006,6,506.00000000000006,2opt,improve
11184,6,506.00000000000006,6,506.00000000000006,move,improve
11185,6,506.00000000000006,6,506.00000000000006,swap,notBad
11186,6,506.00000000000006,6,506.00000000000006,2opt,notBad
11187,6,506.00000000000006,6,506.00000000000006,2opt,notBad
11188,6,506.00000000000006,6,506.00000000000006,2opt,notBad
11189,6,506.00000000000006,6,506.00000000000006,2opt,notBad
11190,6,507.20000000000005,6,506.00000000000006,move,acceptBad
11191,6,507.20000000000005,6,506.00000000000006,2opt,notBad
11192,6,507.20000000000005,6,506.00000000000006,swap,notBad
11193,6,507.20000000000005,6,506.00000000000006,swap,notBad
11194,6,507.20000000000005,6,506.00000000000006,move,improve
11195,6,507.20000000000005,6,506.00000000000006,2opt,notBad
11196,6,507.20000000000005,6,506.00000000000006,2opt,notBad
11197,6,507.20000000000005,6,506.00000000000006,move,improve
11198,6,507.20000000000005,6,506.00000000000006,swap,notBad
11199,6,507.20000000000005,6,506.00000000000006,swap,notBad
11200,6,507.20000000000005,6,506.00000000000006,move,improve
11201,6,507.20000000000005,6,506.00000000000006,2opt,notBad
11202,6,507.20000000000005,6,506.00000000000006,swap,notBad
11203,6,507.20000000000005,6,506.00000000000006,swap,notBad
11204,6,507.20000000000005,6,506.00000000000006,2opt,notBad
11205,6,507.20000000000005,6,506.00000000000006,swap,notBad
11206,6,507.20000000000005,6,506.00000000000006,2opt,notBad
11207,6,507.20000000000005,6,506.00000000000006,2opt,notBad
11208,6,507.20000000000005,6,506.00000000000006,2opt,improve
11209,6,507.20000000000005,6,506.00000000000006,swap,notBad
11210,6,507.20000000000005,6,506.00000000000006,move,improve
11211,6,507.20000000000005,6,506.00000000000006,swap,notBad
11212,6,507.20000000000005,6,506.00000000000006,swap,notBad
11213,6,507.20000000000005,6,506.00000000000006,2opt,notBad
11214,6,507.20000000000005,6,506.00000000000006,2opt,notBad
11215,6,507.20000000000005,6,506.00000000000006,swap,notBad
11216,6,507.20000000000005,6,506.00000000000006,swap,notBad
11217,6,507.20000000000005,6,506.00000000000006,move,improve
11218,6,507.20000000000005,6,506.00000000000006,move,improve
11219,6,507.20000000000005,6,506.00000000000006,swap,notBad
11220,6,507.20000000000005,6,506.00000000000006,move,improve
11221,6,507.20000000000005,6,506.00000000000006,2opt,notBad
11222,6,507.20000000000005,6,506.00000000000006,2opt,notBad
11223,6,507.20000000000005,6,506.00000000000006,move,improve
11224,6,507.20000000000005,6,506.00000000000006,swap,notBad
11225,6,507.20000000000005,6,506.00000000000006,2opt,notBad
11226,6,507.20000000000005,6,506.00000000000006,move,improve
11227,6,507.20000000000005,6,506.00000000000006,move,improve
11228,6,507.20000000000005,6,506.00000000000006,move,improve
11229,6,507.20000000000005,6,506.00000000000006,swap,notBad
11230,6,507.20000000000005,6,506.00000000000006,move,improve
11231,6,507.20000000000005,6,506.00000000000006,2opt,notBad
11232,6,507.20000000000005,6,506.00000000000006,swap,notBad
11233,6,507.20000000000005,6,506.00000000000006,2opt,notBad
11234,6,507.20000000000005,6,506.00000000000006,swap,notBad
11235,6,507.20000000000005,6,506.00000000000006,swap,notBad
11236,6,507.20000000000005,6,506.00000000000006,swap,notBad
11237,6,507.20000000000005,6,506.00000000000006,2opt,notBad
11238,6,507.20000000000005,6,506.00000000000006,swap,notBad
11239,6,507.20000000000005,6,506.00000000000006,swap,notBad
11240,6,507.20000000000005,6,506.00000000000006,2opt,improve
11241,6,507.20000000000005,6,506.00000000000006,swap,notBad
11242,6,507.20000000000005,6,506.00000000000006,2opt,notBad
11243,6,507.20000000000005,6,506.00000000000006,swap,notBad
11244,6,507.20000000000005,6,506.00000000000006,move,improve
11245,6,507.20000000000005,6,506.00000000000006,swap,notBad
11246,6,507.20000000000005,6,506.00000000000006,2opt,improve
11247,6,507.20000000000005,6,506.00000000000006,move,improve
11248,6,507.20000000000005,6,506.00000000000006,swap,notBad
11249,6,507.20000000000005,6,506.00000000000006,2opt,notBad
11250,6,507.20000000000005,6,506.00000000000006,swap,notBad
11251,6,507.20000000000005,6,506.00000000000006,2opt,improve
11252,6,507.20000000000005,6,506.00000000000006,swap,notBad
11253,6,507.20000000000005,6,506.00000000000006,2opt,notBad
11254,6,507.20000000000005,6,506.00000000000006,move,improve
11255,6,507.20000000000005,6,506.00000000000006,move,improve
11256,6,507.20000000000005,6,506.00000000000006,swap,notBad
11257,6,507.20000000000005,6,506.00000000000006,swap,notBad
11258,6,507.20000000000005,6,506.00000000000006,swap,notBad
11259,6,507.20000000000005,6,506.00000000000006,swap,notBad
11260,6,507.20000000000005,6,506.00000000000006,swap,notBad
11261,6,507.20000000000005,6,506.00000000000006,2opt,notBad
11262,6,507.20000000000005,6,506.00000000000006,swap,notBad
11263,6,507.20000000000005,6,506.00000000000006,2opt,notBad
11264,6,507.20000000000005,6,506.00000000000006,swap,notBad
11265,6,507.20000000000005,6,506.00000000000006,swap,notBad
11266,6,507.20000000000005,6,506.00000000000006,move,improve
11267,6,507.20000000000005,6,506.00000000000006,swap,notBad
11268,6,507.20000000000005,6,506.00000000000006,swap,notBad
11269,6,507.20000000000005,6,506.00000000000006,swap,notBad
11270,6,507.20000000000005,6,506.00000000000006,move,improve
11271,6,507.20000000000005,6,506.00000000000006,swap,notBad
11272,6,507.20000000000005,6,506.00000000000006,2opt,improve
11273,6,507.20000000000005,6,506.00000000000006,swap,notBad
11274,6,507.20000000000005,6,506.00000000000006,swap,notBad
11275,6,507.20000000000005,6,506.00000000000006,move,improve
11276,6,507.20000000000005,6,506.00000000000006,move,improve
11277,6,507.20000000000005,6,506.00000000000006,move,improve
11278,6,507.20000000000005,6,506.00000000000006,move,improve
11279,6,507.20000000000005,6,506.00000000000006,2opt,notBad
11280,6,507.20000000000005,6,506.00000000000006,swap,notBad
11281,6,507.20000000000005,6,506.00000000000006,2opt,notBad
11282,6,507.20000000000005,6,506.00000000000006,2opt,notBad
11283,6,507.20000000000005,6,506.00000000000006,move,improve
11284,6,507.20000000000005,6,506.00000000000006,swap,notBad
11285,6,507.20000000000005,6,506.00000000000006,2opt,improve
11286,6,507.20000000000005,6,506.00000000000006,swap,notBad
11287,6,507.20000000000005,6,506.00000000000006,move,improve
11288,6,507.20000000000005,6,506.00000000000006,2opt,notBad
11289,6,507.20000000000005,6,506.00000000000006,move,improve
11290,6,507.20000000000005,6,506.00000000000006,swap,notBad
11291,6,507.20000000000005,6,506.00000000000006,move,improve
11292,6,507.20000000000005,6,506.00000000000006,move,improve
11293,6,507.20000000000005,6,506.00000000000006,2opt,improve
11294,6,507.20000000000005,6,506.00000000000006,swap,notBad
11295,6,507.20000000000005,6,506.00000000000006,2opt,notBad
11296,6,507.20000000000005,6,506.00000000000006,move,improve
11297,6,507.20000000000005,6,506.00000000000006,2opt,notBad
11298,6,507.20000000000005,6,506.00000000000006,swap,notBad
11299,6,507.20000000000005,6,506.00000000000006,move,improve
11300,6,507.20000000000005,6,506.00000000000006,move,improve
11301,6,507.20000000000005,6,506.00000000000006,swap,notBad
11302,6,507.20000000000005,6,506.00000000000006,swap,notBad
11303,6,507.20000000000005,6,506.00000000000006,move,improve
11304,6,507.20000000000005,6,506.00000000000006,move,improve
11305,6,507.20000000000005,6,506.00000000000006,swap,notBad
11306,6,507.20000000000005,6,506.00000000000006,swap,notBad
11307,6,507.20000000000005,6,506.00000000000006,move,improve
11308,6,507.20000000000005,6,506.00000000000006,swap,notBad
11309,6,507.20000000000005,6,506.00000000000006,2opt,notBad
11310,6,507.20000000000005,6,506.00000000000006,swap,notBad
11311,6,507.20000000000005,6,506.00000000000006,2opt,notBad
11312,6,507.20000000000005,6,506.00000000000006,move,improve
11313,6,507.20000000000005,6,506.00000000000006,swap,notBad
11314,6,507.20000000000005,6,506.00000000000006,swap,notBad
11315,6,507.20000000000005,6,506.00000000000006,move,improve
11316,6,507.20000000000005,6,506.00000000000006,2opt,notBad
11317,6,507.20000000000005,6,506.00000000000006,move,improve
11318,6,507.20000000000005,6,506.00000000000006,swap,notBad
11319,6,507.20000000000005,6,506.00000000000006,move,improve
11320,6,507.20000000000005,6,506.00000000000006,swap,notBad
11321,6,507.20000000000005,6,506.00000000000006,move,improve
11322,6,507.20000000000005,6,506.00000000000006,2opt,notBad
11323,6,507.20000000000005,6,506.00000000000006,swap,notBad
11324,6,507.20000000000005,6,506.00000000000006,swap,notBad
11325,6,507.20000000000005,6,506.00000000000006,2opt,notBad
11326,6,507.20000000000005,6,506.00000000000006,2opt,notBad
11327,6,507.20000000000005,6,506.00000000000006,move,improve
11328,6,507.20000000000005,6,506.00000000000006,move,improve
11329,6,507.20000000000005,6,506.00000000000006,move,improve
11330,6,507.20000000000005,6,506.00000000000006,2opt,notBad
11331,6,507.20000000000005,6,506.00000000000006,move,improve
11332,6,507.20000000000005,6,506.00000000000006,swap,notBad
11333,6,507.20000000000005,6,506.00000000000006,2opt,notBad
11334,6,507.20000000000005,6,506.00000000000006,swap,notBad
11335,6,507.20000000000005,6,506.00000000000006,swap,notBad
11336,6,507.20000000000005,6,506.00000000000006,2opt,notBad
11337,6,507.20000000000005,6,506.00000000000006,swap,notBad
11338,6,507.20000000000005,6,506.00000000000006,2opt,notBad
11339,6,507.20000000000005,6,506.00000000000006,move,improve
11340,6,507.20000000000005,6,506.00000000000006,2opt,improve
11341,6,507.20000000000005,6,506.00000000000006,move,improve
11342,6,507.20000000000005,6,506.00000000000006,move,improve
11343,6,507.20000000000005,6,506.00000000000006,2opt,notBad
11344,6,507.20000000000005,6,506.00000000000006,2opt,notBad
11345,6,507.20000000000005,6,506.00000000000006,2opt,notBad
11346,6,507.20000000000005,6,506.00000000000006,swap,notBad
11347,6,507.20000000000005,6,506.00000000000006,2opt,notBad
11348,6,507.20000000000005,6,506.00000000000006,2opt,improve
11349,6,507.20000000000005,6,506.00000000000006,swap,notBad
11350,6,507.20000000000005,6,506.00000000000006,2opt,notBad
11351,6,507.20000000000005,6,506.00000000000006,move,improve
11352,6,507.20000000000005,6,506.00000000000006,move,improve
11353,6,507.20000000000005,6,506.00000000000006,2opt,notBad
11354,6,507.20000000000005,6,506.00000000000006,move,improve
11355,6,507.20000000000005,6,506.00000000000006,swap,notBad
11356,6,507.20000000000005,6,506.00000000000006,2opt,notBad
11357,6,507.20000000000005,6,506.00000000000006,move,improve
11358,6,507.20000000000005,6,506.00000000000006,move,improve
11359,6,507.20000000000005,6,506.00000000000006,swap,notBad
11360,6,507.20000000000005,6,506.00000000000006,move,improve
11361,6,507.20000000000005,6,506.00000000000006,move,improve
11362,6,507.20000000000005,6,506.00000000000006,2opt,notBad
11363,6,507.20000000000005,6,506.00000000000006,swap,notBad
11364,6,507.20000000000005,6,506.00000000000006,swap,notBad
11365,6,507.20000000000005,6,506.00000000000006,move,improve
11366,6,507.20000000000005,6,506.00000000000006,move,improve
11367,6,507.20000000000005,6,506.00000000000006,move,improve
11368,6,507.20000000000005,6,506.00000000000006,2opt,notBad
11369,6,507.20000000000005,6,506.00000000000006,swap,notBad
11370,6,507.20000000000005,6,506.00000000000006,2opt,notBad
11371,6,507.20000000000005,6,506.00000000000006,move,improve
11372,6,507.20000000000005,6,506.00000000000006,2opt,notBad
11373,6,507.20000000000005,6,506.00000000000006,swap,notBad
11374,6,507.20000000000005,6,506.00000000000006,2opt,improve
11375,6,507.20000000000005,6,506.00000000000006,move,improve
11376,6,507.20000000000005,6,506.00000000000006,swap,notBad
11377,6,507.20000000000005,6,506.00000000000006,swap,notBad
11378,6,507.20000000000005,6,506.00000000000006,2opt,notBad
11379,6,507.20000000000005,6,506.00000000000006,2opt,notBad
11380,6,507.20000000000005,6,506.00000000000006,move,improve
11381,6,507.20000000000005,6,506.00000000000006,swap,notBad
11382,6,507.20000000000005,6,506.00000000000006,swap,notBad
11383,6,507.20000000000005,6,506.00000000000006,swap,notBad
11384,6,507.20000000000005,6,506.00000000000006,2opt,notBad
11385,6,507.20000000000005,6,506.00000000000006,swap,notBad
11386,6,507.20000000000005,6,506.00000000000006,move,improve
11387,6,507.20000000000005,6,506.00000000000006,move,improve
11388,6,507.20000000000005,6,506.00000000000006,2opt,notBad
11389,6,507.20000000000005,6,506.00000000000006,2opt,notBad
11390,6,507.20000000000005,6,506.00000000000006,swap,notBad
11391,6,507.20000000000005,6,506.00000000000006,2opt,notBad
11392,6,507.20000000000005,6,506.00000000000006,move,improve
11393,6,507.20000000000005,6,506.00000000000006,2opt,notBad
11394,6,507.20000000000005,6,506.00000000000006,swap,notBad
11395,6,507.20000000000005,6,506.00000000000006,2opt,notBad
11396,6,507.20000000000005,6,506.00000000000006,swap,notBad
11397,6,507.20000000000005,6,506.00000000000006,move,improve
11398,6,507.20000000000005,6,506.00000000000006,2opt,notBad
11399,6,507.20000000000005,6,506.00000000000006,2opt,notBad
11400,6,507.20000000000005,6,506.00000000000006,move,improve
11401,6,507.20000000000005,6,506.00000000000006,move,improve
11402,6,507.20000000000005,6,506.00000000000006,move,improve
11403,6,507.20000000000005,6,506.00000000000006,2opt,notBad
11404,6,507.20000000000005,6,506.00000000000006,swap,notBad
11405,6,507.20000000000005,6,506.00000000000006,swap,notBad
11406,6,507.20000000000005,6,506.00000000000006,2opt,notBad
11407,6,507.20000000000005,6,506.00000000000006,2opt,notBad
11408,6,507.20000000000005,6,506.00000000000006,swap,notBad
11409,6,507.20000000000005,6,506.00000000000006,move,improve
11410,6,507.20000000000005,6,506.00000000000006,move,improve
11411,6,507.20000000000005,6,506.00000000000006,move,improve
11412,6,507.20000000000005,6,506.00000000000006,move,improve
11413,6,507.20000000000005,6,506.00000000000006,swap,notBad
11414,6,507.20000000000005,6,506.00000000000006,move,improve
11415,6,507.20000000000005,6,506.00000000000006,swap,notBad
11416,6,507.20000000000005,6,506.00000000000006,swap,notBad
11417,6,507.20000000000005,6,506.00000000000006,swap,notBad
11418,6,507.20000000000005,6,506.00000000000006,move,improve
11419,6,507.20000000000005,6,506.00000000000006,2opt,notBad
11420,6,507.20000000000005,6,506.00000000000006,2opt,notBad
11421,6,507.20000000000005,6,506.00000000000006,2opt,notBad
11422,6,507.20000000000005,6,506.00000000000006,2opt,notBad
11423,6,507.20000000000005,6,506.00000000000006,swap,notBad
11424,6,507.20000000000005,6,506.00000000000006,2opt,notBad
11425,6,507.20000000000005,6,506.00000000000006,2opt,notBad
11426,6,507.20000000000005,6,506.00000000000006,swap,notBad
11427,6,507.20000000000005,6,506.00000000000006,swap,notBad
11428,6,507.20000000000005,6,506.00000000000006,2opt,notBad
11429,6,507.20000000000005,6,506.00000000000006,move,improve
11430,6,507.20000000000005,6,506.00000000000006,move,improve
11431,6,507.20000000000005,6,506.00000000000006,move,improve
11432,6,507.20000000000005,6,506.00000000000006,move,improve
11433,6,507.20000000000005,6,506.00000000000006,2opt,improve
11434,6,507.20000000000005,6,506.00000000000006,2opt,notBad
11435,6,507.20000000000005,6,506.00000000000006,swap,notBad
11436,6,507.20000000000005,6,506.00000000000006,swap,notBad
11437,6,507.20000000000005,6,506.00000000000006,swap,notBad
11438,6,507.20000000000005,6,506.00000000000006,swap,notBad
11439,6,507.20000000000005,6,506.00000000000006,move,improve
11440,6,507.20000000000005,6,506.00000000000006,move,improve
11441,6,507.20000000000005,6,506.00000000000006,swap,notBad
11442,6,507.20000000000005,6,506.00000000000006,swap,notBad
11443,6,507.20000000000005,6,506.00000000000006,2opt,improve
11444,6,507.20000000000005,6,506.00000000000006,move,improve
11445,6,507.20000000000005,6,506.00000000000006,swap,notBad
11446,6,507.20000000000005,6,506.00000000000006,2opt,notBad
11447,6,507.20000000000005,6,506.00000000000006,swap,notBad
11448,6,507.20000000000005,6,506.00000000000006,swap,notBad
11449,6,507.20000000000005,6,506.00000000000006,2opt,notBad
11450,6,507.20000000000005,6,506.00000000000006,swap,notBad
11451,6,507.20000000000005,6,506.00000000000006,swap,notBad
11452,6,507.20000000000005,6,506.00000000000006,swap,notBad
11453,6,507.20000000000005,6,506.00000000000006,move,improve
11454,6,507.20000000000005,6,506.00000000000006,move,improve
11455,6,507.20000000000005,6,506.00000000000006,move,improve
11456,6,507.20000000000005,6,506.00000000000006,2opt,notBad
11457,6,507.20000000000005,6,506.00000000000006,move,improve
11458,6,507.20000000000005,6,506.00000000000006,swap,notBad
11459,6,507.20000000000005,6,506.00000000000006,2opt,notBad
11460,6,507.20000000000005,6,506.00000000000006,2opt,notBad
11461,6,507.20000000000005,6,506.00000000000006,move,improve
11462,6,507.20000000000005,6,506.00000000000006,move,improve
11463,6,507.20000000000005,6,506.00000000000006,move,improve
11464,6,507.20000000000005,6,506.00000000000006,swap,notBad
11465,6,507.20000000000005,6,506.00000000000006,move,improve
11466,6,507.20000000000005,6,506.00000000000006,move,improve
11467,6,506.00000000000006,6,506.00000000000006,move,improve
11468,6,506.00000000000006,6,506.00000000000006,2opt,notBad
11469,6,506.00000000000006,6,506.00000000000006,move,improve
11470,6,506.00000000000006,6,506.00000000000006,swap,notBad
11471,6,506.00000000000006,6,506.00000000000006,2opt,notBad
11472,6,506.00000000000006,6,506.00000000000006,move,improve
11473,6,506.00000000000006,6,506.00000000000006,swap,notBad
11474,6,506.00000000000006,6,506.00000000000006,move,improve
11475,6,506.00000000000006,6,506.00000000000006,swap,notBad
11476,6,506.00000000000006,6,506.00000000000006,2opt,notBad
11477,6,506.00000000000006,6,506.00000000000006,swap,notBad
11478,6,506.00000000000006,6,506.00000000000006,2opt,notBad
11479,6,506.00000000000006,6,506.00000000000006,swap,notBad
11480,6,506.00000000000006,6,506.00000000000006,swap,notBad
11481,6,506.00000000000006,6,506.00000000000006,2opt,notBad
11482,6,506.00000000000006,6,506.00000000000006,move,improve
11483,6,506.00000000000006,6,506.00000000000006,swap,notBad
11484,6,506.00000000000006,6,506.00000000000006,swap,notBad
11485,6,506.00000000000006,6,506.00000000000006,move,improve
11486,6,506.00000000000006,6,506.00000000000006,swap,notBad
11487,6,506.00000000000006,6,506.00000000000006,2opt,notBad
11488,6,506.00000000000006,6,506.00000000000006,swap,notBad
11489,6,506.00000000000006,6,506.00000000000006,move,improve
11490,6,506.00000000000006,6,506.00000000000006,2opt,notBad
11491,6,506.00000000000006,6,506.00000000000006,swap,notBad
11492,6,506.00000000000006,6,506.00000000000006,move,improve
11493,6,506.00000000000006,6,506.00000000000006,move,improve
11494,6,506.00000000000006,6,506.00000000000006,swap,notBad
11495,6,506.00000000000006,6,506.00000000000006,swap,notBad
11496,6,506.00000000000006,6,506.00000000000006,move,improve
11497,6,506.00000000000006,6,506.00000000000006,2opt,notBad
11498,6,506.00000000000006,6,506.00000000000006,move,improve
11499,6,506.00000000000006,6,506.00000000000006,swap,notBad
11500,6,506.00000000000006,6,506.00000000000006,swap,notBad
11501,6,506.00000000000006,6,506.00000000000006,swap,notBad
11502,6,506.00000000000006,6,506.00000000000006,2opt,notBad
11503,6,506.00000000000006,6,506.00000000000006,2opt,notBad
11504,6,506.00000000000006,6,506.00000000000006,2opt,notBad
11505,6,506.00000000000006,6,506.00000000000006,move,improve
11506,6,506.00000000000006,6,506.00000000000006,swap,notBad
11507,6,506.00000000000006,6,506.00000000000006,swap,notBad
11508,6,506.00000000000006,6,506.00000000000006,move,improve
11509,6,506.00000000000006,6,506.00000000000006,2opt,notBad
11510,6,506.00000000000006,6,506.00000000000006,swap,notBad
11511,6,506.00000000000006,6,506.00000000000006,2opt,improve
11512,6,506.00000000000006,6,506.00000000000006,2opt,notBad
11513,6,506.00000000000006,6,506.00000000000006,2opt,notBad
11514,6,506.00000000000006,6,506.00000000000006,move,improve
11515,6,506.00000000000006,6,506.00000000000006,swap,notBad
11516,6,506.00000000000006,6,506.00000000000006,move,improve
11517,6,506.00000000000006,6,506.00000000000006,swap,notBad
11518,6,506.00000000000006,6,506.00000000000006,swap,notBad
11519,6,506.00000000000006,6,506.00000000000006,2opt,notBad
11520,6,506.00000000000006,6,506.00000000000006,move,improve
11521,6,506.00000000000006,6,506.00000000000006,2opt,notBad
11522,6,506.00000000000006,6,506.00000000000006,swap,notBad
11523,6,506.00000000000006,6,506.00000000000006,2opt,notBad
11524,6,506.00000000000006,6,506.00000000000006,2opt,notBad
11525,6,506.00000000000006,6,506.00000000000006,2opt,notBad
11526,6,506.00000000000006,6,506.00000000000006,swap,notBad
11527,6,506.00000000000006,6,506.00000000000006,swap,notBad
11528,6,506.00000000000006,6,506.00000000000006,swap,notBad
11529,6,506.00000000000006,6,506.00000000000006,swap,notBad
11530,6,506.00000000000006,6,506.00000000000006,swap,notBad
11531,6,506.00000000000006,6,506.00000000000006,2opt,notBad
11532,6,506.00000000000006,6,506.00000000000006,move,improve
11533,6,506.00000000000006,6,506.00000000000006,move,improve
11534,6,506.00000000000006,6,506.00000000000006,2opt,improve
11535,6,506.00000000000006,6,506.00000000000006,move,improve
11536,6,506.00000000000006,6,506.00000000000006,swap,notBad
11537,6,506.00000000000006,6,506.00000000000006,2opt,notBad
11538,6,506.00000000000006,6,506.00000000000006,move,improve
11539,6,506.00000000000006,6,506.00000000000006,move,improve
11540,6,506.00000000000006,6,506.00000000000006,2opt,notBad
11541,6,506.00000000000006,6,506.00000000000006,move,improve
11542,6,506.00000000000006,6,506.00000000000006,swap,notBad
11543,6,506.00000000000006,6,506.00000000000006,2opt,notBad
11544,6,506.00000000000006,6,506.00000000000006,move,improve
11545,6,506.00000000000006,6,506.00000000000006,swap,notBad
11546,6,506.00000000000006,6,506.00000000000006,2opt,improve
11547,6,506.00000000000006,6,506.00000000000006,2opt,notBad
11548,6,506.00000000000006,6,506.00000000000006,move,improve
11549,6,506.00000000000006,6,506.00000000000006,swap,notBad
11550,6,506.00000000000006,6,506.00000000000006,move,improve
11551,6,506.00000000000006,6,506.00000000000006,swap,notBad
11552,6,506.00000000000006,6,506.00000000000006,swap,notBad
11553,6,506.00000000000006,6,506.00000000000006,swap,notBad
11554,6,506.00000000000006,6,506.00000000000006,2opt,notBad
11555,6,506.00000000000006,6,506.00000000000006,move,improve
11556,6,506.00000000000006,6,506.00000000000006,swap,notBad
11557,6,506.00000000000006,6,506.00000000000006,2opt,notBad
11558,6,506.00000000000006,6,506.00000000000006,swap,notBad
11559,6,506.00000000000006,6,506.00000000000006,2opt,notBad
11560,6,506.00000000000006,6,506.00000000000006,swap,notBad
11561,6,506.00000000000006,6,506.00000000000006,move,improve
11562,6,506.00000000000006,6,506.00000000000006,move,improve
11563,6,506.00000000000006,6,506.00000000000006,2opt,notBad
11564,6,506.00000000000006,6,506.00000000000006,move,improve
11565,6,506.00000000000006,6,506.00000000000006,move,improve
11566,6,506.00000000000006,6,506.00000000000006,swap,notBad
11567,6,506.00000000000006,6,506.00000000000006,move,improve
11568,6,506.00000000000006,6,506.00000000000006,move,improve
11569,6,506.00000000000006,6,506.00000000000006,2opt,notBad
11570,6,506.00000000000006,6,506.00000000000006,move,improve
11571,6,506.00000000000006,6,506.00000000000006,move,improve
11572,6,506.00000000000006,6,506.00000000000006,move,improve
11573,6,506.00000000000006,6,506.00000000000006,swap,notBad
11574,6,506.00000000000006,6,506.00000000000006,2opt,improve
11575,6,506.00000000000006,6,506.00000000000006,move,improve
11576,6,506.00000000000006,6,506.00000000000006,swap,notBad
11577,6,506.00000000000006,6,506.00000000000006,move,improve
11578,6,506.00000000000006,6,506.00000000000006,2opt,notBad
11579,6,506.00000000000006,6,506.00000000000006,move,improve
11580,6,506.00000000000006,6,506.00000000000006,move,improve
11581,6,506.00000000000006,6,506.00000000000006,2opt,notBad
11582,6,506.00000000000006,6,506.00000000000006,swap,notBad
11583,6,506.00000000000006,6,506.00000000000006,2opt,notBad
11584,6,506.00000000000006,6,506.00000000000006,2opt,notBad
11585,6,506.00000000000006,6,506.00000000000006,2opt,notBad
11586,6,506.00000000000006,6,506.00000000000006,move,improve
11587,6,506.00000000000006,6,506.00000000000006,swap,notBad
11588,6,506.00000000000006,6,506.00000000000006,2opt,notBad
11589,6,506.00000000000006,6,506.00000000000006,swap,notBad
11590,6,506.00000000000006,6,506.00000000000006,2opt,improve
11591,6,506.00000000000006,6,506.00000000000006,2opt,notBad
11592,6,506.00000000000006,6,506.00000000000006,move,improve
11593,6,506.00000000000006,6,506.00000000000006,2opt,notBad
11594,6,506.00000000000006,6,506.00000000000006,2opt,notBad
11595,6,506.00000000000006,6,506.00000000000006,swap,notBad
11596,6,506.00000000000006,6,506.00000000000006,swap,notBad
11597,6,506.00000000000006,6,506.00000000000006,swap,notBad
11598,6,506.00000000000006,6,506.00000000000006,swap,notBad
11599,6,506.00000000000006,6,506.00000000000006,2opt,notBad
11600,6,506.00000000000006,6,506.00000000000006,swap,notBad
11601,6,506.00000000000006,6,506.00000000000006,2opt,notBad
11602,6,506.00000000000006,6,506.00000000000006,swap,notBad
11603,6,506.00000000000006,6,506.00000000000006,2opt,notBad
11604,6,506.00000000000006,6,506.00000000000006,swap,notBad
11605,6,506.00000000000006,6,506.00000000000006,2opt,improve
11606,6,506.00000000000006,6,506.00000000000006,move,improve
11607,6,506.00000000000006,6,506.00000000000006,2opt,notBad
11608,6,506.00000000000006,6,506.00000000000006,2opt,notBad
11609,6,506.00000000000006,6,506.00000000000006,move,improve
11610,6,506.00000000000006,6,506.00000000000006,move,improve
11611,6,506.00000000000006,6,506.00000000000006,swap,notBad
11612,6,506.00000000000006,6,506.00000000000006,move,improve
11613,6,506.00000000000006,6,506.00000000000006,move,improve
11614,6,506.00000000000006,6,506.00000000000006,swap,notBad
11615,6,506.00000000000006,6,506.00000000000006,move,improve
11616,6,506.00000000000006,6,506.00000000000006,2opt,notBad
11617,6,506.00000000000006,6,506.00000000000006,swap,notBad
11618,6,506.00000000000006,6,506.00000000000006,2opt,notBad
11619,6,506.00000000000006,6,506.00000000000006,swap,notBad
11620,6,506.00000000000006,6,506.00000000000006,move,improve
11621,6,506.00000000000006,6,506.00000000000006,2opt,notBad
11622,6,506.00000000000006,6,506.00000000000006,2opt,notBad
11623,6,506.00000000000006,6,506.00000000000006,2opt,notBad
11624,6,506.00000000000006,6,506.00000000000006,2opt,notBad
11625,6,506.00000000000006,6,506.00000000000006,swap,notBad
11626,6,506.00000000000006,6,506.00000000000006,move,improve
11627,6,506.00000000000006,6,506.00000000000006,swap,notBad
11628,6,506.00000000000006,6,506.00000000000006,swap,notBad
11629,6,506.00000000000006,6,506.00000000000006,move,improve
11630,6,506.00000000000006,6,506.00000000000006,2opt,notBad
11631,6,506.00000000000006,6,506.00000000000006,swap,notBad
11632,6,506.00000000000006,6,506.00000000000006,2opt,notBad
11633,6,506.00000000000006,6,506.00000000000006,2opt,notBad
11634,6,506.00000000000006,6,506.00000000000006,move,improve
11635,6,506.00000000000006,6,506.00000000000006,move,improve
11636,6,506.00000000000006,6,506.00000000000006,2opt,notBad
11637,6,506.00000000000006,6,506.00000000000006,2opt,notBad
11638,6,506.00000000000006,6,506.00000000000006,swap,notBad
11639,6,506.00000000000006,6,506.00000000000006,swap,notBad
11640,6,506.00000000000006,6,506.00000000000006,2opt,notBad
11641,6,505.28000000000003,6,505.28000000000003,swap,newBest
11642,6,505.28000000000003,6,505.28000000000003,2opt,improve
11643,6,505.28000000000003,6,505.28000000000003,2opt,notBad
11644,6,505.28000000000003,6,505.28000000000003,2opt,notBad
11645,6,505.28000000000003,6,505.28000000000003,2opt,notBad
11646,6,505.28000000000003,6,505.28000000000003,swap,notBad
11647,6,505.28000000000003,6,505.28000000000003,swap,notBad
11648,6,505.28000000000003,6,505.28000000000003,swap,notBad
11649,6,505.28000000000003,6,505.28000000000003,move,improve
11650,6,505.28000000000003,6,505.28000000000003,swap,notBad
11651,6,505.28000000000003,6,505.28000000000003,2opt,notBad
11652,6,505.28000000000003,6,505.28000000000003,swap,notBad
11653,6,505.28000000000003,6,505.28000000000003,2opt,notBad
11654,6,505.28000000000003,6,505.28000000000003,swap,notBad
11655,6,505.28000000000003,6,505.28000000000003,swap,notBad
11656,6,505.28000000000003,6,505.28000000000003,2opt,notBad
11657,6,505.28000000000003,6,505.28000000000003,swap,notBad
11658,6,505.28000000000003,6,505.28000000000003,2opt,improve
11659,6,505.28000000000003,6,505.28000000000003,move,improve
11660,6,505.28000000000003,6,505.28000000000003,move,improve
11661,6,505.28000000000003,6,505.28000000000003,2opt,notBad
11662,6,505.28000000000003,6,505.28000000000003,move,improve
11663,6,505.28000000000003,6,505.28000000000003,move,improve
11664,6,505.28000000000003,6,505.28000000000003,2opt,notBad
11665,6,505.28000000000003,6,505.28000000000003,2opt,notBad
11666,6,505.28000000000003,6,505.28000000000003,swap,notBad
11667,6,505.28000000000003,6,505.28000000000003,swap,notBad
11668,6,505.28000000000003,6,505.28000000000003,2opt,notBad
11669,6,505.28000000000003,6,505.28000000000003,2opt,notBad
11670,6,505.28000000000003,6,505.28000000000003,swap,notBad
11671,6,505.28000000000003,6,505.28000000000003,move,improve
11672,6,505.28000000000003,6,505.28000000000003,swap,notBad
11673,6,505.28000000000003,6,505.28000000000003,swap,notBad
11674,6,505.28000000000003,6,505.28000000000003,2opt,notBad
11675,6,505.28000000000003,6,505.28000000000003,move,improve
11676,6,505.28000000000003,6,505.28000000000003,2opt,notBad
11677,6,505.28000000000003,6,505.28000000000003,2opt,notBad
11678,6,505.28000000000003,6,505.28000000000003,2opt,notBad
11679,6,505.28000000000003,6,505.28000000000003,swap,notBad
11680,6,505.28000000000003,6,505.28000000000003,2opt,notBad
11681,6,505.28000000000003,6,505.28000000000003,2opt,improve
11682,6,505.28000000000003,6,505.28000000000003,swap,notBad
11683,6,505.28000000000003,6,505.28000000000003,swap,notBad
11684,6,505.28000000000003,6,505.28000000000003,2opt,notBad
11685,6,505.28000000000003,6,505.28000000000003,swap,notBad
11686,6,505.28000000000003,6,505.28000000000003,move,improve
11687,6,505.28000000000003,6,505.28000000000003,move,improve
11688,6,505.28000000000003,6,505.28000000000003,swap,notBad
11689,6,505.28000000000003,6,505.28000000000003,2opt,notBad
11690,6,505.28000000000003,6,505.28000000000003,move,improve
11691,6,505.28000000000003,6,505.28000000000003,swap,notBad
11692,6,505.28000000000003,6,505.28000000000003,move,improve
11693,6,505.28000000000003,6,505.28000000000003,2opt,notBad
11694,6,505.28000000000003,6,505.28000000000003,2opt,notBad
11695,6,505.28000000000003,6,505.28000000000003,2opt,notBad
11696,6,505.28000000000003,6,505.28000000000003,move,improve
11697,6,505.28000000000003,6,505.28000000000003,move,improve
11698,6,505.28000000000003,6,505.28000000000003,2opt,notBad
11699,6,505.28000000000003,6,505.28000000000003,move,improve
11700,6,505.28000000000003,6,505.28000000000003,swap,notBad
11701,6,505.28000000000003,6,505.28000000000003,move,improve
11702,6,505.28000000000003,6,505.28000000000003,2opt,improve
11703,6,505.28000000000003,6,505.28000000000003,move,improve
11704,6,505.28000000000003,6,505.28000000000003,2opt,notBad
11705,6,505.28000000000003,6,505.28000000000003,swap,notBad
11706,6,505.28000000000003,6,505.28000000000003,swap,notBad
11707,6,506.48,6,505.28000000000003,move,acceptBad
11708,6,506.48,6,505.28000000000003,swap,notBad
11709,6,506.48,6,505.28000000000003,swap,notBad
11710,6,506.48,6,505.28000000000003,move,improve
11711,6,506.48,6,505.28000000000003,2opt,notBad
11712,6,506.48,6,505.28000000000003,2opt,notBad
11713,6,506.48,6,505.28000000000003,move,improve
11714,6,506.48,6,505.28000000000003,move,improve
11715,6,506.48,6,505.28000000000003,swap,notBad
11716,6,506.48,6,505.28000000000003,move,improve
11717,6,506.48,6,505.28000000000003,2opt,notBad
11718,6,506.48,6,505.28000000000003,2opt,notBad
11719,6,506.48,6,505.28000000000003,2opt,notBad
11720,6,506.48,6,505.28000000000003,move,improve
11721,6,506.48,6,505.28000000000003,swap,notBad
11722,6,506.48,6,505.28000000000003,swap,notBad
11723,6,506.48,6,505.28000000000003,swap,notBad
11724,6,506.48,6,505.28000000000003,swap,notBad
11725,6,506.48,6,505.28000000000003,swap,notBad
11726,6,506.48,6,505.28000000000003,swap,notBad
11727,6,506.48,6,505.28000000000003,move,improve
11728,6,506.48,6,505.28000000000003,move,improve
11729,6,506.48,6,505.28000000000003,2opt,notBad
11730,6,506.48,6,505.28000000000003,swap,notBad
11731,6,506.48,6,505.28000000000003,move,improve
11732,6,506.48,6,505.28000000000003,swap,notBad
11733,6,506.48,6,505.28000000000003,move,improve
11734,6,506.48,6,505.28000000000003,2opt,notBad
11735,6,506.48,6,505.28000000000003,2opt,improve
11736,6,506.48,6,505.28000000000003,2opt,notBad
11737,6,506.48,6,505.28000000000003,move,improve
11738,6,506.48,6,505.28000000000003,swap,notBad
11739,6,506.48,6,505.28000000000003,2opt,notBad
11740,6,506.48,6,505.28000000000003,2opt,notBad
11741,6,506.48,6,505.28000000000003,2opt,notBad
11742,6,506.48,6,505.28000000000003,move,improve
11743,6,506.48,6,505.28000000000003,2opt,notBad
11744,6,506.48,6,505.28000000000003,2opt,notBad
11745,6,506.48,6,505.28000000000003,2opt,notBad
11746,6,506.48,6,505.28000000000003,move,improve
11747,6,506.48,6,505.28000000000003,move,improve
11748,6,506.48,6,505.28000000000003,2opt,notBad
11749,6,506.48,6,505.28000000000003,move,improve
11750,6,506.48,6,505.28000000000003,move,improve
11751,6,506.48,6,505.28000000000003,2opt,improve
11752,6,506.48,6,505.28000000000003,2opt,notBad
11753,6,506.48,6,505.28000000000003,2opt,notBad
11754,6,506.48,6,505.28000000000003,move,improve
11755,6,506.48,6,505.28000000000003,2opt,notBad
11756,6,506.48,6,505.28000000000003,2opt,improve
11757,6,506.48,6,505.28000000000003,2opt,notBad
11758,6,506.48,6,505.28000000000003,swap,notBad
11759,6,506.48,6,505.28000000000003,swap,notBad
11760,6,506.48,6,505.28000000000003,swap,notBad
11761,6,506.48,6,505.28000000000003,2opt,notBad
11762,6,506.48,6,505.28000000000003,move,improve
11763,6,506.48,6,505.28000000000003,swap,notBad
11764,6,506.48,6,505.28000000000003,swap,notBad
11765,6,506.48,6,505.28000000000003,2opt,improve
11766,6,506.48,6,505.28000000000003,move,improve
11767,6,506.48,6,505.28000000000003,swap,notBad
11768,6,506.48,6,505.28000000000003,swap,notBad
11769,6,506.48,6,505.28000000000003,move,improve
11770,6,506.48,6,505.28000000000003,2opt,notBad
11771,6,506.48,6,505.28000000000003,move,improve
11772,6,506.48,6,505.28000000000003,swap,notBad
11773,6,506.48,6,505.28000000000003,move,improve
11774,6,506.48,6,505.28000000000003,swap,notBad
11775,6,506.48,6,505.28000000000003,swap,notBad
11776,6,506.48,6,505.28000000000003,move,improve
11777,6,506.48,6,505.28000000000003,move,improve
11778,6,506.48,6,505.28000000000003,swap,notBad
11779,6,506.48,6,505.28000000000003,2opt,notBad
11780,6,506.48,6,505.28000000000003,move,improve
11781,6,506.48,6,505.28000000000003,2opt,notBad
11782,6,506.48,6,505.28000000000003,2opt,notBad
11783,6,506.48,6,505.28000000000003,move,improve
11784,6,506.48,6,505.28000000000003,2opt,notBad
11785,6,506.48,6,505.28000000000003,swap,notBad
11786,6,506.48,6,505.28000000000003,2opt,notBad
11787,6,506.48,6,505.28000000000003,2opt,notBad
11788,6,506.48,6,505.28000000000003,2opt,notBad
11789,6,506.48,6,505.28000000000003,move,improve
11790,6,506.48,6,505.28000000000003,swap,notBad
11791,6,506.48,6,505.28000000000003,swap,notBad
11792,6,506.48,6,505.28000000000003,2opt,notBad
11793,6,506.48,6,505.28000000000003,2opt,notBad
11794,6,506.48,6,505.28000000000003,swap,notBad
11795,6,506.48,6,505.28000000000003,swap,notBad
11796,6,506.48,6,505.28000000000003,swap,notBad
11797,6,506.48,6,505.28000000000003,swap,notBad
11798,6,506.48,6,505.28000000000003,move,improve
11799,6,506.48,6,505.28000000000003,2opt,notBad
11800,6,506.48,6,505.28000000000003,2opt,notBad
11801,6,506.48,6,505.28000000000003,move,improve
11802,6,506.48,6,505.28000000000003,swap,notBad
11803,6,506.48,6,505.28000000000003,swap,notBad
11804,6,506.48,6,505.28000000000003,move,improve
11805,6,506.48,6,505.28000000000003,2opt,notBad
11806,6,506.48,6,505.28000000000003,move,improve
11807,6,506.48,6,505.28000000000003,swap,notBad
11808,6,506.48,6,505.28000000000003,swap,notBad
11809,6,506.48,6,505.28000000000003,2opt,notBad
11810,6,506.48,6,505.28000000000003,2opt,notBad
11811,6,506.48,6,505.28000000000003,move,improve
11812,6,506.48,6,505.28000000000003,move,improve
11813,6,506.48,6,505.28000000000003,swap,notBad
11814,6,506.48,6,505.28000000000003,2opt,notBad
11815,6,506.48,6,505.28000000000003,swap,notBad
11816,6,506.48,6,505.28000000000003,2opt,notBad
11817,6,506.48,6,505.28000000000003,move,improve
11818,6,506.48,6,505.28000000000003,2opt,improve
11819,6,506.48,6,505.28000000000003,swap,notBad
11820,6,506.48,6,505.28000000000003,swap,notBad
11821,6,506.48,6,505.28000000000003,swap,notBad
11822,6,506.48,6,505.28000000000003,swap,notBad
11823,6,506.48,6,505.28000000000003,move,improve
11824,6,506.48,6,505.28000000000003,2opt,notBad
11825,6,506.48,6,505.28000000000003,2opt,notBad
11826,6,506.48,6,505.28000000000003,swap,notBad
11827,6,506.48,6,505.28000000000003,2opt,notBad
11828,6,506.48,6,505.28000000000003,2opt,notBad
11829,6,506.48,6,505.28000000000003,move,improve
11830,6,506.48,6,505.28000000000003,2opt,notBad
11831,6,506.48,6,505.28000000000003,move,improve
11832,6,506.48,6,505.28000000000003,move,improve
11833,6,506.48,6,505.28000000000003,2opt,notBad
11834,6,506.48,6,505.28000000000003,move,improve
11835,6,506.48,6,505.28000000000003,move,improve
11836,6,506.48,6,505.28000000000003,swap,notBad
11837,6,506.48,6,505.28000000000003,swap,notBad
11838,6,506.48,6,505.28000000000003,2opt,notBad
11839,6,506.48,6,505.28000000000003,swap,notBad
11840,6,506.48,6,505.28000000000003,2opt,improve
11841,6,506.48,6,505.28000000000003,move,improve
11842,6,506.48,6,505.28000000000003,swap,notBad
11843,6,506.48,6,505.28000000000003,move,improve
11844,6,506.48,6,505.28000000000003,swap,notBad
11845,6,506.48,6,505.28000000000003,2opt,notBad
11846,6,506.32000000000005,6,505.28000000000003,swap,improve
11847,6,506.32000000000005,6,505.28000000000003,swap,notBad
11848,6,506.32000000000005,6,505.28000000000003,move,improve
11849,6,506.32000000000005,6,505.28000000000003,move,improve
11850,6,506.32000000000005,6,505.28000000000003,move,improve
11851,6,506.32000000000005,6,505.28000000000003,move,improve
11852,6,506.32000000000005,6,505.28000000000003,move,improve
11853,6,506.32000000000005,6,505.28000000000003,swap,notBad
11854,6,506.32000000000005,6,505.28000000000003,2opt,notBad
11855,6,506.32000000000005,6,505.28000000000003,move,improve
11856,6,506.32000000000005,6,505.28000000000003,move,improve
11857,6,506.32000000000005,6,505.28000000000003,2opt,notBad
11858,6,506.32000000000005,6,505.28000000000003,move,improve
11859,6,506.32000000000005,6,505.28000000000003,2opt,notBad
11860,6,506.32000000000005,6,505.28000000000003,2opt,improve
11861,6,506.32000000000005,6,505.28000000000003,swap,notBad
11862,6,506.32000000000005,6,505.28000000000003,move,improve
11863,6,506.32000000000005,6,505.28000000000003,swap,notBad
11864,6,506.32000000000005,6,505.28000000000003,move,improve
11865,6,506.32000000000005,6,505.28000000000003,swap,notBad
11866,6,506.32000000000005,6,505.28000000000003,move,improve
11867,6,506.32000000000005,6,505.28000000000003,2opt,notBad
11868,6,506.32000000000005,6,505.28000000000003,2opt,notBad
11869,6,506.32000000000005,6,505.28000000000003,swap,notBad
11870,6,506.32000000000005,6,505.28000000000003,swap,notBad
11871,6,506.32000000000005,6,505.28000000000003,2opt,notBad
11872,6,506.32000000000005,6,505.28000000000003,swap,notBad
11873,6,506.32000000000005,6,505.28000000000003,swap,notBad
11874,6,506.32000000000005,6,505.28000000000003,move,improve
11875,6,506.32000000000005,6,505.28000000000003,move,improve
11876,6,506.32000000000005,6,505.28000000000003,2opt,notBad
11877,6,506.32000000000005,6,505.28000000000003,move,improve
11878,6,506.32000000000005,6,505.28000000000003,2opt,notBad
11879,6,506.32000000000005,6,505.28000000000003,2opt,notBad
11880,6,506.32000000000005,6,505.28000000000003,2opt,notBad
11881,6,506.32000000000005,6,505.28000000000003,move,improve
11882,6,506.32000000000005,6,505.28000000000003,swap,notBad
11883,6,506.32000000000005,6,505.28000000000003,move,improve
11884,6,506.32000000000005,6,505.28000000000003,swap,notBad
11885,6,506.32000000000005,6,505.28000000000003,2opt,notBad
11886,6,506.32000000000005,6,505.28000000000003,move,improve
11887,6,506.32000000000005,6,505.28000000000003,2opt,notBad
11888,6,506.32000000000005,6,505.28000000000003,2opt,notBad
11889,6,506.32000000000005,6,505.28000000000003,swap,notBad
11890,6,506.32000000000005,6,505.28000000000003,swap,notBad
11891,6,506.32000000000005,6,505.28000000000003,move,improve
11892,6,506.32000000000005,6,505.28000000000003,move,improve
11893,6,506.32000000000005,6,505.28000000000003,2opt,notBad
11894,6,506.32000000000005,6,505.28000000000003,2opt,notBad
11895,6,506.32000000000005,6,505.28000000000003,2opt,notBad
11896,6,506.32000000000005,6,505.28000000000003,2opt,notBad
11897,6,506.32000000000005,6,505.28000000000003,2opt,notBad
11898,6,506.32000000000005,6,505.28000000000003,swap,notBad
11899,6,506.32000000000005,6,505.28000000000003,move,improve
11900,6,506.32000000000005,6,505.28000000000003,2opt,notBad
11901,6,506.32000000000005,6,505.28000000000003,swap,notBad
11902,6,506.32000000000005,6,505.28000000000003,move,improve
11903,6,506.32000000000005,6,505.28000000000003,swap,notBad
11904,6,506.32000000000005,6,505.28000000000003,2opt,notBad
11905,6,506.32000000000005,6,505.28000000000003,swap,notBad
11906,6,506.32000000000005,6,505.28000000000003,2opt,notBad
11907,6,506.32000000000005,6,505.28000000000003,move,improve
11908,6,506.32000000000005,6,505.28000000000003,move,improve
11909,6,506.32000000000005,6,505.28000000000003,swap,notBad
11910,6,506.32000000000005,6,505.28000000000003,move,improve
11911,6,506.32000000000005,6,505.28000000000003,move,improve
11912,6,506.32000000000005,6,505.28000000000003,move,improve
11913,6,506.32000000000005,6,505.28000000000003,move,improve
11914,6,506.32000000000005,6,505.28000000000003,swap,notBad
11915,6,506.32000000000005,6,505.28000000000003,move,improve
11916,6,506.32000000000005,6,505.28000000000003,2opt,notBad
11917,6,506.32000000000005,6,505.28000000000003,swap,notBad
11918,6,506.32000000000005,6,505.28000000000003,2opt,improve
11919,6,506.32000000000005,6,505.28000000000003,swap,notBad
11920,6,506.32000000000005,6,505.28000000000003,2opt,notBad
11921,6,506.32000000000005,6,505.28000000000003,2opt,notBad
11922,6,506.32000000000005,6,505.28000000000003,swap,notBad
11923,6,506.32000000000005,6,505.28000000000003,2opt,notBad
11924,6,506.32000000000005,6,505.28000000000003,2opt,notBad
11925,6,506.32000000000005,6,505.28000000000003,move,improve
11926,6,506.32000000000005,6,505.28000000000003,2opt,notBad
11927,6,506.32000000000005,6,505.28000000000003,move,improve
11928,6,506.32000000000005,6,505.28000000000003,2opt,notBad
11929,6,506.32000000000005,6,505.28000000000003,swap,notBad
11930,6,506.32000000000005,6,505.28000000000003,2opt,notBad
11931,6,506.32000000000005,6,505.28000000000003,move,improve
11932,6,506.32000000000005,6,505.28000000000003,2opt,improve
11933,6,506.32000000000005,6,505.28000000000003,2opt,notBad
11934,6,506.32000000000005,6,505.28000000000003,move,improve
11935,6,506.32000000000005,6,505.28000000000003,swap,notBad
11936,6,506.32000000000005,6,505.28000000000003,swap,notBad
11937,6,506.32000000000005,6,505.28000000000003,2opt,notBad
11938,6,506.32000000000005,6,505.28000000000003,move,improve
11939,6,506.32000000000005,6,505.28000000000003,move,improve
11940,6,506.32000000000005,6,505.28000000000003,2opt,notBad
11941,6,506.32000000000005,6,505.28000000000003,swap,notBad
11942,6,506.32000000000005,6,505.28000000000003,move,improve
11943,6,506.32000000000005,6,505.28000000000003,swap,notBad
11944,6,506.32000000000005,6,505.28000000000003,2opt,improve
11945,6,506.32000000000005,6,505.28000000000003,move,improve
11946,6,506.32000000000005,6,505.28000000000003,2opt,notBad
11947,6,506.32000000000005,6,505.28000000000003,move,improve
11948,6,506.32000000000005,6,505.28000000000003,2opt,notBad
11949,6,506.32000000000005,6,505.28000000000003,swap,notBad
11950,6,506.32000000000005,6,505.28000000000003,swap,notBad
11951,6,506.32000000000005,6,505.28000000000003,move,improve
11952,6,506.32000000000005,6,505.28000000000003,2opt,notBad
11953,6,506.32000000000005,6,505.28000000000003,2opt,notBad
11954,6,506.32000000000005,6,505.28000000000003,2opt,improve
11955,6,506.32000000000005,6,505.28000000000003,2opt,notBad
11956,6,506.32000000000005,6,505.28000000000003,swap,notBad
11957,6,506.32000000000005,6,505.28000000000003,2opt,notBad
11958,6,506.32000000000005,6,505.28000000000003,swap,notBad
11959,6,506.32000000000005,6,505.28000000000003,2opt,notBad
11960,6,506.32000000000005,6,505.28000000000003,2opt,notBad
11961,6,506.32000000000005,6,505.28000000000003,move,improve
11962,6,506.32000000000005,6,505.28000000000003,move,improve
11963,6,506.32000000000005,6,505.28000000000003,2opt,notBad
11964,6,506.32000000000005,6,505.28000000000003,swap,notBad
11965,6,506.32000000000005,6,505.28000000000003,swap,notBad
11966,6,506.32000000000005,6,505.28000000000003,move,improve
11967,6,506.32000000000005,6,505.28000000000003,swap,notBad
11968,6,506.32000000000005,6,505.28000000000003,2opt,notBad
11969,6,506.32000000000005,6,505.28000000000003,move,improve
11970,6,506.32000000000005,6,505.28000000000003,swap,notBad
11971,6,506.32000000000005,6,505.28000000000003,move,improve
11972,6,506.32000000000005,6,505.28000000000003,move,improve
11973,6,506.32000000000005,6,505.28000000000003,swap,notBad
11974,6,506.32000000000005,6,505.28000000000003,move,improve
11975,6,506.32000000000005,6,505.28000000000003,move,improve
11976,6,506.32000000000005,6,505.28000000000003,move,improve
11977,6,506.32000000000005,6,505.28000000000003,move,improve
11978,6,506.32000000000005,6,505.28000000000003,2opt,notBad
11979,6,506.32000000000005,6,505.28000000000003,move,improve
11980,6,506.32000000000005,6,505.28000000000003,move,improve
11981,6,506.32000000000005,6,505.28000000000003,move,improve
11982,6,506.32000000000005,6,505.28000000000003,move,improve
11983,6,506.32000000000005,6,505.28000000000003,2opt,notBad
11984,6,506.32000000000005,6,505.28000000000003,2opt,notBad
11985,6,506.32000000000005,6,505.28000000000003,2opt,notBad
11986,6,506.32000000000005,6,505.28000000000003,2opt,notBad
11987,6,506.32000000000005,6,505.28000000000003,move,improve
11988,6,506.32000000000005,6,505.28000000000003,2opt,notBad
11989,6,506.32000000000005,6,505.28000000000003,2opt,notBad
11990,6,506.32000000000005,6,505.28000000000003,move,improve
11991,6,506.32000000000005,6,505.28000000000003,swap,notBad
11992,6,506.32000000000005,6,505.28000000000003,swap,notBad
11993,6,506.32000000000005,6,505.28000000000003,move,improve
11994,6,506.32000000000005,6,505.28000000000003,move,improve
11995,6,506.32000000000005,6,505.28000000000003,move,improve
11996,6,506.32000000000005,6,505.28000000000003,swap,notBad
11997,6,506.32000000000005,6,505.28000000000003,move,improve
11998,6,506.32000000000005,6,505.28000000000003,swap,notBad
11999,6,506.32000000000005,6,505.28000000000003,swap,notBad
12000,6,506.32000000000005,6,505.28000000000003,move,improve
12001,6,506.32000000000005,6,505.28000000000003,swap,notBad
12002,6,506.32000000000005,6,505.28000000000003,move,improve
12003,6,506.32000000000005,6,505.28000000000003,move,improve
12004,6,506.32000000000005,6,505.28000000000003,swap,notBad
12005,6,506.32000000000005,6,505.28000000000003,2opt,notBad
12006,6,506.32000000000005,6,505.28000000000003,2opt,notBad
12007,6,506.32000000000005,6,505.28000000000003,2opt,improve
12008,6,506.32000000000005,6,505.28000000000003,swap,notBad
12009,6,506.32000000000005,6,505.28000000000003,swap,notBad
12010,6,506.32000000000005,6,505.28000000000003,move,improve
12011,6,506.32000000000005,6,505.28000000000003,swap,notBad
12012,6,506.32000000000005,6,505.28000000000003,move,improve
12013,6,506.32000000000005,6,505.28000000000003,move,improve
12014,6,506.32000000000005,6,505.28000000000003,swap,notBad
12015,6,506.32000000000005,6,505.28000000000003,2opt,notBad
12016,6,506.32000000000005,6,505.28000000000003,swap,notBad
12017,6,506.32000000000005,6,505.28000000000003,2opt,improve
12018,6,506.32000000000005,6,505.28000000000003,2opt,notBad
12019,6,506.32000000000005,6,505.28000000000003,2opt,notBad
12020,6,506.32000000000005,6,505.28000000000003,move,improve
12021,6,506.32000000000005,6,505.28000000000003,2opt,notBad
12022,6,506.32000000000005,6,505.28000000000003,swap,notBad
12023,6,506.32000000000005,6,505.28000000000003,2opt,notBad
12024,6,506.32000000000005,6,505.28000000000003,swap,notBad
12025,6,506.32000000000005,6,505.28000000000003,2opt,improve
12026,6,506.32000000000005,6,505.28000000000003,move,improve
12027,6,506.32000000000005,6,505.28000000000003,move,improve
12028,6,506.32000000000005,6,505.28000000000003,swap,notBad
12029,6,506.32000000000005,6,505.28000000000003,2opt,notBad
12030,6,506.32000000000005,6,505.28000000000003,swap,notBad
12031,6,506.32000000000005,6,505.28000000000003,swap,notBad
12032,6,506.32000000000005,6,505.28000000000003,swap,notBad
12033,6,506.32000000000005,6,505.28000000000003,move,improve
12034,6,506.32000000000005,6,505.28000000000003,move,improve
12035,6,506.32000000000005,6,505.28000000000003,2opt,notBad
12036,6,506.32000000000005,6,505.28000000000003,2opt,notBad
12037,6,506.32000000000005,6,505.28000000000003,2opt,notBad
12038,6,506.32000000000005,6,505.28000000000003,2opt,improve
12039,6,506.32000000000005,6,505.28000000000003,2opt,notBad
12040,6,506.32000000000005,6,505.28000000000003,swap,notBad
12041,6,506.32000000000005,6,505.28000000000003,2opt,notBad
12042,6,506.32000000000005,6,505.28000000000003,swap,notBad
12043,6,506.32000000000005,6,505.28000000000003,swap,notBad
12044,6,506.32000000000005,6,505.28000000000003,swap,notBad
12045,6,506.32000000000005,6,505.28000000000003,2opt,notBad
12046,6,506.32000000000005,6,505.28000000000003,move,improve
12047,6,506.32000000000005,6,505.28000000000003,swap,notBad
12048,6,506.32000000000005,6,505.28000000000003,2opt,notBad
12049,6,506.32000000000005,6,505.28000000000003,2opt,notBad
12050,6,506.32000000000005,6,505.28000000000003,swap,notBad
12051,6,506.32000000000005,6,505.28000000000003,2opt,notBad
12052,6,506.32000000000005,6,505.28000000000003,2opt,notBad
12053,6,506.32000000000005,6,505.28000000000003,move,improve
12054,6,506.32000000000005,6,505.28000000000003,move,improve
12055,6,506.32000000000005,6,505.28000000000003,swap,notBad
12056,6,506.32000000000005,6,505.28000000000003,swap,notBad
12057,6,506.32000000000005,6,505.28000000000003,swap,notBad
12058,6,506.32000000000005,6,505.28000000000003,2opt,notBad
12059,6,506.32000000000005,6,505.28000000000003,swap,notBad
12060,6,506.32000000000005,6,505.28000000000003,2opt,notBad
12061,6,506.32000000000005,6,505.28000000000003,move,improve
12062,6,506.32000000000005,6,505.28000000000003,move,improve
12063,6,506.32000000000005,6,505.28000000000003,swap,notBad
12064,6,506.32000000000005,6,505.28000000000003,swap,notBad
12065,6,506.32000000000005,6,505.28000000000003,move,improve
12066,6,506.32000000000005,6,505.28000000000003,2opt,notBad
12067,6,506.32000000000005,6,505.28000000000003,2opt,notBad
12068,6,506.32000000000005,6,505.28000000000003,swap,notBad
12069,6,506.32000000000005,6,505.28000000000003,2opt,notBad
12070,6,506.32000000000005,6,505.28000000000003,swap,notBad
12071,6,506.32000000000005,6,505.28000000000003,move,improve
12072,6,506.32000000000005,6,505.28000000000003,move,improve
12073,6,506.32000000000005,6,505.28000000000003,swap,notBad
12074,6,506.32000000000005,6,505.28000000000003,swap,notBad
12075,6,506.32000000000005,6,505.28000000000003,move,improve
12076,6,506.32000000000005,6,505.28000000000003,swap,notBad
12077,6,506.32000000000005,6,505.28000000000003,swap,notBad
12078,6,506.32000000000005,6,505.28000000000003,2opt,notBad
12079,6,506.32000000000005,6,505.28000000000003,move,improve
12080,6,506.32000000000005,6,505.28000000000003,2opt,improve
12081,6,506.32000000000005,6,505.28000000000003,2opt,improve
12082,6,506.32000000000005,6,505.28000000000003,2opt,notBad
12083,6,506.32000000000005,6,505.28000000000003,2opt,notBad
12084,6,506.32000000000005,6,505.28000000000003,2opt,notBad
12085,6,506.32000000000005,6,505.28000000000003,swap,notBad
12086,6,506.32000000000005,6,505.28000000000003,move,improve
12087,6,506.32000000000005,6,505.28000000000003,2opt,notBad
12088,6,506.32000000000005,6,505.28000000000003,swap,notBad
12089,6,506.32000000000005,6,505.28000000000003,move,improve
12090,6,506.32000000000005,6,505.28000000000003,swap,notBad
12091,6,506.32000000000005,6,505.28000000000003,2opt,notBad
12092,6,506.32000000000005,6,505.28000000000003,2opt,notBad
12093,6,506.32000000000005,6,505.28000000000003,2opt,notBad
12094,6,506.32000000000005,6,505.28000000000003,2opt,notBad
12095,6,506.32000000000005,6,505.28000000000003,swap,notBad
12096,6,506.32000000000005,6,505.28000000000003,swap,notBad
12097,6,506.32000000000005,6,505.28000000000003,swap,notBad
12098,6,506.32000000000005,6,505.28000000000003,2opt,notBad
12099,6,506.32000000000005,6,505.28000000000003,swap,notBad
12100,6,506.32000000000005,6,505.28000000000003,swap,notBad
12101,6,506.32000000000005,6,505.28000000000003,2opt,notBad
12102,6,506.32000000000005,6,505.28000000000003,2opt,improve
12103,6,506.32000000000005,6,505.28000000000003,2opt,notBad
12104,6,506.32000000000005,6,505.28000000000003,swap,notBad
12105,6,506.32000000000005,6,505.28000000000003,swap,notBad
12106,6,506.32000000000005,6,505.28000000000003,2opt,notBad
12107,6,506.32000000000005,6,505.28000000000003,2opt,notBad
12108,6,506.32000000000005,6,505.28000000000003,2opt,notBad
12109,6,506.32000000000005,6,505.28000000000003,move,improve
12110,6,506.32000000000005,6,505.28000000000003,swap,notBad
12111,6,506.32000000000005,6,505.28000000000003,2opt,notBad
12112,6,506.32000000000005,6,505.28000000000003,2opt,notBad
12113,6,506.32000000000005,6,505.28000000000003,2opt,notBad
12114,6,506.32000000000005,6,505.28000000000003,2opt,notBad
12115,6,506.32000000000005,6,505.28000000000003,2opt,improve
12116,6,506.32000000000005,6,505.28000000000003,move,improve
12117,6,506.32000000000005,6,505.28000000000003,swap,notBad
12118,6,506.32000000000005,6,505.28000000000003,2opt,notBad
12119,6,506.32000000000005,6,505.28000000000003,2opt,improve
12120,6,506.32000000000005,6,505.28000000000003,2opt,notBad
12121,6,506.32000000000005,6,505.28000000000003,2opt,improve
12122,6,506.32000000000005,6,505.28000000000003,2opt,notBad
12123,6,506.32000000000005,6,505.28000000000003,move,improve
12124,6,506.32000000000005,6,505.28000000000003,move,improve
12125,6,506.32000000000005,6,505.28000000000003,2opt,improve
12126,6,506.32000000000005,6,505.28000000000003,2opt,notBad
12127,6,506.32000000000005,6,505.28000000000003,swap,notBad
12128,6,506.32000000000005,6,505.28000000000003,move,improve
12129,6,506.32000000000005,6,505.28000000000003,move,improve
12130,6,506.32000000000005,6,505.28000000000003,2opt,improve
12131,6,505.1200000000001,6,505.1200000000001,move,newBest
12132,6,505.1200000000001,6,505.1200000000001,swap,notBad
12133,6,505.1200000000001,6,505.1200000000001,move,improve
12134,6,505.1200000000001,6,505.1200000000001,2opt,notBad
12135,6,505.1200000000001,6,505.1200000000001,swap,notBad
12136,6,505.1200000000001,6,505.1200000000001,2opt,notBad
12137,6,505.1200000000001,6,505.1200000000001,2opt,notBad
12138,6,505.1200000000001,6,505.1200000000001,swap,notBad
12139,6,505.1200000000001,6,505.1200000000001,2opt,notBad
12140,6,505.1200000000001,6,505.1200000000001,swap,notBad
12141,6,505.1200000000001,6,505.1200000000001,move,improve
12142,6,505.1200000000001,6,505.1200000000001,move,improve
12143,6,505.1200000000001,6,505.1200000000001,move,improve
12144,6,505.1200000000001,6,505.1200000000001,swap,notBad
12145,6,505.1200000000001,6,505.1200000000001,2opt,improve
12146,6,505.1200000000001,6,505.1200000000001,swap,notBad
12147,6,505.1200000000001,6,505.1200000000001,2opt,notBad
12148,6,505.1200000000001,6,505.1200000000001,swap,notBad
12149,6,505.1200000000001,6,505.1200000000001,move,improve
12150,6,505.1200000000001,6,505.1200000000001,move,improve
12151,6,505.1200000000001,6,505.1200000000001,2opt,notBad
12152,6,505.1200000000001,6,505.1200000000001,swap,notBad
12153,6,505.1200000000001,6,505.1200000000001,2opt,notBad
12154,6,505.1200000000001,6,505.1200000000001,swap,notBad
12155,6,505.1200000000001,6,505.1200000000001,swap,notBad
12156,6,505.1200000000001,6,505.1200000000001,move,improve
12157,6,505.1200000000001,6,505.1200000000001,2opt,notBad
12158,6,505.1200000000001,6,505.1200000000001,swap,notBad
12159,6,505.1200000000001,6,505.1200000000001,2opt,improve
12160,6,505.1200000000001,6,505.1200000000001,move,improve
12161,6,505.1200000000001,6,505.1200000000001,swap,notBad
12162,6,505.1200000000001,6,505.1200000000001,2opt,notBad
12163,6,505.1200000000001,6,505.1200000000001,2opt,notBad
12164,6,505.1200000000001,6,505.1200000000001,swap,notBad
12165,6,505.1200000000001,6,505.1200000000001,move,improve
12166,6,505.1200000000001,6,505.1200000000001,2opt,improve
12167,6,505.1200000000001,6,505.1200000000001,2opt,notBad
12168,6,505.1200000000001,6,505.1200000000001,2opt,notBad
12169,6,505.1200000000001,6,505.1200000000001,2opt,notBad
12170,6,505.1200000000001,6,505.1200000000001,move,improve
12171,6,505.1200000000001,6,505.1200000000001,2opt,notBad
12172,6,505.1200000000001,6,505.1200000000001,move,improve
12173,6,505.1200000000001,6,505.1200000000001,move,improve
12174,6,505.1200000000001,6,505.1200000000001,move,improve
12175,6,505.1200000000001,6,505.1200000000001,2opt,notBad
12176,6,505.1200000000001,6,505.1200000000001,move,improve
12177,6,505.1200000000001,6,505.1200000000001,2opt,notBad
12178,6,505.1200000000001,6,505.1200000000001,2opt,improve
12179,6,505.1200000000001,6,505.1200000000001,swap,notBad
12180,6,505.1200000000001,6,505.1200000000001,2opt,notBad
12181,6,505.1200000000001,6,505.1200000000001,swap,notBad
12182,6,505.1200000000001,6,505.1200000000001,2opt,notBad
12183,6,505.1200000000001,6,505.1200000000001,move,improve
12184,6,505.1200000000001,6,505.1200000000001,swap,notBad
12185,6,505.1200000000001,6,505.1200000000001,2opt,notBad
12186,6,505.1200000000001,6,505.1200000000001,move,improve
12187,6,505.1200000000001,6,505.1200000000001,2opt,improve
12188,6,505.1200000000001,6,505.1200000000001,2opt,notBad
12189,6,505.1200000000001,6,505.1200000000001,swap,notBad
12190,6,505.1200000000001,6,505.1200000000001,2opt,notBad
12191,6,505.1200000000001,6,505.1200000000001,2opt,notBad
12192,6,505.1200000000001,6,505.1200000000001,swap,notBad
12193,6,505.1200000000001,6,505.1200000000001,2opt,notBad
12194,6,505.1200000000001,6,505.1200000000001,2opt,notBad
12195,6,505.1200000000001,6,505.1200000000001,swap,notBad
12196,6,505.1200000000001,6,505.1200000000001,2opt,notBad
12197,6,505.1200000000001,6,505.1200000000001,2opt,notBad
12198,6,505.1200000000001,6,505.1200000000001,2opt,notBad
12199,6,506.32000000000005,6,505.1200000000001,move,acceptBad
12200,6,506.32000000000005,6,505.1200000000001,2opt,notBad
12201,6,506.32000000000005,6,505.1200000000001,move,improve
12202,6,506.32000000000005,6,505.1200000000001,move,improve
12203,6,506.32000000000005,6,505.1200000000001,swap,notBad
12204,6,506.32000000000005,6,505.1200000000001,move,improve
12205,6,506.32000000000005,6,505.1200000000001,move,improve
12206,6,506.32000000000005,6,505.1200000000001,2opt,notBad
12207,6,506.32000000000005,6,505.1200000000001,swap,notBad
12208,6,506.32000000000005,6,505.1200000000001,2opt,notBad
12209,6,506.32000000000005,6,505.1200000000001,move,improve
12210,6,506.32000000000005,6,505.1200000000001,move,improve
12211,6,506.32000000000005,6,505.1200000000001,swap,notBad
12212,6,506.32000000000005,6,505.1200000000001,2opt,notBad
12213,6,506.32000000000005,6,505.1200000000001,2opt,notBad
12214,6,506.32000000000005,6,505.1200000000001,move,improve
12215,6,506.32000000000005,6,505.1200000000001,2opt,notBad
12216,6,506.32000000000005,6,505.1200000000001,move,improve
12217,6,506.32000000000005,6,505.1200000000001,swap,notBad
12218,6,506.32000000000005,6,505.1200000000001,move,improve
12219,6,506.32000000000005,6,505.1200000000001,2opt,notBad
12220,6,506.32000000000005,6,505.1200000000001,swap,notBad
12221,6,506.32000000000005,6,505.1200000000001,move,improve
12222,6,506.32000000000005,6,505.1200000000001,2opt,notBad
12223,6,506.32000000000005,6,505.1200000000001,move,improve
12224,6,506.32000000000005,6,505.1200000000001,2opt,notBad
12225,6,506.32000000000005,6,505.1200000000001,2opt,notBad
12226,6,506.32000000000005,6,505.1200000000001,2opt,notBad
12227,6,506.32000000000005,6,505.1200000000001,swap,notBad
12228,6,506.32000000000005,6,505.1200000000001,swap,notBad
12229,6,506.32000000000005,6,505.1200000000001,move,improve
12230,6,506.32000000000005,6,505.1200000000001,2opt,notBad
12231,6,506.32000000000005,6,505.1200000000001,swap,notBad
12232,6,506.32000000000005,6,505.1200000000001,swap,notBad
12233,6,506.32000000000005,6,505.1200000000001,swap,notBad
12234,6,506.32000000000005,6,505.1200000000001,2opt,notBad
12235,6,506.32000000000005,6,505.1200000000001,2opt,notBad
12236,6,506.32000000000005,6,505.1200000000001,swap,notBad
12237,6,506.32000000000005,6,505.1200000000001,move,improve
12238,6,506.32000000000005,6,505.1200000000001,2opt,notBad
12239,6,506.32000000000005,6,505.1200000000001,move,improve
12240,6,506.32000000000005,6,505.1200000000001,2opt,notBad
12241,6,506.32000000000005,6,505.1200000000001,swap,notBad
12242,6,506.32000000000005,6,505.1200000000001,2opt,notBad
12243,6,506.32000000000005,6,505.1200000000001,move,improve
12244,6,506.32000000000005,6,505.1200000000001,swap,notBad
12245,6,506.32000000000005,6,505.1200000000001,2opt,notBad
12246,6,506.32000000000005,6,505.1200000000001,2opt,notBad
12247,6,506.32000000000005,6,505.1200000000001,2opt,notBad
12248,6,506.32000000000005,6,505.1200000000001,move,improve
12249,6,506.32000000000005,6,505.1200000000001,2opt,improve
12250,6,506.32000000000005,6,505.1200000000001,move,improve
12251,6,506.32000000000005,6,505.1200000000001,2opt,notBad
12252,6,506.32000000000005,6,505.1200000000001,move,improve
12253,6,506.32000000000005,6,505.1200000000001,move,improve
12254,6,506.32000000000005,6,505.1200000000001,move,improve
12255,6,506.32000000000005,6,505.1200000000001,move,improve
12256,6,506.32000000000005,6,505.1200000000001,move,improve
12257,6,506.32000000000005,6,505.1200000000001,2opt,notBad
12258,6,506.32000000000005,6,505.1200000000001,swap,notBad
12259,6,506.32000000000005,6,505.1200000000001,swap,notBad
12260,6,506.32000000000005,6,505.1200000000001,move,improve
12261,6,506.32000000000005,6,505.1200000000001,move,improve
12262,6,506.32000000000005,6,505.1200000000001,2opt,notBad
12263,6,506.32000000000005,6,505.1200000000001,swap,notBad
12264,6,506.32000000000005,6,505.1200000000001,swap,notBad
12265,6,506.32000000000005,6,505.1200000000001,swap,notBad
12266,6,506.32000000000005,6,505.1200000000001,swap,notBad
12267,6,506.32000000000005,6,505.1200000000001,move,improve
12268,6,506.32000000000005,6,505.1200000000001,move,improve
12269,6,506.32000000000005,6,505.1200000000001,2opt,improve
12270,6,506.32000000000005,6,505.1200000000001,2opt,notBad
12271,6,506.32000000000005,6,505.1200000000001,move,improve
12272,6,506.32000000000005,6,505.1200000000001,swap,notBad
12273,6,506.32000000000005,6,505.1200000000001,2opt,notBad
12274,6,506.32000000000005,6,505.1200000000001,swap,notBad
12275,6,506.32000000000005,6,505.1200000000001,2opt,notBad
12276,6,506.32000000000005,6,505.1200000000001,move,improve
12277,6,506.32000000000005,6,505.1200000000001,move,improve
12278,6,506.32000000000005,6,505.1200000000001,2opt,improve
12279,6,506.32000000000005,6,505.1200000000001,2opt,notBad
12280,6,506.32000000000005,6,505.1200000000001,swap,notBad
12281,6,506.32000000000005,6,505.1200000000001,move,improve
12282,6,506.32000000000005,6,505.1200000000001,swap,notBad
12283,6,506.32000000000005,6,505.1200000000001,move,improve
12284,6,506.32000000000005,6,505.1200000000001,swap,notBad
12285,6,506.32000000000005,6,505.1200000000001,2opt,notBad
12286,6,506.32000000000005,6,505.1200000000001,move,improve
12287,6,506.32000000000005,6,505.1200000000001,swap,notBad
12288,6,506.32000000000005,6,505.1200000000001,2opt,notBad
12289,6,506.32000000000005,6,505.1200000000001,2opt,notBad
12290,6,506.32000000000005,6,505.1200000000001,2opt,notBad
12291,6,506.32000000000005,6,505.1200000000001,2opt,notBad
12292,6,506.32000000000005,6,505.1200000000001,swap,notBad
12293,6,506.32000000000005,6,505.1200000000001,2opt,notBad
12294,6,506.32000000000005,6,505.1200000000001,2opt,notBad
12295,6,506.32000000000005,6,505.1200000000001,swap,notBad
12296,6,506.32000000000005,6,505.1200000000001,swap,notBad
12297,6,506.32000000000005,6,505.1200000000001,2opt,notBad
12298,6,506.32000000000005,6,505.1200000000001,swap,notBad
12299,6,506.32000000000005,6,505.1200000000001,2opt,notBad
12300,6,506.32000000000005,6,505.1200000000001,move,improve
12301,6,506.32000000000005,6,505.1200000000001,2opt,notBad
12302,6,506.32000000000005,6,505.1200000000001,2opt,notBad
12303,6,506.32000000000005,6,505.1200000000001,move,improve
12304,6,506.32000000000005,6,505.1200000000001,swap,notBad
12305,6,506.32000000000005,6,505.1200000000001,move,improve
12306,6,506.32000000000005,6,505.1200000000001,2opt,notBad
12307,6,506.32000000000005,6,505.1200000000001,move,improve
12308,6,506.32000000000005,6,505.1200000000001,2opt,notBad
12309,6,506.32000000000005,6,505.1200000000001,2opt,notBad
12310,6,506.32000000000005,6,505.1200000000001,swap,notBad
12311,6,506.32000000000005,6,505.1200000000001,2opt,notBad
12312,6,506.32000000000005,6,505.1200000000001,2opt,notBad
12313,6,506.32000000000005,6,505.1200000000001,2opt,notBad
12314,6,506.32000000000005,6,505.1200000000001,move,improve
12315,6,506.32000000000005,6,505.1200000000001,2opt,notBad
12316,6,506.32000000000005,6,505.1200000000001,move,improve
12317,6,506.32000000000005,6,505.1200000000001,swap,notBad
12318,6,506.32000000000005,6,505.1200000000001,2opt,notBad
12319,6,506.32000000000005,6,505.1200000000001,2opt,notBad
12320,6,506.32000000000005,6,505.1200000000001,swap,notBad
12321,6,506.32000000000005,6,505.1200000000001,2opt,notBad
12322,6,506.32000000000005,6,505.1200000000001,move,improve
12323,6,506.32000000000005,6,505.1200000000001,2opt,notBad
12324,6,506.32000000000005,6,505.1200000000001,move,improve
12325,6,506.32000000000005,6,505.1200000000001,swap,notBad
12326,6,506.32000000000005,6,505.1200000000001,move,improve
12327,6,506.32000000000005,6,505.1200000000001,swap,notBad
12328,6,506.32000000000005,6,505.1200000000001,move,improve
12329,6,506.32000000000005,6,505.1200000000001,move,improve
12330,6,506.32000000000005,6,505.1200000000001,swap,notBad
12331,6,506.32000000000005,6,505.1200000000001,swap,notBad
12332,6,506.32000000000005,6,505.1200000000001,move,improve
12333,6,506.32000000000005,6,505.1200000000001,move,improve
12334,6,505.1200000000001,6,505.1200000000001,move,improve
12335,6,505.1200000000001,6,505.1200000000001,swap,notBad
12336,6,505.1200000000001,6,505.1200000000001,swap,notBad
12337,6,505.1200000000001,6,505.1200000000001,swap,notBad
12338,6,505.1200000000001,6,505.1200000000001,swap,notBad
12339,6,505.1200000000001,6,505.1200000000001,2opt,improve
12340,6,505.1200000000001,6,505.1200000000001,2opt,notBad
12341,6,505.1200000000001,6,505.1200000000001,move,improve
12342,6,505.1200000000001,6,505.1200000000001,swap,notBad
12343,6,505.1200000000001,6,505.1200000000001,2opt,notBad
12344,6,505.1200000000001,6,505.1200000000001,move,improve
12345,6,505.1200000000001,6,505.1200000000001,swap,notBad
12346,6,505.1200000000001,6,505.1200000000001,swap,notBad
12347,6,505.1200000000001,6,505.1200000000001,2opt,notBad
12348,6,505.1200000000001,6,505.1200000000001,swap,notBad
12349,6,505.1200000000001,6,505.1200000000001,2opt,notBad
12350,6,505.1200000000001,6,505.1200000000001,swap,notBad
12351,6,505.1200000000001,6,505.1200000000001,swap,notBad
12352,6,505.1200000000001,6,505.1200000000001,swap,notBad
12353,6,505.1200000000001,6,505.1200000000001,swap,notBad
12354,6,505.1200000000001,6,505.1200000000001,move,improve
12355,6,505.1200000000001,6,505.1200000000001,move,improve
12356,6,505.1200000000001,6,505.1200000000001,move,improve
12357,6,505.1200000000001,6,505.1200000000001,2opt,notBad
12358,6,505.1200000000001,6,505.1200000000001,2opt,improve
12359,6,505.1200000000001,6,505.1200000000001,swap,notBad
12360,6,505.1200000000001,6,505.1200000000001,move,improve
12361,6,505.1200000000001,6,505.1200000000001,2opt,notBad
12362,6,505.1200000000001,6,505.1200000000001,swap,notBad
12363,6,505.1200000000001,6,505.1200000000001,swap,notBad
12364,6,505.1200000000001,6,505.1200000000001,swap,notBad
12365,6,505.1200000000001,6,505.1200000000001,move,improve
12366,6,505.1200000000001,6,505.1200000000001,move,improve
12367,6,505.1200000000001,6,505.1200000000001,swap,notBad
12368,6,505.1200000000001,6,505.1200000000001,move,improve
12369,6,505.1200000000001,6,505.1200000000001,swap,notBad
12370,6,505.1200000000001,6,505.1200000000001,move,improve
12371,6,505.1200000000001,6,505.1200000000001,swap,notBad
12372,6,505.1200000000001,6,505.1200000000001,2opt,notBad
12373,6,505.1200000000001,6,505.1200000000001,move,improve
12374,6,505.1200000000001,6,505.1200000000001,move,improve
12375,6,505.1200000000001,6,505.1200000000001,2opt,improve
12376,6,505.1200000000001,6,505.1200000000001,2opt,notBad
12377,6,505.1200000000001,6,505.1200000000001,move,improve
12378,6,505.1200000000001,6,505.1200000000001,2opt,notBad
12379,6,505.1200000000001,6,505.1200000000001,2opt,notBad
12380,6,505.1200000000001,6,505.1200000000001,move,improve
12381,6,505.1200000000001,6,505.1200000000001,2opt,notBad
12382,6,505.1200000000001,6,505.1200000000001,move,improve
12383,6,505.1200000000001,6,505.1200000000001,2opt,improve
12384,6,505.1200000000001,6,505.1200000000001,2opt,notBad
12385,6,505.1200000000001,6,505.1200000000001,move,improve
12386,6,505.1200000000001,6,505.1200000000001,swap,notBad
12387,6,505.1200000000001,6,505.1200000000001,swap,notBad
12388,6,505.1200000000001,6,505.1200000000001,swap,notBad
12389,6,505.1200000000001,6,505.1200000000001,2opt,improve
12390,6,505.1200000000001,6,505.1200000000001,2opt,improve
12391,6,505.1200000000001,6,505.1200000000001,2opt,notBad
12392,6,505.1200000000001,6,505.1200000000001,2opt,notBad
12393,6,505.1200000000001,6,505.1200000000001,swap,notBad
12394,6,505.1200000000001,6,505.1200000000001,swap,notBad
12395,6,505.1200000000001,6,505.1200000000001,2opt,notBad
12396,6,505.1200000000001,6,505.1200000000001,swap,notBad
12397,6,505.1200000000001,6,505.1200000000001,swap,notBad
12398,6,505.1200000000001,6,505.1200000000001,move,improve
12399,6,505.1200000000001,6,505.1200000000001,2opt,notBad
12400,6,505.1200000000001,6,505.1200000000001,swap,notBad
12401,6,505.1200000000001,6,505.1200000000001,2opt,notBad
12402,6,505.1200000000001,6,505.1200000000001,swap,notBad
12403,6,505.1200000000001,6,505.1200000000001,move,improve
12404,6,505.1200000000001,6,505.1200000000001,swap,notBad
12405,6,505.1200000000001,6,505.1200000000001,move,improve
12406,6,505.1200000000001,6,505.1200000000001,move,improve
12407,6,505.1200000000001,6,505.1200000000001,2opt,notBad
12408,6,505.1200000000001,6,505.1200000000001,move,improve
12409,6,505.1200000000001,6,505.1200000000001,2opt,notBad
12410,6,505.1200000000001,6,505.1200000000001,2opt,notBad
12411,6,505.1200000000001,6,505.1200000000001,2opt,notBad
12412,6,505.1200000000001,6,505.1200000000001,2opt,improve
12413,6,505.1200000000001,6,505.1200000000001,move,improve
12414,6,505.1200000000001,6,505.1200000000001,move,improve
12415,6,505.1200000000001,6,505.1200000000001,2opt,notBad
12416,6,505.1200000000001,6,505.1200000000001,move,improve
12417,6,505.1200000000001,6,505.1200000000001,move,improve
12418,6,505.1200000000001,6,505.1200000000001,move,improve
12419,6,505.1200000000001,6,505.1200000000001,swap,notBad
12420,6,505.1200000000001,6,505.1200000000001,swap,notBad
12421,6,505.1200000000001,6,505.1200000000001,2opt,notBad
12422,6,505.1200000000001,6,505.1200000000001,2opt,notBad
12423,6,505.1200000000001,6,505.1200000000001,swap,notBad
12424,6,505.1200000000001,6,505.1200000000001,move,improve
12425,6,505.1200000000001,6,505.1200000000001,2opt,improve
12426,6,505.1200000000001,6,505.1200000000001,2opt,notBad
12427,6,505.1200000000001,6,505.1200000000001,2opt,notBad
12428,6,505.1200000000001,6,505.1200000000001,move,improve
12429,6,505.1200000000001,6,505.1200000000001,swap,notBad
12430,6,505.1200000000001,6,505.1200000000001,move,improve
12431,6,505.1200000000001,6,505.1200000000001,move,improve
12432,6,505.1200000000001,6,505.1200000000001,2opt,notBad
12433,6,505.1200000000001,6,505.1200000000001,move,improve
12434,6,505.1200000000001,6,505.1200000000001,swap,notBad
12435,6,505.1200000000001,6,505.1200000000001,move,improve
12436,6,505.1200000000001,6,505.1200000000001,2opt,notBad
12437,6,505.1200000000001,6,505.1200000000001,swap,notBad
12438,6,505.1200000000001,6,505.1200000000001,2opt,notBad
12439,6,505.1200000000001,6,505.1200000000001,2opt,notBad
12440,6,505.1200000000001,6,505.1200000000001,move,improve
12441,6,505.1200000000001,6,505.1200000000001,swap,notBad
12442,6,505.1200000000001,6,505.1200000000001,move,improve
12443,6,505.1200000000001,6,505.1200000000001,move,improve
12444,6,505.1200000000001,6,505.1200000000001,swap,notBad
12445,6,505.1200000000001,6,505.1200000000001,move,improve
12446,6,505.1200000000001,6,505.1200000000001,2opt,improve
12447,6,505.1200000000001,6,505.1200000000001,2opt,notBad
12448,6,505.1200000000001,6,505.1200000000001,2opt,notBad
12449,6,505.1200000000001,6,505.1200000000001,move,improve
12450,6,505.1200000000001,6,505.1200000000001,move,improve
12451,6,505.1200000000001,6,505.1200000000001,2opt,notBad
12452,6,505.1200000000001,6,505.1200000000001,2opt,notBad
12453,6,505.1200000000001,6,505.1200000000001,swap,notBad
12454,6,505.1200000000001,6,505.1200000000001,swap,notBad
12455,6,505.1200000000001,6,505.1200000000001,2opt,notBad
12456,6,505.1200000000001,6,505.1200000000001,move,improve
12457,6,505.1200000000001,6,505.1200000000001,swap,notBad
12458,6,505.1200000000001,6,505.1200000000001,move,improve
12459,6,505.1200000000001,6,505.1200000000001,move,improve
12460,6,505.1200000000001,6,505.1200000000001,2opt,notBad
12461,6,505.1200000000001,6,505.1200000000001,move,improve
12462,6,505.1200000000001,6,505.1200000000001,2opt,improve
12463,6,505.1200000000001,6,505.1200000000001,swap,notBad
12464,6,505.1200000000001,6,505.1200000000001,move,improve
12465,6,505.1200000000001,6,505.1200000000001,2opt,notBad
12466,6,505.1200000000001,6,505.1200000000001,swap,notBad
12467,6,505.1200000000001,6,505.1200000000001,swap,notBad
12468,6,505.1200000000001,6,505.1200000000001,move,notBad
12469,6,505.1200000000001,6,505.1200000000001,move,improve
12470,6,505.1200000000001,6,505.1200000000001,2opt,notBad
12471,6,505.1200000000001,6,505.1200000000001,move,improve
12472,6,505.1200000000001,6,505.1200000000001,move,improve
12473,6,505.1200000000001,6,505.1200000000001,2opt,notBad
12474,6,505.1200000000001,6,505.1200000000001,swap,notBad
12475,6,505.1200000000001,6,505.1200000000001,move,improve
12476,6,505.1200000000001,6,505.1200000000001,move,improve
12477,6,505.1200000000001,6,505.1200000000001,2opt,notBad
12478,6,505.1200000000001,6,505.1200000000001,move,improve
12479,6,505.1200000000001,6,505.1200000000001,2opt,notBad
12480,6,505.1200000000001,6,505.1200000000001,swap,notBad
12481,6,505.1200000000001,6,505.1200000000001,2opt,improve
12482,6,505.1200000000001,6,505.1200000000001,swap,notBad
12483,6,505.1200000000001,6,505.1200000000001,swap,notBad
12484,6,505.1200000000001,6,505.1200000000001,2opt,notBad
12485,6,505.1200000000001,6,505.1200000000001,2opt,notBad
12486,6,505.1200000000001,6,505.1200000000001,move,improve
12487,6,505.1200000000001,6,505.1200000000001,2opt,notBad
12488,6,505.1200000000001,6,505.1200000000001,move,improve
12489,6,505.1200000000001,6,505.1200000000001,2opt,improve
12490,6,505.1200000000001,6,505.1200000000001,2opt,notBad
12491,6,505.1200000000001,6,505.1200000000001,move,improve
12492,6,505.1200000000001,6,505.1200000000001,move,improve
12493,6,505.1200000000001,6,505.1200000000001,swap,notBad
12494,6,505.1200000000001,6,505.1200000000001,move,improve
12495,6,505.1200000000001,6,505.1200000000001,move,improve
12496,6,505.1200000000001,6,505.1200000000001,2opt,notBad
12497,6,505.1200000000001,6,505.1200000000001,swap,notBad
12498,6,505.1200000000001,6,505.1200000000001,2opt,notBad
12499,6,505.1200000000001,6,505.1200000000001,2opt,notBad
12500,6,505.1200000000001,6,505.1200000000001,move,improve
12501,6,505.1200000000001,6,505.1200000000001,move,improve
12502,6,505.1200000000001,6,505.1200000000001,swap,notBad
12503,6,505.1200000000001,6,505.1200000000001,2opt,notBad
12504,6,505.1200000000001,6,505.1200000000001,swap,notBad
12505,6,505.1200000000001,6,505.1200000000001,2opt,notBad
12506,6,505.1200000000001,6,505.1200000000001,2opt,notBad
12507,6,505.1200000000001,6,505.1200000000001,swap,notBad
12508,6,505.1200000000001,6,505.1200000000001,2opt,notBad
12509,6,505.1200000000001,6,505.1200000000001,move,improve
12510,6,505.1200000000001,6,505.1200000000001,move,improve
12511,6,505.1200000000001,6,505.1200000000001,move,improve
12512,6,505.1200000000001,6,505.1200000000001,2opt,notBad
12513,6,505.1200000000001,6,505.1200000000001,2opt,notBad
12514,6,505.1200000000001,6,505.1200000000001,2opt,improve
12515,6,505.1200000000001,6,505.1200000000001,swap,notBad
12516,6,505.1200000000001,6,505.1200000000001,swap,notBad
12517,6,505.1200000000001,6,505.1200000000001,swap,notBad
12518,6,505.1200000000001,6,505.1200000000001,swap,notBad
12519,6,505.1200000000001,6,505.1200000000001,swap,notBad
12520,6,505.1200000000001,6,505.1200000000001,2opt,notBad
12521,6,505.1200000000001,6,505.1200000000001,swap,notBad
12522,6,505.1200000000001,6,505.1200000000001,swap,notBad
12523,6,505.1200000000001,6,505.1200000000001,swap,notBad
12524,6,505.1200000000001,6,505.1200000000001,2opt,notBad
12525,6,505.1200000000001,6,505.1200000000001,swap,notBad
12526,6,505.1200000000001,6,505.1200000000001,swap,notBad
12527,6,505.1200000000001,6,505.1200000000001,2opt,notBad
12528,6,505.1200000000001,6,505.1200000000001,swap,notBad
12529,6,505.1200000000001,6,505.1200000000001,2opt,notBad
12530,6,505.1200000000001,6,505.1200000000001,swap,notBad
12531,6,505.1200000000001,6,505.1200000000001,2opt,improve
12532,6,505.1200000000001,6,505.1200000000001,move,improve
12533,6,505.1200000000001,6,505.1200000000001,2opt,notBad
12534,6,505.1200000000001,6,505.1200000000001,move,improve
12535,6,505.1200000000001,6,505.1200000000001,2opt,notBad
12536,6,505.1200000000001,6,505.1200000000001,move,improve
12537,6,505.1200000000001,6,505.1200000000001,swap,notBad
12538,6,505.1200000000001,6,505.1200000000001,2opt,notBad
12539,6,505.1200000000001,6,505.1200000000001,swap,notBad
12540,6,505.1200000000001,6,505.1200000000001,2opt,improve
12541,6,505.1200000000001,6,505.1200000000001,2opt,notBad
12542,6,505.1200000000001,6,505.1200000000001,swap,notBad
12543,6,505.1200000000001,6,505.1200000000001,2opt,notBad
12544,6,505.1200000000001,6,505.1200000000001,2opt,notBad
12545,6,505.1200000000001,6,505.1200000000001,move,improve
12546,6,505.1200000000001,6,505.1200000000001,2opt,notBad
12547,6,505.1200000000001,6,505.1200000000001,move,improve
12548,6,505.1200000000001,6,505.1200000000001,move,improve
12549,6,505.1200000000001,6,505.1200000000001,2opt,notBad
12550,6,505.1200000000001,6,505.1200000000001,2opt,notBad
12551,6,505.1200000000001,6,505.1200000000001,2opt,notBad
12552,6,505.1200000000001,6,505.1200000000001,swap,notBad
12553,6,505.1200000000001,6,505.1200000000001,move,improve
12554,6,505.1200000000001,6,505.1200000000001,swap,notBad
12555,6,505.1200000000001,6,505.1200000000001,move,improve
12556,6,505.1200000000001,6,505.1200000000001,move,improve
12557,6,505.1200000000001,6,505.1200000000001,swap,notBad
12558,6,505.1200000000001,6,505.1200000000001,2opt,notBad
12559,6,505.1200000000001,6,505.1200000000001,2opt,notBad
12560,6,505.1200000000001,6,505.1200000000001,2opt,notBad
12561,6,505.1200000000001,6,505.1200000000001,swap,notBad
12562,6,505.1200000000001,6,505.1200000000001,move,improve
12563,6,505.1200000000001,6,505.1200000000001,swap,notBad
12564,6,505.1200000000001,6,505.1200000000001,2opt,notBad
12565,6,505.1200000000001,6,505.1200000000001,swap,notBad
12566,6,505.1200000000001,6,505.1200000000001,2opt,notBad
12567,6,505.1200000000001,6,505.1200000000001,swap,notBad
12568,6,505.1200000000001,6,505.1200000000001,swap,notBad
12569,6,505.1200000000001,6,505.1200000000001,move,improve
12570,6,505.1200000000001,6,505.1200000000001,move,improve
12571,6,505.1200000000001,6,505.1200000000001,2opt,notBad
12572,6,505.1200000000001,6,505.1200000000001,move,improve
12573,6,505.1200000000001,6,505.1200000000001,swap,notBad
12574,6,505.1200000000001,6,505.1200000000001,move,improve
12575,6,505.1200000000001,6,505.1200000000001,move,improve
12576,6,505.1200000000001,6,505.1200000000001,2opt,notBad
12577,6,505.1200000000001,6,505.1200000000001,2opt,notBad
12578,6,505.1200000000001,6,505.1200000000001,swap,notBad
12579,6,505.1200000000001,6,505.1200000000001,swap,notBad
12580,6,505.1200000000001,6,505.1200000000001,swap,notBad
12581,6,505.1200000000001,6,505.1200000000001,2opt,notBad
12582,6,505.1200000000001,6,505.1200000000001,swap,notBad
12583,6,505.1200000000001,6,505.1200000000001,swap,notBad
12584,6,505.1200000000001,6,505.1200000000001,move,improve
12585,6,505.1200000000001,6,505.1200000000001,2opt,notBad
12586,6,505.1200000000001,6,505.1200000000001,swap,notBad
12587,6,505.1200000000001,6,505.1200000000001,move,improve
12588,6,505.1200000000001,6,505.1200000000001,2opt,notBad
12589,6,505.1200000000001,6,505.1200000000001,move,improve
12590,6,505.1200000000001,6,505.1200000000001,swap,notBad
12591,6,505.1200000000001,6,505.1200000000001,swap,notBad
12592,6,505.1200000000001,6,505.1200000000001,swap,notBad
12593,6,505.1200000000001,6,505.1200000000001,move,improve
12594,6,505.1200000000001,6,505.1200000000001,2opt,notBad
12595,6,505.1200000000001,6,505.1200000000001,2opt,notBad
12596,6,505.1200000000001,6,505.1200000000001,swap,notBad
12597,6,505.1200000000001,6,505.1200000000001,2opt,notBad
12598,6,505.1200000000001,6,505.1200000000001,move,improve
12599,6,505.1200000000001,6,505.1200000000001,move,improve
12600,6,505.1200000000001,6,505.1200000000001,swap,notBad
12601,6,505.1200000000001,6,505.1200000000001,swap,notBad
12602,6,505.1200000000001,6,505.1200000000001,move,improve
12603,6,505.1200000000001,6,505.1200000000001,move,improve
12604,6,505.1200000000001,6,505.1200000000001,2opt,notBad
12605,6,505.1200000000001,6,505.1200000000001,move,improve
12606,6,505.1200000000001,6,505.1200000000001,move,improve
12607,6,505.1200000000001,6,505.1200000000001,2opt,notBad
12608,6,505.1200000000001,6,505.1200000000001,move,improve
12609,6,505.1200000000001,6,505.1200000000001,2opt,notBad
12610,6,505.1200000000001,6,505.1200000000001,move,improve
12611,6,505.1200000000001,6,505.1200000000001,swap,notBad
12612,6,505.1200000000001,6,505.1200000000001,move,improve
12613,6,505.1200000000001,6,505.1200000000001,swap,notBad
12614,6,505.1200000000001,6,505.1200000000001,move,improve
12615,6,505.1200000000001,6,505.1200000000001,swap,notBad
12616,6,505.1200000000001,6,505.1200000000001,move,improve
12617,6,505.1200000000001,6,505.1200000000001,swap,notBad
12618,6,505.1200000000001,6,505.1200000000001,2opt,notBad
12619,6,505.1200000000001,6,505.1200000000001,swap,notBad
12620,6,505.1200000000001,6,505.1200000000001,move,improve
12621,6,505.1200000000001,6,505.1200000000001,move,improve
12622,6,505.1200000000001,6,505.1200000000001,swap,notBad
12623,6,505.1200000000001,6,505.1200000000001,move,improve
12624,6,505.1200000000001,6,505.1200000000001,move,improve
12625,6,505.1200000000001,6,505.1200000000001,move,improve
12626,6,505.1200000000001,6,505.1200000000001,move,improve
12627,6,505.1200000000001,6,505.1200000000001,swap,notBad
12628,6,505.1200000000001,6,505.1200000000001,2opt,improve
12629,6,505.1200000000001,6,505.1200000000001,move,improve
12630,6,505.1200000000001,6,505.1200000000001,swap,notBad
12631,6,505.1200000000001,6,505.1200000000001,2opt,improve
12632,6,505.1200000000001,6,505.1200000000001,2opt,notBad
12633,6,505.1200000000001,6,505.1200000000001,swap,notBad
12634,6,505.1200000000001,6,505.1200000000001,swap,notBad
12635,6,505.1200000000001,6,505.1200000000001,move,improve
12636,6,505.1200000000001,6,505.1200000000001,2opt,notBad
12637,6,505.1200000000001,6,505.1200000000001,swap,notBad
12638,6,505.1200000000001,6,505.1200000000001,2opt,notBad
12639,6,505.1200000000001,6,505.1200000000001,2opt,notBad
12640,6,505.1200000000001,6,505.1200000000001,2opt,notBad
12641,6,505.1200000000001,6,505.1200000000001,2opt,notBad
12642,6,505.1200000000001,6,505.1200000000001,swap,notBad
12643,6,505.1200000000001,6,505.1200000000001,2opt,notBad
12644,6,505.1200000000001,6,505.1200000000001,swap,notBad
12645,6,505.1200000000001,6,505.1200000000001,move,improve
12646,6,505.1200000000001,6,505.1200000000001,move,improve
12647,6,505.1200000000001,6,505.1200000000001,move,improve
12648,6,505.1200000000001,6,505.1200000000001,swap,notBad
12649,6,505.1200000000001,6,505.1200000000001,swap,notBad
12650,6,505.1200000000001,6,505.1200000000001,2opt,notBad
12651,6,505.1200000000001,6,505.1200000000001,2opt,notBad
12652,6,505.1200000000001,6,505.1200000000001,move,improve
12653,6,505.1200000000001,6,505.1200000000001,swap,notBad
12654,6,505.1200000000001,6,505.1200000000001,move,improve
12655,6,505.1200000000001,6,505.1200000000001,move,improve
12656,6,505.1200000000001,6,505.1200000000001,swap,notBad
12657,6,505.1200000000001,6,505.1200000000001,2opt,notBad
12658,6,505.1200000000001,6,505.1200000000001,move,improve
12659,6,505.1200000000001,6,505.1200000000001,move,improve
12660,6,505.1200000000001,6,505.1200000000001,move,improve
12661,6,505.1200000000001,6,505.1200000000001,swap,notBad
12662,6,505.1200000000001,6,505.1200000000001,move,improve
12663,6,505.1200000000001,6,505.1200000000001,2opt,notBad
12664,6,505.1200000000001,6,505.1200000000001,move,improve
12665,6,505.1200000000001,6,505.1200000000001,swap,notBad
12666,6,505.1200000000001,6,505.1200000000001,move,improve
12667,6,505.1200000000001,6,505.1200000000001,2opt,notBad
12668,6,505.1200000000001,6,505.1200000000001,move,improve
12669,6,505.1200000000001,6,505.1200000000001,move,improve
12670,6,505.1200000000001,6,505.1200000000001,swap,notBad
12671,6,505.1200000000001,6,505.1200000000001,swap,notBad
12672,6,505.1200000000001,6,505.1200000000001,move,improve
12673,6,505.1200000000001,6,505.1200000000001,2opt,notBad
12674,6,505.1200000000001,6,505.1200000000001,move,improve
12675,6,505.1200000000001,6,505.1200000000001,swap,notBad
12676,6,505.1200000000001,6,505.1200000000001,2opt,notBad
12677,6,505.1200000000001,6,505.1200000000001,swap,notBad
12678,6,505.1200000000001,6,505.1200000000001,swap,notBad
12679,6,505.1200000000001,6,505.1200000000001,move,improve
12680,6,505.1200000000001,6,505.1200000000001,move,improve
12681,6,505.1200000000001,6,505.1200000000001,2opt,notBad
12682,6,505.1200000000001,6,505.1200000000001,move,improve
12683,6,505.1200000000001,6,505.1200000000001,2opt,improve
12684,6,505.1200000000001,6,505.1200000000001,move,improve
12685,6,505.1200000000001,6,505.1200000000001,2opt,notBad
12686,6,505.1200000000001,6,505.1200000000001,2opt,notBad
12687,6,505.1200000000001,6,505.1200000000001,move,improve
12688,6,505.1200000000001,6,505.1200000000001,swap,notBad
12689,6,505.1200000000001,6,505.1200000000001,2opt,notBad
12690,6,505.1200000000001,6,505.1200000000001,swap,notBad
12691,6,505.1200000000001,6,505.1200000000001,swap,notBad
12692,6,505.1200000000001,6,505.1200000000001,2opt,notBad
12693,6,505.1200000000001,6,505.1200000000001,swap,notBad
12694,6,505.1200000000001,6,505.1200000000001,move,improve
12695,6,505.1200000000001,6,505.1200000000001,2opt,notBad
12696,6,505.1200000000001,6,505.1200000000001,move,improve
12697,6,505.1200000000001,6,505.1200000000001,move,improve
12698,6,505.1200000000001,6,505.1200000000001,swap,notBad
12699,6,505.1200000000001,6,505.1200000000001,move,improve
12700,6,505.1200000000001,6,505.1200000000001,move,improve
12701,6,505.1200000000001,6,505.1200000000001,swap,notBad
12702,6,505.1200000000001,6,505.1200000000001,move,improve
12703,6,505.1200000000001,6,505.1200000000001,move,improve
12704,6,505.1200000000001,6,505.1200000000001,swap,notBad
12705,6,505.1200000000001,6,505.1200000000001,2opt,notBad
12706,6,505.1200000000001,6,505.1200000000001,2opt,notBad
12707,6,505.1200000000001,6,505.1200000000001,2opt,notBad
12708,6,505.1200000000001,6,505.1200000000001,move,improve
12709,6,505.1200000000001,6,505.1200000000001,move,improve
12710,6,505.1200000000001,6,505.1200000000001,swap,notBad
12711,6,505.1200000000001,6,505.1200000000001,swap,notBad
12712,6,505.1200000000001,6,505.1200000000001,swap,notBad
12713,6,505.1200000000001,6,505.1200000000001,swap,notBad
12714,6,505.1200000000001,6,505.1200000000001,move,improve
12715,6,506.32000000000005,6,505.1200000000001,move,acceptBad
12716,6,506.32000000000005,6,505.1200000000001,2opt,notBad
12717,6,506.32000000000005,6,505.1200000000001,2opt,notBad
12718,6,506.32000000000005,6,505.1200000000001,2opt,improve
12719,6,506.32000000000005,6,505.1200000000001,move,improve
12720,6,506.32000000000005,6,505.1200000000001,swap,notBad
12721,6,506.32000000000005,6,505.1200000000001,swap,notBad
12722,6,506.32000000000005,6,505.1200000000001,swap,notBad
12723,6,506.32000000000005,6,505.1200000000001,2opt,notBad
12724,6,506.32000000000005,6,505.1200000000001,move,improve
12725,6,506.32000000000005,6,505.1200000000001,move,improve
12726,6,506.32000000000005,6,505.1200000000001,2opt,notBad
12727,6,506.32000000000005,6,505.1200000000001,move,improve
12728,6,506.32000000000005,6,505.1200000000001,move,improve
12729,6,506.32000000000005,6,505.1200000000001,swap,notBad
12730,6,506.32000000000005,6,505.1200000000001,2opt,notBad
12731,6,506.32000000000005,6,505.1200000000001,2opt,notBad
12732,6,506.32000000000005,6,505.1200000000001,swap,notBad
12733,6,506.32000000000005,6,505.1200000000001,move,improve
12734,6,506.32000000000005,6,505.1200000000001,2opt,notBad
12735,6,506.32000000000005,6,505.1200000000001,move,improve
12736,6,506.32000000000005,6,505.1200000000001,swap,notBad
12737,6,506.32000000000005,6,505.1200000000001,move,improve
12738,6,506.32000000000005,6,505.1200000000001,swap,notBad
12739,6,506.32000000000005,6,505.1200000000001,2opt,improve
12740,6,505.1200000000001,6,505.1200000000001,move,improve
12741,6,505.1200000000001,6,505.1200000000001,2opt,notBad
12742,6,505.1200000000001,6,505.1200000000001,move,improve
12743,6,505.1200000000001,6,505.1200000000001,move,improve
12744,6,505.1200000000001,6,505.1200000000001,2opt,improve
12745,6,505.1200000000001,6,505.1200000000001,move,improve
12746,6,505.1200000000001,6,505.1200000000001,2opt,notBad
12747,6,505.1200000000001,6,505.1200000000001,move,improve
12748,6,505.1200000000001,6,505.1200000000001,move,improve
12749,6,505.1200000000001,6,505.1200000000001,move,improve
12750,6,505.1200000000001,6,505.1200000000001,swap,notBad
12751,6,505.1200000000001,6,505.1200000000001,swap,notBad
12752,6,505.1200000000001,6,505.1200000000001,swap,notBad
12753,6,505.1200000000001,6,505.1200000000001,2opt,notBad
12754,6,505.1200000000001,6,505.1200000000001,2opt,notBad
12755,6,505.1200000000001,6,505.1200000000001,swap,notBad
12756,6,505.1200000000001,6,505.1200000000001,2opt,notBad
12757,6,505.1200000000001,6,505.1200000000001,swap,notBad
12758,6,505.1200000000001,6,505.1200000000001,2opt,notBad
12759,6,505.1200000000001,6,505.1200000000001,move,improve
12760,6,505.1200000000001,6,505.1200000000001,move,improve
12761,6,505.1200000000001,6,505.1200000000001,2opt,notBad
12762,6,505.1200000000001,6,505.1200000000001,move,improve
12763,6,505.1200000000001,6,505.1200000000001,swap,notBad
12764,6,505.1200000000001,6,505.1200000000001,swap,notBad
12765,6,505.1200000000001,6,505.1200000000001,swap,notBad
12766,6,505.1200000000001,6,505.1200000000001,move,improve
12767,6,505.1200000000001,6,505.1200000000001,swap,notBad
12768,6,505.1200000000001,6,505.1200000000001,swap,notBad
12769,6,505.1200000000001,6,505.1200000000001,move,improve
12770,6,505.1200000000001,6,505.1200000000001,2opt,notBad
12771,6,505.1200000000001,6,505.1200000000001,move,improve
12772,6,505.1200000000001,6,505.1200000000001,2opt,notBad
12773,6,505.1200000000001,6,505.1200000000001,swap,notBad
12774,6,505.1200000000001,6,505.1200000000001,move,improve
12775,6,505.1200000000001,6,505.1200000000001,swap,notBad
12776,6,505.1200000000001,6,505.1200000000001,swap,notBad
12777,6,505.1200000000001,6,505.1200000000001,swap,notBad
12778,6,505.1200000000001,6,505.1200000000001,move,improve
12779,6,505.1200000000001,6,505.1200000000001,2opt,notBad
12780,6,505.1200000000001,6,505.1200000000001,move,improve
12781,6,505.1200000000001,6,505.1200000000001,move,improve
12782,6,505.1200000000001,6,505.1200000000001,move,improve
12783,6,505.1200000000001,6,505.1200000000001,swap,notBad
12784,6,505.1200000000001,6,505.1200000000001,move,improve
12785,6,505.1200000000001,6,505.1200000000001,move,improve
12786,6,505.1200000000001,6,505.1200000000001,2opt,notBad
12787,6,505.1200000000001,6,505.1200000000001,2opt,notBad
12788,6,505.1200000000001,6,505.1200000000001,move,improve
12789,6,505.1200000000001,6,505.1200000000001,swap,notBad
12790,6,505.1200000000001,6,505.1200000000001,swap,notBad
12791,6,505.1200000000001,6,505.1200000000001,swap,notBad
12792,6,505.1200000000001,6,505.1200000000001,swap,notBad
12793,6,505.1200000000001,6,505.1200000000001,swap,notBad
12794,6,505.1200000000001,6,505.1200000000001,2opt,notBad
12795,6,505.1200000000001,6,505.1200000000001,move,improve
12796,6,505.1200000000001,6,505.1200000000001,move,improve
12797,6,505.1200000000001,6,505.1200000000001,swap,notBad
12798,6,505.1200000000001,6,505.1200000000001,2opt,notBad
12799,6,505.1200000000001,6,505.1200000000001,2opt,notBad
12800,6,505.1200000000001,6,505.1200000000001,2opt,notBad
12801,6,505.1200000000001,6,505.1200000000001,swap,notBad
12802,6,505.1200000000001,6,505.1200000000001,2opt,notBad
12803,6,505.1200000000001,6,505.1200000000001,2opt,notBad
12804,6,505.1200000000001,6,505.1200000000001,move,improve
12805,6,505.1200000000001,6,505.1200000000001,2opt,improve
12806,6,505.1200000000001,6,505.1200000000001,2opt,notBad
12807,6,505.1200000000001,6,505.1200000000001,swap,notBad
12808,6,505.1200000000001,6,505.1200000000001,swap,notBad
12809,6,505.1200000000001,6,505.1200000000001,2opt,notBad
12810,6,505.1200000000001,6,505.1200000000001,move,improve
12811,6,505.1200000000001,6,505.1200000000001,swap,notBad
12812,6,505.1200000000001,6,505.1200000000001,2opt,notBad
12813,6,505.1200000000001,6,505.1200000000001,move,improve
12814,6,505.1200000000001,6,505.1200000000001,move,improve
12815,6,505.1200000000001,6,505.1200000000001,move,improve
12816,6,505.1200000000001,6,505.1200000000001,swap,notBad
12817,6,505.1200000000001,6,505.1200000000001,move,improve
12818,6,505.1200000000001,6,505.1200000000001,move,improve
12819,6,505.1200000000001,6,505.1200000000001,2opt,notBad
12820,6,505.1200000000001,6,505.1200000000001,swap,notBad
12821,6,505.1200000000001,6,505.1200000000001,2opt,improve
12822,6,505.1200000000001,6,505.1200000000001,move,improve
12823,6,505.1200000000001,6,505.1200000000001,swap,notBad
12824,6,505.1200000000001,6,505.1200000000001,2opt,improve
12825,6,505.1200000000001,6,505.1200000000001,swap,notBad
12826,6,505.1200000000001,6,505.1200000000001,move,improve
12827,6,505.1200000000001,6,505.1200000000001,swap,notBad
12828,6,505.1200000000001,6,505.1200000000001,move,improve
12829,6,505.1200000000001,6,505.1200000000001,2opt,notBad
12830,6,505.1200000000001,6,505.1200000000001,swap,notBad
12831,6,505.1200000000001,6,505.1200000000001,move,improve
12832,6,505.1200000000001,6,505.1200000000001,move,improve
12833,6,505.1200000000001,6,505.1200000000001,2opt,notBad
12834,6,505.1200000000001,6,505.1200000000001,move,improve
12835,6,505.1200000000001,6,505.1200000000001,move,improve
12836,6,505.1200000000001,6,505.1200000000001,move,improve
12837,6,505.1200000000001,6,505.1200000000001,move,improve
12838,6,505.1200000000001,6,505.1200000000001,2opt,notBad
12839,6,505.1200000000001,6,505.1200000000001,swap,notBad
12840,6,505.1200000000001,6,505.1200000000001,move,improve
12841,6,505.1200000000001,6,505.1200000000001,2opt,notBad
12842,6,505.1200000000001,6,505.1200000000001,2opt,notBad
12843,6,505.1200000000001,6,505.1200000000001,2opt,improve
12844,6,505.1200000000001,6,505.1200000000001,swap,notBad
12845,6,505.1200000000001,6,505.1200000000001,swap,notBad
12846,6,505.1200000000001,6,505.1200000000001,2opt,notBad
12847,6,505.1200000000001,6,505.1200000000001,swap,notBad
12848,6,505.1200000000001,6,505.1200000000001,2opt,notBad
12849,6,505.1200000000001,6,505.1200000000001,2opt,notBad
12850,6,505.1200000000001,6,505.1200000000001,move,improve
12851,6,505.1200000000001,6,505.1200000000001,2opt,notBad
12852,6,505.1200000000001,6,505.1200000000001,2opt,improve
12853,6,505.1200000000001,6,505.1200000000001,move,improve
12854,6,505.28000000000003,6,505.1200000000001,swap,acceptBad
12855,6,505.28000000000003,6,505.1200000000001,move,improve
12856,6,505.28000000000003,6,505.1200000000001,move,improve
12857,6,505.28000000000003,6,505.1200000000001,move,improve
12858,6,505.28000000000003,6,505.1200000000001,move,improve
12859,6,505.28000000000003,6,505.1200000000001,swap,notBad
12860,6,505.28000000000003,6,505.1200000000001,2opt,notBad
12861,6,505.28000000000003,6,505.1200000000001,2opt,notBad
12862,6,505.28000000000003,6,505.1200000000001,2opt,notBad
12863,6,505.28000000000003,6,505.1200000000001,2opt,improve
12864,6,505.28000000000003,6,505.1200000000001,2opt,notBad
12865,6,505.28000000000003,6,505.1200000000001,move,improve
12866,6,505.28000000000003,6,505.1200000000001,swap,notBad
12867,6,505.28000000000003,6,505.1200000000001,move,improve
12868,6,505.28000000000003,6,505.1200000000001,2opt,notBad
12869,6,505.28000000000003,6,505.1200000000001,move,improve
12870,6,505.28000000000003,6,505.1200000000001,2opt,notBad
12871,6,505.28000000000003,6,505.1200000000001,2opt,notBad
12872,6,505.28000000000003,6,505.1200000000001,2opt,notBad
12873,6,505.28000000000003,6,505.1200000000001,move,improve
12874,6,505.1200000000001,6,505.1200000000001,swap,improve
12875,6,505.1200000000001,6,505.1200000000001,2opt,notBad
12876,6,505.1200000000001,6,505.1200000000001,swap,notBad
12877,6,505.1200000000001,6,505.1200000000001,move,improve
12878,6,505.1200000000001,6,505.1200000000001,2opt,improve
12879,6,505.1200000000001,6,505.1200000000001,move,improve
12880,6,505.1200000000001,6,505.1200000000001,move,improve
12881,6,505.1200000000001,6,505.1200000000001,2opt,notBad
12882,6,505.1200000000001,6,505.1200000000001,swap,notBad
12883,6,505.1200000000001,6,505.1200000000001,swap,notBad
12884,6,505.1200000000001,6,505.1200000000001,swap,notBad
12885,6,505.1200000000001,6,505.1200000000001,move,improve
12886,6,505.1200000000001,6,505.1200000000001,2opt,notBad
12887,6,505.1200000000001,6,505.1200000000001,move,improve
12888,6,505.1200000000001,6,505.1200000000001,2opt,notBad
12889,6,505.1200000000001,6,505.1200000000001,swap,notBad
12890,6,505.1200000000001,6,505.1200000000001,move,improve
12891,6,505.1200000000001,6,505.1200000000001,move,improve
12892,6,505.1200000000001,6,505.1200000000001,swap,notBad
12893,6,505.1200000000001,6,505.1200000000001,2opt,notBad
12894,6,505.1200000000001,6,505.1200000000001,2opt,improve
12895,6,505.1200000000001,6,505.1200000000001,2opt,notBad
12896,6,505.1200000000001,6,505.1200000000001,2opt,notBad
12897,6,505.1200000000001,6,505.1200000000001,2opt,improve
12898,6,505.1200000000001,6,505.1200000000001,swap,notBad
12899,6,505.1200000000001,6,505.1200000000001,swap,notBad
12900,6,505.1200000000001,6,505.1200000000001,swap,notBad
12901,6,505.1200000000001,6,505.1200000000001,swap,notBad
12902,6,505.1200000000001,6,505.1200000000001,move,improve
12903,6,505.1200000000001,6,505.1200000000001,swap,notBad
12904,6,505.1200000000001,6,505.1200000000001,2opt,notBad
12905,6,505.1200000000001,6,505.1200000000001,swap,notBad
12906,6,505.1200000000001,6,505.1200000000001,move,improve
12907,6,505.1200000000001,6,505.1200000000001,swap,notBad
12908,6,505.1200000000001,6,505.1200000000001,swap,notBad
12909,6,505.1200000000001,6,505.1200000000001,swap,notBad
12910,6,505.1200000000001,6,505.1200000000001,move,improve
12911,6,505.1200000000001,6,505.1200000000001,move,improve
12912,6,505.1200000000001,6,505.1200000000001,2opt,notBad
12913,6,505.1200000000001,6,505.1200000000001,swap,notBad
12914,6,505.1200000000001,6,505.1200000000001,2opt,notBad
12915,6,505.1200000000001,6,505.1200000000001,2opt,improve
12916,6,505.1200000000001,6,505.1200000000001,swap,notBad
12917,6,505.1200000000001,6,505.1200000000001,swap,notBad
12918,6,505.1200000000001,6,505.1200000000001,2opt,notBad
12919,6,505.1200000000001,6,505.1200000000001,2opt,notBad
12920,6,505.1200000000001,6,505.1200000000001,move,improve
12921,6,505.1200000000001,6,505.1200000000001,move,improve
12922,6,505.1200000000001,6,505.1200000000001,2opt,notBad
12923,6,505.1200000000001,6,505.1200000000001,move,improve
12924,6,505.1200000000001,6,505.1200000000001,swap,notBad
12925,6,505.1200000000001,6,505.1200000000001,2opt,notBad
12926,6,505.1200000000001,6,505.1200000000001,move,improve
12927,6,505.1200000000001,6,505.1200000000001,2opt,notBad
12928,6,505.1200000000001,6,505.1200000000001,2opt,notBad
12929,6,505.1200000000001,6,505.1200000000001,2opt,notBad
12930,6,505.1200000000001,6,505.1200000000001,swap,notBad
12931,6,505.1200000000001,6,505.1200000000001,2opt,notBad
12932,6,505.1200000000001,6,505.1200000000001,swap,notBad
12933,6,505.1200000000001,6,505.1200000000001,swap,notBad
12934,6,505.1200000000001,6,505.1200000000001,2opt,notBad
12935,6,505.1200000000001,6,505.1200000000001,move,improve
12936,6,505.1200000000001,6,505.1200000000001,2opt,improve
12937,6,505.1200000000001,6,505.1200000000001,move,improve
12938,6,505.1200000000001,6,505.1200000000001,2opt,notBad
12939,6,505.1200000000001,6,505.1200000000001,swap,notBad
12940,6,505.1200000000001,6,505.1200000000001,move,improve
12941,6,505.1200000000001,6,505.1200000000001,swap,notBad
12942,6,505.1200000000001,6,505.1200000000001,move,improve
12943,6,505.1200000000001,6,505.1200000000001,swap,notBad
12944,6,505.1200000000001,6,505.1200000000001,2opt,notBad
12945,6,505.1200000000001,6,505.1200000000001,move,improve
12946,6,505.1200000000001,6,505.1200000000001,swap,notBad
12947,6,505.1200000000001,6,505.1200000000001,2opt,notBad
12948,6,505.1200000000001,6,505.1200000000001,swap,notBad
12949,6,505.1200000000001,6,505.1200000000001,2opt,notBad
12950,6,505.1200000000001,6,505.1200000000001,2opt,notBad
12951,6,505.1200000000001,6,505.1200000000001,move,improve
12952,6,505.1200000000001,6,505.1200000000001,swap,notBad
12953,6,505.1200000000001,6,505.1200000000001,2opt,notBad
12954,6,505.1200000000001,6,505.1200000000001,2opt,improve
12955,6,505.1200000000001,6,505.1200000000001,move,improve
12956,6,505.1200000000001,6,505.1200000000001,2opt,notBad
12957,6,505.1200000000001,6,505.1200000000001,2opt,notBad
12958,6,505.1200000000001,6,505.1200000000001,swap,notBad
12959,6,505.1200000000001,6,505.1200000000001,move,improve
12960,6,505.1200000000001,6,505.1200000000001,swap,notBad
12961,6,505.1200000000001,6,505.1200000000001,swap,notBad
12962,6,505.1200000000001,6,505.1200000000001,2opt,notBad
12963,6,505.1200000000001,6,505.1200000000001,2opt,notBad
12964,6,505.1200000000001,6,505.1200000000001,2opt,notBad
12965,6,505.1200000000001,6,505.1200000000001,swap,notBad
12966,6,505.1200000000001,6,505.1200000000001,2opt,improve
12967,6,505.1200000000001,6,505.1200000000001,swap,notBad
12968,6,505.1200000000001,6,505.1200000000001,move,improve
12969,6,505.1200000000001,6,505.1200000000001,swap,notBad
12970,6,505.1200000000001,6,505.1200000000001,move,improve
12971,6,505.1200000000001,6,505.1200000000001,move,improve
12972,6,505.1200000000001,6,505.1200000000001,move,improve
12973,6,505.1200000000001,6,505.1200000000001,2opt,notBad
12974,6,505.1200000000001,6,505.1200000000001,move,improve
12975,6,505.1200000000001,6,505.1200000000001,move,improve
12976,6,505.1200000000001,6,505.1200000000001,2opt,improve
12977,6,505.1200000000001,6,505.1200000000001,2opt,notBad
12978,6,505.1200000000001,6,505.1200000000001,move,improve
12979,6,505.1200000000001,6,505.1200000000001,move,improve
12980,6,505.1200000000001,6,505.1200000000001,move,improve
12981,6,505.1200000000001,6,505.1200000000001,2opt,improve
12982,6,505.1200000000001,6,505.1200000000001,move,improve
12983,6,505.1200000000001,6,505.1200000000001,2opt,notBad
12984,6,505.1200000000001,6,505.1200000000001,move,improve
12985,6,505.1200000000001,6,505.1200000000001,swap,notBad
12986,6,505.1200000000001,6,505.1200000000001,move,improve
12987,6,505.1200000000001,6,505.1200000000001,swap,notBad
12988,6,505.1200000000001,6,505.1200000000001,2opt,improve
12989,6,505.1200000000001,6,505.1200000000001,swap,notBad
12990,6,506.32000000000005,6,505.1200000000001,move,acceptBad
12991,6,506.32000000000005,6,505.1200000000001,move,improve
12992,6,506.32000000000005,6,505.1200000000001,swap,notBad
12993,6,506.32000000000005,6,505.1200000000001,swap,notBad
12994,6,506.32000000000005,6,505.1200000000001,2opt,notBad
12995,6,505.1200000000001,6,505.1200000000001,move,improve
12996,6,505.1200000000001,6,505.1200000000001,swap,notBad
12997,6,505.1200000000001,6,505.1200000000001,swap,notBad
12998,6,505.1200000000001,6,505.1200000000001,2opt,notBad
12999,6,505.1200000000001,6,505.1200000000001,swap,notBad
13000,6,505.1200000000001,6,505.1200000000001,2opt,notBad
13001,6,505.1200000000001,6,505.1200000000001,2opt,notBad
13002,6,505.1200000000001,6,505.1200000000001,swap,notBad
13003,6,505.1200000000001,6,505.1200000000001,swap,notBad
13004,6,505.1200000000001,6,505.1200000000001,swap,notBad
13005,6,505.1200000000001,6,505.1200000000001,swap,notBad
13006,6,505.1200000000001,6,505.1200000000001,move,improve
13007,6,505.1200000000001,6,505.1200000000001,2opt,notBad
13008,6,505.1200000000001,6,505.1200000000001,swap,notBad
13009,6,505.1200000000001,6,505.1200000000001,swap,notBad
13010,6,505.1200000000001,6,505.1200000000001,move,improve
13011,6,505.1200000000001,6,505.1200000000001,swap,notBad
13012,6,505.1200000000001,6,505.1200000000001,move,improve
13013,6,505.1200000000001,6,505.1200000000001,2opt,notBad
13014,6,505.1200000000001,6,505.1200000000001,move,improve
13015,6,505.1200000000001,6,505.1200000000001,swap,notBad
13016,6,505.1200000000001,6,505.1200000000001,2opt,notBad
13017,6,505.1200000000001,6,505.1200000000001,2opt,notBad
13018,6,505.1200000000001,6,505.1200000000001,2opt,improve
13019,6,505.1200000000001,6,505.1200000000001,swap,notBad
13020,6,505.1200000000001,6,505.1200000000001,2opt,notBad
13021,6,505.1200000000001,6,505.1200000000001,move,improve
13022,6,505.1200000000001,6,505.1200000000001,move,improve
13023,6,505.1200000000001,6,505.1200000000001,swap,notBad
13024,6,505.1200000000001,6,505.1200000000001,2opt,notBad
13025,6,505.1200000000001,6,505.1200000000001,2opt,improve
13026,6,505.1200000000001,6,505.1200000000001,2opt,notBad
13027,6,505.1200000000001,6,505.1200000000001,move,improve
13028,6,505.1200000000001,6,505.1200000000001,swap,notBad
13029,6,505.1200000000001,6,505.1200000000001,move,improve
13030,6,505.1200000000001,6,505.1200000000001,swap,notBad
13031,6,505.1200000000001,6,505.1200000000001,2opt,notBad
13032,6,505.1200000000001,6,505.1200000000001,swap,notBad
13033,6,505.1200000000001,6,505.1200000000001,move,improve
13034,6,505.1200000000001,6,505.1200000000001,swap,notBad
13035,6,505.1200000000001,6,505.1200000000001,move,improve
13036,6,505.1200000000001,6,505.1200000000001,2opt,notBad
13037,6,505.1200000000001,6,505.1200000000001,swap,notBad
13038,6,505.1200000000001,6,505.1200000000001,swap,notBad
13039,6,505.1200000000001,6,505.1200000000001,move,improve
13040,6,505.1200000000001,6,505.1200000000001,2opt,notBad
13041,6,505.1200000000001,6,505.1200000000001,move,improve
13042,6,505.1200000000001,6,505.1200000000001,swap,notBad
13043,6,505.1200000000001,6,505.1200000000001,2opt,notBad
13044,6,505.1200000000001,6,505.1200000000001,move,improve
13045,6,505.1200000000001,6,505.1200000000001,swap,notBad
13046,6,505.1200000000001,6,505.1200000000001,2opt,notBad
13047,6,505.1200000000001,6,505.1200000000001,2opt,improve
13048,6,505.1200000000001,6,505.1200000000001,2opt,notBad
13049,6,505.1200000000001,6,505.1200000000001,swap,notBad
13050,6,505.1200000000001,6,505.1200000000001,move,improve
13051,6,505.1200000000001,6,505.1200000000001,2opt,notBad
13052,6,505.1200000000001,6,505.1200000000001,move,improve
13053,6,505.1200000000001,6,505.1200000000001,swap,notBad
13054,6,505.1200000000001,6,505.1200000000001,move,improve
13055,6,505.1200000000001,6,505.1200000000001,2opt,notBad
13056,6,505.1200000000001,6,505.1200000000001,swap,notBad
13057,6,505.1200000000001,6,505.1200000000001,2opt,notBad
13058,6,505.1200000000001,6,505.1200000000001,swap,notBad
13059,6,505.1200000000001,6,505.1200000000001,2opt,notBad
13060,6,505.1200000000001,6,505.1200000000001,move,improve
13061,6,505.1200000000001,6,505.1200000000001,swap,notBad
13062,6,505.1200000000001,6,505.1200000000001,2opt,notBad
13063,6,505.1200000000001,6,505.1200000000001,2opt,notBad
13064,6,505.1200000000001,6,505.1200000000001,2opt,notBad
13065,6,505.1200000000001,6,505.1200000000001,swap,notBad
13066,6,505.1200000000001,6,505.1200000000001,2opt,improve
13067,6,505.1200000000001,6,505.1200000000001,move,improve
13068,6,505.1200000000001,6,505.1200000000001,2opt,notBad
13069,6,505.1200000000001,6,505.1200000000001,move,improve
13070,6,505.1200000000001,6,505.1200000000001,swap,notBad
13071,6,505.1200000000001,6,505.1200000000001,move,improve
13072,6,505.1200000000001,6,505.1200000000001,swap,notBad
13073,6,505.1200000000001,6,505.1200000000001,2opt,notBad
13074,6,505.1200000000001,6,505.1200000000001,2opt,improve
13075,6,505.1200000000001,6,505.1200000000001,swap,notBad
13076,6,505.1200000000001,6,505.1200000000001,move,improve
13077,6,505.1200000000001,6,505.1200000000001,move,improve
13078,6,505.1200000000001,6,505.1200000000001,2opt,notBad
13079,6,505.1200000000001,6,505.1200000000001,2opt,improve
13080,6,505.1200000000001,6,505.1200000000001,2opt,notBad
13081,6,505.1200000000001,6,505.1200000000001,2opt,notBad
13082,6,505.1200000000001,6,505.1200000000001,move,improve
13083,6,505.1200000000001,6,505.1200000000001,move,improve
13084,6,505.1200000000001,6,505.1200000000001,move,improve
13085,6,505.1200000000001,6,505.1200000000001,swap,notBad
13086,6,505.1200000000001,6,505.1200000000001,move,improve
13087,6,505.1200000000001,6,505.1200000000001,move,improve
13088,6,505.1200000000001,6,505.1200000000001,swap,notBad
13089,6,505.1200000000001,6,505.1200000000001,move,improve
13090,6,505.1200000000001,6,505.1200000000001,2opt,improve
13091,6,505.1200000000001,6,505.1200000000001,swap,notBad
13092,6,505.1200000000001,6,505.1200000000001,2opt,notBad
13093,6,505.1200000000001,6,505.1200000000001,2opt,notBad
13094,6,505.1200000000001,6,505.1200000000001,swap,notBad
13095,6,505.1200000000001,6,505.1200000000001,swap,notBad
13096,6,505.1200000000001,6,505.1200000000001,2opt,improve
13097,6,505.1200000000001,6,505.1200000000001,move,improve
13098,6,505.1200000000001,6,505.1200000000001,swap,notBad
13099,6,506.32000000000005,6,505.1200000000001,move,acceptBad
13100,6,506.32000000000005,6,505.1200000000001,move,improve
13101,6,506.32000000000005,6,505.1200000000001,move,improve
13102,6,506.32000000000005,6,505.1200000000001,swap,notBad
13103,6,506.32000000000005,6,505.1200000000001,swap,notBad
13104,6,506.32000000000005,6,505.1200000000001,swap,notBad
13105,6,506.32000000000005,6,505.1200000000001,2opt,notBad
13106,6,506.32000000000005,6,505.1200000000001,2opt,notBad
13107,6,506.32000000000005,6,505.1200000000001,2opt,notBad
13108,6,506.32000000000005,6,505.1200000000001,2opt,notBad
13109,6,506.32000000000005,6,505.1200000000001,move,improve
13110,6,506.32000000000005,6,505.1200000000001,2opt,notBad
13111,6,506.32000000000005,6,505.1200000000001,move,improve
13112,6,506.32000000000005,6,505.1200000000001,swap,notBad
13113,6,506.32000000000005,6,505.1200000000001,swap,notBad
13114,6,506.32000000000005,6,505.1200000000001,swap,notBad
13115,6,506.32000000000005,6,505.1200000000001,move,improve
13116,6,506.32000000000005,6,505.1200000000001,move,improve
13117,6,506.32000000000005,6,505.1200000000001,move,improve
13118,6,506.32000000000005,6,505.1200000000001,2opt,notBad
13119,6,506.32000000000005,6,505.1200000000001,move,improve
13120,6,506.32000000000005,6,505.1200000000001,2opt,notBad
13121,6,506.32000000000005,6,505.1200000000001,swap,notBad
13122,6,506.32000000000005,6,505.1200000000001,swap,notBad
13123,6,506.32000000000005,6,505.1200000000001,2opt,notBad
13124,6,506.32000000000005,6,505.1200000000001,swap,notBad
13125,6,506.32000000000005,6,505.1200000000001,swap,notBad
13126,6,506.32000000000005,6,505.1200000000001,move,improve
13127,6,506.32000000000005,6,505.1200000000001,swap,notBad
13128,6,506.32000000000005,6,505.1200000000001,move,improve
13129,6,506.32000000000005,6,505.1200000000001,2opt,notBad
13130,6,506.32000000000005,6,505.1200000000001,2opt,notBad
13131,6,506.32000000000005,6,505.1200000000001,move,improve
13132,6,506.32000000000005,6,505.1200000000001,move,improve
13133,6,506.32000000000005,6,505.1200000000001,2opt,notBad
13134,6,506.32000000000005,6,505.1200000000001,move,improve
13135,6,506.32000000000005,6,505.1200000000001,move,improve
13136,6,506.32000000000005,6,505.1200000000001,swap,notBad
13137,6,506.32000000000005,6,505.1200000000001,2opt,notBad
13138,6,506.32000000000005,6,505.1200000000001,swap,notBad
13139,6,506.32000000000005,6,505.1200000000001,move,improve
13140,6,506.32000000000005,6,505.1200000000001,swap,notBad
13141,6,506.32000000000005,6,505.1200000000001,move,improve
13142,6,506.32000000000005,6,505.1200000000001,move,improve
13143,6,506.32000000000005,6,505.1200000000001,2opt,notBad
13144,6,506.32000000000005,6,505.1200000000001,move,improve
13145,6,506.32000000000005,6,505.1200000000001,2opt,improve
13146,6,506.32000000000005,6,505.1200000000001,move,improve
13147,6,506.32000000000005,6,505.1200000000001,swap,notBad
13148,6,506.32000000000005,6,505.1200000000001,move,improve
13149,6,506.32000000000005,6,505.1200000000001,2opt,notBad
13150,6,506.32000000000005,6,505.1200000000001,2opt,notBad
13151,6,506.32000000000005,6,505.1200000000001,2opt,notBad
13152,6,506.32000000000005,6,505.1200000000001,swap,notBad
13153,6,506.32000000000005,6,505.1200000000001,2opt,notBad
13154,6,506.32000000000005,6,505.1200000000001,2opt,notBad
13155,6,506.32000000000005,6,505.1200000000001,move,improve
13156,6,506.32000000000005,6,505.1200000000001,swap,notBad
13157,6,506.32000000000005,6,505.1200000000001,swap,notBad
13158,6,506.32000000000005,6,505.1200000000001,2opt,notBad
13159,6,506.32000000000005,6,505.1200000000001,2opt,notBad
13160,6,506.32000000000005,6,505.1200000000001,swap,notBad
13161,6,506.32000000000005,6,505.1200000000001,move,improve
13162,6,506.32000000000005,6,505.1200000000001,move,improve
13163,6,506.32000000000005,6,505.1200000000001,2opt,notBad
13164,6,506.32000000000005,6,505.1200000000001,swap,notBad
13165,6,506.32000000000005,6,505.1200000000001,swap,notBad
13166,6,506.32000000000005,6,505.1200000000001,move,improve
13167,6,506.32000000000005,6,505.1200000000001,move,improve
13168,6,506.32000000000005,6,505.1200000000001,swap,notBad
13169,6,506.32000000000005,6,505.1200000000001,2opt,notBad
13170,6,506.32000000000005,6,505.1200000000001,swap,notBad
13171,6,506.32000000000005,6,505.1200000000001,2opt,notBad
13172,6,506.32000000000005,6,505.1200000000001,swap,notBad
13173,6,506.32000000000005,6,505.1200000000001,2opt,notBad
13174,6,506.32000000000005,6,505.1200000000001,swap,notBad
13175,6,506.32000000000005,6,505.1200000000001,2opt,notBad
13176,6,506.32000000000005,6,505.1200000000001,swap,notBad
13177,6,506.32000000000005,6,505.1200000000001,2opt,notBad
13178,6,506.32000000000005,6,505.1200000000001,move,improve
13179,6,506.32000000000005,6,505.1200000000001,2opt,notBad
13180,6,506.32000000000005,6,505.1200000000001,2opt,notBad
13181,6,506.32000000000005,6,505.1200000000001,2opt,improve
13182,6,506.32000000000005,6,505.1200000000001,2opt,notBad
13183,6,506.32000000000005,6,505.1200000000001,move,improve
13184,6,506.32000000000005,6,505.1200000000001,move,improve
13185,6,506.32000000000005,6,505.1200000000001,move,improve
13186,6,506.32000000000005,6,505.1200000000001,2opt,notBad
13187,6,506.32000000000005,6,505.1200000000001,move,improve
13188,6,506.32000000000005,6,505.1200000000001,swap,notBad
13189,6,506.32000000000005,6,505.1200000000001,2opt,notBad
13190,6,506.32000000000005,6,505.1200000000001,move,improve
13191,6,506.32000000000005,6,505.1200000000001,swap,notBad
13192,6,506.32000000000005,6,505.1200000000001,swap,notBad
13193,6,506.32000000000005,6,505.1200000000001,swap,notBad
13194,6,506.32000000000005,6,505.1200000000001,swap,notBad
13195,6,506.32000000000005,6,505.1200000000001,2opt,notBad
13196,6,506.32000000000005,6,505.1200000000001,swap,notBad
13197,6,506.32000000000005,6,505.1200000000001,move,improve
13198,6,506.32000000000005,6,505.1200000000001,2opt,notBad
13199,6,506.32000000000005,6,505.1200000000001,move,improve
13200,6,506.32000000000005,6,505.1200000000001,swap,notBad
13201,6,506.32000000000005,6,505.1200000000001,2opt,notBad
13202,6,506.32000000000005,6,505.1200000000001,2opt,notBad
13203,6,506.32000000000005,6,505.1200000000001,move,improve
13204,6,506.32000000000005,6,505.1200000000001,swap,notBad
13205,6,506.32000000000005,6,505.1200000000001,2opt,notBad
13206,6,506.32000000000005,6,505.1200000000001,2opt,notBad
13207,6,506.32000000000005,6,505.1200000000001,move,improve
13208,6,506.32000000000005,6,505.1200000000001,swap,notBad
13209,6,506.32000000000005,6,505.1200000000001,2opt,notBad
13210,6,506.32000000000005,6,505.1200000000001,2opt,notBad
13211,6,506.32000000000005,6,505.1200000000001,move,improve
13212,6,506.32000000000005,6,505.1200000000001,swap,notBad
13213,6,506.32000000000005,6,505.1200000000001,2opt,improve
13214,6,506.32000000000005,6,505.1200000000001,2opt,improve
13215,6,506.32000000000005,6,505.1200000000001,move,improve
13216,6,506.32000000000005,6,505.1200000000001,move,improve
13217,6,506.32000000000005,6,505.1200000000001,2opt,notBad
13218,6,506.32000000000005,6,505.1200000000001,2opt,improve
13219,6,506.32000000000005,6,505.1200000000001,2opt,notBad
13220,6,506.32000000000005,6,505.1200000000001,2opt,notBad
13221,6,506.32000000000005,6,505.1200000000001,2opt,notBad
13222,6,506.32000000000005,6,505.1200000000001,move,improve
13223,6,506.32000000000005,6,505.1200000000001,2opt,notBad
13224,6,506.32000000000005,6,505.1200000000001,2opt,notBad
13225,6,506.32000000000005,6,505.1200000000001,2opt,notBad
13226,6,506.32000000000005,6,505.1200000000001,2opt,notBad
13227,6,506.32000000000005,6,505.1200000000001,swap,notBad
13228,6,506.32000000000005,6,505.1200000000001,swap,notBad
13229,6,506.32000000000005,6,505.1200000000001,2opt,notBad
13230,6,506.32000000000005,6,505.1200000000001,2opt,improve
13231,6,506.32000000000005,6,505.1200000000001,2opt,notBad
13232,6,506.32000000000005,6,505.1200000000001,2opt,improve
13233,6,506.32000000000005,6,505.1200000000001,2opt,notBad
13234,6,506.32000000000005,6,505.1200000000001,swap,notBad
13235,6,506.32000000000005,6,505.1200000000001,move,improve
13236,6,506.32000000000005,6,505.1200000000001,swap,notBad
13237,6,506.32000000000005,6,505.1200000000001,2opt,notBad
13238,6,506.32000000000005,6,505.1200000000001,swap,notBad
13239,6,506.32000000000005,6,505.1200000000001,move,improve
13240,6,506.32000000000005,6,505.1200000000001,swap,notBad
13241,6,506.32000000000005,6,505.1200000000001,2opt,notBad
13242,6,506.32000000000005,6,505.1200000000001,swap,notBad
13243,6,506.32000000000005,6,505.1200000000001,move,improve
13244,6,505.1200000000001,6,505.1200000000001,move,improve
13245,6,505.1200000000001,6,505.1200000000001,swap,notBad
13246,6,505.1200000000001,6,505.1200000000001,move,improve
13247,6,505.1200000000001,6,505.1200000000001,2opt,notBad
13248,6,505.1200000000001,6,505.1200000000001,move,improve
13249,6,505.1200000000001,6,505.1200000000001,swap,notBad
13250,6,505.1200000000001,6,505.1200000000001,2opt,notBad
13251,6,505.1200000000001,6,505.1200000000001,move,improve
13252,6,505.1200000000001,6,505.1200000000001,2opt,improve
13253,6,505.1200000000001,6,505.1200000000001,2opt,notBad
13254,6,505.1200000000001,6,505.1200000000001,move,improve
13255,6,505.1200000000001,6,505.1200000000001,move,improve
13256,6,505.1200000000001,6,505.1200000000001,move,improve
13257,6,505.1200000000001,6,505.1200000000001,2opt,notBad
13258,6,505.1200000000001,6,505.1200000000001,2opt,notBad
13259,6,505.1200000000001,6,505.1200000000001,2opt,notBad
13260,6,505.1200000000001,6,505.1200000000001,2opt,notBad
13261,6,505.1200000000001,6,505.1200000000001,move,improve
13262,6,505.1200000000001,6,505.1200000000001,2opt,notBad
13263,6,505.1200000000001,6,505.1200000000001,2opt,notBad
13264,6,505.1200000000001,6,505.1200000000001,2opt,notBad
13265,6,505.1200000000001,6,505.1200000000001,swap,notBad
13266,6,505.1200000000001,6,505.1200000000001,swap,notBad
13267,6,505.1200000000001,6,505.1200000000001,swap,notBad
13268,6,505.1200000000001,6,505.1200000000001,2opt,notBad
13269,6,505.1200000000001,6,505.1200000000001,move,improve
13270,6,505.1200000000001,6,505.1200000000001,swap,notBad
13271,6,505.1200000000001,6,505.1200000000001,swap,notBad
13272,6,505.1200000000001,6,505.1200000000001,swap,notBad
13273,6,505.1200000000001,6,505.1200000000001,swap,notBad
13274,6,505.1200000000001,6,505.1200000000001,move,improve
13275,6,505.1200000000001,6,505.1200000000001,move,improve
13276,6,505.1200000000001,6,505.1200000000001,swap,notBad
13277,6,505.1200000000001,6,505.1200000000001,swap,notBad
13278,6,505.1200000000001,6,505.1200000000001,move,improve
13279,6,505.1200000000001,6,505.1200000000001,swap,notBad
13280,6,505.1200000000001,6,505.1200000000001,2opt,notBad
13281,6,505.1200000000001,6,505.1200000000001,move,improve
13282,6,505.1200000000001,6,505.1200000000001,move,improve
13283,6,505.1200000000001,6,505.1200000000001,2opt,notBad
13284,6,505.1200000000001,6,505.1200000000001,move,improve
13285,6,505.1200000000001,6,505.1200000000001,2opt,notBad
13286,6,505.1200000000001,6,505.1200000000001,2opt,improve
13287,6,505.1200000000001,6,505.1200000000001,2opt,notBad
13288,6,505.1200000000001,6,505.1200000000001,swap,notBad
13289,6,505.1200000000001,6,505.1200000000001,swap,notBad
13290,6,505.1200000000001,6,505.1200000000001,move,improve
13291,6,505.1200000000001,6,505.1200000000001,swap,notBad
13292,6,505.1200000000001,6,505.1200000000001,swap,notBad
13293,6,505.1200000000001,6,505.1200000000001,swap,notBad
13294,6,505.1200000000001,6,505.1200000000001,move,improve
13295,6,505.1200000000001,6,505.1200000000001,move,improve
13296,6,505.1200000000001,6,505.1200000000001,swap,notBad
13297,6,505.1200000000001,6,505.1200000000001,swap,notBad
13298,6,505.1200000000001,6,505.1200000000001,2opt,notBad
13299,6,505.1200000000001,6,505.1200000000001,move,improve
13300,6,505.1200000000001,6,505.1200000000001,move,improve
13301,6,505.1200000000001,6,505.1200000000001,swap,notBad
13302,6,505.1200000000001,6,505.1200000000001,move,improve
13303,6,505.1200000000001,6,505.1200000000001,2opt,notBad
13304,6,505.1200000000001,6,505.1200000000001,swap,notBad
13305,6,505.1200000000001,6,505.1200000000001,swap,notBad
13306,6,505.1200000000001,6,505.1200000000001,2opt,notBad
13307,6,505.1200000000001,6,505.1200000000001,2opt,notBad
13308,6,505.1200000000001,6,505.1200000000001,swap,notBad
13309,6,505.1200000000001,6,505.1200000000001,move,improve
13310,6,505.1200000000001,6,505.1200000000001,swap,notBad
13311,6,505.1200000000001,6,505.1200000000001,2opt,notBad
13312,6,505.1200000000001,6,505.1200000000001,move,improve
13313,6,505.1200000000001,6,505.1200000000001,swap,notBad
13314,6,505.1200000000001,6,505.1200000000001,2opt,notBad
13315,6,505.1200000000001,6,505.1200000000001,move,improve
13316,6,505.1200000000001,6,505.1200000000001,swap,notBad
13317,6,505.1200000000001,6,505.1200000000001,2opt,improve
13318,6,505.1200000000001,6,505.1200000000001,swap,notBad
13319,6,505.1200000000001,6,505.1200000000001,2opt,notBad
13320,6,505.1200000000001,6,505.1200000000001,2opt,notBad
13321,6,505.1200000000001,6,505.1200000000001,swap,notBad
13322,6,505.1200000000001,6,505.1200000000001,move,improve
13323,6,505.1200000000001,6,505.1200000000001,swap,notBad
13324,6,505.1200000000001,6,505.1200000000001,2opt,notBad
13325,6,505.1200000000001,6,505.1200000000001,2opt,improve
13326,6,505.1200000000001,6,505.1200000000001,swap,notBad
13327,6,505.1200000000001,6,505.1200000000001,move,improve
13328,6,505.1200000000001,6,505.1200000000001,2opt,notBad
13329,6,505.1200000000001,6,505.1200000000001,move,improve
13330,6,505.1200000000001,6,505.1200000000001,move,improve
13331,6,505.1200000000001,6,505.1200000000001,move,improve
13332,6,505.1200000000001,6,505.1200000000001,move,improve
13333,6,505.1200000000001,6,505.1200000000001,swap,notBad
13334,6,505.1200000000001,6,505.1200000000001,2opt,notBad
13335,6,505.1200000000001,6,505.1200000000001,2opt,notBad
13336,6,505.1200000000001,6,505.1200000000001,2opt,notBad
13337,6,505.1200000000001,6,505.1200000000001,swap,notBad
13338,6,505.1200000000001,6,505.1200000000001,swap,notBad
13339,6,505.1200000000001,6,505.1200000000001,move,improve
13340,6,505.1200000000001,6,505.1200000000001,move,improve
13341,6,505.1200000000001,6,505.1200000000001,2opt,notBad
13342,6,505.1200000000001,6,505.1200000000001,swap,notBad
13343,6,505.1200000000001,6,505.1200000000001,2opt,notBad
13344,6,505.1200000000001,6,505.1200000000001,2opt,notBad
13345,6,505.1200000000001,6,505.1200000000001,2opt,notBad
13346,6,505.1200000000001,6,505.1200000000001,move,improve
13347,6,505.1200000000001,6,505.1200000000001,2opt,notBad
13348,6,505.1200000000001,6,505.1200000000001,swap,notBad
13349,6,505.1200000000001,6,505.1200000000001,2opt,notBad
13350,6,505.1200000000001,6,505.1200000000001,swap,notBad
13351,6,505.1200000000001,6,505.1200000000001,swap,notBad
13352,6,505.1200000000001,6,505.1200000000001,swap,notBad
13353,6,505.1200000000001,6,505.1200000000001,2opt,notBad
13354,6,505.1200000000001,6,505.1200000000001,2opt,notBad
13355,6,505.1200000000001,6,505.1200000000001,swap,notBad
13356,6,505.1200000000001,6,505.1200000000001,move,improve
13357,6,505.1200000000001,6,505.1200000000001,2opt,notBad
13358,6,505.1200000000001,6,505.1200000000001,swap,notBad
13359,6,505.1200000000001,6,505.1200000000001,2opt,notBad
13360,6,505.1200000000001,6,505.1200000000001,2opt,notBad
13361,6,505.1200000000001,6,505.1200000000001,move,improve
13362,6,505.1200000000001,6,505.1200000000001,swap,notBad
13363,6,505.1200000000001,6,505.1200000000001,move,improve
13364,6,505.1200000000001,6,505.1200000000001,swap,notBad
13365,6,505.1200000000001,6,505.1200000000001,2opt,improve
13366,6,505.1200000000001,6,505.1200000000001,swap,notBad
13367,6,505.1200000000001,6,505.1200000000001,move,improve
13368,6,505.1200000000001,6,505.1200000000001,swap,notBad
13369,6,505.1200000000001,6,505.1200000000001,swap,notBad
13370,6,505.1200000000001,6,505.1200000000001,move,improve
13371,6,505.1200000000001,6,505.1200000000001,swap,notBad
13372,6,505.1200000000001,6,505.1200000000001,2opt,notBad
13373,6,505.1200000000001,6,505.1200000000001,move,improve
13374,6,505.1200000000001,6,505.1200000000001,2opt,notBad
13375,6,505.1200000000001,6,505.1200000000001,swap,notBad
13376,6,505.1200000000001,6,505.1200000000001,swap,notBad
13377,6,505.1200000000001,6,505.1200000000001,swap,notBad
13378,6,505.1200000000001,6,505.1200000000001,move,improve
13379,6,505.1200000000001,6,505.1200000000001,move,improve
13380,6,505.1200000000001,6,505.1200000000001,swap,notBad
13381,6,505.1200000000001,6,505.1200000000001,2opt,notBad
13382,6,505.1200000000001,6,505.1200000000001,move,improve
13383,6,505.1200000000001,6,505.1200000000001,move,improve
13384,6,505.1200000000001,6,505.1200000000001,swap,notBad
13385,6,505.1200000000001,6,505.1200000000001,move,improve
13386,6,505.1200000000001,6,505.1200000000001,2opt,notBad
13387,6,505.1200000000001,6,505.1200000000001,2opt,notBad
13388,6,505.1200000000001,6,505.1200000000001,2opt,notBad
13389,6,505.1200000000001,6,505.1200000000001,swap,notBad
13390,6,505.1200000000001,6,505.1200000000001,2opt,notBad
13391,6,505.1200000000001,6,505.1200000000001,2opt,notBad
13392,6,505.1200000000001,6,505.1200000000001,move,improve
13393,6,505.1200000000001,6,505.1200000000001,2opt,notBad
13394,6,505.1200000000001,6,505.1200000000001,swap,notBad
13395,6,505.1200000000001,6,505.1200000000001,2opt,notBad
13396,6,505.1200000000001,6,505.1200000000001,move,improve
13397,6,505.1200000000001,6,505.1200000000001,move,improve
13398,6,505.1200000000001,6,505.1200000000001,swap,notBad
13399,6,505.1200000000001,6,505.1200000000001,swap,notBad
13400,6,505.1200000000001,6,505.1200000000001,swap,notBad
13401,6,505.1200000000001,6,505.1200000000001,2opt,notBad
13402,6,505.1200000000001,6,505.1200000000001,swap,notBad
13403,6,505.1200000000001,6,505.1200000000001,swap,notBad
13404,6,505.1200000000001,6,505.1200000000001,2opt,notBad
13405,6,505.1200000000001,6,505.1200000000001,move,improve
13406,6,505.1200000000001,6,505.1200000000001,swap,notBad
13407,6,505.1200000000001,6,505.1200000000001,swap,notBad
13408,6,505.1200000000001,6,505.1200000000001,swap,notBad
13409,6,505.1200000000001,6,505.1200000000001,swap,notBad
13410,6,505.1200000000001,6,505.1200000000001,2opt,improve
13411,6,505.1200000000001,6,505.1200000000001,move,improve
13412,6,505.1200000000001,6,505.1200000000001,swap,notBad
13413,6,505.1200000000001,6,505.1200000000001,move,improve
13414,6,505.1200000000001,6,505.1200000000001,move,improve
13415,6,505.1200000000001,6,505.1200000000001,move,improve
13416,6,505.1200000000001,6,505.1200000000001,move,improve
13417,6,505.1200000000001,6,505.1200000000001,swap,notBad
13418,6,505.1200000000001,6,505.1200000000001,2opt,notBad
13419,6,505.1200000000001,6,505.1200000000001,2opt,notBad
13420,6,505.1200000000001,6,505.1200000000001,swap,notBad
13421,6,505.1200000000001,6,505.1200000000001,swap,notBad
13422,6,505.1200000000001,6,505.1200000000001,swap,notBad
13423,6,505.1200000000001,6,505.1200000000001,swap,notBad
13424,6,505.1200000000001,6,505.1200000000001,move,improve
13425,6,505.1200000000001,6,505.1200000000001,move,improve
13426,6,505.1200000000001,6,505.1200000000001,swap,notBad
13427,6,505.1200000000001,6,505.1200000000001,move,improve
13428,6,505.1200000000001,6,505.1200000000001,move,improve
13429,6,505.1200000000001,6,505.1200000000001,swap,notBad
13430,6,505.1200000000001,6,505.1200000000001,swap,notBad
13431,6,505.1200000000001,6,505.1200000000001,swap,notBad
13432,6,505.1200000000001,6,505.1200000000001,swap,notBad
13433,6,505.1200000000001,6,505.1200000000001,swap,notBad
13434,6,505.1200000000001,6,505.1200000000001,swap,notBad
13435,6,505.1200000000001,6,505.1200000000001,2opt,notBad
13436,6,505.1200000000001,6,505.1200000000001,move,improve
13437,6,505.1200000000001,6,505.1200000000001,2opt,improve
13438,6,505.1200000000001,6,505.1200000000001,2opt,improve
13439,6,505.1200000000001,6,505.1200000000001,2opt,notBad
13440,6,505.1200000000001,6,505.1200000000001,swap,notBad
13441,6,505.1200000000001,6,505.1200000000001,swap,notBad
13442,6,505.1200000000001,6,505.1200000000001,2opt,notBad
13443,6,505.1200000000001,6,505.1200000000001,move,improve
13444,6,505.1200000000001,6,505.1200000000001,move,improve
13445,6,505.1200000000001,6,505.1200000000001,2opt,notBad
13446,6,505.1200000000001,6,505.1200000000001,move,improve
13447,6,505.1200000000001,6,505.1200000000001,2opt,notBad
13448,6,505.1200000000001,6,505.1200000000001,2opt,notBad
13449,6,505.1200000000001,6,505.1200000000001,swap,notBad
13450,6,505.1200000000001,6,505.1200000000001,2opt,improve
13451,6,505.1200000000001,6,505.1200000000001,move,improve
13452,6,505.1200000000001,6,505.1200000000001,move,improve
13453,6,505.1200000000001,6,505.1200000000001,move,improve
13454,6,505.1200000000001,6,505.1200000000001,move,improve
13455,6,505.1200000000001,6,505.1200000000001,move,improve
13456,6,505.1200000000001,6,505.1200000000001,2opt,notBad
13457,6,505.1200000000001,6,505.1200000000001,move,improve
13458,6,505.1200000000001,6,505.1200000000001,swap,notBad
13459,6,505.1200000000001,6,505.1200000000001,swap,notBad
13460,6,505.1200000000001,6,505.1200000000001,move,improve
13461,6,505.1200000000001,6,505.1200000000001,move,improve
13462,6,505.1200000000001,6,505.1200000000001,2opt,notBad
13463,6,505.1200000000001,6,505.1200000000001,move,improve
13464,6,505.1200000000001,6,505.1200000000001,move,improve
13465,6,505.1200000000001,6,505.1200000000001,swap,notBad
13466,6,505.1200000000001,6,505.1200000000001,swap,notBad
13467,6,505.1200000000001,6,505.1200000000001,move,improve
13468,6,505.1200000000001,6,505.1200000000001,swap,notBad
13469,6,505.1200000000001,6,505.1200000000001,2opt,notBad
13470,6,505.1200000000001,6,505.1200000000001,move,improve
13471,6,505.1200000000001,6,505.1200000000001,move,improve
13472,6,505.1200000000001,6,505.1200000000001,swap,notBad
13473,6,505.1200000000001,6,505.1200000000001,swap,notBad
13474,6,505.1200000000001,6,505.1200000000001,swap,notBad
13475,6,505.1200000000001,6,505.1200000000001,swap,notBad
13476,6,505.1200000000001,6,505.1200000000001,2opt,notBad
13477,6,505.1200000000001,6,505.1200000000001,2opt,notBad
13478,6,505.1200000000001,6,505.1200000000001,swap,notBad
13479,6,505.1200000000001,6,505.1200000000001,move,improve
13480,6,505.1200000000001,6,505.1200000000001,move,improve
13481,6,505.1200000000001,6,505.1200000000001,move,improve
13482,6,505.1200000000001,6,505.1200000000001,move,improve
13483,6,505.1200000000001,6,505.1200000000001,move,improve
13484,6,505.1200000000001,6,505.1200000000001,swap,notBad
13485,6,505.1200000000001,6,505.1200000000001,swap,notBad
13486,6,505.1200000000001,6,505.1200000000001,swap,notBad
13487,6,505.1200000000001,6,505.1200000000001,move,improve
13488,6,505.1200000000001,6,505.1200000000001,swap,notBad
13489,6,505.1200000000001,6,505.1200000000001,move,improve
13490,6,505.1200000000001,6,505.1200000000001,2opt,notBad
13491,6,505.1200000000001,6,505.1200000000001,swap,notBad
13492,6,505.1200000000001,6,505.1200000000001,swap,notBad
13493,6,505.1200000000001,6,505.1200000000001,2opt,improve
13494,6,505.1200000000001,6,505.1200000000001,swap,notBad
13495,6,505.1200000000001,6,505.1200000000001,move,improve
13496,6,505.1200000000001,6,505.1200000000001,swap,notBad
13497,6,505.1200000000001,6,505.1200000000001,move,improve
13498,6,505.1200000000001,6,505.1200000000001,move,improve
13499,6,505.1200000000001,6,505.1200000000001,2opt,notBad
13500,6,505.1200000000001,6,505.1200000000001,swap,notBad
13501,6,505.1200000000001,6,505.1200000000001,2opt,notBad
13502,6,505.1200000000001,6,505.1200000000001,swap,notBad
13503,6,505.1200000000001,6,505.1200000000001,swap,notBad
13504,6,505.1200000000001,6,505.1200000000001,swap,notBad
13505,6,505.1200000000001,6,505.1200000000001,swap,notBad
13506,6,505.1200000000001,6,505.1200000000001,move,improve
13507,6,505.1200000000001,6,505.1200000000001,move,improve
13508,6,505.1200000000001,6,505.1200000000001,swap,notBad
13509,6,505.1200000000001,6,505.1200000000001,move,improve
13510,6,505.1200000000001,6,505.1200000000001,swap,notBad
13511,6,505.1200000000001,6,505.1200000000001,2opt,notBad
13512,6,505.1200000000001,6,505.1200000000001,swap,notBad
13513,6,505.1200000000001,6,505.1200000000001,swap,notBad
13514,6,505.1200000000001,6,505.1200000000001,move,improve
13515,6,505.1200000000001,6,505.1200000000001,move,improve
13516,6,505.1200000000001,6,505.1200000000001,2opt,notBad
13517,6,505.1200000000001,6,505.1200000000001,2opt,notBad
13518,6,505.1200000000001,6,505.1200000000001,swap,notBad
13519,6,505.1200000000001,6,505.1200000000001,swap,notBad
13520,6,505.1200000000001,6,505.1200000000001,2opt,notBad
13521,6,505.1200000000001,6,505.1200000000001,2opt,notBad
13522,6,505.1200000000001,6,505.1200000000001,2opt,notBad
13523,6,505.1200000000001,6,505.1200000000001,swap,notBad
13524,6,505.1200000000001,6,505.1200000000001,move,improve
13525,6,505.1200000000001,6,505.1200000000001,swap,notBad
13526,6,505.1200000000001,6,505.1200000000001,2opt,notBad
13527,6,505.1200000000001,6,505.1200000000001,2opt,improve
13528,6,505.1200000000001,6,505.1200000000001,swap,notBad
13529,6,505.1200000000001,6,505.1200000000001,move,improve
13530,6,505.1200000000001,6,505.1200000000001,swap,notBad
13531,6,505.1200000000001,6,505.1200000000001,swap,notBad
13532,6,505.1200000000001,6,505.1200000000001,2opt,notBad
13533,6,505.1200000000001,6,505.1200000000001,2opt,notBad
13534,6,505.1200000000001,6,505.1200000000001,swap,notBad
13535,6,505.1200000000001,6,505.1200000000001,2opt,notBad
13536,6,505.1200000000001,6,505.1200000000001,swap,notBad
13537,6,505.1200000000001,6,505.1200000000001,2opt,notBad
13538,6,505.1200000000001,6,505.1200000000001,swap,notBad
13539,6,505.1200000000001,6,505.1200000000001,swap,notBad
13540,6,505.1200000000001,6,505.1200000000001,2opt,notBad
13541,6,505.1200000000001,6,505.1200000000001,2opt,notBad
13542,6,505.1200000000001,6,505.1200000000001,2opt,notBad
13543,6,505.1200000000001,6,505.1200000000001,2opt,notBad
13544,6,505.1200000000001,6,505.1200000000001,swap,notBad
13545,6,505.1200000000001,6,505.1200000000001,move,improve
13546,6,505.1200000000001,6,505.1200000000001,move,improve
13547,6,505.1200000000001,6,505.1200000000001,2opt,improve
13548,6,505.1200000000001,6,505.1200000000001,2opt,notBad
13549,6,505.1200000000001,6,505.1200000000001,swap,notBad
13550,6,505.1200000000001,6,505.1200000000001,swap,notBad
13551,6,505.1200000000001,6,505.1200000000001,swap,notBad
13552,6,505.1200000000001,6,505.1200000000001,swap,notBad
13553,6,505.1200000000001,6,505.1200000000001,2opt,notBad
13554,6,505.1200000000001,6,505.1200000000001,swap,notBad
13555,6,505.1200000000001,6,505.1200000000001,move,improve
13556,6,505.1200000000001,6,505.1200000000001,swap,notBad
13557,6,505.1200000000001,6,505.1200000000001,2opt,notBad
13558,6,505.1200000000001,6,505.1200000000001,2opt,notBad
13559,6,505.1200000000001,6,505.1200000000001,move,improve
13560,6,505.1200000000001,6,505.1200000000001,2opt,notBad
13561,6,505.1200000000001,6,505.1200000000001,move,improve
13562,6,505.1200000000001,6,505.1200000000001,2opt,notBad
13563,6,505.1200000000001,6,505.1200000000001,2opt,notBad
13564,6,505.1200000000001,6,505.1200000000001,move,improve
13565,6,505.1200000000001,6,505.1200000000001,2opt,notBad
13566,6,505.1200000000001,6,505.1200000000001,move,improve
13567,6,505.1200000000001,6,505.1200000000001,swap,notBad
13568,6,505.1200000000001,6,505.1200000000001,swap,notBad
13569,6,505.1200000000001,6,505.1200000000001,2opt,notBad
13570,6,505.1200000000001,6,505.1200000000001,2opt,notBad
13571,6,505.1200000000001,6,505.1200000000001,2opt,notBad
13572,6,505.1200000000001,6,505.1200000000001,move,improve
13573,6,505.1200000000001,6,505.1200000000001,2opt,notBad
13574,6,505.1200000000001,6,505.1200000000001,swap,notBad
13575,6,505.1200000000001,6,505.1200000000001,swap,notBad
13576,6,505.1200000000001,6,505.1200000000001,swap,notBad
13577,6,505.1200000000001,6,505.1200000000001,swap,notBad
13578,6,505.1200000000001,6,505.1200000000001,move,improve
13579,6,505.1200000000001,6,505.1200000000001,move,improve
13580,6,505.1200000000001,6,505.1200000000001,move,improve
13581,6,505.1200000000001,6,505.1200000000001,swap,notBad
13582,6,505.1200000000001,6,505.1200000000001,swap,notBad
13583,6,505.1200000000001,6,505.1200000000001,2opt,notBad
13584,6,505.1200000000001,6,505.1200000000001,swap,notBad
13585,6,505.1200000000001,6,505.1200000000001,swap,notBad
13586,6,505.1200000000001,6,505.1200000000001,2opt,improve
13587,6,505.1200000000001,6,505.1200000000001,swap,notBad
13588,6,505.1200000000001,6,505.1200000000001,move,improve
13589,6,505.1200000000001,6,505.1200000000001,2opt,notBad
13590,6,505.1200000000001,6,505.1200000000001,move,improve
13591,6,505.1200000000001,6,505.1200000000001,swap,notBad
13592,6,505.1200000000001,6,505.1200000000001,move,improve
13593,6,505.1200000000001,6,505.1200000000001,move,improve
13594,6,505.1200000000001,6,505.1200000000001,2opt,notBad
13595,6,505.1200000000001,6,505.1200000000001,2opt,notBad
13596,6,505.1200000000001,6,505.1200000000001,swap,notBad
13597,6,505.1200000000001,6,505.1200000000001,move,improve
13598,6,505.1200000000001,6,505.1200000000001,move,improve
13599,6,505.1200000000001,6,505.1200000000001,move,improve
13600,6,505.1200000000001,6,505.1200000000001,swap,notBad
13601,6,505.1200000000001,6,505.1200000000001,move,improve
13602,6,505.1200000000001,6,505.1200000000001,move,improve
13603,6,505.1200000000001,6,505.1200000000001,swap,notBad
13604,6,505.1200000000001,6,505.1200000000001,swap,notBad
13605,6,505.1200000000001,6,505.1200000000001,2opt,notBad
13606,6,505.1200000000001,6,505.1200000000001,swap,notBad
13607,6,505.1200000000001,6,505.1200000000001,swap,notBad
13608,6,505.1200000000001,6,505.1200000000001,move,improve
13609,6,505.1200000000001,6,505.1200000000001,move,improve
13610,6,505.1200000000001,6,505.1200000000001,2opt,notBad
13611,6,505.1200000000001,6,505.1200000000001,swap,notBad
13612,6,505.1200000000001,6,505.1200000000001,move,improve
13613,6,505.1200000000001,6,505.1200000000001,move,improve
13614,6,505.1200000000001,6,505.1200000000001,2opt,notBad
13615,6,505.1200000000001,6,505.1200000000001,swap,notBad
13616,6,505.1200000000001,6,505.1200000000001,move,improve
13617,6,505.1200000000001,6,505.1200000000001,move,improve
13618,6,505.1200000000001,6,505.1200000000001,swap,notBad
13619,6,505.1200000000001,6,505.1200000000001,swap,notBad
13620,6,505.1200000000001,6,505.1200000000001,move,improve
13621,6,505.1200000000001,6,505.1200000000001,2opt,notBad
13622,6,505.1200000000001,6,505.1200000000001,2opt,notBad
13623,6,505.1200000000001,6,505.1200000000001,swap,notBad
13624,6,505.1200000000001,6,505.1200000000001,swap,notBad
13625,6,505.1200000000001,6,505.1200000000001,move,improve
13626,6,505.1200000000001,6,505.1200000000001,swap,notBad
13627,6,505.1200000000001,6,505.1200000000001,2opt,notBad
13628,6,505.1200000000001,6,505.1200000000001,2opt,improve
13629,6,505.1200000000001,6,505.1200000000001,swap,notBad
13630,6,505.1200000000001,6,505.1200000000001,move,improve
13631,6,505.1200000000001,6,505.1200000000001,2opt,notBad
13632,6,505.1200000000001,6,505.1200000000001,swap,notBad
13633,6,505.1200000000001,6,505.1200000000001,move,improve
13634,6,505.1200000000001,6,505.1200000000001,2opt,notBad
13635,6,505.1200000000001,6,505.1200000000001,2opt,notBad
13636,6,505.1200000000001,6,505.1200000000001,swap,notBad
13637,6,505.1200000000001,6,505.1200000000001,swap,notBad
13638,6,505.1200000000001,6,505.1200000000001,move,improve
13639,6,505.1200000000001,6,505.1200000000001,move,improve
13640,6,505.1200000000001,6,505.1200000000001,2opt,notBad
13641,6,505.1200000000001,6,505.1200000000001,2opt,notBad
13642,6,505.1200000000001,6,505.1200000000001,swap,notBad
13643,6,505.1200000000001,6,505.1200000000001,2opt,notBad
13644,6,505.1200000000001,6,505.1200000000001,2opt,notBad
13645,6,505.1200000000001,6,505.1200000000001,2opt,notBad
13646,6,505.1200000000001,6,505.1200000000001,swap,notBad
13647,6,505.1200000000001,6,505.1200000000001,swap,notBad
13648,6,505.1200000000001,6,505.1200000000001,move,improve
13649,6,505.1200000000001,6,505.1200000000001,2opt,notBad
13650,6,505.1200000000001,6,505.1200000000001,move,improve
13651,6,505.1200000000001,6,505.1200000000001,move,improve
13652,6,505.1200000000001,6,505.1200000000001,swap,notBad
13653,6,505.1200000000001,6,505.1200000000001,2opt,notBad
13654,6,505.1200000000001,6,505.1200000000001,move,improve
13655,6,505.1200000000001,6,505.1200000000001,swap,notBad
13656,6,505.1200000000001,6,505.1200000000001,2opt,notBad
13657,6,505.1200000000001,6,505.1200000000001,swap,notBad
13658,6,505.1200000000001,6,505.1200000000001,2opt,notBad
13659,6,505.1200000000001,6,505.1200000000001,2opt,notBad
13660,6,505.1200000000001,6,505.1200000000001,2opt,notBad
13661,6,505.1200000000001,6,505.1200000000001,move,improve
13662,6,505.1200000000001,6,505.1200000000001,move,improve
13663,6,505.1200000000001,6,505.1200000000001,2opt,notBad
13664,6,505.1200000000001,6,505.1200000000001,2opt,notBad
13665,6,505.1200000000001,6,505.1200000000001,2opt,improve
13666,6,505.1200000000001,6,505.1200000000001,move,improve
13667,6,505.1200000000001,6,505.1200000000001,2opt,notBad
13668,6,505.1200000000001,6,505.1200000000001,move,improve
13669,6,505.1200000000001,6,505.1200000000001,2opt,notBad
13670,6,505.1200000000001,6,505.1200000000001,2opt,notBad
13671,6,505.1200000000001,6,505.1200000000001,swap,notBad
13672,6,505.1200000000001,6,505.1200000000001,move,improve
13673,6,505.1200000000001,6,505.1200000000001,move,improve
13674,6,505.1200000000001,6,505.1200000000001,2opt,notBad
13675,6,505.1200000000001,6,505.1200000000001,2opt,notBad
13676,6,505.1200000000001,6,505.1200000000001,2opt,notBad
13677,6,505.1200000000001,6,505.1200000000001,swap,notBad
13678,6,505.1200000000001,6,505.1200000000001,2opt,notBad
13679,6,505.1200000000001,6,505.1200000000001,swap,notBad
13680,6,505.1200000000001,6,505.1200000000001,swap,notBad
13681,6,505.1200000000001,6,505.1200000000001,move,improve
13682,6,505.1200000000001,6,505.1200000000001,2opt,notBad
13683,6,505.1200000000001,6,505.1200000000001,move,improve
13684,6,505.1200000000001,6,505.1200000000001,2opt,notBad
13685,6,505.1200000000001,6,505.1200000000001,2opt,notBad
13686,6,505.1200000000001,6,505.1200000000001,2opt,notBad
13687,6,505.1200000000001,6,505.1200000000001,2opt,notBad
13688,6,505.1200000000001,6,505.1200000000001,swap,notBad
13689,6,505.1200000000001,6,505.1200000000001,2opt,notBad
13690,6,505.1200000000001,6,505.1200000000001,swap,notBad
13691,6,505.1200000000001,6,505.1200000000001,move,improve
13692,6,505.1200000000001,6,505.1200000000001,swap,notBad
13693,6,505.1200000000001,6,505.1200000000001,2opt,notBad
13694,6,505.1200000000001,6,505.1200000000001,swap,notBad
13695,6,505.1200000000001,6,505.1200000000001,move,improve
13696,6,505.1200000000001,6,505.1200000000001,swap,notBad
13697,6,505.1200000000001,6,505.1200000000001,move,improve
13698,6,505.1200000000001,6,505.1200000000001,move,improve
13699,6,505.1200000000001,6,505.1200000000001,2opt,notBad
13700,6,505.1200000000001,6,505.1200000000001,2opt,notBad
13701,6,505.1200000000001,6,505.1200000000001,2opt,notBad
13702,6,505.1200000000001,6,505.1200000000001,swap,notBad
13703,6,505.1200000000001,6,505.1200000000001,move,improve
13704,6,505.1200000000001,6,505.1200000000001,swap,notBad
13705,6,505.1200000000001,6,505.1200000000001,2opt,notBad
13706,6,505.1200000000001,6,505.1200000000001,swap,notBad
13707,6,505.1200000000001,6,505.1200000000001,2opt,notBad
13708,6,505.1200000000001,6,505.1200000000001,swap,notBad
13709,6,505.1200000000001,6,505.1200000000001,swap,notBad
13710,6,505.1200000000001,6,505.1200000000001,move,improve
13711,6,505.1200000000001,6,505.1200000000001,move,improve
13712,6,505.1200000000001,6,505.1200000000001,swap,notBad
13713,6,505.1200000000001,6,505.1200000000001,move,improve
13714,6,505.1200000000001,6,505.1200000000001,2opt,notBad
13715,6,505.1200000000001,6,505.1200000000001,move,improve
13716,6,505.1200000000001,6,505.1200000000001,2opt,notBad
13717,6,505.1200000000001,6,505.1200000000001,move,improve
13718,6,505.1200000000001,6,505.1200000000001,swap,notBad
13719,6,505.1200000000001,6,505.1200000000001,2opt,notBad
13720,6,505.1200000000001,6,505.1200000000001,2opt,notBad
13721,6,505.1200000000001,6,505.1200000000001,swap,notBad
13722,6,505.1200000000001,6,505.1200000000001,move,improve
13723,6,505.1200000000001,6,505.1200000000001,move,improve
13724,6,505.1200000000001,6,505.1200000000001,swap,notBad
13725,6,505.1200000000001,6,505.1200000000001,2opt,notBad
13726,6,505.1200000000001,6,505.1200000000001,2opt,notBad
13727,6,505.1200000000001,6,505.1200000000001,swap,notBad
13728,6,505.1200000000001,6,505.1200000000001,move,improve
13729,6,505.1200000000001,6,505.1200000000001,swap,notBad
13730,6,505.1200000000001,6,505.1200000000001,move,improve
13731,6,505.1200000000001,6,505.1200000000001,2opt,notBad
13732,6,505.1200000000001,6,505.1200000000001,swap,notBad
13733,6,505.1200000000001,6,505.1200000000001,swap,notBad
13734,6,505.1200000000001,6,505.1200000000001,2opt,notBad
13735,6,505.1200000000001,6,505.1200000000001,move,improve
13736,6,505.1200000000001,6,505.1200000000001,move,improve
13737,6,505.1200000000001,6,505.1200000000001,2opt,notBad
13738,6,505.1200000000001,6,505.1200000000001,swap,notBad
13739,6,505.1200000000001,6,505.1200000000001,2opt,notBad
13740,6,505.1200000000001,6,505.1200000000001,move,improve
13741,6,505.1200000000001,6,505.1200000000001,2opt,notBad
13742,6,505.1200000000001,6,505.1200000000001,2opt,notBad
13743,6,505.1200000000001,6,505.1200000000001,2opt,notBad
13744,6,505.1200000000001,6,505.1200000000001,2opt,improve
13745,6,505.1200000000001,6,505.1200000000001,2opt,notBad
13746,6,505.1200000000001,6,505.1200000000001,2opt,notBad
13747,6,505.1200000000001,6,505.1200000000001,2opt,notBad
13748,6,505.1200000000001,6,505.1200000000001,2opt,improve
13749,6,505.1200000000001,6,505.1200000000001,swap,notBad
13750,6,505.1200000000001,6,505.1200000000001,move,improve
13751,6,505.1200000000001,6,505.1200000000001,2opt,notBad
13752,6,505.1200000000001,6,505.1200000000001,swap,notBad
13753,6,505.1200000000001,6,505.1200000000001,move,improve
13754,6,505.1200000000001,6,505.1200000000001,2opt,notBad
13755,6,505.1200000000001,6,505.1200000000001,2opt,notBad
13756,6,505.1200000000001,6,505.1200000000001,move,improve
13757,6,505.1200000000001,6,505.1200000000001,swap,notBad
13758,6,505.1200000000001,6,505.1200000000001,swap,notBad
13759,6,505.1200000000001,6,505.1200000000001,swap,notBad
13760,6,505.1200000000001,6,505.1200000000001,move,improve
13761,6,505.1200000000001,6,505.1200000000001,swap,notBad
13762,6,505.1200000000001,6,505.1200000000001,swap,notBad
13763,6,505.1200000000001,6,505.1200000000001,move,improve
13764,6,505.1200000000001,6,505.1200000000001,swap,notBad
13765,6,505.1200000000001,6,505.1200000000001,swap,notBad
13766,6,505.1200000000001,6,505.1200000000001,swap,notBad
13767,6,505.1200000000001,6,505.1200000000001,swap,notBad
13768,6,505.1200000000001,6,505.1200000000001,move,improve
13769,6,505.1200000000001,6,505.1200000000001,2opt,improve
13770,6,505.1200000000001,6,505.1200000000001,move,improve
13771,6,505.1200000000001,6,505.1200000000001,swap,notBad
13772,6,505.1200000000001,6,505.1200000000001,swap,notBad
13773,6,505.1200000000001,6,505.1200000000001,swap,notBad
13774,6,505.1200000000001,6,505.1200000000001,move,improve
13775,6,505.1200000000001,6,505.1200000000001,2opt,notBad
13776,6,505.1200000000001,6,505.1200000000001,move,improve
13777,6,505.1200000000001,6,505.1200000000001,move,improve
13778,6,505.1200000000001,6,505.1200000000001,2opt,improve
13779,6,505.1200000000001,6,505.1200000000001,2opt,notBad
13780,6,505.1200000000001,6,505.1200000000001,swap,notBad
13781,6,505.1200000000001,6,505.1200000000001,move,improve
13782,6,505.1200000000001,6,505.1200000000001,swap,notBad
13783,6,505.1200000000001,6,505.1200000000001,2opt,notBad
13784,6,505.1200000000001,6,505.1200000000001,2opt,notBad
13785,6,505.1200000000001,6,505.1200000000001,move,improve
13786,6,505.1200000000001,6,505.1200000000001,2opt,notBad
13787,6,505.1200000000001,6,505.1200000000001,2opt,notBad
13788,6,505.1200000000001,6,505.1200000000001,move,notBad
13789,6,505.1200000000001,6,505.1200000000001,move,improve
13790,6,505.1200000000001,6,505.1200000000001,move,improve
13791,6,505.1200000000001,6,505.1200000000001,2opt,notBad
13792,6,505.1200000000001,6,505.1200000000001,swap,notBad
13793,6,505.1200000000001,6,505.1200000000001,swap,notBad
13794,6,505.1200000000001,6,505.1200000000001,swap,notBad
13795,6,505.1200000000001,6,505.1200000000001,2opt,notBad
13796,6,505.1200000000001,6,505.1200000000001,2opt,notBad
13797,6,505.1200000000001,6,505.1200000000001,2opt,notBad
13798,6,505.1200000000001,6,505.1200000000001,2opt,notBad
13799,6,505.1200000000001,6,505.1200000000001,swap,notBad
13800,6,505.1200000000001,6,505.1200000000001,swap,notBad
13801,6,505.1200000000001,6,505.1200000000001,2opt,notBad
13802,6,505.1200000000001,6,505.1200000000001,swap,notBad
13803,6,505.1200000000001,6,505.1200000000001,2opt,notBad
13804,6,505.1200000000001,6,505.1200000000001,move,improve
13805,6,505.1200000000001,6,505.1200000000001,swap,notBad
13806,6,506.32000000000005,6,505.1200000000001,move,acceptBad
13807,6,506.32000000000005,6,505.1200000000001,move,improve
13808,6,506.32000000000005,6,505.1200000000001,swap,notBad
13809,6,506.32000000000005,6,505.1200000000001,2opt,notBad
13810,6,506.32000000000005,6,505.1200000000001,2opt,notBad
13811,6,506.32000000000005,6,505.1200000000001,move,improve
13812,6,506.32000000000005,6,505.1200000000001,2opt,notBad
13813,6,506.32000000000005,6,505.1200000000001,2opt,notBad
13814,6,506.32000000000005,6,505.1200000000001,swap,notBad
13815,6,506.32000000000005,6,505.1200000000001,2opt,notBad
13816,6,506.32000000000005,6,505.1200000000001,move,improve
13817,6,506.32000000000005,6,505.1200000000001,move,improve
13818,6,506.32000000000005,6,505.1200000000001,swap,notBad
13819,6,506.32000000000005,6,505.1200000000001,move,improve
13820,6,506.32000000000005,6,505.1200000000001,2opt,improve
13821,6,506.32000000000005,6,505.1200000000001,move,improve
13822,6,506.32000000000005,6,505.1200000000001,swap,notBad
13823,6,506.32000000000005,6,505.1200000000001,swap,notBad
13824,6,506.32000000000005,6,505.1200000000001,2opt,notBad
13825,6,506.32000000000005,6,505.1200000000001,2opt,improve
13826,6,506.32000000000005,6,505.1200000000001,2opt,notBad
13827,6,506.32000000000005,6,505.1200000000001,move,improve
13828,6,506.32000000000005,6,505.1200000000001,swap,notBad
13829,6,506.32000000000005,6,505.1200000000001,2opt,notBad
13830,6,506.32000000000005,6,505.1200000000001,2opt,improve
13831,6,506.32000000000005,6,505.1200000000001,move,improve
13832,6,506.32000000000005,6,505.1200000000001,2opt,notBad
13833,6,506.32000000000005,6,505.1200000000001,move,improve
13834,6,506.32000000000005,6,505.1200000000001,swap,notBad
13835,6,506.32000000000005,6,505.1200000000001,swap,notBad
13836,6,506.32000000000005,6,505.1200000000001,move,improve
13837,6,506.32000000000005,6,505.1200000000001,move,improve
13838,6,506.32000000000005,6,505.1200000000001,2opt,notBad
13839,6,506.32000000000005,6,505.1200000000001,move,improve
13840,6,506.32000000000005,6,505.1200000000001,move,improve
13841,6,506.32000000000005,6,505.1200000000001,move,improve
13842,6,506.32000000000005,6,505.1200000000001,swap,notBad
13843,6,506.32000000000005,6,505.1200000000001,2opt,notBad
13844,6,506.32000000000005,6,505.1200000000001,move,improve
13845,6,506.32000000000005,6,505.1200000000001,swap,notBad
13846,6,506.32000000000005,6,505.1200000000001,move,improve
13847,6,506.32000000000005,6,505.1200000000001,move,improve
13848,6,506.32000000000005,6,505.1200000000001,move,improve
13849,6,506.32000000000005,6,505.1200000000001,2opt,notBad
13850,6,506.32000000000005,6,505.1200000000001,move,improve
13851,6,506.32000000000005,6,505.1200000000001,move,improve
13852,6,506.32000000000005,6,505.1200000000001,2opt,notBad
13853,6,506.32000000000005,6,505.1200000000001,move,improve
13854,6,506.32000000000005,6,505.1200000000001,swap,notBad
13855,6,506.32000000000005,6,505.1200000000001,2opt,notBad
13856,6,506.32000000000005,6,505.1200000000001,2opt,notBad
13857,6,506.32000000000005,6,505.1200000000001,swap,notBad
13858,6,506.32000000000005,6,505.1200000000001,swap,notBad
13859,6,506.32000000000005,6,505.1200000000001,2opt,notBad
13860,6,506.32000000000005,6,505.1200000000001,swap,notBad
13861,6,506.32000000000005,6,505.1200000000001,2opt,notBad
13862,6,506.32000000000005,6,505.1200000000001,move,improve
13863,6,506.32000000000005,6,505.1200000000001,swap,notBad
13864,6,506.32000000000005,6,505.1200000000001,2opt,notBad
13865,6,506.32000000000005,6,505.1200000000001,swap,notBad
13866,6,506.32000000000005,6,505.1200000000001,swap,notBad
13867,6,506.32000000000005,6,505.1200000000001,swap,notBad
13868,6,506.32000000000005,6,505.1200000000001,2opt,notBad
13869,6,506.32000000000005,6,505.1200000000001,move,improve
13870,6,506.32000000000005,6,505.1200000000001,swap,notBad
13871,6,506.32000000000005,6,505.1200000000001,move,improve
13872,6,506.32000000000005,6,505.1200000000001,move,improve
13873,6,506.32000000000005,6,505.1200000000001,move,improve
13874,6,506.32000000000005,6,505.1200000000001,swap,notBad
13875,6,506.32000000000005,6,505.1200000000001,2opt,notBad
13876,6,506.32000000000005,6,505.1200000000001,swap,notBad
13877,6,506.32000000000005,6,505.1200000000001,swap,notBad
13878,6,506.32000000000005,6,505.1200000000001,2opt,notBad
13879,6,506.32000000000005,6,505.1200000000001,2opt,notBad
13880,6,506.32000000000005,6,505.1200000000001,swap,notBad
13881,6,506.32000000000005,6,505.1200000000001,2opt,notBad
13882,6,506.32000000000005,6,505.1200000000001,swap,notBad
13883,6,506.32000000000005,6,505.1200000000001,move,improve
13884,6,506.32000000000005,6,505.1200000000001,2opt,notBad
13885,6,506.32000000000005,6,505.1200000000001,swap,notBad
13886,6,506.32000000000005,6,505.1200000000001,2opt,notBad
13887,6,506.32000000000005,6,505.1200000000001,2opt,notBad
13888,6,506.32000000000005,6,505.1200000000001,swap,notBad
13889,6,506.32000000000005,6,505.1200000000001,move,improve
13890,6,506.32000000000005,6,505.1200000000001,move,improve
13891,6,506.32000000000005,6,505.1200000000001,2opt,notBad
13892,6,506.32000000000005,6,505.1200000000001,move,improve
13893,6,506.32000000000005,6,505.1200000000001,move,improve
13894,6,506.32000000000005,6,505.1200000000001,2opt,notBad
13895,6,506.32000000000005,6,505.1200000000001,2opt,notBad
13896,6,506.32000000000005,6,505.1200000000001,swap,notBad
13897,6,506.32000000000005,6,505.1200000000001,2opt,notBad
13898,6,506.32000000000005,6,505.1200000000001,move,improve
13899,6,506.32000000000005,6,505.1200000000001,2opt,notBad
13900,6,506.32000000000005,6,505.1200000000001,2opt,notBad
13901,6,506.32000000000005,6,505.1200000000001,swap,notBad
13902,6,506.32000000000005,6,505.1200000000001,swap,notBad
13903,6,506.32000000000005,6,505.1200000000001,2opt,notBad
13904,6,506.32000000000005,6,505.1200000000001,swap,notBad
13905,6,506.32000000000005,6,505.1200000000001,move,improve
13906,6,506.32000000000005,6,505.1200000000001,swap,notBad
13907,6,506.32000000000005,6,505.1200000000001,swap,notBad
13908,6,506.32000000000005,6,505.1200000000001,2opt,notBad
13909,6,506.32000000000005,6,505.1200000000001,move,improve
13910,6,506.32000000000005,6,505.1200000000001,swap,notBad
13911,6,506.32000000000005,6,505.1200000000001,2opt,notBad
13912,6,506.32000000000005,6,505.1200000000001,swap,notBad
13913,6,506.32000000000005,6,505.1200000000001,move,improve
13914,6,506.32000000000005,6,505.1200000000001,2opt,notBad
13915,6,506.32000000000005,6,505.1200000000001,swap,notBad
13916,6,506.32000000000005,6,505.1200000000001,2opt,notBad
13917,6,506.32000000000005,6,505.1200000000001,swap,notBad
13918,6,506.32000000000005,6,505.1200000000001,swap,notBad
13919,6,506.32000000000005,6,505.1200000000001,move,improve
13920,6,506.32000000000005,6,505.1200000000001,swap,notBad
13921,6,506.32000000000005,6,505.1200000000001,2opt,notBad
13922,6,506.32000000000005,6,505.1200000000001,move,improve
13923,6,506.32000000000005,6,505.1200000000001,move,improve
13924,6,506.32000000000005,6,505.1200000000001,move,improve
13925,6,506.32000000000005,6,505.1200000000001,2opt,notBad
13926,6,506.32000000000005,6,505.1200000000001,move,improve
13927,6,506.32000000000005,6,505.1200000000001,move,improve
13928,6,506.32000000000005,6,505.1200000000001,move,improve
13929,6,506.32000000000005,6,505.1200000000001,2opt,notBad
13930,6,506.32000000000005,6,505.1200000000001,swap,notBad
13931,6,506.32000000000005,6,505.1200000000001,move,improve
13932,6,506.32000000000005,6,505.1200000000001,2opt,notBad
13933,6,506.32000000000005,6,505.1200000000001,move,improve
13934,6,506.32000000000005,6,505.1200000000001,move,improve
13935,6,506.32000000000005,6,505.1200000000001,move,improve
13936,6,506.32000000000005,6,505.1200000000001,2opt,notBad
13937,6,506.32000000000005,6,505.1200000000001,move,improve
13938,6,506.32000000000005,6,505.1200000000001,swap,notBad
13939,6,506.32000000000005,6,505.1200000000001,2opt,notBad
13940,6,506.32000000000005,6,505.1200000000001,move,improve
13941,6,506.32000000000005,6,505.1200000000001,swap,notBad
13942,6,506.32000000000005,6,505.1200000000001,move,improve
13943,6,506.32000000000005,6,505.1200000000001,2opt,improve
13944,6,506.48,6,505.1200000000001,swap,acceptBad
13945,6,506.48,6,505.1200000000001,move,improve
13946,6,506.48,6,505.1200000000001,move,improve
13947,6,506.48,6,505.1200000000001,2opt,notBad
13948,6,506.48,6,505.1200000000001,swap,notBad
13949,6,506.48,6,505.1200000000001,2opt,notBad
13950,6,506.48,6,505.1200000000001,2opt,notBad
13951,6,506.48,6,505.1200000000001,2opt,notBad
13952,6,506.48,6,505.1200000000001,2opt,notBad
13953,6,506.48,6,505.1200000000001,move,improve
13954,6,506.48,6,505.1200000000001,move,improve
13955,6,506.48,6,505.1200000000001,swap,notBad
13956,6,506.48,6,505.1200000000001,swap,notBad
13957,6,506.48,6,505.1200000000001,2opt,notBad
13958,6,506.48,6,505.1200000000001,swap,notBad
13959,6,506.48,6,505.1200000000001,move,improve
13960,6,506.48,6,505.1200000000001,2opt,notBad
13961,6,506.48,6,505.1200000000001,swap,notBad
13962,6,506.48,6,505.1200000000001,2opt,notBad
13963,6,506.48,6,505.1200000000001,swap,notBad
13964,6,506.48,6,505.1200000000001,move,improve
13965,6,506.48,6,505.1200000000001,2opt,notBad
13966,6,506.48,6,505.1200000000001,move,improve
13967,6,506.48,6,505.1200000000001,2opt,notBad
13968,6,506.48,6,505.1200000000001,swap,notBad
13969,6,506.48,6,505.1200000000001,swap,notBad
13970,6,506.48,6,505.1200000000001,swap,notBad
13971,6,506.48,6,505.1200000000001,2opt,notBad
13972,6,506.48,6,505.1200000000001,move,improve
13973,6,506.48,6,505.1200000000001,2opt,improve
13974,6,506.48,6,505.1200000000001,move,improve
13975,6,506.48,6,505.1200000000001,2opt,notBad
13976,6,506.48,6,505.1200000000001,swap,notBad
13977,6,506.48,6,505.1200000000001,swap,notBad
13978,6,506.48,6,505.1200000000001,swap,notBad
13979,6,506.48,6,505.1200000000001,2opt,notBad
13980,6,506.48,6,505.1200000000001,move,improve
13981,6,506.48,6,505.1200000000001,move,improve
13982,6,506.48,6,505.1200000000001,move,improve
13983,6,506.48,6,505.1200000000001,swap,notBad
13984,6,506.48,6,505.1200000000001,move,improve
13985,6,506.48,6,505.1200000000001,move,improve
13986,6,506.48,6,505.1200000000001,move,improve
13987,6,506.48,6,505.1200000000001,2opt,improve
13988,6,506.48,6,505.1200000000001,move,improve
13989,6,506.48,6,505.1200000000001,2opt,notBad
13990,6,506.48,6,505.1200000000001,2opt,notBad
13991,6,506.48,6,505.1200000000001,2opt,notBad
13992,6,506.48,6,505.1200000000001,move,improve
13993,6,506.48,6,505.1200000000001,move,improve
13994,6,506.48,6,505.1200000000001,swap,notBad
13995,6,506.48,6,505.1200000000001,swap,notBad
13996,6,506.48,6,505.1200000000001,move,improve
13997,6,506.48,6,505.1200000000001,move,improve
13998,6,506.48,6,505.1200000000001,swap,notBad
13999,6,506.48,6,505.1200000000001,2opt,improve
14000,6,506.48,6,505.1200000000001,move,improve
14001,6,506.48,6,505.1200000000001,swap,notBad
14002,6,506.48,6,505.1200000000001,swap,notBad
14003,6,506.48,6,505.1200000000001,2opt,notBad
14004,6,506.48,6,505.1200000000001,2opt,notBad
14005,6,506.48,6,505.1200000000001,2opt,notBad
14006,6,506.48,6,505.1200000000001,2opt,notBad
14007,6,506.48,6,505.1200000000001,2opt,notBad
14008,6,506.48,6,505.1200000000001,swap,notBad
14009,6,506.48,6,505.1200000000001,2opt,notBad
14010,6,506.48,6,505.1200000000001,2opt,notBad
14011,6,506.32000000000005,6,505.1200000000001,swap,improve
14012,6,506.32000000000005,6,505.1200000000001,swap,notBad
14013,6,506.32000000000005,6,505.1200000000001,2opt,notBad
14014,6,506.32000000000005,6,505.1200000000001,swap,notBad
14015,6,506.32000000000005,6,505.1200000000001,move,improve
14016,6,506.32000000000005,6,505.1200000000001,2opt,notBad
14017,6,506.32000000000005,6,505.1200000000001,move,improve
14018,6,506.32000000000005,6,505.1200000000001,swap,notBad
14019,6,506.32000000000005,6,505.1200000000001,2opt,notBad
14020,6,506.32000000000005,6,505.1200000000001,swap,notBad
14021,6,506.32000000000005,6,505.1200000000001,2opt,notBad
14022,6,506.32000000000005,6,505.1200000000001,2opt,notBad
14023,6,506.32000000000005,6,505.1200000000001,move,improve
14024,6,506.32000000000005,6,505.1200000000001,move,improve
14025,6,506.32000000000005,6,505.1200000000001,swap,notBad
14026,6,506.32000000000005,6,505.1200000000001,2opt,notBad
14027,6,506.32000000000005,6,505.1200000000001,swap,notBad
14028,6,506.32000000000005,6,505.1200000000001,move,improve
14029,6,506.32000000000005,6,505.1200000000001,swap,notBad
14030,6,506.32000000000005,6,505.1200000000001,move,improve
14031,6,506.32000000000005,6,505.1200000000001,swap,notBad
14032,6,506.32000000000005,6,505.1200000000001,move,improve
14033,6,506.32000000000005,6,505.1200000000001,move,improve
14034,6,506.32000000000005,6,505.1200000000001,swap,notBad
14035,6,506.32000000000005,6,505.1200000000001,2opt,improve
14036,6,506.32000000000005,6,505.1200000000001,move,improve
14037,6,506.32000000000005,6,505.1200000000001,2opt,notBad
14038,6,506.32000000000005,6,505.1200000000001,move,improve
14039,6,506.32000000000005,6,505.1200000000001,move,improve
14040,6,506.32000000000005,6,505.1200000000001,2opt,notBad
14041,6,506.32000000000005,6,505.1200000000001,swap,notBad
14042,6,506.32000000000005,6,505.1200000000001,2opt,notBad
14043,6,506.32000000000005,6,505.1200000000001,2opt,notBad
14044,6,506.32000000000005,6,505.1200000000001,swap,notBad
14045,6,506.32000000000005,6,505.1200000000001,move,improve
14046,6,506.32000000000005,6,505.1200000000001,2opt,notBad
14047,6,506.32000000000005,6,505.1200000000001,swap,notBad
14048,6,506.32000000000005,6,505.1200000000001,swap,notBad
14049,6,506.32000000000005,6,505.1200000000001,move,improve
14050,6,506.32000000000005,6,505.1200000000001,2opt,notBad
14051,6,506.32000000000005,6,505.1200000000001,2opt,notBad
14052,6,506.32000000000005,6,505.1200000000001,2opt,notBad
14053,6,506.32000000000005,6,505.1200000000001,move,improve
14054,6,506.32000000000005,6,505.1200000000001,move,improve
14055,6,506.32000000000005,6,505.1200000000001,move,improve
14056,6,506.32000000000005,6,505.1200000000001,move,improve
14057,6,506.32000000000005,6,505.1200000000001,swap,notBad
14058,6,506.32000000000005,6,505.1200000000001,swap,notBad
14059,6,506.32000000000005,6,505.1200000000001,move,improve
14060,6,506.32000000000005,6,505.1200000000001,move,improve
14061,6,506.32000000000005,6,505.1200000000001,2opt,notBad
14062,6,506.32000000000005,6,505.1200000000001,2opt,notBad
14063,6,506.32000000000005,6,505.1200000000001,2opt,notBad
14064,6,506.32000000000005,6,505.1200000000001,2opt,notBad
14065,6,506.32000000000005,6,505.1200000000001,2opt,notBad
14066,6,506.32000000000005,6,505.1200000000001,swap,notBad
14067,6,506.32000000000005,6,505.1200000000001,swap,notBad
14068,6,506.32000000000005,6,505.1200000000001,swap,notBad
14069,6,506.32000000000005,6,505.1200000000001,move,improve
14070,6,506.32000000000005,6,505.1200000000001,2opt,notBad
14071,6,506.32000000000005,6,505.1200000000001,2opt,notBad
14072,6,506.32000000000005,6,505.1200000000001,2opt,notBad
14073,6,506.32000000000005,6,505.1200000000001,2opt,notBad
14074,6,506.32000000000005,6,505.1200000000001,2opt,notBad
14075,6,506.32000000000005,6,505.1200000000001,move,improve
14076,6,506.32000000000005,6,505.1200000000001,swap,notBad
14077,6,506.32000000000005,6,505.1200000000001,2opt,notBad
14078,6,506.32000000000005,6,505.1200000000001,move,improve
14079,6,506.32000000000005,6,505.1200000000001,2opt,notBad
14080,6,506.32000000000005,6,505.1200000000001,2opt,notBad
14081,6,506.32000000000005,6,505.1200000000001,move,improve
14082,6,506.32000000000005,6,505.1200000000001,move,improve
14083,6,506.32000000000005,6,505.1200000000001,swap,notBad
14084,6,506.32000000000005,6,505.1200000000001,move,improve
14085,6,506.32000000000005,6,505.1200000000001,2opt,improve
14086,6,506.32000000000005,6,505.1200000000001,move,improve
14087,6,506.32000000000005,6,505.1200000000001,move,improve
14088,6,506.32000000000005,6,505.1200000000001,2opt,notBad
14089,6,506.32000000000005,6,505.1200000000001,move,improve
14090,6,506.32000000000005,6,505.1200000000001,2opt,notBad
14091,6,506.32000000000005,6,505.1200000000001,swap,notBad
14092,6,506.32000000000005,6,505.1200000000001,2opt,notBad
14093,6,506.32000000000005,6,505.1200000000001,2opt,notBad
14094,6,506.32000000000005,6,505.1200000000001,move,improve
14095,6,506.32000000000005,6,505.1200000000001,move,improve
14096,6,506.32000000000005,6,505.1200000000001,move,improve
14097,6,506.32000000000005,6,505.1200000000001,move,improve
14098,6,506.32000000000005,6,505.1200000000001,swap,notBad
14099,6,506.32000000000005,6,505.1200000000001,2opt,notBad
14100,6,506.32000000000005,6,505.1200000000001,move,improve
14101,6,506.32000000000005,6,505.1200000000001,move,improve
14102,6,506.32000000000005,6,505.1200000000001,move,improve
14103,6,506.32000000000005,6,505.1200000000001,move,improve
14104,6,506.32000000000005,6,505.1200000000001,2opt,notBad
14105,6,506.32000000000005,6,505.1200000000001,swap,notBad
14106,6,506.32000000000005,6,505.1200000000001,swap,notBad
14107,6,506.32000000000005,6,505.1200000000001,move,improve
14108,6,506.32000000000005,6,505.1200000000001,move,improve
14109,6,506.32000000000005,6,505.1200000000001,2opt,notBad
14110,6,506.32000000000005,6,505.1200000000001,swap,notBad
14111,6,506.32000000000005,6,505.1200000000001,move,improve
14112,6,506.32000000000005,6,505.1200000000001,2opt,notBad
14113,6,506.32000000000005,6,505.1200000000001,swap,notBad
14114,6,506.32000000000005,6,505.1200000000001,swap,notBad
14115,6,506.32000000000005,6,505.1200000000001,2opt,notBad
14116,6,506.32000000000005,6,505.1200000000001,2opt,notBad
14117,6,506.32000000000005,6,505.1200000000001,move,improve
14118,6,506.32000000000005,6,505.1200000000001,swap,notBad
14119,6,505.1200000000001,6,505.1200000000001,move,improve
14120,6,505.1200000000001,6,505.1200000000001,2opt,notBad
14121,6,505.1200000000001,6,505.1200000000001,swap,notBad
14122,6,505.1200000000001,6,505.1200000000001,move,improve
14123,6,505.1200000000001,6,505.1200000000001,2opt,notBad
14124,6,505.1200000000001,6,505.1200000000001,swap,notBad
14125,6,505.1200000000001,6,505.1200000000001,2opt,notBad
14126,6,505.1200000000001,6,505.1200000000001,move,improve
14127,6,505.1200000000001,6,505.1200000000001,2opt,notBad
14128,6,505.1200000000001,6,505.1200000000001,2opt,improve
14129,6,505.1200000000001,6,505.1200000000001,swap,notBad
14130,6,505.1200000000001,6,505.1200000000001,2opt,notBad
14131,6,505.1200000000001,6,505.1200000000001,2opt,notBad
14132,6,505.1200000000001,6,505.1200000000001,2opt,notBad
14133,6,505.1200000000001,6,505.1200000000001,move,improve
14134,6,505.1200000000001,6,505.1200000000001,2opt,notBad
14135,6,505.1200000000001,6,505.1200000000001,swap,notBad
14136,6,505.1200000000001,6,505.1200000000001,move,improve
14137,6,505.1200000000001,6,505.1200000000001,2opt,notBad
14138,6,505.1200000000001,6,505.1200000000001,2opt,notBad
14139,6,505.1200000000001,6,505.1200000000001,move,improve
14140,6,505.1200000000001,6,505.1200000000001,2opt,notBad
14141,6,505.1200000000001,6,505.1200000000001,swap,notBad
14142,6,505.1200000000001,6,505.1200000000001,move,improve
14143,6,505.1200000000001,6,505.1200000000001,swap,notBad
14144,6,505.1200000000001,6,505.1200000000001,2opt,notBad
14145,6,505.1200000000001,6,505.1200000000001,swap,notBad
14146,6,505.1200000000001,6,505.1200000000001,swap,notBad
14147,6,505.1200000000001,6,505.1200000000001,swap,notBad
14148,6,505.1200000000001,6,505.1200000000001,2opt,notBad
14149,6,505.1200000000001,6,505.1200000000001,move,improve
14150,6,505.1200000000001,6,505.1200000000001,swap,notBad
14151,6,505.1200000000001,6,505.1200000000001,2opt,notBad
14152,6,505.1200000000001,6,505.1200000000001,move,improve
14153,6,505.1200000000001,6,505.1200000000001,swap,notBad
14154,6,505.1200000000001,6,505.1200000000001,2opt,notBad
14155,6,505.1200000000001,6,505.1200000000001,move,improve
14156,6,505.1200000000001,6,505.1200000000001,2opt,notBad
14157,6,505.1200000000001,6,505.1200000000001,swap,notBad
14158,6,505.1200000000001,6,505.1200000000001,swap,notBad
14159,6,505.1200000000001,6,505.1200000000001,swap,notBad
14160,6,505.1200000000001,6,505.1200000000001,swap,notBad
14161,6,505.1200000000001,6,505.1200000000001,2opt,notBad
14162,6,505.1200000000001,6,505.1200000000001,swap,notBad
14163,6,505.1200000000001,6,505.1200000000001,2opt,notBad
14164,6,505.1200000000001,6,505.1200000000001,move,improve
14165,6,505.1200000000001,6,505.1200000000001,swap,notBad
14166,6,505.1200000000001,6,505.1200000000001,move,improve
14167,6,505.1200000000001,6,505.1200000000001,move,improve
14168,6,505.1200000000001,6,505.1200000000001,move,improve
14169,6,505.1200000000001,6,505.1200000000001,2opt,notBad
14170,6,505.1200000000001,6,505.1200000000001,swap,notBad
14171,6,505.1200000000001,6,505.1200000000001,move,improve
14172,6,505.1200000000001,6,505.1200000000001,move,improve
14173,6,505.1200000000001,6,505.1200000000001,2opt,notBad
14174,6,505.1200000000001,6,505.1200000000001,swap,notBad
14175,6,505.1200000000001,6,505.1200000000001,move,notBad
14176,6,505.1200000000001,6,505.1200000000001,move,improve
14177,6,505.1200000000001,6,505.1200000000001,2opt,notBad
14178,6,505.1200000000001,6,505.1200000000001,swap,notBad
14179,6,505.1200000000001,6,505.1200000000001,move,improve
14180,6,505.1200000000001,6,505.1200000000001,2opt,notBad
14181,6,505.1200000000001,6,505.1200000000001,2opt,notBad
14182,6,505.1200000000001,6,505.1200000000001,move,improve
14183,6,505.1200000000001,6,505.1200000000001,swap,notBad
14184,6,505.1200000000001,6,505.1200000000001,swap,notBad
14185,6,505.1200000000001,6,505.1200000000001,swap,notBad
14186,6,505.1200000000001,6,505.1200000000001,move,improve
14187,6,505.1200000000001,6,505.1200000000001,move,improve
14188,6,505.1200000000001,6,505.1200000000001,2opt,improve
14189,6,505.1200000000001,6,505.1200000000001,move,improve
14190,6,505.1200000000001,6,505.1200000000001,swap,notBad
14191,6,505.1200000000001,6,505.1200000000001,swap,notBad
14192,6,505.1200000000001,6,505.1200000000001,2opt,notBad
14193,6,505.1200000000001,6,505.1200000000001,2opt,notBad
14194,6,505.1200000000001,6,505.1200000000001,swap,notBad
14195,6,505.1200000000001,6,505.1200000000001,swap,notBad
14196,6,505.1200000000001,6,505.1200000000001,2opt,notBad
14197,6,505.1200000000001,6,505.1200000000001,2opt,notBad
14198,6,505.1200000000001,6,505.1200000000001,2opt,notBad
14199,6,505.1200000000001,6,505.1200000000001,swap,notBad
14200,6,505.1200000000001,6,505.1200000000001,swap,notBad
14201,6,505.1200000000001,6,505.1200000000001,swap,notBad
14202,6,505.1200000000001,6,505.1200000000001,move,improve
14203,6,505.1200000000001,6,505.1200000000001,2opt,improve
14204,6,505.1200000000001,6,505.1200000000001,swap,notBad
14205,6,505.1200000000001,6,505.1200000000001,move,improve
14206,6,505.1200000000001,6,505.1200000000001,move,improve
14207,6,505.1200000000001,6,505.1200000000001,move,improve
14208,6,505.1200000000001,6,505.1200000000001,2opt,improve
14209,6,505.1200000000001,6,505.1200000000001,2opt,notBad
14210,6,505.1200000000001,6,505.1200000000001,move,improve
14211,6,505.1200000000001,6,505.1200000000001,swap,notBad
14212,6,505.1200000000001,6,505.1200000000001,2opt,notBad
14213,6,505.1200000000001,6,505.1200000000001,move,improve
14214,6,505.1200000000001,6,505.1200000000001,move,improve
14215,6,505.1200000000001,6,505.1200000000001,swap,notBad
14216,6,505.1200000000001,6,505.1200000000001,move,improve
14217,6,505.1200000000001,6,505.1200000000001,2opt,notBad
14218,6,505.1200000000001,6,505.1200000000001,2opt,notBad
14219,6,505.1200000000001,6,505.1200000000001,2opt,improve
14220,6,505.1200000000001,6,505.1200000000001,move,improve
14221,6,505.1200000000001,6,505.1200000000001,move,improve
14222,6,505.1200000000001,6,505.1200000000001,2opt,notBad
14223,6,505.1200000000001,6,505.1200000000001,swap,notBad
14224,6,505.1200000000001,6,505.1200000000001,move,improve
14225,6,505.1200000000001,6,505.1200000000001,move,improve
14226,6,505.1200000000001,6,505.1200000000001,move,improve
14227,6,505.1200000000001,6,505.1200000000001,swap,notBad
14228,6,505.1200000000001,6,505.1200000000001,swap,notBad
14229,6,505.1200000000001,6,505.1200000000001,swap,notBad
14230,6,505.1200000000001,6,505.1200000000001,2opt,notBad
14231,6,505.1200000000001,6,505.1200000000001,swap,notBad
14232,6,505.1200000000001,6,505.1200000000001,2opt,notBad
14233,6,505.1200000000001,6,505.1200000000001,2opt,notBad
14234,6,505.1200000000001,6,505.1200000000001,move,improve
14235,6,505.1200000000001,6,505.1200000000001,2opt,notBad
14236,6,505.1200000000001,6,505.1200000000001,swap,notBad
14237,6,505.1200000000001,6,505.1200000000001,swap,notBad
14238,6,505.1200000000001,6,505.1200000000001,swap,notBad
14239,6,505.1200000000001,6,505.1200000000001,move,improve
14240,6,505.1200000000001,6,505.1200000000001,swap,notBad
14241,6,505.1200000000001,6,505.1200000000001,2opt,notBad
14242,6,505.1200000000001,6,505.1200000000001,2opt,notBad
14243,6,505.1200000000001,6,505.1200000000001,move,improve
14244,6,505.1200000000001,6,505.1200000000001,move,improve
14245,6,505.1200000000001,6,505.1200000000001,swap,notBad
14246,6,505.1200000000001,6,505.1200000000001,move,improve
14247,6,505.1200000000001,6,505.1200000000001,2opt,notBad
14248,6,505.1200000000001,6,505.1200000000001,move,improve
14249,6,505.1200000000001,6,505.1200000000001,2opt,notBad
14250,6,505.1200000000001,6,505.1200000000001,swap,notBad
14251,6,505.1200000000001,6,505.1200000000001,move,improve
14252,6,505.1200000000001,6,505.1200000000001,swap,notBad
14253,6,505.1200000000001,6,505.1200000000001,move,improve
14254,6,505.1200000000001,6,505.1200000000001,swap,notBad
14255,6,505.1200000000001,6,505.1200000000001,2opt,notBad
14256,6,505.1200000000001,6,505.1200000000001,move,improve
14257,6,505.1200000000001,6,505.1200000000001,swap,notBad
14258,6,505.1200000000001,6,505.1200000000001,swap,notBad
14259,6,505.1200000000001,6,505.1200000000001,move,improve
14260,6,505.1200000000001,6,505.1200000000001,2opt,notBad
14261,6,505.1200000000001,6,505.1200000000001,2opt,notBad
14262,6,505.1200000000001,6,505.1200000000001,2opt,notBad
14263,6,505.1200000000001,6,505.1200000000001,swap,notBad
14264,6,505.1200000000001,6,505.1200000000001,2opt,notBad
14265,6,505.1200000000001,6,505.1200000000001,move,improve
14266,6,505.1200000000001,6,505.1200000000001,2opt,improve
14267,6,505.1200000000001,6,505.1200000000001,move,improve
14268,6,505.1200000000001,6,505.1200000000001,move,improve
14269,6,505.1200000000001,6,505.1200000000001,2opt,notBad
14270,6,505.1200000000001,6,505.1200000000001,swap,notBad
14271,6,505.1200000000001,6,505.1200000000001,2opt,notBad
14272,6,505.1200000000001,6,505.1200000000001,2opt,notBad
14273,6,505.1200000000001,6,505.1200000000001,move,improve
14274,6,505.1200000000001,6,505.1200000000001,swap,notBad
14275,6,505.1200000000001,6,505.1200000000001,swap,notBad
14276,6,505.1200000000001,6,505.1200000000001,move,improve
14277,6,505.1200000000001,6,505.1200000000001,2opt,notBad
14278,6,505.1200000000001,6,505.1200000000001,swap,notBad
14279,6,505.1200000000001,6,505.1200000000001,2opt,notBad
14280,6,505.1200000000001,6,505.1200000000001,swap,notBad
14281,6,505.1200000000001,6,505.1200000000001,2opt,notBad
14282,6,505.1200000000001,6,505.1200000000001,2opt,notBad
14283,6,505.1200000000001,6,505.1200000000001,swap,notBad
14284,6,505.1200000000001,6,505.1200000000001,2opt,improve
14285,6,505.1200000000001,6,505.1200000000001,swap,notBad
14286,6,505.1200000000001,6,505.1200000000001,2opt,notBad
14287,6,505.1200000000001,6,505.1200000000001,swap,notBad
14288,6,505.1200000000001,6,505.1200000000001,2opt,notBad
14289,6,505.1200000000001,6,505.1200000000001,move,improve
14290,6,505.1200000000001,6,505.1200000000001,move,improve
14291,6,505.1200000000001,6,505.1200000000001,2opt,notBad
14292,6,505.1200000000001,6,505.1200000000001,swap,notBad
14293,6,505.1200000000001,6,505.1200000000001,move,improve
14294,6,505.1200000000001,6,505.1200000000001,swap,notBad
14295,6,505.1200000000001,6,505.1200000000001,swap,notBad
14296,6,505.1200000000001,6,505.1200000000001,swap,notBad
14297,6,505.1200000000001,6,505.1200000000001,2opt,notBad
14298,6,505.1200000000001,6,505.1200000000001,2opt,notBad
14299,6,505.1200000000001,6,505.1200000000001,2opt,notBad
14300,6,505.1200000000001,6,505.1200000000001,swap,notBad
14301,6,505.1200000000001,6,505.1200000000001,swap,notBad
14302,6,505.1200000000001,6,505.1200000000001,move,improve
14303,6,505.1200000000001,6,505.1200000000001,2opt,notBad
14304,6,505.1200000000001,6,505.1200000000001,swap,notBad
14305,6,505.1200000000001,6,505.1200000000001,move,improve
14306,6,505.1200000000001,6,505.1200000000001,move,improve
14307,6,505.1200000000001,6,505.1200000000001,move,improve
14308,6,505.1200000000001,6,505.1200000000001,swap,notBad
14309,6,505.1200000000001,6,505.1200000000001,swap,notBad
14310,6,505.1200000000001,6,505.1200000000001,2opt,notBad
14311,6,505.1200000000001,6,505.1200000000001,2opt,notBad
14312,6,505.1200000000001,6,505.1200000000001,2opt,improve
14313,6,505.1200000000001,6,505.1200000000001,2opt,improve
14314,6,505.1200000000001,6,505.1200000000001,2opt,notBad
14315,6,505.1200000000001,6,505.1200000000001,2opt,notBad
14316,6,505.1200000000001,6,505.1200000000001,swap,notBad
14317,6,505.1200000000001,6,505.1200000000001,move,improve
14318,6,505.1200000000001,6,505.1200000000001,move,improve
14319,6,505.1200000000001,6,505.1200000000001,2opt,notBad
14320,6,505.1200000000001,6,505.1200000000001,swap,notBad
14321,6,505.1200000000001,6,505.1200000000001,2opt,notBad
14322,6,505.1200000000001,6,505.1200000000001,move,improve
14323,6,505.1200000000001,6,505.1200000000001,move,improve
14324,6,505.1200000000001,6,505.1200000000001,move,improve
14325,6,505.1200000000001,6,505.1200000000001,swap,notBad
14326,6,505.1200000000001,6,505.1200000000001,swap,notBad
14327,6,505.1200000000001,6,505.1200000000001,2opt,notBad
14328,6,505.1200000000001,6,505.1200000000001,2opt,notBad
14329,6,505.1200000000001,6,505.1200000000001,2opt,notBad
14330,6,505.1200000000001,6,505.1200000000001,2opt,notBad
14331,6,505.1200000000001,6,505.1200000000001,swap,notBad
14332,6,505.1200000000001,6,505.1200000000001,swap,notBad
14333,6,505.1200000000001,6,505.1200000000001,2opt,notBad
14334,6,505.1200000000001,6,505.1200000000001,move,improve
14335,6,505.1200000000001,6,505.1200000000001,swap,notBad
14336,6,505.1200000000001,6,505.1200000000001,2opt,notBad
14337,6,505.1200000000001,6,505.1200000000001,swap,notBad
14338,6,505.1200000000001,6,505.1200000000001,2opt,improve
14339,6,505.1200000000001,6,505.1200000000001,swap,notBad
14340,6,505.1200000000001,6,505.1200000000001,2opt,notBad
14341,6,505.1200000000001,6,505.1200000000001,move,improve
14342,6,505.1200000000001,6,505.1200000000001,2opt,improve
14343,6,505.1200000000001,6,505.1200000000001,swap,notBad
14344,6,505.1200000000001,6,505.1200000000001,2opt,improve
14345,6,505.1200000000001,6,505.1200000000001,move,improve
14346,6,505.1200000000001,6,505.1200000000001,move,notBad
14347,6,505.1200000000001,6,505.1200000000001,2opt,notBad
14348,6,505.1200000000001,6,505.1200000000001,2opt,notBad
14349,6,505.1200000000001,6,505.1200000000001,swap,notBad
14350,6,505.1200000000001,6,505.1200000000001,move,improve
14351,6,505.1200000000001,6,505.1200000000001,swap,notBad
14352,6,505.1200000000001,6,505.1200000000001,move,improve
14353,6,505.1200000000001,6,505.1200000000001,2opt,notBad
14354,6,505.1200000000001,6,505.1200000000001,swap,notBad
14355,6,505.1200000000001,6,505.1200000000001,2opt,improve
14356,6,505.1200000000001,6,505.1200000000001,move,improve
14357,6,505.1200000000001,6,505.1200000000001,move,improve
14358,6,505.1200000000001,6,505.1200000000001,2opt,notBad
14359,6,505.1200000000001,6,505.1200000000001,swap,notBad
14360,6,505.1200000000001,6,505.1200000000001,2opt,notBad
14361,6,505.1200000000001,6,505.1200000000001,move,improve
14362,6,505.1200000000001,6,505.1200000000001,2opt,notBad
14363,6,505.1200000000001,6,505.1200000000001,move,improve
14364,6,505.1200000000001,6,505.1200000000001,2opt,notBad
14365,6,505.1200000000001,6,505.1200000000001,move,improve
14366,6,505.1200000000001,6,505.1200000000001,swap,notBad
14367,6,505.1200000000001,6,505.1200000000001,swap,notBad
14368,6,505.1200000000001,6,505.1200000000001,2opt,notBad
14369,6,505.1200000000001,6,505.1200000000001,2opt,improve
14370,6,505.1200000000001,6,505.1200000000001,move,improve
14371,6,505.1200000000001,6,505.1200000000001,swap,notBad
14372,6,505.1200000000001,6,505.1200000000001,2opt,notBad
14373,6,505.1200000000001,6,505.1200000000001,move,improve
14374,6,505.1200000000001,6,505.1200000000001,move,improve
14375,6,505.1200000000001,6,505.1200000000001,move,improve
14376,6,505.1200000000001,6,505.1200000000001,2opt,notBad
14377,6,505.1200000000001,6,505.1200000000001,move,improve
14378,6,505.1200000000001,6,505.1200000000001,move,notBad
14379,6,505.1200000000001,6,505.1200000000001,swap,notBad
14380,6,505.1200000000001,6,505.1200000000001,2opt,notBad
14381,6,505.1200000000001,6,505.1200000000001,2opt,notBad
14382,6,505.1200000000001,6,505.1200000000001,move,improve
14383,6,505.1200000000001,6,505.1200000000001,2opt,notBad
14384,6,505.1200000000001,6,505.1200000000001,move,improve
14385,6,505.1200000000001,6,505.1200000000001,swap,notBad
14386,6,505.1200000000001,6,505.1200000000001,2opt,notBad
14387,6,505.1200000000001,6,505.1200000000001,move,improve
14388,6,505.1200000000001,6,505.1200000000001,2opt,notBad
14389,6,505.1200000000001,6,505.1200000000001,move,improve
14390,6,505.1200000000001,6,505.1200000000001,2opt,notBad
14391,6,505.1200000000001,6,505.1200000000001,2opt,notBad
14392,6,505.1200000000001,6,505.1200000000001,2opt,notBad
14393,6,505.1200000000001,6,505.1200000000001,move,improve
14394,6,505.1200000000001,6,505.1200000000001,move,improve
14395,6,505.1200000000001,6,505.1200000000001,2opt,notBad
14396,6,505.1200000000001,6,505.1200000000001,2opt,notBad
14397,6,505.1200000000001,6,505.1200000000001,swap,notBad
14398,6,505.1200000000001,6,505.1200000000001,move,improve
14399,6,505.1200000000001,6,505.1200000000001,move,improve
14400,6,505.1200000000001,6,505.1200000000001,2opt,notBad
14401,6,505.1200000000001,6,505.1200000000001,2opt,notBad
14402,6,505.1200000000001,6,505.1200000000001,swap,notBad
14403,6,505.1200000000001,6,505.1200000000001,swap,notBad
14404,6,505.1200000000001,6,505.1200000000001,swap,notBad
14405,6,505.1200000000001,6,505.1200000000001,2opt,notBad
14406,6,505.1200000000001,6,505.1200000000001,move,improve
14407,6,505.1200000000001,6,505.1200000000001,swap,notBad
14408,6,505.1200000000001,6,505.1200000000001,swap,notBad
14409,6,505.1200000000001,6,505.1200000000001,2opt,notBad
14410,6,505.1200000000001,6,505.1200000000001,swap,notBad
14411,6,505.1200000000001,6,505.1200000000001,move,improve
14412,6,505.1200000000001,6,505.1200000000001,move,improve
14413,6,505.1200000000001,6,505.1200000000001,move,improve
14414,6,505.1200000000001,6,505.1200000000001,move,improve
14415,6,505.1200000000001,6,505.1200000000001,2opt,notBad
14416,6,505.1200000000001,6,505.1200000000001,swap,notBad
14417,6,505.1200000000001,6,505.1200000000001,move,improve
14418,6,505.1200000000001,6,505.1200000000001,2opt,notBad
14419,6,505.1200000000001,6,505.1200000000001,swap,notBad
14420,6,505.1200000000001,6,505.1200000000001,swap,notBad
14421,6,505.1200000000001,6,505.1200000000001,move,improve
14422,6,505.1200000000001,6,505.1200000000001,move,improve
14423,6,505.1200000000001,6,505.1200000000001,move,improve
14424,6,505.1200000000001,6,505.1200000000001,swap,notBad
14425,6,505.1200000000001,6,505.1200000000001,swap,notBad
14426,6,505.1200000000001,6,505.1200000000001,2opt,notBad
14427,6,505.1200000000001,6,505.1200000000001,move,improve
14428,6,505.1200000000001,6,505.1200000000001,move,improve
14429,6,505.1200000000001,6,505.1200000000001,2opt,notBad
14430,6,505.1200000000001,6,505.1200000000001,swap,notBad
14431,6,505.1200000000001,6,505.1200000000001,move,improve
14432,6,505.1200000000001,6,505.1200000000001,2opt,notBad
14433,6,505.1200000000001,6,505.1200000000001,swap,notBad
14434,6,505.1200000000001,6,505.1200000000001,swap,notBad
14435,6,505.1200000000001,6,505.1200000000001,move,improve
14436,6,505.1200000000001,6,505.1200000000001,swap,notBad
14437,6,505.1200000000001,6,505.1200000000001,swap,notBad
14438,6,505.1200000000001,6,505.1200000000001,2opt,notBad
14439,6,505.1200000000001,6,505.1200000000001,swap,notBad
14440,6,505.1200000000001,6,505.1200000000001,move,improve
14441,6,505.1200000000001,6,505.1200000000001,swap,notBad
14442,6,505.1200000000001,6,505.1200000000001,swap,notBad
14443,6,505.1200000000001,6,505.1200000000001,move,improve
14444,6,505.1200000000001,6,505.1200000000001,swap,notBad
14445,6,505.1200000000001,6,505.1200000000001,2opt,notBad
14446,6,505.1200000000001,6,505.1200000000001,move,improve
14447,6,505.1200000000001,6,505.1200000000001,move,improve
14448,6,505.1200000000001,6,505.1200000000001,move,improve
14449,6,505.1200000000001,6,505.1200000000001,swap,notBad
14450,6,505.1200000000001,6,505.1200000000001,swap,notBad
14451,6,505.1200000000001,6,505.1200000000001,2opt,notBad
14452,6,505.1200000000001,6,505.1200000000001,2opt,improve
14453,6,505.1200000000001,6,505.1200000000001,move,improve
14454,6,505.1200000000001,6,505.1200000000001,2opt,notBad
14455,6,505.1200000000001,6,505.1200000000001,swap,notBad
14456,6,505.1200000000001,6,505.1200000000001,swap,notBad
14457,6,505.1200000000001,6,505.1200000000001,2opt,notBad
14458,6,505.1200000000001,6,505.1200000000001,swap,notBad
14459,6,505.1200000000001,6,505.1200000000001,2opt,notBad
14460,6,505.1200000000001,6,505.1200000000001,swap,notBad
14461,6,505.1200000000001,6,505.1200000000001,2opt,notBad
14462,6,505.1200000000001,6,505.1200000000001,swap,notBad
14463,6,505.1200000000001,6,505.1200000000001,2opt,notBad
14464,6,505.1200000000001,6,505.1200000000001,2opt,notBad
14465,6,505.1200000000001,6,505.1200000000001,move,improve
14466,6,505.1200000000001,6,505.1200000000001,swap,notBad
14467,6,505.1200000000001,6,505.1200000000001,2opt,improve
14468,6,505.1200000000001,6,505.1200000000001,swap,notBad
14469,6,505.1200000000001,6,505.1200000000001,move,improve
14470,6,505.1200000000001,6,505.1200000000001,move,improve
14471,6,505.1200000000001,6,505.1200000000001,swap,notBad
14472,6,505.1200000000001,6,505.1200000000001,move,improve
14473,6,505.1200000000001,6,505.1200000000001,move,improve
14474,6,505.1200000000001,6,505.1200000000001,swap,notBad
14475,6,505.1200000000001,6,505.1200000000001,2opt,notBad
14476,6,505.1200000000001,6,505.1200000000001,2opt,notBad
14477,6,505.1200000000001,6,505.1200000000001,move,improve
14478,6,505.1200000000001,6,505.1200000000001,swap,notBad
14479,6,505.1200000000001,6,505.1200000000001,move,improve
14480,6,505.1200000000001,6,505.1200000000001,swap,notBad
14481,6,505.1200000000001,6,505.1200000000001,move,improve
14482,6,505.1200000000001,6,505.1200000000001,move,improve
14483,6,505.1200000000001,6,505.1200000000001,swap,notBad
14484,6,505.1200000000001,6,505.1200000000001,move,improve
14485,6,505.1200000000001,6,505.1200000000001,swap,notBad
14486,6,505.1200000000001,6,505.1200000000001,2opt,notBad
14487,6,505.1200000000001,6,505.1200000000001,move,improve
14488,6,505.1200000000001,6,505.1200000000001,swap,notBad
14489,6,505.1200000000001,6,505.1200000000001,move,improve
14490,6,505.1200000000001,6,505.1200000000001,swap,notBad
14491,6,505.1200000000001,6,505.1200000000001,2opt,notBad
14492,6,505.1200000000001,6,505.1200000000001,2opt,notBad
14493,6,505.1200000000001,6,505.1200000000001,swap,notBad
14494,6,505.1200000000001,6,505.1200000000001,2opt,notBad
14495,6,505.1200000000001,6,505.1200000000001,swap,notBad
14496,6,505.1200000000001,6,505.1200000000001,2opt,notBad
14497,6,505.1200000000001,6,505.1200000000001,move,improve
14498,6,505.1200000000001,6,505.1200000000001,move,improve
14499,6,505.1200000000001,6,505.1200000000001,move,improve
14500,6,505.1200000000001,6,505.1200000000001,move,improve
14501,6,505.1200000000001,6,505.1200000000001,swap,notBad
14502,6,505.1200000000001,6,505.1200000000001,move,improve
14503,6,505.1200000000001,6,505.1200000000001,2opt,notBad
14504,6,505.1200000000001,6,505.1200000000001,2opt,notBad
14505,6,505.1200000000001,6,505.1200000000001,2opt,notBad
14506,6,505.1200000000001,6,505.1200000000001,move,improve
14507,6,505.1200000000001,6,505.1200000000001,swap,notBad
14508,6,505.1200000000001,6,505.1200000000001,move,improve
14509,6,505.1200000000001,6,505.1200000000001,2opt,improve
14510,6,505.1200000000001,6,505.1200000000001,2opt,notBad
14511,6,505.1200000000001,6,505.1200000000001,2opt,notBad
14512,6,505.1200000000001,6,505.1200000000001,move,improve
14513,6,505.1200000000001,6,505.1200000000001,2opt,notBad
14514,6,505.1200000000001,6,505.1200000000001,2opt,notBad
14515,6,505.1200000000001,6,505.1200000000001,2opt,notBad
14516,6,505.1200000000001,6,505.1200000000001,swap,notBad
14517,6,505.1200000000001,6,505.1200000000001,move,improve
14518,6,505.1200000000001,6,505.1200000000001,swap,notBad
14519,6,505.1200000000001,6,505.1200000000001,2opt,improve
14520,6,505.1200000000001,6,505.1200000000001,2opt,notBad
14521,6,505.1200000000001,6,505.1200000000001,swap,notBad
14522,6,505.1200000000001,6,505.1200000000001,move,improve
14523,6,505.1200000000001,6,505.1200000000001,swap,notBad
14524,6,505.1200000000001,6,505.1200000000001,2opt,notBad
14525,6,505.1200000000001,6,505.1200000000001,swap,notBad
14526,6,505.1200000000001,6,505.1200000000001,move,improve
14527,6,505.1200000000001,6,505.1200000000001,2opt,notBad
14528,6,505.1200000000001,6,505.1200000000001,2opt,notBad
14529,6,505.1200000000001,6,505.1200000000001,swap,notBad
14530,6,505.1200000000001,6,505.1200000000001,2opt,notBad
14531,6,505.1200000000001,6,505.1200000000001,2opt,notBad
14532,6,505.1200000000001,6,505.1200000000001,swap,notBad
14533,6,505.1200000000001,6,505.1200000000001,move,improve
14534,6,505.1200000000001,6,505.1200000000001,move,notBad
14535,6,505.1200000000001,6,505.1200000000001,swap,notBad
14536,6,505.1200000000001,6,505.1200000000001,swap,notBad
14537,6,505.1200000000001,6,505.1200000000001,2opt,notBad
14538,6,505.1200000000001,6,505.1200000000001,2opt,notBad
14539,6,505.1200000000001,6,505.1200000000001,swap,notBad
14540,6,505.1200000000001,6,505.1200000000001,2opt,notBad
14541,6,505.1200000000001,6,505.1200000000001,swap,notBad
14542,6,505.1200000000001,6,505.1200000000001,swap,notBad
14543,6,505.1200000000001,6,505.1200000000001,move,improve
14544,6,505.1200000000001,6,505.1200000000001,swap,notBad
14545,6,505.1200000000001,6,505.1200000000001,move,improve
14546,6,505.1200000000001,6,505.1200000000001,move,improve
14547,6,505.1200000000001,6,505.1200000000001,swap,notBad
14548,6,505.1200000000001,6,505.1200000000001,swap,notBad
14549,6,505.1200000000001,6,505.1200000000001,swap,notBad
14550,6,505.1200000000001,6,505.1200000000001,2opt,improve
14551,6,505.1200000000001,6,505.1200000000001,2opt,improve
14552,6,505.1200000000001,6,505.1200000000001,2opt,notBad
14553,6,505.1200000000001,6,505.1200000000001,move,improve
14554,6,505.1200000000001,6,505.1200000000001,2opt,notBad
14555,6,505.1200000000001,6,505.1200000000001,swap,notBad
14556,6,505.1200000000001,6,505.1200000000001,move,improve
14557,6,505.1200000000001,6,505.1200000000001,move,improve
14558,6,505.1200000000001,6,505.1200000000001,move,improve
14559,6,505.1200000000001,6,505.1200000000001,move,improve
14560,6,505.1200000000001,6,505.1200000000001,2opt,notBad
14561,6,505.1200000000001,6,505.1200000000001,2opt,notBad
14562,6,505.1200000000001,6,505.1200000000001,2opt,improve
14563,6,505.1200000000001,6,505.1200000000001,move,improve
14564,6,505.1200000000001,6,505.1200000000001,2opt,notBad
14565,6,505.1200000000001,6,505.1200000000001,move,improve
14566,6,505.1200000000001,6,505.1200000000001,move,improve
14567,6,505.1200000000001,6,505.1200000000001,swap,notBad
14568,6,505.1200000000001,6,505.1200000000001,move,improve
14569,6,505.1200000000001,6,505.1200000000001,move,improve
14570,6,505.1200000000001,6,505.1200000000001,swap,notBad
14571,6,505.1200000000001,6,505.1200000000001,move,improve
14572,6,505.1200000000001,6,505.1200000000001,swap,notBad
14573,6,505.1200000000001,6,505.1200000000001,swap,notBad
14574,6,505.1200000000001,6,505.1200000000001,2opt,notBad
14575,6,505.1200000000001,6,505.1200000000001,swap,notBad
14576,6,505.1200000000001,6,505.1200000000001,swap,notBad
14577,6,505.1200000000001,6,505.1200000000001,2opt,notBad
14578,6,505.1200000000001,6,505.1200000000001,2opt,notBad
14579,6,505.1200000000001,6,505.1200000000001,2opt,improve
14580,6,505.1200000000001,6,505.1200000000001,move,improve
14581,6,505.1200000000001,6,505.1200000000001,2opt,notBad
14582,6,505.1200000000001,6,505.1200000000001,2opt,notBad
14583,6,505.1200000000001,6,505.1200000000001,move,improve
14584,6,505.1200000000001,6,505.1200000000001,swap,notBad
14585,6,505.1200000000001,6,505.1200000000001,move,improve
14586,6,505.1200000000001,6,505.1200000000001,move,improve
14587,6,505.1200000000001,6,505.1200000000001,move,improve
14588,6,505.1200000000001,6,505.1200000000001,2opt,notBad
14589,6,505.1200000000001,6,505.1200000000001,move,improve
14590,6,505.1200000000001,6,505.1200000000001,swap,notBad
14591,6,505.1200000000001,6,505.1200000000001,2opt,notBad
14592,6,505.1200000000001,6,505.1200000000001,swap,notBad
14593,6,505.1200000000001,6,505.1200000000001,move,improve
14594,6,505.1200000000001,6,505.1200000000001,move,improve
14595,6,505.1200000000001,6,505.1200000000001,swap,notBad
14596,6,505.1200000000001,6,505.1200000000001,move,improve
14597,6,505.1200000000001,6,505.1200000000001,move,improve
14598,6,505.1200000000001,6,505.1200000000001,swap,notBad
14599,6,505.1200000000001,6,505.1200000000001,2opt,improve
14600,6,505.1200000000001,6,505.1200000000001,2opt,improve
14601,6,505.1200000000001,6,505.1200000000001,move,improve
14602,6,505.1200000000001,6,505.1200000000001,move,improve
14603,6,505.1200000000001,6,505.1200000000001,swap,notBad
14604,6,505.1200000000001,6,505.1200000000001,move,improve
14605,6,505.1200000000001,6,505.1200000000001,2opt,notBad
14606,6,505.1200000000001,6,505.1200000000001,2opt,notBad
14607,6,505.1200000000001,6,505.1200000000001,move,improve
14608,6,505.1200000000001,6,505.1200000000001,swap,notBad
14609,6,505.1200000000001,6,505.1200000000001,move,improve
14610,6,505.1200000000001,6,505.1200000000001,move,improve
14611,6,505.1200000000001,6,505.1200000000001,2opt,notBad
14612,6,505.1200000000001,6,505.1200000000001,2opt,notBad
14613,6,505.1200000000001,6,505.1200000000001,2opt,notBad
14614,6,505.1200000000001,6,505.1200000000001,swap,notBad
14615,6,505.1200000000001,6,505.1200000000001,move,improve
14616,6,505.1200000000001,6,505.1200000000001,move,improve
14617,6,505.1200000000001,6,505.1200000000001,swap,notBad
14618,6,505.1200000000001,6,505.1200000000001,2opt,notBad
14619,6,505.1200000000001,6,505.1200000000001,2opt,notBad
14620,6,505.1200000000001,6,505.1200000000001,move,improve
14621,6,505.1200000000001,6,505.1200000000001,move,improve
14622,6,505.1200000000001,6,505.1200000000001,swap,notBad
14623,6,505.1200000000001,6,505.1200000000001,2opt,notBad
14624,6,505.1200000000001,6,505.1200000000001,2opt,notBad
14625,6,505.1200000000001,6,505.1200000000001,2opt,notBad
14626,6,505.1200000000001,6,505.1200000000001,2opt,notBad
14627,6,505.1200000000001,6,505.1200000000001,move,improve
14628,6,505.1200000000001,6,505.1200000000001,2opt,notBad
14629,6,505.1200000000001,6,505.1200000000001,swap,notBad
14630,6,505.1200000000001,6,505.1200000000001,move,improve
14631,6,505.1200000000001,6,505.1200000000001,2opt,improve
14632,6,505.1200000000001,6,505.1200000000001,move,improve
14633,6,505.1200000000001,6,505.1200000000001,swap,notBad
14634,6,505.1200000000001,6,505.1200000000001,2opt,notBad
14635,6,505.1200000000001,6,505.1200000000001,2opt,notBad
14636,6,505.1200000000001,6,505.1200000000001,2opt,notBad
14637,6,505.1200000000001,6,505.1200000000001,swap,notBad
14638,6,505.1200000000001,6,505.1200000000001,swap,notBad
14639,6,505.1200000000001,6,505.1200000000001,swap,notBad
14640,6,505.1200000000001,6,505.1200000000001,2opt,notBad
14641,6,505.1200000000001,6,505.1200000000001,move,improve
14642,6,505.1200000000001,6,505.1200000000001,2opt,notBad
14643,6,505.1200000000001,6,505.1200000000001,move,improve
14644,6,505.1200000000001,6,505.1200000000001,move,improve
14645,6,505.1200000000001,6,505.1200000000001,2opt,improve
14646,6,505.1200000000001,6,505.1200000000001,swap,notBad
14647,6,505.1200000000001,6,505.1200000000001,move,improve
14648,6,505.1200000000001,6,505.1200000000001,move,improve
14649,6,505.1200000000001,6,505.1200000000001,swap,notBad
14650,6,505.1200000000001,6,505.1200000000001,move,improve
14651,6,505.1200000000001,6,505.1200000000001,swap,notBad
14652,6,505.1200000000001,6,505.1200000000001,2opt,notBad
14653,6,505.1200000000001,6,505.1200000000001,move,improve
14654,6,505.1200000000001,6,505.1200000000001,2opt,notBad
14655,6,505.1200000000001,6,505.1200000000001,swap,notBad
14656,6,505.1200000000001,6,505.1200000000001,move,improve
14657,6,505.1200000000001,6,505.1200000000001,move,improve
14658,6,505.1200000000001,6,505.1200000000001,move,improve
14659,6,505.1200000000001,6,505.1200000000001,move,improve
14660,6,505.1200000000001,6,505.1200000000001,swap,notBad
14661,6,505.1200000000001,6,505.1200000000001,move,improve
14662,6,505.1200000000001,6,505.1200000000001,2opt,notBad
14663,6,505.1200000000001,6,505.1200000000001,2opt,notBad
14664,6,505.1200000000001,6,505.1200000000001,2opt,improve
14665,6,505.1200000000001,6,505.1200000000001,swap,notBad
14666,6,505.1200000000001,6,505.1200000000001,move,improve
14667,6,505.1200000000001,6,505.1200000000001,swap,notBad
14668,6,505.1200000000001,6,505.1200000000001,2opt,notBad
14669,6,505.1200000000001,6,505.1200000000001,swap,notBad
14670,6,505.1200000000001,6,505.1200000000001,move,improve
14671,6,505.1200000000001,6,505.1200000000001,swap,notBad
14672,6,505.1200000000001,6,505.1200000000001,move,improve
14673,6,505.1200000000001,6,505.1200000000001,move,improve
14674,6,505.1200000000001,6,505.1200000000001,move,improve
14675,6,505.1200000000001,6,505.1200000000001,move,improve
14676,6,505.1200000000001,6,505.1200000000001,move,improve
14677,6,505.1200000000001,6,505.1200000000001,swap,notBad
14678,6,505.1200000000001,6,505.1200000000001,swap,notBad
14679,6,505.1200000000001,6,505.1200000000001,move,improve
14680,6,505.1200000000001,6,505.1200000000001,2opt,notBad
14681,6,505.1200000000001,6,505.1200000000001,swap,notBad
14682,6,505.1200000000001,6,505.1200000000001,move,improve
14683,6,505.1200000000001,6,505.1200000000001,2opt,notBad
14684,6,505.1200000000001,6,505.1200000000001,2opt,notBad
14685,6,505.1200000000001,6,505.1200000000001,swap,notBad
14686,6,505.1200000000001,6,505.1200000000001,swap,notBad
14687,6,505.1200000000001,6,505.1200000000001,2opt,notBad
14688,6,505.1200000000001,6,505.1200000000001,2opt,notBad
14689,6,505.1200000000001,6,505.1200000000001,2opt,notBad
14690,6,505.1200000000001,6,505.1200000000001,swap,notBad
14691,6,505.1200000000001,6,505.1200000000001,2opt,improve
14692,6,505.1200000000001,6,505.1200000000001,2opt,notBad
14693,6,505.1200000000001,6,505.1200000000001,move,improve
14694,6,505.1200000000001,6,505.1200000000001,swap,notBad
14695,6,505.1200000000001,6,505.1200000000001,2opt,notBad
14696,6,505.1200000000001,6,505.1200000000001,2opt,improve
14697,6,505.1200000000001,6,505.1200000000001,move,improve
14698,6,505.1200000000001,6,505.1200000000001,swap,notBad
14699,6,505.1200000000001,6,505.1200000000001,move,improve
14700,6,505.1200000000001,6,505.1200000000001,2opt,notBad
14701,6,505.1200000000001,6,505.1200000000001,move,improve
14702,6,505.1200000000001,6,505.1200000000001,swap,notBad
14703,6,505.1200000000001,6,505.1200000000001,move,improve
14704,6,505.1200000000001,6,505.1200000000001,2opt,notBad
14705,6,505.1200000000001,6,505.1200000000001,swap,notBad
14706,6,505.1200000000001,6,505.1200000000001,2opt,notBad
14707,6,505.1200000000001,6,505.1200000000001,2opt,notBad
14708,6,505.1200000000001,6,505.1200000000001,move,improve
14709,6,505.1200000000001,6,505.1200000000001,move,improve
14710,6,505.1200000000001,6,505.1200000000001,move,improve
14711,6,505.1200000000001,6,505.1200000000001,move,improve
14712,6,505.1200000000001,6,505.1200000000001,move,improve
14713,6,505.1200000000001,6,505.1200000000001,2opt,notBad
14714,6,505.1200000000001,6,505.1200000000001,move,improve
14715,6,505.1200000000001,6,505.1200000000001,swap,notBad
14716,6,505.1200000000001,6,505.1200000000001,move,improve
14717,6,505.1200000000001,6,505.1200000000001,move,improve
14718,6,505.1200000000001,6,505.1200000000001,move,improve
14719,6,505.1200000000001,6,505.1200000000001,move,improve
14720,6,505.1200000000001,6,505.1200000000001,2opt,notBad
14721,6,505.1200000000001,6,505.1200000000001,move,improve
14722,6,505.1200000000001,6,505.1200000000001,2opt,notBad
14723,6,505.1200000000001,6,505.1200000000001,swap,notBad
14724,6,505.1200000000001,6,505.1200000000001,move,improve
14725,6,505.1200000000001,6,505.1200000000001,2opt,notBad
14726,6,505.1200000000001,6,505.1200000000001,swap,notBad
14727,6,505.1200000000001,6,505.1200000000001,swap,notBad
14728,6,505.1200000000001,6,505.1200000000001,swap,notBad
14729,6,505.1200000000001,6,505.1200000000001,swap,notBad
14730,6,505.1200000000001,6,505.1200000000001,move,improve
14731,6,505.1200000000001,6,505.1200000000001,2opt,notBad
14732,6,505.1200000000001,6,505.1200000000001,swap,notBad
14733,6,505.1200000000001,6,505.1200000000001,2opt,improve
14734,6,505.1200000000001,6,505.1200000000001,swap,notBad
14735,6,505.1200000000001,6,505.1200000000001,2opt,improve
14736,6,505.1200000000001,6,505.1200000000001,move,improve
14737,6,505.1200000000001,6,505.1200000000001,2opt,notBad
14738,6,505.1200000000001,6,505.1200000000001,2opt,notBad
14739,6,505.1200000000001,6,505.1200000000001,2opt,notBad
14740,6,505.1200000000001,6,505.1200000000001,2opt,notBad
14741,6,505.1200000000001,6,505.1200000000001,swap,notBad
14742,6,505.1200000000001,6,505.1200000000001,swap,notBad
14743,6,505.1200000000001,6,505.1200000000001,2opt,notBad
14744,6,505.1200000000001,6,505.1200000000001,2opt,notBad
14745,6,505.1200000000001,6,505.1200000000001,swap,notBad
14746,6,505.1200000000001,6,505.1200000000001,move,improve
14747,6,505.1200000000001,6,505.1200000000001,swap,notBad
14748,6,505.1200000000001,6,505.1200000000001,move,improve
14749,6,505.1200000000001,6,505.1200000000001,move,improve
14750,6,505.1200000000001,6,505.1200000000001,move,improve
14751,6,505.1200000000001,6,505.1200000000001,move,improve
14752,6,505.1200000000001,6,505.1200000000001,2opt,notBad
14753,6,505.1200000000001,6,505.1200000000001,2opt,notBad
14754,6,505.1200000000001,6,505.1200000000001,2opt,notBad
14755,6,505.1200000000001,6,505.1200000000001,swap,notBad
14756,6,505.1200000000001,6,505.1200000000001,swap,notBad
14757,6,505.1200000000001,6,505.1200000000001,swap,notBad
14758,6,505.1200000000001,6,505.1200000000001,swap,notBad
14759,6,505.1200000000001,6,505.1200000000001,2opt,notBad
14760,6,505.1200000000001,6,505.1200000000001,swap,notBad
14761,6,505.1200000000001,6,505.1200000000001,swap,notBad
14762,6,505.1200000000001,6,505.1200000000001,swap,notBad
14763,6,505.1200000000001,6,505.1200000000001,2opt,notBad
14764,6,505.1200000000001,6,505.1200000000001,2opt,improve
14765,6,505.1200000000001,6,505.1200000000001,move,improve
14766,6,505.1200000000001,6,505.1200000000001,2opt,improve
14767,6,505.1200000000001,6,505.1200000000001,move,improve
14768,6,505.1200000000001,6,505.1200000000001,2opt,notBad
14769,6,505.1200000000001,6,505.1200000000001,move,improve
14770,6,505.1200000000001,6,505.1200000000001,swap,notBad
14771,6,505.1200000000001,6,505.1200000000001,2opt,notBad
14772,6,505.1200000000001,6,505.1200000000001,2opt,notBad
14773,6,505.1200000000001,6,505.1200000000001,swap,notBad
14774,6,505.1200000000001,6,505.1200000000001,swap,notBad
14775,6,505.1200000000001,6,505.1200000000001,2opt,notBad
14776,6,505.1200000000001,6,505.1200000000001,move,improve
14777,6,505.1200000000001,6,505.1200000000001,2opt,improve
14778,6,505.1200000000001,6,505.1200000000001,2opt,notBad
14779,6,505.1200000000001,6,505.1200000000001,swap,notBad
14780,6,505.1200000000001,6,505.1200000000001,2opt,notBad
14781,6,505.1200000000001,6,505.1200000000001,swap,notBad
14782,6,505.1200000000001,6,505.1200000000001,move,improve
14783,6,505.1200000000001,6,505.1200000000001,swap,notBad
14784,6,505.1200000000001,6,505.1200000000001,2opt,notBad
14785,6,505.1200000000001,6,505.1200000000001,move,improve
14786,6,505.1200000000001,6,505.1200000000001,move,improve
14787,6,505.1200000000001,6,505.1200000000001,2opt,notBad
14788,6,505.1200000000001,6,505.1200000000001,2opt,notBad
14789,6,505.1200000000001,6,505.1200000000001,move,improve
14790,6,505.1200000000001,6,505.1200000000001,2opt,improve
14791,6,505.1200000000001,6,505.1200000000001,move,improve
14792,6,505.1200000000001,6,505.1200000000001,move,improve
14793,6,505.1200000000001,6,505.1200000000001,2opt,notBad
14794,6,505.1200000000001,6,505.1200000000001,2opt,improve
14795,6,505.1200000000001,6,505.1200000000001,move,improve
14796,6,505.1200000000001,6,505.1200000000001,2opt,improve
14797,6,505.1200000000001,6,505.1200000000001,swap,notBad
14798,6,505.1200000000001,6,505.1200000000001,2opt,notBad
14799,6,505.1200000000001,6,505.1200000000001,move,improve
14800,6,505.1200000000001,6,505.1200000000001,move,improve
14801,6,505.1200000000001,6,505.1200000000001,swap,notBad
14802,6,505.1200000000001,6,505.1200000000001,2opt,notBad
14803,6,505.1200000000001,6,505.1200000000001,swap,notBad
14804,6,505.1200000000001,6,505.1200000000001,move,improve
14805,6,505.1200000000001,6,505.1200000000001,2opt,notBad
14806,6,505.1200000000001,6,505.1200000000001,move,improve
14807,6,505.1200000000001,6,505.1200000000001,2opt,notBad
14808,6,505.1200000000001,6,505.1200000000001,2opt,notBad
14809,6,505.1200000000001,6,505.1200000000001,move,improve
14810,6,505.1200000000001,6,505.1200000000001,2opt,notBad
14811,6,505.1200000000001,6,505.1200000000001,swap,notBad
14812,6,505.1200000000001,6,505.1200000000001,2opt,notBad
14813,6,505.1200000000001,6,505.1200000000001,move,improve
14814,6,505.1200000000001,6,505.1200000000001,move,improve
14815,6,505.1200000000001,6,505.1200000000001,2opt,improve
14816,6,505.1200000000001,6,505.1200000000001,2opt,notBad
14817,6,505.1200000000001,6,505.1200000000001,move,improve
14818,6,505.1200000000001,6,505.1200000000001,move,improve
14819,6,505.1200000000001,6,505.1200000000001,move,improve
14820,6,505.1200000000001,6,505.1200000000001,swap,notBad
14821,6,505.1200000000001,6,505.1200000000001,2opt,notBad
14822,6,505.1200000000001,6,505.1200000000001,move,improve
14823,6,505.1200000000001,6,505.1200000000001,move,improve
14824,6,505.1200000000001,6,505.1200000000001,move,improve
14825,6,505.1200000000001,6,505.1200000000001,move,improve
14826,6,505.1200000000001,6,505.1200000000001,move,improve
14827,6,505.1200000000001,6,505.1200000000001,move,improve
14828,6,505.1200000000001,6,505.1200000000001,move,improve
14829,6,505.1200000000001,6,505.1200000000001,2opt,notBad
14830,6,505.1200000000001,6,505.1200000000001,2opt,notBad
14831,6,505.1200000000001,6,505.1200000000001,move,improve
14832,6,505.1200000000001,6,505.1200000000001,move,improve
14833,6,505.1200000000001,6,505.1200000000001,move,improve
14834,6,505.1200000000001,6,505.1200000000001,move,improve
14835,6,505.1200000000001,6,505.1200000000001,move,improve
14836,6,505.1200000000001,6,505.1200000000001,2opt,notBad
14837,6,505.1200000000001,6,505.1200000000001,swap,notBad
14838,6,505.1200000000001,6,505.1200000000001,2opt,notBad
14839,6,505.1200000000001,6,505.1200000000001,2opt,notBad
14840,6,505.1200000000001,6,505.1200000000001,2opt,notBad
14841,6,505.1200000000001,6,505.1200000000001,swap,notBad
14842,6,505.1200000000001,6,505.1200000000001,move,improve
14843,6,505.1200000000001,6,505.1200000000001,2opt,notBad
14844,6,505.1200000000001,6,505.1200000000001,swap,notBad
14845,6,505.1200000000001,6,505.1200000000001,move,improve
14846,6,505.1200000000001,6,505.1200000000001,move,improve
14847,6,505.1200000000001,6,505.1200000000001,2opt,notBad
14848,6,505.1200000000001,6,505.1200000000001,2opt,notBad
14849,6,505.1200000000001,6,505.1200000000001,swap,notBad
14850,6,505.1200000000001,6,505.1200000000001,move,improve
14851,6,505.1200000000001,6,505.1200000000001,move,improve
14852,6,505.1200000000001,6,505.1200000000001,2opt,notBad
14853,6,505.1200000000001,6,505.1200000000001,2opt,notBad
14854,6,505.1200000000001,6,505.1200000000001,swap,notBad
14855,6,505.1200000000001,6,505.1200000000001,2opt,notBad
14856,6,505.1200000000001,6,505.1200000000001,move,improve
14857,6,505.1200000000001,6,505.1200000000001,swap,notBad
14858,6,505.1200000000001,6,505.1200000000001,2opt,improve
14859,6,505.1200000000001,6,505.1200000000001,move,improve
14860,6,505.1200000000001,6,505.1200000000001,move,improve
14861,6,505.1200000000001,6,505.1200000000001,move,improve
14862,6,505.1200000000001,6,505.1200000000001,swap,notBad
14863,6,505.1200000000001,6,505.1200000000001,swap,notBad
14864,6,505.1200000000001,6,505.1200000000001,move,improve
14865,6,505.1200000000001,6,505.1200000000001,2opt,notBad
14866,6,505.1200000000001,6,505.1200000000001,2opt,notBad
14867,6,505.1200000000001,6,505.1200000000001,2opt,notBad
14868,6,505.1200000000001,6,505.1200000000001,2opt,notBad
14869,6,505.1200000000001,6,505.1200000000001,move,improve
14870,6,505.1200000000001,6,505.1200000000001,2opt,notBad
14871,6,505.1200000000001,6,505.1200000000001,2opt,notBad
14872,6,505.1200000000001,6,505.1200000000001,move,improve
14873,6,505.1200000000001,6,505.1200000000001,move,improve
14874,6,505.1200000000001,6,505.1200000000001,move,improve
14875,6,505.1200000000001,6,505.1200000000001,move,improve
14876,6,505.1200000000001,6,505.1200000000001,2opt,notBad
14877,6,505.1200000000001,6,505.1200000000001,move,improve
14878,6,505.1200000000001,6,505.1200000000001,2opt,improve
14879,6,505.1200000000001,6,505.1200000000001,2opt,improve
14880,6,505.1200000000001,6,505.1200000000001,swap,notBad
14881,6,505.1200000000001,6,505.1200000000001,swap,notBad
14882,6,505.1200000000001,6,505.1200000000001,move,improve
14883,6,505.1200000000001,6,505.1200000000001,swap,notBad
14884,6,505.1200000000001,6,505.1200000000001,move,improve
14885,6,505.1200000000001,6,505.1200000000001,swap,notBad
14886,6,505.1200000000001,6,505.1200000000001,move,improve
14887,6,505.1200000000001,6,505.1200000000001,2opt,notBad
14888,6,505.1200000000001,6,505.1200000000001,swap,notBad
14889,6,505.1200000000001,6,505.1200000000001,2opt,notBad
14890,6,505.1200000000001,6,505.1200000000001,swap,notBad
14891,6,505.1200000000001,6,505.1200000000001,move,improve
14892,6,505.1200000000001,6,505.1200000000001,2opt,notBad
14893,6,505.1200000000001,6,505.1200000000001,2opt,notBad
14894,6,505.1200000000001,6,505.1200000000001,swap,notBad
14895,6,505.1200000000001,6,505.1200000000001,move,improve
14896,6,505.1200000000001,6,505.1200000000001,move,improve
14897,6,505.1200000000001,6,505.1200000000001,2opt,notBad
14898,6,505.1200000000001,6,505.1200000000001,2opt,notBad
14899,6,505.1200000000001,6,505.1200000000001,2opt,notBad
14900,6,505.1200000000001,6,505.1200000000001,move,improve
14901,6,505.1200000000001,6,505.1200000000001,move,improve
14902,6,505.1200000000001,6,505.1200000000001,swap,notBad
14903,6,505.1200000000001,6,505.1200000000001,move,improve
14904,6,505.1200000000001,6,505.1200000000001,2opt,notBad
14905,6,505.1200000000001,6,505.1200000000001,move,improve
14906,6,505.1200000000001,6,505.1200000000001,2opt,notBad
14907,6,505.1200000000001,6,505.1200000000001,move,improve
14908,6,505.1200000000001,6,505.1200000000001,2opt,improve
14909,6,505.1200000000001,6,505.1200000000001,swap,notBad
14910,6,505.1200000000001,6,505.1200000000001,2opt,notBad
14911,6,505.1200000000001,6,505.1200000000001,move,improve
14912,6,505.1200000000001,6,505.1200000000001,swap,notBad
14913,6,505.1200000000001,6,505.1200000000001,swap,notBad
14914,6,505.1200000000001,6,505.1200000000001,move,improve
14915,6,505.1200000000001,6,505.1200000000001,2opt,notBad
14916,6,505.1200000000001,6,505.1200000000001,swap,notBad
14917,6,505.1200000000001,6,505.1200000000001,2opt,notBad
14918,6,505.1200000000001,6,505.1200000000001,2opt,notBad
14919,6,505.1200000000001,6,505.1200000000001,move,improve
14920,6,505.1200000000001,6,505.1200000000001,2opt,notBad
14921,6,505.1200000000001,6,505.1200000000001,2opt,notBad
14922,6,505.1200000000001,6,505.1200000000001,move,improve
14923,6,505.1200000000001,6,505.1200000000001,2opt,notBad
14924,6,505.1200000000001,6,505.1200000000001,swap,notBad
14925,6,505.1200000000001,6,505.1200000000001,move,improve
14926,6,505.1200000000001,6,505.1200000000001,move,improve
14927,6,505.1200000000001,6,505.1200000000001,swap,notBad
14928,6,505.1200000000001,6,505.1200000000001,swap,notBad
14929,6,505.1200000000001,6,505.1200000000001,move,improve
14930,6,505.1200000000001,6,505.1200000000001,swap,notBad
14931,6,505.1200000000001,6,505.1200000000001,swap,notBad
14932,6,505.1200000000001,6,505.1200000000001,move,improve
14933,6,505.1200000000001,6,505.1200000000001,2opt,notBad
14934,6,505.1200000000001,6,505.1200000000001,move,improve
14935,6,505.1200000000001,6,505.1200000000001,2opt,notBad
14936,6,505.1200000000001,6,505.1200000000001,2opt,notBad
14937,6,505.1200000000001,6,505.1200000000001,2opt,notBad
14938,6,505.1200000000001,6,505.1200000000001,2opt,notBad
14939,6,505.1200000000001,6,505.1200000000001,swap,notBad
14940,6,505.1200000000001,6,505.1200000000001,swap,notBad
14941,6,505.1200000000001,6,505.1200000000001,2opt,notBad
14942,6,505.1200000000001,6,505.1200000000001,2opt,notBad
14943,6,505.1200000000001,6,505.1200000000001,move,improve
