i,vehi,obj,vehiBest,objBest,loFunc,note
1,4,903.47,3,525.7400000000001,2opt,acceptBad
2,5,2180.55,3,525.7400000000001,2opt,acceptBad
3,5,2210.8799999999997,3,525.7400000000001,2opt,acceptBad
4,5,1332.4499999999998,3,525.7400000000001,move,improve
5,5,1327.5299999999997,3,525.7400000000001,move,improve
6,5,1331.6999999999998,3,525.7400000000001,swap,acceptBad
7,5,2006.4499999999998,3,525.7400000000001,swap,acceptBad
8,5,1751.1499999999999,3,525.7400000000001,move,improve
9,5,1764.1099999999997,3,525.7400000000001,swap,acceptBad
10,5,1310.2799999999997,3,525.7400000000001,move,improve
11,5,1308.21,3,525.7400000000001,swap,improve
12,5,1612.44,3,525.7400000000001,swap,acceptBad
13,5,1621.53,3,525.7400000000001,swap,acceptBad
14,5,1638.3,3,525.7400000000001,swap,acceptBad
15,5,1243.1999999999998,3,525.7400000000001,swap,improve
16,5,1251.6899999999998,3,525.7400000000001,swap,acceptBad
17,5,1265.5299999999997,3,525.7400000000001,swap,acceptBad
18,6,2097.73,3,525.7400000000001,2opt,acceptBad
19,6,2054.5899999999992,3,525.7400000000001,move,improve
20,7,3701.4199999999987,3,525.7400000000001,2opt,acceptBad
21,7,3754.56,3,525.7400000000001,2opt,acceptBad
22,7,3668.2099999999987,3,525.7400000000001,swap,improve
23,7,3630.639999999999,3,525.7400000000001,swap,improve
24,8,3987.030000000001,3,525.7400000000001,2opt,acceptBad
25,8,3887.98,3,525.7400000000001,move,improve
26,8,3657.04,3,525.7400000000001,move,improve
27,8,3607.8900000000003,3,525.7400000000001,swap,improve
28,8,3681.8999999999996,3,525.7400000000001,2opt,acceptBad
29,8,3575.619999999999,3,525.7400000000001,move,improve
30,8,2525.18,3,525.7400000000001,move,improve
31,8,2531.3000000000006,3,525.7400000000001,2opt,acceptBad
32,8,2793.6400000000003,3,525.7400000000001,2opt,acceptBad
33,8,2723.2799999999997,3,525.7400000000001,swap,improve
34,9,2688.37,3,525.7400000000001,2opt,improve
35,9,2680.3599999999997,3,525.7400000000001,move,improve
36,9,2449.0499999999997,3,525.7400000000001,2opt,improve
37,9,3138.1099999999997,3,525.7400000000001,2opt,acceptBad
38,9,3125.9299999999994,3,525.7400000000001,move,improve
39,9,3135.4399999999996,3,525.7400000000001,swap,acceptBad
40,9,3135.4399999999996,3,525.7400000000001,move,improve
41,9,2455.95,3,525.7400000000001,swap,improve
42,9,2410.46,3,525.7400000000001,move,improve
43,9,2802.5199999999995,3,525.7400000000001,swap,acceptBad
44,9,2802.34,3,525.7400000000001,2opt,improve
45,9,2812.33,3,525.7400000000001,swap,acceptBad
46,9,2802.31,3,525.7400000000001,move,improve
47,9,2615.4599999999996,3,525.7400000000001,move,improve
48,10,3736.19,3,525.7400000000001,2opt,acceptBad
49,10,3975.53,3,525.7400000000001,2opt,acceptBad
50,10,3974.8999999999996,3,525.7400000000001,2opt,improve
51,10,3956.29,3,525.7400000000001,move,improve
52,11,4439.14,3,525.7400000000001,2opt,acceptBad
53,11,4439.14,3,525.7400000000001,2opt,improve
54,11,4706.620000000001,3,525.7400000000001,swap,acceptBad
55,11,4420.45,3,525.7400000000001,swap,improve
56,11,4127.129999999999,3,525.7400000000001,move,improve
57,11,4126.829999999999,3,525.7400000000001,swap,improve
58,11,4152.369999999999,3,525.7400000000001,swap,acceptBad
59,11,3865.1799999999985,3,525.7400000000001,move,improve
60,12,7344.679999999999,3,525.7400000000001,2opt,acceptBad
61,12,6895.14,3,525.7400000000001,move,improve
62,12,6448.299999999997,3,525.7400000000001,move,improve
63,12,6235.479999999999,3,525.7400000000001,move,improve
64,12,6256.329999999998,3,525.7400000000001,2opt,acceptBad
65,12,6246.0999999999985,3,525.7400000000001,2opt,improve
66,12,8850.210000000001,3,525.7400000000001,swap,acceptBad
67,12,8852.73,3,525.7400000000001,2opt,acceptBad
68,12,8853.300000000001,3,525.7400000000001,2opt,acceptBad
69,12,8759.279999999999,3,525.7400000000001,swap,improve
70,12,8749.91,3,525.7400000000001,2opt,improve
71,12,8329.38,3,525.7400000000001,move,improve
72,12,6481.2699999999995,3,525.7400000000001,move,improve
73,12,4893.29,3,525.7400000000001,move,improve
74,12,4897.16,3,525.7400000000001,swap,acceptBad
75,13,8753.509999999997,3,525.7400000000001,2opt,acceptBad
76,13,8282.129999999997,3,525.7400000000001,swap,improve
77,13,8281.439999999997,3,525.7400000000001,swap,improve
78,13,8272.379999999997,3,525.7400000000001,2opt,improve
79,13,5204.389999999999,3,525.7400000000001,move,improve
80,13,5191.159999999999,3,525.7400000000001,2opt,improve
81,13,4737.449999999998,3,525.7400000000001,move,improve
82,13,4407.019999999999,3,525.7400000000001,move,improve
83,13,4407.559999999999,3,525.7400000000001,swap,acceptBad
84,13,4409.869999999999,3,525.7400000000001,2opt,acceptBad
85,13,4386.829999999999,3,525.7400000000001,move,improve
86,13,4390.939999999999,3,525.7400000000001,2opt,acceptBad
87,13,4410.889999999999,3,525.7400000000001,2opt,acceptBad
88,13,4199.339999999999,3,525.7400000000001,move,improve
89,13,4596.3499999999985,3,525.7400000000001,swap,acceptBad
90,13,4593.409999999999,3,525.7400000000001,swap,improve
91,14,8590.709999999997,3,525.7400000000001,2opt,acceptBad
92,14,8590.709999999997,3,525.7400000000001,move,improve
93,14,9114.239999999998,3,525.7400000000001,swap,acceptBad
94,15,14058.880000000003,3,525.7400000000001,2opt,acceptBad
95,14,9504.059999999996,3,525.7400000000001,move,improve
96,14,9495.329999999998,3,525.7400000000001,2opt,improve
97,14,9640.779999999997,3,525.7400000000001,2opt,acceptBad
98,14,8963.769999999999,3,525.7400000000001,move,improve
99,14,8933.989999999996,3,525.7400000000001,2opt,improve
100,14,8938.759999999995,3,525.7400000000001,2opt,acceptBad
101,14,10564.380000000001,3,525.7400000000001,swap,acceptBad
102,14,10564.350000000002,3,525.7400000000001,2opt,improve
103,14,10440.810000000001,3,525.7400000000001,swap,improve
104,14,9375.29,3,525.7400000000001,move,improve
105,14,7905.200000000002,3,525.7400000000001,move,improve
106,14,7933.760000000002,3,525.7400000000001,swap,acceptBad
107,14,8126.59,3,525.7400000000001,2opt,acceptBad
108,14,8140.27,3,525.7400000000001,swap,acceptBad
109,14,8143.720000000002,3,525.7400000000001,2opt,acceptBad
110,14,8903.080000000002,3,525.7400000000001,swap,acceptBad
111,14,8896.720000000003,3,525.7400000000001,2opt,improve
112,14,8912.71,3,525.7400000000001,2opt,acceptBad
113,14,8890.21,3,525.7400000000001,swap,improve
114,14,8895.759999999998,3,525.7400000000001,2opt,acceptBad
115,14,7196.910000000001,3,525.7400000000001,swap,improve
116,14,6630.94,3,525.7400000000001,move,improve
117,14,6903.2,3,525.7400000000001,swap,acceptBad
118,14,6922.740000000002,3,525.7400000000001,swap,acceptBad
119,14,6915.990000000002,3,525.7400000000001,swap,improve
120,14,6917.850000000001,3,525.7400000000001,swap,acceptBad
121,14,7155.039999999999,3,525.7400000000001,2opt,acceptBad
122,14,7155.039999999999,3,525.7400000000001,2opt,improve
123,14,6624.139999999999,3,525.7400000000001,move,improve
124,14,6037.9299999999985,3,525.7400000000001,move,improve
125,14,6038.949999999999,3,525.7400000000001,swap,acceptBad
126,14,7832.29,3,525.7400000000001,2opt,acceptBad
127,14,7832.119999999999,3,525.7400000000001,2opt,improve
128,14,7831.6399999999985,3,525.7400000000001,swap,improve
129,14,7567.359999999998,3,525.7400000000001,move,improve
130,14,8499.95,3,525.7400000000001,2opt,acceptBad
131,14,8499.95,3,525.7400000000001,2opt,improve
132,14,7924.499999999998,3,525.7400000000001,move,improve
133,14,7928.159999999996,3,525.7400000000001,2opt,acceptBad
134,14,8575.690000000002,3,525.7400000000001,2opt,acceptBad
135,14,8400.880000000001,3,525.7400000000001,swap,improve
136,14,7614.829999999999,3,525.7400000000001,move,improve
137,14,7508.48,3,525.7400000000001,swap,improve
138,14,7507.73,3,525.7400000000001,swap,improve
139,14,7661.710000000001,3,525.7400000000001,swap,acceptBad
140,14,7665.370000000002,3,525.7400000000001,swap,acceptBad
141,14,7670.889999999999,3,525.7400000000001,2opt,acceptBad
142,14,7771.9400000000005,3,525.7400000000001,swap,acceptBad
143,14,6848.999999999999,3,525.7400000000001,move,improve
144,14,6838.139999999999,3,525.7400000000001,swap,improve
145,14,6687.489999999998,3,525.7400000000001,move,improve
146,14,5814.269999999997,3,525.7400000000001,2opt,improve
147,14,6849.510000000002,3,525.7400000000001,swap,acceptBad
148,14,7087.530000000003,3,525.7400000000001,swap,acceptBad
149,14,7256.120000000003,3,525.7400000000001,2opt,acceptBad
150,14,6878.250000000002,3,525.7400000000001,move,improve
151,14,6587.330000000002,3,525.7400000000001,move,improve
152,15,10822.890000000001,3,525.7400000000001,2opt,acceptBad
153,15,10426.879999999994,3,525.7400000000001,move,improve
154,15,10898.08,3,525.7400000000001,2opt,acceptBad
155,15,10223.680000000004,3,525.7400000000001,2opt,improve
156,15,9740.690000000002,3,525.7400000000001,2opt,improve
157,15,9373.970000000005,3,525.7400000000001,move,improve
158,15,8255.390000000003,3,525.7400000000001,move,improve
159,14,6594.300000000002,3,525.7400000000001,move,improve
160,14,6594.300000000002,3,525.7400000000001,move,improve
161,14,6534.36,3,525.7400000000001,move,improve
162,14,6396.830000000001,3,525.7400000000001,move,improve
163,14,8724.320000000003,3,525.7400000000001,2opt,acceptBad
164,14,8771.270000000004,3,525.7400000000001,swap,acceptBad
165,14,6883.299999999997,3,525.7400000000001,move,improve
166,15,7681.839999999999,3,525.7400000000001,2opt,acceptBad
167,15,9423.650000000005,3,525.7400000000001,2opt,acceptBad
168,15,9428.090000000002,3,525.7400000000001,2opt,acceptBad
169,15,6626.239999999999,3,525.7400000000001,swap,improve
170,15,6616.399999999998,3,525.7400000000001,2opt,improve
171,15,6566.319999999998,3,525.7400000000001,swap,improve
172,15,6576.22,3,525.7400000000001,2opt,acceptBad
173,15,6564.04,3,525.7400000000001,move,improve
174,15,6565.239999999998,3,525.7400000000001,2opt,acceptBad
175,16,10747.69,3,525.7400000000001,2opt,acceptBad
176,16,9053.859999999995,3,525.7400000000001,move,improve
177,16,8609.319999999998,3,525.7400000000001,move,improve
178,16,11744.660000000003,3,525.7400000000001,swap,acceptBad
179,16,11748.140000000007,3,525.7400000000001,2opt,acceptBad
180,16,13484.690000000006,3,525.7400000000001,2opt,acceptBad
181,16,10864.110000000004,3,525.7400000000001,move,improve
182,16,10517.070000000009,3,525.7400000000001,move,improve
183,16,10555.71000000001,3,525.7400000000001,swap,acceptBad
184,16,10563.03000000001,3,525.7400000000001,swap,acceptBad
185,16,10604.890000000009,3,525.7400000000001,swap,acceptBad
186,16,10604.890000000009,3,525.7400000000001,move,improve
187,15,8326.310000000001,3,525.7400000000001,move,improve
188,15,8703.059999999998,3,525.7400000000001,2opt,acceptBad
189,15,8703.449999999995,3,525.7400000000001,2opt,acceptBad
190,15,8708.009999999995,3,525.7400000000001,2opt,acceptBad
191,16,11348.17,3,525.7400000000001,2opt,acceptBad
192,16,11032.52,3,525.7400000000001,swap,improve
193,16,9207.97,3,525.7400000000001,move,improve
194,16,10378.46,3,525.7400000000001,swap,acceptBad
195,16,10381.699999999997,3,525.7400000000001,2opt,acceptBad
196,16,9798.729999999998,3,525.7400000000001,move,improve
197,16,9268.649999999998,3,525.7400000000001,move,improve
198,16,9763.38,3,525.7400000000001,2opt,acceptBad
199,16,14012.590000000004,3,525.7400000000001,swap,acceptBad
200,16,13590.850000000004,3,525.7400000000001,swap,improve
201,16,10574.079999999996,3,525.7400000000001,move,improve
202,16,10454.219999999998,3,525.7400000000001,swap,improve
203,16,9896.079999999994,3,525.7400000000001,swap,improve
204,16,9036.520000000006,3,525.7400000000001,move,improve
205,16,7897.140000000003,3,525.7400000000001,move,improve
206,16,7913.010000000003,3,525.7400000000001,swap,acceptBad
207,16,7913.789999999999,3,525.7400000000001,2opt,acceptBad
208,16,7334.810000000003,3,525.7400000000001,move,improve
209,16,7334.810000000003,3,525.7400000000001,move,improve
210,16,8290.65,3,525.7400000000001,2opt,acceptBad
211,16,6995.870000000002,3,525.7400000000001,move,improve
212,15,5752.390000000001,3,525.7400000000001,move,improve
213,15,5535.75,3,525.7400000000001,move,improve
214,15,8426.300000000001,3,525.7400000000001,2opt,acceptBad
215,15,8493.03,3,525.7400000000001,swap,acceptBad
216,15,7675.570000000001,3,525.7400000000001,move,improve
217,15,8240.41,3,525.7400000000001,2opt,acceptBad
218,15,8211.07,3,525.7400000000001,2opt,improve
219,14,5752.509999999999,3,525.7400000000001,2opt,improve
220,13,5516.32,3,525.7400000000001,2opt,improve
221,13,5197.319999999999,3,525.7400000000001,2opt,improve
222,13,5196.24,3,525.7400000000001,2opt,improve
223,13,5214.21,3,525.7400000000001,swap,acceptBad
224,13,5214.21,3,525.7400000000001,move,improve
225,13,4705.55,3,525.7400000000001,move,improve
226,13,4701.77,3,525.7400000000001,2opt,improve
227,13,4451.91,3,525.7400000000001,move,improve
228,13,4434.289999999999,3,525.7400000000001,swap,improve
229,13,4512.749999999999,3,525.7400000000001,2opt,acceptBad
230,13,4512.749999999999,3,525.7400000000001,move,improve
231,13,4161.439999999999,3,525.7400000000001,move,improve
232,13,4314.8600000000015,3,525.7400000000001,2opt,acceptBad
233,13,4179.590000000002,3,525.7400000000001,swap,improve
234,13,3904.500000000002,3,525.7400000000001,move,improve
235,13,4003.92,3,525.7400000000001,2opt,acceptBad
236,13,3993.8399999999983,3,525.7400000000001,2opt,improve
237,13,3993.8399999999997,3,525.7400000000001,2opt,acceptBad
238,13,3582.0599999999995,3,525.7400000000001,move,improve
239,13,3641.72,3,525.7400000000001,swap,acceptBad
240,13,3628.4899999999984,3,525.7400000000001,2opt,improve
241,13,3634.4899999999984,3,525.7400000000001,2opt,acceptBad
242,13,4245.309999999999,3,525.7400000000001,2opt,acceptBad
243,13,6695.809999999995,3,525.7400000000001,2opt,acceptBad
244,13,8776.639999999996,3,525.7400000000001,swap,acceptBad
245,13,8770.339999999997,3,525.7400000000001,swap,improve
246,13,10215.659999999996,3,525.7400000000001,swap,acceptBad
247,13,8395.329999999998,3,525.7400000000001,move,improve
248,13,9482.049999999996,3,525.7400000000001,2opt,acceptBad
249,13,9530.629999999996,3,525.7400000000001,swap,acceptBad
250,13,9436.789999999997,3,525.7400000000001,swap,improve
251,13,9436.310000000001,3,525.7400000000001,2opt,improve
252,13,9443.269999999997,3,525.7400000000001,2opt,acceptBad
253,13,9630.08,3,525.7400000000001,2opt,acceptBad
254,13,9006.23,3,525.7400000000001,2opt,improve
255,13,5732.82,3,525.7400000000001,move,improve
256,13,5530.2300000000005,3,525.7400000000001,move,improve
257,13,5527.56,3,525.7400000000001,swap,improve
258,13,5529.39,3,525.7400000000001,2opt,acceptBad
259,13,5196.72,3,525.7400000000001,move,improve
260,13,5096.340000000001,3,525.7400000000001,2opt,improve
261,13,4995.9,3,525.7400000000001,swap,improve
262,13,4987.56,3,525.7400000000001,swap,improve
263,13,6771.1900000000005,3,525.7400000000001,2opt,acceptBad
264,13,7279.42,3,525.7400000000001,2opt,acceptBad
265,13,7279.42,3,525.7400000000001,move,improve
266,13,5016.380000000002,3,525.7400000000001,move,improve
267,13,5003.750000000002,3,525.7400000000001,move,improve
268,13,4695.9800000000005,3,525.7400000000001,move,improve
269,13,4661.28,3,525.7400000000001,2opt,improve
270,13,3970.0800000000004,3,525.7400000000001,move,improve
271,13,4209.61,3,525.7400000000001,swap,acceptBad
272,14,5012.24,3,525.7400000000001,2opt,acceptBad
273,14,5015.21,3,525.7400000000001,swap,acceptBad
274,14,4721.080000000001,3,525.7400000000001,move,improve
275,14,4475.56,3,525.7400000000001,move,improve
276,14,4387.320000000001,3,525.7400000000001,swap,improve
277,14,5915.140000000001,3,525.7400000000001,swap,acceptBad
278,14,5971.960000000004,3,525.7400000000001,2opt,acceptBad
279,14,6505.080000000003,3,525.7400000000001,2opt,acceptBad
280,14,6442.230000000002,3,525.7400000000001,swap,improve
281,14,6458.850000000002,3,525.7400000000001,swap,acceptBad
282,14,8909.83,3,525.7400000000001,move,acceptBad
283,14,8606.369999999999,3,525.7400000000001,move,improve
284,14,8603.249999999998,3,525.7400000000001,2opt,improve
285,14,8611.03,3,525.7400000000001,2opt,acceptBad
286,14,10745.509999999995,3,525.7400000000001,2opt,acceptBad
287,14,10385.149999999994,3,525.7400000000001,2opt,improve
288,14,10673.329999999996,3,525.7400000000001,swap,acceptBad
289,14,7486.8399999999965,3,525.7400000000001,move,improve
290,14,7486.8399999999965,3,525.7400000000001,move,improve
291,14,9059.979999999996,3,525.7400000000001,swap,acceptBad
292,14,8442.359999999997,3,525.7400000000001,move,improve
293,14,8441.429999999997,3,525.7400000000001,2opt,improve
294,14,8629.209999999994,3,525.7400000000001,2opt,acceptBad
295,14,9210.989999999993,3,525.7400000000001,swap,acceptBad
296,14,10189.450000000004,3,525.7400000000001,2opt,acceptBad
297,14,10311.580000000005,3,525.7400000000001,swap,acceptBad
298,14,10877.760000000004,3,525.7400000000001,swap,acceptBad
299,14,11121.6,3,525.7400000000001,2opt,acceptBad
300,14,10245.089999999998,3,525.7400000000001,2opt,improve
301,14,11790.730000000001,3,525.7400000000001,2opt,acceptBad
302,14,14274.710000000001,3,525.7400000000001,2opt,acceptBad
303,14,10743.7,3,525.7400000000001,move,improve
304,14,9553.580000000005,3,525.7400000000001,move,improve
305,14,8654.24,3,525.7400000000001,move,improve
306,13,6659.359999999998,3,525.7400000000001,move,improve
307,13,6649.76,3,525.7400000000001,2opt,improve
308,13,5954.61,3,525.7400000000001,move,improve
309,13,5885.0599999999995,3,525.7400000000001,move,improve
310,13,5126.539999999999,3,525.7400000000001,move,improve
311,13,5101.029999999997,3,525.7400000000001,swap,improve
312,13,4536.189999999997,3,525.7400000000001,move,improve
313,13,4525.0599999999995,3,525.7400000000001,2opt,improve
314,13,4524.729999999998,3,525.7400000000001,swap,improve
315,13,4524.729999999998,3,525.7400000000001,move,improve
316,13,4524.82,3,525.7400000000001,2opt,acceptBad
317,13,4526.740000000001,3,525.7400000000001,2opt,acceptBad
318,13,4501.669999999998,3,525.7400000000001,swap,improve
319,13,4509.379999999997,3,525.7400000000001,2opt,acceptBad
320,13,4511.479999999999,3,525.7400000000001,2opt,acceptBad
321,13,4511.659999999998,3,525.7400000000001,swap,acceptBad
322,13,4479.169999999999,3,525.7400000000001,swap,improve
323,13,4218.02,3,525.7400000000001,move,improve
324,13,4641.06,3,525.7400000000001,swap,acceptBad
325,13,4587.31,3,525.7400000000001,move,improve
326,13,6279.379999999997,3,525.7400000000001,swap,acceptBad
327,13,5748.65,3,525.7400000000001,move,improve
328,13,5855.439999999999,3,525.7400000000001,swap,acceptBad
329,13,5577.919999999998,3,525.7400000000001,move,improve
330,13,4982.819999999998,3,525.7400000000001,move,improve
331,13,4606.699999999997,3,525.7400000000001,move,improve
332,14,9478.239999999998,3,525.7400000000001,2opt,acceptBad
333,14,9484.06,3,525.7400000000001,2opt,acceptBad
334,14,9592.949999999997,3,525.7400000000001,swap,acceptBad
335,14,9596.159999999998,3,525.7400000000001,swap,acceptBad
336,14,9598.199999999997,3,525.7400000000001,2opt,acceptBad
337,14,11967.269999999997,3,525.7400000000001,2opt,acceptBad
338,14,12143.449999999997,3,525.7400000000001,swap,acceptBad
339,14,12135.859999999997,3,525.7400000000001,2opt,improve
340,14,12138.139999999998,3,525.7400000000001,swap,acceptBad
341,14,12137.869999999997,3,525.7400000000001,swap,improve
342,14,12302.829999999994,3,525.7400000000001,2opt,acceptBad
343,14,12310.779999999993,3,525.7400000000001,swap,acceptBad
344,14,11619.799999999994,3,525.7400000000001,move,improve
345,14,9546.819999999994,3,525.7400000000001,move,improve
346,14,6540.459999999999,3,525.7400000000001,move,improve
347,13,5854.119999999997,3,525.7400000000001,2opt,improve
348,13,5196.569999999998,3,525.7400000000001,move,improve
349,13,5188.979999999999,3,525.7400000000001,swap,improve
350,13,5094.6900000000005,3,525.7400000000001,move,improve
351,13,5077.110000000001,3,525.7400000000001,move,improve
352,12,4215.669999999999,3,525.7400000000001,move,improve
353,12,4486.19,3,525.7400000000001,swap,acceptBad
354,12,4495.879999999999,3,525.7400000000001,swap,acceptBad
355,12,4484.839999999998,3,525.7400000000001,2opt,improve
356,12,4550.919999999998,3,525.7400000000001,swap,acceptBad
357,12,4384.0,3,525.7400000000001,2opt,improve
358,12,4387.72,3,525.7400000000001,swap,acceptBad
359,12,4377.94,3,525.7400000000001,2opt,improve
360,12,6599.689999999999,3,525.7400000000001,2opt,acceptBad
361,12,8720.3,3,525.7400000000001,swap,acceptBad
362,12,8719.91,3,525.7400000000001,swap,improve
363,12,7412.380000000001,3,525.7400000000001,move,improve
364,12,7413.100000000001,3,525.7400000000001,swap,acceptBad
365,13,8252.590000000002,3,525.7400000000001,2opt,acceptBad
366,13,8256.19,3,525.7400000000001,2opt,acceptBad
367,13,8729.160000000002,3,525.7400000000001,swap,acceptBad
368,13,8726.580000000002,3,525.7400000000001,2opt,improve
369,13,9243.430000000002,3,525.7400000000001,2opt,acceptBad
370,13,9101.280000000002,3,525.7400000000001,swap,improve
371,13,10421.86,3,525.7400000000001,swap,acceptBad
372,13,9977.050000000001,3,525.7400000000001,move,improve
373,13,9977.050000000001,3,525.7400000000001,move,improve
374,13,8366.680000000004,3,525.7400000000001,move,improve
375,13,7820.320000000003,3,525.7400000000001,move,improve
376,13,7349.450000000003,3,525.7400000000001,move,improve
377,13,7353.200000000003,3,525.7400000000001,swap,acceptBad
378,13,9276.619999999999,3,525.7400000000001,2opt,acceptBad
379,13,7271.949999999999,3,525.7400000000001,move,improve
380,13,6959.16,3,525.7400000000001,swap,improve
381,13,7299.299999999997,3,525.7400000000001,swap,acceptBad
382,13,7785.7699999999995,3,525.7400000000001,2opt,acceptBad
383,13,7787.959999999999,3,525.7400000000001,swap,acceptBad
384,13,7286.540000000001,3,525.7400000000001,move,improve
385,13,7780.630000000001,3,525.7400000000001,swap,acceptBad
386,13,7413.540000000003,3,525.7400000000001,move,improve
387,13,6668.440000000001,3,525.7400000000001,move,improve
388,13,6689.980000000001,3,525.7400000000001,swap,acceptBad
389,13,6695.710000000001,3,525.7400000000001,swap,acceptBad
390,13,6921.720000000001,3,525.7400000000001,swap,acceptBad
391,13,9146.460000000001,3,525.7400000000001,swap,acceptBad
392,13,6766.620000000001,3,525.7400000000001,swap,improve
393,13,6315.02,3,525.7400000000001,move,improve
394,13,6308.900000000001,3,525.7400000000001,swap,improve
395,13,6049.340000000001,3,525.7400000000001,move,improve
396,13,6049.340000000001,3,525.7400000000001,2opt,improve
397,13,5622.89,3,525.7400000000001,move,improve
398,13,5622.89,3,525.7400000000001,move,improve
399,13,5266.790000000001,3,525.7400000000001,move,improve
400,13,5250.560000000001,3,525.7400000000001,2opt,improve
401,13,5430.79,3,525.7400000000001,swap,acceptBad
402,13,5131.44,3,525.7400000000001,move,improve
403,13,8525.45,3,525.7400000000001,2opt,acceptBad
404,14,12208.640000000001,3,525.7400000000001,2opt,acceptBad
405,14,11904.279999999997,3,525.7400000000001,move,improve
406,14,11904.279999999997,3,525.7400000000001,2opt,improve
407,14,11941.66,3,525.7400000000001,swap,acceptBad
408,14,11941.66,3,525.7400000000001,move,improve
409,14,11283.390000000001,3,525.7400000000001,move,improve
410,14,10068.190000000002,3,525.7400000000001,move,improve
411,14,11291.4,3,525.7400000000001,swap,acceptBad
412,14,11292.09,3,525.7400000000001,2opt,acceptBad
413,14,10525.610000000004,3,525.7400000000001,move,improve
414,14,9706.460000000003,3,525.7400000000001,swap,improve
415,14,9696.44,3,525.7400000000001,2opt,improve
416,14,9694.49,3,525.7400000000001,swap,improve
417,14,9758.840000000002,3,525.7400000000001,2opt,acceptBad
418,14,9755.839999999997,3,525.7400000000001,2opt,improve
419,14,9749.749999999996,3,525.7400000000001,swap,improve
420,14,9798.159999999996,3,525.7400000000001,swap,acceptBad
421,14,10122.609999999997,3,525.7400000000001,swap,acceptBad
422,14,8854.279999999999,3,525.7400000000001,move,improve
423,15,13105.279999999997,3,525.7400000000001,2opt,acceptBad
424,15,13101.859999999997,3,525.7400000000001,swap,improve
425,15,12739.739999999993,3,525.7400000000001,swap,improve
426,15,14925.47,3,525.7400000000001,swap,acceptBad
427,15,12296.629999999996,3,525.7400000000001,move,improve
428,15,13250.609999999999,3,525.7400000000001,swap,acceptBad
429,14,10118.029999999995,3,525.7400000000001,move,improve
430,14,8370.539999999994,3,525.7400000000001,move,improve
431,14,7579.509999999996,3,525.7400000000001,2opt,improve
432,14,7579.509999999996,3,525.7400000000001,move,improve
433,14,8378.699999999995,3,525.7400000000001,2opt,acceptBad
434,14,9873.809999999998,3,525.7400000000001,swap,acceptBad
435,14,9873.809999999998,3,525.7400000000001,move,improve
436,14,9149.719999999996,3,525.7400000000001,move,improve
437,14,9851.139999999998,3,525.7400000000001,2opt,acceptBad
438,14,9780.849999999997,3,525.7400000000001,swap,improve
439,14,8219.719999999996,3,525.7400000000001,move,improve
440,14,8226.529999999995,3,525.7400000000001,2opt,acceptBad
441,14,9071.689999999999,3,525.7400000000001,2opt,acceptBad
442,14,7250.499999999999,3,525.7400000000001,move,improve
443,14,7347.629999999999,3,525.7400000000001,swap,acceptBad
444,14,7344.389999999999,3,525.7400000000001,2opt,improve
445,14,8105.649999999998,3,525.7400000000001,2opt,acceptBad
446,14,8658.679999999997,3,525.7400000000001,2opt,acceptBad
447,14,8222.039999999999,3,525.7400000000001,move,improve
448,14,7612.9299999999985,3,525.7400000000001,move,improve
449,14,10706.409999999996,3,525.7400000000001,2opt,acceptBad
450,14,9581.839999999998,3,525.7400000000001,2opt,improve
451,14,9583.849999999999,3,525.7400000000001,2opt,acceptBad
452,14,9583.849999999999,3,525.7400000000001,move,improve
453,14,12028.149999999998,3,525.7400000000001,swap,acceptBad
454,14,10721.259999999995,3,525.7400000000001,move,improve
455,14,10099.38,3,525.7400000000001,move,improve
456,14,9903.699999999999,3,525.7400000000001,swap,improve
457,14,11156.930000000002,3,525.7400000000001,swap,acceptBad
458,14,10537.55,3,525.7400000000001,move,improve
459,14,10532.84,3,525.7400000000001,swap,improve
460,14,9375.019999999999,3,525.7400000000001,move,improve
461,14,9851.09,3,525.7400000000001,2opt,acceptBad
462,14,9077.439999999999,3,525.7400000000001,move,improve
463,14,9171.679999999998,3,525.7400000000001,swap,acceptBad
464,14,9831.72,3,525.7400000000001,2opt,acceptBad
465,14,10073.31,3,525.7400000000001,swap,acceptBad
466,14,10011.65,3,525.7400000000001,swap,improve
467,14,10005.710000000001,3,525.7400000000001,swap,improve
468,14,10004.630000000001,3,525.7400000000001,2opt,improve
469,14,10004.630000000001,3,525.7400000000001,2opt,improve
470,14,10458.2,3,525.7400000000001,swap,acceptBad
471,14,10470.480000000001,3,525.7400000000001,swap,acceptBad
472,15,11251.030000000002,3,525.7400000000001,2opt,acceptBad
473,15,11237.530000000002,3,525.7400000000001,swap,improve
474,15,13106.93,3,525.7400000000001,2opt,acceptBad
475,15,14350.000000000005,3,525.7400000000001,swap,acceptBad
476,15,13818.940000000004,3,525.7400000000001,move,improve
477,15,10994.19,3,525.7400000000001,move,improve
478,15,10993.38,3,525.7400000000001,2opt,improve
479,15,10540.900000000001,3,525.7400000000001,move,improve
480,15,12904.08,3,525.7400000000001,2opt,acceptBad
481,15,12904.08,3,525.7400000000001,2opt,improve
482,15,12978.41,3,525.7400000000001,swap,acceptBad
483,15,12370.910000000002,3,525.7400000000001,move,improve
484,15,11749.100000000002,3,525.7400000000001,2opt,improve
485,15,11749.100000000002,3,525.7400000000001,move,improve
486,15,11669.400000000001,3,525.7400000000001,move,improve
487,15,14091.809999999998,3,525.7400000000001,swap,acceptBad
488,15,14677.659999999998,3,525.7400000000001,2opt,acceptBad
489,15,14687.720000000001,3,525.7400000000001,2opt,acceptBad
490,15,12314.369999999999,3,525.7400000000001,move,improve
491,15,12311.069999999998,3,525.7400000000001,2opt,improve
492,15,12318.059999999998,3,525.7400000000001,2opt,acceptBad
493,15,12331.289999999995,3,525.7400000000001,2opt,acceptBad
494,15,13062.479999999992,3,525.7400000000001,2opt,acceptBad
495,15,13062.479999999992,3,525.7400000000001,move,improve
496,15,11328.45,3,525.7400000000001,move,improve
497,15,11332.619999999999,3,525.7400000000001,swap,acceptBad
498,15,11532.940000000002,3,525.7400000000001,swap,acceptBad
499,15,11117.770000000008,3,525.7400000000001,move,improve
500,14,9796.270000000002,3,525.7400000000001,2opt,improve
501,14,9721.340000000002,3,525.7400000000001,swap,improve
502,14,9899.380000000003,3,525.7400000000001,swap,acceptBad
503,14,9425.100000000002,3,525.7400000000001,move,improve
504,14,9548.52,3,525.7400000000001,swap,acceptBad
505,14,8954.090000000004,3,525.7400000000001,move,improve
506,14,8954.090000000004,3,525.7400000000001,move,improve
507,14,8379.900000000001,3,525.7400000000001,move,improve
508,14,8400.570000000002,3,525.7400000000001,2opt,acceptBad
509,14,8112.8600000000015,3,525.7400000000001,move,improve
510,14,8192.14,3,525.7400000000001,swap,acceptBad
511,14,8192.14,3,525.7400000000001,move,improve
512,14,8192.14,3,525.7400000000001,2opt,improve
513,14,8763.769999999999,3,525.7400000000001,swap,acceptBad
514,14,9128.320000000002,3,525.7400000000001,2opt,acceptBad
515,14,8754.65,3,525.7400000000001,move,improve
516,14,8300.650000000001,3,525.7400000000001,move,improve
517,14,7270.320000000003,3,525.7400000000001,move,improve
518,14,7349.100000000001,3,525.7400000000001,swap,acceptBad
519,14,6427.42,3,525.7400000000001,move,improve
520,14,5882.399999999999,3,525.7400000000001,swap,improve
521,14,6462.329999999999,3,525.7400000000001,2opt,acceptBad
522,14,5905.25,3,525.7400000000001,move,improve
523,14,5895.62,3,525.7400000000001,swap,improve
524,14,5552.23,3,525.7400000000001,move,improve
525,14,9843.969999999998,3,525.7400000000001,2opt,acceptBad
526,14,9996.449999999997,3,525.7400000000001,2opt,acceptBad
527,14,10181.59,3,525.7400000000001,2opt,acceptBad
528,14,10193.500000000002,3,525.7400000000001,2opt,acceptBad
529,14,7689.139999999999,3,525.7400000000001,move,improve
530,14,6902.879999999998,3,525.7400000000001,move,improve
531,14,6901.979999999998,3,525.7400000000001,2opt,improve
532,14,6705.76,3,525.7400000000001,move,improve
533,15,9775.480000000001,3,525.7400000000001,2opt,acceptBad
534,15,9852.02,3,525.7400000000001,2opt,acceptBad
535,15,10100.490000000002,3,525.7400000000001,swap,acceptBad
536,15,9721.230000000001,3,525.7400000000001,move,improve
537,15,10486.920000000004,3,525.7400000000001,swap,acceptBad
538,15,8292.030000000002,3,525.7400000000001,swap,improve
539,15,8267.060000000005,3,525.7400000000001,move,improve
540,15,10892.700000000004,3,525.7400000000001,swap,acceptBad
541,15,10891.230000000003,3,525.7400000000001,2opt,improve
542,15,10933.240000000002,3,525.7400000000001,swap,acceptBad
543,15,11577.350000000002,3,525.7400000000001,2opt,acceptBad
544,15,11600.300000000001,3,525.7400000000001,swap,acceptBad
545,15,11015.570000000002,3,525.7400000000001,move,improve
546,15,10832.980000000001,3,525.7400000000001,2opt,improve
547,15,10830.730000000001,3,525.7400000000001,2opt,improve
548,15,10828.119999999999,3,525.7400000000001,2opt,improve
549,15,12492.79,3,525.7400000000001,2opt,acceptBad
550,15,12744.87,3,525.7400000000001,2opt,acceptBad
551,15,12744.88,3,525.7400000000001,swap,acceptBad
552,15,12199.050000000003,3,525.7400000000001,move,improve
553,14,11370.500000000004,3,525.7400000000001,2opt,improve
554,14,10983.350000000004,3,525.7400000000001,move,improve
555,14,12157.260000000004,3,525.7400000000001,2opt,acceptBad
556,14,12157.260000000004,3,525.7400000000001,2opt,notBad
557,14,12152.189999999999,3,525.7400000000001,2opt,improve
558,13,10504.229999999998,3,525.7400000000001,2opt,improve
559,13,10225.380000000001,3,525.7400000000001,move,improve
560,13,10125.380000000001,3,525.7400000000001,move,improve
561,13,10012.07,3,525.7400000000001,move,improve
562,13,10013.510000000002,3,525.7400000000001,2opt,acceptBad
563,13,10015.760000000002,3,525.7400000000001,2opt,acceptBad
564,13,9939.840000000002,3,525.7400000000001,2opt,improve
565,13,9710.04,3,525.7400000000001,swap,improve
566,13,9755.429999999998,3,525.7400000000001,swap,acceptBad
567,13,9837.140000000001,3,525.7400000000001,swap,acceptBad
568,13,8561.65,3,525.7400000000001,2opt,improve
569,13,8822.01,3,525.7400000000001,swap,acceptBad
570,13,7137.210000000001,3,525.7400000000001,move,improve
571,13,7136.729999999999,3,525.7400000000001,2opt,improve
572,13,6753.390000000002,3,525.7400000000001,move,improve
573,13,6276.270000000001,3,525.7400000000001,move,improve
574,13,6513.92,3,525.7400000000001,swap,acceptBad
575,13,6510.59,3,525.7400000000001,move,improve
576,13,6511.07,3,525.7400000000001,2opt,acceptBad
577,13,5807.370000000001,3,525.7400000000001,move,improve
578,13,5807.370000000001,3,525.7400000000001,2opt,notBad
579,13,5401.530000000001,3,525.7400000000001,move,improve
580,13,5392.260000000001,3,525.7400000000001,2opt,improve
581,13,5392.260000000001,3,525.7400000000001,move,improve
582,13,5134.03,3,525.7400000000001,move,improve
583,13,5632.750000000001,3,525.7400000000001,swap,acceptBad
584,13,5632.750000000001,3,525.7400000000001,move,improve
585,13,5554.6399999999985,3,525.7400000000001,2opt,improve
586,13,5554.129999999999,3,525.7400000000001,2opt,improve
587,13,5649.33,3,525.7400000000001,swap,acceptBad
588,13,5659.020000000001,3,525.7400000000001,2opt,acceptBad
589,13,5673.840000000001,3,525.7400000000001,2opt,acceptBad
590,13,5656.410000000001,3,525.7400000000001,swap,improve
591,13,5656.410000000001,3,525.7400000000001,move,improve
592,13,5819.95,3,525.7400000000001,swap,acceptBad
593,13,5825.2300000000005,3,525.7400000000001,2opt,acceptBad
594,13,5826.579999999999,3,525.7400000000001,2opt,acceptBad
595,13,5826.579999999999,3,525.7400000000001,move,improve
596,13,5819.62,3,525.7400000000001,2opt,improve
597,13,5711.099999999999,3,525.7400000000001,move,improve
598,13,5701.23,3,525.7400000000001,swap,improve
599,13,5814.259999999999,3,525.7400000000001,swap,acceptBad
600,13,7282.030000000002,3,525.7400000000001,swap,acceptBad
601,13,7262.800000000001,3,525.7400000000001,swap,improve
602,13,7269.520000000001,3,525.7400000000001,2opt,acceptBad
603,13,6522.759999999999,3,525.7400000000001,move,improve
604,13,6090.919999999999,3,525.7400000000001,move,improve
605,13,6717.859999999999,3,525.7400000000001,2opt,acceptBad
606,13,5735.459999999996,3,525.7400000000001,swap,improve
607,13,6155.259999999998,3,525.7400000000001,swap,acceptBad
608,13,6364.91,3,525.7400000000001,2opt,acceptBad
609,13,6383.939999999999,3,525.7400000000001,swap,acceptBad
610,13,6382.739999999999,3,525.7400000000001,swap,improve
611,13,6383.459999999999,3,525.7400000000001,2opt,acceptBad
612,13,5842.170000000001,3,525.7400000000001,move,improve
613,13,5608.509999999999,3,525.7400000000001,move,improve
614,13,5692.249999999999,3,525.7400000000001,swap,acceptBad
615,13,5686.34,3,525.7400000000001,move,improve
616,13,5761.250000000001,3,525.7400000000001,swap,acceptBad
617,13,5757.110000000001,3,525.7400000000001,swap,improve
618,13,5525.660000000001,3,525.7400000000001,move,improve
619,13,6165.550000000001,3,525.7400000000001,2opt,acceptBad
620,13,6876.120000000001,3,525.7400000000001,2opt,acceptBad
621,14,10943.99,3,525.7400000000001,2opt,acceptBad
622,14,10581.619999999999,3,525.7400000000001,move,improve
623,14,10758.929999999997,3,525.7400000000001,swap,acceptBad
624,14,10754.309999999998,3,525.7400000000001,swap,improve
625,14,10695.179999999998,3,525.7400000000001,2opt,improve
626,14,10981.460000000001,3,525.7400000000001,swap,acceptBad
627,14,10976.24,3,525.7400000000001,swap,improve
628,14,7802.349999999999,3,525.7400000000001,move,improve
629,14,8077.6799999999985,3,525.7400000000001,swap,acceptBad
630,14,7621.12,3,525.7400000000001,swap,improve
631,14,7087.360000000001,3,525.7400000000001,move,improve
632,14,7104.039999999999,3,525.7400000000001,swap,acceptBad
633,14,7107.669999999997,3,525.7400000000001,2opt,acceptBad
634,14,6861.189999999999,3,525.7400000000001,move,improve
635,14,6861.6399999999985,3,525.7400000000001,swap,acceptBad
636,14,10266.609999999999,3,525.7400000000001,swap,acceptBad
637,14,10283.740000000002,3,525.7400000000001,swap,acceptBad
638,14,6793.49,3,525.7400000000001,move,improve
639,14,6027.4299999999985,3,525.7400000000001,2opt,improve
640,14,5540.509999999998,3,525.7400000000001,move,improve
641,14,5613.3499999999985,3,525.7400000000001,2opt,acceptBad
642,14,5012.379999999999,3,525.7400000000001,move,improve
643,14,5012.379999999999,3,525.7400000000001,2opt,improve
644,14,5107.969999999999,3,525.7400000000001,2opt,acceptBad
645,14,7712.679999999998,3,525.7400000000001,2opt,acceptBad
646,14,7722.14,3,525.7400000000001,2opt,acceptBad
647,14,7725.110000000002,3,525.7400000000001,2opt,acceptBad
648,14,7724.570000000002,3,525.7400000000001,2opt,improve
649,14,7730.120000000004,3,525.7400000000001,2opt,acceptBad
650,14,7759.06,3,525.7400000000001,2opt,acceptBad
651,14,7757.529999999999,3,525.7400000000001,2opt,improve
652,14,7034.659999999997,3,525.7400000000001,move,improve
653,14,7036.669999999997,3,525.7400000000001,swap,acceptBad
654,14,7033.369999999997,3,525.7400000000001,swap,improve
655,14,6387.41,3,525.7400000000001,move,improve
656,13,5277.999999999998,3,525.7400000000001,2opt,improve
657,13,5272.689999999999,3,525.7400000000001,move,improve
658,13,5273.409999999998,3,525.7400000000001,2opt,acceptBad
659,13,4889.259999999997,3,525.7400000000001,move,improve
660,13,4842.2099999999955,3,525.7400000000001,move,improve
661,13,4826.309999999996,3,525.7400000000001,swap,improve
662,13,4826.309999999996,3,525.7400000000001,move,improve
663,13,3902.779999999998,3,525.7400000000001,move,improve
664,13,3923.119999999998,3,525.7400000000001,swap,acceptBad
665,13,3615.6799999999985,3,525.7400000000001,move,improve
666,13,3535.3799999999983,3,525.7400000000001,2opt,improve
667,13,5148.379999999999,3,525.7400000000001,2opt,acceptBad
668,13,5100.919999999999,3,525.7400000000001,move,improve
669,13,5047.629999999999,3,525.7400000000001,swap,improve
670,13,6306.610000000001,3,525.7400000000001,2opt,acceptBad
671,13,6304.330000000001,3,525.7400000000001,swap,improve
672,13,5660.5599999999995,3,525.7400000000001,move,improve
673,13,5721.56,3,525.7400000000001,swap,acceptBad
674,13,5739.9800000000005,3,525.7400000000001,swap,acceptBad
675,13,5744.120000000001,3,525.7400000000001,swap,acceptBad
676,13,6582.860000000001,3,525.7400000000001,2opt,acceptBad
677,13,6808.250000000001,3,525.7400000000001,2opt,acceptBad
678,12,4328.780000000001,3,525.7400000000001,move,improve
679,12,6055.580000000002,3,525.7400000000001,swap,acceptBad
680,12,6060.440000000001,3,525.7400000000001,2opt,acceptBad
681,12,4324.18,3,525.7400000000001,move,improve
682,12,4315.93,3,525.7400000000001,move,improve
683,12,4313.320000000001,3,525.7400000000001,swap,improve
684,12,6192.389999999998,3,525.7400000000001,swap,acceptBad
685,12,7478.759999999999,3,525.7400000000001,2opt,acceptBad
686,12,7330.61,3,525.7400000000001,move,improve
687,12,7332.0199999999995,3,525.7400000000001,swap,acceptBad
688,12,5478.77,3,525.7400000000001,move,improve
689,12,5131.140000000001,3,525.7400000000001,move,improve
690,12,5711.8600000000015,3,525.7400000000001,swap,acceptBad
691,12,5718.37,3,525.7400000000001,swap,acceptBad
692,12,5773.76,3,525.7400000000001,2opt,acceptBad
693,12,5846.11,3,525.7400000000001,swap,acceptBad
694,12,5836.38,3,525.7400000000001,swap,improve
695,12,5859.060000000002,3,525.7400000000001,swap,acceptBad
696,12,5623.310000000002,3,525.7400000000001,move,improve
697,12,5623.310000000002,3,525.7400000000001,move,improve
698,12,5652.940000000002,3,525.7400000000001,swap,acceptBad
699,12,6072.0700000000015,3,525.7400000000001,swap,acceptBad
700,12,6080.920000000001,3,525.7400000000001,swap,acceptBad
701,12,5701.490000000002,3,525.7400000000001,move,improve
702,12,5372.750000000002,3,525.7400000000001,move,improve
703,12,5369.629999999998,3,525.7400000000001,2opt,improve
704,13,9814.48,3,525.7400000000001,2opt,acceptBad
705,13,9814.48,3,525.7400000000001,move,improve
706,13,6837.85,3,525.7400000000001,swap,improve
707,12,5944.790000000001,3,525.7400000000001,2opt,improve
708,12,5685.84,3,525.7400000000001,move,improve
709,12,5763.01,3,525.7400000000001,2opt,acceptBad
710,12,5763.130000000001,3,525.7400000000001,swap,acceptBad
711,12,5811.38,3,525.7400000000001,swap,acceptBad
712,11,4555.48,3,525.7400000000001,2opt,improve
713,11,4576.0,3,525.7400000000001,swap,acceptBad
714,11,6029.99,3,525.7400000000001,swap,acceptBad
715,11,6132.490000000001,3,525.7400000000001,swap,acceptBad
716,11,6960.840000000001,3,525.7400000000001,swap,acceptBad
717,11,6960.840000000001,3,525.7400000000001,2opt,improve
718,11,6473.490000000002,3,525.7400000000001,move,improve
719,11,6477.45,3,525.7400000000001,2opt,acceptBad
720,11,6660.480000000003,3,525.7400000000001,2opt,acceptBad
721,11,6318.470000000001,3,525.7400000000001,2opt,improve
722,11,6350.1799999999985,3,525.7400000000001,swap,acceptBad
723,11,7639.05,3,525.7400000000001,2opt,acceptBad
724,11,7639.02,3,525.7400000000001,2opt,improve
725,11,7261.860000000001,3,525.7400000000001,swap,improve
726,11,7260.4800000000005,3,525.7400000000001,swap,improve
727,11,5883.139999999998,3,525.7400000000001,move,improve
728,11,5896.5199999999995,3,525.7400000000001,2opt,acceptBad
729,12,6254.979999999997,3,525.7400000000001,2opt,acceptBad
730,12,6062.009999999999,3,525.7400000000001,move,improve
731,12,8075.55,3,525.7400000000001,2opt,acceptBad
732,11,7215.949999999999,3,525.7400000000001,2opt,improve
733,11,6528.629999999998,3,525.7400000000001,swap,improve
734,11,7427.679999999998,3,525.7400000000001,2opt,acceptBad
735,11,9392.499999999998,3,525.7400000000001,2opt,acceptBad
736,12,10631.389999999998,3,525.7400000000001,2opt,acceptBad
737,12,10830.299999999997,3,525.7400000000001,2opt,acceptBad
738,12,9099.959999999997,3,525.7400000000001,move,improve
739,12,9095.879999999997,3,525.7400000000001,2opt,improve
740,12,8815.289999999995,3,525.7400000000001,swap,improve
741,12,8816.489999999996,3,525.7400000000001,swap,acceptBad
742,12,7637.979999999997,3,525.7400000000001,2opt,improve
743,12,7995.489999999996,3,525.7400000000001,swap,acceptBad
744,12,8014.269999999997,3,525.7400000000001,2opt,acceptBad
745,12,8013.939999999997,3,525.7400000000001,swap,improve
746,12,9589.98,3,525.7400000000001,swap,acceptBad
747,12,10249.29,3,525.7400000000001,swap,acceptBad
748,12,10223.19,3,525.7400000000001,swap,improve
749,12,10212.390000000001,3,525.7400000000001,2opt,improve
750,12,9133.620000000003,3,525.7400000000001,move,improve
751,12,9133.620000000003,3,525.7400000000001,move,improve
752,12,9126.720000000001,3,525.7400000000001,2opt,improve
753,12,8977.139999999996,3,525.7400000000001,move,improve
754,12,8591.729999999998,3,525.7400000000001,move,improve
755,13,9551.349999999999,3,525.7400000000001,2opt,acceptBad
756,13,10071.849999999999,3,525.7400000000001,swap,acceptBad
757,13,10075.289999999999,3,525.7400000000001,2opt,acceptBad
758,13,10103.07,3,525.7400000000001,swap,acceptBad
759,13,9440.32,3,525.7400000000001,move,improve
760,13,9288.83,3,525.7400000000001,move,improve
761,13,9291.11,3,525.7400000000001,2opt,acceptBad
762,13,8987.93,3,525.7400000000001,move,improve
763,13,10162.76,3,525.7400000000001,2opt,acceptBad
764,13,9978.270000000002,3,525.7400000000001,2opt,improve
765,13,9313.82,3,525.7400000000001,move,improve
766,13,8871.26,3,525.7400000000001,move,improve
767,13,8476.010000000002,3,525.7400000000001,move,improve
768,13,8603.3,3,525.7400000000001,2opt,acceptBad
769,13,8603.3,3,525.7400000000001,2opt,notBad
770,13,8719.31,3,525.7400000000001,swap,acceptBad
771,13,8805.010000000002,3,525.7400000000001,swap,acceptBad
772,13,8667.3,3,525.7400000000001,swap,improve
773,13,9686.349999999999,3,525.7400000000001,2opt,acceptBad
774,13,8562.519999999999,3,525.7400000000001,move,improve
775,13,7558.999999999999,3,525.7400000000001,move,improve
776,13,8587.369999999997,3,525.7400000000001,swap,acceptBad
777,13,7896.289999999997,3,525.7400000000001,move,improve
778,13,8165.439999999999,3,525.7400000000001,swap,acceptBad
779,13,7656.849999999997,3,525.7400000000001,2opt,improve
780,13,7714.469999999997,3,525.7400000000001,swap,acceptBad
781,13,7274.869999999998,3,525.7400000000001,move,improve
782,13,8548.219999999998,3,525.7400000000001,2opt,acceptBad
783,13,8548.219999999998,3,525.7400000000001,2opt,improve
784,13,8371.309999999998,3,525.7400000000001,swap,improve
785,13,8611.749999999998,3,525.7400000000001,swap,acceptBad
786,13,6063.360000000001,3,525.7400000000001,move,improve
787,13,6014.669999999999,3,525.7400000000001,move,improve
788,13,8440.49,3,525.7400000000001,swap,acceptBad
789,13,8437.79,3,525.7400000000001,2opt,improve
790,12,7792.840000000002,3,525.7400000000001,2opt,improve
791,12,7741.600000000002,3,525.7400000000001,2opt,improve
792,12,7448.999999999999,3,525.7400000000001,2opt,improve
793,12,7382.179999999998,3,525.7400000000001,swap,improve
794,12,6921.899999999998,3,525.7400000000001,2opt,improve
795,12,6921.899999999998,3,525.7400000000001,move,improve
796,12,6377.29,3,525.7400000000001,move,improve
797,12,6377.29,3,525.7400000000001,move,improve
798,12,6411.269999999999,3,525.7400000000001,2opt,acceptBad
799,12,6422.199999999999,3,525.7400000000001,2opt,acceptBad
800,12,6163.259999999999,3,525.7400000000001,swap,improve
801,12,6183.369999999999,3,525.7400000000001,swap,acceptBad
802,12,5369.51,3,525.7400000000001,swap,improve
803,12,5369.419999999999,3,525.7400000000001,2opt,improve
804,12,5105.6,3,525.7400000000001,2opt,improve
805,12,5118.9000000000015,3,525.7400000000001,swap,acceptBad
806,12,5112.42,3,525.7400000000001,2opt,improve
807,12,5112.42,3,525.7400000000001,2opt,improve
808,12,4791.6,3,525.7400000000001,move,improve
809,12,4791.6,3,525.7400000000001,move,improve
810,12,4789.92,3,525.7400000000001,2opt,improve
811,12,4789.66,3,525.7400000000001,swap,improve
812,12,5179.030000000001,3,525.7400000000001,2opt,acceptBad
813,12,5234.38,3,525.7400000000001,2opt,acceptBad
814,12,6211.290000000002,3,525.7400000000001,swap,acceptBad
815,12,6215.160000000003,3,525.7400000000001,2opt,acceptBad
816,12,4303.949999999999,3,525.7400000000001,move,improve
817,12,4261.519999999999,3,525.7400000000001,swap,improve
818,12,4559.659999999999,3,525.7400000000001,2opt,acceptBad
819,12,5970.7,3,525.7400000000001,swap,acceptBad
820,12,5266.0599999999995,3,525.7400000000001,move,improve
821,12,4434.179999999999,3,525.7400000000001,move,improve
822,12,4446.419999999999,3,525.7400000000001,swap,acceptBad
823,12,4789.549999999998,3,525.7400000000001,swap,acceptBad
824,12,8622.669999999996,3,525.7400000000001,swap,acceptBad
825,12,8619.909999999996,3,525.7400000000001,swap,improve
826,12,6912.229999999998,3,525.7400000000001,move,improve
827,12,6113.369999999998,3,525.7400000000001,move,improve
828,12,5360.269999999999,3,525.7400000000001,move,improve
829,13,6123.149999999997,3,525.7400000000001,2opt,acceptBad
830,13,6126.659999999997,3,525.7400000000001,swap,acceptBad
831,13,6102.599999999998,3,525.7400000000001,2opt,improve
832,13,7418.649999999997,3,525.7400000000001,2opt,acceptBad
833,13,7400.699999999997,3,525.7400000000001,2opt,improve
834,13,6136.629999999999,3,525.7400000000001,move,improve
835,13,6136.629999999999,3,525.7400000000001,move,improve
836,13,6633.669999999998,3,525.7400000000001,2opt,acceptBad
837,13,6332.709999999997,3,525.7400000000001,move,improve
838,12,4824.68,3,525.7400000000001,move,improve
839,12,4406.399999999999,3,525.7400000000001,2opt,improve
840,12,4404.689999999999,3,525.7400000000001,swap,improve
841,12,3980.1699999999996,3,525.7400000000001,move,improve
842,12,4126.529999999999,3,525.7400000000001,swap,acceptBad
843,12,4133.3099999999995,3,525.7400000000001,swap,acceptBad
844,12,3756.06,3,525.7400000000001,move,improve
845,12,3734.43,3,525.7400000000001,move,improve
846,12,3723.2699999999995,3,525.7400000000001,move,improve
847,12,3918.85,3,525.7400000000001,2opt,acceptBad
848,12,3918.85,3,525.7400000000001,move,improve
849,12,3902.86,3,525.7400000000001,swap,improve
850,12,5046.69,3,525.7400000000001,move,acceptBad
851,12,5123.24,3,525.7400000000001,2opt,acceptBad
852,12,5511.79,3,525.7400000000001,2opt,acceptBad
853,12,4366.04,3,525.7400000000001,move,improve
854,12,3953.43,3,525.7400000000001,move,improve
855,12,3685.1500000000005,3,525.7400000000001,move,improve
856,12,3820.59,3,525.7400000000001,2opt,acceptBad
857,12,5385.729999999998,3,525.7400000000001,swap,acceptBad
858,12,3745.5600000000004,3,525.7400000000001,move,improve
859,12,3737.1000000000004,3,525.7400000000001,2opt,improve
860,12,3522.2,3,525.7400000000001,move,improve
861,12,3433.0999999999995,3,525.7400000000001,move,improve
862,12,3433.0999999999995,3,525.7400000000001,2opt,notBad
863,12,3688.35,3,525.7400000000001,swap,acceptBad
864,12,3449.0600000000004,3,525.7400000000001,move,improve
865,13,6026.34,3,525.7400000000001,2opt,acceptBad
866,13,6479.500000000001,3,525.7400000000001,swap,acceptBad
867,13,6285.339999999998,3,525.7400000000001,move,improve
868,13,6975.459999999997,3,525.7400000000001,swap,acceptBad
869,13,6931.139999999998,3,525.7400000000001,2opt,improve
870,13,5509.3899999999985,3,525.7400000000001,move,improve
871,13,7212.759999999999,3,525.7400000000001,swap,acceptBad
872,13,9423.229999999998,3,525.7400000000001,swap,acceptBad
873,13,9916.359999999999,3,525.7400000000001,2opt,acceptBad
874,13,9908.499999999998,3,525.7400000000001,swap,improve
875,13,6613.139999999999,3,525.7400000000001,move,improve
876,13,5686.189999999999,3,525.7400000000001,move,improve
877,13,5496.269999999999,3,525.7400000000001,move,improve
878,13,5243.869999999997,3,525.7400000000001,move,improve
879,13,5250.799999999999,3,525.7400000000001,2opt,acceptBad
880,13,5661.019999999999,3,525.7400000000001,2opt,acceptBad
881,13,5664.079999999999,3,525.7400000000001,2opt,acceptBad
882,13,5171.94,3,525.7400000000001,move,improve
883,13,5171.94,3,525.7400000000001,move,improve
884,13,4806.26,3,525.7400000000001,move,improve
885,13,4806.26,3,525.7400000000001,move,improve
886,13,4806.26,3,525.7400000000001,move,improve
887,13,4805.24,3,525.7400000000001,2opt,improve
888,13,4829.219999999999,3,525.7400000000001,swap,acceptBad
889,13,4821.24,3,525.7400000000001,move,improve
890,13,4592.45,3,525.7400000000001,move,improve
891,13,4485.1799999999985,3,525.7400000000001,swap,improve
892,13,4545.8899999999985,3,525.7400000000001,swap,acceptBad
893,13,4327.269999999999,3,525.7400000000001,2opt,improve
894,13,4510.62,3,525.7400000000001,swap,acceptBad
895,13,5044.7599999999975,3,525.7400000000001,2opt,acceptBad
896,13,5009.239999999997,3,525.7400000000001,swap,improve
897,13,5017.2199999999975,3,525.7400000000001,2opt,acceptBad
898,13,5017.2199999999975,3,525.7400000000001,move,improve
899,13,5088.239999999999,3,525.7400000000001,swap,acceptBad
900,13,5081.849999999999,3,525.7400000000001,2opt,improve
901,13,4455.349999999999,3,525.7400000000001,move,improve
902,13,4886.379999999999,3,525.7400000000001,2opt,acceptBad
903,13,4491.27,3,525.7400000000001,move,improve
904,13,4491.27,3,525.7400000000001,move,improve
905,13,4508.91,3,525.7400000000001,2opt,acceptBad
906,13,4361.139999999999,3,525.7400000000001,2opt,improve
907,13,4190.63,3,525.7400000000001,move,improve
908,13,4184.42,3,525.7400000000001,swap,improve
909,13,4286.059999999998,3,525.7400000000001,2opt,acceptBad
910,14,7038.289999999999,3,525.7400000000001,2opt,acceptBad
911,14,7037.449999999999,3,525.7400000000001,swap,improve
912,14,7037.449999999999,3,525.7400000000001,2opt,notBad
913,14,9017.309999999998,3,525.7400000000001,2opt,acceptBad
914,14,9018.119999999997,3,525.7400000000001,swap,acceptBad
915,14,9027.749999999998,3,525.7400000000001,2opt,acceptBad
916,14,9021.3,3,525.7400000000001,swap,improve
917,14,8572.33,3,525.7400000000001,move,improve
918,14,10761.909999999998,3,525.7400000000001,swap,acceptBad
919,14,10761.909999999998,3,525.7400000000001,move,improve
920,14,10583.550000000001,3,525.7400000000001,move,improve
921,14,10582.53,3,525.7400000000001,2opt,improve
922,14,10635.0,3,525.7400000000001,swap,acceptBad
923,14,10542.660000000002,3,525.7400000000001,swap,improve
924,14,10544.220000000001,3,525.7400000000001,2opt,acceptBad
925,14,10477.86,3,525.7400000000001,swap,improve
926,14,10162.2,3,525.7400000000001,move,improve
927,14,10165.019999999999,3,525.7400000000001,2opt,acceptBad
928,14,10933.89,3,525.7400000000001,2opt,acceptBad
929,14,10896.099999999997,3,525.7400000000001,swap,improve
930,14,11240.55,3,525.7400000000001,2opt,acceptBad
931,14,11781.81,3,525.7400000000001,swap,acceptBad
932,14,12077.13,3,525.7400000000001,2opt,acceptBad
933,14,12011.940000000002,3,525.7400000000001,swap,improve
934,14,8995.71,3,525.7400000000001,move,improve
935,14,8383.699999999997,3,525.7400000000001,move,improve
936,14,8159.679999999999,3,525.7400000000001,2opt,improve
937,14,7141.269999999998,3,525.7400000000001,move,improve
938,14,6610.659999999998,3,525.7400000000001,move,improve
939,14,7014.649999999999,3,525.7400000000001,2opt,acceptBad
940,14,6937.0099999999975,3,525.7400000000001,2opt,improve
941,14,6937.0099999999975,3,525.7400000000001,move,improve
942,14,7047.339999999998,3,525.7400000000001,swap,acceptBad
943,14,7039.239999999998,3,525.7400000000001,swap,improve
944,14,6950.859999999999,3,525.7400000000001,move,improve
945,14,6950.859999999999,3,525.7400000000001,move,improve
946,14,6488.619999999999,3,525.7400000000001,move,improve
947,14,4481.620000000001,3,525.7400000000001,move,improve
948,14,4480.959999999999,3,525.7400000000001,2opt,improve
949,14,4587.2,3,525.7400000000001,swap,acceptBad
950,14,4604.27,3,525.7400000000001,2opt,acceptBad
951,14,6960.029999999995,3,525.7400000000001,swap,acceptBad
952,14,6748.529999999996,3,525.7400000000001,move,improve
953,14,6748.529999999996,3,525.7400000000001,2opt,notBad
954,14,6620.739999999999,3,525.7400000000001,swap,improve
955,14,6110.06,3,525.7400000000001,move,improve
956,14,6110.06,3,525.7400000000001,move,improve
957,14,6106.34,3,525.7400000000001,2opt,improve
958,14,6101.27,3,525.7400000000001,2opt,improve
959,14,6094.55,3,525.7400000000001,move,improve
960,14,5850.470000000001,3,525.7400000000001,swap,improve
961,14,5537.9400000000005,3,525.7400000000001,move,improve
962,14,4499.840000000002,3,525.7400000000001,move,improve
963,14,4493.12,3,525.7400000000001,2opt,improve
964,14,4493.12,3,525.7400000000001,2opt,notBad
965,14,4314.799999999999,3,525.7400000000001,swap,improve
966,14,4310.569999999999,3,525.7400000000001,2opt,improve
967,14,4310.569999999999,3,525.7400000000001,move,improve
968,14,4301.5999999999985,3,525.7400000000001,move,improve
969,14,4969.37,3,525.7400000000001,swap,acceptBad
970,14,4875.200000000001,3,525.7400000000001,move,improve
971,14,4620.319999999999,3,525.7400000000001,move,improve
972,14,4528.55,3,525.7400000000001,swap,improve
973,14,4529.869999999999,3,525.7400000000001,2opt,acceptBad
974,14,4558.950000000001,3,525.7400000000001,swap,acceptBad
975,14,4275.69,3,525.7400000000001,move,improve
976,14,4459.3099999999995,3,525.7400000000001,2opt,acceptBad
977,14,4068.5800000000004,3,525.7400000000001,move,improve
978,14,4596.38,3,525.7400000000001,move,acceptBad
979,14,4589.72,3,525.7400000000001,move,improve
980,14,4591.22,3,525.7400000000001,swap,acceptBad
981,14,4596.439999999999,3,525.7400000000001,2opt,acceptBad
982,14,4586.1799999999985,3,525.7400000000001,move,improve
983,14,3806.0,3,525.7400000000001,move,improve
984,14,3795.3499999999995,3,525.7400000000001,swap,improve
985,14,3795.3499999999995,3,525.7400000000001,move,improve
986,14,3782.929999999999,3,525.7400000000001,swap,improve
987,14,3781.579999999999,3,525.7400000000001,2opt,improve
988,14,4285.4400000000005,3,525.7400000000001,2opt,acceptBad
989,14,4293.39,3,525.7400000000001,swap,acceptBad
990,14,4289.639999999999,3,525.7400000000001,move,improve
991,14,4017.7799999999997,3,525.7400000000001,move,improve
992,14,4017.7799999999997,3,525.7400000000001,move,improve
993,14,4017.7799999999997,3,525.7400000000001,move,improve
994,14,6528.52,3,525.7400000000001,swap,acceptBad
995,14,6088.660000000001,3,525.7400000000001,move,improve
996,14,4192.509999999999,3,525.7400000000001,move,improve
997,14,4210.629999999999,3,525.7400000000001,swap,acceptBad
998,14,4210.599999999999,3,525.7400000000001,move,improve
999,14,4589.220000000002,3,525.7400000000001,2opt,acceptBad
1000,14,5045.150000000001,3,525.7400000000001,swap,acceptBad
1001,14,4886.160000000001,3,525.7400000000001,2opt,improve
1002,14,4825.48,3,525.7400000000001,move,improve
1003,14,4406.419999999999,3,525.7400000000001,move,improve
1004,14,4335.36,3,525.7400000000001,swap,improve
1005,14,6148.88,3,525.7400000000001,swap,acceptBad
1006,14,4751.790000000001,3,525.7400000000001,move,improve
1007,14,8782.3,3,525.7400000000001,swap,acceptBad
1008,14,8781.819999999998,3,525.7400000000001,2opt,improve
1009,14,5549.870000000001,3,525.7400000000001,move,improve
1010,14,5663.88,3,525.7400000000001,2opt,acceptBad
1011,14,5257.41,3,525.7400000000001,move,improve
1012,14,5257.41,3,525.7400000000001,move,improve
1013,14,5257.41,3,525.7400000000001,move,improve
1014,15,6567.3600000000015,3,525.7400000000001,2opt,acceptBad
1015,15,6852.11,3,525.7400000000001,swap,acceptBad
1016,15,6398.160000000001,3,525.7400000000001,move,improve
1017,15,6202.32,3,525.7400000000001,swap,improve
1018,15,5746.76,3,525.7400000000001,move,improve
1019,15,6147.300000000002,3,525.7400000000001,swap,acceptBad
1020,15,6147.300000000002,3,525.7400000000001,move,improve
1021,15,6161.770000000001,3,525.7400000000001,swap,acceptBad
1022,15,5742.11,3,525.7400000000001,move,improve
1023,15,5742.11,3,525.7400000000001,2opt,notBad
1024,15,5773.49,3,525.7400000000001,swap,acceptBad
1025,15,5773.49,3,525.7400000000001,move,improve
1026,15,5844.63,3,525.7400000000001,swap,acceptBad
1027,15,9116.35,3,525.7400000000001,swap,acceptBad
1028,15,11632.709999999995,3,525.7400000000001,swap,acceptBad
1029,15,12928.419999999996,3,525.7400000000001,2opt,acceptBad
1030,15,12925.509999999997,3,525.7400000000001,2opt,improve
1031,15,12925.509999999997,3,525.7400000000001,2opt,notBad
1032,15,12782.869999999999,3,525.7400000000001,2opt,improve
1033,15,12799.550000000001,3,525.7400000000001,swap,acceptBad
1034,15,12968.389999999996,3,525.7400000000001,2opt,acceptBad
1035,15,12885.93,3,525.7400000000001,swap,improve
1036,15,9782.890000000003,3,525.7400000000001,move,improve
1037,15,9769.810000000001,3,525.7400000000001,swap,improve
1038,15,9291.579999999998,3,525.7400000000001,move,improve
1039,15,9291.579999999998,3,525.7400000000001,move,improve
1040,15,9013.270000000004,3,525.7400000000001,2opt,improve
1041,15,8228.03,3,525.7400000000001,move,improve
1042,15,8229.320000000002,3,525.7400000000001,2opt,acceptBad
1043,15,7677.050000000001,3,525.7400000000001,move,improve
1044,15,6559.340000000003,3,525.7400000000001,move,improve
1045,15,6155.850000000002,3,525.7400000000001,swap,improve
1046,15,6152.970000000001,3,525.7400000000001,2opt,improve
1047,15,6747.86,3,525.7400000000001,swap,acceptBad
1048,15,6687.019999999999,3,525.7400000000001,2opt,improve
1049,15,6744.129999999999,3,525.7400000000001,swap,acceptBad
1050,15,6372.4299999999985,3,525.7400000000001,move,improve
1051,15,6822.280000000002,3,525.7400000000001,swap,acceptBad
1052,15,6585.400000000002,3,525.7400000000001,move,improve
1053,15,6504.350000000002,3,525.7400000000001,swap,improve
1054,15,6505.280000000005,3,525.7400000000001,2opt,acceptBad
1055,15,7056.170000000004,3,525.7400000000001,swap,acceptBad
1056,15,6707.100000000001,3,525.7400000000001,move,improve
1057,15,6707.100000000001,3,525.7400000000001,2opt,notBad
1058,15,6557.580000000002,3,525.7400000000001,2opt,improve
1059,15,6562.1100000000015,3,525.7400000000001,swap,acceptBad
1060,15,6469.140000000002,3,525.7400000000001,move,improve
1061,15,6018.400000000001,3,525.7400000000001,move,improve
1062,15,5950.21,3,525.7400000000001,swap,improve
1063,15,6263.8899999999985,3,525.7400000000001,swap,acceptBad
1064,15,6263.8899999999985,3,525.7400000000001,move,improve
1065,15,5210.129999999999,3,525.7400000000001,move,improve
1066,15,5210.43,3,525.7400000000001,2opt,acceptBad
1067,15,5690.129999999999,3,525.7400000000001,swap,acceptBad
1068,15,5643.159999999999,3,525.7400000000001,swap,improve
1069,15,5638.569999999999,3,525.7400000000001,2opt,improve
1070,15,5630.799999999999,3,525.7400000000001,swap,improve
1071,15,7328.209999999998,3,525.7400000000001,swap,acceptBad
1072,15,7556.99,3,525.7400000000001,swap,acceptBad
1073,15,7546.07,3,525.7400000000001,2opt,improve
1074,15,7546.07,3,525.7400000000001,2opt,improve
1075,15,7131.599999999997,3,525.7400000000001,move,improve
1076,15,7062.849999999997,3,525.7400000000001,swap,improve
1077,15,6815.799999999999,3,525.7400000000001,move,improve
1078,15,6813.969999999999,3,525.7400000000001,2opt,improve
1079,15,6810.130000000003,3,525.7400000000001,2opt,improve
1080,15,6804.610000000002,3,525.7400000000001,2opt,improve
1081,15,6800.98,3,525.7400000000001,2opt,improve
1082,15,6800.98,3,525.7400000000001,move,improve
1083,15,6797.02,3,525.7400000000001,swap,improve
1084,15,6839.62,3,525.7400000000001,swap,acceptBad
1085,15,6839.77,3,525.7400000000001,swap,acceptBad
1086,15,6827.14,3,525.7400000000001,2opt,improve
1087,15,6828.249999999999,3,525.7400000000001,2opt,acceptBad
1088,15,6709.0999999999985,3,525.7400000000001,swap,improve
1089,15,6226.930000000003,3,525.7400000000001,move,improve
1090,15,6387.8700000000035,3,525.7400000000001,swap,acceptBad
1091,15,5703.560000000002,3,525.7400000000001,move,improve
1092,15,5693.630000000003,3,525.7400000000001,move,improve
1093,14,5014.840000000001,3,525.7400000000001,2opt,improve
1094,14,4997.260000000001,3,525.7400000000001,move,improve
1095,14,4611.559999999999,3,525.7400000000001,move,improve
1096,14,4611.559999999999,3,525.7400000000001,move,improve
1097,14,4611.559999999999,3,525.7400000000001,2opt,improve
1098,14,4902.64,3,525.7400000000001,swap,acceptBad
1099,14,5115.3899999999985,3,525.7400000000001,2opt,acceptBad
1100,14,4972.09,3,525.7400000000001,2opt,improve
1101,14,4727.749999999999,3,525.7400000000001,move,improve
1102,14,4727.749999999999,3,525.7400000000001,2opt,notBad
1103,14,4717.369999999999,3,525.7400000000001,swap,improve
1104,14,4481.839999999999,3,525.7400000000001,move,improve
1105,14,4495.2199999999975,3,525.7400000000001,2opt,acceptBad
1106,14,4495.2199999999975,3,525.7400000000001,2opt,improve
1107,14,7393.990000000001,3,525.7400000000001,swap,acceptBad
1108,14,6251.499999999997,3,525.7400000000001,move,improve
1109,14,5662.639999999999,3,525.7400000000001,move,improve
1110,14,8222.679999999995,3,525.7400000000001,swap,acceptBad
1111,14,6530.540000000001,3,525.7400000000001,move,improve
1112,14,6530.540000000001,3,525.7400000000001,2opt,notBad
1113,14,4621.4000000000015,3,525.7400000000001,move,improve
1114,14,4619.210000000002,3,525.7400000000001,swap,improve
1115,14,4482.31,3,525.7400000000001,move,improve
1116,14,4146.95,3,525.7400000000001,move,improve
1117,14,6027.939999999998,3,525.7400000000001,swap,acceptBad
1118,14,5650.2300000000005,3,525.7400000000001,move,improve
1119,14,5650.2300000000005,3,525.7400000000001,2opt,notBad
1120,14,5718.730000000001,3,525.7400000000001,swap,acceptBad
1121,14,5718.730000000001,3,525.7400000000001,move,improve
1122,14,5710.3600000000015,3,525.7400000000001,swap,improve
1123,14,5215.439999999999,3,525.7400000000001,move,improve
1124,14,5051.4299999999985,3,525.7400000000001,move,improve
1125,14,5879.59,3,525.7400000000001,2opt,acceptBad
1126,14,5892.7300000000005,3,525.7400000000001,swap,acceptBad
1127,14,8418.359999999995,3,525.7400000000001,swap,acceptBad
1128,14,8410.379999999994,3,525.7400000000001,swap,improve
1129,14,8541.24,3,525.7400000000001,swap,acceptBad
1130,14,8586.17,3,525.7400000000001,swap,acceptBad
1131,14,9807.45,3,525.7400000000001,2opt,acceptBad
1132,14,9807.45,3,525.7400000000001,2opt,notBad
1133,14,9451.140000000001,3,525.7400000000001,swap,improve
1134,14,9159.810000000001,3,525.7400000000001,move,improve
1135,14,8671.840000000002,3,525.7400000000001,move,improve
1136,14,8655.280000000002,3,525.7400000000001,2opt,improve
1137,14,8650.540000000003,3,525.7400000000001,swap,improve
1138,14,8647.029999999999,3,525.7400000000001,2opt,improve
1139,14,8658.490000000002,3,525.7400000000001,2opt,acceptBad
1140,14,8658.490000000002,3,525.7400000000001,move,improve
1141,14,8658.490000000002,3,525.7400000000001,move,improve
1142,14,8658.490000000002,3,525.7400000000001,2opt,notBad
1143,14,8664.97,3,525.7400000000001,2opt,acceptBad
1144,14,7802.3099999999995,3,525.7400000000001,2opt,improve
1145,14,7802.3099999999995,3,525.7400000000001,2opt,notBad
1146,14,7104.009999999999,3,525.7400000000001,move,improve
1147,14,7104.009999999999,3,525.7400000000001,2opt,notBad
1148,14,6537.35,3,525.7400000000001,move,improve
1149,14,6538.46,3,525.7400000000001,2opt,acceptBad
1150,14,6530.24,3,525.7400000000001,2opt,improve
1151,14,6525.769999999999,3,525.7400000000001,2opt,improve
1152,14,6525.769999999999,3,525.7400000000001,2opt,improve
1153,14,6863.08,3,525.7400000000001,2opt,acceptBad
1154,14,6859.779999999998,3,525.7400000000001,2opt,improve
1155,14,6605.22,3,525.7400000000001,move,improve
1156,14,6608.040000000001,3,525.7400000000001,2opt,acceptBad
1157,14,7215.610000000002,3,525.7400000000001,swap,acceptBad
1158,14,7218.31,3,525.7400000000001,2opt,acceptBad
1159,14,7050.95,3,525.7400000000001,swap,improve
1160,14,7017.619999999997,3,525.7400000000001,swap,improve
1161,14,7018.609999999997,3,525.7400000000001,swap,acceptBad
1162,14,7021.159999999997,3,525.7400000000001,swap,acceptBad
1163,14,6483.36,3,525.7400000000001,move,improve
1164,14,6483.36,3,525.7400000000001,2opt,notBad
1165,14,6216.69,3,525.7400000000001,swap,improve
1166,14,6226.739999999998,3,525.7400000000001,2opt,acceptBad
1167,14,5841.159999999999,3,525.7400000000001,move,improve
1168,14,5072.770000000001,3,525.7400000000001,move,improve
1169,14,4521.659999999999,3,525.7400000000001,move,improve
1170,14,4529.699999999999,3,525.7400000000001,2opt,acceptBad
1171,14,4734.200000000001,3,525.7400000000001,swap,acceptBad
1172,14,4282.66,3,525.7400000000001,move,improve
1173,14,4282.66,3,525.7400000000001,move,improve
1174,14,5239.160000000002,3,525.7400000000001,swap,acceptBad
1175,14,5233.520000000001,3,525.7400000000001,2opt,improve
1176,14,4253.32,3,525.7400000000001,move,improve
1177,14,5247.640000000001,3,525.7400000000001,swap,acceptBad
1178,14,6064.230000000002,3,525.7400000000001,swap,acceptBad
1179,14,6064.470000000002,3,525.7400000000001,swap,acceptBad
1180,14,6408.06,3,525.7400000000001,swap,acceptBad
1181,14,5102.76,3,525.7400000000001,move,improve
1182,14,5102.76,3,525.7400000000001,2opt,improve
1183,14,4748.680000000001,3,525.7400000000001,move,improve
1184,14,4737.16,3,525.7400000000001,2opt,improve
1185,14,4698.44,3,525.7400000000001,swap,improve
1186,14,4707.919999999999,3,525.7400000000001,swap,acceptBad
1187,14,4706.24,3,525.7400000000001,2opt,improve
1188,14,5010.989999999999,3,525.7400000000001,2opt,acceptBad
1189,14,5138.949999999999,3,525.7400000000001,swap,acceptBad
1190,14,5138.949999999999,3,525.7400000000001,move,improve
1191,14,5153.709999999999,3,525.7400000000001,2opt,acceptBad
1192,14,5175.0999999999985,3,525.7400000000001,swap,acceptBad
1193,14,5175.0999999999985,3,525.7400000000001,2opt,notBad
1194,14,5052.32,3,525.7400000000001,swap,improve
1195,14,4532.469999999999,3,525.7400000000001,move,improve
1196,14,4170.42,3,525.7400000000001,move,improve
1197,14,4168.56,3,525.7400000000001,swap,improve
1198,14,4287.840000000001,3,525.7400000000001,2opt,acceptBad
1199,14,4292.099999999999,3,525.7400000000001,2opt,acceptBad
1200,14,4292.099999999999,3,525.7400000000001,2opt,notBad
1201,14,4292.099999999999,3,525.7400000000001,2opt,notBad
1202,14,4276.7699999999995,3,525.7400000000001,swap,improve
1203,14,4149.27,3,525.7400000000001,move,improve
1204,14,4147.290000000001,3,525.7400000000001,swap,improve
1205,14,4180.870000000001,3,525.7400000000001,swap,acceptBad
1206,14,9010.439999999999,3,525.7400000000001,swap,acceptBad
1207,14,9028.529999999999,3,525.7400000000001,swap,acceptBad
1208,14,9037.83,3,525.7400000000001,2opt,acceptBad
1209,14,9030.699999999999,3,525.7400000000001,swap,improve
1210,14,9024.069999999998,3,525.7400000000001,2opt,improve
1211,14,9279.659999999998,3,525.7400000000001,2opt,acceptBad
1212,14,10698.039999999999,3,525.7400000000001,2opt,acceptBad
1213,14,10551.669999999995,3,525.7400000000001,swap,improve
1214,14,9840.57,3,525.7400000000001,2opt,improve
1215,14,9898.129999999997,3,525.7400000000001,2opt,acceptBad
1216,14,9443.949999999995,3,525.7400000000001,swap,improve
1217,14,5753.98,3,525.7400000000001,move,improve
1218,14,6274.9699999999975,3,525.7400000000001,2opt,acceptBad
1219,14,6921.509999999996,3,525.7400000000001,2opt,acceptBad
1220,14,8238.669999999998,3,525.7400000000001,2opt,acceptBad
1221,14,8238.669999999998,3,525.7400000000001,2opt,improve
1222,14,6726.979999999997,3,525.7400000000001,move,improve
1223,14,6200.7999999999965,3,525.7400000000001,move,improve
1224,14,6906.959999999998,3,525.7400000000001,2opt,acceptBad
1225,14,6485.049999999997,3,525.7400000000001,move,improve
1226,14,6473.2599999999975,3,525.7400000000001,2opt,improve
1227,14,6473.2599999999975,3,525.7400000000001,2opt,notBad
1228,14,6468.069999999999,3,525.7400000000001,2opt,improve
1229,14,6498.499999999997,3,525.7400000000001,2opt,acceptBad
1230,14,5598.789999999999,3,525.7400000000001,2opt,improve
1231,14,5598.789999999999,3,525.7400000000001,move,improve
1232,14,5598.789999999999,3,525.7400000000001,move,improve
1233,14,5594.1399999999985,3,525.7400000000001,move,improve
1234,14,5551.5999999999985,3,525.7400000000001,2opt,improve
1235,14,5548.209999999998,3,525.7400000000001,2opt,improve
1236,14,6322.519999999996,3,525.7400000000001,swap,acceptBad
1237,14,5246.529999999998,3,525.7400000000001,move,improve
1238,14,5246.529999999998,3,525.7400000000001,move,improve
1239,14,5185.6799999999985,3,525.7400000000001,move,improve
1240,14,5185.6799999999985,3,525.7400000000001,2opt,notBad
1241,14,5174.549999999998,3,525.7400000000001,move,improve
1242,14,8133.450000000004,3,525.7400000000001,swap,acceptBad
1243,14,8129.880000000004,3,525.7400000000001,swap,improve
1244,14,7188.3300000000045,3,525.7400000000001,move,improve
1245,14,6691.0700000000015,3,525.7400000000001,move,improve
1246,14,6257.48,3,525.7400000000001,move,improve
1247,14,6550.8200000000015,3,525.7400000000001,swap,acceptBad
1248,14,6616.520000000004,3,525.7400000000001,swap,acceptBad
1249,14,6542.289999999999,3,525.7400000000001,2opt,improve
1250,14,7145.199999999996,3,525.7400000000001,swap,acceptBad
1251,14,8005.469999999997,3,525.7400000000001,swap,acceptBad
1252,13,6231.0199999999995,3,525.7400000000001,move,improve
1253,13,5326.61,3,525.7400000000001,move,improve
1254,13,5326.61,3,525.7400000000001,move,improve
1255,13,5326.61,3,525.7400000000001,2opt,improve
1256,13,4803.119999999999,3,525.7400000000001,move,improve
1257,13,4804.0199999999995,3,525.7400000000001,swap,acceptBad
1258,13,5002.969999999998,3,525.7400000000001,swap,acceptBad
1259,13,5002.969999999998,3,525.7400000000001,2opt,notBad
1260,13,4515.169999999999,3,525.7400000000001,move,improve
1261,13,4223.67,3,525.7400000000001,move,improve
1262,13,4223.819999999999,3,525.7400000000001,2opt,acceptBad
1263,13,4023.4299999999976,3,525.7400000000001,move,improve
1264,13,4023.4299999999976,3,525.7400000000001,2opt,notBad
1265,13,5053.8,3,525.7400000000001,2opt,acceptBad
1266,13,5341.390000000001,3,525.7400000000001,swap,acceptBad
1267,13,6078.43,3,525.7400000000001,swap,acceptBad
1268,13,6078.370000000002,3,525.7400000000001,2opt,improve
1269,13,6561.629999999999,3,525.7400000000001,2opt,acceptBad
1270,13,6325.55,3,525.7400000000001,move,improve
1271,13,6336.02,3,525.7400000000001,2opt,acceptBad
1272,13,6336.8600000000015,3,525.7400000000001,2opt,acceptBad
1273,13,5775.550000000002,3,525.7400000000001,move,improve
1274,13,7274.830000000003,3,525.7400000000001,swap,acceptBad
1275,13,7274.26,3,525.7400000000001,2opt,improve
1276,13,6711.059999999998,3,525.7400000000001,move,improve
1277,13,6860.699999999999,3,525.7400000000001,swap,acceptBad
1278,13,6854.669999999998,3,525.7400000000001,move,improve
1279,13,6829.319999999998,3,525.7400000000001,swap,improve
1280,13,6835.499999999998,3,525.7400000000001,swap,acceptBad
1281,13,6831.959999999999,3,525.7400000000001,2opt,improve
1282,13,6831.329999999999,3,525.7400000000001,2opt,improve
1283,13,6296.919999999999,3,525.7400000000001,move,improve
1284,13,5976.48,3,525.7400000000001,move,improve
1285,13,5983.080000000002,3,525.7400000000001,2opt,acceptBad
1286,13,5983.080000000002,3,525.7400000000001,move,improve
1287,13,5982.540000000002,3,525.7400000000001,swap,improve
1288,13,5982.540000000002,3,525.7400000000001,2opt,improve
1289,12,5736.76,3,525.7400000000001,2opt,improve
1290,12,5733.339999999998,3,525.7400000000001,2opt,improve
1291,12,4961.469999999998,3,525.7400000000001,move,improve
1292,11,4519.189999999998,3,525.7400000000001,2opt,improve
1293,11,6182.729999999998,3,525.7400000000001,2opt,acceptBad
1294,11,6761.299999999999,3,525.7400000000001,2opt,acceptBad
1295,11,8480.689999999999,3,525.7400000000001,move,acceptBad
1296,11,8467.389999999998,3,525.7400000000001,2opt,improve
1297,11,7664.8099999999995,3,525.7400000000001,move,improve
1298,11,7520.75,3,525.7400000000001,move,improve
1299,11,4812.149999999999,3,525.7400000000001,move,improve
1300,11,4812.149999999999,3,525.7400000000001,2opt,notBad
1301,11,4705.659999999999,3,525.7400000000001,2opt,improve
1302,11,4705.659999999999,3,525.7400000000001,2opt,notBad
1303,11,4705.659999999999,3,525.7400000000001,2opt,notBad
1304,11,4539.17,3,525.7400000000001,swap,improve
1305,11,5355.789999999999,3,525.7400000000001,2opt,acceptBad
1306,11,5894.859999999999,3,525.7400000000001,swap,acceptBad
1307,11,5914.259999999998,3,525.7400000000001,swap,acceptBad
1308,11,5903.939999999999,3,525.7400000000001,2opt,improve
1309,11,5903.939999999999,3,525.7400000000001,2opt,notBad
1310,11,5765.209999999999,3,525.7400000000001,swap,improve
1311,11,5592.229999999999,3,525.7400000000001,move,improve
1312,11,5437.739999999999,3,525.7400000000001,move,improve
1313,11,6011.8499999999985,3,525.7400000000001,swap,acceptBad
1314,11,5914.400000000001,3,525.7400000000001,swap,improve
1315,11,6463.2,3,525.7400000000001,2opt,acceptBad
1316,11,6524.089999999999,3,525.7400000000001,swap,acceptBad
1317,11,6228.83,3,525.7400000000001,move,improve
1318,11,6207.92,3,525.7400000000001,swap,improve
1319,11,5732.139999999998,3,525.7400000000001,move,improve
1320,11,5611.739999999999,3,525.7400000000001,swap,improve
1321,11,5404.829999999999,3,525.7400000000001,move,improve
1322,11,5017.549999999999,3,525.7400000000001,move,improve
1323,11,5020.339999999999,3,525.7400000000001,swap,acceptBad
1324,11,5012.0,3,525.7400000000001,2opt,improve
1325,11,5158.269999999999,3,525.7400000000001,swap,acceptBad
1326,11,5228.99,3,525.7400000000001,2opt,acceptBad
1327,11,5772.68,3,525.7400000000001,2opt,acceptBad
1328,11,5541.8200000000015,3,525.7400000000001,swap,improve
1329,11,5522.620000000001,3,525.7400000000001,swap,improve
1330,11,5517.910000000002,3,525.7400000000001,swap,improve
1331,11,5530.030000000002,3,525.7400000000001,swap,acceptBad
1332,11,5257.250000000001,3,525.7400000000001,move,improve
1333,11,4465.850000000001,3,525.7400000000001,move,improve
1334,10,3903.370000000001,3,525.7400000000001,2opt,improve
1335,10,3902.030000000001,3,525.7400000000001,2opt,improve
1336,10,3443.410000000001,3,525.7400000000001,move,improve
1337,10,3130.9300000000017,3,525.7400000000001,2opt,improve
1338,10,3139.3000000000015,3,525.7400000000001,swap,acceptBad
1339,10,3141.1000000000017,3,525.7400000000001,swap,acceptBad
1340,10,2698.5399999999995,3,525.7400000000001,move,improve
1341,10,3270.6099999999997,3,525.7400000000001,swap,acceptBad
1342,10,3277.1800000000003,3,525.7400000000001,2opt,acceptBad
1343,10,3277.6299999999997,3,525.7400000000001,2opt,acceptBad
1344,10,3340.509999999999,3,525.7400000000001,swap,acceptBad
1345,10,3278.8899999999994,3,525.7400000000001,2opt,improve
1346,10,2463.23,3,525.7400000000001,move,improve
1347,10,2464.7599999999993,3,525.7400000000001,2opt,acceptBad
1348,10,2723.89,3,525.7400000000001,2opt,acceptBad
1349,10,3555.2199999999993,3,525.7400000000001,swap,acceptBad
1350,10,3554.1999999999994,3,525.7400000000001,swap,improve
1351,10,2672.669999999999,3,525.7400000000001,move,improve
1352,10,2300.63,3,525.7400000000001,move,improve
1353,10,2286.5600000000004,3,525.7400000000001,move,improve
1354,10,2283.05,3,525.7400000000001,swap,improve
1355,10,2433.34,3,525.7400000000001,swap,acceptBad
1356,10,2423.7900000000004,3,525.7400000000001,move,improve
1357,10,2423.7900000000004,3,525.7400000000001,2opt,notBad
1358,10,2437.900000000001,3,525.7400000000001,2opt,acceptBad
1359,10,2301.9800000000005,3,525.7400000000001,2opt,improve
1360,10,2308.2499999999995,3,525.7400000000001,2opt,acceptBad
1361,10,2299.91,3,525.7400000000001,move,improve
1362,10,2315.5400000000004,3,525.7400000000001,swap,acceptBad
1363,10,2304.4100000000003,3,525.7400000000001,swap,improve
1364,10,2299.55,3,525.7400000000001,move,improve
1365,10,2251.0900000000006,3,525.7400000000001,swap,improve
1366,10,2249.71,3,525.7400000000001,2opt,improve
1367,10,2226.16,3,525.7400000000001,swap,improve
1368,10,2228.1400000000003,3,525.7400000000001,2opt,acceptBad
1369,10,2260.3,3,525.7400000000001,swap,acceptBad
1370,10,2112.0800000000004,3,525.7400000000001,2opt,improve
1371,10,2106.5300000000007,3,525.7400000000001,move,improve
1372,10,2106.5300000000007,3,525.7400000000001,move,improve
1373,10,2079.620000000001,3,525.7400000000001,move,improve
1374,10,2011.46,3,525.7400000000001,2opt,improve
1375,10,2006.15,3,525.7400000000001,swap,improve
1376,10,1997.8400000000001,3,525.7400000000001,swap,improve
1377,10,1943.8100000000004,3,525.7400000000001,swap,improve
1378,10,1938.6599999999999,3,525.7400000000001,swap,improve
1379,10,1938.6299999999999,3,525.7400000000001,move,improve
1380,10,1938.6299999999999,3,525.7400000000001,2opt,improve
1381,10,1938.6299999999997,3,525.7400000000001,2opt,improve
1382,10,1938.6299999999997,3,525.7400000000001,move,improve
1383,10,1825.4399999999998,3,525.7400000000001,move,improve
1384,10,1815.5699999999997,3,525.7400000000001,move,improve
1385,10,1815.5699999999997,3,525.7400000000001,move,improve
1386,10,1820.85,3,525.7400000000001,2opt,acceptBad
1387,10,2388.71,3,525.7400000000001,swap,acceptBad
1388,10,2029.9399999999998,3,525.7400000000001,move,improve
1389,10,1873.6099999999992,3,525.7400000000001,move,improve
1390,10,1873.6099999999992,3,525.7400000000001,move,improve
1391,10,1867.9399999999994,3,525.7400000000001,move,improve
1392,10,1873.2799999999997,3,525.7400000000001,2opt,acceptBad
1393,10,1881.4999999999995,3,525.7400000000001,2opt,acceptBad
1394,10,1881.4999999999995,3,525.7400000000001,move,improve
1395,10,1864.5499999999997,3,525.7400000000001,move,improve
1396,10,1872.8899999999992,3,525.7400000000001,2opt,acceptBad
1397,10,1886.2699999999993,3,525.7400000000001,swap,acceptBad
1398,10,2170.09,3,525.7400000000001,2opt,acceptBad
1399,10,2167.06,3,525.7400000000001,move,improve
1400,10,2204.0,3,525.7400000000001,2opt,acceptBad
1401,10,2317.919999999999,3,525.7400000000001,swap,acceptBad
1402,10,2304.5099999999993,3,525.7400000000001,move,improve
1403,11,2757.2699999999995,3,525.7400000000001,2opt,acceptBad
1404,11,2661.9900000000007,3,525.7400000000001,move,improve
1405,11,2659.2600000000007,3,525.7400000000001,move,improve
1406,11,2651.3400000000006,3,525.7400000000001,move,improve
1407,11,5051.46,3,525.7400000000001,swap,acceptBad
1408,11,4282.819999999999,3,525.7400000000001,move,improve
1409,11,4737.499999999997,3,525.7400000000001,swap,acceptBad
1410,11,4265.899999999999,3,525.7400000000001,2opt,improve
1411,11,4265.899999999999,3,525.7400000000001,2opt,notBad
1412,11,3393.7599999999993,3,525.7400000000001,2opt,improve
1413,11,3393.7599999999993,3,525.7400000000001,2opt,notBad
1414,11,3055.999999999999,3,525.7400000000001,move,improve
1415,11,3055.999999999999,3,525.7400000000001,2opt,notBad
1416,11,2874.51,3,525.7400000000001,move,improve
1417,11,2569.87,3,525.7400000000001,move,improve
1418,11,2851.3199999999993,3,525.7400000000001,2opt,acceptBad
1419,11,2604.09,3,525.7400000000001,move,improve
1420,11,2845.5299999999993,3,525.7400000000001,2opt,acceptBad
1421,11,2845.5299999999993,3,525.7400000000001,move,improve
1422,11,2845.5299999999993,3,525.7400000000001,2opt,notBad
1423,11,2922.8199999999997,3,525.7400000000001,swap,acceptBad
1424,11,2922.8199999999997,3,525.7400000000001,move,improve
1425,11,2927.4399999999996,3,525.7400000000001,swap,acceptBad
1426,11,2921.5300000000007,3,525.7400000000001,2opt,improve
1427,11,2922.4300000000003,3,525.7400000000001,swap,acceptBad
1428,11,2922.4300000000003,3,525.7400000000001,2opt,notBad
1429,11,2922.4300000000003,3,525.7400000000001,2opt,notBad
1430,11,2915.5299999999997,3,525.7400000000001,2opt,improve
1431,11,2915.5299999999997,3,525.7400000000001,move,improve
1432,11,2913.37,3,525.7400000000001,swap,improve
1433,11,2886.7899999999995,3,525.7400000000001,swap,improve
1434,11,2886.7899999999995,3,525.7400000000001,2opt,notBad
1435,11,2897.2899999999995,3,525.7400000000001,swap,acceptBad
1436,11,2897.2899999999995,3,525.7400000000001,swap,notBad
1437,11,2681.959999999999,3,525.7400000000001,swap,improve
1438,11,2767.390000000001,3,525.7400000000001,swap,acceptBad
1439,11,2767.390000000001,3,525.7400000000001,2opt,notBad
1440,11,2769.4000000000005,3,525.7400000000001,swap,acceptBad
1441,11,2769.1900000000005,3,525.7400000000001,move,improve
1442,11,2769.76,3,525.7400000000001,2opt,acceptBad
1443,11,2771.6800000000003,3,525.7400000000001,swap,acceptBad
1444,11,2764.21,3,525.7400000000001,swap,improve
1445,11,2783.1400000000003,3,525.7400000000001,2opt,acceptBad
1446,11,3053.5400000000004,3,525.7400000000001,swap,acceptBad
1447,11,3037.520000000001,3,525.7400000000001,2opt,improve
1448,11,3037.520000000001,3,525.7400000000001,move,improve
1449,11,3037.520000000001,3,525.7400000000001,2opt,notBad
1450,11,3169.9400000000005,3,525.7400000000001,swap,acceptBad
1451,11,3171.6200000000003,3,525.7400000000001,2opt,acceptBad
1452,11,3145.34,3,525.7400000000001,swap,improve
1453,11,3960.7800000000016,3,525.7400000000001,swap,acceptBad
1454,11,3957.5699999999997,3,525.7400000000001,2opt,improve
1455,11,3953.67,3,525.7400000000001,swap,improve
1456,11,3154.810000000001,3,525.7400000000001,move,improve
1457,11,3162.340000000001,3,525.7400000000001,2opt,acceptBad
1458,11,3002.0800000000004,3,525.7400000000001,move,improve
1459,11,2997.6100000000006,3,525.7400000000001,swap,improve
1460,11,2991.07,3,525.7400000000001,move,improve
1461,11,2987.2600000000007,3,525.7400000000001,2opt,improve
1462,11,2969.85,3,525.7400000000001,move,improve
1463,11,2624.7799999999997,3,525.7400000000001,move,improve
1464,11,2620.43,3,525.7400000000001,swap,improve
1465,11,2346.21,3,525.7400000000001,swap,improve
1466,11,2540.4300000000007,3,525.7400000000001,2opt,acceptBad
1467,11,2040.5200000000004,3,525.7400000000001,move,improve
1468,11,2034.2800000000004,3,525.7400000000001,move,improve
1469,11,2024.6800000000005,3,525.7400000000001,move,improve
1470,11,2024.6800000000005,3,525.7400000000001,move,improve
1471,11,2024.6800000000005,3,525.7400000000001,move,improve
1472,11,1781.6300000000006,3,525.7400000000001,swap,improve
1473,11,1781.6300000000006,3,525.7400000000001,swap,notBad
1474,11,2582.5700000000015,3,525.7400000000001,swap,acceptBad
1475,11,2304.5400000000004,3,525.7400000000001,move,improve
1476,11,2189.100000000001,3,525.7400000000001,swap,improve
1477,11,2323.3900000000012,3,525.7400000000001,swap,acceptBad
1478,11,2323.3900000000012,3,525.7400000000001,move,improve
1479,11,2323.3900000000012,3,525.7400000000001,2opt,notBad
1480,11,2333.170000000001,3,525.7400000000001,2opt,acceptBad
1481,11,2331.6099999999997,3,525.7400000000001,2opt,improve
1482,11,2325.79,3,525.7400000000001,move,improve
1483,11,2308.74,3,525.7400000000001,swap,improve
1484,11,2308.74,3,525.7400000000001,move,improve
1485,11,2305.0199999999995,3,525.7400000000001,swap,improve
1486,11,2879.62,3,525.7400000000001,swap,acceptBad
1487,11,2829.45,3,525.7400000000001,2opt,improve
1488,11,2569.23,3,525.7400000000001,move,improve
1489,11,2499.0499999999997,3,525.7400000000001,move,improve
1490,11,2499.0499999999997,3,525.7400000000001,move,improve
1491,11,2500.6100000000006,3,525.7400000000001,2opt,acceptBad
1492,11,2735.4200000000005,3,525.7400000000001,swap,acceptBad
1493,11,2606.2799999999997,3,525.7400000000001,move,improve
1494,11,2615.629999999999,3,525.7400000000001,move,acceptBad
1495,11,1682.8599999999992,3,525.7400000000001,move,improve
1496,11,1595.12,3,525.7400000000001,move,improve
1497,11,1595.12,3,525.7400000000001,2opt,notBad
1498,11,1586.99,3,525.7400000000001,2opt,improve
1499,11,1510.1799999999994,3,525.7400000000001,move,improve
1500,11,1517.1699999999996,3,525.7400000000001,swap,acceptBad
1501,11,1520.0199999999995,3,525.7400000000001,swap,acceptBad
1502,11,1512.2199999999996,3,525.7400000000001,move,improve
1503,11,1658.13,3,525.7400000000001,swap,acceptBad
1504,11,1744.3500000000008,3,525.7400000000001,swap,acceptBad
1505,11,1735.4400000000005,3,525.7400000000001,2opt,improve
1506,11,2698.71,3,525.7400000000001,swap,acceptBad
1507,11,2698.71,3,525.7400000000001,2opt,improve
1508,11,2960.0499999999993,3,525.7400000000001,swap,acceptBad
1509,11,2960.0499999999993,3,525.7400000000001,2opt,improve
1510,11,2960.0499999999993,3,525.7400000000001,2opt,notBad
1511,11,2965.2999999999993,3,525.7400000000001,swap,acceptBad
1512,11,2966.4400000000005,3,525.7400000000001,2opt,acceptBad
1513,11,2052.8199999999993,3,525.7400000000001,move,improve
1514,11,2047.87,3,525.7400000000001,2opt,improve
1515,11,2047.87,3,525.7400000000001,2opt,notBad
1516,11,2037.49,3,525.7400000000001,swap,improve
1517,11,2494.0599999999995,3,525.7400000000001,2opt,acceptBad
1518,11,2967.629999999999,3,525.7400000000001,swap,acceptBad
1519,11,2963.64,3,525.7400000000001,2opt,improve
1520,11,2955.6299999999997,3,525.7400000000001,swap,improve
1521,11,3058.4100000000003,3,525.7400000000001,2opt,acceptBad
1522,11,2889.59,3,525.7400000000001,move,improve
1523,11,2889.59,3,525.7400000000001,move,improve
1524,11,2688.4500000000003,3,525.7400000000001,move,improve
1525,11,2383.6600000000003,3,525.7400000000001,swap,improve
1526,11,2383.6600000000003,3,525.7400000000001,2opt,notBad
1527,11,2383.6600000000003,3,525.7400000000001,move,improve
1528,11,2377.37,3,525.7400000000001,swap,improve
1529,11,2377.37,3,525.7400000000001,2opt,notBad
1530,11,2997.2899999999986,3,525.7400000000001,2opt,acceptBad
1531,11,3946.7299999999996,3,525.7400000000001,swap,acceptBad
1532,11,2991.9499999999985,3,525.7400000000001,move,improve
1533,11,2991.9499999999985,3,525.7400000000001,move,improve
1534,11,2991.9499999999985,3,525.7400000000001,move,improve
1535,11,3192.5299999999993,3,525.7400000000001,swap,acceptBad
1536,11,3192.5299999999993,3,525.7400000000001,2opt,improve
1537,11,3078.040000000001,3,525.7400000000001,move,improve
1538,11,2961.539999999999,3,525.7400000000001,swap,improve
1539,11,2955.22,3,525.7400000000001,swap,improve
1540,11,3065.63,3,525.7400000000001,swap,acceptBad
1541,11,3159.6499999999996,3,525.7400000000001,2opt,acceptBad
1542,11,3962.819999999999,3,525.7400000000001,swap,acceptBad
1543,11,3962.819999999999,3,525.7400000000001,move,improve
1544,11,3261.2799999999997,3,525.7400000000001,move,improve
1545,11,3262.87,3,525.7400000000001,swap,acceptBad
1546,11,3263.6199999999994,3,525.7400000000001,swap,acceptBad
1547,11,3110.7700000000004,3,525.7400000000001,move,improve
1548,11,3028.5299999999997,3,525.7400000000001,move,improve
1549,11,2993.6799999999994,3,525.7400000000001,2opt,improve
1550,11,3036.93,3,525.7400000000001,swap,acceptBad
1551,11,3036.93,3,525.7400000000001,move,improve
1552,11,3036.5999999999995,3,525.7400000000001,2opt,improve
1553,11,3036.5999999999995,3,525.7400000000001,2opt,notBad
1554,11,3085.99,3,525.7400000000001,2opt,acceptBad
1555,11,3520.8299999999995,3,525.7400000000001,swap,acceptBad
1556,11,3307.79,3,525.7400000000001,swap,improve
1557,11,3612.870000000001,3,525.7400000000001,2opt,acceptBad
1558,11,3612.870000000001,3,525.7400000000001,move,improve
1559,11,3654.1800000000003,3,525.7400000000001,2opt,acceptBad
1560,11,3573.9999999999995,3,525.7400000000001,move,improve
1561,11,3474.0099999999998,3,525.7400000000001,move,improve
1562,11,3445.26,3,525.7400000000001,swap,improve
1563,11,3384.47,3,525.7400000000001,2opt,improve
1564,11,3195.3499999999995,3,525.7400000000001,move,improve
1565,11,3225.219999999999,3,525.7400000000001,swap,acceptBad
1566,11,3414.169999999999,3,525.7400000000001,swap,acceptBad
1567,10,2656.179999999998,3,525.7400000000001,2opt,improve
1568,10,2656.179999999998,3,525.7400000000001,2opt,notBad
1569,10,2590.3999999999987,3,525.7400000000001,move,improve
1570,10,2590.3999999999987,3,525.7400000000001,2opt,improve
1571,10,2790.7399999999993,3,525.7400000000001,swap,acceptBad
1572,10,2799.0799999999995,3,525.7400000000001,2opt,acceptBad
1573,10,2720.5099999999998,3,525.7400000000001,move,improve
1574,10,2622.029999999999,3,525.7400000000001,move,improve
1575,10,2653.4199999999983,3,525.7400000000001,move,acceptBad
1576,10,2645.1699999999983,3,525.7400000000001,move,improve
1577,10,2424.0399999999986,3,525.7400000000001,move,improve
1578,10,2410.1799999999985,3,525.7400000000001,2opt,improve
1579,10,2396.4199999999996,3,525.7400000000001,move,improve
1580,10,2156.909999999999,3,525.7400000000001,move,improve
1581,10,2297.17,3,525.7400000000001,2opt,acceptBad
1582,10,2297.17,3,525.7400000000001,move,improve
1583,10,2297.17,3,525.7400000000001,move,improve
1584,10,2297.17,3,525.7400000000001,2opt,notBad
1585,10,2297.17,3,525.7400000000001,2opt,notBad
1586,10,2862.0200000000004,3,525.7400000000001,swap,acceptBad
1587,10,2862.0200000000004,3,525.7400000000001,2opt,notBad
1588,10,2752.33,3,525.7400000000001,move,improve
1589,10,2752.33,3,525.7400000000001,2opt,notBad
1590,10,2732.81,3,525.7400000000001,swap,improve
1591,10,2728.7799999999997,3,525.7400000000001,move,improve
1592,10,2728.7799999999997,3,525.7400000000001,2opt,notBad
1593,10,2671.58,3,525.7400000000001,move,improve
1594,10,2642.8800000000006,3,525.7400000000001,swap,improve
1595,10,2650.6800000000003,3,525.7400000000001,swap,acceptBad
1596,10,3043.32,3,525.7400000000001,2opt,acceptBad
1597,10,3130.49,3,525.7400000000001,swap,acceptBad
1598,10,2848.6399999999994,3,525.7400000000001,move,improve
1599,10,2964.519999999999,3,525.7400000000001,swap,acceptBad
1600,10,3358.869999999999,3,525.7400000000001,2opt,acceptBad
1601,10,3356.289999999999,3,525.7400000000001,swap,improve
1602,10,3500.159999999998,3,525.7400000000001,swap,acceptBad
1603,10,3439.6099999999988,3,525.7400000000001,swap,improve
1604,10,3202.009999999998,3,525.7400000000001,2opt,improve
1605,10,3196.4099999999985,3,525.7400000000001,swap,improve
1606,10,3084.3199999999997,3,525.7400000000001,swap,improve
1607,10,3063.5299999999997,3,525.7400000000001,2opt,improve
1608,10,3054.3799999999997,3,525.7400000000001,swap,improve
1609,10,2942.459999999999,3,525.7400000000001,swap,improve
1610,10,2701.2000000000003,3,525.7400000000001,move,improve
1611,10,2471.8399999999997,3,525.7400000000001,move,improve
1612,10,2470.72,3,525.7400000000001,move,improve
1613,10,3009.5599999999995,3,525.7400000000001,swap,acceptBad
1614,10,3009.5599999999995,3,525.7400000000001,move,improve
1615,10,2560.639999999999,3,525.7400000000001,swap,improve
1616,10,2341.8199999999997,3,525.7400000000001,move,improve
1617,10,2272.1099999999997,3,525.7400000000001,move,improve
1618,10,2497.4399999999996,3,525.7400000000001,swap,acceptBad
1619,10,2487.45,3,525.7400000000001,move,improve
1620,10,2497.0800000000004,3,525.7400000000001,2opt,acceptBad
1621,10,2497.0800000000004,3,525.7400000000001,2opt,improve
1622,10,2227.9700000000003,3,525.7400000000001,move,improve
1623,10,2223.77,3,525.7400000000001,2opt,improve
1624,10,2222.27,3,525.7400000000001,swap,improve
1625,10,2237.0600000000004,3,525.7400000000001,2opt,acceptBad
1626,10,2247.47,3,525.7400000000001,2opt,acceptBad
1627,10,2262.5299999999997,3,525.7400000000001,swap,acceptBad
1628,10,2262.5299999999997,3,525.7400000000001,2opt,notBad
1629,10,2262.5299999999997,3,525.7400000000001,2opt,notBad
1630,10,2210.3499999999995,3,525.7400000000001,move,improve
1631,10,2210.3499999999995,3,525.7400000000001,move,improve
1632,10,2196.2699999999995,3,525.7400000000001,move,improve
1633,10,1894.7800000000002,3,525.7400000000001,move,improve
1634,10,1894.3000000000002,3,525.7400000000001,2opt,improve
1635,10,2046.2200000000003,3,525.7400000000001,2opt,acceptBad
1636,10,2130.6600000000008,3,525.7400000000001,swap,acceptBad
1637,10,2130.6600000000008,3,525.7400000000001,2opt,notBad
1638,10,2179.800000000001,3,525.7400000000001,2opt,acceptBad
1639,10,2190.870000000001,3,525.7400000000001,2opt,acceptBad
1640,10,2177.400000000001,3,525.7400000000001,swap,improve
1641,10,2184.480000000001,3,525.7400000000001,swap,acceptBad
1642,10,2165.640000000001,3,525.7400000000001,2opt,improve
1643,10,2161.620000000001,3,525.7400000000001,swap,improve
1644,10,2161.620000000001,3,525.7400000000001,move,improve
1645,10,2161.620000000001,3,525.7400000000001,2opt,notBad
1646,10,2161.620000000001,3,525.7400000000001,2opt,notBad
1647,10,2194.9900000000007,3,525.7400000000001,2opt,acceptBad
1648,10,2208.9600000000005,3,525.7400000000001,swap,acceptBad
1649,10,2417.870000000001,3,525.7400000000001,2opt,acceptBad
1650,10,2555.7100000000005,3,525.7400000000001,2opt,acceptBad
1651,10,2556.4300000000007,3,525.7400000000001,swap,acceptBad
1652,10,3255.0,3,525.7400000000001,swap,acceptBad
1653,10,3239.2799999999997,3,525.7400000000001,swap,improve
1654,10,3239.2799999999997,3,525.7400000000001,2opt,notBad
1655,10,3074.479999999999,3,525.7400000000001,2opt,improve
1656,10,3077.6000000000004,3,525.7400000000001,2opt,acceptBad
1657,10,2541.5299999999997,3,525.7400000000001,move,improve
1658,10,2534.0899999999997,3,525.7400000000001,move,improve
1659,10,2537.2999999999993,3,525.7400000000001,swap,acceptBad
1660,10,2545.9699999999993,3,525.7400000000001,swap,acceptBad
1661,10,2569.2099999999996,3,525.7400000000001,swap,acceptBad
1662,10,2292.739999999999,3,525.7400000000001,move,improve
1663,10,2292.739999999999,3,525.7400000000001,2opt,improve
1664,10,2298.439999999999,3,525.7400000000001,2opt,acceptBad
1665,10,2294.9299999999994,3,525.7400000000001,move,improve
1666,10,2058.87,3,525.7400000000001,swap,improve
1667,10,2070.3900000000003,3,525.7400000000001,2opt,acceptBad
1668,10,2054.2799999999997,3,525.7400000000001,move,improve
1669,10,2053.74,3,525.7400000000001,swap,improve
1670,10,1925.03,3,525.7400000000001,move,improve
1671,10,1929.17,3,525.7400000000001,swap,acceptBad
1672,10,1942.97,3,525.7400000000001,swap,acceptBad
1673,10,1942.97,3,525.7400000000001,2opt,improve
1674,10,1942.19,3,525.7400000000001,swap,improve
1675,10,1961.7800000000002,3,525.7400000000001,swap,acceptBad
1676,10,1957.8200000000002,3,525.7400000000001,swap,improve
1677,10,1986.95,3,525.7400000000001,swap,acceptBad
1678,10,1986.95,3,525.7400000000001,move,improve
1679,10,1986.89,3,525.7400000000001,move,improve
1680,10,1985.99,3,525.7400000000001,move,improve
1681,10,1985.99,3,525.7400000000001,swap,notBad
1682,10,1985.99,3,525.7400000000001,2opt,notBad
1683,10,1985.99,3,525.7400000000001,move,improve
1684,10,2000.1500000000003,3,525.7400000000001,2opt,acceptBad
1685,10,1955.4300000000005,3,525.7400000000001,swap,improve
1686,10,1968.7500000000005,3,525.7400000000001,swap,acceptBad
1687,10,1968.2900000000004,3,525.7400000000001,swap,improve
1688,10,1954.5200000000004,3,525.7400000000001,move,improve
1689,10,1944.92,3,525.7400000000001,move,improve
1690,10,1944.92,3,525.7400000000001,move,improve
1691,10,1946.96,3,525.7400000000001,2opt,acceptBad
1692,10,1932.92,3,525.7400000000001,2opt,improve
1693,10,1925.06,3,525.7400000000001,swap,improve
1694,10,1930.0700000000002,3,525.7400000000001,swap,acceptBad
1695,10,1748.77,3,525.7400000000001,move,improve
1696,10,1748.77,3,525.7400000000001,move,improve
1697,10,1759.81,3,525.7400000000001,2opt,acceptBad
1698,10,1851.56,3,525.7400000000001,swap,acceptBad
1699,10,1829.0,3,525.7400000000001,swap,improve
1700,10,1835.81,3,525.7400000000001,swap,acceptBad
1701,10,1835.81,3,525.7400000000001,move,improve
1702,10,1822.1,3,525.7400000000001,move,improve
1703,10,1832.58,3,525.7400000000001,swap,acceptBad
1704,10,1772.7200000000003,3,525.7400000000001,swap,improve
1705,10,1772.7200000000003,3,525.7400000000001,move,improve
1706,10,1561.7600000000002,3,525.7400000000001,move,improve
1707,10,1560.4700000000003,3,525.7400000000001,2opt,improve
1708,10,1560.4700000000003,3,525.7400000000001,move,improve
1709,10,1554.1400000000003,3,525.7400000000001,move,improve
1710,10,1543.660000000001,3,525.7400000000001,swap,improve
1711,10,1542.430000000001,3,525.7400000000001,move,improve
1712,10,1755.65,3,525.7400000000001,swap,acceptBad
1713,10,1806.5500000000002,3,525.7400000000001,swap,acceptBad
1714,10,1806.5500000000002,3,525.7400000000001,move,improve
1715,10,1582.7700000000007,3,525.7400000000001,move,improve
1716,10,1582.7700000000007,3,525.7400000000001,2opt,notBad
1717,10,1582.7700000000007,3,525.7400000000001,swap,notBad
1718,10,1519.9100000000003,3,525.7400000000001,move,improve
1719,10,1518.9800000000002,3,525.7400000000001,move,improve
1720,10,1518.9800000000002,3,525.7400000000001,2opt,improve
1721,10,1475.1200000000003,3,525.7400000000001,swap,improve
1722,10,1319.4600000000005,3,525.7400000000001,2opt,improve
1723,10,1274.2000000000003,3,525.7400000000001,move,improve
1724,10,1274.2000000000003,3,525.7400000000001,move,improve
1725,10,1274.2000000000003,3,525.7400000000001,move,improve
1726,9,1026.9599999999996,3,525.7400000000001,move,improve
1727,9,1035.3099999999997,3,525.7400000000001,swap,acceptBad
1728,9,1468.8699999999994,3,525.7400000000001,swap,acceptBad
1729,9,1204.0999999999995,3,525.7400000000001,move,improve
1730,9,1155.6399999999996,3,525.7400000000001,swap,improve
1731,9,1150.9299999999996,3,525.7400000000001,move,improve
1732,9,1151.0799999999995,3,525.7400000000001,2opt,acceptBad
1733,9,1142.4999999999995,3,525.7400000000001,2opt,improve
1734,9,1141.8399999999997,3,525.7400000000001,move,improve
1735,9,1141.8399999999997,3,525.7400000000001,move,improve
1736,9,1141.8399999999997,3,525.7400000000001,2opt,notBad
1737,9,1456.2799999999993,3,525.7400000000001,2opt,acceptBad
1738,9,1482.1399999999994,3,525.7400000000001,swap,acceptBad
1739,9,1482.1399999999994,3,525.7400000000001,2opt,notBad
1740,9,1455.2299999999996,3,525.7400000000001,swap,improve
1741,9,1452.4099999999994,3,525.7400000000001,move,improve
1742,9,1207.5599999999995,3,525.7400000000001,move,improve
1743,9,1394.72,3,525.7400000000001,2opt,acceptBad
1744,9,1394.72,3,525.7400000000001,2opt,notBad
1745,9,1226.1100000000001,3,525.7400000000001,swap,improve
1746,9,1226.1100000000001,3,525.7400000000001,2opt,notBad
1747,9,1226.1100000000001,3,525.7400000000001,2opt,improve
1748,9,1888.3600000000001,3,525.7400000000001,swap,acceptBad
1749,9,1862.58,3,525.7400000000001,2opt,improve
1750,9,1882.8999999999996,3,525.7400000000001,swap,acceptBad
1751,9,1906.9099999999994,3,525.7400000000001,swap,acceptBad
1752,9,1911.979999999999,3,525.7400000000001,2opt,acceptBad
1753,9,1918.3999999999992,3,525.7400000000001,2opt,acceptBad
1754,9,1922.0899999999997,3,525.7400000000001,2opt,acceptBad
1755,9,1922.0899999999997,3,525.7400000000001,swap,notBad
1756,9,1910.6899999999991,3,525.7400000000001,2opt,improve
1757,9,1910.6899999999991,3,525.7400000000001,move,improve
1758,9,1763.1799999999998,3,525.7400000000001,2opt,improve
1759,9,1763.1799999999998,3,525.7400000000001,2opt,notBad
1760,9,1638.4099999999994,3,525.7400000000001,move,improve
1761,9,1638.4099999999994,3,525.7400000000001,2opt,notBad
1762,9,1638.4099999999994,3,525.7400000000001,swap,notBad
1763,9,1643.0899999999988,3,525.7400000000001,2opt,acceptBad
1764,9,1576.8399999999992,3,525.7400000000001,move,improve
1765,9,1593.2199999999991,3,525.7400000000001,swap,acceptBad
1766,9,1582.2999999999993,3,525.7400000000001,move,improve
1767,9,1579.899999999999,3,525.7400000000001,2opt,improve
1768,9,1579.899999999999,3,525.7400000000001,move,improve
1769,9,1579.899999999999,3,525.7400000000001,2opt,notBad
1770,9,1441.9899999999996,3,525.7400000000001,move,improve
1771,9,1441.9899999999996,3,525.7400000000001,2opt,notBad
1772,9,1441.9899999999996,3,525.7400000000001,2opt,notBad
1773,9,1424.5199999999995,3,525.7400000000001,swap,improve
1774,9,1425.2399999999993,3,525.7400000000001,2opt,acceptBad
1775,9,1931.37,3,525.7400000000001,swap,acceptBad
1776,9,1782.38,3,525.7400000000001,move,improve
1777,9,1760.9699999999996,3,525.7400000000001,move,improve
1778,9,1760.6699999999996,3,525.7400000000001,move,improve
1779,9,1754.2199999999996,3,525.7400000000001,move,improve
1780,9,1747.0199999999995,3,525.7400000000001,swap,improve
1781,9,1505.6299999999997,3,525.7400000000001,move,improve
1782,9,1495.8400000000001,3,525.7400000000001,swap,improve
1783,9,1513.7800000000002,3,525.7400000000001,swap,acceptBad
1784,9,1486.9900000000002,3,525.7400000000001,swap,improve
1785,9,1310.1000000000001,3,525.7400000000001,move,improve
1786,9,1319.0100000000004,3,525.7400000000001,2opt,acceptBad
1787,9,1257.08,3,525.7400000000001,move,improve
1788,9,1257.08,3,525.7400000000001,2opt,notBad
1789,9,1257.08,3,525.7400000000001,2opt,improve
1790,9,1256.33,3,525.7400000000001,move,improve
1791,9,1347.76,3,525.7400000000001,swap,acceptBad
1792,9,1688.6399999999999,3,525.7400000000001,swap,acceptBad
1793,9,1694.3099999999997,3,525.7400000000001,swap,acceptBad
1794,9,1707.0299999999997,3,525.7400000000001,swap,acceptBad
1795,9,1735.6799999999998,3,525.7400000000001,swap,acceptBad
1796,9,1735.6799999999998,3,525.7400000000001,move,improve
1797,9,1710.0799999999992,3,525.7400000000001,2opt,improve
1798,9,1375.2499999999995,3,525.7400000000001,move,improve
1799,9,1353.8899999999999,3,525.7400000000001,swap,improve
1800,9,1353.8899999999999,3,525.7400000000001,2opt,notBad
1801,9,1331.4199999999996,3,525.7400000000001,move,improve
1802,9,1331.4199999999996,3,525.7400000000001,2opt,notBad
1803,9,1323.2099999999996,3,525.7400000000001,move,improve
1804,9,1354.8599999999992,3,525.7400000000001,swap,acceptBad
1805,9,1354.8599999999992,3,525.7400000000001,2opt,notBad
1806,9,1354.8599999999992,3,525.7400000000001,move,improve
1807,9,1354.8599999999992,3,525.7400000000001,move,improve
1808,9,1346.31,3,525.7400000000001,swap,improve
1809,9,1346.31,3,525.7400000000001,swap,notBad
1810,9,1366.6200000000003,3,525.7400000000001,swap,acceptBad
1811,9,1355.8500000000004,3,525.7400000000001,2opt,improve
1812,9,1380.9300000000003,3,525.7400000000001,swap,acceptBad
1813,9,1377.1100000000001,3,525.7400000000001,swap,improve
1814,9,1361.6699999999996,3,525.7400000000001,move,improve
1815,9,1361.6699999999996,3,525.7400000000001,2opt,notBad
1816,9,1361.6699999999996,3,525.7400000000001,2opt,notBad
1817,9,1354.56,3,525.7400000000001,move,improve
1818,9,1733.49,3,525.7400000000001,swap,acceptBad
1819,9,1724.97,3,525.7400000000001,swap,improve
1820,9,1724.97,3,525.7400000000001,2opt,notBad
1821,9,1715.46,3,525.7400000000001,move,improve
1822,9,1630.16,3,525.7400000000001,swap,improve
1823,9,1630.16,3,525.7400000000001,2opt,notBad
1824,9,1630.16,3,525.7400000000001,2opt,notBad
1825,9,1742.4800000000005,3,525.7400000000001,swap,acceptBad
1826,9,1742.4800000000005,3,525.7400000000001,2opt,improve
1827,9,1886.4,3,525.7400000000001,2opt,acceptBad
1828,9,1842.5800000000002,3,525.7400000000001,move,improve
1829,9,1962.6000000000001,3,525.7400000000001,2opt,acceptBad
1830,9,1700.7499999999995,3,525.7400000000001,move,improve
1831,9,1700.7499999999995,3,525.7400000000001,move,improve
1832,9,1694.3299999999997,3,525.7400000000001,swap,improve
1833,9,1680.8600000000001,3,525.7400000000001,2opt,improve
1834,9,1700.83,3,525.7400000000001,2opt,acceptBad
1835,9,1557.4099999999999,3,525.7400000000001,move,improve
1836,9,1559.75,3,525.7400000000001,2opt,acceptBad
1837,9,1392.56,3,525.7400000000001,move,improve
1838,9,1374.4699999999998,3,525.7400000000001,move,improve
1839,9,1292.5900000000006,3,525.7400000000001,move,improve
1840,9,1213.56,3,525.7400000000001,move,improve
1841,9,1211.6399999999999,3,525.7400000000001,swap,improve
1842,9,1206.5099999999998,3,525.7400000000001,move,improve
1843,9,1206.5099999999998,3,525.7400000000001,move,improve
1844,9,1205.3399999999997,3,525.7400000000001,2opt,improve
1845,9,1235.7600000000002,3,525.7400000000001,2opt,acceptBad
1846,9,1238.67,3,525.7400000000001,swap,acceptBad
1847,9,1211.1600000000003,3,525.7400000000001,move,improve
1848,9,1211.1600000000003,3,525.7400000000001,2opt,notBad
1849,9,1209.75,3,525.7400000000001,2opt,improve
1850,9,1193.73,3,525.7400000000001,move,improve
1851,9,1193.73,3,525.7400000000001,2opt,improve
1852,9,1140.9299999999998,3,525.7400000000001,swap,improve
1853,9,1126.32,3,525.7400000000001,swap,improve
1854,9,1324.95,3,525.7400000000001,swap,acceptBad
1855,9,1324.95,3,525.7400000000001,move,improve
1856,9,1324.95,3,525.7400000000001,2opt,notBad
1857,9,1346.94,3,525.7400000000001,swap,acceptBad
1858,9,1346.94,3,525.7400000000001,2opt,notBad
1859,9,1358.89,3,525.7400000000001,swap,acceptBad
1860,9,1369.42,3,525.7400000000001,swap,acceptBad
1861,9,1363.3600000000001,3,525.7400000000001,move,improve
1862,9,1325.1399999999999,3,525.7400000000001,swap,improve
1863,9,1502.5599999999995,3,525.7400000000001,swap,acceptBad
1864,9,1502.5599999999995,3,525.7400000000001,swap,notBad
1865,9,1422.9499999999994,3,525.7400000000001,move,improve
1866,9,1420.8299999999995,3,525.7400000000001,swap,improve
1867,9,1417.0499999999993,3,525.7400000000001,move,improve
1868,9,1390.0399999999995,3,525.7400000000001,swap,improve
1869,9,1390.0399999999995,3,525.7400000000001,swap,notBad
1870,9,1390.0399999999995,3,525.7400000000001,2opt,notBad
1871,9,1754.3199999999997,3,525.7400000000001,swap,acceptBad
1872,9,1762.1499999999996,3,525.7400000000001,swap,acceptBad
1873,9,1762.1499999999996,3,525.7400000000001,move,improve
1874,9,1823.41,3,525.7400000000001,2opt,acceptBad
1875,9,1927.3500000000001,3,525.7400000000001,2opt,acceptBad
1876,9,1929.3000000000002,3,525.7400000000001,2opt,acceptBad
1877,9,1705.56,3,525.7400000000001,move,improve
1878,9,1577.12,3,525.7400000000001,move,improve
1879,9,1699.4200000000003,3,525.7400000000001,2opt,acceptBad
1880,9,1700.7400000000002,3,525.7400000000001,swap,acceptBad
1881,9,1700.7400000000002,3,525.7400000000001,move,improve
1882,9,1700.7400000000002,3,525.7400000000001,2opt,improve
1883,9,1700.4699999999998,3,525.7400000000001,2opt,improve
1884,9,1700.4699999999998,3,525.7400000000001,2opt,notBad
1885,9,1561.0299999999997,3,525.7400000000001,move,improve
1886,9,1561.0299999999997,3,525.7400000000001,2opt,notBad
1887,9,1561.0299999999997,3,525.7400000000001,2opt,notBad
1888,9,1571.7399999999998,3,525.7400000000001,swap,acceptBad
1889,9,1571.7399999999998,3,525.7400000000001,move,improve
1890,9,1586.1199999999994,3,525.7400000000001,2opt,acceptBad
1891,9,1587.1699999999994,3,525.7400000000001,2opt,acceptBad
1892,9,1599.7999999999993,3,525.7400000000001,swap,acceptBad
1893,9,1576.38,3,525.7400000000001,swap,improve
1894,9,1576.38,3,525.7400000000001,move,improve
1895,9,1571.7600000000002,3,525.7400000000001,move,improve
1896,9,1571.7600000000002,3,525.7400000000001,2opt,notBad
1897,9,1560.2700000000002,3,525.7400000000001,swap,improve
1898,9,1551.96,3,525.7400000000001,move,improve
1899,9,1540.9799999999996,3,525.7400000000001,2opt,improve
1900,9,1540.9799999999996,3,525.7400000000001,move,improve
1901,9,1540.9799999999996,3,525.7400000000001,swap,notBad
1902,9,1541.1599999999999,3,525.7400000000001,swap,acceptBad
1903,9,1567.2299999999996,3,525.7400000000001,swap,acceptBad
1904,9,1567.2299999999996,3,525.7400000000001,2opt,notBad
1905,9,1567.9799999999996,3,525.7400000000001,swap,acceptBad
1906,9,1567.9799999999996,3,525.7400000000001,2opt,notBad
1907,9,1545.7399999999996,3,525.7400000000001,2opt,improve
1908,9,1545.7399999999996,3,525.7400000000001,2opt,notBad
1909,9,1652.81,3,525.7400000000001,swap,acceptBad
1910,9,1579.6399999999994,3,525.7400000000001,2opt,improve
1911,9,1579.6399999999994,3,525.7400000000001,2opt,notBad
1912,9,1568.2799999999997,3,525.7400000000001,swap,improve
1913,9,1558.83,3,525.7400000000001,swap,improve
1914,9,1527.17,3,525.7400000000001,move,improve
1915,9,1519.07,3,525.7400000000001,move,improve
1916,9,1545.3799999999999,3,525.7400000000001,swap,acceptBad
1917,9,1541.12,3,525.7400000000001,move,improve
1918,9,1545.9499999999998,3,525.7400000000001,swap,acceptBad
1919,9,1562.0,3,525.7400000000001,2opt,acceptBad
1920,9,1618.1200000000001,3,525.7400000000001,swap,acceptBad
1921,9,1616.8900000000003,3,525.7400000000001,swap,improve
1922,9,1645.7499999999995,3,525.7400000000001,swap,acceptBad
1923,9,1645.7499999999995,3,525.7400000000001,2opt,notBad
1924,9,1645.7499999999995,3,525.7400000000001,move,improve
1925,9,1643.02,3,525.7400000000001,2opt,improve
1926,9,1668.6299999999992,3,525.7400000000001,2opt,acceptBad
1927,9,1654.6199999999992,3,525.7400000000001,2opt,improve
1928,9,1649.6399999999992,3,525.7400000000001,move,improve
1929,9,1669.8099999999995,3,525.7400000000001,swap,acceptBad
1930,9,1973.0099999999995,3,525.7400000000001,swap,acceptBad
1931,9,2181.17,3,525.7400000000001,swap,acceptBad
1932,9,2174.2999999999997,3,525.7400000000001,swap,improve
1933,9,2167.7599999999998,3,525.7400000000001,swap,improve
1934,9,1862.6499999999996,3,525.7400000000001,move,improve
1935,9,1852.5999999999997,3,525.7400000000001,move,improve
1936,9,1830.2199999999998,3,525.7400000000001,move,improve
1937,9,1570.6200000000001,3,525.7400000000001,move,improve
1938,9,1570.6200000000001,3,525.7400000000001,move,improve
1939,9,1567.77,3,525.7400000000001,swap,improve
1940,9,1542.0400000000004,3,525.7400000000001,swap,improve
1941,9,1542.0400000000004,3,525.7400000000001,2opt,notBad
1942,9,1529.8900000000003,3,525.7400000000001,move,improve
1943,9,1530.3700000000003,3,525.7400000000001,swap,acceptBad
1944,9,1530.3700000000003,3,525.7400000000001,2opt,improve
1945,9,1531.6300000000003,3,525.7400000000001,swap,acceptBad
1946,9,1632.2500000000005,3,525.7400000000001,2opt,acceptBad
1947,9,1555.3700000000003,3,525.7400000000001,swap,improve
1948,9,1560.9200000000003,3,525.7400000000001,swap,acceptBad
1949,9,1544.3300000000004,3,525.7400000000001,2opt,improve
1950,9,1544.3300000000004,3,525.7400000000001,swap,notBad
1951,9,1425.9899999999996,3,525.7400000000001,move,improve
1952,9,1425.9899999999996,3,525.7400000000001,2opt,notBad
1953,9,1425.9899999999996,3,525.7400000000001,2opt,notBad
1954,9,1398.3,3,525.7400000000001,move,improve
1955,9,1397.1,3,525.7400000000001,2opt,improve
1956,9,1397.1,3,525.7400000000001,2opt,improve
1957,9,1397.1,3,525.7400000000001,2opt,notBad
1958,9,1395.51,3,525.7400000000001,swap,improve
1959,9,1399.3799999999999,3,525.7400000000001,swap,acceptBad
1960,9,1411.59,3,525.7400000000001,swap,acceptBad
1961,9,1411.29,3,525.7400000000001,move,improve
1962,9,1397.2199999999998,3,525.7400000000001,move,improve
1963,9,1397.2199999999998,3,525.7400000000001,2opt,improve
1964,9,1397.1,3,525.7400000000001,2opt,improve
1965,9,1397.1,3,525.7400000000001,2opt,notBad
1966,9,1397.1,3,525.7400000000001,move,improve
1967,9,1397.1,3,525.7400000000001,move,improve
1968,9,1271.75,3,525.7400000000001,move,improve
1969,9,1270.2200000000003,3,525.7400000000001,move,improve
1970,9,1278.3500000000004,3,525.7400000000001,swap,acceptBad
1971,9,1279.58,3,525.7400000000001,2opt,acceptBad
1972,9,1352.0500000000006,3,525.7400000000001,2opt,acceptBad
1973,9,1321.63,3,525.7400000000001,move,improve
1974,9,1259.71,3,525.7400000000001,move,improve
1975,9,1259.71,3,525.7400000000001,2opt,improve
1976,9,1259.5900000000001,3,525.7400000000001,move,improve
1977,9,1259.5900000000001,3,525.7400000000001,move,improve
1978,9,1259.5900000000001,3,525.7400000000001,2opt,improve
1979,9,1281.97,3,525.7400000000001,swap,acceptBad
1980,9,1291.0600000000004,3,525.7400000000001,swap,acceptBad
1981,9,1291.0600000000004,3,525.7400000000001,move,improve
1982,9,1345.2100000000005,3,525.7400000000001,swap,acceptBad
1983,9,1368.73,3,525.7400000000001,swap,acceptBad
1984,9,1733.8900000000003,3,525.7400000000001,swap,acceptBad
1985,9,1730.3800000000003,3,525.7400000000001,move,improve
1986,9,1730.2900000000004,3,525.7400000000001,swap,improve
1987,9,1551.0199999999998,3,525.7400000000001,move,improve
1988,9,1540.7299999999996,3,525.7400000000001,2opt,improve
1989,9,1513.8599999999997,3,525.7400000000001,move,improve
1990,9,1428.75,3,525.7400000000001,move,improve
1991,9,1423.92,3,525.7400000000001,swap,improve
1992,9,1423.92,3,525.7400000000001,2opt,notBad
1993,9,1441.86,3,525.7400000000001,2opt,acceptBad
1994,9,1440.63,3,525.7400000000001,2opt,improve
1995,9,1449.48,3,525.7400000000001,swap,acceptBad
1996,9,1446.72,3,525.7400000000001,2opt,improve
1997,9,1446.72,3,525.7400000000001,swap,notBad
1998,9,1427.7100000000003,3,525.7400000000001,move,improve
1999,9,1354.2500000000002,3,525.7400000000001,swap,improve
2000,9,1354.2500000000002,3,525.7400000000001,2opt,notBad
2001,9,1354.2500000000002,3,525.7400000000001,move,improve
2002,9,1353.4400000000003,3,525.7400000000001,swap,improve
2003,9,1344.8300000000004,3,525.7400000000001,move,improve
2004,9,1350.8300000000004,3,525.7400000000001,swap,acceptBad
2005,9,1350.8300000000004,3,525.7400000000001,2opt,notBad
2006,9,1322.5100000000002,3,525.7400000000001,2opt,improve
2007,9,1317.8000000000002,3,525.7400000000001,2opt,improve
2008,9,1347.5900000000001,3,525.7400000000001,swap,acceptBad
2009,9,1347.5900000000001,3,525.7400000000001,move,improve
2010,9,1351.0700000000002,3,525.7400000000001,2opt,acceptBad
2011,9,1351.0700000000002,3,525.7400000000001,2opt,notBad
2012,9,1177.0400000000004,3,525.7400000000001,move,improve
2013,9,1171.4000000000003,3,525.7400000000001,2opt,improve
2014,9,1156.7900000000004,3,525.7400000000001,move,improve
2015,9,1156.7900000000004,3,525.7400000000001,2opt,improve
2016,9,1087.1000000000004,3,525.7400000000001,move,improve
2017,9,1087.1000000000004,3,525.7400000000001,2opt,notBad
2018,9,1069.3600000000006,3,525.7400000000001,move,improve
2019,9,1069.3600000000006,3,525.7400000000001,2opt,notBad
2020,9,1069.3600000000006,3,525.7400000000001,2opt,notBad
2021,9,1069.3600000000006,3,525.7400000000001,swap,notBad
2022,9,1069.3600000000006,3,525.7400000000001,move,improve
2023,9,1289.0600000000002,3,525.7400000000001,swap,acceptBad
2024,8,964.7900000000006,3,525.7400000000001,move,improve
2025,8,969.8500000000007,3,525.7400000000001,swap,acceptBad
2026,8,969.8500000000007,3,525.7400000000001,2opt,notBad
2027,8,969.8500000000007,3,525.7400000000001,2opt,notBad
2028,8,968.5900000000006,3,525.7400000000001,2opt,improve
2029,8,968.5900000000006,3,525.7400000000001,move,improve
2030,8,958.3300000000006,3,525.7400000000001,2opt,improve
2031,8,949.5100000000007,3,525.7400000000001,swap,improve
2032,8,1017.3500000000004,3,525.7400000000001,swap,acceptBad
2033,8,1017.3500000000004,3,525.7400000000001,2opt,improve
2034,8,1017.3500000000004,3,525.7400000000001,2opt,improve
2035,8,1163.4699999999998,3,525.7400000000001,swap,acceptBad
2036,8,1151.35,3,525.7400000000001,move,improve
2037,8,1162.3599999999997,3,525.7400000000001,2opt,acceptBad
2038,8,1148.5499999999995,3,525.7400000000001,swap,improve
2039,8,1146.3599999999994,3,525.7400000000001,move,improve
2040,8,1136.0099999999995,3,525.7400000000001,swap,improve
2041,8,1136.0099999999995,3,525.7400000000001,2opt,notBad
2042,8,1185.1299999999999,3,525.7400000000001,2opt,acceptBad
2043,8,1177.96,3,525.7400000000001,swap,improve
2044,8,1178.7200000000003,3,525.7400000000001,2opt,acceptBad
2045,8,1176.5600000000002,3,525.7400000000001,move,improve
2046,8,1164.2800000000002,3,525.7400000000001,swap,improve
2047,8,1164.2800000000002,3,525.7400000000001,move,improve
2048,8,1163.44,3,525.7400000000001,swap,improve
2049,8,1163.44,3,525.7400000000001,move,improve
2050,8,1162.9,3,525.7400000000001,swap,improve
2051,8,1162.9,3,525.7400000000001,swap,notBad
2052,8,1176.0700000000002,3,525.7400000000001,2opt,acceptBad
2053,8,1098.0700000000008,3,525.7400000000001,swap,improve
2054,8,1098.0700000000008,3,525.7400000000001,swap,notBad
2055,8,1111.420000000001,3,525.7400000000001,swap,acceptBad
2056,8,1101.9100000000008,3,525.7400000000001,move,improve
2057,8,1093.8100000000009,3,525.7400000000001,2opt,improve
2058,8,1093.8100000000009,3,525.7400000000001,swap,improve
2059,8,1093.300000000001,3,525.7400000000001,2opt,improve
2060,8,1092.6400000000008,3,525.7400000000001,swap,improve
2061,8,1090.210000000001,3,525.7400000000001,2opt,improve
2062,8,1090.210000000001,3,525.7400000000001,2opt,improve
2063,8,1126.120000000001,3,525.7400000000001,swap,acceptBad
2064,8,1385.260000000001,3,525.7400000000001,swap,acceptBad
2065,8,1073.1400000000003,3,525.7400000000001,move,improve
2066,8,1063.4500000000003,3,525.7400000000001,2opt,improve
2067,8,1063.4500000000003,3,525.7400000000001,2opt,improve
2068,8,1063.4500000000003,3,525.7400000000001,2opt,notBad
2069,8,1063.4500000000003,3,525.7400000000001,2opt,notBad
2070,8,1059.6400000000003,3,525.7400000000001,move,improve
2071,8,1046.3400000000004,3,525.7400000000001,2opt,improve
2072,8,1209.8599999999997,3,525.7400000000001,swap,acceptBad
2073,8,1206.0499999999995,3,525.7400000000001,swap,improve
2074,8,1206.4599999999996,3,525.7400000000001,2opt,acceptBad
2075,8,1206.4599999999996,3,525.7400000000001,2opt,notBad
2076,8,1125.3400000000004,3,525.7400000000001,move,improve
2077,8,1125.3400000000004,3,525.7400000000001,move,improve
2078,8,1005.4100000000002,3,525.7400000000001,move,improve
2079,8,1005.7100000000003,3,525.7400000000001,2opt,acceptBad
2080,8,1005.7100000000003,3,525.7400000000001,swap,notBad
2081,8,1013.2700000000003,3,525.7400000000001,2opt,acceptBad
2082,8,972.8999999999997,3,525.7400000000001,move,improve
2083,8,982.3499999999998,3,525.7400000000001,2opt,acceptBad
2084,8,982.3499999999998,3,525.7400000000001,move,improve
2085,8,973.4699999999998,3,525.7400000000001,move,improve
2086,8,973.0499999999995,3,525.7400000000001,2opt,improve
2087,8,973.0499999999995,3,525.7400000000001,move,improve
2088,8,973.0499999999995,3,525.7400000000001,move,improve
2089,8,969.8399999999996,3,525.7400000000001,swap,improve
2090,8,980.6399999999996,3,525.7400000000001,swap,acceptBad
2091,8,980.6399999999996,3,525.7400000000001,move,improve
2092,8,971.8299999999997,3,525.7400000000001,swap,improve
2093,8,976.7199999999998,3,525.7400000000001,swap,acceptBad
2094,8,869.2500000000002,3,525.7400000000001,move,improve
2095,8,869.2500000000002,3,525.7400000000001,swap,notBad
2096,8,916.4900000000001,3,525.7400000000001,swap,acceptBad
2097,8,890.2700000000001,3,525.7400000000001,move,improve
2098,8,889.73,3,525.7400000000001,swap,improve
2099,8,889.73,3,525.7400000000001,swap,notBad
2100,8,828.29,3,525.7400000000001,move,improve
2101,8,828.29,3,525.7400000000001,move,improve
2102,8,882.41,3,525.7400000000001,swap,acceptBad
2103,8,882.41,3,525.7400000000001,move,improve
2104,8,866.2299999999997,3,525.7400000000001,move,improve
2105,8,873.0699999999998,3,525.7400000000001,2opt,acceptBad
2106,8,955.4899999999998,3,525.7400000000001,move,acceptBad
2107,8,983.7199999999997,3,525.7400000000001,swap,acceptBad
2108,8,955.4899999999998,3,525.7400000000001,swap,improve
2109,8,955.4899999999998,3,525.7400000000001,move,improve
2110,8,955.4899999999998,3,525.7400000000001,2opt,notBad
2111,8,952.6999999999998,3,525.7400000000001,swap,improve
2112,8,952.6999999999998,3,525.7400000000001,move,improve
2113,8,951.2599999999998,3,525.7400000000001,swap,improve
2114,8,951.2599999999998,3,525.7400000000001,move,improve
2115,8,951.1099999999998,3,525.7400000000001,move,improve
2116,8,951.1099999999998,3,525.7400000000001,2opt,notBad
2117,8,922.8799999999999,3,525.7400000000001,move,improve
2118,8,922.8799999999999,3,525.7400000000001,swap,notBad
2119,8,922.8799999999999,3,525.7400000000001,move,improve
2120,8,922.8799999999999,3,525.7400000000001,2opt,notBad
2121,8,922.8799999999999,3,525.7400000000001,2opt,notBad
2122,8,922.8799999999999,3,525.7400000000001,move,improve
2123,8,922.8799999999999,3,525.7400000000001,swap,notBad
2124,8,922.8799999999999,3,525.7400000000001,swap,notBad
2125,8,922.8799999999999,3,525.7400000000001,move,improve
2126,8,911.2600000000002,3,525.7400000000001,move,improve
2127,8,1051.44,3,525.7400000000001,swap,acceptBad
2128,8,1050.18,3,525.7400000000001,swap,improve
2129,8,1054.8300000000002,3,525.7400000000001,swap,acceptBad
2130,8,1065.18,3,525.7400000000001,swap,acceptBad
2131,8,1063.2600000000002,3,525.7400000000001,2opt,improve
2132,8,1060.2300000000002,3,525.7400000000001,2opt,improve
2133,8,1060.2300000000002,3,525.7400000000001,2opt,notBad
2134,8,1054.8000000000002,3,525.7400000000001,swap,improve
2135,8,1058.2800000000002,3,525.7400000000001,2opt,acceptBad
2136,8,1011.5800000000002,3,525.7400000000001,move,improve
2137,8,1088.9200000000005,3,525.7400000000001,swap,acceptBad
2138,8,1092.4300000000003,3,525.7400000000001,2opt,acceptBad
2139,8,1092.4300000000003,3,525.7400000000001,2opt,notBad
2140,8,1131.0300000000002,3,525.7400000000001,2opt,acceptBad
2141,8,1131.0300000000002,3,525.7400000000001,2opt,notBad
2142,8,1093.8400000000001,3,525.7400000000001,2opt,improve
2143,8,1093.8400000000001,3,525.7400000000001,2opt,notBad
2144,8,1134.6399999999999,3,525.7400000000001,swap,acceptBad
2145,8,1140.34,3,525.7400000000001,swap,acceptBad
2146,8,1130.23,3,525.7400000000001,move,improve
2147,8,1130.23,3,525.7400000000001,2opt,improve
2148,8,1127.32,3,525.7400000000001,2opt,improve
2149,8,1127.44,3,525.7400000000001,swap,acceptBad
2150,8,1134.9500000000003,3,525.7400000000001,2opt,acceptBad
2151,8,1130.3600000000001,3,525.7400000000001,move,improve
2152,8,1131.4700000000003,3,525.7400000000001,2opt,acceptBad
2153,8,1125.3200000000002,3,525.7400000000001,2opt,improve
2154,8,1136.39,3,525.7400000000001,2opt,acceptBad
2155,8,1140.68,3,525.7400000000001,swap,acceptBad
2156,8,1140.68,3,525.7400000000001,move,improve
2157,8,1138.94,3,525.7400000000001,swap,improve
2158,8,1145.6,3,525.7400000000001,2opt,acceptBad
2159,8,1149.5,3,525.7400000000001,2opt,acceptBad
2160,8,1100.0500000000002,3,525.7400000000001,move,improve
2161,8,1152.8899999999999,3,525.7400000000001,swap,acceptBad
2162,8,1152.8899999999999,3,525.7400000000001,2opt,improve
2163,8,1060.72,3,525.7400000000001,move,improve
2164,8,1060.72,3,525.7400000000001,2opt,notBad
2165,8,1039.2400000000002,3,525.7400000000001,move,improve
2166,8,1038.5500000000002,3,525.7400000000001,2opt,improve
2167,8,968.8599999999994,3,525.7400000000001,move,improve
2168,8,976.8399999999995,3,525.7400000000001,2opt,acceptBad
2169,8,976.8399999999995,3,525.7400000000001,2opt,notBad
2170,8,976.8399999999995,3,525.7400000000001,2opt,notBad
2171,8,989.4099999999994,3,525.7400000000001,2opt,acceptBad
2172,8,989.4099999999994,3,525.7400000000001,move,improve
2173,8,1096.8399999999997,3,525.7400000000001,move,acceptBad
2174,8,1089.4299999999996,3,525.7400000000001,move,improve
2175,8,1211.5099999999998,3,525.7400000000001,swap,acceptBad
2176,8,1211.5099999999998,3,525.7400000000001,2opt,notBad
2177,8,1168.8199999999997,3,525.7400000000001,move,improve
2178,8,1168.8199999999997,3,525.7400000000001,move,improve
2179,8,1158.9799999999998,3,525.7400000000001,2opt,improve
2180,8,1136.5099999999998,3,525.7400000000001,move,improve
2181,8,1119.91,3,525.7400000000001,2opt,improve
2182,8,1119.91,3,525.7400000000001,2opt,notBad
2183,8,1114.9000000000003,3,525.7400000000001,2opt,improve
2184,8,1114.9000000000003,3,525.7400000000001,2opt,notBad
2185,8,1114.9000000000003,3,525.7400000000001,2opt,notBad
2186,8,1114.9000000000003,3,525.7400000000001,2opt,improve
2187,8,1114.9000000000003,3,525.7400000000001,2opt,notBad
2188,8,1081.88,3,525.7400000000001,move,improve
2189,8,1077.2000000000003,3,525.7400000000001,swap,improve
2190,8,1077.2000000000003,3,525.7400000000001,move,improve
2191,8,1069.3400000000001,3,525.7400000000001,move,improve
2192,8,1069.3400000000001,3,525.7400000000001,2opt,notBad
2193,8,1085.0900000000001,3,525.7400000000001,swap,acceptBad
2194,8,1114.4,3,525.7400000000001,swap,acceptBad
2195,8,1116.5,3,525.7400000000001,2opt,acceptBad
2196,8,1104.74,3,525.7400000000001,move,improve
2197,8,1091.0,3,525.7400000000001,move,improve
2198,8,1082.3300000000002,3,525.7400000000001,2opt,improve
2199,8,1103.2400000000002,3,525.7400000000001,2opt,acceptBad
2200,8,1091.3300000000002,3,525.7400000000001,2opt,improve
2201,8,1087.73,3,525.7400000000001,move,improve
2202,8,1085.8700000000001,3,525.7400000000001,2opt,improve
2203,8,1085.8700000000001,3,525.7400000000001,2opt,notBad
2204,7,850.64,3,525.7400000000001,move,improve
2205,7,857.3299999999999,3,525.7400000000001,swap,acceptBad
2206,7,843.8,3,525.7400000000001,swap,improve
2207,7,843.8,3,525.7400000000001,2opt,notBad
2208,7,837.1699999999998,3,525.7400000000001,2opt,improve
2209,7,827.2799999999997,3,525.7400000000001,move,improve
2210,7,821.2899999999997,3,525.7400000000001,move,improve
2211,7,812.9799999999998,3,525.7400000000001,move,improve
2212,7,803.7299999999998,3,525.7400000000001,move,improve
2213,7,822.2099999999998,3,525.7400000000001,swap,acceptBad
2214,7,820.5599999999998,3,525.7400000000001,move,improve
2215,7,820.5599999999998,3,525.7400000000001,2opt,notBad
2216,7,955.1699999999998,3,525.7400000000001,move,acceptBad
2217,7,955.1699999999998,3,525.7400000000001,2opt,notBad
2218,7,955.1699999999998,3,525.7400000000001,2opt,notBad
2219,7,955.1699999999998,3,525.7400000000001,2opt,notBad
2220,7,891.6399999999999,3,525.7400000000001,move,improve
2221,7,890.51,3,525.7400000000001,swap,improve
2222,7,890.51,3,525.7400000000001,move,improve
2223,7,890.51,3,525.7400000000001,swap,notBad
2224,7,890.45,3,525.7400000000001,swap,improve
2225,7,887.6999999999999,3,525.7400000000001,move,improve
2226,7,883.1399999999999,3,525.7400000000001,move,improve
2227,7,883.1399999999999,3,525.7400000000001,swap,notBad
2228,7,882.3299999999999,3,525.7400000000001,move,improve
2229,7,882.3299999999999,3,525.7400000000001,move,improve
2230,7,904.9399999999998,3,525.7400000000001,swap,acceptBad
2231,7,904.9399999999998,3,525.7400000000001,2opt,notBad
2232,7,906.3499999999997,3,525.7400000000001,swap,acceptBad
2233,7,906.3499999999997,3,525.7400000000001,swap,notBad
2234,7,886.9299999999996,3,525.7400000000001,move,improve
2235,7,881.8299999999997,3,525.7400000000001,move,improve
2236,7,881.8299999999997,3,525.7400000000001,2opt,notBad
2237,7,881.8299999999997,3,525.7400000000001,swap,notBad
2238,7,881.8299999999997,3,525.7400000000001,swap,notBad
2239,7,968.0499999999995,3,525.7400000000001,swap,acceptBad
2240,7,968.0499999999995,3,525.7400000000001,2opt,improve
2241,7,961.5999999999997,3,525.7400000000001,move,improve
2242,7,961.5999999999997,3,525.7400000000001,swap,notBad
2243,7,961.5999999999997,3,525.7400000000001,swap,notBad
2244,7,961.5999999999997,3,525.7400000000001,2opt,notBad
2245,7,964.6899999999996,3,525.7400000000001,swap,acceptBad
2246,7,964.6899999999996,3,525.7400000000001,move,improve
2247,7,966.0399999999995,3,525.7400000000001,swap,acceptBad
2248,7,967.2099999999996,3,525.7400000000001,swap,acceptBad
2249,7,1098.3099999999995,3,525.7400000000001,swap,acceptBad
2250,7,1098.3099999999995,3,525.7400000000001,2opt,improve
2251,7,1000.8099999999995,3,525.7400000000001,move,improve
2252,7,1000.8099999999995,3,525.7400000000001,move,improve
2253,7,983.1999999999996,3,525.7400000000001,swap,improve
2254,7,989.8899999999998,3,525.7400000000001,2opt,acceptBad
2255,7,987.8499999999997,3,525.7400000000001,swap,improve
2256,7,987.8499999999997,3,525.7400000000001,move,improve
2257,7,752.4199999999998,3,525.7400000000001,move,improve
2258,7,752.4199999999998,3,525.7400000000001,swap,notBad
2259,7,752.4199999999998,3,525.7400000000001,2opt,notBad
2260,7,752.4199999999998,3,525.7400000000001,move,improve
2261,7,752.4199999999998,3,525.7400000000001,2opt,notBad
2262,7,745.5799999999997,3,525.7400000000001,move,improve
2263,7,745.5799999999997,3,525.7400000000001,2opt,improve
2264,7,736.2199999999998,3,525.7400000000001,move,improve
2265,7,753.6499999999999,3,525.7400000000001,2opt,acceptBad
2266,7,753.7099999999999,3,525.7400000000001,2opt,acceptBad
2267,7,764.18,3,525.7400000000001,swap,acceptBad
2268,7,767.3899999999999,3,525.7400000000001,2opt,acceptBad
2269,7,759.05,3,525.7400000000001,swap,improve
2270,7,753.6499999999997,3,525.7400000000001,move,improve
2271,7,753.6499999999997,3,525.7400000000001,move,improve
2272,7,753.6499999999997,3,525.7400000000001,move,improve
2273,7,753.6499999999997,3,525.7400000000001,2opt,notBad
2274,7,753.6499999999997,3,525.7400000000001,move,improve
2275,7,753.6499999999997,3,525.7400000000001,swap,notBad
2276,7,753.6499999999997,3,525.7400000000001,2opt,notBad
2277,7,722.92,3,525.7400000000001,move,improve
2278,7,722.92,3,525.7400000000001,2opt,notBad
2279,7,722.92,3,525.7400000000001,2opt,notBad
2280,7,716.26,3,525.7400000000001,move,improve
2281,7,717.0699999999999,3,525.7400000000001,swap,acceptBad
2282,7,706.5699999999998,3,525.7400000000001,move,improve
2283,7,706.2099999999998,3,525.7400000000001,swap,improve
2284,7,775.0200000000002,3,525.7400000000001,swap,acceptBad
2285,7,775.0200000000002,3,525.7400000000001,swap,notBad
2286,7,777.0800000000002,3,525.7400000000001,2opt,acceptBad
2287,7,777.0800000000002,3,525.7400000000001,2opt,notBad
2288,7,777.0800000000002,3,525.7400000000001,2opt,notBad
2289,7,795.0500000000002,3,525.7400000000001,swap,acceptBad
2290,7,795.0500000000002,3,525.7400000000001,move,improve
2291,7,795.0500000000002,3,525.7400000000001,move,improve
2292,7,809.3900000000003,3,525.7400000000001,swap,acceptBad
2293,7,791.5400000000002,3,525.7400000000001,move,improve
2294,7,791.5400000000002,3,525.7400000000001,2opt,notBad
2295,7,782.79,3,525.7400000000001,2opt,improve
2296,7,781.0800000000002,3,525.7400000000001,move,improve
2297,7,844.3900000000002,3,525.7400000000001,swap,acceptBad
2298,7,844.3900000000002,3,525.7400000000001,move,improve
2299,7,854.5000000000001,3,525.7400000000001,2opt,acceptBad
2300,7,854.5000000000001,3,525.7400000000001,move,improve
2301,7,850.4800000000001,3,525.7400000000001,2opt,improve
2302,7,846.3100000000003,3,525.7400000000001,2opt,improve
2303,7,845.0500000000002,3,525.7400000000001,move,improve
2304,7,845.0500000000002,3,525.7400000000001,2opt,improve
2305,7,845.0500000000002,3,525.7400000000001,move,improve
2306,7,840.1600000000002,3,525.7400000000001,move,improve
2307,7,839.5600000000002,3,525.7400000000001,move,improve
2308,7,839.5600000000002,3,525.7400000000001,swap,notBad
2309,7,842.0800000000002,3,525.7400000000001,swap,acceptBad
2310,7,928.6000000000009,3,525.7400000000001,swap,acceptBad
2311,7,909.4400000000007,3,525.7400000000001,swap,improve
2312,7,909.4400000000007,3,525.7400000000001,move,improve
2313,7,809.5099999999998,3,525.7400000000001,move,improve
2314,7,809.5099999999998,3,525.7400000000001,2opt,notBad
2315,7,799.1599999999997,3,525.7400000000001,move,improve
2316,7,915.5399999999995,3,525.7400000000001,swap,acceptBad
2317,7,918.5399999999995,3,525.7400000000001,2opt,acceptBad
2318,7,960.06,3,525.7400000000001,swap,acceptBad
2319,7,976.3799999999999,3,525.7400000000001,swap,acceptBad
2320,7,976.1400000000001,3,525.7400000000001,2opt,improve
2321,7,960.5399999999994,3,525.7400000000001,swap,improve
2322,7,949.4399999999995,3,525.7400000000001,move,improve
2323,7,900.3899999999994,3,525.7400000000001,swap,improve
2324,7,901.8299999999992,3,525.7400000000001,2opt,acceptBad
2325,7,941.6799999999995,3,525.7400000000001,swap,acceptBad
2326,7,926.4399999999995,3,525.7400000000001,swap,improve
2327,7,935.5899999999995,3,525.7400000000001,swap,acceptBad
2328,7,935.5899999999995,3,525.7400000000001,2opt,improve
2329,7,950.2899999999996,3,525.7400000000001,2opt,acceptBad
2330,7,964.3899999999996,3,525.7400000000001,swap,acceptBad
2331,7,970.9899999999996,3,525.7400000000001,swap,acceptBad
2332,7,959.4699999999996,3,525.7400000000001,swap,improve
2333,7,878.1699999999996,3,525.7400000000001,move,improve
2334,7,886.8699999999998,3,525.7400000000001,swap,acceptBad
2335,7,886.8699999999998,3,525.7400000000001,2opt,improve
2336,7,933.4699999999997,3,525.7400000000001,swap,acceptBad
2337,7,969.7399999999996,3,525.7400000000001,swap,acceptBad
2338,7,983.8099999999995,3,525.7400000000001,swap,acceptBad
2339,7,983.8099999999995,3,525.7400000000001,2opt,improve
2340,7,913.0799999999996,3,525.7400000000001,move,improve
2341,7,913.0799999999996,3,525.7400000000001,2opt,notBad
2342,7,913.0799999999996,3,525.7400000000001,move,improve
2343,7,888.0499999999995,3,525.7400000000001,move,improve
2344,7,890.1999999999998,3,525.7400000000001,swap,acceptBad
2345,7,890.1999999999998,3,525.7400000000001,2opt,improve
2346,7,890.1999999999998,3,525.7400000000001,move,improve
2347,7,881.4699999999998,3,525.7400000000001,move,improve
2348,7,881.4699999999998,3,525.7400000000001,move,improve
2349,7,881.4699999999998,3,525.7400000000001,2opt,notBad
2350,7,883.6899999999997,3,525.7400000000001,2opt,acceptBad
2351,7,869.0499999999997,3,525.7400000000001,swap,improve
2352,7,856.2399999999998,3,525.7400000000001,move,improve
2353,7,783.53,3,525.7400000000001,swap,improve
2354,7,780.1700000000001,3,525.7400000000001,swap,improve
2355,7,779.57,3,525.7400000000001,swap,improve
2356,7,779.57,3,525.7400000000001,2opt,notBad
2357,7,779.57,3,525.7400000000001,2opt,notBad
2358,7,780.2900000000002,3,525.7400000000001,2opt,acceptBad
2359,7,780.2900000000002,3,525.7400000000001,2opt,improve
2360,7,763.9100000000001,3,525.7400000000001,swap,improve
2361,7,754.0100000000001,3,525.7400000000001,swap,improve
2362,7,757.97,3,525.7400000000001,2opt,acceptBad
2363,7,757.97,3,525.7400000000001,move,improve
2364,7,772.9100000000001,3,525.7400000000001,2opt,acceptBad
2365,7,772.6599999999996,3,525.7400000000001,move,improve
2366,7,765.8899999999996,3,525.7400000000001,move,improve
2367,7,768.5599999999997,3,525.7400000000001,swap,acceptBad
2368,7,736.5199999999996,3,525.7400000000001,swap,improve
2369,7,736.5199999999996,3,525.7400000000001,2opt,notBad
2370,7,736.5199999999996,3,525.7400000000001,2opt,notBad
2371,7,721.9999999999998,3,525.7400000000001,move,improve
2372,7,721.9999999999998,3,525.7400000000001,2opt,notBad
2373,7,721.9999999999998,3,525.7400000000001,swap,notBad
2374,7,721.9999999999998,3,525.7400000000001,2opt,notBad
2375,7,716.1799999999998,3,525.7400000000001,2opt,improve
2376,7,716.4199999999998,3,525.7400000000001,swap,acceptBad
2377,7,716.4199999999998,3,525.7400000000001,move,improve
2378,7,716.2099999999998,3,525.7400000000001,move,improve
2379,7,716.2099999999998,3,525.7400000000001,swap,notBad
2380,7,716.2099999999998,3,525.7400000000001,move,improve
2381,7,716.2099999999998,3,525.7400000000001,2opt,notBad
2382,7,716.2099999999998,3,525.7400000000001,swap,notBad
2383,7,677.4099999999995,3,525.7400000000001,move,improve
2384,7,677.4099999999995,3,525.7400000000001,2opt,notBad
2385,7,676.3299999999995,3,525.7400000000001,move,improve
2386,7,734.4599999999996,3,525.7400000000001,swap,acceptBad
2387,7,734.4599999999996,3,525.7400000000001,2opt,improve
2388,7,731.6399999999996,3,525.7400000000001,move,improve
2389,7,731.6399999999996,3,525.7400000000001,2opt,notBad
2390,7,718.4399999999996,3,525.7400000000001,move,improve
2391,7,794.1600000000001,3,525.7400000000001,swap,acceptBad
2392,7,794.1600000000001,3,525.7400000000001,2opt,improve
2393,7,726.1700000000001,3,525.7400000000001,move,improve
2394,7,767.4200000000001,3,525.7400000000001,swap,acceptBad
2395,7,767.4200000000001,3,525.7400000000001,2opt,notBad
2396,7,749.6800000000001,3,525.7400000000001,move,improve
2397,7,747.4300000000001,3,525.7400000000001,move,improve
2398,7,747.4300000000001,3,525.7400000000001,2opt,notBad
2399,7,747.4300000000001,3,525.7400000000001,2opt,notBad
2400,7,738.6100000000001,3,525.7400000000001,move,improve
2401,7,738.6100000000001,3,525.7400000000001,2opt,notBad
2402,7,738.6100000000001,3,525.7400000000001,2opt,notBad
2403,7,746.9900000000002,3,525.7400000000001,swap,acceptBad
2404,7,746.9900000000002,3,525.7400000000001,swap,notBad
2405,7,734.4100000000001,3,525.7400000000001,move,improve
2406,7,734.95,3,525.7400000000001,swap,acceptBad
2407,7,746.8900000000001,3,525.7400000000001,2opt,acceptBad
2408,7,744.73,3,525.7400000000001,2opt,improve
2409,7,776.4499999999999,3,525.7400000000001,2opt,acceptBad
2410,7,776.4499999999999,3,525.7400000000001,2opt,notBad
2411,7,776.4499999999999,3,525.7400000000001,move,improve
2412,7,776.4499999999999,3,525.7400000000001,swap,notBad
2413,7,764.24,3,525.7400000000001,move,improve
2414,7,763.3900000000006,3,525.7400000000001,move,improve
2415,7,737.7700000000004,3,525.7400000000001,move,improve
2416,7,735.1300000000005,3,525.7400000000001,2opt,improve
2417,7,733.4200000000004,3,525.7400000000001,swap,improve
2418,7,733.4200000000004,3,525.7400000000001,2opt,notBad
2419,7,733.4200000000004,3,525.7400000000001,2opt,notBad
2420,7,733.4200000000004,3,525.7400000000001,swap,notBad
2421,7,707.5600000000002,3,525.7400000000001,move,improve
2422,7,707.5600000000002,3,525.7400000000001,2opt,notBad
2423,7,707.5600000000002,3,525.7400000000001,2opt,notBad
2424,7,707.5600000000002,3,525.7400000000001,move,improve
2425,7,707.5600000000002,3,525.7400000000001,2opt,notBad
2426,7,707.5600000000002,3,525.7400000000001,move,improve
2427,7,707.5600000000002,3,525.7400000000001,2opt,notBad
2428,7,699.97,3,525.7400000000001,move,improve
2429,7,718.7800000000001,3,525.7400000000001,swap,acceptBad
2430,7,718.7800000000001,3,525.7400000000001,swap,notBad
2431,7,758.0500000000001,3,525.7400000000001,swap,acceptBad
2432,7,758.0500000000001,3,525.7400000000001,move,improve
2433,7,758.0500000000001,3,525.7400000000001,2opt,notBad
2434,7,758.0500000000001,3,525.7400000000001,2opt,improve
2435,7,758.0500000000001,3,525.7400000000001,move,improve
2436,7,758.0500000000001,3,525.7400000000001,2opt,notBad
2437,7,758.0500000000001,3,525.7400000000001,2opt,improve
2438,7,757.9900000000001,3,525.7400000000001,move,improve
2439,7,757.9900000000001,3,525.7400000000001,2opt,notBad
2440,7,735.9299999999996,3,525.7400000000001,swap,improve
2441,7,749.6600000000002,3,525.7400000000001,swap,acceptBad
2442,7,751.46,3,525.7400000000001,swap,acceptBad
2443,7,736.94,3,525.7400000000001,swap,improve
2444,7,736.94,3,525.7400000000001,swap,notBad
2445,7,736.94,3,525.7400000000001,2opt,improve
2446,7,729.62,3,525.7400000000001,swap,improve
2447,7,729.62,3,525.7400000000001,2opt,notBad
2448,7,727.07,3,525.7400000000001,move,improve
2449,7,760.1300000000002,3,525.7400000000001,swap,acceptBad
2450,7,760.1300000000002,3,525.7400000000001,2opt,notBad
2451,7,703.74,3,525.7400000000001,move,improve
2452,7,694.5300000000001,3,525.7400000000001,move,improve
2453,7,694.5300000000001,3,525.7400000000001,swap,notBad
2454,7,694.5300000000001,3,525.7400000000001,swap,notBad
2455,7,682.6800000000001,3,525.7400000000001,move,improve
2456,7,772.8600000000001,3,525.7400000000001,move,acceptBad
2457,7,811.8700000000001,3,525.7400000000001,swap,acceptBad
2458,7,811.8700000000001,3,525.7400000000001,swap,notBad
2459,7,818.2,3,525.7400000000001,swap,acceptBad
2460,7,847.8400000000001,3,525.7400000000001,swap,acceptBad
2461,7,847.8400000000001,3,525.7400000000001,swap,notBad
2462,7,847.8400000000001,3,525.7400000000001,2opt,notBad
2463,7,847.8400000000001,3,525.7400000000001,2opt,notBad
2464,7,826.3300000000004,3,525.7400000000001,move,improve
2465,7,826.3300000000004,3,525.7400000000001,2opt,notBad
2466,7,826.3300000000004,3,525.7400000000001,2opt,notBad
2467,7,826.3300000000004,3,525.7400000000001,swap,notBad
2468,7,826.3300000000004,3,525.7400000000001,2opt,notBad
2469,7,776.9000000000001,3,525.7400000000001,swap,improve
2470,7,767.6300000000002,3,525.7400000000001,move,improve
2471,7,784.8200000000003,3,525.7400000000001,swap,acceptBad
2472,7,789.2000000000002,3,525.7400000000001,2opt,acceptBad
2473,7,789.2000000000002,3,525.7400000000001,2opt,notBad
2474,7,789.2000000000002,3,525.7400000000001,swap,notBad
2475,7,771.7400000000001,3,525.7400000000001,swap,improve
2476,7,771.7400000000001,3,525.7400000000001,move,notBad
2477,7,771.7400000000001,3,525.7400000000001,move,improve
2478,7,806.69,3,525.7400000000001,swap,acceptBad
2479,7,806.69,3,525.7400000000001,swap,notBad
2480,7,806.69,3,525.7400000000001,move,improve
2481,7,799.96,3,525.7400000000001,swap,improve
2482,7,801.61,3,525.7400000000001,swap,acceptBad
2483,7,801.61,3,525.7400000000001,2opt,notBad
2484,7,907.0600000000004,3,525.7400000000001,swap,acceptBad
2485,7,907.0600000000004,3,525.7400000000001,2opt,notBad
2486,7,835.3300000000002,3,525.7400000000001,move,improve
2487,7,853.6299999999998,3,525.7400000000001,swap,acceptBad
2488,7,853.6299999999998,3,525.7400000000001,2opt,notBad
2489,7,804.6700000000001,3,525.7400000000001,move,improve
2490,7,799.6499999999999,3,525.7400000000001,move,improve
2491,7,810.0599999999998,3,525.7400000000001,swap,acceptBad
2492,7,810.0599999999998,3,525.7400000000001,2opt,notBad
2493,7,810.0599999999998,3,525.7400000000001,swap,notBad
2494,7,810.0599999999998,3,525.7400000000001,2opt,improve
2495,7,791.63,3,525.7400000000001,2opt,improve
2496,7,791.63,3,525.7400000000001,2opt,notBad
2497,7,791.63,3,525.7400000000001,move,improve
2498,7,791.63,3,525.7400000000001,2opt,notBad
2499,7,845.6599999999996,3,525.7400000000001,swap,acceptBad
2500,7,848.6299999999995,3,525.7400000000001,2opt,acceptBad
2501,7,848.6299999999995,3,525.7400000000001,2opt,notBad
2502,7,848.6299999999995,3,525.7400000000001,2opt,notBad
2503,7,822.1599999999995,3,525.7400000000001,move,improve
2504,7,788.1799999999998,3,525.7400000000001,move,improve
2505,7,788.1799999999998,3,525.7400000000001,2opt,notBad
2506,7,788.1799999999998,3,525.7400000000001,2opt,notBad
2507,7,788.1799999999998,3,525.7400000000001,2opt,notBad
2508,7,788.1799999999998,3,525.7400000000001,2opt,notBad
2509,7,788.1799999999998,3,525.7400000000001,2opt,notBad
2510,7,788.1799999999998,3,525.7400000000001,2opt,improve
2511,7,788.1799999999998,3,525.7400000000001,2opt,notBad
2512,7,788.1799999999998,3,525.7400000000001,move,improve
2513,7,777.7699999999998,3,525.7400000000001,move,improve
2514,7,777.7699999999998,3,525.7400000000001,2opt,improve
2515,7,770.9299999999998,3,525.7400000000001,move,improve
2516,7,770.9299999999998,3,525.7400000000001,2opt,notBad
2517,7,770.9299999999998,3,525.7400000000001,swap,notBad
2518,7,770.9299999999998,3,525.7400000000001,2opt,notBad
2519,7,781.1099999999999,3,525.7400000000001,swap,acceptBad
2520,7,781.8,3,525.7400000000001,2opt,acceptBad
2521,7,781.8,3,525.7400000000001,2opt,notBad
2522,7,809.4599999999998,3,525.7400000000001,swap,acceptBad
2523,7,809.4599999999998,3,525.7400000000001,move,improve
2524,7,809.4599999999998,3,525.7400000000001,2opt,improve
2525,7,802.5599999999996,3,525.7400000000001,2opt,improve
2526,7,802.5599999999996,3,525.7400000000001,swap,notBad
2527,7,815.2199999999997,3,525.7400000000001,swap,acceptBad
2528,7,769.1999999999998,3,525.7400000000001,move,improve
2529,7,769.1999999999998,3,525.7400000000001,move,improve
2530,7,769.1999999999998,3,525.7400000000001,2opt,improve
2531,7,769.1999999999998,3,525.7400000000001,2opt,notBad
2532,7,769.1999999999998,3,525.7400000000001,2opt,notBad
2533,7,800.6999999999999,3,525.7400000000001,swap,acceptBad
2534,7,800.6999999999999,3,525.7400000000001,2opt,notBad
2535,7,800.6999999999999,3,525.7400000000001,2opt,notBad
2536,7,790.1899999999998,3,525.7400000000001,move,improve
2537,7,772.5899999999998,3,525.7400000000001,move,improve
2538,7,772.5899999999998,3,525.7400000000001,move,improve
2539,7,784.1399999999996,3,525.7400000000001,swap,acceptBad
2540,7,818.6699999999997,3,525.7400000000001,swap,acceptBad
2541,7,816.8099999999996,3,525.7400000000001,2opt,improve
2542,7,816.8099999999996,3,525.7400000000001,move,improve
2543,7,816.8099999999996,3,525.7400000000001,move,improve
2544,7,816.8099999999996,3,525.7400000000001,swap,notBad
2545,7,816.8099999999996,3,525.7400000000001,2opt,notBad
2546,7,816.8099999999996,3,525.7400000000001,2opt,notBad
2547,7,816.8099999999996,3,525.7400000000001,2opt,notBad
2548,7,816.8099999999996,3,525.7400000000001,swap,notBad
2549,7,816.8099999999996,3,525.7400000000001,2opt,notBad
2550,7,816.8099999999996,3,525.7400000000001,move,improve
2551,7,816.8099999999996,3,525.7400000000001,2opt,notBad
2552,7,820.9799999999996,3,525.7400000000001,swap,acceptBad
2553,7,835.9199999999995,3,525.7400000000001,swap,acceptBad
2554,7,902.3599999999999,3,525.7400000000001,swap,acceptBad
2555,7,902.3599999999999,3,525.7400000000001,swap,notBad
2556,7,902.3599999999999,3,525.7400000000001,2opt,notBad
2557,7,879.7800000000002,3,525.7400000000001,2opt,improve
2558,7,826.3399999999999,3,525.7400000000001,swap,improve
2559,7,826.3399999999999,3,525.7400000000001,2opt,notBad
2560,7,826.3399999999999,3,525.7400000000001,2opt,notBad
2561,7,826.3399999999999,3,525.7400000000001,2opt,notBad
2562,7,832.3200000000002,3,525.7400000000001,swap,acceptBad
2563,7,832.3200000000002,3,525.7400000000001,move,improve
2564,7,872.86,3,525.7400000000001,swap,acceptBad
2565,7,881.8900000000001,3,525.7400000000001,2opt,acceptBad
2566,7,816.8900000000003,3,525.7400000000001,move,improve
2567,7,816.8900000000003,3,525.7400000000001,move,improve
2568,7,816.8900000000003,3,525.7400000000001,2opt,notBad
2569,7,816.8900000000003,3,525.7400000000001,2opt,notBad
2570,7,816.8900000000003,3,525.7400000000001,2opt,notBad
2571,7,827.9300000000005,3,525.7400000000001,swap,acceptBad
2572,7,833.2600000000003,3,525.7400000000001,swap,acceptBad
2573,7,827.2400000000002,3,525.7400000000001,swap,improve
2574,7,827.2400000000002,3,525.7400000000001,swap,notBad
2575,7,814.6100000000004,3,525.7400000000001,2opt,improve
2576,7,814.6100000000004,3,525.7400000000001,2opt,notBad
2577,7,803.4500000000004,3,525.7400000000001,move,improve
2578,7,816.5600000000004,3,525.7400000000001,swap,acceptBad
2579,7,816.5600000000004,3,525.7400000000001,2opt,notBad
2580,7,816.5600000000004,3,525.7400000000001,2opt,notBad
2581,7,813.1800000000003,3,525.7400000000001,move,improve
2582,7,813.1800000000003,3,525.7400000000001,2opt,improve
2583,7,813.1800000000003,3,525.7400000000001,swap,notBad
2584,7,764.1300000000003,3,525.7400000000001,move,improve
2585,7,750.7800000000003,3,525.7400000000001,swap,improve
2586,7,736.4100000000002,3,525.7400000000001,swap,improve
2587,7,697.4600000000005,3,525.7400000000001,move,improve
2588,7,697.4600000000005,3,525.7400000000001,swap,notBad
2589,7,697.4600000000005,3,525.7400000000001,move,improve
2590,7,697.4600000000005,3,525.7400000000001,2opt,notBad
2591,7,697.4600000000005,3,525.7400000000001,move,improve
2592,7,699.8300000000005,3,525.7400000000001,swap,acceptBad
2593,7,696.6500000000004,3,525.7400000000001,2opt,improve
2594,7,696.6500000000004,3,525.7400000000001,move,improve
2595,7,696.6500000000004,3,525.7400000000001,swap,notBad
2596,7,675.3499999999999,3,525.7400000000001,move,improve
2597,7,675.3499999999999,3,525.7400000000001,swap,notBad
2598,7,656.6599999999999,3,525.7400000000001,move,improve
2599,7,656.6599999999999,3,525.7400000000001,2opt,notBad
2600,7,656.6599999999999,3,525.7400000000001,2opt,notBad
2601,7,656.6599999999999,3,525.7400000000001,move,improve
2602,7,656.6599999999999,3,525.7400000000001,2opt,notBad
2603,7,751.79,3,525.7400000000001,swap,acceptBad
2604,7,773.2099999999998,3,525.7400000000001,swap,acceptBad
2605,7,773.2099999999998,3,525.7400000000001,2opt,improve
2606,7,812.9299999999997,3,525.7400000000001,swap,acceptBad
2607,7,840.0799999999999,3,525.7400000000001,2opt,acceptBad
2608,7,840.0799999999999,3,525.7400000000001,2opt,notBad
2609,7,840.0799999999999,3,525.7400000000001,2opt,notBad
2610,7,840.0799999999999,3,525.7400000000001,2opt,notBad
2611,7,758.0299999999997,3,525.7400000000001,move,improve
2612,7,709.4099999999995,3,525.7400000000001,move,improve
2613,7,700.6499999999999,3,525.7400000000001,move,improve
2614,7,653.2600000000001,3,525.7400000000001,move,improve
2615,7,653.2600000000001,3,525.7400000000001,move,improve
2616,7,653.2600000000001,3,525.7400000000001,move,improve
2617,7,660.3700000000001,3,525.7400000000001,swap,acceptBad
2618,7,660.3700000000001,3,525.7400000000001,swap,notBad
2619,7,656.7700000000001,3,525.7400000000001,swap,improve
2620,7,657.9700000000003,3,525.7400000000001,swap,acceptBad
2621,7,700.9499999999998,3,525.7400000000001,swap,acceptBad
2622,7,747.0899999999999,3,525.7400000000001,swap,acceptBad
2623,7,803.19,3,525.7400000000001,swap,acceptBad
2624,7,803.19,3,525.7400000000001,2opt,notBad
2625,7,842.9299999999998,3,525.7400000000001,swap,acceptBad
2626,7,842.9299999999998,3,525.7400000000001,move,improve
2627,7,842.9299999999998,3,525.7400000000001,2opt,improve
2628,7,743.5900000000001,3,525.7400000000001,swap,improve
2629,7,743.5900000000001,3,525.7400000000001,move,improve
2630,7,761.8900000000003,3,525.7400000000001,swap,acceptBad
2631,7,803.8300000000004,3,525.7400000000001,swap,acceptBad
2632,7,903.5500000000002,3,525.7400000000001,move,acceptBad
2633,7,903.5500000000002,3,525.7400000000001,move,improve
2634,7,884.3900000000001,3,525.7400000000001,move,improve
2635,7,884.3900000000001,3,525.7400000000001,swap,notBad
2636,7,884.3900000000001,3,525.7400000000001,2opt,notBad
2637,7,884.3900000000001,3,525.7400000000001,move,improve
2638,7,884.3900000000001,3,525.7400000000001,2opt,notBad
2639,7,936.77,3,525.7400000000001,swap,acceptBad
2640,7,936.77,3,525.7400000000001,2opt,notBad
2641,7,936.77,3,525.7400000000001,move,improve
2642,7,936.77,3,525.7400000000001,swap,notBad
2643,7,890.7700000000001,3,525.7400000000001,move,improve
2644,7,890.7700000000001,3,525.7400000000001,swap,notBad
2645,7,890.71,3,525.7400000000001,swap,improve
2646,7,890.71,3,525.7400000000001,2opt,notBad
2647,7,890.71,3,525.7400000000001,2opt,improve
2648,7,876.1600000000001,3,525.7400000000001,move,improve
2649,7,876.1600000000001,3,525.7400000000001,swap,notBad
2650,7,864.7300000000001,3,525.7400000000001,2opt,improve
2651,7,864.7300000000001,3,525.7400000000001,move,improve
2652,7,855.5199999999998,3,525.7400000000001,move,improve
2653,7,855.5199999999998,3,525.7400000000001,2opt,notBad
2654,7,824.8999999999995,3,525.7400000000001,move,improve
2655,7,823.6499999999995,3,525.7400000000001,move,improve
2656,7,823.6499999999995,3,525.7400000000001,2opt,notBad
2657,7,801.7299999999998,3,525.7400000000001,move,improve
2658,7,799.4799999999998,3,525.7400000000001,swap,improve
2659,7,799.4799999999998,3,525.7400000000001,swap,notBad
2660,7,799.4799999999998,3,525.7400000000001,2opt,notBad
2661,7,799.4799999999998,3,525.7400000000001,2opt,notBad
2662,7,799.4799999999998,3,525.7400000000001,move,improve
2663,7,794.4699999999998,3,525.7400000000001,swap,improve
2664,7,794.4699999999998,3,525.7400000000001,swap,notBad
2665,7,792.8399999999999,3,525.7400000000001,move,improve
2666,7,792.8399999999999,3,525.7400000000001,move,improve
2667,7,792.8399999999999,3,525.7400000000001,move,improve
2668,7,823.1100000000001,3,525.7400000000001,swap,acceptBad
2669,7,823.1100000000001,3,525.7400000000001,move,improve
2670,7,806.7,3,525.7400000000001,move,improve
2671,7,806.7,3,525.7400000000001,2opt,improve
2672,7,806.7,3,525.7400000000001,swap,notBad
2673,7,808.23,3,525.7400000000001,swap,acceptBad
2674,7,808.23,3,525.7400000000001,2opt,notBad
2675,7,808.23,3,525.7400000000001,2opt,notBad
2676,7,808.23,3,525.7400000000001,2opt,improve
2677,7,777.9599999999998,3,525.7400000000001,swap,improve
2678,7,777.9599999999998,3,525.7400000000001,2opt,notBad
2679,7,777.9599999999998,3,525.7400000000001,2opt,notBad
2680,7,777.9599999999998,3,525.7400000000001,2opt,notBad
2681,7,767.9999999999999,3,525.7400000000001,move,improve
2682,7,761.5000000000001,3,525.7400000000001,move,improve
2683,7,642.5800000000002,3,525.7400000000001,move,improve
2684,7,642.5800000000002,3,525.7400000000001,2opt,notBad
2685,7,642.5800000000002,3,525.7400000000001,move,improve
2686,7,642.5800000000002,3,525.7400000000001,2opt,notBad
2687,7,642.5800000000002,3,525.7400000000001,move,improve
2688,7,642.5800000000002,3,525.7400000000001,2opt,notBad
2689,7,642.5800000000002,3,525.7400000000001,2opt,notBad
2690,7,642.5800000000002,3,525.7400000000001,2opt,notBad
2691,7,640.2700000000002,3,525.7400000000001,move,improve
2692,7,640.2700000000002,3,525.7400000000001,move,improve
2693,7,640.2700000000002,3,525.7400000000001,move,improve
2694,7,640.2700000000002,3,525.7400000000001,move,improve
2695,7,640.2700000000002,3,525.7400000000001,2opt,notBad
2696,7,610.4800000000004,3,525.7400000000001,move,improve
2697,7,627.3100000000002,3,525.7400000000001,swap,acceptBad
2698,7,627.3100000000002,3,525.7400000000001,move,improve
2699,7,627.3100000000002,3,525.7400000000001,swap,notBad
2700,7,627.3100000000002,3,525.7400000000001,2opt,notBad
2701,7,627.3100000000002,3,525.7400000000001,2opt,notBad
2702,7,627.3100000000002,3,525.7400000000001,move,improve
2703,7,592.6500000000002,3,525.7400000000001,move,improve
2704,7,592.6500000000002,3,525.7400000000001,2opt,notBad
2705,7,582.8100000000002,3,525.7400000000001,move,improve
2706,7,582.8100000000002,3,525.7400000000001,2opt,notBad
2707,7,582.8100000000002,3,525.7400000000001,move,improve
2708,7,614.3400000000001,3,525.7400000000001,swap,acceptBad
2709,7,641.6700000000002,3,525.7400000000001,swap,acceptBad
2710,7,641.6700000000002,3,525.7400000000001,move,improve
2711,7,671.0299999999996,3,525.7400000000001,swap,acceptBad
2712,7,657.0299999999996,3,525.7400000000001,move,improve
2713,7,734.81,3,525.7400000000001,swap,acceptBad
2714,7,762.79,3,525.7400000000001,swap,acceptBad
2715,7,762.79,3,525.7400000000001,swap,notBad
2716,7,825.2700000000002,3,525.7400000000001,swap,acceptBad
2717,7,813.0900000000001,3,525.7400000000001,2opt,improve
2718,7,813.0900000000001,3,525.7400000000001,2opt,notBad
2719,7,813.0900000000001,3,525.7400000000001,2opt,notBad
2720,7,811.47,3,525.7400000000001,swap,improve
2721,7,756.1899999999998,3,525.7400000000001,move,improve
2722,7,756.1899999999998,3,525.7400000000001,move,improve
2723,7,756.1899999999998,3,525.7400000000001,2opt,notBad
2724,7,756.1899999999998,3,525.7400000000001,move,improve
2725,7,756.1899999999998,3,525.7400000000001,2opt,notBad
2726,7,716.6100000000002,3,525.7400000000001,move,improve
2727,7,718.9800000000001,3,525.7400000000001,2opt,acceptBad
2728,7,723.0300000000002,3,525.7400000000001,swap,acceptBad
2729,7,723.0300000000002,3,525.7400000000001,2opt,notBad
2730,7,723.0300000000002,3,525.7400000000001,2opt,notBad
2731,7,718.8600000000001,3,525.7400000000001,move,improve
2732,7,718.8600000000001,3,525.7400000000001,move,improve
2733,7,578.8700000000002,3,525.7400000000001,move,improve
2734,7,578.7200000000003,3,525.7400000000001,swap,improve
2735,7,578.7200000000003,3,525.7400000000001,2opt,notBad
2736,7,578.7200000000003,3,525.7400000000001,move,improve
2737,7,644.2400000000005,3,525.7400000000001,swap,acceptBad
2738,7,644.2400000000005,3,525.7400000000001,swap,notBad
2739,7,666.1700000000004,3,525.7400000000001,swap,acceptBad
2740,7,658.2800000000005,3,525.7400000000001,2opt,improve
2741,7,658.2800000000005,3,525.7400000000001,2opt,notBad
2742,7,631.3700000000001,3,525.7400000000001,move,improve
2743,7,633.0200000000001,3,525.7400000000001,swap,acceptBad
2744,7,633.0200000000001,3,525.7400000000001,2opt,notBad
2745,7,633.0200000000001,3,525.7400000000001,move,improve
2746,7,633.0200000000001,3,525.7400000000001,swap,notBad
2747,7,626.1400000000001,3,525.7400000000001,move,improve
2748,7,626.1400000000001,3,525.7400000000001,move,improve
2749,7,626.1400000000001,3,525.7400000000001,2opt,notBad
2750,7,626.1400000000001,3,525.7400000000001,move,improve
2751,7,599.9499999999995,3,525.7400000000001,move,improve
2752,7,599.9499999999995,3,525.7400000000001,swap,notBad
2753,7,599.9499999999995,3,525.7400000000001,swap,notBad
2754,7,582.0799999999999,3,525.7400000000001,swap,improve
2755,7,575.1199999999999,3,525.7400000000001,move,improve
2756,7,575.1199999999999,3,525.7400000000001,swap,notBad
2757,7,575.1199999999999,3,525.7400000000001,move,improve
2758,7,588.4699999999996,3,525.7400000000001,2opt,acceptBad
2759,7,612.9899999999996,3,525.7400000000001,swap,acceptBad
2760,7,583.7799999999994,3,525.7400000000001,move,improve
2761,7,583.2299999999994,3,525.7400000000001,move,improve
2762,7,583.2299999999994,3,525.7400000000001,swap,notBad
2763,7,583.2299999999994,3,525.7400000000001,2opt,notBad
2764,7,583.2299999999994,3,525.7400000000001,swap,improve
2765,7,583.2299999999994,3,525.7400000000001,swap,notBad
2766,7,576.7699999999993,3,525.7400000000001,swap,improve
2767,7,576.7699999999993,3,525.7400000000001,2opt,notBad
2768,7,576.7699999999993,3,525.7400000000001,2opt,notBad
2769,7,576.7699999999993,3,525.7400000000001,move,improve
2770,7,576.7699999999993,3,525.7400000000001,swap,notBad
2771,7,566.5699999999995,3,525.7400000000001,move,improve
2772,7,566.5699999999995,3,525.7400000000001,2opt,notBad
2773,7,566.5699999999995,3,525.7400000000001,move,improve
2774,7,566.5699999999995,3,525.7400000000001,swap,notBad
2775,7,566.5699999999995,3,525.7400000000001,move,improve
2776,7,566.5699999999995,3,525.7400000000001,2opt,notBad
2777,7,566.5699999999995,3,525.7400000000001,2opt,notBad
2778,7,567.4999999999993,3,525.7400000000001,swap,acceptBad
2779,7,567.4999999999993,3,525.7400000000001,swap,notBad
2780,7,567.4999999999993,3,525.7400000000001,swap,notBad
2781,7,567.4999999999993,3,525.7400000000001,swap,notBad
2782,7,567.4999999999993,3,525.7400000000001,2opt,notBad
2783,7,611.7699999999996,3,525.7400000000001,swap,acceptBad
2784,7,594.4599999999994,3,525.7400000000001,move,improve
2785,7,594.4599999999994,3,525.7400000000001,2opt,notBad
2786,7,594.4599999999994,3,525.7400000000001,2opt,notBad
2787,7,594.4599999999994,3,525.7400000000001,2opt,notBad
2788,7,587.0499999999993,3,525.7400000000001,swap,improve
2789,7,587.0499999999993,3,525.7400000000001,swap,notBad
2790,7,603.7999999999997,3,525.7400000000001,swap,acceptBad
2791,7,603.7999999999997,3,525.7400000000001,move,improve
2792,7,596.9899999999997,3,525.7400000000001,move,improve
2793,7,596.9899999999997,3,525.7400000000001,swap,notBad
2794,7,612.6599999999994,3,525.7400000000001,swap,acceptBad
2795,7,612.6599999999994,3,525.7400000000001,2opt,improve
2796,7,609.6699999999996,3,525.7400000000001,move,improve
2797,7,612.1599999999996,3,525.7400000000001,swap,acceptBad
2798,7,612.1599999999996,3,525.7400000000001,2opt,improve
2799,7,608.7399999999996,3,525.7400000000001,move,improve
2800,7,608.7399999999996,3,525.7400000000001,move,improve
2801,7,606.3399999999996,3,525.7400000000001,swap,improve
2802,7,606.3399999999996,3,525.7400000000001,swap,notBad
2803,7,606.3399999999996,3,525.7400000000001,swap,notBad
2804,7,606.3399999999996,3,525.7400000000001,swap,notBad
2805,7,594.3399999999996,3,525.7400000000001,2opt,improve
2806,7,594.3399999999996,3,525.7400000000001,swap,notBad
2807,7,594.3399999999996,3,525.7400000000001,swap,notBad
2808,7,594.3399999999996,3,525.7400000000001,move,improve
2809,7,594.3399999999996,3,525.7400000000001,move,improve
2810,7,594.3399999999996,3,525.7400000000001,move,improve
2811,7,594.3399999999996,3,525.7400000000001,2opt,notBad
2812,7,594.3399999999996,3,525.7400000000001,swap,notBad
2813,7,594.3399999999996,3,525.7400000000001,2opt,notBad
2814,7,587.9199999999996,3,525.7400000000001,move,improve
2815,7,587.9199999999996,3,525.7400000000001,2opt,notBad
2816,7,587.9199999999996,3,525.7400000000001,move,improve
2817,7,587.9199999999996,3,525.7400000000001,2opt,notBad
2818,7,587.9199999999996,3,525.7400000000001,swap,notBad
2819,7,587.9199999999996,3,525.7400000000001,move,improve
2820,7,587.4099999999996,3,525.7400000000001,move,improve
2821,7,587.4099999999996,3,525.7400000000001,move,improve
2822,7,587.4099999999996,3,525.7400000000001,swap,notBad
2823,7,587.4099999999996,3,525.7400000000001,2opt,improve
2824,7,587.4099999999996,3,525.7400000000001,2opt,notBad
2825,7,591.9399999999996,3,525.7400000000001,2opt,acceptBad
2826,7,593.1599999999991,3,525.7400000000001,2opt,acceptBad
2827,7,592.739999999999,3,525.7400000000001,move,improve
2828,7,592.739999999999,3,525.7400000000001,2opt,notBad
2829,7,592.739999999999,3,525.7400000000001,move,improve
2830,7,600.3899999999992,3,525.7400000000001,2opt,acceptBad
2831,7,600.3899999999992,3,525.7400000000001,2opt,notBad
2832,7,600.3899999999992,3,525.7400000000001,2opt,notBad
2833,7,606.0299999999991,3,525.7400000000001,2opt,acceptBad
2834,7,604.049999999999,3,525.7400000000001,move,improve
2835,7,604.049999999999,3,525.7400000000001,swap,notBad
2836,7,592.7699999999991,3,525.7400000000001,move,improve
2837,7,598.1699999999992,3,525.7400000000001,swap,acceptBad
2838,7,598.1699999999992,3,525.7400000000001,2opt,notBad
2839,7,605.0399999999993,3,525.7400000000001,swap,acceptBad
2840,7,605.0399999999993,3,525.7400000000001,move,improve
2841,7,602.4599999999991,3,525.7400000000001,move,improve
2842,7,602.4599999999991,3,525.7400000000001,2opt,notBad
2843,7,581.6599999999994,3,525.7400000000001,move,improve
2844,7,581.6599999999994,3,525.7400000000001,2opt,notBad
2845,7,581.6599999999994,3,525.7400000000001,swap,notBad
2846,7,573.6499999999994,3,525.7400000000001,move,improve
2847,7,616.9799999999999,3,525.7400000000001,swap,acceptBad
2848,7,662.2799999999996,3,525.7400000000001,swap,acceptBad
2849,7,653.6099999999999,3,525.7400000000001,2opt,improve
2850,7,653.6099999999999,3,525.7400000000001,swap,notBad
2851,7,653.6099999999999,3,525.7400000000001,2opt,notBad
2852,7,653.6099999999999,3,525.7400000000001,2opt,notBad
2853,7,626.83,3,525.7400000000001,move,improve
2854,7,626.83,3,525.7400000000001,move,improve
2855,7,626.83,3,525.7400000000001,2opt,notBad
2856,7,626.83,3,525.7400000000001,2opt,notBad
2857,7,632.8400000000004,3,525.7400000000001,swap,acceptBad
2858,7,602.8900000000001,3,525.7400000000001,2opt,improve
2859,7,569.92,3,525.7400000000001,move,improve
2860,7,569.92,3,525.7400000000001,2opt,notBad
2861,7,569.92,3,525.7400000000001,swap,notBad
2862,7,569.92,3,525.7400000000001,swap,notBad
2863,7,569.92,3,525.7400000000001,2opt,notBad
2864,7,561.7999999999998,3,525.7400000000001,move,improve
2865,7,558.9199999999997,3,525.7400000000001,2opt,improve
2866,7,557.9299999999997,3,525.7400000000001,2opt,improve
2867,7,557.9299999999997,3,525.7400000000001,move,improve
2868,7,560.6299999999998,3,525.7400000000001,swap,acceptBad
2869,7,570.31,3,525.7400000000001,swap,acceptBad
2870,7,584.0199999999999,3,525.7400000000001,swap,acceptBad
2871,7,584.0199999999999,3,525.7400000000001,2opt,notBad
2872,7,582.2199999999999,3,525.7400000000001,move,improve
2873,7,594.1299999999999,3,525.7400000000001,swap,acceptBad
2874,7,594.1299999999999,3,525.7400000000001,swap,notBad
2875,7,594.1299999999999,3,525.7400000000001,move,improve
2876,7,594.1299999999999,3,525.7400000000001,move,improve
2877,7,585.5199999999999,3,525.7400000000001,2opt,improve
2878,7,613.6599999999996,3,525.7400000000001,swap,acceptBad
2879,7,613.3599999999997,3,525.7400000000001,move,improve
2880,7,654.43,3,525.7400000000001,swap,acceptBad
2881,7,654.43,3,525.7400000000001,swap,notBad
2882,7,663.64,3,525.7400000000001,swap,acceptBad
2883,7,663.64,3,525.7400000000001,move,improve
2884,7,622.4800000000002,3,525.7400000000001,move,improve
2885,7,622.4800000000002,3,525.7400000000001,move,improve
2886,7,594.69,3,525.7400000000001,move,improve
2887,7,612.5400000000001,3,525.7400000000001,swap,acceptBad
2888,7,612.5400000000001,3,525.7400000000001,2opt,notBad
2889,7,612.5400000000001,3,525.7400000000001,move,improve
2890,7,612.5400000000001,3,525.7400000000001,2opt,notBad
2891,7,612.5400000000001,3,525.7400000000001,2opt,notBad
2892,7,612.5400000000001,3,525.7400000000001,swap,notBad
2893,7,612.5400000000001,3,525.7400000000001,swap,notBad
2894,7,612.5400000000001,3,525.7400000000001,move,improve
2895,7,612.5400000000001,3,525.7400000000001,move,improve
2896,7,619.9200000000001,3,525.7400000000001,swap,acceptBad
2897,7,619.9200000000001,3,525.7400000000001,2opt,notBad
2898,7,621.3299999999999,3,525.7400000000001,2opt,acceptBad
2899,7,613.6800000000001,3,525.7400000000001,2opt,improve
2900,7,613.6800000000001,3,525.7400000000001,move,improve
2901,7,613.6800000000001,3,525.7400000000001,2opt,notBad
2902,7,598.71,3,525.7400000000001,move,improve
2903,7,598.71,3,525.7400000000001,move,improve
2904,7,598.71,3,525.7400000000001,2opt,notBad
2905,7,598.71,3,525.7400000000001,2opt,notBad
2906,7,592.6800000000001,3,525.7400000000001,swap,improve
2907,7,592.6800000000001,3,525.7400000000001,move,improve
2908,7,592.6800000000001,3,525.7400000000001,move,improve
2909,7,592.6800000000001,3,525.7400000000001,move,improve
2910,7,585.1200000000003,3,525.7400000000001,move,improve
2911,7,585.1200000000003,3,525.7400000000001,2opt,notBad
2912,7,578.8799999999998,3,525.7400000000001,move,improve
2913,7,578.8799999999998,3,525.7400000000001,move,improve
2914,7,578.8799999999998,3,525.7400000000001,2opt,improve
2915,7,578.8799999999998,3,525.7400000000001,swap,notBad
2916,7,576.1799999999998,3,525.7400000000001,move,improve
2917,7,576.1799999999998,3,525.7400000000001,move,improve
2918,7,576.1799999999998,3,525.7400000000001,swap,notBad
2919,7,576.1799999999998,3,525.7400000000001,swap,notBad
2920,7,576.1799999999998,3,525.7400000000001,2opt,notBad
2921,7,576.1799999999998,3,525.7400000000001,swap,notBad
2922,7,576.1799999999998,3,525.7400000000001,move,improve
2923,7,574.1399999999996,3,525.7400000000001,2opt,improve
2924,7,570.2399999999997,3,525.7400000000001,swap,improve
2925,7,570.2399999999997,3,525.7400000000001,2opt,notBad
2926,7,570.2399999999997,3,525.7400000000001,2opt,notBad
2927,7,570.2399999999997,3,525.7400000000001,move,improve
2928,7,575.6699999999997,3,525.7400000000001,swap,acceptBad
2929,7,575.6699999999997,3,525.7400000000001,swap,notBad
2930,7,575.2799999999997,3,525.7400000000001,swap,improve
2931,7,575.2799999999997,3,525.7400000000001,2opt,notBad
2932,7,575.2799999999997,3,525.7400000000001,move,improve
2933,7,575.2799999999997,3,525.7400000000001,2opt,notBad
2934,7,575.2799999999997,3,525.7400000000001,2opt,notBad
2935,7,575.2799999999997,3,525.7400000000001,2opt,notBad
2936,7,575.2799999999997,3,525.7400000000001,2opt,improve
2937,7,575.2799999999997,3,525.7400000000001,swap,notBad
2938,7,566.5499999999997,3,525.7400000000001,move,improve
2939,7,579.8999999999997,3,525.7400000000001,swap,acceptBad
2940,7,579.8999999999997,3,525.7400000000001,2opt,notBad
2941,7,579.8999999999997,3,525.7400000000001,2opt,notBad
2942,7,579.8999999999997,3,525.7400000000001,2opt,notBad
2943,7,559.11,3,525.7400000000001,2opt,improve
2944,7,559.11,3,525.7400000000001,2opt,notBad
2945,7,559.11,3,525.7400000000001,swap,notBad
2946,7,553.53,3,525.7400000000001,swap,improve
2947,7,553.53,3,525.7400000000001,move,improve
2948,7,573.7699999999996,3,525.7400000000001,swap,acceptBad
2949,7,573.7699999999996,3,525.7400000000001,2opt,notBad
2950,7,573.7699999999996,3,525.7400000000001,2opt,notBad
2951,7,573.7699999999996,3,525.7400000000001,2opt,notBad
2952,7,573.7699999999996,3,525.7400000000001,move,improve
2953,7,573.7699999999996,3,525.7400000000001,2opt,notBad
2954,7,573.7699999999996,3,525.7400000000001,move,improve
2955,7,553.1299999999997,3,525.7400000000001,move,improve
2956,7,553.1299999999997,3,525.7400000000001,move,improve
2957,7,553.1299999999997,3,525.7400000000001,2opt,notBad
2958,7,553.1299999999997,3,525.7400000000001,2opt,notBad
2959,7,555.0499999999996,3,525.7400000000001,2opt,acceptBad
2960,7,547.6099999999997,3,525.7400000000001,move,improve
2961,7,568.0699999999997,3,525.7400000000001,swap,acceptBad
2962,7,568.0699999999997,3,525.7400000000001,2opt,notBad
2963,7,602.8399999999998,3,525.7400000000001,swap,acceptBad
2964,7,633.8599999999999,3,525.7400000000001,swap,acceptBad
2965,7,618.3199999999995,3,525.7400000000001,swap,improve
2966,7,644.0899999999995,3,525.7400000000001,swap,acceptBad
2967,7,617.0999999999995,3,525.7400000000001,move,improve
2968,7,609.5999999999995,3,525.7400000000001,move,improve
2969,7,609.5999999999995,3,525.7400000000001,swap,notBad
2970,7,609.5999999999995,3,525.7400000000001,2opt,notBad
2971,7,609.5999999999995,3,525.7400000000001,move,improve
2972,7,609.5999999999995,3,525.7400000000001,swap,notBad
2973,7,608.6699999999994,3,525.7400000000001,move,improve
2974,7,608.6699999999994,3,525.7400000000001,swap,notBad
2975,7,608.6699999999994,3,525.7400000000001,move,improve
2976,7,608.6699999999994,3,525.7400000000001,swap,notBad
2977,7,608.6699999999994,3,525.7400000000001,2opt,notBad
2978,7,625.8599999999994,3,525.7400000000001,swap,acceptBad
2979,7,619.2299999999994,3,525.7400000000001,move,improve
2980,7,619.2299999999994,3,525.7400000000001,move,improve
2981,7,610.0799999999995,3,525.7400000000001,move,improve
2982,7,624.5399999999997,3,525.7400000000001,2opt,acceptBad
2983,7,619.9799999999994,3,525.7400000000001,2opt,improve
2984,7,623.0699999999995,3,525.7400000000001,swap,acceptBad
2985,7,613.0199999999995,3,525.7400000000001,2opt,improve
2986,7,613.0199999999995,3,525.7400000000001,swap,notBad
2987,7,613.0199999999995,3,525.7400000000001,2opt,notBad
2988,7,613.0199999999995,3,525.7400000000001,2opt,notBad
2989,7,613.0199999999995,3,525.7400000000001,2opt,notBad
2990,7,613.0199999999995,3,525.7400000000001,move,improve
2991,7,611.3399999999993,3,525.7400000000001,move,improve
2992,7,611.3399999999993,3,525.7400000000001,move,improve
2993,7,609.6899999999994,3,525.7400000000001,move,improve
2994,7,627.3899999999994,3,525.7400000000001,swap,acceptBad
2995,7,644.5499999999993,3,525.7400000000001,swap,acceptBad
2996,7,644.5499999999993,3,525.7400000000001,2opt,notBad
2997,7,644.0699999999995,3,525.7400000000001,2opt,improve
2998,7,630.4499999999996,3,525.7400000000001,move,improve
2999,7,635.0399999999997,3,525.7400000000001,2opt,acceptBad
3000,7,635.0399999999997,3,525.7400000000001,2opt,notBad
3001,7,635.0399999999997,3,525.7400000000001,move,improve
3002,7,635.0399999999997,3,525.7400000000001,move,improve
3003,7,648.6899999999996,3,525.7400000000001,swap,acceptBad
3004,7,648.6899999999996,3,525.7400000000001,swap,notBad
3005,7,648.6899999999996,3,525.7400000000001,move,improve
3006,7,635.6099999999997,3,525.7400000000001,move,improve
3007,7,632.0099999999995,3,525.7400000000001,2opt,improve
3008,7,632.0099999999995,3,525.7400000000001,2opt,notBad
3009,7,632.0099999999995,3,525.7400000000001,move,improve
3010,7,642.7499999999995,3,525.7400000000001,swap,acceptBad
3011,7,634.0799999999995,3,525.7400000000001,swap,improve
3012,7,633.6299999999994,3,525.7400000000001,2opt,improve
3013,7,626.6699999999996,3,525.7400000000001,move,improve
3014,7,626.6699999999996,3,525.7400000000001,move,improve
3015,7,626.6699999999996,3,525.7400000000001,2opt,notBad
3016,7,626.6699999999996,3,525.7400000000001,move,improve
3017,7,616.3499999999996,3,525.7400000000001,2opt,improve
3018,7,618.3899999999995,3,525.7400000000001,swap,acceptBad
3019,7,617.9399999999996,3,525.7400000000001,move,improve
3020,7,617.9399999999996,3,525.7400000000001,2opt,notBad
3021,7,616.6499999999996,3,525.7400000000001,swap,improve
3022,7,607.7099999999996,3,525.7400000000001,swap,improve
3023,7,595.2299999999996,3,525.7400000000001,2opt,improve
3024,7,614.0899999999997,3,525.7400000000001,swap,acceptBad
3025,7,618.9499999999998,3,525.7400000000001,swap,acceptBad
3026,7,618.9499999999998,3,525.7400000000001,swap,notBad
3027,7,613.8799999999999,3,525.7400000000001,move,improve
3028,7,619.1599999999999,3,525.7400000000001,swap,acceptBad
3029,7,624.6799999999998,3,525.7400000000001,2opt,acceptBad
3030,7,641.1199999999999,3,525.7400000000001,swap,acceptBad
3031,7,622.2599999999995,3,525.7400000000001,move,improve
3032,7,614.1599999999995,3,525.7400000000001,move,improve
3033,7,611.7599999999995,3,525.7400000000001,swap,improve
3034,7,611.7599999999995,3,525.7400000000001,swap,notBad
3035,7,614.6399999999995,3,525.7400000000001,2opt,acceptBad
3036,7,609.8999999999996,3,525.7400000000001,swap,improve
3037,7,609.8999999999996,3,525.7400000000001,2opt,notBad
3038,7,605.2499999999995,3,525.7400000000001,2opt,improve
3039,7,605.2499999999995,3,525.7400000000001,2opt,notBad
3040,7,610.1399999999996,3,525.7400000000001,swap,acceptBad
3041,7,610.1399999999996,3,525.7400000000001,2opt,notBad
3042,7,606.8999999999996,3,525.7400000000001,move,improve
3043,7,606.8999999999996,3,525.7400000000001,2opt,notBad
3044,7,606.8999999999996,3,525.7400000000001,2opt,improve
3045,7,606.8999999999996,3,525.7400000000001,move,improve
3046,7,600.4499999999996,3,525.7400000000001,2opt,improve
3047,7,600.4499999999996,3,525.7400000000001,2opt,notBad
3048,7,595.5899999999995,3,525.7400000000001,2opt,improve
3049,7,595.5899999999995,3,525.7400000000001,swap,notBad
3050,7,589.7099999999996,3,525.7400000000001,2opt,improve
3051,7,599.8499999999996,3,525.7400000000001,swap,acceptBad
3052,7,599.8499999999996,3,525.7400000000001,2opt,improve
3053,7,599.8499999999996,3,525.7400000000001,move,improve
3054,7,596.3399999999995,3,525.7400000000001,move,improve
3055,7,596.3399999999995,3,525.7400000000001,move,improve
3056,7,596.3399999999995,3,525.7400000000001,move,improve
3057,7,596.3399999999995,3,525.7400000000001,move,improve
3058,7,596.3399999999995,3,525.7400000000001,move,improve
3059,7,595.8899999999995,3,525.7400000000001,2opt,improve
3060,7,595.8899999999995,3,525.7400000000001,swap,notBad
3061,7,595.8899999999995,3,525.7400000000001,move,improve
3062,7,590.3699999999994,3,525.7400000000001,move,improve
3063,7,590.3699999999994,3,525.7400000000001,move,improve
3064,7,592.1699999999995,3,525.7400000000001,2opt,acceptBad
3065,7,592.1699999999995,3,525.7400000000001,2opt,notBad
3066,7,592.1699999999995,3,525.7400000000001,move,improve
3067,7,587.4299999999996,3,525.7400000000001,swap,improve
3068,7,587.4299999999996,3,525.7400000000001,2opt,notBad
3069,7,589.2599999999995,3,525.7400000000001,swap,acceptBad
3070,7,579.0899999999995,3,525.7400000000001,2opt,improve
3071,7,579.4499999999994,3,525.7400000000001,swap,acceptBad
3072,7,594.1399999999996,3,525.7400000000001,swap,acceptBad
3073,7,615.1399999999998,3,525.7400000000001,swap,acceptBad
3074,7,615.1399999999998,3,525.7400000000001,2opt,notBad
3075,7,615.1399999999998,3,525.7400000000001,2opt,notBad
3076,7,615.1399999999998,3,525.7400000000001,2opt,improve
3077,7,617.2099999999997,3,525.7400000000001,swap,acceptBad
3078,7,616.8799999999997,3,525.7400000000001,move,improve
3079,7,616.8799999999997,3,525.7400000000001,2opt,notBad
3080,7,616.8799999999997,3,525.7400000000001,move,improve
3081,7,616.6699999999997,3,525.7400000000001,move,improve
3082,7,620.7799999999996,3,525.7400000000001,swap,acceptBad
3083,7,616.2199999999997,3,525.7400000000001,move,improve
3084,7,616.2199999999997,3,525.7400000000001,move,improve
3085,7,604.8499999999997,3,525.7400000000001,move,improve
3086,7,607.13,3,525.7400000000001,2opt,acceptBad
3087,7,607.13,3,525.7400000000001,2opt,notBad
3088,7,607.13,3,525.7400000000001,swap,notBad
3089,7,619.9399999999999,3,525.7400000000001,swap,acceptBad
3090,7,619.9399999999999,3,525.7400000000001,swap,notBad
3091,7,618.1999999999999,3,525.7400000000001,swap,improve
3092,7,618.1999999999999,3,525.7400000000001,2opt,notBad
3093,7,617.81,3,525.7400000000001,move,improve
3094,7,617.81,3,525.7400000000001,2opt,improve
3095,7,604.4299999999998,3,525.7400000000001,move,improve
3096,7,603.3499999999998,3,525.7400000000001,2opt,improve
3097,7,595.5799999999998,3,525.7400000000001,move,improve
3098,7,595.5799999999998,3,525.7400000000001,2opt,notBad
3099,7,595.5799999999998,3,525.7400000000001,2opt,notBad
3100,7,585.7699999999999,3,525.7400000000001,swap,improve
3101,7,585.7699999999999,3,525.7400000000001,move,improve
3102,7,585.7699999999999,3,525.7400000000001,swap,notBad
3103,7,585.7699999999999,3,525.7400000000001,swap,notBad
3104,7,585.7699999999999,3,525.7400000000001,2opt,notBad
3105,7,585.7699999999999,3,525.7400000000001,move,improve
3106,7,586.3399999999999,3,525.7400000000001,2opt,acceptBad
3107,7,586.3399999999999,3,525.7400000000001,move,improve
3108,7,594.7500000000002,3,525.7400000000001,swap,acceptBad
3109,7,594.7500000000002,3,525.7400000000001,move,improve
3110,7,600.0900000000001,3,525.7400000000001,swap,acceptBad
3111,7,599.4300000000002,3,525.7400000000001,move,improve
3112,7,599.4300000000002,3,525.7400000000001,swap,notBad
3113,7,604.7700000000002,3,525.7400000000001,swap,acceptBad
3114,7,604.6800000000003,3,525.7400000000001,swap,improve
3115,7,604.6800000000003,3,525.7400000000001,2opt,improve
3116,7,599.1000000000004,3,525.7400000000001,2opt,improve
3117,7,594.0000000000002,3,525.7400000000001,move,improve
3118,7,600.7500000000002,3,525.7400000000001,swap,acceptBad
3119,7,606.9300000000003,3,525.7400000000001,2opt,acceptBad
3120,7,614.3400000000001,3,525.7400000000001,2opt,acceptBad
3121,7,614.3400000000001,3,525.7400000000001,move,improve
3122,7,624.8700000000001,3,525.7400000000001,swap,acceptBad
3123,7,624.8700000000001,3,525.7400000000001,2opt,notBad
3124,7,620.7300000000001,3,525.7400000000001,move,improve
3125,7,609.96,3,525.7400000000001,move,improve
3126,7,597.6199999999998,3,525.7400000000001,move,improve
3127,7,597.6199999999998,3,525.7400000000001,2opt,notBad
3128,7,605.4499999999998,3,525.7400000000001,swap,acceptBad
3129,7,605.4499999999998,3,525.7400000000001,swap,notBad
3130,7,605.4499999999998,3,525.7400000000001,move,improve
3131,7,605.4499999999998,3,525.7400000000001,2opt,notBad
3132,7,610.3399999999998,3,525.7400000000001,swap,acceptBad
3133,7,615.2899999999998,3,525.7400000000001,2opt,acceptBad
3134,7,615.2899999999998,3,525.7400000000001,2opt,notBad
3135,7,599.8999999999997,3,525.7400000000001,move,improve
3136,7,599.8999999999997,3,525.7400000000001,swap,notBad
3137,7,599.8999999999997,3,525.7400000000001,2opt,improve
3138,7,620.6500000000001,3,525.7400000000001,swap,acceptBad
3139,7,620.6500000000001,3,525.7400000000001,swap,notBad
3140,7,624.9100000000002,3,525.7400000000001,swap,acceptBad
3141,7,624.9100000000002,3,525.7400000000001,2opt,notBad
3142,7,631.2700000000001,3,525.7400000000001,swap,acceptBad
3143,7,626.5300000000002,3,525.7400000000001,swap,improve
3144,7,626.5300000000002,3,525.7400000000001,move,improve
3145,7,632.2900000000002,3,525.7400000000001,swap,acceptBad
3146,7,632.2900000000002,3,525.7400000000001,2opt,notBad
3147,7,615.4699999999998,3,525.7400000000001,move,improve
3148,7,615.4699999999998,3,525.7400000000001,move,improve
3149,7,615.4699999999998,3,525.7400000000001,swap,notBad
3150,7,615.4699999999998,3,525.7400000000001,swap,notBad
3151,7,615.4699999999998,3,525.7400000000001,swap,notBad
3152,7,615.4699999999998,3,525.7400000000001,swap,notBad
3153,7,612.8599999999999,3,525.7400000000001,swap,improve
3154,7,612.8599999999999,3,525.7400000000001,2opt,notBad
3155,7,612.8599999999999,3,525.7400000000001,move,improve
3156,7,612.8599999999999,3,525.7400000000001,swap,notBad
3157,7,612.8599999999999,3,525.7400000000001,2opt,notBad
3158,7,612.8599999999999,3,525.7400000000001,2opt,notBad
3159,7,602.3299999999997,3,525.7400000000001,swap,improve
3160,7,601.6999999999998,3,525.7400000000001,move,improve
3161,7,601.4299999999998,3,525.7400000000001,move,improve
3162,7,606.7099999999998,3,525.7400000000001,swap,acceptBad
3163,7,606.7099999999998,3,525.7400000000001,swap,notBad
3164,7,606.7099999999998,3,525.7400000000001,swap,notBad
3165,7,606.3799999999998,3,525.7400000000001,move,improve
3166,7,606.3799999999998,3,525.7400000000001,move,improve
3167,7,602.8699999999998,3,525.7400000000001,move,improve
3168,7,627.1699999999998,3,525.7400000000001,swap,acceptBad
3169,7,630.9199999999998,3,525.7400000000001,swap,acceptBad
3170,7,610.0699999999998,3,525.7400000000001,move,improve
3171,7,611.88,3,525.7400000000001,swap,acceptBad
3172,7,610.2599999999999,3,525.7400000000001,2opt,improve
3173,7,598.05,3,525.7400000000001,move,improve
3174,7,595.0699999999997,3,525.7400000000001,move,improve
3175,7,595.0699999999997,3,525.7400000000001,2opt,notBad
3176,7,585.7999999999998,3,525.7400000000001,2opt,improve
3177,7,580.2799999999999,3,525.7400000000001,move,improve
3178,7,577.64,3,525.7400000000001,2opt,improve
3179,7,587.36,3,525.7400000000001,swap,acceptBad
3180,7,587.36,3,525.7400000000001,2opt,notBad
3181,7,596.81,3,525.7400000000001,swap,acceptBad
3182,7,597.0499999999997,3,525.7400000000001,2opt,acceptBad
3183,7,597.0499999999997,3,525.7400000000001,swap,notBad
3184,7,604.0699999999998,3,525.7400000000001,swap,acceptBad
3185,7,587.2099999999998,3,525.7400000000001,swap,improve
3186,7,587.2099999999998,3,525.7400000000001,move,improve
3187,7,587.2099999999998,3,525.7400000000001,swap,notBad
3188,7,587.2099999999998,3,525.7400000000001,2opt,notBad
3189,7,588.4999999999998,3,525.7400000000001,swap,acceptBad
3190,7,611.2699999999998,3,525.7400000000001,swap,acceptBad
3191,7,611.2699999999998,3,525.7400000000001,2opt,notBad
3192,7,611.2699999999998,3,525.7400000000001,2opt,notBad
3193,7,609.5299999999997,3,525.7400000000001,move,improve
3194,7,619.7299999999999,3,525.7400000000001,2opt,acceptBad
3195,7,628.9699999999999,3,525.7400000000001,swap,acceptBad
3196,7,628.9699999999999,3,525.7400000000001,2opt,notBad
3197,7,621.1099999999999,3,525.7400000000001,move,improve
3198,7,621.1099999999999,3,525.7400000000001,move,improve
3199,7,621.1099999999999,3,525.7400000000001,2opt,notBad
3200,7,621.1099999999999,3,525.7400000000001,2opt,notBad
3201,7,631.91,3,525.7400000000001,swap,acceptBad
3202,7,631.91,3,525.7400000000001,swap,notBad
3203,7,638.4199999999998,3,525.7400000000001,swap,acceptBad
3204,7,638.4199999999998,3,525.7400000000001,swap,notBad
3205,7,637.5199999999999,3,525.7400000000001,move,improve
3206,7,637.5199999999999,3,525.7400000000001,2opt,notBad
3207,7,637.5199999999999,3,525.7400000000001,2opt,improve
3208,7,634.9099999999999,3,525.7400000000001,move,improve
3209,7,634.9099999999999,3,525.7400000000001,move,improve
3210,7,634.9099999999999,3,525.7400000000001,move,improve
3211,7,637.9699999999999,3,525.7400000000001,2opt,acceptBad
3212,7,636.8299999999997,3,525.7400000000001,2opt,improve
3213,7,637.2799999999997,3,525.7400000000001,swap,acceptBad
3214,7,637.2799999999997,3,525.7400000000001,swap,notBad
3215,7,637.2799999999997,3,525.7400000000001,swap,notBad
3216,7,642.5899999999997,3,525.7400000000001,swap,acceptBad
3217,7,642.3199999999997,3,525.7400000000001,swap,improve
3218,7,642.3199999999997,3,525.7400000000001,swap,notBad
3219,7,642.3199999999997,3,525.7400000000001,move,improve
3220,7,642.3199999999997,3,525.7400000000001,swap,notBad
3221,7,642.3199999999997,3,525.7400000000001,2opt,notBad
3222,7,629.9599999999998,3,525.7400000000001,move,improve
3223,7,629.9599999999998,3,525.7400000000001,swap,notBad
3224,7,629.9599999999998,3,525.7400000000001,swap,notBad
3225,7,629.9599999999998,3,525.7400000000001,2opt,notBad
3226,7,629.9599999999998,3,525.7400000000001,2opt,notBad
3227,7,629.9599999999998,3,525.7400000000001,move,improve
3228,7,624.4399999999997,3,525.7400000000001,move,improve
3229,7,598.6399999999998,3,525.7400000000001,move,improve
3230,7,598.6399999999998,3,525.7400000000001,swap,notBad
3231,7,598.6399999999998,3,525.7400000000001,move,improve
3232,7,601.9999999999999,3,525.7400000000001,2opt,acceptBad
3233,7,601.9999999999999,3,525.7400000000001,2opt,notBad
3234,7,601.9999999999999,3,525.7400000000001,move,improve
3235,7,599.6599999999997,3,525.7400000000001,move,improve
3236,7,601.9699999999997,3,525.7400000000001,swap,acceptBad
3237,7,606.0799999999997,3,525.7400000000001,swap,acceptBad
3238,7,603.1099999999997,3,525.7400000000001,move,improve
3239,7,598.6399999999999,3,525.7400000000001,2opt,improve
3240,7,595.0399999999998,3,525.7400000000001,move,improve
3241,7,595.0399999999998,3,525.7400000000001,swap,notBad
3242,7,595.0399999999998,3,525.7400000000001,2opt,notBad
3243,7,595.0399999999998,3,525.7400000000001,swap,notBad
3244,7,597.4099999999997,3,525.7400000000001,2opt,acceptBad
3245,7,597.4099999999997,3,525.7400000000001,swap,notBad
3246,7,597.4099999999997,3,525.7400000000001,swap,notBad
3247,7,597.4099999999997,3,525.7400000000001,swap,notBad
3248,7,597.4699999999997,3,525.7400000000001,swap,acceptBad
3249,7,597.4699999999997,3,525.7400000000001,move,improve
3250,7,597.4699999999997,3,525.7400000000001,move,improve
3251,7,597.4699999999997,3,525.7400000000001,swap,notBad
3252,7,608.6899999999997,3,525.7400000000001,swap,acceptBad
3253,7,608.6899999999997,3,525.7400000000001,2opt,notBad
3254,7,608.6899999999997,3,525.7400000000001,move,improve
3255,7,608.6899999999997,3,525.7400000000001,swap,notBad
3256,7,608.4199999999997,3,525.7400000000001,move,improve
3257,7,618.4099999999997,3,525.7400000000001,swap,acceptBad
3258,7,601.7299999999998,3,525.7400000000001,move,improve
3259,7,592.5499999999997,3,525.7400000000001,2opt,improve
3260,7,592.5499999999997,3,525.7400000000001,swap,notBad
3261,7,603.6199999999997,3,525.7400000000001,swap,acceptBad
3262,7,603.6199999999997,3,525.7400000000001,swap,notBad
3263,7,603.6199999999997,3,525.7400000000001,2opt,notBad
3264,7,603.6199999999997,3,525.7400000000001,2opt,notBad
3265,7,606.9799999999998,3,525.7400000000001,swap,acceptBad
3266,7,615.99,3,525.7400000000001,swap,acceptBad
3267,7,615.99,3,525.7400000000001,2opt,notBad
3268,7,615.99,3,525.7400000000001,2opt,notBad
3269,7,615.99,3,525.7400000000001,2opt,improve
3270,7,615.99,3,525.7400000000001,2opt,notBad
3271,7,614.9100000000001,3,525.7400000000001,move,improve
3272,7,614.9100000000001,3,525.7400000000001,swap,notBad
3273,7,614.9100000000001,3,525.7400000000001,2opt,improve
3274,7,620.49,3,525.7400000000001,swap,acceptBad
3275,7,620.49,3,525.7400000000001,2opt,notBad
3276,7,620.49,3,525.7400000000001,swap,notBad
3277,7,620.04,3,525.7400000000001,move,improve
3278,7,619.2,3,525.7400000000001,move,improve
3279,7,617.49,3,525.7400000000001,move,improve
3280,7,611.0899999999997,3,525.7400000000001,move,improve
3281,7,603.5299999999996,3,525.7400000000001,move,improve
3282,7,603.5299999999996,3,525.7400000000001,2opt,notBad
3283,7,623.5399999999997,3,525.7400000000001,swap,acceptBad
3284,7,623.5399999999997,3,525.7400000000001,move,improve
3285,7,623.5399999999997,3,525.7400000000001,move,notBad
3286,7,623.5399999999997,3,525.7400000000001,move,improve
3287,7,621.6799999999997,3,525.7400000000001,move,improve
3288,7,621.6799999999997,3,525.7400000000001,2opt,notBad
3289,7,598.8799999999998,3,525.7400000000001,move,improve
3290,7,598.8799999999998,3,525.7400000000001,swap,notBad
3291,7,593.1199999999998,3,525.7400000000001,move,improve
3292,7,592.7899999999997,3,525.7400000000001,swap,improve
3293,7,592.7899999999997,3,525.7400000000001,move,improve
3294,7,582.6799999999998,3,525.7400000000001,2opt,improve
3295,7,582.6799999999998,3,525.7400000000001,swap,notBad
3296,7,582.6799999999998,3,525.7400000000001,move,notBad
3297,7,582.6799999999998,3,525.7400000000001,swap,notBad
3298,7,582.6499999999999,3,525.7400000000001,move,improve
3299,7,582.6499999999999,3,525.7400000000001,2opt,notBad
3300,7,585.6799999999998,3,525.7400000000001,swap,acceptBad
3301,7,585.6799999999998,3,525.7400000000001,2opt,improve
3302,7,585.6799999999998,3,525.7400000000001,2opt,notBad
3303,7,585.6799999999998,3,525.7400000000001,move,improve
3304,7,585.6799999999998,3,525.7400000000001,swap,notBad
3305,7,578.0899999999998,3,525.7400000000001,swap,improve
3306,7,582.6499999999999,3,525.7400000000001,swap,acceptBad
3307,7,595.2699999999999,3,525.7400000000001,swap,acceptBad
3308,7,668.5700000000002,3,525.7400000000001,move,acceptBad
3309,7,668.5700000000002,3,525.7400000000001,move,improve
3310,7,668.5700000000002,3,525.7400000000001,move,improve
3311,7,668.5700000000002,3,525.7400000000001,move,improve
3312,7,668.5700000000002,3,525.7400000000001,swap,notBad
3313,7,668.9300000000001,3,525.7400000000001,2opt,acceptBad
3314,7,668.9300000000001,3,525.7400000000001,2opt,notBad
3315,7,668.2700000000001,3,525.7400000000001,swap,improve
3316,7,668.7500000000001,3,525.7400000000001,swap,acceptBad
3317,7,668.7500000000001,3,525.7400000000001,2opt,notBad
3318,7,668.7500000000001,3,525.7400000000001,swap,notBad
3319,7,668.7500000000001,3,525.7400000000001,2opt,notBad
3320,7,671.5400000000002,3,525.7400000000001,swap,acceptBad
3321,7,612.0800000000003,3,525.7400000000001,move,improve
3322,7,611.8700000000002,3,525.7400000000001,move,improve
3323,7,611.7800000000003,3,525.7400000000001,swap,improve
3324,7,611.7800000000003,3,525.7400000000001,2opt,notBad
3325,7,615.6500000000002,3,525.7400000000001,swap,acceptBad
3326,7,615.6500000000002,3,525.7400000000001,2opt,notBad
3327,7,615.6500000000002,3,525.7400000000001,2opt,notBad
3328,7,615.6500000000002,3,525.7400000000001,move,improve
3329,7,621.1100000000002,3,525.7400000000001,swap,acceptBad
3330,7,614.7800000000003,3,525.7400000000001,2opt,improve
3331,7,600.5900000000003,3,525.7400000000001,2opt,improve
3332,7,600.5900000000003,3,525.7400000000001,2opt,notBad
3333,7,590.6300000000003,3,525.7400000000001,move,improve
3334,7,597.4400000000003,3,525.7400000000001,swap,acceptBad
3335,7,597.4400000000003,3,525.7400000000001,move,improve
3336,7,597.4400000000003,3,525.7400000000001,swap,notBad
3337,7,597.5600000000003,3,525.7400000000001,2opt,acceptBad
3338,7,596.7500000000003,3,525.7400000000001,move,improve
3339,7,592.7300000000004,3,525.7400000000001,move,improve
3340,7,593.9600000000004,3,525.7400000000001,swap,acceptBad
3341,7,592.5200000000003,3,525.7400000000001,move,improve
3342,7,592.5200000000003,3,525.7400000000001,2opt,notBad
3343,7,592.5200000000003,3,525.7400000000001,swap,notBad
3344,7,588.6500000000003,3,525.7400000000001,move,improve
3345,7,588.6500000000003,3,525.7400000000001,move,improve
3346,7,588.6500000000003,3,525.7400000000001,move,improve
3347,7,588.6500000000003,3,525.7400000000001,swap,notBad
3348,7,583.3400000000004,3,525.7400000000001,move,improve
3349,7,581.7500000000002,3,525.7400000000001,move,improve
3350,7,581.9300000000003,3,525.7400000000001,2opt,acceptBad
3351,7,581.9300000000003,3,525.7400000000001,2opt,notBad
3352,7,581.9300000000003,3,525.7400000000001,2opt,notBad
3353,7,581.9300000000003,3,525.7400000000001,move,improve
3354,7,572.1699999999998,3,525.7400000000001,move,improve
3355,7,572.1699999999998,3,525.7400000000001,2opt,improve
3356,7,572.1699999999998,3,525.7400000000001,move,improve
3357,7,572.9799999999999,3,525.7400000000001,2opt,acceptBad
3358,7,572.9799999999999,3,525.7400000000001,2opt,notBad
3359,7,572.9799999999999,3,525.7400000000001,2opt,notBad
3360,7,572.9799999999999,3,525.7400000000001,2opt,improve
3361,7,572.9799999999999,3,525.7400000000001,2opt,notBad
3362,7,574.8699999999999,3,525.7400000000001,2opt,acceptBad
3363,7,573.2199999999998,3,525.7400000000001,move,improve
3364,7,580.3500000000003,3,525.7400000000001,swap,acceptBad
3365,7,583.0500000000002,3,525.7400000000001,swap,acceptBad
3366,7,583.0500000000002,3,525.7400000000001,swap,notBad
3367,7,583.0500000000002,3,525.7400000000001,swap,notBad
3368,7,558.8200000000005,3,525.7400000000001,move,improve
3369,7,558.8200000000005,3,525.7400000000001,move,improve
3370,7,554.5600000000005,3,525.7400000000001,move,improve
3371,7,554.5600000000005,3,525.7400000000001,swap,notBad
3372,7,563.6200000000006,3,525.7400000000001,swap,acceptBad
3373,7,574.6000000000005,3,525.7400000000001,swap,acceptBad
3374,7,573.2500000000005,3,525.7400000000001,move,improve
3375,7,573.2500000000005,3,525.7400000000001,swap,notBad
3376,7,573.2500000000005,3,525.7400000000001,2opt,notBad
3377,7,573.2500000000005,3,525.7400000000001,swap,notBad
3378,7,573.2500000000005,3,525.7400000000001,2opt,notBad
3379,7,563.9500000000005,3,525.7400000000001,2opt,improve
3380,7,568.4800000000006,3,525.7400000000001,swap,acceptBad
3381,7,563.9200000000005,3,525.7400000000001,swap,improve
3382,7,563.9200000000005,3,525.7400000000001,2opt,notBad
3383,7,575.7400000000006,3,525.7400000000001,swap,acceptBad
3384,7,575.7400000000006,3,525.7400000000001,move,improve
3385,7,575.7400000000006,3,525.7400000000001,move,improve
3386,7,575.7400000000006,3,525.7400000000001,2opt,notBad
3387,7,575.7400000000006,3,525.7400000000001,2opt,notBad
3388,7,589.3300000000005,3,525.7400000000001,swap,acceptBad
3389,7,589.3300000000005,3,525.7400000000001,2opt,notBad
3390,7,589.3300000000005,3,525.7400000000001,swap,notBad
3391,7,589.3300000000005,3,525.7400000000001,move,improve
3392,7,589.3300000000005,3,525.7400000000001,move,improve
3393,7,589.3300000000005,3,525.7400000000001,2opt,notBad
3394,7,607.4800000000006,3,525.7400000000001,swap,acceptBad
3395,7,607.4800000000006,3,525.7400000000001,swap,notBad
3396,7,607.4800000000006,3,525.7400000000001,2opt,improve
3397,7,603.7300000000005,3,525.7400000000001,2opt,improve
3398,7,603.7300000000005,3,525.7400000000001,move,improve
3399,7,603.7300000000005,3,525.7400000000001,move,improve
3400,7,603.7300000000005,3,525.7400000000001,move,improve
3401,7,607.4800000000006,3,525.7400000000001,2opt,acceptBad
3402,7,607.4800000000006,3,525.7400000000001,move,improve
3403,7,588.5500000000005,3,525.7400000000001,move,improve
3404,7,588.5500000000005,3,525.7400000000001,swap,notBad
3405,7,588.5500000000005,3,525.7400000000001,move,improve
3406,7,583.9600000000005,3,525.7400000000001,move,improve
3407,7,583.9600000000005,3,525.7400000000001,2opt,improve
3408,7,583.9600000000005,3,525.7400000000001,move,improve
3409,7,583.9600000000005,3,525.7400000000001,2opt,notBad
3410,7,583.9600000000005,3,525.7400000000001,move,improve
3411,7,583.9600000000005,3,525.7400000000001,2opt,notBad
3412,7,583.9600000000005,3,525.7400000000001,2opt,notBad
3413,7,593.5600000000005,3,525.7400000000001,swap,acceptBad
3414,7,593.5600000000005,3,525.7400000000001,2opt,notBad
3415,7,593.5600000000005,3,525.7400000000001,swap,notBad
3416,7,579.0600000000005,3,525.7400000000001,move,improve
3417,7,577.1400000000004,3,525.7400000000001,move,improve
3418,7,577.1400000000004,3,525.7400000000001,move,improve
3419,7,577.1400000000004,3,525.7400000000001,swap,notBad
3420,7,577.1400000000004,3,525.7400000000001,swap,notBad
3421,7,587.1600000000005,3,525.7400000000001,swap,acceptBad
3422,7,587.1600000000005,3,525.7400000000001,move,improve
3423,7,573.8100000000005,3,525.7400000000001,move,improve
3424,7,573.1200000000006,3,525.7400000000001,move,improve
3425,7,572.7900000000005,3,525.7400000000001,move,improve
3426,7,572.7900000000005,3,525.7400000000001,move,improve
3427,7,572.7900000000005,3,525.7400000000001,move,improve
3428,7,572.7900000000005,3,525.7400000000001,move,improve
3429,7,574.5000000000005,3,525.7400000000001,2opt,acceptBad
3430,7,574.5000000000005,3,525.7400000000001,move,improve
3431,7,569.9400000000004,3,525.7400000000001,swap,improve
3432,7,569.9400000000004,3,525.7400000000001,2opt,notBad
3433,7,569.9400000000004,3,525.7400000000001,2opt,notBad
3434,7,575.5200000000004,3,525.7400000000001,swap,acceptBad
3435,7,562.8000000000005,3,525.7400000000001,move,improve
3436,7,562.3200000000005,3,525.7400000000001,swap,improve
3437,7,562.3200000000005,3,525.7400000000001,2opt,notBad
3438,7,562.3200000000005,3,525.7400000000001,2opt,notBad
3439,7,562.3200000000005,3,525.7400000000001,2opt,notBad
3440,7,562.3200000000005,3,525.7400000000001,swap,notBad
3441,7,562.3200000000005,3,525.7400000000001,move,improve
3442,7,562.3200000000005,3,525.7400000000001,2opt,notBad
3443,7,578.5200000000004,3,525.7400000000001,swap,acceptBad
3444,7,578.5200000000004,3,525.7400000000001,move,improve
3445,7,578.5200000000004,3,525.7400000000001,2opt,notBad
3446,7,575.7600000000003,3,525.7400000000001,2opt,improve
3447,7,575.7600000000003,3,525.7400000000001,2opt,notBad
3448,7,568.6800000000003,3,525.7400000000001,move,improve
3449,7,568.6800000000003,3,525.7400000000001,swap,notBad
3450,7,568.6800000000003,3,525.7400000000001,2opt,notBad
3451,7,555.0300000000003,3,525.7400000000001,move,improve
3452,7,555.0300000000003,3,525.7400000000001,2opt,notBad
3453,7,555.0300000000003,3,525.7400000000001,swap,notBad
3454,7,557.2500000000003,3,525.7400000000001,swap,acceptBad
3455,7,557.2500000000003,3,525.7400000000001,2opt,notBad
3456,7,542.6400000000003,3,525.7400000000001,move,improve
3457,7,542.6400000000003,3,525.7400000000001,move,improve
3458,7,537.2100000000005,3,525.7400000000001,2opt,improve
3459,7,531.9900000000005,3,525.7400000000001,move,improve
3460,7,531.9900000000005,3,525.7400000000001,2opt,notBad
3461,7,531.9900000000005,3,525.7400000000001,2opt,improve
3462,7,531.9900000000005,3,525.7400000000001,2opt,notBad
3463,7,531.9900000000005,3,525.7400000000001,swap,notBad
3464,7,531.9900000000005,3,525.7400000000001,swap,notBad
3465,7,531.9900000000005,3,525.7400000000001,2opt,improve
3466,7,531.9900000000005,3,525.7400000000001,move,improve
3467,7,541.3200000000005,3,525.7400000000001,swap,acceptBad
3468,7,541.3200000000005,3,525.7400000000001,2opt,notBad
3469,7,541.3200000000005,3,525.7400000000001,move,improve
3470,7,538.9200000000005,3,525.7400000000001,2opt,improve
3471,7,538.9200000000005,3,525.7400000000001,2opt,notBad
3472,7,538.9200000000005,3,525.7400000000001,2opt,notBad
3473,7,538.9200000000005,3,525.7400000000001,move,improve
3474,7,538.9200000000005,3,525.7400000000001,move,improve
3475,7,538.9200000000005,3,525.7400000000001,swap,notBad
3476,7,538.9200000000005,3,525.7400000000001,swap,notBad
3477,7,538.9200000000005,3,525.7400000000001,2opt,improve
3478,7,538.9200000000005,3,525.7400000000001,move,improve
3479,7,538.9200000000005,3,525.7400000000001,swap,notBad
3480,7,538.9200000000005,3,525.7400000000001,swap,notBad
3481,7,527.7000000000006,3,525.7400000000001,move,improve
3482,7,537.6000000000005,3,525.7400000000001,swap,acceptBad
3483,7,537.6000000000005,3,525.7400000000001,swap,notBad
3484,7,547.5600000000004,3,525.7400000000001,swap,acceptBad
3485,7,547.5600000000004,3,525.7400000000001,move,improve
3486,7,547.5600000000004,3,525.7400000000001,move,improve
3487,7,544.1700000000003,3,525.7400000000001,move,improve
3488,7,550.0200000000003,3,525.7400000000001,swap,acceptBad
3489,7,550.0200000000003,3,525.7400000000001,move,improve
3490,7,550.0200000000003,3,525.7400000000001,2opt,notBad
3491,7,550.0200000000003,3,525.7400000000001,swap,notBad
3492,7,550.0200000000003,3,525.7400000000001,swap,notBad
3493,7,560.7600000000003,3,525.7400000000001,swap,acceptBad
3494,7,560.7600000000003,3,525.7400000000001,2opt,notBad
3495,7,554.1600000000003,3,525.7400000000001,move,improve
3496,7,554.1600000000003,3,525.7400000000001,2opt,notBad
3497,7,548.9700000000004,3,525.7400000000001,swap,improve
3498,7,548.9700000000004,3,525.7400000000001,swap,notBad
3499,7,548.9700000000004,3,525.7400000000001,2opt,notBad
3500,7,548.9700000000004,3,525.7400000000001,2opt,notBad
3501,7,547.9500000000004,3,525.7400000000001,move,improve
3502,7,547.9500000000004,3,525.7400000000001,2opt,improve
3503,7,547.9500000000004,3,525.7400000000001,2opt,notBad
3504,7,539.7000000000004,3,525.7400000000001,swap,improve
3505,7,539.7000000000004,3,525.7400000000001,swap,notBad
3506,7,539.7000000000004,3,525.7400000000001,move,improve
3507,7,539.7000000000004,3,525.7400000000001,swap,notBad
3508,7,539.7000000000004,3,525.7400000000001,2opt,notBad
3509,7,538.3500000000004,3,525.7400000000001,move,improve
3510,7,538.3500000000004,3,525.7400000000001,2opt,notBad
3511,7,538.3500000000004,3,525.7400000000001,swap,notBad
3512,7,538.3500000000004,3,525.7400000000001,2opt,notBad
3513,7,538.3500000000004,3,525.7400000000001,swap,notBad
3514,7,537.1999999999999,3,525.7400000000001,move,improve
3515,7,537.1999999999999,3,525.7400000000001,2opt,notBad
3516,7,537.1999999999999,3,525.7400000000001,swap,notBad
3517,7,537.1999999999999,3,525.7400000000001,2opt,notBad
3518,7,537.1999999999999,3,525.7400000000001,swap,notBad
3519,7,538.3999999999999,3,525.7400000000001,swap,acceptBad
3520,7,535.4299999999998,3,525.7400000000001,move,improve
3521,7,535.4299999999998,3,525.7400000000001,2opt,notBad
3522,7,535.4299999999998,3,525.7400000000001,2opt,notBad
3523,7,549.54,3,525.7400000000001,swap,acceptBad
3524,7,546.5699999999999,3,525.7400000000001,move,improve
3525,7,546.5699999999999,3,525.7400000000001,swap,notBad
3526,7,546.5699999999999,3,525.7400000000001,move,improve
3527,7,542.8199999999998,3,525.7400000000001,move,improve
3528,7,537.8999999999997,3,525.7400000000001,move,improve
3529,7,548.0099999999998,3,525.7400000000001,swap,acceptBad
3530,7,548.0099999999998,3,525.7400000000001,2opt,notBad
3531,7,541.9799999999998,3,525.7400000000001,move,improve
3532,7,541.9799999999998,3,525.7400000000001,swap,notBad
3533,7,541.0199999999999,3,525.7400000000001,2opt,improve
3534,7,541.0199999999999,3,525.7400000000001,2opt,notBad
3535,7,541.0199999999999,3,525.7400000000001,2opt,notBad
3536,7,541.0199999999999,3,525.7400000000001,swap,notBad
3537,7,541.0199999999999,3,525.7400000000001,move,improve
3538,7,541.0199999999999,3,525.7400000000001,2opt,notBad
3539,7,541.0199999999999,3,525.7400000000001,2opt,notBad
3540,7,544.7699999999995,3,525.7400000000001,2opt,acceptBad
3541,7,531.7799999999997,3,525.7400000000001,move,improve
3542,7,531.7799999999997,3,525.7400000000001,swap,notBad
3543,7,525.2399999999996,7,525.2399999999996,move,newBest
3544,7,525.2399999999996,7,525.2399999999996,2opt,notBad
3545,7,525.2399999999996,7,525.2399999999996,move,improve
3546,7,510.47999999999945,7,510.47999999999945,move,newBest
3547,7,510.47999999999945,7,510.47999999999945,2opt,notBad
3548,7,510.47999999999945,7,510.47999999999945,swap,notBad
3549,7,510.47999999999945,7,510.47999999999945,2opt,notBad
3550,7,510.47999999999945,7,510.47999999999945,2opt,notBad
3551,7,510.47999999999945,7,510.47999999999945,move,improve
3552,7,510.47999999999945,7,510.47999999999945,2opt,improve
3553,7,510.23999999999944,7,510.23999999999944,move,newBest
3554,7,510.23999999999944,7,510.23999999999944,2opt,notBad
3555,7,510.23999999999944,7,510.23999999999944,swap,notBad
3556,7,510.23999999999944,7,510.23999999999944,swap,notBad
3557,7,510.23999999999944,7,510.23999999999944,swap,notBad
3558,7,510.23999999999944,7,510.23999999999944,move,improve
3559,7,511.6199999999995,7,510.23999999999944,swap,acceptBad
3560,7,511.6199999999995,7,510.23999999999944,move,improve
3561,7,511.6199999999995,7,510.23999999999944,move,improve
3562,7,511.6199999999995,7,510.23999999999944,move,improve
3563,7,511.6199999999995,7,510.23999999999944,2opt,notBad
3564,7,511.6199999999995,7,510.23999999999944,2opt,notBad
3565,7,511.6199999999995,7,510.23999999999944,2opt,notBad
3566,7,515.9999999999994,7,510.23999999999944,swap,acceptBad
3567,7,521.5199999999996,7,510.23999999999944,swap,acceptBad
3568,7,521.5199999999996,7,510.23999999999944,2opt,notBad
3569,7,511.73999999999967,7,510.23999999999944,move,improve
3570,7,511.73999999999967,7,510.23999999999944,2opt,notBad
3571,7,511.73999999999967,7,510.23999999999944,swap,notBad
3572,7,511.73999999999967,7,510.23999999999944,move,notBad
3573,7,511.73999999999967,7,510.23999999999944,2opt,notBad
3574,7,511.73999999999967,7,510.23999999999944,swap,notBad
3575,7,509.00999999999976,7,509.00999999999976,move,newBest
3576,7,502.76999999999975,7,502.76999999999975,move,newBest
3577,7,502.76999999999975,7,502.76999999999975,2opt,improve
3578,7,502.76999999999975,7,502.76999999999975,2opt,notBad
3579,7,502.76999999999975,7,502.76999999999975,move,improve
3580,7,501.9299999999997,7,501.9299999999997,move,newBest
3581,7,501.0599999999996,7,501.0599999999996,move,newBest
3582,7,501.0599999999996,7,501.0599999999996,swap,notBad
3583,7,501.0599999999996,7,501.0599999999996,2opt,notBad
3584,7,501.0599999999996,7,501.0599999999996,2opt,improve
3585,7,499.8599999999996,7,499.8599999999996,move,newBest
3586,7,494.96999999999963,7,494.96999999999963,move,newBest
3587,7,494.96999999999963,7,494.96999999999963,move,improve
3588,7,494.96999999999963,7,494.96999999999963,swap,notBad
3589,7,497.75999999999965,7,494.96999999999963,swap,acceptBad
3590,7,497.75999999999965,7,494.96999999999963,2opt,notBad
3591,7,497.75999999999965,7,494.96999999999963,2opt,notBad
3592,7,497.75999999999965,7,494.96999999999963,2opt,notBad
3593,7,497.75999999999965,7,494.96999999999963,2opt,improve
3594,7,512.4299999999996,7,494.96999999999963,swap,acceptBad
3595,7,509.6799999999996,7,494.96999999999963,swap,improve
3596,7,509.6799999999996,7,494.96999999999963,swap,notBad
3597,7,509.10999999999956,7,494.96999999999963,move,improve
3598,7,509.10999999999956,7,494.96999999999963,2opt,notBad
3599,7,509.10999999999956,7,494.96999999999963,2opt,notBad
3600,7,506.9499999999996,7,494.96999999999963,move,improve
3601,7,506.9499999999996,7,494.96999999999963,swap,notBad
3602,7,506.9499999999996,7,494.96999999999963,swap,notBad
3603,7,506.9499999999996,7,494.96999999999963,move,improve
3604,7,506.9499999999996,7,494.96999999999963,2opt,notBad
3605,7,489.9699999999996,7,489.9699999999996,swap,newBest
3606,7,489.9699999999996,7,489.9699999999996,2opt,notBad
3607,7,489.9699999999996,7,489.9699999999996,swap,notBad
3608,7,489.9699999999996,7,489.9699999999996,swap,notBad
3609,7,489.9699999999996,7,489.9699999999996,2opt,notBad
3610,7,490.0299999999996,7,489.9699999999996,swap,acceptBad
3611,7,490.0299999999996,7,489.9699999999996,swap,notBad
3612,7,489.87999999999977,7,489.87999999999977,2opt,newBest
3613,7,489.87999999999977,7,489.87999999999977,swap,notBad
3614,7,488.4999999999997,7,488.4999999999997,move,newBest
3615,7,488.4999999999997,7,488.4999999999997,swap,notBad
3616,7,487.05999999999983,7,487.05999999999983,2opt,newBest
3617,7,488.76999999999975,7,487.05999999999983,swap,acceptBad
3618,7,488.76999999999975,7,487.05999999999983,move,improve
3619,7,495.21999999999974,7,487.05999999999983,swap,acceptBad
3620,7,493.59999999999974,7,487.05999999999983,move,improve
3621,7,493.59999999999974,7,487.05999999999983,swap,notBad
3622,7,493.59999999999974,7,487.05999999999983,swap,notBad
3623,7,493.59999999999974,7,487.05999999999983,move,improve
3624,7,493.59999999999974,7,487.05999999999983,2opt,notBad
3625,7,493.59999999999974,7,487.05999999999983,swap,notBad
3626,7,493.59999999999974,7,487.05999999999983,swap,notBad
3627,7,493.59999999999974,7,487.05999999999983,swap,notBad
3628,7,494.97999999999973,7,487.05999999999983,swap,acceptBad
3629,7,494.4099999999998,7,487.05999999999983,move,improve
3630,7,494.4099999999998,7,487.05999999999983,2opt,notBad
3631,7,494.4099999999998,7,487.05999999999983,2opt,notBad
3632,7,494.4099999999998,7,487.05999999999983,move,improve
3633,7,494.4099999999998,7,487.05999999999983,move,improve
3634,7,494.4099999999998,7,487.05999999999983,move,improve
3635,7,494.4099999999998,7,487.05999999999983,swap,notBad
3636,7,500.43999999999977,7,487.05999999999983,swap,acceptBad
3637,7,500.43999999999977,7,487.05999999999983,2opt,notBad
3638,7,500.43999999999977,7,487.05999999999983,move,improve
3639,7,500.43999999999977,7,487.05999999999983,swap,notBad
3640,7,500.43999999999977,7,487.05999999999983,2opt,notBad
3641,7,497.5299999999998,7,487.05999999999983,swap,improve
3642,7,497.5299999999998,7,487.05999999999983,2opt,notBad
3643,7,497.5299999999998,7,487.05999999999983,swap,notBad
3644,7,501.3399999999999,7,487.05999999999983,swap,acceptBad
3645,7,501.3399999999999,7,487.05999999999983,swap,notBad
3646,7,500.73999999999984,7,487.05999999999983,move,improve
3647,7,500.73999999999984,7,487.05999999999983,2opt,notBad
3648,7,500.73999999999984,7,487.05999999999983,2opt,notBad
3649,7,500.73999999999984,7,487.05999999999983,move,improve
3650,7,500.73999999999984,7,487.05999999999983,2opt,notBad
3651,7,500.73999999999984,7,487.05999999999983,swap,notBad
3652,7,500.73999999999984,7,487.05999999999983,2opt,notBad
3653,7,500.73999999999984,7,487.05999999999983,2opt,notBad
3654,7,500.73999999999984,7,487.05999999999983,swap,notBad
3655,7,500.73999999999984,7,487.05999999999983,2opt,notBad
3656,7,500.73999999999984,7,487.05999999999983,2opt,notBad
3657,7,503.07999999999976,7,487.05999999999983,2opt,acceptBad
3658,7,503.07999999999976,7,487.05999999999983,swap,notBad
3659,7,503.07999999999976,7,487.05999999999983,2opt,notBad
3660,7,503.07999999999976,7,487.05999999999983,swap,notBad
3661,7,503.07999999999976,7,487.05999999999983,swap,notBad
3662,7,503.07999999999976,7,487.05999999999983,swap,notBad
3663,7,503.07999999999976,7,487.05999999999983,2opt,notBad
3664,7,503.07999999999976,7,487.05999999999983,2opt,notBad
3665,7,503.07999999999976,7,487.05999999999983,swap,notBad
3666,7,508.9299999999997,7,487.05999999999983,swap,acceptBad
3667,7,508.9299999999997,7,487.05999999999983,2opt,notBad
3668,7,508.9299999999997,7,487.05999999999983,2opt,notBad
3669,7,508.9299999999997,7,487.05999999999983,2opt,notBad
3670,7,508.9299999999997,7,487.05999999999983,swap,notBad
3671,7,508.9299999999997,7,487.05999999999983,2opt,notBad
3672,7,508.9299999999997,7,487.05999999999983,move,improve
3673,7,505.26999999999975,7,487.05999999999983,move,improve
3674,7,505.26999999999975,7,487.05999999999983,move,improve
3675,7,505.26999999999975,7,487.05999999999983,2opt,notBad
3676,7,502.71999999999974,7,487.05999999999983,move,improve
3677,7,502.53999999999974,7,487.05999999999983,move,improve
3678,7,502.53999999999974,7,487.05999999999983,swap,notBad
3679,7,502.53999999999974,7,487.05999999999983,swap,notBad
3680,7,502.53999999999974,7,487.05999999999983,swap,notBad
3681,7,502.53999999999974,7,487.05999999999983,move,improve
3682,7,502.53999999999974,7,487.05999999999983,2opt,notBad
3683,7,502.53999999999974,7,487.05999999999983,2opt,improve
3684,7,502.53999999999974,7,487.05999999999983,swap,notBad
3685,7,508.78999999999974,7,487.05999999999983,swap,acceptBad
3686,7,508.78999999999974,7,487.05999999999983,2opt,notBad
3687,7,508.78999999999974,7,487.05999999999983,2opt,notBad
3688,7,508.78999999999974,7,487.05999999999983,move,improve
3689,7,508.78999999999974,7,487.05999999999983,move,improve
3690,7,508.7299999999998,7,487.05999999999983,move,improve
3691,7,508.7299999999998,7,487.05999999999983,swap,notBad
3692,7,508.7299999999998,7,487.05999999999983,move,improve
3693,7,508.7299999999998,7,487.05999999999983,move,improve
3694,7,501.64999999999975,7,487.05999999999983,move,improve
3695,7,501.64999999999975,7,487.05999999999983,move,improve
3696,7,501.64999999999975,7,487.05999999999983,move,improve
3697,7,501.64999999999975,7,487.05999999999983,move,improve
3698,7,496.81999999999977,7,487.05999999999983,move,improve
3699,7,498.4999999999997,7,487.05999999999983,swap,acceptBad
3700,7,498.4999999999997,7,487.05999999999983,move,improve
3701,7,498.4999999999997,7,487.05999999999983,2opt,notBad
3702,7,498.4999999999997,7,487.05999999999983,2opt,notBad
3703,7,498.4999999999997,7,487.05999999999983,move,improve
3704,7,498.4999999999997,7,487.05999999999983,swap,notBad
3705,7,498.4999999999997,7,487.05999999999983,swap,notBad
3706,7,504.9199999999997,7,487.05999999999983,swap,acceptBad
3707,7,504.9199999999997,7,487.05999999999983,move,improve
3708,7,504.9199999999997,7,487.05999999999983,move,improve
3709,7,504.9199999999997,7,487.05999999999983,swap,notBad
3710,7,502.03999999999974,7,487.05999999999983,move,improve
3711,7,502.03999999999974,7,487.05999999999983,2opt,notBad
3712,7,504.1699999999997,7,487.05999999999983,swap,acceptBad
3713,7,504.1699999999997,7,487.05999999999983,move,improve
3714,7,504.1699999999997,7,487.05999999999983,move,improve
3715,7,500.14999999999975,7,487.05999999999983,move,improve
3716,7,500.14999999999975,7,487.05999999999983,move,improve
3717,7,497.74999999999983,7,487.05999999999983,2opt,improve
3718,7,497.74999999999983,7,487.05999999999983,2opt,notBad
3719,7,496.57999999999987,7,487.05999999999983,move,improve
3720,7,501.0199999999998,7,487.05999999999983,swap,acceptBad
3721,7,501.0199999999998,7,487.05999999999983,2opt,notBad
3722,7,501.0199999999998,7,487.05999999999983,swap,notBad
3723,7,501.0199999999998,7,487.05999999999983,swap,notBad
3724,7,501.0199999999998,7,487.05999999999983,2opt,notBad
3725,7,498.6499999999998,7,487.05999999999983,move,improve
3726,7,498.6499999999998,7,487.05999999999983,swap,notBad
3727,7,498.6499999999998,7,487.05999999999983,2opt,improve
3728,7,505.33999999999986,7,487.05999999999983,swap,acceptBad
3729,7,501.3499999999998,7,487.05999999999983,move,improve
3730,7,500.2999999999998,7,487.05999999999983,swap,improve
3731,7,500.2999999999998,7,487.05999999999983,2opt,notBad
3732,7,500.2999999999998,7,487.05999999999983,2opt,notBad
3733,7,500.2999999999998,7,487.05999999999983,move,improve
3734,7,500.2999999999998,7,487.05999999999983,move,improve
3735,7,497.5099999999998,7,487.05999999999983,swap,improve
3736,7,497.5099999999998,7,487.05999999999983,2opt,notBad
3737,7,497.5099999999998,7,487.05999999999983,2opt,notBad
3738,7,497.5099999999998,7,487.05999999999983,2opt,improve
3739,7,497.5099999999998,7,487.05999999999983,swap,notBad
3740,7,497.5099999999998,7,487.05999999999983,swap,notBad
3741,7,497.5099999999998,7,487.05999999999983,2opt,notBad
3742,7,497.5099999999998,7,487.05999999999983,move,improve
3743,7,497.5099999999998,7,487.05999999999983,2opt,notBad
3744,7,497.5099999999998,7,487.05999999999983,move,improve
3745,7,497.5099999999998,7,487.05999999999983,swap,notBad
3746,7,500.2999999999998,7,487.05999999999983,swap,acceptBad
3747,7,500.2999999999998,7,487.05999999999983,swap,notBad
3748,7,497.5099999999998,7,487.05999999999983,swap,improve
3749,7,512.27,7,487.05999999999983,move,acceptBad
3750,7,522.17,7,487.05999999999983,swap,acceptBad
3751,7,522.17,7,487.05999999999983,swap,notBad
3752,7,519.7099999999999,7,487.05999999999983,move,improve
3753,7,519.7099999999999,7,487.05999999999983,2opt,notBad
3754,7,519.7099999999999,7,487.05999999999983,swap,notBad
3755,7,519.7099999999999,7,487.05999999999983,2opt,notBad
3756,7,519.7099999999999,7,487.05999999999983,move,improve
3757,7,518.15,7,487.05999999999983,move,improve
3758,7,518.15,7,487.05999999999983,swap,notBad
3759,7,518.15,7,487.05999999999983,2opt,notBad
3760,7,518.15,7,487.05999999999983,swap,notBad
3761,7,518.15,7,487.05999999999983,2opt,notBad
3762,7,518.15,7,487.05999999999983,2opt,notBad
3763,7,518.15,7,487.05999999999983,swap,notBad
3764,7,518.15,7,487.05999999999983,swap,notBad
3765,7,515.8699999999999,7,487.05999999999983,move,improve
3766,7,515.8699999999999,7,487.05999999999983,2opt,notBad
3767,7,515.8699999999999,7,487.05999999999983,swap,notBad
3768,7,515.8699999999999,7,487.05999999999983,swap,notBad
3769,7,501.10999999999973,7,487.05999999999983,move,improve
3770,7,501.10999999999973,7,487.05999999999983,move,improve
3771,7,501.10999999999973,7,487.05999999999983,swap,notBad
3772,7,501.10999999999973,7,487.05999999999983,move,improve
3773,7,498.82999999999976,7,487.05999999999983,move,improve
3774,7,498.82999999999976,7,487.05999999999983,swap,notBad
3775,7,498.82999999999976,7,487.05999999999983,move,improve
3776,7,498.82999999999976,7,487.05999999999983,move,improve
3777,7,498.82999999999976,7,487.05999999999983,move,improve
3778,7,498.82999999999976,7,487.05999999999983,move,improve
3779,7,498.82999999999976,7,487.05999999999983,2opt,notBad
3780,7,498.82999999999976,7,487.05999999999983,swap,notBad
3781,7,498.82999999999976,7,487.05999999999983,2opt,notBad
3782,7,498.82999999999976,7,487.05999999999983,2opt,notBad
3783,7,498.82999999999976,7,487.05999999999983,swap,notBad
3784,7,498.6199999999998,7,487.05999999999983,2opt,improve
3785,7,496.90999999999974,7,487.05999999999983,move,improve
3786,7,496.90999999999974,7,487.05999999999983,swap,notBad
3787,7,492.43999999999977,7,487.05999999999983,move,improve
3788,7,492.43999999999977,7,487.05999999999983,2opt,notBad
3789,7,492.43999999999977,7,487.05999999999983,swap,notBad
3790,7,492.43999999999977,7,487.05999999999983,move,improve
3791,7,492.43999999999977,7,487.05999999999983,2opt,notBad
3792,7,492.43999999999977,7,487.05999999999983,2opt,notBad
3793,7,493.7299999999999,7,487.05999999999983,2opt,acceptBad
3794,7,493.57999999999987,7,487.05999999999983,move,improve
3795,7,493.57999999999987,7,487.05999999999983,move,improve
3796,7,493.57999999999987,7,487.05999999999983,move,improve
3797,7,493.57999999999987,7,487.05999999999983,swap,notBad
3798,7,493.57999999999987,7,487.05999999999983,swap,notBad
3799,7,493.57999999999987,7,487.05999999999983,2opt,improve
3800,7,493.57999999999987,7,487.05999999999983,move,improve
3801,7,496.66999999999985,7,487.05999999999983,swap,acceptBad
3802,7,496.66999999999985,7,487.05999999999983,swap,notBad
3803,7,496.66999999999985,7,487.05999999999983,2opt,notBad
3804,7,493.4299999999998,7,487.05999999999983,move,improve
3805,7,493.4299999999998,7,487.05999999999983,move,improve
3806,7,493.4299999999998,7,487.05999999999983,move,improve
3807,7,493.4299999999998,7,487.05999999999983,move,improve
3808,7,493.4299999999998,7,487.05999999999983,swap,notBad
3809,7,493.4299999999998,7,487.05999999999983,move,improve
3810,7,493.4299999999998,7,487.05999999999983,2opt,notBad
3811,7,493.4299999999998,7,487.05999999999983,2opt,notBad
3812,7,498.7399999999998,7,487.05999999999983,swap,acceptBad
3813,7,498.7399999999998,7,487.05999999999983,swap,notBad
3814,7,498.7399999999998,7,487.05999999999983,swap,notBad
3815,7,492.3199999999998,7,487.05999999999983,move,improve
3816,7,492.3199999999998,7,487.05999999999983,2opt,notBad
3817,7,486.6199999999997,7,486.6199999999997,swap,newBest
3818,7,486.6199999999997,7,486.6199999999997,swap,notBad
3819,7,486.6199999999997,7,486.6199999999997,move,improve
3820,7,486.6199999999997,7,486.6199999999997,swap,notBad
3821,7,486.6199999999997,7,486.6199999999997,2opt,notBad
3822,7,486.6199999999997,7,486.6199999999997,swap,notBad
3823,7,486.6199999999997,7,486.6199999999997,swap,notBad
3824,7,486.6199999999997,7,486.6199999999997,swap,notBad
3825,7,486.6199999999997,7,486.6199999999997,2opt,notBad
3826,7,486.31999999999977,7,486.31999999999977,move,newBest
3827,7,486.31999999999977,7,486.31999999999977,2opt,notBad
3828,7,481.66999999999973,7,481.66999999999973,move,newBest
3829,7,481.66999999999973,7,481.66999999999973,2opt,improve
3830,7,480.5899999999997,7,480.5899999999997,move,newBest
3831,7,480.5899999999997,7,480.5899999999997,swap,notBad
3832,7,490.6999999999997,7,480.5899999999997,swap,acceptBad
3833,7,490.6999999999997,7,480.5899999999997,move,improve
3834,7,490.6999999999997,7,480.5899999999997,2opt,notBad
3835,7,490.6999999999997,7,480.5899999999997,swap,notBad
3836,7,490.51999999999975,7,480.5899999999997,move,improve
3837,7,490.51999999999975,7,480.5899999999997,swap,notBad
3838,7,490.51999999999975,7,480.5899999999997,swap,notBad
3839,7,490.51999999999975,7,480.5899999999997,swap,notBad
3840,7,491.7499999999995,7,480.5899999999997,2opt,acceptBad
3841,7,491.7499999999995,7,480.5899999999997,move,improve
3842,7,491.7499999999995,7,480.5899999999997,swap,notBad
3843,7,491.7499999999995,7,480.5899999999997,2opt,notBad
3844,7,491.7499999999995,7,480.5899999999997,2opt,notBad
3845,7,491.7499999999995,7,480.5899999999997,2opt,notBad
3846,7,491.7499999999995,7,480.5899999999997,swap,notBad
3847,7,491.7499999999995,7,480.5899999999997,move,improve
3848,7,484.72999999999956,7,480.5899999999997,move,improve
3849,7,478.1599999999995,7,478.1599999999995,move,newBest
3850,7,478.1599999999995,7,478.1599999999995,swap,notBad
3851,7,477.6199999999996,7,477.6199999999996,2opt,newBest
3852,7,477.6199999999996,7,477.6199999999996,2opt,notBad
3853,7,477.6199999999996,7,477.6199999999996,move,improve
3854,7,477.6199999999996,7,477.6199999999996,move,improve
3855,7,477.6199999999996,7,477.6199999999996,2opt,notBad
3856,7,477.6199999999996,7,477.6199999999996,2opt,improve
3857,7,477.6199999999996,7,477.6199999999996,2opt,notBad
3858,7,478.3999999999995,7,477.6199999999996,2opt,acceptBad
3859,7,478.3999999999995,7,477.6199999999996,move,improve
3860,7,478.3999999999995,7,477.6199999999996,swap,notBad
3861,7,478.3999999999995,7,477.6199999999996,2opt,notBad
3862,7,478.3999999999995,7,477.6199999999996,move,improve
3863,7,480.2299999999995,7,477.6199999999996,swap,acceptBad
3864,7,480.2299999999995,7,477.6199999999996,2opt,notBad
3865,7,480.2299999999995,7,477.6199999999996,move,improve
3866,7,480.2299999999995,7,477.6199999999996,swap,notBad
3867,7,480.2299999999995,7,477.6199999999996,swap,notBad
3868,7,480.2299999999995,7,477.6199999999996,move,improve
3869,7,480.2299999999995,7,477.6199999999996,swap,notBad
3870,7,482.2999999999995,7,477.6199999999996,swap,acceptBad
3871,7,482.2999999999995,7,477.6199999999996,move,improve
3872,7,482.2999999999995,7,477.6199999999996,move,improve
3873,7,482.2999999999995,7,477.6199999999996,swap,notBad
3874,7,482.2999999999995,7,477.6199999999996,swap,notBad
3875,7,482.2999999999995,7,477.6199999999996,move,improve
3876,7,482.2999999999995,7,477.6199999999996,2opt,notBad
3877,7,482.2999999999995,7,477.6199999999996,swap,notBad
3878,7,482.2999999999995,7,477.6199999999996,swap,notBad
3879,7,482.2999999999995,7,477.6199999999996,swap,notBad
3880,7,482.2999999999995,7,477.6199999999996,swap,notBad
3881,7,482.2999999999995,7,477.6199999999996,2opt,notBad
3882,7,482.2999999999995,7,477.6199999999996,swap,notBad
3883,7,478.69999999999953,7,477.6199999999996,move,improve
3884,7,477.7399999999995,7,477.6199999999996,move,improve
3885,7,477.7399999999995,7,477.6199999999996,move,improve
3886,7,477.7399999999995,7,477.6199999999996,2opt,notBad
3887,7,477.7399999999995,7,477.6199999999996,swap,notBad
3888,7,477.7399999999995,7,477.6199999999996,swap,notBad
3889,7,477.7399999999995,7,477.6199999999996,swap,notBad
3890,7,477.7399999999995,7,477.6199999999996,2opt,notBad
3891,7,477.7399999999995,7,477.6199999999996,move,improve
3892,7,477.7399999999995,7,477.6199999999996,move,improve
3893,7,477.7399999999995,7,477.6199999999996,move,improve
3894,7,477.7399999999995,7,477.6199999999996,swap,notBad
3895,7,477.7399999999995,7,477.6199999999996,swap,notBad
3896,7,477.7399999999995,7,477.6199999999996,swap,notBad
3897,7,477.7399999999995,7,477.6199999999996,2opt,notBad
3898,7,477.7399999999995,7,477.6199999999996,move,improve
3899,7,477.7399999999995,7,477.6199999999996,2opt,notBad
3900,7,477.7399999999995,7,477.6199999999996,move,improve
3901,7,477.7399999999995,7,477.6199999999996,2opt,notBad
3902,7,480.6499999999995,7,477.6199999999996,2opt,acceptBad
3903,7,480.6499999999995,7,477.6199999999996,move,improve
3904,7,480.6499999999995,7,477.6199999999996,2opt,notBad
3905,7,480.6499999999995,7,477.6199999999996,swap,notBad
3906,7,480.6499999999995,7,477.6199999999996,move,improve
3907,7,480.28999999999957,7,477.6199999999996,swap,improve
3908,7,480.28999999999957,7,477.6199999999996,move,improve
3909,7,480.28999999999957,7,477.6199999999996,2opt,notBad
3910,7,480.28999999999957,7,477.6199999999996,2opt,notBad
3911,7,474.52999999999946,7,474.52999999999946,move,newBest
3912,7,474.52999999999946,7,474.52999999999946,2opt,notBad
3913,7,474.52999999999946,7,474.52999999999946,2opt,improve
3914,7,474.52999999999946,7,474.52999999999946,2opt,notBad
3915,7,474.52999999999946,7,474.52999999999946,swap,notBad
3916,7,474.52999999999946,7,474.52999999999946,move,improve
3917,7,474.52999999999946,7,474.52999999999946,2opt,notBad
3918,7,474.52999999999946,7,474.52999999999946,swap,notBad
3919,7,476.3599999999996,7,474.52999999999946,2opt,acceptBad
3920,7,476.3599999999996,7,474.52999999999946,2opt,notBad
3921,7,476.3599999999996,7,474.52999999999946,2opt,notBad
3922,7,476.3599999999996,7,474.52999999999946,swap,notBad
3923,7,476.3599999999996,7,474.52999999999946,2opt,notBad
3924,7,476.3599999999996,7,474.52999999999946,swap,notBad
3925,7,476.3599999999996,7,474.52999999999946,2opt,notBad
3926,7,476.3599999999996,7,474.52999999999946,2opt,notBad
3927,7,476.3599999999996,7,474.52999999999946,2opt,notBad
3928,7,476.3599999999996,7,474.52999999999946,2opt,notBad
3929,7,475.6699999999996,7,474.52999999999946,swap,improve
3930,7,475.6699999999996,7,474.52999999999946,swap,notBad
3931,7,475.6699999999996,7,474.52999999999946,swap,notBad
3932,7,475.6699999999996,7,474.52999999999946,swap,notBad
3933,7,475.6699999999996,7,474.52999999999946,swap,notBad
3934,7,475.6699999999996,7,474.52999999999946,move,improve
3935,7,475.6699999999996,7,474.52999999999946,move,improve
3936,7,475.6699999999996,7,474.52999999999946,swap,notBad
3937,7,475.6699999999996,7,474.52999999999946,swap,notBad
3938,7,475.6699999999996,7,474.52999999999946,move,improve
3939,7,475.6699999999996,7,474.52999999999946,swap,notBad
3940,7,475.6699999999996,7,474.52999999999946,2opt,notBad
3941,7,475.6699999999996,7,474.52999999999946,2opt,notBad
3942,7,475.6699999999996,7,474.52999999999946,move,improve
3943,7,475.6699999999996,7,474.52999999999946,swap,notBad
3944,7,475.6699999999996,7,474.52999999999946,move,improve
3945,7,475.6699999999996,7,474.52999999999946,swap,notBad
3946,7,475.6699999999996,7,474.52999999999946,2opt,notBad
3947,7,475.6699999999996,7,474.52999999999946,2opt,notBad
3948,7,475.6699999999996,7,474.52999999999946,move,improve
3949,7,477.2599999999996,7,474.52999999999946,swap,acceptBad
3950,7,477.2599999999996,7,474.52999999999946,swap,notBad
3951,7,477.2599999999996,7,474.52999999999946,2opt,notBad
3952,7,477.2599999999996,7,474.52999999999946,swap,notBad
3953,7,477.2599999999996,7,474.52999999999946,2opt,notBad
3954,7,477.2599999999996,7,474.52999999999946,move,improve
3955,7,477.2599999999996,7,474.52999999999946,swap,notBad
3956,7,482.14999999999964,7,474.52999999999946,swap,acceptBad
3957,7,480.2299999999997,7,474.52999999999946,move,improve
3958,7,480.2299999999997,7,474.52999999999946,2opt,notBad
3959,7,480.2299999999997,7,474.52999999999946,2opt,notBad
3960,7,480.2299999999997,7,474.52999999999946,2opt,notBad
3961,7,480.2299999999997,7,474.52999999999946,2opt,improve
3962,7,480.2299999999997,7,474.52999999999946,swap,notBad
3963,7,480.2299999999997,7,474.52999999999946,2opt,notBad
3964,7,480.2299999999997,7,474.52999999999946,move,improve
3965,7,478.63999999999965,7,474.52999999999946,move,improve
3966,7,478.63999999999965,7,474.52999999999946,2opt,notBad
3967,7,478.63999999999965,7,474.52999999999946,2opt,notBad
3968,7,478.63999999999965,7,474.52999999999946,2opt,notBad
3969,7,478.63999999999965,7,474.52999999999946,move,improve
3970,7,478.99999999999966,7,474.52999999999946,swap,acceptBad
3971,7,478.99999999999966,7,474.52999999999946,move,improve
3972,7,478.99999999999966,7,474.52999999999946,move,improve
3973,7,478.99999999999966,7,474.52999999999946,swap,notBad
3974,7,478.99999999999966,7,474.52999999999946,move,improve
3975,7,477.8099999999999,7,474.52999999999946,move,improve
3976,7,477.8099999999999,7,474.52999999999946,move,improve
3977,7,477.8099999999999,7,474.52999999999946,swap,notBad
3978,7,477.8099999999999,7,474.52999999999946,2opt,notBad
3979,7,477.8099999999999,7,474.52999999999946,2opt,notBad
3980,7,479.5199999999999,7,474.52999999999946,2opt,acceptBad
3981,7,479.5199999999999,7,474.52999999999946,2opt,notBad
3982,7,479.4599999999999,7,474.52999999999946,move,improve
3983,7,479.4599999999999,7,474.52999999999946,2opt,improve
3984,7,485.84999999999997,7,474.52999999999946,swap,acceptBad
3985,7,484.61999999999983,7,474.52999999999946,2opt,improve
3986,7,484.61999999999983,7,474.52999999999946,move,improve
3987,7,484.61999999999983,7,474.52999999999946,move,improve
3988,7,484.61999999999983,7,474.52999999999946,move,improve
3989,7,484.61999999999983,7,474.52999999999946,2opt,notBad
3990,7,484.61999999999983,7,474.52999999999946,2opt,notBad
3991,7,484.61999999999983,7,474.52999999999946,swap,notBad
3992,7,484.61999999999983,7,474.52999999999946,move,improve
3993,7,484.61999999999983,7,474.52999999999946,swap,notBad
3994,7,484.61999999999983,7,474.52999999999946,2opt,notBad
3995,7,484.61999999999983,7,474.52999999999946,2opt,notBad
3996,7,484.61999999999983,7,474.52999999999946,swap,notBad
3997,7,484.61999999999983,7,474.52999999999946,2opt,notBad
3998,7,484.61999999999983,7,474.52999999999946,swap,notBad
3999,7,484.61999999999983,7,474.52999999999946,move,improve
4000,7,484.61999999999983,7,474.52999999999946,move,improve
4001,7,484.61999999999983,7,474.52999999999946,swap,notBad
4002,7,484.61999999999983,7,474.52999999999946,move,improve
4003,7,484.61999999999983,7,474.52999999999946,2opt,notBad
4004,7,486.8999999999998,7,474.52999999999946,swap,acceptBad
4005,7,486.8999999999998,7,474.52999999999946,move,improve
4006,7,492.08999999999986,7,474.52999999999946,swap,acceptBad
4007,7,492.08999999999986,7,474.52999999999946,move,improve
4008,7,492.08999999999986,7,474.52999999999946,2opt,notBad
4009,7,492.08999999999986,7,474.52999999999946,2opt,notBad
4010,7,492.08999999999986,7,474.52999999999946,move,improve
4011,7,492.08999999999986,7,474.52999999999946,2opt,notBad
4012,7,492.08999999999986,7,474.52999999999946,move,improve
4013,7,492.08999999999986,7,474.52999999999946,2opt,improve
4014,7,492.08999999999986,7,474.52999999999946,2opt,notBad
4015,7,492.08999999999986,7,474.52999999999946,2opt,notBad
4016,7,493.31999999999994,7,474.52999999999946,swap,acceptBad
4017,7,493.31999999999994,7,474.52999999999946,2opt,notBad
4018,7,493.31999999999994,7,474.52999999999946,swap,notBad
4019,7,493.31999999999994,7,474.52999999999946,move,improve
4020,7,493.31999999999994,7,474.52999999999946,2opt,notBad
4021,7,493.31999999999994,7,474.52999999999946,swap,notBad
4022,7,493.31999999999994,7,474.52999999999946,2opt,improve
4023,7,493.31999999999994,7,474.52999999999946,move,improve
4024,7,493.31999999999994,7,474.52999999999946,2opt,notBad
4025,7,493.31999999999994,7,474.52999999999946,swap,notBad
4026,7,493.10999999999996,7,474.52999999999946,swap,improve
4027,7,493.10999999999996,7,474.52999999999946,swap,notBad
4028,7,493.10999999999996,7,474.52999999999946,2opt,notBad
4029,7,493.10999999999996,7,474.52999999999946,2opt,improve
4030,7,493.10999999999996,7,474.52999999999946,move,improve
4031,7,489.05999999999995,7,474.52999999999946,move,improve
4032,7,489.05999999999995,7,474.52999999999946,2opt,notBad
4033,7,489.05999999999995,7,474.52999999999946,2opt,notBad
4034,7,489.05999999999995,7,474.52999999999946,move,improve
4035,7,489.05999999999995,7,474.52999999999946,2opt,notBad
4036,7,489.05999999999995,7,474.52999999999946,2opt,notBad
4037,7,489.05999999999995,7,474.52999999999946,2opt,notBad
4038,7,489.05999999999995,7,474.52999999999946,swap,notBad
4039,7,491.0699999999999,7,474.52999999999946,swap,acceptBad
4040,7,488.4299999999999,7,474.52999999999946,move,improve
4041,7,488.4299999999999,7,474.52999999999946,2opt,notBad
4042,7,489.5099999999999,7,474.52999999999946,2opt,acceptBad
4043,7,489.5099999999999,7,474.52999999999946,move,improve
4044,7,489.5099999999999,7,474.52999999999946,swap,notBad
4045,7,489.5099999999999,7,474.52999999999946,move,improve
4046,7,489.1199999999999,7,474.52999999999946,2opt,improve
4047,7,489.1199999999999,7,474.52999999999946,swap,notBad
4048,7,489.1199999999999,7,474.52999999999946,2opt,notBad
4049,7,489.1199999999999,7,474.52999999999946,move,improve
4050,7,489.1199999999999,7,474.52999999999946,swap,notBad
4051,7,489.1199999999999,7,474.52999999999946,move,improve
4052,7,489.1199999999999,7,474.52999999999946,move,improve
4053,7,489.1199999999999,7,474.52999999999946,2opt,notBad
4054,7,489.1199999999999,7,474.52999999999946,2opt,notBad
4055,7,489.1199999999999,7,474.52999999999946,swap,notBad
4056,7,489.1199999999999,7,474.52999999999946,move,improve
4057,7,489.1199999999999,7,474.52999999999946,swap,notBad
4058,7,489.1199999999999,7,474.52999999999946,move,improve
4059,7,489.1199999999999,7,474.52999999999946,2opt,notBad
4060,7,489.1199999999999,7,474.52999999999946,swap,notBad
4061,7,489.1199999999999,7,474.52999999999946,swap,notBad
4062,7,489.1199999999999,7,474.52999999999946,swap,notBad
4063,7,489.1199999999999,7,474.52999999999946,move,improve
4064,7,489.1199999999999,7,474.52999999999946,swap,notBad
4065,7,489.1199999999999,7,474.52999999999946,move,improve
4066,7,489.1199999999999,7,474.52999999999946,swap,notBad
4067,7,489.1199999999999,7,474.52999999999946,2opt,notBad
4068,7,489.1199999999999,7,474.52999999999946,2opt,notBad
4069,7,489.1199999999999,7,474.52999999999946,2opt,notBad
4070,7,489.1199999999999,7,474.52999999999946,2opt,improve
4071,7,489.1199999999999,7,474.52999999999946,move,improve
4072,7,489.1199999999999,7,474.52999999999946,2opt,notBad
4073,7,489.1199999999999,7,474.52999999999946,2opt,improve
4074,7,486.26999999999987,7,474.52999999999946,move,improve
4075,7,486.9899999999999,7,474.52999999999946,swap,acceptBad
4076,7,486.9899999999999,7,474.52999999999946,move,improve
4077,7,486.9899999999999,7,474.52999999999946,2opt,notBad
4078,7,486.9899999999999,7,474.52999999999946,move,improve
4079,7,486.9899999999999,7,474.52999999999946,swap,notBad
4080,7,486.9899999999999,7,474.52999999999946,move,improve
4081,7,487.0499999999999,7,474.52999999999946,swap,acceptBad
4082,7,487.0499999999999,7,474.52999999999946,swap,notBad
4083,7,488.96999999999986,7,474.52999999999946,swap,acceptBad
4084,7,488.96999999999986,7,474.52999999999946,2opt,notBad
4085,7,488.96999999999986,7,474.52999999999946,move,improve
4086,7,487.40999999999985,7,474.52999999999946,move,improve
4087,7,487.40999999999985,7,474.52999999999946,move,improve
4088,7,487.40999999999985,7,474.52999999999946,2opt,notBad
4089,7,487.40999999999985,7,474.52999999999946,move,improve
4090,7,487.40999999999985,7,474.52999999999946,2opt,notBad
4091,7,487.40999999999985,7,474.52999999999946,2opt,notBad
4092,7,487.40999999999985,7,474.52999999999946,2opt,notBad
4093,7,487.40999999999985,7,474.52999999999946,move,improve
4094,7,487.40999999999985,7,474.52999999999946,move,improve
4095,7,487.40999999999985,7,474.52999999999946,move,improve
4096,7,483.74999999999994,7,474.52999999999946,move,improve
4097,7,483.74999999999994,7,474.52999999999946,swap,notBad
4098,7,483.74999999999994,7,474.52999999999946,swap,notBad
4099,7,483.74999999999994,7,474.52999999999946,2opt,improve
4100,7,483.74999999999994,7,474.52999999999946,2opt,notBad
4101,7,483.74999999999994,7,474.52999999999946,move,improve
4102,7,482.80999999999966,7,474.52999999999946,move,improve
4103,7,482.80999999999966,7,474.52999999999946,swap,notBad
4104,7,482.80999999999966,7,474.52999999999946,move,improve
4105,7,482.80999999999966,7,474.52999999999946,swap,notBad
4106,7,482.80999999999966,7,474.52999999999946,2opt,notBad
4107,7,482.80999999999966,7,474.52999999999946,2opt,notBad
4108,7,482.80999999999966,7,474.52999999999946,2opt,notBad
4109,7,481.1299999999996,7,474.52999999999946,move,improve
4110,7,481.1299999999996,7,474.52999999999946,2opt,notBad
4111,7,481.1299999999996,7,474.52999999999946,2opt,notBad
4112,7,478.8199999999996,7,474.52999999999946,move,improve
4113,7,478.8199999999996,7,474.52999999999946,2opt,notBad
4114,7,478.8199999999996,7,474.52999999999946,move,improve
4115,7,478.8199999999996,7,474.52999999999946,2opt,notBad
4116,7,478.8199999999996,7,474.52999999999946,swap,notBad
4117,7,478.8199999999996,7,474.52999999999946,move,improve
4118,7,478.8199999999996,7,474.52999999999946,swap,notBad
4119,7,478.8199999999996,7,474.52999999999946,2opt,notBad
4120,7,478.8199999999996,7,474.52999999999946,swap,notBad
4121,7,478.8199999999996,7,474.52999999999946,move,improve
4122,7,478.8199999999996,7,474.52999999999946,swap,notBad
4123,7,478.8199999999996,7,474.52999999999946,move,improve
4124,7,478.8199999999996,7,474.52999999999946,2opt,notBad
4125,7,478.8199999999996,7,474.52999999999946,move,improve
4126,7,484.8199999999996,7,474.52999999999946,swap,acceptBad
4127,7,484.8199999999996,7,474.52999999999946,move,improve
4128,7,484.21999999999963,7,474.52999999999946,move,improve
4129,7,484.21999999999963,7,474.52999999999946,move,improve
4130,7,484.21999999999963,7,474.52999999999946,swap,notBad
4131,7,484.21999999999963,7,474.52999999999946,move,improve
4132,7,484.21999999999963,7,474.52999999999946,2opt,notBad
4133,7,484.21999999999963,7,474.52999999999946,swap,notBad
4134,7,484.21999999999963,7,474.52999999999946,swap,notBad
4135,7,484.21999999999963,7,474.52999999999946,move,improve
4136,7,484.21999999999963,7,474.52999999999946,2opt,notBad
4137,7,486.5899999999996,7,474.52999999999946,2opt,acceptBad
4138,7,486.5899999999996,7,474.52999999999946,move,improve
4139,7,486.5899999999996,7,474.52999999999946,2opt,notBad
4140,7,486.5899999999996,7,474.52999999999946,swap,notBad
4141,7,486.5899999999996,7,474.52999999999946,swap,notBad
4142,7,486.5899999999996,7,474.52999999999946,swap,notBad
4143,7,488.5399999999996,7,474.52999999999946,2opt,acceptBad
4144,7,488.5399999999996,7,474.52999999999946,move,improve
4145,7,488.5399999999996,7,474.52999999999946,move,improve
4146,7,488.5399999999996,7,474.52999999999946,swap,notBad
4147,7,488.5399999999996,7,474.52999999999946,move,improve
4148,7,488.5399999999996,7,474.52999999999946,swap,notBad
4149,7,488.5399999999996,7,474.52999999999946,2opt,notBad
4150,7,488.5399999999996,7,474.52999999999946,swap,notBad
4151,7,488.5399999999996,7,474.52999999999946,2opt,notBad
4152,7,486.4099999999997,7,474.52999999999946,move,improve
4153,7,486.4099999999997,7,474.52999999999946,2opt,notBad
4154,7,480.2699999999997,7,474.52999999999946,swap,improve
4155,7,480.2699999999997,7,474.52999999999946,move,improve
4156,7,479.12999999999965,7,474.52999999999946,move,improve
4157,7,473.7299999999996,7,473.7299999999996,move,newBest
4158,7,473.7299999999996,7,473.7299999999996,swap,notBad
4159,7,473.7299999999996,7,473.7299999999996,2opt,notBad
4160,7,473.7299999999996,7,473.7299999999996,move,improve
4161,7,473.7299999999996,7,473.7299999999996,2opt,notBad
4162,7,473.7299999999996,7,473.7299999999996,2opt,improve
4163,7,473.7299999999996,7,473.7299999999996,swap,notBad
4164,7,473.7299999999996,7,473.7299999999996,2opt,notBad
4165,7,473.7299999999996,7,473.7299999999996,move,improve
4166,7,473.7299999999996,7,473.7299999999996,move,improve
4167,7,473.7299999999996,7,473.7299999999996,2opt,improve
4168,7,473.7299999999996,7,473.7299999999996,2opt,notBad
4169,7,471.4799999999996,7,471.4799999999996,move,newBest
4170,7,471.4799999999996,7,471.4799999999996,2opt,improve
4171,7,471.4799999999996,7,471.4799999999996,swap,notBad
4172,7,471.4799999999996,7,471.4799999999996,2opt,notBad
4173,7,471.4799999999996,7,471.4799999999996,move,improve
4174,7,471.4799999999996,7,471.4799999999996,swap,notBad
4175,7,467.5199999999997,7,467.5199999999997,move,newBest
4176,7,467.5199999999997,7,467.5199999999997,move,improve
4177,7,464.4599999999997,7,464.4599999999997,move,newBest
4178,7,467.39999999999964,7,464.4599999999997,swap,acceptBad
4179,7,467.39999999999964,7,464.4599999999997,swap,notBad
4180,7,458.7299999999997,7,458.7299999999997,move,newBest
4181,7,458.7299999999997,7,458.7299999999997,move,improve
4182,7,458.7299999999997,7,458.7299999999997,swap,notBad
4183,7,458.7299999999997,7,458.7299999999997,move,improve
4184,7,458.7299999999997,7,458.7299999999997,swap,notBad
4185,7,458.7299999999997,7,458.7299999999997,2opt,notBad
4186,7,458.7299999999997,7,458.7299999999997,swap,notBad
4187,7,458.7299999999997,7,458.7299999999997,2opt,notBad
4188,7,458.7299999999997,7,458.7299999999997,2opt,notBad
4189,7,458.7299999999997,7,458.7299999999997,2opt,notBad
4190,7,458.7299999999997,7,458.7299999999997,move,improve
4191,7,458.7299999999997,7,458.7299999999997,2opt,notBad
4192,7,458.7299999999997,7,458.7299999999997,move,improve
4193,7,458.7299999999997,7,458.7299999999997,swap,notBad
4194,7,458.96999999999963,7,458.7299999999997,2opt,acceptBad
4195,7,458.96999999999963,7,458.7299999999997,swap,notBad
4196,7,458.96999999999963,7,458.7299999999997,swap,notBad
4197,7,458.96999999999963,7,458.7299999999997,move,improve
4198,7,458.96999999999963,7,458.7299999999997,move,improve
4199,7,458.96999999999963,7,458.7299999999997,swap,notBad
4200,7,458.96999999999963,7,458.7299999999997,swap,notBad
4201,7,458.96999999999963,7,458.7299999999997,2opt,notBad
4202,7,460.46999999999963,7,458.7299999999997,swap,acceptBad
4203,7,460.46999999999963,7,458.7299999999997,2opt,notBad
4204,7,460.46999999999963,7,458.7299999999997,2opt,notBad
4205,7,460.46999999999963,7,458.7299999999997,2opt,notBad
4206,7,460.46999999999963,7,458.7299999999997,2opt,notBad
4207,7,460.46999999999963,7,458.7299999999997,swap,notBad
4208,7,460.46999999999963,7,458.7299999999997,2opt,notBad
4209,7,460.46999999999963,7,458.7299999999997,swap,notBad
4210,7,456.2999999999996,7,456.2999999999996,move,newBest
4211,7,456.2999999999996,7,456.2999999999996,2opt,notBad
4212,7,456.2999999999996,7,456.2999999999996,move,improve
4213,7,454.6799999999996,7,454.6799999999996,move,newBest
4214,7,454.6799999999996,7,454.6799999999996,move,improve
4215,7,454.6799999999996,7,454.6799999999996,move,improve
4216,7,454.6799999999996,7,454.6799999999996,move,improve
4217,7,454.6799999999996,7,454.6799999999996,move,improve
4218,7,454.6799999999996,7,454.6799999999996,move,improve
4219,7,454.6799999999996,7,454.6799999999996,swap,notBad
4220,7,454.6799999999996,7,454.6799999999996,2opt,notBad
4221,7,456.9599999999996,7,454.6799999999996,swap,acceptBad
4222,7,456.9599999999996,7,454.6799999999996,move,improve
4223,7,456.9599999999996,7,454.6799999999996,2opt,notBad
4224,7,456.9599999999996,7,454.6799999999996,move,improve
4225,7,456.9599999999996,7,454.6799999999996,move,improve
4226,7,456.9599999999996,7,454.6799999999996,move,improve
4227,7,456.9599999999996,7,454.6799999999996,swap,notBad
4228,7,456.9599999999996,7,454.6799999999996,move,improve
4229,7,456.9599999999996,7,454.6799999999996,swap,notBad
4230,7,456.9599999999996,7,454.6799999999996,2opt,notBad
4231,7,456.9599999999996,7,454.6799999999996,move,improve
4232,7,456.9599999999996,7,454.6799999999996,move,improve
4233,7,456.9599999999996,7,454.6799999999996,move,improve
4234,7,456.9599999999996,7,454.6799999999996,swap,notBad
4235,7,456.9599999999996,7,454.6799999999996,swap,notBad
4236,7,464.0699999999996,7,454.6799999999996,swap,acceptBad
4237,7,464.0699999999996,7,454.6799999999996,move,improve
4238,7,464.0699999999996,7,454.6799999999996,swap,notBad
4239,7,464.0699999999996,7,454.6799999999996,2opt,improve
4240,7,464.0699999999996,7,454.6799999999996,2opt,notBad
4241,7,464.0699999999996,7,454.6799999999996,swap,notBad
4242,7,464.0699999999996,7,454.6799999999996,move,improve
4243,7,464.0699999999996,7,454.6799999999996,move,improve
4244,7,467.1899999999996,7,454.6799999999996,swap,acceptBad
4245,7,467.1899999999996,7,454.6799999999996,swap,notBad
4246,7,467.1899999999996,7,454.6799999999996,swap,notBad
4247,7,467.1899999999996,7,454.6799999999996,swap,notBad
4248,7,467.1899999999996,7,454.6799999999996,swap,notBad
4249,7,467.1899999999996,7,454.6799999999996,2opt,notBad
4250,7,466.97999999999956,7,454.6799999999996,swap,improve
4251,7,466.97999999999956,7,454.6799999999996,move,improve
4252,7,470.0699999999996,7,454.6799999999996,swap,acceptBad
4253,7,466.8599999999996,7,454.6799999999996,swap,improve
4254,7,466.8599999999996,7,454.6799999999996,2opt,notBad
4255,7,466.8599999999996,7,454.6799999999996,move,improve
4256,7,466.8599999999996,7,454.6799999999996,2opt,improve
4257,7,466.8599999999996,7,454.6799999999996,swap,notBad
4258,7,466.8599999999996,7,454.6799999999996,move,improve
4259,7,466.8599999999996,7,454.6799999999996,2opt,notBad
4260,7,466.8599999999996,7,454.6799999999996,2opt,notBad
4261,7,466.8599999999996,7,454.6799999999996,2opt,notBad
4262,7,466.8599999999996,7,454.6799999999996,swap,notBad
4263,7,466.8599999999996,7,454.6799999999996,swap,notBad
4264,7,466.8599999999996,7,454.6799999999996,2opt,notBad
4265,7,469.77999999999986,7,454.6799999999996,swap,acceptBad
4266,7,469.77999999999986,7,454.6799999999996,2opt,notBad
4267,7,469.77999999999986,7,454.6799999999996,2opt,notBad
4268,7,467.4099999999998,7,454.6799999999996,move,improve
4269,7,467.4099999999998,7,454.6799999999996,swap,notBad
4270,7,467.4099999999998,7,454.6799999999996,move,improve
4271,7,467.4099999999998,7,454.6799999999996,2opt,notBad
4272,7,467.4099999999998,7,454.6799999999996,2opt,notBad
4273,7,467.4099999999998,7,454.6799999999996,swap,notBad
4274,7,467.4099999999998,7,454.6799999999996,2opt,notBad
4275,7,467.4099999999998,7,454.6799999999996,swap,notBad
4276,7,467.4099999999998,7,454.6799999999996,2opt,notBad
4277,7,467.4099999999998,7,454.6799999999996,2opt,notBad
4278,7,467.4099999999998,7,454.6799999999996,2opt,notBad
4279,7,467.4099999999998,7,454.6799999999996,swap,notBad
4280,7,464.7599999999996,7,454.6799999999996,move,improve
4281,7,464.7599999999996,7,454.6799999999996,move,improve
4282,7,464.7599999999996,7,454.6799999999996,move,improve
4283,7,464.7599999999996,7,454.6799999999996,swap,notBad
4284,7,464.7599999999996,7,454.6799999999996,2opt,notBad
4285,7,464.7599999999996,7,454.6799999999996,move,improve
4286,7,464.7599999999996,7,454.6799999999996,2opt,notBad
4287,7,464.7599999999996,7,454.6799999999996,swap,notBad
4288,7,464.7599999999996,7,454.6799999999996,swap,notBad
4289,7,464.7599999999996,7,454.6799999999996,swap,notBad
4290,7,464.7599999999996,7,454.6799999999996,2opt,notBad
4291,7,464.7599999999996,7,454.6799999999996,2opt,notBad
4292,7,464.7599999999996,7,454.6799999999996,swap,notBad
4293,7,464.7599999999996,7,454.6799999999996,move,improve
4294,7,464.7599999999996,7,454.6799999999996,2opt,notBad
4295,7,464.7599999999996,7,454.6799999999996,2opt,notBad
4296,7,461.3999999999996,7,454.6799999999996,2opt,improve
4297,7,461.3999999999996,7,454.6799999999996,move,improve
4298,7,461.3999999999996,7,454.6799999999996,move,improve
4299,7,461.3999999999996,7,454.6799999999996,2opt,notBad
4300,7,459.23999999999955,7,454.6799999999996,move,improve
4301,7,459.23999999999955,7,454.6799999999996,move,improve
4302,7,459.23999999999955,7,454.6799999999996,2opt,notBad
4303,7,459.23999999999955,7,454.6799999999996,swap,notBad
4304,7,459.23999999999955,7,454.6799999999996,move,improve
4305,7,459.23999999999955,7,454.6799999999996,move,improve
4306,7,459.23999999999955,7,454.6799999999996,move,improve
4307,7,456.7199999999996,7,454.6799999999996,move,improve
4308,7,456.7199999999996,7,454.6799999999996,2opt,notBad
4309,7,456.7199999999996,7,454.6799999999996,move,improve
4310,7,456.7199999999996,7,454.6799999999996,2opt,notBad
4311,7,456.7199999999996,7,454.6799999999996,move,improve
4312,7,456.7199999999996,7,454.6799999999996,2opt,notBad
4313,7,454.28999999999957,7,454.28999999999957,move,newBest
4314,7,454.28999999999957,7,454.28999999999957,2opt,notBad
4315,7,451.1999999999996,7,451.1999999999996,move,newBest
4316,7,451.1999999999996,7,451.1999999999996,2opt,notBad
4317,7,451.1999999999996,7,451.1999999999996,move,improve
4318,7,451.1999999999996,7,451.1999999999996,move,improve
4319,7,448.8599999999996,7,448.8599999999996,move,newBest
4320,7,448.8599999999996,7,448.8599999999996,move,improve
4321,7,448.8599999999996,7,448.8599999999996,move,improve
4322,7,448.8599999999996,7,448.8599999999996,swap,notBad
4323,7,448.8599999999996,7,448.8599999999996,move,improve
4324,7,448.8599999999996,7,448.8599999999996,move,improve
4325,7,453.26999999999964,7,448.8599999999996,swap,acceptBad
4326,7,453.26999999999964,7,448.8599999999996,move,improve
4327,7,453.26999999999964,7,448.8599999999996,swap,notBad
4328,7,453.26999999999964,7,448.8599999999996,swap,notBad
4329,7,453.26999999999964,7,448.8599999999996,2opt,notBad
4330,7,453.26999999999964,7,448.8599999999996,swap,notBad
4331,7,453.26999999999964,7,448.8599999999996,swap,notBad
4332,7,453.26999999999964,7,448.8599999999996,2opt,notBad
4333,7,453.26999999999964,7,448.8599999999996,move,improve
4334,7,453.26999999999964,7,448.8599999999996,swap,notBad
4335,7,453.26999999999964,7,448.8599999999996,swap,notBad
4336,7,453.26999999999964,7,448.8599999999996,move,improve
4337,7,453.26999999999964,7,448.8599999999996,swap,notBad
4338,7,453.26999999999964,7,448.8599999999996,move,improve
4339,7,453.26999999999964,7,448.8599999999996,2opt,notBad
4340,7,453.26999999999964,7,448.8599999999996,move,improve
4341,7,453.26999999999964,7,448.8599999999996,2opt,notBad
4342,7,453.26999999999964,7,448.8599999999996,2opt,notBad
4343,7,453.26999999999964,7,448.8599999999996,move,improve
4344,7,453.26999999999964,7,448.8599999999996,swap,notBad
4345,7,453.26999999999964,7,448.8599999999996,2opt,notBad
4346,7,453.26999999999964,7,448.8599999999996,move,improve
4347,7,453.26999999999964,7,448.8599999999996,swap,notBad
4348,7,453.26999999999964,7,448.8599999999996,2opt,notBad
4349,7,453.26999999999964,7,448.8599999999996,swap,notBad
4350,7,453.26999999999964,7,448.8599999999996,swap,notBad
4351,7,453.26999999999964,7,448.8599999999996,move,improve
4352,7,453.26999999999964,7,448.8599999999996,swap,notBad
4353,7,453.26999999999964,7,448.8599999999996,2opt,improve
4354,7,453.26999999999964,7,448.8599999999996,swap,notBad
4355,7,453.26999999999964,7,448.8599999999996,2opt,notBad
4356,7,453.26999999999964,7,448.8599999999996,move,notBad
4357,7,453.26999999999964,7,448.8599999999996,swap,notBad
4358,7,453.26999999999964,7,448.8599999999996,swap,notBad
4359,7,453.26999999999964,7,448.8599999999996,2opt,notBad
4360,7,453.26999999999964,7,448.8599999999996,2opt,notBad
4361,7,453.26999999999964,7,448.8599999999996,2opt,notBad
4362,7,453.26999999999964,7,448.8599999999996,2opt,notBad
4363,7,453.26999999999964,7,448.8599999999996,2opt,notBad
4364,7,453.26999999999964,7,448.8599999999996,move,improve
4365,7,453.26999999999964,7,448.8599999999996,move,improve
4366,7,453.26999999999964,7,448.8599999999996,2opt,notBad
4367,7,453.26999999999964,7,448.8599999999996,2opt,notBad
4368,7,456.4499999999996,7,448.8599999999996,swap,acceptBad
4369,7,456.4499999999996,7,448.8599999999996,swap,notBad
4370,7,456.4499999999996,7,448.8599999999996,2opt,notBad
4371,7,459.92999999999955,7,448.8599999999996,swap,acceptBad
4372,7,459.92999999999955,7,448.8599999999996,2opt,notBad
4373,7,459.92999999999955,7,448.8599999999996,move,improve
4374,7,459.92999999999955,7,448.8599999999996,2opt,notBad
4375,7,459.92999999999955,7,448.8599999999996,move,improve
4376,7,459.92999999999955,7,448.8599999999996,swap,notBad
4377,7,459.7499999999996,7,448.8599999999996,move,improve
4378,7,459.7499999999996,7,448.8599999999996,swap,notBad
4379,7,459.7499999999996,7,448.8599999999996,2opt,notBad
4380,7,459.7499999999996,7,448.8599999999996,swap,notBad
4381,7,459.7499999999996,7,448.8599999999996,2opt,notBad
4382,7,459.7499999999996,7,448.8599999999996,2opt,notBad
4383,7,459.7499999999996,7,448.8599999999996,swap,notBad
4384,7,458.55999999999983,7,448.8599999999996,swap,improve
4385,7,458.55999999999983,7,448.8599999999996,2opt,notBad
4386,7,458.55999999999983,7,448.8599999999996,swap,notBad
4387,7,458.55999999999983,7,448.8599999999996,2opt,notBad
4388,7,448.1799999999999,7,448.1799999999999,swap,newBest
4389,7,448.1799999999999,7,448.1799999999999,move,improve
4390,7,448.1799999999999,7,448.1799999999999,swap,notBad
4391,7,448.1799999999999,7,448.1799999999999,move,improve
4392,7,448.1799999999999,7,448.1799999999999,move,notBad
4393,7,448.1799999999999,7,448.1799999999999,swap,notBad
4394,7,448.1799999999999,7,448.1799999999999,swap,notBad
4395,7,448.1799999999999,7,448.1799999999999,swap,notBad
4396,7,448.1799999999999,7,448.1799999999999,swap,notBad
4397,7,448.1799999999999,7,448.1799999999999,swap,notBad
4398,7,448.1799999999999,7,448.1799999999999,move,improve
4399,7,448.1799999999999,7,448.1799999999999,swap,notBad
4400,7,448.1799999999999,7,448.1799999999999,move,improve
4401,7,448.1799999999999,7,448.1799999999999,2opt,improve
4402,7,443.3799999999999,7,443.3799999999999,move,newBest
4403,7,443.3799999999999,7,443.3799999999999,2opt,improve
4404,7,443.3799999999999,7,443.3799999999999,swap,notBad
4405,7,443.3799999999999,7,443.3799999999999,2opt,improve
4406,7,443.3799999999999,7,443.3799999999999,2opt,notBad
4407,7,443.3799999999999,7,443.3799999999999,2opt,notBad
4408,7,443.3799999999999,7,443.3799999999999,2opt,notBad
4409,7,443.3799999999999,7,443.3799999999999,move,improve
4410,7,443.3799999999999,7,443.3799999999999,move,improve
4411,7,443.3799999999999,7,443.3799999999999,2opt,notBad
4412,7,443.3799999999999,7,443.3799999999999,move,improve
4413,7,443.3799999999999,7,443.3799999999999,move,improve
4414,7,443.3799999999999,7,443.3799999999999,move,improve
4415,7,443.3799999999999,7,443.3799999999999,2opt,notBad
4416,7,443.3799999999999,7,443.3799999999999,2opt,notBad
4417,7,443.3799999999999,7,443.3799999999999,swap,notBad
4418,7,443.3799999999999,7,443.3799999999999,2opt,notBad
4419,7,443.3799999999999,7,443.3799999999999,2opt,notBad
4420,7,443.3799999999999,7,443.3799999999999,2opt,notBad
4421,7,443.3799999999999,7,443.3799999999999,2opt,notBad
4422,7,443.3799999999999,7,443.3799999999999,2opt,notBad
4423,7,443.3799999999999,7,443.3799999999999,2opt,notBad
4424,7,443.3799999999999,7,443.3799999999999,swap,notBad
4425,7,443.3799999999999,7,443.3799999999999,2opt,improve
4426,7,443.3799999999999,7,443.3799999999999,2opt,notBad
4427,7,443.3799999999999,7,443.3799999999999,move,notBad
4428,7,443.3799999999999,7,443.3799999999999,move,improve
4429,7,443.3799999999999,7,443.3799999999999,swap,notBad
4430,7,443.3799999999999,7,443.3799999999999,2opt,notBad
4431,7,443.3799999999999,7,443.3799999999999,swap,notBad
4432,7,443.3799999999999,7,443.3799999999999,swap,notBad
4433,7,443.3799999999999,7,443.3799999999999,2opt,notBad
4434,7,443.3799999999999,7,443.3799999999999,move,improve
4435,7,443.3799999999999,7,443.3799999999999,move,improve
4436,7,443.3799999999999,7,443.3799999999999,2opt,notBad
4437,7,443.3799999999999,7,443.3799999999999,2opt,notBad
4438,7,443.3799999999999,7,443.3799999999999,2opt,notBad
4439,7,443.3799999999999,7,443.3799999999999,2opt,notBad
4440,7,443.3799999999999,7,443.3799999999999,2opt,notBad
4441,7,443.3799999999999,7,443.3799999999999,swap,notBad
4442,7,443.3799999999999,7,443.3799999999999,move,improve
4443,7,443.3799999999999,7,443.3799999999999,2opt,notBad
4444,7,443.3799999999999,7,443.3799999999999,swap,notBad
4445,7,443.3799999999999,7,443.3799999999999,move,improve
4446,7,443.3799999999999,7,443.3799999999999,move,improve
4447,7,448.80999999999983,7,443.3799999999999,swap,acceptBad
4448,7,448.80999999999983,7,443.3799999999999,move,improve
4449,7,448.80999999999983,7,443.3799999999999,2opt,notBad
4450,7,448.80999999999983,7,443.3799999999999,move,improve
4451,7,448.80999999999983,7,443.3799999999999,2opt,notBad
4452,7,448.80999999999983,7,443.3799999999999,2opt,notBad
4453,7,448.80999999999983,7,443.3799999999999,move,improve
4454,7,448.80999999999983,7,443.3799999999999,move,improve
4455,7,448.80999999999983,7,443.3799999999999,swap,notBad
4456,7,448.80999999999983,7,443.3799999999999,2opt,notBad
4457,7,448.80999999999983,7,443.3799999999999,2opt,notBad
4458,7,448.80999999999983,7,443.3799999999999,swap,notBad
4459,7,448.80999999999983,7,443.3799999999999,move,improve
4460,7,448.80999999999983,7,443.3799999999999,move,improve
4461,7,448.80999999999983,7,443.3799999999999,2opt,improve
4462,7,448.80999999999983,7,443.3799999999999,2opt,notBad
4463,7,448.80999999999983,7,443.3799999999999,2opt,notBad
4464,7,448.80999999999983,7,443.3799999999999,move,improve
4465,7,448.80999999999983,7,443.3799999999999,move,improve
4466,7,448.80999999999983,7,443.3799999999999,swap,notBad
4467,7,448.80999999999983,7,443.3799999999999,2opt,notBad
4468,7,448.80999999999983,7,443.3799999999999,swap,notBad
4469,7,448.80999999999983,7,443.3799999999999,2opt,notBad
4470,7,448.80999999999983,7,443.3799999999999,2opt,notBad
4471,7,446.2899999999999,7,443.3799999999999,move,improve
4472,7,446.2899999999999,7,443.3799999999999,swap,notBad
4473,7,446.2899999999999,7,443.3799999999999,2opt,improve
4474,7,446.2899999999999,7,443.3799999999999,swap,notBad
4475,7,446.2899999999999,7,443.3799999999999,2opt,notBad
4476,7,446.2899999999999,7,443.3799999999999,2opt,notBad
4477,7,446.2899999999999,7,443.3799999999999,move,improve
4478,7,446.2899999999999,7,443.3799999999999,move,improve
4479,7,446.2899999999999,7,443.3799999999999,move,improve
4480,7,446.2899999999999,7,443.3799999999999,move,improve
4481,7,446.2899999999999,7,443.3799999999999,move,improve
4482,7,442.5999999999999,7,442.5999999999999,move,newBest
4483,7,442.5999999999999,7,442.5999999999999,2opt,notBad
4484,7,442.5999999999999,7,442.5999999999999,2opt,notBad
4485,7,442.5999999999999,7,442.5999999999999,swap,notBad
4486,7,442.5999999999999,7,442.5999999999999,2opt,notBad
4487,7,442.5999999999999,7,442.5999999999999,move,improve
4488,7,442.5999999999999,7,442.5999999999999,move,improve
4489,7,442.5999999999999,7,442.5999999999999,move,improve
4490,7,442.5999999999999,7,442.5999999999999,2opt,notBad
4491,7,440.1399999999999,7,440.1399999999999,move,newBest
4492,7,440.1399999999999,7,440.1399999999999,swap,notBad
4493,7,440.1399999999999,7,440.1399999999999,swap,notBad
4494,7,440.1399999999999,7,440.1399999999999,2opt,notBad
4495,7,440.1399999999999,7,440.1399999999999,swap,notBad
4496,7,440.1399999999999,7,440.1399999999999,2opt,notBad
4497,7,440.1399999999999,7,440.1399999999999,swap,notBad
4498,7,440.1399999999999,7,440.1399999999999,move,improve
4499,7,440.1399999999999,7,440.1399999999999,move,improve
4500,7,440.1399999999999,7,440.1399999999999,swap,notBad
4501,7,440.1399999999999,7,440.1399999999999,swap,notBad
4502,7,440.1399999999999,7,440.1399999999999,swap,notBad
4503,7,438.3999999999999,7,438.3999999999999,move,newBest
4504,7,438.3999999999999,7,438.3999999999999,2opt,notBad
4505,7,438.3999999999999,7,438.3999999999999,swap,notBad
4506,7,438.3999999999999,7,438.3999999999999,swap,notBad
4507,7,438.3999999999999,7,438.3999999999999,swap,notBad
4508,7,443.07999999999987,7,438.3999999999999,swap,acceptBad
4509,7,443.07999999999987,7,438.3999999999999,2opt,improve
4510,7,443.07999999999987,7,438.3999999999999,move,improve
4511,7,443.07999999999987,7,438.3999999999999,2opt,notBad
4512,7,443.07999999999987,7,438.3999999999999,2opt,notBad
4513,7,443.07999999999987,7,438.3999999999999,move,improve
4514,7,443.07999999999987,7,438.3999999999999,swap,notBad
4515,7,443.07999999999987,7,438.3999999999999,move,improve
4516,7,443.07999999999987,7,438.3999999999999,move,improve
4517,7,447.27999999999986,7,438.3999999999999,swap,acceptBad
4518,7,447.27999999999986,7,438.3999999999999,move,improve
4519,7,447.27999999999986,7,438.3999999999999,move,improve
4520,7,447.27999999999986,7,438.3999999999999,move,improve
4521,7,447.27999999999986,7,438.3999999999999,swap,notBad
4522,7,447.27999999999986,7,438.3999999999999,swap,notBad
4523,7,447.27999999999986,7,438.3999999999999,2opt,improve
4524,7,447.27999999999986,7,438.3999999999999,swap,notBad
4525,7,447.27999999999986,7,438.3999999999999,2opt,notBad
4526,7,447.27999999999986,7,438.3999999999999,2opt,notBad
4527,7,447.27999999999986,7,438.3999999999999,2opt,notBad
4528,7,447.27999999999986,7,438.3999999999999,2opt,notBad
4529,7,444.1899999999998,7,438.3999999999999,swap,improve
4530,7,444.1899999999998,7,438.3999999999999,2opt,notBad
4531,7,444.1899999999998,7,438.3999999999999,move,improve
4532,7,444.1899999999998,7,438.3999999999999,swap,notBad
4533,7,444.1899999999998,7,438.3999999999999,move,improve
4534,7,444.1899999999998,7,438.3999999999999,move,improve
4535,7,444.1899999999998,7,438.3999999999999,2opt,notBad
4536,7,444.1899999999998,7,438.3999999999999,swap,notBad
4537,7,444.1899999999998,7,438.3999999999999,swap,notBad
4538,7,444.1899999999998,7,438.3999999999999,move,improve
4539,7,444.1899999999998,7,438.3999999999999,swap,notBad
4540,7,444.1899999999998,7,438.3999999999999,2opt,notBad
4541,7,444.1899999999998,7,438.3999999999999,2opt,notBad
4542,7,444.15999999999997,7,438.3999999999999,2opt,improve
4543,7,444.15999999999997,7,438.3999999999999,move,improve
4544,7,444.15999999999997,7,438.3999999999999,swap,notBad
4545,7,444.15999999999997,7,438.3999999999999,move,improve
4546,7,444.15999999999997,7,438.3999999999999,move,notBad
4547,7,444.15999999999997,7,438.3999999999999,move,improve
4548,7,445.0599999999999,7,438.3999999999999,swap,acceptBad
4549,7,445.0599999999999,7,438.3999999999999,swap,notBad
4550,7,443.6499999999999,7,438.3999999999999,move,improve
4551,7,444.5199999999999,7,438.3999999999999,swap,acceptBad
4552,7,444.5199999999999,7,438.3999999999999,swap,notBad
4553,7,444.5199999999999,7,438.3999999999999,move,improve
4554,7,444.5199999999999,7,438.3999999999999,2opt,notBad
4555,7,444.5199999999999,7,438.3999999999999,2opt,notBad
4556,7,444.5199999999999,7,438.3999999999999,2opt,notBad
4557,7,444.5199999999999,7,438.3999999999999,2opt,notBad
4558,7,444.5199999999999,7,438.3999999999999,move,improve
4559,7,447.6099999999997,7,438.3999999999999,swap,acceptBad
4560,7,447.6099999999997,7,438.3999999999999,move,improve
4561,7,447.6099999999997,7,438.3999999999999,2opt,notBad
4562,7,447.6099999999997,7,438.3999999999999,move,improve
4563,7,447.6099999999997,7,438.3999999999999,move,improve
4564,7,447.6099999999997,7,438.3999999999999,2opt,notBad
4565,7,447.6099999999997,7,438.3999999999999,2opt,notBad
4566,7,447.6099999999997,7,438.3999999999999,swap,notBad
4567,7,447.2499999999996,7,438.3999999999999,2opt,improve
4568,7,447.7799999999999,7,438.3999999999999,2opt,acceptBad
4569,7,447.7799999999999,7,438.3999999999999,2opt,notBad
4570,7,447.7799999999999,7,438.3999999999999,swap,notBad
4571,7,447.7799999999999,7,438.3999999999999,swap,notBad
4572,7,447.7799999999999,7,438.3999999999999,2opt,notBad
4573,7,447.7799999999999,7,438.3999999999999,2opt,notBad
4574,7,447.7799999999999,7,438.3999999999999,swap,notBad
4575,7,447.7799999999999,7,438.3999999999999,2opt,notBad
4576,7,447.7799999999999,7,438.3999999999999,swap,notBad
4577,7,447.7799999999999,7,438.3999999999999,swap,notBad
4578,7,447.7799999999999,7,438.3999999999999,move,improve
4579,7,447.7799999999999,7,438.3999999999999,move,improve
4580,7,447.7799999999999,7,438.3999999999999,swap,notBad
4581,7,447.7799999999999,7,438.3999999999999,move,improve
4582,7,450.2999999999999,7,438.3999999999999,swap,acceptBad
4583,7,450.2999999999999,7,438.3999999999999,2opt,improve
4584,7,450.2999999999999,7,438.3999999999999,move,improve
4585,7,450.2999999999999,7,438.3999999999999,2opt,notBad
4586,7,450.2999999999999,7,438.3999999999999,move,improve
4587,7,450.2999999999999,7,438.3999999999999,swap,notBad
4588,7,450.2999999999999,7,438.3999999999999,move,improve
4589,7,450.2999999999999,7,438.3999999999999,move,improve
4590,7,450.2999999999999,7,438.3999999999999,move,improve
4591,7,450.2999999999999,7,438.3999999999999,swap,notBad
4592,7,450.2999999999999,7,438.3999999999999,2opt,notBad
4593,7,450.2999999999999,7,438.3999999999999,2opt,notBad
4594,7,450.2999999999999,7,438.3999999999999,2opt,notBad
4595,7,450.2999999999999,7,438.3999999999999,move,improve
4596,7,450.2999999999999,7,438.3999999999999,swap,notBad
4597,7,450.2999999999999,7,438.3999999999999,2opt,notBad
4598,7,450.2999999999999,7,438.3999999999999,2opt,notBad
4599,7,450.2999999999999,7,438.3999999999999,move,improve
4600,7,450.2399999999999,7,438.3999999999999,move,improve
4601,7,450.2399999999999,7,438.3999999999999,2opt,notBad
4602,7,450.2399999999999,7,438.3999999999999,2opt,notBad
4603,7,450.2399999999999,7,438.3999999999999,move,improve
4604,7,450.2399999999999,7,438.3999999999999,swap,notBad
4605,7,450.2399999999999,7,438.3999999999999,2opt,notBad
4606,7,450.2399999999999,7,438.3999999999999,swap,notBad
4607,7,450.2399999999999,7,438.3999999999999,move,improve
4608,7,448.1999999999999,7,438.3999999999999,move,improve
4609,7,448.1999999999999,7,438.3999999999999,move,improve
4610,7,445.67999999999995,7,438.3999999999999,swap,improve
4611,7,444.3599999999999,7,438.3999999999999,move,improve
4612,7,444.3599999999999,7,438.3999999999999,move,improve
4613,7,444.3599999999999,7,438.3999999999999,2opt,notBad
4614,7,444.3599999999999,7,438.3999999999999,swap,notBad
4615,7,444.3599999999999,7,438.3999999999999,2opt,notBad
4616,7,444.3599999999999,7,438.3999999999999,move,improve
4617,7,444.3599999999999,7,438.3999999999999,2opt,improve
4618,7,444.3599999999999,7,438.3999999999999,move,improve
4619,7,444.3599999999999,7,438.3999999999999,2opt,improve
4620,7,444.3599999999999,7,438.3999999999999,move,improve
4621,7,444.3599999999999,7,438.3999999999999,2opt,notBad
4622,7,444.3599999999999,7,438.3999999999999,swap,notBad
4623,7,444.3599999999999,7,438.3999999999999,2opt,notBad
4624,7,444.3599999999999,7,438.3999999999999,move,improve
4625,7,444.3599999999999,7,438.3999999999999,swap,notBad
4626,7,444.3599999999999,7,438.3999999999999,swap,notBad
4627,7,444.3599999999999,7,438.3999999999999,move,improve
4628,7,444.29999999999995,7,438.3999999999999,2opt,improve
4629,7,444.29999999999995,7,438.3999999999999,swap,notBad
4630,7,444.29999999999995,7,438.3999999999999,2opt,notBad
4631,7,444.29999999999995,7,438.3999999999999,2opt,notBad
4632,7,444.29999999999995,7,438.3999999999999,2opt,improve
4633,7,444.29999999999995,7,438.3999999999999,move,improve
4634,7,444.29999999999995,7,438.3999999999999,move,improve
4635,7,444.29999999999995,7,438.3999999999999,swap,notBad
4636,7,444.29999999999995,7,438.3999999999999,move,improve
4637,7,444.29999999999995,7,438.3999999999999,swap,notBad
4638,7,444.29999999999995,7,438.3999999999999,2opt,notBad
4639,7,444.29999999999995,7,438.3999999999999,swap,notBad
4640,7,444.29999999999995,7,438.3999999999999,move,improve
4641,7,444.29999999999995,7,438.3999999999999,swap,notBad
4642,7,444.29999999999995,7,438.3999999999999,2opt,notBad
4643,7,444.29999999999995,7,438.3999999999999,2opt,notBad
4644,7,444.29999999999995,7,438.3999999999999,move,improve
4645,7,444.29999999999995,7,438.3999999999999,move,improve
4646,7,444.29999999999995,7,438.3999999999999,2opt,improve
4647,7,444.29999999999995,7,438.3999999999999,swap,notBad
4648,7,444.29999999999995,7,438.3999999999999,move,improve
4649,7,444.29999999999995,7,438.3999999999999,move,improve
4650,7,444.29999999999995,7,438.3999999999999,2opt,notBad
4651,7,444.29999999999995,7,438.3999999999999,swap,notBad
4652,7,444.29999999999995,7,438.3999999999999,2opt,improve
4653,7,444.29999999999995,7,438.3999999999999,swap,notBad
4654,7,444.29999999999995,7,438.3999999999999,swap,notBad
4655,7,444.29999999999995,7,438.3999999999999,move,improve
4656,7,444.29999999999995,7,438.3999999999999,move,improve
4657,7,444.29999999999995,7,438.3999999999999,move,improve
4658,7,444.29999999999995,7,438.3999999999999,move,improve
4659,7,444.29999999999995,7,438.3999999999999,swap,notBad
4660,7,444.29999999999995,7,438.3999999999999,swap,notBad
4661,7,444.29999999999995,7,438.3999999999999,move,improve
4662,7,444.29999999999995,7,438.3999999999999,swap,notBad
4663,7,444.29999999999995,7,438.3999999999999,swap,notBad
4664,7,444.29999999999995,7,438.3999999999999,swap,notBad
4665,7,444.29999999999995,7,438.3999999999999,move,improve
4666,7,444.29999999999995,7,438.3999999999999,move,improve
4667,7,444.29999999999995,7,438.3999999999999,swap,notBad
4668,7,444.29999999999995,7,438.3999999999999,2opt,notBad
4669,7,444.29999999999995,7,438.3999999999999,move,improve
4670,7,444.29999999999995,7,438.3999999999999,2opt,notBad
4671,7,444.29999999999995,7,438.3999999999999,2opt,notBad
4672,7,444.29999999999995,7,438.3999999999999,2opt,notBad
4673,7,444.29999999999995,7,438.3999999999999,move,improve
4674,7,444.29999999999995,7,438.3999999999999,2opt,notBad
4675,7,444.29999999999995,7,438.3999999999999,move,improve
4676,7,444.29999999999995,7,438.3999999999999,move,improve
4677,7,444.29999999999995,7,438.3999999999999,swap,notBad
4678,7,444.29999999999995,7,438.3999999999999,swap,notBad
4679,7,444.29999999999995,7,438.3999999999999,2opt,notBad
4680,7,444.29999999999995,7,438.3999999999999,2opt,notBad
4681,7,444.29999999999995,7,438.3999999999999,move,improve
4682,7,444.29999999999995,7,438.3999999999999,move,improve
4683,7,444.29999999999995,7,438.3999999999999,2opt,improve
4684,7,445.2,7,438.3999999999999,2opt,acceptBad
4685,7,443.48999999999995,7,438.3999999999999,move,improve
4686,7,443.48999999999995,7,438.3999999999999,2opt,notBad
4687,7,443.48999999999995,7,438.3999999999999,swap,notBad
4688,7,443.48999999999995,7,438.3999999999999,2opt,notBad
4689,7,443.48999999999995,7,438.3999999999999,move,improve
4690,7,443.48999999999995,7,438.3999999999999,swap,notBad
4691,7,443.48999999999995,7,438.3999999999999,swap,notBad
4692,7,443.48999999999995,7,438.3999999999999,swap,notBad
4693,7,441.2699999999997,7,438.3999999999999,swap,improve
4694,7,441.2699999999997,7,438.3999999999999,swap,notBad
4695,7,441.2699999999997,7,438.3999999999999,2opt,notBad
4696,7,441.2699999999997,7,438.3999999999999,swap,notBad
4697,7,444.6899999999997,7,438.3999999999999,swap,acceptBad
4698,7,444.6899999999997,7,438.3999999999999,swap,notBad
4699,7,440.9699999999997,7,438.3999999999999,move,improve
4700,7,440.9699999999997,7,438.3999999999999,move,improve
4701,7,440.9699999999997,7,438.3999999999999,2opt,notBad
4702,7,440.9699999999997,7,438.3999999999999,swap,notBad
4703,7,440.9699999999997,7,438.3999999999999,swap,notBad
4704,7,440.9699999999997,7,438.3999999999999,2opt,notBad
4705,7,440.9699999999997,7,438.3999999999999,move,improve
4706,7,440.9699999999997,7,438.3999999999999,swap,notBad
4707,7,441.2399999999997,7,438.3999999999999,swap,acceptBad
4708,7,441.2399999999997,7,438.3999999999999,move,improve
4709,7,441.2399999999997,7,438.3999999999999,swap,notBad
4710,7,441.2399999999997,7,438.3999999999999,move,improve
4711,7,441.2399999999997,7,438.3999999999999,swap,notBad
4712,7,441.2399999999997,7,438.3999999999999,2opt,notBad
4713,7,422.9699999999995,7,422.9699999999995,swap,newBest
4714,7,422.9699999999995,7,422.9699999999995,swap,notBad
4715,7,422.9699999999995,7,422.9699999999995,swap,notBad
4716,7,422.9699999999995,7,422.9699999999995,swap,notBad
4717,7,422.9699999999995,7,422.9699999999995,swap,notBad
4718,7,422.9699999999995,7,422.9699999999995,swap,notBad
4719,7,422.9699999999995,7,422.9699999999995,2opt,notBad
4720,7,422.9699999999995,7,422.9699999999995,swap,notBad
4721,7,422.9699999999995,7,422.9699999999995,2opt,notBad
4722,7,422.9699999999995,7,422.9699999999995,swap,notBad
4723,7,422.9699999999995,7,422.9699999999995,swap,notBad
4724,7,422.9699999999995,7,422.9699999999995,swap,notBad
4725,7,422.9699999999995,7,422.9699999999995,move,improve
4726,7,424.1099999999996,7,422.9699999999995,2opt,acceptBad
4727,7,424.1099999999996,7,422.9699999999995,2opt,improve
4728,7,424.1099999999996,7,422.9699999999995,swap,notBad
4729,7,424.1099999999996,7,422.9699999999995,move,improve
4730,7,424.1099999999996,7,422.9699999999995,2opt,notBad
4731,7,424.1099999999996,7,422.9699999999995,2opt,notBad
4732,7,424.1099999999996,7,422.9699999999995,swap,notBad
4733,7,424.1099999999996,7,422.9699999999995,2opt,notBad
4734,7,424.1099999999996,7,422.9699999999995,2opt,notBad
4735,7,424.1099999999996,7,422.9699999999995,swap,notBad
4736,7,424.1099999999996,7,422.9699999999995,swap,notBad
4737,7,424.1099999999996,7,422.9699999999995,2opt,notBad
4738,7,424.1099999999996,7,422.9699999999995,swap,notBad
4739,7,424.1099999999996,7,422.9699999999995,move,improve
4740,7,424.1099999999996,7,422.9699999999995,2opt,notBad
4741,7,424.1099999999996,7,422.9699999999995,swap,notBad
4742,7,424.1099999999996,7,422.9699999999995,swap,notBad
4743,7,424.1099999999996,7,422.9699999999995,2opt,notBad
4744,7,425.90999999999934,7,422.9699999999995,2opt,acceptBad
4745,7,425.90999999999934,7,422.9699999999995,move,improve
4746,7,425.90999999999934,7,422.9699999999995,move,improve
4747,7,427.28999999999945,7,422.9699999999995,2opt,acceptBad
4748,7,427.28999999999945,7,422.9699999999995,swap,notBad
4749,7,427.28999999999945,7,422.9699999999995,swap,notBad
4750,7,427.28999999999945,7,422.9699999999995,move,improve
4751,7,427.28999999999945,7,422.9699999999995,2opt,notBad
4752,7,427.28999999999945,7,422.9699999999995,2opt,notBad
4753,7,427.28999999999945,7,422.9699999999995,move,improve
4754,7,427.28999999999945,7,422.9699999999995,2opt,notBad
4755,7,424.70999999999947,7,422.9699999999995,move,improve
4756,7,423.77999999999946,7,422.9699999999995,move,improve
4757,7,423.77999999999946,7,422.9699999999995,2opt,notBad
4758,7,423.77999999999946,7,422.9699999999995,2opt,notBad
4759,7,423.77999999999946,7,422.9699999999995,move,improve
4760,7,423.77999999999946,7,422.9699999999995,swap,notBad
4761,7,423.77999999999946,7,422.9699999999995,move,improve
4762,7,423.77999999999946,7,422.9699999999995,swap,notBad
4763,7,423.77999999999946,7,422.9699999999995,2opt,notBad
4764,7,423.77999999999946,7,422.9699999999995,2opt,notBad
4765,7,423.77999999999946,7,422.9699999999995,2opt,notBad
4766,7,423.77999999999946,7,422.9699999999995,2opt,notBad
4767,7,423.77999999999946,7,422.9699999999995,swap,notBad
4768,7,423.77999999999946,7,422.9699999999995,move,improve
4769,7,423.77999999999946,7,422.9699999999995,move,improve
4770,7,423.77999999999946,7,422.9699999999995,move,improve
4771,7,423.77999999999946,7,422.9699999999995,move,improve
4772,7,423.77999999999946,7,422.9699999999995,2opt,notBad
4773,7,423.77999999999946,7,422.9699999999995,move,improve
4774,7,423.77999999999946,7,422.9699999999995,move,improve
4775,7,423.77999999999946,7,422.9699999999995,move,improve
4776,7,423.77999999999946,7,422.9699999999995,2opt,notBad
4777,7,423.77999999999946,7,422.9699999999995,2opt,notBad
4778,7,423.77999999999946,7,422.9699999999995,move,improve
4779,7,423.77999999999946,7,422.9699999999995,2opt,notBad
4780,7,423.77999999999946,7,422.9699999999995,2opt,notBad
4781,7,423.77999999999946,7,422.9699999999995,swap,notBad
4782,7,423.77999999999946,7,422.9699999999995,swap,notBad
4783,7,423.77999999999946,7,422.9699999999995,swap,notBad
4784,7,423.77999999999946,7,422.9699999999995,swap,notBad
4785,7,423.77999999999946,7,422.9699999999995,2opt,notBad
4786,7,423.77999999999946,7,422.9699999999995,move,improve
4787,7,423.77999999999946,7,422.9699999999995,swap,notBad
4788,7,423.77999999999946,7,422.9699999999995,swap,notBad
4789,7,423.77999999999946,7,422.9699999999995,2opt,notBad
4790,7,423.77999999999946,7,422.9699999999995,swap,notBad
4791,7,423.77999999999946,7,422.9699999999995,swap,notBad
4792,7,423.77999999999946,7,422.9699999999995,swap,notBad
4793,7,423.77999999999946,7,422.9699999999995,swap,notBad
4794,7,423.77999999999946,7,422.9699999999995,2opt,notBad
4795,7,420.6099999999999,7,420.6099999999999,move,newBest
4796,7,420.6099999999999,7,420.6099999999999,2opt,notBad
4797,7,420.6099999999999,7,420.6099999999999,2opt,notBad
4798,7,420.6099999999999,7,420.6099999999999,swap,notBad
4799,7,420.6099999999999,7,420.6099999999999,2opt,notBad
4800,7,420.6099999999999,7,420.6099999999999,move,improve
4801,7,420.6099999999999,7,420.6099999999999,swap,notBad
4802,7,420.6099999999999,7,420.6099999999999,2opt,notBad
4803,7,420.6099999999999,7,420.6099999999999,move,improve
4804,7,420.6099999999999,7,420.6099999999999,swap,notBad
4805,7,420.6099999999999,7,420.6099999999999,2opt,notBad
4806,7,420.6099999999999,7,420.6099999999999,2opt,notBad
4807,7,420.6099999999999,7,420.6099999999999,swap,notBad
4808,7,420.6099999999999,7,420.6099999999999,2opt,notBad
4809,7,420.6099999999999,7,420.6099999999999,swap,notBad
4810,7,420.6099999999999,7,420.6099999999999,move,improve
4811,7,420.6099999999999,7,420.6099999999999,move,improve
4812,7,423.5799999999999,7,420.6099999999999,swap,acceptBad
4813,7,423.5799999999999,7,420.6099999999999,2opt,notBad
4814,7,423.5799999999999,7,420.6099999999999,move,improve
4815,7,423.5799999999999,7,420.6099999999999,move,improve
4816,7,423.5799999999999,7,420.6099999999999,2opt,notBad
4817,7,423.5799999999999,7,420.6099999999999,swap,notBad
4818,7,423.5799999999999,7,420.6099999999999,move,improve
4819,7,423.5799999999999,7,420.6099999999999,move,improve
4820,7,423.5799999999999,7,420.6099999999999,2opt,notBad
4821,7,423.5799999999999,7,420.6099999999999,2opt,notBad
4822,7,423.5799999999999,7,420.6099999999999,move,improve
4823,7,423.5799999999999,7,420.6099999999999,2opt,notBad
4824,7,423.5799999999999,7,420.6099999999999,swap,notBad
4825,7,423.6699999999998,7,420.6099999999999,2opt,acceptBad
4826,7,421.2099999999998,7,420.6099999999999,move,improve
4827,7,421.2099999999998,7,420.6099999999999,swap,notBad
4828,7,421.2099999999998,7,420.6099999999999,swap,notBad
4829,7,421.2099999999998,7,420.6099999999999,move,improve
4830,7,421.2099999999998,7,420.6099999999999,swap,notBad
4831,7,421.2099999999998,7,420.6099999999999,2opt,notBad
4832,7,419.5599999999998,7,419.5599999999998,move,newBest
4833,7,419.5599999999998,7,419.5599999999998,move,improve
4834,7,419.5599999999998,7,419.5599999999998,swap,notBad
4835,7,419.5599999999998,7,419.5599999999998,move,improve
4836,7,419.5599999999998,7,419.5599999999998,move,improve
4837,7,419.5599999999998,7,419.5599999999998,2opt,notBad
4838,7,419.5599999999998,7,419.5599999999998,swap,notBad
4839,7,419.5599999999998,7,419.5599999999998,move,improve
4840,7,419.5599999999998,7,419.5599999999998,move,improve
4841,7,419.5599999999998,7,419.5599999999998,swap,notBad
4842,7,419.5599999999998,7,419.5599999999998,move,improve
4843,7,419.5599999999998,7,419.5599999999998,swap,notBad
4844,7,419.5599999999998,7,419.5599999999998,swap,notBad
4845,7,419.5599999999998,7,419.5599999999998,swap,notBad
4846,7,419.5599999999998,7,419.5599999999998,move,improve
4847,7,419.5599999999998,7,419.5599999999998,2opt,notBad
4848,7,419.5599999999998,7,419.5599999999998,2opt,improve
4849,7,419.5599999999998,7,419.5599999999998,2opt,notBad
4850,7,419.5599999999998,7,419.5599999999998,2opt,notBad
4851,7,419.5599999999998,7,419.5599999999998,move,improve
4852,7,419.5599999999998,7,419.5599999999998,2opt,notBad
4853,7,419.5599999999998,7,419.5599999999998,move,improve
4854,7,419.5599999999998,7,419.5599999999998,move,improve
4855,7,419.5599999999998,7,419.5599999999998,swap,notBad
4856,7,419.5599999999998,7,419.5599999999998,move,improve
4857,7,419.5599999999998,7,419.5599999999998,2opt,notBad
4858,7,419.5599999999998,7,419.5599999999998,2opt,notBad
4859,7,419.5599999999998,7,419.5599999999998,move,improve
4860,7,419.5599999999998,7,419.5599999999998,move,improve
4861,7,419.5599999999998,7,419.5599999999998,move,improve
4862,7,419.5599999999998,7,419.5599999999998,2opt,notBad
4863,7,419.5599999999998,7,419.5599999999998,swap,notBad
4864,7,419.5599999999998,7,419.5599999999998,2opt,notBad
4865,7,419.5599999999998,7,419.5599999999998,swap,notBad
4866,7,419.5599999999998,7,419.5599999999998,move,improve
4867,7,419.5599999999998,7,419.5599999999998,move,improve
4868,7,419.5599999999998,7,419.5599999999998,2opt,notBad
4869,7,419.5599999999998,7,419.5599999999998,2opt,notBad
4870,7,419.5599999999998,7,419.5599999999998,2opt,notBad
4871,7,419.5599999999998,7,419.5599999999998,move,improve
4872,7,419.5599999999998,7,419.5599999999998,swap,notBad
4873,7,419.5599999999998,7,419.5599999999998,swap,notBad
4874,7,419.5599999999998,7,419.5599999999998,move,improve
4875,7,419.5599999999998,7,419.5599999999998,swap,notBad
4876,7,419.5599999999998,7,419.5599999999998,2opt,improve
4877,7,419.5599999999998,7,419.5599999999998,swap,notBad
4878,7,419.5599999999998,7,419.5599999999998,2opt,notBad
4879,7,419.5599999999998,7,419.5599999999998,2opt,notBad
4880,7,419.5599999999998,7,419.5599999999998,2opt,notBad
4881,7,419.5599999999998,7,419.5599999999998,move,improve
4882,7,419.5599999999998,7,419.5599999999998,2opt,notBad
4883,7,419.5599999999998,7,419.5599999999998,2opt,notBad
4884,7,419.5599999999998,7,419.5599999999998,2opt,notBad
4885,7,419.5599999999998,7,419.5599999999998,2opt,notBad
4886,7,419.5599999999998,7,419.5599999999998,2opt,notBad
4887,7,419.5599999999998,7,419.5599999999998,move,improve
4888,7,419.5599999999998,7,419.5599999999998,move,improve
4889,7,419.5599999999998,7,419.5599999999998,2opt,notBad
4890,7,419.5599999999998,7,419.5599999999998,move,improve
4891,7,419.5599999999998,7,419.5599999999998,swap,notBad
4892,7,419.5599999999998,7,419.5599999999998,move,improve
4893,7,419.5599999999998,7,419.5599999999998,move,improve
4894,7,419.5599999999998,7,419.5599999999998,2opt,improve
4895,7,419.5599999999998,7,419.5599999999998,swap,notBad
4896,7,419.5599999999998,7,419.5599999999998,move,improve
4897,7,419.5599999999998,7,419.5599999999998,move,improve
4898,7,419.5599999999998,7,419.5599999999998,swap,notBad
4899,7,419.5599999999998,7,419.5599999999998,swap,notBad
4900,7,419.5599999999998,7,419.5599999999998,swap,notBad
4901,7,419.5599999999998,7,419.5599999999998,2opt,notBad
4902,7,419.5599999999998,7,419.5599999999998,swap,notBad
4903,7,419.5599999999998,7,419.5599999999998,2opt,notBad
4904,7,419.5599999999998,7,419.5599999999998,swap,notBad
4905,7,419.5599999999998,7,419.5599999999998,move,improve
4906,7,419.5599999999998,7,419.5599999999998,2opt,improve
4907,7,419.5599999999998,7,419.5599999999998,swap,notBad
4908,7,419.5599999999998,7,419.5599999999998,swap,notBad
4909,7,419.5599999999998,7,419.5599999999998,swap,notBad
4910,7,419.5599999999998,7,419.5599999999998,move,improve
4911,7,419.5599999999998,7,419.5599999999998,move,improve
4912,7,419.5599999999998,7,419.5599999999998,swap,notBad
4913,7,419.5599999999998,7,419.5599999999998,2opt,improve
4914,7,419.5599999999998,7,419.5599999999998,move,improve
4915,7,419.5599999999998,7,419.5599999999998,2opt,notBad
4916,7,419.5599999999998,7,419.5599999999998,move,improve
4917,7,419.5599999999998,7,419.5599999999998,swap,notBad
4918,7,419.5599999999998,7,419.5599999999998,move,improve
4919,7,419.5599999999998,7,419.5599999999998,move,improve
4920,7,419.5599999999998,7,419.5599999999998,move,improve
4921,7,419.5599999999998,7,419.5599999999998,2opt,notBad
4922,7,419.5599999999998,7,419.5599999999998,move,improve
4923,7,419.5599999999998,7,419.5599999999998,swap,notBad
4924,7,419.5599999999998,7,419.5599999999998,2opt,notBad
4925,7,419.5599999999998,7,419.5599999999998,2opt,notBad
4926,7,419.5599999999998,7,419.5599999999998,2opt,improve
4927,7,419.5599999999998,7,419.5599999999998,swap,notBad
4928,7,419.5599999999998,7,419.5599999999998,swap,notBad
4929,7,419.5599999999998,7,419.5599999999998,swap,notBad
4930,7,419.5599999999998,7,419.5599999999998,2opt,notBad
4931,7,419.5599999999998,7,419.5599999999998,move,improve
4932,7,419.5599999999998,7,419.5599999999998,swap,notBad
4933,7,419.5599999999998,7,419.5599999999998,swap,notBad
4934,7,419.5599999999998,7,419.5599999999998,move,improve
4935,7,419.5599999999998,7,419.5599999999998,swap,notBad
4936,7,419.5599999999998,7,419.5599999999998,2opt,notBad
4937,7,419.5599999999998,7,419.5599999999998,2opt,notBad
4938,7,419.5599999999998,7,419.5599999999998,swap,notBad
4939,7,419.5599999999998,7,419.5599999999998,2opt,notBad
4940,7,419.5599999999998,7,419.5599999999998,swap,notBad
4941,7,419.5599999999998,7,419.5599999999998,move,improve
4942,7,419.5599999999998,7,419.5599999999998,2opt,notBad
4943,7,419.5599999999998,7,419.5599999999998,move,improve
4944,7,419.5599999999998,7,419.5599999999998,swap,notBad
4945,7,419.5599999999998,7,419.5599999999998,move,improve
4946,7,419.5599999999998,7,419.5599999999998,move,improve
4947,7,419.5599999999998,7,419.5599999999998,swap,notBad
4948,7,419.5599999999998,7,419.5599999999998,move,improve
4949,7,419.5599999999998,7,419.5599999999998,swap,notBad
4950,7,419.5599999999998,7,419.5599999999998,move,improve
4951,7,419.16999999999985,7,419.16999999999985,move,newBest
4952,7,419.16999999999985,7,419.16999999999985,2opt,notBad
4953,7,419.16999999999985,7,419.16999999999985,2opt,notBad
4954,7,419.16999999999985,7,419.16999999999985,swap,notBad
4955,7,422.1999999999998,7,419.16999999999985,swap,acceptBad
4956,7,422.1999999999998,7,419.16999999999985,2opt,notBad
4957,7,422.1999999999998,7,419.16999999999985,move,improve
4958,7,422.1999999999998,7,419.16999999999985,move,improve
4959,7,422.1999999999998,7,419.16999999999985,swap,notBad
4960,7,422.1999999999998,7,419.16999999999985,2opt,notBad
4961,7,422.1999999999998,7,419.16999999999985,swap,notBad
4962,7,422.1999999999998,7,419.16999999999985,2opt,notBad
4963,7,422.1999999999998,7,419.16999999999985,2opt,notBad
4964,7,422.1999999999998,7,419.16999999999985,move,improve
4965,7,422.1999999999998,7,419.16999999999985,2opt,notBad
4966,7,422.1999999999998,7,419.16999999999985,2opt,improve
4967,7,422.1999999999998,7,419.16999999999985,swap,notBad
4968,7,422.1999999999998,7,419.16999999999985,move,improve
4969,7,422.1999999999998,7,419.16999999999985,swap,notBad
4970,7,422.1999999999998,7,419.16999999999985,swap,notBad
4971,7,422.1999999999998,7,419.16999999999985,move,improve
4972,7,422.1999999999998,7,419.16999999999985,move,notBad
4973,7,422.1999999999998,7,419.16999999999985,swap,notBad
4974,7,422.1999999999998,7,419.16999999999985,2opt,notBad
4975,7,422.1999999999998,7,419.16999999999985,swap,notBad
4976,7,422.1999999999998,7,419.16999999999985,2opt,notBad
4977,7,422.1999999999998,7,419.16999999999985,2opt,notBad
4978,7,422.1999999999998,7,419.16999999999985,swap,notBad
4979,7,422.1999999999998,7,419.16999999999985,swap,notBad
4980,7,422.1999999999998,7,419.16999999999985,move,notBad
4981,7,422.1999999999998,7,419.16999999999985,swap,notBad
4982,7,422.1999999999998,7,419.16999999999985,swap,notBad
4983,7,422.1999999999998,7,419.16999999999985,swap,notBad
4984,7,414.9099999999998,7,414.9099999999998,move,newBest
4985,7,414.9099999999998,7,414.9099999999998,2opt,notBad
4986,7,414.9099999999998,7,414.9099999999998,move,improve
4987,7,414.9099999999998,7,414.9099999999998,move,improve
4988,7,414.9099999999998,7,414.9099999999998,move,improve
4989,7,414.9099999999998,7,414.9099999999998,move,improve
4990,7,414.9099999999998,7,414.9099999999998,move,improve
4991,7,414.9099999999998,7,414.9099999999998,2opt,notBad
4992,7,414.9099999999998,7,414.9099999999998,2opt,notBad
4993,7,414.9099999999998,7,414.9099999999998,swap,notBad
4994,7,414.9099999999998,7,414.9099999999998,move,improve
4995,7,414.9099999999998,7,414.9099999999998,swap,notBad
4996,7,414.9099999999998,7,414.9099999999998,swap,notBad
4997,7,414.9099999999998,7,414.9099999999998,2opt,notBad
4998,7,414.9099999999998,7,414.9099999999998,move,improve
4999,7,414.9099999999998,7,414.9099999999998,2opt,notBad
5000,7,414.9099999999998,7,414.9099999999998,swap,notBad
5001,7,417.9999999999998,7,414.9099999999998,swap,acceptBad
5002,7,417.9999999999998,7,414.9099999999998,swap,notBad
5003,7,417.9999999999998,7,414.9099999999998,swap,notBad
5004,7,417.9999999999998,7,414.9099999999998,2opt,notBad
5005,7,417.9999999999998,7,414.9099999999998,swap,notBad
5006,7,417.9999999999998,7,414.9099999999998,move,improve
5007,7,417.9999999999998,7,414.9099999999998,2opt,notBad
5008,7,417.9999999999998,7,414.9099999999998,swap,notBad
5009,7,417.9999999999998,7,414.9099999999998,2opt,notBad
5010,7,417.9999999999998,7,414.9099999999998,2opt,notBad
5011,7,414.5199999999998,7,414.5199999999998,move,newBest
5012,7,414.5199999999998,7,414.5199999999998,move,improve
5013,7,414.5199999999998,7,414.5199999999998,swap,notBad
5014,7,414.5199999999998,7,414.5199999999998,move,improve
5015,7,414.5199999999998,7,414.5199999999998,2opt,notBad
5016,7,414.5199999999998,7,414.5199999999998,2opt,notBad
5017,7,414.5199999999998,7,414.5199999999998,move,improve
5018,7,414.5199999999998,7,414.5199999999998,swap,notBad
5019,7,414.5199999999998,7,414.5199999999998,move,improve
5020,7,414.5199999999998,7,414.5199999999998,move,improve
5021,7,414.5199999999998,7,414.5199999999998,move,improve
5022,7,414.5199999999998,7,414.5199999999998,swap,notBad
5023,7,414.5199999999998,7,414.5199999999998,2opt,notBad
5024,7,414.5199999999998,7,414.5199999999998,move,improve
5025,7,414.5199999999998,7,414.5199999999998,swap,notBad
5026,7,414.5199999999998,7,414.5199999999998,2opt,improve
5027,7,414.5199999999998,7,414.5199999999998,swap,notBad
5028,7,414.5199999999998,7,414.5199999999998,swap,notBad
5029,7,414.5199999999998,7,414.5199999999998,move,improve
5030,7,414.5199999999998,7,414.5199999999998,move,improve
5031,7,411.4299999999998,7,411.4299999999998,move,newBest
5032,7,411.4299999999998,7,411.4299999999998,swap,notBad
5033,7,411.4299999999998,7,411.4299999999998,swap,notBad
5034,7,411.4299999999998,7,411.4299999999998,2opt,improve
5035,7,411.4299999999998,7,411.4299999999998,move,improve
5036,7,411.4299999999998,7,411.4299999999998,2opt,notBad
5037,7,411.4299999999998,7,411.4299999999998,2opt,notBad
5038,7,411.4299999999998,7,411.4299999999998,swap,notBad
5039,7,411.4299999999998,7,411.4299999999998,move,improve
5040,7,411.4299999999998,7,411.4299999999998,move,improve
5041,7,411.4299999999998,7,411.4299999999998,2opt,notBad
5042,7,411.4299999999998,7,411.4299999999998,move,improve
5043,7,411.4299999999998,7,411.4299999999998,move,improve
5044,7,411.4299999999998,7,411.4299999999998,move,improve
5045,7,411.4299999999998,7,411.4299999999998,move,improve
5046,7,411.4299999999998,7,411.4299999999998,2opt,notBad
5047,7,411.4299999999998,7,411.4299999999998,2opt,notBad
5048,7,411.4299999999998,7,411.4299999999998,2opt,notBad
5049,7,411.4299999999998,7,411.4299999999998,move,improve
5050,7,411.4299999999998,7,411.4299999999998,2opt,notBad
5051,7,411.4299999999998,7,411.4299999999998,move,improve
5052,7,411.4299999999998,7,411.4299999999998,move,improve
5053,7,411.4299999999998,7,411.4299999999998,2opt,notBad
5054,7,411.4299999999998,7,411.4299999999998,swap,notBad
5055,7,411.4299999999998,7,411.4299999999998,move,improve
5056,7,411.4299999999998,7,411.4299999999998,swap,notBad
5057,7,411.4299999999998,7,411.4299999999998,move,improve
5058,7,411.4299999999998,7,411.4299999999998,2opt,notBad
5059,7,411.4299999999998,7,411.4299999999998,2opt,notBad
5060,7,411.4299999999998,7,411.4299999999998,move,improve
5061,7,411.4299999999998,7,411.4299999999998,2opt,notBad
5062,7,411.4299999999998,7,411.4299999999998,move,improve
5063,7,410.2299999999998,7,410.2299999999998,move,newBest
5064,7,410.2299999999998,7,410.2299999999998,swap,notBad
5065,7,410.2299999999998,7,410.2299999999998,move,improve
5066,7,410.2299999999998,7,410.2299999999998,swap,notBad
5067,7,410.2299999999998,7,410.2299999999998,move,improve
5068,7,410.2299999999998,7,410.2299999999998,move,improve
5069,7,410.2299999999998,7,410.2299999999998,move,improve
5070,7,410.2299999999998,7,410.2299999999998,swap,notBad
5071,7,410.2299999999998,7,410.2299999999998,move,improve
5072,7,410.2299999999998,7,410.2299999999998,2opt,notBad
5073,7,410.2299999999998,7,410.2299999999998,swap,notBad
5074,7,410.2299999999998,7,410.2299999999998,swap,notBad
5075,7,410.2299999999998,7,410.2299999999998,move,improve
5076,7,410.2299999999998,7,410.2299999999998,2opt,notBad
5077,7,410.2299999999998,7,410.2299999999998,move,improve
5078,7,410.2299999999998,7,410.2299999999998,2opt,notBad
5079,7,410.2299999999998,7,410.2299999999998,2opt,improve
5080,7,410.2299999999998,7,410.2299999999998,swap,notBad
5081,7,410.2299999999998,7,410.2299999999998,swap,notBad
5082,7,410.2299999999998,7,410.2299999999998,swap,notBad
5083,7,410.2299999999998,7,410.2299999999998,move,improve
5084,7,410.2299999999998,7,410.2299999999998,2opt,notBad
5085,7,410.1999999999998,7,410.1999999999998,move,newBest
5086,7,410.1999999999998,7,410.1999999999998,swap,notBad
5087,7,410.1999999999998,7,410.1999999999998,2opt,notBad
5088,7,410.1999999999998,7,410.1999999999998,swap,notBad
5089,7,410.1999999999998,7,410.1999999999998,swap,notBad
5090,7,410.1999999999998,7,410.1999999999998,move,improve
5091,7,410.1999999999998,7,410.1999999999998,swap,notBad
5092,7,410.1999999999998,7,410.1999999999998,swap,notBad
5093,7,410.1999999999998,7,410.1999999999998,2opt,notBad
5094,7,410.1999999999998,7,410.1999999999998,2opt,notBad
5095,7,410.1999999999998,7,410.1999999999998,2opt,notBad
5096,7,410.1999999999998,7,410.1999999999998,2opt,notBad
5097,7,410.1999999999998,7,410.1999999999998,2opt,notBad
5098,7,410.1999999999998,7,410.1999999999998,swap,notBad
5099,7,410.1999999999998,7,410.1999999999998,2opt,notBad
5100,7,410.1999999999998,7,410.1999999999998,2opt,notBad
5101,7,410.1999999999998,7,410.1999999999998,2opt,notBad
5102,7,410.1999999999998,7,410.1999999999998,2opt,notBad
5103,7,410.1999999999998,7,410.1999999999998,2opt,notBad
5104,7,410.1999999999998,7,410.1999999999998,move,improve
5105,7,410.1999999999998,7,410.1999999999998,swap,notBad
5106,7,410.1999999999998,7,410.1999999999998,move,improve
5107,7,410.1999999999998,7,410.1999999999998,2opt,notBad
5108,7,410.1999999999998,7,410.1999999999998,swap,notBad
5109,7,410.1999999999998,7,410.1999999999998,2opt,notBad
5110,7,410.1999999999998,7,410.1999999999998,2opt,notBad
5111,7,410.1999999999998,7,410.1999999999998,2opt,notBad
5112,7,410.1999999999998,7,410.1999999999998,move,improve
5113,7,410.1999999999998,7,410.1999999999998,move,improve
5114,7,408.96999999999986,7,408.96999999999986,move,newBest
5115,7,408.96999999999986,7,408.96999999999986,swap,notBad
5116,7,408.96999999999986,7,408.96999999999986,2opt,notBad
5117,7,408.96999999999986,7,408.96999999999986,swap,notBad
5118,7,408.96999999999986,7,408.96999999999986,swap,notBad
5119,7,408.96999999999986,7,408.96999999999986,2opt,notBad
5120,7,408.96999999999986,7,408.96999999999986,move,improve
5121,7,408.96999999999986,7,408.96999999999986,move,improve
5122,7,408.96999999999986,7,408.96999999999986,move,improve
5123,7,408.96999999999986,7,408.96999999999986,swap,notBad
5124,7,408.96999999999986,7,408.96999999999986,move,improve
5125,7,408.96999999999986,7,408.96999999999986,2opt,notBad
5126,7,408.96999999999986,7,408.96999999999986,2opt,notBad
5127,7,408.96999999999986,7,408.96999999999986,2opt,notBad
5128,7,408.96999999999986,7,408.96999999999986,move,improve
5129,7,408.96999999999986,7,408.96999999999986,swap,notBad
5130,7,408.96999999999986,7,408.96999999999986,move,improve
5131,7,408.96999999999986,7,408.96999999999986,2opt,notBad
5132,7,408.96999999999986,7,408.96999999999986,swap,notBad
5133,7,408.96999999999986,7,408.96999999999986,2opt,notBad
5134,7,408.96999999999986,7,408.96999999999986,swap,notBad
5135,7,408.96999999999986,7,408.96999999999986,move,improve
5136,7,408.96999999999986,7,408.96999999999986,swap,notBad
5137,7,408.96999999999986,7,408.96999999999986,2opt,notBad
5138,7,408.96999999999986,7,408.96999999999986,move,improve
5139,7,408.96999999999986,7,408.96999999999986,move,improve
5140,7,408.96999999999986,7,408.96999999999986,2opt,notBad
5141,7,408.96999999999986,7,408.96999999999986,move,improve
5142,7,408.96999999999986,7,408.96999999999986,swap,notBad
5143,7,408.96999999999986,7,408.96999999999986,move,improve
5144,7,408.96999999999986,7,408.96999999999986,move,improve
5145,7,408.96999999999986,7,408.96999999999986,move,improve
5146,7,408.96999999999986,7,408.96999999999986,move,improve
5147,7,408.96999999999986,7,408.96999999999986,2opt,notBad
5148,7,408.96999999999986,7,408.96999999999986,2opt,notBad
5149,7,408.96999999999986,7,408.96999999999986,swap,notBad
5150,7,408.96999999999986,7,408.96999999999986,move,improve
5151,7,408.96999999999986,7,408.96999999999986,2opt,improve
5152,7,408.96999999999986,7,408.96999999999986,swap,notBad
5153,7,408.96999999999986,7,408.96999999999986,move,improve
5154,7,408.96999999999986,7,408.96999999999986,swap,notBad
5155,7,408.96999999999986,7,408.96999999999986,swap,notBad
5156,7,408.96999999999986,7,408.96999999999986,move,improve
5157,7,408.96999999999986,7,408.96999999999986,move,improve
5158,7,408.96999999999986,7,408.96999999999986,2opt,notBad
5159,7,408.96999999999986,7,408.96999999999986,swap,notBad
5160,7,408.96999999999986,7,408.96999999999986,move,improve
5161,7,408.96999999999986,7,408.96999999999986,swap,notBad
5162,7,408.96999999999986,7,408.96999999999986,swap,notBad
5163,7,408.96999999999986,7,408.96999999999986,swap,notBad
5164,7,408.6699999999998,7,408.6699999999998,2opt,newBest
5165,7,408.6699999999998,7,408.6699999999998,swap,notBad
5166,7,408.6699999999998,7,408.6699999999998,2opt,notBad
5167,7,408.6699999999998,7,408.6699999999998,swap,notBad
5168,7,408.6699999999998,7,408.6699999999998,swap,notBad
5169,7,408.6699999999998,7,408.6699999999998,swap,notBad
5170,7,408.6699999999998,7,408.6699999999998,2opt,notBad
5171,7,408.6699999999998,7,408.6699999999998,swap,notBad
5172,7,408.6699999999998,7,408.6699999999998,swap,notBad
5173,7,408.6699999999998,7,408.6699999999998,swap,notBad
5174,7,408.6699999999998,7,408.6699999999998,swap,notBad
5175,7,408.6699999999998,7,408.6699999999998,2opt,improve
5176,7,408.6699999999998,7,408.6699999999998,move,improve
5177,7,408.6699999999998,7,408.6699999999998,move,improve
5178,7,408.6699999999998,7,408.6699999999998,move,improve
5179,7,408.6699999999998,7,408.6699999999998,move,improve
5180,7,408.6699999999998,7,408.6699999999998,move,improve
5181,7,408.6699999999998,7,408.6699999999998,2opt,notBad
5182,7,408.6699999999998,7,408.6699999999998,move,improve
5183,7,408.6699999999998,7,408.6699999999998,2opt,notBad
5184,7,408.6699999999998,7,408.6699999999998,move,improve
5185,7,408.6699999999998,7,408.6699999999998,move,improve
5186,7,408.6699999999998,7,408.6699999999998,move,improve
5187,7,408.6699999999998,7,408.6699999999998,swap,notBad
5188,7,408.6699999999998,7,408.6699999999998,move,improve
5189,7,408.6699999999998,7,408.6699999999998,swap,notBad
5190,7,408.6699999999998,7,408.6699999999998,swap,notBad
5191,7,408.6699999999998,7,408.6699999999998,swap,notBad
5192,7,408.6699999999998,7,408.6699999999998,swap,notBad
5193,7,408.6699999999998,7,408.6699999999998,swap,notBad
5194,7,408.6699999999998,7,408.6699999999998,move,improve
5195,7,408.6699999999998,7,408.6699999999998,2opt,notBad
5196,7,408.6699999999998,7,408.6699999999998,2opt,notBad
5197,7,408.6699999999998,7,408.6699999999998,move,improve
5198,7,408.6699999999998,7,408.6699999999998,swap,notBad
5199,7,408.6699999999998,7,408.6699999999998,2opt,notBad
5200,7,408.6699999999998,7,408.6699999999998,move,improve
5201,7,408.6699999999998,7,408.6699999999998,swap,notBad
5202,7,408.6699999999998,7,408.6699999999998,2opt,notBad
5203,7,408.6699999999998,7,408.6699999999998,2opt,notBad
5204,7,408.6699999999998,7,408.6699999999998,move,improve
5205,7,408.6699999999998,7,408.6699999999998,move,improve
5206,7,408.6699999999998,7,408.6699999999998,move,improve
5207,7,408.6699999999998,7,408.6699999999998,move,improve
5208,7,408.6699999999998,7,408.6699999999998,move,improve
5209,7,408.6699999999998,7,408.6699999999998,swap,notBad
5210,7,408.6699999999998,7,408.6699999999998,move,improve
5211,7,408.6699999999998,7,408.6699999999998,swap,notBad
5212,7,408.6699999999998,7,408.6699999999998,move,improve
5213,7,408.6699999999998,7,408.6699999999998,2opt,notBad
5214,7,408.6699999999998,7,408.6699999999998,2opt,improve
5215,7,408.6699999999998,7,408.6699999999998,swap,notBad
5216,7,408.6699999999998,7,408.6699999999998,2opt,notBad
5217,7,408.6699999999998,7,408.6699999999998,2opt,notBad
5218,7,408.6699999999998,7,408.6699999999998,move,improve
5219,7,408.6699999999998,7,408.6699999999998,2opt,notBad
5220,7,408.6699999999998,7,408.6699999999998,move,improve
5221,7,408.6699999999998,7,408.6699999999998,2opt,notBad
5222,7,408.2199999999998,7,408.2199999999998,swap,newBest
5223,7,408.2199999999998,7,408.2199999999998,2opt,notBad
5224,7,408.2199999999998,7,408.2199999999998,2opt,notBad
5225,7,408.2199999999998,7,408.2199999999998,2opt,notBad
5226,7,408.2199999999998,7,408.2199999999998,swap,notBad
5227,7,408.2199999999998,7,408.2199999999998,2opt,notBad
5228,7,408.2199999999998,7,408.2199999999998,2opt,notBad
5229,7,408.2199999999998,7,408.2199999999998,2opt,notBad
5230,7,408.2199999999998,7,408.2199999999998,move,improve
5231,7,408.2199999999998,7,408.2199999999998,2opt,notBad
5232,7,408.2199999999998,7,408.2199999999998,move,improve
5233,7,408.2199999999998,7,408.2199999999998,2opt,notBad
5234,7,408.2199999999998,7,408.2199999999998,2opt,improve
5235,7,408.2199999999998,7,408.2199999999998,2opt,notBad
5236,7,408.2199999999998,7,408.2199999999998,move,improve
5237,7,408.2199999999998,7,408.2199999999998,move,improve
5238,7,408.2199999999998,7,408.2199999999998,move,improve
5239,7,408.2199999999998,7,408.2199999999998,move,notBad
5240,7,408.2199999999998,7,408.2199999999998,swap,notBad
5241,7,408.2199999999998,7,408.2199999999998,2opt,notBad
5242,7,408.2199999999998,7,408.2199999999998,2opt,notBad
5243,7,408.2199999999998,7,408.2199999999998,swap,notBad
5244,7,408.2199999999998,7,408.2199999999998,swap,notBad
5245,7,408.2199999999998,7,408.2199999999998,2opt,improve
5246,7,408.2199999999998,7,408.2199999999998,2opt,notBad
5247,7,408.2199999999998,7,408.2199999999998,move,improve
5248,7,408.2199999999998,7,408.2199999999998,move,improve
5249,7,408.2199999999998,7,408.2199999999998,2opt,notBad
5250,7,408.2199999999998,7,408.2199999999998,swap,notBad
5251,7,408.2199999999998,7,408.2199999999998,2opt,notBad
5252,7,408.2199999999998,7,408.2199999999998,swap,notBad
5253,7,408.2199999999998,7,408.2199999999998,swap,notBad
5254,7,408.2199999999998,7,408.2199999999998,2opt,notBad
5255,7,408.2199999999998,7,408.2199999999998,swap,notBad
5256,7,403.2399999999997,7,403.2399999999997,move,newBest
5257,7,403.2399999999997,7,403.2399999999997,move,improve
5258,7,403.2399999999997,7,403.2399999999997,2opt,notBad
5259,7,403.2399999999997,7,403.2399999999997,2opt,notBad
5260,7,403.2399999999997,7,403.2399999999997,2opt,notBad
5261,7,403.2399999999997,7,403.2399999999997,2opt,notBad
5262,7,403.2399999999997,7,403.2399999999997,move,improve
5263,7,403.2399999999997,7,403.2399999999997,move,improve
5264,7,403.2399999999997,7,403.2399999999997,move,improve
5265,7,403.2399999999997,7,403.2399999999997,move,improve
5266,7,403.2399999999997,7,403.2399999999997,2opt,notBad
5267,7,403.2399999999997,7,403.2399999999997,2opt,notBad
5268,7,403.2399999999997,7,403.2399999999997,move,improve
5269,7,403.2399999999997,7,403.2399999999997,swap,notBad
5270,7,403.2399999999997,7,403.2399999999997,move,improve
5271,7,403.2399999999997,7,403.2399999999997,move,improve
5272,7,403.2399999999997,7,403.2399999999997,swap,notBad
5273,7,403.2399999999997,7,403.2399999999997,2opt,notBad
5274,7,403.2399999999997,7,403.2399999999997,2opt,notBad
5275,7,403.2399999999997,7,403.2399999999997,2opt,notBad
5276,7,403.2399999999997,7,403.2399999999997,swap,notBad
5277,7,403.2399999999997,7,403.2399999999997,move,improve
5278,7,403.2399999999997,7,403.2399999999997,2opt,notBad
5279,7,403.2399999999997,7,403.2399999999997,move,improve
5280,7,403.2399999999997,7,403.2399999999997,swap,notBad
5281,7,403.2399999999997,7,403.2399999999997,2opt,notBad
5282,7,403.2399999999997,7,403.2399999999997,move,improve
5283,7,403.2399999999997,7,403.2399999999997,2opt,notBad
5284,7,403.2399999999997,7,403.2399999999997,move,improve
5285,7,403.2399999999997,7,403.2399999999997,swap,notBad
5286,7,403.2399999999997,7,403.2399999999997,swap,notBad
5287,7,403.2399999999997,7,403.2399999999997,move,improve
5288,7,403.2399999999997,7,403.2399999999997,swap,notBad
5289,7,403.2399999999997,7,403.2399999999997,2opt,notBad
5290,7,403.2399999999997,7,403.2399999999997,move,improve
5291,7,403.2399999999997,7,403.2399999999997,swap,notBad
5292,7,403.2399999999997,7,403.2399999999997,move,improve
5293,7,403.2399999999997,7,403.2399999999997,swap,notBad
5294,7,403.2399999999997,7,403.2399999999997,move,improve
5295,7,403.2399999999997,7,403.2399999999997,2opt,notBad
5296,7,403.2399999999997,7,403.2399999999997,move,improve
5297,7,403.2399999999997,7,403.2399999999997,2opt,notBad
5298,7,403.2399999999997,7,403.2399999999997,swap,notBad
5299,7,403.2399999999997,7,403.2399999999997,move,improve
5300,7,403.2399999999997,7,403.2399999999997,2opt,notBad
5301,7,403.2399999999997,7,403.2399999999997,2opt,improve
5302,7,403.2399999999997,7,403.2399999999997,swap,notBad
5303,7,403.2399999999997,7,403.2399999999997,swap,notBad
5304,7,403.2399999999997,7,403.2399999999997,2opt,notBad
5305,7,403.2399999999997,7,403.2399999999997,2opt,notBad
5306,7,403.2399999999997,7,403.2399999999997,move,improve
5307,7,403.2399999999997,7,403.2399999999997,2opt,notBad
5308,7,403.2399999999997,7,403.2399999999997,move,improve
5309,7,403.2399999999997,7,403.2399999999997,2opt,notBad
5310,7,403.2399999999997,7,403.2399999999997,move,improve
5311,7,403.2399999999997,7,403.2399999999997,swap,notBad
5312,7,403.2399999999997,7,403.2399999999997,2opt,notBad
5313,7,403.2399999999997,7,403.2399999999997,move,improve
5314,7,403.2399999999997,7,403.2399999999997,move,improve
5315,7,403.2399999999997,7,403.2399999999997,2opt,notBad
5316,7,403.2399999999997,7,403.2399999999997,swap,notBad
5317,7,403.2399999999997,7,403.2399999999997,2opt,notBad
5318,7,403.2399999999997,7,403.2399999999997,move,improve
5319,7,403.2399999999997,7,403.2399999999997,move,improve
5320,7,404.54999999999984,7,403.2399999999997,swap,acceptBad
5321,7,404.54999999999984,7,403.2399999999997,move,improve
5322,7,404.54999999999984,7,403.2399999999997,2opt,notBad
5323,7,404.54999999999984,7,403.2399999999997,move,improve
5324,7,404.54999999999984,7,403.2399999999997,move,improve
5325,7,404.54999999999984,7,403.2399999999997,2opt,notBad
5326,7,404.54999999999984,7,403.2399999999997,swap,notBad
5327,7,404.54999999999984,7,403.2399999999997,2opt,notBad
5328,7,404.54999999999984,7,403.2399999999997,2opt,notBad
5329,7,404.54999999999984,7,403.2399999999997,swap,notBad
5330,7,404.54999999999984,7,403.2399999999997,move,improve
5331,7,404.54999999999984,7,403.2399999999997,move,improve
5332,7,404.54999999999984,7,403.2399999999997,swap,notBad
5333,7,404.54999999999984,7,403.2399999999997,2opt,improve
5334,7,404.54999999999984,7,403.2399999999997,swap,notBad
5335,7,404.54999999999984,7,403.2399999999997,swap,notBad
5336,7,404.54999999999984,7,403.2399999999997,2opt,notBad
5337,7,404.54999999999984,7,403.2399999999997,2opt,notBad
5338,7,404.54999999999984,7,403.2399999999997,swap,notBad
5339,7,404.54999999999984,7,403.2399999999997,2opt,notBad
5340,7,404.54999999999984,7,403.2399999999997,2opt,notBad
5341,7,404.54999999999984,7,403.2399999999997,swap,notBad
5342,7,404.54999999999984,7,403.2399999999997,move,improve
5343,7,404.54999999999984,7,403.2399999999997,swap,notBad
5344,7,404.54999999999984,7,403.2399999999997,2opt,notBad
5345,7,404.54999999999984,7,403.2399999999997,2opt,notBad
5346,7,404.54999999999984,7,403.2399999999997,2opt,notBad
5347,7,404.54999999999984,7,403.2399999999997,swap,notBad
5348,7,404.54999999999984,7,403.2399999999997,swap,notBad
5349,7,404.54999999999984,7,403.2399999999997,swap,notBad
5350,7,404.54999999999984,7,403.2399999999997,swap,notBad
5351,7,404.54999999999984,7,403.2399999999997,2opt,notBad
5352,7,404.54999999999984,7,403.2399999999997,swap,notBad
5353,7,404.54999999999984,7,403.2399999999997,2opt,notBad
5354,7,404.54999999999984,7,403.2399999999997,2opt,notBad
5355,7,404.54999999999984,7,403.2399999999997,move,notBad
5356,7,404.54999999999984,7,403.2399999999997,move,improve
5357,7,404.54999999999984,7,403.2399999999997,2opt,improve
5358,7,404.54999999999984,7,403.2399999999997,swap,notBad
5359,7,404.54999999999984,7,403.2399999999997,move,improve
5360,7,404.54999999999984,7,403.2399999999997,2opt,notBad
5361,7,404.54999999999984,7,403.2399999999997,swap,notBad
5362,7,404.54999999999984,7,403.2399999999997,move,improve
5363,7,404.54999999999984,7,403.2399999999997,move,improve
5364,7,404.54999999999984,7,403.2399999999997,2opt,notBad
5365,7,404.54999999999984,7,403.2399999999997,2opt,notBad
5366,7,404.54999999999984,7,403.2399999999997,move,improve
5367,7,404.54999999999984,7,403.2399999999997,move,improve
5368,7,404.54999999999984,7,403.2399999999997,swap,notBad
5369,7,404.54999999999984,7,403.2399999999997,2opt,notBad
5370,7,404.54999999999984,7,403.2399999999997,swap,notBad
5371,7,404.54999999999984,7,403.2399999999997,swap,notBad
5372,7,404.54999999999984,7,403.2399999999997,swap,notBad
5373,7,404.54999999999984,7,403.2399999999997,move,improve
5374,7,404.54999999999984,7,403.2399999999997,swap,notBad
5375,7,404.54999999999984,7,403.2399999999997,move,improve
5376,7,404.54999999999984,7,403.2399999999997,2opt,notBad
5377,7,404.54999999999984,7,403.2399999999997,swap,notBad
5378,7,404.54999999999984,7,403.2399999999997,2opt,notBad
5379,7,404.54999999999984,7,403.2399999999997,swap,notBad
5380,7,404.54999999999984,7,403.2399999999997,2opt,improve
5381,7,404.54999999999984,7,403.2399999999997,2opt,notBad
5382,7,404.54999999999984,7,403.2399999999997,swap,notBad
5383,7,404.54999999999984,7,403.2399999999997,2opt,notBad
5384,7,404.54999999999984,7,403.2399999999997,2opt,improve
5385,7,404.54999999999984,7,403.2399999999997,swap,notBad
5386,7,404.54999999999984,7,403.2399999999997,2opt,improve
5387,7,404.54999999999984,7,403.2399999999997,move,improve
5388,7,404.54999999999984,7,403.2399999999997,swap,notBad
5389,7,404.54999999999984,7,403.2399999999997,move,improve
5390,7,402.2399999999998,7,402.2399999999998,2opt,newBest
5391,7,402.2399999999998,7,402.2399999999998,move,improve
5392,7,402.2399999999998,7,402.2399999999998,2opt,notBad
5393,7,402.2399999999998,7,402.2399999999998,swap,notBad
5394,7,402.2399999999998,7,402.2399999999998,move,notBad
5395,7,402.2399999999998,7,402.2399999999998,move,improve
5396,7,402.2399999999998,7,402.2399999999998,2opt,improve
5397,7,402.2399999999998,7,402.2399999999998,2opt,notBad
5398,7,402.2399999999998,7,402.2399999999998,swap,notBad
5399,7,402.2399999999998,7,402.2399999999998,2opt,notBad
5400,7,402.2399999999998,7,402.2399999999998,2opt,notBad
5401,7,402.2399999999998,7,402.2399999999998,2opt,notBad
5402,7,402.2399999999998,7,402.2399999999998,move,improve
5403,7,402.2399999999998,7,402.2399999999998,swap,notBad
5404,7,402.2399999999998,7,402.2399999999998,move,improve
5405,7,402.2399999999998,7,402.2399999999998,2opt,notBad
5406,7,402.2399999999998,7,402.2399999999998,swap,notBad
5407,7,402.2399999999998,7,402.2399999999998,2opt,notBad
5408,7,402.2399999999998,7,402.2399999999998,2opt,notBad
5409,7,402.2399999999998,7,402.2399999999998,2opt,notBad
5410,7,402.2399999999998,7,402.2399999999998,2opt,notBad
5411,7,402.2399999999998,7,402.2399999999998,swap,notBad
5412,7,403.97999999999985,7,402.2399999999998,swap,acceptBad
5413,7,403.97999999999985,7,402.2399999999998,move,improve
5414,7,403.97999999999985,7,402.2399999999998,2opt,notBad
5415,7,403.97999999999985,7,402.2399999999998,2opt,notBad
5416,7,403.97999999999985,7,402.2399999999998,swap,notBad
5417,7,403.97999999999985,7,402.2399999999998,2opt,notBad
5418,7,403.97999999999985,7,402.2399999999998,swap,notBad
5419,7,403.97999999999985,7,402.2399999999998,move,improve
5420,7,403.97999999999985,7,402.2399999999998,move,improve
5421,7,403.97999999999985,7,402.2399999999998,move,improve
5422,7,403.97999999999985,7,402.2399999999998,2opt,notBad
5423,7,403.97999999999985,7,402.2399999999998,swap,notBad
5424,7,403.97999999999985,7,402.2399999999998,swap,notBad
5425,7,403.97999999999985,7,402.2399999999998,swap,notBad
5426,7,403.97999999999985,7,402.2399999999998,move,improve
5427,7,403.97999999999985,7,402.2399999999998,move,improve
5428,7,403.97999999999985,7,402.2399999999998,2opt,notBad
5429,7,406.1999999999998,7,402.2399999999998,swap,acceptBad
5430,7,406.1999999999998,7,402.2399999999998,swap,notBad
5431,7,406.1999999999998,7,402.2399999999998,2opt,notBad
5432,7,406.1999999999998,7,402.2399999999998,2opt,notBad
5433,7,406.1999999999998,7,402.2399999999998,2opt,improve
5434,7,406.1999999999998,7,402.2399999999998,2opt,notBad
5435,7,406.1999999999998,7,402.2399999999998,2opt,notBad
5436,7,406.1999999999998,7,402.2399999999998,swap,notBad
5437,7,406.1999999999998,7,402.2399999999998,2opt,notBad
5438,7,406.1999999999998,7,402.2399999999998,swap,notBad
5439,7,406.1999999999998,7,402.2399999999998,move,improve
5440,7,406.1999999999998,7,402.2399999999998,move,improve
5441,7,406.1999999999998,7,402.2399999999998,move,improve
5442,7,407.0099999999998,7,402.2399999999998,swap,acceptBad
5443,7,407.0099999999998,7,402.2399999999998,move,improve
5444,7,407.0099999999998,7,402.2399999999998,move,improve
5445,7,407.0099999999998,7,402.2399999999998,move,improve
5446,7,407.0099999999998,7,402.2399999999998,move,improve
5447,7,407.0099999999998,7,402.2399999999998,2opt,notBad
5448,7,407.0099999999998,7,402.2399999999998,move,improve
5449,7,405.7499999999998,7,402.2399999999998,move,improve
5450,7,405.7499999999998,7,402.2399999999998,move,improve
5451,7,405.7499999999998,7,402.2399999999998,move,improve
5452,7,405.7499999999998,7,402.2399999999998,move,improve
5453,7,405.7499999999998,7,402.2399999999998,swap,notBad
5454,7,405.7499999999998,7,402.2399999999998,swap,notBad
5455,7,405.7499999999998,7,402.2399999999998,swap,notBad
5456,7,405.7499999999998,7,402.2399999999998,swap,notBad
5457,7,405.7499999999998,7,402.2399999999998,swap,notBad
5458,7,405.7499999999998,7,402.2399999999998,move,improve
5459,7,405.7499999999998,7,402.2399999999998,2opt,notBad
5460,7,405.7499999999998,7,402.2399999999998,swap,notBad
5461,7,405.7499999999998,7,402.2399999999998,2opt,notBad
5462,7,405.7499999999998,7,402.2399999999998,2opt,notBad
5463,7,405.7499999999998,7,402.2399999999998,2opt,notBad
5464,7,405.7499999999998,7,402.2399999999998,2opt,improve
5465,7,405.7499999999998,7,402.2399999999998,2opt,notBad
5466,7,405.7499999999998,7,402.2399999999998,2opt,notBad
5467,7,405.7499999999998,7,402.2399999999998,swap,notBad
5468,7,405.7499999999998,7,402.2399999999998,swap,notBad
5469,7,405.7499999999998,7,402.2399999999998,swap,notBad
5470,7,405.7499999999998,7,402.2399999999998,swap,notBad
5471,7,405.7499999999998,7,402.2399999999998,2opt,notBad
5472,7,405.7499999999998,7,402.2399999999998,2opt,notBad
5473,7,405.7499999999998,7,402.2399999999998,move,improve
5474,7,405.7499999999998,7,402.2399999999998,2opt,notBad
5475,7,405.7499999999998,7,402.2399999999998,swap,notBad
5476,7,405.7499999999998,7,402.2399999999998,move,improve
5477,7,405.7499999999998,7,402.2399999999998,move,improve
5478,7,405.7499999999998,7,402.2399999999998,swap,notBad
5479,7,405.7499999999998,7,402.2399999999998,move,improve
5480,7,405.7499999999998,7,402.2399999999998,swap,notBad
5481,7,405.7499999999998,7,402.2399999999998,2opt,notBad
5482,7,405.7499999999998,7,402.2399999999998,move,improve
5483,7,405.7499999999998,7,402.2399999999998,move,improve
5484,7,405.7499999999998,7,402.2399999999998,2opt,notBad
5485,7,404.4599999999998,7,402.2399999999998,move,improve
5486,7,404.4599999999998,7,402.2399999999998,move,improve
5487,7,404.4599999999998,7,402.2399999999998,move,improve
5488,7,404.4599999999998,7,402.2399999999998,move,improve
5489,7,404.4599999999998,7,402.2399999999998,move,improve
5490,7,404.4599999999998,7,402.2399999999998,2opt,improve
5491,7,404.4599999999998,7,402.2399999999998,swap,notBad
5492,7,404.4599999999998,7,402.2399999999998,swap,notBad
5493,7,404.4599999999998,7,402.2399999999998,2opt,improve
5494,7,404.4599999999998,7,402.2399999999998,move,improve
5495,7,404.4599999999998,7,402.2399999999998,swap,notBad
5496,7,405.38999999999976,7,402.2399999999998,swap,acceptBad
5497,7,405.38999999999976,7,402.2399999999998,swap,notBad
5498,7,405.38999999999976,7,402.2399999999998,swap,notBad
5499,7,405.38999999999976,7,402.2399999999998,move,improve
5500,7,405.38999999999976,7,402.2399999999998,move,improve
5501,7,405.38999999999976,7,402.2399999999998,2opt,notBad
5502,7,405.38999999999976,7,402.2399999999998,2opt,notBad
5503,7,405.38999999999976,7,402.2399999999998,swap,notBad
5504,7,405.38999999999976,7,402.2399999999998,move,improve
5505,7,405.38999999999976,7,402.2399999999998,swap,notBad
5506,7,405.38999999999976,7,402.2399999999998,swap,notBad
5507,7,405.38999999999976,7,402.2399999999998,move,improve
5508,7,405.38999999999976,7,402.2399999999998,swap,notBad
5509,7,405.38999999999976,7,402.2399999999998,move,improve
5510,7,405.38999999999976,7,402.2399999999998,move,improve
5511,7,405.38999999999976,7,402.2399999999998,swap,notBad
5512,7,405.38999999999976,7,402.2399999999998,2opt,notBad
5513,7,405.38999999999976,7,402.2399999999998,move,improve
5514,7,405.38999999999976,7,402.2399999999998,2opt,notBad
5515,7,405.38999999999976,7,402.2399999999998,swap,notBad
5516,7,405.38999999999976,7,402.2399999999998,swap,notBad
5517,7,405.38999999999976,7,402.2399999999998,move,improve
5518,7,405.38999999999976,7,402.2399999999998,move,improve
5519,7,405.38999999999976,7,402.2399999999998,swap,notBad
5520,7,405.38999999999976,7,402.2399999999998,2opt,notBad
5521,7,405.38999999999976,7,402.2399999999998,2opt,notBad
5522,7,405.38999999999976,7,402.2399999999998,2opt,notBad
5523,7,405.38999999999976,7,402.2399999999998,2opt,notBad
5524,7,405.38999999999976,7,402.2399999999998,2opt,notBad
5525,7,405.38999999999976,7,402.2399999999998,2opt,notBad
5526,7,405.38999999999976,7,402.2399999999998,2opt,notBad
5527,7,405.38999999999976,7,402.2399999999998,move,improve
5528,7,405.38999999999976,7,402.2399999999998,swap,notBad
5529,7,405.38999999999976,7,402.2399999999998,move,improve
5530,7,405.38999999999976,7,402.2399999999998,2opt,notBad
5531,7,405.38999999999976,7,402.2399999999998,swap,notBad
5532,7,405.38999999999976,7,402.2399999999998,2opt,notBad
5533,7,405.38999999999976,7,402.2399999999998,2opt,notBad
5534,7,405.38999999999976,7,402.2399999999998,move,improve
5535,7,405.38999999999976,7,402.2399999999998,swap,notBad
5536,7,405.38999999999976,7,402.2399999999998,move,improve
5537,7,405.38999999999976,7,402.2399999999998,move,improve
5538,7,405.38999999999976,7,402.2399999999998,2opt,notBad
5539,7,405.38999999999976,7,402.2399999999998,swap,notBad
5540,7,405.38999999999976,7,402.2399999999998,swap,notBad
5541,7,405.38999999999976,7,402.2399999999998,swap,notBad
5542,7,405.38999999999976,7,402.2399999999998,swap,notBad
5543,7,405.38999999999976,7,402.2399999999998,swap,notBad
5544,7,405.38999999999976,7,402.2399999999998,2opt,notBad
5545,7,405.38999999999976,7,402.2399999999998,move,improve
5546,7,405.38999999999976,7,402.2399999999998,move,improve
5547,7,405.38999999999976,7,402.2399999999998,2opt,notBad
5548,7,405.38999999999976,7,402.2399999999998,swap,notBad
5549,7,405.38999999999976,7,402.2399999999998,swap,notBad
5550,7,405.38999999999976,7,402.2399999999998,2opt,notBad
5551,7,405.38999999999976,7,402.2399999999998,swap,notBad
5552,7,405.38999999999976,7,402.2399999999998,swap,notBad
5553,7,405.38999999999976,7,402.2399999999998,2opt,notBad
5554,7,405.38999999999976,7,402.2399999999998,swap,notBad
5555,7,405.38999999999976,7,402.2399999999998,2opt,notBad
5556,7,405.38999999999976,7,402.2399999999998,2opt,notBad
5557,7,405.38999999999976,7,402.2399999999998,2opt,notBad
5558,7,405.38999999999976,7,402.2399999999998,2opt,notBad
5559,7,405.38999999999976,7,402.2399999999998,move,improve
5560,7,405.38999999999976,7,402.2399999999998,swap,notBad
5561,7,405.38999999999976,7,402.2399999999998,swap,notBad
5562,7,405.38999999999976,7,402.2399999999998,move,improve
5563,7,405.38999999999976,7,402.2399999999998,move,improve
5564,7,405.38999999999976,7,402.2399999999998,move,improve
5565,7,405.38999999999976,7,402.2399999999998,move,improve
5566,7,405.38999999999976,7,402.2399999999998,swap,notBad
5567,7,405.38999999999976,7,402.2399999999998,move,improve
5568,7,403.16999999999985,7,402.2399999999998,move,improve
5569,7,403.16999999999985,7,402.2399999999998,2opt,notBad
5570,7,403.16999999999985,7,402.2399999999998,2opt,notBad
5571,7,403.16999999999985,7,402.2399999999998,move,improve
5572,7,403.16999999999985,7,402.2399999999998,2opt,notBad
5573,7,403.16999999999985,7,402.2399999999998,2opt,notBad
5574,7,403.16999999999985,7,402.2399999999998,2opt,notBad
5575,7,403.16999999999985,7,402.2399999999998,swap,notBad
5576,7,403.16999999999985,7,402.2399999999998,2opt,notBad
5577,7,403.16999999999985,7,402.2399999999998,swap,notBad
5578,7,403.16999999999985,7,402.2399999999998,move,improve
5579,7,403.16999999999985,7,402.2399999999998,2opt,improve
5580,7,403.16999999999985,7,402.2399999999998,swap,notBad
5581,7,403.16999999999985,7,402.2399999999998,2opt,notBad
5582,7,403.16999999999985,7,402.2399999999998,2opt,notBad
5583,7,403.16999999999985,7,402.2399999999998,swap,notBad
5584,7,403.16999999999985,7,402.2399999999998,2opt,notBad
5585,7,403.16999999999985,7,402.2399999999998,swap,notBad
5586,7,403.16999999999985,7,402.2399999999998,move,improve
5587,7,403.16999999999985,7,402.2399999999998,move,improve
5588,7,403.16999999999985,7,402.2399999999998,move,improve
5589,7,403.16999999999985,7,402.2399999999998,swap,notBad
5590,7,403.16999999999985,7,402.2399999999998,move,improve
5591,7,404.51999999999975,7,402.2399999999998,swap,acceptBad
5592,7,404.51999999999975,7,402.2399999999998,move,improve
5593,7,404.51999999999975,7,402.2399999999998,swap,notBad
5594,7,404.51999999999975,7,402.2399999999998,swap,notBad
5595,7,404.51999999999975,7,402.2399999999998,2opt,notBad
5596,7,404.51999999999975,7,402.2399999999998,move,improve
5597,7,404.51999999999975,7,402.2399999999998,2opt,notBad
5598,7,404.51999999999975,7,402.2399999999998,2opt,notBad
5599,7,404.51999999999975,7,402.2399999999998,swap,notBad
5600,7,404.51999999999975,7,402.2399999999998,swap,notBad
5601,7,404.51999999999975,7,402.2399999999998,move,improve
5602,7,404.51999999999975,7,402.2399999999998,2opt,notBad
5603,7,404.51999999999975,7,402.2399999999998,move,improve
5604,7,404.51999999999975,7,402.2399999999998,move,improve
5605,7,404.51999999999975,7,402.2399999999998,2opt,notBad
5606,7,404.51999999999975,7,402.2399999999998,move,improve
5607,7,404.51999999999975,7,402.2399999999998,2opt,notBad
5608,7,404.51999999999975,7,402.2399999999998,move,improve
5609,7,404.51999999999975,7,402.2399999999998,move,improve
5610,7,404.51999999999975,7,402.2399999999998,move,improve
5611,7,404.51999999999975,7,402.2399999999998,2opt,notBad
5612,7,404.51999999999975,7,402.2399999999998,2opt,improve
5613,7,404.51999999999975,7,402.2399999999998,2opt,notBad
5614,7,404.51999999999975,7,402.2399999999998,move,improve
5615,7,404.51999999999975,7,402.2399999999998,2opt,notBad
5616,7,404.51999999999975,7,402.2399999999998,swap,notBad
5617,7,404.51999999999975,7,402.2399999999998,move,improve
5618,7,404.51999999999975,7,402.2399999999998,move,improve
5619,7,404.51999999999975,7,402.2399999999998,2opt,notBad
5620,7,404.51999999999975,7,402.2399999999998,move,improve
5621,7,404.51999999999975,7,402.2399999999998,swap,notBad
5622,7,404.51999999999975,7,402.2399999999998,swap,notBad
5623,7,404.51999999999975,7,402.2399999999998,move,improve
5624,7,404.51999999999975,7,402.2399999999998,swap,notBad
5625,7,404.51999999999975,7,402.2399999999998,2opt,notBad
5626,7,404.51999999999975,7,402.2399999999998,swap,notBad
5627,7,404.51999999999975,7,402.2399999999998,move,improve
5628,7,404.51999999999975,7,402.2399999999998,2opt,notBad
5629,7,404.51999999999975,7,402.2399999999998,2opt,notBad
5630,7,404.51999999999975,7,402.2399999999998,swap,notBad
5631,7,404.51999999999975,7,402.2399999999998,move,improve
5632,7,404.51999999999975,7,402.2399999999998,swap,notBad
5633,7,404.51999999999975,7,402.2399999999998,swap,notBad
5634,7,404.51999999999975,7,402.2399999999998,move,improve
5635,7,404.51999999999975,7,402.2399999999998,move,improve
5636,7,404.51999999999975,7,402.2399999999998,move,improve
5637,7,404.51999999999975,7,402.2399999999998,swap,notBad
5638,7,404.51999999999975,7,402.2399999999998,swap,notBad
5639,7,404.51999999999975,7,402.2399999999998,move,improve
5640,7,404.51999999999975,7,402.2399999999998,2opt,notBad
5641,7,404.51999999999975,7,402.2399999999998,swap,notBad
5642,7,404.51999999999975,7,402.2399999999998,swap,notBad
5643,7,404.51999999999975,7,402.2399999999998,2opt,notBad
5644,7,404.51999999999975,7,402.2399999999998,2opt,notBad
5645,7,404.51999999999975,7,402.2399999999998,move,improve
5646,7,404.51999999999975,7,402.2399999999998,swap,notBad
5647,7,404.51999999999975,7,402.2399999999998,move,improve
5648,7,404.51999999999975,7,402.2399999999998,2opt,improve
5649,7,404.51999999999975,7,402.2399999999998,swap,notBad
5650,7,404.51999999999975,7,402.2399999999998,2opt,notBad
5651,7,404.51999999999975,7,402.2399999999998,swap,notBad
5652,7,404.51999999999975,7,402.2399999999998,2opt,notBad
5653,7,404.51999999999975,7,402.2399999999998,swap,notBad
5654,7,404.51999999999975,7,402.2399999999998,2opt,improve
5655,7,404.51999999999975,7,402.2399999999998,2opt,notBad
5656,7,404.51999999999975,7,402.2399999999998,2opt,notBad
5657,7,404.51999999999975,7,402.2399999999998,2opt,notBad
5658,7,404.51999999999975,7,402.2399999999998,swap,notBad
5659,7,404.51999999999975,7,402.2399999999998,move,improve
5660,7,404.51999999999975,7,402.2399999999998,swap,notBad
5661,7,404.51999999999975,7,402.2399999999998,2opt,notBad
5662,7,404.51999999999975,7,402.2399999999998,2opt,notBad
5663,7,404.51999999999975,7,402.2399999999998,move,improve
5664,7,404.51999999999975,7,402.2399999999998,swap,notBad
5665,7,404.51999999999975,7,402.2399999999998,swap,notBad
5666,7,404.51999999999975,7,402.2399999999998,2opt,improve
5667,7,404.51999999999975,7,402.2399999999998,swap,notBad
5668,7,404.51999999999975,7,402.2399999999998,2opt,notBad
5669,7,404.51999999999975,7,402.2399999999998,swap,notBad
5670,7,404.51999999999975,7,402.2399999999998,2opt,notBad
5671,7,404.51999999999975,7,402.2399999999998,swap,notBad
5672,7,404.51999999999975,7,402.2399999999998,swap,notBad
5673,7,404.51999999999975,7,402.2399999999998,move,improve
5674,7,404.51999999999975,7,402.2399999999998,swap,notBad
5675,7,405.02999999999975,7,402.2399999999998,swap,acceptBad
5676,7,405.02999999999975,7,402.2399999999998,move,improve
5677,7,405.02999999999975,7,402.2399999999998,2opt,notBad
5678,7,405.02999999999975,7,402.2399999999998,swap,notBad
5679,7,405.02999999999975,7,402.2399999999998,2opt,notBad
5680,7,405.02999999999975,7,402.2399999999998,2opt,notBad
5681,7,403.46999999999997,7,402.2399999999998,2opt,improve
5682,7,403.46999999999997,7,402.2399999999998,swap,notBad
5683,7,403.46999999999997,7,402.2399999999998,2opt,notBad
5684,7,403.46999999999997,7,402.2399999999998,move,improve
5685,7,403.46999999999997,7,402.2399999999998,swap,notBad
5686,7,403.46999999999997,7,402.2399999999998,swap,notBad
5687,7,404.75999999999993,7,402.2399999999998,swap,acceptBad
5688,7,404.75999999999993,7,402.2399999999998,swap,notBad
5689,7,404.75999999999993,7,402.2399999999998,move,improve
5690,7,404.75999999999993,7,402.2399999999998,move,improve
5691,7,404.75999999999993,7,402.2399999999998,2opt,notBad
5692,7,404.75999999999993,7,402.2399999999998,move,improve
5693,7,404.75999999999993,7,402.2399999999998,swap,notBad
5694,7,404.75999999999993,7,402.2399999999998,swap,notBad
5695,7,404.75999999999993,7,402.2399999999998,2opt,notBad
5696,7,404.75999999999993,7,402.2399999999998,2opt,notBad
5697,7,404.75999999999993,7,402.2399999999998,move,notBad
5698,7,404.75999999999993,7,402.2399999999998,swap,notBad
5699,7,404.75999999999993,7,402.2399999999998,swap,notBad
5700,7,404.75999999999993,7,402.2399999999998,swap,notBad
5701,7,404.75999999999993,7,402.2399999999998,swap,notBad
5702,7,404.75999999999993,7,402.2399999999998,2opt,notBad
5703,7,407.99999999999994,7,402.2399999999998,swap,acceptBad
5704,7,407.99999999999994,7,402.2399999999998,move,improve
5705,7,407.99999999999994,7,402.2399999999998,2opt,improve
5706,7,407.99999999999994,7,402.2399999999998,move,improve
5707,7,407.99999999999994,7,402.2399999999998,swap,notBad
5708,7,407.99999999999994,7,402.2399999999998,swap,notBad
5709,7,407.99999999999994,7,402.2399999999998,2opt,notBad
5710,7,407.99999999999994,7,402.2399999999998,2opt,notBad
5711,7,407.99999999999994,7,402.2399999999998,2opt,notBad
5712,7,407.99999999999994,7,402.2399999999998,swap,notBad
5713,7,407.99999999999994,7,402.2399999999998,move,improve
5714,7,407.99999999999994,7,402.2399999999998,move,improve
5715,7,407.99999999999994,7,402.2399999999998,2opt,notBad
5716,7,407.99999999999994,7,402.2399999999998,2opt,notBad
5717,7,407.99999999999994,7,402.2399999999998,swap,notBad
5718,7,407.99999999999994,7,402.2399999999998,2opt,notBad
5719,7,407.99999999999994,7,402.2399999999998,move,improve
5720,7,407.99999999999994,7,402.2399999999998,move,improve
5721,7,407.99999999999994,7,402.2399999999998,move,improve
5722,7,407.99999999999994,7,402.2399999999998,move,improve
5723,7,407.99999999999994,7,402.2399999999998,move,improve
5724,7,407.99999999999994,7,402.2399999999998,2opt,notBad
5725,7,407.99999999999994,7,402.2399999999998,move,improve
5726,7,407.99999999999994,7,402.2399999999998,move,improve
5727,7,407.99999999999994,7,402.2399999999998,swap,notBad
5728,7,407.99999999999994,7,402.2399999999998,2opt,notBad
5729,7,407.99999999999994,7,402.2399999999998,swap,notBad
5730,7,407.99999999999994,7,402.2399999999998,move,improve
5731,7,407.99999999999994,7,402.2399999999998,swap,notBad
5732,7,407.99999999999994,7,402.2399999999998,2opt,notBad
5733,7,407.99999999999994,7,402.2399999999998,move,improve
5734,7,407.99999999999994,7,402.2399999999998,2opt,notBad
5735,7,407.99999999999994,7,402.2399999999998,swap,notBad
5736,7,407.99999999999994,7,402.2399999999998,move,improve
5737,7,407.99999999999994,7,402.2399999999998,move,improve
5738,7,407.99999999999994,7,402.2399999999998,2opt,notBad
5739,7,407.99999999999994,7,402.2399999999998,2opt,notBad
5740,7,407.99999999999994,7,402.2399999999998,swap,notBad
5741,7,407.99999999999994,7,402.2399999999998,2opt,notBad
5742,7,407.99999999999994,7,402.2399999999998,move,improve
5743,7,407.99999999999994,7,402.2399999999998,move,improve
5744,7,407.99999999999994,7,402.2399999999998,move,improve
5745,7,407.99999999999994,7,402.2399999999998,2opt,notBad
5746,7,407.99999999999994,7,402.2399999999998,swap,notBad
5747,7,407.99999999999994,7,402.2399999999998,move,improve
5748,7,407.99999999999994,7,402.2399999999998,2opt,notBad
5749,7,407.99999999999994,7,402.2399999999998,swap,notBad
5750,7,407.99999999999994,7,402.2399999999998,2opt,notBad
5751,7,407.99999999999994,7,402.2399999999998,swap,notBad
5752,7,407.99999999999994,7,402.2399999999998,swap,notBad
5753,7,407.99999999999994,7,402.2399999999998,swap,notBad
5754,7,407.99999999999994,7,402.2399999999998,2opt,notBad
5755,7,407.99999999999994,7,402.2399999999998,2opt,notBad
5756,7,407.99999999999994,7,402.2399999999998,swap,notBad
5757,7,407.99999999999994,7,402.2399999999998,swap,notBad
5758,7,407.99999999999994,7,402.2399999999998,swap,notBad
5759,7,407.99999999999994,7,402.2399999999998,2opt,notBad
5760,7,407.99999999999994,7,402.2399999999998,move,improve
5761,7,407.99999999999994,7,402.2399999999998,2opt,notBad
5762,7,407.99999999999994,7,402.2399999999998,move,improve
5763,7,407.99999999999994,7,402.2399999999998,2opt,notBad
5764,7,407.99999999999994,7,402.2399999999998,2opt,notBad
5765,7,407.99999999999994,7,402.2399999999998,2opt,notBad
5766,7,407.99999999999994,7,402.2399999999998,move,improve
5767,7,407.99999999999994,7,402.2399999999998,swap,notBad
5768,7,407.99999999999994,7,402.2399999999998,swap,notBad
5769,7,407.99999999999994,7,402.2399999999998,2opt,notBad
5770,7,407.99999999999994,7,402.2399999999998,swap,notBad
5771,7,407.99999999999994,7,402.2399999999998,2opt,notBad
5772,7,407.99999999999994,7,402.2399999999998,2opt,notBad
5773,7,407.99999999999994,7,402.2399999999998,swap,notBad
5774,7,407.99999999999994,7,402.2399999999998,move,improve
5775,7,407.99999999999994,7,402.2399999999998,move,improve
5776,7,407.99999999999994,7,402.2399999999998,2opt,notBad
5777,7,407.99999999999994,7,402.2399999999998,swap,notBad
5778,7,407.99999999999994,7,402.2399999999998,2opt,notBad
5779,7,407.99999999999994,7,402.2399999999998,2opt,notBad
5780,7,407.99999999999994,7,402.2399999999998,move,improve
5781,7,407.99999999999994,7,402.2399999999998,2opt,notBad
5782,7,407.99999999999994,7,402.2399999999998,swap,notBad
5783,7,407.99999999999994,7,402.2399999999998,swap,notBad
5784,7,407.99999999999994,7,402.2399999999998,move,improve
5785,7,410.0399999999999,7,402.2399999999998,swap,acceptBad
5786,7,410.0399999999999,7,402.2399999999998,2opt,notBad
5787,7,410.0399999999999,7,402.2399999999998,swap,notBad
5788,7,410.0399999999999,7,402.2399999999998,move,improve
5789,7,410.0399999999999,7,402.2399999999998,2opt,notBad
5790,7,410.0399999999999,7,402.2399999999998,move,improve
5791,7,410.0399999999999,7,402.2399999999998,move,improve
5792,7,410.0399999999999,7,402.2399999999998,swap,notBad
5793,7,410.0399999999999,7,402.2399999999998,2opt,improve
5794,7,410.0399999999999,7,402.2399999999998,move,improve
5795,7,410.0399999999999,7,402.2399999999998,swap,notBad
5796,7,410.0399999999999,7,402.2399999999998,swap,notBad
5797,7,407.24999999999994,7,402.2399999999998,move,improve
5798,7,407.24999999999994,7,402.2399999999998,swap,notBad
5799,7,407.24999999999994,7,402.2399999999998,move,improve
5800,7,407.24999999999994,7,402.2399999999998,move,improve
5801,7,407.24999999999994,7,402.2399999999998,swap,notBad
5802,7,407.24999999999994,7,402.2399999999998,swap,notBad
5803,7,407.24999999999994,7,402.2399999999998,move,improve
5804,7,407.24999999999994,7,402.2399999999998,2opt,notBad
5805,7,407.24999999999994,7,402.2399999999998,swap,notBad
5806,7,407.24999999999994,7,402.2399999999998,move,improve
5807,7,407.24999999999994,7,402.2399999999998,2opt,notBad
5808,7,407.24999999999994,7,402.2399999999998,move,improve
5809,7,407.24999999999994,7,402.2399999999998,swap,notBad
5810,7,407.24999999999994,7,402.2399999999998,swap,notBad
5811,7,407.24999999999994,7,402.2399999999998,swap,notBad
5812,7,407.24999999999994,7,402.2399999999998,swap,notBad
5813,7,407.24999999999994,7,402.2399999999998,2opt,notBad
5814,7,407.24999999999994,7,402.2399999999998,2opt,notBad
5815,7,407.24999999999994,7,402.2399999999998,swap,notBad
5816,7,407.24999999999994,7,402.2399999999998,swap,notBad
5817,7,407.24999999999994,7,402.2399999999998,move,improve
5818,7,407.24999999999994,7,402.2399999999998,move,improve
5819,7,407.24999999999994,7,402.2399999999998,2opt,notBad
5820,7,407.24999999999994,7,402.2399999999998,move,improve
5821,7,407.24999999999994,7,402.2399999999998,move,improve
5822,7,407.24999999999994,7,402.2399999999998,swap,notBad
5823,7,407.24999999999994,7,402.2399999999998,2opt,improve
5824,7,407.24999999999994,7,402.2399999999998,2opt,improve
5825,7,407.24999999999994,7,402.2399999999998,2opt,notBad
5826,7,407.24999999999994,7,402.2399999999998,2opt,improve
5827,7,407.24999999999994,7,402.2399999999998,2opt,notBad
5828,7,407.24999999999994,7,402.2399999999998,2opt,notBad
5829,7,407.24999999999994,7,402.2399999999998,move,improve
5830,7,407.24999999999994,7,402.2399999999998,swap,notBad
5831,7,407.24999999999994,7,402.2399999999998,2opt,notBad
5832,7,407.24999999999994,7,402.2399999999998,move,improve
5833,7,407.24999999999994,7,402.2399999999998,move,improve
5834,7,407.24999999999994,7,402.2399999999998,2opt,notBad
5835,7,407.24999999999994,7,402.2399999999998,2opt,notBad
5836,7,407.24999999999994,7,402.2399999999998,swap,notBad
5837,7,408.50999999999993,7,402.2399999999998,swap,acceptBad
5838,7,408.50999999999993,7,402.2399999999998,2opt,notBad
5839,7,408.50999999999993,7,402.2399999999998,move,improve
5840,7,408.50999999999993,7,402.2399999999998,2opt,notBad
5841,7,408.50999999999993,7,402.2399999999998,swap,notBad
5842,7,408.50999999999993,7,402.2399999999998,swap,notBad
5843,7,408.50999999999993,7,402.2399999999998,move,improve
5844,7,408.50999999999993,7,402.2399999999998,swap,notBad
5845,7,408.50999999999993,7,402.2399999999998,swap,notBad
5846,7,408.50999999999993,7,402.2399999999998,2opt,improve
5847,7,408.50999999999993,7,402.2399999999998,swap,notBad
5848,7,408.50999999999993,7,402.2399999999998,swap,notBad
5849,7,408.50999999999993,7,402.2399999999998,swap,notBad
5850,7,408.50999999999993,7,402.2399999999998,2opt,notBad
5851,7,408.50999999999993,7,402.2399999999998,swap,notBad
5852,7,408.50999999999993,7,402.2399999999998,2opt,notBad
5853,7,408.50999999999993,7,402.2399999999998,2opt,notBad
5854,7,408.50999999999993,7,402.2399999999998,move,improve
5855,7,408.50999999999993,7,402.2399999999998,swap,notBad
5856,7,408.50999999999993,7,402.2399999999998,move,improve
5857,7,408.50999999999993,7,402.2399999999998,swap,notBad
5858,7,408.50999999999993,7,402.2399999999998,move,improve
5859,7,408.50999999999993,7,402.2399999999998,move,improve
5860,7,408.50999999999993,7,402.2399999999998,move,notBad
5861,7,407.24999999999994,7,402.2399999999998,move,improve
5862,7,407.24999999999994,7,402.2399999999998,move,improve
5863,7,407.24999999999994,7,402.2399999999998,swap,notBad
5864,7,407.24999999999994,7,402.2399999999998,move,improve
5865,7,407.24999999999994,7,402.2399999999998,move,improve
5866,7,407.24999999999994,7,402.2399999999998,swap,notBad
5867,7,407.24999999999994,7,402.2399999999998,2opt,notBad
5868,7,407.24999999999994,7,402.2399999999998,2opt,notBad
5869,7,407.24999999999994,7,402.2399999999998,swap,notBad
5870,7,407.24999999999994,7,402.2399999999998,move,improve
5871,7,407.24999999999994,7,402.2399999999998,move,improve
5872,7,407.24999999999994,7,402.2399999999998,2opt,notBad
5873,7,407.24999999999994,7,402.2399999999998,move,improve
5874,7,408.9899999999999,7,402.2399999999998,swap,acceptBad
5875,7,408.9899999999999,7,402.2399999999998,move,improve
5876,7,408.9899999999999,7,402.2399999999998,swap,notBad
5877,7,408.9899999999999,7,402.2399999999998,move,improve
5878,7,408.9899999999999,7,402.2399999999998,2opt,improve
5879,7,408.9899999999999,7,402.2399999999998,move,improve
5880,7,408.9899999999999,7,402.2399999999998,swap,notBad
5881,7,408.9899999999999,7,402.2399999999998,2opt,notBad
5882,7,408.9899999999999,7,402.2399999999998,move,improve
5883,7,408.9899999999999,7,402.2399999999998,swap,notBad
5884,7,408.9899999999999,7,402.2399999999998,move,improve
5885,7,408.9899999999999,7,402.2399999999998,swap,notBad
5886,7,408.9899999999999,7,402.2399999999998,swap,notBad
5887,7,408.9899999999999,7,402.2399999999998,move,improve
5888,7,408.9899999999999,7,402.2399999999998,move,improve
5889,7,408.9899999999999,7,402.2399999999998,move,improve
5890,7,408.9899999999999,7,402.2399999999998,2opt,notBad
5891,7,408.9899999999999,7,402.2399999999998,swap,notBad
5892,7,408.9899999999999,7,402.2399999999998,2opt,notBad
5893,7,408.9899999999999,7,402.2399999999998,move,improve
5894,7,408.9899999999999,7,402.2399999999998,2opt,notBad
5895,7,408.9899999999999,7,402.2399999999998,2opt,improve
5896,7,408.9899999999999,7,402.2399999999998,swap,notBad
5897,7,408.9899999999999,7,402.2399999999998,2opt,notBad
5898,7,408.9899999999999,7,402.2399999999998,2opt,notBad
5899,7,408.9899999999999,7,402.2399999999998,swap,notBad
5900,7,408.9899999999999,7,402.2399999999998,swap,notBad
5901,7,408.9899999999999,7,402.2399999999998,move,notBad
5902,7,408.9899999999999,7,402.2399999999998,swap,notBad
5903,7,408.9899999999999,7,402.2399999999998,2opt,notBad
5904,7,408.9899999999999,7,402.2399999999998,2opt,notBad
5905,7,408.9899999999999,7,402.2399999999998,2opt,improve
5906,7,408.9899999999999,7,402.2399999999998,move,improve
5907,7,408.9899999999999,7,402.2399999999998,2opt,notBad
5908,7,408.9899999999999,7,402.2399999999998,2opt,improve
5909,7,408.9899999999999,7,402.2399999999998,swap,notBad
5910,7,408.9899999999999,7,402.2399999999998,move,improve
5911,7,408.9899999999999,7,402.2399999999998,2opt,notBad
5912,7,408.9899999999999,7,402.2399999999998,2opt,improve
5913,7,408.9899999999999,7,402.2399999999998,move,improve
5914,7,408.9899999999999,7,402.2399999999998,move,notBad
5915,7,408.9899999999999,7,402.2399999999998,2opt,notBad
5916,7,408.9899999999999,7,402.2399999999998,move,improve
5917,7,408.9899999999999,7,402.2399999999998,2opt,notBad
5918,7,408.47999999999996,7,402.2399999999998,swap,improve
5919,7,408.47999999999996,7,402.2399999999998,2opt,notBad
5920,7,408.47999999999996,7,402.2399999999998,swap,notBad
5921,7,408.47999999999996,7,402.2399999999998,move,improve
5922,7,408.47999999999996,7,402.2399999999998,2opt,notBad
5923,7,408.47999999999996,7,402.2399999999998,swap,notBad
5924,7,408.47999999999996,7,402.2399999999998,move,improve
5925,7,408.03,7,402.2399999999998,swap,improve
5926,7,408.03,7,402.2399999999998,move,improve
5927,7,408.03,7,402.2399999999998,swap,notBad
5928,7,408.03,7,402.2399999999998,move,improve
5929,7,408.03,7,402.2399999999998,move,improve
5930,7,408.03,7,402.2399999999998,swap,notBad
5931,7,408.03,7,402.2399999999998,swap,notBad
5932,7,408.03,7,402.2399999999998,move,improve
5933,7,408.03,7,402.2399999999998,swap,notBad
5934,7,408.03,7,402.2399999999998,2opt,notBad
5935,7,408.03,7,402.2399999999998,2opt,notBad
5936,7,408.03,7,402.2399999999998,2opt,notBad
5937,7,408.03,7,402.2399999999998,swap,notBad
5938,7,408.03,7,402.2399999999998,move,improve
5939,7,408.03,7,402.2399999999998,swap,notBad
5940,7,408.03,7,402.2399999999998,move,improve
5941,7,408.03,7,402.2399999999998,move,improve
5942,7,408.03,7,402.2399999999998,2opt,notBad
5943,7,408.03,7,402.2399999999998,move,improve
5944,7,408.03,7,402.2399999999998,move,improve
5945,7,408.03,7,402.2399999999998,swap,notBad
5946,7,408.03,7,402.2399999999998,swap,notBad
5947,7,408.03,7,402.2399999999998,2opt,notBad
5948,7,408.03,7,402.2399999999998,move,improve
5949,7,408.03,7,402.2399999999998,swap,notBad
5950,7,408.03,7,402.2399999999998,move,improve
5951,7,408.03,7,402.2399999999998,swap,notBad
5952,7,408.03,7,402.2399999999998,swap,notBad
5953,7,408.0599999999999,7,402.2399999999998,2opt,acceptBad
5954,7,408.0599999999999,7,402.2399999999998,swap,notBad
5955,7,408.0599999999999,7,402.2399999999998,move,improve
5956,7,408.0599999999999,7,402.2399999999998,swap,notBad
5957,7,408.0599999999999,7,402.2399999999998,move,improve
5958,7,408.0599999999999,7,402.2399999999998,swap,notBad
5959,7,408.0599999999999,7,402.2399999999998,move,improve
5960,7,408.0599999999999,7,402.2399999999998,2opt,notBad
5961,7,408.0599999999999,7,402.2399999999998,2opt,notBad
5962,7,408.0599999999999,7,402.2399999999998,2opt,notBad
5963,7,408.0599999999999,7,402.2399999999998,2opt,notBad
5964,7,408.0599999999999,7,402.2399999999998,2opt,notBad
5965,7,408.0599999999999,7,402.2399999999998,move,improve
5966,7,408.0599999999999,7,402.2399999999998,move,improve
5967,7,408.0599999999999,7,402.2399999999998,swap,notBad
5968,7,408.20999999999987,7,402.2399999999998,swap,acceptBad
5969,7,408.20999999999987,7,402.2399999999998,2opt,notBad
5970,7,408.20999999999987,7,402.2399999999998,move,improve
5971,7,408.20999999999987,7,402.2399999999998,swap,notBad
5972,7,405.4199999999999,7,402.2399999999998,move,improve
5973,7,405.4199999999999,7,402.2399999999998,2opt,notBad
5974,7,405.4199999999999,7,402.2399999999998,swap,notBad
5975,7,405.4199999999999,7,402.2399999999998,move,improve
5976,7,405.4199999999999,7,402.2399999999998,swap,notBad
5977,7,406.73999999999984,7,402.2399999999998,swap,acceptBad
5978,7,406.73999999999984,7,402.2399999999998,2opt,notBad
5979,7,406.73999999999984,7,402.2399999999998,swap,notBad
5980,7,406.73999999999984,7,402.2399999999998,2opt,improve
5981,7,406.73999999999984,7,402.2399999999998,swap,notBad
5982,7,406.73999999999984,7,402.2399999999998,2opt,notBad
5983,7,406.73999999999984,7,402.2399999999998,move,improve
5984,7,406.73999999999984,7,402.2399999999998,2opt,notBad
5985,7,406.73999999999984,7,402.2399999999998,swap,notBad
5986,7,406.73999999999984,7,402.2399999999998,move,improve
5987,7,406.73999999999984,7,402.2399999999998,swap,notBad
5988,7,406.73999999999984,7,402.2399999999998,2opt,notBad
5989,7,406.73999999999984,7,402.2399999999998,move,improve
5990,7,406.73999999999984,7,402.2399999999998,2opt,notBad
5991,7,406.73999999999984,7,402.2399999999998,move,improve
5992,7,406.73999999999984,7,402.2399999999998,swap,notBad
5993,7,406.73999999999984,7,402.2399999999998,swap,notBad
5994,7,406.73999999999984,7,402.2399999999998,move,improve
5995,7,406.73999999999984,7,402.2399999999998,2opt,notBad
5996,7,406.73999999999984,7,402.2399999999998,2opt,notBad
5997,7,406.73999999999984,7,402.2399999999998,move,improve
5998,7,406.73999999999984,7,402.2399999999998,move,improve
5999,7,406.73999999999984,7,402.2399999999998,swap,notBad
6000,7,406.73999999999984,7,402.2399999999998,move,improve
6001,7,406.73999999999984,7,402.2399999999998,move,notBad
6002,7,406.73999999999984,7,402.2399999999998,swap,notBad
6003,7,406.73999999999984,7,402.2399999999998,swap,notBad
6004,7,406.73999999999984,7,402.2399999999998,move,improve
6005,7,406.73999999999984,7,402.2399999999998,swap,notBad
6006,7,406.73999999999984,7,402.2399999999998,2opt,notBad
6007,7,406.73999999999984,7,402.2399999999998,move,improve
6008,7,406.73999999999984,7,402.2399999999998,move,improve
6009,7,406.73999999999984,7,402.2399999999998,move,improve
6010,7,406.73999999999984,7,402.2399999999998,2opt,notBad
6011,7,406.73999999999984,7,402.2399999999998,move,improve
6012,7,406.73999999999984,7,402.2399999999998,move,improve
6013,7,406.73999999999984,7,402.2399999999998,2opt,improve
6014,7,406.73999999999984,7,402.2399999999998,2opt,notBad
6015,7,406.73999999999984,7,402.2399999999998,move,improve
6016,7,406.73999999999984,7,402.2399999999998,2opt,notBad
6017,7,406.73999999999984,7,402.2399999999998,2opt,notBad
6018,7,406.73999999999984,7,402.2399999999998,swap,notBad
6019,7,406.73999999999984,7,402.2399999999998,move,improve
6020,7,406.73999999999984,7,402.2399999999998,2opt,notBad
6021,7,405.0599999999999,7,402.2399999999998,move,improve
6022,7,405.0599999999999,7,402.2399999999998,swap,notBad
6023,7,405.0599999999999,7,402.2399999999998,2opt,notBad
6024,7,405.0599999999999,7,402.2399999999998,swap,notBad
6025,7,405.0599999999999,7,402.2399999999998,swap,notBad
6026,7,405.0599999999999,7,402.2399999999998,2opt,notBad
6027,7,405.0599999999999,7,402.2399999999998,move,improve
6028,7,405.0599999999999,7,402.2399999999998,2opt,notBad
6029,7,405.0599999999999,7,402.2399999999998,move,improve
6030,7,405.0599999999999,7,402.2399999999998,move,improve
6031,7,405.0599999999999,7,402.2399999999998,move,improve
6032,7,405.0599999999999,7,402.2399999999998,2opt,notBad
6033,7,405.0599999999999,7,402.2399999999998,move,improve
6034,7,405.0599999999999,7,402.2399999999998,move,improve
6035,7,405.0599999999999,7,402.2399999999998,swap,notBad
6036,7,405.0599999999999,7,402.2399999999998,move,improve
6037,7,405.0599999999999,7,402.2399999999998,2opt,notBad
6038,7,405.0599999999999,7,402.2399999999998,2opt,notBad
6039,7,405.0599999999999,7,402.2399999999998,2opt,notBad
6040,7,405.0599999999999,7,402.2399999999998,2opt,notBad
6041,7,405.0599999999999,7,402.2399999999998,move,improve
6042,7,405.0599999999999,7,402.2399999999998,move,improve
6043,7,405.0599999999999,7,402.2399999999998,2opt,notBad
6044,7,405.0599999999999,7,402.2399999999998,move,improve
6045,7,405.0599999999999,7,402.2399999999998,swap,notBad
6046,7,405.0599999999999,7,402.2399999999998,swap,notBad
6047,7,405.0599999999999,7,402.2399999999998,swap,notBad
6048,7,405.0599999999999,7,402.2399999999998,2opt,notBad
6049,7,405.0599999999999,7,402.2399999999998,swap,notBad
6050,7,405.0599999999999,7,402.2399999999998,move,improve
6051,7,405.0599999999999,7,402.2399999999998,2opt,notBad
6052,7,405.0599999999999,7,402.2399999999998,swap,notBad
6053,7,405.0599999999999,7,402.2399999999998,move,improve
6054,7,405.0599999999999,7,402.2399999999998,swap,notBad
6055,7,405.0599999999999,7,402.2399999999998,2opt,notBad
6056,7,405.0599999999999,7,402.2399999999998,swap,notBad
6057,7,405.0599999999999,7,402.2399999999998,move,improve
6058,7,405.0599999999999,7,402.2399999999998,2opt,notBad
6059,7,405.0599999999999,7,402.2399999999998,swap,notBad
6060,7,405.0599999999999,7,402.2399999999998,move,improve
6061,7,405.0599999999999,7,402.2399999999998,2opt,notBad
6062,7,405.0599999999999,7,402.2399999999998,swap,notBad
6063,7,405.0599999999999,7,402.2399999999998,swap,notBad
6064,7,405.0599999999999,7,402.2399999999998,2opt,notBad
6065,7,405.0599999999999,7,402.2399999999998,swap,notBad
6066,7,404.7899999999999,7,402.2399999999998,move,improve
6067,7,404.7899999999999,7,402.2399999999998,2opt,notBad
6068,7,404.7899999999999,7,402.2399999999998,move,notBad
6069,7,404.7899999999999,7,402.2399999999998,2opt,notBad
6070,7,404.7899999999999,7,402.2399999999998,move,improve
6071,7,404.7899999999999,7,402.2399999999998,2opt,notBad
6072,7,404.7899999999999,7,402.2399999999998,move,improve
6073,7,404.7899999999999,7,402.2399999999998,2opt,notBad
6074,7,404.7899999999999,7,402.2399999999998,move,improve
6075,7,404.7899999999999,7,402.2399999999998,2opt,notBad
6076,7,404.7899999999999,7,402.2399999999998,2opt,notBad
6077,7,404.7899999999999,7,402.2399999999998,move,improve
6078,7,404.7899999999999,7,402.2399999999998,2opt,notBad
6079,7,404.7899999999999,7,402.2399999999998,2opt,notBad
6080,7,404.7899999999999,7,402.2399999999998,2opt,improve
6081,7,404.7899999999999,7,402.2399999999998,swap,notBad
6082,7,404.7899999999999,7,402.2399999999998,2opt,improve
6083,7,404.7899999999999,7,402.2399999999998,move,improve
6084,7,404.7899999999999,7,402.2399999999998,swap,notBad
6085,7,404.7899999999999,7,402.2399999999998,move,improve
6086,7,404.7899999999999,7,402.2399999999998,swap,notBad
6087,7,404.7899999999999,7,402.2399999999998,swap,notBad
6088,7,404.7899999999999,7,402.2399999999998,2opt,notBad
6089,7,404.7899999999999,7,402.2399999999998,move,improve
6090,7,404.7899999999999,7,402.2399999999998,move,improve
6091,7,404.7899999999999,7,402.2399999999998,move,improve
6092,7,404.7899999999999,7,402.2399999999998,move,improve
6093,7,404.7899999999999,7,402.2399999999998,2opt,notBad
6094,7,404.7899999999999,7,402.2399999999998,2opt,notBad
6095,7,404.7899999999999,7,402.2399999999998,2opt,notBad
6096,7,404.7899999999999,7,402.2399999999998,move,improve
6097,7,404.7899999999999,7,402.2399999999998,move,improve
6098,7,404.7899999999999,7,402.2399999999998,2opt,improve
6099,7,404.7899999999999,7,402.2399999999998,2opt,notBad
6100,7,404.7899999999999,7,402.2399999999998,swap,notBad
6101,7,404.7899999999999,7,402.2399999999998,2opt,notBad
6102,7,404.15999999999985,7,402.2399999999998,move,improve
6103,7,404.15999999999985,7,402.2399999999998,swap,notBad
6104,7,404.15999999999985,7,402.2399999999998,move,improve
6105,7,404.15999999999985,7,402.2399999999998,2opt,notBad
6106,7,404.15999999999985,7,402.2399999999998,2opt,notBad
6107,7,404.15999999999985,7,402.2399999999998,move,improve
6108,7,404.15999999999985,7,402.2399999999998,2opt,notBad
6109,7,404.15999999999985,7,402.2399999999998,swap,notBad
6110,7,404.15999999999985,7,402.2399999999998,2opt,notBad
6111,7,404.15999999999985,7,402.2399999999998,2opt,notBad
6112,7,404.15999999999985,7,402.2399999999998,move,improve
6113,7,404.15999999999985,7,402.2399999999998,2opt,notBad
6114,7,404.15999999999985,7,402.2399999999998,move,improve
6115,7,404.15999999999985,7,402.2399999999998,move,improve
6116,7,404.15999999999985,7,402.2399999999998,swap,notBad
6117,7,404.15999999999985,7,402.2399999999998,2opt,notBad
6118,7,404.15999999999985,7,402.2399999999998,2opt,notBad
6119,7,404.15999999999985,7,402.2399999999998,swap,notBad
6120,7,404.15999999999985,7,402.2399999999998,move,improve
6121,7,404.15999999999985,7,402.2399999999998,2opt,notBad
6122,7,404.15999999999985,7,402.2399999999998,swap,notBad
6123,7,404.15999999999985,7,402.2399999999998,2opt,notBad
6124,7,404.15999999999985,7,402.2399999999998,move,improve
6125,7,404.15999999999985,7,402.2399999999998,move,improve
6126,7,404.15999999999985,7,402.2399999999998,move,improve
6127,7,404.15999999999985,7,402.2399999999998,2opt,notBad
6128,7,404.15999999999985,7,402.2399999999998,2opt,notBad
6129,7,404.15999999999985,7,402.2399999999998,move,improve
6130,7,404.15999999999985,7,402.2399999999998,move,improve
6131,7,404.15999999999985,7,402.2399999999998,swap,notBad
6132,7,404.15999999999985,7,402.2399999999998,2opt,notBad
6133,7,404.15999999999985,7,402.2399999999998,swap,notBad
6134,7,404.15999999999985,7,402.2399999999998,move,improve
6135,7,404.15999999999985,7,402.2399999999998,move,improve
6136,7,404.15999999999985,7,402.2399999999998,2opt,notBad
6137,7,404.15999999999985,7,402.2399999999998,move,improve
6138,7,404.15999999999985,7,402.2399999999998,swap,notBad
6139,7,404.15999999999985,7,402.2399999999998,move,improve
6140,7,404.15999999999985,7,402.2399999999998,swap,notBad
6141,7,404.15999999999985,7,402.2399999999998,2opt,notBad
6142,7,404.15999999999985,7,402.2399999999998,move,improve
6143,7,404.15999999999985,7,402.2399999999998,2opt,notBad
6144,7,404.15999999999985,7,402.2399999999998,2opt,notBad
6145,7,404.15999999999985,7,402.2399999999998,2opt,notBad
6146,7,404.15999999999985,7,402.2399999999998,move,improve
6147,7,404.15999999999985,7,402.2399999999998,swap,notBad
6148,7,404.15999999999985,7,402.2399999999998,move,improve
6149,7,404.15999999999985,7,402.2399999999998,move,improve
6150,7,404.15999999999985,7,402.2399999999998,2opt,improve
6151,7,404.15999999999985,7,402.2399999999998,swap,notBad
6152,7,404.15999999999985,7,402.2399999999998,swap,notBad
6153,7,404.15999999999985,7,402.2399999999998,2opt,notBad
6154,7,404.15999999999985,7,402.2399999999998,2opt,notBad
6155,7,404.15999999999985,7,402.2399999999998,swap,notBad
6156,7,404.15999999999985,7,402.2399999999998,swap,notBad
6157,7,404.15999999999985,7,402.2399999999998,2opt,notBad
6158,7,404.15999999999985,7,402.2399999999998,2opt,notBad
6159,7,404.15999999999985,7,402.2399999999998,swap,notBad
6160,7,404.15999999999985,7,402.2399999999998,swap,notBad
6161,7,404.15999999999985,7,402.2399999999998,move,improve
6162,7,404.15999999999985,7,402.2399999999998,2opt,notBad
6163,7,404.15999999999985,7,402.2399999999998,2opt,notBad
6164,7,404.15999999999985,7,402.2399999999998,move,improve
6165,7,404.15999999999985,7,402.2399999999998,2opt,notBad
6166,7,404.15999999999985,7,402.2399999999998,move,improve
6167,7,404.15999999999985,7,402.2399999999998,swap,notBad
6168,7,404.15999999999985,7,402.2399999999998,swap,notBad
6169,7,404.15999999999985,7,402.2399999999998,move,improve
6170,7,404.15999999999985,7,402.2399999999998,move,improve
6171,7,404.28,7,402.2399999999998,2opt,acceptBad
6172,7,404.28,7,402.2399999999998,2opt,notBad
6173,7,404.28,7,402.2399999999998,swap,notBad
6174,7,404.28,7,402.2399999999998,swap,notBad
6175,7,404.28,7,402.2399999999998,move,improve
6176,7,404.28,7,402.2399999999998,move,improve
6177,7,404.28,7,402.2399999999998,move,improve
6178,7,404.28,7,402.2399999999998,swap,notBad
6179,7,404.28,7,402.2399999999998,swap,notBad
6180,7,404.28,7,402.2399999999998,move,improve
6181,7,404.28,7,402.2399999999998,swap,notBad
6182,7,404.28,7,402.2399999999998,swap,notBad
6183,7,404.28,7,402.2399999999998,move,improve
6184,7,404.28,7,402.2399999999998,swap,notBad
6185,7,404.28,7,402.2399999999998,move,improve
6186,7,404.28,7,402.2399999999998,swap,notBad
6187,7,404.28,7,402.2399999999998,swap,notBad
6188,7,404.28,7,402.2399999999998,move,improve
6189,7,404.28,7,402.2399999999998,move,improve
6190,7,404.28,7,402.2399999999998,2opt,notBad
6191,7,404.28,7,402.2399999999998,2opt,notBad
6192,7,404.28,7,402.2399999999998,move,improve
6193,7,404.28,7,402.2399999999998,swap,notBad
6194,7,404.28,7,402.2399999999998,swap,notBad
6195,7,404.28,7,402.2399999999998,move,improve
6196,7,404.28,7,402.2399999999998,2opt,notBad
6197,7,404.28,7,402.2399999999998,move,improve
6198,7,404.28,7,402.2399999999998,swap,notBad
6199,7,404.28,7,402.2399999999998,move,improve
6200,7,404.28,7,402.2399999999998,2opt,notBad
6201,7,404.28,7,402.2399999999998,2opt,notBad
6202,7,404.28,7,402.2399999999998,swap,notBad
6203,7,404.28,7,402.2399999999998,move,improve
6204,7,404.28,7,402.2399999999998,move,improve
6205,7,404.28,7,402.2399999999998,move,improve
6206,7,404.28,7,402.2399999999998,move,improve
6207,7,404.28,7,402.2399999999998,move,improve
6208,7,404.28,7,402.2399999999998,move,improve
6209,7,404.28,7,402.2399999999998,move,improve
6210,7,404.28,7,402.2399999999998,2opt,improve
6211,7,404.28,7,402.2399999999998,2opt,improve
6212,7,404.28,7,402.2399999999998,move,improve
6213,7,404.28,7,402.2399999999998,swap,notBad
6214,7,404.28,7,402.2399999999998,2opt,notBad
6215,7,404.28,7,402.2399999999998,2opt,notBad
6216,7,404.28,7,402.2399999999998,move,improve
6217,7,404.28,7,402.2399999999998,move,improve
6218,7,404.28,7,402.2399999999998,swap,notBad
6219,7,404.28,7,402.2399999999998,swap,notBad
6220,7,404.28,7,402.2399999999998,2opt,notBad
6221,7,404.28,7,402.2399999999998,move,improve
6222,7,404.28,7,402.2399999999998,2opt,improve
6223,7,404.28,7,402.2399999999998,2opt,notBad
6224,7,404.28,7,402.2399999999998,move,improve
6225,7,404.28,7,402.2399999999998,2opt,notBad
6226,7,404.28,7,402.2399999999998,move,improve
6227,7,404.28,7,402.2399999999998,swap,notBad
6228,7,404.28,7,402.2399999999998,2opt,notBad
6229,7,404.28,7,402.2399999999998,move,improve
6230,7,404.28,7,402.2399999999998,move,improve
6231,7,404.28,7,402.2399999999998,move,improve
6232,7,404.28,7,402.2399999999998,swap,notBad
6233,7,404.28,7,402.2399999999998,2opt,notBad
6234,7,404.28,7,402.2399999999998,move,improve
6235,7,404.28,7,402.2399999999998,2opt,improve
6236,7,404.28,7,402.2399999999998,move,improve
6237,7,404.28,7,402.2399999999998,swap,notBad
6238,7,404.28,7,402.2399999999998,swap,notBad
6239,7,404.28,7,402.2399999999998,swap,notBad
6240,7,404.28,7,402.2399999999998,move,improve
6241,7,404.28,7,402.2399999999998,swap,notBad
6242,7,404.28,7,402.2399999999998,move,improve
6243,7,404.28,7,402.2399999999998,2opt,notBad
6244,7,404.28,7,402.2399999999998,2opt,notBad
6245,7,404.28,7,402.2399999999998,move,improve
6246,7,404.28,7,402.2399999999998,swap,notBad
6247,7,404.28,7,402.2399999999998,move,improve
6248,7,404.28,7,402.2399999999998,2opt,notBad
6249,7,404.28,7,402.2399999999998,2opt,notBad
6250,7,404.28,7,402.2399999999998,move,improve
6251,7,404.28,7,402.2399999999998,2opt,improve
6252,7,403.02,7,402.2399999999998,move,improve
6253,7,403.02,7,402.2399999999998,2opt,notBad
6254,7,403.02,7,402.2399999999998,2opt,notBad
6255,7,403.02,7,402.2399999999998,swap,notBad
6256,7,403.02,7,402.2399999999998,swap,notBad
6257,7,403.02,7,402.2399999999998,swap,notBad
6258,7,403.02,7,402.2399999999998,swap,notBad
6259,7,403.02,7,402.2399999999998,swap,notBad
6260,7,403.02,7,402.2399999999998,move,improve
6261,7,401.72999999999996,7,401.72999999999996,move,newBest
6262,7,401.72999999999996,7,401.72999999999996,2opt,notBad
6263,7,401.72999999999996,7,401.72999999999996,2opt,improve
6264,7,401.72999999999996,7,401.72999999999996,move,improve
6265,7,401.72999999999996,7,401.72999999999996,swap,notBad
6266,7,401.72999999999996,7,401.72999999999996,move,improve
6267,7,401.72999999999996,7,401.72999999999996,2opt,notBad
6268,7,401.72999999999996,7,401.72999999999996,2opt,notBad
6269,7,401.72999999999996,7,401.72999999999996,move,improve
6270,7,401.72999999999996,7,401.72999999999996,swap,notBad
6271,7,401.72999999999996,7,401.72999999999996,2opt,notBad
6272,7,401.72999999999996,7,401.72999999999996,move,improve
6273,7,401.72999999999996,7,401.72999999999996,2opt,notBad
6274,7,401.72999999999996,7,401.72999999999996,swap,notBad
6275,7,401.72999999999996,7,401.72999999999996,swap,notBad
6276,7,401.72999999999996,7,401.72999999999996,swap,notBad
6277,7,401.72999999999996,7,401.72999999999996,swap,notBad
6278,7,401.60999999999996,7,401.60999999999996,move,newBest
6279,7,401.60999999999996,7,401.60999999999996,2opt,notBad
6280,7,401.60999999999996,7,401.60999999999996,2opt,improve
6281,7,401.60999999999996,7,401.60999999999996,move,improve
6282,7,401.60999999999996,7,401.60999999999996,swap,notBad
6283,7,401.60999999999996,7,401.60999999999996,2opt,notBad
6284,7,401.60999999999996,7,401.60999999999996,2opt,notBad
6285,7,401.60999999999996,7,401.60999999999996,move,improve
6286,7,401.60999999999996,7,401.60999999999996,2opt,notBad
6287,7,401.60999999999996,7,401.60999999999996,swap,notBad
6288,7,401.60999999999996,7,401.60999999999996,swap,notBad
6289,7,401.60999999999996,7,401.60999999999996,move,improve
6290,7,401.60999999999996,7,401.60999999999996,move,improve
6291,7,401.60999999999996,7,401.60999999999996,move,improve
6292,7,401.60999999999996,7,401.60999999999996,move,improve
6293,7,401.60999999999996,7,401.60999999999996,2opt,notBad
6294,7,401.60999999999996,7,401.60999999999996,2opt,notBad
6295,7,401.60999999999996,7,401.60999999999996,move,improve
6296,7,401.60999999999996,7,401.60999999999996,2opt,notBad
6297,7,405.11999999999995,7,401.60999999999996,swap,acceptBad
6298,7,405.11999999999995,7,401.60999999999996,swap,notBad
6299,7,405.11999999999995,7,401.60999999999996,2opt,notBad
6300,7,401.60999999999996,7,401.60999999999996,move,improve
6301,7,401.60999999999996,7,401.60999999999996,swap,notBad
6302,7,401.60999999999996,7,401.60999999999996,swap,notBad
6303,7,401.60999999999996,7,401.60999999999996,2opt,notBad
6304,7,401.60999999999996,7,401.60999999999996,2opt,notBad
6305,7,401.60999999999996,7,401.60999999999996,2opt,improve
6306,7,401.60999999999996,7,401.60999999999996,swap,notBad
6307,7,401.60999999999996,7,401.60999999999996,move,improve
6308,7,401.60999999999996,7,401.60999999999996,2opt,notBad
6309,7,401.60999999999996,7,401.60999999999996,move,improve
6310,7,401.60999999999996,7,401.60999999999996,swap,notBad
6311,7,401.60999999999996,7,401.60999999999996,swap,notBad
6312,7,401.60999999999996,7,401.60999999999996,2opt,notBad
6313,7,401.60999999999996,7,401.60999999999996,move,improve
6314,7,401.60999999999996,7,401.60999999999996,move,improve
6315,7,403.9999999999997,7,401.60999999999996,swap,acceptBad
6316,7,403.9999999999997,7,401.60999999999996,move,improve
6317,7,403.9999999999997,7,401.60999999999996,move,improve
6318,7,403.9999999999997,7,401.60999999999996,move,improve
6319,7,403.9999999999997,7,401.60999999999996,move,improve
6320,7,403.9999999999997,7,401.60999999999996,2opt,notBad
6321,7,403.9999999999997,7,401.60999999999996,move,improve
6322,7,403.9999999999997,7,401.60999999999996,move,improve
6323,7,403.9999999999997,7,401.60999999999996,move,improve
6324,7,403.9999999999997,7,401.60999999999996,2opt,notBad
6325,7,403.9999999999997,7,401.60999999999996,move,improve
6326,7,403.9999999999997,7,401.60999999999996,2opt,notBad
6327,7,403.9999999999997,7,401.60999999999996,2opt,notBad
6328,7,403.9999999999997,7,401.60999999999996,2opt,notBad
6329,7,403.9999999999997,7,401.60999999999996,2opt,notBad
6330,7,403.9999999999997,7,401.60999999999996,2opt,notBad
6331,7,403.9999999999997,7,401.60999999999996,2opt,improve
6332,7,403.9999999999997,7,401.60999999999996,swap,notBad
6333,7,403.9999999999997,7,401.60999999999996,move,improve
6334,7,403.9999999999997,7,401.60999999999996,swap,notBad
6335,7,403.9999999999997,7,401.60999999999996,swap,notBad
6336,7,403.9999999999997,7,401.60999999999996,swap,notBad
6337,7,403.9999999999997,7,401.60999999999996,swap,notBad
6338,7,403.9999999999997,7,401.60999999999996,move,improve
6339,7,403.9999999999997,7,401.60999999999996,swap,notBad
6340,7,403.9999999999997,7,401.60999999999996,swap,notBad
6341,7,403.9999999999997,7,401.60999999999996,2opt,notBad
6342,7,403.9999999999997,7,401.60999999999996,swap,notBad
6343,7,403.9999999999997,7,401.60999999999996,2opt,notBad
6344,7,403.9999999999997,7,401.60999999999996,swap,notBad
6345,7,403.9999999999997,7,401.60999999999996,move,improve
6346,7,403.9999999999997,7,401.60999999999996,2opt,notBad
6347,7,403.9999999999997,7,401.60999999999996,move,improve
6348,7,403.9999999999997,7,401.60999999999996,2opt,notBad
6349,7,403.9999999999997,7,401.60999999999996,move,improve
6350,7,403.9999999999997,7,401.60999999999996,swap,notBad
6351,7,403.9999999999997,7,401.60999999999996,2opt,notBad
6352,7,403.9999999999997,7,401.60999999999996,swap,notBad
6353,7,403.9999999999997,7,401.60999999999996,swap,notBad
6354,7,403.9999999999997,7,401.60999999999996,swap,notBad
6355,7,403.9999999999997,7,401.60999999999996,swap,notBad
6356,7,403.9999999999997,7,401.60999999999996,move,improve
6357,7,403.9999999999997,7,401.60999999999996,2opt,notBad
6358,7,403.9999999999997,7,401.60999999999996,2opt,notBad
6359,7,403.9999999999997,7,401.60999999999996,move,improve
6360,7,403.9999999999997,7,401.60999999999996,swap,notBad
6361,7,403.9999999999997,7,401.60999999999996,move,improve
6362,7,403.9999999999997,7,401.60999999999996,2opt,notBad
6363,7,403.9999999999997,7,401.60999999999996,move,improve
6364,7,403.9999999999997,7,401.60999999999996,move,improve
6365,7,403.9999999999997,7,401.60999999999996,swap,notBad
6366,7,403.9999999999997,7,401.60999999999996,swap,notBad
6367,7,403.9999999999997,7,401.60999999999996,move,improve
6368,7,403.9999999999997,7,401.60999999999996,swap,notBad
6369,7,403.9999999999997,7,401.60999999999996,move,improve
6370,7,403.9999999999997,7,401.60999999999996,move,improve
6371,7,403.9999999999997,7,401.60999999999996,2opt,notBad
6372,7,403.9999999999997,7,401.60999999999996,swap,notBad
6373,7,403.9999999999997,7,401.60999999999996,2opt,notBad
6374,7,403.9999999999997,7,401.60999999999996,swap,notBad
6375,7,403.9999999999997,7,401.60999999999996,swap,notBad
6376,7,403.9999999999997,7,401.60999999999996,swap,notBad
6377,7,403.9999999999997,7,401.60999999999996,move,improve
6378,7,403.9999999999997,7,401.60999999999996,swap,notBad
6379,7,403.9999999999997,7,401.60999999999996,swap,notBad
6380,7,403.9999999999997,7,401.60999999999996,swap,notBad
6381,7,403.9999999999997,7,401.60999999999996,2opt,notBad
6382,7,403.9999999999997,7,401.60999999999996,swap,notBad
6383,7,403.9999999999997,7,401.60999999999996,2opt,notBad
6384,7,403.9999999999997,7,401.60999999999996,2opt,notBad
6385,7,403.9999999999997,7,401.60999999999996,2opt,notBad
6386,7,403.9999999999997,7,401.60999999999996,2opt,improve
6387,7,403.9999999999997,7,401.60999999999996,swap,notBad
6388,7,403.9999999999997,7,401.60999999999996,2opt,notBad
6389,7,403.9999999999997,7,401.60999999999996,2opt,notBad
6390,7,403.9999999999997,7,401.60999999999996,swap,notBad
6391,7,403.9999999999997,7,401.60999999999996,swap,notBad
6392,7,403.9999999999997,7,401.60999999999996,2opt,notBad
6393,7,403.9999999999997,7,401.60999999999996,2opt,notBad
6394,7,403.9999999999997,7,401.60999999999996,swap,notBad
6395,7,403.9999999999997,7,401.60999999999996,2opt,notBad
6396,7,403.9999999999997,7,401.60999999999996,swap,notBad
6397,7,403.9999999999997,7,401.60999999999996,move,improve
6398,7,403.9999999999997,7,401.60999999999996,swap,notBad
6399,7,403.9999999999997,7,401.60999999999996,move,improve
6400,7,403.9999999999997,7,401.60999999999996,move,improve
6401,7,403.9999999999997,7,401.60999999999996,2opt,notBad
6402,7,403.9999999999997,7,401.60999999999996,2opt,notBad
6403,7,403.9999999999997,7,401.60999999999996,swap,notBad
6404,7,403.9999999999997,7,401.60999999999996,2opt,notBad
6405,7,403.9999999999997,7,401.60999999999996,2opt,notBad
6406,7,403.9999999999997,7,401.60999999999996,swap,notBad
6407,7,403.9999999999997,7,401.60999999999996,swap,notBad
6408,7,403.9999999999997,7,401.60999999999996,move,improve
6409,7,403.9999999999997,7,401.60999999999996,move,improve
6410,7,403.9999999999997,7,401.60999999999996,2opt,notBad
6411,7,403.9999999999997,7,401.60999999999996,2opt,notBad
6412,7,403.9999999999997,7,401.60999999999996,move,improve
6413,7,403.9999999999997,7,401.60999999999996,swap,notBad
6414,7,403.9999999999997,7,401.60999999999996,move,improve
6415,7,403.9999999999997,7,401.60999999999996,move,improve
6416,7,403.9999999999997,7,401.60999999999996,swap,notBad
6417,7,403.9999999999997,7,401.60999999999996,swap,notBad
6418,7,403.9999999999997,7,401.60999999999996,2opt,notBad
6419,7,403.9999999999997,7,401.60999999999996,move,improve
6420,7,403.9999999999997,7,401.60999999999996,2opt,notBad
6421,7,403.9999999999997,7,401.60999999999996,2opt,notBad
6422,7,403.9999999999997,7,401.60999999999996,swap,notBad
6423,7,403.9999999999997,7,401.60999999999996,move,improve
6424,7,403.9999999999997,7,401.60999999999996,swap,notBad
6425,7,403.9999999999997,7,401.60999999999996,swap,notBad
6426,7,403.9999999999997,7,401.60999999999996,2opt,notBad
6427,7,403.9999999999997,7,401.60999999999996,move,improve
6428,7,403.9999999999997,7,401.60999999999996,move,improve
6429,7,403.9999999999997,7,401.60999999999996,move,improve
6430,7,403.9999999999997,7,401.60999999999996,2opt,notBad
6431,7,403.9999999999997,7,401.60999999999996,move,improve
6432,7,403.9999999999997,7,401.60999999999996,swap,notBad
6433,7,403.9999999999997,7,401.60999999999996,2opt,notBad
6434,7,403.9999999999997,7,401.60999999999996,move,improve
6435,7,403.9999999999997,7,401.60999999999996,2opt,notBad
6436,7,403.9999999999997,7,401.60999999999996,swap,notBad
6437,7,403.9999999999997,7,401.60999999999996,2opt,notBad
6438,7,403.9999999999997,7,401.60999999999996,2opt,notBad
6439,7,403.9999999999997,7,401.60999999999996,swap,notBad
6440,7,403.9999999999997,7,401.60999999999996,move,improve
6441,7,403.9999999999997,7,401.60999999999996,move,improve
6442,7,403.9999999999997,7,401.60999999999996,swap,notBad
6443,7,403.9999999999997,7,401.60999999999996,swap,notBad
6444,7,403.9999999999997,7,401.60999999999996,2opt,improve
6445,7,403.9999999999997,7,401.60999999999996,swap,notBad
6446,7,403.9999999999997,7,401.60999999999996,2opt,notBad
6447,7,403.9999999999997,7,401.60999999999996,2opt,notBad
6448,7,403.9999999999997,7,401.60999999999996,2opt,notBad
6449,7,403.9999999999997,7,401.60999999999996,move,improve
6450,7,403.9999999999997,7,401.60999999999996,2opt,notBad
6451,7,403.9999999999997,7,401.60999999999996,move,improve
6452,7,403.9999999999997,7,401.60999999999996,2opt,notBad
6453,7,403.9999999999997,7,401.60999999999996,2opt,notBad
6454,7,403.9999999999997,7,401.60999999999996,swap,notBad
6455,7,403.9999999999997,7,401.60999999999996,move,improve
6456,7,403.9999999999997,7,401.60999999999996,swap,notBad
6457,7,403.9999999999997,7,401.60999999999996,move,improve
6458,7,403.9999999999997,7,401.60999999999996,2opt,notBad
6459,7,403.9999999999997,7,401.60999999999996,2opt,notBad
6460,7,403.9999999999997,7,401.60999999999996,swap,notBad
6461,7,403.9999999999997,7,401.60999999999996,move,notBad
6462,7,403.9999999999997,7,401.60999999999996,2opt,improve
6463,7,403.9999999999997,7,401.60999999999996,2opt,notBad
6464,7,403.9999999999997,7,401.60999999999996,move,improve
6465,7,403.9999999999997,7,401.60999999999996,move,improve
6466,7,403.9999999999997,7,401.60999999999996,swap,notBad
6467,7,403.9999999999997,7,401.60999999999996,2opt,notBad
6468,7,403.9999999999997,7,401.60999999999996,2opt,notBad
6469,7,403.9999999999997,7,401.60999999999996,2opt,notBad
6470,7,403.9999999999997,7,401.60999999999996,swap,notBad
6471,7,403.9999999999997,7,401.60999999999996,move,improve
6472,7,403.9999999999997,7,401.60999999999996,move,improve
6473,7,403.9999999999997,7,401.60999999999996,swap,notBad
6474,7,403.9999999999997,7,401.60999999999996,move,improve
6475,7,403.9999999999997,7,401.60999999999996,move,improve
6476,7,403.9999999999997,7,401.60999999999996,2opt,notBad
6477,7,403.9999999999997,7,401.60999999999996,move,improve
6478,7,403.9999999999997,7,401.60999999999996,2opt,notBad
6479,7,403.9999999999997,7,401.60999999999996,move,improve
6480,7,403.9999999999997,7,401.60999999999996,move,improve
6481,7,403.9999999999997,7,401.60999999999996,swap,notBad
6482,7,403.9999999999997,7,401.60999999999996,swap,notBad
6483,7,403.94999999999965,7,401.60999999999996,swap,improve
6484,7,403.94999999999965,7,401.60999999999996,move,improve
6485,7,403.94999999999965,7,401.60999999999996,swap,notBad
6486,7,403.94999999999965,7,401.60999999999996,move,improve
6487,7,403.94999999999965,7,401.60999999999996,swap,notBad
6488,7,403.94999999999965,7,401.60999999999996,2opt,notBad
6489,7,403.94999999999965,7,401.60999999999996,move,improve
6490,7,403.94999999999965,7,401.60999999999996,move,improve
6491,7,403.94999999999965,7,401.60999999999996,move,improve
6492,7,403.94999999999965,7,401.60999999999996,2opt,notBad
6493,7,403.94999999999965,7,401.60999999999996,2opt,notBad
6494,7,403.94999999999965,7,401.60999999999996,2opt,notBad
6495,7,403.94999999999965,7,401.60999999999996,swap,notBad
6496,7,403.94999999999965,7,401.60999999999996,2opt,notBad
6497,7,403.94999999999965,7,401.60999999999996,move,improve
6498,7,403.94999999999965,7,401.60999999999996,swap,notBad
6499,7,403.94999999999965,7,401.60999999999996,2opt,notBad
6500,7,403.94999999999965,7,401.60999999999996,2opt,notBad
6501,7,403.94999999999965,7,401.60999999999996,move,improve
6502,7,403.94999999999965,7,401.60999999999996,swap,notBad
6503,7,403.94999999999965,7,401.60999999999996,2opt,notBad
6504,7,403.94999999999965,7,401.60999999999996,move,improve
6505,7,403.94999999999965,7,401.60999999999996,swap,notBad
6506,7,403.94999999999965,7,401.60999999999996,swap,notBad
6507,7,403.94999999999965,7,401.60999999999996,move,improve
6508,7,403.94999999999965,7,401.60999999999996,move,improve
6509,7,403.94999999999965,7,401.60999999999996,2opt,improve
6510,7,403.94999999999965,7,401.60999999999996,swap,notBad
6511,7,403.94999999999965,7,401.60999999999996,move,improve
6512,7,403.94999999999965,7,401.60999999999996,move,improve
6513,7,403.94999999999965,7,401.60999999999996,2opt,notBad
6514,7,403.94999999999965,7,401.60999999999996,swap,notBad
6515,7,403.94999999999965,7,401.60999999999996,2opt,notBad
6516,7,403.94999999999965,7,401.60999999999996,move,improve
6517,7,403.94999999999965,7,401.60999999999996,swap,notBad
6518,7,403.94999999999965,7,401.60999999999996,move,improve
6519,7,403.94999999999965,7,401.60999999999996,2opt,notBad
6520,7,403.94999999999965,7,401.60999999999996,swap,notBad
6521,7,403.94999999999965,7,401.60999999999996,move,improve
6522,7,403.94999999999965,7,401.60999999999996,swap,notBad
6523,7,403.94999999999965,7,401.60999999999996,swap,notBad
6524,7,403.94999999999965,7,401.60999999999996,swap,notBad
6525,7,403.94999999999965,7,401.60999999999996,2opt,notBad
6526,7,403.94999999999965,7,401.60999999999996,2opt,notBad
6527,7,403.94999999999965,7,401.60999999999996,2opt,notBad
6528,7,403.94999999999965,7,401.60999999999996,move,improve
6529,7,403.94999999999965,7,401.60999999999996,move,improve
6530,7,403.94999999999965,7,401.60999999999996,swap,notBad
6531,7,403.94999999999965,7,401.60999999999996,swap,notBad
6532,7,403.94999999999965,7,401.60999999999996,swap,notBad
6533,7,403.94999999999965,7,401.60999999999996,swap,notBad
6534,7,403.94999999999965,7,401.60999999999996,2opt,notBad
6535,7,403.94999999999965,7,401.60999999999996,2opt,notBad
6536,7,403.94999999999965,7,401.60999999999996,swap,notBad
6537,7,403.94999999999965,7,401.60999999999996,move,improve
6538,7,403.94999999999965,7,401.60999999999996,2opt,notBad
6539,7,403.94999999999965,7,401.60999999999996,swap,notBad
6540,7,403.94999999999965,7,401.60999999999996,move,improve
6541,7,403.94999999999965,7,401.60999999999996,swap,notBad
6542,7,403.94999999999965,7,401.60999999999996,2opt,notBad
6543,7,403.94999999999965,7,401.60999999999996,move,improve
6544,7,403.94999999999965,7,401.60999999999996,move,improve
6545,7,403.94999999999965,7,401.60999999999996,move,improve
6546,7,403.94999999999965,7,401.60999999999996,2opt,notBad
6547,7,403.94999999999965,7,401.60999999999996,move,notBad
6548,7,403.94999999999965,7,401.60999999999996,swap,notBad
6549,7,403.94999999999965,7,401.60999999999996,swap,notBad
6550,7,403.94999999999965,7,401.60999999999996,swap,notBad
6551,7,403.94999999999965,7,401.60999999999996,2opt,notBad
6552,7,403.94999999999965,7,401.60999999999996,swap,notBad
6553,7,403.94999999999965,7,401.60999999999996,swap,notBad
6554,7,403.94999999999965,7,401.60999999999996,move,improve
6555,7,403.94999999999965,7,401.60999999999996,2opt,notBad
6556,7,403.94999999999965,7,401.60999999999996,2opt,notBad
6557,7,403.94999999999965,7,401.60999999999996,2opt,notBad
6558,7,403.94999999999965,7,401.60999999999996,2opt,notBad
6559,7,403.94999999999965,7,401.60999999999996,move,improve
6560,7,403.94999999999965,7,401.60999999999996,move,improve
6561,7,403.94999999999965,7,401.60999999999996,2opt,notBad
6562,7,403.94999999999965,7,401.60999999999996,2opt,notBad
6563,7,403.94999999999965,7,401.60999999999996,2opt,notBad
6564,7,403.94999999999965,7,401.60999999999996,swap,notBad
6565,7,403.94999999999965,7,401.60999999999996,swap,notBad
6566,7,403.94999999999965,7,401.60999999999996,swap,notBad
6567,7,403.94999999999965,7,401.60999999999996,2opt,improve
6568,7,403.94999999999965,7,401.60999999999996,2opt,notBad
6569,7,403.94999999999965,7,401.60999999999996,swap,notBad
6570,7,403.94999999999965,7,401.60999999999996,2opt,notBad
6571,7,403.94999999999965,7,401.60999999999996,2opt,notBad
6572,7,404.8199999999996,7,401.60999999999996,swap,acceptBad
6573,7,404.8199999999996,7,401.60999999999996,2opt,notBad
6574,7,404.8199999999996,7,401.60999999999996,2opt,notBad
6575,7,404.8199999999996,7,401.60999999999996,swap,notBad
6576,7,404.8199999999996,7,401.60999999999996,2opt,notBad
6577,7,404.8199999999996,7,401.60999999999996,swap,notBad
6578,7,404.8199999999996,7,401.60999999999996,2opt,notBad
6579,7,404.8199999999996,7,401.60999999999996,2opt,notBad
6580,7,404.8199999999996,7,401.60999999999996,swap,notBad
6581,7,404.8199999999996,7,401.60999999999996,swap,notBad
6582,7,404.8199999999996,7,401.60999999999996,move,improve
6583,7,404.8199999999996,7,401.60999999999996,swap,notBad
6584,7,404.8199999999996,7,401.60999999999996,move,improve
6585,7,404.8199999999996,7,401.60999999999996,2opt,improve
6586,7,404.8199999999996,7,401.60999999999996,move,improve
6587,7,404.8199999999996,7,401.60999999999996,2opt,notBad
6588,7,404.8199999999996,7,401.60999999999996,swap,notBad
6589,7,404.8199999999996,7,401.60999999999996,2opt,notBad
6590,7,404.8199999999996,7,401.60999999999996,swap,notBad
6591,7,404.8199999999996,7,401.60999999999996,swap,notBad
6592,7,404.8199999999996,7,401.60999999999996,move,improve
6593,7,404.8199999999996,7,401.60999999999996,swap,notBad
6594,7,404.8199999999996,7,401.60999999999996,swap,notBad
6595,7,404.8199999999996,7,401.60999999999996,2opt,notBad
6596,7,404.8199999999996,7,401.60999999999996,2opt,notBad
6597,7,404.8199999999996,7,401.60999999999996,2opt,notBad
6598,7,404.8199999999996,7,401.60999999999996,2opt,notBad
6599,7,404.8199999999996,7,401.60999999999996,swap,notBad
6600,7,404.8199999999996,7,401.60999999999996,2opt,notBad
6601,7,404.8199999999996,7,401.60999999999996,2opt,notBad
6602,7,404.8199999999996,7,401.60999999999996,swap,notBad
6603,7,404.8199999999996,7,401.60999999999996,2opt,notBad
6604,7,404.8199999999996,7,401.60999999999996,2opt,notBad
6605,7,404.8199999999996,7,401.60999999999996,2opt,notBad
6606,7,404.8199999999996,7,401.60999999999996,2opt,notBad
6607,7,404.8199999999996,7,401.60999999999996,swap,notBad
6608,7,404.8199999999996,7,401.60999999999996,move,improve
6609,7,404.8199999999996,7,401.60999999999996,2opt,notBad
6610,7,404.8199999999996,7,401.60999999999996,swap,notBad
6611,7,404.8199999999996,7,401.60999999999996,move,improve
6612,7,404.8199999999996,7,401.60999999999996,swap,notBad
6613,7,404.8199999999996,7,401.60999999999996,2opt,notBad
6614,7,404.8199999999996,7,401.60999999999996,swap,notBad
6615,7,404.8199999999996,7,401.60999999999996,2opt,notBad
6616,7,404.8199999999996,7,401.60999999999996,swap,notBad
6617,7,404.8199999999996,7,401.60999999999996,swap,notBad
6618,7,404.8199999999996,7,401.60999999999996,move,improve
6619,7,404.8199999999996,7,401.60999999999996,2opt,notBad
6620,7,404.8199999999996,7,401.60999999999996,2opt,notBad
6621,7,404.8199999999996,7,401.60999999999996,2opt,notBad
6622,7,404.8199999999996,7,401.60999999999996,move,improve
6623,7,404.8199999999996,7,401.60999999999996,2opt,improve
6624,7,404.8199999999996,7,401.60999999999996,swap,notBad
6625,7,404.8199999999996,7,401.60999999999996,move,improve
6626,7,404.8199999999996,7,401.60999999999996,swap,notBad
6627,7,404.8199999999996,7,401.60999999999996,2opt,improve
6628,7,404.8199999999996,7,401.60999999999996,2opt,notBad
6629,7,404.8199999999996,7,401.60999999999996,2opt,notBad
6630,7,404.8199999999996,7,401.60999999999996,2opt,notBad
6631,7,404.8199999999996,7,401.60999999999996,swap,notBad
6632,7,404.8199999999996,7,401.60999999999996,2opt,notBad
6633,7,404.8199999999996,7,401.60999999999996,swap,notBad
6634,7,404.8199999999996,7,401.60999999999996,2opt,notBad
6635,7,404.8199999999996,7,401.60999999999996,move,improve
6636,7,404.8199999999996,7,401.60999999999996,2opt,notBad
6637,7,404.8199999999996,7,401.60999999999996,move,improve
6638,7,404.8199999999996,7,401.60999999999996,swap,notBad
6639,7,404.8199999999996,7,401.60999999999996,swap,notBad
6640,7,404.8199999999996,7,401.60999999999996,swap,notBad
6641,7,404.8199999999996,7,401.60999999999996,swap,notBad
6642,7,404.8199999999996,7,401.60999999999996,swap,notBad
6643,7,404.8199999999996,7,401.60999999999996,2opt,improve
6644,7,404.8199999999996,7,401.60999999999996,2opt,notBad
6645,7,404.8199999999996,7,401.60999999999996,2opt,notBad
6646,7,404.8199999999996,7,401.60999999999996,swap,notBad
6647,7,404.8199999999996,7,401.60999999999996,move,improve
6648,7,404.8199999999996,7,401.60999999999996,swap,notBad
6649,7,404.8199999999996,7,401.60999999999996,2opt,notBad
6650,7,404.8199999999996,7,401.60999999999996,2opt,notBad
6651,7,404.8199999999996,7,401.60999999999996,swap,notBad
6652,7,404.8199999999996,7,401.60999999999996,2opt,notBad
6653,7,404.8199999999996,7,401.60999999999996,swap,notBad
6654,7,404.8199999999996,7,401.60999999999996,move,improve
6655,7,404.8199999999996,7,401.60999999999996,move,improve
6656,7,404.8199999999996,7,401.60999999999996,2opt,notBad
6657,7,404.8199999999996,7,401.60999999999996,2opt,notBad
6658,7,404.8199999999996,7,401.60999999999996,swap,notBad
6659,7,404.8199999999996,7,401.60999999999996,move,improve
6660,7,404.8199999999996,7,401.60999999999996,swap,notBad
6661,7,404.8199999999996,7,401.60999999999996,move,improve
6662,7,404.8199999999996,7,401.60999999999996,swap,notBad
6663,7,404.8199999999996,7,401.60999999999996,2opt,notBad
6664,7,401.1699999999999,7,401.1699999999999,swap,newBest
6665,7,401.1699999999999,7,401.1699999999999,move,improve
6666,7,401.1699999999999,7,401.1699999999999,2opt,improve
6667,7,401.1699999999999,7,401.1699999999999,2opt,notBad
6668,7,401.1699999999999,7,401.1699999999999,2opt,notBad
6669,7,401.1699999999999,7,401.1699999999999,swap,notBad
6670,7,401.1699999999999,7,401.1699999999999,2opt,improve
6671,7,401.1699999999999,7,401.1699999999999,move,improve
6672,7,401.1699999999999,7,401.1699999999999,move,improve
6673,7,401.1699999999999,7,401.1699999999999,2opt,notBad
6674,7,401.1699999999999,7,401.1699999999999,2opt,notBad
6675,7,401.1699999999999,7,401.1699999999999,move,improve
6676,7,401.1699999999999,7,401.1699999999999,2opt,notBad
6677,7,401.1699999999999,7,401.1699999999999,2opt,notBad
6678,7,401.1699999999999,7,401.1699999999999,2opt,notBad
6679,7,401.1699999999999,7,401.1699999999999,swap,notBad
6680,7,401.1699999999999,7,401.1699999999999,swap,notBad
6681,7,401.1699999999999,7,401.1699999999999,swap,notBad
6682,7,401.1699999999999,7,401.1699999999999,2opt,notBad
6683,7,401.1699999999999,7,401.1699999999999,2opt,notBad
6684,7,401.1699999999999,7,401.1699999999999,2opt,notBad
6685,7,401.1699999999999,7,401.1699999999999,2opt,improve
6686,7,401.1699999999999,7,401.1699999999999,swap,notBad
6687,7,401.1699999999999,7,401.1699999999999,swap,notBad
6688,7,401.1699999999999,7,401.1699999999999,swap,notBad
6689,7,401.1699999999999,7,401.1699999999999,move,improve
6690,7,401.1699999999999,7,401.1699999999999,2opt,notBad
6691,7,401.1699999999999,7,401.1699999999999,2opt,notBad
6692,7,401.1699999999999,7,401.1699999999999,move,improve
6693,7,401.1699999999999,7,401.1699999999999,2opt,notBad
6694,7,401.1699999999999,7,401.1699999999999,move,improve
6695,7,401.1699999999999,7,401.1699999999999,2opt,notBad
6696,7,401.1699999999999,7,401.1699999999999,swap,notBad
6697,7,401.1699999999999,7,401.1699999999999,move,improve
6698,7,400.4199999999999,7,400.4199999999999,move,newBest
6699,7,400.4199999999999,7,400.4199999999999,swap,notBad
6700,7,400.4199999999999,7,400.4199999999999,move,improve
6701,7,400.4199999999999,7,400.4199999999999,swap,notBad
6702,7,400.4199999999999,7,400.4199999999999,2opt,notBad
6703,7,400.4199999999999,7,400.4199999999999,2opt,notBad
6704,7,400.4199999999999,7,400.4199999999999,move,improve
6705,7,400.4199999999999,7,400.4199999999999,move,improve
6706,7,400.4199999999999,7,400.4199999999999,2opt,notBad
6707,7,400.4199999999999,7,400.4199999999999,2opt,notBad
6708,7,400.4199999999999,7,400.4199999999999,2opt,notBad
6709,7,400.4199999999999,7,400.4199999999999,move,improve
6710,7,400.4199999999999,7,400.4199999999999,move,improve
6711,7,400.4199999999999,7,400.4199999999999,swap,notBad
6712,7,400.4199999999999,7,400.4199999999999,move,improve
6713,7,400.4199999999999,7,400.4199999999999,move,improve
6714,7,400.4199999999999,7,400.4199999999999,move,improve
6715,7,400.4199999999999,7,400.4199999999999,2opt,improve
6716,7,400.4199999999999,7,400.4199999999999,swap,notBad
6717,7,400.4199999999999,7,400.4199999999999,2opt,notBad
6718,7,400.4199999999999,7,400.4199999999999,2opt,improve
6719,7,400.4199999999999,7,400.4199999999999,move,improve
6720,7,400.4199999999999,7,400.4199999999999,2opt,notBad
6721,7,400.4199999999999,7,400.4199999999999,2opt,notBad
6722,7,400.4199999999999,7,400.4199999999999,swap,notBad
6723,7,400.4199999999999,7,400.4199999999999,swap,notBad
6724,7,400.4199999999999,7,400.4199999999999,2opt,notBad
6725,7,400.4199999999999,7,400.4199999999999,swap,notBad
6726,7,400.4199999999999,7,400.4199999999999,move,improve
6727,7,400.4199999999999,7,400.4199999999999,move,improve
6728,7,400.4199999999999,7,400.4199999999999,move,improve
6729,7,400.4199999999999,7,400.4199999999999,swap,notBad
6730,7,400.4199999999999,7,400.4199999999999,move,notBad
6731,7,400.4199999999999,7,400.4199999999999,2opt,notBad
6732,7,400.4199999999999,7,400.4199999999999,move,improve
6733,7,400.4199999999999,7,400.4199999999999,move,improve
6734,7,400.4199999999999,7,400.4199999999999,swap,notBad
6735,7,400.4199999999999,7,400.4199999999999,2opt,improve
6736,7,400.4199999999999,7,400.4199999999999,move,improve
6737,7,400.4199999999999,7,400.4199999999999,move,improve
6738,7,400.4199999999999,7,400.4199999999999,2opt,notBad
6739,7,400.4199999999999,7,400.4199999999999,move,notBad
6740,7,400.4199999999999,7,400.4199999999999,move,improve
6741,7,400.4199999999999,7,400.4199999999999,swap,notBad
6742,7,401.72999999999996,7,400.4199999999999,swap,acceptBad
6743,7,401.72999999999996,7,400.4199999999999,swap,notBad
6744,7,401.72999999999996,7,400.4199999999999,swap,notBad
6745,7,401.72999999999996,7,400.4199999999999,move,improve
6746,7,401.72999999999996,7,400.4199999999999,move,improve
6747,7,401.72999999999996,7,400.4199999999999,move,improve
6748,7,401.72999999999996,7,400.4199999999999,2opt,notBad
6749,7,401.72999999999996,7,400.4199999999999,move,improve
6750,7,401.72999999999996,7,400.4199999999999,move,improve
6751,7,401.72999999999996,7,400.4199999999999,move,improve
6752,7,401.72999999999996,7,400.4199999999999,move,improve
6753,7,401.72999999999996,7,400.4199999999999,swap,notBad
6754,7,401.72999999999996,7,400.4199999999999,move,improve
6755,7,401.72999999999996,7,400.4199999999999,2opt,improve
6756,7,401.72999999999996,7,400.4199999999999,swap,notBad
6757,7,401.72999999999996,7,400.4199999999999,2opt,notBad
6758,7,401.72999999999996,7,400.4199999999999,move,improve
6759,7,401.72999999999996,7,400.4199999999999,swap,notBad
6760,7,401.72999999999996,7,400.4199999999999,2opt,notBad
6761,7,401.72999999999996,7,400.4199999999999,2opt,notBad
6762,7,401.72999999999996,7,400.4199999999999,move,improve
6763,7,401.72999999999996,7,400.4199999999999,move,improve
6764,7,401.72999999999996,7,400.4199999999999,swap,notBad
6765,7,401.72999999999996,7,400.4199999999999,2opt,notBad
6766,7,401.72999999999996,7,400.4199999999999,move,improve
6767,7,401.72999999999996,7,400.4199999999999,swap,notBad
6768,7,401.72999999999996,7,400.4199999999999,2opt,notBad
6769,7,401.72999999999996,7,400.4199999999999,swap,notBad
6770,7,401.72999999999996,7,400.4199999999999,move,improve
6771,7,401.72999999999996,7,400.4199999999999,swap,notBad
6772,7,401.72999999999996,7,400.4199999999999,move,improve
6773,7,401.72999999999996,7,400.4199999999999,2opt,notBad
6774,7,401.72999999999996,7,400.4199999999999,swap,notBad
6775,7,401.72999999999996,7,400.4199999999999,move,improve
6776,7,401.72999999999996,7,400.4199999999999,swap,notBad
6777,7,401.72999999999996,7,400.4199999999999,swap,notBad
6778,7,401.72999999999996,7,400.4199999999999,move,improve
6779,7,401.72999999999996,7,400.4199999999999,swap,notBad
6780,7,401.72999999999996,7,400.4199999999999,move,improve
6781,7,401.72999999999996,7,400.4199999999999,2opt,notBad
6782,7,401.72999999999996,7,400.4199999999999,move,improve
6783,7,401.72999999999996,7,400.4199999999999,2opt,notBad
6784,7,401.72999999999996,7,400.4199999999999,2opt,notBad
6785,7,401.72999999999996,7,400.4199999999999,2opt,notBad
6786,7,401.72999999999996,7,400.4199999999999,2opt,improve
6787,7,401.72999999999996,7,400.4199999999999,move,improve
6788,7,401.72999999999996,7,400.4199999999999,swap,notBad
6789,7,401.72999999999996,7,400.4199999999999,move,improve
6790,7,401.72999999999996,7,400.4199999999999,move,improve
6791,7,401.72999999999996,7,400.4199999999999,swap,notBad
6792,7,401.72999999999996,7,400.4199999999999,2opt,notBad
6793,7,401.72999999999996,7,400.4199999999999,move,improve
6794,7,401.72999999999996,7,400.4199999999999,move,improve
6795,7,401.72999999999996,7,400.4199999999999,move,improve
6796,7,401.72999999999996,7,400.4199999999999,2opt,improve
6797,7,401.72999999999996,7,400.4199999999999,swap,notBad
6798,7,401.72999999999996,7,400.4199999999999,2opt,notBad
6799,7,401.72999999999996,7,400.4199999999999,swap,notBad
6800,7,401.72999999999996,7,400.4199999999999,move,improve
6801,7,401.72999999999996,7,400.4199999999999,swap,notBad
6802,7,401.72999999999996,7,400.4199999999999,2opt,notBad
6803,7,401.72999999999996,7,400.4199999999999,2opt,notBad
6804,7,401.72999999999996,7,400.4199999999999,2opt,notBad
6805,7,401.72999999999996,7,400.4199999999999,move,improve
6806,7,401.72999999999996,7,400.4199999999999,move,improve
6807,7,401.72999999999996,7,400.4199999999999,2opt,notBad
6808,7,401.72999999999996,7,400.4199999999999,2opt,notBad
6809,7,401.72999999999996,7,400.4199999999999,move,improve
6810,7,401.72999999999996,7,400.4199999999999,swap,notBad
6811,7,401.72999999999996,7,400.4199999999999,2opt,notBad
6812,7,401.72999999999996,7,400.4199999999999,move,improve
6813,7,401.72999999999996,7,400.4199999999999,2opt,notBad
6814,7,401.72999999999996,7,400.4199999999999,2opt,notBad
6815,7,401.72999999999996,7,400.4199999999999,move,improve
6816,7,401.72999999999996,7,400.4199999999999,2opt,notBad
6817,7,401.72999999999996,7,400.4199999999999,move,notBad
6818,7,401.72999999999996,7,400.4199999999999,swap,notBad
6819,7,401.72999999999996,7,400.4199999999999,2opt,improve
6820,7,401.72999999999996,7,400.4199999999999,2opt,improve
6821,7,401.72999999999996,7,400.4199999999999,move,improve
6822,7,401.72999999999996,7,400.4199999999999,swap,notBad
6823,7,401.72999999999996,7,400.4199999999999,2opt,notBad
6824,7,401.72999999999996,7,400.4199999999999,2opt,notBad
6825,7,401.72999999999996,7,400.4199999999999,move,improve
6826,7,401.72999999999996,7,400.4199999999999,2opt,notBad
6827,7,401.72999999999996,7,400.4199999999999,move,improve
6828,7,401.72999999999996,7,400.4199999999999,swap,notBad
6829,7,401.72999999999996,7,400.4199999999999,2opt,notBad
6830,7,401.72999999999996,7,400.4199999999999,2opt,notBad
6831,7,401.72999999999996,7,400.4199999999999,swap,notBad
6832,7,401.72999999999996,7,400.4199999999999,swap,notBad
6833,7,401.72999999999996,7,400.4199999999999,2opt,notBad
6834,7,401.72999999999996,7,400.4199999999999,move,improve
6835,7,401.72999999999996,7,400.4199999999999,2opt,notBad
6836,7,401.72999999999996,7,400.4199999999999,swap,notBad
6837,7,401.72999999999996,7,400.4199999999999,2opt,notBad
6838,7,401.72999999999996,7,400.4199999999999,move,improve
6839,7,401.72999999999996,7,400.4199999999999,move,improve
6840,7,401.72999999999996,7,400.4199999999999,swap,notBad
6841,7,401.72999999999996,7,400.4199999999999,swap,notBad
6842,7,401.72999999999996,7,400.4199999999999,move,improve
6843,7,401.72999999999996,7,400.4199999999999,2opt,notBad
6844,7,401.72999999999996,7,400.4199999999999,move,improve
6845,7,401.72999999999996,7,400.4199999999999,move,improve
6846,7,401.72999999999996,7,400.4199999999999,move,improve
6847,7,401.72999999999996,7,400.4199999999999,2opt,improve
6848,7,401.72999999999996,7,400.4199999999999,swap,notBad
6849,7,401.72999999999996,7,400.4199999999999,2opt,notBad
6850,7,401.72999999999996,7,400.4199999999999,swap,notBad
6851,7,401.72999999999996,7,400.4199999999999,swap,notBad
6852,7,401.72999999999996,7,400.4199999999999,2opt,notBad
6853,7,401.72999999999996,7,400.4199999999999,2opt,notBad
6854,7,401.72999999999996,7,400.4199999999999,move,improve
6855,7,401.72999999999996,7,400.4199999999999,move,improve
6856,7,401.72999999999996,7,400.4199999999999,move,improve
6857,7,401.72999999999996,7,400.4199999999999,2opt,notBad
6858,7,401.72999999999996,7,400.4199999999999,2opt,notBad
6859,7,401.72999999999996,7,400.4199999999999,move,improve
6860,7,401.72999999999996,7,400.4199999999999,move,improve
6861,7,401.72999999999996,7,400.4199999999999,swap,notBad
6862,7,401.72999999999996,7,400.4199999999999,swap,notBad
6863,7,401.72999999999996,7,400.4199999999999,2opt,notBad
6864,7,401.72999999999996,7,400.4199999999999,swap,notBad
6865,7,401.72999999999996,7,400.4199999999999,move,improve
6866,7,401.72999999999996,7,400.4199999999999,move,improve
6867,7,401.72999999999996,7,400.4199999999999,2opt,notBad
6868,7,401.72999999999996,7,400.4199999999999,swap,notBad
6869,7,401.72999999999996,7,400.4199999999999,move,improve
6870,7,401.72999999999996,7,400.4199999999999,2opt,notBad
6871,7,401.72999999999996,7,400.4199999999999,move,improve
6872,7,401.72999999999996,7,400.4199999999999,swap,notBad
6873,7,401.72999999999996,7,400.4199999999999,2opt,notBad
6874,7,401.72999999999996,7,400.4199999999999,swap,notBad
6875,7,401.72999999999996,7,400.4199999999999,move,improve
6876,7,401.72999999999996,7,400.4199999999999,swap,notBad
6877,7,401.72999999999996,7,400.4199999999999,swap,notBad
6878,7,401.72999999999996,7,400.4199999999999,swap,notBad
6879,7,401.72999999999996,7,400.4199999999999,2opt,notBad
6880,7,401.72999999999996,7,400.4199999999999,move,improve
6881,7,401.72999999999996,7,400.4199999999999,move,improve
6882,7,401.72999999999996,7,400.4199999999999,2opt,notBad
6883,7,401.72999999999996,7,400.4199999999999,2opt,notBad
6884,7,401.72999999999996,7,400.4199999999999,2opt,notBad
6885,7,401.72999999999996,7,400.4199999999999,move,improve
6886,7,401.72999999999996,7,400.4199999999999,swap,notBad
6887,7,401.72999999999996,7,400.4199999999999,2opt,notBad
6888,7,401.72999999999996,7,400.4199999999999,2opt,notBad
6889,7,401.72999999999996,7,400.4199999999999,2opt,notBad
6890,7,401.72999999999996,7,400.4199999999999,move,improve
6891,7,401.72999999999996,7,400.4199999999999,swap,notBad
6892,7,401.72999999999996,7,400.4199999999999,move,improve
6893,7,401.72999999999996,7,400.4199999999999,2opt,notBad
6894,7,401.72999999999996,7,400.4199999999999,swap,notBad
6895,7,401.72999999999996,7,400.4199999999999,2opt,notBad
6896,7,401.72999999999996,7,400.4199999999999,2opt,improve
6897,7,401.72999999999996,7,400.4199999999999,2opt,notBad
6898,7,401.72999999999996,7,400.4199999999999,2opt,notBad
6899,7,401.72999999999996,7,400.4199999999999,move,improve
6900,7,401.72999999999996,7,400.4199999999999,swap,notBad
6901,7,401.72999999999996,7,400.4199999999999,move,improve
6902,7,401.72999999999996,7,400.4199999999999,2opt,notBad
6903,7,401.72999999999996,7,400.4199999999999,move,improve
6904,7,401.72999999999996,7,400.4199999999999,swap,notBad
6905,7,401.72999999999996,7,400.4199999999999,move,improve
6906,7,401.72999999999996,7,400.4199999999999,move,improve
6907,7,401.72999999999996,7,400.4199999999999,move,improve
6908,7,401.72999999999996,7,400.4199999999999,2opt,notBad
6909,7,401.72999999999996,7,400.4199999999999,swap,notBad
6910,7,401.72999999999996,7,400.4199999999999,2opt,improve
6911,7,401.72999999999996,7,400.4199999999999,move,improve
6912,7,401.72999999999996,7,400.4199999999999,swap,notBad
6913,7,401.72999999999996,7,400.4199999999999,2opt,notBad
6914,7,401.72999999999996,7,400.4199999999999,2opt,notBad
6915,7,401.72999999999996,7,400.4199999999999,2opt,notBad
6916,7,401.72999999999996,7,400.4199999999999,move,improve
6917,7,401.72999999999996,7,400.4199999999999,2opt,notBad
6918,7,401.72999999999996,7,400.4199999999999,2opt,notBad
6919,7,401.72999999999996,7,400.4199999999999,move,improve
6920,7,401.72999999999996,7,400.4199999999999,2opt,notBad
6921,7,401.72999999999996,7,400.4199999999999,2opt,improve
6922,7,401.72999999999996,7,400.4199999999999,2opt,notBad
6923,7,401.72999999999996,7,400.4199999999999,2opt,notBad
6924,7,401.72999999999996,7,400.4199999999999,2opt,notBad
6925,7,401.72999999999996,7,400.4199999999999,move,improve
6926,7,401.72999999999996,7,400.4199999999999,swap,notBad
6927,7,401.72999999999996,7,400.4199999999999,swap,notBad
6928,7,401.72999999999996,7,400.4199999999999,swap,notBad
6929,7,401.72999999999996,7,400.4199999999999,move,improve
6930,7,401.72999999999996,7,400.4199999999999,move,improve
6931,7,401.72999999999996,7,400.4199999999999,2opt,notBad
6932,7,401.72999999999996,7,400.4199999999999,swap,notBad
6933,7,401.72999999999996,7,400.4199999999999,swap,notBad
6934,7,401.72999999999996,7,400.4199999999999,move,improve
6935,7,401.72999999999996,7,400.4199999999999,move,improve
6936,7,401.72999999999996,7,400.4199999999999,move,improve
6937,7,401.72999999999996,7,400.4199999999999,2opt,notBad
6938,7,401.72999999999996,7,400.4199999999999,swap,notBad
6939,7,401.72999999999996,7,400.4199999999999,2opt,notBad
6940,7,401.72999999999996,7,400.4199999999999,move,improve
6941,7,401.72999999999996,7,400.4199999999999,2opt,notBad
6942,7,401.72999999999996,7,400.4199999999999,move,improve
6943,7,401.72999999999996,7,400.4199999999999,swap,notBad
6944,7,401.72999999999996,7,400.4199999999999,move,improve
6945,7,401.72999999999996,7,400.4199999999999,2opt,notBad
6946,7,401.72999999999996,7,400.4199999999999,move,improve
6947,7,401.72999999999996,7,400.4199999999999,swap,notBad
6948,7,401.72999999999996,7,400.4199999999999,move,improve
6949,7,401.72999999999996,7,400.4199999999999,2opt,notBad
6950,7,401.72999999999996,7,400.4199999999999,swap,notBad
6951,7,401.60999999999996,7,400.4199999999999,move,improve
6952,7,401.60999999999996,7,400.4199999999999,2opt,improve
6953,7,401.60999999999996,7,400.4199999999999,swap,notBad
6954,7,401.60999999999996,7,400.4199999999999,swap,notBad
6955,7,401.60999999999996,7,400.4199999999999,swap,notBad
6956,7,401.60999999999996,7,400.4199999999999,2opt,notBad
6957,7,401.60999999999996,7,400.4199999999999,2opt,notBad
6958,7,401.60999999999996,7,400.4199999999999,move,improve
6959,7,401.60999999999996,7,400.4199999999999,move,improve
6960,7,401.60999999999996,7,400.4199999999999,2opt,notBad
6961,7,401.60999999999996,7,400.4199999999999,swap,notBad
6962,7,401.60999999999996,7,400.4199999999999,move,improve
6963,7,401.60999999999996,7,400.4199999999999,2opt,improve
6964,7,401.60999999999996,7,400.4199999999999,move,improve
6965,7,401.60999999999996,7,400.4199999999999,move,improve
6966,7,401.60999999999996,7,400.4199999999999,swap,notBad
6967,7,401.60999999999996,7,400.4199999999999,swap,notBad
6968,7,401.60999999999996,7,400.4199999999999,move,improve
6969,7,401.60999999999996,7,400.4199999999999,2opt,notBad
6970,7,401.60999999999996,7,400.4199999999999,2opt,notBad
6971,7,401.60999999999996,7,400.4199999999999,2opt,notBad
6972,7,401.60999999999996,7,400.4199999999999,move,improve
6973,7,401.60999999999996,7,400.4199999999999,2opt,notBad
6974,7,401.60999999999996,7,400.4199999999999,2opt,notBad
6975,7,401.60999999999996,7,400.4199999999999,2opt,improve
6976,7,401.60999999999996,7,400.4199999999999,swap,notBad
6977,7,401.60999999999996,7,400.4199999999999,move,improve
6978,7,401.60999999999996,7,400.4199999999999,swap,notBad
6979,7,401.60999999999996,7,400.4199999999999,move,improve
6980,7,401.60999999999996,7,400.4199999999999,2opt,notBad
6981,7,401.60999999999996,7,400.4199999999999,2opt,notBad
6982,7,401.60999999999996,7,400.4199999999999,swap,notBad
6983,7,401.60999999999996,7,400.4199999999999,move,improve
6984,7,401.60999999999996,7,400.4199999999999,swap,notBad
6985,7,401.60999999999996,7,400.4199999999999,move,improve
6986,7,401.60999999999996,7,400.4199999999999,move,improve
6987,7,401.60999999999996,7,400.4199999999999,swap,notBad
6988,7,401.60999999999996,7,400.4199999999999,swap,notBad
6989,7,401.60999999999996,7,400.4199999999999,move,notBad
6990,7,401.60999999999996,7,400.4199999999999,swap,notBad
6991,7,401.60999999999996,7,400.4199999999999,move,improve
6992,7,401.60999999999996,7,400.4199999999999,2opt,notBad
6993,7,401.60999999999996,7,400.4199999999999,move,improve
6994,7,401.60999999999996,7,400.4199999999999,2opt,notBad
6995,7,401.60999999999996,7,400.4199999999999,2opt,notBad
6996,7,401.60999999999996,7,400.4199999999999,move,improve
6997,7,401.60999999999996,7,400.4199999999999,2opt,improve
6998,7,401.60999999999996,7,400.4199999999999,2opt,notBad
6999,7,401.60999999999996,7,400.4199999999999,swap,notBad
7000,7,401.60999999999996,7,400.4199999999999,2opt,notBad
7001,7,401.60999999999996,7,400.4199999999999,2opt,notBad
7002,7,401.60999999999996,7,400.4199999999999,swap,notBad
7003,7,401.60999999999996,7,400.4199999999999,2opt,notBad
7004,7,401.60999999999996,7,400.4199999999999,swap,notBad
7005,7,401.60999999999996,7,400.4199999999999,swap,notBad
7006,7,401.60999999999996,7,400.4199999999999,swap,notBad
7007,7,401.60999999999996,7,400.4199999999999,2opt,notBad
7008,7,401.60999999999996,7,400.4199999999999,swap,notBad
7009,7,401.60999999999996,7,400.4199999999999,move,improve
7010,7,401.60999999999996,7,400.4199999999999,move,improve
7011,7,401.60999999999996,7,400.4199999999999,move,improve
7012,7,401.60999999999996,7,400.4199999999999,move,improve
7013,7,401.60999999999996,7,400.4199999999999,move,improve
7014,7,401.60999999999996,7,400.4199999999999,move,improve
7015,7,401.60999999999996,7,400.4199999999999,2opt,notBad
7016,7,401.60999999999996,7,400.4199999999999,move,improve
7017,7,401.60999999999996,7,400.4199999999999,move,improve
7018,7,401.60999999999996,7,400.4199999999999,move,improve
7019,7,401.60999999999996,7,400.4199999999999,2opt,notBad
7020,7,401.60999999999996,7,400.4199999999999,swap,notBad
7021,7,401.60999999999996,7,400.4199999999999,swap,notBad
7022,7,401.60999999999996,7,400.4199999999999,swap,notBad
7023,7,402.53999999999996,7,400.4199999999999,swap,acceptBad
7024,7,402.53999999999996,7,400.4199999999999,move,improve
7025,7,402.53999999999996,7,400.4199999999999,2opt,notBad
7026,7,402.53999999999996,7,400.4199999999999,swap,notBad
7027,7,402.53999999999996,7,400.4199999999999,move,improve
7028,7,402.53999999999996,7,400.4199999999999,move,improve
7029,7,402.53999999999996,7,400.4199999999999,swap,notBad
7030,7,402.53999999999996,7,400.4199999999999,2opt,improve
7031,7,402.53999999999996,7,400.4199999999999,2opt,notBad
7032,7,402.53999999999996,7,400.4199999999999,move,improve
7033,7,402.53999999999996,7,400.4199999999999,move,improve
7034,7,402.53999999999996,7,400.4199999999999,swap,notBad
7035,7,402.53999999999996,7,400.4199999999999,swap,notBad
7036,7,402.53999999999996,7,400.4199999999999,swap,notBad
7037,7,402.53999999999996,7,400.4199999999999,move,improve
7038,7,402.53999999999996,7,400.4199999999999,move,improve
7039,7,402.53999999999996,7,400.4199999999999,move,improve
7040,7,402.53999999999996,7,400.4199999999999,2opt,improve
7041,7,402.53999999999996,7,400.4199999999999,2opt,notBad
7042,7,402.53999999999996,7,400.4199999999999,swap,notBad
7043,7,402.53999999999996,7,400.4199999999999,swap,notBad
7044,7,402.53999999999996,7,400.4199999999999,move,improve
7045,7,402.53999999999996,7,400.4199999999999,2opt,notBad
7046,7,402.53999999999996,7,400.4199999999999,2opt,notBad
7047,7,402.53999999999996,7,400.4199999999999,2opt,improve
7048,7,402.53999999999996,7,400.4199999999999,2opt,notBad
7049,7,402.53999999999996,7,400.4199999999999,swap,notBad
7050,7,402.53999999999996,7,400.4199999999999,2opt,notBad
7051,7,402.53999999999996,7,400.4199999999999,2opt,notBad
7052,7,402.53999999999996,7,400.4199999999999,swap,notBad
7053,7,402.53999999999996,7,400.4199999999999,2opt,improve
7054,7,402.53999999999996,7,400.4199999999999,swap,notBad
7055,7,402.53999999999996,7,400.4199999999999,swap,notBad
7056,7,402.53999999999996,7,400.4199999999999,2opt,notBad
7057,7,402.53999999999996,7,400.4199999999999,swap,notBad
7058,7,402.53999999999996,7,400.4199999999999,swap,notBad
7059,7,402.53999999999996,7,400.4199999999999,move,improve
7060,7,402.53999999999996,7,400.4199999999999,swap,notBad
7061,7,404.13,7,400.4199999999999,swap,acceptBad
7062,7,404.13,7,400.4199999999999,move,improve
7063,7,404.13,7,400.4199999999999,2opt,improve
7064,7,404.13,7,400.4199999999999,swap,notBad
7065,7,404.13,7,400.4199999999999,2opt,notBad
7066,7,404.13,7,400.4199999999999,move,improve
7067,7,404.64,7,400.4199999999999,swap,acceptBad
7068,7,404.64,7,400.4199999999999,2opt,notBad
7069,7,404.64,7,400.4199999999999,swap,notBad
7070,7,404.64,7,400.4199999999999,2opt,notBad
7071,7,404.64,7,400.4199999999999,2opt,notBad
7072,7,404.64,7,400.4199999999999,2opt,notBad
7073,7,403.7099999999999,7,400.4199999999999,swap,improve
7074,7,403.7099999999999,7,400.4199999999999,swap,notBad
7075,7,403.7099999999999,7,400.4199999999999,swap,notBad
7076,7,403.7099999999999,7,400.4199999999999,swap,notBad
7077,7,403.7099999999999,7,400.4199999999999,move,improve
7078,7,403.7099999999999,7,400.4199999999999,move,improve
7079,7,403.7099999999999,7,400.4199999999999,swap,notBad
7080,7,403.7099999999999,7,400.4199999999999,swap,notBad
7081,7,403.7099999999999,7,400.4199999999999,2opt,notBad
7082,7,403.7099999999999,7,400.4199999999999,move,improve
7083,7,403.7099999999999,7,400.4199999999999,move,improve
7084,7,403.25999999999993,7,400.4199999999999,move,improve
7085,7,403.25999999999993,7,400.4199999999999,swap,notBad
7086,7,403.25999999999993,7,400.4199999999999,2opt,improve
7087,7,403.25999999999993,7,400.4199999999999,2opt,notBad
7088,7,403.25999999999993,7,400.4199999999999,2opt,improve
7089,7,403.25999999999993,7,400.4199999999999,move,improve
7090,7,403.25999999999993,7,400.4199999999999,move,improve
7091,7,403.25999999999993,7,400.4199999999999,2opt,notBad
7092,7,403.25999999999993,7,400.4199999999999,2opt,notBad
7093,7,403.25999999999993,7,400.4199999999999,swap,notBad
7094,7,403.25999999999993,7,400.4199999999999,move,improve
7095,7,403.25999999999993,7,400.4199999999999,move,improve
7096,7,403.25999999999993,7,400.4199999999999,2opt,notBad
7097,7,403.25999999999993,7,400.4199999999999,move,improve
7098,7,403.25999999999993,7,400.4199999999999,swap,notBad
7099,7,403.25999999999993,7,400.4199999999999,move,improve
7100,7,403.25999999999993,7,400.4199999999999,swap,notBad
7101,7,403.25999999999993,7,400.4199999999999,2opt,notBad
7102,7,403.25999999999993,7,400.4199999999999,swap,notBad
7103,7,402.74999999999994,7,400.4199999999999,move,improve
7104,7,402.74999999999994,7,400.4199999999999,swap,notBad
7105,7,402.74999999999994,7,400.4199999999999,move,notBad
7106,7,402.74999999999994,7,400.4199999999999,2opt,notBad
7107,7,402.74999999999994,7,400.4199999999999,move,improve
7108,7,402.74999999999994,7,400.4199999999999,2opt,notBad
7109,7,402.74999999999994,7,400.4199999999999,move,improve
7110,7,402.74999999999994,7,400.4199999999999,swap,notBad
7111,7,402.74999999999994,7,400.4199999999999,move,improve
7112,7,402.74999999999994,7,400.4199999999999,2opt,notBad
7113,7,402.74999999999994,7,400.4199999999999,swap,notBad
7114,7,402.74999999999994,7,400.4199999999999,move,improve
7115,7,402.74999999999994,7,400.4199999999999,move,improve
7116,7,402.74999999999994,7,400.4199999999999,move,improve
7117,7,402.74999999999994,7,400.4199999999999,2opt,notBad
7118,7,402.74999999999994,7,400.4199999999999,2opt,notBad
7119,7,402.74999999999994,7,400.4199999999999,move,improve
7120,7,402.74999999999994,7,400.4199999999999,move,improve
7121,7,402.74999999999994,7,400.4199999999999,move,improve
7122,7,402.74999999999994,7,400.4199999999999,2opt,notBad
7123,7,402.74999999999994,7,400.4199999999999,2opt,notBad
7124,7,402.74999999999994,7,400.4199999999999,2opt,notBad
7125,7,402.74999999999994,7,400.4199999999999,move,improve
7126,7,402.74999999999994,7,400.4199999999999,move,improve
7127,7,402.74999999999994,7,400.4199999999999,move,notBad
7128,7,402.74999999999994,7,400.4199999999999,move,improve
7129,7,402.74999999999994,7,400.4199999999999,2opt,notBad
7130,7,402.74999999999994,7,400.4199999999999,swap,notBad
7131,7,402.74999999999994,7,400.4199999999999,move,improve
7132,7,402.74999999999994,7,400.4199999999999,2opt,notBad
7133,7,402.74999999999994,7,400.4199999999999,move,improve
7134,7,402.74999999999994,7,400.4199999999999,move,improve
7135,7,402.74999999999994,7,400.4199999999999,move,improve
7136,7,402.74999999999994,7,400.4199999999999,move,improve
7137,7,402.74999999999994,7,400.4199999999999,swap,notBad
7138,7,402.74999999999994,7,400.4199999999999,move,improve
7139,7,402.74999999999994,7,400.4199999999999,swap,notBad
7140,7,402.74999999999994,7,400.4199999999999,swap,notBad
7141,7,402.74999999999994,7,400.4199999999999,2opt,notBad
7142,7,402.74999999999994,7,400.4199999999999,2opt,notBad
7143,7,402.74999999999994,7,400.4199999999999,2opt,notBad
7144,7,402.74999999999994,7,400.4199999999999,2opt,notBad
7145,7,402.74999999999994,7,400.4199999999999,move,improve
7146,7,402.74999999999994,7,400.4199999999999,move,improve
7147,7,402.74999999999994,7,400.4199999999999,2opt,notBad
7148,7,402.74999999999994,7,400.4199999999999,swap,notBad
7149,7,402.74999999999994,7,400.4199999999999,2opt,notBad
7150,7,402.74999999999994,7,400.4199999999999,swap,notBad
7151,7,402.74999999999994,7,400.4199999999999,2opt,improve
7152,7,402.74999999999994,7,400.4199999999999,move,improve
7153,7,402.74999999999994,7,400.4199999999999,swap,notBad
7154,7,402.74999999999994,7,400.4199999999999,move,improve
7155,7,402.74999999999994,7,400.4199999999999,move,improve
7156,7,402.74999999999994,7,400.4199999999999,swap,notBad
7157,7,402.74999999999994,7,400.4199999999999,move,improve
7158,7,402.74999999999994,7,400.4199999999999,move,improve
7159,7,402.74999999999994,7,400.4199999999999,2opt,notBad
7160,7,402.74999999999994,7,400.4199999999999,swap,notBad
7161,7,402.74999999999994,7,400.4199999999999,2opt,improve
7162,7,402.74999999999994,7,400.4199999999999,2opt,notBad
7163,7,402.74999999999994,7,400.4199999999999,move,improve
7164,7,402.74999999999994,7,400.4199999999999,move,improve
7165,7,402.74999999999994,7,400.4199999999999,2opt,notBad
7166,7,402.74999999999994,7,400.4199999999999,2opt,improve
7167,7,402.74999999999994,7,400.4199999999999,swap,notBad
7168,7,402.74999999999994,7,400.4199999999999,2opt,notBad
7169,7,402.74999999999994,7,400.4199999999999,swap,notBad
7170,7,403.67999999999995,7,400.4199999999999,swap,acceptBad
7171,7,403.67999999999995,7,400.4199999999999,2opt,notBad
7172,7,403.67999999999995,7,400.4199999999999,2opt,notBad
7173,7,403.67999999999995,7,400.4199999999999,swap,notBad
7174,7,403.67999999999995,7,400.4199999999999,move,improve
7175,7,403.67999999999995,7,400.4199999999999,move,improve
7176,7,403.67999999999995,7,400.4199999999999,move,improve
7177,7,403.67999999999995,7,400.4199999999999,2opt,notBad
7178,7,403.67999999999995,7,400.4199999999999,swap,notBad
7179,7,405.41999999999996,7,400.4199999999999,swap,acceptBad
7180,7,405.41999999999996,7,400.4199999999999,2opt,notBad
7181,7,405.41999999999996,7,400.4199999999999,swap,notBad
7182,7,405.41999999999996,7,400.4199999999999,swap,notBad
7183,7,405.41999999999996,7,400.4199999999999,move,improve
7184,7,405.41999999999996,7,400.4199999999999,move,improve
7185,7,404.4899999999999,7,400.4199999999999,move,improve
7186,7,404.4899999999999,7,400.4199999999999,2opt,notBad
7187,7,404.4899999999999,7,400.4199999999999,swap,notBad
7188,7,404.4899999999999,7,400.4199999999999,move,improve
7189,7,404.4899999999999,7,400.4199999999999,swap,notBad
7190,7,404.4899999999999,7,400.4199999999999,move,improve
7191,7,404.4899999999999,7,400.4199999999999,move,improve
7192,7,404.4899999999999,7,400.4199999999999,2opt,notBad
7193,7,404.4899999999999,7,400.4199999999999,swap,notBad
7194,7,404.4899999999999,7,400.4199999999999,2opt,notBad
7195,7,404.4899999999999,7,400.4199999999999,swap,notBad
7196,7,404.4899999999999,7,400.4199999999999,move,improve
7197,7,404.4899999999999,7,400.4199999999999,move,improve
7198,7,404.4899999999999,7,400.4199999999999,swap,notBad
7199,7,404.4899999999999,7,400.4199999999999,2opt,notBad
7200,7,404.4899999999999,7,400.4199999999999,2opt,improve
7201,7,404.4899999999999,7,400.4199999999999,2opt,notBad
7202,7,404.4899999999999,7,400.4199999999999,2opt,notBad
7203,7,404.4899999999999,7,400.4199999999999,2opt,notBad
7204,7,404.4899999999999,7,400.4199999999999,move,improve
7205,7,404.4899999999999,7,400.4199999999999,move,improve
7206,7,404.4899999999999,7,400.4199999999999,move,improve
7207,7,404.4899999999999,7,400.4199999999999,move,improve
7208,7,404.4899999999999,7,400.4199999999999,move,improve
7209,7,404.4899999999999,7,400.4199999999999,move,improve
7210,7,404.4899999999999,7,400.4199999999999,2opt,improve
7211,7,404.4899999999999,7,400.4199999999999,swap,notBad
7212,7,404.4899999999999,7,400.4199999999999,swap,notBad
7213,7,404.4899999999999,7,400.4199999999999,swap,notBad
7214,7,404.4899999999999,7,400.4199999999999,2opt,notBad
7215,7,404.4899999999999,7,400.4199999999999,move,improve
7216,7,404.4899999999999,7,400.4199999999999,swap,notBad
7217,7,404.4899999999999,7,400.4199999999999,2opt,notBad
7218,7,404.4899999999999,7,400.4199999999999,swap,notBad
7219,7,404.4899999999999,7,400.4199999999999,swap,notBad
7220,7,404.4899999999999,7,400.4199999999999,swap,notBad
7221,7,404.4899999999999,7,400.4199999999999,2opt,notBad
7222,7,404.4899999999999,7,400.4199999999999,2opt,notBad
7223,7,404.4899999999999,7,400.4199999999999,swap,notBad
7224,7,404.4899999999999,7,400.4199999999999,swap,notBad
7225,7,404.4899999999999,7,400.4199999999999,2opt,notBad
7226,7,404.4899999999999,7,400.4199999999999,2opt,improve
7227,7,404.4899999999999,7,400.4199999999999,move,improve
7228,7,404.4899999999999,7,400.4199999999999,2opt,notBad
7229,7,404.4899999999999,7,400.4199999999999,2opt,notBad
7230,7,404.4899999999999,7,400.4199999999999,2opt,notBad
7231,7,404.4899999999999,7,400.4199999999999,2opt,notBad
7232,7,404.4899999999999,7,400.4199999999999,swap,notBad
7233,7,404.4899999999999,7,400.4199999999999,2opt,notBad
7234,7,404.4899999999999,7,400.4199999999999,move,improve
7235,7,404.4899999999999,7,400.4199999999999,swap,notBad
7236,7,404.4899999999999,7,400.4199999999999,2opt,notBad
7237,7,404.4899999999999,7,400.4199999999999,2opt,improve
7238,7,404.4899999999999,7,400.4199999999999,move,improve
7239,7,404.4899999999999,7,400.4199999999999,move,improve
7240,7,404.4899999999999,7,400.4199999999999,2opt,notBad
7241,7,404.4899999999999,7,400.4199999999999,swap,notBad
7242,7,404.4899999999999,7,400.4199999999999,swap,notBad
7243,7,404.4899999999999,7,400.4199999999999,move,improve
7244,7,404.4899999999999,7,400.4199999999999,2opt,notBad
7245,7,404.4899999999999,7,400.4199999999999,move,notBad
7246,7,404.4899999999999,7,400.4199999999999,swap,notBad
7247,7,404.4899999999999,7,400.4199999999999,2opt,improve
7248,7,404.4899999999999,7,400.4199999999999,swap,notBad
7249,7,404.4899999999999,7,400.4199999999999,move,improve
7250,7,404.4899999999999,7,400.4199999999999,2opt,notBad
7251,7,404.4899999999999,7,400.4199999999999,move,improve
7252,7,404.4899999999999,7,400.4199999999999,swap,notBad
7253,7,404.4899999999999,7,400.4199999999999,2opt,notBad
7254,7,404.4899999999999,7,400.4199999999999,swap,notBad
7255,7,404.4899999999999,7,400.4199999999999,2opt,notBad
7256,7,404.4899999999999,7,400.4199999999999,2opt,notBad
7257,7,404.4899999999999,7,400.4199999999999,2opt,notBad
7258,7,404.4899999999999,7,400.4199999999999,move,improve
7259,7,404.4899999999999,7,400.4199999999999,2opt,notBad
7260,7,404.4899999999999,7,400.4199999999999,2opt,notBad
7261,7,404.4899999999999,7,400.4199999999999,move,improve
7262,7,402.74999999999994,7,400.4199999999999,move,improve
7263,7,402.74999999999994,7,400.4199999999999,move,improve
7264,7,402.74999999999994,7,400.4199999999999,2opt,notBad
7265,7,402.74999999999994,7,400.4199999999999,2opt,notBad
7266,7,402.74999999999994,7,400.4199999999999,swap,notBad
7267,7,402.74999999999994,7,400.4199999999999,2opt,improve
7268,7,402.74999999999994,7,400.4199999999999,2opt,notBad
7269,7,402.74999999999994,7,400.4199999999999,move,improve
7270,7,402.74999999999994,7,400.4199999999999,move,improve
7271,7,402.74999999999994,7,400.4199999999999,2opt,improve
7272,7,402.74999999999994,7,400.4199999999999,swap,notBad
7273,7,402.74999999999994,7,400.4199999999999,2opt,notBad
7274,7,402.74999999999994,7,400.4199999999999,2opt,notBad
7275,7,402.74999999999994,7,400.4199999999999,swap,notBad
7276,7,402.74999999999994,7,400.4199999999999,move,improve
7277,7,402.74999999999994,7,400.4199999999999,move,improve
7278,7,402.74999999999994,7,400.4199999999999,move,improve
7279,7,402.74999999999994,7,400.4199999999999,move,improve
7280,7,402.74999999999994,7,400.4199999999999,move,improve
7281,7,402.74999999999994,7,400.4199999999999,move,improve
7282,7,402.74999999999994,7,400.4199999999999,move,improve
7283,7,402.74999999999994,7,400.4199999999999,move,improve
7284,7,402.74999999999994,7,400.4199999999999,2opt,notBad
7285,7,402.74999999999994,7,400.4199999999999,move,improve
7286,7,402.74999999999994,7,400.4199999999999,2opt,notBad
7287,7,402.74999999999994,7,400.4199999999999,2opt,improve
7288,7,402.74999999999994,7,400.4199999999999,swap,notBad
7289,7,402.74999999999994,7,400.4199999999999,move,notBad
7290,7,402.74999999999994,7,400.4199999999999,move,improve
7291,7,402.74999999999994,7,400.4199999999999,move,improve
7292,7,402.74999999999994,7,400.4199999999999,move,improve
7293,7,402.74999999999994,7,400.4199999999999,2opt,notBad
7294,7,402.74999999999994,7,400.4199999999999,2opt,notBad
7295,7,402.74999999999994,7,400.4199999999999,swap,notBad
7296,7,402.74999999999994,7,400.4199999999999,2opt,notBad
7297,7,402.74999999999994,7,400.4199999999999,swap,notBad
7298,7,402.74999999999994,7,400.4199999999999,move,improve
7299,7,402.74999999999994,7,400.4199999999999,2opt,notBad
7300,7,402.74999999999994,7,400.4199999999999,2opt,improve
7301,7,402.74999999999994,7,400.4199999999999,move,improve
7302,7,402.74999999999994,7,400.4199999999999,move,improve
7303,7,402.74999999999994,7,400.4199999999999,2opt,notBad
7304,7,402.74999999999994,7,400.4199999999999,2opt,notBad
7305,7,402.74999999999994,7,400.4199999999999,move,improve
7306,7,402.74999999999994,7,400.4199999999999,2opt,notBad
7307,7,402.74999999999994,7,400.4199999999999,swap,notBad
7308,7,402.74999999999994,7,400.4199999999999,move,improve
7309,7,402.74999999999994,7,400.4199999999999,2opt,notBad
7310,7,402.74999999999994,7,400.4199999999999,2opt,notBad
7311,7,402.74999999999994,7,400.4199999999999,swap,notBad
7312,7,402.74999999999994,7,400.4199999999999,swap,notBad
7313,7,402.74999999999994,7,400.4199999999999,2opt,notBad
7314,7,402.74999999999994,7,400.4199999999999,swap,notBad
7315,7,402.74999999999994,7,400.4199999999999,2opt,notBad
7316,7,402.74999999999994,7,400.4199999999999,2opt,notBad
7317,7,402.74999999999994,7,400.4199999999999,move,improve
7318,7,402.74999999999994,7,400.4199999999999,move,improve
7319,7,402.74999999999994,7,400.4199999999999,2opt,notBad
7320,7,402.74999999999994,7,400.4199999999999,swap,notBad
7321,7,402.74999999999994,7,400.4199999999999,move,improve
7322,7,402.74999999999994,7,400.4199999999999,swap,notBad
7323,7,402.74999999999994,7,400.4199999999999,move,improve
7324,7,402.74999999999994,7,400.4199999999999,2opt,improve
7325,7,402.74999999999994,7,400.4199999999999,2opt,notBad
7326,7,402.74999999999994,7,400.4199999999999,2opt,notBad
7327,7,402.74999999999994,7,400.4199999999999,swap,notBad
7328,7,402.74999999999994,7,400.4199999999999,swap,notBad
7329,7,402.74999999999994,7,400.4199999999999,2opt,notBad
7330,7,402.74999999999994,7,400.4199999999999,move,improve
7331,7,402.74999999999994,7,400.4199999999999,2opt,notBad
7332,7,402.74999999999994,7,400.4199999999999,swap,notBad
7333,7,402.74999999999994,7,400.4199999999999,2opt,notBad
7334,7,402.74999999999994,7,400.4199999999999,move,improve
7335,7,402.74999999999994,7,400.4199999999999,2opt,notBad
7336,7,402.74999999999994,7,400.4199999999999,swap,notBad
7337,7,402.74999999999994,7,400.4199999999999,move,improve
7338,7,402.74999999999994,7,400.4199999999999,swap,notBad
7339,7,402.74999999999994,7,400.4199999999999,swap,notBad
7340,7,402.74999999999994,7,400.4199999999999,move,improve
7341,7,402.74999999999994,7,400.4199999999999,2opt,notBad
7342,7,402.74999999999994,7,400.4199999999999,2opt,improve
7343,7,402.74999999999994,7,400.4199999999999,swap,notBad
7344,7,402.74999999999994,7,400.4199999999999,2opt,notBad
7345,7,402.74999999999994,7,400.4199999999999,swap,notBad
7346,7,402.74999999999994,7,400.4199999999999,move,improve
7347,7,402.74999999999994,7,400.4199999999999,swap,notBad
7348,7,402.74999999999994,7,400.4199999999999,swap,notBad
7349,7,402.74999999999994,7,400.4199999999999,move,improve
7350,7,402.74999999999994,7,400.4199999999999,2opt,improve
7351,7,402.74999999999994,7,400.4199999999999,swap,notBad
7352,7,402.74999999999994,7,400.4199999999999,swap,notBad
7353,7,402.74999999999994,7,400.4199999999999,2opt,notBad
7354,7,402.74999999999994,7,400.4199999999999,move,improve
7355,7,402.74999999999994,7,400.4199999999999,2opt,notBad
7356,7,402.74999999999994,7,400.4199999999999,2opt,notBad
7357,7,402.74999999999994,7,400.4199999999999,2opt,notBad
7358,7,402.74999999999994,7,400.4199999999999,swap,notBad
7359,7,402.74999999999994,7,400.4199999999999,move,improve
7360,7,402.74999999999994,7,400.4199999999999,move,improve
7361,7,402.74999999999994,7,400.4199999999999,2opt,notBad
7362,7,402.74999999999994,7,400.4199999999999,move,improve
7363,7,402.74999999999994,7,400.4199999999999,swap,notBad
7364,7,402.74999999999994,7,400.4199999999999,swap,notBad
7365,7,402.74999999999994,7,400.4199999999999,swap,notBad
7366,7,402.74999999999994,7,400.4199999999999,swap,notBad
7367,7,402.74999999999994,7,400.4199999999999,swap,notBad
7368,7,402.74999999999994,7,400.4199999999999,2opt,notBad
7369,7,402.74999999999994,7,400.4199999999999,swap,notBad
7370,7,402.74999999999994,7,400.4199999999999,2opt,notBad
7371,7,402.74999999999994,7,400.4199999999999,move,improve
7372,7,402.74999999999994,7,400.4199999999999,2opt,notBad
7373,7,402.74999999999994,7,400.4199999999999,move,improve
7374,7,402.74999999999994,7,400.4199999999999,swap,notBad
7375,7,402.74999999999994,7,400.4199999999999,swap,notBad
7376,7,402.74999999999994,7,400.4199999999999,swap,notBad
7377,7,402.74999999999994,7,400.4199999999999,2opt,notBad
7378,7,402.74999999999994,7,400.4199999999999,swap,notBad
7379,7,402.74999999999994,7,400.4199999999999,swap,notBad
7380,7,402.74999999999994,7,400.4199999999999,move,improve
7381,7,402.74999999999994,7,400.4199999999999,2opt,improve
7382,7,402.74999999999994,7,400.4199999999999,move,improve
7383,7,402.74999999999994,7,400.4199999999999,2opt,notBad
7384,7,402.74999999999994,7,400.4199999999999,2opt,notBad
7385,7,402.74999999999994,7,400.4199999999999,move,improve
7386,7,402.74999999999994,7,400.4199999999999,2opt,improve
7387,7,402.74999999999994,7,400.4199999999999,2opt,notBad
7388,7,402.74999999999994,7,400.4199999999999,2opt,notBad
7389,7,402.74999999999994,7,400.4199999999999,swap,notBad
7390,7,402.74999999999994,7,400.4199999999999,swap,notBad
7391,7,402.74999999999994,7,400.4199999999999,move,improve
7392,7,402.74999999999994,7,400.4199999999999,2opt,notBad
7393,7,402.74999999999994,7,400.4199999999999,move,improve
7394,7,402.74999999999994,7,400.4199999999999,2opt,notBad
7395,7,402.74999999999994,7,400.4199999999999,swap,notBad
7396,7,402.74999999999994,7,400.4199999999999,2opt,notBad
7397,7,402.74999999999994,7,400.4199999999999,2opt,notBad
7398,7,402.74999999999994,7,400.4199999999999,move,improve
7399,7,402.74999999999994,7,400.4199999999999,swap,notBad
7400,7,402.74999999999994,7,400.4199999999999,move,improve
7401,7,402.74999999999994,7,400.4199999999999,move,improve
7402,7,402.74999999999994,7,400.4199999999999,move,improve
7403,7,402.74999999999994,7,400.4199999999999,move,improve
7404,7,402.74999999999994,7,400.4199999999999,2opt,notBad
7405,7,402.74999999999994,7,400.4199999999999,move,improve
7406,7,402.74999999999994,7,400.4199999999999,move,improve
7407,7,402.74999999999994,7,400.4199999999999,move,improve
7408,7,402.74999999999994,7,400.4199999999999,move,improve
7409,7,402.74999999999994,7,400.4199999999999,2opt,notBad
7410,7,402.74999999999994,7,400.4199999999999,swap,notBad
7411,7,402.74999999999994,7,400.4199999999999,move,improve
7412,7,402.74999999999994,7,400.4199999999999,swap,notBad
7413,7,402.74999999999994,7,400.4199999999999,swap,notBad
7414,7,402.74999999999994,7,400.4199999999999,2opt,notBad
7415,7,402.74999999999994,7,400.4199999999999,2opt,notBad
7416,7,402.74999999999994,7,400.4199999999999,2opt,improve
7417,7,402.74999999999994,7,400.4199999999999,swap,notBad
7418,7,402.74999999999994,7,400.4199999999999,swap,notBad
7419,7,402.74999999999994,7,400.4199999999999,swap,notBad
7420,7,402.74999999999994,7,400.4199999999999,move,improve
7421,7,402.74999999999994,7,400.4199999999999,swap,notBad
7422,7,402.74999999999994,7,400.4199999999999,swap,notBad
7423,7,402.74999999999994,7,400.4199999999999,swap,notBad
7424,7,402.74999999999994,7,400.4199999999999,move,improve
7425,7,402.74999999999994,7,400.4199999999999,move,improve
7426,7,402.74999999999994,7,400.4199999999999,swap,notBad
7427,7,402.74999999999994,7,400.4199999999999,2opt,notBad
7428,7,402.74999999999994,7,400.4199999999999,2opt,notBad
7429,7,402.74999999999994,7,400.4199999999999,move,improve
7430,7,402.74999999999994,7,400.4199999999999,2opt,notBad
7431,7,402.74999999999994,7,400.4199999999999,move,improve
7432,7,402.74999999999994,7,400.4199999999999,swap,notBad
7433,7,402.74999999999994,7,400.4199999999999,move,improve
7434,7,402.74999999999994,7,400.4199999999999,2opt,notBad
7435,7,402.74999999999994,7,400.4199999999999,swap,notBad
7436,7,402.74999999999994,7,400.4199999999999,move,improve
7437,7,402.74999999999994,7,400.4199999999999,move,improve
7438,7,402.74999999999994,7,400.4199999999999,swap,notBad
7439,7,402.74999999999994,7,400.4199999999999,swap,notBad
7440,7,402.74999999999994,7,400.4199999999999,2opt,notBad
7441,7,402.74999999999994,7,400.4199999999999,2opt,notBad
7442,7,402.74999999999994,7,400.4199999999999,swap,notBad
7443,7,402.74999999999994,7,400.4199999999999,swap,notBad
7444,7,402.74999999999994,7,400.4199999999999,2opt,notBad
7445,7,402.74999999999994,7,400.4199999999999,swap,notBad
7446,7,402.74999999999994,7,400.4199999999999,2opt,notBad
7447,7,402.74999999999994,7,400.4199999999999,move,improve
7448,7,402.74999999999994,7,400.4199999999999,swap,notBad
7449,7,402.74999999999994,7,400.4199999999999,move,improve
7450,7,402.74999999999994,7,400.4199999999999,2opt,notBad
7451,7,402.74999999999994,7,400.4199999999999,move,improve
7452,7,402.74999999999994,7,400.4199999999999,move,improve
7453,7,402.74999999999994,7,400.4199999999999,swap,notBad
7454,7,402.74999999999994,7,400.4199999999999,swap,notBad
7455,7,402.74999999999994,7,400.4199999999999,move,improve
7456,7,402.74999999999994,7,400.4199999999999,swap,notBad
7457,7,402.74999999999994,7,400.4199999999999,move,improve
7458,7,403.67999999999995,7,400.4199999999999,swap,acceptBad
7459,7,403.67999999999995,7,400.4199999999999,move,improve
7460,7,403.67999999999995,7,400.4199999999999,swap,notBad
7461,7,403.67999999999995,7,400.4199999999999,move,improve
7462,7,403.67999999999995,7,400.4199999999999,swap,notBad
7463,7,403.67999999999995,7,400.4199999999999,move,improve
7464,7,403.67999999999995,7,400.4199999999999,move,improve
7465,7,403.67999999999995,7,400.4199999999999,move,improve
7466,7,403.67999999999995,7,400.4199999999999,2opt,notBad
7467,7,403.67999999999995,7,400.4199999999999,swap,notBad
7468,7,403.67999999999995,7,400.4199999999999,move,improve
7469,7,403.67999999999995,7,400.4199999999999,2opt,notBad
7470,7,403.67999999999995,7,400.4199999999999,swap,notBad
7471,7,403.67999999999995,7,400.4199999999999,swap,notBad
7472,7,403.67999999999995,7,400.4199999999999,move,improve
7473,7,403.67999999999995,7,400.4199999999999,move,improve
7474,7,403.67999999999995,7,400.4199999999999,move,improve
7475,7,403.67999999999995,7,400.4199999999999,move,improve
7476,7,403.67999999999995,7,400.4199999999999,swap,notBad
7477,7,403.67999999999995,7,400.4199999999999,2opt,notBad
7478,7,403.67999999999995,7,400.4199999999999,swap,notBad
7479,7,403.67999999999995,7,400.4199999999999,swap,notBad
7480,7,403.67999999999995,7,400.4199999999999,move,improve
7481,7,403.67999999999995,7,400.4199999999999,2opt,notBad
7482,7,403.67999999999995,7,400.4199999999999,2opt,notBad
7483,7,403.67999999999995,7,400.4199999999999,2opt,notBad
7484,7,403.67999999999995,7,400.4199999999999,swap,notBad
7485,7,403.67999999999995,7,400.4199999999999,2opt,notBad
7486,7,403.67999999999995,7,400.4199999999999,move,improve
7487,7,403.67999999999995,7,400.4199999999999,swap,notBad
7488,7,403.67999999999995,7,400.4199999999999,move,improve
7489,7,403.67999999999995,7,400.4199999999999,move,improve
7490,7,403.9499999999998,7,400.4199999999999,2opt,acceptBad
7491,7,403.9499999999998,7,400.4199999999999,2opt,notBad
7492,7,403.9499999999998,7,400.4199999999999,swap,notBad
7493,7,403.9499999999998,7,400.4199999999999,2opt,notBad
7494,7,403.9499999999998,7,400.4199999999999,swap,notBad
7495,7,403.9499999999998,7,400.4199999999999,2opt,notBad
7496,7,403.9499999999998,7,400.4199999999999,swap,notBad
7497,7,403.9499999999998,7,400.4199999999999,move,improve
7498,7,403.9499999999998,7,400.4199999999999,move,improve
7499,7,403.9499999999998,7,400.4199999999999,swap,notBad
7500,7,403.9499999999998,7,400.4199999999999,swap,notBad
7501,7,403.9499999999998,7,400.4199999999999,2opt,notBad
7502,7,403.9499999999998,7,400.4199999999999,swap,notBad
7503,7,403.9499999999998,7,400.4199999999999,2opt,notBad
7504,7,403.9499999999998,7,400.4199999999999,move,improve
7505,7,403.9499999999998,7,400.4199999999999,2opt,notBad
7506,7,403.9499999999998,7,400.4199999999999,move,improve
7507,7,403.9499999999998,7,400.4199999999999,2opt,notBad
7508,7,403.9499999999998,7,400.4199999999999,swap,notBad
7509,7,403.9499999999998,7,400.4199999999999,2opt,notBad
7510,7,403.9499999999998,7,400.4199999999999,move,improve
7511,7,403.9499999999998,7,400.4199999999999,move,improve
7512,7,403.9499999999998,7,400.4199999999999,move,improve
7513,7,403.9499999999998,7,400.4199999999999,2opt,improve
7514,7,403.9499999999998,7,400.4199999999999,swap,notBad
7515,7,403.9499999999998,7,400.4199999999999,2opt,notBad
7516,7,403.9499999999998,7,400.4199999999999,move,improve
7517,7,403.9499999999998,7,400.4199999999999,move,improve
7518,7,403.9499999999998,7,400.4199999999999,2opt,notBad
7519,7,403.67999999999984,7,400.4199999999999,move,improve
7520,7,403.67999999999984,7,400.4199999999999,move,improve
7521,7,403.67999999999984,7,400.4199999999999,swap,notBad
7522,7,403.67999999999984,7,400.4199999999999,move,improve
7523,7,403.67999999999984,7,400.4199999999999,swap,notBad
7524,7,403.67999999999984,7,400.4199999999999,move,improve
7525,7,403.67999999999984,7,400.4199999999999,move,improve
7526,7,403.67999999999984,7,400.4199999999999,2opt,notBad
7527,7,403.67999999999984,7,400.4199999999999,swap,notBad
7528,7,403.67999999999984,7,400.4199999999999,swap,notBad
7529,7,403.67999999999984,7,400.4199999999999,move,improve
7530,7,403.67999999999984,7,400.4199999999999,2opt,notBad
7531,7,403.67999999999984,7,400.4199999999999,swap,notBad
7532,7,403.67999999999984,7,400.4199999999999,move,improve
7533,7,403.67999999999984,7,400.4199999999999,swap,notBad
7534,7,403.67999999999984,7,400.4199999999999,2opt,improve
7535,7,403.67999999999984,7,400.4199999999999,move,improve
7536,7,403.67999999999984,7,400.4199999999999,swap,notBad
7537,7,403.67999999999984,7,400.4199999999999,swap,notBad
7538,7,403.67999999999984,7,400.4199999999999,move,improve
7539,7,403.67999999999984,7,400.4199999999999,move,improve
7540,7,403.67999999999984,7,400.4199999999999,move,improve
7541,7,403.67999999999984,7,400.4199999999999,move,improve
7542,7,403.67999999999984,7,400.4199999999999,swap,notBad
7543,7,403.67999999999984,7,400.4199999999999,2opt,notBad
7544,7,403.67999999999984,7,400.4199999999999,2opt,notBad
7545,7,403.67999999999984,7,400.4199999999999,move,notBad
7546,7,403.67999999999984,7,400.4199999999999,2opt,improve
7547,7,403.67999999999984,7,400.4199999999999,swap,notBad
7548,7,405.71999999999974,7,400.4199999999999,swap,acceptBad
7549,7,405.71999999999974,7,400.4199999999999,move,improve
7550,7,405.71999999999974,7,400.4199999999999,swap,notBad
7551,7,405.71999999999974,7,400.4199999999999,swap,notBad
7552,7,405.71999999999974,7,400.4199999999999,swap,notBad
7553,7,405.71999999999974,7,400.4199999999999,move,improve
7554,7,405.71999999999974,7,400.4199999999999,swap,notBad
7555,7,405.71999999999974,7,400.4199999999999,swap,notBad
7556,7,405.71999999999974,7,400.4199999999999,move,improve
7557,7,405.71999999999974,7,400.4199999999999,move,improve
7558,7,405.71999999999974,7,400.4199999999999,move,improve
7559,7,405.71999999999974,7,400.4199999999999,2opt,notBad
7560,7,407.63999999999976,7,400.4199999999999,swap,acceptBad
7561,7,407.63999999999976,7,400.4199999999999,2opt,notBad
7562,7,407.63999999999976,7,400.4199999999999,move,improve
7563,7,407.63999999999976,7,400.4199999999999,swap,notBad
7564,7,407.63999999999976,7,400.4199999999999,2opt,notBad
7565,7,408.50999999999993,7,400.4199999999999,2opt,acceptBad
7566,7,408.50999999999993,7,400.4199999999999,2opt,notBad
7567,7,408.50999999999993,7,400.4199999999999,2opt,notBad
7568,7,408.50999999999993,7,400.4199999999999,2opt,notBad
7569,7,408.50999999999993,7,400.4199999999999,swap,notBad
7570,7,408.50999999999993,7,400.4199999999999,swap,notBad
7571,7,408.50999999999993,7,400.4199999999999,swap,notBad
7572,7,409.43999999999994,7,400.4199999999999,swap,acceptBad
7573,7,408.0,7,400.4199999999999,move,improve
7574,7,408.0,7,400.4199999999999,swap,notBad
7575,7,408.0,7,400.4199999999999,move,improve
7576,7,408.0,7,400.4199999999999,swap,notBad
7577,7,408.0,7,400.4199999999999,2opt,notBad
7578,7,407.66999999999996,7,400.4199999999999,move,improve
7579,7,407.66999999999996,7,400.4199999999999,2opt,notBad
7580,7,407.66999999999996,7,400.4199999999999,swap,notBad
7581,7,407.66999999999996,7,400.4199999999999,2opt,notBad
7582,7,407.66999999999996,7,400.4199999999999,swap,notBad
7583,7,407.66999999999996,7,400.4199999999999,2opt,notBad
7584,7,407.66999999999996,7,400.4199999999999,swap,notBad
7585,7,407.66999999999996,7,400.4199999999999,2opt,notBad
7586,7,407.66999999999996,7,400.4199999999999,2opt,notBad
7587,7,407.66999999999996,7,400.4199999999999,2opt,notBad
7588,7,407.66999999999996,7,400.4199999999999,move,improve
7589,7,407.66999999999996,7,400.4199999999999,2opt,notBad
7590,7,407.66999999999996,7,400.4199999999999,move,improve
7591,7,407.66999999999996,7,400.4199999999999,2opt,notBad
7592,7,407.66999999999996,7,400.4199999999999,swap,notBad
7593,7,407.66999999999996,7,400.4199999999999,move,notBad
7594,7,407.66999999999996,7,400.4199999999999,swap,notBad
7595,7,407.66999999999996,7,400.4199999999999,swap,notBad
7596,7,407.66999999999996,7,400.4199999999999,swap,notBad
7597,7,407.66999999999996,7,400.4199999999999,move,improve
7598,7,407.66999999999996,7,400.4199999999999,2opt,notBad
7599,7,407.66999999999996,7,400.4199999999999,swap,notBad
7600,7,407.66999999999996,7,400.4199999999999,move,improve
7601,7,407.66999999999996,7,400.4199999999999,move,improve
7602,7,407.66999999999996,7,400.4199999999999,swap,notBad
7603,7,407.66999999999996,7,400.4199999999999,swap,notBad
7604,7,407.66999999999996,7,400.4199999999999,move,improve
7605,7,407.66999999999996,7,400.4199999999999,swap,notBad
7606,7,407.66999999999996,7,400.4199999999999,move,improve
7607,7,407.66999999999996,7,400.4199999999999,2opt,notBad
7608,7,407.66999999999996,7,400.4199999999999,swap,notBad
7609,7,407.66999999999996,7,400.4199999999999,2opt,improve
7610,7,407.66999999999996,7,400.4199999999999,move,improve
7611,7,407.66999999999996,7,400.4199999999999,swap,notBad
7612,7,407.66999999999996,7,400.4199999999999,move,improve
7613,7,407.66999999999996,7,400.4199999999999,move,improve
7614,7,407.66999999999996,7,400.4199999999999,swap,notBad
7615,7,407.66999999999996,7,400.4199999999999,swap,notBad
7616,7,407.66999999999996,7,400.4199999999999,2opt,notBad
7617,7,407.66999999999996,7,400.4199999999999,2opt,improve
7618,7,407.66999999999996,7,400.4199999999999,swap,notBad
7619,7,407.66999999999996,7,400.4199999999999,move,improve
7620,7,407.66999999999996,7,400.4199999999999,2opt,notBad
7621,7,407.66999999999996,7,400.4199999999999,move,improve
7622,7,407.66999999999996,7,400.4199999999999,swap,notBad
7623,7,407.66999999999996,7,400.4199999999999,move,improve
7624,7,407.66999999999996,7,400.4199999999999,swap,notBad
7625,7,407.66999999999996,7,400.4199999999999,2opt,notBad
7626,7,407.66999999999996,7,400.4199999999999,move,improve
7627,7,407.66999999999996,7,400.4199999999999,swap,notBad
7628,7,407.66999999999996,7,400.4199999999999,2opt,notBad
7629,7,407.66999999999996,7,400.4199999999999,2opt,notBad
7630,7,407.66999999999996,7,400.4199999999999,move,improve
7631,7,407.66999999999996,7,400.4199999999999,move,improve
7632,7,407.66999999999996,7,400.4199999999999,move,improve
7633,7,406.43999999999994,7,400.4199999999999,move,improve
7634,7,406.43999999999994,7,400.4199999999999,2opt,notBad
7635,7,406.43999999999994,7,400.4199999999999,swap,notBad
7636,7,406.43999999999994,7,400.4199999999999,swap,notBad
7637,7,406.43999999999994,7,400.4199999999999,swap,notBad
7638,7,406.43999999999994,7,400.4199999999999,move,improve
7639,7,406.43999999999994,7,400.4199999999999,swap,notBad
7640,7,406.43999999999994,7,400.4199999999999,2opt,notBad
7641,7,406.43999999999994,7,400.4199999999999,move,improve
7642,7,406.43999999999994,7,400.4199999999999,swap,notBad
7643,7,406.43999999999994,7,400.4199999999999,2opt,notBad
7644,7,406.43999999999994,7,400.4199999999999,move,improve
7645,7,406.43999999999994,7,400.4199999999999,2opt,notBad
7646,7,406.43999999999994,7,400.4199999999999,swap,notBad
7647,7,406.43999999999994,7,400.4199999999999,2opt,notBad
7648,7,406.43999999999994,7,400.4199999999999,swap,notBad
7649,7,406.43999999999994,7,400.4199999999999,swap,notBad
7650,7,406.43999999999994,7,400.4199999999999,2opt,notBad
7651,7,406.43999999999994,7,400.4199999999999,move,improve
7652,7,406.43999999999994,7,400.4199999999999,2opt,notBad
7653,7,406.43999999999994,7,400.4199999999999,2opt,notBad
7654,7,406.43999999999994,7,400.4199999999999,swap,notBad
7655,7,406.43999999999994,7,400.4199999999999,2opt,notBad
7656,7,406.43999999999994,7,400.4199999999999,move,improve
7657,7,406.43999999999994,7,400.4199999999999,move,improve
7658,7,406.43999999999994,7,400.4199999999999,2opt,improve
7659,7,406.43999999999994,7,400.4199999999999,2opt,improve
7660,7,406.43999999999994,7,400.4199999999999,2opt,notBad
7661,7,406.43999999999994,7,400.4199999999999,swap,notBad
7662,7,406.43999999999994,7,400.4199999999999,2opt,notBad
7663,7,405.68999999999994,7,400.4199999999999,move,improve
7664,7,405.68999999999994,7,400.4199999999999,2opt,notBad
7665,7,405.68999999999994,7,400.4199999999999,2opt,notBad
7666,7,405.68999999999994,7,400.4199999999999,2opt,notBad
7667,7,405.68999999999994,7,400.4199999999999,move,improve
7668,7,405.68999999999994,7,400.4199999999999,move,improve
7669,7,405.68999999999994,7,400.4199999999999,move,improve
7670,7,405.68999999999994,7,400.4199999999999,swap,notBad
7671,7,405.68999999999994,7,400.4199999999999,move,improve
7672,7,405.68999999999994,7,400.4199999999999,swap,notBad
7673,7,405.68999999999994,7,400.4199999999999,move,improve
7674,7,405.68999999999994,7,400.4199999999999,2opt,improve
7675,7,405.68999999999994,7,400.4199999999999,swap,notBad
7676,7,405.68999999999994,7,400.4199999999999,2opt,notBad
7677,7,405.68999999999994,7,400.4199999999999,2opt,notBad
7678,7,405.68999999999994,7,400.4199999999999,swap,notBad
7679,7,405.68999999999994,7,400.4199999999999,2opt,notBad
7680,7,405.68999999999994,7,400.4199999999999,move,improve
7681,7,405.68999999999994,7,400.4199999999999,2opt,notBad
7682,7,405.68999999999994,7,400.4199999999999,2opt,notBad
7683,7,405.68999999999994,7,400.4199999999999,2opt,notBad
7684,7,405.68999999999994,7,400.4199999999999,2opt,notBad
7685,7,405.68999999999994,7,400.4199999999999,move,improve
7686,7,405.68999999999994,7,400.4199999999999,2opt,notBad
7687,7,405.68999999999994,7,400.4199999999999,move,improve
7688,7,405.68999999999994,7,400.4199999999999,2opt,notBad
7689,7,405.68999999999994,7,400.4199999999999,2opt,notBad
7690,7,405.68999999999994,7,400.4199999999999,2opt,notBad
7691,7,406.97999999999996,7,400.4199999999999,swap,acceptBad
7692,7,406.97999999999996,7,400.4199999999999,swap,notBad
7693,7,406.97999999999996,7,400.4199999999999,2opt,notBad
7694,7,406.97999999999996,7,400.4199999999999,move,improve
7695,7,406.97999999999996,7,400.4199999999999,2opt,notBad
7696,7,406.97999999999996,7,400.4199999999999,move,improve
7697,7,406.97999999999996,7,400.4199999999999,swap,notBad
7698,7,406.97999999999996,7,400.4199999999999,swap,notBad
7699,7,406.97999999999996,7,400.4199999999999,2opt,notBad
7700,7,406.97999999999996,7,400.4199999999999,swap,notBad
7701,7,406.97999999999996,7,400.4199999999999,swap,notBad
7702,7,406.97999999999996,7,400.4199999999999,swap,notBad
7703,7,406.97999999999996,7,400.4199999999999,move,improve
7704,7,406.97999999999996,7,400.4199999999999,swap,notBad
7705,7,406.97999999999996,7,400.4199999999999,2opt,improve
7706,7,406.97999999999996,7,400.4199999999999,2opt,notBad
7707,7,406.97999999999996,7,400.4199999999999,swap,notBad
7708,7,406.97999999999996,7,400.4199999999999,swap,notBad
7709,7,406.97999999999996,7,400.4199999999999,swap,notBad
7710,7,406.97999999999996,7,400.4199999999999,swap,notBad
7711,7,406.97999999999996,7,400.4199999999999,2opt,notBad
7712,7,406.97999999999996,7,400.4199999999999,move,improve
7713,7,406.97999999999996,7,400.4199999999999,move,improve
7714,7,406.97999999999996,7,400.4199999999999,move,improve
7715,7,406.97999999999996,7,400.4199999999999,move,improve
7716,7,406.97999999999996,7,400.4199999999999,move,improve
7717,7,406.97999999999996,7,400.4199999999999,move,improve
7718,7,406.97999999999996,7,400.4199999999999,2opt,notBad
7719,7,406.97999999999996,7,400.4199999999999,swap,notBad
7720,7,406.97999999999996,7,400.4199999999999,2opt,notBad
7721,7,406.97999999999996,7,400.4199999999999,2opt,notBad
7722,7,406.97999999999996,7,400.4199999999999,swap,notBad
7723,7,406.97999999999996,7,400.4199999999999,2opt,notBad
7724,7,406.97999999999996,7,400.4199999999999,2opt,notBad
7725,7,406.97999999999996,7,400.4199999999999,move,improve
7726,7,406.97999999999996,7,400.4199999999999,move,improve
7727,7,406.97999999999996,7,400.4199999999999,2opt,notBad
7728,7,406.97999999999996,7,400.4199999999999,swap,notBad
7729,7,406.97999999999996,7,400.4199999999999,move,improve
7730,7,406.97999999999996,7,400.4199999999999,move,improve
7731,7,406.97999999999996,7,400.4199999999999,2opt,notBad
7732,7,406.97999999999996,7,400.4199999999999,move,improve
7733,7,406.97999999999996,7,400.4199999999999,move,improve
7734,7,406.97999999999996,7,400.4199999999999,swap,notBad
7735,7,406.97999999999996,7,400.4199999999999,swap,notBad
7736,7,406.97999999999996,7,400.4199999999999,move,improve
7737,7,406.97999999999996,7,400.4199999999999,2opt,notBad
7738,7,406.97999999999996,7,400.4199999999999,2opt,notBad
7739,7,406.97999999999996,7,400.4199999999999,swap,notBad
7740,7,406.97999999999996,7,400.4199999999999,swap,notBad
7741,7,406.97999999999996,7,400.4199999999999,2opt,notBad
7742,7,406.97999999999996,7,400.4199999999999,2opt,notBad
7743,7,406.97999999999996,7,400.4199999999999,swap,notBad
7744,7,406.97999999999996,7,400.4199999999999,move,improve
7745,7,406.97999999999996,7,400.4199999999999,2opt,notBad
7746,7,406.97999999999996,7,400.4199999999999,2opt,notBad
7747,7,406.85999999999996,7,400.4199999999999,move,improve
7748,7,406.85999999999996,7,400.4199999999999,swap,notBad
7749,7,406.85999999999996,7,400.4199999999999,2opt,notBad
7750,7,406.85999999999996,7,400.4199999999999,2opt,notBad
7751,7,406.85999999999996,7,400.4199999999999,swap,notBad
7752,7,406.85999999999996,7,400.4199999999999,2opt,notBad
7753,7,406.85999999999996,7,400.4199999999999,2opt,notBad
7754,7,406.85999999999996,7,400.4199999999999,swap,notBad
7755,7,406.85999999999996,7,400.4199999999999,move,improve
7756,7,406.85999999999996,7,400.4199999999999,2opt,notBad
7757,7,406.85999999999996,7,400.4199999999999,2opt,notBad
7758,7,406.85999999999996,7,400.4199999999999,move,improve
7759,7,406.85999999999996,7,400.4199999999999,swap,notBad
7760,7,406.85999999999996,7,400.4199999999999,move,improve
7761,7,406.85999999999996,7,400.4199999999999,2opt,notBad
7762,7,406.85999999999996,7,400.4199999999999,swap,notBad
7763,7,406.85999999999996,7,400.4199999999999,2opt,improve
7764,7,406.85999999999996,7,400.4199999999999,2opt,notBad
7765,7,406.85999999999996,7,400.4199999999999,swap,notBad
7766,7,406.85999999999996,7,400.4199999999999,move,improve
7767,7,406.85999999999996,7,400.4199999999999,2opt,improve
7768,7,406.85999999999996,7,400.4199999999999,2opt,notBad
7769,7,406.85999999999996,7,400.4199999999999,move,improve
7770,7,406.85999999999996,7,400.4199999999999,swap,notBad
7771,7,406.85999999999996,7,400.4199999999999,2opt,notBad
7772,7,406.85999999999996,7,400.4199999999999,move,improve
7773,7,406.85999999999996,7,400.4199999999999,move,improve
7774,7,406.85999999999996,7,400.4199999999999,swap,notBad
7775,7,406.85999999999996,7,400.4199999999999,2opt,notBad
7776,7,406.85999999999996,7,400.4199999999999,swap,notBad
7777,7,406.85999999999996,7,400.4199999999999,2opt,notBad
7778,7,406.85999999999996,7,400.4199999999999,2opt,notBad
7779,7,406.85999999999996,7,400.4199999999999,move,improve
7780,7,406.85999999999996,7,400.4199999999999,move,improve
7781,7,406.85999999999996,7,400.4199999999999,2opt,notBad
7782,7,406.85999999999996,7,400.4199999999999,2opt,notBad
7783,7,406.85999999999996,7,400.4199999999999,2opt,notBad
7784,7,406.85999999999996,7,400.4199999999999,move,improve
7785,7,406.85999999999996,7,400.4199999999999,2opt,notBad
7786,7,406.85999999999996,7,400.4199999999999,move,improve
7787,7,406.85999999999996,7,400.4199999999999,swap,notBad
7788,7,406.85999999999996,7,400.4199999999999,2opt,notBad
7789,7,406.85999999999996,7,400.4199999999999,swap,notBad
7790,7,406.85999999999996,7,400.4199999999999,swap,notBad
7791,7,406.85999999999996,7,400.4199999999999,swap,notBad
7792,7,406.85999999999996,7,400.4199999999999,2opt,notBad
7793,7,406.85999999999996,7,400.4199999999999,swap,notBad
7794,7,406.85999999999996,7,400.4199999999999,swap,notBad
7795,7,406.85999999999996,7,400.4199999999999,swap,notBad
7796,7,406.85999999999996,7,400.4199999999999,2opt,notBad
7797,7,406.85999999999996,7,400.4199999999999,move,improve
7798,7,406.85999999999996,7,400.4199999999999,swap,notBad
7799,7,407.18999999999994,7,400.4199999999999,swap,acceptBad
7800,7,404.72999999999996,7,400.4199999999999,move,improve
7801,7,404.72999999999996,7,400.4199999999999,2opt,notBad
7802,7,404.72999999999996,7,400.4199999999999,2opt,notBad
7803,7,404.72999999999996,7,400.4199999999999,move,improve
7804,7,404.72999999999996,7,400.4199999999999,swap,notBad
7805,7,404.72999999999996,7,400.4199999999999,2opt,improve
7806,7,404.72999999999996,7,400.4199999999999,2opt,notBad
7807,7,404.72999999999996,7,400.4199999999999,swap,notBad
7808,7,404.72999999999996,7,400.4199999999999,swap,notBad
7809,7,404.72999999999996,7,400.4199999999999,move,improve
7810,7,404.72999999999996,7,400.4199999999999,2opt,notBad
7811,7,404.72999999999996,7,400.4199999999999,swap,notBad
7812,7,404.72999999999996,7,400.4199999999999,2opt,notBad
7813,7,404.30999999999995,7,400.4199999999999,swap,improve
7814,7,404.30999999999995,7,400.4199999999999,move,improve
7815,7,404.30999999999995,7,400.4199999999999,swap,notBad
7816,7,404.30999999999995,7,400.4199999999999,move,improve
7817,7,404.30999999999995,7,400.4199999999999,2opt,notBad
7818,7,404.30999999999995,7,400.4199999999999,move,improve
7819,7,404.30999999999995,7,400.4199999999999,move,improve
7820,7,404.30999999999995,7,400.4199999999999,move,improve
7821,7,404.30999999999995,7,400.4199999999999,move,improve
7822,7,404.30999999999995,7,400.4199999999999,2opt,notBad
7823,7,404.42999999999984,7,400.4199999999999,2opt,acceptBad
7824,7,404.42999999999984,7,400.4199999999999,move,improve
7825,7,404.42999999999984,7,400.4199999999999,move,improve
7826,7,404.42999999999984,7,400.4199999999999,swap,notBad
7827,7,404.42999999999984,7,400.4199999999999,move,improve
7828,7,404.42999999999984,7,400.4199999999999,2opt,improve
7829,7,404.42999999999984,7,400.4199999999999,2opt,notBad
7830,7,404.42999999999984,7,400.4199999999999,2opt,notBad
7831,7,404.42999999999984,7,400.4199999999999,2opt,notBad
7832,7,404.42999999999984,7,400.4199999999999,move,improve
7833,7,404.42999999999984,7,400.4199999999999,2opt,notBad
7834,7,404.42999999999984,7,400.4199999999999,swap,notBad
7835,7,404.42999999999984,7,400.4199999999999,2opt,notBad
7836,7,404.42999999999984,7,400.4199999999999,2opt,notBad
7837,7,404.42999999999984,7,400.4199999999999,2opt,improve
7838,7,404.42999999999984,7,400.4199999999999,swap,notBad
7839,7,404.42999999999984,7,400.4199999999999,swap,notBad
7840,7,404.42999999999984,7,400.4199999999999,move,improve
7841,7,404.42999999999984,7,400.4199999999999,2opt,notBad
7842,7,404.42999999999984,7,400.4199999999999,2opt,notBad
7843,7,404.42999999999984,7,400.4199999999999,move,improve
7844,7,404.42999999999984,7,400.4199999999999,move,improve
7845,7,404.42999999999984,7,400.4199999999999,2opt,notBad
7846,7,404.42999999999984,7,400.4199999999999,move,improve
7847,7,404.42999999999984,7,400.4199999999999,swap,notBad
7848,7,404.42999999999984,7,400.4199999999999,2opt,notBad
7849,7,404.42999999999984,7,400.4199999999999,2opt,notBad
7850,7,404.42999999999984,7,400.4199999999999,2opt,notBad
7851,7,404.42999999999984,7,400.4199999999999,2opt,notBad
7852,7,404.42999999999984,7,400.4199999999999,swap,notBad
7853,7,404.42999999999984,7,400.4199999999999,swap,notBad
7854,7,404.42999999999984,7,400.4199999999999,move,improve
7855,7,404.42999999999984,7,400.4199999999999,swap,notBad
7856,7,404.42999999999984,7,400.4199999999999,move,improve
7857,7,404.42999999999984,7,400.4199999999999,swap,notBad
7858,7,404.42999999999984,7,400.4199999999999,swap,notBad
7859,7,404.42999999999984,7,400.4199999999999,2opt,notBad
7860,7,404.42999999999984,7,400.4199999999999,swap,notBad
7861,7,404.42999999999984,7,400.4199999999999,swap,notBad
7862,7,404.42999999999984,7,400.4199999999999,move,improve
7863,7,404.42999999999984,7,400.4199999999999,move,notBad
7864,7,404.42999999999984,7,400.4199999999999,2opt,notBad
7865,7,404.42999999999984,7,400.4199999999999,swap,notBad
7866,7,404.42999999999984,7,400.4199999999999,move,improve
7867,7,404.42999999999984,7,400.4199999999999,move,improve
7868,7,404.42999999999984,7,400.4199999999999,swap,notBad
7869,7,404.42999999999984,7,400.4199999999999,2opt,notBad
7870,7,404.42999999999984,7,400.4199999999999,move,improve
7871,7,404.42999999999984,7,400.4199999999999,move,improve
7872,7,404.42999999999984,7,400.4199999999999,move,improve
7873,7,404.42999999999984,7,400.4199999999999,move,improve
7874,7,406.22999999999985,7,400.4199999999999,swap,acceptBad
7875,7,406.22999999999985,7,400.4199999999999,swap,notBad
7876,7,406.22999999999985,7,400.4199999999999,move,improve
7877,7,406.22999999999985,7,400.4199999999999,2opt,improve
7878,7,406.1099999999998,7,400.4199999999999,move,improve
7879,7,406.1099999999998,7,400.4199999999999,2opt,notBad
7880,7,406.1099999999998,7,400.4199999999999,2opt,improve
7881,7,406.1099999999998,7,400.4199999999999,swap,notBad
7882,7,406.1099999999998,7,400.4199999999999,move,improve
7883,7,406.1099999999998,7,400.4199999999999,2opt,notBad
7884,7,406.1099999999998,7,400.4199999999999,swap,notBad
7885,7,406.1099999999998,7,400.4199999999999,2opt,notBad
7886,7,406.1099999999998,7,400.4199999999999,2opt,notBad
7887,7,406.1099999999998,7,400.4199999999999,2opt,notBad
7888,7,406.1099999999998,7,400.4199999999999,move,improve
7889,7,406.1099999999998,7,400.4199999999999,2opt,notBad
7890,7,406.1099999999998,7,400.4199999999999,swap,notBad
7891,7,406.1099999999998,7,400.4199999999999,move,improve
7892,7,406.1099999999998,7,400.4199999999999,move,improve
7893,7,406.1099999999998,7,400.4199999999999,2opt,notBad
7894,7,406.1099999999998,7,400.4199999999999,move,improve
7895,7,406.1099999999998,7,400.4199999999999,swap,notBad
7896,7,406.1099999999998,7,400.4199999999999,2opt,notBad
7897,7,406.1099999999998,7,400.4199999999999,2opt,notBad
7898,7,406.1099999999998,7,400.4199999999999,2opt,notBad
7899,7,406.1099999999998,7,400.4199999999999,2opt,notBad
7900,7,406.1099999999998,7,400.4199999999999,2opt,notBad
7901,7,406.1099999999998,7,400.4199999999999,2opt,notBad
7902,7,406.1099999999998,7,400.4199999999999,2opt,improve
7903,7,406.1099999999998,7,400.4199999999999,2opt,notBad
7904,7,406.1099999999998,7,400.4199999999999,2opt,notBad
7905,7,406.1099999999998,7,400.4199999999999,2opt,notBad
7906,7,406.1099999999998,7,400.4199999999999,move,improve
7907,7,406.1099999999998,7,400.4199999999999,move,improve
7908,7,406.1099999999998,7,400.4199999999999,swap,notBad
7909,7,406.1099999999998,7,400.4199999999999,swap,notBad
7910,7,406.1099999999998,7,400.4199999999999,swap,notBad
7911,7,406.1099999999998,7,400.4199999999999,swap,notBad
7912,7,405.98999999999984,7,400.4199999999999,move,improve
7913,7,405.98999999999984,7,400.4199999999999,swap,notBad
7914,7,405.98999999999984,7,400.4199999999999,swap,notBad
7915,7,405.98999999999984,7,400.4199999999999,move,notBad
7916,7,405.98999999999984,7,400.4199999999999,swap,notBad
7917,7,405.98999999999984,7,400.4199999999999,swap,notBad
7918,7,405.98999999999984,7,400.4199999999999,swap,notBad
7919,7,405.98999999999984,7,400.4199999999999,swap,notBad
7920,7,405.98999999999984,7,400.4199999999999,move,improve
7921,7,405.98999999999984,7,400.4199999999999,swap,notBad
7922,7,405.98999999999984,7,400.4199999999999,2opt,improve
7923,7,405.98999999999984,7,400.4199999999999,2opt,improve
7924,7,405.98999999999984,7,400.4199999999999,move,improve
7925,7,405.98999999999984,7,400.4199999999999,move,improve
7926,7,405.98999999999984,7,400.4199999999999,2opt,notBad
7927,7,405.98999999999984,7,400.4199999999999,move,improve
7928,7,405.98999999999984,7,400.4199999999999,move,improve
7929,7,405.98999999999984,7,400.4199999999999,swap,notBad
7930,7,405.98999999999984,7,400.4199999999999,swap,notBad
7931,7,406.73999999999984,7,400.4199999999999,swap,acceptBad
7932,7,406.73999999999984,7,400.4199999999999,2opt,notBad
7933,7,406.73999999999984,7,400.4199999999999,2opt,notBad
7934,7,406.73999999999984,7,400.4199999999999,swap,notBad
7935,7,406.73999999999984,7,400.4199999999999,move,improve
7936,7,406.73999999999984,7,400.4199999999999,move,improve
7937,7,406.73999999999984,7,400.4199999999999,2opt,notBad
7938,7,406.73999999999984,7,400.4199999999999,move,improve
7939,7,406.73999999999984,7,400.4199999999999,swap,notBad
7940,7,406.73999999999984,7,400.4199999999999,2opt,notBad
7941,7,406.73999999999984,7,400.4199999999999,move,improve
7942,7,406.73999999999984,7,400.4199999999999,swap,notBad
7943,7,406.73999999999984,7,400.4199999999999,2opt,notBad
7944,7,406.73999999999984,7,400.4199999999999,swap,notBad
7945,7,406.73999999999984,7,400.4199999999999,2opt,notBad
7946,7,406.73999999999984,7,400.4199999999999,swap,notBad
7947,7,406.73999999999984,7,400.4199999999999,move,improve
7948,7,406.73999999999984,7,400.4199999999999,swap,notBad
7949,7,406.73999999999984,7,400.4199999999999,2opt,notBad
7950,7,406.73999999999984,7,400.4199999999999,swap,notBad
7951,7,406.73999999999984,7,400.4199999999999,move,improve
7952,7,406.73999999999984,7,400.4199999999999,2opt,notBad
7953,7,406.73999999999984,7,400.4199999999999,move,improve
7954,7,406.73999999999984,7,400.4199999999999,2opt,notBad
7955,7,406.73999999999984,7,400.4199999999999,swap,notBad
7956,7,406.73999999999984,7,400.4199999999999,2opt,notBad
7957,7,406.73999999999984,7,400.4199999999999,2opt,notBad
7958,7,406.73999999999984,7,400.4199999999999,2opt,improve
7959,7,406.73999999999984,7,400.4199999999999,swap,notBad
7960,7,406.73999999999984,7,400.4199999999999,move,improve
7961,7,406.73999999999984,7,400.4199999999999,move,improve
7962,7,406.73999999999984,7,400.4199999999999,2opt,notBad
7963,7,406.73999999999984,7,400.4199999999999,move,improve
7964,7,406.73999999999984,7,400.4199999999999,swap,notBad
7965,7,406.73999999999984,7,400.4199999999999,move,improve
7966,7,406.73999999999984,7,400.4199999999999,move,improve
7967,7,406.73999999999984,7,400.4199999999999,2opt,notBad
7968,7,406.73999999999984,7,400.4199999999999,swap,notBad
7969,7,406.73999999999984,7,400.4199999999999,swap,notBad
7970,7,406.73999999999984,7,400.4199999999999,swap,notBad
7971,7,406.73999999999984,7,400.4199999999999,move,improve
7972,7,406.73999999999984,7,400.4199999999999,2opt,improve
7973,7,406.73999999999984,7,400.4199999999999,move,improve
7974,7,406.73999999999984,7,400.4199999999999,2opt,notBad
7975,7,406.73999999999984,7,400.4199999999999,move,improve
7976,7,406.73999999999984,7,400.4199999999999,2opt,notBad
7977,7,406.73999999999984,7,400.4199999999999,swap,notBad
7978,7,406.73999999999984,7,400.4199999999999,2opt,notBad
7979,7,406.73999999999984,7,400.4199999999999,2opt,improve
7980,7,406.73999999999984,7,400.4199999999999,swap,notBad
7981,7,406.73999999999984,7,400.4199999999999,2opt,notBad
7982,7,406.73999999999984,7,400.4199999999999,2opt,notBad
7983,7,406.73999999999984,7,400.4199999999999,move,improve
7984,7,406.73999999999984,7,400.4199999999999,move,improve
7985,7,406.73999999999984,7,400.4199999999999,swap,notBad
7986,7,406.73999999999984,7,400.4199999999999,move,improve
7987,7,406.73999999999984,7,400.4199999999999,move,improve
7988,7,406.73999999999984,7,400.4199999999999,swap,notBad
7989,7,406.73999999999984,7,400.4199999999999,2opt,notBad
7990,7,406.73999999999984,7,400.4199999999999,move,improve
7991,7,406.73999999999984,7,400.4199999999999,move,notBad
7992,7,406.73999999999984,7,400.4199999999999,2opt,notBad
7993,7,406.73999999999984,7,400.4199999999999,swap,notBad
7994,7,406.73999999999984,7,400.4199999999999,move,improve
7995,7,406.73999999999984,7,400.4199999999999,2opt,notBad
7996,7,406.73999999999984,7,400.4199999999999,move,improve
7997,7,406.73999999999984,7,400.4199999999999,move,improve
7998,7,406.73999999999984,7,400.4199999999999,move,improve
7999,7,406.73999999999984,7,400.4199999999999,swap,notBad
8000,7,406.73999999999984,7,400.4199999999999,2opt,notBad
8001,7,406.73999999999984,7,400.4199999999999,move,improve
8002,7,406.73999999999984,7,400.4199999999999,2opt,notBad
8003,7,406.73999999999984,7,400.4199999999999,move,improve
8004,7,406.73999999999984,7,400.4199999999999,swap,notBad
8005,7,406.73999999999984,7,400.4199999999999,2opt,notBad
8006,7,406.73999999999984,7,400.4199999999999,swap,notBad
8007,7,406.73999999999984,7,400.4199999999999,2opt,notBad
8008,7,406.73999999999984,7,400.4199999999999,move,improve
8009,7,406.73999999999984,7,400.4199999999999,swap,notBad
8010,7,406.73999999999984,7,400.4199999999999,2opt,notBad
8011,7,406.73999999999984,7,400.4199999999999,2opt,notBad
8012,7,406.58999999999986,7,400.4199999999999,swap,improve
8013,7,406.58999999999986,7,400.4199999999999,swap,notBad
8014,7,406.58999999999986,7,400.4199999999999,2opt,notBad
8015,7,406.58999999999986,7,400.4199999999999,swap,notBad
8016,7,406.58999999999986,7,400.4199999999999,swap,notBad
8017,7,406.58999999999986,7,400.4199999999999,move,improve
8018,7,406.58999999999986,7,400.4199999999999,swap,notBad
8019,7,406.58999999999986,7,400.4199999999999,2opt,notBad
8020,7,406.58999999999986,7,400.4199999999999,move,improve
8021,7,406.58999999999986,7,400.4199999999999,move,improve
8022,7,406.58999999999986,7,400.4199999999999,swap,notBad
8023,7,406.58999999999986,7,400.4199999999999,swap,notBad
8024,7,406.58999999999986,7,400.4199999999999,swap,notBad
8025,7,406.58999999999986,7,400.4199999999999,move,improve
8026,7,406.58999999999986,7,400.4199999999999,swap,notBad
8027,7,406.58999999999986,7,400.4199999999999,move,improve
8028,7,406.58999999999986,7,400.4199999999999,move,improve
8029,7,406.58999999999986,7,400.4199999999999,move,improve
8030,7,406.58999999999986,7,400.4199999999999,move,improve
8031,7,406.58999999999986,7,400.4199999999999,swap,notBad
8032,7,406.58999999999986,7,400.4199999999999,swap,notBad
8033,7,406.58999999999986,7,400.4199999999999,swap,notBad
8034,7,406.58999999999986,7,400.4199999999999,2opt,notBad
8035,7,406.58999999999986,7,400.4199999999999,2opt,notBad
8036,7,406.58999999999986,7,400.4199999999999,move,improve
8037,7,406.58999999999986,7,400.4199999999999,2opt,notBad
8038,7,406.58999999999986,7,400.4199999999999,move,improve
8039,7,406.58999999999986,7,400.4199999999999,2opt,notBad
8040,7,406.58999999999986,7,400.4199999999999,swap,notBad
8041,7,406.58999999999986,7,400.4199999999999,move,improve
8042,7,406.58999999999986,7,400.4199999999999,2opt,notBad
8043,7,406.58999999999986,7,400.4199999999999,swap,notBad
8044,7,406.58999999999986,7,400.4199999999999,2opt,notBad
8045,7,406.58999999999986,7,400.4199999999999,swap,notBad
8046,7,406.58999999999986,7,400.4199999999999,2opt,notBad
8047,7,406.58999999999986,7,400.4199999999999,2opt,notBad
8048,7,405.17999999999984,7,400.4199999999999,move,improve
8049,7,405.17999999999984,7,400.4199999999999,2opt,improve
8050,7,405.17999999999984,7,400.4199999999999,swap,notBad
8051,7,405.17999999999984,7,400.4199999999999,2opt,improve
8052,7,405.17999999999984,7,400.4199999999999,2opt,notBad
8053,7,405.17999999999984,7,400.4199999999999,2opt,improve
8054,7,405.17999999999984,7,400.4199999999999,2opt,notBad
8055,7,405.17999999999984,7,400.4199999999999,swap,notBad
8056,7,405.17999999999984,7,400.4199999999999,move,improve
8057,7,405.17999999999984,7,400.4199999999999,2opt,improve
8058,7,405.17999999999984,7,400.4199999999999,2opt,notBad
8059,7,405.17999999999984,7,400.4199999999999,2opt,notBad
8060,7,405.17999999999984,7,400.4199999999999,2opt,notBad
8061,7,405.17999999999984,7,400.4199999999999,move,improve
8062,7,405.17999999999984,7,400.4199999999999,move,improve
8063,7,405.17999999999984,7,400.4199999999999,2opt,notBad
8064,7,405.17999999999984,7,400.4199999999999,move,improve
8065,7,405.17999999999984,7,400.4199999999999,swap,notBad
8066,7,405.17999999999984,7,400.4199999999999,swap,notBad
8067,7,405.17999999999984,7,400.4199999999999,swap,notBad
8068,7,405.17999999999984,7,400.4199999999999,swap,notBad
8069,7,405.17999999999984,7,400.4199999999999,swap,notBad
8070,7,405.17999999999984,7,400.4199999999999,move,improve
8071,7,405.17999999999984,7,400.4199999999999,swap,notBad
8072,7,403.34999999999985,7,400.4199999999999,move,improve
8073,7,403.34999999999985,7,400.4199999999999,2opt,notBad
8074,7,403.34999999999985,7,400.4199999999999,move,improve
8075,7,403.34999999999985,7,400.4199999999999,2opt,notBad
8076,7,403.34999999999985,7,400.4199999999999,move,improve
8077,7,403.34999999999985,7,400.4199999999999,move,improve
8078,7,403.34999999999985,7,400.4199999999999,swap,notBad
8079,7,403.34999999999985,7,400.4199999999999,swap,notBad
8080,7,403.34999999999985,7,400.4199999999999,move,improve
8081,7,403.34999999999985,7,400.4199999999999,swap,notBad
8082,7,403.34999999999985,7,400.4199999999999,2opt,notBad
8083,7,403.34999999999985,7,400.4199999999999,2opt,notBad
8084,7,403.34999999999985,7,400.4199999999999,2opt,notBad
8085,7,403.34999999999985,7,400.4199999999999,swap,notBad
8086,7,403.34999999999985,7,400.4199999999999,2opt,notBad
8087,7,403.34999999999985,7,400.4199999999999,2opt,notBad
8088,7,403.34999999999985,7,400.4199999999999,2opt,notBad
8089,7,403.34999999999985,7,400.4199999999999,2opt,notBad
8090,7,403.34999999999985,7,400.4199999999999,swap,notBad
8091,7,403.34999999999985,7,400.4199999999999,2opt,notBad
8092,7,403.34999999999985,7,400.4199999999999,2opt,notBad
8093,7,403.34999999999985,7,400.4199999999999,swap,notBad
8094,7,403.34999999999985,7,400.4199999999999,swap,notBad
8095,7,403.34999999999985,7,400.4199999999999,2opt,improve
8096,7,403.34999999999985,7,400.4199999999999,swap,notBad
8097,7,403.34999999999985,7,400.4199999999999,move,improve
8098,7,403.34999999999985,7,400.4199999999999,2opt,notBad
8099,7,403.34999999999985,7,400.4199999999999,move,improve
8100,7,403.34999999999985,7,400.4199999999999,swap,notBad
8101,7,403.34999999999985,7,400.4199999999999,swap,notBad
8102,7,403.34999999999985,7,400.4199999999999,move,improve
8103,7,403.34999999999985,7,400.4199999999999,2opt,improve
8104,7,403.34999999999985,7,400.4199999999999,swap,notBad
8105,7,403.34999999999985,7,400.4199999999999,2opt,notBad
8106,7,403.34999999999985,7,400.4199999999999,2opt,notBad
8107,7,403.34999999999985,7,400.4199999999999,swap,notBad
8108,7,403.34999999999985,7,400.4199999999999,swap,notBad
8109,7,403.34999999999985,7,400.4199999999999,swap,notBad
8110,7,403.34999999999985,7,400.4199999999999,swap,notBad
8111,7,403.34999999999985,7,400.4199999999999,move,notBad
8112,7,403.34999999999985,7,400.4199999999999,swap,notBad
8113,7,403.34999999999985,7,400.4199999999999,move,improve
8114,7,403.34999999999985,7,400.4199999999999,2opt,notBad
8115,7,403.34999999999985,7,400.4199999999999,move,improve
8116,7,403.34999999999985,7,400.4199999999999,swap,notBad
8117,7,403.34999999999985,7,400.4199999999999,move,improve
8118,7,403.34999999999985,7,400.4199999999999,2opt,notBad
8119,7,403.34999999999985,7,400.4199999999999,2opt,notBad
8120,7,403.34999999999985,7,400.4199999999999,swap,notBad
8121,7,403.34999999999985,7,400.4199999999999,swap,notBad
8122,7,403.34999999999985,7,400.4199999999999,2opt,notBad
8123,7,403.34999999999985,7,400.4199999999999,swap,notBad
8124,7,403.34999999999985,7,400.4199999999999,2opt,notBad
8125,7,403.34999999999985,7,400.4199999999999,2opt,notBad
8126,7,403.34999999999985,7,400.4199999999999,swap,notBad
8127,7,403.34999999999985,7,400.4199999999999,2opt,notBad
8128,7,403.34999999999985,7,400.4199999999999,move,improve
8129,7,403.34999999999985,7,400.4199999999999,2opt,notBad
8130,7,403.34999999999985,7,400.4199999999999,2opt,notBad
8131,7,403.34999999999985,7,400.4199999999999,move,improve
8132,7,403.34999999999985,7,400.4199999999999,2opt,improve
8133,7,403.34999999999985,7,400.4199999999999,swap,notBad
8134,7,403.34999999999985,7,400.4199999999999,2opt,notBad
8135,7,403.34999999999985,7,400.4199999999999,2opt,notBad
8136,7,403.34999999999985,7,400.4199999999999,move,improve
8137,7,403.34999999999985,7,400.4199999999999,move,improve
8138,7,403.34999999999985,7,400.4199999999999,swap,notBad
8139,7,403.34999999999985,7,400.4199999999999,2opt,notBad
8140,7,403.34999999999985,7,400.4199999999999,move,improve
8141,7,403.34999999999985,7,400.4199999999999,move,improve
8142,7,403.34999999999985,7,400.4199999999999,swap,notBad
8143,7,403.34999999999985,7,400.4199999999999,2opt,notBad
8144,7,403.34999999999985,7,400.4199999999999,swap,notBad
8145,7,403.34999999999985,7,400.4199999999999,swap,notBad
8146,7,403.34999999999985,7,400.4199999999999,swap,notBad
8147,7,403.34999999999985,7,400.4199999999999,move,improve
8148,7,403.34999999999985,7,400.4199999999999,move,improve
8149,7,403.34999999999985,7,400.4199999999999,2opt,notBad
8150,7,403.34999999999985,7,400.4199999999999,2opt,notBad
8151,7,403.34999999999985,7,400.4199999999999,2opt,notBad
8152,7,403.34999999999985,7,400.4199999999999,move,improve
8153,7,403.34999999999985,7,400.4199999999999,2opt,notBad
8154,7,403.34999999999985,7,400.4199999999999,2opt,notBad
8155,7,403.34999999999985,7,400.4199999999999,2opt,notBad
8156,7,403.34999999999985,7,400.4199999999999,2opt,notBad
8157,7,403.34999999999985,7,400.4199999999999,swap,notBad
8158,7,403.34999999999985,7,400.4199999999999,2opt,improve
8159,7,403.34999999999985,7,400.4199999999999,move,improve
8160,7,403.34999999999985,7,400.4199999999999,2opt,notBad
8161,7,403.34999999999985,7,400.4199999999999,2opt,notBad
8162,7,403.34999999999985,7,400.4199999999999,2opt,notBad
8163,7,403.34999999999985,7,400.4199999999999,move,improve
8164,7,403.34999999999985,7,400.4199999999999,move,improve
8165,7,403.34999999999985,7,400.4199999999999,2opt,notBad
8166,7,403.34999999999985,7,400.4199999999999,2opt,notBad
8167,7,403.34999999999985,7,400.4199999999999,swap,notBad
8168,7,403.34999999999985,7,400.4199999999999,move,improve
8169,7,403.34999999999985,7,400.4199999999999,move,improve
8170,7,403.34999999999985,7,400.4199999999999,move,improve
8171,7,403.34999999999985,7,400.4199999999999,swap,notBad
8172,7,403.34999999999985,7,400.4199999999999,2opt,notBad
8173,7,403.34999999999985,7,400.4199999999999,2opt,notBad
8174,7,403.34999999999985,7,400.4199999999999,swap,notBad
8175,7,403.34999999999985,7,400.4199999999999,2opt,notBad
8176,7,403.34999999999985,7,400.4199999999999,2opt,notBad
8177,7,403.34999999999985,7,400.4199999999999,2opt,notBad
8178,7,403.34999999999985,7,400.4199999999999,swap,notBad
8179,7,401.6099999999998,7,400.4199999999999,swap,improve
8180,7,401.6099999999998,7,400.4199999999999,2opt,notBad
8181,7,401.6099999999998,7,400.4199999999999,2opt,notBad
8182,7,401.6099999999998,7,400.4199999999999,swap,notBad
8183,7,401.6099999999998,7,400.4199999999999,swap,notBad
8184,7,401.6099999999998,7,400.4199999999999,2opt,notBad
8185,7,401.6099999999998,7,400.4199999999999,move,improve
8186,7,401.6099999999998,7,400.4199999999999,2opt,improve
8187,7,401.6099999999998,7,400.4199999999999,move,improve
8188,7,401.6099999999998,7,400.4199999999999,swap,notBad
8189,7,401.6099999999998,7,400.4199999999999,2opt,notBad
8190,7,401.6099999999998,7,400.4199999999999,move,improve
8191,7,401.6099999999998,7,400.4199999999999,2opt,notBad
8192,7,401.6099999999998,7,400.4199999999999,move,improve
8193,7,401.6099999999998,7,400.4199999999999,swap,notBad
8194,7,401.6099999999998,7,400.4199999999999,swap,notBad
8195,7,401.6099999999998,7,400.4199999999999,swap,notBad
8196,7,401.6099999999998,7,400.4199999999999,2opt,notBad
8197,7,401.6099999999998,7,400.4199999999999,move,improve
8198,7,401.6099999999998,7,400.4199999999999,swap,notBad
8199,7,401.6099999999998,7,400.4199999999999,2opt,notBad
8200,7,401.6099999999998,7,400.4199999999999,2opt,notBad
8201,7,401.6099999999998,7,400.4199999999999,move,improve
8202,7,401.6099999999998,7,400.4199999999999,swap,notBad
8203,7,401.6099999999998,7,400.4199999999999,move,improve
8204,7,401.6099999999998,7,400.4199999999999,swap,notBad
8205,7,401.6099999999998,7,400.4199999999999,swap,notBad
8206,7,401.6099999999998,7,400.4199999999999,2opt,notBad
8207,7,401.6099999999998,7,400.4199999999999,2opt,notBad
8208,7,401.6099999999998,7,400.4199999999999,2opt,notBad
8209,7,401.6099999999998,7,400.4199999999999,move,improve
8210,7,401.6099999999998,7,400.4199999999999,2opt,notBad
8211,7,401.6099999999998,7,400.4199999999999,2opt,notBad
8212,7,401.6099999999998,7,400.4199999999999,move,improve
8213,7,401.6099999999998,7,400.4199999999999,2opt,notBad
8214,7,401.6099999999998,7,400.4199999999999,swap,notBad
8215,7,401.6099999999998,7,400.4199999999999,move,improve
8216,7,401.6099999999998,7,400.4199999999999,swap,notBad
8217,7,402.53999999999985,7,400.4199999999999,swap,acceptBad
8218,7,402.53999999999985,7,400.4199999999999,move,improve
8219,7,402.53999999999985,7,400.4199999999999,move,improve
8220,7,402.53999999999985,7,400.4199999999999,2opt,notBad
8221,7,402.53999999999985,7,400.4199999999999,move,improve
8222,7,402.53999999999985,7,400.4199999999999,2opt,notBad
8223,7,402.53999999999985,7,400.4199999999999,swap,notBad
8224,7,402.53999999999985,7,400.4199999999999,2opt,notBad
8225,7,402.53999999999985,7,400.4199999999999,move,improve
8226,7,402.53999999999985,7,400.4199999999999,move,improve
8227,7,402.53999999999985,7,400.4199999999999,swap,notBad
8228,7,402.53999999999985,7,400.4199999999999,move,improve
8229,7,402.53999999999985,7,400.4199999999999,2opt,notBad
8230,7,402.53999999999985,7,400.4199999999999,swap,notBad
8231,7,402.53999999999985,7,400.4199999999999,2opt,notBad
8232,7,402.53999999999985,7,400.4199999999999,2opt,notBad
8233,7,402.53999999999985,7,400.4199999999999,move,improve
8234,7,402.53999999999985,7,400.4199999999999,2opt,notBad
8235,7,402.53999999999985,7,400.4199999999999,move,notBad
8236,7,402.53999999999985,7,400.4199999999999,2opt,improve
8237,7,402.53999999999985,7,400.4199999999999,swap,notBad
8238,7,402.53999999999985,7,400.4199999999999,swap,notBad
8239,7,402.53999999999985,7,400.4199999999999,2opt,notBad
8240,7,402.53999999999985,7,400.4199999999999,move,improve
8241,7,402.53999999999985,7,400.4199999999999,2opt,notBad
8242,7,402.53999999999985,7,400.4199999999999,2opt,notBad
8243,7,402.53999999999985,7,400.4199999999999,move,improve
8244,7,402.53999999999985,7,400.4199999999999,move,improve
8245,7,402.53999999999985,7,400.4199999999999,2opt,notBad
8246,7,402.53999999999985,7,400.4199999999999,move,improve
8247,7,402.53999999999985,7,400.4199999999999,move,improve
8248,7,402.53999999999985,7,400.4199999999999,move,improve
8249,7,402.53999999999985,7,400.4199999999999,2opt,notBad
8250,7,402.53999999999985,7,400.4199999999999,swap,notBad
8251,7,402.53999999999985,7,400.4199999999999,move,improve
8252,7,402.53999999999985,7,400.4199999999999,2opt,notBad
8253,7,402.53999999999985,7,400.4199999999999,move,improve
8254,7,402.53999999999985,7,400.4199999999999,2opt,notBad
8255,7,402.53999999999985,7,400.4199999999999,swap,notBad
8256,7,402.53999999999985,7,400.4199999999999,2opt,notBad
8257,7,402.53999999999985,7,400.4199999999999,swap,notBad
8258,7,402.53999999999985,7,400.4199999999999,move,improve
8259,7,402.53999999999985,7,400.4199999999999,2opt,notBad
8260,7,402.53999999999985,7,400.4199999999999,2opt,notBad
8261,7,402.53999999999985,7,400.4199999999999,2opt,improve
8262,7,402.53999999999985,7,400.4199999999999,2opt,notBad
8263,7,402.53999999999985,7,400.4199999999999,move,improve
8264,7,402.53999999999985,7,400.4199999999999,swap,notBad
8265,7,402.53999999999985,7,400.4199999999999,move,improve
8266,7,402.53999999999985,7,400.4199999999999,swap,notBad
8267,7,402.53999999999985,7,400.4199999999999,swap,notBad
8268,7,402.53999999999985,7,400.4199999999999,move,improve
8269,7,402.53999999999985,7,400.4199999999999,move,notBad
8270,7,402.53999999999985,7,400.4199999999999,swap,notBad
8271,7,402.53999999999985,7,400.4199999999999,swap,notBad
8272,7,402.53999999999985,7,400.4199999999999,2opt,notBad
8273,7,402.53999999999985,7,400.4199999999999,2opt,notBad
8274,7,402.53999999999985,7,400.4199999999999,swap,notBad
8275,7,402.53999999999985,7,400.4199999999999,move,improve
8276,7,402.53999999999985,7,400.4199999999999,move,improve
8277,7,402.53999999999985,7,400.4199999999999,move,improve
8278,7,402.53999999999985,7,400.4199999999999,2opt,notBad
8279,7,402.53999999999985,7,400.4199999999999,2opt,notBad
8280,7,402.53999999999985,7,400.4199999999999,swap,notBad
8281,7,402.53999999999985,7,400.4199999999999,swap,notBad
8282,7,402.53999999999985,7,400.4199999999999,move,improve
8283,7,402.53999999999985,7,400.4199999999999,move,improve
8284,7,402.53999999999985,7,400.4199999999999,swap,notBad
8285,7,402.53999999999985,7,400.4199999999999,2opt,improve
8286,7,402.53999999999985,7,400.4199999999999,move,improve
8287,7,402.53999999999985,7,400.4199999999999,2opt,notBad
8288,7,402.53999999999985,7,400.4199999999999,move,improve
8289,7,402.53999999999985,7,400.4199999999999,move,improve
8290,7,402.53999999999985,7,400.4199999999999,swap,notBad
8291,7,402.53999999999985,7,400.4199999999999,swap,notBad
8292,7,402.53999999999985,7,400.4199999999999,move,improve
8293,7,402.53999999999985,7,400.4199999999999,move,improve
8294,7,402.53999999999985,7,400.4199999999999,move,improve
8295,7,402.53999999999985,7,400.4199999999999,swap,notBad
8296,7,402.53999999999985,7,400.4199999999999,swap,notBad
8297,7,402.53999999999985,7,400.4199999999999,swap,notBad
8298,7,402.53999999999985,7,400.4199999999999,move,improve
8299,7,402.53999999999985,7,400.4199999999999,swap,notBad
8300,7,402.53999999999985,7,400.4199999999999,move,improve
8301,7,402.53999999999985,7,400.4199999999999,move,improve
8302,7,402.53999999999985,7,400.4199999999999,2opt,notBad
8303,7,402.53999999999985,7,400.4199999999999,move,improve
8304,7,402.53999999999985,7,400.4199999999999,2opt,notBad
8305,7,402.53999999999985,7,400.4199999999999,2opt,notBad
8306,7,402.53999999999985,7,400.4199999999999,2opt,notBad
8307,7,402.53999999999985,7,400.4199999999999,2opt,notBad
8308,7,402.53999999999985,7,400.4199999999999,move,improve
8309,7,402.53999999999985,7,400.4199999999999,2opt,notBad
8310,7,402.53999999999985,7,400.4199999999999,move,improve
8311,7,402.53999999999985,7,400.4199999999999,swap,notBad
8312,7,402.53999999999985,7,400.4199999999999,move,improve
8313,7,402.53999999999985,7,400.4199999999999,swap,notBad
8314,7,401.6099999999998,7,400.4199999999999,move,improve
8315,7,401.6099999999998,7,400.4199999999999,swap,notBad
8316,7,401.6099999999998,7,400.4199999999999,move,improve
8317,7,401.6099999999998,7,400.4199999999999,swap,notBad
8318,7,401.6099999999998,7,400.4199999999999,swap,notBad
8319,7,401.6099999999998,7,400.4199999999999,move,improve
8320,7,401.6099999999998,7,400.4199999999999,swap,notBad
8321,7,401.6099999999998,7,400.4199999999999,2opt,notBad
8322,7,402.89999999999986,7,400.4199999999999,swap,acceptBad
8323,7,402.89999999999986,7,400.4199999999999,swap,notBad
8324,7,402.89999999999986,7,400.4199999999999,move,improve
8325,7,402.89999999999986,7,400.4199999999999,2opt,notBad
8326,7,402.89999999999986,7,400.4199999999999,2opt,notBad
8327,7,402.89999999999986,7,400.4199999999999,swap,notBad
8328,7,402.89999999999986,7,400.4199999999999,move,improve
8329,7,402.89999999999986,7,400.4199999999999,2opt,notBad
8330,7,402.89999999999986,7,400.4199999999999,2opt,notBad
8331,7,402.89999999999986,7,400.4199999999999,move,improve
8332,7,402.89999999999986,7,400.4199999999999,move,improve
8333,7,402.89999999999986,7,400.4199999999999,move,improve
8334,7,402.89999999999986,7,400.4199999999999,move,improve
8335,7,402.89999999999986,7,400.4199999999999,swap,notBad
8336,7,402.89999999999986,7,400.4199999999999,swap,notBad
8337,7,402.89999999999986,7,400.4199999999999,2opt,notBad
8338,7,402.89999999999986,7,400.4199999999999,move,improve
8339,7,402.89999999999986,7,400.4199999999999,move,improve
8340,7,402.89999999999986,7,400.4199999999999,move,improve
8341,7,402.89999999999986,7,400.4199999999999,2opt,notBad
8342,7,402.89999999999986,7,400.4199999999999,swap,notBad
8343,7,402.89999999999986,7,400.4199999999999,2opt,notBad
8344,7,402.89999999999986,7,400.4199999999999,move,improve
8345,7,402.89999999999986,7,400.4199999999999,move,improve
8346,7,402.89999999999986,7,400.4199999999999,swap,notBad
8347,7,402.89999999999986,7,400.4199999999999,2opt,improve
8348,7,402.89999999999986,7,400.4199999999999,swap,notBad
8349,7,402.89999999999986,7,400.4199999999999,2opt,notBad
8350,7,402.89999999999986,7,400.4199999999999,2opt,notBad
8351,7,402.89999999999986,7,400.4199999999999,move,improve
8352,7,402.89999999999986,7,400.4199999999999,move,improve
8353,7,402.89999999999986,7,400.4199999999999,swap,notBad
8354,7,402.89999999999986,7,400.4199999999999,swap,notBad
8355,7,402.89999999999986,7,400.4199999999999,swap,notBad
8356,7,402.89999999999986,7,400.4199999999999,move,improve
8357,7,402.89999999999986,7,400.4199999999999,move,improve
8358,7,402.89999999999986,7,400.4199999999999,swap,notBad
8359,7,402.89999999999986,7,400.4199999999999,2opt,notBad
8360,7,402.89999999999986,7,400.4199999999999,2opt,notBad
8361,7,402.89999999999986,7,400.4199999999999,move,improve
8362,7,402.89999999999986,7,400.4199999999999,swap,notBad
8363,7,402.89999999999986,7,400.4199999999999,swap,notBad
8364,7,402.89999999999986,7,400.4199999999999,2opt,notBad
8365,7,402.89999999999986,7,400.4199999999999,2opt,notBad
8366,7,402.89999999999986,7,400.4199999999999,2opt,notBad
8367,7,402.89999999999986,7,400.4199999999999,move,improve
8368,7,402.89999999999986,7,400.4199999999999,move,improve
8369,7,402.89999999999986,7,400.4199999999999,move,improve
8370,7,402.89999999999986,7,400.4199999999999,swap,notBad
8371,7,402.89999999999986,7,400.4199999999999,move,improve
8372,7,402.89999999999986,7,400.4199999999999,move,improve
8373,7,402.89999999999986,7,400.4199999999999,2opt,notBad
8374,7,402.89999999999986,7,400.4199999999999,move,improve
8375,7,402.89999999999986,7,400.4199999999999,move,improve
8376,7,402.89999999999986,7,400.4199999999999,swap,notBad
8377,7,402.89999999999986,7,400.4199999999999,move,improve
8378,7,402.89999999999986,7,400.4199999999999,move,improve
8379,7,402.89999999999986,7,400.4199999999999,swap,notBad
8380,7,402.89999999999986,7,400.4199999999999,2opt,notBad
8381,7,402.89999999999986,7,400.4199999999999,move,improve
8382,7,402.89999999999986,7,400.4199999999999,swap,notBad
8383,7,402.89999999999986,7,400.4199999999999,swap,notBad
8384,7,402.89999999999986,7,400.4199999999999,2opt,notBad
8385,7,402.89999999999986,7,400.4199999999999,swap,notBad
8386,7,402.89999999999986,7,400.4199999999999,2opt,notBad
8387,7,402.89999999999986,7,400.4199999999999,2opt,notBad
8388,7,402.89999999999986,7,400.4199999999999,move,improve
8389,7,402.89999999999986,7,400.4199999999999,2opt,notBad
8390,7,402.89999999999986,7,400.4199999999999,move,improve
8391,7,402.89999999999986,7,400.4199999999999,move,improve
8392,7,402.89999999999986,7,400.4199999999999,swap,notBad
8393,7,402.89999999999986,7,400.4199999999999,swap,notBad
8394,7,402.89999999999986,7,400.4199999999999,2opt,notBad
8395,7,402.89999999999986,7,400.4199999999999,move,improve
8396,7,402.89999999999986,7,400.4199999999999,2opt,notBad
8397,7,402.89999999999986,7,400.4199999999999,2opt,notBad
8398,7,402.89999999999986,7,400.4199999999999,swap,notBad
8399,7,402.89999999999986,7,400.4199999999999,2opt,notBad
8400,7,402.89999999999986,7,400.4199999999999,swap,notBad
8401,7,402.89999999999986,7,400.4199999999999,2opt,notBad
8402,7,402.89999999999986,7,400.4199999999999,swap,notBad
8403,7,402.89999999999986,7,400.4199999999999,move,improve
8404,7,402.89999999999986,7,400.4199999999999,move,improve
8405,7,402.89999999999986,7,400.4199999999999,move,improve
8406,7,402.89999999999986,7,400.4199999999999,move,improve
8407,7,402.89999999999986,7,400.4199999999999,2opt,notBad
8408,7,402.89999999999986,7,400.4199999999999,swap,notBad
8409,7,402.89999999999986,7,400.4199999999999,swap,notBad
8410,7,402.89999999999986,7,400.4199999999999,2opt,notBad
8411,7,402.89999999999986,7,400.4199999999999,swap,notBad
8412,7,402.89999999999986,7,400.4199999999999,move,improve
8413,7,402.89999999999986,7,400.4199999999999,swap,notBad
8414,7,402.89999999999986,7,400.4199999999999,2opt,notBad
8415,7,402.89999999999986,7,400.4199999999999,move,improve
8416,7,401.6099999999998,7,400.4199999999999,move,improve
8417,7,401.6099999999998,7,400.4199999999999,swap,notBad
8418,7,401.6099999999998,7,400.4199999999999,swap,notBad
8419,7,401.6099999999998,7,400.4199999999999,move,improve
8420,7,401.6099999999998,7,400.4199999999999,move,improve
8421,7,401.6099999999998,7,400.4199999999999,2opt,notBad
8422,7,401.6099999999998,7,400.4199999999999,swap,notBad
8423,7,401.6099999999998,7,400.4199999999999,swap,notBad
8424,7,401.6099999999998,7,400.4199999999999,move,improve
8425,7,401.6099999999998,7,400.4199999999999,2opt,notBad
8426,7,401.6099999999998,7,400.4199999999999,move,improve
8427,7,401.6099999999998,7,400.4199999999999,move,improve
8428,7,401.6099999999998,7,400.4199999999999,swap,notBad
8429,7,401.6099999999998,7,400.4199999999999,2opt,notBad
8430,7,401.6099999999998,7,400.4199999999999,swap,notBad
8431,7,401.6099999999998,7,400.4199999999999,2opt,notBad
8432,7,401.6099999999998,7,400.4199999999999,swap,notBad
8433,7,401.6099999999998,7,400.4199999999999,2opt,notBad
8434,7,401.6099999999998,7,400.4199999999999,swap,notBad
8435,7,401.6099999999998,7,400.4199999999999,swap,notBad
8436,7,401.6099999999998,7,400.4199999999999,2opt,notBad
8437,7,401.6099999999998,7,400.4199999999999,swap,notBad
8438,7,401.6099999999998,7,400.4199999999999,2opt,notBad
8439,7,401.6099999999998,7,400.4199999999999,2opt,notBad
8440,7,401.6099999999998,7,400.4199999999999,move,improve
8441,7,401.6099999999998,7,400.4199999999999,swap,notBad
8442,7,401.6099999999998,7,400.4199999999999,move,improve
8443,7,401.6099999999998,7,400.4199999999999,swap,notBad
8444,7,401.6099999999998,7,400.4199999999999,swap,notBad
8445,7,401.6099999999998,7,400.4199999999999,2opt,notBad
8446,7,401.6099999999998,7,400.4199999999999,swap,notBad
8447,7,401.6099999999998,7,400.4199999999999,swap,notBad
8448,7,401.6099999999998,7,400.4199999999999,move,improve
8449,7,401.6099999999998,7,400.4199999999999,move,improve
8450,7,401.6099999999998,7,400.4199999999999,2opt,notBad
8451,7,401.6099999999998,7,400.4199999999999,move,improve
8452,7,401.6099999999998,7,400.4199999999999,swap,notBad
8453,7,401.6099999999998,7,400.4199999999999,2opt,notBad
8454,7,401.6099999999998,7,400.4199999999999,swap,notBad
8455,7,401.6099999999998,7,400.4199999999999,move,improve
8456,7,401.6099999999998,7,400.4199999999999,2opt,notBad
8457,7,401.6099999999998,7,400.4199999999999,move,improve
8458,7,401.6099999999998,7,400.4199999999999,2opt,improve
8459,7,401.6099999999998,7,400.4199999999999,2opt,improve
8460,7,401.6099999999998,7,400.4199999999999,move,improve
8461,7,401.6099999999998,7,400.4199999999999,2opt,notBad
8462,7,401.6099999999998,7,400.4199999999999,move,improve
8463,7,401.6099999999998,7,400.4199999999999,swap,notBad
8464,7,401.6099999999998,7,400.4199999999999,2opt,notBad
8465,7,401.6099999999998,7,400.4199999999999,swap,notBad
8466,7,401.6099999999998,7,400.4199999999999,swap,notBad
8467,7,401.6099999999998,7,400.4199999999999,move,improve
8468,7,401.6099999999998,7,400.4199999999999,2opt,notBad
8469,7,401.6099999999998,7,400.4199999999999,move,improve
8470,7,401.6099999999998,7,400.4199999999999,move,improve
8471,7,401.6099999999998,7,400.4199999999999,swap,notBad
8472,7,401.6099999999998,7,400.4199999999999,swap,notBad
8473,7,401.6099999999998,7,400.4199999999999,move,improve
8474,7,401.6099999999998,7,400.4199999999999,swap,notBad
8475,7,401.6099999999998,7,400.4199999999999,2opt,improve
8476,7,401.6099999999998,7,400.4199999999999,swap,notBad
8477,7,401.6099999999998,7,400.4199999999999,swap,notBad
8478,7,401.6099999999998,7,400.4199999999999,2opt,notBad
8479,7,401.6099999999998,7,400.4199999999999,move,improve
8480,7,401.6099999999998,7,400.4199999999999,move,improve
8481,7,401.6099999999998,7,400.4199999999999,swap,notBad
8482,7,401.6099999999998,7,400.4199999999999,swap,notBad
8483,7,401.6099999999998,7,400.4199999999999,2opt,notBad
8484,7,401.6099999999998,7,400.4199999999999,swap,notBad
8485,7,401.6099999999998,7,400.4199999999999,swap,notBad
8486,7,401.6099999999998,7,400.4199999999999,2opt,notBad
8487,7,401.6099999999998,7,400.4199999999999,move,improve
8488,7,401.6099999999998,7,400.4199999999999,swap,notBad
8489,7,401.6099999999998,7,400.4199999999999,2opt,notBad
8490,7,401.6099999999998,7,400.4199999999999,move,improve
8491,7,401.6099999999998,7,400.4199999999999,move,improve
8492,7,401.6099999999998,7,400.4199999999999,2opt,notBad
8493,7,401.6099999999998,7,400.4199999999999,2opt,notBad
8494,7,401.6099999999998,7,400.4199999999999,2opt,notBad
8495,7,401.6099999999998,7,400.4199999999999,move,improve
8496,7,401.6099999999998,7,400.4199999999999,move,improve
8497,7,401.6099999999998,7,400.4199999999999,2opt,notBad
8498,7,401.6099999999998,7,400.4199999999999,2opt,notBad
8499,7,401.6099999999998,7,400.4199999999999,swap,notBad
8500,7,401.6099999999998,7,400.4199999999999,2opt,notBad
8501,7,401.6099999999998,7,400.4199999999999,move,improve
8502,7,401.6099999999998,7,400.4199999999999,swap,notBad
8503,7,401.6099999999998,7,400.4199999999999,move,improve
8504,7,401.6099999999998,7,400.4199999999999,2opt,notBad
8505,7,401.6099999999998,7,400.4199999999999,swap,notBad
8506,7,401.6099999999998,7,400.4199999999999,swap,notBad
8507,7,401.6099999999998,7,400.4199999999999,swap,notBad
8508,7,401.6099999999998,7,400.4199999999999,move,improve
8509,7,401.6099999999998,7,400.4199999999999,2opt,notBad
8510,7,401.6099999999998,7,400.4199999999999,move,improve
8511,7,401.6099999999998,7,400.4199999999999,move,improve
8512,7,401.6099999999998,7,400.4199999999999,swap,notBad
8513,7,401.6099999999998,7,400.4199999999999,move,improve
8514,7,401.6099999999998,7,400.4199999999999,2opt,notBad
8515,7,401.6099999999998,7,400.4199999999999,2opt,notBad
8516,7,401.6099999999998,7,400.4199999999999,swap,notBad
8517,7,401.6099999999998,7,400.4199999999999,2opt,notBad
8518,7,401.6099999999998,7,400.4199999999999,2opt,notBad
8519,7,401.6099999999998,7,400.4199999999999,move,improve
8520,7,401.6099999999998,7,400.4199999999999,2opt,notBad
8521,7,401.6099999999998,7,400.4199999999999,2opt,improve
8522,7,401.6099999999998,7,400.4199999999999,swap,notBad
8523,7,401.6099999999998,7,400.4199999999999,2opt,notBad
8524,7,401.6099999999998,7,400.4199999999999,swap,notBad
8525,7,401.6099999999998,7,400.4199999999999,swap,notBad
8526,7,401.6099999999998,7,400.4199999999999,move,improve
8527,7,401.6099999999998,7,400.4199999999999,2opt,notBad
8528,7,401.6099999999998,7,400.4199999999999,2opt,notBad
8529,7,401.6099999999998,7,400.4199999999999,swap,notBad
8530,7,401.6099999999998,7,400.4199999999999,swap,notBad
8531,7,401.6099999999998,7,400.4199999999999,move,improve
8532,7,401.6099999999998,7,400.4199999999999,2opt,notBad
8533,7,401.6099999999998,7,400.4199999999999,swap,notBad
8534,7,401.6099999999998,7,400.4199999999999,move,improve
8535,7,401.6099999999998,7,400.4199999999999,move,improve
8536,7,401.6099999999998,7,400.4199999999999,move,improve
8537,7,401.6099999999998,7,400.4199999999999,swap,notBad
8538,7,401.6099999999998,7,400.4199999999999,2opt,improve
8539,7,401.6099999999998,7,400.4199999999999,2opt,notBad
8540,7,401.6099999999998,7,400.4199999999999,2opt,notBad
8541,7,401.6099999999998,7,400.4199999999999,move,improve
8542,7,401.6099999999998,7,400.4199999999999,2opt,improve
8543,7,401.6099999999998,7,400.4199999999999,move,improve
8544,7,401.6099999999998,7,400.4199999999999,swap,notBad
8545,7,401.6099999999998,7,400.4199999999999,2opt,notBad
8546,7,401.6099999999998,7,400.4199999999999,2opt,notBad
8547,7,401.6099999999998,7,400.4199999999999,swap,notBad
8548,7,401.6099999999998,7,400.4199999999999,move,improve
8549,7,401.6099999999998,7,400.4199999999999,swap,notBad
8550,7,401.6099999999998,7,400.4199999999999,2opt,notBad
8551,7,401.6099999999998,7,400.4199999999999,move,improve
8552,7,401.6099999999998,7,400.4199999999999,2opt,notBad
8553,7,401.6099999999998,7,400.4199999999999,move,improve
8554,7,401.6099999999998,7,400.4199999999999,move,improve
8555,7,401.6099999999998,7,400.4199999999999,move,improve
8556,7,401.6099999999998,7,400.4199999999999,2opt,notBad
8557,7,401.6099999999998,7,400.4199999999999,swap,notBad
8558,7,401.6099999999998,7,400.4199999999999,2opt,notBad
8559,7,401.6099999999998,7,400.4199999999999,swap,notBad
8560,7,401.6099999999998,7,400.4199999999999,swap,notBad
8561,7,401.6099999999998,7,400.4199999999999,move,improve
8562,7,401.6099999999998,7,400.4199999999999,move,improve
8563,7,401.6099999999998,7,400.4199999999999,move,improve
8564,7,401.6099999999998,7,400.4199999999999,move,improve
8565,7,401.6099999999998,7,400.4199999999999,move,improve
8566,7,401.6099999999998,7,400.4199999999999,2opt,notBad
8567,7,401.6099999999998,7,400.4199999999999,2opt,notBad
8568,7,401.6099999999998,7,400.4199999999999,move,improve
8569,7,401.6099999999998,7,400.4199999999999,2opt,notBad
8570,7,401.6099999999998,7,400.4199999999999,2opt,notBad
8571,7,401.6099999999998,7,400.4199999999999,2opt,notBad
8572,7,401.6099999999998,7,400.4199999999999,2opt,notBad
8573,7,401.6099999999998,7,400.4199999999999,2opt,notBad
8574,7,401.6099999999998,7,400.4199999999999,swap,notBad
8575,7,401.6099999999998,7,400.4199999999999,2opt,improve
8576,7,401.6099999999998,7,400.4199999999999,swap,notBad
8577,7,401.6099999999998,7,400.4199999999999,move,improve
8578,7,401.6099999999998,7,400.4199999999999,swap,notBad
8579,7,401.6099999999998,7,400.4199999999999,swap,notBad
8580,7,401.6099999999998,7,400.4199999999999,2opt,notBad
8581,7,401.6099999999998,7,400.4199999999999,2opt,notBad
8582,7,401.6099999999998,7,400.4199999999999,move,improve
8583,7,401.6099999999998,7,400.4199999999999,2opt,notBad
8584,7,401.6099999999998,7,400.4199999999999,move,improve
8585,7,401.6099999999998,7,400.4199999999999,move,improve
8586,7,401.6099999999998,7,400.4199999999999,2opt,notBad
8587,7,401.6099999999998,7,400.4199999999999,2opt,notBad
8588,7,401.6099999999998,7,400.4199999999999,2opt,notBad
8589,7,401.6099999999998,7,400.4199999999999,2opt,notBad
8590,7,401.6099999999998,7,400.4199999999999,2opt,notBad
8591,7,401.6099999999998,7,400.4199999999999,swap,notBad
8592,7,401.6099999999998,7,400.4199999999999,swap,notBad
8593,7,401.6099999999998,7,400.4199999999999,swap,notBad
8594,7,401.6099999999998,7,400.4199999999999,swap,notBad
8595,7,401.6099999999998,7,400.4199999999999,move,improve
8596,7,401.6099999999998,7,400.4199999999999,2opt,notBad
8597,7,401.6099999999998,7,400.4199999999999,move,improve
8598,7,401.6099999999998,7,400.4199999999999,swap,notBad
8599,7,401.6099999999998,7,400.4199999999999,2opt,notBad
8600,7,401.6099999999998,7,400.4199999999999,2opt,notBad
8601,7,401.6099999999998,7,400.4199999999999,2opt,notBad
8602,7,401.6099999999998,7,400.4199999999999,move,improve
8603,7,401.6099999999998,7,400.4199999999999,swap,notBad
8604,7,401.6099999999998,7,400.4199999999999,2opt,notBad
8605,7,401.6099999999998,7,400.4199999999999,move,improve
8606,7,401.6099999999998,7,400.4199999999999,move,improve
8607,7,401.6099999999998,7,400.4199999999999,move,improve
8608,7,401.6099999999998,7,400.4199999999999,swap,notBad
8609,7,401.6099999999998,7,400.4199999999999,2opt,notBad
8610,7,401.6099999999998,7,400.4199999999999,move,improve
8611,7,401.6099999999998,7,400.4199999999999,2opt,notBad
8612,7,401.6099999999998,7,400.4199999999999,2opt,notBad
8613,7,401.6099999999998,7,400.4199999999999,2opt,notBad
8614,7,401.6099999999998,7,400.4199999999999,move,improve
8615,7,401.6099999999998,7,400.4199999999999,move,improve
8616,7,401.6099999999998,7,400.4199999999999,swap,notBad
8617,7,401.6099999999998,7,400.4199999999999,swap,notBad
8618,7,401.6099999999998,7,400.4199999999999,move,improve
8619,7,401.6099999999998,7,400.4199999999999,move,improve
8620,7,401.6099999999998,7,400.4199999999999,2opt,notBad
8621,7,401.6099999999998,7,400.4199999999999,2opt,notBad
8622,7,401.6099999999998,7,400.4199999999999,move,improve
8623,7,401.6099999999998,7,400.4199999999999,move,improve
8624,7,401.6099999999998,7,400.4199999999999,2opt,improve
8625,7,401.6099999999998,7,400.4199999999999,move,improve
8626,7,401.6099999999998,7,400.4199999999999,swap,notBad
8627,7,401.6099999999998,7,400.4199999999999,swap,notBad
8628,7,401.6099999999998,7,400.4199999999999,2opt,notBad
8629,7,401.6099999999998,7,400.4199999999999,2opt,notBad
8630,7,401.6099999999998,7,400.4199999999999,2opt,notBad
8631,7,401.6099999999998,7,400.4199999999999,2opt,improve
8632,7,401.6099999999998,7,400.4199999999999,2opt,notBad
8633,7,401.6099999999998,7,400.4199999999999,move,improve
8634,7,401.6099999999998,7,400.4199999999999,swap,notBad
8635,7,401.6099999999998,7,400.4199999999999,move,notBad
8636,7,401.6099999999998,7,400.4199999999999,swap,notBad
8637,7,401.6099999999998,7,400.4199999999999,2opt,notBad
8638,7,401.6099999999998,7,400.4199999999999,move,improve
8639,7,401.6099999999998,7,400.4199999999999,2opt,improve
8640,7,401.6099999999998,7,400.4199999999999,2opt,notBad
8641,7,401.6099999999998,7,400.4199999999999,2opt,improve
8642,7,401.6099999999998,7,400.4199999999999,move,improve
8643,7,401.6099999999998,7,400.4199999999999,move,improve
8644,7,401.6099999999998,7,400.4199999999999,swap,notBad
8645,7,401.6099999999998,7,400.4199999999999,move,improve
8646,7,401.6099999999998,7,400.4199999999999,2opt,notBad
8647,7,401.6099999999998,7,400.4199999999999,move,improve
8648,7,401.6099999999998,7,400.4199999999999,move,improve
8649,7,401.6099999999998,7,400.4199999999999,move,improve
8650,7,401.6099999999998,7,400.4199999999999,2opt,notBad
8651,7,401.6099999999998,7,400.4199999999999,swap,notBad
8652,7,401.6099999999998,7,400.4199999999999,move,improve
8653,7,401.6099999999998,7,400.4199999999999,2opt,notBad
8654,7,401.6099999999998,7,400.4199999999999,swap,notBad
8655,7,401.6099999999998,7,400.4199999999999,2opt,notBad
8656,7,401.6099999999998,7,400.4199999999999,2opt,notBad
8657,7,401.6099999999998,7,400.4199999999999,swap,notBad
8658,7,401.6099999999998,7,400.4199999999999,2opt,notBad
8659,7,401.6099999999998,7,400.4199999999999,move,improve
8660,7,401.6099999999998,7,400.4199999999999,swap,notBad
8661,7,401.6099999999998,7,400.4199999999999,move,improve
8662,7,401.6099999999998,7,400.4199999999999,2opt,notBad
8663,7,401.6099999999998,7,400.4199999999999,move,improve
8664,7,401.6099999999998,7,400.4199999999999,2opt,notBad
8665,7,401.6099999999998,7,400.4199999999999,move,improve
8666,7,401.6099999999998,7,400.4199999999999,move,improve
8667,7,401.6099999999998,7,400.4199999999999,move,improve
8668,7,401.6099999999998,7,400.4199999999999,swap,notBad
8669,7,401.6099999999998,7,400.4199999999999,move,improve
8670,7,401.6099999999998,7,400.4199999999999,2opt,notBad
8671,7,401.6099999999998,7,400.4199999999999,2opt,notBad
8672,7,401.6099999999998,7,400.4199999999999,2opt,notBad
8673,7,401.6099999999998,7,400.4199999999999,2opt,notBad
8674,7,401.6099999999998,7,400.4199999999999,swap,notBad
8675,7,401.6099999999998,7,400.4199999999999,move,improve
8676,7,401.6099999999998,7,400.4199999999999,2opt,notBad
8677,7,401.6099999999998,7,400.4199999999999,move,improve
8678,7,401.6099999999998,7,400.4199999999999,move,improve
8679,7,401.6099999999998,7,400.4199999999999,swap,notBad
8680,7,401.6099999999998,7,400.4199999999999,swap,notBad
8681,7,401.6099999999998,7,400.4199999999999,move,improve
8682,7,401.6099999999998,7,400.4199999999999,2opt,notBad
8683,7,401.6099999999998,7,400.4199999999999,move,improve
8684,7,401.6099999999998,7,400.4199999999999,move,improve
8685,7,401.6099999999998,7,400.4199999999999,swap,notBad
8686,7,401.6099999999998,7,400.4199999999999,move,improve
8687,7,401.6099999999998,7,400.4199999999999,swap,notBad
8688,7,401.6099999999998,7,400.4199999999999,move,improve
8689,7,401.6099999999998,7,400.4199999999999,swap,notBad
8690,7,401.6099999999998,7,400.4199999999999,swap,notBad
8691,7,401.6099999999998,7,400.4199999999999,2opt,notBad
8692,7,401.6099999999998,7,400.4199999999999,move,improve
8693,7,401.6099999999998,7,400.4199999999999,swap,notBad
8694,7,401.6099999999998,7,400.4199999999999,move,improve
8695,7,401.6099999999998,7,400.4199999999999,swap,notBad
8696,7,401.6099999999998,7,400.4199999999999,swap,notBad
8697,7,401.6099999999998,7,400.4199999999999,move,improve
8698,7,401.6099999999998,7,400.4199999999999,2opt,improve
8699,7,401.6099999999998,7,400.4199999999999,swap,notBad
8700,7,401.6099999999998,7,400.4199999999999,2opt,notBad
8701,7,401.6099999999998,7,400.4199999999999,swap,notBad
8702,7,401.6099999999998,7,400.4199999999999,move,improve
8703,7,401.6099999999998,7,400.4199999999999,swap,notBad
8704,7,401.6099999999998,7,400.4199999999999,swap,notBad
8705,7,401.6099999999998,7,400.4199999999999,move,improve
8706,7,401.6099999999998,7,400.4199999999999,move,improve
8707,7,401.6099999999998,7,400.4199999999999,swap,notBad
8708,7,401.6099999999998,7,400.4199999999999,swap,notBad
8709,7,401.6099999999998,7,400.4199999999999,swap,notBad
8710,7,401.6099999999998,7,400.4199999999999,2opt,notBad
8711,7,401.6099999999998,7,400.4199999999999,swap,notBad
8712,7,401.6099999999998,7,400.4199999999999,swap,notBad
8713,7,401.6099999999998,7,400.4199999999999,2opt,notBad
8714,7,401.6099999999998,7,400.4199999999999,move,improve
8715,7,401.6099999999998,7,400.4199999999999,2opt,notBad
8716,7,401.6099999999998,7,400.4199999999999,2opt,notBad
8717,7,401.6099999999998,7,400.4199999999999,move,improve
8718,7,401.6099999999998,7,400.4199999999999,move,improve
8719,7,401.6099999999998,7,400.4199999999999,move,improve
8720,7,401.6099999999998,7,400.4199999999999,2opt,notBad
8721,7,401.6099999999998,7,400.4199999999999,2opt,notBad
8722,7,401.6099999999998,7,400.4199999999999,swap,notBad
8723,7,401.6099999999998,7,400.4199999999999,swap,notBad
8724,7,401.6099999999998,7,400.4199999999999,move,improve
8725,7,401.6099999999998,7,400.4199999999999,move,improve
8726,7,401.6099999999998,7,400.4199999999999,2opt,notBad
8727,7,401.6099999999998,7,400.4199999999999,swap,notBad
8728,7,401.6099999999998,7,400.4199999999999,2opt,notBad
8729,7,401.6099999999998,7,400.4199999999999,swap,notBad
8730,7,401.6099999999998,7,400.4199999999999,swap,notBad
8731,7,401.6099999999998,7,400.4199999999999,2opt,notBad
8732,7,401.6099999999998,7,400.4199999999999,move,improve
8733,7,402.89999999999986,7,400.4199999999999,swap,acceptBad
8734,7,402.89999999999986,7,400.4199999999999,move,improve
8735,7,402.89999999999986,7,400.4199999999999,move,improve
8736,7,402.89999999999986,7,400.4199999999999,move,improve
8737,7,402.89999999999986,7,400.4199999999999,swap,notBad
8738,7,402.89999999999986,7,400.4199999999999,swap,notBad
8739,7,402.89999999999986,7,400.4199999999999,move,improve
8740,7,402.89999999999986,7,400.4199999999999,2opt,notBad
8741,7,402.89999999999986,7,400.4199999999999,2opt,notBad
8742,7,402.89999999999986,7,400.4199999999999,swap,notBad
8743,7,402.89999999999986,7,400.4199999999999,2opt,notBad
8744,7,402.89999999999986,7,400.4199999999999,2opt,improve
8745,7,402.89999999999986,7,400.4199999999999,2opt,notBad
8746,7,402.89999999999986,7,400.4199999999999,move,improve
8747,7,402.89999999999986,7,400.4199999999999,2opt,notBad
8748,7,402.89999999999986,7,400.4199999999999,2opt,notBad
8749,7,402.89999999999986,7,400.4199999999999,move,improve
8750,7,402.89999999999986,7,400.4199999999999,2opt,notBad
8751,7,402.89999999999986,7,400.4199999999999,move,improve
8752,7,402.89999999999986,7,400.4199999999999,move,improve
8753,7,402.89999999999986,7,400.4199999999999,move,improve
8754,7,402.89999999999986,7,400.4199999999999,move,improve
8755,7,402.89999999999986,7,400.4199999999999,2opt,notBad
8756,7,402.89999999999986,7,400.4199999999999,swap,notBad
8757,7,402.89999999999986,7,400.4199999999999,move,improve
8758,7,402.89999999999986,7,400.4199999999999,swap,notBad
8759,7,402.89999999999986,7,400.4199999999999,move,improve
8760,7,402.89999999999986,7,400.4199999999999,move,improve
8761,7,402.89999999999986,7,400.4199999999999,2opt,notBad
8762,7,402.89999999999986,7,400.4199999999999,swap,notBad
8763,7,402.89999999999986,7,400.4199999999999,swap,notBad
8764,7,402.89999999999986,7,400.4199999999999,2opt,notBad
8765,7,402.89999999999986,7,400.4199999999999,move,improve
8766,7,401.6099999999998,7,400.4199999999999,move,improve
8767,7,401.6099999999998,7,400.4199999999999,move,improve
8768,7,401.6099999999998,7,400.4199999999999,2opt,notBad
8769,7,401.6099999999998,7,400.4199999999999,swap,notBad
8770,7,401.6099999999998,7,400.4199999999999,swap,notBad
8771,7,401.6099999999998,7,400.4199999999999,move,improve
8772,7,401.6099999999998,7,400.4199999999999,move,improve
8773,7,401.6099999999998,7,400.4199999999999,2opt,notBad
8774,7,401.6099999999998,7,400.4199999999999,2opt,improve
8775,7,401.6099999999998,7,400.4199999999999,move,improve
8776,7,401.6099999999998,7,400.4199999999999,2opt,notBad
8777,7,401.6099999999998,7,400.4199999999999,2opt,improve
8778,7,401.6099999999998,7,400.4199999999999,2opt,notBad
8779,7,401.6099999999998,7,400.4199999999999,swap,notBad
8780,7,401.6099999999998,7,400.4199999999999,2opt,notBad
8781,7,401.6099999999998,7,400.4199999999999,swap,notBad
8782,7,401.6099999999998,7,400.4199999999999,swap,notBad
8783,7,401.6099999999998,7,400.4199999999999,2opt,notBad
8784,7,401.6099999999998,7,400.4199999999999,move,improve
8785,7,401.6099999999998,7,400.4199999999999,2opt,notBad
8786,7,401.6099999999998,7,400.4199999999999,2opt,notBad
8787,7,401.6099999999998,7,400.4199999999999,move,improve
8788,7,401.6099999999998,7,400.4199999999999,2opt,notBad
8789,7,401.6099999999998,7,400.4199999999999,2opt,notBad
8790,7,401.6099999999998,7,400.4199999999999,move,improve
8791,7,401.6099999999998,7,400.4199999999999,2opt,notBad
8792,7,401.6099999999998,7,400.4199999999999,2opt,notBad
8793,7,401.6099999999998,7,400.4199999999999,swap,notBad
8794,7,401.6099999999998,7,400.4199999999999,move,improve
8795,7,401.6099999999998,7,400.4199999999999,2opt,improve
8796,7,401.6099999999998,7,400.4199999999999,swap,notBad
8797,7,401.6099999999998,7,400.4199999999999,move,improve
8798,7,401.6099999999998,7,400.4199999999999,swap,notBad
8799,7,401.6099999999998,7,400.4199999999999,move,improve
8800,7,401.6099999999998,7,400.4199999999999,2opt,notBad
8801,7,401.6099999999998,7,400.4199999999999,swap,notBad
8802,7,401.6099999999998,7,400.4199999999999,move,improve
8803,7,401.6099999999998,7,400.4199999999999,swap,notBad
8804,7,401.6099999999998,7,400.4199999999999,move,improve
8805,7,401.6099999999998,7,400.4199999999999,swap,notBad
8806,7,401.6099999999998,7,400.4199999999999,move,notBad
8807,7,401.6099999999998,7,400.4199999999999,move,improve
8808,7,401.6099999999998,7,400.4199999999999,move,improve
8809,7,401.6099999999998,7,400.4199999999999,move,improve
8810,7,401.6099999999998,7,400.4199999999999,move,improve
8811,7,401.6099999999998,7,400.4199999999999,2opt,notBad
8812,7,401.6099999999998,7,400.4199999999999,2opt,notBad
8813,7,401.6099999999998,7,400.4199999999999,2opt,notBad
8814,7,401.6099999999998,7,400.4199999999999,move,improve
8815,7,401.6099999999998,7,400.4199999999999,2opt,notBad
8816,7,401.6099999999998,7,400.4199999999999,2opt,notBad
8817,7,401.6099999999998,7,400.4199999999999,2opt,notBad
8818,7,401.6099999999998,7,400.4199999999999,move,improve
8819,7,401.6099999999998,7,400.4199999999999,move,improve
8820,7,401.6099999999998,7,400.4199999999999,move,improve
8821,7,401.6099999999998,7,400.4199999999999,move,improve
8822,7,401.6099999999998,7,400.4199999999999,move,improve
8823,7,401.6099999999998,7,400.4199999999999,2opt,notBad
8824,7,401.6099999999998,7,400.4199999999999,2opt,notBad
8825,7,401.6099999999998,7,400.4199999999999,2opt,notBad
8826,7,401.6099999999998,7,400.4199999999999,swap,notBad
8827,7,401.6099999999998,7,400.4199999999999,move,improve
8828,7,401.6099999999998,7,400.4199999999999,2opt,notBad
8829,7,401.6099999999998,7,400.4199999999999,move,improve
8830,7,401.6099999999998,7,400.4199999999999,move,improve
8831,7,401.6099999999998,7,400.4199999999999,2opt,improve
8832,7,401.6099999999998,7,400.4199999999999,swap,notBad
8833,7,401.6099999999998,7,400.4199999999999,move,improve
8834,7,401.6099999999998,7,400.4199999999999,move,improve
8835,7,401.6099999999998,7,400.4199999999999,2opt,improve
8836,7,401.6099999999998,7,400.4199999999999,2opt,notBad
8837,7,401.6099999999998,7,400.4199999999999,move,improve
8838,7,401.6099999999998,7,400.4199999999999,move,improve
8839,7,401.6099999999998,7,400.4199999999999,2opt,notBad
8840,7,401.6099999999998,7,400.4199999999999,swap,notBad
8841,7,401.6099999999998,7,400.4199999999999,2opt,notBad
8842,7,401.6099999999998,7,400.4199999999999,swap,notBad
8843,7,401.6099999999998,7,400.4199999999999,2opt,notBad
8844,7,401.6099999999998,7,400.4199999999999,2opt,notBad
8845,7,401.6099999999998,7,400.4199999999999,2opt,notBad
8846,7,401.6099999999998,7,400.4199999999999,2opt,notBad
8847,7,401.6099999999998,7,400.4199999999999,swap,notBad
8848,7,401.6099999999998,7,400.4199999999999,move,improve
8849,7,401.6099999999998,7,400.4199999999999,move,improve
8850,7,401.6099999999998,7,400.4199999999999,move,improve
8851,7,401.6099999999998,7,400.4199999999999,2opt,notBad
8852,7,401.6099999999998,7,400.4199999999999,move,improve
8853,7,401.6099999999998,7,400.4199999999999,swap,notBad
8854,7,401.6099999999998,7,400.4199999999999,2opt,notBad
8855,7,401.6099999999998,7,400.4199999999999,2opt,notBad
8856,7,401.6099999999998,7,400.4199999999999,swap,notBad
8857,7,401.6099999999998,7,400.4199999999999,swap,notBad
8858,7,401.6099999999998,7,400.4199999999999,swap,notBad
8859,7,401.6099999999998,7,400.4199999999999,2opt,notBad
8860,7,401.6099999999998,7,400.4199999999999,swap,notBad
8861,7,401.6099999999998,7,400.4199999999999,swap,notBad
8862,7,401.6099999999998,7,400.4199999999999,move,improve
8863,7,401.6099999999998,7,400.4199999999999,2opt,notBad
8864,7,401.6099999999998,7,400.4199999999999,move,improve
8865,7,401.6099999999998,7,400.4199999999999,move,improve
8866,7,401.6099999999998,7,400.4199999999999,2opt,notBad
8867,7,401.6099999999998,7,400.4199999999999,swap,notBad
8868,7,401.6099999999998,7,400.4199999999999,move,improve
8869,7,401.6099999999998,7,400.4199999999999,2opt,notBad
8870,7,401.6099999999998,7,400.4199999999999,swap,notBad
8871,7,401.6099999999998,7,400.4199999999999,swap,notBad
8872,7,401.6099999999998,7,400.4199999999999,move,improve
8873,7,401.6099999999998,7,400.4199999999999,move,improve
8874,7,401.6099999999998,7,400.4199999999999,2opt,notBad
8875,7,401.6099999999998,7,400.4199999999999,move,improve
8876,7,401.6099999999998,7,400.4199999999999,move,improve
8877,7,401.6099999999998,7,400.4199999999999,swap,notBad
8878,7,401.6099999999998,7,400.4199999999999,move,improve
8879,7,401.6099999999998,7,400.4199999999999,swap,notBad
8880,7,401.6099999999998,7,400.4199999999999,swap,notBad
8881,7,401.6099999999998,7,400.4199999999999,2opt,notBad
8882,7,401.6099999999998,7,400.4199999999999,swap,notBad
8883,7,401.6099999999998,7,400.4199999999999,swap,notBad
8884,7,401.6099999999998,7,400.4199999999999,swap,notBad
8885,7,401.6099999999998,7,400.4199999999999,move,improve
8886,7,401.6099999999998,7,400.4199999999999,swap,notBad
8887,7,401.6099999999998,7,400.4199999999999,swap,notBad
8888,7,401.6099999999998,7,400.4199999999999,2opt,notBad
8889,7,401.6099999999998,7,400.4199999999999,swap,notBad
8890,7,401.6099999999998,7,400.4199999999999,move,improve
8891,7,401.6099999999998,7,400.4199999999999,2opt,notBad
8892,7,401.6099999999998,7,400.4199999999999,2opt,improve
8893,7,401.6099999999998,7,400.4199999999999,swap,notBad
8894,7,401.6099999999998,7,400.4199999999999,move,improve
8895,7,401.6099999999998,7,400.4199999999999,move,improve
8896,7,401.6099999999998,7,400.4199999999999,2opt,notBad
8897,7,401.6099999999998,7,400.4199999999999,swap,notBad
8898,7,401.6099999999998,7,400.4199999999999,2opt,notBad
8899,7,401.6099999999998,7,400.4199999999999,2opt,notBad
8900,7,401.6099999999998,7,400.4199999999999,move,improve
8901,7,401.6099999999998,7,400.4199999999999,2opt,notBad
8902,7,401.6099999999998,7,400.4199999999999,2opt,notBad
8903,7,401.6099999999998,7,400.4199999999999,move,improve
8904,7,401.6099999999998,7,400.4199999999999,move,improve
8905,7,401.6099999999998,7,400.4199999999999,2opt,notBad
8906,7,401.6099999999998,7,400.4199999999999,2opt,notBad
8907,7,401.6099999999998,7,400.4199999999999,2opt,notBad
8908,7,401.6099999999998,7,400.4199999999999,move,improve
8909,7,401.6099999999998,7,400.4199999999999,move,improve
8910,7,401.6099999999998,7,400.4199999999999,swap,notBad
8911,7,401.6099999999998,7,400.4199999999999,swap,notBad
8912,7,401.6099999999998,7,400.4199999999999,2opt,notBad
8913,7,401.6099999999998,7,400.4199999999999,2opt,notBad
8914,7,401.6099999999998,7,400.4199999999999,swap,notBad
8915,7,401.6099999999998,7,400.4199999999999,2opt,notBad
8916,7,401.6099999999998,7,400.4199999999999,swap,notBad
8917,7,401.6099999999998,7,400.4199999999999,2opt,improve
8918,7,401.6099999999998,7,400.4199999999999,move,improve
8919,7,401.6099999999998,7,400.4199999999999,move,improve
8920,7,401.6099999999998,7,400.4199999999999,move,improve
8921,7,401.6099999999998,7,400.4199999999999,2opt,notBad
8922,7,401.6099999999998,7,400.4199999999999,swap,notBad
8923,7,401.6099999999998,7,400.4199999999999,swap,notBad
8924,7,401.6099999999998,7,400.4199999999999,2opt,notBad
8925,7,401.6099999999998,7,400.4199999999999,2opt,notBad
8926,7,401.6099999999998,7,400.4199999999999,move,improve
8927,7,401.6099999999998,7,400.4199999999999,2opt,notBad
8928,7,401.6099999999998,7,400.4199999999999,swap,notBad
8929,7,401.6099999999998,7,400.4199999999999,swap,notBad
8930,7,401.6099999999998,7,400.4199999999999,swap,notBad
8931,7,401.6099999999998,7,400.4199999999999,swap,notBad
8932,7,401.6099999999998,7,400.4199999999999,2opt,notBad
8933,7,401.6099999999998,7,400.4199999999999,2opt,notBad
8934,7,401.6099999999998,7,400.4199999999999,swap,notBad
8935,7,401.6099999999998,7,400.4199999999999,swap,notBad
8936,7,401.6099999999998,7,400.4199999999999,swap,notBad
8937,7,401.6099999999998,7,400.4199999999999,2opt,improve
8938,7,401.6099999999998,7,400.4199999999999,swap,notBad
8939,7,401.6099999999998,7,400.4199999999999,2opt,improve
8940,7,401.6099999999998,7,400.4199999999999,move,improve
8941,7,401.6099999999998,7,400.4199999999999,swap,notBad
8942,7,401.6099999999998,7,400.4199999999999,swap,notBad
8943,7,401.6099999999998,7,400.4199999999999,swap,notBad
8944,7,401.6099999999998,7,400.4199999999999,move,improve
8945,7,401.6099999999998,7,400.4199999999999,swap,notBad
8946,7,401.6099999999998,7,400.4199999999999,move,improve
8947,7,401.6099999999998,7,400.4199999999999,2opt,notBad
8948,7,401.6099999999998,7,400.4199999999999,2opt,improve
8949,7,401.6099999999998,7,400.4199999999999,2opt,notBad
8950,7,401.6099999999998,7,400.4199999999999,move,improve
8951,7,401.6099999999998,7,400.4199999999999,move,improve
8952,7,401.6099999999998,7,400.4199999999999,swap,notBad
8953,7,401.6099999999998,7,400.4199999999999,move,improve
8954,7,401.6099999999998,7,400.4199999999999,2opt,notBad
8955,7,401.6099999999998,7,400.4199999999999,2opt,notBad
8956,7,401.6099999999998,7,400.4199999999999,swap,notBad
8957,7,401.6099999999998,7,400.4199999999999,move,improve
8958,7,401.6099999999998,7,400.4199999999999,swap,notBad
8959,7,401.6099999999998,7,400.4199999999999,swap,notBad
8960,7,401.6099999999998,7,400.4199999999999,swap,notBad
8961,7,401.6099999999998,7,400.4199999999999,swap,notBad
8962,7,401.6099999999998,7,400.4199999999999,2opt,notBad
8963,7,401.6099999999998,7,400.4199999999999,move,improve
8964,7,401.6099999999998,7,400.4199999999999,2opt,notBad
8965,7,401.6099999999998,7,400.4199999999999,2opt,notBad
8966,7,401.6099999999998,7,400.4199999999999,swap,notBad
8967,7,401.6099999999998,7,400.4199999999999,move,improve
8968,7,401.6099999999998,7,400.4199999999999,2opt,notBad
8969,7,401.6099999999998,7,400.4199999999999,swap,notBad
8970,7,401.6099999999998,7,400.4199999999999,2opt,notBad
8971,7,401.6099999999998,7,400.4199999999999,2opt,notBad
8972,7,401.6099999999998,7,400.4199999999999,2opt,improve
8973,7,401.6099999999998,7,400.4199999999999,swap,notBad
8974,7,401.6099999999998,7,400.4199999999999,swap,notBad
8975,7,401.6099999999998,7,400.4199999999999,2opt,improve
8976,7,401.6099999999998,7,400.4199999999999,swap,notBad
8977,7,401.6099999999998,7,400.4199999999999,move,improve
8978,7,401.6099999999998,7,400.4199999999999,2opt,notBad
8979,7,401.6099999999998,7,400.4199999999999,move,improve
8980,7,401.6099999999998,7,400.4199999999999,swap,notBad
8981,7,401.6099999999998,7,400.4199999999999,swap,notBad
8982,7,401.6099999999998,7,400.4199999999999,swap,notBad
8983,7,401.6099999999998,7,400.4199999999999,move,improve
8984,7,401.6099999999998,7,400.4199999999999,swap,notBad
8985,7,401.6099999999998,7,400.4199999999999,2opt,notBad
8986,7,401.6099999999998,7,400.4199999999999,swap,notBad
8987,7,401.6099999999998,7,400.4199999999999,swap,notBad
8988,7,401.6099999999998,7,400.4199999999999,2opt,notBad
8989,7,401.6099999999998,7,400.4199999999999,move,improve
8990,7,401.6099999999998,7,400.4199999999999,move,improve
8991,7,401.6099999999998,7,400.4199999999999,2opt,notBad
8992,7,401.6099999999998,7,400.4199999999999,2opt,notBad
8993,7,401.6099999999998,7,400.4199999999999,2opt,notBad
8994,7,401.6099999999998,7,400.4199999999999,swap,notBad
8995,7,401.6099999999998,7,400.4199999999999,2opt,improve
8996,7,401.6099999999998,7,400.4199999999999,2opt,notBad
8997,7,401.6099999999998,7,400.4199999999999,swap,notBad
8998,7,401.6099999999998,7,400.4199999999999,2opt,improve
8999,7,401.6099999999998,7,400.4199999999999,move,improve
9000,7,401.6099999999998,7,400.4199999999999,swap,notBad
9001,7,401.6099999999998,7,400.4199999999999,swap,notBad
9002,7,401.6099999999998,7,400.4199999999999,move,improve
9003,7,401.6099999999998,7,400.4199999999999,move,improve
9004,7,401.6099999999998,7,400.4199999999999,2opt,notBad
9005,7,401.6099999999998,7,400.4199999999999,2opt,notBad
9006,7,401.6099999999998,7,400.4199999999999,swap,notBad
9007,7,401.6099999999998,7,400.4199999999999,move,improve
9008,7,401.6099999999998,7,400.4199999999999,swap,notBad
9009,7,401.6099999999998,7,400.4199999999999,swap,notBad
9010,7,401.6099999999998,7,400.4199999999999,swap,notBad
9011,7,401.6099999999998,7,400.4199999999999,move,improve
9012,7,401.6099999999998,7,400.4199999999999,swap,notBad
9013,7,401.6099999999998,7,400.4199999999999,move,improve
9014,7,401.6099999999998,7,400.4199999999999,move,improve
9015,7,401.6099999999998,7,400.4199999999999,2opt,notBad
9016,7,401.6099999999998,7,400.4199999999999,move,improve
9017,7,401.6099999999998,7,400.4199999999999,2opt,notBad
9018,7,401.6099999999998,7,400.4199999999999,move,improve
9019,7,401.6099999999998,7,400.4199999999999,swap,notBad
9020,7,401.6099999999998,7,400.4199999999999,swap,notBad
9021,7,401.6099999999998,7,400.4199999999999,2opt,notBad
9022,7,401.6099999999998,7,400.4199999999999,2opt,notBad
9023,7,401.6099999999998,7,400.4199999999999,move,improve
9024,7,401.6099999999998,7,400.4199999999999,2opt,notBad
9025,7,401.6099999999998,7,400.4199999999999,move,improve
9026,7,401.6099999999998,7,400.4199999999999,move,notBad
9027,7,401.6099999999998,7,400.4199999999999,2opt,notBad
9028,7,401.6099999999998,7,400.4199999999999,move,improve
9029,7,401.6099999999998,7,400.4199999999999,swap,notBad
9030,7,401.6099999999998,7,400.4199999999999,move,improve
9031,7,401.6099999999998,7,400.4199999999999,move,improve
9032,7,401.6099999999998,7,400.4199999999999,2opt,notBad
9033,7,401.6099999999998,7,400.4199999999999,swap,notBad
9034,7,401.6099999999998,7,400.4199999999999,move,improve
9035,7,401.6099999999998,7,400.4199999999999,2opt,notBad
9036,7,401.6099999999998,7,400.4199999999999,move,improve
9037,7,401.6099999999998,7,400.4199999999999,2opt,notBad
9038,7,401.6099999999998,7,400.4199999999999,2opt,notBad
9039,7,401.6099999999998,7,400.4199999999999,swap,notBad
9040,7,401.6099999999998,7,400.4199999999999,swap,notBad
9041,7,401.6099999999998,7,400.4199999999999,2opt,notBad
9042,7,401.6099999999998,7,400.4199999999999,2opt,notBad
9043,7,401.6099999999998,7,400.4199999999999,move,improve
9044,7,401.6099999999998,7,400.4199999999999,swap,notBad
9045,7,401.6099999999998,7,400.4199999999999,swap,notBad
9046,7,401.6099999999998,7,400.4199999999999,swap,notBad
9047,7,401.6099999999998,7,400.4199999999999,move,improve
9048,7,401.6099999999998,7,400.4199999999999,move,improve
9049,7,401.6099999999998,7,400.4199999999999,swap,notBad
9050,7,401.6099999999998,7,400.4199999999999,2opt,notBad
9051,7,401.6099999999998,7,400.4199999999999,move,improve
9052,7,401.6099999999998,7,400.4199999999999,2opt,notBad
9053,7,401.6099999999998,7,400.4199999999999,move,improve
9054,7,401.6099999999998,7,400.4199999999999,move,improve
9055,7,401.6099999999998,7,400.4199999999999,2opt,notBad
9056,7,401.6099999999998,7,400.4199999999999,move,improve
9057,7,401.6099999999998,7,400.4199999999999,2opt,notBad
9058,7,401.6099999999998,7,400.4199999999999,2opt,notBad
9059,7,401.6099999999998,7,400.4199999999999,2opt,notBad
9060,7,401.6099999999998,7,400.4199999999999,swap,notBad
9061,7,401.6099999999998,7,400.4199999999999,2opt,notBad
9062,7,401.6099999999998,7,400.4199999999999,swap,notBad
9063,7,401.6099999999998,7,400.4199999999999,2opt,notBad
9064,7,401.6099999999998,7,400.4199999999999,swap,notBad
9065,7,401.6099999999998,7,400.4199999999999,move,improve
9066,7,401.6099999999998,7,400.4199999999999,swap,notBad
9067,7,401.6099999999998,7,400.4199999999999,2opt,improve
9068,7,401.6099999999998,7,400.4199999999999,swap,notBad
9069,7,401.6099999999998,7,400.4199999999999,swap,notBad
9070,7,401.6099999999998,7,400.4199999999999,2opt,improve
9071,7,401.6099999999998,7,400.4199999999999,2opt,notBad
9072,7,401.6099999999998,7,400.4199999999999,move,improve
9073,7,401.6099999999998,7,400.4199999999999,move,improve
9074,7,401.6099999999998,7,400.4199999999999,2opt,notBad
9075,7,401.6099999999998,7,400.4199999999999,swap,notBad
9076,7,401.6099999999998,7,400.4199999999999,move,improve
9077,7,401.6099999999998,7,400.4199999999999,swap,notBad
9078,7,401.6099999999998,7,400.4199999999999,move,improve
9079,7,401.6099999999998,7,400.4199999999999,move,improve
9080,7,401.6099999999998,7,400.4199999999999,swap,notBad
9081,7,401.6099999999998,7,400.4199999999999,swap,notBad
9082,7,401.6099999999998,7,400.4199999999999,move,improve
9083,7,401.6099999999998,7,400.4199999999999,2opt,notBad
9084,7,401.6099999999998,7,400.4199999999999,swap,notBad
9085,7,401.6099999999998,7,400.4199999999999,swap,notBad
9086,7,401.6099999999998,7,400.4199999999999,move,improve
9087,7,401.6099999999998,7,400.4199999999999,move,improve
9088,7,401.6099999999998,7,400.4199999999999,swap,notBad
9089,7,401.6099999999998,7,400.4199999999999,2opt,notBad
9090,7,401.6099999999998,7,400.4199999999999,2opt,notBad
9091,7,401.6099999999998,7,400.4199999999999,2opt,notBad
9092,7,401.6099999999998,7,400.4199999999999,2opt,notBad
9093,7,401.6099999999998,7,400.4199999999999,swap,notBad
9094,7,401.6099999999998,7,400.4199999999999,move,improve
9095,7,401.6099999999998,7,400.4199999999999,2opt,notBad
9096,7,401.6099999999998,7,400.4199999999999,swap,notBad
9097,7,401.6099999999998,7,400.4199999999999,swap,notBad
9098,7,401.6099999999998,7,400.4199999999999,swap,notBad
9099,7,401.6099999999998,7,400.4199999999999,move,improve
9100,7,401.6099999999998,7,400.4199999999999,swap,notBad
9101,7,401.6099999999998,7,400.4199999999999,2opt,notBad
9102,7,401.6099999999998,7,400.4199999999999,move,improve
9103,7,401.6099999999998,7,400.4199999999999,2opt,notBad
9104,7,401.6099999999998,7,400.4199999999999,move,improve
9105,7,401.6099999999998,7,400.4199999999999,move,improve
9106,7,401.6099999999998,7,400.4199999999999,2opt,notBad
9107,7,401.6099999999998,7,400.4199999999999,swap,notBad
9108,7,401.6099999999998,7,400.4199999999999,swap,notBad
9109,7,401.6099999999998,7,400.4199999999999,move,improve
9110,7,401.6099999999998,7,400.4199999999999,swap,notBad
9111,7,401.6099999999998,7,400.4199999999999,move,improve
9112,7,401.6099999999998,7,400.4199999999999,move,improve
9113,7,401.6099999999998,7,400.4199999999999,swap,notBad
9114,7,401.6099999999998,7,400.4199999999999,2opt,notBad
9115,7,401.6099999999998,7,400.4199999999999,swap,notBad
9116,7,401.6099999999998,7,400.4199999999999,move,improve
9117,7,401.6099999999998,7,400.4199999999999,swap,notBad
9118,7,401.6099999999998,7,400.4199999999999,2opt,notBad
9119,7,401.6099999999998,7,400.4199999999999,2opt,notBad
9120,7,401.6099999999998,7,400.4199999999999,2opt,notBad
9121,7,401.6099999999998,7,400.4199999999999,2opt,notBad
9122,7,401.6099999999998,7,400.4199999999999,2opt,notBad
9123,7,401.6099999999998,7,400.4199999999999,move,improve
9124,7,401.6099999999998,7,400.4199999999999,swap,notBad
9125,7,401.6099999999998,7,400.4199999999999,move,improve
9126,7,401.6099999999998,7,400.4199999999999,2opt,notBad
9127,7,401.6099999999998,7,400.4199999999999,swap,notBad
9128,7,401.6099999999998,7,400.4199999999999,2opt,notBad
9129,7,401.6099999999998,7,400.4199999999999,2opt,notBad
9130,7,401.6099999999998,7,400.4199999999999,swap,notBad
9131,7,401.6099999999998,7,400.4199999999999,move,improve
9132,7,401.6099999999998,7,400.4199999999999,move,improve
9133,7,401.6099999999998,7,400.4199999999999,2opt,improve
9134,7,401.6099999999998,7,400.4199999999999,swap,notBad
9135,7,401.6099999999998,7,400.4199999999999,move,improve
9136,7,401.6099999999998,7,400.4199999999999,move,improve
9137,7,401.6099999999998,7,400.4199999999999,move,improve
9138,7,401.6099999999998,7,400.4199999999999,move,improve
9139,7,401.6099999999998,7,400.4199999999999,2opt,notBad
9140,7,401.6099999999998,7,400.4199999999999,2opt,improve
9141,7,401.6099999999998,7,400.4199999999999,move,improve
9142,7,401.6099999999998,7,400.4199999999999,2opt,notBad
9143,7,401.6099999999998,7,400.4199999999999,move,improve
9144,7,401.6099999999998,7,400.4199999999999,move,improve
9145,7,401.6099999999998,7,400.4199999999999,2opt,notBad
9146,7,401.6099999999998,7,400.4199999999999,move,improve
9147,7,401.6099999999998,7,400.4199999999999,swap,notBad
9148,7,401.6099999999998,7,400.4199999999999,2opt,notBad
9149,7,401.6099999999998,7,400.4199999999999,swap,notBad
9150,7,401.6099999999998,7,400.4199999999999,move,improve
9151,7,401.6099999999998,7,400.4199999999999,2opt,notBad
9152,7,401.6099999999998,7,400.4199999999999,2opt,notBad
9153,7,401.6099999999998,7,400.4199999999999,swap,notBad
9154,7,401.6099999999998,7,400.4199999999999,swap,notBad
9155,7,401.6099999999998,7,400.4199999999999,2opt,notBad
9156,7,401.6099999999998,7,400.4199999999999,swap,notBad
9157,7,401.6099999999998,7,400.4199999999999,move,improve
9158,7,401.6099999999998,7,400.4199999999999,move,improve
9159,7,401.6099999999998,7,400.4199999999999,2opt,notBad
9160,7,401.6099999999998,7,400.4199999999999,2opt,notBad
9161,7,401.6099999999998,7,400.4199999999999,swap,notBad
9162,7,401.6099999999998,7,400.4199999999999,move,improve
9163,7,401.6099999999998,7,400.4199999999999,swap,notBad
9164,7,401.6099999999998,7,400.4199999999999,swap,notBad
9165,7,401.6099999999998,7,400.4199999999999,2opt,notBad
9166,7,401.6099999999998,7,400.4199999999999,move,improve
9167,7,401.6099999999998,7,400.4199999999999,move,improve
9168,7,401.6099999999998,7,400.4199999999999,2opt,improve
9169,7,401.6099999999998,7,400.4199999999999,2opt,notBad
9170,7,401.6099999999998,7,400.4199999999999,2opt,notBad
9171,7,401.6099999999998,7,400.4199999999999,2opt,notBad
9172,7,401.6099999999998,7,400.4199999999999,move,improve
9173,7,401.6099999999998,7,400.4199999999999,move,improve
9174,7,401.6099999999998,7,400.4199999999999,move,improve
9175,7,401.6099999999998,7,400.4199999999999,move,improve
9176,7,401.6099999999998,7,400.4199999999999,swap,notBad
9177,7,401.6099999999998,7,400.4199999999999,move,improve
9178,7,401.6099999999998,7,400.4199999999999,2opt,notBad
9179,7,401.6099999999998,7,400.4199999999999,2opt,notBad
9180,7,401.6099999999998,7,400.4199999999999,2opt,notBad
9181,7,401.6099999999998,7,400.4199999999999,swap,notBad
9182,7,401.6099999999998,7,400.4199999999999,2opt,notBad
9183,7,401.6099999999998,7,400.4199999999999,swap,notBad
9184,7,401.6099999999998,7,400.4199999999999,swap,notBad
9185,7,401.6099999999998,7,400.4199999999999,swap,notBad
9186,7,401.6099999999998,7,400.4199999999999,swap,notBad
9187,7,401.6099999999998,7,400.4199999999999,move,improve
9188,7,401.6099999999998,7,400.4199999999999,swap,notBad
9189,7,401.6099999999998,7,400.4199999999999,2opt,notBad
9190,7,401.6099999999998,7,400.4199999999999,swap,notBad
9191,7,401.6099999999998,7,400.4199999999999,2opt,notBad
9192,7,401.6099999999998,7,400.4199999999999,move,improve
9193,7,401.6099999999998,7,400.4199999999999,swap,notBad
9194,7,401.6099999999998,7,400.4199999999999,2opt,improve
9195,7,401.6099999999998,7,400.4199999999999,move,improve
9196,7,402.53999999999985,7,400.4199999999999,swap,acceptBad
9197,7,402.53999999999985,7,400.4199999999999,2opt,notBad
9198,7,402.53999999999985,7,400.4199999999999,move,improve
9199,7,402.53999999999985,7,400.4199999999999,2opt,notBad
9200,7,402.53999999999985,7,400.4199999999999,move,improve
9201,7,402.53999999999985,7,400.4199999999999,swap,notBad
9202,7,402.53999999999985,7,400.4199999999999,move,improve
9203,7,402.53999999999985,7,400.4199999999999,2opt,notBad
9204,7,402.53999999999985,7,400.4199999999999,swap,notBad
9205,7,402.53999999999985,7,400.4199999999999,move,improve
9206,7,402.53999999999985,7,400.4199999999999,move,improve
9207,7,402.53999999999985,7,400.4199999999999,move,improve
9208,7,402.53999999999985,7,400.4199999999999,move,improve
9209,7,402.53999999999985,7,400.4199999999999,2opt,notBad
9210,7,402.53999999999985,7,400.4199999999999,2opt,notBad
9211,7,402.53999999999985,7,400.4199999999999,move,improve
9212,7,402.53999999999985,7,400.4199999999999,move,improve
9213,7,402.53999999999985,7,400.4199999999999,swap,notBad
9214,7,402.53999999999985,7,400.4199999999999,2opt,notBad
9215,7,402.53999999999985,7,400.4199999999999,move,improve
9216,7,402.53999999999985,7,400.4199999999999,swap,notBad
9217,7,402.53999999999985,7,400.4199999999999,swap,notBad
9218,7,402.53999999999985,7,400.4199999999999,2opt,notBad
9219,7,402.53999999999985,7,400.4199999999999,2opt,notBad
9220,7,402.53999999999985,7,400.4199999999999,swap,notBad
9221,7,402.53999999999985,7,400.4199999999999,move,improve
9222,7,402.53999999999985,7,400.4199999999999,swap,notBad
9223,7,402.53999999999985,7,400.4199999999999,swap,notBad
9224,7,402.53999999999985,7,400.4199999999999,swap,notBad
9225,7,402.53999999999985,7,400.4199999999999,2opt,improve
9226,7,402.53999999999985,7,400.4199999999999,2opt,notBad
9227,7,402.53999999999985,7,400.4199999999999,swap,notBad
9228,7,402.53999999999985,7,400.4199999999999,2opt,notBad
9229,7,402.53999999999985,7,400.4199999999999,swap,notBad
9230,7,402.53999999999985,7,400.4199999999999,swap,notBad
9231,7,402.53999999999985,7,400.4199999999999,2opt,notBad
9232,7,402.53999999999985,7,400.4199999999999,swap,notBad
9233,7,402.53999999999985,7,400.4199999999999,2opt,notBad
9234,7,402.53999999999985,7,400.4199999999999,2opt,notBad
9235,7,402.53999999999985,7,400.4199999999999,move,improve
9236,7,402.53999999999985,7,400.4199999999999,2opt,notBad
9237,7,402.53999999999985,7,400.4199999999999,swap,notBad
9238,7,402.53999999999985,7,400.4199999999999,2opt,notBad
9239,7,402.53999999999985,7,400.4199999999999,swap,notBad
9240,7,402.53999999999985,7,400.4199999999999,2opt,notBad
9241,7,402.53999999999985,7,400.4199999999999,move,improve
9242,7,402.53999999999985,7,400.4199999999999,2opt,improve
9243,7,401.6099999999998,7,400.4199999999999,move,improve
9244,7,401.6099999999998,7,400.4199999999999,swap,notBad
9245,7,401.6099999999998,7,400.4199999999999,move,notBad
9246,7,401.6099999999998,7,400.4199999999999,move,improve
9247,7,401.6099999999998,7,400.4199999999999,swap,notBad
9248,7,401.6099999999998,7,400.4199999999999,move,improve
9249,7,401.6099999999998,7,400.4199999999999,swap,notBad
9250,7,401.6099999999998,7,400.4199999999999,swap,notBad
9251,7,401.6099999999998,7,400.4199999999999,move,improve
9252,7,401.6099999999998,7,400.4199999999999,2opt,improve
9253,7,401.6099999999998,7,400.4199999999999,swap,notBad
9254,7,401.6099999999998,7,400.4199999999999,move,improve
9255,7,401.6099999999998,7,400.4199999999999,move,improve
9256,7,401.6099999999998,7,400.4199999999999,move,improve
9257,7,401.6099999999998,7,400.4199999999999,swap,notBad
9258,7,401.6099999999998,7,400.4199999999999,2opt,improve
9259,7,401.6099999999998,7,400.4199999999999,move,improve
9260,7,401.6099999999998,7,400.4199999999999,2opt,notBad
9261,7,401.6099999999998,7,400.4199999999999,move,improve
9262,7,401.6099999999998,7,400.4199999999999,2opt,notBad
9263,7,401.6099999999998,7,400.4199999999999,move,improve
9264,7,401.6099999999998,7,400.4199999999999,2opt,notBad
9265,7,401.6099999999998,7,400.4199999999999,swap,notBad
9266,7,401.6099999999998,7,400.4199999999999,move,improve
9267,7,401.6099999999998,7,400.4199999999999,swap,notBad
9268,7,401.6099999999998,7,400.4199999999999,2opt,improve
9269,7,401.6099999999998,7,400.4199999999999,2opt,notBad
9270,7,401.6099999999998,7,400.4199999999999,move,improve
9271,7,401.6099999999998,7,400.4199999999999,2opt,notBad
9272,7,401.6099999999998,7,400.4199999999999,swap,notBad
9273,7,401.6099999999998,7,400.4199999999999,move,improve
9274,7,401.6099999999998,7,400.4199999999999,2opt,notBad
9275,7,401.6099999999998,7,400.4199999999999,move,improve
9276,7,401.6099999999998,7,400.4199999999999,move,improve
9277,7,401.6099999999998,7,400.4199999999999,2opt,notBad
9278,7,401.6099999999998,7,400.4199999999999,swap,notBad
9279,7,401.6099999999998,7,400.4199999999999,swap,notBad
9280,7,401.6099999999998,7,400.4199999999999,swap,notBad
9281,7,401.6099999999998,7,400.4199999999999,swap,notBad
9282,7,401.6099999999998,7,400.4199999999999,move,improve
9283,7,401.6099999999998,7,400.4199999999999,swap,notBad
9284,7,401.6099999999998,7,400.4199999999999,swap,notBad
9285,7,401.6099999999998,7,400.4199999999999,2opt,notBad
9286,7,401.6099999999998,7,400.4199999999999,move,improve
9287,7,401.6099999999998,7,400.4199999999999,move,improve
9288,7,401.6099999999998,7,400.4199999999999,2opt,notBad
9289,7,401.6099999999998,7,400.4199999999999,move,improve
9290,7,401.6099999999998,7,400.4199999999999,2opt,notBad
9291,7,401.6099999999998,7,400.4199999999999,swap,notBad
9292,7,401.6099999999998,7,400.4199999999999,2opt,notBad
9293,7,401.6099999999998,7,400.4199999999999,2opt,notBad
9294,7,401.6099999999998,7,400.4199999999999,move,improve
9295,7,401.6099999999998,7,400.4199999999999,move,improve
9296,7,401.6099999999998,7,400.4199999999999,move,improve
9297,7,401.6099999999998,7,400.4199999999999,swap,notBad
9298,7,401.6099999999998,7,400.4199999999999,move,improve
9299,7,401.6099999999998,7,400.4199999999999,move,improve
9300,7,401.6099999999998,7,400.4199999999999,move,improve
9301,7,401.6099999999998,7,400.4199999999999,move,improve
9302,7,401.6099999999998,7,400.4199999999999,2opt,notBad
9303,7,401.6099999999998,7,400.4199999999999,swap,notBad
9304,7,401.6099999999998,7,400.4199999999999,swap,notBad
9305,7,401.6099999999998,7,400.4199999999999,move,improve
9306,7,401.6099999999998,7,400.4199999999999,move,improve
9307,7,401.6099999999998,7,400.4199999999999,move,improve
9308,7,401.6099999999998,7,400.4199999999999,move,improve
9309,7,401.6099999999998,7,400.4199999999999,2opt,notBad
9310,7,401.6099999999998,7,400.4199999999999,move,improve
9311,7,401.6099999999998,7,400.4199999999999,move,improve
9312,7,401.6099999999998,7,400.4199999999999,move,improve
9313,7,401.6099999999998,7,400.4199999999999,move,improve
9314,7,401.6099999999998,7,400.4199999999999,move,improve
9315,7,401.6099999999998,7,400.4199999999999,2opt,notBad
9316,7,401.6099999999998,7,400.4199999999999,move,improve
9317,7,401.6099999999998,7,400.4199999999999,2opt,notBad
9318,7,401.6099999999998,7,400.4199999999999,2opt,notBad
9319,7,401.6099999999998,7,400.4199999999999,move,improve
9320,7,401.6099999999998,7,400.4199999999999,2opt,notBad
9321,7,401.6099999999998,7,400.4199999999999,2opt,notBad
9322,7,401.6099999999998,7,400.4199999999999,swap,notBad
9323,7,401.6099999999998,7,400.4199999999999,swap,notBad
9324,7,401.6099999999998,7,400.4199999999999,swap,notBad
9325,7,401.6099999999998,7,400.4199999999999,move,improve
9326,7,401.6099999999998,7,400.4199999999999,swap,notBad
9327,7,401.6099999999998,7,400.4199999999999,swap,notBad
9328,7,401.6099999999998,7,400.4199999999999,2opt,notBad
9329,7,401.6099999999998,7,400.4199999999999,2opt,notBad
9330,7,401.6099999999998,7,400.4199999999999,2opt,notBad
9331,7,401.6099999999998,7,400.4199999999999,swap,notBad
9332,7,401.6099999999998,7,400.4199999999999,2opt,notBad
9333,7,401.6099999999998,7,400.4199999999999,2opt,improve
9334,7,401.6099999999998,7,400.4199999999999,move,improve
9335,7,401.6099999999998,7,400.4199999999999,2opt,notBad
9336,7,401.6099999999998,7,400.4199999999999,2opt,notBad
9337,7,401.6099999999998,7,400.4199999999999,move,improve
9338,7,401.6099999999998,7,400.4199999999999,2opt,notBad
9339,7,401.6099999999998,7,400.4199999999999,swap,notBad
9340,7,401.6099999999998,7,400.4199999999999,swap,notBad
9341,7,401.6099999999998,7,400.4199999999999,2opt,notBad
9342,7,401.6099999999998,7,400.4199999999999,move,improve
9343,7,401.6099999999998,7,400.4199999999999,move,improve
9344,7,401.6099999999998,7,400.4199999999999,move,improve
9345,7,401.6099999999998,7,400.4199999999999,swap,notBad
9346,7,401.6099999999998,7,400.4199999999999,swap,notBad
9347,7,401.6099999999998,7,400.4199999999999,swap,notBad
9348,7,401.6099999999998,7,400.4199999999999,move,improve
9349,7,401.6099999999998,7,400.4199999999999,move,improve
9350,7,401.6099999999998,7,400.4199999999999,swap,notBad
9351,7,401.6099999999998,7,400.4199999999999,2opt,notBad
9352,7,401.6099999999998,7,400.4199999999999,2opt,notBad
9353,7,401.6099999999998,7,400.4199999999999,swap,notBad
9354,7,401.6099999999998,7,400.4199999999999,2opt,notBad
9355,7,401.6099999999998,7,400.4199999999999,swap,notBad
9356,7,401.6099999999998,7,400.4199999999999,swap,notBad
9357,7,401.6099999999998,7,400.4199999999999,2opt,notBad
9358,7,401.6099999999998,7,400.4199999999999,2opt,notBad
9359,7,401.6099999999998,7,400.4199999999999,move,improve
9360,7,401.6099999999998,7,400.4199999999999,swap,notBad
9361,7,401.6099999999998,7,400.4199999999999,move,improve
9362,7,401.6099999999998,7,400.4199999999999,move,improve
9363,7,401.6099999999998,7,400.4199999999999,swap,notBad
9364,7,401.6099999999998,7,400.4199999999999,swap,notBad
9365,7,401.6099999999998,7,400.4199999999999,2opt,improve
9366,7,401.6099999999998,7,400.4199999999999,swap,notBad
9367,7,401.6099999999998,7,400.4199999999999,swap,notBad
9368,7,401.6099999999998,7,400.4199999999999,2opt,notBad
9369,7,401.6099999999998,7,400.4199999999999,swap,notBad
9370,7,401.6099999999998,7,400.4199999999999,move,improve
9371,7,401.6099999999998,7,400.4199999999999,swap,notBad
9372,7,401.6099999999998,7,400.4199999999999,move,improve
9373,7,401.6099999999998,7,400.4199999999999,move,improve
9374,7,401.6099999999998,7,400.4199999999999,2opt,notBad
9375,7,401.6099999999998,7,400.4199999999999,move,improve
9376,7,401.6099999999998,7,400.4199999999999,move,improve
9377,7,401.6099999999998,7,400.4199999999999,move,improve
9378,7,401.6099999999998,7,400.4199999999999,swap,notBad
9379,7,401.6099999999998,7,400.4199999999999,2opt,notBad
9380,7,401.6099999999998,7,400.4199999999999,move,improve
9381,7,401.6099999999998,7,400.4199999999999,swap,notBad
9382,7,401.6099999999998,7,400.4199999999999,move,improve
9383,7,401.6099999999998,7,400.4199999999999,move,improve
9384,7,401.6099999999998,7,400.4199999999999,2opt,notBad
9385,7,401.6099999999998,7,400.4199999999999,swap,notBad
9386,7,401.6099999999998,7,400.4199999999999,2opt,notBad
9387,7,401.6099999999998,7,400.4199999999999,2opt,notBad
9388,7,401.6099999999998,7,400.4199999999999,swap,notBad
9389,7,401.6099999999998,7,400.4199999999999,swap,notBad
9390,7,401.6099999999998,7,400.4199999999999,2opt,notBad
9391,7,401.6099999999998,7,400.4199999999999,2opt,notBad
9392,7,401.6099999999998,7,400.4199999999999,2opt,notBad
9393,7,401.6099999999998,7,400.4199999999999,2opt,notBad
9394,7,401.6099999999998,7,400.4199999999999,move,improve
9395,7,401.6099999999998,7,400.4199999999999,move,improve
9396,7,401.6099999999998,7,400.4199999999999,swap,notBad
9397,7,401.6099999999998,7,400.4199999999999,swap,notBad
9398,7,401.6099999999998,7,400.4199999999999,move,improve
9399,7,401.6099999999998,7,400.4199999999999,2opt,notBad
9400,7,401.6099999999998,7,400.4199999999999,move,improve
9401,7,401.6099999999998,7,400.4199999999999,2opt,notBad
9402,7,401.6099999999998,7,400.4199999999999,2opt,notBad
9403,7,401.6099999999998,7,400.4199999999999,2opt,notBad
9404,7,401.6099999999998,7,400.4199999999999,move,improve
9405,7,401.6099999999998,7,400.4199999999999,move,improve
9406,7,401.6099999999998,7,400.4199999999999,swap,notBad
9407,7,401.6099999999998,7,400.4199999999999,move,improve
9408,7,401.6099999999998,7,400.4199999999999,move,improve
9409,7,401.6099999999998,7,400.4199999999999,swap,notBad
9410,7,401.6099999999998,7,400.4199999999999,2opt,notBad
9411,7,401.6099999999998,7,400.4199999999999,move,improve
9412,7,401.6099999999998,7,400.4199999999999,2opt,notBad
9413,7,401.6099999999998,7,400.4199999999999,2opt,notBad
9414,7,401.6099999999998,7,400.4199999999999,swap,notBad
9415,7,401.6099999999998,7,400.4199999999999,2opt,notBad
9416,7,401.6099999999998,7,400.4199999999999,2opt,notBad
9417,7,401.6099999999998,7,400.4199999999999,swap,notBad
9418,7,401.6099999999998,7,400.4199999999999,2opt,notBad
9419,7,401.6099999999998,7,400.4199999999999,move,notBad
9420,7,401.6099999999998,7,400.4199999999999,swap,notBad
9421,7,401.6099999999998,7,400.4199999999999,swap,notBad
9422,7,401.6099999999998,7,400.4199999999999,move,improve
9423,7,401.6099999999998,7,400.4199999999999,move,improve
9424,7,401.6099999999998,7,400.4199999999999,swap,notBad
9425,7,401.6099999999998,7,400.4199999999999,swap,notBad
9426,7,401.6099999999998,7,400.4199999999999,2opt,notBad
9427,7,401.6099999999998,7,400.4199999999999,move,improve
9428,7,401.6099999999998,7,400.4199999999999,swap,notBad
9429,7,401.6099999999998,7,400.4199999999999,move,improve
9430,7,401.6099999999998,7,400.4199999999999,2opt,notBad
9431,7,401.6099999999998,7,400.4199999999999,move,improve
9432,7,401.6099999999998,7,400.4199999999999,swap,notBad
9433,7,401.6099999999998,7,400.4199999999999,2opt,improve
9434,7,401.6099999999998,7,400.4199999999999,move,improve
9435,7,401.6099999999998,7,400.4199999999999,move,improve
9436,7,401.6099999999998,7,400.4199999999999,swap,notBad
9437,7,401.6099999999998,7,400.4199999999999,move,improve
9438,7,401.6099999999998,7,400.4199999999999,2opt,notBad
9439,7,401.6099999999998,7,400.4199999999999,move,improve
9440,7,401.6099999999998,7,400.4199999999999,move,improve
9441,7,401.6099999999998,7,400.4199999999999,move,improve
9442,7,401.6099999999998,7,400.4199999999999,swap,notBad
9443,7,401.6099999999998,7,400.4199999999999,2opt,notBad
9444,7,401.6099999999998,7,400.4199999999999,move,improve
9445,7,401.6099999999998,7,400.4199999999999,move,improve
9446,7,401.6099999999998,7,400.4199999999999,move,improve
9447,7,401.6099999999998,7,400.4199999999999,2opt,notBad
9448,7,401.6099999999998,7,400.4199999999999,swap,notBad
9449,7,401.6099999999998,7,400.4199999999999,2opt,improve
9450,7,401.6099999999998,7,400.4199999999999,move,improve
9451,7,401.6099999999998,7,400.4199999999999,2opt,notBad
9452,7,401.6099999999998,7,400.4199999999999,move,improve
9453,7,401.6099999999998,7,400.4199999999999,2opt,notBad
9454,7,401.6099999999998,7,400.4199999999999,move,improve
9455,7,401.6099999999998,7,400.4199999999999,swap,notBad
9456,7,401.6099999999998,7,400.4199999999999,2opt,notBad
9457,7,401.6099999999998,7,400.4199999999999,swap,notBad
9458,7,401.6099999999998,7,400.4199999999999,swap,notBad
9459,7,401.6099999999998,7,400.4199999999999,move,improve
9460,7,401.6099999999998,7,400.4199999999999,2opt,notBad
9461,7,401.6099999999998,7,400.4199999999999,2opt,notBad
9462,7,401.6099999999998,7,400.4199999999999,2opt,notBad
9463,7,401.6099999999998,7,400.4199999999999,swap,notBad
9464,7,401.6099999999998,7,400.4199999999999,move,notBad
9465,7,401.6099999999998,7,400.4199999999999,move,improve
9466,7,401.6099999999998,7,400.4199999999999,2opt,notBad
9467,7,401.6099999999998,7,400.4199999999999,move,improve
9468,7,401.6099999999998,7,400.4199999999999,swap,notBad
9469,7,401.6099999999998,7,400.4199999999999,swap,notBad
9470,7,401.6099999999998,7,400.4199999999999,move,improve
9471,7,401.6099999999998,7,400.4199999999999,swap,notBad
9472,7,401.6099999999998,7,400.4199999999999,move,improve
9473,7,401.6099999999998,7,400.4199999999999,2opt,notBad
9474,7,401.6099999999998,7,400.4199999999999,swap,notBad
9475,7,401.6099999999998,7,400.4199999999999,swap,notBad
9476,7,401.6099999999998,7,400.4199999999999,swap,notBad
9477,7,401.6099999999998,7,400.4199999999999,2opt,notBad
9478,7,401.6099999999998,7,400.4199999999999,swap,notBad
9479,7,401.6099999999998,7,400.4199999999999,2opt,improve
9480,7,401.6099999999998,7,400.4199999999999,swap,notBad
9481,7,401.6099999999998,7,400.4199999999999,swap,notBad
9482,7,401.6099999999998,7,400.4199999999999,swap,notBad
9483,7,401.6099999999998,7,400.4199999999999,swap,notBad
9484,7,401.6099999999998,7,400.4199999999999,2opt,notBad
9485,7,401.6099999999998,7,400.4199999999999,move,improve
9486,7,401.6099999999998,7,400.4199999999999,swap,notBad
9487,7,401.6099999999998,7,400.4199999999999,swap,notBad
9488,7,401.6099999999998,7,400.4199999999999,move,improve
9489,7,401.6099999999998,7,400.4199999999999,move,improve
9490,7,401.6099999999998,7,400.4199999999999,swap,notBad
9491,7,401.6099999999998,7,400.4199999999999,swap,notBad
9492,7,401.6099999999998,7,400.4199999999999,move,improve
9493,7,401.6099999999998,7,400.4199999999999,2opt,notBad
9494,7,401.6099999999998,7,400.4199999999999,swap,notBad
9495,7,401.6099999999998,7,400.4199999999999,2opt,notBad
9496,7,401.6099999999998,7,400.4199999999999,move,improve
9497,7,401.6099999999998,7,400.4199999999999,2opt,notBad
9498,7,401.6099999999998,7,400.4199999999999,swap,notBad
9499,7,401.6099999999998,7,400.4199999999999,2opt,notBad
9500,7,401.6099999999998,7,400.4199999999999,swap,notBad
9501,7,401.6099999999998,7,400.4199999999999,move,improve
9502,7,401.6099999999998,7,400.4199999999999,move,improve
9503,7,401.6099999999998,7,400.4199999999999,2opt,notBad
9504,7,401.6099999999998,7,400.4199999999999,2opt,notBad
9505,7,401.6099999999998,7,400.4199999999999,swap,notBad
9506,7,401.6099999999998,7,400.4199999999999,2opt,notBad
9507,7,401.6099999999998,7,400.4199999999999,2opt,notBad
9508,7,401.6099999999998,7,400.4199999999999,2opt,notBad
9509,7,401.6099999999998,7,400.4199999999999,2opt,notBad
9510,7,401.6099999999998,7,400.4199999999999,swap,notBad
9511,7,401.6099999999998,7,400.4199999999999,swap,notBad
9512,7,401.6099999999998,7,400.4199999999999,2opt,notBad
9513,7,401.6099999999998,7,400.4199999999999,2opt,notBad
9514,7,401.6099999999998,7,400.4199999999999,2opt,notBad
9515,7,401.6099999999998,7,400.4199999999999,swap,notBad
9516,7,401.6099999999998,7,400.4199999999999,move,improve
9517,7,401.6099999999998,7,400.4199999999999,move,improve
9518,7,401.6099999999998,7,400.4199999999999,2opt,notBad
9519,7,401.6099999999998,7,400.4199999999999,swap,notBad
9520,7,401.6099999999998,7,400.4199999999999,2opt,notBad
9521,7,401.6099999999998,7,400.4199999999999,swap,notBad
9522,7,401.6099999999998,7,400.4199999999999,move,improve
9523,7,401.6099999999998,7,400.4199999999999,2opt,notBad
9524,7,401.6099999999998,7,400.4199999999999,2opt,notBad
9525,7,401.6099999999998,7,400.4199999999999,swap,notBad
9526,7,401.6099999999998,7,400.4199999999999,move,improve
9527,7,401.6099999999998,7,400.4199999999999,swap,notBad
9528,7,401.6099999999998,7,400.4199999999999,2opt,notBad
9529,7,401.6099999999998,7,400.4199999999999,2opt,notBad
9530,7,401.6099999999998,7,400.4199999999999,move,improve
9531,7,401.6099999999998,7,400.4199999999999,move,improve
9532,7,401.6099999999998,7,400.4199999999999,swap,notBad
9533,7,401.6099999999998,7,400.4199999999999,move,improve
9534,7,401.6099999999998,7,400.4199999999999,move,improve
9535,7,401.6099999999998,7,400.4199999999999,2opt,notBad
9536,7,401.6099999999998,7,400.4199999999999,2opt,notBad
9537,7,401.6099999999998,7,400.4199999999999,2opt,improve
9538,7,401.6099999999998,7,400.4199999999999,swap,notBad
9539,7,401.6099999999998,7,400.4199999999999,2opt,notBad
9540,7,401.6099999999998,7,400.4199999999999,swap,notBad
9541,7,401.6099999999998,7,400.4199999999999,2opt,notBad
9542,7,401.6099999999998,7,400.4199999999999,move,improve
9543,7,401.6099999999998,7,400.4199999999999,swap,notBad
9544,7,401.6099999999998,7,400.4199999999999,swap,notBad
9545,7,401.6099999999998,7,400.4199999999999,swap,notBad
9546,7,401.6099999999998,7,400.4199999999999,2opt,notBad
9547,7,401.6099999999998,7,400.4199999999999,move,improve
9548,7,401.6099999999998,7,400.4199999999999,2opt,notBad
9549,7,401.6099999999998,7,400.4199999999999,move,improve
9550,7,401.6099999999998,7,400.4199999999999,move,improve
9551,7,401.6099999999998,7,400.4199999999999,swap,notBad
9552,7,401.6099999999998,7,400.4199999999999,move,improve
9553,7,401.6099999999998,7,400.4199999999999,swap,notBad
9554,7,401.6099999999998,7,400.4199999999999,swap,notBad
9555,7,401.6099999999998,7,400.4199999999999,swap,notBad
9556,7,401.6099999999998,7,400.4199999999999,2opt,notBad
9557,7,401.6099999999998,7,400.4199999999999,swap,notBad
9558,7,401.6099999999998,7,400.4199999999999,swap,notBad
9559,7,401.6099999999998,7,400.4199999999999,swap,notBad
9560,7,401.6099999999998,7,400.4199999999999,2opt,notBad
9561,7,401.6099999999998,7,400.4199999999999,move,improve
9562,7,401.6099999999998,7,400.4199999999999,2opt,notBad
9563,7,401.6099999999998,7,400.4199999999999,move,improve
9564,7,401.6099999999998,7,400.4199999999999,move,improve
9565,7,401.6099999999998,7,400.4199999999999,swap,notBad
9566,7,401.6099999999998,7,400.4199999999999,2opt,notBad
9567,7,401.6099999999998,7,400.4199999999999,swap,notBad
9568,7,401.6099999999998,7,400.4199999999999,2opt,notBad
9569,7,401.6099999999998,7,400.4199999999999,move,improve
9570,7,401.6099999999998,7,400.4199999999999,move,improve
9571,7,401.6099999999998,7,400.4199999999999,swap,notBad
9572,7,401.6099999999998,7,400.4199999999999,swap,notBad
9573,7,401.6099999999998,7,400.4199999999999,2opt,improve
9574,7,401.6099999999998,7,400.4199999999999,move,improve
9575,7,401.6099999999998,7,400.4199999999999,move,improve
9576,7,401.6099999999998,7,400.4199999999999,2opt,notBad
9577,7,401.6099999999998,7,400.4199999999999,swap,notBad
9578,7,401.6099999999998,7,400.4199999999999,swap,notBad
9579,7,401.6099999999998,7,400.4199999999999,2opt,notBad
9580,7,401.6099999999998,7,400.4199999999999,swap,notBad
9581,7,401.6099999999998,7,400.4199999999999,move,improve
9582,7,401.6099999999998,7,400.4199999999999,2opt,notBad
9583,7,401.6099999999998,7,400.4199999999999,move,improve
9584,7,401.6099999999998,7,400.4199999999999,2opt,notBad
9585,7,401.6099999999998,7,400.4199999999999,move,improve
9586,7,401.6099999999998,7,400.4199999999999,2opt,notBad
9587,7,401.6099999999998,7,400.4199999999999,swap,notBad
9588,7,401.6099999999998,7,400.4199999999999,swap,notBad
9589,7,401.6099999999998,7,400.4199999999999,2opt,notBad
9590,7,401.6099999999998,7,400.4199999999999,move,improve
9591,7,401.6099999999998,7,400.4199999999999,move,improve
9592,7,401.6099999999998,7,400.4199999999999,move,improve
9593,7,401.6099999999998,7,400.4199999999999,swap,notBad
9594,7,401.6099999999998,7,400.4199999999999,move,improve
9595,7,401.6099999999998,7,400.4199999999999,2opt,notBad
9596,7,401.6099999999998,7,400.4199999999999,swap,notBad
9597,7,401.6099999999998,7,400.4199999999999,swap,notBad
9598,7,401.6099999999998,7,400.4199999999999,move,improve
9599,7,401.6099999999998,7,400.4199999999999,move,improve
9600,7,401.6099999999998,7,400.4199999999999,2opt,notBad
9601,7,401.6099999999998,7,400.4199999999999,swap,notBad
9602,7,401.6099999999998,7,400.4199999999999,swap,notBad
9603,7,401.6099999999998,7,400.4199999999999,swap,notBad
9604,7,401.6099999999998,7,400.4199999999999,swap,notBad
9605,7,401.6099999999998,7,400.4199999999999,move,improve
9606,7,401.6099999999998,7,400.4199999999999,2opt,notBad
9607,7,401.6099999999998,7,400.4199999999999,2opt,notBad
9608,7,401.6099999999998,7,400.4199999999999,2opt,notBad
9609,7,401.6099999999998,7,400.4199999999999,swap,notBad
9610,7,401.6099999999998,7,400.4199999999999,move,improve
9611,7,401.6099999999998,7,400.4199999999999,swap,notBad
9612,7,401.6099999999998,7,400.4199999999999,move,improve
9613,7,401.6099999999998,7,400.4199999999999,swap,notBad
9614,7,401.6099999999998,7,400.4199999999999,swap,notBad
9615,7,401.6099999999998,7,400.4199999999999,move,improve
9616,7,401.6099999999998,7,400.4199999999999,swap,notBad
9617,7,401.6099999999998,7,400.4199999999999,2opt,notBad
9618,7,401.6099999999998,7,400.4199999999999,move,improve
9619,7,401.6099999999998,7,400.4199999999999,move,improve
9620,7,401.6099999999998,7,400.4199999999999,swap,notBad
9621,7,401.6099999999998,7,400.4199999999999,2opt,notBad
9622,7,401.6099999999998,7,400.4199999999999,swap,notBad
9623,7,401.6099999999998,7,400.4199999999999,2opt,notBad
9624,7,401.6099999999998,7,400.4199999999999,2opt,notBad
9625,7,401.6099999999998,7,400.4199999999999,swap,notBad
9626,7,401.6099999999998,7,400.4199999999999,swap,notBad
9627,7,401.6099999999998,7,400.4199999999999,swap,notBad
9628,7,401.6099999999998,7,400.4199999999999,2opt,notBad
9629,7,401.6099999999998,7,400.4199999999999,swap,notBad
9630,7,401.6099999999998,7,400.4199999999999,swap,notBad
9631,7,401.6099999999998,7,400.4199999999999,2opt,improve
9632,7,401.6099999999998,7,400.4199999999999,swap,notBad
9633,7,401.6099999999998,7,400.4199999999999,swap,notBad
9634,7,401.6099999999998,7,400.4199999999999,swap,notBad
9635,7,401.6099999999998,7,400.4199999999999,2opt,notBad
9636,7,401.6099999999998,7,400.4199999999999,move,improve
9637,7,401.6099999999998,7,400.4199999999999,2opt,improve
9638,7,401.6099999999998,7,400.4199999999999,2opt,notBad
9639,7,401.6099999999998,7,400.4199999999999,2opt,notBad
9640,7,401.6099999999998,7,400.4199999999999,move,improve
9641,7,401.6099999999998,7,400.4199999999999,move,improve
9642,7,401.6099999999998,7,400.4199999999999,move,improve
9643,7,401.6099999999998,7,400.4199999999999,2opt,notBad
9644,7,401.6099999999998,7,400.4199999999999,move,improve
9645,7,401.6099999999998,7,400.4199999999999,swap,notBad
9646,7,401.6099999999998,7,400.4199999999999,move,improve
9647,7,401.6099999999998,7,400.4199999999999,2opt,notBad
9648,7,401.6099999999998,7,400.4199999999999,2opt,notBad
9649,7,401.6099999999998,7,400.4199999999999,swap,notBad
9650,7,401.6099999999998,7,400.4199999999999,2opt,improve
9651,7,401.6099999999998,7,400.4199999999999,move,improve
9652,7,401.6099999999998,7,400.4199999999999,2opt,notBad
9653,7,401.6099999999998,7,400.4199999999999,move,improve
9654,7,401.6099999999998,7,400.4199999999999,swap,notBad
9655,7,401.6099999999998,7,400.4199999999999,swap,notBad
9656,7,401.6099999999998,7,400.4199999999999,swap,notBad
9657,7,401.6099999999998,7,400.4199999999999,move,improve
9658,7,401.6099999999998,7,400.4199999999999,2opt,notBad
9659,7,401.6099999999998,7,400.4199999999999,2opt,notBad
9660,7,401.6099999999998,7,400.4199999999999,move,improve
9661,7,401.6099999999998,7,400.4199999999999,swap,notBad
9662,7,401.6099999999998,7,400.4199999999999,swap,notBad
9663,7,401.6099999999998,7,400.4199999999999,2opt,improve
9664,7,401.6099999999998,7,400.4199999999999,2opt,notBad
9665,7,401.6099999999998,7,400.4199999999999,2opt,improve
9666,7,401.6099999999998,7,400.4199999999999,2opt,notBad
9667,7,401.6099999999998,7,400.4199999999999,2opt,notBad
9668,7,401.6099999999998,7,400.4199999999999,2opt,notBad
9669,7,401.6099999999998,7,400.4199999999999,move,improve
9670,7,401.6099999999998,7,400.4199999999999,move,improve
9671,7,401.6099999999998,7,400.4199999999999,2opt,notBad
9672,7,401.6099999999998,7,400.4199999999999,swap,notBad
9673,7,401.6099999999998,7,400.4199999999999,2opt,notBad
9674,7,401.6099999999998,7,400.4199999999999,2opt,notBad
9675,7,401.6099999999998,7,400.4199999999999,swap,notBad
9676,7,401.6099999999998,7,400.4199999999999,move,improve
9677,7,401.6099999999998,7,400.4199999999999,2opt,notBad
9678,7,401.6099999999998,7,400.4199999999999,swap,notBad
9679,7,401.6099999999998,7,400.4199999999999,swap,notBad
9680,7,401.6099999999998,7,400.4199999999999,2opt,notBad
9681,7,401.6099999999998,7,400.4199999999999,swap,notBad
9682,7,401.6099999999998,7,400.4199999999999,move,improve
9683,7,401.6099999999998,7,400.4199999999999,swap,notBad
9684,7,401.6099999999998,7,400.4199999999999,2opt,notBad
9685,7,401.6099999999998,7,400.4199999999999,2opt,notBad
9686,7,401.6099999999998,7,400.4199999999999,2opt,notBad
9687,7,401.6099999999998,7,400.4199999999999,2opt,notBad
9688,7,401.6099999999998,7,400.4199999999999,move,improve
9689,7,401.6099999999998,7,400.4199999999999,swap,notBad
9690,7,401.6099999999998,7,400.4199999999999,swap,notBad
9691,7,401.6099999999998,7,400.4199999999999,2opt,notBad
9692,7,401.6099999999998,7,400.4199999999999,swap,notBad
9693,7,401.6099999999998,7,400.4199999999999,swap,notBad
9694,7,401.6099999999998,7,400.4199999999999,swap,notBad
9695,7,401.6099999999998,7,400.4199999999999,swap,notBad
9696,7,401.6099999999998,7,400.4199999999999,swap,notBad
9697,7,401.6099999999998,7,400.4199999999999,swap,notBad
9698,7,401.6099999999998,7,400.4199999999999,swap,notBad
9699,7,401.6099999999998,7,400.4199999999999,2opt,notBad
9700,7,401.6099999999998,7,400.4199999999999,swap,notBad
9701,7,401.6099999999998,7,400.4199999999999,swap,notBad
9702,7,401.6099999999998,7,400.4199999999999,move,improve
9703,7,401.6099999999998,7,400.4199999999999,swap,notBad
9704,7,401.6099999999998,7,400.4199999999999,swap,notBad
9705,7,401.6099999999998,7,400.4199999999999,2opt,notBad
9706,7,401.6099999999998,7,400.4199999999999,2opt,improve
9707,7,401.6099999999998,7,400.4199999999999,swap,notBad
9708,7,401.6099999999998,7,400.4199999999999,2opt,notBad
9709,7,401.6099999999998,7,400.4199999999999,swap,notBad
9710,7,401.6099999999998,7,400.4199999999999,move,notBad
9711,7,401.6099999999998,7,400.4199999999999,swap,notBad
9712,7,401.6099999999998,7,400.4199999999999,move,improve
9713,7,401.6099999999998,7,400.4199999999999,2opt,notBad
9714,7,401.6099999999998,7,400.4199999999999,move,improve
9715,7,401.6099999999998,7,400.4199999999999,2opt,notBad
9716,7,401.6099999999998,7,400.4199999999999,swap,notBad
9717,7,401.6099999999998,7,400.4199999999999,2opt,improve
9718,7,401.6099999999998,7,400.4199999999999,move,improve
9719,7,401.6099999999998,7,400.4199999999999,swap,notBad
9720,7,401.6099999999998,7,400.4199999999999,swap,notBad
9721,7,401.6099999999998,7,400.4199999999999,2opt,improve
9722,7,401.6099999999998,7,400.4199999999999,2opt,notBad
9723,7,401.6099999999998,7,400.4199999999999,2opt,notBad
9724,7,401.6099999999998,7,400.4199999999999,2opt,notBad
9725,7,401.6099999999998,7,400.4199999999999,move,improve
9726,7,401.6099999999998,7,400.4199999999999,move,improve
9727,7,401.6099999999998,7,400.4199999999999,move,improve
9728,7,401.6099999999998,7,400.4199999999999,swap,notBad
9729,7,401.6099999999998,7,400.4199999999999,2opt,notBad
9730,7,401.6099999999998,7,400.4199999999999,move,improve
9731,7,401.6099999999998,7,400.4199999999999,swap,notBad
9732,7,401.6099999999998,7,400.4199999999999,2opt,notBad
9733,7,401.6099999999998,7,400.4199999999999,2opt,improve
9734,7,401.6099999999998,7,400.4199999999999,move,improve
9735,7,401.6099999999998,7,400.4199999999999,move,improve
9736,7,401.6099999999998,7,400.4199999999999,2opt,notBad
9737,7,401.6099999999998,7,400.4199999999999,2opt,notBad
9738,7,401.6099999999998,7,400.4199999999999,move,improve
9739,7,401.6099999999998,7,400.4199999999999,move,improve
9740,7,401.6099999999998,7,400.4199999999999,move,improve
9741,7,401.6099999999998,7,400.4199999999999,move,improve
9742,7,401.6099999999998,7,400.4199999999999,swap,notBad
9743,7,401.6099999999998,7,400.4199999999999,move,improve
9744,7,401.6099999999998,7,400.4199999999999,move,improve
9745,7,401.6099999999998,7,400.4199999999999,2opt,notBad
9746,7,401.6099999999998,7,400.4199999999999,2opt,improve
9747,7,401.6099999999998,7,400.4199999999999,swap,notBad
9748,7,401.6099999999998,7,400.4199999999999,2opt,improve
9749,7,401.6099999999998,7,400.4199999999999,move,improve
9750,7,401.6099999999998,7,400.4199999999999,swap,notBad
9751,7,401.6099999999998,7,400.4199999999999,swap,notBad
9752,7,401.6099999999998,7,400.4199999999999,2opt,notBad
9753,7,401.6099999999998,7,400.4199999999999,swap,notBad
9754,7,401.6099999999998,7,400.4199999999999,move,improve
9755,7,401.6099999999998,7,400.4199999999999,2opt,notBad
9756,7,401.6099999999998,7,400.4199999999999,2opt,notBad
9757,7,401.6099999999998,7,400.4199999999999,swap,notBad
9758,7,401.6099999999998,7,400.4199999999999,swap,notBad
9759,7,401.6099999999998,7,400.4199999999999,2opt,notBad
9760,7,401.6099999999998,7,400.4199999999999,move,improve
9761,7,401.6099999999998,7,400.4199999999999,move,improve
9762,7,401.6099999999998,7,400.4199999999999,2opt,notBad
9763,7,401.6099999999998,7,400.4199999999999,move,improve
9764,7,401.6099999999998,7,400.4199999999999,swap,notBad
9765,7,401.6099999999998,7,400.4199999999999,move,improve
9766,7,401.6099999999998,7,400.4199999999999,move,improve
9767,7,401.6099999999998,7,400.4199999999999,swap,notBad
9768,7,401.6099999999998,7,400.4199999999999,swap,notBad
9769,7,401.6099999999998,7,400.4199999999999,move,improve
9770,7,401.6099999999998,7,400.4199999999999,swap,notBad
9771,7,401.6099999999998,7,400.4199999999999,move,improve
9772,7,401.6099999999998,7,400.4199999999999,2opt,notBad
9773,7,401.6099999999998,7,400.4199999999999,move,improve
9774,7,401.6099999999998,7,400.4199999999999,swap,notBad
9775,7,401.6099999999998,7,400.4199999999999,swap,notBad
9776,7,401.6099999999998,7,400.4199999999999,move,improve
9777,7,401.6099999999998,7,400.4199999999999,2opt,notBad
9778,7,401.6099999999998,7,400.4199999999999,2opt,notBad
9779,7,401.6099999999998,7,400.4199999999999,2opt,notBad
9780,7,401.6099999999998,7,400.4199999999999,swap,notBad
9781,7,401.6099999999998,7,400.4199999999999,2opt,notBad
9782,7,401.6099999999998,7,400.4199999999999,2opt,notBad
9783,7,401.6099999999998,7,400.4199999999999,2opt,notBad
9784,7,401.6099999999998,7,400.4199999999999,2opt,notBad
9785,7,401.6099999999998,7,400.4199999999999,move,improve
9786,7,401.6099999999998,7,400.4199999999999,2opt,notBad
9787,7,401.6099999999998,7,400.4199999999999,2opt,notBad
9788,7,401.6099999999998,7,400.4199999999999,swap,notBad
9789,7,401.6099999999998,7,400.4199999999999,swap,notBad
9790,7,401.6099999999998,7,400.4199999999999,2opt,notBad
9791,7,401.6099999999998,7,400.4199999999999,2opt,improve
9792,7,401.6099999999998,7,400.4199999999999,move,improve
9793,7,401.6099999999998,7,400.4199999999999,2opt,notBad
9794,7,401.6099999999998,7,400.4199999999999,move,improve
9795,7,401.6099999999998,7,400.4199999999999,swap,notBad
9796,7,401.6099999999998,7,400.4199999999999,2opt,notBad
9797,7,401.6099999999998,7,400.4199999999999,2opt,notBad
9798,7,401.6099999999998,7,400.4199999999999,move,improve
9799,7,401.6099999999998,7,400.4199999999999,swap,notBad
9800,7,401.6099999999998,7,400.4199999999999,swap,notBad
9801,7,401.6099999999998,7,400.4199999999999,move,improve
9802,7,401.6099999999998,7,400.4199999999999,swap,notBad
9803,7,401.6099999999998,7,400.4199999999999,swap,notBad
9804,7,401.6099999999998,7,400.4199999999999,2opt,notBad
9805,7,401.6099999999998,7,400.4199999999999,move,improve
9806,7,401.6099999999998,7,400.4199999999999,move,improve
9807,7,401.6099999999998,7,400.4199999999999,swap,notBad
9808,7,401.6099999999998,7,400.4199999999999,swap,notBad
9809,7,401.6099999999998,7,400.4199999999999,2opt,notBad
9810,7,401.6099999999998,7,400.4199999999999,swap,notBad
9811,7,401.6099999999998,7,400.4199999999999,move,improve
9812,7,401.6099999999998,7,400.4199999999999,move,improve
9813,7,401.6099999999998,7,400.4199999999999,2opt,notBad
9814,7,401.6099999999998,7,400.4199999999999,2opt,improve
9815,7,401.6099999999998,7,400.4199999999999,2opt,notBad
9816,7,401.6099999999998,7,400.4199999999999,2opt,notBad
9817,7,401.6099999999998,7,400.4199999999999,2opt,notBad
9818,7,401.6099999999998,7,400.4199999999999,swap,notBad
9819,7,401.6099999999998,7,400.4199999999999,move,improve
9820,7,401.6099999999998,7,400.4199999999999,2opt,notBad
9821,7,401.6099999999998,7,400.4199999999999,move,improve
9822,7,401.6099999999998,7,400.4199999999999,2opt,notBad
9823,7,401.6099999999998,7,400.4199999999999,2opt,notBad
9824,7,401.6099999999998,7,400.4199999999999,move,improve
9825,7,401.6099999999998,7,400.4199999999999,move,improve
9826,7,401.6099999999998,7,400.4199999999999,move,improve
9827,7,401.6099999999998,7,400.4199999999999,swap,notBad
9828,7,401.6099999999998,7,400.4199999999999,2opt,notBad
9829,7,401.6099999999998,7,400.4199999999999,2opt,notBad
9830,7,401.6099999999998,7,400.4199999999999,move,improve
9831,7,401.6099999999998,7,400.4199999999999,move,improve
9832,7,401.6099999999998,7,400.4199999999999,swap,notBad
9833,7,401.6099999999998,7,400.4199999999999,swap,notBad
9834,7,401.6099999999998,7,400.4199999999999,swap,notBad
9835,7,401.6099999999998,7,400.4199999999999,swap,notBad
9836,7,401.6099999999998,7,400.4199999999999,move,improve
9837,7,401.6099999999998,7,400.4199999999999,move,improve
9838,7,401.6099999999998,7,400.4199999999999,move,notBad
9839,7,401.6099999999998,7,400.4199999999999,swap,notBad
9840,7,401.6099999999998,7,400.4199999999999,swap,notBad
9841,7,401.6099999999998,7,400.4199999999999,2opt,notBad
9842,7,401.6099999999998,7,400.4199999999999,move,improve
9843,7,401.6099999999998,7,400.4199999999999,swap,notBad
9844,7,401.6099999999998,7,400.4199999999999,swap,notBad
9845,7,401.6099999999998,7,400.4199999999999,swap,notBad
9846,7,401.6099999999998,7,400.4199999999999,swap,notBad
9847,7,401.6099999999998,7,400.4199999999999,swap,notBad
9848,7,401.6099999999998,7,400.4199999999999,2opt,notBad
9849,7,401.6099999999998,7,400.4199999999999,swap,notBad
9850,7,401.6099999999998,7,400.4199999999999,move,improve
9851,7,401.6099999999998,7,400.4199999999999,2opt,notBad
9852,7,401.6099999999998,7,400.4199999999999,swap,notBad
9853,7,401.6099999999998,7,400.4199999999999,swap,notBad
9854,7,401.6099999999998,7,400.4199999999999,move,improve
9855,7,401.6099999999998,7,400.4199999999999,swap,notBad
9856,7,401.6099999999998,7,400.4199999999999,swap,notBad
9857,7,401.6099999999998,7,400.4199999999999,move,improve
9858,7,401.6099999999998,7,400.4199999999999,move,improve
9859,7,401.6099999999998,7,400.4199999999999,2opt,notBad
9860,7,401.6099999999998,7,400.4199999999999,swap,notBad
9861,7,401.6099999999998,7,400.4199999999999,swap,notBad
9862,7,401.6099999999998,7,400.4199999999999,swap,notBad
9863,7,401.6099999999998,7,400.4199999999999,2opt,notBad
9864,7,401.6099999999998,7,400.4199999999999,swap,notBad
9865,7,401.6099999999998,7,400.4199999999999,swap,notBad
9866,7,401.6099999999998,7,400.4199999999999,move,improve
9867,7,401.6099999999998,7,400.4199999999999,2opt,notBad
9868,7,401.6099999999998,7,400.4199999999999,move,improve
9869,7,401.6099999999998,7,400.4199999999999,2opt,notBad
9870,7,401.6099999999998,7,400.4199999999999,2opt,notBad
9871,7,401.6099999999998,7,400.4199999999999,2opt,notBad
9872,7,401.6099999999998,7,400.4199999999999,2opt,notBad
9873,7,401.6099999999998,7,400.4199999999999,swap,notBad
9874,7,401.6099999999998,7,400.4199999999999,2opt,notBad
9875,7,401.6099999999998,7,400.4199999999999,2opt,improve
9876,7,401.6099999999998,7,400.4199999999999,swap,notBad
9877,7,401.6099999999998,7,400.4199999999999,2opt,notBad
9878,7,401.6099999999998,7,400.4199999999999,swap,notBad
9879,7,401.6099999999998,7,400.4199999999999,2opt,notBad
9880,7,401.6099999999998,7,400.4199999999999,2opt,improve
9881,7,401.6099999999998,7,400.4199999999999,2opt,notBad
9882,7,401.6099999999998,7,400.4199999999999,move,improve
9883,7,401.6099999999998,7,400.4199999999999,swap,notBad
9884,7,401.6099999999998,7,400.4199999999999,2opt,notBad
9885,7,401.6099999999998,7,400.4199999999999,move,improve
9886,7,401.6099999999998,7,400.4199999999999,2opt,improve
9887,7,401.6099999999998,7,400.4199999999999,swap,notBad
9888,7,401.6099999999998,7,400.4199999999999,2opt,notBad
9889,7,401.6099999999998,7,400.4199999999999,2opt,notBad
9890,7,401.6099999999998,7,400.4199999999999,move,improve
9891,7,401.6099999999998,7,400.4199999999999,swap,notBad
9892,7,401.6099999999998,7,400.4199999999999,2opt,notBad
9893,7,401.6099999999998,7,400.4199999999999,move,improve
9894,7,401.6099999999998,7,400.4199999999999,swap,notBad
9895,7,401.6099999999998,7,400.4199999999999,swap,notBad
9896,7,401.6099999999998,7,400.4199999999999,swap,notBad
9897,7,401.6099999999998,7,400.4199999999999,swap,notBad
9898,7,401.6099999999998,7,400.4199999999999,move,improve
9899,7,401.6099999999998,7,400.4199999999999,swap,notBad
9900,7,401.6099999999998,7,400.4199999999999,2opt,notBad
9901,7,401.6099999999998,7,400.4199999999999,2opt,improve
9902,7,401.6099999999998,7,400.4199999999999,move,improve
9903,7,401.6099999999998,7,400.4199999999999,swap,notBad
9904,7,401.6099999999998,7,400.4199999999999,2opt,notBad
9905,7,401.6099999999998,7,400.4199999999999,swap,notBad
9906,7,401.6099999999998,7,400.4199999999999,move,improve
9907,7,401.6099999999998,7,400.4199999999999,2opt,notBad
9908,7,401.6099999999998,7,400.4199999999999,move,improve
9909,7,401.6099999999998,7,400.4199999999999,2opt,notBad
9910,7,401.6099999999998,7,400.4199999999999,swap,notBad
9911,7,401.6099999999998,7,400.4199999999999,move,improve
9912,7,401.6099999999998,7,400.4199999999999,move,improve
9913,7,401.6099999999998,7,400.4199999999999,move,improve
9914,7,401.6099999999998,7,400.4199999999999,swap,notBad
9915,7,401.6099999999998,7,400.4199999999999,swap,notBad
9916,7,401.6099999999998,7,400.4199999999999,move,improve
9917,7,401.6099999999998,7,400.4199999999999,swap,notBad
9918,7,401.6099999999998,7,400.4199999999999,swap,notBad
9919,7,401.6099999999998,7,400.4199999999999,move,improve
9920,7,401.6099999999998,7,400.4199999999999,swap,notBad
9921,7,401.6099999999998,7,400.4199999999999,2opt,improve
9922,7,401.6099999999998,7,400.4199999999999,swap,notBad
9923,7,401.6099999999998,7,400.4199999999999,swap,notBad
9924,7,401.6099999999998,7,400.4199999999999,move,improve
9925,7,401.6099999999998,7,400.4199999999999,move,improve
9926,7,401.6099999999998,7,400.4199999999999,move,improve
9927,7,401.6099999999998,7,400.4199999999999,swap,notBad
9928,7,401.6099999999998,7,400.4199999999999,move,improve
9929,7,401.6099999999998,7,400.4199999999999,2opt,notBad
9930,7,401.6099999999998,7,400.4199999999999,swap,notBad
9931,7,401.6099999999998,7,400.4199999999999,2opt,notBad
9932,7,401.6099999999998,7,400.4199999999999,move,improve
9933,7,401.6099999999998,7,400.4199999999999,2opt,notBad
9934,7,401.6099999999998,7,400.4199999999999,2opt,notBad
9935,7,401.6099999999998,7,400.4199999999999,swap,notBad
9936,7,401.6099999999998,7,400.4199999999999,2opt,notBad
9937,7,401.6099999999998,7,400.4199999999999,move,improve
9938,7,401.6099999999998,7,400.4199999999999,swap,notBad
9939,7,401.6099999999998,7,400.4199999999999,swap,notBad
9940,7,401.6099999999998,7,400.4199999999999,2opt,notBad
9941,7,401.6099999999998,7,400.4199999999999,2opt,improve
9942,7,401.6099999999998,7,400.4199999999999,move,improve
9943,7,401.6099999999998,7,400.4199999999999,2opt,notBad
9944,7,401.6099999999998,7,400.4199999999999,move,improve
9945,7,401.6099999999998,7,400.4199999999999,2opt,notBad
9946,7,401.6099999999998,7,400.4199999999999,move,improve
9947,7,401.6099999999998,7,400.4199999999999,2opt,notBad
9948,7,401.6099999999998,7,400.4199999999999,2opt,notBad
9949,7,401.6099999999998,7,400.4199999999999,swap,notBad
9950,7,401.6099999999998,7,400.4199999999999,move,improve
9951,7,401.6099999999998,7,400.4199999999999,swap,notBad
9952,7,401.6099999999998,7,400.4199999999999,2opt,improve
9953,7,401.6099999999998,7,400.4199999999999,2opt,notBad
9954,7,401.6099999999998,7,400.4199999999999,2opt,notBad
9955,7,401.6099999999998,7,400.4199999999999,move,improve
9956,7,401.6099999999998,7,400.4199999999999,move,improve
9957,7,401.6099999999998,7,400.4199999999999,move,improve
9958,7,401.6099999999998,7,400.4199999999999,move,improve
9959,7,401.6099999999998,7,400.4199999999999,swap,notBad
9960,7,401.6099999999998,7,400.4199999999999,move,improve
9961,7,401.6099999999998,7,400.4199999999999,swap,notBad
9962,7,401.6099999999998,7,400.4199999999999,swap,notBad
9963,7,401.6099999999998,7,400.4199999999999,2opt,notBad
9964,7,401.6099999999998,7,400.4199999999999,2opt,notBad
9965,7,401.6099999999998,7,400.4199999999999,swap,notBad
9966,7,401.6099999999998,7,400.4199999999999,2opt,notBad
9967,7,401.6099999999998,7,400.4199999999999,2opt,improve
9968,7,401.6099999999998,7,400.4199999999999,swap,notBad
9969,7,401.6099999999998,7,400.4199999999999,move,improve
9970,7,401.6099999999998,7,400.4199999999999,2opt,notBad
9971,7,401.6099999999998,7,400.4199999999999,2opt,notBad
9972,7,401.6099999999998,7,400.4199999999999,move,improve
9973,7,401.6099999999998,7,400.4199999999999,2opt,notBad
9974,7,401.6099999999998,7,400.4199999999999,swap,notBad
9975,7,401.6099999999998,7,400.4199999999999,move,improve
9976,7,401.6099999999998,7,400.4199999999999,move,improve
9977,7,401.6099999999998,7,400.4199999999999,swap,notBad
9978,7,401.6099999999998,7,400.4199999999999,2opt,notBad
9979,7,401.6099999999998,7,400.4199999999999,swap,notBad
9980,7,401.6099999999998,7,400.4199999999999,swap,notBad
9981,7,401.6099999999998,7,400.4199999999999,2opt,notBad
9982,7,401.6099999999998,7,400.4199999999999,swap,notBad
9983,7,401.6099999999998,7,400.4199999999999,swap,notBad
9984,7,401.6099999999998,7,400.4199999999999,2opt,notBad
9985,7,401.6099999999998,7,400.4199999999999,swap,notBad
9986,7,401.6099999999998,7,400.4199999999999,move,improve
9987,7,401.6099999999998,7,400.4199999999999,move,improve
9988,7,401.6099999999998,7,400.4199999999999,2opt,notBad
9989,7,401.6099999999998,7,400.4199999999999,2opt,notBad
9990,7,401.6099999999998,7,400.4199999999999,move,improve
9991,7,401.6099999999998,7,400.4199999999999,move,improve
9992,7,401.6099999999998,7,400.4199999999999,swap,notBad
9993,7,401.6099999999998,7,400.4199999999999,move,improve
9994,7,401.6099999999998,7,400.4199999999999,swap,notBad
9995,7,401.6099999999998,7,400.4199999999999,swap,notBad
9996,7,401.6099999999998,7,400.4199999999999,swap,notBad
9997,7,401.6099999999998,7,400.4199999999999,2opt,improve
9998,7,401.6099999999998,7,400.4199999999999,move,improve
9999,7,401.6099999999998,7,400.4199999999999,move,improve
10000,7,401.6099999999998,7,400.4199999999999,move,improve
10001,7,401.6099999999998,7,400.4199999999999,2opt,notBad
10002,7,401.6099999999998,7,400.4199999999999,swap,notBad
10003,7,401.6099999999998,7,400.4199999999999,2opt,notBad
10004,7,401.6099999999998,7,400.4199999999999,2opt,notBad
10005,7,401.6099999999998,7,400.4199999999999,2opt,notBad
10006,7,401.6099999999998,7,400.4199999999999,swap,notBad
10007,7,401.6099999999998,7,400.4199999999999,swap,notBad
10008,7,401.6099999999998,7,400.4199999999999,swap,notBad
10009,7,401.6099999999998,7,400.4199999999999,2opt,notBad
10010,7,401.6099999999998,7,400.4199999999999,swap,notBad
10011,7,401.6099999999998,7,400.4199999999999,move,improve
10012,7,401.6099999999998,7,400.4199999999999,2opt,notBad
10013,7,401.6099999999998,7,400.4199999999999,move,improve
10014,7,401.6099999999998,7,400.4199999999999,2opt,notBad
10015,7,401.6099999999998,7,400.4199999999999,move,improve
10016,7,401.6099999999998,7,400.4199999999999,swap,notBad
10017,7,401.6099999999998,7,400.4199999999999,2opt,notBad
10018,7,401.6099999999998,7,400.4199999999999,2opt,notBad
10019,7,401.6099999999998,7,400.4199999999999,2opt,notBad
10020,7,401.6099999999998,7,400.4199999999999,2opt,notBad
10021,7,401.6099999999998,7,400.4199999999999,swap,notBad
10022,7,401.6099999999998,7,400.4199999999999,move,improve
10023,7,401.6099999999998,7,400.4199999999999,2opt,notBad
10024,7,401.6099999999998,7,400.4199999999999,move,improve
10025,7,401.6099999999998,7,400.4199999999999,move,improve
10026,7,401.6099999999998,7,400.4199999999999,move,improve
10027,7,401.6099999999998,7,400.4199999999999,move,improve
10028,7,401.6099999999998,7,400.4199999999999,2opt,notBad
10029,7,401.6099999999998,7,400.4199999999999,move,improve
10030,7,401.6099999999998,7,400.4199999999999,swap,notBad
10031,7,401.6099999999998,7,400.4199999999999,swap,notBad
10032,7,401.6099999999998,7,400.4199999999999,2opt,notBad
10033,7,401.6099999999998,7,400.4199999999999,2opt,notBad
10034,7,401.6099999999998,7,400.4199999999999,move,improve
10035,7,401.6099999999998,7,400.4199999999999,move,improve
10036,7,401.6099999999998,7,400.4199999999999,2opt,notBad
10037,7,401.6099999999998,7,400.4199999999999,move,improve
10038,7,401.6099999999998,7,400.4199999999999,move,improve
10039,7,401.6099999999998,7,400.4199999999999,move,improve
10040,7,401.6099999999998,7,400.4199999999999,swap,notBad
10041,7,401.6099999999998,7,400.4199999999999,swap,notBad
10042,7,401.6099999999998,7,400.4199999999999,2opt,notBad
10043,7,401.6099999999998,7,400.4199999999999,swap,notBad
10044,7,401.6099999999998,7,400.4199999999999,swap,notBad
10045,7,401.6099999999998,7,400.4199999999999,2opt,notBad
10046,7,401.6099999999998,7,400.4199999999999,move,improve
10047,7,401.6099999999998,7,400.4199999999999,move,improve
10048,7,401.6099999999998,7,400.4199999999999,2opt,notBad
10049,7,401.6099999999998,7,400.4199999999999,move,notBad
10050,7,401.6099999999998,7,400.4199999999999,move,improve
10051,7,401.6099999999998,7,400.4199999999999,swap,notBad
10052,7,401.6099999999998,7,400.4199999999999,2opt,notBad
10053,7,401.6099999999998,7,400.4199999999999,swap,notBad
10054,7,401.6099999999998,7,400.4199999999999,swap,notBad
10055,7,401.6099999999998,7,400.4199999999999,2opt,notBad
10056,7,401.6099999999998,7,400.4199999999999,swap,notBad
10057,7,401.6099999999998,7,400.4199999999999,swap,notBad
10058,7,401.6099999999998,7,400.4199999999999,swap,notBad
10059,7,401.6099999999998,7,400.4199999999999,swap,notBad
10060,7,401.6099999999998,7,400.4199999999999,move,improve
10061,7,401.6099999999998,7,400.4199999999999,swap,notBad
10062,7,401.6099999999998,7,400.4199999999999,2opt,notBad
10063,7,401.6099999999998,7,400.4199999999999,2opt,notBad
10064,7,401.6099999999998,7,400.4199999999999,move,improve
10065,7,401.6099999999998,7,400.4199999999999,2opt,notBad
10066,7,401.6099999999998,7,400.4199999999999,move,improve
10067,7,401.6099999999998,7,400.4199999999999,swap,notBad
10068,7,401.6099999999998,7,400.4199999999999,move,improve
10069,7,401.6099999999998,7,400.4199999999999,2opt,notBad
10070,7,401.6099999999998,7,400.4199999999999,move,improve
10071,7,401.6099999999998,7,400.4199999999999,2opt,notBad
10072,7,401.6099999999998,7,400.4199999999999,swap,notBad
10073,7,401.6099999999998,7,400.4199999999999,2opt,notBad
10074,7,401.6099999999998,7,400.4199999999999,2opt,notBad
10075,7,401.6099999999998,7,400.4199999999999,move,improve
10076,7,401.6099999999998,7,400.4199999999999,move,improve
10077,7,401.6099999999998,7,400.4199999999999,move,improve
10078,7,401.6099999999998,7,400.4199999999999,swap,notBad
10079,7,401.6099999999998,7,400.4199999999999,move,improve
10080,7,401.6099999999998,7,400.4199999999999,swap,notBad
10081,7,401.6099999999998,7,400.4199999999999,2opt,notBad
10082,7,401.6099999999998,7,400.4199999999999,move,improve
10083,7,401.6099999999998,7,400.4199999999999,swap,notBad
10084,7,401.6099999999998,7,400.4199999999999,move,improve
10085,7,401.6099999999998,7,400.4199999999999,move,improve
10086,7,401.6099999999998,7,400.4199999999999,2opt,notBad
10087,7,401.6099999999998,7,400.4199999999999,2opt,notBad
10088,7,401.6099999999998,7,400.4199999999999,2opt,improve
10089,7,401.6099999999998,7,400.4199999999999,move,improve
10090,7,401.6099999999998,7,400.4199999999999,swap,notBad
10091,7,401.6099999999998,7,400.4199999999999,swap,notBad
10092,7,401.6099999999998,7,400.4199999999999,2opt,improve
10093,7,401.6099999999998,7,400.4199999999999,swap,notBad
10094,7,401.6099999999998,7,400.4199999999999,2opt,notBad
10095,7,401.6099999999998,7,400.4199999999999,swap,notBad
10096,7,401.6099999999998,7,400.4199999999999,swap,notBad
10097,7,401.6099999999998,7,400.4199999999999,2opt,notBad
10098,7,401.6099999999998,7,400.4199999999999,swap,notBad
10099,7,401.6099999999998,7,400.4199999999999,2opt,notBad
10100,7,401.6099999999998,7,400.4199999999999,swap,notBad
10101,7,401.6099999999998,7,400.4199999999999,move,improve
10102,7,401.6099999999998,7,400.4199999999999,2opt,notBad
10103,7,401.6099999999998,7,400.4199999999999,swap,notBad
10104,7,401.6099999999998,7,400.4199999999999,2opt,notBad
10105,7,401.6099999999998,7,400.4199999999999,swap,notBad
10106,7,401.6099999999998,7,400.4199999999999,2opt,notBad
10107,7,401.6099999999998,7,400.4199999999999,swap,notBad
10108,7,401.6099999999998,7,400.4199999999999,2opt,notBad
10109,7,401.6099999999998,7,400.4199999999999,move,improve
10110,7,401.6099999999998,7,400.4199999999999,2opt,notBad
10111,7,401.6099999999998,7,400.4199999999999,move,improve
10112,7,401.6099999999998,7,400.4199999999999,move,improve
10113,7,401.6099999999998,7,400.4199999999999,move,improve
10114,7,401.6099999999998,7,400.4199999999999,swap,notBad
10115,7,401.6099999999998,7,400.4199999999999,move,improve
10116,7,401.6099999999998,7,400.4199999999999,2opt,notBad
10117,7,401.6099999999998,7,400.4199999999999,swap,notBad
10118,7,401.6099999999998,7,400.4199999999999,swap,notBad
10119,7,401.6099999999998,7,400.4199999999999,swap,notBad
10120,7,401.6099999999998,7,400.4199999999999,2opt,notBad
10121,7,401.6099999999998,7,400.4199999999999,move,improve
10122,7,401.6099999999998,7,400.4199999999999,move,improve
10123,7,401.6099999999998,7,400.4199999999999,2opt,notBad
10124,7,401.6099999999998,7,400.4199999999999,swap,notBad
10125,7,401.6099999999998,7,400.4199999999999,move,improve
10126,7,401.6099999999998,7,400.4199999999999,move,improve
10127,7,401.6099999999998,7,400.4199999999999,move,improve
10128,7,401.6099999999998,7,400.4199999999999,2opt,notBad
10129,7,401.6099999999998,7,400.4199999999999,2opt,improve
10130,7,401.6099999999998,7,400.4199999999999,swap,notBad
10131,7,401.6099999999998,7,400.4199999999999,swap,notBad
10132,7,401.6099999999998,7,400.4199999999999,swap,notBad
10133,7,401.6099999999998,7,400.4199999999999,swap,notBad
10134,7,401.6099999999998,7,400.4199999999999,move,improve
10135,7,401.6099999999998,7,400.4199999999999,2opt,notBad
10136,7,401.6099999999998,7,400.4199999999999,2opt,notBad
10137,7,401.6099999999998,7,400.4199999999999,swap,notBad
10138,7,401.6099999999998,7,400.4199999999999,swap,notBad
10139,7,401.6099999999998,7,400.4199999999999,swap,notBad
10140,7,401.6099999999998,7,400.4199999999999,swap,notBad
10141,7,401.6099999999998,7,400.4199999999999,swap,notBad
10142,7,401.6099999999998,7,400.4199999999999,move,improve
10143,7,401.6099999999998,7,400.4199999999999,swap,notBad
10144,7,401.6099999999998,7,400.4199999999999,move,improve
10145,7,401.6099999999998,7,400.4199999999999,swap,notBad
10146,7,401.6099999999998,7,400.4199999999999,swap,notBad
10147,7,401.6099999999998,7,400.4199999999999,2opt,notBad
10148,7,401.6099999999998,7,400.4199999999999,swap,notBad
10149,7,401.6099999999998,7,400.4199999999999,swap,notBad
10150,7,401.6099999999998,7,400.4199999999999,2opt,notBad
10151,7,401.6099999999998,7,400.4199999999999,move,notBad
10152,7,401.6099999999998,7,400.4199999999999,2opt,notBad
10153,7,401.6099999999998,7,400.4199999999999,2opt,notBad
10154,7,401.6099999999998,7,400.4199999999999,swap,notBad
10155,7,401.6099999999998,7,400.4199999999999,move,improve
10156,7,401.6099999999998,7,400.4199999999999,move,improve
10157,7,401.6099999999998,7,400.4199999999999,2opt,notBad
10158,7,401.6099999999998,7,400.4199999999999,move,improve
10159,7,401.6099999999998,7,400.4199999999999,swap,notBad
10160,7,401.6099999999998,7,400.4199999999999,2opt,improve
10161,7,401.6099999999998,7,400.4199999999999,move,improve
10162,7,401.6099999999998,7,400.4199999999999,swap,notBad
10163,7,401.6099999999998,7,400.4199999999999,swap,notBad
10164,7,401.6099999999998,7,400.4199999999999,move,improve
10165,7,401.6099999999998,7,400.4199999999999,move,improve
10166,7,401.6099999999998,7,400.4199999999999,swap,notBad
10167,7,401.6099999999998,7,400.4199999999999,move,improve
10168,7,401.6099999999998,7,400.4199999999999,move,improve
10169,7,401.6099999999998,7,400.4199999999999,2opt,improve
10170,7,401.6099999999998,7,400.4199999999999,2opt,notBad
10171,7,401.6099999999998,7,400.4199999999999,2opt,notBad
10172,7,401.6099999999998,7,400.4199999999999,move,improve
10173,7,401.6099999999998,7,400.4199999999999,swap,notBad
10174,7,401.6099999999998,7,400.4199999999999,move,improve
10175,7,401.6099999999998,7,400.4199999999999,2opt,notBad
10176,7,401.6099999999998,7,400.4199999999999,2opt,notBad
10177,7,401.6099999999998,7,400.4199999999999,swap,notBad
10178,7,401.6099999999998,7,400.4199999999999,2opt,notBad
10179,7,401.6099999999998,7,400.4199999999999,2opt,notBad
10180,7,401.6099999999998,7,400.4199999999999,2opt,notBad
10181,7,401.6099999999998,7,400.4199999999999,2opt,notBad
10182,7,401.6099999999998,7,400.4199999999999,2opt,notBad
10183,7,401.6099999999998,7,400.4199999999999,swap,notBad
10184,7,401.6099999999998,7,400.4199999999999,move,improve
10185,7,401.6099999999998,7,400.4199999999999,2opt,notBad
10186,7,401.6099999999998,7,400.4199999999999,swap,notBad
10187,7,401.6099999999998,7,400.4199999999999,2opt,improve
10188,7,401.6099999999998,7,400.4199999999999,2opt,improve
10189,7,401.6099999999998,7,400.4199999999999,2opt,notBad
10190,7,401.6099999999998,7,400.4199999999999,2opt,notBad
10191,7,401.6099999999998,7,400.4199999999999,swap,notBad
10192,7,401.6099999999998,7,400.4199999999999,move,improve
10193,7,401.6099999999998,7,400.4199999999999,swap,notBad
10194,7,401.6099999999998,7,400.4199999999999,swap,notBad
10195,7,401.6099999999998,7,400.4199999999999,move,improve
