i,vehi,obj,vehiBest,objBest,loFunc,note
1,19,2074.1999999999994,18,2020.7999999999997,2opt,acceptBad
2,19,2074.1999999999994,18,2020.7999999999997,move,improve
3,19,2104.0999999999985,18,2020.7999999999997,2opt,acceptBad
4,19,2116.8999999999987,18,2020.7999999999997,swap,acceptBad
5,19,2156.299999999999,18,2020.7999999999997,swap,acceptBad
6,19,2156.299999999999,18,2020.7999999999997,move,improve
7,20,2194.599999999998,18,2020.7999999999997,2opt,acceptBad
8,20,2216.099999999998,18,2020.7999999999997,swap,acceptBad
9,20,2209.599999999998,18,2020.7999999999997,move,improve
10,20,2208.599999999998,18,2020.7999999999997,swap,improve
11,20,2198.199999999999,18,2020.7999999999997,2opt,improve
12,20,2244.399999999999,18,2020.7999999999997,swap,acceptBad
13,20,2248.8,18,2020.7999999999997,2opt,acceptBad
14,20,2248.8,18,2020.7999999999997,2opt,improve
15,20,2275.3999999999996,18,2020.7999999999997,swap,acceptBad
16,20,2279.0,18,2020.7999999999997,swap,acceptBad
17,20,2246.2,18,2020.7999999999997,2opt,improve
18,20,2225.9999999999995,18,2020.7999999999997,swap,improve
19,20,2228.2999999999997,18,2020.7999999999997,swap,acceptBad
20,20,2228.2999999999997,18,2020.7999999999997,move,improve
21,20,2213.7999999999997,18,2020.7999999999997,move,improve
22,20,2221.7999999999997,18,2020.7999999999997,swap,acceptBad
23,20,2251.0000000000005,18,2020.7999999999997,2opt,acceptBad
24,20,2208.1000000000004,18,2020.7999999999997,move,improve
25,20,2224.5000000000005,18,2020.7999999999997,swap,acceptBad
26,20,2230.1999999999985,18,2020.7999999999997,2opt,acceptBad
27,20,2230.1999999999985,18,2020.7999999999997,2opt,improve
28,20,2230.1999999999985,18,2020.7999999999997,swap,improve
29,20,2228.0999999999985,18,2020.7999999999997,swap,improve
30,20,2227.999999999998,18,2020.7999999999997,2opt,improve
31,20,2227.999999999998,18,2020.7999999999997,move,improve
32,20,2229.299999999998,18,2020.7999999999997,swap,acceptBad
33,20,2221.4000000000005,18,2020.7999999999997,2opt,improve
34,20,2244.9000000000005,18,2020.7999999999997,swap,acceptBad
35,20,2206.9,18,2020.7999999999997,swap,improve
36,20,2206.9,18,2020.7999999999997,move,improve
37,20,2182.6,18,2020.7999999999997,move,improve
38,20,2182.6,18,2020.7999999999997,move,improve
39,20,2166.8,18,2020.7999999999997,move,improve
40,21,2213.2000000000003,18,2020.7999999999997,2opt,acceptBad
41,21,2230.4000000000005,18,2020.7999999999997,swap,acceptBad
42,21,2229.7000000000007,18,2020.7999999999997,move,improve
43,21,2221.2000000000003,18,2020.7999999999997,move,improve
44,21,2221.2000000000003,18,2020.7999999999997,move,improve
45,21,2204.2,18,2020.7999999999997,2opt,improve
46,21,2190.0,18,2020.7999999999997,swap,improve
47,21,2249.4999999999995,18,2020.7999999999997,swap,acceptBad
48,21,2273.399999999999,18,2020.7999999999997,swap,acceptBad
49,21,2257.899999999999,18,2020.7999999999997,move,improve
50,21,2262.8999999999996,18,2020.7999999999997,2opt,acceptBad
51,21,2262.8999999999996,18,2020.7999999999997,move,improve
52,21,2287.7999999999997,18,2020.7999999999997,swap,acceptBad
53,21,2292.7,18,2020.7999999999997,swap,acceptBad
54,21,2295.3999999999996,18,2020.7999999999997,2opt,acceptBad
55,21,2260.0,18,2020.7999999999997,move,improve
56,21,2258.3999999999996,18,2020.7999999999997,move,improve
57,21,2258.3999999999996,18,2020.7999999999997,move,improve
58,21,2251.9,18,2020.7999999999997,move,improve
59,22,2301.2999999999997,18,2020.7999999999997,2opt,acceptBad
60,22,2295.7999999999997,18,2020.7999999999997,2opt,improve
61,22,2318.7999999999997,18,2020.7999999999997,2opt,acceptBad
62,22,2320.2999999999997,18,2020.7999999999997,swap,acceptBad
63,22,2343.2000000000003,18,2020.7999999999997,2opt,acceptBad
64,22,2383.3999999999996,18,2020.7999999999997,swap,acceptBad
65,22,2381.7999999999997,18,2020.7999999999997,swap,improve
66,22,2381.6999999999994,18,2020.7999999999997,swap,improve
67,22,2380.0999999999995,18,2020.7999999999997,move,improve
68,22,2409.8999999999996,18,2020.7999999999997,swap,acceptBad
69,22,2410.7999999999997,18,2020.7999999999997,swap,acceptBad
70,22,2418.1999999999994,18,2020.7999999999997,swap,acceptBad
71,22,2418.9999999999995,18,2020.7999999999997,swap,acceptBad
72,22,2406.4999999999995,18,2020.7999999999997,move,improve
73,22,2404.7000000000003,18,2020.7999999999997,swap,improve
74,22,2397.3,18,2020.7999999999997,move,improve
75,22,2379.9,18,2020.7999999999997,swap,improve
76,22,2342.3000000000006,18,2020.7999999999997,move,improve
77,22,2331.1000000000004,18,2020.7999999999997,move,improve
78,23,2371.1000000000004,18,2020.7999999999997,2opt,acceptBad
79,23,2412.8000000000006,18,2020.7999999999997,swap,acceptBad
80,23,2403.7999999999997,18,2020.7999999999997,2opt,improve
81,23,2391.2,18,2020.7999999999997,move,improve
82,23,2355.9999999999995,18,2020.7999999999997,2opt,improve
83,23,2332.4999999999995,18,2020.7999999999997,swap,improve
84,23,2332.2,18,2020.7999999999997,move,improve
85,23,2350.0999999999995,18,2020.7999999999997,swap,acceptBad
86,23,2343.199999999999,18,2020.7999999999997,2opt,improve
87,23,2339.9,18,2020.7999999999997,2opt,improve
88,23,2372.2,18,2020.7999999999997,swap,acceptBad
89,23,2365.2999999999997,18,2020.7999999999997,2opt,improve
90,23,2377.7000000000003,18,2020.7999999999997,2opt,acceptBad
91,23,2390.6,18,2020.7999999999997,2opt,acceptBad
92,23,2390.7,18,2020.7999999999997,2opt,acceptBad
93,23,2411.0999999999985,18,2020.7999999999997,2opt,acceptBad
94,23,2486.8999999999987,18,2020.7999999999997,swap,acceptBad
95,23,2486.8999999999987,18,2020.7999999999997,move,improve
96,23,2512.7999999999993,18,2020.7999999999997,2opt,acceptBad
97,24,2554.9999999999986,18,2020.7999999999997,2opt,acceptBad
98,24,2527.9999999999986,18,2020.7999999999997,swap,improve
99,24,2527.9999999999986,18,2020.7999999999997,move,improve
100,24,2533.2999999999997,18,2020.7999999999997,2opt,acceptBad
101,24,2549.2,18,2020.7999999999997,swap,acceptBad
102,24,2565.699999999999,18,2020.7999999999997,2opt,acceptBad
103,24,2571.4999999999995,18,2020.7999999999997,2opt,acceptBad
104,24,2560.6,18,2020.7999999999997,swap,improve
105,24,2559.8999999999996,18,2020.7999999999997,move,improve
106,24,2606.2999999999993,18,2020.7999999999997,2opt,acceptBad
107,24,2600.999999999999,18,2020.7999999999997,swap,improve
108,24,2602.999999999999,18,2020.7999999999997,swap,acceptBad
109,24,2602.999999999999,18,2020.7999999999997,move,improve
110,24,2625.6,18,2020.7999999999997,2opt,acceptBad
111,24,2595.2999999999993,18,2020.7999999999997,move,improve
112,24,2639.4999999999995,18,2020.7999999999997,2opt,acceptBad
113,24,2645.399999999999,18,2020.7999999999997,swap,acceptBad
114,24,2645.399999999999,18,2020.7999999999997,2opt,improve
115,24,2619.3999999999996,18,2020.7999999999997,move,improve
116,24,2675.9999999999995,18,2020.7999999999997,swap,acceptBad
117,24,2665.7,18,2020.7999999999997,move,improve
118,24,2676.9,18,2020.7999999999997,2opt,acceptBad
119,24,2674.2999999999997,18,2020.7999999999997,swap,improve
120,24,2672.0,18,2020.7999999999997,move,improve
121,24,2683.2999999999997,18,2020.7999999999997,2opt,acceptBad
122,24,2702.2,18,2020.7999999999997,2opt,acceptBad
123,24,2722.1999999999994,18,2020.7999999999997,2opt,acceptBad
124,24,2704.6999999999994,18,2020.7999999999997,move,improve
125,24,2711.7999999999993,18,2020.7999999999997,swap,acceptBad
126,24,2710.399999999999,18,2020.7999999999997,move,improve
127,24,2710.399999999999,18,2020.7999999999997,swap,improve
128,24,2682.2,18,2020.7999999999997,move,improve
129,24,2665.599999999999,18,2020.7999999999997,2opt,improve
130,24,2650.8999999999996,18,2020.7999999999997,swap,improve
131,24,2658.9999999999995,18,2020.7999999999997,2opt,acceptBad
132,24,2648.3999999999996,18,2020.7999999999997,swap,improve
133,24,2655.899999999999,18,2020.7999999999997,swap,acceptBad
134,25,2693.799999999999,18,2020.7999999999997,2opt,acceptBad
135,25,2729.099999999999,18,2020.7999999999997,2opt,acceptBad
136,25,2725.999999999999,18,2020.7999999999997,move,improve
137,25,2724.9999999999986,18,2020.7999999999997,swap,improve
138,25,2747.599999999999,18,2020.7999999999997,swap,acceptBad
139,25,2698.6999999999994,18,2020.7999999999997,move,improve
140,25,2756.399999999999,18,2020.7999999999997,swap,acceptBad
141,25,2728.7,18,2020.7999999999997,2opt,improve
142,25,2773.2,18,2020.7999999999997,swap,acceptBad
143,25,2807.1999999999994,18,2020.7999999999997,2opt,acceptBad
144,25,2751.2999999999997,18,2020.7999999999997,swap,improve
145,25,2745.3999999999987,18,2020.7999999999997,2opt,improve
146,25,2667.499999999999,18,2020.7999999999997,swap,improve
147,25,2690.899999999999,18,2020.7999999999997,swap,acceptBad
148,25,2640.0999999999995,18,2020.7999999999997,move,improve
149,25,2641.7999999999993,18,2020.7999999999997,swap,acceptBad
150,25,2644.9999999999986,18,2020.7999999999997,2opt,acceptBad
151,26,2664.8999999999987,18,2020.7999999999997,2opt,acceptBad
152,26,2654.5999999999985,18,2020.7999999999997,swap,improve
153,26,2658.099999999998,18,2020.7999999999997,swap,acceptBad
154,26,2660.7999999999984,18,2020.7999999999997,swap,acceptBad
155,26,2732.1,18,2020.7999999999997,2opt,acceptBad
156,26,2714.8,18,2020.7999999999997,swap,improve
157,27,2717.6,18,2020.7999999999997,2opt,acceptBad
158,27,2720.2,18,2020.7999999999997,swap,acceptBad
159,27,2720.2,18,2020.7999999999997,move,improve
160,27,2710.8999999999996,18,2020.7999999999997,2opt,improve
161,27,2720.999999999999,18,2020.7999999999997,2opt,acceptBad
162,27,2720.999999999999,18,2020.7999999999997,move,improve
163,27,2731.2999999999993,18,2020.7999999999997,2opt,acceptBad
164,27,2726.7999999999997,18,2020.7999999999997,swap,improve
165,27,2736.0999999999995,18,2020.7999999999997,2opt,acceptBad
166,27,2716.999999999999,18,2020.7999999999997,swap,improve
167,27,2726.2999999999993,18,2020.7999999999997,swap,acceptBad
168,27,2710.699999999999,18,2020.7999999999997,swap,improve
169,27,2701.999999999999,18,2020.7999999999997,2opt,improve
170,27,2710.5999999999995,18,2020.7999999999997,2opt,acceptBad
171,27,2678.9999999999995,18,2020.7999999999997,swap,improve
172,27,2663.1,18,2020.7999999999997,move,improve
173,27,2637.2,18,2020.7999999999997,move,improve
174,27,2624.7999999999997,18,2020.7999999999997,swap,improve
175,27,2608.3999999999996,18,2020.7999999999997,2opt,improve
176,27,2622.7999999999993,18,2020.7999999999997,2opt,acceptBad
177,27,2633.0,18,2020.7999999999997,swap,acceptBad
178,27,2630.9999999999995,18,2020.7999999999997,move,improve
179,27,2630.9999999999995,18,2020.7999999999997,move,improve
180,27,2692.2000000000003,18,2020.7999999999997,swap,acceptBad
181,27,2739.8,18,2020.7999999999997,2opt,acceptBad
182,27,2705.7999999999997,18,2020.7999999999997,swap,improve
183,27,2740.7000000000003,18,2020.7999999999997,swap,acceptBad
184,27,2740.7000000000003,18,2020.7999999999997,2opt,improve
185,27,2738.1000000000004,18,2020.7999999999997,move,improve
186,27,2728.4000000000005,18,2020.7999999999997,move,improve
187,26,2706.2999999999993,18,2020.7999999999997,2opt,improve
188,26,2706.2,18,2020.7999999999997,2opt,improve
189,26,2718.9999999999995,18,2020.7999999999997,swap,acceptBad
190,26,2761.7999999999993,18,2020.7999999999997,swap,acceptBad
191,26,2738.5999999999995,18,2020.7999999999997,move,improve
192,26,2727.399999999999,18,2020.7999999999997,move,improve
193,26,2727.7999999999993,18,2020.7999999999997,swap,acceptBad
194,26,2748.7999999999984,18,2020.7999999999997,2opt,acceptBad
195,26,2750.199999999999,18,2020.7999999999997,swap,acceptBad
196,26,2749.0000000000005,18,2020.7999999999997,2opt,improve
197,26,2749.0000000000005,18,2020.7999999999997,move,improve
198,26,2798.2000000000003,18,2020.7999999999997,swap,acceptBad
199,26,2790.3999999999996,18,2020.7999999999997,2opt,improve
200,26,2799.2999999999997,18,2020.7999999999997,swap,acceptBad
201,26,2797.4999999999995,18,2020.7999999999997,move,improve
202,26,2790.2,18,2020.7999999999997,swap,improve
203,26,2757.7,18,2020.7999999999997,swap,improve
204,26,2772.7,18,2020.7999999999997,swap,acceptBad
205,26,2721.4,18,2020.7999999999997,swap,improve
206,26,2733.600000000001,18,2020.7999999999997,2opt,acceptBad
207,26,2741.0000000000005,18,2020.7999999999997,swap,acceptBad
208,26,2740.7000000000003,18,2020.7999999999997,move,improve
209,26,2740.7000000000003,18,2020.7999999999997,move,improve
210,26,2740.7000000000003,18,2020.7999999999997,move,improve
211,26,2741.1,18,2020.7999999999997,swap,acceptBad
212,26,2741.1,18,2020.7999999999997,move,improve
213,26,2741.1000000000004,18,2020.7999999999997,swap,acceptBad
214,26,2721.1000000000004,18,2020.7999999999997,swap,improve
215,26,2729.7000000000003,18,2020.7999999999997,2opt,acceptBad
216,26,2718.7000000000007,18,2020.7999999999997,move,improve
217,26,2686.7000000000007,18,2020.7999999999997,swap,improve
218,26,2720.400000000001,18,2020.7999999999997,2opt,acceptBad
219,26,2736.4000000000015,18,2020.7999999999997,swap,acceptBad
220,26,2748.4000000000015,18,2020.7999999999997,swap,acceptBad
221,26,2714.900000000001,18,2020.7999999999997,move,improve
222,26,2710.300000000001,18,2020.7999999999997,swap,improve
223,26,2688.1000000000004,18,2020.7999999999997,swap,improve
224,26,2688.1000000000004,18,2020.7999999999997,move,improve
225,26,2656.2000000000007,18,2020.7999999999997,move,improve
226,26,2656.2000000000007,18,2020.7999999999997,move,improve
227,26,2627.7000000000007,18,2020.7999999999997,move,improve
228,26,2626.3000000000006,18,2020.7999999999997,swap,improve
229,26,2668.100000000001,18,2020.7999999999997,swap,acceptBad
230,26,2668.100000000001,18,2020.7999999999997,move,improve
231,26,2674.4000000000005,18,2020.7999999999997,swap,acceptBad
232,26,2665.3000000000006,18,2020.7999999999997,swap,improve
233,26,2665.3000000000006,18,2020.7999999999997,2opt,improve
234,27,2714.8000000000006,18,2020.7999999999997,2opt,acceptBad
235,27,2720.100000000001,18,2020.7999999999997,swap,acceptBad
236,27,2748.3,18,2020.7999999999997,2opt,acceptBad
237,27,2767.8999999999996,18,2020.7999999999997,swap,acceptBad
238,27,2821.9,18,2020.7999999999997,swap,acceptBad
239,27,2792.2,18,2020.7999999999997,move,improve
240,27,2791.7,18,2020.7999999999997,move,improve
241,27,2791.7,18,2020.7999999999997,move,improve
242,27,2786.1,18,2020.7999999999997,move,improve
243,27,2810.100000000001,18,2020.7999999999997,2opt,acceptBad
244,27,2804.500000000001,18,2020.7999999999997,2opt,improve
245,27,2808.000000000001,18,2020.7999999999997,swap,acceptBad
246,27,2787.900000000001,18,2020.7999999999997,swap,improve
247,27,2792.600000000001,18,2020.7999999999997,swap,acceptBad
248,27,2761.900000000001,18,2020.7999999999997,move,improve
249,27,2753.900000000001,18,2020.7999999999997,move,improve
250,28,2748.6000000000004,18,2020.7999999999997,2opt,improve
251,28,2746.4,18,2020.7999999999997,move,improve
252,28,2746.4,18,2020.7999999999997,move,improve
253,28,2770.1000000000004,18,2020.7999999999997,2opt,acceptBad
254,28,2764.1000000000004,18,2020.7999999999997,2opt,improve
255,28,2769.5,18,2020.7999999999997,swap,acceptBad
256,28,2778.4999999999995,18,2020.7999999999997,swap,acceptBad
257,28,2778.4999999999995,18,2020.7999999999997,move,improve
258,28,2774.9999999999995,18,2020.7999999999997,swap,improve
259,28,2803.7999999999997,18,2020.7999999999997,swap,acceptBad
260,28,2756.2999999999993,18,2020.7999999999997,swap,improve
261,28,2760.2000000000003,18,2020.7999999999997,2opt,acceptBad
262,28,2761.1,18,2020.7999999999997,swap,acceptBad
263,28,2835.1,18,2020.7999999999997,swap,acceptBad
264,28,2812.8,18,2020.7999999999997,swap,improve
265,28,2845.000000000001,18,2020.7999999999997,2opt,acceptBad
266,28,2845.000000000001,18,2020.7999999999997,move,improve
267,28,2845.000000000001,18,2020.7999999999997,2opt,improve
268,28,2835.100000000001,18,2020.7999999999997,2opt,improve
269,28,2855.9,18,2020.7999999999997,swap,acceptBad
270,28,2869.800000000001,18,2020.7999999999997,2opt,acceptBad
271,28,2846.5000000000014,18,2020.7999999999997,move,improve
272,27,2799.900000000001,18,2020.7999999999997,move,improve
273,27,2796.8000000000006,18,2020.7999999999997,swap,improve
274,27,2812.9000000000005,18,2020.7999999999997,2opt,acceptBad
275,27,2848.600000000001,18,2020.7999999999997,2opt,acceptBad
276,27,2872.300000000001,18,2020.7999999999997,2opt,acceptBad
277,27,2894.300000000001,18,2020.7999999999997,swap,acceptBad
278,27,2880.400000000001,18,2020.7999999999997,move,improve
279,27,2892.5000000000014,18,2020.7999999999997,swap,acceptBad
280,27,2874.3000000000015,18,2020.7999999999997,move,improve
281,28,2912.200000000002,18,2020.7999999999997,2opt,acceptBad
282,28,2892.400000000002,18,2020.7999999999997,swap,improve
283,28,2890.900000000002,18,2020.7999999999997,swap,improve
284,28,2901.800000000002,18,2020.7999999999997,swap,acceptBad
285,28,2953.6000000000017,18,2020.7999999999997,swap,acceptBad
286,28,2952.000000000002,18,2020.7999999999997,move,improve
287,28,2950.9000000000015,18,2020.7999999999997,2opt,improve
288,28,2950.9000000000015,18,2020.7999999999997,move,improve
289,28,2950.2000000000007,18,2020.7999999999997,2opt,improve
290,28,2954.600000000001,18,2020.7999999999997,swap,acceptBad
291,28,2976.2000000000007,18,2020.7999999999997,swap,acceptBad
292,28,2910.2000000000007,18,2020.7999999999997,move,improve
293,28,2937.9,18,2020.7999999999997,2opt,acceptBad
294,28,2887.8999999999996,18,2020.7999999999997,swap,improve
295,28,2867.8,18,2020.7999999999997,move,improve
296,28,2877.9999999999995,18,2020.7999999999997,swap,acceptBad
297,28,2875.2,18,2020.7999999999997,move,improve
298,28,2875.5999999999995,18,2020.7999999999997,swap,acceptBad
299,28,2832.599999999999,18,2020.7999999999997,2opt,improve
300,28,2820.4999999999995,18,2020.7999999999997,swap,improve
301,28,2807.6000000000004,18,2020.7999999999997,2opt,improve
302,28,2810.0999999999995,18,2020.7999999999997,swap,acceptBad
303,28,2827.199999999999,18,2020.7999999999997,swap,acceptBad
304,28,2816.0999999999995,18,2020.7999999999997,swap,improve
305,28,2802.2,18,2020.7999999999997,move,improve
306,28,2776.2,18,2020.7999999999997,swap,improve
307,28,2800.0000000000005,18,2020.7999999999997,2opt,acceptBad
308,28,2822.5,18,2020.7999999999997,swap,acceptBad
309,28,2846.3,18,2020.7999999999997,2opt,acceptBad
310,28,2894.8,18,2020.7999999999997,swap,acceptBad
311,28,2892.0,18,2020.7999999999997,move,improve
312,28,2892.0,18,2020.7999999999997,move,improve
313,28,2892.0,18,2020.7999999999997,move,improve
314,28,2892.8,18,2020.7999999999997,2opt,acceptBad
315,28,2883.6000000000004,18,2020.7999999999997,move,improve
316,28,2890.1000000000013,18,2020.7999999999997,2opt,acceptBad
317,28,2903.300000000001,18,2020.7999999999997,swap,acceptBad
318,28,2901.5000000000014,18,2020.7999999999997,swap,improve
319,28,2897.000000000001,18,2020.7999999999997,swap,improve
320,28,2878.1000000000013,18,2020.7999999999997,move,improve
321,28,2878.1000000000013,18,2020.7999999999997,move,improve
322,28,2886.4000000000005,18,2020.7999999999997,swap,acceptBad
323,28,2902.300000000002,18,2020.7999999999997,2opt,acceptBad
324,28,2896.7000000000016,18,2020.7999999999997,swap,improve
325,28,2898.000000000001,18,2020.7999999999997,swap,acceptBad
326,28,2841.4000000000015,18,2020.7999999999997,move,improve
327,28,2841.4000000000015,18,2020.7999999999997,move,improve
328,28,2802.8000000000015,18,2020.7999999999997,swap,improve
329,28,2800.1000000000017,18,2020.7999999999997,move,improve
330,28,2796.2000000000016,18,2020.7999999999997,move,improve
331,28,2784.5000000000014,18,2020.7999999999997,move,improve
332,28,2800.9000000000015,18,2020.7999999999997,2opt,acceptBad
333,28,2807.0000000000014,18,2020.7999999999997,2opt,acceptBad
334,28,2834.1999999999994,18,2020.7999999999997,2opt,acceptBad
335,28,2857.799999999999,18,2020.7999999999997,2opt,acceptBad
336,28,2798.499999999999,18,2020.7999999999997,move,improve
337,28,2753.899999999999,18,2020.7999999999997,move,improve
338,28,2748.1999999999994,18,2020.7999999999997,move,improve
339,28,2748.1999999999994,18,2020.7999999999997,move,improve
340,28,2737.5999999999995,18,2020.7999999999997,move,improve
341,28,2753.6,18,2020.7999999999997,2opt,acceptBad
342,28,2793.7000000000003,18,2020.7999999999997,swap,acceptBad
343,28,2815.900000000001,18,2020.7999999999997,2opt,acceptBad
344,28,2835.000000000001,18,2020.7999999999997,2opt,acceptBad
345,28,2886.9000000000005,18,2020.7999999999997,swap,acceptBad
346,28,2892.6000000000004,18,2020.7999999999997,swap,acceptBad
347,28,2877.400000000001,18,2020.7999999999997,swap,improve
348,28,2868.2000000000007,18,2020.7999999999997,move,improve
349,28,2907.2000000000007,18,2020.7999999999997,swap,acceptBad
350,28,2927.2000000000007,18,2020.7999999999997,swap,acceptBad
351,28,2926.7000000000007,18,2020.7999999999997,swap,improve
352,28,2979.999999999999,18,2020.7999999999997,2opt,acceptBad
353,28,2979.999999999999,18,2020.7999999999997,move,improve
354,28,2978.999999999999,18,2020.7999999999997,swap,improve
355,28,2974.099999999999,18,2020.7999999999997,move,improve
356,28,2963.2999999999997,18,2020.7999999999997,swap,improve
357,28,2951.2,18,2020.7999999999997,2opt,improve
358,28,2936.4,18,2020.7999999999997,move,improve
359,28,2942.7999999999997,18,2020.7999999999997,2opt,acceptBad
360,28,2941.2999999999997,18,2020.7999999999997,move,improve
361,28,2941.0,18,2020.7999999999997,move,improve
362,28,2943.799999999999,18,2020.7999999999997,2opt,acceptBad
363,28,2899.1999999999985,18,2020.7999999999997,swap,improve
364,28,2907.1999999999994,18,2020.7999999999997,2opt,acceptBad
365,28,2902.5999999999995,18,2020.7999999999997,move,improve
366,28,2904.3999999999987,18,2020.7999999999997,2opt,acceptBad
367,28,2890.8999999999996,18,2020.7999999999997,2opt,improve
368,28,2885.4999999999995,18,2020.7999999999997,swap,improve
369,28,2888.6999999999994,18,2020.7999999999997,2opt,acceptBad
370,28,2862.399999999999,18,2020.7999999999997,move,improve
371,28,2862.5999999999995,18,2020.7999999999997,2opt,acceptBad
372,28,2820.699999999999,18,2020.7999999999997,move,improve
373,28,2805.0000000000014,18,2020.7999999999997,2opt,improve
374,28,2764.900000000001,18,2020.7999999999997,move,improve
375,28,2809.300000000001,18,2020.7999999999997,2opt,acceptBad
376,28,2810.0000000000005,18,2020.7999999999997,2opt,acceptBad
377,28,2754.7000000000007,18,2020.7999999999997,swap,improve
378,28,2722.3000000000006,18,2020.7999999999997,move,improve
379,28,2684.7000000000007,18,2020.7999999999997,move,improve
380,28,2730.900000000001,18,2020.7999999999997,swap,acceptBad
381,28,2772.8999999999996,18,2020.7999999999997,2opt,acceptBad
382,28,2796.3000000000015,18,2020.7999999999997,2opt,acceptBad
383,28,2791.8000000000015,18,2020.7999999999997,2opt,improve
384,28,2779.2000000000016,18,2020.7999999999997,move,improve
385,28,2779.2000000000016,18,2020.7999999999997,2opt,improve
386,28,2823.8,18,2020.7999999999997,2opt,acceptBad
387,28,2793.0000000000005,18,2020.7999999999997,2opt,improve
388,28,2783.5000000000005,18,2020.7999999999997,swap,improve
389,28,2806.0000000000005,18,2020.7999999999997,swap,acceptBad
390,28,2801.7000000000007,18,2020.7999999999997,move,improve
391,28,2810.700000000001,18,2020.7999999999997,swap,acceptBad
392,28,2831.4000000000015,18,2020.7999999999997,2opt,acceptBad
393,28,2836.000000000001,18,2020.7999999999997,2opt,acceptBad
394,28,2827.100000000001,18,2020.7999999999997,move,improve
395,28,2905.1,18,2020.7999999999997,2opt,acceptBad
396,29,2974.7000000000003,18,2020.7999999999997,2opt,acceptBad
397,29,2973.4,18,2020.7999999999997,2opt,improve
398,29,2972.7,18,2020.7999999999997,move,improve
399,29,3031.3,18,2020.7999999999997,swap,acceptBad
400,29,3031.3,18,2020.7999999999997,move,improve
401,29,3058.7000000000003,18,2020.7999999999997,swap,acceptBad
402,29,3030.300000000001,18,2020.7999999999997,swap,improve
403,29,3022.4,18,2020.7999999999997,2opt,improve
404,29,3022.4,18,2020.7999999999997,move,improve
405,29,3031.1000000000004,18,2020.7999999999997,swap,acceptBad
406,29,3050.599999999999,18,2020.7999999999997,2opt,acceptBad
407,29,3074.299999999999,18,2020.7999999999997,2opt,acceptBad
408,29,3086.2999999999984,18,2020.7999999999997,2opt,acceptBad
409,29,3070.9999999999986,18,2020.7999999999997,swap,improve
410,29,3067.599999999999,18,2020.7999999999997,swap,improve
411,29,3052.199999999999,18,2020.7999999999997,move,improve
412,29,2971.4999999999995,18,2020.7999999999997,swap,improve
413,29,3009.0,18,2020.7999999999997,2opt,acceptBad
414,29,2968.8999999999996,18,2020.7999999999997,move,improve
415,29,2968.3999999999996,18,2020.7999999999997,move,improve
416,29,3013.9999999999995,18,2020.7999999999997,swap,acceptBad
417,29,2985.8999999999996,18,2020.7999999999997,move,improve
418,29,2986.6,18,2020.7999999999997,swap,acceptBad
419,29,2959.6,18,2020.7999999999997,swap,improve
420,29,2967.2,18,2020.7999999999997,2opt,acceptBad
421,29,2970.6,18,2020.7999999999997,swap,acceptBad
422,29,2949.7999999999993,18,2020.7999999999997,2opt,improve
423,29,2931.299999999999,18,2020.7999999999997,move,improve
424,29,2959.899999999999,18,2020.7999999999997,2opt,acceptBad
425,29,3014.9999999999986,18,2020.7999999999997,swap,acceptBad
426,29,3009.1999999999985,18,2020.7999999999997,move,improve
427,29,2992.3999999999987,18,2020.7999999999997,move,improve
428,29,3016.2999999999984,18,2020.7999999999997,swap,acceptBad
429,29,3016.2999999999984,18,2020.7999999999997,move,improve
430,29,3031.3999999999983,18,2020.7999999999997,2opt,acceptBad
431,29,3026.8999999999996,18,2020.7999999999997,2opt,improve
432,29,2981.7999999999997,18,2020.7999999999997,move,improve
433,29,2959.3999999999996,18,2020.7999999999997,2opt,improve
434,29,2990.4999999999995,18,2020.7999999999997,swap,acceptBad
435,29,2988.7,18,2020.7999999999997,move,improve
436,29,3056.1,18,2020.7999999999997,swap,acceptBad
437,29,3063.4000000000005,18,2020.7999999999997,2opt,acceptBad
438,29,3054.100000000001,18,2020.7999999999997,2opt,improve
439,29,2977.400000000001,18,2020.7999999999997,move,improve
440,29,3007.8000000000006,18,2020.7999999999997,2opt,acceptBad
441,29,3084.500000000001,18,2020.7999999999997,swap,acceptBad
442,29,3084.500000000001,18,2020.7999999999997,2opt,improve
443,29,3054.600000000001,18,2020.7999999999997,move,improve
444,29,3005.300000000001,18,2020.7999999999997,swap,improve
445,29,3011.2000000000007,18,2020.7999999999997,2opt,acceptBad
446,29,3009.4,18,2020.7999999999997,2opt,improve
447,29,3049.2999999999993,18,2020.7999999999997,2opt,acceptBad
448,29,3083.2000000000007,18,2020.7999999999997,2opt,acceptBad
449,29,3057.3000000000006,18,2020.7999999999997,move,improve
450,29,3074.800000000001,18,2020.7999999999997,swap,acceptBad
451,29,3128.300000000001,18,2020.7999999999997,2opt,acceptBad
452,29,3151.900000000001,18,2020.7999999999997,2opt,acceptBad
453,29,3151.900000000001,18,2020.7999999999997,2opt,improve
454,29,3153.100000000001,18,2020.7999999999997,swap,acceptBad
455,29,3137.2000000000007,18,2020.7999999999997,swap,improve
456,29,3130.1000000000004,18,2020.7999999999997,move,improve
457,29,3099.1000000000004,18,2020.7999999999997,swap,improve
458,29,3105.8000000000006,18,2020.7999999999997,swap,acceptBad
459,29,3078.7000000000003,18,2020.7999999999997,move,improve
460,29,3106.9,18,2020.7999999999997,swap,acceptBad
461,29,3124.2000000000003,18,2020.7999999999997,swap,acceptBad
462,29,3124.4000000000005,18,2020.7999999999997,swap,acceptBad
463,29,3124.4000000000005,18,2020.7999999999997,2opt,improve
464,29,3085.6000000000004,18,2020.7999999999997,2opt,improve
465,29,3091.3,18,2020.7999999999997,2opt,acceptBad
466,29,3101.5,18,2020.7999999999997,swap,acceptBad
467,29,3064.5,18,2020.7999999999997,move,improve
468,29,3077.7,18,2020.7999999999997,swap,acceptBad
469,29,3029.6,18,2020.7999999999997,move,improve
470,29,2996.6,18,2020.7999999999997,move,improve
471,29,2987.3,18,2020.7999999999997,swap,improve
472,29,2969.5000000000005,18,2020.7999999999997,move,improve
473,29,2969.5000000000005,18,2020.7999999999997,move,improve
474,29,2969.5000000000005,18,2020.7999999999997,move,improve
475,29,2969.5000000000005,18,2020.7999999999997,2opt,improve
476,30,3039.500000000001,18,2020.7999999999997,2opt,acceptBad
477,30,3029.8999999999987,18,2020.7999999999997,2opt,improve
478,30,3029.8999999999987,18,2020.7999999999997,move,improve
479,30,3014.0999999999985,18,2020.7999999999997,2opt,improve
480,30,3006.599999999999,18,2020.7999999999997,swap,improve
481,30,3002.4999999999995,18,2020.7999999999997,2opt,improve
482,30,3001.2999999999997,18,2020.7999999999997,2opt,improve
483,30,3042.8999999999996,18,2020.7999999999997,swap,acceptBad
484,30,3061.100000000001,18,2020.7999999999997,2opt,acceptBad
485,30,3048.100000000001,18,2020.7999999999997,move,improve
486,30,3021.8000000000006,18,2020.7999999999997,swap,improve
487,30,2978.4000000000005,18,2020.7999999999997,move,improve
488,30,2972.5000000000005,18,2020.7999999999997,2opt,improve
489,30,3002.6999999999975,18,2020.7999999999997,2opt,acceptBad
490,30,3049.7999999999993,18,2020.7999999999997,2opt,acceptBad
491,30,3003.5999999999995,18,2020.7999999999997,swap,improve
492,30,3013.8999999999983,18,2020.7999999999997,2opt,acceptBad
493,30,3048.799999999999,18,2020.7999999999997,2opt,acceptBad
494,30,3041.799999999999,18,2020.7999999999997,move,improve
495,30,3077.099999999999,18,2020.7999999999997,swap,acceptBad
496,30,3077.099999999999,18,2020.7999999999997,move,improve
497,30,3077.099999999999,18,2020.7999999999997,move,improve
498,30,3077.099999999999,18,2020.7999999999997,move,improve
499,30,3121.7,18,2020.7999999999997,2opt,acceptBad
500,30,3127.3000000000006,18,2020.7999999999997,2opt,acceptBad
501,30,3153.899999999999,18,2020.7999999999997,2opt,acceptBad
502,30,3205.599999999999,18,2020.7999999999997,swap,acceptBad
503,30,3186.2999999999993,18,2020.7999999999997,move,improve
504,30,3173.9999999999995,18,2020.7999999999997,swap,improve
505,30,3178.2,18,2020.7999999999997,swap,acceptBad
506,30,3178.2,18,2020.7999999999997,2opt,improve
507,30,3174.1,18,2020.7999999999997,move,improve
508,30,3226.6,18,2020.7999999999997,swap,acceptBad
509,30,3226.6,18,2020.7999999999997,move,improve
510,30,3227.3999999999996,18,2020.7999999999997,swap,acceptBad
511,30,3224.8999999999996,18,2020.7999999999997,swap,improve
512,30,3206.7,18,2020.7999999999997,swap,improve
513,30,3239.9,18,2020.7999999999997,2opt,acceptBad
514,30,3239.9,18,2020.7999999999997,2opt,improve
515,30,3237.6,18,2020.7999999999997,move,improve
516,30,3238.2,18,2020.7999999999997,swap,acceptBad
517,29,3206.4999999999995,18,2020.7999999999997,move,improve
518,29,3205.9999999999995,18,2020.7999999999997,move,improve
519,29,3196.5999999999995,18,2020.7999999999997,move,improve
520,29,3196.5999999999995,18,2020.7999999999997,2opt,improve
521,29,3200.0999999999995,18,2020.7999999999997,swap,acceptBad
522,29,3170.2999999999993,18,2020.7999999999997,move,improve
523,29,3202.899999999999,18,2020.7999999999997,2opt,acceptBad
524,29,3195.9000000000015,18,2020.7999999999997,2opt,improve
525,29,3203.0000000000014,18,2020.7999999999997,swap,acceptBad
526,29,3211.2000000000007,18,2020.7999999999997,2opt,acceptBad
527,29,3107.2000000000003,18,2020.7999999999997,swap,improve
528,29,3107.6000000000004,18,2020.7999999999997,swap,acceptBad
529,28,3037.300000000001,18,2020.7999999999997,move,improve
530,28,3037.300000000001,18,2020.7999999999997,swap,improve
531,28,3085.4000000000005,18,2020.7999999999997,swap,acceptBad
532,28,3079.4999999999995,18,2020.7999999999997,2opt,improve
533,29,3108.2999999999997,18,2020.7999999999997,2opt,acceptBad
534,29,3130.6999999999994,18,2020.7999999999997,swap,acceptBad
535,29,3154.499999999999,18,2020.7999999999997,swap,acceptBad
536,29,3099.0999999999985,18,2020.7999999999997,2opt,improve
537,29,3075.1999999999985,18,2020.7999999999997,move,improve
538,29,3066.4999999999986,18,2020.7999999999997,swap,improve
539,29,3078.6999999999994,18,2020.7999999999997,swap,acceptBad
540,29,3078.6999999999994,18,2020.7999999999997,2opt,improve
541,29,3089.1999999999994,18,2020.7999999999997,swap,acceptBad
542,29,3021.2999999999997,18,2020.7999999999997,move,improve
543,29,3022.0,18,2020.7999999999997,2opt,acceptBad
544,29,3031.1,18,2020.7999999999997,swap,acceptBad
545,29,3028.4,18,2020.7999999999997,move,improve
546,29,3052.4,18,2020.7999999999997,2opt,acceptBad
547,29,3026.500000000002,18,2020.7999999999997,2opt,improve
548,29,3044.4000000000015,18,2020.7999999999997,2opt,acceptBad
549,29,3062.5000000000014,18,2020.7999999999997,swap,acceptBad
550,29,3058.6000000000017,18,2020.7999999999997,swap,improve
551,29,3062.4000000000015,18,2020.7999999999997,2opt,acceptBad
552,29,3047.800000000001,18,2020.7999999999997,move,improve
553,29,3045.600000000001,18,2020.7999999999997,swap,improve
554,29,3030.2000000000003,18,2020.7999999999997,2opt,improve
555,29,3047.1000000000004,18,2020.7999999999997,2opt,acceptBad
556,29,3017.7000000000003,18,2020.7999999999997,move,improve
557,28,3007.1000000000004,18,2020.7999999999997,2opt,improve
558,28,3049.8,18,2020.7999999999997,swap,acceptBad
559,28,2998.8,18,2020.7999999999997,move,improve
560,28,2984.2999999999997,18,2020.7999999999997,swap,improve
561,28,3055.0,18,2020.7999999999997,swap,acceptBad
562,28,3042.9999999999995,18,2020.7999999999997,move,improve
563,28,3049.1999999999994,18,2020.7999999999997,2opt,acceptBad
564,28,3056.7000000000003,18,2020.7999999999997,2opt,acceptBad
565,28,3025.5,18,2020.7999999999997,move,improve
566,28,2995.399999999999,18,2020.7999999999997,2opt,improve
567,28,3007.9999999999995,18,2020.7999999999997,swap,acceptBad
568,28,3045.0,18,2020.7999999999997,2opt,acceptBad
569,28,3014.3,18,2020.7999999999997,swap,improve
570,28,3007.0,18,2020.7999999999997,move,improve
571,28,3007.0,18,2020.7999999999997,move,improve
572,28,3013.9000000000005,18,2020.7999999999997,2opt,acceptBad
573,28,3013.6,18,2020.7999999999997,2opt,improve
574,28,3009.5,18,2020.7999999999997,2opt,improve
575,28,2968.3,18,2020.7999999999997,move,improve
576,28,2968.3,18,2020.7999999999997,move,improve
577,28,2954.7000000000007,18,2020.7999999999997,swap,improve
578,28,2960.7000000000003,18,2020.7999999999997,swap,acceptBad
579,28,3026.5000000000005,18,2020.7999999999997,swap,acceptBad
580,28,2977.0000000000005,18,2020.7999999999997,move,improve
581,28,2963.5000000000005,18,2020.7999999999997,move,improve
582,29,3022.2000000000007,18,2020.7999999999997,2opt,acceptBad
583,29,3022.1000000000004,18,2020.7999999999997,2opt,improve
584,29,3010.0000000000005,18,2020.7999999999997,move,improve
585,29,2991.7000000000007,18,2020.7999999999997,swap,improve
586,29,2991.7000000000007,18,2020.7999999999997,move,improve
587,29,3058.2000000000007,18,2020.7999999999997,swap,acceptBad
588,29,3061.9000000000005,18,2020.7999999999997,swap,acceptBad
589,29,3034.3000000000006,18,2020.7999999999997,swap,improve
590,29,3024.7000000000007,18,2020.7999999999997,2opt,improve
591,29,3006.100000000001,18,2020.7999999999997,move,improve
592,29,3009.100000000001,18,2020.7999999999997,swap,acceptBad
593,29,3023.2000000000007,18,2020.7999999999997,2opt,acceptBad
594,29,3018.5000000000005,18,2020.7999999999997,move,improve
595,29,3008.600000000001,18,2020.7999999999997,swap,improve
596,29,3010.8999999999996,18,2020.7999999999997,2opt,acceptBad
597,29,3064.6000000000004,18,2020.7999999999997,2opt,acceptBad
598,29,3064.6000000000004,18,2020.7999999999997,move,improve
599,29,3050.7000000000003,18,2020.7999999999997,move,improve
600,28,3044.4000000000005,18,2020.7999999999997,2opt,improve
601,28,3076.1999999999994,18,2020.7999999999997,2opt,acceptBad
602,28,3079.7999999999993,18,2020.7999999999997,swap,acceptBad
603,28,3079.7999999999993,18,2020.7999999999997,2opt,improve
604,28,3057.599999999999,18,2020.7999999999997,2opt,improve
605,28,3002.899999999999,18,2020.7999999999997,swap,improve
606,28,3002.899999999999,18,2020.7999999999997,move,improve
607,28,2997.099999999999,18,2020.7999999999997,swap,improve
608,28,2992.8999999999987,18,2020.7999999999997,swap,improve
609,28,3036.4999999999986,18,2020.7999999999997,2opt,acceptBad
610,28,3057.1999999999985,18,2020.7999999999997,swap,acceptBad
611,28,3040.4999999999986,18,2020.7999999999997,move,improve
612,28,3033.099999999999,18,2020.7999999999997,move,improve
613,28,2983.199999999999,18,2020.7999999999997,swap,improve
614,29,3036.8999999999987,18,2020.7999999999997,2opt,acceptBad
615,29,3023.1999999999994,18,2020.7999999999997,move,improve
616,29,3023.1999999999994,18,2020.7999999999997,2opt,improve
617,29,3047.399999999999,18,2020.7999999999997,swap,acceptBad
618,29,3044.6999999999994,18,2020.7999999999997,swap,improve
619,29,2989.5999999999995,18,2020.7999999999997,swap,improve
620,29,2953.1999999999994,18,2020.7999999999997,2opt,improve
621,29,2974.099999999999,18,2020.7999999999997,2opt,acceptBad
622,29,2922.8999999999987,18,2020.7999999999997,swap,improve
623,29,2890.599999999999,18,2020.7999999999997,swap,improve
624,29,2875.1999999999994,18,2020.7999999999997,2opt,improve
625,29,2858.6999999999994,18,2020.7999999999997,move,improve
626,29,2849.399999999999,18,2020.7999999999997,swap,improve
627,29,2831.2999999999993,18,2020.7999999999997,swap,improve
628,29,2851.2999999999997,18,2020.7999999999997,swap,acceptBad
629,29,2841.6999999999994,18,2020.7999999999997,swap,improve
630,28,2822.3999999999996,18,2020.7999999999997,2opt,improve
631,28,2811.499999999999,18,2020.7999999999997,move,improve
632,28,2865.8999999999987,18,2020.7999999999997,swap,acceptBad
633,28,2828.1999999999994,18,2020.7999999999997,move,improve
634,28,2830.399999999999,18,2020.7999999999997,swap,acceptBad
635,28,2854.7999999999993,18,2020.7999999999997,2opt,acceptBad
636,28,2846.2999999999993,18,2020.7999999999997,move,improve
637,28,2821.2,18,2020.7999999999997,2opt,improve
638,28,2836.199999999999,18,2020.7999999999997,2opt,acceptBad
639,28,2837.8,18,2020.7999999999997,2opt,acceptBad
640,28,2869.4,18,2020.7999999999997,swap,acceptBad
641,28,2900.2000000000007,18,2020.7999999999997,2opt,acceptBad
642,28,2909.4000000000005,18,2020.7999999999997,swap,acceptBad
643,28,2912.9000000000005,18,2020.7999999999997,swap,acceptBad
644,28,2968.7000000000003,18,2020.7999999999997,swap,acceptBad
645,28,2922.0,18,2020.7999999999997,move,improve
646,28,2922.0,18,2020.7999999999997,move,improve
647,28,2945.6,18,2020.7999999999997,swap,acceptBad
648,28,2919.1,18,2020.7999999999997,move,improve
649,28,2920.6999999999994,18,2020.7999999999997,swap,acceptBad
650,28,2920.6999999999994,18,2020.7999999999997,move,improve
651,28,2868.7999999999997,18,2020.7999999999997,2opt,improve
652,28,2863.099999999999,18,2020.7999999999997,2opt,improve
653,28,2906.400000000001,18,2020.7999999999997,2opt,acceptBad
654,28,2906.400000000001,18,2020.7999999999997,swap,improve
655,28,2890.100000000001,18,2020.7999999999997,move,improve
656,28,2899.200000000001,18,2020.7999999999997,swap,acceptBad
657,28,2897.200000000001,18,2020.7999999999997,move,improve
658,28,2885.800000000001,18,2020.7999999999997,move,improve
659,28,2866.900000000001,18,2020.7999999999997,swap,improve
660,28,2922.6000000000013,18,2020.7999999999997,2opt,acceptBad
661,28,2915.700000000001,18,2020.7999999999997,swap,improve
662,28,2910.300000000001,18,2020.7999999999997,move,improve
663,28,2915.4000000000015,18,2020.7999999999997,swap,acceptBad
664,28,2919.900000000002,18,2020.7999999999997,2opt,acceptBad
665,28,2933.1000000000017,18,2020.7999999999997,swap,acceptBad
666,28,2945.800000000001,18,2020.7999999999997,2opt,acceptBad
667,28,2949.5000000000014,18,2020.7999999999997,swap,acceptBad
668,28,2964.000000000001,18,2020.7999999999997,swap,acceptBad
669,28,2976.1000000000013,18,2020.7999999999997,2opt,acceptBad
670,28,2929.4000000000015,18,2020.7999999999997,move,improve
671,28,2924.9000000000015,18,2020.7999999999997,swap,improve
672,28,2905.200000000001,18,2020.7999999999997,swap,improve
673,28,2901.7999999999997,18,2020.7999999999997,2opt,improve
674,28,2919.8000000000015,18,2020.7999999999997,2opt,acceptBad
675,28,2910.1000000000013,18,2020.7999999999997,swap,improve
676,28,2924.5000000000014,18,2020.7999999999997,2opt,acceptBad
677,28,2901.9000000000015,18,2020.7999999999997,move,improve
678,29,2966.200000000002,18,2020.7999999999997,2opt,acceptBad
679,29,2993.9000000000005,18,2020.7999999999997,2opt,acceptBad
680,29,2993.9000000000005,18,2020.7999999999997,move,improve
681,29,3013.5,18,2020.7999999999997,2opt,acceptBad
682,29,3013.5,18,2020.7999999999997,move,improve
683,29,2975.9999999999995,18,2020.7999999999997,move,improve
684,29,2965.8999999999996,18,2020.7999999999997,move,improve
685,29,2950.3999999999996,18,2020.7999999999997,move,improve
686,29,2979.2999999999997,18,2020.7999999999997,2opt,acceptBad
687,29,2979.2999999999997,18,2020.7999999999997,move,improve
688,29,3058.2,18,2020.7999999999997,swap,acceptBad
689,29,3058.2,18,2020.7999999999997,swap,improve
690,29,3082.7,18,2020.7999999999997,2opt,acceptBad
691,29,3081.0999999999995,18,2020.7999999999997,swap,improve
692,29,3065.1000000000004,18,2020.7999999999997,2opt,improve
693,29,3044.5000000000005,18,2020.7999999999997,swap,improve
694,29,3033.3999999999996,18,2020.7999999999997,2opt,improve
695,29,3059.9,18,2020.7999999999997,2opt,acceptBad
696,29,3009.5999999999995,18,2020.7999999999997,2opt,improve
697,29,2956.8,18,2020.7999999999997,2opt,improve
698,29,2955.7000000000003,18,2020.7999999999997,2opt,improve
699,29,2917.5000000000005,18,2020.7999999999997,move,improve
700,29,2891.0000000000005,18,2020.7999999999997,2opt,improve
701,29,2926.900000000001,18,2020.7999999999997,2opt,acceptBad
702,29,2926.900000000001,18,2020.7999999999997,2opt,improve
703,29,2896.1000000000004,18,2020.7999999999997,swap,improve
704,29,2896.1000000000004,18,2020.7999999999997,move,improve
705,29,2872.2,18,2020.7999999999997,swap,improve
706,29,2934.500000000001,18,2020.7999999999997,2opt,acceptBad
707,29,2914.3000000000006,18,2020.7999999999997,move,improve
708,29,2882.500000000001,18,2020.7999999999997,move,improve
709,29,2848.899999999999,18,2020.7999999999997,2opt,improve
710,29,2877.3000000000006,18,2020.7999999999997,2opt,acceptBad
711,29,2897.1,18,2020.7999999999997,2opt,acceptBad
712,29,2907.4999999999995,18,2020.7999999999997,swap,acceptBad
713,29,2953.2000000000007,18,2020.7999999999997,2opt,acceptBad
714,29,3061.9000000000005,18,2020.7999999999997,swap,acceptBad
715,29,3056.9000000000005,18,2020.7999999999997,move,improve
716,29,3041.7000000000003,18,2020.7999999999997,swap,improve
717,29,3034.7000000000003,18,2020.7999999999997,move,improve
718,29,3048.6999999999994,18,2020.7999999999997,2opt,acceptBad
719,29,3030.099999999999,18,2020.7999999999997,swap,improve
720,29,3029.0999999999995,18,2020.7999999999997,move,improve
721,29,3045.5000000000005,18,2020.7999999999997,2opt,acceptBad
722,29,3084.7999999999997,18,2020.7999999999997,2opt,acceptBad
723,29,3084.7999999999997,18,2020.7999999999997,move,improve
724,29,3086.7000000000003,18,2020.7999999999997,swap,acceptBad
725,29,3072.5000000000005,18,2020.7999999999997,swap,improve
726,29,3076.4,18,2020.7999999999997,swap,acceptBad
727,29,3080.0,18,2020.7999999999997,swap,acceptBad
728,29,3116.1000000000004,18,2020.7999999999997,2opt,acceptBad
729,29,3113.8,18,2020.7999999999997,move,improve
730,29,3137.9000000000005,18,2020.7999999999997,swap,acceptBad
731,29,3111.700000000001,18,2020.7999999999997,move,improve
732,29,3089.000000000001,18,2020.7999999999997,swap,improve
733,29,3127.800000000001,18,2020.7999999999997,swap,acceptBad
734,29,3127.6000000000013,18,2020.7999999999997,move,improve
735,29,3152.200000000001,18,2020.7999999999997,swap,acceptBad
736,29,3112.000000000001,18,2020.7999999999997,move,improve
737,30,3148.3000000000015,18,2020.7999999999997,2opt,acceptBad
738,31,3213.100000000002,18,2020.7999999999997,2opt,acceptBad
739,32,3234.300000000002,18,2020.7999999999997,2opt,acceptBad
740,32,3218.1000000000013,18,2020.7999999999997,move,improve
741,32,3217.0000000000014,18,2020.7999999999997,move,improve
742,32,3215.100000000001,18,2020.7999999999997,move,improve
743,32,3215.100000000001,18,2020.7999999999997,move,improve
744,32,3253.0000000000014,18,2020.7999999999997,swap,acceptBad
745,32,3255.500000000002,18,2020.7999999999997,2opt,acceptBad
746,32,3217.1000000000017,18,2020.7999999999997,move,improve
747,32,3217.7,18,2020.7999999999997,2opt,acceptBad
748,32,3276.4,18,2020.7999999999997,2opt,acceptBad
749,32,3275.8999999999996,18,2020.7999999999997,move,improve
750,32,3272.7,18,2020.7999999999997,swap,improve
751,32,3252.3999999999996,18,2020.7999999999997,swap,improve
752,32,3302.0,18,2020.7999999999997,swap,acceptBad
753,32,3302.0,18,2020.7999999999997,move,improve
754,32,3302.0,18,2020.7999999999997,move,improve
755,32,3302.0,18,2020.7999999999997,move,improve
756,32,3303.500000000002,18,2020.7999999999997,2opt,acceptBad
757,32,3311.8999999999996,18,2020.7999999999997,2opt,acceptBad
758,32,3312.8999999999987,18,2020.7999999999997,2opt,acceptBad
759,32,3312.3999999999987,18,2020.7999999999997,swap,improve
760,32,3288.9999999999986,18,2020.7999999999997,move,improve
761,32,3328.5999999999985,18,2020.7999999999997,swap,acceptBad
762,32,3330.6999999999985,18,2020.7999999999997,swap,acceptBad
763,32,3322.799999999999,18,2020.7999999999997,swap,improve
764,32,3326.7999999999993,18,2020.7999999999997,2opt,acceptBad
765,32,3321.199999999999,18,2020.7999999999997,move,improve
766,32,3329.499999999999,18,2020.7999999999997,swap,acceptBad
767,32,3295.7999999999993,18,2020.7999999999997,swap,improve
768,32,3281.5999999999995,18,2020.7999999999997,move,improve
769,32,3281.5999999999995,18,2020.7999999999997,2opt,improve
770,32,3263.6999999999994,18,2020.7999999999997,move,improve
771,32,3253.3999999999996,18,2020.7999999999997,move,improve
772,32,3251.7999999999997,18,2020.7999999999997,swap,improve
773,32,3226.5999999999995,18,2020.7999999999997,move,improve
774,32,3222.6,18,2020.7999999999997,2opt,improve
775,32,3228.2,18,2020.7999999999997,swap,acceptBad
776,32,3244.2,18,2020.7999999999997,swap,acceptBad
777,32,3241.9999999999995,18,2020.7999999999997,2opt,improve
778,32,3241.9999999999995,18,2020.7999999999997,move,improve
779,32,3243.5,18,2020.7999999999997,swap,acceptBad
780,32,3237.2999999999997,18,2020.7999999999997,move,improve
781,32,3210.9000000000024,18,2020.7999999999997,2opt,improve
782,32,3240.9000000000024,18,2020.7999999999997,swap,acceptBad
783,32,3288.7000000000025,18,2020.7999999999997,swap,acceptBad
784,32,3243.4000000000024,18,2020.7999999999997,swap,improve
785,32,3224.0000000000023,18,2020.7999999999997,move,improve
786,32,3233.000000000002,18,2020.7999999999997,swap,acceptBad
787,32,3183.0000000000023,18,2020.7999999999997,move,improve
788,32,3182.300000000002,18,2020.7999999999997,2opt,improve
789,32,3161.0000000000027,18,2020.7999999999997,swap,improve
790,32,3182.8000000000025,18,2020.7999999999997,2opt,acceptBad
791,32,3229.9000000000024,18,2020.7999999999997,swap,acceptBad
792,32,3214.600000000002,18,2020.7999999999997,move,improve
793,32,3194.100000000003,18,2020.7999999999997,2opt,improve
794,32,3234.000000000003,18,2020.7999999999997,swap,acceptBad
795,32,3242.1000000000026,18,2020.7999999999997,2opt,acceptBad
796,32,3241.3000000000025,18,2020.7999999999997,swap,improve
797,32,3238.3000000000025,18,2020.7999999999997,swap,improve
798,32,3215.300000000002,18,2020.7999999999997,2opt,improve
799,32,3227.8000000000006,18,2020.7999999999997,2opt,acceptBad
800,32,3227.8000000000006,18,2020.7999999999997,move,improve
801,32,3220.0000000000005,18,2020.7999999999997,swap,improve
802,32,3271.400000000001,18,2020.7999999999997,swap,acceptBad
803,32,3280.700000000001,18,2020.7999999999997,2opt,acceptBad
804,32,3327.4000000000015,18,2020.7999999999997,swap,acceptBad
805,32,3309.800000000001,18,2020.7999999999997,move,improve
806,32,3301.8000000000015,18,2020.7999999999997,2opt,improve
807,32,3259.900000000002,18,2020.7999999999997,move,improve
808,32,3215.899999999999,18,2020.7999999999997,2opt,improve
809,32,3208.399999999999,18,2020.7999999999997,move,improve
810,32,3197.600000000001,18,2020.7999999999997,2opt,improve
811,32,3161.600000000001,18,2020.7999999999997,move,improve
812,32,3133.7000000000007,18,2020.7999999999997,swap,improve
813,32,3113.7000000000007,18,2020.7999999999997,swap,improve
814,32,3111.3,18,2020.7999999999997,move,improve
815,33,3169.4000000000005,18,2020.7999999999997,2opt,acceptBad
816,33,3155.7999999999997,18,2020.7999999999997,2opt,improve
817,33,3124.0999999999995,18,2020.7999999999997,2opt,improve
818,33,3069.699999999999,18,2020.7999999999997,move,improve
819,33,3061.399999999999,18,2020.7999999999997,move,improve
820,33,3064.4999999999995,18,2020.7999999999997,2opt,acceptBad
821,33,3054.1,18,2020.7999999999997,2opt,improve
822,33,3024.2999999999997,18,2020.7999999999997,move,improve
823,32,3019.4,18,2020.7999999999997,2opt,improve
824,32,3015.8,18,2020.7999999999997,move,improve
825,31,3000.5000000000023,18,2020.7999999999997,2opt,improve
826,31,2987.4000000000015,18,2020.7999999999997,move,improve
827,31,2958.8000000000006,18,2020.7999999999997,2opt,improve
828,31,2888.600000000001,18,2020.7999999999997,move,improve
829,31,2925.7000000000007,18,2020.7999999999997,swap,acceptBad
830,31,2925.2000000000007,18,2020.7999999999997,move,improve
831,31,2926.6000000000004,18,2020.7999999999997,2opt,acceptBad
832,31,2941.7000000000007,18,2020.7999999999997,2opt,acceptBad
833,31,2984.9000000000005,18,2020.7999999999997,swap,acceptBad
834,31,3004.8000000000006,18,2020.7999999999997,swap,acceptBad
835,31,3004.5000000000005,18,2020.7999999999997,move,improve
836,31,3049.7,18,2020.7999999999997,2opt,acceptBad
837,31,2992.5,18,2020.7999999999997,swap,improve
838,31,2977.6000000000004,18,2020.7999999999997,2opt,improve
839,31,3013.200000000001,18,2020.7999999999997,swap,acceptBad
840,31,3008.000000000001,18,2020.7999999999997,swap,improve
841,31,3001.600000000001,18,2020.7999999999997,move,improve
842,31,2975.2000000000003,18,2020.7999999999997,move,improve
843,31,2972.6000000000004,18,2020.7999999999997,move,improve
844,31,3015.2,18,2020.7999999999997,2opt,acceptBad
845,31,3041.2999999999997,18,2020.7999999999997,2opt,acceptBad
846,31,3050.2,18,2020.7999999999997,swap,acceptBad
847,31,3074.4000000000015,18,2020.7999999999997,2opt,acceptBad
848,31,3069.8000000000015,18,2020.7999999999997,move,improve
849,31,3069.3000000000015,18,2020.7999999999997,move,improve
850,31,3103.7000000000016,18,2020.7999999999997,swap,acceptBad
851,31,3103.7000000000016,18,2020.7999999999997,2opt,improve
852,31,3124.9000000000015,18,2020.7999999999997,2opt,acceptBad
853,31,3125.2000000000016,18,2020.7999999999997,2opt,acceptBad
854,31,3124.700000000001,18,2020.7999999999997,2opt,improve
855,31,3124.700000000001,18,2020.7999999999997,move,improve
856,31,3113.000000000001,18,2020.7999999999997,swap,improve
857,30,3079.4000000000005,18,2020.7999999999997,2opt,improve
858,30,3103.6000000000013,18,2020.7999999999997,2opt,acceptBad
859,30,3129.000000000001,18,2020.7999999999997,2opt,acceptBad
860,30,3097.900000000001,18,2020.7999999999997,move,improve
861,30,3112.7000000000003,18,2020.7999999999997,2opt,acceptBad
862,30,3102.5000000000005,18,2020.7999999999997,move,improve
863,30,3083.8,18,2020.7999999999997,swap,improve
864,30,3084.3,18,2020.7999999999997,swap,acceptBad
865,30,3084.2,18,2020.7999999999997,move,improve
866,30,3081.7999999999997,18,2020.7999999999997,swap,improve
867,30,3039.2,18,2020.7999999999997,move,improve
868,30,3039.4,18,2020.7999999999997,swap,acceptBad
869,30,3002.6,18,2020.7999999999997,swap,improve
870,30,3011.7,18,2020.7999999999997,2opt,acceptBad
871,30,3010.8999999999996,18,2020.7999999999997,move,improve
872,30,2996.3999999999996,18,2020.7999999999997,swap,improve
873,30,2991.100000000001,18,2020.7999999999997,2opt,improve
874,30,2995.7000000000007,18,2020.7999999999997,swap,acceptBad
875,30,2995.2000000000007,18,2020.7999999999997,move,improve
876,30,2960.800000000001,18,2020.7999999999997,move,improve
877,30,3041.6000000000004,18,2020.7999999999997,swap,acceptBad
878,31,3082.7000000000007,18,2020.7999999999997,2opt,acceptBad
879,31,3082.7000000000007,18,2020.7999999999997,move,improve
880,31,3109.500000000001,18,2020.7999999999997,2opt,acceptBad
881,31,3112.000000000001,18,2020.7999999999997,swap,acceptBad
882,31,3109.8000000000006,18,2020.7999999999997,move,improve
883,31,3109.8000000000006,18,2020.7999999999997,move,improve
884,31,3090.8000000000006,18,2020.7999999999997,swap,improve
885,31,3050.800000000001,18,2020.7999999999997,move,improve
886,31,3060.7000000000007,18,2020.7999999999997,swap,acceptBad
887,31,3055.000000000001,18,2020.7999999999997,move,improve
888,31,3037.000000000001,18,2020.7999999999997,move,improve
889,31,3006.500000000001,18,2020.7999999999997,move,improve
890,31,3029.3000000000006,18,2020.7999999999997,swap,acceptBad
891,31,3027.4000000000005,18,2020.7999999999997,swap,improve
892,31,3027.4000000000005,18,2020.7999999999997,2opt,improve
893,31,3040.2000000000007,18,2020.7999999999997,swap,acceptBad
894,31,3009.899999999999,18,2020.7999999999997,2opt,improve
895,31,3052.7000000000003,18,2020.7999999999997,2opt,acceptBad
896,31,3039.9,18,2020.7999999999997,move,improve
897,31,3052.2000000000007,18,2020.7999999999997,2opt,acceptBad
898,31,3047.9000000000005,18,2020.7999999999997,move,improve
899,31,3069.0000000000005,18,2020.7999999999997,swap,acceptBad
900,31,3050.3000000000006,18,2020.7999999999997,move,improve
901,31,3059.000000000001,18,2020.7999999999997,swap,acceptBad
902,31,3097.6000000000004,18,2020.7999999999997,swap,acceptBad
903,31,3097.6000000000004,18,2020.7999999999997,move,improve
904,31,3087.2000000000003,18,2020.7999999999997,move,improve
905,31,3063.4000000000005,18,2020.7999999999997,swap,improve
906,31,3063.2000000000007,18,2020.7999999999997,move,improve
907,31,3080.9000000000005,18,2020.7999999999997,swap,acceptBad
908,31,3067.2000000000007,18,2020.7999999999997,move,improve
909,31,3027.8000000000006,18,2020.7999999999997,move,improve
910,31,3020.5000000000005,18,2020.7999999999997,swap,improve
911,31,3049.3999999999996,18,2020.7999999999997,2opt,acceptBad
912,31,3032.7999999999997,18,2020.7999999999997,move,improve
913,31,3029.0999999999995,18,2020.7999999999997,move,improve
914,31,3042.5999999999995,18,2020.7999999999997,swap,acceptBad
915,31,3024.3999999999996,18,2020.7999999999997,swap,improve
916,31,3010.4,18,2020.7999999999997,2opt,improve
917,30,2995.2999999999997,18,2020.7999999999997,2opt,improve
918,30,2972.3999999999996,18,2020.7999999999997,move,improve
919,30,2947.999999999999,18,2020.7999999999997,swap,improve
920,30,2970.3000000000006,18,2020.7999999999997,2opt,acceptBad
921,30,2970.3000000000006,18,2020.7999999999997,move,improve
922,30,3028.6,18,2020.7999999999997,2opt,acceptBad
923,30,2970.6999999999994,18,2020.7999999999997,move,improve
924,30,2970.6999999999994,18,2020.7999999999997,move,improve
925,30,3004.1999999999994,18,2020.7999999999997,swap,acceptBad
926,30,2994.8999999999996,18,2020.7999999999997,move,improve
927,30,3042.5,18,2020.7999999999997,swap,acceptBad
928,30,3008.9,18,2020.7999999999997,swap,improve
929,30,3030.6000000000013,18,2020.7999999999997,2opt,acceptBad
930,30,3076.600000000001,18,2020.7999999999997,swap,acceptBad
931,30,3087.899999999999,18,2020.7999999999997,2opt,acceptBad
932,30,3064.199999999999,18,2020.7999999999997,swap,improve
933,30,3062.299999999999,18,2020.7999999999997,move,improve
934,30,3043.1999999999985,18,2020.7999999999997,swap,improve
935,30,3033.6,18,2020.7999999999997,2opt,improve
936,31,3086.3999999999996,18,2020.7999999999997,2opt,acceptBad
937,31,3074.3999999999996,18,2020.7999999999997,move,improve
938,31,3056.199999999999,18,2020.7999999999997,swap,improve
939,31,3047.1999999999994,18,2020.7999999999997,move,improve
940,31,3085.900000000001,18,2020.7999999999997,2opt,acceptBad
941,31,3106.800000000001,18,2020.7999999999997,swap,acceptBad
942,31,3120.5,18,2020.7999999999997,2opt,acceptBad
943,31,3090.2,18,2020.7999999999997,2opt,improve
944,31,3091.0000000000005,18,2020.7999999999997,2opt,acceptBad
945,31,3072.9,18,2020.7999999999997,move,improve
946,31,3065.0000000000005,18,2020.7999999999997,move,improve
947,31,3059.2000000000003,18,2020.7999999999997,swap,improve
948,31,3065.2000000000007,18,2020.7999999999997,swap,acceptBad
949,31,3059.4000000000005,18,2020.7999999999997,move,improve
950,31,3112.8000000000006,18,2020.7999999999997,swap,acceptBad
951,31,3080.3000000000006,18,2020.7999999999997,move,improve
952,30,3031.700000000001,18,2020.7999999999997,2opt,improve
953,30,3036.900000000001,18,2020.7999999999997,swap,acceptBad
954,30,3076.7000000000003,18,2020.7999999999997,2opt,acceptBad
955,30,3067.400000000001,18,2020.7999999999997,2opt,improve
956,30,3031.900000000001,18,2020.7999999999997,move,improve
957,30,3029.7000000000007,18,2020.7999999999997,2opt,improve
958,30,3023.000000000001,18,2020.7999999999997,move,improve
959,30,2998.900000000001,18,2020.7999999999997,swap,improve
960,30,2994.400000000001,18,2020.7999999999997,move,improve
961,30,2994.400000000001,18,2020.7999999999997,move,improve
962,30,3026.600000000001,18,2020.7999999999997,swap,acceptBad
963,30,3045.800000000001,18,2020.7999999999997,2opt,acceptBad
964,30,3058.5000000000014,18,2020.7999999999997,swap,acceptBad
965,30,3058.5000000000014,18,2020.7999999999997,move,improve
966,30,3046.7,18,2020.7999999999997,2opt,improve
967,30,3047.0,18,2020.7999999999997,swap,acceptBad
968,30,3004.6,18,2020.7999999999997,move,improve
969,30,3001.7000000000003,18,2020.7999999999997,move,improve
970,30,3029.5000000000005,18,2020.7999999999997,2opt,acceptBad
971,30,3021.0000000000005,18,2020.7999999999997,move,improve
972,30,3023.399999999999,18,2020.7999999999997,2opt,acceptBad
973,30,3024.3999999999987,18,2020.7999999999997,swap,acceptBad
974,30,3010.499999999999,18,2020.7999999999997,swap,improve
975,30,3010.499999999999,18,2020.7999999999997,move,improve
976,30,2980.899999999999,18,2020.7999999999997,move,improve
977,30,2988.1999999999994,18,2020.7999999999997,2opt,acceptBad
978,30,2985.7999999999993,18,2020.7999999999997,move,improve
979,30,3014.2999999999993,18,2020.7999999999997,swap,acceptBad
980,30,3012.0000000000014,18,2020.7999999999997,2opt,improve
981,30,3003.6000000000013,18,2020.7999999999997,swap,improve
982,30,3011.7999999999997,18,2020.7999999999997,2opt,acceptBad
983,30,3011.7999999999997,18,2020.7999999999997,2opt,improve
984,30,2954.2,18,2020.7999999999997,move,improve
985,30,2946.0,18,2020.7999999999997,move,improve
986,30,2946.0,18,2020.7999999999997,move,improve
987,30,2933.2999999999997,18,2020.7999999999997,move,improve
988,30,2977.200000000001,18,2020.7999999999997,2opt,acceptBad
989,30,2977.200000000001,18,2020.7999999999997,move,improve
990,30,2951.200000000001,18,2020.7999999999997,swap,improve
991,30,2951.200000000001,18,2020.7999999999997,move,improve
992,30,2949.1000000000013,18,2020.7999999999997,move,improve
993,30,2962.6000000000013,18,2020.7999999999997,swap,acceptBad
994,30,2900.800000000001,18,2020.7999999999997,move,improve
995,30,2900.800000000001,18,2020.7999999999997,move,improve
996,30,2900.800000000001,18,2020.7999999999997,move,improve
997,30,2898.200000000001,18,2020.7999999999997,swap,improve
998,30,2831.5000000000014,18,2020.7999999999997,move,improve
999,30,2848.500000000002,18,2020.7999999999997,2opt,acceptBad
1000,30,2826.8000000000015,18,2020.7999999999997,move,improve
1001,30,2823.800000000002,18,2020.7999999999997,move,improve
1002,30,2858.200000000002,18,2020.7999999999997,swap,acceptBad
1003,30,2882.500000000002,18,2020.7999999999997,swap,acceptBad
1004,30,2882.500000000002,18,2020.7999999999997,move,improve
1005,30,2882.500000000002,18,2020.7999999999997,move,improve
1006,30,2870.000000000002,18,2020.7999999999997,move,improve
1007,30,2868.000000000002,18,2020.7999999999997,swap,improve
1008,30,2889.6000000000017,18,2020.7999999999997,swap,acceptBad
1009,30,2884.8,18,2020.7999999999997,2opt,improve
1010,30,2884.8,18,2020.7999999999997,move,improve
1011,30,2859.2999999999997,18,2020.7999999999997,swap,improve
1012,30,2859.2999999999997,18,2020.7999999999997,2opt,improve
1013,30,2869.499999999999,18,2020.7999999999997,2opt,acceptBad
1014,30,2872.1,18,2020.7999999999997,2opt,acceptBad
1015,30,2875.4,18,2020.7999999999997,swap,acceptBad
1016,30,2888.8,18,2020.7999999999997,swap,acceptBad
1017,30,2888.8,18,2020.7999999999997,2opt,improve
1018,30,2913.6000000000017,18,2020.7999999999997,2opt,acceptBad
1019,30,2941.0000000000014,18,2020.7999999999997,swap,acceptBad
1020,30,2929.5000000000014,18,2020.7999999999997,move,improve
1021,30,2944.300000000001,18,2020.7999999999997,swap,acceptBad
1022,30,2962.700000000001,18,2020.7999999999997,swap,acceptBad
1023,30,2955.800000000001,18,2020.7999999999997,swap,improve
1024,30,2948.100000000001,18,2020.7999999999997,move,improve
1025,30,2951.900000000001,18,2020.7999999999997,swap,acceptBad
1026,30,3019.800000000001,18,2020.7999999999997,2opt,acceptBad
1027,30,3044.400000000001,18,2020.7999999999997,swap,acceptBad
1028,30,3095.400000000001,18,2020.7999999999997,swap,acceptBad
1029,30,3027.500000000001,18,2020.7999999999997,2opt,improve
1030,30,3038.100000000001,18,2020.7999999999997,swap,acceptBad
1031,30,3028.5999999999995,18,2020.7999999999997,2opt,improve
1032,30,3028.5999999999995,18,2020.7999999999997,move,improve
1033,30,3028.2999999999997,18,2020.7999999999997,2opt,improve
1034,30,3044.2000000000003,18,2020.7999999999997,swap,acceptBad
1035,30,3036.999999999999,18,2020.7999999999997,2opt,improve
1036,30,3065.599999999999,18,2020.7999999999997,swap,acceptBad
1037,30,3065.599999999999,18,2020.7999999999997,2opt,improve
1038,30,3065.599999999999,18,2020.7999999999997,2opt,improve
1039,30,3074.0999999999995,18,2020.7999999999997,2opt,acceptBad
1040,30,3089.0999999999995,18,2020.7999999999997,swap,acceptBad
1041,30,3089.0999999999995,18,2020.7999999999997,move,improve
1042,30,3043.7,18,2020.7999999999997,move,improve
1043,30,3107.2999999999993,18,2020.7999999999997,swap,acceptBad
1044,30,3122.8999999999996,18,2020.7999999999997,swap,acceptBad
1045,30,3129.2999999999984,18,2020.7999999999997,2opt,acceptBad
1046,30,3131.299999999999,18,2020.7999999999997,swap,acceptBad
1047,30,3131.299999999999,18,2020.7999999999997,move,improve
1048,29,3090.4999999999995,18,2020.7999999999997,2opt,improve
1049,29,3104.6999999999994,18,2020.7999999999997,swap,acceptBad
1050,29,3107.1999999999985,18,2020.7999999999997,2opt,acceptBad
1051,29,3088.8999999999987,18,2020.7999999999997,swap,improve
1052,29,3073.299999999999,18,2020.7999999999997,move,improve
1053,29,3083.8999999999987,18,2020.7999999999997,swap,acceptBad
1054,29,3082.999999999999,18,2020.7999999999997,2opt,improve
1055,29,3082.999999999999,18,2020.7999999999997,move,improve
1056,29,3082.999999999999,18,2020.7999999999997,2opt,improve
1057,29,3028.999999999999,18,2020.7999999999997,move,improve
1058,29,3006.4999999999995,18,2020.7999999999997,move,improve
1059,29,3002.699999999999,18,2020.7999999999997,swap,improve
1060,29,3002.699999999999,18,2020.7999999999997,2opt,improve
1061,29,3005.999999999999,18,2020.7999999999997,2opt,acceptBad
1062,29,3005.999999999999,18,2020.7999999999997,move,improve
1063,29,2983.7999999999997,18,2020.7999999999997,2opt,improve
1064,29,2983.7999999999997,18,2020.7999999999997,move,improve
1065,29,2973.7999999999997,18,2020.7999999999997,swap,improve
1066,29,2974.4,18,2020.7999999999997,2opt,acceptBad
1067,29,2979.7000000000007,18,2020.7999999999997,2opt,acceptBad
1068,29,2946.1000000000004,18,2020.7999999999997,swap,improve
1069,29,2953.8000000000006,18,2020.7999999999997,swap,acceptBad
1070,29,2960.199999999998,18,2020.7999999999997,2opt,acceptBad
1071,29,2953.899999999998,18,2020.7999999999997,move,improve
1072,29,2924.799999999998,18,2020.7999999999997,move,improve
1073,29,2922.4999999999977,18,2020.7999999999997,move,improve
1074,29,2944.6999999999985,18,2020.7999999999997,2opt,acceptBad
1075,30,2990.199999999998,18,2020.7999999999997,2opt,acceptBad
1076,30,2987.499999999998,18,2020.7999999999997,swap,improve
1077,30,2987.499999999998,18,2020.7999999999997,move,improve
1078,30,2984.7999999999984,18,2020.7999999999997,move,improve
1079,30,2982.599999999998,18,2020.7999999999997,2opt,improve
1080,30,2943.099999999998,18,2020.7999999999997,move,improve
1081,30,2931.100000000001,18,2020.7999999999997,2opt,improve
1082,30,2968.200000000001,18,2020.7999999999997,2opt,acceptBad
1083,30,2974.800000000001,18,2020.7999999999997,swap,acceptBad
1084,30,2969.499999999999,18,2020.7999999999997,2opt,improve
1085,30,2969.499999999999,18,2020.7999999999997,move,improve
1086,30,2983.599999999999,18,2020.7999999999997,2opt,acceptBad
1087,31,3026.599999999999,18,2020.7999999999997,2opt,acceptBad
1088,31,3110.9999999999995,18,2020.7999999999997,swap,acceptBad
1089,31,3115.2999999999997,18,2020.7999999999997,2opt,acceptBad
1090,31,3120.8,18,2020.7999999999997,swap,acceptBad
1091,31,3150.2000000000003,18,2020.7999999999997,2opt,acceptBad
1092,31,3153.0000000000005,18,2020.7999999999997,swap,acceptBad
1093,31,3151.5,18,2020.7999999999997,move,improve
1094,31,3150.5,18,2020.7999999999997,move,improve
1095,31,3142.899999999999,18,2020.7999999999997,swap,improve
1096,31,3149.7000000000007,18,2020.7999999999997,2opt,acceptBad
1097,31,3146.5000000000005,18,2020.7999999999997,swap,improve
1098,31,3143.6000000000004,18,2020.7999999999997,swap,improve
1099,31,3147.8,18,2020.7999999999997,2opt,acceptBad
1100,31,3124.8,18,2020.7999999999997,move,improve
1101,30,3105.600000000001,18,2020.7999999999997,2opt,improve
1102,30,3102.5999999999995,18,2020.7999999999997,2opt,improve
1103,30,3084.6999999999994,18,2020.7999999999997,move,improve
1104,30,3090.5999999999995,18,2020.7999999999997,swap,acceptBad
1105,30,3090.5999999999995,18,2020.7999999999997,2opt,improve
1106,30,3053.2,18,2020.7999999999997,2opt,improve
1107,30,3071.9,18,2020.7999999999997,swap,acceptBad
1108,30,3118.5,18,2020.7999999999997,swap,acceptBad
1109,30,3116.099999999999,18,2020.7999999999997,2opt,improve
1110,30,3076.1000000000004,18,2020.7999999999997,2opt,improve
1111,30,2997.1,18,2020.7999999999997,move,improve
1112,30,2942.8999999999996,18,2020.7999999999997,move,improve
1113,30,2931.3000000000006,18,2020.7999999999997,swap,improve
1114,30,2931.3000000000006,18,2020.7999999999997,move,improve
1115,30,2908.9000000000005,18,2020.7999999999997,swap,improve
1116,30,2876.0,18,2020.7999999999997,move,improve
1117,30,2919.7000000000003,18,2020.7999999999997,swap,acceptBad
1118,31,2985.0000000000005,18,2020.7999999999997,2opt,acceptBad
1119,31,2991.0000000000005,18,2020.7999999999997,2opt,acceptBad
1120,31,2988.7000000000007,18,2020.7999999999997,swap,improve
1121,31,2989.300000000002,18,2020.7999999999997,2opt,acceptBad
1122,31,3005.900000000002,18,2020.7999999999997,2opt,acceptBad
1123,31,2992.0999999999995,18,2020.7999999999997,2opt,improve
1124,31,2978.5999999999995,18,2020.7999999999997,move,improve
1125,31,2955.7999999999993,18,2020.7999999999997,swap,improve
1126,31,2955.5999999999995,18,2020.7999999999997,move,improve
1127,31,2950.2999999999997,18,2020.7999999999997,swap,improve
1128,31,2981.600000000001,18,2020.7999999999997,2opt,acceptBad
1129,31,2948.600000000001,18,2020.7999999999997,move,improve
1130,31,2940.3000000000006,18,2020.7999999999997,swap,improve
1131,31,2918.5000000000005,18,2020.7999999999997,move,improve
1132,31,2918.2000000000007,18,2020.7999999999997,move,improve
1133,31,2970.600000000001,18,2020.7999999999997,swap,acceptBad
1134,31,2966.8000000000006,18,2020.7999999999997,swap,improve
1135,31,2894.300000000001,18,2020.7999999999997,move,improve
1136,31,2912.400000000001,18,2020.7999999999997,2opt,acceptBad
1137,31,2932.400000000001,18,2020.7999999999997,swap,acceptBad
1138,31,2954.3999999999996,18,2020.7999999999997,2opt,acceptBad
1139,31,2970.7,18,2020.7999999999997,swap,acceptBad
1140,31,2997.8999999999996,18,2020.7999999999997,2opt,acceptBad
1141,31,2997.8999999999996,18,2020.7999999999997,2opt,improve
1142,32,3028.999999999999,18,2020.7999999999997,2opt,acceptBad
1143,32,3051.899999999999,18,2020.7999999999997,2opt,acceptBad
1144,32,3051.099999999999,18,2020.7999999999997,move,improve
1145,32,3031.999999999999,18,2020.7999999999997,move,improve
1146,32,3055.5000000000005,18,2020.7999999999997,2opt,acceptBad
1147,32,3054.1000000000004,18,2020.7999999999997,2opt,improve
1148,32,3054.1000000000004,18,2020.7999999999997,move,improve
1149,32,3071.7000000000016,18,2020.7999999999997,2opt,acceptBad
1150,32,3128.300000000001,18,2020.7999999999997,swap,acceptBad
1151,32,3105.700000000001,18,2020.7999999999997,move,improve
1152,32,3122.1,18,2020.7999999999997,2opt,acceptBad
1153,32,3132.5999999999985,18,2020.7999999999997,2opt,acceptBad
1154,32,3113.799999999999,18,2020.7999999999997,move,improve
1155,32,3113.799999999999,18,2020.7999999999997,move,improve
1156,32,3130.199999999999,18,2020.7999999999997,swap,acceptBad
1157,32,3121.2,18,2020.7999999999997,2opt,improve
1158,32,3120.8,18,2020.7999999999997,move,improve
1159,32,3114.2,18,2020.7999999999997,move,improve
1160,32,3103.2999999999997,18,2020.7999999999997,swap,improve
1161,32,3048.5999999999995,18,2020.7999999999997,move,improve
1162,32,3049.9,18,2020.7999999999997,swap,acceptBad
1163,32,3049.9,18,2020.7999999999997,2opt,improve
1164,32,3053.1,18,2020.7999999999997,swap,acceptBad
1165,32,3018.5,18,2020.7999999999997,move,improve
1166,32,3013.1,18,2020.7999999999997,move,improve
1167,32,3013.1,18,2020.7999999999997,move,improve
1168,32,3043.7000000000007,18,2020.7999999999997,2opt,acceptBad
1169,32,3062.500000000001,18,2020.7999999999997,swap,acceptBad
1170,33,3119.2000000000007,18,2020.7999999999997,2opt,acceptBad
1171,33,3149.1000000000004,18,2020.7999999999997,2opt,acceptBad
1172,33,3125.4,18,2020.7999999999997,swap,improve
1173,33,3194.4,18,2020.7999999999997,swap,acceptBad
1174,33,3189.5000000000005,18,2020.7999999999997,swap,improve
1175,33,3226.2,18,2020.7999999999997,2opt,acceptBad
1176,33,3210.5999999999995,18,2020.7999999999997,swap,improve
1177,33,3165.7999999999993,18,2020.7999999999997,move,improve
1178,33,3177.599999999999,18,2020.7999999999997,2opt,acceptBad
1179,33,3179.6999999999994,18,2020.7999999999997,swap,acceptBad
1180,33,3183.6000000000004,18,2020.7999999999997,2opt,acceptBad
1181,33,3187.8,18,2020.7999999999997,swap,acceptBad
1182,33,3160.6000000000004,18,2020.7999999999997,swap,improve
1183,33,3160.3,18,2020.7999999999997,2opt,improve
1184,33,3181.8,18,2020.7999999999997,swap,acceptBad
1185,34,3160.2,18,2020.7999999999997,2opt,improve
1186,34,3164.9,18,2020.7999999999997,2opt,acceptBad
1187,34,3147.1999999999994,18,2020.7999999999997,move,improve
1188,34,3227.5,18,2020.7999999999997,swap,acceptBad
1189,34,3249.6000000000004,18,2020.7999999999997,swap,acceptBad
1190,34,3228.1000000000004,18,2020.7999999999997,2opt,improve
1191,33,3221.9000000000015,18,2020.7999999999997,2opt,improve
1192,33,3233.700000000001,18,2020.7999999999997,2opt,acceptBad
1193,33,3233.700000000001,18,2020.7999999999997,move,improve
1194,33,3186.9000000000005,18,2020.7999999999997,2opt,improve
1195,33,3184.5000000000005,18,2020.7999999999997,swap,improve
1196,33,3175.100000000001,18,2020.7999999999997,swap,improve
1197,33,3158.200000000001,18,2020.7999999999997,swap,improve
1198,33,3171.200000000001,18,2020.7999999999997,swap,acceptBad
1199,33,3214.6000000000013,18,2020.7999999999997,2opt,acceptBad
1200,33,3222.1000000000017,18,2020.7999999999997,2opt,acceptBad
1201,33,3211.0000000000027,18,2020.7999999999997,2opt,improve
1202,33,3211.0000000000027,18,2020.7999999999997,move,improve
1203,33,3202.3000000000025,18,2020.7999999999997,move,improve
1204,33,3194.6000000000026,18,2020.7999999999997,swap,improve
1205,33,3225.6000000000026,18,2020.7999999999997,swap,acceptBad
1206,33,3227.400000000003,18,2020.7999999999997,swap,acceptBad
1207,33,3289.1000000000026,18,2020.7999999999997,swap,acceptBad
1208,33,3286.9999999999986,18,2020.7999999999997,2opt,improve
1209,33,3283.0999999999985,18,2020.7999999999997,move,improve
1210,33,3293.1999999999985,18,2020.7999999999997,swap,acceptBad
1211,33,3293.1999999999985,18,2020.7999999999997,move,improve
1212,33,3321.299999999999,18,2020.7999999999997,swap,acceptBad
1213,33,3267.8999999999983,18,2020.7999999999997,move,improve
1214,33,3313.3999999999983,18,2020.7999999999997,swap,acceptBad
1215,33,3325.9000000000015,18,2020.7999999999997,2opt,acceptBad
1216,33,3317.3000000000015,18,2020.7999999999997,move,improve
1217,33,3334.900000000001,18,2020.7999999999997,2opt,acceptBad
1218,33,3314.8,18,2020.7999999999997,2opt,improve
1219,33,3314.8,18,2020.7999999999997,move,improve
1220,33,3301.500000000001,18,2020.7999999999997,move,improve
1221,33,3305.3000000000006,18,2020.7999999999997,swap,acceptBad
1222,33,3336.3000000000015,18,2020.7999999999997,2opt,acceptBad
1223,33,3332.9,18,2020.7999999999997,2opt,improve
1224,33,3277.3999999999996,18,2020.7999999999997,move,improve
1225,33,3276.2000000000016,18,2020.7999999999997,2opt,improve
1226,33,3276.2000000000016,18,2020.7999999999997,2opt,improve
1227,33,3277.1000000000017,18,2020.7999999999997,swap,acceptBad
1228,33,3266.7000000000016,18,2020.7999999999997,swap,improve
1229,33,3241.1,18,2020.7999999999997,2opt,improve
1230,33,3241.1,18,2020.7999999999997,move,improve
1231,33,3269.7000000000003,18,2020.7999999999997,2opt,acceptBad
1232,33,3280.3000000000006,18,2020.7999999999997,swap,acceptBad
1233,33,3263.600000000001,18,2020.7999999999997,move,improve
1234,33,3262.8999999999996,18,2020.7999999999997,2opt,improve
1235,33,3274.6,18,2020.7999999999997,swap,acceptBad
1236,33,3263.700000000002,18,2020.7999999999997,2opt,improve
1237,33,3237.6000000000017,18,2020.7999999999997,move,improve
1238,33,3237.6000000000017,18,2020.7999999999997,2opt,improve
1239,33,3237.400000000002,18,2020.7999999999997,move,improve
1240,33,3262.0000000000014,18,2020.7999999999997,swap,acceptBad
1241,33,3235.6000000000013,18,2020.7999999999997,2opt,improve
1242,33,3240.5000000000014,18,2020.7999999999997,2opt,acceptBad
1243,33,3240.5000000000014,18,2020.7999999999997,move,improve
1244,33,3238.1000000000017,18,2020.7999999999997,move,improve
1245,33,3223.6000000000017,18,2020.7999999999997,2opt,improve
1246,33,3244.2000000000016,18,2020.7999999999997,swap,acceptBad
1247,33,3244.2000000000016,18,2020.7999999999997,move,improve
1248,33,3269.5000000000014,18,2020.7999999999997,swap,acceptBad
1249,32,3231.2000000000016,18,2020.7999999999997,move,improve
1250,32,3298.4000000000015,18,2020.7999999999997,swap,acceptBad
1251,32,3202.200000000002,18,2020.7999999999997,swap,improve
1252,32,3202.200000000002,18,2020.7999999999997,move,improve
1253,32,3170.2000000000007,18,2020.7999999999997,2opt,improve
1254,32,3187.500000000001,18,2020.7999999999997,swap,acceptBad
1255,32,3213.500000000001,18,2020.7999999999997,2opt,acceptBad
1256,32,3222.9000000000005,18,2020.7999999999997,swap,acceptBad
1257,32,3221.0000000000005,18,2020.7999999999997,swap,improve
1258,32,3245.3000000000006,18,2020.7999999999997,swap,acceptBad
1259,32,3245.3000000000006,18,2020.7999999999997,move,improve
1260,32,3239.7000000000007,18,2020.7999999999997,move,improve
1261,32,3270.5000000000005,18,2020.7999999999997,swap,acceptBad
1262,32,3270.5000000000005,18,2020.7999999999997,2opt,improve
1263,32,3293.3,18,2020.7999999999997,swap,acceptBad
1264,33,3365.8,18,2020.7999999999997,2opt,acceptBad
1265,33,3365.7999999999997,18,2020.7999999999997,move,improve
1266,33,3351.7999999999997,18,2020.7999999999997,move,improve
1267,33,3322.3,18,2020.7999999999997,2opt,improve
1268,33,3339.6000000000004,18,2020.7999999999997,2opt,acceptBad
1269,33,3352.3000000000006,18,2020.7999999999997,2opt,acceptBad
1270,33,3352.3000000000006,18,2020.7999999999997,move,improve
1271,33,3341.4000000000005,18,2020.7999999999997,move,improve
1272,33,3332.6000000000004,18,2020.7999999999997,2opt,improve
1273,33,3327.0000000000014,18,2020.7999999999997,2opt,improve
1274,33,3351.3000000000015,18,2020.7999999999997,2opt,acceptBad
1275,33,3350.7000000000016,18,2020.7999999999997,move,improve
1276,33,3313.800000000002,18,2020.7999999999997,move,improve
1277,33,3285.100000000002,18,2020.7999999999997,move,improve
1278,33,3273.500000000002,18,2020.7999999999997,move,improve
1279,33,3263.800000000001,18,2020.7999999999997,2opt,improve
1280,33,3249.000000000001,18,2020.7999999999997,move,improve
1281,33,3241.7000000000007,18,2020.7999999999997,swap,improve
1282,33,3237.9000000000005,18,2020.7999999999997,swap,improve
1283,33,3245.7000000000007,18,2020.7999999999997,swap,acceptBad
1284,33,3244.3000000000006,18,2020.7999999999997,swap,improve
1285,33,3271.5999999999995,18,2020.7999999999997,2opt,acceptBad
1286,33,3263.7000000000003,18,2020.7999999999997,2opt,improve
1287,33,3258.7000000000003,18,2020.7999999999997,2opt,improve
1288,33,3228.8,18,2020.7999999999997,move,improve
1289,33,3176.0,18,2020.7999999999997,move,improve
1290,33,3156.2999999999993,18,2020.7999999999997,2opt,improve
1291,33,3142.399999999999,18,2020.7999999999997,2opt,improve
1292,33,3118.199999999999,18,2020.7999999999997,move,improve
1293,33,3133.699999999999,18,2020.7999999999997,swap,acceptBad
1294,33,3130.299999999999,18,2020.7999999999997,swap,improve
1295,33,3138.2999999999984,18,2020.7999999999997,2opt,acceptBad
1296,33,3181.5999999999985,18,2020.7999999999997,swap,acceptBad
1297,33,3234.699999999999,18,2020.7999999999997,swap,acceptBad
1298,33,3265.0999999999985,18,2020.7999999999997,swap,acceptBad
1299,33,3264.9999999999986,18,2020.7999999999997,move,improve
1300,33,3264.8999999999983,18,2020.7999999999997,move,improve
1301,33,3255.5999999999985,18,2020.7999999999997,move,improve
1302,33,3236.599999999999,18,2020.7999999999997,swap,improve
1303,33,3234.8999999999996,18,2020.7999999999997,2opt,improve
1304,33,3283.6999999999994,18,2020.7999999999997,swap,acceptBad
1305,33,3283.6999999999994,18,2020.7999999999997,move,improve
1306,33,3235.0999999999995,18,2020.7999999999997,move,improve
1307,33,3258.4999999999995,18,2020.7999999999997,2opt,acceptBad
1308,33,3269.5999999999995,18,2020.7999999999997,swap,acceptBad
1309,33,3300.4999999999995,18,2020.7999999999997,swap,acceptBad
1310,33,3256.2,18,2020.7999999999997,swap,improve
1311,33,3294.7000000000003,18,2020.7999999999997,swap,acceptBad
1312,33,3322.399999999999,18,2020.7999999999997,2opt,acceptBad
1313,33,3274.999999999999,18,2020.7999999999997,2opt,improve
1314,33,3266.199999999999,18,2020.7999999999997,move,improve
1315,33,3265.6999999999985,18,2020.7999999999997,move,improve
1316,32,3226.5999999999985,18,2020.7999999999997,2opt,improve
1317,32,3185.100000000001,18,2020.7999999999997,2opt,improve
1318,32,3151.500000000001,18,2020.7999999999997,2opt,improve
1319,32,3168.299999999999,18,2020.7999999999997,2opt,acceptBad
1320,32,3133.2999999999984,18,2020.7999999999997,swap,improve
1321,32,3111.799999999999,18,2020.7999999999997,swap,improve
1322,32,3091.499999999999,18,2020.7999999999997,2opt,improve
1323,32,3091.499999999999,18,2020.7999999999997,move,improve
1324,32,3115.2,18,2020.7999999999997,2opt,acceptBad
1325,32,3072.9999999999995,18,2020.7999999999997,move,improve
1326,32,3157.6999999999994,18,2020.7999999999997,swap,acceptBad
1327,32,3151.499999999999,18,2020.7999999999997,swap,improve
1328,32,3165.7,18,2020.7999999999997,swap,acceptBad
1329,32,3190.6999999999994,18,2020.7999999999997,swap,acceptBad
1330,32,3195.3000000000006,18,2020.7999999999997,2opt,acceptBad
1331,32,3126.3000000000006,18,2020.7999999999997,swap,improve
1332,32,3116.000000000001,18,2020.7999999999997,move,improve
1333,32,3116.7000000000007,18,2020.7999999999997,2opt,acceptBad
1334,32,3115.7000000000007,18,2020.7999999999997,move,improve
1335,32,3124.0000000000005,18,2020.7999999999997,swap,acceptBad
1336,32,3129.100000000001,18,2020.7999999999997,2opt,acceptBad
1337,32,3139.1000000000004,18,2020.7999999999997,swap,acceptBad
1338,32,3138.8999999999996,18,2020.7999999999997,2opt,improve
1339,32,3171.8999999999996,18,2020.7999999999997,swap,acceptBad
1340,32,3157.2999999999993,18,2020.7999999999997,move,improve
1341,32,3162.0999999999985,18,2020.7999999999997,2opt,acceptBad
1342,32,3117.099999999999,18,2020.7999999999997,swap,improve
1343,32,3104.199999999999,18,2020.7999999999997,2opt,improve
1344,32,3092.299999999999,18,2020.7999999999997,move,improve
1345,32,3077.999999999999,18,2020.7999999999997,move,improve
1346,32,3069.8999999999987,18,2020.7999999999997,move,improve
1347,32,3033.799999999999,18,2020.7999999999997,move,improve
1348,32,3033.6999999999994,18,2020.7999999999997,move,improve
1349,32,3004.899999999999,18,2020.7999999999997,2opt,improve
1350,32,2990.300000000001,18,2020.7999999999997,2opt,improve
1351,32,2984.000000000001,18,2020.7999999999997,move,improve
1352,32,2971.7000000000007,18,2020.7999999999997,move,improve
1353,32,3020.5000000000005,18,2020.7999999999997,swap,acceptBad
1354,32,3033.6000000000013,18,2020.7999999999997,2opt,acceptBad
1355,32,3033.6000000000013,18,2020.7999999999997,2opt,notBad
1356,32,3018.0000000000014,18,2020.7999999999997,move,improve
1357,32,3028.400000000001,18,2020.7999999999997,swap,acceptBad
1358,32,3105.000000000001,18,2020.7999999999997,swap,acceptBad
1359,32,3131.300000000001,18,2020.7999999999997,swap,acceptBad
1360,32,3127.500000000001,18,2020.7999999999997,swap,improve
1361,32,3128.1000000000017,18,2020.7999999999997,swap,acceptBad
1362,32,3076.5000000000014,18,2020.7999999999997,move,improve
1363,32,3105.400000000001,18,2020.7999999999997,2opt,acceptBad
1364,32,3103.6000000000004,18,2020.7999999999997,2opt,improve
1365,32,3078.1,18,2020.7999999999997,2opt,improve
1366,32,3074.9,18,2020.7999999999997,move,improve
1367,32,3081.9,18,2020.7999999999997,2opt,acceptBad
1368,32,3062.6,18,2020.7999999999997,swap,improve
1369,32,3051.5,18,2020.7999999999997,swap,improve
1370,32,3046.5,18,2020.7999999999997,2opt,improve
1371,32,3113.5,18,2020.7999999999997,swap,acceptBad
1372,32,3051.0,18,2020.7999999999997,move,improve
1373,32,3037.9999999999995,18,2020.7999999999997,swap,improve
1374,32,3099.7999999999997,18,2020.7999999999997,swap,acceptBad
1375,32,3095.2999999999997,18,2020.7999999999997,swap,improve
1376,32,3093.3,18,2020.7999999999997,2opt,improve
1377,32,3093.1000000000004,18,2020.7999999999997,move,improve
1378,32,3093.1000000000004,18,2020.7999999999997,move,improve
1379,32,3163.2000000000003,18,2020.7999999999997,swap,acceptBad
1380,32,3172.9000000000005,18,2020.7999999999997,2opt,acceptBad
1381,32,3228.100000000001,18,2020.7999999999997,swap,acceptBad
1382,32,3175.600000000001,18,2020.7999999999997,swap,improve
1383,32,3096.3000000000006,18,2020.7999999999997,move,improve
1384,32,3082.9000000000005,18,2020.7999999999997,move,improve
1385,32,3080.300000000001,18,2020.7999999999997,move,improve
1386,32,3053.7000000000007,18,2020.7999999999997,move,improve
1387,32,3036.4000000000005,18,2020.7999999999997,swap,improve
1388,32,3036.4000000000005,18,2020.7999999999997,move,improve
1389,32,3081.7999999999997,18,2020.7999999999997,2opt,acceptBad
1390,32,3106.3000000000006,18,2020.7999999999997,2opt,acceptBad
1391,32,3112.3999999999987,18,2020.7999999999997,2opt,acceptBad
1392,32,3107.6999999999994,18,2020.7999999999997,2opt,improve
1393,32,3127.2999999999984,18,2020.7999999999997,2opt,acceptBad
1394,32,3107.5999999999985,18,2020.7999999999997,swap,improve
1395,33,3125.6999999999985,18,2020.7999999999997,2opt,acceptBad
1396,33,3119.299999999998,18,2020.7999999999997,2opt,improve
1397,33,3088.799999999998,18,2020.7999999999997,swap,improve
1398,33,3089.0000000000023,18,2020.7999999999997,2opt,acceptBad
1399,33,3105.1999999999975,18,2020.7999999999997,2opt,acceptBad
1400,33,3086.799999999998,18,2020.7999999999997,swap,improve
1401,33,3086.799999999998,18,2020.7999999999997,2opt,notBad
1402,33,3093.0999999999976,18,2020.7999999999997,swap,acceptBad
1403,33,3090.9999999999973,18,2020.7999999999997,swap,improve
1404,33,3121.799999999998,18,2020.7999999999997,swap,acceptBad
1405,33,3064.4999999999973,18,2020.7999999999997,swap,improve
1406,33,3069.700000000001,18,2020.7999999999997,2opt,acceptBad
1407,33,3071.600000000001,18,2020.7999999999997,swap,acceptBad
1408,33,3076.6000000000004,18,2020.7999999999997,swap,acceptBad
1409,33,3121.7000000000003,18,2020.7999999999997,swap,acceptBad
1410,33,3153.4999999999986,18,2020.7999999999997,2opt,acceptBad
1411,33,3152.099999999999,18,2020.7999999999997,swap,improve
1412,33,3143.500000000001,18,2020.7999999999997,2opt,improve
1413,33,3106.000000000001,18,2020.7999999999997,move,improve
1414,33,3084.6000000000004,18,2020.7999999999997,2opt,improve
1415,33,3076.6,18,2020.7999999999997,move,improve
1416,33,3079.3,18,2020.7999999999997,swap,acceptBad
1417,33,3076.0,18,2020.7999999999997,swap,improve
1418,33,3076.0,18,2020.7999999999997,move,improve
1419,33,3043.8999999999996,18,2020.7999999999997,move,improve
1420,33,3038.8999999999996,18,2020.7999999999997,move,improve
1421,33,3014.4,18,2020.7999999999997,move,improve
1422,33,3087.8,18,2020.7999999999997,swap,acceptBad
1423,33,3073.6,18,2020.7999999999997,move,improve
1424,33,3086.7,18,2020.7999999999997,swap,acceptBad
1425,33,3053.5999999999995,18,2020.7999999999997,2opt,improve
1426,33,3037.4999999999995,18,2020.7999999999997,swap,improve
1427,33,3048.800000000001,18,2020.7999999999997,2opt,acceptBad
1428,33,3036.600000000001,18,2020.7999999999997,swap,improve
1429,33,3102.800000000001,18,2020.7999999999997,swap,acceptBad
1430,33,3105.500000000001,18,2020.7999999999997,swap,acceptBad
1431,33,3106.7000000000007,18,2020.7999999999997,swap,acceptBad
1432,33,3084.8000000000006,18,2020.7999999999997,2opt,improve
1433,33,3067.7000000000007,18,2020.7999999999997,move,improve
1434,33,3107.300000000001,18,2020.7999999999997,2opt,acceptBad
1435,33,3123.700000000001,18,2020.7999999999997,swap,acceptBad
1436,33,3109.800000000001,18,2020.7999999999997,move,improve
1437,33,3098.5000000000014,18,2020.7999999999997,swap,improve
1438,34,3135.400000000001,18,2020.7999999999997,2opt,acceptBad
1439,34,3165.399999999999,18,2020.7999999999997,2opt,acceptBad
1440,34,3211.800000000002,18,2020.7999999999997,2opt,acceptBad
1441,34,3214.3000000000015,18,2020.7999999999997,swap,acceptBad
1442,34,3168.7000000000016,18,2020.7999999999997,move,improve
1443,34,3144.2000000000016,18,2020.7999999999997,move,improve
1444,34,3132.1000000000017,18,2020.7999999999997,move,improve
1445,34,3136.4000000000015,18,2020.7999999999997,swap,acceptBad
1446,34,3199.2000000000016,18,2020.7999999999997,2opt,acceptBad
1447,34,3190.900000000002,18,2020.7999999999997,swap,improve
1448,34,3166.900000000002,18,2020.7999999999997,move,improve
1449,34,3203.400000000001,18,2020.7999999999997,2opt,acceptBad
1450,34,3201.800000000001,18,2020.7999999999997,swap,improve
1451,34,3206.0000000000005,18,2020.7999999999997,2opt,acceptBad
1452,34,3219.7000000000003,18,2020.7999999999997,swap,acceptBad
1453,34,3210.4000000000005,18,2020.7999999999997,move,improve
1454,34,3157.200000000001,18,2020.7999999999997,move,improve
1455,34,3145.1999999999994,18,2020.7999999999997,2opt,improve
1456,34,3145.8000000000006,18,2020.7999999999997,2opt,acceptBad
1457,34,3145.8000000000006,18,2020.7999999999997,move,improve
1458,34,3211.3000000000006,18,2020.7999999999997,swap,acceptBad
1459,34,3209.600000000001,18,2020.7999999999997,move,improve
1460,34,3209.6000000000004,18,2020.7999999999997,swap,improve
1461,34,3206.600000000001,18,2020.7999999999997,2opt,improve
1462,34,3152.800000000001,18,2020.7999999999997,move,improve
1463,34,3152.800000000001,18,2020.7999999999997,move,improve
1464,34,3158.6000000000004,18,2020.7999999999997,2opt,acceptBad
1465,34,3156.2999999999997,18,2020.7999999999997,move,improve
1466,34,3231.7999999999997,18,2020.7999999999997,swap,acceptBad
1467,34,3230.7000000000007,18,2020.7999999999997,2opt,improve
1468,34,3221.9,18,2020.7999999999997,2opt,improve
1469,34,3243.6,18,2020.7999999999997,swap,acceptBad
1470,34,3249.0000000000005,18,2020.7999999999997,swap,acceptBad
1471,34,3263.7000000000003,18,2020.7999999999997,2opt,acceptBad
1472,34,3261.2000000000007,18,2020.7999999999997,2opt,improve
1473,34,3198.2000000000007,18,2020.7999999999997,swap,improve
1474,34,3139.9000000000005,18,2020.7999999999997,swap,improve
1475,34,3139.9000000000005,18,2020.7999999999997,2opt,improve
1476,34,3106.4000000000005,18,2020.7999999999997,move,improve
1477,34,3092.2000000000003,18,2020.7999999999997,2opt,improve
1478,33,3092.2000000000003,18,2020.7999999999997,2opt,improve
1479,33,3072.5000000000005,18,2020.7999999999997,move,improve
1480,33,3107.300000000001,18,2020.7999999999997,2opt,acceptBad
1481,33,3108.4000000000005,18,2020.7999999999997,2opt,acceptBad
1482,33,3101.8000000000006,18,2020.7999999999997,swap,improve
1483,33,3089.0000000000005,18,2020.7999999999997,swap,improve
1484,33,3112.2000000000003,18,2020.7999999999997,swap,acceptBad
1485,33,3112.2000000000003,18,2020.7999999999997,move,improve
1486,33,3127.3,18,2020.7999999999997,2opt,acceptBad
1487,33,3083.6000000000004,18,2020.7999999999997,2opt,improve
1488,33,3026.5,18,2020.7999999999997,swap,improve
1489,32,3020.7,18,2020.7999999999997,2opt,improve
1490,32,3058.2999999999997,18,2020.7999999999997,2opt,acceptBad
1491,32,3066.2,18,2020.7999999999997,2opt,acceptBad
1492,32,3058.3999999999996,18,2020.7999999999997,move,improve
1493,32,3055.8999999999996,18,2020.7999999999997,swap,improve
1494,32,3029.400000000001,18,2020.7999999999997,2opt,improve
1495,32,3051.700000000001,18,2020.7999999999997,swap,acceptBad
1496,32,3051.700000000001,18,2020.7999999999997,move,improve
1497,32,3047.800000000001,18,2020.7999999999997,move,improve
1498,32,3049.700000000001,18,2020.7999999999997,swap,acceptBad
1499,32,3058.5000000000014,18,2020.7999999999997,swap,acceptBad
1500,32,3049.0000000000014,18,2020.7999999999997,swap,improve
1501,31,2985.4000000000015,18,2020.7999999999997,move,improve
1502,31,2968.1000000000013,18,2020.7999999999997,move,improve
1503,31,2922.5000000000014,18,2020.7999999999997,move,improve
1504,31,2927.800000000001,18,2020.7999999999997,2opt,acceptBad
1505,31,2934.500000000001,18,2020.7999999999997,swap,acceptBad
1506,31,2922.1000000000013,18,2020.7999999999997,move,improve
1507,31,2922.1000000000013,18,2020.7999999999997,move,improve
1508,31,2927.8999999999996,18,2020.7999999999997,2opt,acceptBad
1509,31,2904.3999999999996,18,2020.7999999999997,move,improve
1510,31,2928.3,18,2020.7999999999997,2opt,acceptBad
1511,31,2878.0000000000005,18,2020.7999999999997,swap,improve
1512,31,2878.4000000000005,18,2020.7999999999997,swap,acceptBad
1513,31,2848.7000000000007,18,2020.7999999999997,move,improve
1514,31,2819.6000000000013,18,2020.7999999999997,move,improve
1515,31,2891.400000000001,18,2020.7999999999997,2opt,acceptBad
1516,31,2876.300000000001,18,2020.7999999999997,swap,improve
1517,31,2835.900000000001,18,2020.7999999999997,move,improve
1518,31,2840.3999999999996,18,2020.7999999999997,2opt,acceptBad
1519,31,2840.3999999999996,18,2020.7999999999997,move,improve
1520,31,2867.0,18,2020.7999999999997,2opt,acceptBad
1521,31,2854.2,18,2020.7999999999997,move,improve
1522,31,2854.399999999999,18,2020.7999999999997,2opt,acceptBad
1523,31,2847.7999999999993,18,2020.7999999999997,move,improve
1524,31,2918.1000000000004,18,2020.7999999999997,2opt,acceptBad
1525,31,2846.2000000000007,18,2020.7999999999997,swap,improve
1526,31,2843.6000000000004,18,2020.7999999999997,swap,improve
1527,31,2843.6000000000004,18,2020.7999999999997,move,improve
1528,31,2847.4000000000005,18,2020.7999999999997,swap,acceptBad
1529,31,2856.6000000000004,18,2020.7999999999997,2opt,acceptBad
1530,31,2876.2000000000003,18,2020.7999999999997,swap,acceptBad
1531,31,2878.9000000000005,18,2020.7999999999997,swap,acceptBad
1532,31,2869.400000000001,18,2020.7999999999997,2opt,improve
1533,31,2842.6000000000013,18,2020.7999999999997,swap,improve
1534,31,2842.6000000000013,18,2020.7999999999997,move,improve
1535,30,2805.800000000001,18,2020.7999999999997,2opt,improve
1536,30,2824.700000000001,18,2020.7999999999997,2opt,acceptBad
1537,30,2797.4000000000015,18,2020.7999999999997,move,improve
1538,29,2792.799999999999,18,2020.7999999999997,2opt,improve
1539,29,2792.3999999999987,18,2020.7999999999997,swap,improve
1540,29,2802.900000000001,18,2020.7999999999997,2opt,acceptBad
1541,29,2803.000000000001,18,2020.7999999999997,swap,acceptBad
1542,30,2853.8000000000006,18,2020.7999999999997,2opt,acceptBad
1543,30,2839.4,18,2020.7999999999997,2opt,improve
1544,30,2827.7000000000003,18,2020.7999999999997,move,improve
1545,30,2778.7000000000003,18,2020.7999999999997,swap,improve
1546,30,2777.7999999999993,18,2020.7999999999997,2opt,improve
1547,30,2770.3000000000006,18,2020.7999999999997,2opt,improve
1548,30,2848.8999999999996,18,2020.7999999999997,2opt,acceptBad
1549,30,2840.8999999999996,18,2020.7999999999997,move,improve
1550,30,2840.8999999999996,18,2020.7999999999997,move,improve
1551,30,2832.2999999999997,18,2020.7999999999997,move,improve
1552,30,2793.1,18,2020.7999999999997,move,improve
1553,30,2783.5,18,2020.7999999999997,move,improve
1554,30,2814.2000000000007,18,2020.7999999999997,2opt,acceptBad
1555,30,2823.200000000001,18,2020.7999999999997,swap,acceptBad
1556,30,2780.500000000001,18,2020.7999999999997,move,improve
1557,30,2764.300000000001,18,2020.7999999999997,move,improve
1558,30,2753.1000000000013,18,2020.7999999999997,2opt,improve
1559,30,2745.4000000000015,18,2020.7999999999997,move,improve
1560,30,2740.000000000001,18,2020.7999999999997,swap,improve
1561,30,2704.400000000001,18,2020.7999999999997,swap,improve
1562,30,2734.000000000001,18,2020.7999999999997,swap,acceptBad
1563,30,2785.700000000001,18,2020.7999999999997,swap,acceptBad
1564,30,2782.900000000001,18,2020.7999999999997,move,improve
1565,30,2782.900000000001,18,2020.7999999999997,2opt,improve
1566,30,2782.900000000001,18,2020.7999999999997,swap,improve
1567,30,2810.2000000000007,18,2020.7999999999997,swap,acceptBad
1568,30,2808.9000000000005,18,2020.7999999999997,move,improve
1569,30,2777.2000000000007,18,2020.7999999999997,move,improve
1570,30,2784.6000000000013,18,2020.7999999999997,2opt,acceptBad
1571,30,2777.800000000001,18,2020.7999999999997,move,improve
1572,30,2791.500000000001,18,2020.7999999999997,swap,acceptBad
1573,30,2793.500000000001,18,2020.7999999999997,swap,acceptBad
1574,30,2758.2000000000007,18,2020.7999999999997,move,improve
1575,30,2761.2000000000007,18,2020.7999999999997,swap,acceptBad
1576,30,2706.600000000001,18,2020.7999999999997,2opt,improve
1577,30,2732.800000000001,18,2020.7999999999997,swap,acceptBad
1578,30,2736.4999999999995,18,2020.7999999999997,2opt,acceptBad
1579,30,2768.2999999999993,18,2020.7999999999997,swap,acceptBad
1580,30,2768.2999999999993,18,2020.7999999999997,2opt,notBad
1581,30,2769.599999999999,18,2020.7999999999997,swap,acceptBad
1582,30,2799.9999999999995,18,2020.7999999999997,swap,acceptBad
1583,30,2802.100000000002,18,2020.7999999999997,2opt,acceptBad
1584,30,2783.700000000002,18,2020.7999999999997,move,improve
1585,30,2790.000000000002,18,2020.7999999999997,swap,acceptBad
1586,30,2824.1000000000017,18,2020.7999999999997,swap,acceptBad
1587,30,2865.900000000001,18,2020.7999999999997,2opt,acceptBad
1588,30,2865.900000000001,18,2020.7999999999997,move,improve
1589,30,2859.300000000001,18,2020.7999999999997,move,improve
1590,30,2839.6000000000004,18,2020.7999999999997,move,improve
1591,30,2839.6000000000004,18,2020.7999999999997,move,improve
1592,31,2856.4000000000005,18,2020.7999999999997,2opt,acceptBad
1593,31,2865.999999999999,18,2020.7999999999997,2opt,acceptBad
1594,31,2865.999999999999,18,2020.7999999999997,swap,improve
1595,31,2865.999999999999,18,2020.7999999999997,move,improve
1596,31,2865.999999999999,18,2020.7999999999997,move,improve
1597,31,2905.399999999999,18,2020.7999999999997,2opt,acceptBad
1598,31,2927.499999999999,18,2020.7999999999997,swap,acceptBad
1599,31,2943.899999999999,18,2020.7999999999997,swap,acceptBad
1600,31,2955.6999999999994,18,2020.7999999999997,2opt,acceptBad
1601,31,2976.0999999999995,18,2020.7999999999997,swap,acceptBad
1602,31,2979.1999999999994,18,2020.7999999999997,swap,acceptBad
1603,31,2964.899999999999,18,2020.7999999999997,swap,improve
1604,31,2964.899999999999,18,2020.7999999999997,move,improve
1605,31,2920.999999999999,18,2020.7999999999997,move,improve
1606,31,2899.7999999999997,18,2020.7999999999997,move,improve
1607,31,2899.499999999999,18,2020.7999999999997,move,improve
1608,31,2943.5999999999995,18,2020.7999999999997,swap,acceptBad
1609,31,2948.499999999999,18,2020.7999999999997,swap,acceptBad
1610,31,2944.699999999999,18,2020.7999999999997,2opt,improve
1611,31,2944.699999999999,18,2020.7999999999997,2opt,improve
1612,31,2951.999999999999,18,2020.7999999999997,swap,acceptBad
1613,31,2950.899999999999,18,2020.7999999999997,swap,improve
1614,31,2947.3,18,2020.7999999999997,2opt,improve
1615,31,2974.9,18,2020.7999999999997,swap,acceptBad
1616,31,2976.1,18,2020.7999999999997,2opt,acceptBad
1617,31,2999.600000000001,18,2020.7999999999997,2opt,acceptBad
1618,31,3028.400000000001,18,2020.7999999999997,2opt,acceptBad
1619,31,2992.4000000000005,18,2020.7999999999997,swap,improve
1620,31,2992.4000000000005,18,2020.7999999999997,2opt,notBad
1621,31,3000.9,18,2020.7999999999997,2opt,acceptBad
1622,31,2980.0000000000005,18,2020.7999999999997,move,improve
1623,31,3023.2000000000003,18,2020.7999999999997,2opt,acceptBad
1624,31,3022.1000000000004,18,2020.7999999999997,2opt,improve
1625,31,3022.1000000000004,18,2020.7999999999997,2opt,notBad
1626,31,3010.7,18,2020.7999999999997,swap,improve
1627,31,3028.0,18,2020.7999999999997,swap,acceptBad
1628,31,3086.4999999999995,18,2020.7999999999997,2opt,acceptBad
1629,31,3066.3,18,2020.7999999999997,swap,improve
1630,31,3066.1000000000004,18,2020.7999999999997,move,improve
1631,31,3098.0000000000005,18,2020.7999999999997,swap,acceptBad
1632,31,3097.8000000000006,18,2020.7999999999997,move,improve
1633,31,3059.1000000000004,18,2020.7999999999997,move,improve
1634,31,3023.9,18,2020.7999999999997,move,improve
1635,31,3000.7000000000003,18,2020.7999999999997,swap,improve
1636,31,2980.3,18,2020.7999999999997,move,improve
1637,31,3032.999999999999,18,2020.7999999999997,2opt,acceptBad
1638,31,3027.999999999999,18,2020.7999999999997,swap,improve
1639,31,3047.999999999999,18,2020.7999999999997,swap,acceptBad
1640,31,2999.7999999999993,18,2020.7999999999997,swap,improve
1641,31,2999.2999999999997,18,2020.7999999999997,move,improve
1642,31,2986.2999999999997,18,2020.7999999999997,move,improve
1643,31,3033.2999999999997,18,2020.7999999999997,swap,acceptBad
1644,31,3035.399999999999,18,2020.7999999999997,2opt,acceptBad
1645,31,3012.6000000000004,18,2020.7999999999997,2opt,improve
1646,31,3008.6000000000004,18,2020.7999999999997,move,improve
1647,31,3006.4000000000005,18,2020.7999999999997,swap,improve
1648,31,3007.4000000000005,18,2020.7999999999997,swap,acceptBad
1649,31,3003.8,18,2020.7999999999997,2opt,improve
1650,31,2956.7000000000003,18,2020.7999999999997,swap,improve
1651,30,2928.2000000000003,18,2020.7999999999997,2opt,improve
1652,30,3005.8000000000006,18,2020.7999999999997,swap,acceptBad
1653,30,3022.3000000000006,18,2020.7999999999997,swap,acceptBad
1654,30,3033.6999999999985,18,2020.7999999999997,2opt,acceptBad
1655,30,3038.6000000000004,18,2020.7999999999997,2opt,acceptBad
1656,30,3053.7000000000003,18,2020.7999999999997,swap,acceptBad
1657,30,3053.7000000000003,18,2020.7999999999997,2opt,improve
1658,30,3073.2000000000003,18,2020.7999999999997,swap,acceptBad
1659,30,3106.3999999999996,18,2020.7999999999997,swap,acceptBad
1660,30,3073.6999999999985,18,2020.7999999999997,2opt,improve
1661,30,3102.699999999999,18,2020.7999999999997,swap,acceptBad
1662,30,3135.099999999999,18,2020.7999999999997,swap,acceptBad
1663,30,3141.599999999999,18,2020.7999999999997,swap,acceptBad
1664,30,3132.3999999999987,18,2020.7999999999997,move,improve
1665,30,3159.1999999999985,18,2020.7999999999997,swap,acceptBad
1666,30,3155.9999999999986,18,2020.7999999999997,move,improve
1667,30,3217.199999999999,18,2020.7999999999997,swap,acceptBad
1668,30,3202.599999999999,18,2020.7999999999997,2opt,improve
1669,30,3213.3000000000006,18,2020.7999999999997,2opt,acceptBad
1670,30,3214.500000000001,18,2020.7999999999997,swap,acceptBad
1671,30,3232.3,18,2020.7999999999997,2opt,acceptBad
1672,30,3224.7999999999997,18,2020.7999999999997,2opt,improve
1673,30,3204.7999999999993,18,2020.7999999999997,2opt,improve
1674,30,3213.8,18,2020.7999999999997,2opt,acceptBad
1675,30,3157.6,18,2020.7999999999997,swap,improve
1676,30,3079.5,18,2020.7999999999997,swap,improve
1677,30,3066.7,18,2020.7999999999997,swap,improve
1678,30,3033.0,18,2020.7999999999997,2opt,improve
1679,30,3024.7999999999993,18,2020.7999999999997,2opt,improve
1680,30,3014.3999999999996,18,2020.7999999999997,2opt,improve
1681,30,3022.7,18,2020.7999999999997,swap,acceptBad
1682,30,3047.9,18,2020.7999999999997,2opt,acceptBad
1683,30,3046.2000000000003,18,2020.7999999999997,swap,improve
1684,30,3020.2000000000003,18,2020.7999999999997,move,improve
1685,31,3037.7999999999997,18,2020.7999999999997,2opt,acceptBad
1686,31,3054.2999999999984,18,2020.7999999999997,2opt,acceptBad
1687,31,3040.499999999998,18,2020.7999999999997,move,improve
1688,31,3063.699999999999,18,2020.7999999999997,2opt,acceptBad
1689,32,3089.9999999999986,18,2020.7999999999997,2opt,acceptBad
1690,32,3056.1999999999985,18,2020.7999999999997,move,improve
1691,32,3087.900000000001,18,2020.7999999999997,2opt,acceptBad
1692,32,3087.900000000001,18,2020.7999999999997,move,improve
1693,32,3087.900000000001,18,2020.7999999999997,move,improve
1694,32,3116.800000000001,18,2020.7999999999997,2opt,acceptBad
1695,32,3116.400000000001,18,2020.7999999999997,swap,improve
1696,32,3116.400000000001,18,2020.7999999999997,move,improve
1697,32,3160.4000000000005,18,2020.7999999999997,swap,acceptBad
1698,32,3120.2000000000003,18,2020.7999999999997,move,improve
1699,32,3167.1000000000004,18,2020.7999999999997,swap,acceptBad
1700,32,3167.1000000000004,18,2020.7999999999997,move,improve
1701,32,3163.7000000000003,18,2020.7999999999997,swap,improve
1702,32,3164.3000000000006,18,2020.7999999999997,2opt,acceptBad
1703,32,3164.200000000001,18,2020.7999999999997,move,improve
1704,32,3187.3000000000015,18,2020.7999999999997,2opt,acceptBad
1705,32,3184.8000000000015,18,2020.7999999999997,swap,improve
1706,32,3187.6000000000013,18,2020.7999999999997,swap,acceptBad
1707,32,3180.700000000001,18,2020.7999999999997,swap,improve
1708,32,3167.200000000001,18,2020.7999999999997,swap,improve
1709,32,3152.2000000000007,18,2020.7999999999997,move,improve
1710,32,3152.2000000000007,18,2020.7999999999997,2opt,improve
1711,32,3152.2000000000007,18,2020.7999999999997,move,improve
1712,32,3152.1000000000004,18,2020.7999999999997,move,improve
1713,32,3151.3,18,2020.7999999999997,move,improve
1714,32,3109.0000000000005,18,2020.7999999999997,move,improve
1715,32,3100.2,18,2020.7999999999997,2opt,improve
1716,32,3137.3999999999996,18,2020.7999999999997,swap,acceptBad
1717,32,3127.0999999999995,18,2020.7999999999997,move,improve
1718,32,3104.7999999999993,18,2020.7999999999997,move,improve
1719,32,3074.499999999999,18,2020.7999999999997,move,improve
1720,31,3069.8999999999996,18,2020.7999999999997,2opt,improve
1721,31,3075.9999999999995,18,2020.7999999999997,swap,acceptBad
1722,31,3070.999999999999,18,2020.7999999999997,2opt,improve
1723,31,3056.7999999999993,18,2020.7999999999997,move,improve
1724,31,3040.8999999999996,18,2020.7999999999997,swap,improve
1725,31,3039.7999999999997,18,2020.7999999999997,move,improve
1726,31,3027.2999999999997,18,2020.7999999999997,move,improve
1727,30,3005.0999999999995,18,2020.7999999999997,move,improve
1728,30,3005.0999999999995,18,2020.7999999999997,move,improve
1729,30,2988.9999999999995,18,2020.7999999999997,swap,improve
1730,30,3053.0999999999995,18,2020.7999999999997,swap,acceptBad
1731,30,3046.1999999999994,18,2020.7999999999997,move,improve
1732,30,3013.3999999999996,18,2020.7999999999997,swap,improve
1733,30,2952.4999999999995,18,2020.7999999999997,swap,improve
1734,30,2952.4999999999995,18,2020.7999999999997,2opt,notBad
1735,30,2928.8999999999996,18,2020.7999999999997,move,improve
1736,30,2937.9999999999995,18,2020.7999999999997,swap,acceptBad
1737,31,2986.8,18,2020.7999999999997,2opt,acceptBad
1738,31,2986.8,18,2020.7999999999997,2opt,notBad
1739,30,2954.1,18,2020.7999999999997,move,improve
1740,30,2943.4999999999995,18,2020.7999999999997,swap,improve
1741,30,2929.8999999999996,18,2020.7999999999997,move,improve
1742,30,2976.9999999999995,18,2020.7999999999997,2opt,acceptBad
1743,30,2968.8999999999996,18,2020.7999999999997,move,improve
1744,30,2968.8999999999996,18,2020.7999999999997,move,improve
1745,30,2972.4999999999995,18,2020.7999999999997,swap,acceptBad
1746,30,2987.099999999999,18,2020.7999999999997,2opt,acceptBad
1747,30,3024.0999999999995,18,2020.7999999999997,swap,acceptBad
1748,30,2982.2999999999993,18,2020.7999999999997,swap,improve
1749,30,3015.1000000000004,18,2020.7999999999997,2opt,acceptBad
1750,30,3033.699999999998,18,2020.7999999999997,2opt,acceptBad
1751,30,3021.299999999998,18,2020.7999999999997,move,improve
1752,30,3073.0999999999985,18,2020.7999999999997,swap,acceptBad
1753,30,3073.0999999999985,18,2020.7999999999997,2opt,improve
1754,30,3073.0999999999985,18,2020.7999999999997,2opt,improve
1755,30,3060.7999999999984,18,2020.7999999999997,swap,improve
1756,31,3055.199999999999,18,2020.7999999999997,2opt,improve
1757,31,3048.099999999999,18,2020.7999999999997,move,improve
1758,31,3042.8999999999987,18,2020.7999999999997,2opt,improve
1759,31,3020.3999999999987,18,2020.7999999999997,move,improve
1760,31,3020.3999999999987,18,2020.7999999999997,2opt,improve
1761,31,3024.599999999999,18,2020.7999999999997,swap,acceptBad
1762,31,3042.499999999999,18,2020.7999999999997,swap,acceptBad
1763,31,3044.799999999999,18,2020.7999999999997,swap,acceptBad
1764,32,3055.1999999999985,18,2020.7999999999997,2opt,acceptBad
1765,32,3041.8999999999983,18,2020.7999999999997,2opt,improve
1766,32,3037.699999999998,18,2020.7999999999997,swap,improve
1767,32,3037.699999999998,18,2020.7999999999997,move,improve
1768,32,3004.199999999998,18,2020.7999999999997,move,improve
1769,32,3004.199999999998,18,2020.7999999999997,2opt,improve
1770,32,2952.500000000001,18,2020.7999999999997,2opt,improve
1771,32,2965.200000000001,18,2020.7999999999997,swap,acceptBad
1772,31,2916.9000000000015,18,2020.7999999999997,move,improve
1773,31,2910.7999999999997,18,2020.7999999999997,2opt,improve
1774,31,2904.999999999999,18,2020.7999999999997,2opt,improve
1775,31,2906.0000000000014,18,2020.7999999999997,2opt,acceptBad
1776,31,2887.9000000000015,18,2020.7999999999997,move,improve
1777,31,2938.7000000000016,18,2020.7999999999997,swap,acceptBad
1778,31,2982.9000000000015,18,2020.7999999999997,2opt,acceptBad
1779,31,2940.8000000000015,18,2020.7999999999997,move,improve
1780,31,2926.700000000001,18,2020.7999999999997,2opt,improve
1781,31,2900.300000000001,18,2020.7999999999997,swap,improve
1782,31,2900.800000000001,18,2020.7999999999997,swap,acceptBad
1783,31,2900.800000000001,18,2020.7999999999997,move,improve
1784,30,2883.200000000001,18,2020.7999999999997,2opt,improve
1785,31,2915.9000000000015,18,2020.7999999999997,2opt,acceptBad
1786,31,2915.9000000000015,18,2020.7999999999997,move,improve
1787,31,2887.900000000002,18,2020.7999999999997,move,improve
1788,31,2855.900000000002,18,2020.7999999999997,move,improve
1789,31,2855.900000000002,18,2020.7999999999997,2opt,notBad
1790,30,2824.500000000002,18,2020.7999999999997,move,improve
1791,30,2817.000000000002,18,2020.7999999999997,move,improve
1792,30,2844.1000000000017,18,2020.7999999999997,swap,acceptBad
1793,30,2806.500000000002,18,2020.7999999999997,move,improve
1794,30,2827.2999999999984,18,2020.7999999999997,2opt,acceptBad
1795,30,2748.1999999999985,18,2020.7999999999997,move,improve
1796,30,2766.4999999999986,18,2020.7999999999997,swap,acceptBad
1797,30,2758.7000000000003,18,2020.7999999999997,2opt,improve
1798,30,2758.0999999999985,18,2020.7999999999997,2opt,improve
1799,30,2758.0999999999985,18,2020.7999999999997,move,improve
1800,30,2700.999999999998,18,2020.7999999999997,move,improve
1801,30,2668.499999999998,18,2020.7999999999997,move,improve
1802,30,2684.2000000000003,18,2020.7999999999997,2opt,acceptBad
1803,30,2713.6000000000004,18,2020.7999999999997,swap,acceptBad
1804,30,2747.499999999999,18,2020.7999999999997,2opt,acceptBad
1805,30,2761.199999999999,18,2020.7999999999997,2opt,acceptBad
1806,30,2752.099999999999,18,2020.7999999999997,move,improve
1807,30,2743.9999999999986,18,2020.7999999999997,move,improve
1808,30,2790.899999999999,18,2020.7999999999997,swap,acceptBad
1809,30,2786.5999999999995,18,2020.7999999999997,swap,improve
1810,30,2786.5999999999995,18,2020.7999999999997,move,improve
1811,30,2795.4999999999995,18,2020.7999999999997,swap,acceptBad
1812,30,2795.4999999999995,18,2020.7999999999997,2opt,improve
1813,30,2809.1999999999994,18,2020.7999999999997,swap,acceptBad
1814,30,2832.5999999999995,18,2020.7999999999997,swap,acceptBad
1815,30,2816.7,18,2020.7999999999997,move,improve
1816,30,2856.7,18,2020.7999999999997,2opt,acceptBad
1817,30,2856.7,18,2020.7999999999997,move,improve
1818,30,2856.7,18,2020.7999999999997,2opt,notBad
1819,30,2890.0,18,2020.7999999999997,swap,acceptBad
1820,30,2938.3999999999996,18,2020.7999999999997,swap,acceptBad
1821,30,2920.3999999999996,18,2020.7999999999997,swap,improve
1822,30,2920.3999999999996,18,2020.7999999999997,move,improve
1823,30,2895.5,18,2020.7999999999997,2opt,improve
1824,30,2894.900000000001,18,2020.7999999999997,2opt,improve
1825,30,2892.7000000000007,18,2020.7999999999997,move,improve
1826,30,2911.299999999999,18,2020.7999999999997,2opt,acceptBad
1827,30,2929.1999999999994,18,2020.7999999999997,2opt,acceptBad
1828,30,2929.1999999999994,18,2020.7999999999997,move,improve
1829,30,2896.899999999999,18,2020.7999999999997,move,improve
1830,30,2901.799999999999,18,2020.7999999999997,swap,acceptBad
1831,30,2915.8999999999987,18,2020.7999999999997,2opt,acceptBad
1832,30,2926.899999999999,18,2020.7999999999997,2opt,acceptBad
1833,31,2988.0999999999995,18,2020.7999999999997,2opt,acceptBad
1834,31,2946.9999999999995,18,2020.7999999999997,swap,improve
1835,31,2946.9999999999995,18,2020.7999999999997,move,improve
1836,31,2918.7999999999993,18,2020.7999999999997,2opt,improve
1837,31,2926.2,18,2020.7999999999997,swap,acceptBad
1838,31,2923.5,18,2020.7999999999997,move,improve
1839,31,2923.5,18,2020.7999999999997,move,improve
1840,31,2930.5999999999995,18,2020.7999999999997,2opt,acceptBad
1841,31,2914.999999999999,18,2020.7999999999997,2opt,improve
1842,31,2902.799999999999,18,2020.7999999999997,move,improve
1843,31,2869.7999999999993,18,2020.7999999999997,move,improve
1844,31,2854.0999999999995,18,2020.7999999999997,2opt,improve
1845,31,2844.7999999999993,18,2020.7999999999997,move,improve
1846,31,2911.7,18,2020.7999999999997,swap,acceptBad
1847,31,2951.5,18,2020.7999999999997,swap,acceptBad
1848,31,2912.1,18,2020.7999999999997,move,improve
1849,31,2924.2000000000003,18,2020.7999999999997,swap,acceptBad
1850,31,2907.0999999999995,18,2020.7999999999997,move,improve
1851,31,2972.7999999999997,18,2020.7999999999997,swap,acceptBad
1852,31,2980.2999999999993,18,2020.7999999999997,2opt,acceptBad
1853,31,2978.5999999999995,18,2020.7999999999997,move,improve
1854,31,2995.7999999999997,18,2020.7999999999997,swap,acceptBad
1855,31,3090.6999999999994,18,2020.7999999999997,swap,acceptBad
1856,31,3075.1999999999994,18,2020.7999999999997,move,improve
1857,31,3064.899999999999,18,2020.7999999999997,2opt,improve
1858,31,3064.6999999999994,18,2020.7999999999997,move,improve
1859,30,3003.4999999999995,18,2020.7999999999997,move,improve
1860,30,3023.999999999999,18,2020.7999999999997,swap,acceptBad
1861,30,3002.3999999999987,18,2020.7999999999997,2opt,improve
1862,30,2995.499999999999,18,2020.7999999999997,move,improve
1863,30,2995.1999999999994,18,2020.7999999999997,2opt,improve
1864,30,2918.699999999999,18,2020.7999999999997,move,improve
1865,30,2918.699999999999,18,2020.7999999999997,2opt,improve
1866,30,2934.299999999999,18,2020.7999999999997,2opt,acceptBad
1867,30,2934.299999999999,18,2020.7999999999997,move,improve
1868,30,2975.099999999999,18,2020.7999999999997,swap,acceptBad
1869,30,2929.999999999998,18,2020.7999999999997,move,improve
1870,30,2972.100000000001,18,2020.7999999999997,2opt,acceptBad
1871,30,2957.7000000000007,18,2020.7999999999997,move,improve
1872,30,2957.7000000000007,18,2020.7999999999997,move,improve
1873,30,3025.4000000000005,18,2020.7999999999997,swap,acceptBad
1874,30,3046.6,18,2020.7999999999997,2opt,acceptBad
1875,30,3086.7999999999997,18,2020.7999999999997,2opt,acceptBad
1876,30,3086.7999999999997,18,2020.7999999999997,move,improve
1877,30,3120.2,18,2020.7999999999997,swap,acceptBad
1878,30,3126.9000000000015,18,2020.7999999999997,2opt,acceptBad
1879,30,3070.799999999999,18,2020.7999999999997,2opt,improve
1880,30,3099.399999999999,18,2020.7999999999997,swap,acceptBad
1881,30,3024.7999999999993,18,2020.7999999999997,move,improve
1882,30,3029.399999999999,18,2020.7999999999997,swap,acceptBad
1883,30,3047.999999999999,18,2020.7999999999997,swap,acceptBad
1884,30,3047.999999999999,18,2020.7999999999997,2opt,notBad
1885,30,3099.099999999999,18,2020.7999999999997,2opt,acceptBad
1886,31,3131.0999999999995,18,2020.7999999999997,2opt,acceptBad
1887,31,3131.0999999999995,18,2020.7999999999997,move,improve
1888,31,3079.3999999999996,18,2020.7999999999997,move,improve
1889,31,3078.5,18,2020.7999999999997,move,improve
1890,31,3054.1,18,2020.7999999999997,move,improve
1891,31,3063.7999999999997,18,2020.7999999999997,swap,acceptBad
1892,31,3063.7999999999997,18,2020.7999999999997,move,improve
1893,31,3019.7,18,2020.7999999999997,move,improve
1894,31,3019.7,18,2020.7999999999997,move,improve
1895,31,2970.4999999999995,18,2020.7999999999997,2opt,improve
1896,31,2946.0999999999995,18,2020.7999999999997,2opt,improve
1897,31,2993.100000000001,18,2020.7999999999997,2opt,acceptBad
1898,31,3017.0000000000005,18,2020.7999999999997,swap,acceptBad
1899,31,2998.400000000001,18,2020.7999999999997,move,improve
1900,31,2988.6000000000013,18,2020.7999999999997,move,improve
1901,31,3001.4000000000005,18,2020.7999999999997,swap,acceptBad
1902,31,2994.7000000000007,18,2020.7999999999997,move,improve
1903,31,2986.000000000001,18,2020.7999999999997,move,improve
1904,31,2985.0000000000005,18,2020.7999999999997,swap,improve
1905,31,2956.7000000000007,18,2020.7999999999997,move,improve
1906,31,3013.7000000000003,18,2020.7999999999997,2opt,acceptBad
1907,31,3013.7000000000003,18,2020.7999999999997,move,improve
1908,31,2932.7999999999997,18,2020.7999999999997,move,improve
1909,31,2948.2999999999997,18,2020.7999999999997,swap,acceptBad
1910,31,2877.600000000001,18,2020.7999999999997,2opt,improve
1911,31,2874.1000000000004,18,2020.7999999999997,move,improve
1912,31,2906.000000000001,18,2020.7999999999997,2opt,acceptBad
1913,31,2891.200000000001,18,2020.7999999999997,move,improve
1914,31,2871.1000000000013,18,2020.7999999999997,move,improve
1915,31,2871.1000000000013,18,2020.7999999999997,move,improve
1916,31,2876.1000000000017,18,2020.7999999999997,2opt,acceptBad
1917,31,2861.4000000000015,18,2020.7999999999997,move,improve
1918,31,2861.4000000000015,18,2020.7999999999997,2opt,notBad
1919,31,2917.7000000000016,18,2020.7999999999997,swap,acceptBad
1920,31,2917.3000000000015,18,2020.7999999999997,move,improve
1921,31,2917.3000000000015,18,2020.7999999999997,2opt,notBad
1922,31,2925.599999999999,18,2020.7999999999997,2opt,acceptBad
1923,31,2949.4999999999986,18,2020.7999999999997,2opt,acceptBad
1924,31,2965.699999999999,18,2020.7999999999997,swap,acceptBad
1925,31,3027.8999999999987,18,2020.7999999999997,swap,acceptBad
1926,31,3028.2999999999984,18,2020.7999999999997,swap,acceptBad
1927,31,3012.1999999999985,18,2020.7999999999997,move,improve
1928,31,3029.8000000000006,18,2020.7999999999997,2opt,acceptBad
1929,31,3061.3000000000006,18,2020.7999999999997,swap,acceptBad
1930,31,3042.5000000000005,18,2020.7999999999997,move,improve
1931,31,3052.1000000000004,18,2020.7999999999997,2opt,acceptBad
1932,31,3047.800000000001,18,2020.7999999999997,2opt,improve
1933,31,3034.299999999999,18,2020.7999999999997,2opt,improve
1934,31,3024.099999999999,18,2020.7999999999997,move,improve
1935,31,3024.099999999999,18,2020.7999999999997,2opt,notBad
1936,32,3053.8999999999983,18,2020.7999999999997,2opt,acceptBad
1937,32,3057.8999999999983,18,2020.7999999999997,swap,acceptBad
1938,32,3041.599999999998,18,2020.7999999999997,swap,improve
1939,32,3040.599999999998,18,2020.7999999999997,move,improve
1940,32,3027.0999999999995,18,2020.7999999999997,2opt,improve
1941,32,3035.3999999999983,18,2020.7999999999997,2opt,acceptBad
1942,32,3047.7,18,2020.7999999999997,2opt,acceptBad
1943,32,3037.2,18,2020.7999999999997,swap,improve
1944,32,3021.5,18,2020.7999999999997,2opt,improve
1945,32,3020.1,18,2020.7999999999997,move,improve
1946,32,3024.2,18,2020.7999999999997,2opt,acceptBad
1947,32,3060.0,18,2020.7999999999997,swap,acceptBad
1948,32,3037.2999999999997,18,2020.7999999999997,swap,improve
1949,32,3037.2,18,2020.7999999999997,move,improve
1950,32,3008.2,18,2020.7999999999997,move,improve
1951,32,2998.6,18,2020.7999999999997,move,improve
1952,32,2957.1,18,2020.7999999999997,swap,improve
1953,32,2970.000000000001,18,2020.7999999999997,2opt,acceptBad
1954,32,2970.000000000001,18,2020.7999999999997,2opt,notBad
1955,32,2951.4000000000015,18,2020.7999999999997,swap,improve
1956,32,2985.700000000001,18,2020.7999999999997,2opt,acceptBad
1957,32,2998.800000000001,18,2020.7999999999997,swap,acceptBad
1958,32,2954.1000000000013,18,2020.7999999999997,move,improve
1959,32,2952.9000000000015,18,2020.7999999999997,swap,improve
1960,32,2952.9000000000015,18,2020.7999999999997,move,improve
1961,32,2907.500000000001,18,2020.7999999999997,move,improve
1962,32,2899.000000000001,18,2020.7999999999997,2opt,improve
1963,32,2880.900000000002,18,2020.7999999999997,2opt,improve
1964,32,2873.0,18,2020.7999999999997,2opt,improve
1965,32,2876.5,18,2020.7999999999997,swap,acceptBad
1966,32,2837.099999999999,18,2020.7999999999997,move,improve
1967,31,2786.199999999999,18,2020.7999999999997,move,improve
1968,31,2818.899999999999,18,2020.7999999999997,swap,acceptBad
1969,31,2793.699999999999,18,2020.7999999999997,move,improve
1970,31,2776.999999999999,18,2020.7999999999997,move,improve
1971,31,2776.999999999999,18,2020.7999999999997,2opt,improve
1972,31,2768.2999999999984,18,2020.7999999999997,swap,improve
1973,31,2775.9999999999986,18,2020.7999999999997,2opt,acceptBad
1974,31,2765.5999999999985,18,2020.7999999999997,swap,improve
1975,31,2777.199999999999,18,2020.7999999999997,swap,acceptBad
1976,31,2746.299999999999,18,2020.7999999999997,move,improve
1977,31,2746.299999999999,18,2020.7999999999997,2opt,notBad
1978,31,2813.7999999999993,18,2020.7999999999997,swap,acceptBad
1979,31,2854.899999999999,18,2020.7999999999997,swap,acceptBad
1980,31,2854.7999999999993,18,2020.7999999999997,move,improve
1981,31,2862.3000000000006,18,2020.7999999999997,2opt,acceptBad
1982,32,2863.200000000001,18,2020.7999999999997,2opt,acceptBad
1983,32,2860.700000000001,18,2020.7999999999997,move,improve
1984,32,2876.6000000000004,18,2020.7999999999997,2opt,acceptBad
1985,32,2878.7000000000003,18,2020.7999999999997,2opt,acceptBad
1986,32,2906.7000000000003,18,2020.7999999999997,swap,acceptBad
1987,32,2906.7000000000003,18,2020.7999999999997,2opt,improve
1988,32,2877.2000000000003,18,2020.7999999999997,move,improve
1989,32,2898.9000000000005,18,2020.7999999999997,swap,acceptBad
1990,32,2866.900000000001,18,2020.7999999999997,swap,improve
1991,32,2866.3000000000006,18,2020.7999999999997,swap,improve
1992,32,2866.3000000000006,18,2020.7999999999997,move,improve
1993,32,2866.3000000000006,18,2020.7999999999997,move,improve
1994,32,2943.1000000000004,18,2020.7999999999997,swap,acceptBad
1995,32,2951.2000000000007,18,2020.7999999999997,swap,acceptBad
1996,32,2922.4000000000005,18,2020.7999999999997,move,improve
1997,32,2952.5000000000005,18,2020.7999999999997,swap,acceptBad
1998,32,2930.100000000001,18,2020.7999999999997,swap,improve
1999,32,2965.2,18,2020.7999999999997,2opt,acceptBad
2000,32,2965.2,18,2020.7999999999997,2opt,notBad
2001,32,2952.2,18,2020.7999999999997,2opt,improve
2002,32,2968.7999999999993,18,2020.7999999999997,2opt,acceptBad
2003,32,2962.499999999999,18,2020.7999999999997,move,improve
2004,32,2962.499999999999,18,2020.7999999999997,move,improve
2005,32,2962.499999999999,18,2020.7999999999997,move,improve
2006,32,2959.999999999999,18,2020.7999999999997,move,improve
2007,32,2955.2999999999993,18,2020.7999999999997,move,improve
2008,32,2955.2999999999993,18,2020.7999999999997,2opt,improve
2009,32,2955.2999999999993,18,2020.7999999999997,move,improve
2010,32,2954.3999999999996,18,2020.7999999999997,move,improve
2011,32,2979.5999999999995,18,2020.7999999999997,swap,acceptBad
2012,32,2976.9,18,2020.7999999999997,2opt,improve
2013,32,2976.2999999999993,18,2020.7999999999997,swap,improve
2014,32,2999.6999999999994,18,2020.7999999999997,swap,acceptBad
2015,32,2933.9,18,2020.7999999999997,move,improve
2016,32,2914.8999999999996,18,2020.7999999999997,swap,improve
2017,32,2866.2000000000003,18,2020.7999999999997,move,improve
2018,32,2851.8,18,2020.7999999999997,move,improve
2019,32,2883.4000000000005,18,2020.7999999999997,swap,acceptBad
2020,31,2880.4999999999986,18,2020.7999999999997,2opt,improve
2021,31,2876.0,18,2020.7999999999997,2opt,improve
2022,31,2879.7000000000003,18,2020.7999999999997,swap,acceptBad
2023,31,2880.5999999999985,18,2020.7999999999997,2opt,acceptBad
2024,31,2880.2999999999984,18,2020.7999999999997,move,improve
2025,31,2880.2999999999984,18,2020.7999999999997,2opt,notBad
2026,31,2828.599999999998,18,2020.7999999999997,swap,improve
2027,31,2818.2,18,2020.7999999999997,2opt,improve
2028,31,2841.2,18,2020.7999999999997,swap,acceptBad
2029,31,2841.2,18,2020.7999999999997,2opt,notBad
2030,31,2829.099999999998,18,2020.7999999999997,2opt,improve
2031,31,2829.099999999998,18,2020.7999999999997,move,improve
2032,31,2820.999999999998,18,2020.7999999999997,move,improve
2033,31,2811.8999999999983,18,2020.7999999999997,move,improve
2034,31,2779.8999999999996,18,2020.7999999999997,2opt,improve
2035,31,2741.9,18,2020.7999999999997,move,improve
2036,31,2746.5,18,2020.7999999999997,2opt,acceptBad
2037,31,2783.3999999999996,18,2020.7999999999997,swap,acceptBad
2038,31,2749.7000000000003,18,2020.7999999999997,swap,improve
2039,31,2749.7000000000003,18,2020.7999999999997,move,improve
2040,31,2761.9000000000005,18,2020.7999999999997,swap,acceptBad
2041,31,2788.7000000000003,18,2020.7999999999997,2opt,acceptBad
2042,31,2797.0,18,2020.7999999999997,swap,acceptBad
2043,31,2797.0,18,2020.7999999999997,2opt,notBad
2044,31,2795.7999999999997,18,2020.7999999999997,swap,improve
2045,31,2794.9999999999995,18,2020.7999999999997,swap,improve
2046,31,2789.7,18,2020.7999999999997,move,improve
2047,31,2787.0999999999995,18,2020.7999999999997,move,improve
2048,31,2808.4999999999995,18,2020.7999999999997,swap,acceptBad
2049,31,2816.4,18,2020.7999999999997,swap,acceptBad
2050,31,2808.1,18,2020.7999999999997,move,improve
2051,31,2804.1,18,2020.7999999999997,2opt,improve
2052,31,2807.3,18,2020.7999999999997,swap,acceptBad
2053,31,2805.6000000000004,18,2020.7999999999997,swap,improve
2054,31,2793.3000000000006,18,2020.7999999999997,move,improve
2055,31,2774.8,18,2020.7999999999997,move,improve
2056,31,2774.8,18,2020.7999999999997,2opt,improve
2057,31,2772.399999999999,18,2020.7999999999997,2opt,improve
2058,31,2772.399999999999,18,2020.7999999999997,move,improve
2059,31,2762.6999999999994,18,2020.7999999999997,swap,improve
2060,31,2762.9,18,2020.7999999999997,swap,acceptBad
2061,31,2750.0000000000005,18,2020.7999999999997,2opt,improve
2062,31,2757.8,18,2020.7999999999997,swap,acceptBad
2063,31,2784.500000000001,18,2020.7999999999997,2opt,acceptBad
2064,31,2783.800000000001,18,2020.7999999999997,move,improve
2065,31,2742.3,18,2020.7999999999997,move,improve
2066,31,2744.6000000000004,18,2020.7999999999997,swap,acceptBad
2067,31,2762.8000000000006,18,2020.7999999999997,swap,acceptBad
2068,31,2762.8000000000006,18,2020.7999999999997,move,improve
2069,31,2762.8000000000006,18,2020.7999999999997,2opt,notBad
2070,31,2773.2000000000007,18,2020.7999999999997,swap,acceptBad
2071,31,2767.6000000000013,18,2020.7999999999997,swap,improve
2072,31,2749.1000000000013,18,2020.7999999999997,move,improve
2073,31,2765.299999999999,18,2020.7999999999997,2opt,acceptBad
2074,31,2838.499999999999,18,2020.7999999999997,swap,acceptBad
2075,31,2881.400000000001,18,2020.7999999999997,2opt,acceptBad
2076,31,2838.000000000001,18,2020.7999999999997,move,improve
2077,31,2893.3000000000006,18,2020.7999999999997,swap,acceptBad
2078,31,2888.4000000000005,18,2020.7999999999997,move,improve
2079,31,2891.7000000000007,18,2020.7999999999997,2opt,acceptBad
2080,31,2891.7000000000007,18,2020.7999999999997,move,improve
2081,31,2914.4,18,2020.7999999999997,2opt,acceptBad
2082,31,2933.1000000000004,18,2020.7999999999997,2opt,acceptBad
2083,31,2933.1000000000004,18,2020.7999999999997,2opt,notBad
2084,31,2933.1000000000004,18,2020.7999999999997,move,improve
2085,31,2943.3999999999996,18,2020.7999999999997,2opt,acceptBad
2086,31,2964.3999999999996,18,2020.7999999999997,swap,acceptBad
2087,31,2951.0999999999995,18,2020.7999999999997,swap,improve
2088,31,2950.9000000000005,18,2020.7999999999997,2opt,improve
2089,31,2950.9000000000005,18,2020.7999999999997,2opt,notBad
2090,31,2922.000000000001,18,2020.7999999999997,move,improve
2091,31,2922.000000000001,18,2020.7999999999997,move,improve
2092,31,2949.900000000001,18,2020.7999999999997,swap,acceptBad
2093,31,2935.5000000000014,18,2020.7999999999997,move,improve
2094,31,2948.6,18,2020.7999999999997,2opt,acceptBad
2095,31,2948.6,18,2020.7999999999997,move,improve
2096,31,2948.6,18,2020.7999999999997,move,improve
2097,31,2946.799999999999,18,2020.7999999999997,2opt,improve
2098,31,2948.7000000000003,18,2020.7999999999997,2opt,acceptBad
2099,31,2948.7000000000003,18,2020.7999999999997,move,improve
2100,31,2949.1000000000004,18,2020.7999999999997,swap,acceptBad
2101,31,2942.299999999999,18,2020.7999999999997,2opt,improve
2102,31,2942.299999999999,18,2020.7999999999997,2opt,notBad
2103,31,2942.299999999999,18,2020.7999999999997,2opt,notBad
2104,31,2971.3,18,2020.7999999999997,2opt,acceptBad
2105,31,2963.3,18,2020.7999999999997,move,improve
2106,31,2963.3,18,2020.7999999999997,move,improve
2107,31,2963.3,18,2020.7999999999997,move,improve
2108,31,2968.1,18,2020.7999999999997,swap,acceptBad
2109,31,2966.2,18,2020.7999999999997,move,improve
2110,31,2993.2999999999997,18,2020.7999999999997,swap,acceptBad
2111,31,2988.9,18,2020.7999999999997,2opt,improve
2112,31,3011.6,18,2020.7999999999997,2opt,acceptBad
2113,31,2980.1999999999994,18,2020.7999999999997,2opt,improve
2114,31,2970.7000000000003,18,2020.7999999999997,swap,improve
2115,31,2979.4000000000005,18,2020.7999999999997,swap,acceptBad
2116,31,2979.4000000000005,18,2020.7999999999997,2opt,notBad
2117,30,2934.8,18,2020.7999999999997,move,improve
2118,30,2932.8,18,2020.7999999999997,move,improve
2119,30,2931.2999999999997,18,2020.7999999999997,move,improve
2120,29,2884.7,18,2020.7999999999997,move,improve
2121,29,2884.9,18,2020.7999999999997,2opt,acceptBad
2122,29,2934.2000000000003,18,2020.7999999999997,swap,acceptBad
2123,29,2934.2000000000003,18,2020.7999999999997,move,improve
2124,29,2934.2000000000003,18,2020.7999999999997,move,improve
2125,29,2936.5,18,2020.7999999999997,swap,acceptBad
2126,29,2915.1,18,2020.7999999999997,move,improve
2127,29,2910.2999999999993,18,2020.7999999999997,2opt,improve
2128,29,2883.3999999999996,18,2020.7999999999997,move,improve
2129,29,2852.2,18,2020.7999999999997,move,improve
2130,29,2852.2,18,2020.7999999999997,move,improve
2131,29,2886.9,18,2020.7999999999997,swap,acceptBad
2132,29,2885.2999999999993,18,2020.7999999999997,2opt,improve
2133,29,2871.8,18,2020.7999999999997,2opt,improve
2134,29,2861.0,18,2020.7999999999997,move,improve
2135,29,2867.0,18,2020.7999999999997,2opt,acceptBad
2136,29,2871.4,18,2020.7999999999997,swap,acceptBad
2137,29,2871.4,18,2020.7999999999997,2opt,notBad
2138,29,2871.7000000000003,18,2020.7999999999997,2opt,acceptBad
2139,29,2871.7000000000003,18,2020.7999999999997,2opt,notBad
2140,29,2782.2999999999997,18,2020.7999999999997,swap,improve
2141,29,2844.7999999999997,18,2020.7999999999997,swap,acceptBad
2142,29,2812.2,18,2020.7999999999997,2opt,improve
2143,29,2808.7,18,2020.7999999999997,2opt,improve
2144,29,2819.2999999999997,18,2020.7999999999997,swap,acceptBad
2145,29,2863.0,18,2020.7999999999997,swap,acceptBad
2146,29,2854.8,18,2020.7999999999997,move,improve
2147,29,2851.5000000000005,18,2020.7999999999997,move,improve
2148,29,2881.7000000000003,18,2020.7999999999997,swap,acceptBad
2149,29,2867.7000000000003,18,2020.7999999999997,move,improve
2150,29,2867.7000000000003,18,2020.7999999999997,move,improve
2151,29,2867.7000000000003,18,2020.7999999999997,move,improve
2152,29,2869.1,18,2020.7999999999997,swap,acceptBad
2153,29,2869.1,18,2020.7999999999997,2opt,notBad
2154,29,2909.9,18,2020.7999999999997,swap,acceptBad
2155,29,2909.9,18,2020.7999999999997,move,improve
2156,29,2908.4,18,2020.7999999999997,move,improve
2157,29,2973.7000000000003,18,2020.7999999999997,swap,acceptBad
2158,29,2934.7000000000003,18,2020.7999999999997,swap,improve
2159,29,2934.7000000000003,18,2020.7999999999997,2opt,notBad
2160,29,2937.2000000000003,18,2020.7999999999997,swap,acceptBad
2161,29,2937.2000000000003,18,2020.7999999999997,2opt,notBad
2162,29,2911.2,18,2020.7999999999997,move,improve
2163,29,2910.8999999999996,18,2020.7999999999997,2opt,improve
2164,30,2933.7999999999993,18,2020.7999999999997,2opt,acceptBad
2165,30,2934.199999999999,18,2020.7999999999997,swap,acceptBad
2166,30,2934.199999999999,18,2020.7999999999997,2opt,notBad
2167,30,2933.999999999999,18,2020.7999999999997,move,improve
2168,30,2915.099999999999,18,2020.7999999999997,move,improve
2169,30,2959.199999999999,18,2020.7999999999997,swap,acceptBad
2170,30,2983.3999999999987,18,2020.7999999999997,swap,acceptBad
2171,30,2978.9999999999986,18,2020.7999999999997,swap,improve
2172,30,2951.4999999999986,18,2020.7999999999997,swap,improve
2173,30,2951.4999999999986,18,2020.7999999999997,2opt,notBad
2174,30,2941.5999999999985,18,2020.7999999999997,2opt,improve
2175,30,2959.7999999999993,18,2020.7999999999997,2opt,acceptBad
2176,30,2959.7999999999993,18,2020.7999999999997,2opt,notBad
2177,30,2959.7999999999993,18,2020.7999999999997,2opt,notBad
2178,30,2987.4999999999995,18,2020.7999999999997,swap,acceptBad
2179,30,2997.5999999999995,18,2020.7999999999997,swap,acceptBad
2180,30,2984.9999999999995,18,2020.7999999999997,swap,improve
2181,30,2976.2999999999993,18,2020.7999999999997,swap,improve
2182,30,2946.7999999999993,18,2020.7999999999997,move,improve
2183,30,2951.7999999999993,18,2020.7999999999997,swap,acceptBad
2184,30,2959.6999999999994,18,2020.7999999999997,2opt,acceptBad
2185,30,2965.5,18,2020.7999999999997,2opt,acceptBad
2186,30,2965.5,18,2020.7999999999997,swap,notBad
2187,30,2950.6000000000004,18,2020.7999999999997,move,improve
2188,30,2950.6000000000004,18,2020.7999999999997,move,improve
2189,30,2916.6000000000004,18,2020.7999999999997,move,improve
2190,30,2916.6000000000004,18,2020.7999999999997,move,improve
2191,30,2916.6000000000004,18,2020.7999999999997,2opt,notBad
2192,30,2938.3999999999996,18,2020.7999999999997,swap,acceptBad
2193,30,3001.0999999999995,18,2020.7999999999997,swap,acceptBad
2194,30,2957.1,18,2020.7999999999997,2opt,improve
2195,30,2957.1,18,2020.7999999999997,move,improve
2196,30,2949.8,18,2020.7999999999997,move,improve
2197,30,2862.6000000000004,18,2020.7999999999997,swap,improve
2198,30,2861.8,18,2020.7999999999997,move,improve
2199,30,2859.6999999999994,18,2020.7999999999997,swap,improve
2200,30,2877.399999999999,18,2020.7999999999997,swap,acceptBad
2201,30,2879.7999999999997,18,2020.7999999999997,2opt,acceptBad
2202,30,2881.5999999999995,18,2020.7999999999997,2opt,acceptBad
2203,30,2875.7,18,2020.7999999999997,swap,improve
2204,30,2849.4,18,2020.7999999999997,swap,improve
2205,30,2832.6,18,2020.7999999999997,2opt,improve
2206,30,2831.6,18,2020.7999999999997,move,improve
2207,29,2831.3999999999974,18,2020.7999999999997,2opt,improve
2208,29,2812.799999999998,18,2020.7999999999997,move,improve
2209,29,2812.799999999998,18,2020.7999999999997,move,improve
2210,29,2770.1999999999985,18,2020.7999999999997,swap,improve
2211,29,2770.1999999999985,18,2020.7999999999997,move,improve
2212,29,2770.1999999999985,18,2020.7999999999997,move,improve
2213,29,2779.699999999998,18,2020.7999999999997,swap,acceptBad
2214,29,2774.500000000001,18,2020.7999999999997,2opt,improve
2215,29,2758.1000000000013,18,2020.7999999999997,move,improve
2216,29,2756.1000000000004,18,2020.7999999999997,2opt,improve
2217,29,2770.9,18,2020.7999999999997,2opt,acceptBad
2218,29,2770.9,18,2020.7999999999997,2opt,notBad
2219,29,2731.0,18,2020.7999999999997,move,improve
2220,29,2731.0,18,2020.7999999999997,move,improve
2221,29,2748.5,18,2020.7999999999997,swap,acceptBad
2222,29,2727.6,18,2020.7999999999997,2opt,improve
2223,29,2737.2,18,2020.7999999999997,swap,acceptBad
2224,29,2701.3999999999996,18,2020.7999999999997,move,improve
2225,29,2700.8999999999996,18,2020.7999999999997,move,improve
2226,29,2700.8999999999996,18,2020.7999999999997,move,improve
2227,29,2676.099999999999,18,2020.7999999999997,move,improve
2228,29,2721.7999999999997,18,2020.7999999999997,swap,acceptBad
2229,29,2721.2999999999997,18,2020.7999999999997,swap,improve
2230,29,2707.999999999999,18,2020.7999999999997,move,improve
2231,29,2707.999999999999,18,2020.7999999999997,move,improve
2232,29,2680.8999999999987,18,2020.7999999999997,move,improve
2233,29,2681.499999999999,18,2020.7999999999997,swap,acceptBad
2234,29,2673.099999999999,18,2020.7999999999997,swap,improve
2235,29,2639.999999999999,18,2020.7999999999997,move,improve
2236,29,2633.499999999999,18,2020.7999999999997,2opt,improve
2237,29,2645.0999999999985,18,2020.7999999999997,swap,acceptBad
2238,29,2645.0999999999985,18,2020.7999999999997,2opt,notBad
2239,29,2652.3999999999987,18,2020.7999999999997,swap,acceptBad
2240,29,2652.3999999999987,18,2020.7999999999997,2opt,notBad
2241,29,2647.3999999999987,18,2020.7999999999997,move,improve
2242,29,2703.599999999999,18,2020.7999999999997,swap,acceptBad
2243,29,2703.599999999999,18,2020.7999999999997,move,improve
2244,29,2720.699999999999,18,2020.7999999999997,swap,acceptBad
2245,29,2720.699999999999,18,2020.7999999999997,swap,improve
2246,29,2716.7999999999997,18,2020.7999999999997,swap,improve
2247,29,2716.7999999999997,18,2020.7999999999997,move,improve
2248,29,2715.9,18,2020.7999999999997,move,improve
2249,29,2715.9,18,2020.7999999999997,move,improve
2250,29,2715.9,18,2020.7999999999997,2opt,notBad
2251,29,2715.9,18,2020.7999999999997,2opt,notBad
2252,29,2704.6,18,2020.7999999999997,move,improve
2253,29,2701.8,18,2020.7999999999997,move,improve
2254,29,2697.2999999999997,18,2020.7999999999997,move,improve
2255,29,2726.3999999999996,18,2020.7999999999997,swap,acceptBad
2256,29,2786.7,18,2020.7999999999997,swap,acceptBad
2257,29,2778.7,18,2020.7999999999997,swap,improve
2258,29,2773.8000000000015,18,2020.7999999999997,2opt,improve
2259,28,2751.9,18,2020.7999999999997,2opt,improve
2260,28,2742.7000000000003,18,2020.7999999999997,2opt,improve
2261,28,2738.6000000000013,18,2020.7999999999997,move,improve
2262,28,2733.000000000001,18,2020.7999999999997,2opt,improve
2263,28,2730.2000000000007,18,2020.7999999999997,move,improve
2264,28,2730.2000000000007,18,2020.7999999999997,2opt,notBad
2265,28,2734.4,18,2020.7999999999997,2opt,acceptBad
2266,28,2756.0000000000005,18,2020.7999999999997,swap,acceptBad
2267,28,2733.2999999999997,18,2020.7999999999997,move,improve
2268,28,2733.2999999999997,18,2020.7999999999997,2opt,notBad
2269,28,2736.3999999999996,18,2020.7999999999997,swap,acceptBad
2270,28,2739.1,18,2020.7999999999997,2opt,acceptBad
2271,28,2735.4999999999995,18,2020.7999999999997,move,improve
2272,28,2757.5999999999995,18,2020.7999999999997,swap,acceptBad
2273,28,2750.4999999999995,18,2020.7999999999997,swap,improve
2274,28,2750.1999999999994,18,2020.7999999999997,move,improve
2275,28,2750.1999999999994,18,2020.7999999999997,move,improve
2276,27,2707.5000000000005,18,2020.7999999999997,2opt,improve
2277,27,2707.5000000000005,18,2020.7999999999997,2opt,improve
2278,27,2728.6999999999994,18,2020.7999999999997,2opt,acceptBad
2279,27,2717.899999999999,18,2020.7999999999997,move,improve
2280,27,2722.4999999999995,18,2020.7999999999997,2opt,acceptBad
2281,27,2713.3999999999996,18,2020.7999999999997,swap,improve
2282,27,2752.8999999999996,18,2020.7999999999997,swap,acceptBad
2283,27,2754.9,18,2020.7999999999997,swap,acceptBad
2284,27,2754.9,18,2020.7999999999997,move,improve
2285,27,2754.8999999999996,18,2020.7999999999997,move,improve
2286,27,2754.8999999999996,18,2020.7999999999997,swap,notBad
2287,27,2715.299999999999,18,2020.7999999999997,swap,improve
2288,27,2715.6999999999985,18,2020.7999999999997,swap,acceptBad
2289,27,2719.8999999999987,18,2020.7999999999997,swap,acceptBad
2290,27,2715.5999999999985,18,2020.7999999999997,move,improve
2291,27,2712.7999999999993,18,2020.7999999999997,2opt,improve
2292,27,2705.1999999999994,18,2020.7999999999997,move,improve
2293,27,2720.6999999999994,18,2020.7999999999997,swap,acceptBad
2294,27,2720.6999999999994,18,2020.7999999999997,2opt,notBad
2295,27,2705.0,18,2020.7999999999997,move,improve
2296,27,2700.2,18,2020.7999999999997,move,improve
2297,27,2685.1,18,2020.7999999999997,move,improve
2298,27,2685.1,18,2020.7999999999997,2opt,notBad
2299,27,2647.399999999999,18,2020.7999999999997,move,improve
2300,27,2614.4999999999995,18,2020.7999999999997,move,improve
2301,27,2609.1999999999994,18,2020.7999999999997,2opt,improve
2302,27,2602.5999999999995,18,2020.7999999999997,2opt,improve
2303,27,2600.3999999999987,18,2020.7999999999997,2opt,improve
2304,27,2600.3999999999987,18,2020.7999999999997,move,improve
2305,27,2608.0999999999985,18,2020.7999999999997,swap,acceptBad
2306,27,2603.8999999999987,18,2020.7999999999997,move,improve
2307,27,2573.799999999999,18,2020.7999999999997,move,improve
2308,27,2566.799999999999,18,2020.7999999999997,move,improve
2309,27,2603.299999999999,18,2020.7999999999997,swap,acceptBad
2310,27,2615.2000000000003,18,2020.7999999999997,2opt,acceptBad
2311,27,2628.9000000000005,18,2020.7999999999997,swap,acceptBad
2312,27,2681.3,18,2020.7999999999997,swap,acceptBad
2313,27,2680.7000000000007,18,2020.7999999999997,swap,improve
2314,27,2667.2000000000003,18,2020.7999999999997,move,improve
2315,27,2647.0,18,2020.7999999999997,swap,improve
2316,27,2645.5,18,2020.7999999999997,move,improve
2317,27,2633.7999999999993,18,2020.7999999999997,2opt,improve
2318,27,2633.7999999999993,18,2020.7999999999997,move,improve
2319,27,2628.499999999999,18,2020.7999999999997,move,improve
2320,27,2636.3000000000006,18,2020.7999999999997,2opt,acceptBad
2321,27,2576.2000000000003,18,2020.7999999999997,2opt,improve
2322,27,2569.1,18,2020.7999999999997,swap,improve
2323,27,2538.4,18,2020.7999999999997,swap,improve
2324,27,2538.4,18,2020.7999999999997,move,improve
2325,27,2501.4,18,2020.7999999999997,move,improve
2326,27,2534.6000000000004,18,2020.7999999999997,swap,acceptBad
2327,27,2534.6000000000004,18,2020.7999999999997,2opt,notBad
2328,27,2534.6000000000004,18,2020.7999999999997,2opt,notBad
2329,27,2565.4,18,2020.7999999999997,swap,acceptBad
2330,27,2537.7,18,2020.7999999999997,2opt,improve
2331,27,2513.2999999999997,18,2020.7999999999997,swap,improve
2332,27,2513.2999999999997,18,2020.7999999999997,2opt,notBad
2333,27,2497.2000000000003,18,2020.7999999999997,2opt,improve
2334,27,2516.5,18,2020.7999999999997,swap,acceptBad
2335,27,2530.499999999999,18,2020.7999999999997,2opt,acceptBad
2336,27,2540.699999999999,18,2020.7999999999997,swap,acceptBad
2337,27,2540.699999999999,18,2020.7999999999997,swap,notBad
2338,27,2540.699999999999,18,2020.7999999999997,2opt,notBad
2339,27,2488.499999999999,18,2020.7999999999997,move,improve
2340,27,2475.4,18,2020.7999999999997,2opt,improve
2341,27,2467.2000000000003,18,2020.7999999999997,move,improve
2342,27,2467.2000000000003,18,2020.7999999999997,2opt,notBad
2343,27,2467.2000000000003,18,2020.7999999999997,2opt,notBad
2344,27,2485.5000000000005,18,2020.7999999999997,swap,acceptBad
2345,27,2485.5000000000005,18,2020.7999999999997,2opt,notBad
2346,27,2485.4,18,2020.7999999999997,move,improve
2347,27,2504.2999999999997,18,2020.7999999999997,2opt,acceptBad
2348,27,2504.2999999999997,18,2020.7999999999997,2opt,notBad
2349,27,2504.2999999999997,18,2020.7999999999997,2opt,notBad
2350,27,2535.2,18,2020.7999999999997,swap,acceptBad
2351,27,2513.5999999999995,18,2020.7999999999997,move,improve
2352,27,2501.4,18,2020.7999999999997,2opt,improve
2353,27,2501.4,18,2020.7999999999997,2opt,notBad
2354,27,2509.1,18,2020.7999999999997,swap,acceptBad
2355,27,2509.1,18,2020.7999999999997,2opt,notBad
2356,27,2509.1,18,2020.7999999999997,swap,notBad
2357,27,2542.4000000000005,18,2020.7999999999997,swap,acceptBad
2358,27,2550.9,18,2020.7999999999997,2opt,acceptBad
2359,27,2550.9,18,2020.7999999999997,2opt,notBad
2360,27,2588.3,18,2020.7999999999997,swap,acceptBad
2361,27,2598.2000000000003,18,2020.7999999999997,swap,acceptBad
2362,27,2595.100000000001,18,2020.7999999999997,2opt,improve
2363,27,2600.8000000000006,18,2020.7999999999997,swap,acceptBad
2364,27,2572.8,18,2020.7999999999997,move,improve
2365,27,2572.8,18,2020.7999999999997,2opt,notBad
2366,27,2562.9,18,2020.7999999999997,swap,improve
2367,27,2554.6,18,2020.7999999999997,swap,improve
2368,27,2516.8,18,2020.7999999999997,move,improve
2369,27,2519.4,18,2020.7999999999997,swap,acceptBad
2370,27,2517.2000000000003,18,2020.7999999999997,move,improve
2371,27,2512.0,18,2020.7999999999997,2opt,improve
2372,27,2512.0,18,2020.7999999999997,move,improve
2373,27,2512.0,18,2020.7999999999997,2opt,notBad
2374,27,2481.4,18,2020.7999999999997,move,improve
2375,27,2431.500000000001,18,2020.7999999999997,2opt,improve
2376,27,2431.500000000001,18,2020.7999999999997,move,improve
2377,27,2431.500000000001,18,2020.7999999999997,2opt,notBad
2378,27,2429.100000000001,18,2020.7999999999997,move,improve
2379,27,2427.7000000000003,18,2020.7999999999997,2opt,improve
2380,27,2427.7000000000003,18,2020.7999999999997,2opt,notBad
2381,27,2442.8,18,2020.7999999999997,swap,acceptBad
2382,27,2429.5,18,2020.7999999999997,move,improve
2383,27,2429.5,18,2020.7999999999997,move,improve
2384,27,2418.7000000000003,18,2020.7999999999997,move,improve
2385,27,2418.7000000000003,18,2020.7999999999997,2opt,notBad
2386,27,2383.7000000000003,18,2020.7999999999997,move,improve
2387,27,2373.3,18,2020.7999999999997,swap,improve
2388,27,2373.3,18,2020.7999999999997,2opt,notBad
2389,27,2373.3,18,2020.7999999999997,2opt,notBad
2390,27,2384.3,18,2020.7999999999997,swap,acceptBad
2391,27,2384.3,18,2020.7999999999997,move,improve
2392,27,2384.3,18,2020.7999999999997,swap,notBad
2393,27,2384.3,18,2020.7999999999997,2opt,improve
2394,27,2384.3,18,2020.7999999999997,move,improve
2395,27,2325.2000000000003,18,2020.7999999999997,move,improve
2396,27,2325.2000000000003,18,2020.7999999999997,move,improve
2397,27,2319.2000000000003,18,2020.7999999999997,move,improve
2398,27,2290.2000000000003,18,2020.7999999999997,swap,improve
2399,27,2290.2000000000003,18,2020.7999999999997,2opt,improve
2400,27,2248.0,18,2020.7999999999997,move,improve
2401,27,2248.0,18,2020.7999999999997,swap,notBad
2402,27,2244.7000000000003,18,2020.7999999999997,move,improve
2403,27,2244.7000000000003,18,2020.7999999999997,move,improve
2404,27,2244.7000000000003,18,2020.7999999999997,move,improve
2405,27,2238.1,18,2020.7999999999997,swap,improve
2406,27,2238.1,18,2020.7999999999997,swap,notBad
2407,27,2238.1,18,2020.7999999999997,2opt,notBad
2408,27,2249.2,18,2020.7999999999997,swap,acceptBad
2409,27,2249.2,18,2020.7999999999997,2opt,notBad
2410,27,2272.2000000000003,18,2020.7999999999997,swap,acceptBad
2411,27,2241.7999999999997,18,2020.7999999999997,move,improve
2412,27,2241.7999999999997,18,2020.7999999999997,2opt,notBad
2413,27,2241.7999999999997,18,2020.7999999999997,swap,notBad
2414,27,2241.7999999999997,18,2020.7999999999997,2opt,notBad
2415,27,2265.5,18,2020.7999999999997,swap,acceptBad
2416,27,2264.2000000000003,18,2020.7999999999997,swap,improve
2417,27,2256.6,18,2020.7999999999997,move,improve
2418,27,2229.1,18,2020.7999999999997,move,improve
2419,27,2226.4,18,2020.7999999999997,move,improve
2420,27,2207.7,18,2020.7999999999997,swap,improve
2421,27,2215.4,18,2020.7999999999997,swap,acceptBad
2422,27,2215.2000000000003,18,2020.7999999999997,swap,improve
2423,27,2226.1000000000004,18,2020.7999999999997,swap,acceptBad
2424,27,2226.1000000000004,18,2020.7999999999997,swap,notBad
2425,27,2226.1000000000004,18,2020.7999999999997,move,improve
2426,27,2226.1000000000004,18,2020.7999999999997,move,improve
2427,27,2226.1000000000004,18,2020.7999999999997,2opt,notBad
2428,27,2226.1000000000004,18,2020.7999999999997,2opt,notBad
2429,27,2226.1000000000004,18,2020.7999999999997,move,improve
2430,27,2223.7,18,2020.7999999999997,2opt,improve
2431,27,2223.7,18,2020.7999999999997,swap,notBad
2432,27,2223.7,18,2020.7999999999997,swap,notBad
2433,27,2220.5,18,2020.7999999999997,move,improve
2434,27,2217.100000000001,18,2020.7999999999997,2opt,improve
2435,27,2217.100000000001,18,2020.7999999999997,2opt,improve
2436,27,2217.100000000001,18,2020.7999999999997,swap,notBad
2437,27,2222.6000000000004,18,2020.7999999999997,2opt,acceptBad
2438,27,2219.6000000000004,18,2020.7999999999997,swap,improve
2439,27,2234.3,18,2020.7999999999997,swap,acceptBad
2440,27,2245.500000000001,18,2020.7999999999997,2opt,acceptBad
2441,27,2238.2000000000007,18,2020.7999999999997,move,improve
2442,27,2213.8000000000006,18,2020.7999999999997,move,improve
2443,27,2211.0,18,2020.7999999999997,move,improve
2444,27,2212.0,18,2020.7999999999997,swap,acceptBad
2445,27,2212.0,18,2020.7999999999997,move,improve
2446,27,2238.4000000000005,18,2020.7999999999997,swap,acceptBad
2447,27,2230.9000000000005,18,2020.7999999999997,swap,improve
2448,27,2230.9000000000005,18,2020.7999999999997,2opt,notBad
2449,27,2231.4000000000005,18,2020.7999999999997,2opt,acceptBad
2450,27,2263.5000000000005,18,2020.7999999999997,swap,acceptBad
2451,27,2263.5000000000005,18,2020.7999999999997,2opt,notBad
2452,27,2268.7000000000007,18,2020.7999999999997,swap,acceptBad
2453,27,2268.7000000000007,18,2020.7999999999997,move,improve
2454,27,2268.7000000000007,18,2020.7999999999997,2opt,notBad
2455,27,2268.7000000000007,18,2020.7999999999997,2opt,notBad
2456,27,2297.300000000001,18,2020.7999999999997,swap,acceptBad
2457,27,2313.9000000000005,18,2020.7999999999997,swap,acceptBad
2458,27,2313.9000000000005,18,2020.7999999999997,2opt,notBad
2459,27,2295.300000000001,18,2020.7999999999997,move,improve
2460,27,2323.5000000000005,18,2020.7999999999997,swap,acceptBad
2461,27,2327.1000000000004,18,2020.7999999999997,2opt,acceptBad
2462,27,2327.1000000000004,18,2020.7999999999997,2opt,notBad
2463,27,2327.1000000000004,18,2020.7999999999997,2opt,notBad
2464,27,2364.2000000000007,18,2020.7999999999997,swap,acceptBad
2465,27,2341.200000000001,18,2020.7999999999997,swap,improve
2466,27,2341.200000000001,18,2020.7999999999997,swap,notBad
2467,27,2341.200000000001,18,2020.7999999999997,2opt,notBad
2468,27,2349.700000000001,18,2020.7999999999997,swap,acceptBad
2469,27,2349.300000000001,18,2020.7999999999997,move,improve
2470,27,2347.1,18,2020.7999999999997,2opt,improve
2471,27,2337.9,18,2020.7999999999997,swap,improve
2472,27,2309.6,18,2020.7999999999997,move,improve
2473,27,2340.5,18,2020.7999999999997,swap,acceptBad
2474,26,2297.4,18,2020.7999999999997,move,improve
2475,26,2295.8,18,2020.7999999999997,move,improve
2476,26,2295.8,18,2020.7999999999997,swap,notBad
2477,26,2288.7999999999993,18,2020.7999999999997,2opt,improve
2478,26,2288.7999999999993,18,2020.7999999999997,swap,notBad
2479,26,2301.2999999999993,18,2020.7999999999997,swap,acceptBad
2480,26,2301.2999999999993,18,2020.7999999999997,2opt,notBad
2481,26,2301.2999999999993,18,2020.7999999999997,2opt,notBad
2482,26,2303.4000000000005,18,2020.7999999999997,2opt,acceptBad
2483,26,2262.5,18,2020.7999999999997,move,improve
2484,26,2262.5,18,2020.7999999999997,swap,notBad
2485,26,2267.2000000000003,18,2020.7999999999997,swap,acceptBad
2486,26,2267.2000000000003,18,2020.7999999999997,2opt,notBad
2487,26,2261.4000000000005,18,2020.7999999999997,move,improve
2488,26,2243.8,18,2020.7999999999997,move,improve
2489,26,2243.8,18,2020.7999999999997,swap,notBad
2490,26,2238.3,18,2020.7999999999997,move,improve
2491,26,2226.0,18,2020.7999999999997,move,improve
2492,26,2226.0,18,2020.7999999999997,move,improve
2493,26,2242.5,18,2020.7999999999997,swap,acceptBad
2494,26,2242.5,18,2020.7999999999997,swap,notBad
2495,26,2269.9,18,2020.7999999999997,swap,acceptBad
2496,26,2234.4,18,2020.7999999999997,move,improve
2497,26,2234.4,18,2020.7999999999997,move,improve
2498,26,2188.0,18,2020.7999999999997,move,improve
2499,26,2201.6,18,2020.7999999999997,swap,acceptBad
2500,26,2201.6,18,2020.7999999999997,swap,notBad
2501,26,2201.6,18,2020.7999999999997,swap,notBad
2502,26,2180.2999999999997,18,2020.7999999999997,move,improve
2503,26,2180.2999999999997,18,2020.7999999999997,move,improve
2504,26,2179.9999999999995,18,2020.7999999999997,swap,improve
2505,26,2179.9999999999995,18,2020.7999999999997,2opt,notBad
2506,26,2179.9999999999995,18,2020.7999999999997,2opt,notBad
2507,26,2179.9999999999995,18,2020.7999999999997,2opt,improve
2508,26,2205.2999999999997,18,2020.7999999999997,swap,acceptBad
2509,26,2191.7,18,2020.7999999999997,swap,improve
2510,26,2191.7,18,2020.7999999999997,2opt,notBad
2511,26,2191.7,18,2020.7999999999997,2opt,notBad
2512,26,2191.7,18,2020.7999999999997,move,improve
2513,26,2199.2999999999997,18,2020.7999999999997,2opt,acceptBad
2514,26,2199.2999999999997,18,2020.7999999999997,move,improve
2515,26,2194.0999999999995,18,2020.7999999999997,2opt,improve
2516,26,2194.0999999999995,18,2020.7999999999997,2opt,notBad
2517,26,2194.0999999999995,18,2020.7999999999997,move,improve
2518,26,2194.0999999999995,18,2020.7999999999997,2opt,notBad
2519,26,2181.1999999999994,18,2020.7999999999997,2opt,improve
2520,26,2181.1999999999994,18,2020.7999999999997,swap,notBad
2521,26,2181.1999999999994,18,2020.7999999999997,swap,notBad
2522,26,2212.999999999999,18,2020.7999999999997,swap,acceptBad
2523,26,2212.999999999999,18,2020.7999999999997,2opt,notBad
2524,26,2212.999999999999,18,2020.7999999999997,swap,notBad
2525,26,2202.4999999999995,18,2020.7999999999997,move,improve
2526,26,2202.4999999999995,18,2020.7999999999997,2opt,notBad
2527,26,2209.9999999999995,18,2020.7999999999997,swap,acceptBad
2528,26,2219.7,18,2020.7999999999997,2opt,acceptBad
2529,26,2219.7,18,2020.7999999999997,2opt,improve
2530,26,2216.0,18,2020.7999999999997,move,improve
2531,26,2208.0,18,2020.7999999999997,2opt,improve
2532,26,2208.0,18,2020.7999999999997,2opt,notBad
2533,26,2204.4,18,2020.7999999999997,move,improve
2534,26,2212.5,18,2020.7999999999997,2opt,acceptBad
2535,26,2215.1,18,2020.7999999999997,swap,acceptBad
2536,26,2226.2,18,2020.7999999999997,swap,acceptBad
2537,26,2226.2,18,2020.7999999999997,swap,notBad
2538,26,2233.7,18,2020.7999999999997,swap,acceptBad
2539,26,2225.9,18,2020.7999999999997,move,improve
2540,26,2222.8,18,2020.7999999999997,move,improve
2541,26,2203.7000000000003,18,2020.7999999999997,2opt,improve
2542,26,2230.1,18,2020.7999999999997,swap,acceptBad
2543,26,2229.6,18,2020.7999999999997,move,improve
2544,26,2229.6,18,2020.7999999999997,move,improve
2545,26,2201.1,18,2020.7999999999997,move,improve
2546,26,2209.5000000000005,18,2020.7999999999997,swap,acceptBad
2547,26,2209.5000000000005,18,2020.7999999999997,2opt,notBad
2548,26,2209.5000000000005,18,2020.7999999999997,2opt,notBad
2549,26,2209.5000000000005,18,2020.7999999999997,move,improve
2550,26,2198.3,18,2020.7999999999997,move,improve
2551,26,2204.8,18,2020.7999999999997,swap,acceptBad
2552,26,2200.9,18,2020.7999999999997,swap,improve
2553,26,2200.9,18,2020.7999999999997,swap,notBad
2554,26,2206.9,18,2020.7999999999997,swap,acceptBad
2555,26,2206.9,18,2020.7999999999997,2opt,notBad
2556,26,2206.7000000000003,18,2020.7999999999997,move,improve
2557,26,2200.8,18,2020.7999999999997,2opt,improve
2558,26,2200.8,18,2020.7999999999997,swap,notBad
2559,26,2200.8,18,2020.7999999999997,2opt,improve
2560,26,2200.8,18,2020.7999999999997,2opt,notBad
2561,26,2196.4,18,2020.7999999999997,move,improve
2562,26,2196.4,18,2020.7999999999997,move,improve
2563,26,2180.7000000000003,18,2020.7999999999997,move,improve
2564,26,2180.7000000000003,18,2020.7999999999997,swap,notBad
2565,26,2163.2000000000003,18,2020.7999999999997,move,improve
2566,26,2145.7999999999997,18,2020.7999999999997,move,improve
2567,26,2145.7999999999997,18,2020.7999999999997,2opt,notBad
2568,26,2121.7,18,2020.7999999999997,2opt,improve
2569,26,2121.7,18,2020.7999999999997,swap,notBad
2570,26,2119.8999999999996,18,2020.7999999999997,swap,improve
2571,26,2107.7,18,2020.7999999999997,move,improve
2572,26,2107.7,18,2020.7999999999997,2opt,notBad
2573,26,2106.899999999999,18,2020.7999999999997,2opt,improve
2574,26,2106.899999999999,18,2020.7999999999997,2opt,notBad
2575,26,2106.899999999999,18,2020.7999999999997,move,improve
2576,26,2100.9999999999995,18,2020.7999999999997,swap,improve
2577,26,2100.3999999999996,18,2020.7999999999997,swap,improve
2578,26,2105.2999999999997,18,2020.7999999999997,swap,acceptBad
2579,26,2076.3,18,2020.7999999999997,move,improve
2580,26,2086.0999999999995,18,2020.7999999999997,swap,acceptBad
2581,26,2089.2000000000003,18,2020.7999999999997,2opt,acceptBad
2582,26,2089.2000000000003,18,2020.7999999999997,move,improve
2583,26,2089.2000000000003,18,2020.7999999999997,swap,notBad
2584,26,2086.2999999999997,18,2020.7999999999997,swap,improve
2585,26,2086.2999999999997,18,2020.7999999999997,swap,notBad
2586,26,2086.2999999999997,18,2020.7999999999997,move,improve
2587,26,2084.2999999999997,18,2020.7999999999997,swap,improve
2588,26,2084.2999999999997,18,2020.7999999999997,2opt,notBad
2589,26,2084.2999999999997,18,2020.7999999999997,move,improve
2590,26,2084.2999999999997,18,2020.7999999999997,move,improve
2591,26,2071.1,18,2020.7999999999997,move,improve
2592,26,2095.6,18,2020.7999999999997,swap,acceptBad
2593,26,2095.6,18,2020.7999999999997,swap,notBad
2594,26,2095.6,18,2020.7999999999997,swap,notBad
2595,26,2095.6,18,2020.7999999999997,move,improve
2596,26,2095.6,18,2020.7999999999997,2opt,notBad
2597,26,2083.1,18,2020.7999999999997,move,improve
2598,26,2081.0,18,2020.7999999999997,move,improve
2599,26,2081.0,18,2020.7999999999997,2opt,notBad
2600,26,2081.0,18,2020.7999999999997,swap,notBad
2601,26,2075.6,18,2020.7999999999997,move,improve
2602,26,2088.2999999999997,18,2020.7999999999997,swap,acceptBad
2603,26,2088.5999999999995,18,2020.7999999999997,swap,acceptBad
2604,26,2088.5999999999995,18,2020.7999999999997,2opt,notBad
2605,26,2090.2000000000003,18,2020.7999999999997,2opt,acceptBad
2606,26,2081.7,18,2020.7999999999997,move,improve
2607,26,2081.7,18,2020.7999999999997,move,improve
2608,26,2081.7,18,2020.7999999999997,swap,notBad
2609,26,2081.7,18,2020.7999999999997,move,improve
2610,26,2083.6,18,2020.7999999999997,swap,acceptBad
2611,26,2083.6,18,2020.7999999999997,move,improve
2612,26,2083.6,18,2020.7999999999997,swap,notBad
2613,26,2063.1,18,2020.7999999999997,move,improve
2614,26,2063.1,18,2020.7999999999997,move,improve
2615,26,2053.3999999999996,18,2020.7999999999997,move,improve
2616,26,2053.3999999999996,18,2020.7999999999997,move,improve
2617,26,2053.3999999999996,18,2020.7999999999997,2opt,notBad
2618,26,2042.1,18,2020.7999999999997,move,improve
2619,26,2042.1,18,2020.7999999999997,2opt,notBad
2620,26,2040.4999999999998,18,2020.7999999999997,move,improve
2621,26,2050.2,18,2020.7999999999997,swap,acceptBad
2622,26,2079.6,18,2020.7999999999997,swap,acceptBad
2623,26,2079.6,18,2020.7999999999997,2opt,notBad
2624,26,2079.6,18,2020.7999999999997,move,improve
2625,26,2079.6,18,2020.7999999999997,2opt,notBad
2626,26,2079.6,18,2020.7999999999997,2opt,notBad
2627,26,2072.4,18,2020.7999999999997,swap,improve
2628,26,2072.4,18,2020.7999999999997,move,improve
2629,26,2077.6000000000004,18,2020.7999999999997,2opt,acceptBad
2630,26,2077.6000000000004,18,2020.7999999999997,move,improve
2631,26,2080.0,18,2020.7999999999997,swap,acceptBad
2632,26,2080.0,18,2020.7999999999997,move,improve
2633,26,2054.1000000000004,18,2020.7999999999997,swap,improve
2634,26,2054.1000000000004,18,2020.7999999999997,swap,notBad
2635,25,2032.0000000000005,18,2020.7999999999997,move,improve
2636,25,2032.0000000000005,18,2020.7999999999997,2opt,notBad
2637,25,2033.0000000000005,18,2020.7999999999997,swap,acceptBad
2638,24,2017.0000000000005,24,2017.0000000000005,move,newBest
2639,24,2034.6000000000004,24,2017.0000000000005,swap,acceptBad
2640,24,2038.3000000000002,24,2017.0000000000005,swap,acceptBad
2641,24,2038.3000000000002,24,2017.0000000000005,2opt,notBad
2642,24,2038.3000000000002,24,2017.0000000000005,swap,improve
2643,24,2067.5,24,2017.0000000000005,swap,acceptBad
2644,24,2093.1,24,2017.0000000000005,swap,acceptBad
2645,24,2079.2999999999997,24,2017.0000000000005,move,improve
2646,24,2058.6,24,2017.0000000000005,swap,improve
2647,24,2058.6,24,2017.0000000000005,move,improve
2648,24,2058.6,24,2017.0000000000005,2opt,notBad
2649,24,2059.4999999999995,24,2017.0000000000005,2opt,acceptBad
2650,24,2070.7,24,2017.0000000000005,swap,acceptBad
2651,24,2070.7,24,2017.0000000000005,2opt,notBad
2652,24,2043.9999999999995,24,2017.0000000000005,move,improve
2653,24,2043.5999999999995,24,2017.0000000000005,move,improve
2654,24,2052.7999999999993,24,2017.0000000000005,swap,acceptBad
2655,24,2072.3,24,2017.0000000000005,swap,acceptBad
2656,24,2072.3,24,2017.0000000000005,2opt,notBad
2657,24,2066.7,24,2017.0000000000005,2opt,improve
2658,24,2076.9999999999995,24,2017.0000000000005,swap,acceptBad
2659,24,2097.9,24,2017.0000000000005,swap,acceptBad
2660,24,2059.0,24,2017.0000000000005,swap,improve
2661,24,2059.0,24,2017.0000000000005,2opt,notBad
2662,24,2052.8999999999996,24,2017.0000000000005,2opt,improve
2663,24,2052.8999999999996,24,2017.0000000000005,2opt,notBad
2664,24,2038.7999999999993,24,2017.0000000000005,move,improve
2665,24,2047.3999999999999,24,2017.0000000000005,2opt,acceptBad
2666,24,2047.3999999999999,24,2017.0000000000005,swap,notBad
2667,24,2065.1,24,2017.0000000000005,swap,acceptBad
2668,24,2065.1,24,2017.0000000000005,move,improve
2669,24,2065.1,24,2017.0000000000005,swap,notBad
2670,24,2049.2000000000003,24,2017.0000000000005,move,improve
2671,24,2047.1999999999998,24,2017.0000000000005,swap,improve
2672,24,2047.1999999999998,24,2017.0000000000005,2opt,notBad
2673,24,2047.1999999999998,24,2017.0000000000005,swap,notBad
2674,24,2041.5,24,2017.0000000000005,move,improve
2675,24,2041.5,24,2017.0000000000005,move,improve
2676,24,2021.6,24,2017.0000000000005,move,improve
2677,24,2018.1999999999996,24,2017.0000000000005,move,improve
2678,24,2018.1999999999996,24,2017.0000000000005,2opt,notBad
2679,24,2018.1999999999996,24,2017.0000000000005,2opt,improve
2680,24,2018.1999999999996,24,2017.0000000000005,swap,notBad
2681,24,2018.1999999999996,24,2017.0000000000005,swap,notBad
2682,24,2018.1999999999996,24,2017.0000000000005,move,improve
2683,24,2018.1999999999996,24,2017.0000000000005,swap,notBad
2684,24,2018.1999999999996,24,2017.0000000000005,swap,notBad
2685,24,2018.1999999999996,24,2017.0000000000005,2opt,notBad
2686,24,2018.1999999999996,24,2017.0000000000005,move,improve
2687,24,2018.1999999999996,24,2017.0000000000005,2opt,notBad
2688,24,2018.1999999999996,24,2017.0000000000005,move,improve
2689,24,2017.6999999999994,24,2017.0000000000005,swap,improve
2690,24,2017.6999999999994,24,2017.0000000000005,2opt,notBad
2691,24,2017.6999999999994,24,2017.0000000000005,swap,notBad
2692,24,1992.5999999999992,24,1992.5999999999992,move,newBest
2693,24,1992.5999999999992,24,1992.5999999999992,2opt,notBad
2694,24,2006.6999999999991,24,1992.5999999999992,swap,acceptBad
2695,24,2009.2999999999993,24,1992.5999999999992,swap,acceptBad
2696,24,2003.8999999999992,24,1992.5999999999992,move,improve
2697,24,2003.8999999999992,24,1992.5999999999992,2opt,notBad
2698,24,2003.5999999999992,24,1992.5999999999992,2opt,improve
2699,24,2003.5999999999992,24,1992.5999999999992,2opt,notBad
2700,24,2003.5999999999992,24,1992.5999999999992,swap,notBad
2701,24,2003.5999999999992,24,1992.5999999999992,swap,notBad
2702,24,2003.5999999999992,24,1992.5999999999992,2opt,notBad
2703,24,2003.5999999999992,24,1992.5999999999992,move,improve
2704,24,2003.5999999999992,24,1992.5999999999992,swap,notBad
2705,24,1987.7999999999993,24,1987.7999999999993,move,newBest
2706,24,1993.5999999999995,24,1987.7999999999993,swap,acceptBad
2707,24,1993.5999999999995,24,1987.7999999999993,2opt,notBad
2708,24,2002.4999999999993,24,1987.7999999999993,2opt,acceptBad
2709,24,2002.4999999999993,24,1987.7999999999993,2opt,notBad
2710,24,2002.4999999999993,24,1987.7999999999993,2opt,notBad
2711,24,1990.7999999999993,24,1987.7999999999993,move,improve
2712,24,1990.7999999999993,24,1987.7999999999993,2opt,notBad
2713,24,1990.7999999999993,24,1987.7999999999993,2opt,notBad
2714,24,1990.7999999999993,24,1987.7999999999993,swap,notBad
2715,24,1990.7999999999993,24,1987.7999999999993,2opt,improve
2716,24,1990.7999999999993,24,1987.7999999999993,2opt,improve
2717,24,1990.7999999999993,24,1987.7999999999993,move,improve
2718,24,1990.7999999999993,24,1987.7999999999993,move,improve
2719,24,1987.9999999999993,24,1987.7999999999993,move,improve
2720,24,1981.9999999999995,24,1981.9999999999995,move,newBest
2721,24,1981.9999999999995,24,1981.9999999999995,swap,notBad
2722,24,1987.9999999999993,24,1981.9999999999995,2opt,acceptBad
2723,24,1987.0999999999995,24,1981.9999999999995,swap,improve
2724,24,1978.3999999999992,24,1978.3999999999992,move,newBest
2725,24,1990.9999999999993,24,1978.3999999999992,swap,acceptBad
2726,24,1990.9999999999993,24,1978.3999999999992,2opt,improve
2727,24,1990.9999999999993,24,1978.3999999999992,move,improve
2728,24,1997.6999999999994,24,1978.3999999999992,swap,acceptBad
2729,24,1997.6999999999994,24,1978.3999999999992,move,improve
2730,24,1997.6999999999994,24,1978.3999999999992,swap,improve
2731,24,1997.6999999999994,24,1978.3999999999992,2opt,notBad
2732,24,2007.799999999999,24,1978.3999999999992,swap,acceptBad
2733,24,2007.799999999999,24,1978.3999999999992,2opt,notBad
2734,24,2007.799999999999,24,1978.3999999999992,move,improve
2735,24,2007.799999999999,24,1978.3999999999992,swap,notBad
2736,24,2007.799999999999,24,1978.3999999999992,2opt,notBad
2737,24,2007.799999999999,24,1978.3999999999992,move,improve
2738,24,2007.799999999999,24,1978.3999999999992,move,improve
2739,24,2007.799999999999,24,1978.3999999999992,2opt,improve
2740,24,2015.2999999999993,24,1978.3999999999992,swap,acceptBad
2741,24,2015.2999999999993,24,1978.3999999999992,swap,notBad
2742,24,2015.2999999999993,24,1978.3999999999992,2opt,notBad
2743,24,2006.8999999999992,24,1978.3999999999992,move,improve
2744,24,1990.8999999999992,24,1978.3999999999992,move,improve
2745,24,1990.8999999999992,24,1978.3999999999992,2opt,notBad
2746,24,1984.499999999999,24,1978.3999999999992,swap,improve
2747,24,2000.8999999999992,24,1978.3999999999992,swap,acceptBad
2748,24,2000.8999999999992,24,1978.3999999999992,2opt,notBad
2749,24,2000.3999999999994,24,1978.3999999999992,2opt,improve
2750,24,2000.3999999999994,24,1978.3999999999992,swap,notBad
2751,24,2000.3999999999994,24,1978.3999999999992,swap,notBad
2752,24,2000.3999999999994,24,1978.3999999999992,2opt,notBad
2753,24,2000.3999999999994,24,1978.3999999999992,move,improve
2754,24,2006.4999999999995,24,1978.3999999999992,swap,acceptBad
2755,24,1997.6999999999991,24,1978.3999999999992,swap,improve
2756,24,1997.799999999999,24,1978.3999999999992,swap,acceptBad
2757,24,1985.1999999999994,24,1978.3999999999992,move,improve
2758,24,1972.299999999999,24,1972.299999999999,move,newBest
2759,24,1971.799999999999,24,1971.799999999999,move,newBest
2760,24,1966.499999999999,24,1966.499999999999,swap,newBest
2761,24,1966.499999999999,24,1966.499999999999,2opt,notBad
2762,24,1966.499999999999,24,1966.499999999999,2opt,notBad
2763,24,1966.499999999999,24,1966.499999999999,swap,notBad
2764,24,1960.1999999999994,24,1960.1999999999994,move,newBest
2765,24,1960.1999999999994,24,1960.1999999999994,move,improve
2766,24,1960.1999999999994,24,1960.1999999999994,2opt,notBad
2767,24,1960.1999999999994,24,1960.1999999999994,swap,notBad
2768,24,1960.1999999999994,24,1960.1999999999994,swap,notBad
2769,24,1960.1999999999994,24,1960.1999999999994,swap,notBad
2770,24,1927.4999999999993,24,1927.4999999999993,move,newBest
2771,24,1927.4999999999993,24,1927.4999999999993,2opt,notBad
2772,24,1927.4999999999993,24,1927.4999999999993,2opt,notBad
2773,24,1927.0999999999992,24,1927.0999999999992,move,newBest
2774,24,1927.0999999999992,24,1927.0999999999992,2opt,notBad
2775,24,1927.0999999999992,24,1927.0999999999992,2opt,notBad
2776,24,1923.4999999999993,24,1923.4999999999993,swap,newBest
2777,24,1924.0999999999992,24,1923.4999999999993,swap,acceptBad
2778,24,1924.0999999999992,24,1923.4999999999993,2opt,notBad
2779,24,1924.0999999999992,24,1923.4999999999993,swap,notBad
2780,24,1924.0999999999992,24,1923.4999999999993,swap,notBad
2781,24,1924.0999999999992,24,1923.4999999999993,2opt,notBad
2782,24,1922.999999999999,24,1922.999999999999,move,newBest
2783,24,1922.799999999999,24,1922.799999999999,move,newBest
2784,24,1922.799999999999,24,1922.799999999999,move,improve
2785,24,1920.499999999999,24,1920.499999999999,2opt,newBest
2786,24,1920.499999999999,24,1920.499999999999,swap,notBad
2787,24,1920.499999999999,24,1920.499999999999,2opt,notBad
2788,24,1933.9999999999993,24,1920.499999999999,swap,acceptBad
2789,24,1917.5999999999995,24,1917.5999999999995,move,newBest
2790,24,1917.5999999999995,24,1917.5999999999995,swap,notBad
2791,24,1919.1999999999996,24,1917.5999999999995,2opt,acceptBad
2792,24,1919.1999999999996,24,1917.5999999999995,2opt,notBad
2793,24,1919.1999999999996,24,1917.5999999999995,swap,notBad
2794,24,1919.1999999999996,24,1917.5999999999995,2opt,improve
2795,24,1919.1999999999996,24,1917.5999999999995,swap,notBad
2796,24,1925.6999999999996,24,1917.5999999999995,swap,acceptBad
2797,24,1945.4,24,1917.5999999999995,swap,acceptBad
2798,24,1941.2,24,1917.5999999999995,move,improve
2799,24,1941.2,24,1917.5999999999995,2opt,notBad
2800,24,1941.2,24,1917.5999999999995,move,improve
2801,24,1955.2,24,1917.5999999999995,swap,acceptBad
2802,24,1955.2,24,1917.5999999999995,move,improve
2803,24,1955.2,24,1917.5999999999995,2opt,notBad
2804,24,1955.2,24,1917.5999999999995,2opt,notBad
2805,24,1955.2,24,1917.5999999999995,swap,notBad
2806,24,1950.2,24,1917.5999999999995,move,improve
2807,24,1950.2,24,1917.5999999999995,move,improve
2808,24,1950.2,24,1917.5999999999995,swap,notBad
2809,24,1950.2,24,1917.5999999999995,move,improve
2810,24,1920.0000000000002,24,1917.5999999999995,2opt,improve
2811,24,1920.0000000000002,24,1917.5999999999995,2opt,notBad
2812,24,1916.5,24,1916.5,move,newBest
2813,24,1916.5,24,1916.5,2opt,notBad
2814,24,1919.0,24,1916.5,swap,acceptBad
2815,24,1919.0,24,1916.5,2opt,notBad
2816,24,1904.8,24,1904.8,swap,newBest
2817,24,1904.8,24,1904.8,swap,notBad
2818,24,1904.8,24,1904.8,move,improve
2819,24,1904.8,24,1904.8,swap,notBad
2820,24,1904.8,24,1904.8,move,improve
2821,24,1904.8,24,1904.8,move,improve
2822,24,1903.7,24,1903.7,move,newBest
2823,24,1872.0,24,1872.0,move,newBest
2824,24,1872.0,24,1872.0,swap,notBad
2825,24,1872.0,24,1872.0,swap,notBad
2826,24,1860.8000000000004,24,1860.8000000000004,move,newBest
2827,24,1860.8000000000004,24,1860.8000000000004,2opt,improve
2828,24,1860.8000000000004,24,1860.8000000000004,2opt,notBad
2829,24,1860.8000000000004,24,1860.8000000000004,2opt,notBad
2830,24,1865.8000000000004,24,1860.8000000000004,swap,acceptBad
2831,24,1864.9000000000008,24,1860.8000000000004,move,improve
2832,24,1864.9000000000008,24,1860.8000000000004,2opt,notBad
2833,24,1864.9000000000008,24,1860.8000000000004,2opt,notBad
2834,24,1864.9000000000008,24,1860.8000000000004,swap,notBad
2835,24,1864.9000000000008,24,1860.8000000000004,2opt,notBad
2836,24,1864.9000000000008,24,1860.8000000000004,move,improve
2837,24,1864.9000000000008,24,1860.8000000000004,2opt,notBad
2838,24,1864.9000000000008,24,1860.8000000000004,2opt,notBad
2839,24,1864.9000000000008,24,1860.8000000000004,move,improve
2840,24,1878.6000000000006,24,1860.8000000000004,swap,acceptBad
2841,24,1878.6000000000006,24,1860.8000000000004,2opt,notBad
2842,24,1878.6000000000006,24,1860.8000000000004,2opt,notBad
2843,24,1878.6000000000006,24,1860.8000000000004,2opt,notBad
2844,24,1878.3000000000004,24,1860.8000000000004,move,improve
2845,24,1878.3000000000004,24,1860.8000000000004,2opt,improve
2846,24,1883.4000000000003,24,1860.8000000000004,2opt,acceptBad
2847,24,1883.4000000000003,24,1860.8000000000004,2opt,notBad
2848,24,1902.5000000000002,24,1860.8000000000004,swap,acceptBad
2849,24,1907.9000000000003,24,1860.8000000000004,2opt,acceptBad
2850,24,1907.9000000000003,24,1860.8000000000004,swap,notBad
2851,24,1901.6000000000004,24,1860.8000000000004,move,improve
2852,24,1901.6000000000004,24,1860.8000000000004,move,improve
2853,24,1905.0000000000002,24,1860.8000000000004,2opt,acceptBad
2854,24,1904.4000000000003,24,1860.8000000000004,swap,improve
2855,24,1904.4000000000003,24,1860.8000000000004,move,improve
2856,24,1904.4000000000003,24,1860.8000000000004,move,improve
2857,24,1904.4000000000003,24,1860.8000000000004,swap,notBad
2858,24,1901.1000000000006,24,1860.8000000000004,swap,improve
2859,24,1901.1000000000006,24,1860.8000000000004,2opt,notBad
2860,24,1901.1000000000006,24,1860.8000000000004,swap,notBad
2861,24,1901.1000000000006,24,1860.8000000000004,2opt,notBad
2862,23,1878.9,23,1878.9,move,newBest
2863,23,1878.9,23,1878.9,2opt,notBad
2864,23,1875.1000000000001,23,1875.1000000000001,swap,newBest
2865,23,1875.1000000000001,23,1875.1000000000001,2opt,notBad
2866,23,1869.3000000000002,23,1869.3000000000002,move,newBest
2867,23,1869.3000000000002,23,1869.3000000000002,2opt,notBad
2868,23,1862.3,23,1862.3,move,newBest
2869,23,1862.3,23,1862.3,2opt,notBad
2870,23,1862.3,23,1862.3,move,improve
2871,23,1879.3000000000004,23,1862.3,swap,acceptBad
2872,23,1877.2000000000003,23,1862.3,move,improve
2873,23,1877.2000000000003,23,1862.3,move,improve
2874,23,1877.2000000000003,23,1862.3,swap,notBad
2875,23,1877.2000000000003,23,1862.3,move,improve
2876,23,1877.2000000000003,23,1862.3,move,improve
2877,23,1877.2000000000003,23,1862.3,2opt,notBad
2878,22,1846.1,22,1846.1,move,newBest
2879,22,1846.1,22,1846.1,move,improve
2880,22,1839.1,22,1839.1,move,newBest
2881,22,1839.1,22,1839.1,2opt,notBad
2882,22,1839.1,22,1839.1,move,improve
2883,22,1839.1,22,1839.1,2opt,notBad
2884,22,1832.0999999999997,22,1832.0999999999997,move,newBest
2885,22,1832.0999999999997,22,1832.0999999999997,move,improve
2886,22,1832.0999999999997,22,1832.0999999999997,2opt,notBad
2887,22,1832.0999999999997,22,1832.0999999999997,2opt,notBad
2888,22,1826.4999999999998,22,1826.4999999999998,move,newBest
2889,22,1826.4999999999998,22,1826.4999999999998,move,improve
2890,22,1825.9999999999998,22,1825.9999999999998,move,newBest
2891,22,1825.9999999999998,22,1825.9999999999998,swap,notBad
2892,21,1818.3999999999999,21,1818.3999999999999,move,newBest
2893,21,1818.3999999999999,21,1818.3999999999999,move,improve
2894,21,1818.3999999999999,21,1818.3999999999999,2opt,notBad
2895,21,1818.3999999999999,21,1818.3999999999999,2opt,notBad
2896,21,1821.8999999999999,21,1818.3999999999999,swap,acceptBad
2897,21,1821.8999999999999,21,1818.3999999999999,2opt,notBad
2898,21,1821.8999999999999,21,1818.3999999999999,swap,notBad
2899,21,1821.8999999999999,21,1818.3999999999999,swap,notBad
2900,21,1821.8999999999999,21,1818.3999999999999,swap,notBad
2901,21,1821.8999999999999,21,1818.3999999999999,move,improve
2902,21,1821.8999999999999,21,1818.3999999999999,move,improve
2903,21,1820.7999999999997,21,1818.3999999999999,move,improve
2904,21,1816.7999999999997,21,1816.7999999999997,move,newBest
2905,21,1802.1999999999998,21,1802.1999999999998,move,newBest
2906,21,1820.3999999999999,21,1802.1999999999998,swap,acceptBad
2907,21,1820.3999999999999,21,1802.1999999999998,2opt,notBad
2908,21,1820.3999999999999,21,1802.1999999999998,2opt,notBad
2909,21,1825.6000000000006,21,1802.1999999999998,2opt,acceptBad
2910,21,1825.6000000000006,21,1802.1999999999998,move,improve
2911,21,1825.6000000000006,21,1802.1999999999998,move,improve
2912,21,1837.700000000001,21,1802.1999999999998,swap,acceptBad
2913,21,1837.700000000001,21,1802.1999999999998,move,improve
2914,21,1834.9000000000008,21,1802.1999999999998,move,improve
2915,21,1834.1000000000008,21,1802.1999999999998,move,improve
2916,21,1834.1000000000008,21,1802.1999999999998,2opt,notBad
2917,21,1848.200000000001,21,1802.1999999999998,swap,acceptBad
2918,21,1842.900000000001,21,1802.1999999999998,swap,improve
2919,21,1842.600000000001,21,1802.1999999999998,move,improve
2920,21,1842.600000000001,21,1802.1999999999998,2opt,notBad
2921,21,1842.600000000001,21,1802.1999999999998,2opt,notBad
2922,21,1841.400000000001,21,1802.1999999999998,move,improve
2923,21,1831.4000000000008,21,1802.1999999999998,move,improve
2924,21,1834.500000000001,21,1802.1999999999998,swap,acceptBad
2925,21,1834.500000000001,21,1802.1999999999998,2opt,notBad
2926,21,1834.500000000001,21,1802.1999999999998,2opt,notBad
2927,21,1846.600000000001,21,1802.1999999999998,swap,acceptBad
2928,21,1846.600000000001,21,1802.1999999999998,2opt,improve
2929,21,1846.600000000001,21,1802.1999999999998,move,improve
2930,21,1846.600000000001,21,1802.1999999999998,2opt,notBad
2931,21,1846.600000000001,21,1802.1999999999998,move,improve
2932,21,1846.600000000001,21,1802.1999999999998,2opt,improve
2933,21,1846.600000000001,21,1802.1999999999998,swap,notBad
2934,21,1846.600000000001,21,1802.1999999999998,2opt,notBad
2935,21,1847.900000000001,21,1802.1999999999998,swap,acceptBad
2936,21,1847.900000000001,21,1802.1999999999998,swap,notBad
2937,21,1847.900000000001,21,1802.1999999999998,swap,notBad
2938,21,1847.900000000001,21,1802.1999999999998,move,improve
2939,21,1847.5000000000011,21,1802.1999999999998,move,improve
2940,21,1847.5000000000011,21,1802.1999999999998,move,improve
2941,21,1847.5000000000011,21,1802.1999999999998,swap,notBad
2942,21,1847.5000000000011,21,1802.1999999999998,2opt,notBad
2943,21,1847.5000000000011,21,1802.1999999999998,swap,notBad
2944,21,1858.6000000000008,21,1802.1999999999998,swap,acceptBad
2945,21,1858.6000000000008,21,1802.1999999999998,2opt,notBad
2946,21,1858.6000000000008,21,1802.1999999999998,move,improve
2947,21,1859.9000000000003,21,1802.1999999999998,swap,acceptBad
2948,21,1859.7000000000005,21,1802.1999999999998,move,improve
2949,21,1842.0000000000002,21,1802.1999999999998,move,improve
2950,21,1842.0000000000002,21,1802.1999999999998,2opt,notBad
2951,21,1842.0000000000002,21,1802.1999999999998,2opt,notBad
2952,21,1842.0000000000002,21,1802.1999999999998,2opt,notBad
2953,21,1832.6000000000004,21,1802.1999999999998,move,improve
2954,21,1832.6000000000004,21,1802.1999999999998,2opt,improve
2955,21,1832.6000000000004,21,1802.1999999999998,swap,notBad
2956,21,1832.6000000000004,21,1802.1999999999998,2opt,improve
2957,21,1832.6000000000004,21,1802.1999999999998,2opt,notBad
2958,21,1836.2000000000005,21,1802.1999999999998,swap,acceptBad
2959,21,1840.6000000000004,21,1802.1999999999998,swap,acceptBad
2960,21,1840.6000000000004,21,1802.1999999999998,2opt,notBad
2961,21,1840.6000000000004,21,1802.1999999999998,swap,notBad
2962,21,1839.7000000000005,21,1802.1999999999998,move,improve
2963,21,1821.1000000000006,21,1802.1999999999998,move,improve
2964,21,1821.1000000000006,21,1802.1999999999998,2opt,notBad
2965,21,1821.1000000000006,21,1802.1999999999998,2opt,notBad
2966,21,1821.0000000000007,21,1802.1999999999998,move,improve
2967,21,1813.5000000000007,21,1802.1999999999998,move,improve
2968,21,1813.5000000000007,21,1802.1999999999998,2opt,notBad
2969,21,1800.1000000000006,21,1800.1000000000006,move,newBest
2970,20,1770.8000000000006,20,1770.8000000000006,2opt,newBest
2971,20,1770.8000000000006,20,1770.8000000000006,move,improve
2972,20,1762.5000000000007,20,1762.5000000000007,swap,newBest
2973,20,1762.5000000000007,20,1762.5000000000007,swap,notBad
2974,20,1762.5000000000007,20,1762.5000000000007,swap,notBad
2975,20,1762.5000000000007,20,1762.5000000000007,2opt,notBad
2976,20,1762.5000000000007,20,1762.5000000000007,move,improve
2977,20,1762.5000000000007,20,1762.5000000000007,2opt,notBad
2978,20,1762.5000000000007,20,1762.5000000000007,swap,notBad
2979,20,1762.5000000000007,20,1762.5000000000007,2opt,notBad
2980,20,1762.5000000000007,20,1762.5000000000007,move,improve
2981,20,1752.0000000000007,20,1752.0000000000007,move,newBest
2982,20,1747.0000000000007,20,1747.0000000000007,move,newBest
2983,20,1747.0000000000007,20,1747.0000000000007,2opt,notBad
2984,20,1715.4000000000008,20,1715.4000000000008,move,newBest
2985,20,1715.4000000000008,20,1715.4000000000008,move,improve
2986,20,1715.4000000000008,20,1715.4000000000008,2opt,notBad
2987,20,1725.000000000001,20,1715.4000000000008,swap,acceptBad
2988,20,1725.000000000001,20,1715.4000000000008,2opt,notBad
2989,20,1730.6000000000008,20,1715.4000000000008,swap,acceptBad
2990,20,1730.6000000000008,20,1715.4000000000008,2opt,notBad
2991,20,1730.6000000000008,20,1715.4000000000008,move,improve
2992,20,1730.6000000000008,20,1715.4000000000008,2opt,notBad
2993,20,1694.200000000001,20,1694.200000000001,move,newBest
2994,20,1694.200000000001,20,1694.200000000001,move,improve
2995,20,1694.200000000001,20,1694.200000000001,2opt,improve
2996,20,1694.200000000001,20,1694.200000000001,move,improve
2997,20,1694.2000000000007,20,1694.2000000000007,move,newBest
2998,20,1693.3000000000009,20,1693.3000000000009,swap,newBest
2999,20,1693.3000000000009,20,1693.3000000000009,2opt,notBad
3000,20,1701.6000000000008,20,1693.3000000000009,swap,acceptBad
3001,20,1699.8000000000009,20,1693.3000000000009,move,improve
3002,20,1658.600000000001,20,1658.600000000001,move,newBest
3003,20,1664.000000000001,20,1658.600000000001,swap,acceptBad
3004,20,1664.000000000001,20,1658.600000000001,move,improve
3005,20,1664.600000000001,20,1658.600000000001,swap,acceptBad
3006,20,1664.600000000001,20,1658.600000000001,swap,notBad
3007,20,1669.200000000001,20,1658.600000000001,swap,acceptBad
3008,20,1669.200000000001,20,1658.600000000001,2opt,notBad
3009,20,1669.200000000001,20,1658.600000000001,move,improve
3010,20,1669.200000000001,20,1658.600000000001,2opt,improve
3011,20,1669.200000000001,20,1658.600000000001,swap,notBad
3012,20,1669.200000000001,20,1658.600000000001,2opt,notBad
3013,20,1669.200000000001,20,1658.600000000001,move,improve
3014,20,1662.7000000000012,20,1658.600000000001,move,improve
3015,20,1662.7000000000012,20,1658.600000000001,2opt,notBad
3016,20,1662.7000000000012,20,1658.600000000001,move,improve
3017,20,1663.300000000001,20,1658.600000000001,swap,acceptBad
3018,20,1663.300000000001,20,1658.600000000001,2opt,notBad
3019,20,1663.300000000001,20,1658.600000000001,2opt,notBad
3020,20,1663.300000000001,20,1658.600000000001,swap,notBad
3021,20,1663.300000000001,20,1658.600000000001,move,improve
3022,20,1663.300000000001,20,1658.600000000001,move,improve
3023,20,1663.300000000001,20,1658.600000000001,swap,notBad
3024,20,1663.300000000001,20,1658.600000000001,swap,notBad
3025,20,1663.300000000001,20,1658.600000000001,move,improve
3026,20,1663.300000000001,20,1658.600000000001,swap,notBad
3027,20,1663.300000000001,20,1658.600000000001,2opt,notBad
3028,20,1663.300000000001,20,1658.600000000001,swap,notBad
3029,20,1657.900000000001,20,1657.900000000001,move,newBest
3030,20,1657.900000000001,20,1657.900000000001,move,improve
3031,20,1645.8999999999999,20,1645.8999999999999,2opt,newBest
3032,20,1645.8999999999999,20,1645.8999999999999,2opt,notBad
3033,20,1642.4999999999995,20,1642.4999999999995,move,newBest
3034,20,1658.7999999999995,20,1642.4999999999995,swap,acceptBad
3035,20,1658.7999999999995,20,1642.4999999999995,2opt,notBad
3036,20,1639.6999999999996,20,1639.6999999999996,move,newBest
3037,20,1639.6999999999996,20,1639.6999999999996,2opt,notBad
3038,20,1639.6999999999996,20,1639.6999999999996,2opt,notBad
3039,20,1639.6999999999996,20,1639.6999999999996,2opt,notBad
3040,20,1639.6999999999996,20,1639.6999999999996,2opt,notBad
3041,20,1639.6999999999996,20,1639.6999999999996,2opt,notBad
3042,20,1639.6999999999996,20,1639.6999999999996,2opt,notBad
3043,20,1639.6999999999996,20,1639.6999999999996,2opt,notBad
3044,20,1641.0999999999995,20,1639.6999999999996,swap,acceptBad
3045,20,1641.0999999999995,20,1639.6999999999996,2opt,notBad
3046,20,1641.0999999999995,20,1639.6999999999996,move,improve
3047,20,1633.5999999999992,20,1633.5999999999992,move,newBest
3048,20,1633.5999999999992,20,1633.5999999999992,2opt,notBad
3049,20,1633.5999999999992,20,1633.5999999999992,swap,notBad
3050,20,1633.5999999999992,20,1633.5999999999992,2opt,notBad
3051,20,1633.5999999999992,20,1633.5999999999992,swap,notBad
3052,20,1633.5999999999992,20,1633.5999999999992,swap,notBad
3053,20,1633.5999999999992,20,1633.5999999999992,2opt,notBad
3054,20,1633.5999999999992,20,1633.5999999999992,move,improve
3055,20,1633.5999999999992,20,1633.5999999999992,2opt,improve
3056,20,1633.5999999999992,20,1633.5999999999992,swap,notBad
3057,20,1633.5999999999992,20,1633.5999999999992,move,improve
3058,20,1630.5999999999992,20,1630.5999999999992,swap,newBest
3059,20,1638.1999999999994,20,1630.5999999999992,swap,acceptBad
3060,19,1605.6999999999994,19,1605.6999999999994,move,newBest
3061,19,1605.6999999999994,19,1605.6999999999994,2opt,notBad
3062,19,1610.4999999999993,19,1605.6999999999994,swap,acceptBad
3063,19,1618.2999999999995,19,1605.6999999999994,swap,acceptBad
3064,19,1618.2999999999995,19,1605.6999999999994,swap,notBad
3065,19,1618.2999999999995,19,1605.6999999999994,2opt,notBad
3066,19,1618.2999999999995,19,1605.6999999999994,swap,notBad
3067,19,1618.2999999999995,19,1605.6999999999994,move,improve
3068,19,1618.2999999999995,19,1605.6999999999994,2opt,notBad
3069,19,1618.2999999999995,19,1605.6999999999994,move,improve
3070,19,1618.2999999999995,19,1605.6999999999994,swap,notBad
3071,19,1618.2999999999995,19,1605.6999999999994,move,improve
3072,19,1618.2999999999995,19,1605.6999999999994,swap,notBad
3073,19,1618.2999999999995,19,1605.6999999999994,move,improve
3074,19,1619.3999999999994,19,1605.6999999999994,swap,acceptBad
3075,19,1619.3999999999994,19,1605.6999999999994,swap,notBad
3076,19,1625.4999999999995,19,1605.6999999999994,swap,acceptBad
3077,19,1627.9999999999995,19,1605.6999999999994,swap,acceptBad
3078,19,1627.9999999999995,19,1605.6999999999994,2opt,notBad
3079,19,1629.8000000000006,19,1605.6999999999994,2opt,acceptBad
3080,19,1629.8000000000006,19,1605.6999999999994,swap,notBad
3081,19,1629.8000000000006,19,1605.6999999999994,2opt,notBad
3082,19,1629.8000000000006,19,1605.6999999999994,2opt,notBad
3083,19,1629.8000000000006,19,1605.6999999999994,swap,notBad
3084,19,1629.8000000000006,19,1605.6999999999994,swap,notBad
3085,19,1629.8000000000006,19,1605.6999999999994,move,improve
3086,19,1629.8000000000006,19,1605.6999999999994,swap,notBad
3087,19,1629.8000000000006,19,1605.6999999999994,2opt,notBad
3088,19,1629.8000000000006,19,1605.6999999999994,2opt,notBad
3089,19,1629.8000000000006,19,1605.6999999999994,2opt,notBad
3090,19,1629.8000000000006,19,1605.6999999999994,move,improve
3091,19,1629.8000000000006,19,1605.6999999999994,2opt,notBad
3092,19,1629.8000000000006,19,1605.6999999999994,swap,notBad
3093,19,1629.8000000000006,19,1605.6999999999994,2opt,improve
3094,19,1629.8000000000006,19,1605.6999999999994,swap,notBad
3095,19,1631.5000000000007,19,1605.6999999999994,swap,acceptBad
3096,19,1631.5000000000007,19,1605.6999999999994,2opt,notBad
3097,19,1624.7000000000007,19,1605.6999999999994,move,improve
3098,19,1624.0000000000007,19,1605.6999999999994,swap,improve
3099,19,1624.0000000000007,19,1605.6999999999994,move,improve
3100,19,1624.0000000000007,19,1605.6999999999994,2opt,notBad
3101,19,1624.0000000000007,19,1605.6999999999994,2opt,notBad
3102,19,1624.0000000000007,19,1605.6999999999994,2opt,notBad
3103,19,1631.1000000000008,19,1605.6999999999994,swap,acceptBad
3104,19,1631.1000000000008,19,1605.6999999999994,swap,notBad
3105,19,1631.1000000000008,19,1605.6999999999994,swap,notBad
3106,19,1631.1000000000008,19,1605.6999999999994,2opt,notBad
3107,19,1631.1000000000008,19,1605.6999999999994,move,improve
3108,19,1631.1000000000008,19,1605.6999999999994,2opt,improve
3109,19,1631.1000000000008,19,1605.6999999999994,2opt,notBad
3110,19,1631.1000000000008,19,1605.6999999999994,move,improve
3111,19,1631.1000000000008,19,1605.6999999999994,move,improve
3112,19,1631.1000000000008,19,1605.6999999999994,move,improve
3113,19,1630.8000000000009,19,1605.6999999999994,move,improve
3114,19,1631.500000000001,19,1605.6999999999994,swap,acceptBad
3115,19,1631.500000000001,19,1605.6999999999994,2opt,notBad
3116,19,1631.500000000001,19,1605.6999999999994,move,improve
3117,19,1631.500000000001,19,1605.6999999999994,swap,notBad
3118,19,1631.500000000001,19,1605.6999999999994,2opt,notBad
3119,19,1631.500000000001,19,1605.6999999999994,2opt,notBad
3120,19,1635.9000000000008,19,1605.6999999999994,swap,acceptBad
3121,19,1634.6999999999994,19,1605.6999999999994,2opt,improve
3122,19,1634.6999999999994,19,1605.6999999999994,2opt,notBad
3123,19,1629.400000000001,19,1605.6999999999994,2opt,improve
3124,19,1629.400000000001,19,1605.6999999999994,2opt,notBad
3125,19,1629.400000000001,19,1605.6999999999994,move,improve
3126,19,1617.100000000001,19,1605.6999999999994,move,improve
3127,19,1617.100000000001,19,1605.6999999999994,move,improve
3128,19,1613.0000000000011,19,1605.6999999999994,move,improve
3129,19,1613.0000000000011,19,1605.6999999999994,2opt,notBad
3130,19,1622.1000000000013,19,1605.6999999999994,swap,acceptBad
3131,19,1622.1000000000013,19,1605.6999999999994,move,improve
3132,19,1622.1000000000013,19,1605.6999999999994,move,improve
3133,19,1611.9000000000012,19,1605.6999999999994,move,improve
3134,19,1611.9000000000012,19,1605.6999999999994,2opt,notBad
3135,19,1611.9000000000012,19,1605.6999999999994,swap,notBad
3136,19,1611.9000000000012,19,1605.6999999999994,swap,notBad
3137,19,1611.9000000000012,19,1605.6999999999994,2opt,notBad
3138,19,1611.9000000000012,19,1605.6999999999994,move,improve
3139,19,1611.9000000000012,19,1605.6999999999994,move,improve
3140,19,1611.9000000000012,19,1605.6999999999994,swap,notBad
3141,19,1605.1000000000013,19,1605.1000000000013,move,newBest
3142,19,1605.1000000000013,19,1605.1000000000013,move,improve
3143,19,1605.1000000000013,19,1605.1000000000013,2opt,notBad
3144,19,1605.1000000000013,19,1605.1000000000013,2opt,notBad
3145,19,1605.1000000000013,19,1605.1000000000013,2opt,notBad
3146,19,1595.5000000000011,19,1595.5000000000011,swap,newBest
3147,19,1593.0000000000007,19,1593.0000000000007,2opt,newBest
3148,19,1593.0000000000007,19,1593.0000000000007,2opt,improve
3149,19,1593.0000000000007,19,1593.0000000000007,2opt,notBad
3150,19,1593.0000000000007,19,1593.0000000000007,move,improve
3151,19,1591.7000000000007,19,1591.7000000000007,move,newBest
3152,19,1591.7000000000007,19,1591.7000000000007,2opt,notBad
3153,19,1587.0000000000007,19,1587.0000000000007,move,newBest
3154,19,1587.0000000000007,19,1587.0000000000007,swap,notBad
3155,19,1587.0000000000007,19,1587.0000000000007,2opt,notBad
3156,19,1587.0000000000007,19,1587.0000000000007,2opt,notBad
3157,19,1587.0000000000007,19,1587.0000000000007,swap,notBad
3158,19,1587.0000000000007,19,1587.0000000000007,move,improve
3159,19,1587.0000000000007,19,1587.0000000000007,move,improve
3160,19,1587.0000000000007,19,1587.0000000000007,move,improve
3161,19,1587.0000000000007,19,1587.0000000000007,2opt,notBad
3162,19,1587.0000000000007,19,1587.0000000000007,2opt,notBad
3163,19,1589.7000000000007,19,1587.0000000000007,swap,acceptBad
3164,19,1584.8000000000004,19,1584.8000000000004,move,newBest
3165,19,1584.8000000000004,19,1584.8000000000004,2opt,notBad
3166,19,1584.8000000000004,19,1584.8000000000004,swap,notBad
3167,19,1584.8000000000004,19,1584.8000000000004,move,improve
3168,19,1591.4000000000005,19,1584.8000000000004,swap,acceptBad
3169,19,1591.4000000000005,19,1584.8000000000004,2opt,notBad
3170,19,1591.4000000000005,19,1584.8000000000004,move,improve
3171,19,1591.4000000000005,19,1584.8000000000004,2opt,notBad
3172,19,1591.4000000000005,19,1584.8000000000004,swap,notBad
3173,19,1589.1000000000006,19,1584.8000000000004,move,improve
3174,19,1589.1000000000006,19,1584.8000000000004,move,improve
3175,19,1574.3000000000004,19,1574.3000000000004,move,newBest
3176,19,1574.3000000000004,19,1574.3000000000004,swap,notBad
3177,19,1574.3000000000004,19,1574.3000000000004,move,improve
3178,19,1574.3000000000004,19,1574.3000000000004,2opt,notBad
3179,19,1574.3000000000004,19,1574.3000000000004,move,improve
3180,19,1574.3000000000004,19,1574.3000000000004,2opt,notBad
3181,19,1574.3000000000004,19,1574.3000000000004,swap,notBad
3182,19,1574.3000000000004,19,1574.3000000000004,move,improve
3183,19,1574.3000000000004,19,1574.3000000000004,move,improve
3184,19,1574.3000000000004,19,1574.3000000000004,move,improve
3185,19,1583.5000000000007,19,1574.3000000000004,swap,acceptBad
3186,19,1587.5000000000007,19,1574.3000000000004,swap,acceptBad
3187,19,1587.5000000000007,19,1574.3000000000004,2opt,notBad
3188,19,1587.5000000000007,19,1574.3000000000004,move,improve
3189,19,1587.5000000000007,19,1574.3000000000004,swap,notBad
3190,19,1579.7000000000005,19,1574.3000000000004,move,improve
3191,19,1579.7000000000005,19,1574.3000000000004,2opt,notBad
3192,19,1579.7000000000005,19,1574.3000000000004,swap,notBad
3193,19,1579.7000000000005,19,1574.3000000000004,move,improve
3194,19,1579.7000000000005,19,1574.3000000000004,2opt,notBad
3195,19,1576.4000000000003,19,1574.3000000000004,move,improve
3196,19,1576.4000000000003,19,1574.3000000000004,2opt,notBad
3197,19,1576.4000000000003,19,1574.3000000000004,2opt,notBad
3198,19,1576.4000000000003,19,1574.3000000000004,swap,notBad
3199,19,1576.4000000000003,19,1574.3000000000004,move,improve
3200,19,1569.8000000000004,19,1569.8000000000004,move,newBest
3201,19,1569.8000000000004,19,1569.8000000000004,2opt,notBad
3202,19,1566.0000000000005,19,1566.0000000000005,move,newBest
3203,19,1566.0000000000005,19,1566.0000000000005,2opt,notBad
3204,19,1566.0000000000005,19,1566.0000000000005,2opt,notBad
3205,19,1566.0000000000005,19,1566.0000000000005,move,improve
3206,19,1566.0000000000005,19,1566.0000000000005,2opt,notBad
3207,19,1554.8000000000002,19,1554.8000000000002,move,newBest
3208,19,1554.8000000000002,19,1554.8000000000002,move,improve
3209,19,1554.8000000000002,19,1554.8000000000002,move,improve
3210,19,1557.4000000000003,19,1554.8000000000002,swap,acceptBad
3211,19,1555.9000000000003,19,1554.8000000000002,move,improve
3212,19,1555.9000000000003,19,1554.8000000000002,move,improve
3213,19,1555.9000000000003,19,1554.8000000000002,move,improve
3214,19,1555.9000000000003,19,1554.8000000000002,2opt,notBad
3215,19,1535.4000000000003,19,1535.4000000000003,move,newBest
3216,19,1535.4000000000003,19,1535.4000000000003,move,improve
3217,19,1535.4000000000003,19,1535.4000000000003,2opt,notBad
3218,19,1535.4000000000003,19,1535.4000000000003,move,improve
3219,19,1535.4000000000003,19,1535.4000000000003,swap,notBad
3220,19,1535.4000000000003,19,1535.4000000000003,swap,notBad
3221,19,1535.4000000000003,19,1535.4000000000003,swap,notBad
3222,19,1535.4000000000003,19,1535.4000000000003,swap,notBad
3223,19,1535.4000000000003,19,1535.4000000000003,move,improve
3224,19,1535.4000000000003,19,1535.4000000000003,2opt,improve
3225,19,1520.1000000000004,19,1520.1000000000004,move,newBest
3226,19,1520.1000000000004,19,1520.1000000000004,swap,notBad
3227,19,1520.1000000000004,19,1520.1000000000004,2opt,notBad
3228,19,1529.1000000000004,19,1520.1000000000004,swap,acceptBad
3229,19,1529.1000000000004,19,1520.1000000000004,move,improve
3230,19,1529.1000000000004,19,1520.1000000000004,2opt,notBad
3231,19,1529.1000000000004,19,1520.1000000000004,2opt,notBad
3232,19,1525.4999999999998,19,1520.1000000000004,2opt,improve
3233,19,1525.4999999999998,19,1520.1000000000004,move,improve
3234,19,1517.7999999999997,19,1517.7999999999997,move,newBest
3235,19,1517.7999999999997,19,1517.7999999999997,2opt,notBad
3236,19,1518.4999999999995,19,1517.7999999999997,2opt,acceptBad
3237,19,1518.4999999999995,19,1517.7999999999997,2opt,notBad
3238,19,1518.4999999999995,19,1517.7999999999997,move,improve
3239,19,1517.5999999999997,19,1517.5999999999997,move,newBest
3240,19,1517.5999999999997,19,1517.5999999999997,swap,notBad
3241,19,1517.5999999999997,19,1517.5999999999997,swap,notBad
3242,19,1517.5999999999997,19,1517.5999999999997,2opt,notBad
3243,19,1516.2999999999995,19,1516.2999999999995,move,newBest
3244,19,1517.2999999999997,19,1516.2999999999995,2opt,acceptBad
3245,19,1513.6,19,1513.6,move,newBest
3246,19,1513.6,19,1513.6,2opt,notBad
3247,19,1513.6,19,1513.6,2opt,notBad
3248,19,1513.6,19,1513.6,move,improve
3249,19,1513.6,19,1513.6,swap,notBad
3250,19,1513.6,19,1513.6,move,improve
3251,19,1513.6,19,1513.6,2opt,notBad
3252,19,1513.6,19,1513.6,swap,notBad
3253,19,1513.6,19,1513.6,swap,notBad
3254,19,1513.6,19,1513.6,2opt,improve
3255,19,1513.6,19,1513.6,move,improve
3256,19,1513.6,19,1513.6,move,improve
3257,19,1513.6,19,1513.6,move,improve
3258,19,1513.6,19,1513.6,swap,notBad
3259,19,1513.6,19,1513.6,2opt,notBad
3260,19,1515.2999999999997,19,1513.6,2opt,acceptBad
3261,19,1515.2999999999997,19,1513.6,2opt,notBad
3262,19,1515.2999999999997,19,1513.6,2opt,notBad
3263,19,1515.2999999999997,19,1513.6,swap,notBad
3264,19,1515.2999999999997,19,1513.6,move,improve
3265,19,1515.2999999999997,19,1513.6,move,improve
3266,19,1515.2999999999997,19,1513.6,2opt,notBad
3267,19,1515.2999999999997,19,1513.6,move,improve
3268,19,1515.2999999999997,19,1513.6,swap,notBad
3269,19,1515.2999999999997,19,1513.6,2opt,notBad
3270,19,1515.2999999999997,19,1513.6,2opt,improve
3271,19,1515.2999999999997,19,1513.6,swap,notBad
3272,19,1515.2999999999997,19,1513.6,2opt,notBad
3273,19,1515.2999999999997,19,1513.6,swap,notBad
3274,19,1515.2999999999997,19,1513.6,swap,notBad
3275,19,1515.2999999999997,19,1513.6,move,improve
3276,19,1515.2999999999997,19,1513.6,2opt,notBad
3277,19,1515.2999999999997,19,1513.6,2opt,notBad
3278,19,1515.2999999999997,19,1513.6,move,improve
3279,19,1512.8999999999996,19,1512.8999999999996,swap,newBest
3280,19,1512.8999999999996,19,1512.8999999999996,move,improve
3281,19,1512.8999999999996,19,1512.8999999999996,2opt,notBad
3282,19,1524.6,19,1512.8999999999996,swap,acceptBad
3283,19,1524.6,19,1512.8999999999996,swap,notBad
3284,19,1524.6,19,1512.8999999999996,swap,notBad
3285,19,1524.6,19,1512.8999999999996,2opt,notBad
3286,19,1521.9999999999998,19,1512.8999999999996,move,improve
3287,19,1521.9999999999998,19,1512.8999999999996,move,improve
3288,19,1521.9999999999998,19,1512.8999999999996,swap,notBad
3289,19,1521.9999999999998,19,1512.8999999999996,move,improve
3290,19,1521.9999999999998,19,1512.8999999999996,2opt,improve
3291,19,1521.9999999999998,19,1512.8999999999996,2opt,notBad
3292,19,1521.9999999999998,19,1512.8999999999996,move,improve
3293,19,1505.1999999999998,19,1505.1999999999998,swap,newBest
3294,19,1505.1999999999998,19,1505.1999999999998,move,improve
3295,19,1505.1999999999998,19,1505.1999999999998,2opt,notBad
3296,19,1505.1999999999998,19,1505.1999999999998,2opt,notBad
3297,19,1505.1999999999998,19,1505.1999999999998,2opt,notBad
3298,19,1510.0999999999997,19,1505.1999999999998,swap,acceptBad
3299,19,1510.0999999999997,19,1505.1999999999998,2opt,notBad
3300,19,1508.5999999999997,19,1505.1999999999998,move,improve
3301,19,1508.5999999999997,19,1505.1999999999998,2opt,notBad
3302,19,1508.5999999999997,19,1505.1999999999998,swap,notBad
3303,19,1504.3999999999996,19,1504.3999999999996,move,newBest
3304,19,1504.3999999999996,19,1504.3999999999996,2opt,notBad
3305,18,1490.5999999999997,18,1490.5999999999997,move,newBest
3306,18,1490.5999999999997,18,1490.5999999999997,2opt,notBad
3307,18,1490.5999999999997,18,1490.5999999999997,swap,notBad
3308,18,1490.5999999999997,18,1490.5999999999997,swap,notBad
3309,18,1497.6,18,1490.5999999999997,swap,acceptBad
3310,18,1492.7,18,1490.5999999999997,move,improve
3311,18,1492.7,18,1490.5999999999997,2opt,notBad
3312,18,1492.7,18,1490.5999999999997,move,improve
3313,18,1489.3,18,1489.3,move,newBest
3314,18,1489.3,18,1489.3,swap,notBad
3315,18,1489.3,18,1489.3,swap,notBad
3316,18,1489.3,18,1489.3,2opt,notBad
3317,18,1493.8,18,1489.3,swap,acceptBad
3318,18,1493.8,18,1489.3,move,improve
3319,18,1493.8,18,1489.3,swap,notBad
3320,18,1493.8,18,1489.3,swap,notBad
3321,18,1496.0,18,1489.3,swap,acceptBad
3322,18,1496.0,18,1489.3,swap,notBad
3323,18,1500.5,18,1489.3,swap,acceptBad
3324,18,1500.5,18,1489.3,2opt,notBad
3325,18,1500.5,18,1489.3,2opt,notBad
3326,18,1500.5,18,1489.3,move,improve
3327,18,1500.5,18,1489.3,2opt,notBad
3328,18,1492.7,18,1489.3,move,improve
3329,18,1492.7,18,1489.3,2opt,notBad
3330,18,1492.7,18,1489.3,move,improve
3331,18,1494.0000000000002,18,1489.3,2opt,acceptBad
3332,18,1494.0000000000002,18,1489.3,swap,notBad
3333,18,1494.0000000000002,18,1489.3,2opt,improve
3334,18,1494.0000000000002,18,1489.3,swap,notBad
3335,18,1493.8000000000002,18,1489.3,swap,improve
3336,18,1493.8000000000002,18,1489.3,2opt,improve
3337,18,1493.8000000000002,18,1489.3,swap,notBad
3338,18,1493.8000000000002,18,1489.3,move,improve
3339,18,1493.1000000000001,18,1489.3,move,improve
3340,18,1498.7,18,1489.3,swap,acceptBad
3341,18,1501.5,18,1489.3,swap,acceptBad
3342,18,1501.5,18,1489.3,2opt,notBad
3343,18,1501.5,18,1489.3,move,improve
3344,18,1501.5,18,1489.3,2opt,improve
3345,18,1501.5,18,1489.3,move,improve
3346,18,1498.1,18,1489.3,move,improve
3347,18,1498.1,18,1489.3,move,improve
3348,18,1498.1,18,1489.3,2opt,notBad
3349,18,1498.1,18,1489.3,move,improve
3350,18,1481.7,18,1481.7,move,newBest
3351,18,1482.1,18,1481.7,swap,acceptBad
3352,18,1482.1,18,1481.7,2opt,notBad
3353,18,1482.1,18,1481.7,2opt,notBad
3354,18,1482.1,18,1481.7,move,improve
3355,18,1482.1,18,1481.7,move,improve
3356,18,1487.5,18,1481.7,swap,acceptBad
3357,18,1487.5,18,1481.7,2opt,notBad
3358,18,1487.5,18,1481.7,2opt,notBad
3359,18,1487.5,18,1481.7,swap,notBad
3360,18,1483.3999999999999,18,1481.7,move,improve
3361,18,1483.0999999999997,18,1481.7,2opt,improve
3362,18,1485.6999999999998,18,1481.7,swap,acceptBad
3363,18,1478.4999999999998,18,1478.4999999999998,move,newBest
3364,18,1478.4999999999998,18,1478.4999999999998,2opt,notBad
3365,18,1478.4999999999998,18,1478.4999999999998,2opt,improve
3366,18,1478.4999999999998,18,1478.4999999999998,swap,notBad
3367,18,1478.4999999999998,18,1478.4999999999998,2opt,notBad
3368,18,1461.4999999999995,18,1461.4999999999995,move,newBest
3369,18,1470.0999999999997,18,1461.4999999999995,swap,acceptBad
3370,18,1470.0999999999997,18,1461.4999999999995,move,improve
3371,18,1472.8999999999996,18,1461.4999999999995,swap,acceptBad
3372,18,1472.8999999999996,18,1461.4999999999995,2opt,notBad
3373,18,1472.8999999999996,18,1461.4999999999995,2opt,notBad
3374,18,1472.8999999999996,18,1461.4999999999995,2opt,improve
3375,18,1472.8999999999996,18,1461.4999999999995,swap,notBad
3376,18,1472.8999999999996,18,1461.4999999999995,swap,notBad
3377,18,1472.8999999999996,18,1461.4999999999995,move,improve
3378,18,1472.8999999999996,18,1461.4999999999995,move,improve
3379,18,1472.8999999999996,18,1461.4999999999995,2opt,notBad
3380,18,1472.8999999999996,18,1461.4999999999995,swap,notBad
3381,18,1481.7999999999997,18,1461.4999999999995,swap,acceptBad
3382,18,1489.3999999999999,18,1461.4999999999995,swap,acceptBad
3383,18,1489.3999999999999,18,1461.4999999999995,swap,notBad
3384,18,1489.3999999999999,18,1461.4999999999995,2opt,notBad
3385,18,1489.3999999999999,18,1461.4999999999995,move,improve
3386,18,1489.3999999999999,18,1461.4999999999995,move,improve
3387,18,1489.3999999999999,18,1461.4999999999995,move,improve
3388,18,1462.6999999999996,18,1461.4999999999995,move,improve
3389,18,1462.6999999999996,18,1461.4999999999995,swap,notBad
3390,18,1462.6999999999996,18,1461.4999999999995,2opt,notBad
3391,18,1458.4999999999998,18,1458.4999999999998,move,newBest
3392,18,1458.4999999999998,18,1458.4999999999998,swap,notBad
3393,18,1458.4999999999998,18,1458.4999999999998,2opt,notBad
3394,18,1458.4999999999998,18,1458.4999999999998,move,improve
3395,18,1459.5999999999997,18,1458.4999999999998,swap,acceptBad
3396,18,1459.5999999999997,18,1458.4999999999998,2opt,notBad
3397,18,1459.5999999999997,18,1458.4999999999998,2opt,notBad
3398,18,1459.5999999999997,18,1458.4999999999998,2opt,notBad
3399,18,1456.9999999999995,18,1456.9999999999995,move,newBest
3400,18,1456.9999999999995,18,1456.9999999999995,swap,notBad
3401,18,1456.9999999999995,18,1456.9999999999995,2opt,notBad
3402,18,1456.9999999999995,18,1456.9999999999995,2opt,notBad
3403,18,1456.9999999999995,18,1456.9999999999995,swap,notBad
3404,18,1456.9999999999995,18,1456.9999999999995,swap,notBad
3405,18,1456.9999999999995,18,1456.9999999999995,2opt,notBad
3406,18,1455.9999999999998,18,1455.9999999999998,swap,newBest
3407,18,1455.9999999999998,18,1455.9999999999998,swap,notBad
3408,18,1455.9999999999998,18,1455.9999999999998,2opt,improve
3409,18,1455.9999999999998,18,1455.9999999999998,2opt,notBad
3410,18,1455.9999999999998,18,1455.9999999999998,move,improve
3411,18,1455.9999999999998,18,1455.9999999999998,move,improve
3412,18,1455.9999999999998,18,1455.9999999999998,move,improve
3413,18,1455.9999999999998,18,1455.9999999999998,swap,notBad
3414,18,1455.9999999999998,18,1455.9999999999998,swap,notBad
3415,18,1455.9999999999998,18,1455.9999999999998,swap,notBad
3416,18,1455.9999999999998,18,1455.9999999999998,move,improve
3417,18,1455.9999999999998,18,1455.9999999999998,swap,notBad
3418,18,1455.9999999999998,18,1455.9999999999998,swap,notBad
3419,18,1455.9999999999998,18,1455.9999999999998,move,improve
3420,18,1455.9999999999998,18,1455.9999999999998,swap,notBad
3421,18,1455.9999999999998,18,1455.9999999999998,move,improve
3422,18,1455.9999999999998,18,1455.9999999999998,move,improve
3423,18,1455.9999999999998,18,1455.9999999999998,move,improve
3424,18,1455.9999999999998,18,1455.9999999999998,2opt,notBad
3425,18,1454.9999999999998,18,1454.9999999999998,swap,newBest
3426,18,1455.6999999999998,18,1454.9999999999998,swap,acceptBad
3427,18,1455.6999999999998,18,1454.9999999999998,2opt,notBad
3428,18,1455.6999999999998,18,1454.9999999999998,move,improve
3429,18,1455.6999999999998,18,1454.9999999999998,swap,notBad
3430,18,1455.6999999999998,18,1454.9999999999998,move,improve
3431,18,1455.6999999999998,18,1454.9999999999998,2opt,notBad
3432,18,1455.6999999999998,18,1454.9999999999998,move,improve
3433,18,1461.5,18,1454.9999999999998,swap,acceptBad
3434,18,1461.5,18,1454.9999999999998,2opt,notBad
3435,18,1461.2999999999997,18,1454.9999999999998,swap,improve
3436,18,1458.4999999999998,18,1454.9999999999998,swap,improve
3437,18,1458.4999999999998,18,1454.9999999999998,move,improve
3438,18,1458.4999999999998,18,1454.9999999999998,move,improve
3439,18,1458.4999999999998,18,1454.9999999999998,2opt,improve
3440,18,1458.4999999999998,18,1454.9999999999998,2opt,improve
3441,18,1453.1,18,1453.1,swap,newBest
3442,18,1453.1,18,1453.1,2opt,improve
3443,18,1453.1,18,1453.1,2opt,notBad
3444,18,1453.1,18,1453.1,move,improve
3445,18,1453.1,18,1453.1,swap,notBad
3446,18,1453.1,18,1453.1,move,improve
3447,18,1453.1,18,1453.1,2opt,notBad
3448,18,1453.1,18,1453.1,swap,notBad
3449,18,1452.4999999999998,18,1452.4999999999998,swap,newBest
3450,18,1452.4999999999998,18,1452.4999999999998,move,improve
3451,18,1452.4999999999998,18,1452.4999999999998,swap,notBad
3452,18,1452.4999999999998,18,1452.4999999999998,2opt,notBad
3453,18,1452.4999999999998,18,1452.4999999999998,swap,notBad
3454,18,1452.4999999999998,18,1452.4999999999998,2opt,notBad
3455,18,1452.4999999999998,18,1452.4999999999998,move,improve
3456,18,1452.4999999999998,18,1452.4999999999998,swap,notBad
3457,18,1452.4999999999998,18,1452.4999999999998,swap,notBad
3458,18,1462.0000000000002,18,1452.4999999999998,swap,acceptBad
3459,18,1462.0000000000002,18,1452.4999999999998,swap,notBad
3460,18,1462.0000000000002,18,1452.4999999999998,move,improve
3461,18,1461.1,18,1452.4999999999998,move,improve
3462,18,1461.1,18,1452.4999999999998,2opt,notBad
3463,18,1452.3999999999996,18,1452.3999999999996,move,newBest
3464,18,1452.3999999999996,18,1452.3999999999996,swap,notBad
3465,18,1452.3999999999996,18,1452.3999999999996,move,improve
3466,18,1452.3999999999996,18,1452.3999999999996,move,improve
3467,18,1452.3999999999996,18,1452.3999999999996,swap,notBad
3468,18,1452.3999999999996,18,1452.3999999999996,2opt,notBad
3469,18,1452.1999999999998,18,1452.1999999999998,move,newBest
3470,18,1452.1999999999998,18,1452.1999999999998,2opt,notBad
3471,18,1452.1999999999998,18,1452.1999999999998,swap,notBad
3472,18,1452.1999999999998,18,1452.1999999999998,2opt,notBad
3473,18,1452.1999999999998,18,1452.1999999999998,swap,notBad
3474,18,1452.1999999999998,18,1452.1999999999998,swap,notBad
3475,18,1452.1999999999998,18,1452.1999999999998,swap,notBad
3476,18,1452.1999999999998,18,1452.1999999999998,2opt,notBad
3477,18,1454.8999999999996,18,1452.1999999999998,2opt,acceptBad
3478,18,1454.8999999999996,18,1452.1999999999998,2opt,notBad
3479,18,1454.6999999999996,18,1452.1999999999998,move,improve
3480,18,1454.6999999999996,18,1452.1999999999998,move,improve
3481,18,1454.6999999999996,18,1452.1999999999998,2opt,notBad
3482,18,1454.6999999999996,18,1452.1999999999998,2opt,notBad
3483,18,1454.6999999999996,18,1452.1999999999998,move,improve
3484,18,1454.6999999999996,18,1452.1999999999998,swap,notBad
3485,18,1454.6999999999996,18,1452.1999999999998,move,improve
3486,18,1454.6999999999996,18,1452.1999999999998,move,improve
3487,18,1454.6999999999996,18,1452.1999999999998,2opt,notBad
3488,18,1454.6999999999996,18,1452.1999999999998,2opt,notBad
3489,18,1454.6999999999996,18,1452.1999999999998,move,improve
3490,18,1454.6999999999996,18,1452.1999999999998,swap,notBad
3491,18,1451.3999999999999,18,1451.3999999999999,move,newBest
3492,18,1451.3999999999999,18,1451.3999999999999,2opt,notBad
3493,18,1451.3999999999999,18,1451.3999999999999,move,improve
3494,18,1451.3999999999999,18,1451.3999999999999,swap,notBad
3495,18,1451.3999999999999,18,1451.3999999999999,swap,notBad
3496,18,1451.3999999999999,18,1451.3999999999999,move,improve
3497,18,1451.3999999999999,18,1451.3999999999999,swap,notBad
3498,18,1451.3999999999999,18,1451.3999999999999,2opt,notBad
3499,18,1450.9000000000005,18,1450.9000000000005,2opt,newBest
3500,18,1450.9000000000005,18,1450.9000000000005,2opt,notBad
3501,18,1450.9000000000005,18,1450.9000000000005,move,improve
3502,18,1450.9000000000005,18,1450.9000000000005,2opt,notBad
3503,18,1450.9000000000005,18,1450.9000000000005,move,improve
3504,18,1450.9000000000005,18,1450.9000000000005,swap,notBad
3505,18,1450.9000000000005,18,1450.9000000000005,2opt,notBad
3506,18,1456.3000000000004,18,1450.9000000000005,swap,acceptBad
3507,18,1456.3000000000004,18,1450.9000000000005,2opt,notBad
3508,18,1456.3000000000004,18,1450.9000000000005,2opt,improve
3509,18,1464.7000000000005,18,1450.9000000000005,swap,acceptBad
3510,18,1464.7000000000005,18,1450.9000000000005,2opt,notBad
3511,18,1464.7000000000005,18,1450.9000000000005,2opt,notBad
3512,18,1464.7000000000005,18,1450.9000000000005,swap,notBad
3513,18,1464.7000000000005,18,1450.9000000000005,2opt,notBad
3514,18,1464.7000000000005,18,1450.9000000000005,2opt,improve
3515,18,1464.7000000000005,18,1450.9000000000005,move,improve
3516,18,1464.7000000000005,18,1450.9000000000005,move,improve
3517,18,1464.7000000000005,18,1450.9000000000005,2opt,notBad
3518,18,1464.7000000000005,18,1450.9000000000005,swap,notBad
3519,18,1464.7000000000005,18,1450.9000000000005,2opt,notBad
3520,18,1464.7000000000005,18,1450.9000000000005,move,improve
3521,18,1464.7000000000005,18,1450.9000000000005,swap,notBad
3522,18,1464.7000000000005,18,1450.9000000000005,swap,notBad
3523,18,1455.2000000000003,18,1450.9000000000005,swap,improve
3524,18,1455.2000000000003,18,1450.9000000000005,swap,notBad
3525,18,1455.2000000000003,18,1450.9000000000005,2opt,notBad
3526,18,1455.2,18,1450.9000000000005,move,improve
3527,18,1455.2,18,1450.9000000000005,2opt,improve
3528,18,1455.2,18,1450.9000000000005,move,improve
3529,18,1455.2,18,1450.9000000000005,2opt,improve
3530,18,1451.1000000000001,18,1450.9000000000005,move,improve
3531,18,1451.1000000000001,18,1450.9000000000005,swap,notBad
3532,18,1451.1000000000001,18,1450.9000000000005,2opt,notBad
3533,18,1444.3000000000002,18,1444.3000000000002,move,newBest
3534,18,1444.3000000000002,18,1444.3000000000002,swap,notBad
3535,18,1444.3000000000002,18,1444.3000000000002,2opt,notBad
3536,18,1444.3000000000002,18,1444.3000000000002,swap,notBad
3537,18,1444.3000000000002,18,1444.3000000000002,2opt,notBad
3538,18,1445.1000000000001,18,1444.3000000000002,swap,acceptBad
3539,18,1445.1000000000001,18,1444.3000000000002,2opt,notBad
3540,18,1445.1000000000001,18,1444.3000000000002,swap,notBad
3541,18,1445.1000000000001,18,1444.3000000000002,2opt,notBad
3542,18,1445.1000000000001,18,1444.3000000000002,move,improve
3543,18,1445.1000000000001,18,1444.3000000000002,2opt,improve
3544,18,1445.1000000000001,18,1444.3000000000002,swap,notBad
3545,18,1445.1000000000001,18,1444.3000000000002,2opt,notBad
3546,18,1445.1000000000001,18,1444.3000000000002,move,improve
3547,18,1444.1000000000001,18,1444.1000000000001,move,newBest
3548,18,1444.1000000000001,18,1444.1000000000001,move,improve
3549,18,1444.1000000000001,18,1444.1000000000001,2opt,notBad
3550,18,1444.1000000000001,18,1444.1000000000001,2opt,notBad
3551,18,1444.1000000000001,18,1444.1000000000001,swap,notBad
3552,18,1444.1000000000001,18,1444.1000000000001,swap,notBad
3553,18,1444.1000000000001,18,1444.1000000000001,move,improve
3554,18,1439.7,18,1439.7,swap,newBest
3555,18,1439.7,18,1439.7,swap,notBad
3556,18,1439.7,18,1439.7,2opt,notBad
3557,18,1439.7,18,1439.7,move,improve
3558,18,1438.6000000000001,18,1438.6000000000001,move,newBest
3559,18,1438.6000000000001,18,1438.6000000000001,swap,notBad
3560,18,1438.6000000000001,18,1438.6000000000001,swap,notBad
3561,18,1438.6000000000001,18,1438.6000000000001,move,improve
3562,18,1438.6000000000001,18,1438.6000000000001,swap,notBad
3563,18,1438.2,18,1438.2,move,newBest
3564,18,1438.2,18,1438.2,move,improve
3565,18,1438.2,18,1438.2,2opt,notBad
3566,18,1438.2,18,1438.2,swap,notBad
3567,18,1441.5000000000002,18,1438.2,swap,acceptBad
3568,18,1440.4000000000003,18,1438.2,move,improve
3569,18,1440.4000000000003,18,1438.2,move,improve
3570,18,1440.4000000000003,18,1438.2,swap,notBad
3571,18,1440.4000000000003,18,1438.2,move,improve
3572,18,1440.4000000000003,18,1438.2,move,improve
3573,18,1440.4000000000003,18,1438.2,swap,notBad
3574,18,1440.4000000000003,18,1438.2,swap,notBad
3575,18,1440.4000000000003,18,1438.2,swap,notBad
3576,18,1440.4000000000003,18,1438.2,2opt,notBad
3577,18,1440.4000000000003,18,1438.2,move,improve
3578,18,1440.4000000000003,18,1438.2,move,improve
3579,18,1440.4000000000003,18,1438.2,2opt,notBad
3580,18,1440.4000000000003,18,1438.2,move,improve
3581,18,1440.4000000000003,18,1438.2,swap,notBad
3582,18,1440.4000000000003,18,1438.2,swap,notBad
3583,18,1440.4000000000003,18,1438.2,swap,notBad
3584,18,1440.4000000000003,18,1438.2,2opt,improve
3585,18,1440.4000000000003,18,1438.2,move,improve
3586,18,1440.4000000000003,18,1438.2,move,improve
3587,18,1440.4000000000003,18,1438.2,2opt,notBad
3588,18,1440.4000000000003,18,1438.2,move,improve
3589,18,1440.4000000000003,18,1438.2,swap,notBad
3590,18,1440.4000000000003,18,1438.2,move,improve
3591,18,1440.4000000000003,18,1438.2,2opt,notBad
3592,18,1440.4000000000003,18,1438.2,swap,notBad
3593,18,1440.4000000000003,18,1438.2,2opt,notBad
3594,18,1439.5000000000005,18,1438.2,move,improve
3595,18,1439.5000000000005,18,1438.2,move,improve
3596,18,1439.5000000000005,18,1438.2,2opt,notBad
3597,18,1439.5000000000005,18,1438.2,move,improve
3598,18,1439.5000000000005,18,1438.2,swap,notBad
3599,18,1439.5000000000005,18,1438.2,2opt,notBad
3600,18,1439.5000000000005,18,1438.2,2opt,notBad
3601,18,1436.8000000000002,18,1436.8000000000002,2opt,newBest
3602,18,1436.8000000000002,18,1436.8000000000002,move,improve
3603,18,1436.8000000000002,18,1436.8000000000002,2opt,notBad
3604,18,1430.6000000000001,18,1430.6000000000001,move,newBest
3605,18,1430.6000000000001,18,1430.6000000000001,swap,notBad
3606,18,1430.6000000000001,18,1430.6000000000001,move,improve
3607,18,1430.6000000000001,18,1430.6000000000001,2opt,notBad
3608,18,1430.6000000000001,18,1430.6000000000001,swap,notBad
3609,18,1431.5,18,1430.6000000000001,move,acceptBad
3610,18,1431.4,18,1430.6000000000001,move,improve
3611,18,1430.5,18,1430.5,swap,newBest
3612,18,1427.3000000000002,18,1427.3000000000002,move,newBest
3613,18,1427.3000000000002,18,1427.3000000000002,move,improve
3614,18,1427.3000000000002,18,1427.3000000000002,move,improve
3615,18,1427.3000000000002,18,1427.3000000000002,2opt,notBad
3616,18,1427.3000000000002,18,1427.3000000000002,2opt,notBad
3617,18,1427.3000000000002,18,1427.3000000000002,swap,notBad
3618,18,1427.3000000000002,18,1427.3000000000002,swap,notBad
3619,18,1427.3000000000002,18,1427.3000000000002,2opt,notBad
3620,18,1427.3000000000002,18,1427.3000000000002,2opt,notBad
3621,18,1427.3000000000002,18,1427.3000000000002,move,improve
3622,18,1427.3000000000002,18,1427.3000000000002,move,improve
3623,18,1427.3000000000002,18,1427.3000000000002,move,improve
3624,18,1427.3000000000002,18,1427.3000000000002,swap,notBad
3625,18,1427.3000000000002,18,1427.3000000000002,swap,notBad
3626,18,1427.3000000000002,18,1427.3000000000002,2opt,notBad
3627,18,1427.1000000000001,18,1427.1000000000001,move,newBest
3628,18,1427.1000000000001,18,1427.1000000000001,move,improve
3629,18,1427.1000000000001,18,1427.1000000000001,2opt,notBad
3630,18,1423.1000000000001,18,1423.1000000000001,move,newBest
3631,18,1423.1000000000001,18,1423.1000000000001,2opt,notBad
3632,18,1423.1000000000001,18,1423.1000000000001,2opt,notBad
3633,18,1423.1000000000001,18,1423.1000000000001,2opt,notBad
3634,18,1423.1000000000001,18,1423.1000000000001,swap,notBad
3635,18,1423.1000000000001,18,1423.1000000000001,move,improve
3636,18,1423.1000000000001,18,1423.1000000000001,2opt,notBad
3637,18,1423.1000000000001,18,1423.1000000000001,swap,notBad
3638,18,1423.1000000000001,18,1423.1000000000001,2opt,notBad
3639,18,1423.1000000000001,18,1423.1000000000001,swap,notBad
3640,18,1423.1000000000001,18,1423.1000000000001,move,improve
3641,18,1423.1000000000001,18,1423.1000000000001,2opt,notBad
3642,18,1423.1000000000001,18,1423.1000000000001,2opt,notBad
3643,18,1423.1000000000001,18,1423.1000000000001,2opt,notBad
3644,18,1423.1000000000001,18,1423.1000000000001,2opt,notBad
3645,18,1423.1000000000001,18,1423.1000000000001,move,improve
3646,18,1423.1000000000001,18,1423.1000000000001,move,improve
3647,18,1423.1000000000001,18,1423.1000000000001,move,improve
3648,18,1423.1000000000001,18,1423.1000000000001,2opt,notBad
3649,18,1423.1000000000001,18,1423.1000000000001,2opt,notBad
3650,18,1415.3999999999999,18,1415.3999999999999,swap,newBest
3651,18,1415.3999999999999,18,1415.3999999999999,swap,notBad
3652,18,1415.3999999999999,18,1415.3999999999999,2opt,notBad
3653,18,1415.3999999999999,18,1415.3999999999999,move,improve
3654,18,1415.3999999999999,18,1415.3999999999999,swap,notBad
3655,18,1415.3999999999999,18,1415.3999999999999,swap,notBad
3656,18,1413.6999999999998,18,1413.6999999999998,move,newBest
3657,18,1413.6999999999998,18,1413.6999999999998,swap,notBad
3658,18,1413.6999999999998,18,1413.6999999999998,move,improve
3659,18,1413.6999999999998,18,1413.6999999999998,move,improve
3660,18,1413.6000000000001,18,1413.6000000000001,move,newBest
3661,18,1413.6000000000001,18,1413.6000000000001,2opt,notBad
3662,18,1413.6000000000001,18,1413.6000000000001,2opt,improve
3663,18,1413.6000000000001,18,1413.6000000000001,swap,notBad
3664,18,1413.0,18,1413.0,swap,newBest
3665,18,1413.0,18,1413.0,2opt,notBad
3666,18,1413.0,18,1413.0,swap,notBad
3667,18,1413.0,18,1413.0,move,improve
3668,18,1413.0,18,1413.0,swap,notBad
3669,18,1413.0,18,1413.0,2opt,notBad
3670,18,1413.0,18,1413.0,2opt,notBad
3671,18,1413.0,18,1413.0,2opt,notBad
3672,18,1413.0,18,1413.0,2opt,notBad
3673,18,1419.8,18,1413.0,move,acceptBad
3674,18,1419.8,18,1413.0,move,improve
3675,18,1419.8,18,1413.0,swap,notBad
3676,18,1419.8,18,1413.0,move,improve
3677,18,1419.8,18,1413.0,move,improve
3678,18,1419.8,18,1413.0,move,improve
3679,18,1419.8,18,1413.0,swap,notBad
3680,18,1419.8,18,1413.0,swap,notBad
3681,18,1418.6000000000001,18,1413.0,move,improve
3682,18,1417.7,18,1413.0,move,improve
3683,18,1417.7,18,1413.0,move,improve
3684,18,1417.7,18,1413.0,move,improve
3685,18,1417.7,18,1413.0,2opt,notBad
3686,18,1417.7,18,1413.0,swap,notBad
3687,18,1417.7,18,1413.0,move,improve
3688,18,1417.7,18,1413.0,move,improve
3689,18,1417.7,18,1413.0,move,improve
3690,18,1417.7,18,1413.0,move,improve
3691,18,1417.7,18,1413.0,swap,notBad
3692,18,1417.7,18,1413.0,swap,notBad
3693,18,1420.1000000000001,18,1413.0,swap,acceptBad
3694,18,1420.1000000000001,18,1413.0,move,improve
3695,18,1410.8,18,1410.8,move,newBest
3696,18,1410.8,18,1410.8,swap,notBad
3697,18,1410.8,18,1410.8,2opt,notBad
3698,18,1410.8,18,1410.8,move,improve
3699,18,1410.8,18,1410.8,move,improve
3700,18,1410.8,18,1410.8,move,improve
3701,18,1410.8,18,1410.8,2opt,notBad
3702,18,1418.3999999999999,18,1410.8,swap,acceptBad
3703,18,1418.3999999999999,18,1410.8,2opt,notBad
3704,18,1418.3999999999999,18,1410.8,move,improve
3705,18,1418.3999999999999,18,1410.8,2opt,notBad
3706,18,1418.3999999999999,18,1410.8,2opt,notBad
3707,18,1416.3,18,1410.8,move,improve
3708,18,1416.3,18,1410.8,move,improve
3709,18,1416.3,18,1410.8,swap,notBad
3710,18,1416.3,18,1410.8,2opt,notBad
3711,18,1416.3,18,1410.8,move,improve
3712,18,1416.3,18,1410.8,swap,notBad
3713,18,1414.3,18,1410.8,move,improve
3714,18,1414.3,18,1410.8,move,improve
3715,18,1414.3,18,1410.8,swap,notBad
3716,18,1414.3,18,1410.8,swap,notBad
3717,18,1414.3,18,1410.8,2opt,improve
3718,18,1416.899999999999,18,1410.8,2opt,acceptBad
3719,18,1416.899999999999,18,1410.8,2opt,notBad
3720,18,1416.899999999999,18,1410.8,2opt,notBad
3721,18,1417.7999999999988,18,1410.8,swap,acceptBad
3722,18,1417.7999999999988,18,1410.8,swap,notBad
3723,18,1417.7999999999988,18,1410.8,swap,notBad
3724,18,1417.7999999999988,18,1410.8,swap,notBad
3725,18,1417.7999999999988,18,1410.8,swap,notBad
3726,18,1417.7999999999988,18,1410.8,move,improve
3727,18,1417.7999999999988,18,1410.8,swap,notBad
3728,18,1417.7999999999988,18,1410.8,move,improve
3729,18,1417.4999999999989,18,1410.8,move,improve
3730,18,1417.4999999999989,18,1410.8,2opt,notBad
3731,18,1417.4999999999989,18,1410.8,move,improve
3732,18,1417.4999999999989,18,1410.8,swap,notBad
3733,18,1417.4999999999989,18,1410.8,move,improve
3734,18,1417.4999999999989,18,1410.8,move,improve
3735,18,1417.4999999999989,18,1410.8,swap,notBad
3736,18,1417.4999999999989,18,1410.8,move,improve
3737,18,1417.4999999999989,18,1410.8,move,improve
3738,18,1417.4999999999989,18,1410.8,move,improve
3739,18,1417.4999999999989,18,1410.8,move,improve
3740,18,1417.4999999999989,18,1410.8,2opt,notBad
3741,18,1417.4999999999989,18,1410.8,move,improve
3742,18,1417.4999999999989,18,1410.8,2opt,notBad
3743,18,1417.4999999999989,18,1410.8,swap,notBad
3744,18,1417.4999999999989,18,1410.8,move,improve
3745,18,1417.4999999999989,18,1410.8,swap,notBad
3746,18,1417.4999999999989,18,1410.8,move,improve
3747,18,1417.4999999999989,18,1410.8,2opt,notBad
3748,18,1417.4999999999989,18,1410.8,2opt,notBad
3749,18,1417.4999999999989,18,1410.8,move,improve
3750,18,1417.4999999999989,18,1410.8,move,improve
3751,18,1417.4999999999989,18,1410.8,move,improve
3752,18,1417.4999999999989,18,1410.8,2opt,notBad
3753,18,1417.4999999999989,18,1410.8,move,improve
3754,18,1417.4999999999989,18,1410.8,2opt,notBad
3755,18,1417.4999999999989,18,1410.8,2opt,notBad
3756,18,1417.4999999999989,18,1410.8,2opt,notBad
3757,18,1417.4999999999989,18,1410.8,2opt,notBad
3758,18,1417.4999999999989,18,1410.8,2opt,notBad
3759,18,1421.5999999999988,18,1410.8,swap,acceptBad
3760,18,1421.5999999999988,18,1410.8,2opt,notBad
3761,18,1421.5999999999988,18,1410.8,move,improve
3762,18,1420.2999999999986,18,1410.8,move,improve
3763,18,1420.2999999999986,18,1410.8,swap,notBad
3764,18,1419.3999999999987,18,1410.8,move,improve
3765,18,1419.3999999999987,18,1410.8,2opt,notBad
3766,18,1420.199999999999,18,1410.8,swap,acceptBad
3767,18,1420.199999999999,18,1410.8,move,improve
3768,18,1420.199999999999,18,1410.8,2opt,notBad
3769,18,1420.199999999999,18,1410.8,swap,notBad
3770,18,1420.199999999999,18,1410.8,swap,notBad
3771,18,1420.199999999999,18,1410.8,2opt,notBad
3772,18,1420.199999999999,18,1410.8,swap,notBad
3773,18,1420.199999999999,18,1410.8,2opt,notBad
3774,18,1426.699999999999,18,1410.8,swap,acceptBad
3775,18,1426.699999999999,18,1410.8,2opt,notBad
3776,18,1426.899999999999,18,1410.8,swap,acceptBad
3777,18,1426.899999999999,18,1410.8,swap,notBad
3778,18,1426.899999999999,18,1410.8,move,improve
3779,18,1426.899999999999,18,1410.8,move,improve
3780,18,1426.899999999999,18,1410.8,swap,notBad
3781,18,1426.899999999999,18,1410.8,swap,notBad
3782,18,1426.899999999999,18,1410.8,swap,notBad
3783,18,1426.899999999999,18,1410.8,move,improve
3784,18,1410.299999999999,18,1410.299999999999,move,newBest
3785,18,1410.299999999999,18,1410.299999999999,2opt,notBad
3786,18,1410.299999999999,18,1410.299999999999,2opt,notBad
3787,18,1410.299999999999,18,1410.299999999999,swap,notBad
3788,18,1410.299999999999,18,1410.299999999999,2opt,notBad
3789,18,1410.299999999999,18,1410.299999999999,swap,notBad
3790,18,1410.299999999999,18,1410.299999999999,move,improve
3791,18,1410.299999999999,18,1410.299999999999,2opt,notBad
3792,18,1410.299999999999,18,1410.299999999999,swap,notBad
3793,18,1410.299999999999,18,1410.299999999999,2opt,notBad
3794,18,1410.299999999999,18,1410.299999999999,move,improve
3795,18,1410.299999999999,18,1410.299999999999,2opt,notBad
3796,18,1410.2999999999988,18,1410.2999999999988,2opt,newBest
3797,18,1418.299999999999,18,1410.2999999999988,swap,acceptBad
3798,18,1418.299999999999,18,1410.2999999999988,move,improve
3799,18,1418.299999999999,18,1410.2999999999988,swap,notBad
3800,18,1418.299999999999,18,1410.2999999999988,2opt,notBad
3801,18,1418.299999999999,18,1410.2999999999988,2opt,notBad
3802,18,1418.299999999999,18,1410.2999999999988,move,improve
3803,18,1417.4999999999989,18,1410.2999999999988,move,improve
3804,18,1417.4999999999989,18,1410.2999999999988,swap,notBad
3805,18,1417.4999999999989,18,1410.2999999999988,move,improve
3806,18,1421.2999999999988,18,1410.2999999999988,swap,acceptBad
3807,18,1421.2999999999988,18,1410.2999999999988,swap,notBad
3808,18,1421.2999999999988,18,1410.2999999999988,move,improve
3809,18,1421.099999999999,18,1410.2999999999988,swap,improve
3810,18,1421.099999999999,18,1410.2999999999988,2opt,notBad
3811,18,1416.299999999999,18,1410.2999999999988,move,improve
3812,18,1416.299999999999,18,1410.2999999999988,swap,notBad
3813,18,1416.299999999999,18,1410.2999999999988,swap,notBad
3814,18,1416.299999999999,18,1410.2999999999988,move,improve
3815,18,1416.299999999999,18,1410.2999999999988,move,improve
3816,18,1416.299999999999,18,1410.2999999999988,move,improve
3817,18,1416.299999999999,18,1410.2999999999988,2opt,notBad
3818,18,1416.299999999999,18,1410.2999999999988,swap,notBad
3819,18,1424.6999999999994,18,1410.2999999999988,swap,acceptBad
3820,18,1424.6999999999994,18,1410.2999999999988,2opt,notBad
3821,18,1424.6999999999994,18,1410.2999999999988,move,improve
3822,18,1424.6999999999994,18,1410.2999999999988,2opt,notBad
3823,18,1424.6999999999994,18,1410.2999999999988,move,improve
3824,18,1424.6999999999994,18,1410.2999999999988,move,improve
3825,18,1424.6999999999994,18,1410.2999999999988,2opt,notBad
3826,18,1424.6999999999994,18,1410.2999999999988,2opt,notBad
3827,18,1424.6999999999994,18,1410.2999999999988,swap,notBad
3828,18,1424.6999999999994,18,1410.2999999999988,swap,notBad
3829,18,1424.6999999999994,18,1410.2999999999988,swap,notBad
3830,18,1424.6999999999994,18,1410.2999999999988,move,improve
3831,18,1424.6999999999994,18,1410.2999999999988,2opt,notBad
3832,18,1424.6999999999994,18,1410.2999999999988,move,improve
3833,18,1424.6999999999994,18,1410.2999999999988,swap,notBad
3834,18,1424.6999999999994,18,1410.2999999999988,swap,notBad
3835,18,1424.6999999999994,18,1410.2999999999988,move,improve
3836,18,1424.6999999999994,18,1410.2999999999988,move,improve
3837,18,1424.6999999999994,18,1410.2999999999988,swap,notBad
3838,18,1424.6999999999994,18,1410.2999999999988,move,improve
3839,18,1424.6999999999994,18,1410.2999999999988,swap,notBad
3840,18,1424.6999999999994,18,1410.2999999999988,swap,notBad
3841,18,1424.6999999999994,18,1410.2999999999988,swap,notBad
3842,18,1424.6999999999994,18,1410.2999999999988,swap,notBad
3843,18,1424.6999999999994,18,1410.2999999999988,move,improve
3844,18,1424.6999999999994,18,1410.2999999999988,move,improve
3845,18,1424.6999999999994,18,1410.2999999999988,swap,notBad
3846,18,1424.6999999999994,18,1410.2999999999988,swap,notBad
3847,18,1424.6999999999994,18,1410.2999999999988,move,improve
3848,18,1424.6999999999994,18,1410.2999999999988,2opt,notBad
3849,18,1419.8999999999994,18,1410.2999999999988,move,improve
3850,18,1425.0999999999995,18,1410.2999999999988,swap,acceptBad
3851,18,1425.0999999999995,18,1410.2999999999988,2opt,notBad
3852,18,1425.0999999999995,18,1410.2999999999988,swap,notBad
3853,18,1425.0999999999995,18,1410.2999999999988,swap,notBad
3854,18,1425.0999999999995,18,1410.2999999999988,move,improve
3855,18,1425.0999999999995,18,1410.2999999999988,move,improve
3856,18,1421.4999999999995,18,1410.2999999999988,move,improve
3857,18,1421.4999999999995,18,1410.2999999999988,2opt,notBad
3858,18,1421.4999999999995,18,1410.2999999999988,2opt,notBad
3859,18,1427.0999999999995,18,1410.2999999999988,swap,acceptBad
3860,18,1424.5999999999995,18,1410.2999999999988,move,improve
3861,18,1418.9999999999995,18,1410.2999999999988,move,improve
3862,18,1418.9999999999995,18,1410.2999999999988,2opt,notBad
3863,18,1412.9999999999995,18,1410.2999999999988,move,improve
3864,18,1412.9999999999995,18,1410.2999999999988,move,improve
3865,18,1417.3999999999996,18,1410.2999999999988,swap,acceptBad
3866,18,1417.3999999999996,18,1410.2999999999988,move,improve
3867,18,1417.3999999999996,18,1410.2999999999988,swap,notBad
3868,18,1417.3999999999996,18,1410.2999999999988,move,improve
3869,18,1417.3999999999996,18,1410.2999999999988,swap,notBad
3870,18,1417.3999999999996,18,1410.2999999999988,swap,notBad
3871,18,1417.3999999999996,18,1410.2999999999988,swap,notBad
3872,18,1417.3999999999996,18,1410.2999999999988,swap,notBad
3873,18,1417.3999999999996,18,1410.2999999999988,2opt,notBad
3874,18,1417.1999999999996,18,1410.2999999999988,move,improve
3875,18,1417.1999999999996,18,1410.2999999999988,2opt,notBad
3876,18,1417.1999999999996,18,1410.2999999999988,2opt,notBad
3877,18,1417.1999999999996,18,1410.2999999999988,2opt,notBad
3878,18,1417.1999999999996,18,1410.2999999999988,swap,notBad
3879,18,1413.3999999999994,18,1410.2999999999988,swap,improve
3880,18,1413.3999999999994,18,1410.2999999999988,swap,notBad
3881,18,1413.3999999999994,18,1410.2999999999988,2opt,notBad
3882,18,1414.8999999999994,18,1410.2999999999988,swap,acceptBad
3883,18,1414.8999999999992,18,1410.2999999999988,swap,improve
3884,18,1414.8999999999992,18,1410.2999999999988,swap,notBad
3885,18,1414.8999999999992,18,1410.2999999999988,2opt,notBad
3886,18,1414.8999999999992,18,1410.2999999999988,2opt,notBad
3887,18,1414.8999999999992,18,1410.2999999999988,swap,notBad
3888,18,1414.8999999999992,18,1410.2999999999988,swap,notBad
3889,18,1414.8999999999992,18,1410.2999999999988,move,improve
3890,18,1414.8999999999992,18,1410.2999999999988,move,improve
3891,18,1414.8999999999992,18,1410.2999999999988,move,improve
3892,18,1414.8999999999992,18,1410.2999999999988,2opt,notBad
3893,18,1414.8999999999992,18,1410.2999999999988,move,improve
3894,18,1414.8999999999992,18,1410.2999999999988,swap,notBad
3895,18,1414.8999999999992,18,1410.2999999999988,swap,notBad
3896,18,1414.8999999999992,18,1410.2999999999988,2opt,notBad
3897,18,1414.8999999999992,18,1410.2999999999988,swap,notBad
3898,18,1414.8999999999992,18,1410.2999999999988,2opt,notBad
3899,18,1414.8999999999992,18,1410.2999999999988,move,improve
3900,18,1414.8999999999992,18,1410.2999999999988,2opt,notBad
3901,18,1414.8999999999992,18,1410.2999999999988,move,improve
3902,18,1414.8999999999992,18,1410.2999999999988,swap,notBad
3903,18,1414.8999999999992,18,1410.2999999999988,2opt,notBad
3904,18,1414.8999999999992,18,1410.2999999999988,move,improve
3905,18,1414.8999999999992,18,1410.2999999999988,2opt,notBad
3906,18,1414.8999999999992,18,1410.2999999999988,2opt,notBad
3907,18,1414.8999999999992,18,1410.2999999999988,move,improve
3908,18,1411.599999999999,18,1410.2999999999988,move,improve
3909,18,1411.599999999999,18,1410.2999999999988,2opt,notBad
3910,18,1410.099999999999,18,1410.099999999999,swap,newBest
3911,18,1418.6999999999991,18,1410.099999999999,swap,acceptBad
3912,18,1418.6999999999991,18,1410.099999999999,swap,notBad
3913,18,1418.6999999999991,18,1410.099999999999,2opt,notBad
3914,18,1418.6999999999991,18,1410.099999999999,2opt,notBad
3915,18,1418.6999999999991,18,1410.099999999999,2opt,notBad
3916,18,1418.6999999999991,18,1410.099999999999,move,improve
3917,18,1423.799999999999,18,1410.099999999999,swap,acceptBad
3918,18,1423.799999999999,18,1410.099999999999,move,improve
3919,18,1423.799999999999,18,1410.099999999999,2opt,notBad
3920,18,1423.799999999999,18,1410.099999999999,2opt,notBad
3921,18,1423.799999999999,18,1410.099999999999,move,improve
3922,18,1423.799999999999,18,1410.099999999999,swap,notBad
3923,18,1423.799999999999,18,1410.099999999999,move,improve
3924,18,1423.799999999999,18,1410.099999999999,move,improve
3925,18,1427.5999999999992,18,1410.099999999999,swap,acceptBad
3926,18,1427.5999999999992,18,1410.099999999999,move,improve
3927,18,1427.5999999999992,18,1410.099999999999,2opt,improve
3928,18,1427.5999999999992,18,1410.099999999999,move,improve
3929,18,1427.5999999999992,18,1410.099999999999,2opt,notBad
3930,18,1427.5999999999992,18,1410.099999999999,2opt,notBad
3931,18,1427.5999999999992,18,1410.099999999999,move,improve
3932,18,1427.5999999999992,18,1410.099999999999,2opt,improve
3933,18,1427.5999999999992,18,1410.099999999999,2opt,notBad
3934,18,1427.5999999999992,18,1410.099999999999,move,improve
3935,18,1426.1999999999994,18,1410.099999999999,swap,improve
3936,18,1420.8999999999992,18,1410.099999999999,move,improve
3937,18,1420.8999999999992,18,1410.099999999999,move,improve
3938,18,1420.8999999999992,18,1410.099999999999,2opt,notBad
3939,18,1420.8999999999992,18,1410.099999999999,2opt,notBad
3940,18,1420.8999999999992,18,1410.099999999999,swap,notBad
3941,18,1413.099999999999,18,1410.099999999999,2opt,improve
3942,18,1413.099999999999,18,1410.099999999999,swap,notBad
3943,18,1413.099999999999,18,1410.099999999999,swap,notBad
3944,18,1413.099999999999,18,1410.099999999999,swap,notBad
3945,18,1413.099999999999,18,1410.099999999999,swap,notBad
3946,18,1413.099999999999,18,1410.099999999999,2opt,notBad
3947,18,1413.099999999999,18,1410.099999999999,2opt,notBad
3948,18,1413.099999999999,18,1410.099999999999,move,improve
3949,18,1409.699999999999,18,1409.699999999999,swap,newBest
3950,18,1409.299999999999,18,1409.299999999999,move,newBest
3951,18,1409.299999999999,18,1409.299999999999,2opt,notBad
3952,18,1409.299999999999,18,1409.299999999999,swap,notBad
3953,18,1409.299999999999,18,1409.299999999999,swap,notBad
3954,18,1409.299999999999,18,1409.299999999999,2opt,notBad
3955,18,1409.299999999999,18,1409.299999999999,move,improve
3956,18,1409.299999999999,18,1409.299999999999,move,improve
3957,17,1378.1999999999991,17,1378.1999999999991,move,newBest
3958,17,1378.1999999999991,17,1378.1999999999991,move,improve
3959,17,1378.1999999999991,17,1378.1999999999991,2opt,notBad
3960,17,1378.1999999999991,17,1378.1999999999991,move,improve
3961,17,1375.5999999999992,17,1375.5999999999992,swap,newBest
3962,17,1375.5999999999992,17,1375.5999999999992,move,improve
3963,17,1375.5999999999992,17,1375.5999999999992,swap,notBad
3964,17,1375.5999999999992,17,1375.5999999999992,2opt,notBad
3965,17,1375.5999999999992,17,1375.5999999999992,2opt,notBad
3966,17,1375.5999999999992,17,1375.5999999999992,2opt,notBad
3967,17,1375.5999999999992,17,1375.5999999999992,2opt,improve
3968,17,1372.3999999999992,17,1372.3999999999992,move,newBest
3969,17,1372.3999999999992,17,1372.3999999999992,move,improve
3970,17,1372.3999999999992,17,1372.3999999999992,move,improve
3971,17,1372.3999999999992,17,1372.3999999999992,move,improve
3972,17,1376.499999999999,17,1372.3999999999992,swap,acceptBad
3973,17,1376.499999999999,17,1372.3999999999992,2opt,notBad
3974,17,1376.499999999999,17,1372.3999999999992,move,improve
3975,17,1369.2999999999993,17,1369.2999999999993,move,newBest
3976,17,1369.2999999999993,17,1369.2999999999993,2opt,notBad
3977,17,1369.2999999999993,17,1369.2999999999993,swap,notBad
3978,17,1369.2999999999993,17,1369.2999999999993,swap,notBad
3979,17,1369.2999999999993,17,1369.2999999999993,move,improve
3980,17,1369.2999999999993,17,1369.2999999999993,2opt,improve
3981,17,1369.2999999999993,17,1369.2999999999993,move,improve
3982,17,1369.2999999999993,17,1369.2999999999993,move,improve
3983,17,1376.2999999999993,17,1369.2999999999993,swap,acceptBad
3984,17,1376.2999999999993,17,1369.2999999999993,2opt,notBad
3985,17,1376.2999999999993,17,1369.2999999999993,move,improve
3986,17,1376.2999999999993,17,1369.2999999999993,2opt,notBad
3987,17,1376.2999999999993,17,1369.2999999999993,2opt,notBad
3988,17,1376.2999999999993,17,1369.2999999999993,move,improve
3989,17,1376.2999999999993,17,1369.2999999999993,swap,notBad
3990,17,1376.2999999999993,17,1369.2999999999993,move,improve
3991,17,1376.2999999999993,17,1369.2999999999993,move,improve
3992,17,1381.0999999999992,17,1369.2999999999993,swap,acceptBad
3993,17,1381.0999999999992,17,1369.2999999999993,2opt,notBad
3994,17,1381.0999999999992,17,1369.2999999999993,swap,notBad
3995,17,1387.3999999999994,17,1369.2999999999993,swap,acceptBad
3996,17,1387.3999999999994,17,1369.2999999999993,move,improve
3997,17,1387.3999999999994,17,1369.2999999999993,2opt,notBad
3998,17,1387.3999999999994,17,1369.2999999999993,move,improve
3999,17,1387.3999999999994,17,1369.2999999999993,2opt,notBad
4000,17,1387.3999999999994,17,1369.2999999999993,move,improve
4001,17,1387.3999999999994,17,1369.2999999999993,2opt,notBad
4002,17,1387.3999999999994,17,1369.2999999999993,2opt,notBad
4003,17,1388.3999999999999,17,1369.2999999999993,2opt,acceptBad
4004,17,1388.3999999999999,17,1369.2999999999993,move,improve
4005,17,1388.3999999999999,17,1369.2999999999993,swap,notBad
4006,17,1388.3999999999999,17,1369.2999999999993,swap,notBad
4007,17,1388.3999999999999,17,1369.2999999999993,swap,notBad
4008,17,1388.3999999999999,17,1369.2999999999993,swap,notBad
4009,17,1388.3999999999999,17,1369.2999999999993,move,improve
4010,17,1388.3999999999999,17,1369.2999999999993,move,improve
4011,17,1394.0,17,1369.2999999999993,swap,acceptBad
4012,17,1394.0,17,1369.2999999999993,2opt,notBad
4013,17,1394.0,17,1369.2999999999993,2opt,notBad
4014,17,1394.0,17,1369.2999999999993,2opt,notBad
4015,17,1394.0,17,1369.2999999999993,swap,notBad
4016,17,1394.0,17,1369.2999999999993,swap,notBad
4017,17,1394.0,17,1369.2999999999993,swap,notBad
4018,17,1394.0,17,1369.2999999999993,swap,notBad
4019,17,1394.0,17,1369.2999999999993,move,improve
4020,17,1394.0,17,1369.2999999999993,2opt,notBad
4021,17,1394.0,17,1369.2999999999993,swap,notBad
4022,17,1394.0,17,1369.2999999999993,2opt,notBad
4023,17,1394.0,17,1369.2999999999993,swap,notBad
4024,17,1394.0,17,1369.2999999999993,2opt,improve
4025,17,1394.0,17,1369.2999999999993,move,improve
4026,17,1390.1,17,1369.2999999999993,move,improve
4027,17,1390.1,17,1369.2999999999993,2opt,notBad
4028,17,1390.1,17,1369.2999999999993,swap,notBad
4029,17,1390.1,17,1369.2999999999993,move,improve
4030,17,1390.1,17,1369.2999999999993,move,improve
4031,17,1390.1,17,1369.2999999999993,swap,notBad
4032,17,1390.1,17,1369.2999999999993,swap,notBad
4033,17,1390.1,17,1369.2999999999993,swap,notBad
4034,17,1390.1,17,1369.2999999999993,move,improve
4035,17,1383.899999999999,17,1369.2999999999993,2opt,improve
4036,17,1383.899999999999,17,1369.2999999999993,swap,notBad
4037,17,1383.899999999999,17,1369.2999999999993,swap,notBad
4038,17,1383.899999999999,17,1369.2999999999993,move,improve
4039,17,1383.899999999999,17,1369.2999999999993,2opt,notBad
4040,17,1383.899999999999,17,1369.2999999999993,2opt,notBad
4041,17,1383.899999999999,17,1369.2999999999993,move,improve
4042,17,1383.899999999999,17,1369.2999999999993,2opt,notBad
4043,17,1383.899999999999,17,1369.2999999999993,swap,notBad
4044,17,1383.899999999999,17,1369.2999999999993,2opt,improve
4045,17,1383.899999999999,17,1369.2999999999993,move,improve
4046,17,1383.899999999999,17,1369.2999999999993,2opt,notBad
4047,17,1383.6999999999991,17,1369.2999999999993,move,improve
4048,17,1383.6999999999991,17,1369.2999999999993,move,improve
4049,17,1383.6999999999991,17,1369.2999999999993,2opt,notBad
4050,17,1383.6999999999991,17,1369.2999999999993,2opt,notBad
4051,17,1383.6999999999991,17,1369.2999999999993,2opt,notBad
4052,17,1381.1000000000008,17,1369.2999999999993,2opt,improve
4053,17,1381.1000000000008,17,1369.2999999999993,2opt,notBad
4054,17,1366.5000000000011,17,1366.5000000000011,move,newBest
4055,17,1366.5000000000011,17,1366.5000000000011,2opt,notBad
4056,17,1366.5000000000011,17,1366.5000000000011,swap,notBad
4057,17,1366.5000000000011,17,1366.5000000000011,move,improve
4058,17,1366.5000000000011,17,1366.5000000000011,swap,notBad
4059,17,1366.5000000000011,17,1366.5000000000011,swap,notBad
4060,17,1366.5000000000011,17,1366.5000000000011,move,improve
4061,17,1366.0000000000011,17,1366.0000000000011,move,newBest
4062,17,1366.0000000000011,17,1366.0000000000011,swap,notBad
4063,17,1366.0000000000011,17,1366.0000000000011,2opt,notBad
4064,17,1366.0000000000011,17,1366.0000000000011,2opt,notBad
4065,17,1366.0000000000011,17,1366.0000000000011,move,improve
4066,17,1366.0000000000011,17,1366.0000000000011,2opt,notBad
4067,17,1366.0000000000011,17,1366.0000000000011,2opt,notBad
4068,17,1366.0000000000011,17,1366.0000000000011,2opt,notBad
4069,17,1366.0000000000011,17,1366.0000000000011,move,improve
4070,17,1366.0000000000011,17,1366.0000000000011,move,improve
4071,17,1366.0000000000011,17,1366.0000000000011,2opt,notBad
4072,17,1366.0000000000011,17,1366.0000000000011,swap,notBad
4073,17,1366.0000000000011,17,1366.0000000000011,2opt,notBad
4074,17,1365.100000000001,17,1365.100000000001,move,newBest
4075,17,1365.100000000001,17,1365.100000000001,2opt,notBad
4076,17,1365.100000000001,17,1365.100000000001,2opt,notBad
4077,17,1365.100000000001,17,1365.100000000001,swap,notBad
4078,17,1365.100000000001,17,1365.100000000001,swap,notBad
4079,17,1365.100000000001,17,1365.100000000001,move,improve
4080,17,1365.100000000001,17,1365.100000000001,move,improve
4081,17,1365.100000000001,17,1365.100000000001,swap,notBad
4082,17,1365.100000000001,17,1365.100000000001,swap,notBad
4083,17,1365.100000000001,17,1365.100000000001,swap,notBad
4084,17,1365.100000000001,17,1365.100000000001,2opt,notBad
4085,17,1365.100000000001,17,1365.100000000001,swap,notBad
4086,17,1365.100000000001,17,1365.100000000001,move,improve
4087,17,1365.100000000001,17,1365.100000000001,swap,notBad
4088,17,1365.100000000001,17,1365.100000000001,swap,notBad
4089,17,1365.100000000001,17,1365.100000000001,move,improve
4090,17,1365.100000000001,17,1365.100000000001,move,improve
4091,17,1365.100000000001,17,1365.100000000001,move,improve
4092,17,1365.100000000001,17,1365.100000000001,swap,notBad
4093,17,1365.100000000001,17,1365.100000000001,move,improve
4094,17,1365.100000000001,17,1365.100000000001,2opt,notBad
4095,17,1365.100000000001,17,1365.100000000001,2opt,notBad
4096,17,1365.100000000001,17,1365.100000000001,2opt,notBad
4097,17,1365.100000000001,17,1365.100000000001,swap,notBad
4098,17,1365.100000000001,17,1365.100000000001,move,improve
4099,17,1365.100000000001,17,1365.100000000001,move,improve
4100,17,1365.100000000001,17,1365.100000000001,2opt,improve
4101,17,1365.100000000001,17,1365.100000000001,2opt,notBad
4102,17,1365.100000000001,17,1365.100000000001,2opt,improve
4103,17,1365.100000000001,17,1365.100000000001,move,improve
4104,17,1365.100000000001,17,1365.100000000001,2opt,notBad
4105,17,1365.100000000001,17,1365.100000000001,swap,notBad
4106,17,1365.100000000001,17,1365.100000000001,2opt,notBad
4107,17,1365.100000000001,17,1365.100000000001,move,improve
4108,17,1365.100000000001,17,1365.100000000001,move,improve
4109,17,1365.100000000001,17,1365.100000000001,move,improve
4110,17,1365.100000000001,17,1365.100000000001,move,improve
4111,17,1365.100000000001,17,1365.100000000001,move,improve
4112,17,1365.100000000001,17,1365.100000000001,move,improve
4113,17,1365.100000000001,17,1365.100000000001,2opt,improve
4114,17,1365.100000000001,17,1365.100000000001,swap,notBad
4115,17,1365.100000000001,17,1365.100000000001,2opt,notBad
4116,17,1365.100000000001,17,1365.100000000001,2opt,notBad
4117,17,1365.100000000001,17,1365.100000000001,2opt,notBad
4118,17,1365.100000000001,17,1365.100000000001,swap,notBad
4119,17,1365.100000000001,17,1365.100000000001,move,improve
4120,17,1365.100000000001,17,1365.100000000001,2opt,notBad
4121,17,1356.500000000001,17,1356.500000000001,move,newBest
4122,17,1356.500000000001,17,1356.500000000001,2opt,notBad
4123,17,1356.500000000001,17,1356.500000000001,move,improve
4124,17,1356.500000000001,17,1356.500000000001,swap,notBad
4125,17,1356.500000000001,17,1356.500000000001,move,improve
4126,17,1356.500000000001,17,1356.500000000001,move,improve
4127,17,1356.500000000001,17,1356.500000000001,swap,notBad
4128,17,1356.500000000001,17,1356.500000000001,swap,notBad
4129,17,1356.500000000001,17,1356.500000000001,swap,notBad
4130,17,1356.500000000001,17,1356.500000000001,move,improve
4131,17,1356.500000000001,17,1356.500000000001,2opt,notBad
4132,17,1356.500000000001,17,1356.500000000001,move,improve
4133,17,1356.500000000001,17,1356.500000000001,swap,notBad
4134,17,1356.500000000001,17,1356.500000000001,2opt,notBad
4135,17,1356.500000000001,17,1356.500000000001,2opt,notBad
4136,17,1356.500000000001,17,1356.500000000001,swap,notBad
4137,17,1356.500000000001,17,1356.500000000001,2opt,improve
4138,17,1356.500000000001,17,1356.500000000001,move,improve
4139,17,1352.7000000000007,17,1352.7000000000007,swap,newBest
4140,17,1352.7000000000007,17,1352.7000000000007,swap,notBad
4141,17,1352.7000000000007,17,1352.7000000000007,2opt,notBad
4142,17,1352.7000000000007,17,1352.7000000000007,swap,notBad
4143,17,1352.7000000000007,17,1352.7000000000007,move,improve
4144,17,1356.7000000000007,17,1352.7000000000007,swap,acceptBad
4145,17,1356.7000000000007,17,1352.7000000000007,swap,notBad
4146,17,1356.7000000000007,17,1352.7000000000007,2opt,notBad
4147,17,1356.7000000000007,17,1352.7000000000007,move,improve
4148,17,1356.7000000000007,17,1352.7000000000007,swap,notBad
4149,17,1356.7000000000007,17,1352.7000000000007,2opt,notBad
4150,17,1356.7000000000007,17,1352.7000000000007,swap,notBad
4151,17,1356.7000000000007,17,1352.7000000000007,move,improve
4152,17,1356.7000000000007,17,1352.7000000000007,2opt,notBad
4153,17,1356.7000000000007,17,1352.7000000000007,2opt,notBad
4154,17,1356.7000000000007,17,1352.7000000000007,2opt,notBad
4155,17,1356.7000000000007,17,1352.7000000000007,2opt,notBad
4156,17,1356.7000000000007,17,1352.7000000000007,move,improve
4157,17,1356.7000000000007,17,1352.7000000000007,swap,notBad
4158,17,1356.7000000000007,17,1352.7000000000007,swap,notBad
4159,17,1356.7000000000007,17,1352.7000000000007,2opt,improve
4160,17,1356.7000000000007,17,1352.7000000000007,2opt,notBad
4161,17,1356.7000000000007,17,1352.7000000000007,swap,notBad
4162,17,1356.3000000000006,17,1352.7000000000007,move,improve
4163,17,1361.1000000000006,17,1352.7000000000007,swap,acceptBad
4164,17,1361.1000000000006,17,1352.7000000000007,move,improve
4165,17,1361.1000000000006,17,1352.7000000000007,move,improve
4166,17,1361.1000000000006,17,1352.7000000000007,2opt,notBad
4167,17,1361.1000000000006,17,1352.7000000000007,2opt,improve
4168,17,1361.1000000000006,17,1352.7000000000007,move,improve
4169,17,1361.1000000000006,17,1352.7000000000007,move,improve
4170,17,1361.1000000000006,17,1352.7000000000007,2opt,notBad
4171,17,1361.1000000000006,17,1352.7000000000007,swap,notBad
4172,17,1361.1000000000006,17,1352.7000000000007,move,improve
4173,17,1361.9000000000005,17,1352.7000000000007,swap,acceptBad
4174,17,1361.9000000000005,17,1352.7000000000007,move,improve
4175,17,1361.9000000000005,17,1352.7000000000007,2opt,notBad
4176,17,1361.9000000000005,17,1352.7000000000007,2opt,notBad
4177,17,1361.9000000000005,17,1352.7000000000007,move,improve
4178,17,1361.9000000000005,17,1352.7000000000007,move,improve
4179,17,1361.9000000000005,17,1352.7000000000007,2opt,notBad
4180,17,1361.9000000000005,17,1352.7000000000007,swap,notBad
4181,17,1361.9000000000005,17,1352.7000000000007,move,improve
4182,17,1361.9000000000005,17,1352.7000000000007,2opt,notBad
4183,17,1361.9000000000005,17,1352.7000000000007,swap,notBad
4184,17,1361.9000000000005,17,1352.7000000000007,move,improve
4185,17,1361.9000000000005,17,1352.7000000000007,move,improve
4186,17,1361.9000000000005,17,1352.7000000000007,swap,notBad
4187,17,1361.9000000000005,17,1352.7000000000007,2opt,notBad
4188,17,1361.9000000000005,17,1352.7000000000007,swap,notBad
4189,17,1361.9000000000005,17,1352.7000000000007,2opt,notBad
4190,17,1361.9000000000005,17,1352.7000000000007,swap,notBad
4191,17,1361.9000000000005,17,1352.7000000000007,swap,notBad
4192,17,1361.7000000000007,17,1352.7000000000007,swap,improve
4193,17,1361.5000000000007,17,1352.7000000000007,move,improve
4194,17,1361.5000000000007,17,1352.7000000000007,2opt,notBad
4195,17,1363.4000000000005,17,1352.7000000000007,swap,acceptBad
4196,17,1363.4000000000005,17,1352.7000000000007,move,improve
4197,17,1363.4000000000005,17,1352.7000000000007,move,improve
4198,17,1363.4000000000005,17,1352.7000000000007,2opt,notBad
4199,17,1363.4000000000005,17,1352.7000000000007,2opt,improve
4200,17,1363.4000000000005,17,1352.7000000000007,move,improve
4201,17,1363.4000000000005,17,1352.7000000000007,2opt,notBad
4202,17,1360.2000000000005,17,1352.7000000000007,move,improve
4203,17,1360.2000000000005,17,1352.7000000000007,2opt,notBad
4204,17,1360.2000000000005,17,1352.7000000000007,swap,notBad
4205,17,1360.2000000000005,17,1352.7000000000007,move,improve
4206,17,1360.2000000000005,17,1352.7000000000007,swap,notBad
4207,17,1361.4000000000005,17,1352.7000000000007,swap,acceptBad
4208,17,1361.4000000000005,17,1352.7000000000007,swap,notBad
4209,17,1361.4000000000005,17,1352.7000000000007,2opt,notBad
4210,17,1361.4000000000005,17,1352.7000000000007,move,improve
4211,17,1361.4000000000005,17,1352.7000000000007,2opt,improve
4212,17,1361.4000000000005,17,1352.7000000000007,2opt,notBad
4213,17,1360.3000000000006,17,1352.7000000000007,move,improve
4214,17,1360.3000000000006,17,1352.7000000000007,swap,notBad
4215,17,1360.3000000000006,17,1352.7000000000007,swap,notBad
4216,17,1360.3000000000006,17,1352.7000000000007,swap,notBad
4217,17,1360.3000000000006,17,1352.7000000000007,2opt,notBad
4218,17,1360.3000000000006,17,1352.7000000000007,move,improve
4219,17,1362.7000000000007,17,1352.7000000000007,swap,acceptBad
4220,17,1362.7000000000007,17,1352.7000000000007,swap,notBad
4221,17,1362.7000000000007,17,1352.7000000000007,move,improve
4222,17,1361.4000000000005,17,1352.7000000000007,swap,improve
4223,17,1361.4000000000005,17,1352.7000000000007,swap,notBad
4224,17,1361.4000000000005,17,1352.7000000000007,2opt,notBad
4225,17,1361.4000000000005,17,1352.7000000000007,move,improve
4226,17,1361.6000000000006,17,1352.7000000000007,swap,acceptBad
4227,17,1361.6000000000006,17,1352.7000000000007,move,improve
4228,17,1361.6000000000006,17,1352.7000000000007,move,improve
4229,17,1360.1000000000006,17,1352.7000000000007,swap,improve
4230,17,1360.1000000000006,17,1352.7000000000007,swap,notBad
4231,17,1360.1000000000006,17,1352.7000000000007,move,improve
4232,17,1356.6000000000004,17,1352.7000000000007,swap,improve
4233,17,1356.6000000000004,17,1352.7000000000007,2opt,improve
4234,17,1356.6000000000004,17,1352.7000000000007,move,improve
4235,17,1356.2000000000003,17,1352.7000000000007,move,improve
4236,17,1356.2000000000003,17,1352.7000000000007,swap,notBad
4237,17,1357.4999999999998,17,1352.7000000000007,2opt,acceptBad
4238,17,1357.4999999999998,17,1352.7000000000007,swap,notBad
4239,17,1357.4999999999998,17,1352.7000000000007,2opt,notBad
4240,17,1357.4999999999998,17,1352.7000000000007,swap,notBad
4241,17,1357.4999999999998,17,1352.7000000000007,swap,notBad
4242,17,1357.4999999999998,17,1352.7000000000007,2opt,notBad
4243,17,1357.4999999999998,17,1352.7000000000007,2opt,improve
4244,17,1357.4999999999998,17,1352.7000000000007,2opt,notBad
4245,17,1357.4999999999998,17,1352.7000000000007,2opt,notBad
4246,17,1357.4999999999998,17,1352.7000000000007,2opt,notBad
4247,17,1357.4999999999998,17,1352.7000000000007,move,improve
4248,17,1357.4999999999998,17,1352.7000000000007,swap,notBad
4249,17,1357.4999999999998,17,1352.7000000000007,move,improve
4250,17,1357.4999999999998,17,1352.7000000000007,move,improve
4251,17,1354.2999999999997,17,1352.7000000000007,move,improve
4252,17,1354.2999999999997,17,1352.7000000000007,2opt,improve
4253,17,1354.2999999999997,17,1352.7000000000007,move,improve
4254,17,1354.2999999999997,17,1352.7000000000007,swap,notBad
4255,17,1354.2999999999997,17,1352.7000000000007,swap,notBad
4256,17,1354.2999999999997,17,1352.7000000000007,2opt,improve
4257,17,1354.2999999999997,17,1352.7000000000007,2opt,notBad
4258,17,1354.2999999999997,17,1352.7000000000007,move,improve
4259,17,1354.2999999999997,17,1352.7000000000007,move,improve
4260,17,1354.2999999999997,17,1352.7000000000007,2opt,notBad
4261,17,1354.2999999999997,17,1352.7000000000007,swap,notBad
4262,17,1354.2999999999997,17,1352.7000000000007,swap,notBad
4263,17,1354.2999999999997,17,1352.7000000000007,2opt,notBad
4264,17,1354.2999999999997,17,1352.7000000000007,swap,notBad
4265,17,1354.2999999999997,17,1352.7000000000007,2opt,notBad
4266,17,1354.2999999999997,17,1352.7000000000007,move,improve
4267,17,1354.2999999999997,17,1352.7000000000007,swap,notBad
4268,17,1354.2999999999997,17,1352.7000000000007,2opt,improve
4269,17,1354.2999999999997,17,1352.7000000000007,swap,notBad
4270,17,1354.2999999999997,17,1352.7000000000007,2opt,notBad
4271,17,1350.8999999999999,17,1350.8999999999999,move,newBest
4272,17,1350.8999999999999,17,1350.8999999999999,2opt,notBad
4273,17,1350.8999999999999,17,1350.8999999999999,2opt,notBad
4274,17,1350.8999999999999,17,1350.8999999999999,move,improve
4275,17,1350.8999999999999,17,1350.8999999999999,move,improve
4276,17,1350.8999999999999,17,1350.8999999999999,2opt,notBad
4277,17,1350.8999999999999,17,1350.8999999999999,move,improve
4278,17,1350.8999999999999,17,1350.8999999999999,move,improve
4279,17,1350.8999999999999,17,1350.8999999999999,move,improve
4280,17,1350.8999999999999,17,1350.8999999999999,swap,notBad
4281,17,1350.8999999999999,17,1350.8999999999999,2opt,notBad
4282,17,1350.8999999999999,17,1350.8999999999999,move,improve
4283,17,1350.8999999999999,17,1350.8999999999999,2opt,notBad
4284,17,1350.8999999999999,17,1350.8999999999999,move,improve
4285,17,1350.8999999999999,17,1350.8999999999999,swap,notBad
4286,17,1350.8999999999999,17,1350.8999999999999,2opt,notBad
4287,17,1350.8999999999999,17,1350.8999999999999,move,improve
4288,17,1346.0,17,1346.0,move,newBest
4289,17,1346.0,17,1346.0,move,improve
4290,17,1346.0,17,1346.0,swap,notBad
4291,17,1346.0,17,1346.0,2opt,notBad
4292,17,1346.0,17,1346.0,move,improve
4293,17,1346.0,17,1346.0,swap,notBad
4294,17,1346.0,17,1346.0,move,improve
4295,17,1346.0,17,1346.0,2opt,notBad
4296,17,1346.0,17,1346.0,swap,notBad
4297,17,1346.0,17,1346.0,swap,notBad
4298,17,1352.6,17,1346.0,swap,acceptBad
4299,17,1352.6,17,1346.0,2opt,notBad
4300,17,1352.2,17,1346.0,move,improve
4301,17,1352.2,17,1346.0,2opt,notBad
4302,17,1352.2,17,1346.0,move,improve
4303,17,1352.2,17,1346.0,move,improve
4304,17,1352.2,17,1346.0,move,improve
4305,17,1352.2,17,1346.0,2opt,notBad
4306,17,1356.2,17,1346.0,swap,acceptBad
4307,17,1356.2,17,1346.0,swap,notBad
4308,17,1356.2,17,1346.0,move,improve
4309,17,1356.2,17,1346.0,2opt,notBad
4310,17,1356.2,17,1346.0,2opt,notBad
4311,17,1356.2,17,1346.0,2opt,notBad
4312,17,1356.2,17,1346.0,swap,notBad
4313,17,1356.2,17,1346.0,2opt,notBad
4314,17,1356.2,17,1346.0,swap,notBad
4315,17,1356.2,17,1346.0,swap,notBad
4316,17,1356.2,17,1346.0,swap,notBad
4317,17,1356.2,17,1346.0,swap,notBad
4318,17,1356.2,17,1346.0,swap,notBad
4319,17,1356.2,17,1346.0,swap,notBad
4320,17,1356.2,17,1346.0,swap,notBad
4321,17,1355.6000000000001,17,1346.0,move,improve
4322,17,1355.6000000000001,17,1346.0,2opt,notBad
4323,17,1355.6000000000001,17,1346.0,swap,notBad
4324,17,1355.6000000000001,17,1346.0,2opt,notBad
4325,17,1355.6000000000001,17,1346.0,swap,notBad
4326,17,1356.7,17,1346.0,swap,acceptBad
4327,17,1356.7,17,1346.0,swap,notBad
4328,17,1356.7,17,1346.0,move,improve
4329,17,1356.7,17,1346.0,move,improve
4330,17,1357.9,17,1346.0,swap,acceptBad
4331,17,1357.9,17,1346.0,2opt,notBad
4332,17,1357.9,17,1346.0,swap,notBad
4333,17,1357.9,17,1346.0,2opt,notBad
4334,17,1357.9,17,1346.0,swap,notBad
4335,17,1357.9,17,1346.0,move,improve
4336,17,1357.9,17,1346.0,move,improve
4337,17,1357.9,17,1346.0,swap,notBad
4338,17,1357.9,17,1346.0,2opt,notBad
4339,17,1357.9,17,1346.0,2opt,notBad
4340,17,1357.9,17,1346.0,swap,notBad
4341,17,1357.9,17,1346.0,move,improve
4342,17,1357.9,17,1346.0,move,improve
4343,17,1355.7,17,1346.0,move,improve
4344,17,1355.7,17,1346.0,2opt,notBad
4345,17,1355.7,17,1346.0,swap,notBad
4346,17,1355.7,17,1346.0,swap,notBad
4347,17,1355.7,17,1346.0,swap,notBad
4348,17,1355.7,17,1346.0,move,improve
4349,17,1355.7,17,1346.0,swap,notBad
4350,17,1352.0000000000002,17,1346.0,move,improve
4351,17,1352.0000000000002,17,1346.0,2opt,notBad
4352,17,1352.0000000000002,17,1346.0,swap,notBad
4353,17,1352.0000000000002,17,1346.0,2opt,notBad
4354,17,1352.0000000000002,17,1346.0,swap,notBad
4355,17,1352.0000000000002,17,1346.0,2opt,improve
4356,17,1352.0000000000002,17,1346.0,swap,notBad
4357,17,1352.0000000000002,17,1346.0,move,improve
4358,17,1347.6000000000001,17,1346.0,move,improve
4359,17,1347.6000000000001,17,1346.0,swap,notBad
4360,17,1347.6000000000001,17,1346.0,move,improve
4361,17,1347.6000000000001,17,1346.0,swap,notBad
4362,17,1347.6000000000001,17,1346.0,move,improve
4363,17,1347.6000000000001,17,1346.0,2opt,notBad
4364,17,1347.6000000000001,17,1346.0,move,improve
4365,17,1347.6000000000001,17,1346.0,swap,notBad
4366,17,1347.6000000000001,17,1346.0,swap,notBad
4367,17,1346.6000000000001,17,1346.0,move,improve
4368,17,1346.6000000000001,17,1346.0,move,improve
4369,17,1346.6000000000001,17,1346.0,move,improve
4370,17,1346.6000000000001,17,1346.0,2opt,notBad
4371,17,1346.6000000000001,17,1346.0,swap,notBad
4372,17,1346.6000000000001,17,1346.0,swap,notBad
4373,17,1346.6000000000001,17,1346.0,move,improve
4374,17,1346.6000000000001,17,1346.0,swap,notBad
4375,17,1346.6000000000001,17,1346.0,2opt,notBad
4376,17,1346.6000000000001,17,1346.0,2opt,notBad
4377,17,1346.6000000000001,17,1346.0,2opt,notBad
4378,17,1343.8000000000002,17,1343.8000000000002,move,newBest
4379,17,1342.7,17,1342.7,move,newBest
4380,17,1342.7,17,1342.7,2opt,notBad
4381,17,1342.7,17,1342.7,2opt,notBad
4382,17,1342.7,17,1342.7,move,improve
4383,17,1342.7,17,1342.7,swap,notBad
4384,17,1342.7,17,1342.7,move,improve
4385,17,1344.7,17,1342.7,swap,acceptBad
4386,17,1344.7,17,1342.7,swap,notBad
4387,17,1347.0000000000002,17,1342.7,swap,acceptBad
4388,17,1347.0000000000002,17,1342.7,swap,notBad
4389,17,1347.0000000000002,17,1342.7,move,improve
4390,17,1345.8,17,1342.7,move,improve
4391,17,1348.1,17,1342.7,swap,acceptBad
4392,17,1348.1,17,1342.7,2opt,notBad
4393,17,1348.1,17,1342.7,2opt,notBad
4394,17,1348.1,17,1342.7,2opt,notBad
4395,17,1347.7,17,1342.7,swap,improve
4396,17,1347.7,17,1342.7,2opt,notBad
4397,17,1347.7,17,1342.7,2opt,notBad
4398,17,1347.7,17,1342.7,2opt,notBad
4399,17,1347.7,17,1342.7,move,improve
4400,17,1347.7,17,1342.7,2opt,improve
4401,17,1347.7,17,1342.7,swap,notBad
4402,17,1347.7,17,1342.7,2opt,notBad
4403,17,1347.7,17,1342.7,move,improve
4404,17,1347.7,17,1342.7,move,improve
4405,17,1347.7,17,1342.7,move,improve
4406,17,1347.7,17,1342.7,2opt,notBad
4407,17,1347.7,17,1342.7,2opt,notBad
4408,17,1347.7,17,1342.7,swap,notBad
4409,17,1347.7,17,1342.7,swap,notBad
4410,17,1347.7,17,1342.7,swap,notBad
4411,17,1347.7,17,1342.7,swap,notBad
4412,17,1347.7,17,1342.7,move,improve
4413,17,1347.7,17,1342.7,swap,notBad
4414,17,1347.7,17,1342.7,move,improve
4415,17,1349.5,17,1342.7,swap,acceptBad
4416,17,1349.5,17,1342.7,move,improve
4417,17,1349.5,17,1342.7,2opt,improve
4418,17,1349.5,17,1342.7,2opt,notBad
4419,17,1349.5,17,1342.7,swap,notBad
4420,17,1349.5,17,1342.7,2opt,notBad
4421,17,1349.5,17,1342.7,2opt,notBad
4422,17,1349.5,17,1342.7,move,improve
4423,17,1349.5,17,1342.7,move,improve
4424,17,1348.3000000000002,17,1342.7,move,improve
4425,17,1348.3000000000002,17,1342.7,swap,notBad
4426,17,1348.3000000000002,17,1342.7,swap,notBad
4427,17,1348.3000000000002,17,1342.7,move,improve
4428,17,1348.3000000000002,17,1342.7,2opt,notBad
4429,17,1348.3000000000002,17,1342.7,2opt,notBad
4430,17,1348.3000000000002,17,1342.7,swap,notBad
4431,17,1348.3000000000002,17,1342.7,2opt,notBad
4432,17,1348.3000000000002,17,1342.7,2opt,notBad
4433,17,1343.2000000000005,17,1342.7,2opt,improve
4434,17,1343.2000000000005,17,1342.7,move,improve
4435,17,1343.2000000000005,17,1342.7,swap,notBad
4436,17,1343.2000000000005,17,1342.7,swap,notBad
4437,17,1343.2000000000005,17,1342.7,swap,notBad
4438,17,1343.2000000000005,17,1342.7,2opt,notBad
4439,17,1343.2000000000005,17,1342.7,swap,notBad
4440,17,1343.2000000000005,17,1342.7,swap,notBad
4441,17,1343.2000000000005,17,1342.7,2opt,notBad
4442,17,1343.2000000000005,17,1342.7,swap,notBad
4443,17,1343.2000000000005,17,1342.7,move,improve
4444,17,1343.2000000000005,17,1342.7,move,improve
4445,17,1343.2000000000005,17,1342.7,2opt,improve
4446,17,1343.2000000000005,17,1342.7,2opt,improve
4447,17,1343.2000000000005,17,1342.7,move,improve
4448,17,1343.2000000000005,17,1342.7,2opt,notBad
4449,17,1343.2000000000005,17,1342.7,move,improve
4450,17,1343.2000000000005,17,1342.7,2opt,notBad
4451,17,1343.2000000000005,17,1342.7,2opt,notBad
4452,17,1343.2000000000005,17,1342.7,move,improve
4453,17,1343.2000000000005,17,1342.7,swap,notBad
4454,17,1343.2000000000005,17,1342.7,2opt,notBad
4455,17,1343.2000000000005,17,1342.7,swap,notBad
4456,17,1337.2000000000003,17,1337.2000000000003,move,newBest
4457,17,1337.2000000000003,17,1337.2000000000003,move,improve
4458,17,1337.2000000000003,17,1337.2000000000003,move,improve
4459,17,1337.2000000000003,17,1337.2000000000003,2opt,notBad
4460,17,1337.2000000000003,17,1337.2000000000003,swap,notBad
4461,17,1337.2000000000003,17,1337.2000000000003,2opt,notBad
4462,17,1337.2000000000003,17,1337.2000000000003,swap,notBad
4463,17,1337.2000000000003,17,1337.2000000000003,2opt,notBad
4464,17,1337.2000000000003,17,1337.2000000000003,swap,notBad
4465,17,1337.2000000000003,17,1337.2000000000003,move,improve
4466,17,1337.2000000000003,17,1337.2000000000003,swap,notBad
4467,17,1337.2000000000003,17,1337.2000000000003,swap,notBad
4468,17,1337.2000000000003,17,1337.2000000000003,swap,notBad
4469,17,1341.1000000000006,17,1337.2000000000003,swap,acceptBad
4470,17,1341.1000000000006,17,1337.2000000000003,swap,notBad
4471,17,1341.1000000000006,17,1337.2000000000003,swap,notBad
4472,17,1341.1000000000006,17,1337.2000000000003,move,improve
4473,17,1341.1000000000006,17,1337.2000000000003,swap,notBad
4474,17,1341.1000000000006,17,1337.2000000000003,swap,notBad
4475,17,1341.1000000000006,17,1337.2000000000003,2opt,notBad
4476,17,1340.2000000000007,17,1337.2000000000003,move,improve
4477,17,1340.2000000000007,17,1337.2000000000003,swap,notBad
4478,17,1340.2000000000007,17,1337.2000000000003,move,improve
4479,17,1340.2000000000007,17,1337.2000000000003,move,improve
4480,17,1340.2000000000007,17,1337.2000000000003,swap,notBad
4481,17,1340.2000000000007,17,1337.2000000000003,2opt,notBad
4482,17,1340.2000000000007,17,1337.2000000000003,2opt,notBad
4483,17,1340.2000000000007,17,1337.2000000000003,swap,notBad
4484,17,1340.2000000000007,17,1337.2000000000003,swap,notBad
4485,17,1340.2000000000007,17,1337.2000000000003,swap,notBad
4486,17,1336.4000000000005,17,1336.4000000000005,swap,newBest
4487,17,1336.4000000000005,17,1336.4000000000005,move,improve
4488,17,1336.4000000000005,17,1336.4000000000005,move,improve
4489,17,1336.4000000000005,17,1336.4000000000005,move,improve
4490,17,1336.4000000000005,17,1336.4000000000005,swap,notBad
4491,17,1336.4000000000005,17,1336.4000000000005,move,improve
4492,17,1336.4000000000005,17,1336.4000000000005,move,improve
4493,17,1336.4000000000005,17,1336.4000000000005,move,improve
4494,17,1336.4000000000005,17,1336.4000000000005,move,improve
4495,17,1336.4000000000005,17,1336.4000000000005,swap,notBad
4496,17,1336.4000000000005,17,1336.4000000000005,move,improve
4497,17,1336.4000000000005,17,1336.4000000000005,swap,notBad
4498,17,1336.4000000000005,17,1336.4000000000005,move,improve
4499,17,1336.4000000000005,17,1336.4000000000005,move,improve
4500,17,1336.4000000000005,17,1336.4000000000005,2opt,notBad
4501,17,1336.4000000000005,17,1336.4000000000005,move,improve
4502,17,1336.4000000000005,17,1336.4000000000005,move,improve
4503,17,1336.4000000000005,17,1336.4000000000005,swap,notBad
4504,17,1336.4000000000005,17,1336.4000000000005,2opt,notBad
4505,17,1336.4000000000005,17,1336.4000000000005,move,improve
4506,17,1336.4000000000005,17,1336.4000000000005,swap,notBad
4507,17,1336.4000000000005,17,1336.4000000000005,2opt,notBad
4508,17,1336.4000000000005,17,1336.4000000000005,2opt,notBad
4509,17,1336.4000000000005,17,1336.4000000000005,2opt,improve
4510,17,1332.2000000000005,17,1332.2000000000005,move,newBest
4511,17,1332.2000000000005,17,1332.2000000000005,move,improve
4512,17,1332.2000000000005,17,1332.2000000000005,swap,notBad
4513,17,1332.2000000000005,17,1332.2000000000005,2opt,notBad
4514,17,1332.2000000000005,17,1332.2000000000005,2opt,notBad
4515,17,1332.2000000000005,17,1332.2000000000005,swap,notBad
4516,17,1332.2000000000005,17,1332.2000000000005,move,improve
4517,17,1332.2000000000005,17,1332.2000000000005,2opt,notBad
4518,17,1332.2000000000005,17,1332.2000000000005,swap,notBad
4519,17,1332.2000000000005,17,1332.2000000000005,2opt,notBad
4520,17,1332.2000000000005,17,1332.2000000000005,swap,notBad
4521,17,1332.2000000000005,17,1332.2000000000005,swap,notBad
4522,17,1332.2000000000005,17,1332.2000000000005,2opt,notBad
4523,17,1332.2000000000005,17,1332.2000000000005,move,improve
4524,17,1332.2000000000005,17,1332.2000000000005,2opt,notBad
4525,17,1331.6000000000004,17,1331.6000000000004,move,newBest
4526,17,1331.6000000000004,17,1331.6000000000004,2opt,notBad
4527,17,1331.6000000000004,17,1331.6000000000004,swap,notBad
4528,17,1331.6000000000004,17,1331.6000000000004,move,improve
4529,17,1331.6000000000004,17,1331.6000000000004,swap,notBad
4530,17,1331.6000000000004,17,1331.6000000000004,2opt,notBad
4531,17,1331.6000000000004,17,1331.6000000000004,swap,notBad
4532,17,1331.6000000000004,17,1331.6000000000004,move,improve
4533,17,1331.6000000000004,17,1331.6000000000004,2opt,notBad
4534,17,1331.6000000000004,17,1331.6000000000004,move,improve
4535,17,1331.6000000000004,17,1331.6000000000004,swap,notBad
4536,17,1331.6000000000004,17,1331.6000000000004,move,improve
4537,17,1331.6000000000004,17,1331.6000000000004,2opt,notBad
4538,17,1331.6000000000004,17,1331.6000000000004,move,improve
4539,17,1331.6000000000004,17,1331.6000000000004,swap,notBad
4540,17,1331.6000000000004,17,1331.6000000000004,2opt,notBad
4541,17,1331.6000000000004,17,1331.6000000000004,swap,notBad
4542,17,1331.6000000000004,17,1331.6000000000004,move,improve
4543,17,1331.6000000000004,17,1331.6000000000004,2opt,notBad
4544,17,1327.7000000000005,17,1327.7000000000005,swap,newBest
4545,17,1327.7000000000005,17,1327.7000000000005,swap,notBad
4546,17,1327.7000000000005,17,1327.7000000000005,2opt,notBad
4547,17,1327.7000000000005,17,1327.7000000000005,swap,notBad
4548,17,1327.7000000000005,17,1327.7000000000005,2opt,notBad
4549,17,1327.7000000000005,17,1327.7000000000005,swap,notBad
4550,17,1327.7000000000005,17,1327.7000000000005,2opt,notBad
4551,17,1327.7000000000005,17,1327.7000000000005,2opt,notBad
4552,17,1327.7000000000005,17,1327.7000000000005,swap,notBad
4553,17,1327.2000000000005,17,1327.2000000000005,move,newBest
4554,17,1327.2000000000005,17,1327.2000000000005,2opt,notBad
4555,17,1327.2000000000005,17,1327.2000000000005,move,improve
4556,17,1327.2000000000005,17,1327.2000000000005,move,improve
4557,17,1327.2000000000005,17,1327.2000000000005,move,improve
4558,17,1327.2000000000005,17,1327.2000000000005,2opt,notBad
4559,17,1327.2000000000005,17,1327.2000000000005,2opt,notBad
4560,17,1327.2000000000005,17,1327.2000000000005,move,improve
4561,17,1327.2000000000005,17,1327.2000000000005,2opt,notBad
4562,17,1327.2000000000005,17,1327.2000000000005,swap,notBad
4563,17,1327.2000000000005,17,1327.2000000000005,move,improve
4564,17,1327.2000000000005,17,1327.2000000000005,2opt,improve
4565,17,1327.2000000000005,17,1327.2000000000005,move,improve
4566,17,1327.2000000000005,17,1327.2000000000005,move,improve
4567,17,1327.2000000000005,17,1327.2000000000005,move,improve
4568,17,1327.2000000000005,17,1327.2000000000005,2opt,notBad
4569,17,1327.2000000000005,17,1327.2000000000005,2opt,notBad
4570,17,1327.2000000000005,17,1327.2000000000005,swap,notBad
4571,17,1327.2000000000005,17,1327.2000000000005,swap,notBad
4572,17,1327.2000000000005,17,1327.2000000000005,2opt,notBad
4573,17,1327.2000000000005,17,1327.2000000000005,move,improve
4574,17,1323.9000000000008,17,1323.9000000000008,2opt,newBest
4575,17,1323.9000000000008,17,1323.9000000000008,swap,notBad
4576,17,1323.9000000000008,17,1323.9000000000008,2opt,notBad
4577,17,1323.9000000000008,17,1323.9000000000008,2opt,notBad
4578,17,1323.9000000000008,17,1323.9000000000008,move,improve
4579,17,1323.9000000000008,17,1323.9000000000008,swap,notBad
4580,17,1323.9000000000008,17,1323.9000000000008,2opt,notBad
4581,17,1323.9000000000008,17,1323.9000000000008,2opt,notBad
4582,17,1323.9000000000008,17,1323.9000000000008,2opt,improve
4583,17,1323.9000000000008,17,1323.9000000000008,2opt,notBad
4584,17,1323.9000000000008,17,1323.9000000000008,move,improve
4585,17,1323.9000000000008,17,1323.9000000000008,swap,notBad
4586,17,1323.3000000000006,17,1323.3000000000006,move,newBest
4587,17,1323.3000000000006,17,1323.3000000000006,2opt,improve
4588,17,1323.3000000000006,17,1323.3000000000006,2opt,notBad
4589,17,1323.3000000000006,17,1323.3000000000006,move,improve
4590,17,1323.3000000000006,17,1323.3000000000006,move,improve
4591,17,1323.3000000000006,17,1323.3000000000006,2opt,notBad
4592,17,1323.3000000000006,17,1323.3000000000006,2opt,notBad
4593,17,1323.3000000000006,17,1323.3000000000006,2opt,improve
4594,17,1323.3000000000006,17,1323.3000000000006,2opt,notBad
4595,17,1323.3000000000006,17,1323.3000000000006,move,improve
4596,17,1323.3000000000006,17,1323.3000000000006,2opt,notBad
4597,17,1323.3000000000006,17,1323.3000000000006,swap,notBad
4598,17,1323.3000000000006,17,1323.3000000000006,swap,notBad
4599,17,1323.3000000000006,17,1323.3000000000006,move,improve
4600,17,1323.3000000000006,17,1323.3000000000006,swap,notBad
4601,17,1323.3000000000006,17,1323.3000000000006,2opt,notBad
4602,17,1323.3000000000006,17,1323.3000000000006,swap,notBad
4603,17,1323.3000000000006,17,1323.3000000000006,2opt,notBad
4604,17,1323.3000000000006,17,1323.3000000000006,move,improve
4605,17,1323.3000000000006,17,1323.3000000000006,swap,notBad
4606,17,1323.3000000000006,17,1323.3000000000006,2opt,notBad
4607,17,1323.3000000000006,17,1323.3000000000006,move,improve
4608,17,1323.3000000000006,17,1323.3000000000006,swap,notBad
4609,17,1323.3000000000006,17,1323.3000000000006,swap,notBad
4610,17,1323.3000000000006,17,1323.3000000000006,move,improve
4611,17,1323.3000000000006,17,1323.3000000000006,move,improve
4612,17,1323.3000000000006,17,1323.3000000000006,2opt,notBad
4613,17,1323.3000000000006,17,1323.3000000000006,move,improve
4614,17,1323.3000000000006,17,1323.3000000000006,2opt,notBad
4615,17,1323.3000000000006,17,1323.3000000000006,swap,notBad
4616,17,1323.3000000000006,17,1323.3000000000006,2opt,improve
4617,17,1323.3000000000006,17,1323.3000000000006,move,improve
4618,17,1323.3000000000006,17,1323.3000000000006,2opt,improve
4619,17,1323.3000000000006,17,1323.3000000000006,swap,notBad
4620,17,1323.4000000000003,17,1323.3000000000006,2opt,acceptBad
4621,17,1323.4000000000003,17,1323.3000000000006,move,improve
4622,17,1323.4000000000003,17,1323.3000000000006,move,improve
4623,17,1323.4000000000003,17,1323.3000000000006,swap,notBad
4624,17,1323.4000000000003,17,1323.3000000000006,swap,notBad
4625,17,1323.4000000000003,17,1323.3000000000006,swap,notBad
4626,17,1323.4000000000003,17,1323.3000000000006,2opt,notBad
4627,17,1323.4000000000003,17,1323.3000000000006,2opt,notBad
4628,17,1323.4000000000003,17,1323.3000000000006,move,improve
4629,17,1323.4000000000003,17,1323.3000000000006,swap,notBad
4630,17,1323.4000000000003,17,1323.3000000000006,2opt,notBad
4631,17,1323.4000000000003,17,1323.3000000000006,swap,notBad
4632,17,1323.4000000000003,17,1323.3000000000006,move,improve
4633,17,1323.4000000000003,17,1323.3000000000006,2opt,notBad
4634,17,1323.4000000000003,17,1323.3000000000006,2opt,notBad
4635,17,1323.4000000000003,17,1323.3000000000006,2opt,notBad
4636,17,1323.4000000000003,17,1323.3000000000006,move,improve
4637,17,1323.4000000000003,17,1323.3000000000006,move,improve
4638,17,1323.4000000000003,17,1323.3000000000006,move,improve
4639,17,1323.4000000000003,17,1323.3000000000006,2opt,notBad
4640,17,1323.4000000000003,17,1323.3000000000006,move,improve
4641,17,1323.4000000000003,17,1323.3000000000006,swap,notBad
4642,17,1319.5000000000005,17,1319.5000000000005,2opt,newBest
4643,17,1319.5000000000005,17,1319.5000000000005,move,improve
4644,17,1319.5000000000005,17,1319.5000000000005,move,improve
4645,17,1319.5000000000005,17,1319.5000000000005,move,improve
4646,17,1319.5000000000005,17,1319.5000000000005,swap,notBad
4647,17,1319.5000000000005,17,1319.5000000000005,move,improve
4648,17,1319.5000000000005,17,1319.5000000000005,swap,notBad
4649,17,1319.5000000000005,17,1319.5000000000005,swap,notBad
4650,17,1319.5000000000005,17,1319.5000000000005,move,improve
4651,17,1319.5000000000005,17,1319.5000000000005,swap,notBad
4652,17,1319.5000000000005,17,1319.5000000000005,swap,notBad
4653,17,1319.5000000000005,17,1319.5000000000005,swap,notBad
4654,17,1319.5000000000005,17,1319.5000000000005,move,improve
4655,17,1319.5000000000005,17,1319.5000000000005,move,improve
4656,17,1319.5000000000005,17,1319.5000000000005,move,improve
4657,17,1319.5000000000005,17,1319.5000000000005,2opt,notBad
4658,17,1319.5000000000005,17,1319.5000000000005,swap,notBad
4659,17,1319.5000000000005,17,1319.5000000000005,swap,notBad
4660,17,1319.5000000000005,17,1319.5000000000005,swap,notBad
4661,17,1318.0000000000002,17,1318.0000000000002,swap,newBest
4662,17,1318.0000000000002,17,1318.0000000000002,2opt,notBad
4663,17,1318.0000000000002,17,1318.0000000000002,2opt,notBad
4664,17,1318.0000000000002,17,1318.0000000000002,move,improve
4665,17,1318.0000000000002,17,1318.0000000000002,2opt,notBad
4666,17,1318.0000000000002,17,1318.0000000000002,2opt,notBad
4667,17,1318.0000000000002,17,1318.0000000000002,move,improve
4668,17,1318.0000000000002,17,1318.0000000000002,move,improve
4669,17,1318.0000000000002,17,1318.0000000000002,swap,notBad
4670,17,1318.0000000000002,17,1318.0000000000002,swap,notBad
4671,17,1318.0000000000002,17,1318.0000000000002,swap,notBad
4672,17,1318.0000000000002,17,1318.0000000000002,swap,notBad
4673,17,1318.0000000000002,17,1318.0000000000002,move,improve
4674,17,1318.0000000000002,17,1318.0000000000002,2opt,notBad
4675,17,1318.0000000000002,17,1318.0000000000002,2opt,notBad
4676,17,1318.0000000000002,17,1318.0000000000002,2opt,notBad
4677,17,1318.0000000000002,17,1318.0000000000002,2opt,improve
4678,17,1318.0000000000002,17,1318.0000000000002,2opt,notBad
4679,17,1318.0000000000002,17,1318.0000000000002,2opt,notBad
4680,17,1318.0000000000002,17,1318.0000000000002,2opt,notBad
4681,17,1318.0000000000002,17,1318.0000000000002,2opt,notBad
4682,17,1322.8000000000002,17,1318.0000000000002,swap,acceptBad
4683,17,1322.8000000000002,17,1318.0000000000002,2opt,notBad
4684,17,1322.8000000000002,17,1318.0000000000002,swap,notBad
4685,17,1322.8000000000002,17,1318.0000000000002,move,improve
4686,17,1322.8000000000002,17,1318.0000000000002,2opt,notBad
4687,17,1322.8000000000002,17,1318.0000000000002,2opt,notBad
4688,17,1322.8000000000002,17,1318.0000000000002,swap,notBad
4689,17,1322.8000000000002,17,1318.0000000000002,swap,notBad
4690,17,1322.8000000000002,17,1318.0000000000002,swap,notBad
4691,17,1322.8000000000002,17,1318.0000000000002,move,improve
4692,17,1322.8000000000002,17,1318.0000000000002,swap,notBad
4693,17,1322.8000000000002,17,1318.0000000000002,swap,notBad
4694,17,1322.8000000000002,17,1318.0000000000002,2opt,notBad
4695,17,1322.8000000000002,17,1318.0000000000002,move,improve
4696,17,1322.8000000000002,17,1318.0000000000002,swap,notBad
4697,17,1322.8000000000002,17,1318.0000000000002,swap,notBad
4698,17,1322.8000000000002,17,1318.0000000000002,2opt,notBad
4699,17,1322.8000000000002,17,1318.0000000000002,2opt,notBad
4700,17,1322.8000000000002,17,1318.0000000000002,2opt,improve
4701,17,1322.8000000000002,17,1318.0000000000002,2opt,improve
4702,17,1322.8000000000002,17,1318.0000000000002,move,improve
4703,17,1322.8000000000002,17,1318.0000000000002,2opt,notBad
4704,17,1322.8000000000002,17,1318.0000000000002,2opt,notBad
4705,17,1322.8000000000002,17,1318.0000000000002,2opt,notBad
4706,17,1322.8000000000002,17,1318.0000000000002,swap,notBad
4707,17,1322.8000000000002,17,1318.0000000000002,move,improve
4708,17,1322.8000000000002,17,1318.0000000000002,move,improve
4709,17,1322.8000000000002,17,1318.0000000000002,move,improve
4710,17,1322.8000000000002,17,1318.0000000000002,2opt,notBad
4711,17,1322.8000000000002,17,1318.0000000000002,move,improve
4712,17,1322.8000000000002,17,1318.0000000000002,move,improve
4713,17,1322.8000000000002,17,1318.0000000000002,swap,notBad
4714,17,1322.8000000000002,17,1318.0000000000002,2opt,notBad
4715,17,1322.8000000000002,17,1318.0000000000002,move,improve
4716,17,1322.8000000000002,17,1318.0000000000002,2opt,notBad
4717,17,1322.8000000000002,17,1318.0000000000002,2opt,notBad
4718,17,1322.8000000000002,17,1318.0000000000002,swap,notBad
4719,17,1322.8000000000002,17,1318.0000000000002,move,improve
4720,17,1322.8000000000002,17,1318.0000000000002,move,improve
4721,17,1322.8000000000002,17,1318.0000000000002,swap,notBad
4722,17,1322.8000000000002,17,1318.0000000000002,swap,notBad
4723,17,1322.8000000000002,17,1318.0000000000002,swap,notBad
4724,17,1322.8000000000002,17,1318.0000000000002,swap,notBad
4725,17,1322.8000000000002,17,1318.0000000000002,2opt,notBad
4726,17,1322.8000000000002,17,1318.0000000000002,move,improve
4727,17,1322.8000000000002,17,1318.0000000000002,2opt,notBad
4728,17,1322.8000000000002,17,1318.0000000000002,swap,notBad
4729,17,1322.8000000000002,17,1318.0000000000002,swap,notBad
4730,17,1322.8000000000002,17,1318.0000000000002,2opt,notBad
4731,17,1322.8000000000002,17,1318.0000000000002,swap,notBad
4732,17,1322.8000000000002,17,1318.0000000000002,2opt,improve
4733,17,1322.8000000000002,17,1318.0000000000002,swap,notBad
4734,17,1322.8000000000002,17,1318.0000000000002,2opt,notBad
4735,17,1322.8000000000002,17,1318.0000000000002,swap,notBad
4736,17,1322.8000000000002,17,1318.0000000000002,move,improve
4737,17,1322.8000000000002,17,1318.0000000000002,swap,notBad
4738,17,1322.8000000000002,17,1318.0000000000002,swap,notBad
4739,17,1322.8000000000002,17,1318.0000000000002,2opt,notBad
4740,17,1322.8000000000002,17,1318.0000000000002,swap,notBad
4741,17,1322.8000000000002,17,1318.0000000000002,2opt,notBad
4742,17,1322.8000000000002,17,1318.0000000000002,move,improve
4743,17,1322.8000000000002,17,1318.0000000000002,move,improve
4744,17,1322.8000000000002,17,1318.0000000000002,2opt,notBad
4745,17,1322.8000000000002,17,1318.0000000000002,2opt,notBad
4746,17,1322.8000000000002,17,1318.0000000000002,2opt,notBad
4747,17,1322.8000000000002,17,1318.0000000000002,swap,notBad
4748,17,1322.8000000000002,17,1318.0000000000002,swap,notBad
4749,17,1322.8000000000002,17,1318.0000000000002,swap,notBad
4750,17,1322.8000000000002,17,1318.0000000000002,2opt,notBad
4751,17,1322.8000000000002,17,1318.0000000000002,move,improve
4752,17,1322.8000000000002,17,1318.0000000000002,swap,notBad
4753,17,1322.8000000000002,17,1318.0000000000002,move,improve
4754,17,1322.8000000000002,17,1318.0000000000002,2opt,notBad
4755,17,1322.8000000000002,17,1318.0000000000002,2opt,notBad
4756,17,1322.8000000000002,17,1318.0000000000002,2opt,notBad
4757,17,1322.8000000000002,17,1318.0000000000002,move,improve
4758,17,1322.8000000000002,17,1318.0000000000002,2opt,improve
4759,17,1322.8000000000002,17,1318.0000000000002,move,improve
4760,17,1322.8000000000002,17,1318.0000000000002,2opt,notBad
4761,17,1322.8000000000002,17,1318.0000000000002,swap,notBad
4762,17,1322.8000000000002,17,1318.0000000000002,move,improve
4763,17,1322.8000000000002,17,1318.0000000000002,2opt,notBad
4764,17,1322.8000000000002,17,1318.0000000000002,swap,notBad
4765,17,1322.8000000000002,17,1318.0000000000002,swap,notBad
4766,17,1322.8000000000002,17,1318.0000000000002,2opt,notBad
4767,17,1322.8000000000002,17,1318.0000000000002,swap,notBad
4768,17,1322.8000000000002,17,1318.0000000000002,2opt,notBad
4769,17,1322.8000000000002,17,1318.0000000000002,move,improve
4770,17,1322.8000000000002,17,1318.0000000000002,swap,notBad
4771,17,1322.8000000000002,17,1318.0000000000002,2opt,notBad
4772,17,1322.8000000000002,17,1318.0000000000002,2opt,notBad
4773,17,1322.8000000000002,17,1318.0000000000002,swap,notBad
4774,17,1322.8000000000002,17,1318.0000000000002,2opt,notBad
4775,17,1322.8000000000002,17,1318.0000000000002,move,improve
4776,17,1320.7,17,1318.0000000000002,move,improve
4777,17,1320.7,17,1318.0000000000002,move,improve
4778,17,1320.7,17,1318.0000000000002,swap,notBad
4779,17,1320.7,17,1318.0000000000002,2opt,notBad
4780,17,1320.7,17,1318.0000000000002,swap,notBad
4781,17,1320.7,17,1318.0000000000002,2opt,notBad
4782,17,1320.7,17,1318.0000000000002,swap,notBad
4783,17,1320.7,17,1318.0000000000002,move,improve
4784,17,1320.7,17,1318.0000000000002,2opt,notBad
4785,17,1320.7,17,1318.0000000000002,swap,notBad
4786,17,1320.7,17,1318.0000000000002,swap,notBad
4787,17,1320.7,17,1318.0000000000002,2opt,notBad
4788,17,1320.7,17,1318.0000000000002,move,improve
4789,17,1320.7,17,1318.0000000000002,move,improve
4790,17,1320.7,17,1318.0000000000002,move,improve
4791,17,1320.7,17,1318.0000000000002,move,improve
4792,17,1320.7,17,1318.0000000000002,move,improve
4793,17,1320.7,17,1318.0000000000002,swap,notBad
4794,17,1320.7,17,1318.0000000000002,swap,notBad
4795,17,1320.7,17,1318.0000000000002,move,improve
4796,17,1320.7,17,1318.0000000000002,move,improve
4797,17,1320.7,17,1318.0000000000002,swap,notBad
4798,17,1320.7,17,1318.0000000000002,move,improve
4799,17,1320.7,17,1318.0000000000002,swap,notBad
4800,17,1320.7,17,1318.0000000000002,swap,notBad
4801,17,1320.7,17,1318.0000000000002,move,improve
4802,17,1320.7,17,1318.0000000000002,swap,notBad
4803,17,1320.7,17,1318.0000000000002,swap,notBad
4804,17,1320.7,17,1318.0000000000002,2opt,notBad
4805,17,1320.7,17,1318.0000000000002,swap,notBad
4806,17,1320.7,17,1318.0000000000002,swap,notBad
4807,17,1320.7,17,1318.0000000000002,swap,notBad
4808,17,1320.7,17,1318.0000000000002,move,improve
4809,17,1320.7,17,1318.0000000000002,2opt,notBad
4810,17,1320.7,17,1318.0000000000002,2opt,notBad
4811,17,1320.7,17,1318.0000000000002,swap,notBad
4812,17,1320.7,17,1318.0000000000002,swap,notBad
4813,17,1320.7,17,1318.0000000000002,move,improve
4814,17,1320.7,17,1318.0000000000002,2opt,notBad
4815,17,1320.7,17,1318.0000000000002,swap,notBad
4816,17,1320.7,17,1318.0000000000002,move,improve
4817,17,1320.7,17,1318.0000000000002,2opt,notBad
4818,17,1320.7,17,1318.0000000000002,swap,notBad
4819,17,1320.7,17,1318.0000000000002,swap,notBad
4820,17,1320.7,17,1318.0000000000002,2opt,notBad
4821,17,1320.7,17,1318.0000000000002,2opt,notBad
4822,17,1320.7,17,1318.0000000000002,swap,notBad
4823,17,1320.7,17,1318.0000000000002,swap,notBad
4824,17,1320.7,17,1318.0000000000002,2opt,notBad
4825,17,1320.7,17,1318.0000000000002,move,improve
4826,17,1320.7,17,1318.0000000000002,2opt,improve
4827,17,1320.7,17,1318.0000000000002,swap,notBad
4828,17,1320.7,17,1318.0000000000002,2opt,notBad
4829,17,1320.7,17,1318.0000000000002,2opt,improve
4830,17,1320.7,17,1318.0000000000002,swap,notBad
4831,17,1320.7,17,1318.0000000000002,move,improve
4832,17,1320.7,17,1318.0000000000002,swap,notBad
4833,17,1320.7,17,1318.0000000000002,2opt,notBad
4834,17,1320.7,17,1318.0000000000002,move,improve
4835,17,1320.7,17,1318.0000000000002,move,improve
4836,17,1320.7,17,1318.0000000000002,swap,notBad
4837,17,1320.7,17,1318.0000000000002,2opt,notBad
4838,17,1320.7,17,1318.0000000000002,swap,notBad
4839,17,1320.7,17,1318.0000000000002,2opt,notBad
4840,17,1320.7,17,1318.0000000000002,2opt,notBad
4841,17,1320.7,17,1318.0000000000002,swap,notBad
4842,17,1320.7,17,1318.0000000000002,move,improve
4843,17,1320.7,17,1318.0000000000002,2opt,notBad
4844,17,1320.7,17,1318.0000000000002,swap,notBad
4845,17,1320.7,17,1318.0000000000002,2opt,notBad
4846,17,1320.7,17,1318.0000000000002,swap,notBad
4847,17,1320.7,17,1318.0000000000002,2opt,notBad
4848,17,1320.7,17,1318.0000000000002,2opt,notBad
4849,17,1320.7,17,1318.0000000000002,swap,notBad
4850,17,1322.2000000000003,17,1318.0000000000002,swap,acceptBad
4851,17,1322.2000000000003,17,1318.0000000000002,2opt,notBad
4852,17,1322.2000000000003,17,1318.0000000000002,swap,notBad
4853,17,1322.2000000000003,17,1318.0000000000002,2opt,notBad
4854,17,1322.2000000000003,17,1318.0000000000002,swap,notBad
4855,17,1322.2000000000003,17,1318.0000000000002,swap,notBad
4856,17,1322.2000000000003,17,1318.0000000000002,move,improve
4857,17,1322.2000000000003,17,1318.0000000000002,move,improve
4858,17,1322.2000000000003,17,1318.0000000000002,swap,notBad
4859,17,1309.4,17,1309.4,move,newBest
4860,17,1309.4,17,1309.4,2opt,notBad
4861,17,1309.4,17,1309.4,move,improve
4862,17,1309.4,17,1309.4,swap,notBad
4863,17,1309.4,17,1309.4,2opt,notBad
4864,17,1309.4,17,1309.4,move,improve
4865,17,1309.4,17,1309.4,2opt,notBad
4866,17,1309.4,17,1309.4,2opt,notBad
4867,17,1309.4,17,1309.4,swap,notBad
4868,17,1309.4,17,1309.4,2opt,improve
4869,17,1309.4,17,1309.4,move,improve
4870,17,1309.4,17,1309.4,swap,notBad
4871,17,1309.4,17,1309.4,2opt,notBad
4872,17,1309.4,17,1309.4,swap,notBad
4873,17,1309.4,17,1309.4,2opt,notBad
4874,17,1309.4,17,1309.4,swap,notBad
4875,17,1309.4,17,1309.4,swap,notBad
4876,17,1309.4,17,1309.4,2opt,notBad
4877,17,1309.4,17,1309.4,move,improve
4878,17,1309.4,17,1309.4,swap,notBad
4879,17,1309.4,17,1309.4,2opt,improve
4880,17,1309.4,17,1309.4,2opt,notBad
4881,17,1309.4,17,1309.4,2opt,notBad
4882,17,1309.4,17,1309.4,swap,notBad
4883,17,1309.4,17,1309.4,swap,notBad
4884,17,1309.4,17,1309.4,swap,notBad
4885,17,1309.4,17,1309.4,move,improve
4886,17,1309.4,17,1309.4,swap,notBad
4887,17,1309.4,17,1309.4,2opt,improve
4888,17,1309.4,17,1309.4,2opt,notBad
4889,17,1309.4,17,1309.4,2opt,notBad
4890,17,1309.4,17,1309.4,move,improve
4891,17,1309.4,17,1309.4,move,improve
4892,17,1309.4,17,1309.4,swap,notBad
4893,17,1309.4,17,1309.4,swap,notBad
4894,17,1309.4,17,1309.4,2opt,improve
4895,17,1309.4,17,1309.4,2opt,notBad
4896,17,1309.4,17,1309.4,swap,notBad
4897,17,1309.4,17,1309.4,move,improve
4898,17,1309.4,17,1309.4,2opt,notBad
4899,17,1309.4,17,1309.4,swap,notBad
4900,17,1309.4,17,1309.4,swap,notBad
4901,17,1309.4,17,1309.4,move,improve
4902,17,1309.4,17,1309.4,2opt,notBad
4903,17,1309.4,17,1309.4,move,improve
4904,17,1309.4,17,1309.4,swap,notBad
4905,17,1309.4,17,1309.4,swap,notBad
4906,17,1309.4,17,1309.4,move,improve
4907,17,1309.7,17,1309.4,2opt,acceptBad
4908,17,1309.7,17,1309.4,2opt,notBad
4909,17,1309.7,17,1309.4,2opt,improve
4910,17,1306.1,17,1306.1,move,newBest
4911,17,1306.1,17,1306.1,move,improve
4912,17,1306.1,17,1306.1,2opt,notBad
4913,17,1306.1,17,1306.1,swap,notBad
4914,17,1306.1,17,1306.1,swap,notBad
4915,17,1306.1,17,1306.1,2opt,notBad
4916,17,1306.1,17,1306.1,move,improve
4917,17,1306.1,17,1306.1,2opt,notBad
4918,17,1306.1,17,1306.1,move,improve
4919,17,1306.1,17,1306.1,2opt,notBad
4920,17,1306.1,17,1306.1,swap,notBad
4921,17,1306.1,17,1306.1,swap,notBad
4922,17,1306.1,17,1306.1,move,improve
4923,17,1306.1,17,1306.1,swap,notBad
4924,17,1306.1,17,1306.1,move,improve
4925,17,1306.1,17,1306.1,2opt,notBad
4926,17,1306.1,17,1306.1,move,improve
4927,17,1306.1,17,1306.1,move,improve
4928,17,1306.1,17,1306.1,2opt,notBad
4929,17,1306.1,17,1306.1,swap,notBad
4930,17,1306.1,17,1306.1,move,improve
4931,17,1306.1,17,1306.1,move,improve
4932,17,1306.1,17,1306.1,2opt,notBad
4933,17,1306.1,17,1306.1,2opt,notBad
4934,17,1306.1,17,1306.1,swap,notBad
4935,17,1306.1,17,1306.1,move,improve
4936,17,1306.1,17,1306.1,swap,notBad
4937,17,1306.1,17,1306.1,move,improve
4938,17,1306.1,17,1306.1,swap,notBad
4939,17,1306.1,17,1306.1,2opt,notBad
4940,17,1306.1,17,1306.1,move,improve
4941,17,1306.1,17,1306.1,swap,notBad
4942,17,1306.1,17,1306.1,swap,notBad
4943,17,1306.1,17,1306.1,2opt,notBad
4944,17,1306.1,17,1306.1,2opt,notBad
4945,17,1306.1,17,1306.1,2opt,notBad
4946,17,1306.1,17,1306.1,2opt,notBad
4947,17,1306.1,17,1306.1,move,improve
4948,17,1306.1,17,1306.1,swap,notBad
4949,17,1306.1,17,1306.1,swap,notBad
4950,17,1306.1,17,1306.1,2opt,notBad
4951,17,1306.1,17,1306.1,swap,notBad
4952,17,1306.1,17,1306.1,move,improve
4953,17,1306.1,17,1306.1,move,improve
4954,17,1306.1,17,1306.1,swap,notBad
4955,17,1306.1,17,1306.1,move,improve
4956,17,1306.1,17,1306.1,move,improve
4957,17,1306.1,17,1306.1,move,improve
4958,17,1306.1,17,1306.1,2opt,notBad
4959,17,1306.1,17,1306.1,2opt,notBad
4960,17,1306.1,17,1306.1,move,improve
4961,17,1306.1,17,1306.1,2opt,notBad
4962,17,1306.1,17,1306.1,2opt,improve
4963,17,1306.1,17,1306.1,2opt,notBad
4964,17,1306.1,17,1306.1,2opt,notBad
4965,17,1306.1,17,1306.1,2opt,notBad
4966,17,1306.1,17,1306.1,swap,notBad
4967,17,1306.1,17,1306.1,swap,notBad
4968,17,1306.1,17,1306.1,2opt,notBad
4969,17,1306.1,17,1306.1,move,improve
4970,17,1307.6000000000001,17,1306.1,swap,acceptBad
4971,17,1307.6000000000001,17,1306.1,swap,notBad
4972,17,1307.6000000000001,17,1306.1,2opt,notBad
4973,17,1307.6000000000001,17,1306.1,2opt,notBad
4974,17,1307.6000000000001,17,1306.1,move,improve
4975,17,1307.6000000000001,17,1306.1,2opt,notBad
4976,17,1307.6000000000001,17,1306.1,move,improve
4977,17,1307.6000000000001,17,1306.1,2opt,notBad
4978,17,1305.6000000000001,17,1305.6000000000001,move,newBest
4979,17,1305.6000000000001,17,1305.6000000000001,swap,notBad
4980,17,1305.6000000000001,17,1305.6000000000001,move,improve
4981,17,1305.6000000000001,17,1305.6000000000001,2opt,notBad
4982,17,1305.6000000000001,17,1305.6000000000001,swap,notBad
4983,17,1305.6000000000001,17,1305.6000000000001,2opt,notBad
4984,17,1305.6000000000001,17,1305.6000000000001,swap,notBad
4985,17,1305.6000000000001,17,1305.6000000000001,2opt,notBad
4986,17,1305.6000000000001,17,1305.6000000000001,2opt,notBad
4987,17,1305.6000000000001,17,1305.6000000000001,2opt,notBad
4988,17,1305.6000000000001,17,1305.6000000000001,swap,notBad
4989,17,1305.6000000000001,17,1305.6000000000001,move,improve
4990,17,1305.6000000000001,17,1305.6000000000001,swap,notBad
4991,17,1305.6000000000001,17,1305.6000000000001,move,improve
4992,17,1305.6000000000001,17,1305.6000000000001,swap,notBad
4993,17,1306.9000000000003,17,1305.6000000000001,swap,acceptBad
4994,17,1306.9000000000003,17,1305.6000000000001,2opt,notBad
4995,17,1306.9000000000003,17,1305.6000000000001,move,improve
4996,17,1306.9000000000003,17,1305.6000000000001,swap,notBad
4997,17,1306.9000000000003,17,1305.6000000000001,swap,notBad
4998,17,1306.9000000000003,17,1305.6000000000001,move,improve
4999,17,1306.9000000000003,17,1305.6000000000001,swap,notBad
5000,17,1306.9000000000003,17,1305.6000000000001,2opt,notBad
5001,17,1306.9000000000003,17,1305.6000000000001,swap,notBad
5002,17,1306.9000000000003,17,1305.6000000000001,2opt,notBad
5003,17,1306.9000000000003,17,1305.6000000000001,swap,notBad
5004,17,1306.9000000000003,17,1305.6000000000001,move,improve
5005,17,1306.9000000000003,17,1305.6000000000001,move,improve
5006,17,1306.9000000000003,17,1305.6000000000001,2opt,notBad
5007,17,1308.4000000000003,17,1305.6000000000001,swap,acceptBad
5008,17,1308.4000000000003,17,1305.6000000000001,2opt,notBad
5009,17,1308.4000000000003,17,1305.6000000000001,2opt,notBad
5010,17,1308.4000000000003,17,1305.6000000000001,2opt,improve
5011,17,1304.2000000000003,17,1304.2000000000003,move,newBest
5012,17,1304.2000000000003,17,1304.2000000000003,move,improve
5013,17,1304.2000000000003,17,1304.2000000000003,2opt,notBad
5014,17,1304.2000000000003,17,1304.2000000000003,2opt,notBad
5015,17,1304.2000000000003,17,1304.2000000000003,swap,notBad
5016,17,1304.2000000000003,17,1304.2000000000003,swap,notBad
5017,17,1304.2000000000003,17,1304.2000000000003,swap,notBad
5018,17,1304.2000000000003,17,1304.2000000000003,2opt,notBad
5019,17,1304.2000000000003,17,1304.2000000000003,2opt,notBad
5020,17,1304.2000000000003,17,1304.2000000000003,2opt,notBad
5021,17,1304.2000000000003,17,1304.2000000000003,move,improve
5022,17,1304.2000000000003,17,1304.2000000000003,swap,notBad
5023,17,1304.2000000000003,17,1304.2000000000003,2opt,notBad
5024,17,1304.2000000000003,17,1304.2000000000003,swap,notBad
5025,17,1304.2000000000003,17,1304.2000000000003,move,improve
5026,17,1304.2000000000003,17,1304.2000000000003,2opt,notBad
5027,17,1304.2000000000003,17,1304.2000000000003,2opt,notBad
5028,17,1304.2000000000003,17,1304.2000000000003,swap,notBad
5029,17,1304.2000000000003,17,1304.2000000000003,move,improve
5030,17,1304.2000000000003,17,1304.2000000000003,move,improve
5031,17,1304.2000000000003,17,1304.2000000000003,swap,notBad
5032,17,1304.2000000000003,17,1304.2000000000003,swap,notBad
5033,17,1304.2000000000003,17,1304.2000000000003,2opt,notBad
5034,17,1304.2000000000003,17,1304.2000000000003,move,improve
5035,17,1304.2000000000003,17,1304.2000000000003,move,improve
5036,17,1304.2000000000003,17,1304.2000000000003,swap,notBad
5037,17,1304.2000000000003,17,1304.2000000000003,swap,notBad
5038,17,1304.2000000000003,17,1304.2000000000003,move,improve
5039,17,1304.2000000000003,17,1304.2000000000003,2opt,notBad
5040,17,1304.2000000000003,17,1304.2000000000003,swap,notBad
5041,17,1304.2000000000003,17,1304.2000000000003,swap,notBad
5042,17,1304.2000000000003,17,1304.2000000000003,move,improve
5043,17,1304.2000000000003,17,1304.2000000000003,move,improve
5044,17,1304.2000000000003,17,1304.2000000000003,2opt,notBad
5045,17,1304.2000000000003,17,1304.2000000000003,move,improve
5046,17,1304.2000000000003,17,1304.2000000000003,swap,notBad
5047,17,1304.2000000000003,17,1304.2000000000003,2opt,notBad
5048,17,1304.2000000000003,17,1304.2000000000003,swap,notBad
5049,17,1304.2000000000003,17,1304.2000000000003,move,improve
5050,17,1304.2000000000003,17,1304.2000000000003,swap,notBad
5051,17,1304.2000000000003,17,1304.2000000000003,2opt,notBad
5052,17,1304.2000000000003,17,1304.2000000000003,move,improve
5053,17,1304.2000000000003,17,1304.2000000000003,2opt,notBad
5054,17,1304.2000000000003,17,1304.2000000000003,swap,notBad
5055,17,1304.2000000000003,17,1304.2000000000003,swap,notBad
5056,17,1304.2000000000003,17,1304.2000000000003,swap,notBad
5057,17,1304.2000000000003,17,1304.2000000000003,swap,notBad
5058,17,1304.2000000000003,17,1304.2000000000003,2opt,notBad
5059,17,1304.2000000000003,17,1304.2000000000003,swap,notBad
5060,17,1304.2000000000003,17,1304.2000000000003,2opt,notBad
5061,17,1304.2000000000003,17,1304.2000000000003,2opt,notBad
5062,17,1304.2000000000003,17,1304.2000000000003,2opt,notBad
5063,17,1304.2000000000003,17,1304.2000000000003,2opt,notBad
5064,17,1304.2000000000003,17,1304.2000000000003,swap,notBad
5065,17,1304.2000000000003,17,1304.2000000000003,move,improve
5066,17,1304.2000000000003,17,1304.2000000000003,2opt,notBad
5067,17,1304.2000000000003,17,1304.2000000000003,swap,notBad
5068,17,1304.2000000000003,17,1304.2000000000003,move,improve
5069,17,1304.2000000000003,17,1304.2000000000003,2opt,notBad
5070,17,1304.2,17,1304.2,move,newBest
5071,17,1304.2,17,1304.2,2opt,notBad
5072,17,1304.2,17,1304.2,move,improve
5073,17,1304.2,17,1304.2,swap,notBad
5074,17,1304.2,17,1304.2,2opt,improve
5075,17,1304.2,17,1304.2,swap,notBad
5076,17,1304.2,17,1304.2,move,improve
5077,17,1304.0,17,1304.0,move,newBest
5078,17,1304.0,17,1304.0,move,improve
5079,17,1304.0,17,1304.0,move,improve
5080,17,1302.1000000000001,17,1302.1000000000001,move,newBest
5081,17,1302.1000000000001,17,1302.1000000000001,2opt,notBad
5082,17,1302.1000000000001,17,1302.1000000000001,swap,notBad
5083,17,1302.1000000000001,17,1302.1000000000001,2opt,notBad
5084,17,1302.1000000000001,17,1302.1000000000001,swap,notBad
5085,17,1302.1000000000001,17,1302.1000000000001,move,improve
5086,17,1302.1000000000001,17,1302.1000000000001,swap,notBad
5087,17,1302.1000000000001,17,1302.1000000000001,2opt,improve
5088,17,1302.1000000000001,17,1302.1000000000001,swap,notBad
5089,17,1302.1000000000001,17,1302.1000000000001,swap,notBad
5090,17,1302.1000000000001,17,1302.1000000000001,2opt,notBad
5091,17,1302.1000000000001,17,1302.1000000000001,2opt,notBad
5092,17,1302.1000000000001,17,1302.1000000000001,2opt,notBad
5093,17,1302.1000000000001,17,1302.1000000000001,2opt,notBad
5094,17,1302.1000000000001,17,1302.1000000000001,swap,notBad
5095,17,1302.1000000000001,17,1302.1000000000001,move,improve
5096,17,1302.1000000000001,17,1302.1000000000001,swap,notBad
5097,17,1302.1000000000001,17,1302.1000000000001,move,improve
5098,17,1302.1000000000001,17,1302.1000000000001,swap,notBad
5099,17,1302.1000000000001,17,1302.1000000000001,2opt,notBad
5100,17,1302.1000000000001,17,1302.1000000000001,swap,notBad
5101,17,1302.1000000000001,17,1302.1000000000001,move,improve
5102,17,1302.1000000000001,17,1302.1000000000001,2opt,notBad
5103,17,1302.1000000000001,17,1302.1000000000001,swap,notBad
5104,17,1302.1000000000001,17,1302.1000000000001,move,improve
5105,17,1302.1000000000001,17,1302.1000000000001,2opt,notBad
5106,17,1302.1000000000001,17,1302.1000000000001,swap,notBad
5107,17,1302.1000000000001,17,1302.1000000000001,2opt,notBad
5108,17,1302.1000000000001,17,1302.1000000000001,move,improve
5109,17,1302.1000000000001,17,1302.1000000000001,2opt,notBad
5110,17,1302.1000000000001,17,1302.1000000000001,2opt,notBad
5111,17,1302.1000000000001,17,1302.1000000000001,move,improve
5112,17,1302.1000000000001,17,1302.1000000000001,swap,notBad
5113,17,1302.1000000000001,17,1302.1000000000001,2opt,notBad
5114,17,1302.1000000000001,17,1302.1000000000001,2opt,notBad
5115,17,1302.1000000000001,17,1302.1000000000001,2opt,notBad
5116,17,1302.1000000000001,17,1302.1000000000001,swap,notBad
5117,17,1302.1000000000001,17,1302.1000000000001,2opt,improve
5118,17,1300.6000000000001,17,1300.6000000000001,swap,newBest
5119,17,1300.6000000000001,17,1300.6000000000001,2opt,notBad
5120,17,1300.6000000000001,17,1300.6000000000001,move,improve
5121,17,1299.1,17,1299.1,move,newBest
5122,17,1299.1,17,1299.1,swap,notBad
5123,17,1299.1,17,1299.1,2opt,notBad
5124,17,1299.1,17,1299.1,2opt,notBad
5125,17,1299.1,17,1299.1,move,improve
5126,17,1299.1,17,1299.1,2opt,notBad
5127,17,1299.1,17,1299.1,move,improve
5128,17,1299.1,17,1299.1,move,improve
5129,17,1299.1,17,1299.1,swap,notBad
5130,17,1299.1,17,1299.1,move,improve
5131,17,1299.1,17,1299.1,2opt,improve
5132,16,1290.2999999999997,16,1290.2999999999997,move,newBest
5133,16,1290.2999999999997,16,1290.2999999999997,2opt,notBad
5134,16,1290.2999999999997,16,1290.2999999999997,2opt,notBad
5135,16,1290.2999999999997,16,1290.2999999999997,swap,notBad
5136,16,1290.2999999999997,16,1290.2999999999997,move,improve
5137,16,1290.2999999999997,16,1290.2999999999997,2opt,notBad
5138,16,1290.2999999999997,16,1290.2999999999997,swap,notBad
5139,16,1290.2999999999997,16,1290.2999999999997,2opt,improve
5140,16,1290.2999999999997,16,1290.2999999999997,move,improve
5141,16,1290.2999999999997,16,1290.2999999999997,swap,notBad
5142,16,1290.2999999999997,16,1290.2999999999997,2opt,notBad
5143,16,1291.7999999999997,16,1290.2999999999997,swap,acceptBad
5144,16,1291.7999999999997,16,1290.2999999999997,move,improve
5145,16,1288.2999999999997,16,1288.2999999999997,move,newBest
5146,16,1288.2999999999997,16,1288.2999999999997,2opt,notBad
5147,16,1288.2999999999997,16,1288.2999999999997,move,improve
5148,16,1288.2999999999997,16,1288.2999999999997,2opt,notBad
5149,16,1288.2999999999997,16,1288.2999999999997,2opt,notBad
5150,16,1288.2999999999997,16,1288.2999999999997,2opt,notBad
5151,16,1288.2999999999997,16,1288.2999999999997,swap,notBad
5152,16,1288.2999999999997,16,1288.2999999999997,2opt,notBad
5153,16,1288.2999999999997,16,1288.2999999999997,move,improve
5154,16,1288.2999999999997,16,1288.2999999999997,swap,notBad
5155,16,1287.3999999999996,16,1287.3999999999996,swap,newBest
5156,16,1287.3999999999996,16,1287.3999999999996,swap,notBad
5157,16,1287.3999999999996,16,1287.3999999999996,swap,notBad
5158,16,1287.3999999999996,16,1287.3999999999996,swap,notBad
5159,16,1287.3999999999996,16,1287.3999999999996,swap,notBad
5160,16,1287.3999999999996,16,1287.3999999999996,swap,notBad
5161,16,1287.3999999999996,16,1287.3999999999996,swap,notBad
5162,16,1287.3999999999996,16,1287.3999999999996,2opt,notBad
5163,16,1287.3999999999996,16,1287.3999999999996,move,improve
5164,16,1287.3999999999996,16,1287.3999999999996,move,improve
5165,16,1287.3999999999996,16,1287.3999999999996,2opt,notBad
5166,16,1287.3999999999996,16,1287.3999999999996,move,improve
5167,16,1287.3999999999996,16,1287.3999999999996,2opt,notBad
5168,16,1287.3999999999996,16,1287.3999999999996,2opt,notBad
5169,16,1287.3999999999996,16,1287.3999999999996,move,improve
5170,16,1287.3999999999996,16,1287.3999999999996,move,improve
5171,16,1287.3999999999996,16,1287.3999999999996,2opt,notBad
5172,16,1287.3999999999996,16,1287.3999999999996,move,improve
5173,16,1287.3999999999996,16,1287.3999999999996,swap,notBad
5174,16,1287.3999999999996,16,1287.3999999999996,swap,notBad
5175,16,1287.3999999999996,16,1287.3999999999996,2opt,notBad
5176,16,1287.3999999999996,16,1287.3999999999996,2opt,improve
5177,16,1287.3999999999996,16,1287.3999999999996,2opt,notBad
5178,16,1287.3999999999996,16,1287.3999999999996,2opt,notBad
5179,16,1287.3999999999996,16,1287.3999999999996,swap,notBad
5180,16,1287.3999999999996,16,1287.3999999999996,2opt,improve
5181,16,1287.3999999999996,16,1287.3999999999996,swap,notBad
5182,16,1283.2999999999995,16,1283.2999999999995,move,newBest
5183,16,1283.2999999999995,16,1283.2999999999995,move,improve
5184,16,1283.2999999999995,16,1283.2999999999995,move,improve
5185,16,1283.2999999999995,16,1283.2999999999995,swap,notBad
5186,16,1283.2999999999995,16,1283.2999999999995,swap,notBad
5187,16,1283.2999999999995,16,1283.2999999999995,2opt,notBad
5188,16,1283.2999999999995,16,1283.2999999999995,swap,notBad
5189,16,1283.2999999999995,16,1283.2999999999995,2opt,improve
5190,16,1283.2999999999995,16,1283.2999999999995,2opt,notBad
5191,16,1283.2999999999995,16,1283.2999999999995,move,improve
5192,16,1283.2999999999995,16,1283.2999999999995,2opt,improve
5193,16,1283.2999999999995,16,1283.2999999999995,move,improve
5194,16,1283.2999999999995,16,1283.2999999999995,2opt,improve
5195,16,1283.2999999999995,16,1283.2999999999995,2opt,notBad
5196,16,1283.2999999999995,16,1283.2999999999995,swap,notBad
5197,16,1283.2999999999995,16,1283.2999999999995,swap,notBad
5198,16,1283.2999999999995,16,1283.2999999999995,2opt,notBad
5199,16,1283.2999999999995,16,1283.2999999999995,swap,notBad
5200,16,1283.2999999999995,16,1283.2999999999995,swap,notBad
5201,16,1283.2999999999995,16,1283.2999999999995,swap,notBad
5202,16,1283.2999999999995,16,1283.2999999999995,move,improve
5203,16,1283.2999999999995,16,1283.2999999999995,move,improve
5204,16,1283.2999999999995,16,1283.2999999999995,2opt,notBad
5205,16,1283.2999999999995,16,1283.2999999999995,2opt,notBad
5206,16,1283.2999999999995,16,1283.2999999999995,swap,notBad
5207,16,1283.2999999999995,16,1283.2999999999995,2opt,notBad
5208,16,1283.2999999999995,16,1283.2999999999995,swap,notBad
5209,16,1282.9999999999995,16,1282.9999999999995,move,newBest
5210,16,1282.9999999999995,16,1282.9999999999995,2opt,notBad
5211,16,1282.9999999999995,16,1282.9999999999995,2opt,notBad
5212,16,1282.9999999999995,16,1282.9999999999995,2opt,notBad
5213,16,1282.9999999999995,16,1282.9999999999995,swap,notBad
5214,16,1282.9999999999995,16,1282.9999999999995,swap,notBad
5215,16,1282.9999999999995,16,1282.9999999999995,2opt,notBad
5216,16,1282.9999999999995,16,1282.9999999999995,2opt,notBad
5217,16,1282.9999999999995,16,1282.9999999999995,swap,notBad
5218,16,1282.9999999999995,16,1282.9999999999995,swap,notBad
5219,16,1282.9999999999995,16,1282.9999999999995,2opt,improve
5220,16,1282.9999999999995,16,1282.9999999999995,2opt,notBad
5221,16,1282.9999999999995,16,1282.9999999999995,2opt,notBad
5222,16,1282.9999999999995,16,1282.9999999999995,swap,notBad
5223,16,1282.9999999999995,16,1282.9999999999995,2opt,notBad
5224,16,1282.9999999999995,16,1282.9999999999995,2opt,notBad
5225,16,1282.9999999999995,16,1282.9999999999995,move,improve
5226,16,1282.9999999999995,16,1282.9999999999995,move,improve
5227,16,1282.9999999999995,16,1282.9999999999995,move,improve
5228,16,1282.9999999999995,16,1282.9999999999995,2opt,notBad
5229,16,1287.3999999999996,16,1282.9999999999995,move,acceptBad
5230,16,1286.8999999999999,16,1282.9999999999995,move,improve
5231,16,1286.8999999999999,16,1282.9999999999995,2opt,notBad
5232,16,1286.8999999999999,16,1282.9999999999995,swap,notBad
5233,16,1286.8999999999999,16,1282.9999999999995,2opt,notBad
5234,16,1286.8999999999999,16,1282.9999999999995,swap,notBad
5235,16,1286.8999999999999,16,1282.9999999999995,move,improve
5236,16,1286.8999999999999,16,1282.9999999999995,move,improve
5237,16,1286.8999999999999,16,1282.9999999999995,2opt,notBad
5238,16,1286.8999999999999,16,1282.9999999999995,move,improve
5239,16,1286.8999999999999,16,1282.9999999999995,swap,notBad
5240,16,1286.8999999999999,16,1282.9999999999995,swap,notBad
5241,16,1286.8999999999999,16,1282.9999999999995,move,improve
5242,16,1286.8999999999999,16,1282.9999999999995,2opt,notBad
5243,16,1286.8999999999999,16,1282.9999999999995,move,improve
5244,16,1286.8999999999999,16,1282.9999999999995,move,improve
5245,16,1286.8999999999999,16,1282.9999999999995,swap,notBad
5246,16,1286.8999999999999,16,1282.9999999999995,swap,notBad
5247,16,1286.8999999999999,16,1282.9999999999995,swap,notBad
5248,16,1286.8999999999999,16,1282.9999999999995,swap,notBad
5249,16,1286.8999999999999,16,1282.9999999999995,2opt,notBad
5250,16,1286.8999999999999,16,1282.9999999999995,swap,notBad
5251,16,1286.8999999999999,16,1282.9999999999995,move,improve
5252,16,1286.8999999999999,16,1282.9999999999995,move,improve
5253,16,1286.8999999999999,16,1282.9999999999995,move,improve
5254,16,1286.8999999999999,16,1282.9999999999995,2opt,notBad
5255,16,1284.7999999999997,16,1282.9999999999995,move,improve
5256,16,1284.7999999999997,16,1282.9999999999995,swap,notBad
5257,16,1284.7999999999997,16,1282.9999999999995,2opt,notBad
5258,16,1284.7999999999997,16,1282.9999999999995,move,improve
5259,16,1284.7999999999997,16,1282.9999999999995,2opt,notBad
5260,16,1284.7999999999997,16,1282.9999999999995,swap,notBad
5261,16,1284.7999999999997,16,1282.9999999999995,swap,notBad
5262,16,1284.7999999999997,16,1282.9999999999995,swap,notBad
5263,16,1284.7999999999997,16,1282.9999999999995,swap,notBad
5264,16,1284.7999999999997,16,1282.9999999999995,move,improve
5265,16,1284.7999999999997,16,1282.9999999999995,move,improve
5266,16,1284.7999999999997,16,1282.9999999999995,2opt,notBad
5267,16,1284.7999999999997,16,1282.9999999999995,swap,notBad
5268,16,1284.7999999999997,16,1282.9999999999995,swap,notBad
5269,16,1288.2,16,1282.9999999999995,swap,acceptBad
5270,16,1288.2,16,1282.9999999999995,move,improve
5271,16,1288.2,16,1282.9999999999995,2opt,notBad
5272,16,1288.2,16,1282.9999999999995,move,improve
5273,16,1288.2,16,1282.9999999999995,swap,notBad
5274,16,1288.2,16,1282.9999999999995,swap,notBad
5275,16,1288.2,16,1282.9999999999995,2opt,notBad
5276,16,1288.2,16,1282.9999999999995,2opt,notBad
5277,16,1288.2,16,1282.9999999999995,2opt,notBad
5278,16,1288.2,16,1282.9999999999995,move,improve
5279,16,1288.2,16,1282.9999999999995,2opt,notBad
5280,16,1288.2,16,1282.9999999999995,swap,notBad
5281,16,1288.2,16,1282.9999999999995,move,improve
5282,16,1288.2,16,1282.9999999999995,2opt,notBad
5283,16,1288.2,16,1282.9999999999995,move,improve
5284,16,1288.2,16,1282.9999999999995,swap,notBad
5285,16,1288.2,16,1282.9999999999995,2opt,notBad
5286,16,1288.2,16,1282.9999999999995,swap,notBad
5287,16,1288.2,16,1282.9999999999995,move,improve
5288,16,1288.2,16,1282.9999999999995,move,improve
5289,16,1288.2,16,1282.9999999999995,2opt,notBad
5290,16,1288.2,16,1282.9999999999995,2opt,notBad
5291,16,1288.2,16,1282.9999999999995,move,improve
5292,16,1288.2,16,1282.9999999999995,move,improve
5293,16,1288.2,16,1282.9999999999995,swap,notBad
5294,16,1288.2,16,1282.9999999999995,2opt,notBad
5295,16,1288.2,16,1282.9999999999995,move,improve
5296,16,1288.2,16,1282.9999999999995,2opt,notBad
5297,16,1288.2,16,1282.9999999999995,swap,notBad
5298,16,1288.2,16,1282.9999999999995,swap,notBad
5299,16,1288.2,16,1282.9999999999995,swap,notBad
5300,16,1288.2,16,1282.9999999999995,move,improve
5301,16,1288.2,16,1282.9999999999995,move,improve
5302,16,1288.2,16,1282.9999999999995,swap,notBad
5303,16,1288.2,16,1282.9999999999995,swap,notBad
5304,16,1288.2,16,1282.9999999999995,2opt,notBad
5305,16,1288.2,16,1282.9999999999995,swap,notBad
5306,16,1288.2,16,1282.9999999999995,2opt,notBad
5307,16,1288.2,16,1282.9999999999995,move,improve
5308,16,1288.2,16,1282.9999999999995,move,improve
5309,16,1288.2,16,1282.9999999999995,2opt,notBad
5310,16,1288.2,16,1282.9999999999995,swap,notBad
5311,16,1288.2,16,1282.9999999999995,2opt,notBad
5312,16,1288.2,16,1282.9999999999995,move,improve
5313,16,1288.2,16,1282.9999999999995,move,improve
5314,16,1288.2,16,1282.9999999999995,swap,notBad
5315,16,1288.2,16,1282.9999999999995,2opt,notBad
5316,16,1288.2,16,1282.9999999999995,move,improve
5317,16,1295.1,16,1282.9999999999995,move,acceptBad
5318,16,1295.1,16,1282.9999999999995,move,improve
5319,16,1295.1,16,1282.9999999999995,swap,notBad
5320,16,1295.1,16,1282.9999999999995,2opt,notBad
5321,16,1295.1,16,1282.9999999999995,2opt,notBad
5322,16,1295.1,16,1282.9999999999995,move,improve
5323,16,1295.1,16,1282.9999999999995,2opt,improve
5324,16,1295.1,16,1282.9999999999995,2opt,notBad
5325,16,1295.1,16,1282.9999999999995,swap,notBad
5326,16,1295.1,16,1282.9999999999995,swap,notBad
5327,16,1295.1,16,1282.9999999999995,move,improve
5328,16,1295.1,16,1282.9999999999995,move,improve
5329,16,1295.1,16,1282.9999999999995,2opt,notBad
5330,16,1295.1,16,1282.9999999999995,move,improve
5331,16,1295.1,16,1282.9999999999995,2opt,notBad
5332,16,1291.6999999999998,16,1282.9999999999995,swap,improve
5333,16,1291.6999999999998,16,1282.9999999999995,2opt,notBad
5334,16,1291.6999999999998,16,1282.9999999999995,2opt,notBad
5335,16,1291.6999999999998,16,1282.9999999999995,move,improve
5336,16,1291.6999999999998,16,1282.9999999999995,2opt,improve
5337,16,1291.6999999999998,16,1282.9999999999995,move,improve
5338,16,1291.6999999999998,16,1282.9999999999995,swap,notBad
5339,16,1291.6999999999998,16,1282.9999999999995,move,improve
5340,16,1291.6999999999998,16,1282.9999999999995,2opt,notBad
5341,16,1291.6999999999998,16,1282.9999999999995,2opt,improve
5342,16,1291.6999999999998,16,1282.9999999999995,move,improve
5343,16,1291.6999999999998,16,1282.9999999999995,move,improve
5344,16,1291.6999999999998,16,1282.9999999999995,swap,notBad
5345,16,1291.6999999999998,16,1282.9999999999995,2opt,notBad
5346,16,1291.6999999999998,16,1282.9999999999995,2opt,notBad
5347,16,1291.6999999999998,16,1282.9999999999995,move,improve
5348,16,1291.6999999999998,16,1282.9999999999995,2opt,notBad
5349,16,1291.6999999999998,16,1282.9999999999995,move,improve
5350,16,1291.6999999999998,16,1282.9999999999995,swap,notBad
5351,16,1291.6999999999998,16,1282.9999999999995,swap,notBad
5352,16,1291.6999999999998,16,1282.9999999999995,2opt,notBad
5353,16,1291.6999999999998,16,1282.9999999999995,swap,notBad
5354,16,1291.6999999999998,16,1282.9999999999995,move,improve
5355,16,1291.6999999999998,16,1282.9999999999995,move,improve
5356,16,1291.6999999999998,16,1282.9999999999995,2opt,improve
5357,16,1291.6999999999998,16,1282.9999999999995,2opt,notBad
5358,16,1291.6999999999998,16,1282.9999999999995,2opt,improve
5359,16,1291.6999999999998,16,1282.9999999999995,2opt,notBad
5360,16,1291.6999999999998,16,1282.9999999999995,move,improve
5361,16,1291.6999999999998,16,1282.9999999999995,swap,notBad
5362,16,1291.6999999999998,16,1282.9999999999995,move,improve
5363,16,1291.6999999999998,16,1282.9999999999995,move,improve
5364,16,1291.6999999999998,16,1282.9999999999995,move,improve
5365,16,1291.6999999999998,16,1282.9999999999995,swap,notBad
5366,16,1291.6999999999998,16,1282.9999999999995,2opt,notBad
5367,16,1291.6999999999998,16,1282.9999999999995,swap,notBad
5368,16,1291.6999999999998,16,1282.9999999999995,2opt,notBad
5369,16,1291.6999999999998,16,1282.9999999999995,2opt,improve
5370,16,1291.6999999999998,16,1282.9999999999995,2opt,notBad
5371,16,1291.6999999999998,16,1282.9999999999995,swap,notBad
5372,16,1291.6999999999998,16,1282.9999999999995,2opt,notBad
5373,16,1291.6999999999998,16,1282.9999999999995,2opt,notBad
5374,16,1291.6999999999998,16,1282.9999999999995,move,improve
5375,16,1291.6999999999998,16,1282.9999999999995,move,improve
5376,16,1291.6999999999998,16,1282.9999999999995,move,improve
5377,16,1291.6999999999998,16,1282.9999999999995,2opt,notBad
5378,16,1291.6999999999998,16,1282.9999999999995,2opt,notBad
5379,16,1291.6999999999998,16,1282.9999999999995,2opt,improve
5380,16,1291.6999999999998,16,1282.9999999999995,2opt,notBad
5381,16,1291.6999999999998,16,1282.9999999999995,2opt,notBad
5382,16,1291.6999999999998,16,1282.9999999999995,move,improve
5383,16,1291.6999999999998,16,1282.9999999999995,2opt,notBad
5384,16,1291.6999999999998,16,1282.9999999999995,2opt,notBad
5385,16,1291.6999999999998,16,1282.9999999999995,move,improve
5386,16,1291.6999999999998,16,1282.9999999999995,swap,notBad
5387,16,1288.6,16,1282.9999999999995,move,improve
5388,16,1288.6,16,1282.9999999999995,2opt,notBad
5389,16,1288.6,16,1282.9999999999995,2opt,notBad
5390,16,1288.6,16,1282.9999999999995,move,improve
5391,16,1288.6,16,1282.9999999999995,move,improve
5392,16,1288.6,16,1282.9999999999995,2opt,notBad
5393,16,1288.6,16,1282.9999999999995,move,improve
5394,16,1288.6,16,1282.9999999999995,2opt,notBad
5395,16,1288.6,16,1282.9999999999995,2opt,notBad
5396,16,1288.6,16,1282.9999999999995,move,improve
5397,16,1289.1,16,1282.9999999999995,move,acceptBad
5398,16,1289.1,16,1282.9999999999995,swap,notBad
5399,16,1289.1,16,1282.9999999999995,move,improve
5400,16,1289.1,16,1282.9999999999995,2opt,notBad
5401,16,1289.1,16,1282.9999999999995,swap,notBad
5402,16,1289.1,16,1282.9999999999995,2opt,notBad
5403,16,1289.1,16,1282.9999999999995,swap,notBad
5404,16,1289.1,16,1282.9999999999995,move,improve
5405,16,1289.1,16,1282.9999999999995,move,improve
5406,16,1289.1,16,1282.9999999999995,swap,notBad
5407,16,1289.1,16,1282.9999999999995,2opt,notBad
5408,16,1289.1,16,1282.9999999999995,swap,notBad
5409,16,1289.1,16,1282.9999999999995,2opt,improve
5410,16,1289.1,16,1282.9999999999995,2opt,improve
5411,16,1289.1,16,1282.9999999999995,swap,notBad
5412,16,1289.1,16,1282.9999999999995,move,improve
5413,16,1289.1,16,1282.9999999999995,swap,notBad
5414,16,1289.1,16,1282.9999999999995,2opt,notBad
5415,16,1289.1,16,1282.9999999999995,swap,notBad
5416,16,1289.1,16,1282.9999999999995,move,improve
5417,16,1289.1,16,1282.9999999999995,2opt,notBad
5418,16,1289.1,16,1282.9999999999995,swap,notBad
5419,16,1289.1,16,1282.9999999999995,move,improve
5420,16,1289.1,16,1282.9999999999995,swap,notBad
5421,16,1289.1,16,1282.9999999999995,2opt,notBad
5422,16,1289.1,16,1282.9999999999995,move,improve
5423,16,1289.1,16,1282.9999999999995,swap,notBad
5424,16,1289.1,16,1282.9999999999995,move,improve
5425,16,1289.1,16,1282.9999999999995,swap,notBad
5426,16,1289.1,16,1282.9999999999995,2opt,notBad
5427,16,1289.1,16,1282.9999999999995,2opt,notBad
5428,16,1289.1,16,1282.9999999999995,2opt,notBad
5429,16,1289.1,16,1282.9999999999995,move,improve
5430,16,1289.1,16,1282.9999999999995,move,improve
5431,16,1289.1,16,1282.9999999999995,swap,notBad
5432,16,1289.1,16,1282.9999999999995,2opt,notBad
5433,16,1289.1,16,1282.9999999999995,swap,notBad
5434,16,1289.1,16,1282.9999999999995,2opt,notBad
5435,16,1289.1,16,1282.9999999999995,swap,notBad
5436,16,1289.1,16,1282.9999999999995,2opt,notBad
5437,16,1289.1,16,1282.9999999999995,2opt,notBad
5438,16,1289.1,16,1282.9999999999995,2opt,notBad
5439,16,1289.1,16,1282.9999999999995,move,improve
5440,16,1289.1,16,1282.9999999999995,swap,notBad
5441,16,1289.1,16,1282.9999999999995,swap,notBad
5442,16,1289.1,16,1282.9999999999995,swap,notBad
5443,16,1289.1,16,1282.9999999999995,2opt,notBad
5444,16,1289.1,16,1282.9999999999995,move,improve
5445,16,1289.1,16,1282.9999999999995,move,improve
5446,16,1289.1,16,1282.9999999999995,2opt,notBad
5447,16,1289.1,16,1282.9999999999995,2opt,notBad
5448,16,1289.1,16,1282.9999999999995,2opt,notBad
5449,16,1289.1,16,1282.9999999999995,swap,notBad
5450,16,1289.1,16,1282.9999999999995,2opt,improve
5451,16,1289.1,16,1282.9999999999995,2opt,notBad
5452,16,1289.1,16,1282.9999999999995,swap,notBad
5453,16,1289.1,16,1282.9999999999995,swap,notBad
5454,16,1289.1,16,1282.9999999999995,2opt,notBad
5455,16,1289.1,16,1282.9999999999995,2opt,notBad
5456,16,1289.1,16,1282.9999999999995,2opt,notBad
5457,16,1289.1,16,1282.9999999999995,2opt,improve
5458,16,1289.1,16,1282.9999999999995,move,improve
5459,16,1289.1,16,1282.9999999999995,swap,notBad
5460,16,1289.1,16,1282.9999999999995,2opt,notBad
5461,16,1292.5,16,1282.9999999999995,swap,acceptBad
5462,16,1292.5,16,1282.9999999999995,move,improve
5463,16,1292.5,16,1282.9999999999995,2opt,notBad
5464,16,1292.5,16,1282.9999999999995,swap,notBad
5465,16,1295.3,16,1282.9999999999995,move,acceptBad
5466,16,1295.3,16,1282.9999999999995,swap,notBad
5467,16,1295.3,16,1282.9999999999995,2opt,notBad
5468,16,1295.3,16,1282.9999999999995,2opt,notBad
5469,16,1295.3,16,1282.9999999999995,2opt,notBad
5470,16,1295.3,16,1282.9999999999995,swap,notBad
5471,16,1295.3,16,1282.9999999999995,2opt,notBad
5472,16,1295.3,16,1282.9999999999995,move,improve
5473,16,1295.3,16,1282.9999999999995,swap,notBad
5474,16,1295.3,16,1282.9999999999995,move,improve
5475,16,1295.3,16,1282.9999999999995,2opt,improve
5476,16,1295.3,16,1282.9999999999995,swap,notBad
5477,16,1295.3,16,1282.9999999999995,move,improve
5478,16,1295.3,16,1282.9999999999995,2opt,notBad
5479,16,1295.3,16,1282.9999999999995,swap,notBad
5480,16,1295.3,16,1282.9999999999995,2opt,notBad
5481,16,1295.3,16,1282.9999999999995,swap,notBad
5482,16,1295.3,16,1282.9999999999995,move,improve
5483,16,1295.3,16,1282.9999999999995,2opt,notBad
5484,16,1295.3,16,1282.9999999999995,move,improve
5485,16,1295.3,16,1282.9999999999995,swap,notBad
5486,16,1295.3,16,1282.9999999999995,2opt,improve
5487,16,1295.3,16,1282.9999999999995,swap,notBad
5488,16,1295.3,16,1282.9999999999995,2opt,notBad
5489,16,1295.3,16,1282.9999999999995,2opt,notBad
5490,16,1295.3,16,1282.9999999999995,swap,notBad
5491,16,1295.3,16,1282.9999999999995,2opt,notBad
5492,16,1295.3,16,1282.9999999999995,move,improve
5493,16,1295.3,16,1282.9999999999995,move,improve
5494,16,1295.3,16,1282.9999999999995,swap,notBad
5495,16,1295.3,16,1282.9999999999995,move,improve
5496,16,1295.3,16,1282.9999999999995,2opt,notBad
5497,16,1295.3,16,1282.9999999999995,swap,notBad
5498,16,1295.3,16,1282.9999999999995,swap,notBad
5499,16,1295.3,16,1282.9999999999995,swap,notBad
5500,16,1295.3,16,1282.9999999999995,2opt,notBad
5501,16,1295.3,16,1282.9999999999995,swap,notBad
5502,16,1295.3,16,1282.9999999999995,swap,notBad
5503,16,1295.3,16,1282.9999999999995,2opt,notBad
5504,16,1295.3,16,1282.9999999999995,swap,notBad
5505,16,1295.3,16,1282.9999999999995,2opt,notBad
5506,16,1295.3,16,1282.9999999999995,2opt,notBad
5507,16,1295.3,16,1282.9999999999995,swap,notBad
5508,16,1295.3,16,1282.9999999999995,2opt,notBad
5509,16,1295.3,16,1282.9999999999995,2opt,notBad
5510,16,1295.3,16,1282.9999999999995,move,improve
5511,16,1295.3,16,1282.9999999999995,move,improve
5512,16,1295.3,16,1282.9999999999995,2opt,improve
5513,16,1295.3,16,1282.9999999999995,move,improve
5514,16,1295.3,16,1282.9999999999995,move,improve
5515,16,1295.3,16,1282.9999999999995,move,improve
5516,16,1294.9,16,1282.9999999999995,swap,improve
5517,16,1294.9,16,1282.9999999999995,move,improve
5518,16,1294.9,16,1282.9999999999995,2opt,notBad
5519,16,1294.9,16,1282.9999999999995,2opt,notBad
5520,16,1294.9,16,1282.9999999999995,move,improve
5521,16,1294.9,16,1282.9999999999995,move,improve
5522,16,1294.9,16,1282.9999999999995,2opt,notBad
5523,16,1294.9,16,1282.9999999999995,swap,notBad
5524,16,1294.9,16,1282.9999999999995,2opt,notBad
5525,16,1294.9,16,1282.9999999999995,2opt,notBad
5526,16,1294.9,16,1282.9999999999995,2opt,notBad
5527,16,1294.9,16,1282.9999999999995,2opt,notBad
5528,16,1294.9,16,1282.9999999999995,swap,notBad
5529,16,1294.9,16,1282.9999999999995,2opt,notBad
5530,16,1294.9,16,1282.9999999999995,swap,notBad
5531,16,1294.9,16,1282.9999999999995,move,improve
5532,16,1294.9,16,1282.9999999999995,move,improve
5533,16,1294.9,16,1282.9999999999995,2opt,notBad
5534,16,1294.9,16,1282.9999999999995,swap,notBad
5535,16,1294.9,16,1282.9999999999995,move,improve
5536,16,1294.9,16,1282.9999999999995,swap,notBad
5537,16,1294.9,16,1282.9999999999995,2opt,notBad
5538,16,1294.9,16,1282.9999999999995,2opt,notBad
5539,16,1294.9,16,1282.9999999999995,2opt,notBad
5540,16,1294.9,16,1282.9999999999995,move,improve
5541,16,1294.9,16,1282.9999999999995,swap,notBad
5542,16,1294.9,16,1282.9999999999995,swap,notBad
5543,16,1291.4,16,1282.9999999999995,move,improve
5544,16,1291.4,16,1282.9999999999995,move,improve
5545,16,1291.4,16,1282.9999999999995,swap,notBad
5546,16,1291.4,16,1282.9999999999995,move,improve
5547,16,1291.4,16,1282.9999999999995,swap,notBad
5548,16,1291.4,16,1282.9999999999995,swap,notBad
5549,16,1291.4,16,1282.9999999999995,2opt,improve
5550,16,1291.4,16,1282.9999999999995,move,improve
5551,16,1291.4,16,1282.9999999999995,move,improve
5552,16,1291.4,16,1282.9999999999995,swap,notBad
5553,16,1291.4,16,1282.9999999999995,swap,notBad
5554,16,1291.4,16,1282.9999999999995,move,improve
5555,16,1291.4,16,1282.9999999999995,2opt,notBad
5556,16,1291.4,16,1282.9999999999995,swap,notBad
5557,16,1291.4,16,1282.9999999999995,swap,notBad
5558,16,1291.4,16,1282.9999999999995,2opt,notBad
5559,16,1291.4,16,1282.9999999999995,move,improve
5560,16,1291.4,16,1282.9999999999995,2opt,notBad
5561,16,1291.4,16,1282.9999999999995,swap,notBad
5562,16,1291.4,16,1282.9999999999995,move,improve
5563,16,1291.4,16,1282.9999999999995,2opt,notBad
5564,16,1291.4,16,1282.9999999999995,swap,notBad
5565,16,1291.4,16,1282.9999999999995,move,improve
5566,16,1291.4,16,1282.9999999999995,2opt,notBad
5567,16,1291.4,16,1282.9999999999995,move,improve
5568,16,1291.4,16,1282.9999999999995,swap,notBad
5569,16,1291.4,16,1282.9999999999995,move,improve
5570,16,1291.4,16,1282.9999999999995,swap,notBad
5571,16,1291.4,16,1282.9999999999995,move,improve
5572,16,1291.4,16,1282.9999999999995,2opt,notBad
5573,16,1291.4,16,1282.9999999999995,move,improve
5574,16,1291.4,16,1282.9999999999995,2opt,notBad
5575,16,1291.4,16,1282.9999999999995,move,improve
5576,16,1291.4,16,1282.9999999999995,2opt,notBad
5577,16,1291.4,16,1282.9999999999995,swap,notBad
5578,16,1291.4,16,1282.9999999999995,2opt,notBad
5579,16,1291.4,16,1282.9999999999995,move,improve
5580,16,1291.4,16,1282.9999999999995,2opt,notBad
5581,16,1291.4,16,1282.9999999999995,2opt,notBad
5582,16,1291.4,16,1282.9999999999995,2opt,notBad
5583,16,1291.4,16,1282.9999999999995,2opt,notBad
5584,16,1291.4,16,1282.9999999999995,2opt,notBad
5585,16,1291.4,16,1282.9999999999995,2opt,improve
5586,16,1291.4,16,1282.9999999999995,move,improve
5587,16,1291.4,16,1282.9999999999995,swap,notBad
5588,16,1291.4,16,1282.9999999999995,swap,notBad
5589,16,1291.4,16,1282.9999999999995,swap,notBad
5590,16,1290.5000000000002,16,1282.9999999999995,swap,improve
5591,16,1290.5000000000002,16,1282.9999999999995,2opt,notBad
5592,16,1290.5000000000002,16,1282.9999999999995,2opt,notBad
5593,16,1290.5000000000002,16,1282.9999999999995,swap,notBad
5594,16,1290.5000000000002,16,1282.9999999999995,2opt,notBad
5595,16,1290.5000000000002,16,1282.9999999999995,2opt,improve
5596,16,1290.5000000000002,16,1282.9999999999995,2opt,notBad
5597,16,1290.5000000000002,16,1282.9999999999995,move,improve
5598,16,1290.5000000000002,16,1282.9999999999995,swap,notBad
5599,16,1290.5000000000002,16,1282.9999999999995,move,improve
5600,16,1290.5000000000002,16,1282.9999999999995,move,improve
5601,16,1290.5000000000002,16,1282.9999999999995,2opt,notBad
5602,16,1290.5000000000002,16,1282.9999999999995,move,improve
5603,16,1290.5000000000002,16,1282.9999999999995,move,improve
5604,16,1290.5000000000002,16,1282.9999999999995,swap,notBad
5605,16,1290.5000000000002,16,1282.9999999999995,swap,notBad
5606,16,1290.5000000000002,16,1282.9999999999995,move,improve
5607,16,1290.5000000000002,16,1282.9999999999995,2opt,notBad
5608,16,1290.5000000000002,16,1282.9999999999995,2opt,notBad
5609,16,1290.5000000000002,16,1282.9999999999995,swap,notBad
5610,16,1290.5000000000002,16,1282.9999999999995,swap,notBad
5611,16,1290.5000000000002,16,1282.9999999999995,2opt,notBad
5612,16,1290.5000000000002,16,1282.9999999999995,move,improve
5613,16,1290.5000000000002,16,1282.9999999999995,swap,notBad
5614,16,1290.5000000000002,16,1282.9999999999995,swap,notBad
5615,16,1290.5000000000002,16,1282.9999999999995,move,improve
5616,16,1290.5000000000002,16,1282.9999999999995,move,improve
5617,16,1290.5000000000002,16,1282.9999999999995,2opt,notBad
5618,16,1290.5000000000002,16,1282.9999999999995,move,improve
5619,16,1290.5000000000002,16,1282.9999999999995,move,improve
5620,16,1290.5000000000002,16,1282.9999999999995,2opt,notBad
5621,16,1290.5000000000002,16,1282.9999999999995,swap,notBad
5622,16,1290.5000000000002,16,1282.9999999999995,swap,notBad
5623,16,1290.5000000000002,16,1282.9999999999995,swap,notBad
5624,16,1290.5000000000002,16,1282.9999999999995,2opt,notBad
5625,16,1290.5000000000002,16,1282.9999999999995,move,improve
5626,16,1290.5000000000002,16,1282.9999999999995,swap,notBad
5627,16,1291.2,16,1282.9999999999995,swap,acceptBad
5628,16,1291.2,16,1282.9999999999995,2opt,notBad
5629,16,1291.2,16,1282.9999999999995,swap,notBad
5630,16,1291.2,16,1282.9999999999995,swap,notBad
5631,16,1291.2,16,1282.9999999999995,swap,notBad
5632,16,1291.2,16,1282.9999999999995,2opt,notBad
5633,16,1291.2,16,1282.9999999999995,move,improve
5634,16,1291.2,16,1282.9999999999995,swap,notBad
5635,16,1291.2,16,1282.9999999999995,move,improve
5636,16,1291.2,16,1282.9999999999995,2opt,notBad
5637,16,1291.2,16,1282.9999999999995,2opt,notBad
5638,16,1291.2,16,1282.9999999999995,move,improve
5639,16,1291.2,16,1282.9999999999995,swap,notBad
5640,16,1291.2,16,1282.9999999999995,swap,notBad
5641,16,1291.2,16,1282.9999999999995,swap,notBad
5642,16,1291.2,16,1282.9999999999995,2opt,notBad
5643,16,1291.2,16,1282.9999999999995,swap,notBad
5644,16,1291.2,16,1282.9999999999995,move,improve
5645,16,1291.2,16,1282.9999999999995,2opt,improve
5646,16,1291.2,16,1282.9999999999995,move,improve
5647,16,1291.2,16,1282.9999999999995,move,improve
5648,16,1291.2,16,1282.9999999999995,swap,notBad
5649,16,1291.2,16,1282.9999999999995,swap,notBad
5650,16,1291.2,16,1282.9999999999995,swap,notBad
5651,16,1291.2,16,1282.9999999999995,move,improve
5652,16,1291.2,16,1282.9999999999995,2opt,notBad
5653,16,1291.2,16,1282.9999999999995,move,improve
5654,16,1291.2,16,1282.9999999999995,swap,notBad
5655,16,1291.2,16,1282.9999999999995,swap,notBad
5656,16,1291.2,16,1282.9999999999995,swap,notBad
5657,16,1291.2,16,1282.9999999999995,move,improve
5658,16,1291.2,16,1282.9999999999995,move,improve
5659,16,1291.2,16,1282.9999999999995,2opt,notBad
5660,16,1291.2,16,1282.9999999999995,swap,notBad
5661,16,1291.2,16,1282.9999999999995,swap,notBad
5662,16,1291.6,16,1282.9999999999995,swap,acceptBad
5663,16,1291.6,16,1282.9999999999995,swap,notBad
5664,16,1291.6,16,1282.9999999999995,swap,notBad
5665,16,1291.3999999999999,16,1282.9999999999995,move,improve
5666,16,1291.3999999999999,16,1282.9999999999995,swap,notBad
5667,16,1291.3999999999999,16,1282.9999999999995,2opt,notBad
5668,16,1291.3999999999999,16,1282.9999999999995,swap,notBad
5669,16,1291.3999999999999,16,1282.9999999999995,swap,notBad
5670,16,1291.3999999999999,16,1282.9999999999995,move,improve
5671,16,1291.3999999999999,16,1282.9999999999995,2opt,notBad
5672,16,1291.3999999999999,16,1282.9999999999995,swap,notBad
5673,16,1291.3999999999999,16,1282.9999999999995,move,improve
5674,16,1291.3999999999999,16,1282.9999999999995,swap,notBad
5675,16,1291.3999999999999,16,1282.9999999999995,2opt,notBad
5676,16,1291.3999999999999,16,1282.9999999999995,move,improve
5677,16,1291.3999999999999,16,1282.9999999999995,move,improve
5678,16,1291.3999999999999,16,1282.9999999999995,swap,notBad
5679,16,1291.3999999999999,16,1282.9999999999995,swap,notBad
5680,16,1291.3999999999999,16,1282.9999999999995,move,improve
5681,16,1291.3999999999999,16,1282.9999999999995,2opt,notBad
5682,16,1291.3999999999999,16,1282.9999999999995,move,improve
5683,16,1291.3999999999999,16,1282.9999999999995,move,improve
5684,16,1291.3999999999999,16,1282.9999999999995,2opt,notBad
5685,16,1292.2999999999997,16,1282.9999999999995,swap,acceptBad
5686,16,1292.2999999999997,16,1282.9999999999995,swap,notBad
5687,16,1292.2999999999997,16,1282.9999999999995,2opt,notBad
5688,16,1292.2999999999997,16,1282.9999999999995,swap,notBad
5689,16,1292.2999999999997,16,1282.9999999999995,swap,notBad
5690,16,1292.2999999999997,16,1282.9999999999995,2opt,notBad
5691,16,1292.2999999999997,16,1282.9999999999995,2opt,notBad
5692,16,1292.2999999999997,16,1282.9999999999995,2opt,notBad
5693,16,1292.2999999999997,16,1282.9999999999995,move,improve
5694,16,1292.2999999999997,16,1282.9999999999995,swap,notBad
5695,16,1292.2999999999997,16,1282.9999999999995,swap,notBad
5696,16,1292.2999999999997,16,1282.9999999999995,swap,notBad
5697,16,1292.2999999999997,16,1282.9999999999995,2opt,notBad
5698,16,1292.2999999999997,16,1282.9999999999995,move,improve
5699,16,1292.2999999999997,16,1282.9999999999995,2opt,notBad
5700,16,1292.2999999999997,16,1282.9999999999995,swap,notBad
5701,16,1292.2999999999997,16,1282.9999999999995,swap,notBad
5702,16,1292.2999999999997,16,1282.9999999999995,2opt,notBad
5703,16,1292.0999999999997,16,1282.9999999999995,move,improve
5704,16,1292.0999999999997,16,1282.9999999999995,swap,notBad
5705,16,1292.0999999999997,16,1282.9999999999995,2opt,notBad
5706,16,1292.0999999999997,16,1282.9999999999995,move,improve
5707,16,1292.0999999999997,16,1282.9999999999995,2opt,improve
5708,16,1292.0999999999997,16,1282.9999999999995,swap,notBad
5709,16,1292.0999999999997,16,1282.9999999999995,move,improve
5710,16,1292.0999999999997,16,1282.9999999999995,2opt,notBad
5711,16,1292.0999999999997,16,1282.9999999999995,2opt,improve
5712,16,1292.0999999999997,16,1282.9999999999995,move,improve
5713,16,1292.0999999999997,16,1282.9999999999995,2opt,improve
5714,16,1292.0999999999997,16,1282.9999999999995,swap,notBad
5715,16,1292.0999999999997,16,1282.9999999999995,move,improve
5716,16,1292.0999999999997,16,1282.9999999999995,2opt,improve
5717,16,1292.0999999999997,16,1282.9999999999995,move,improve
5718,16,1292.0999999999997,16,1282.9999999999995,2opt,improve
5719,16,1292.0999999999997,16,1282.9999999999995,swap,notBad
5720,16,1292.0999999999997,16,1282.9999999999995,2opt,improve
5721,16,1292.0999999999997,16,1282.9999999999995,2opt,notBad
5722,16,1292.0999999999997,16,1282.9999999999995,move,improve
5723,16,1292.0999999999997,16,1282.9999999999995,swap,notBad
5724,16,1292.0999999999997,16,1282.9999999999995,2opt,notBad
5725,16,1292.0999999999997,16,1282.9999999999995,2opt,notBad
5726,16,1292.0999999999997,16,1282.9999999999995,2opt,notBad
5727,16,1292.0999999999997,16,1282.9999999999995,swap,notBad
5728,16,1292.0999999999997,16,1282.9999999999995,move,improve
5729,16,1292.0999999999997,16,1282.9999999999995,swap,notBad
5730,16,1292.0999999999997,16,1282.9999999999995,move,improve
5731,16,1292.0999999999997,16,1282.9999999999995,move,improve
5732,16,1292.0999999999997,16,1282.9999999999995,move,improve
5733,16,1292.0999999999997,16,1282.9999999999995,swap,notBad
5734,16,1292.0999999999997,16,1282.9999999999995,swap,notBad
5735,16,1292.0999999999997,16,1282.9999999999995,2opt,notBad
5736,16,1292.0999999999997,16,1282.9999999999995,2opt,notBad
5737,16,1292.0999999999997,16,1282.9999999999995,2opt,notBad
5738,16,1292.0999999999997,16,1282.9999999999995,move,improve
5739,16,1292.0999999999997,16,1282.9999999999995,2opt,notBad
5740,16,1292.0999999999997,16,1282.9999999999995,swap,notBad
5741,16,1292.0999999999997,16,1282.9999999999995,2opt,notBad
5742,16,1292.0999999999997,16,1282.9999999999995,move,improve
5743,16,1292.0999999999997,16,1282.9999999999995,swap,notBad
5744,16,1292.0999999999997,16,1282.9999999999995,move,improve
5745,16,1292.0999999999997,16,1282.9999999999995,swap,notBad
5746,16,1292.0999999999997,16,1282.9999999999995,2opt,notBad
5747,16,1292.0999999999997,16,1282.9999999999995,move,improve
5748,16,1292.0999999999997,16,1282.9999999999995,move,improve
5749,16,1292.0999999999997,16,1282.9999999999995,swap,notBad
5750,16,1292.0999999999997,16,1282.9999999999995,move,improve
5751,16,1292.0999999999997,16,1282.9999999999995,move,improve
5752,16,1292.0999999999997,16,1282.9999999999995,swap,notBad
5753,16,1292.0999999999997,16,1282.9999999999995,swap,notBad
5754,16,1292.0999999999997,16,1282.9999999999995,swap,notBad
5755,16,1292.0999999999997,16,1282.9999999999995,2opt,notBad
5756,16,1292.0999999999997,16,1282.9999999999995,2opt,notBad
5757,16,1292.0999999999997,16,1282.9999999999995,move,improve
5758,16,1292.0999999999997,16,1282.9999999999995,move,improve
5759,16,1292.0999999999997,16,1282.9999999999995,2opt,improve
5760,16,1292.0999999999997,16,1282.9999999999995,swap,notBad
5761,16,1292.0999999999997,16,1282.9999999999995,swap,notBad
5762,16,1292.0999999999997,16,1282.9999999999995,swap,notBad
5763,16,1292.0999999999997,16,1282.9999999999995,move,improve
5764,16,1292.0999999999997,16,1282.9999999999995,2opt,notBad
5765,16,1292.0999999999997,16,1282.9999999999995,swap,notBad
5766,16,1292.0999999999997,16,1282.9999999999995,swap,notBad
5767,16,1292.0999999999997,16,1282.9999999999995,swap,notBad
5768,16,1292.0999999999997,16,1282.9999999999995,2opt,notBad
5769,16,1292.0999999999997,16,1282.9999999999995,swap,notBad
5770,16,1292.0999999999997,16,1282.9999999999995,swap,notBad
5771,16,1292.0999999999997,16,1282.9999999999995,2opt,notBad
5772,16,1292.0999999999997,16,1282.9999999999995,move,improve
5773,16,1292.0999999999997,16,1282.9999999999995,swap,notBad
5774,16,1292.0999999999997,16,1282.9999999999995,move,improve
5775,16,1292.0999999999997,16,1282.9999999999995,2opt,notBad
5776,16,1292.0999999999997,16,1282.9999999999995,swap,notBad
5777,16,1292.0999999999997,16,1282.9999999999995,move,improve
5778,16,1292.0999999999997,16,1282.9999999999995,swap,notBad
5779,16,1292.0999999999997,16,1282.9999999999995,move,improve
5780,16,1292.0999999999997,16,1282.9999999999995,move,improve
5781,16,1292.0999999999997,16,1282.9999999999995,move,improve
5782,16,1292.0999999999997,16,1282.9999999999995,move,improve
5783,16,1292.0999999999997,16,1282.9999999999995,swap,notBad
5784,16,1292.0999999999997,16,1282.9999999999995,2opt,notBad
5785,16,1292.0999999999997,16,1282.9999999999995,2opt,improve
5786,16,1292.0999999999997,16,1282.9999999999995,move,improve
5787,16,1292.0999999999997,16,1282.9999999999995,move,improve
5788,16,1292.0999999999997,16,1282.9999999999995,move,improve
5789,16,1292.0999999999997,16,1282.9999999999995,move,improve
5790,16,1292.0999999999997,16,1282.9999999999995,swap,notBad
5791,16,1292.0999999999997,16,1282.9999999999995,swap,notBad
5792,16,1292.0999999999997,16,1282.9999999999995,move,improve
5793,16,1292.0999999999997,16,1282.9999999999995,2opt,notBad
5794,16,1292.0999999999997,16,1282.9999999999995,swap,notBad
5795,16,1292.0999999999997,16,1282.9999999999995,move,improve
5796,16,1292.0999999999997,16,1282.9999999999995,2opt,notBad
5797,16,1292.0999999999997,16,1282.9999999999995,2opt,notBad
5798,16,1292.0999999999997,16,1282.9999999999995,2opt,notBad
5799,16,1292.0999999999997,16,1282.9999999999995,swap,notBad
5800,16,1292.0999999999997,16,1282.9999999999995,move,improve
5801,16,1292.0999999999997,16,1282.9999999999995,swap,notBad
5802,16,1292.0999999999997,16,1282.9999999999995,move,improve
5803,16,1292.0999999999997,16,1282.9999999999995,2opt,notBad
5804,16,1292.0999999999997,16,1282.9999999999995,swap,notBad
5805,16,1292.0999999999997,16,1282.9999999999995,move,improve
5806,16,1292.0999999999997,16,1282.9999999999995,2opt,notBad
5807,16,1292.0999999999997,16,1282.9999999999995,move,improve
5808,16,1292.0999999999997,16,1282.9999999999995,move,improve
5809,16,1292.0999999999997,16,1282.9999999999995,move,improve
5810,16,1292.0999999999997,16,1282.9999999999995,2opt,improve
5811,16,1292.0999999999997,16,1282.9999999999995,swap,notBad
5812,16,1292.0999999999997,16,1282.9999999999995,swap,notBad
5813,16,1292.0999999999997,16,1282.9999999999995,2opt,notBad
5814,16,1292.0999999999997,16,1282.9999999999995,swap,notBad
5815,16,1292.0999999999997,16,1282.9999999999995,swap,notBad
5816,16,1292.0999999999997,16,1282.9999999999995,swap,notBad
5817,16,1292.0999999999997,16,1282.9999999999995,2opt,notBad
5818,16,1292.0999999999997,16,1282.9999999999995,2opt,notBad
5819,16,1292.0999999999997,16,1282.9999999999995,move,improve
5820,16,1292.0999999999997,16,1282.9999999999995,swap,notBad
5821,16,1292.0999999999997,16,1282.9999999999995,2opt,notBad
5822,16,1292.0999999999997,16,1282.9999999999995,2opt,notBad
5823,16,1292.0999999999997,16,1282.9999999999995,swap,notBad
5824,16,1292.0999999999997,16,1282.9999999999995,swap,notBad
5825,16,1291.6999999999998,16,1282.9999999999995,swap,improve
5826,16,1291.6999999999998,16,1282.9999999999995,swap,notBad
5827,16,1291.6999999999998,16,1282.9999999999995,swap,notBad
5828,16,1291.6999999999998,16,1282.9999999999995,swap,notBad
5829,16,1291.6999999999998,16,1282.9999999999995,move,improve
5830,16,1291.6999999999998,16,1282.9999999999995,2opt,notBad
5831,16,1291.6999999999998,16,1282.9999999999995,2opt,notBad
5832,16,1291.6999999999998,16,1282.9999999999995,swap,notBad
5833,16,1291.6999999999998,16,1282.9999999999995,swap,notBad
5834,16,1291.6999999999998,16,1282.9999999999995,2opt,notBad
5835,16,1291.6999999999998,16,1282.9999999999995,swap,notBad
5836,16,1291.6999999999998,16,1282.9999999999995,move,improve
5837,16,1291.6999999999998,16,1282.9999999999995,swap,notBad
5838,16,1291.6999999999998,16,1282.9999999999995,swap,notBad
5839,16,1291.6999999999998,16,1282.9999999999995,2opt,notBad
5840,16,1291.6999999999998,16,1282.9999999999995,move,improve
5841,16,1291.0,16,1282.9999999999995,move,improve
5842,16,1291.0,16,1282.9999999999995,2opt,notBad
5843,16,1291.0,16,1282.9999999999995,2opt,notBad
5844,16,1291.0,16,1282.9999999999995,move,improve
5845,16,1291.0,16,1282.9999999999995,swap,notBad
5846,16,1291.0,16,1282.9999999999995,2opt,notBad
5847,16,1291.0,16,1282.9999999999995,2opt,improve
5848,16,1291.0,16,1282.9999999999995,move,improve
5849,16,1291.0,16,1282.9999999999995,move,improve
5850,16,1291.0,16,1282.9999999999995,move,improve
5851,16,1291.0,16,1282.9999999999995,2opt,notBad
5852,16,1291.0,16,1282.9999999999995,move,improve
5853,16,1291.0,16,1282.9999999999995,2opt,improve
5854,16,1291.0,16,1282.9999999999995,swap,notBad
5855,16,1291.0,16,1282.9999999999995,2opt,notBad
5856,16,1291.0,16,1282.9999999999995,2opt,notBad
5857,16,1291.0,16,1282.9999999999995,swap,notBad
5858,16,1291.0,16,1282.9999999999995,2opt,notBad
5859,16,1291.0,16,1282.9999999999995,move,improve
5860,16,1291.0,16,1282.9999999999995,swap,notBad
5861,16,1291.0,16,1282.9999999999995,move,improve
5862,16,1291.0,16,1282.9999999999995,swap,notBad
5863,16,1291.0,16,1282.9999999999995,move,improve
5864,16,1291.0,16,1282.9999999999995,move,improve
5865,16,1291.0,16,1282.9999999999995,swap,notBad
5866,16,1291.0,16,1282.9999999999995,move,improve
5867,16,1291.0,16,1282.9999999999995,move,improve
5868,16,1291.0,16,1282.9999999999995,swap,notBad
5869,16,1291.0,16,1282.9999999999995,swap,notBad
5870,16,1291.0,16,1282.9999999999995,move,improve
5871,16,1291.0,16,1282.9999999999995,move,improve
5872,16,1291.0,16,1282.9999999999995,swap,notBad
5873,16,1291.0,16,1282.9999999999995,move,improve
5874,16,1291.0,16,1282.9999999999995,move,improve
5875,16,1291.0,16,1282.9999999999995,swap,notBad
5876,16,1291.0,16,1282.9999999999995,2opt,notBad
5877,16,1291.0,16,1282.9999999999995,swap,notBad
5878,16,1291.0,16,1282.9999999999995,2opt,notBad
5879,16,1291.0,16,1282.9999999999995,2opt,notBad
5880,16,1291.0,16,1282.9999999999995,move,improve
5881,16,1291.0,16,1282.9999999999995,swap,notBad
5882,16,1291.0,16,1282.9999999999995,move,improve
5883,16,1291.0,16,1282.9999999999995,move,improve
5884,16,1291.0,16,1282.9999999999995,swap,notBad
5885,16,1291.0,16,1282.9999999999995,swap,notBad
5886,16,1291.0,16,1282.9999999999995,move,improve
5887,16,1291.0,16,1282.9999999999995,2opt,notBad
5888,16,1291.0,16,1282.9999999999995,move,improve
5889,16,1291.0,16,1282.9999999999995,swap,notBad
5890,16,1291.0,16,1282.9999999999995,2opt,notBad
5891,16,1291.0,16,1282.9999999999995,2opt,notBad
5892,16,1291.0,16,1282.9999999999995,swap,notBad
5893,16,1291.0,16,1282.9999999999995,swap,notBad
5894,16,1291.0,16,1282.9999999999995,2opt,notBad
5895,16,1291.0,16,1282.9999999999995,move,improve
5896,16,1291.0,16,1282.9999999999995,swap,notBad
5897,16,1291.0,16,1282.9999999999995,swap,notBad
5898,16,1291.0,16,1282.9999999999995,swap,notBad
5899,16,1291.0,16,1282.9999999999995,move,improve
5900,16,1291.0,16,1282.9999999999995,swap,notBad
5901,16,1291.0,16,1282.9999999999995,move,improve
5902,16,1291.0,16,1282.9999999999995,swap,notBad
5903,16,1291.0,16,1282.9999999999995,2opt,notBad
5904,16,1291.0,16,1282.9999999999995,2opt,notBad
5905,16,1291.0,16,1282.9999999999995,move,improve
5906,16,1291.0,16,1282.9999999999995,2opt,notBad
5907,16,1291.0,16,1282.9999999999995,move,improve
5908,16,1291.0,16,1282.9999999999995,2opt,notBad
5909,16,1291.0,16,1282.9999999999995,2opt,notBad
5910,16,1292.6,16,1282.9999999999995,swap,acceptBad
5911,16,1292.6,16,1282.9999999999995,2opt,notBad
5912,16,1292.6,16,1282.9999999999995,move,improve
5913,16,1292.6,16,1282.9999999999995,swap,notBad
5914,16,1292.6,16,1282.9999999999995,2opt,notBad
5915,16,1292.6,16,1282.9999999999995,2opt,notBad
5916,16,1292.6,16,1282.9999999999995,move,improve
5917,16,1292.6,16,1282.9999999999995,swap,notBad
5918,16,1292.6,16,1282.9999999999995,2opt,notBad
5919,16,1292.6,16,1282.9999999999995,2opt,notBad
5920,16,1292.6,16,1282.9999999999995,2opt,notBad
5921,16,1292.6,16,1282.9999999999995,2opt,notBad
5922,16,1292.6,16,1282.9999999999995,move,improve
5923,16,1291.0,16,1282.9999999999995,swap,improve
5924,16,1291.0,16,1282.9999999999995,swap,notBad
5925,16,1291.0,16,1282.9999999999995,2opt,notBad
5926,16,1291.0,16,1282.9999999999995,move,improve
5927,16,1291.0,16,1282.9999999999995,2opt,improve
5928,16,1291.0,16,1282.9999999999995,swap,notBad
5929,16,1291.0,16,1282.9999999999995,2opt,notBad
5930,16,1291.0,16,1282.9999999999995,move,improve
5931,16,1291.0,16,1282.9999999999995,move,improve
5932,16,1291.0,16,1282.9999999999995,2opt,notBad
5933,16,1291.0,16,1282.9999999999995,move,improve
5934,16,1291.0,16,1282.9999999999995,2opt,notBad
5935,16,1291.0,16,1282.9999999999995,2opt,notBad
5936,16,1291.0,16,1282.9999999999995,2opt,notBad
5937,16,1291.0,16,1282.9999999999995,2opt,notBad
5938,16,1291.0,16,1282.9999999999995,2opt,notBad
5939,16,1291.0,16,1282.9999999999995,swap,notBad
5940,16,1291.0,16,1282.9999999999995,2opt,notBad
5941,16,1291.0,16,1282.9999999999995,2opt,improve
5942,16,1291.0,16,1282.9999999999995,2opt,notBad
5943,16,1291.0,16,1282.9999999999995,swap,notBad
5944,16,1291.0,16,1282.9999999999995,swap,notBad
5945,16,1291.0,16,1282.9999999999995,2opt,notBad
5946,16,1291.0,16,1282.9999999999995,2opt,notBad
5947,16,1291.0,16,1282.9999999999995,swap,notBad
5948,16,1291.0,16,1282.9999999999995,2opt,notBad
5949,16,1291.0,16,1282.9999999999995,swap,notBad
5950,16,1291.0,16,1282.9999999999995,swap,notBad
5951,16,1291.0,16,1282.9999999999995,swap,notBad
5952,16,1291.0,16,1282.9999999999995,swap,notBad
5953,16,1291.0,16,1282.9999999999995,move,improve
5954,16,1291.0,16,1282.9999999999995,2opt,notBad
5955,16,1291.0,16,1282.9999999999995,swap,notBad
5956,16,1291.0,16,1282.9999999999995,swap,notBad
5957,16,1291.0,16,1282.9999999999995,swap,notBad
5958,16,1291.0,16,1282.9999999999995,swap,notBad
5959,16,1291.0,16,1282.9999999999995,move,improve
5960,16,1291.0,16,1282.9999999999995,swap,notBad
5961,16,1291.0,16,1282.9999999999995,move,improve
5962,16,1291.0,16,1282.9999999999995,2opt,notBad
5963,16,1291.0,16,1282.9999999999995,move,improve
5964,16,1291.0,16,1282.9999999999995,move,improve
5965,16,1291.0,16,1282.9999999999995,2opt,notBad
5966,16,1291.0,16,1282.9999999999995,swap,notBad
5967,16,1291.0,16,1282.9999999999995,swap,notBad
5968,16,1291.0,16,1282.9999999999995,swap,notBad
5969,16,1291.0,16,1282.9999999999995,swap,notBad
5970,16,1291.0,16,1282.9999999999995,move,improve
5971,16,1291.0,16,1282.9999999999995,move,improve
5972,16,1290.1,16,1282.9999999999995,swap,improve
5973,16,1290.1,16,1282.9999999999995,move,improve
5974,16,1290.1,16,1282.9999999999995,swap,notBad
5975,16,1290.1,16,1282.9999999999995,2opt,notBad
5976,16,1290.1,16,1282.9999999999995,move,improve
5977,16,1290.1,16,1282.9999999999995,2opt,notBad
5978,16,1290.1,16,1282.9999999999995,swap,notBad
5979,16,1290.1,16,1282.9999999999995,swap,notBad
5980,16,1290.1,16,1282.9999999999995,move,improve
5981,16,1290.1,16,1282.9999999999995,swap,notBad
5982,16,1290.1,16,1282.9999999999995,move,improve
5983,16,1290.1,16,1282.9999999999995,swap,notBad
5984,16,1290.1,16,1282.9999999999995,swap,notBad
5985,16,1290.1,16,1282.9999999999995,2opt,notBad
5986,16,1290.1,16,1282.9999999999995,swap,notBad
5987,16,1290.1,16,1282.9999999999995,2opt,notBad
5988,16,1290.1,16,1282.9999999999995,2opt,notBad
5989,16,1290.1,16,1282.9999999999995,swap,notBad
5990,16,1290.1,16,1282.9999999999995,2opt,notBad
5991,16,1290.1,16,1282.9999999999995,move,improve
5992,16,1290.1,16,1282.9999999999995,2opt,notBad
5993,16,1290.1,16,1282.9999999999995,swap,notBad
5994,16,1290.1,16,1282.9999999999995,move,improve
5995,16,1290.1,16,1282.9999999999995,move,improve
5996,16,1290.1,16,1282.9999999999995,swap,notBad
5997,16,1290.1,16,1282.9999999999995,move,improve
5998,16,1290.1,16,1282.9999999999995,swap,notBad
5999,16,1290.1,16,1282.9999999999995,swap,notBad
6000,16,1290.1,16,1282.9999999999995,move,improve
6001,16,1290.1,16,1282.9999999999995,swap,notBad
6002,16,1290.1,16,1282.9999999999995,swap,notBad
6003,16,1290.1,16,1282.9999999999995,move,improve
6004,16,1290.1,16,1282.9999999999995,swap,notBad
6005,16,1290.1,16,1282.9999999999995,2opt,notBad
6006,16,1290.1,16,1282.9999999999995,move,improve
6007,16,1290.1,16,1282.9999999999995,swap,notBad
6008,16,1290.1,16,1282.9999999999995,move,improve
6009,16,1290.1,16,1282.9999999999995,2opt,notBad
6010,16,1290.1,16,1282.9999999999995,2opt,improve
6011,16,1290.1,16,1282.9999999999995,move,improve
6012,16,1290.1,16,1282.9999999999995,swap,notBad
6013,16,1290.1,16,1282.9999999999995,move,improve
6014,16,1290.1,16,1282.9999999999995,swap,notBad
6015,16,1290.1,16,1282.9999999999995,swap,notBad
6016,16,1290.1,16,1282.9999999999995,2opt,notBad
6017,16,1290.1,16,1282.9999999999995,2opt,notBad
6018,16,1290.1,16,1282.9999999999995,swap,notBad
6019,16,1290.1,16,1282.9999999999995,2opt,notBad
6020,16,1290.1,16,1282.9999999999995,move,improve
6021,16,1290.1,16,1282.9999999999995,move,improve
6022,16,1290.1,16,1282.9999999999995,move,improve
6023,16,1290.1,16,1282.9999999999995,2opt,notBad
6024,16,1290.1,16,1282.9999999999995,swap,notBad
6025,16,1290.1,16,1282.9999999999995,swap,notBad
6026,16,1290.1,16,1282.9999999999995,swap,notBad
6027,16,1290.1,16,1282.9999999999995,2opt,improve
6028,16,1290.1,16,1282.9999999999995,2opt,notBad
6029,16,1290.1,16,1282.9999999999995,move,improve
6030,16,1290.1,16,1282.9999999999995,2opt,notBad
6031,16,1290.1,16,1282.9999999999995,2opt,notBad
6032,16,1290.1,16,1282.9999999999995,swap,notBad
6033,16,1290.1,16,1282.9999999999995,swap,notBad
6034,16,1290.1,16,1282.9999999999995,move,improve
6035,16,1290.1,16,1282.9999999999995,move,improve
6036,16,1290.1,16,1282.9999999999995,2opt,notBad
6037,16,1290.1,16,1282.9999999999995,move,improve
6038,16,1290.1,16,1282.9999999999995,move,improve
6039,16,1290.1,16,1282.9999999999995,move,improve
6040,16,1290.1,16,1282.9999999999995,2opt,notBad
6041,16,1290.1,16,1282.9999999999995,2opt,notBad
6042,16,1290.1,16,1282.9999999999995,swap,notBad
6043,16,1290.1,16,1282.9999999999995,move,improve
6044,16,1290.1,16,1282.9999999999995,2opt,notBad
6045,16,1290.1,16,1282.9999999999995,swap,notBad
6046,16,1290.1,16,1282.9999999999995,move,improve
6047,16,1290.1,16,1282.9999999999995,move,improve
6048,16,1290.1,16,1282.9999999999995,move,improve
6049,16,1290.1,16,1282.9999999999995,2opt,notBad
6050,16,1290.1,16,1282.9999999999995,2opt,improve
6051,16,1290.1,16,1282.9999999999995,swap,notBad
6052,16,1290.1,16,1282.9999999999995,swap,notBad
6053,16,1290.1,16,1282.9999999999995,2opt,notBad
6054,16,1290.1,16,1282.9999999999995,move,improve
6055,16,1290.1,16,1282.9999999999995,2opt,notBad
6056,16,1290.1,16,1282.9999999999995,move,improve
6057,16,1290.1,16,1282.9999999999995,swap,notBad
6058,16,1290.1,16,1282.9999999999995,swap,notBad
6059,16,1290.1,16,1282.9999999999995,move,improve
6060,16,1290.1,16,1282.9999999999995,2opt,notBad
6061,16,1290.1,16,1282.9999999999995,move,improve
6062,16,1290.1,16,1282.9999999999995,2opt,notBad
6063,16,1290.1,16,1282.9999999999995,move,improve
6064,16,1290.1,16,1282.9999999999995,2opt,improve
6065,16,1290.1,16,1282.9999999999995,swap,notBad
6066,16,1290.1,16,1282.9999999999995,2opt,notBad
6067,16,1290.1,16,1282.9999999999995,swap,notBad
6068,16,1290.1,16,1282.9999999999995,swap,notBad
6069,16,1290.1,16,1282.9999999999995,2opt,notBad
6070,16,1290.1,16,1282.9999999999995,swap,notBad
6071,16,1290.1,16,1282.9999999999995,2opt,notBad
6072,16,1290.1,16,1282.9999999999995,swap,notBad
6073,16,1290.1,16,1282.9999999999995,swap,notBad
6074,16,1290.1,16,1282.9999999999995,2opt,improve
6075,16,1290.1,16,1282.9999999999995,swap,notBad
6076,16,1290.1,16,1282.9999999999995,swap,notBad
6077,16,1290.1,16,1282.9999999999995,swap,notBad
6078,16,1290.1,16,1282.9999999999995,move,improve
6079,16,1290.1,16,1282.9999999999995,swap,notBad
6080,16,1290.1,16,1282.9999999999995,move,improve
6081,16,1290.1,16,1282.9999999999995,2opt,notBad
6082,16,1290.1,16,1282.9999999999995,2opt,notBad
6083,16,1290.1,16,1282.9999999999995,swap,notBad
6084,16,1290.1,16,1282.9999999999995,2opt,notBad
6085,16,1290.1,16,1282.9999999999995,swap,notBad
6086,16,1290.1,16,1282.9999999999995,2opt,notBad
6087,16,1290.1,16,1282.9999999999995,swap,notBad
6088,16,1290.1,16,1282.9999999999995,2opt,notBad
6089,16,1290.1,16,1282.9999999999995,2opt,notBad
6090,16,1290.1,16,1282.9999999999995,swap,notBad
6091,16,1290.1,16,1282.9999999999995,move,improve
6092,16,1290.1,16,1282.9999999999995,2opt,improve
6093,16,1290.1,16,1282.9999999999995,move,improve
6094,16,1291.1,16,1282.9999999999995,swap,acceptBad
6095,16,1291.1,16,1282.9999999999995,move,improve
6096,16,1291.1,16,1282.9999999999995,swap,notBad
6097,16,1291.1,16,1282.9999999999995,2opt,improve
6098,16,1291.1,16,1282.9999999999995,swap,notBad
6099,16,1291.1,16,1282.9999999999995,2opt,notBad
6100,16,1291.1,16,1282.9999999999995,swap,notBad
6101,16,1291.1,16,1282.9999999999995,move,improve
6102,16,1291.1,16,1282.9999999999995,move,improve
6103,16,1291.1,16,1282.9999999999995,move,improve
6104,16,1291.1,16,1282.9999999999995,2opt,notBad
6105,16,1291.1,16,1282.9999999999995,2opt,notBad
6106,16,1291.1,16,1282.9999999999995,2opt,notBad
6107,16,1291.1,16,1282.9999999999995,swap,notBad
6108,16,1291.1,16,1282.9999999999995,move,improve
6109,16,1291.1,16,1282.9999999999995,move,improve
6110,16,1291.1,16,1282.9999999999995,swap,notBad
6111,16,1291.1,16,1282.9999999999995,move,improve
6112,16,1291.1,16,1282.9999999999995,swap,notBad
6113,16,1291.1,16,1282.9999999999995,swap,notBad
6114,16,1291.1,16,1282.9999999999995,swap,notBad
6115,16,1291.1,16,1282.9999999999995,2opt,notBad
6116,16,1291.1,16,1282.9999999999995,move,improve
6117,16,1291.1,16,1282.9999999999995,2opt,notBad
6118,16,1291.1,16,1282.9999999999995,move,improve
6119,16,1291.1,16,1282.9999999999995,move,improve
6120,16,1291.1,16,1282.9999999999995,swap,notBad
6121,16,1291.1,16,1282.9999999999995,move,improve
6122,16,1291.1,16,1282.9999999999995,move,improve
6123,16,1291.1,16,1282.9999999999995,swap,notBad
6124,16,1291.1,16,1282.9999999999995,move,improve
6125,16,1291.1,16,1282.9999999999995,move,improve
6126,16,1291.1,16,1282.9999999999995,move,improve
6127,16,1291.1,16,1282.9999999999995,swap,notBad
6128,16,1291.1,16,1282.9999999999995,2opt,improve
6129,16,1291.1,16,1282.9999999999995,move,improve
6130,16,1291.1,16,1282.9999999999995,move,improve
6131,16,1291.1,16,1282.9999999999995,swap,notBad
6132,16,1291.1,16,1282.9999999999995,swap,notBad
6133,16,1291.1,16,1282.9999999999995,2opt,notBad
6134,16,1291.1,16,1282.9999999999995,2opt,notBad
6135,16,1291.1,16,1282.9999999999995,move,improve
6136,16,1291.1,16,1282.9999999999995,swap,notBad
6137,16,1291.1,16,1282.9999999999995,move,improve
6138,16,1291.1,16,1282.9999999999995,2opt,notBad
6139,16,1291.1,16,1282.9999999999995,move,improve
6140,16,1291.1,16,1282.9999999999995,swap,notBad
6141,16,1291.1,16,1282.9999999999995,swap,notBad
6142,16,1291.1,16,1282.9999999999995,2opt,notBad
6143,16,1291.1,16,1282.9999999999995,move,improve
6144,16,1291.1,16,1282.9999999999995,swap,notBad
6145,16,1291.1,16,1282.9999999999995,move,improve
6146,16,1291.1,16,1282.9999999999995,2opt,notBad
6147,16,1291.1,16,1282.9999999999995,2opt,notBad
6148,16,1291.1,16,1282.9999999999995,move,improve
6149,16,1291.1,16,1282.9999999999995,swap,notBad
6150,16,1291.1,16,1282.9999999999995,swap,notBad
6151,16,1291.1,16,1282.9999999999995,swap,notBad
6152,16,1291.1,16,1282.9999999999995,2opt,notBad
6153,16,1291.1,16,1282.9999999999995,2opt,notBad
6154,16,1291.1,16,1282.9999999999995,move,improve
6155,16,1291.1,16,1282.9999999999995,swap,notBad
6156,16,1291.1,16,1282.9999999999995,2opt,notBad
6157,16,1291.1,16,1282.9999999999995,swap,notBad
6158,16,1291.1,16,1282.9999999999995,move,improve
6159,16,1291.1,16,1282.9999999999995,move,improve
6160,16,1291.1,16,1282.9999999999995,swap,notBad
6161,16,1291.1,16,1282.9999999999995,swap,notBad
6162,16,1291.1,16,1282.9999999999995,swap,notBad
6163,16,1291.1,16,1282.9999999999995,swap,notBad
6164,16,1291.1,16,1282.9999999999995,swap,notBad
6165,16,1291.1,16,1282.9999999999995,move,improve
6166,16,1291.1,16,1282.9999999999995,2opt,notBad
6167,16,1291.1,16,1282.9999999999995,2opt,notBad
6168,16,1291.1,16,1282.9999999999995,swap,notBad
6169,16,1291.1,16,1282.9999999999995,swap,notBad
6170,16,1291.1,16,1282.9999999999995,2opt,notBad
6171,16,1291.1,16,1282.9999999999995,swap,notBad
6172,16,1291.1,16,1282.9999999999995,swap,notBad
6173,16,1291.1,16,1282.9999999999995,swap,notBad
6174,16,1291.1,16,1282.9999999999995,move,improve
6175,16,1291.1,16,1282.9999999999995,move,improve
6176,16,1291.1,16,1282.9999999999995,move,improve
6177,16,1291.1,16,1282.9999999999995,move,improve
6178,16,1291.1,16,1282.9999999999995,swap,notBad
6179,16,1291.1,16,1282.9999999999995,move,improve
6180,16,1291.1,16,1282.9999999999995,move,improve
6181,16,1291.1,16,1282.9999999999995,swap,notBad
6182,16,1291.1,16,1282.9999999999995,2opt,notBad
6183,16,1291.1,16,1282.9999999999995,swap,notBad
6184,16,1291.1,16,1282.9999999999995,swap,notBad
6185,16,1291.1,16,1282.9999999999995,move,improve
6186,16,1291.1,16,1282.9999999999995,swap,notBad
6187,16,1291.1,16,1282.9999999999995,move,improve
6188,16,1291.1,16,1282.9999999999995,swap,notBad
6189,16,1291.1,16,1282.9999999999995,move,improve
6190,16,1291.1,16,1282.9999999999995,2opt,notBad
6191,16,1291.1,16,1282.9999999999995,2opt,notBad
6192,16,1291.1,16,1282.9999999999995,swap,notBad
6193,16,1291.1,16,1282.9999999999995,2opt,notBad
6194,16,1291.1,16,1282.9999999999995,swap,notBad
6195,16,1291.1,16,1282.9999999999995,swap,notBad
6196,16,1291.1,16,1282.9999999999995,2opt,improve
6197,16,1291.1,16,1282.9999999999995,swap,notBad
6198,16,1291.1,16,1282.9999999999995,2opt,improve
6199,16,1291.1,16,1282.9999999999995,swap,notBad
6200,16,1291.1,16,1282.9999999999995,move,improve
6201,16,1291.1,16,1282.9999999999995,move,improve
6202,16,1291.1,16,1282.9999999999995,move,improve
6203,16,1291.1,16,1282.9999999999995,swap,notBad
6204,16,1291.1,16,1282.9999999999995,move,improve
6205,16,1291.1,16,1282.9999999999995,move,improve
6206,16,1291.1,16,1282.9999999999995,move,improve
6207,16,1291.1,16,1282.9999999999995,move,improve
6208,16,1291.1,16,1282.9999999999995,move,improve
6209,16,1291.1,16,1282.9999999999995,swap,notBad
6210,16,1291.1,16,1282.9999999999995,move,improve
6211,16,1291.1,16,1282.9999999999995,swap,notBad
6212,16,1291.1,16,1282.9999999999995,2opt,notBad
6213,16,1291.1,16,1282.9999999999995,2opt,notBad
6214,16,1291.1,16,1282.9999999999995,swap,notBad
6215,16,1291.1,16,1282.9999999999995,swap,notBad
6216,16,1291.1,16,1282.9999999999995,swap,notBad
6217,16,1291.1,16,1282.9999999999995,move,improve
6218,16,1291.1,16,1282.9999999999995,move,improve
6219,16,1291.1,16,1282.9999999999995,2opt,notBad
6220,16,1291.1,16,1282.9999999999995,move,improve
6221,16,1291.1,16,1282.9999999999995,2opt,notBad
6222,16,1291.1,16,1282.9999999999995,2opt,notBad
6223,16,1291.1,16,1282.9999999999995,move,improve
6224,16,1291.1,16,1282.9999999999995,2opt,notBad
6225,16,1291.1,16,1282.9999999999995,2opt,notBad
6226,16,1291.1,16,1282.9999999999995,2opt,notBad
6227,16,1291.1,16,1282.9999999999995,move,improve
6228,16,1291.1,16,1282.9999999999995,swap,notBad
6229,16,1291.1,16,1282.9999999999995,2opt,notBad
6230,16,1291.1,16,1282.9999999999995,2opt,improve
6231,16,1291.1,16,1282.9999999999995,move,improve
6232,16,1291.1,16,1282.9999999999995,2opt,notBad
6233,16,1291.1,16,1282.9999999999995,swap,notBad
6234,16,1291.1,16,1282.9999999999995,swap,notBad
6235,16,1291.1,16,1282.9999999999995,swap,notBad
6236,16,1291.1,16,1282.9999999999995,swap,notBad
6237,16,1291.1,16,1282.9999999999995,swap,notBad
6238,16,1291.1,16,1282.9999999999995,swap,notBad
6239,16,1291.1,16,1282.9999999999995,2opt,notBad
6240,16,1291.1,16,1282.9999999999995,swap,notBad
6241,16,1291.1,16,1282.9999999999995,swap,notBad
6242,16,1291.1,16,1282.9999999999995,swap,notBad
6243,16,1291.1,16,1282.9999999999995,swap,notBad
6244,16,1291.1,16,1282.9999999999995,2opt,notBad
6245,16,1291.1,16,1282.9999999999995,swap,notBad
6246,16,1291.1,16,1282.9999999999995,2opt,notBad
6247,16,1291.1,16,1282.9999999999995,2opt,notBad
6248,16,1291.1,16,1282.9999999999995,swap,notBad
6249,16,1291.1,16,1282.9999999999995,2opt,notBad
6250,16,1291.1,16,1282.9999999999995,move,improve
6251,16,1291.1,16,1282.9999999999995,2opt,notBad
6252,16,1291.1,16,1282.9999999999995,2opt,improve
6253,16,1291.1,16,1282.9999999999995,move,improve
6254,16,1291.1,16,1282.9999999999995,swap,notBad
6255,16,1291.1,16,1282.9999999999995,move,improve
6256,16,1291.1,16,1282.9999999999995,2opt,notBad
6257,16,1291.1,16,1282.9999999999995,move,improve
6258,16,1291.1,16,1282.9999999999995,swap,notBad
6259,16,1291.1,16,1282.9999999999995,move,improve
6260,16,1291.1,16,1282.9999999999995,2opt,notBad
6261,16,1291.1,16,1282.9999999999995,swap,notBad
6262,16,1291.1,16,1282.9999999999995,move,improve
6263,16,1291.1,16,1282.9999999999995,swap,notBad
6264,16,1291.1,16,1282.9999999999995,2opt,notBad
6265,16,1291.1,16,1282.9999999999995,swap,notBad
6266,16,1291.1,16,1282.9999999999995,2opt,notBad
6267,16,1291.1,16,1282.9999999999995,move,improve
6268,16,1291.1,16,1282.9999999999995,swap,notBad
6269,16,1291.1,16,1282.9999999999995,move,improve
6270,16,1291.1,16,1282.9999999999995,2opt,notBad
6271,16,1291.1,16,1282.9999999999995,move,improve
6272,16,1291.1,16,1282.9999999999995,2opt,notBad
6273,16,1291.1,16,1282.9999999999995,move,improve
6274,16,1291.1,16,1282.9999999999995,2opt,notBad
6275,16,1291.1,16,1282.9999999999995,2opt,notBad
6276,16,1291.1,16,1282.9999999999995,2opt,notBad
6277,16,1291.1,16,1282.9999999999995,swap,notBad
6278,16,1291.1,16,1282.9999999999995,2opt,notBad
6279,16,1291.1,16,1282.9999999999995,move,improve
6280,16,1291.1,16,1282.9999999999995,2opt,improve
6281,16,1291.1,16,1282.9999999999995,move,improve
6282,16,1291.1,16,1282.9999999999995,move,improve
6283,16,1291.1,16,1282.9999999999995,swap,notBad
6284,16,1291.1,16,1282.9999999999995,2opt,notBad
6285,16,1291.1,16,1282.9999999999995,move,improve
6286,16,1291.1,16,1282.9999999999995,swap,notBad
6287,16,1291.1,16,1282.9999999999995,swap,notBad
6288,16,1291.1,16,1282.9999999999995,2opt,notBad
6289,16,1291.1,16,1282.9999999999995,move,improve
6290,16,1291.1,16,1282.9999999999995,swap,notBad
6291,16,1291.1,16,1282.9999999999995,2opt,notBad
6292,16,1291.1,16,1282.9999999999995,swap,notBad
6293,16,1291.1,16,1282.9999999999995,move,improve
6294,16,1291.1,16,1282.9999999999995,swap,notBad
6295,16,1291.1,16,1282.9999999999995,swap,notBad
6296,16,1291.1,16,1282.9999999999995,move,improve
6297,16,1291.1,16,1282.9999999999995,swap,notBad
6298,16,1291.1,16,1282.9999999999995,move,improve
6299,16,1291.1,16,1282.9999999999995,2opt,notBad
6300,16,1291.1,16,1282.9999999999995,move,improve
6301,16,1291.1,16,1282.9999999999995,swap,notBad
6302,16,1291.1,16,1282.9999999999995,2opt,notBad
6303,16,1291.1,16,1282.9999999999995,2opt,notBad
6304,16,1291.1,16,1282.9999999999995,2opt,notBad
6305,16,1291.1,16,1282.9999999999995,move,improve
6306,16,1291.1,16,1282.9999999999995,swap,notBad
6307,16,1291.1,16,1282.9999999999995,move,improve
6308,16,1291.1,16,1282.9999999999995,2opt,notBad
6309,16,1291.1,16,1282.9999999999995,swap,notBad
6310,16,1291.1,16,1282.9999999999995,swap,notBad
6311,16,1291.1,16,1282.9999999999995,move,improve
6312,16,1291.1,16,1282.9999999999995,2opt,notBad
6313,16,1291.1,16,1282.9999999999995,swap,notBad
6314,16,1291.1,16,1282.9999999999995,swap,notBad
6315,16,1291.1,16,1282.9999999999995,swap,notBad
6316,16,1291.1,16,1282.9999999999995,move,improve
6317,16,1291.1,16,1282.9999999999995,2opt,notBad
6318,16,1291.1,16,1282.9999999999995,2opt,notBad
6319,16,1291.1,16,1282.9999999999995,swap,notBad
6320,16,1291.1,16,1282.9999999999995,move,improve
6321,16,1291.1,16,1282.9999999999995,move,improve
6322,16,1291.1,16,1282.9999999999995,move,improve
6323,16,1291.1,16,1282.9999999999995,move,improve
6324,16,1291.1,16,1282.9999999999995,swap,notBad
6325,16,1291.1,16,1282.9999999999995,move,improve
6326,16,1291.1,16,1282.9999999999995,move,improve
6327,16,1291.1,16,1282.9999999999995,move,notBad
6328,16,1291.1,16,1282.9999999999995,swap,notBad
6329,16,1291.1,16,1282.9999999999995,swap,notBad
6330,16,1291.1,16,1282.9999999999995,swap,notBad
6331,16,1291.1,16,1282.9999999999995,swap,notBad
6332,16,1291.1,16,1282.9999999999995,2opt,notBad
6333,16,1291.1,16,1282.9999999999995,swap,notBad
6334,16,1291.1,16,1282.9999999999995,swap,notBad
6335,16,1291.1,16,1282.9999999999995,2opt,notBad
6336,16,1291.1,16,1282.9999999999995,swap,notBad
6337,16,1291.1,16,1282.9999999999995,swap,notBad
6338,16,1291.1,16,1282.9999999999995,swap,notBad
6339,16,1291.1,16,1282.9999999999995,move,improve
6340,16,1291.1,16,1282.9999999999995,swap,notBad
6341,16,1291.1,16,1282.9999999999995,swap,notBad
6342,16,1291.1,16,1282.9999999999995,move,improve
6343,16,1291.1,16,1282.9999999999995,2opt,notBad
6344,16,1291.1,16,1282.9999999999995,move,improve
6345,16,1291.1,16,1282.9999999999995,move,improve
6346,16,1291.8,16,1282.9999999999995,swap,acceptBad
6347,16,1291.8,16,1282.9999999999995,swap,notBad
6348,16,1291.8,16,1282.9999999999995,swap,notBad
6349,16,1291.8,16,1282.9999999999995,2opt,improve
6350,16,1291.8,16,1282.9999999999995,swap,notBad
6351,16,1291.8,16,1282.9999999999995,2opt,notBad
6352,16,1291.8,16,1282.9999999999995,move,improve
6353,16,1291.8,16,1282.9999999999995,move,improve
6354,16,1291.8,16,1282.9999999999995,move,improve
6355,16,1291.8,16,1282.9999999999995,move,improve
6356,16,1291.8,16,1282.9999999999995,2opt,notBad
6357,16,1291.8,16,1282.9999999999995,move,improve
6358,16,1291.8,16,1282.9999999999995,move,improve
6359,16,1291.8,16,1282.9999999999995,move,improve
6360,16,1291.8,16,1282.9999999999995,swap,notBad
6361,16,1291.8,16,1282.9999999999995,2opt,notBad
6362,16,1291.8,16,1282.9999999999995,swap,notBad
6363,16,1291.8,16,1282.9999999999995,2opt,improve
6364,16,1291.8,16,1282.9999999999995,2opt,notBad
6365,16,1291.8,16,1282.9999999999995,swap,notBad
6366,16,1291.8,16,1282.9999999999995,move,improve
6367,16,1291.8,16,1282.9999999999995,2opt,improve
6368,16,1291.8,16,1282.9999999999995,move,improve
6369,16,1291.8,16,1282.9999999999995,move,improve
6370,16,1291.8,16,1282.9999999999995,swap,notBad
6371,16,1291.8,16,1282.9999999999995,swap,notBad
6372,16,1291.8,16,1282.9999999999995,2opt,notBad
6373,16,1291.8,16,1282.9999999999995,swap,notBad
6374,16,1291.8,16,1282.9999999999995,swap,notBad
6375,16,1291.8,16,1282.9999999999995,move,improve
6376,16,1291.8,16,1282.9999999999995,2opt,improve
6377,16,1291.8,16,1282.9999999999995,2opt,notBad
6378,16,1291.8,16,1282.9999999999995,move,improve
6379,16,1291.8,16,1282.9999999999995,2opt,notBad
6380,16,1291.8,16,1282.9999999999995,swap,notBad
6381,16,1291.8,16,1282.9999999999995,move,improve
6382,16,1291.8,16,1282.9999999999995,2opt,improve
6383,16,1291.8,16,1282.9999999999995,2opt,notBad
6384,16,1291.8,16,1282.9999999999995,2opt,notBad
6385,16,1291.8,16,1282.9999999999995,swap,notBad
6386,16,1291.8,16,1282.9999999999995,swap,notBad
6387,16,1291.8,16,1282.9999999999995,2opt,notBad
6388,16,1291.8,16,1282.9999999999995,move,improve
6389,16,1291.8,16,1282.9999999999995,2opt,improve
6390,16,1291.8,16,1282.9999999999995,move,improve
6391,16,1291.8,16,1282.9999999999995,swap,notBad
6392,16,1291.8,16,1282.9999999999995,move,improve
6393,16,1291.8,16,1282.9999999999995,swap,notBad
6394,16,1291.8,16,1282.9999999999995,swap,notBad
6395,16,1291.8,16,1282.9999999999995,move,improve
6396,16,1291.8,16,1282.9999999999995,2opt,notBad
6397,16,1291.8,16,1282.9999999999995,2opt,notBad
6398,16,1291.8,16,1282.9999999999995,2opt,notBad
6399,16,1291.8,16,1282.9999999999995,swap,notBad
6400,16,1291.8,16,1282.9999999999995,2opt,improve
6401,16,1291.8,16,1282.9999999999995,2opt,notBad
6402,16,1291.8,16,1282.9999999999995,swap,notBad
6403,16,1291.8,16,1282.9999999999995,2opt,notBad
6404,16,1291.8,16,1282.9999999999995,swap,notBad
6405,16,1291.8,16,1282.9999999999995,swap,notBad
6406,16,1291.8,16,1282.9999999999995,move,improve
6407,16,1291.8,16,1282.9999999999995,swap,notBad
6408,16,1291.8,16,1282.9999999999995,swap,notBad
6409,16,1291.8,16,1282.9999999999995,move,improve
6410,16,1291.8,16,1282.9999999999995,swap,notBad
6411,16,1291.8,16,1282.9999999999995,2opt,improve
6412,16,1291.8,16,1282.9999999999995,move,improve
6413,16,1291.8,16,1282.9999999999995,swap,notBad
6414,16,1291.8,16,1282.9999999999995,move,improve
6415,16,1291.8,16,1282.9999999999995,2opt,improve
6416,16,1291.8,16,1282.9999999999995,swap,notBad
6417,16,1291.8,16,1282.9999999999995,2opt,notBad
6418,16,1291.8,16,1282.9999999999995,move,improve
6419,16,1291.8,16,1282.9999999999995,move,improve
6420,16,1291.8,16,1282.9999999999995,swap,notBad
6421,16,1291.8,16,1282.9999999999995,swap,notBad
6422,16,1291.8,16,1282.9999999999995,move,improve
6423,16,1291.8,16,1282.9999999999995,swap,notBad
6424,16,1291.8,16,1282.9999999999995,move,improve
6425,16,1291.8,16,1282.9999999999995,swap,notBad
6426,16,1291.8,16,1282.9999999999995,move,improve
6427,16,1291.8,16,1282.9999999999995,move,improve
6428,16,1291.8,16,1282.9999999999995,move,improve
6429,16,1291.8,16,1282.9999999999995,2opt,improve
6430,16,1291.8,16,1282.9999999999995,2opt,notBad
6431,16,1291.8,16,1282.9999999999995,2opt,notBad
6432,16,1291.8,16,1282.9999999999995,swap,notBad
6433,16,1291.8,16,1282.9999999999995,2opt,notBad
6434,16,1291.8,16,1282.9999999999995,2opt,improve
6435,16,1291.8,16,1282.9999999999995,move,improve
6436,16,1291.8,16,1282.9999999999995,2opt,notBad
6437,16,1291.8,16,1282.9999999999995,swap,notBad
6438,16,1291.8,16,1282.9999999999995,move,improve
6439,16,1291.8,16,1282.9999999999995,swap,notBad
6440,16,1291.8,16,1282.9999999999995,swap,notBad
6441,16,1291.8,16,1282.9999999999995,2opt,notBad
6442,16,1291.8,16,1282.9999999999995,move,improve
6443,16,1291.8,16,1282.9999999999995,2opt,notBad
6444,16,1291.8,16,1282.9999999999995,swap,notBad
6445,16,1291.8,16,1282.9999999999995,swap,notBad
6446,16,1291.8,16,1282.9999999999995,move,improve
6447,16,1291.8,16,1282.9999999999995,2opt,notBad
6448,16,1291.8,16,1282.9999999999995,swap,notBad
6449,16,1291.8,16,1282.9999999999995,2opt,improve
6450,16,1291.8,16,1282.9999999999995,swap,notBad
6451,16,1291.8,16,1282.9999999999995,swap,notBad
6452,16,1291.8,16,1282.9999999999995,swap,notBad
6453,16,1291.8,16,1282.9999999999995,2opt,notBad
6454,16,1291.8,16,1282.9999999999995,swap,notBad
6455,16,1291.8,16,1282.9999999999995,swap,notBad
6456,16,1291.8,16,1282.9999999999995,swap,notBad
6457,16,1291.8,16,1282.9999999999995,2opt,notBad
6458,16,1291.8,16,1282.9999999999995,swap,notBad
6459,16,1291.8,16,1282.9999999999995,swap,notBad
6460,16,1291.8,16,1282.9999999999995,swap,notBad
6461,16,1291.8,16,1282.9999999999995,swap,notBad
6462,16,1291.8,16,1282.9999999999995,2opt,notBad
6463,16,1291.8,16,1282.9999999999995,swap,notBad
6464,16,1291.8,16,1282.9999999999995,2opt,notBad
6465,16,1291.8,16,1282.9999999999995,2opt,notBad
6466,16,1291.8,16,1282.9999999999995,move,improve
6467,16,1291.8,16,1282.9999999999995,move,improve
6468,16,1291.8,16,1282.9999999999995,swap,notBad
6469,16,1291.8,16,1282.9999999999995,2opt,notBad
6470,16,1291.8,16,1282.9999999999995,move,improve
6471,16,1291.8,16,1282.9999999999995,swap,notBad
6472,16,1291.8,16,1282.9999999999995,2opt,notBad
6473,16,1291.8,16,1282.9999999999995,swap,notBad
6474,16,1291.8,16,1282.9999999999995,2opt,notBad
6475,16,1291.8,16,1282.9999999999995,2opt,notBad
6476,16,1291.8,16,1282.9999999999995,2opt,notBad
6477,16,1291.8,16,1282.9999999999995,2opt,notBad
6478,16,1291.8,16,1282.9999999999995,2opt,notBad
6479,16,1291.8,16,1282.9999999999995,swap,notBad
6480,16,1291.8,16,1282.9999999999995,swap,notBad
6481,16,1291.8,16,1282.9999999999995,2opt,notBad
6482,16,1291.8,16,1282.9999999999995,swap,notBad
6483,16,1291.8,16,1282.9999999999995,move,improve
6484,16,1291.8,16,1282.9999999999995,swap,notBad
6485,16,1291.8,16,1282.9999999999995,swap,notBad
6486,16,1291.8,16,1282.9999999999995,2opt,notBad
6487,16,1291.8,16,1282.9999999999995,swap,notBad
6488,16,1291.8,16,1282.9999999999995,2opt,notBad
6489,16,1291.8,16,1282.9999999999995,swap,notBad
6490,16,1291.8,16,1282.9999999999995,2opt,notBad
6491,16,1291.8,16,1282.9999999999995,move,improve
6492,16,1291.8,16,1282.9999999999995,2opt,improve
6493,16,1291.8,16,1282.9999999999995,move,improve
6494,16,1291.8,16,1282.9999999999995,move,improve
6495,16,1291.8,16,1282.9999999999995,swap,notBad
6496,16,1291.8,16,1282.9999999999995,swap,notBad
6497,16,1291.8,16,1282.9999999999995,2opt,notBad
6498,16,1291.8,16,1282.9999999999995,2opt,notBad
6499,16,1291.8,16,1282.9999999999995,swap,notBad
6500,16,1291.8,16,1282.9999999999995,move,improve
6501,16,1291.8,16,1282.9999999999995,move,improve
6502,16,1291.8,16,1282.9999999999995,2opt,notBad
6503,16,1291.8,16,1282.9999999999995,2opt,notBad
6504,16,1291.8,16,1282.9999999999995,swap,notBad
6505,16,1291.8,16,1282.9999999999995,2opt,notBad
6506,16,1291.8,16,1282.9999999999995,move,improve
6507,16,1291.8,16,1282.9999999999995,move,improve
6508,16,1291.8,16,1282.9999999999995,move,improve
6509,16,1291.8,16,1282.9999999999995,swap,notBad
6510,16,1291.8,16,1282.9999999999995,move,improve
6511,16,1291.8,16,1282.9999999999995,2opt,notBad
6512,16,1291.8,16,1282.9999999999995,2opt,improve
6513,16,1291.8,16,1282.9999999999995,2opt,notBad
6514,16,1291.8,16,1282.9999999999995,swap,notBad
6515,16,1291.8,16,1282.9999999999995,swap,notBad
6516,16,1291.8,16,1282.9999999999995,2opt,improve
6517,16,1291.8,16,1282.9999999999995,2opt,notBad
6518,16,1291.8,16,1282.9999999999995,move,improve
6519,16,1291.8,16,1282.9999999999995,move,improve
6520,16,1291.8,16,1282.9999999999995,2opt,notBad
6521,16,1291.8,16,1282.9999999999995,swap,notBad
6522,16,1291.8,16,1282.9999999999995,move,improve
6523,16,1291.8,16,1282.9999999999995,swap,notBad
6524,16,1291.8,16,1282.9999999999995,2opt,notBad
6525,16,1291.8,16,1282.9999999999995,swap,notBad
6526,16,1291.8,16,1282.9999999999995,swap,notBad
6527,16,1291.8,16,1282.9999999999995,2opt,notBad
6528,16,1290.8,16,1282.9999999999995,swap,improve
6529,16,1290.8,16,1282.9999999999995,swap,notBad
6530,16,1290.8,16,1282.9999999999995,swap,notBad
6531,16,1290.8,16,1282.9999999999995,move,improve
6532,16,1290.8,16,1282.9999999999995,move,improve
6533,16,1290.8,16,1282.9999999999995,move,improve
6534,16,1290.8,16,1282.9999999999995,2opt,notBad
6535,16,1290.8,16,1282.9999999999995,2opt,notBad
6536,16,1290.8,16,1282.9999999999995,move,improve
6537,16,1290.8,16,1282.9999999999995,swap,notBad
6538,16,1290.8,16,1282.9999999999995,2opt,notBad
6539,16,1290.8,16,1282.9999999999995,swap,notBad
6540,16,1290.8,16,1282.9999999999995,2opt,notBad
6541,16,1290.8,16,1282.9999999999995,swap,notBad
6542,16,1290.8,16,1282.9999999999995,swap,notBad
6543,16,1290.8,16,1282.9999999999995,swap,notBad
6544,16,1290.8,16,1282.9999999999995,move,improve
6545,16,1290.8,16,1282.9999999999995,2opt,notBad
6546,16,1290.8,16,1282.9999999999995,move,improve
6547,16,1290.8,16,1282.9999999999995,move,improve
6548,16,1290.8,16,1282.9999999999995,swap,notBad
6549,16,1290.8,16,1282.9999999999995,2opt,notBad
6550,16,1290.8,16,1282.9999999999995,swap,notBad
6551,16,1290.8,16,1282.9999999999995,swap,notBad
6552,16,1290.8,16,1282.9999999999995,2opt,notBad
6553,16,1290.8,16,1282.9999999999995,swap,notBad
6554,16,1290.8,16,1282.9999999999995,move,improve
6555,16,1290.8,16,1282.9999999999995,move,improve
6556,16,1290.8,16,1282.9999999999995,2opt,notBad
6557,16,1290.8,16,1282.9999999999995,swap,notBad
6558,16,1290.8,16,1282.9999999999995,swap,notBad
6559,16,1290.8,16,1282.9999999999995,2opt,notBad
6560,16,1290.8,16,1282.9999999999995,2opt,improve
6561,16,1290.8,16,1282.9999999999995,swap,notBad
6562,16,1290.8,16,1282.9999999999995,move,improve
6563,16,1290.8,16,1282.9999999999995,move,improve
6564,16,1290.8,16,1282.9999999999995,move,improve
6565,16,1290.8,16,1282.9999999999995,swap,notBad
6566,16,1290.8,16,1282.9999999999995,2opt,improve
6567,16,1290.8,16,1282.9999999999995,move,improve
6568,16,1290.8,16,1282.9999999999995,move,improve
6569,16,1290.8,16,1282.9999999999995,2opt,notBad
6570,16,1290.8,16,1282.9999999999995,swap,notBad
6571,16,1290.8,16,1282.9999999999995,move,improve
6572,16,1290.8,16,1282.9999999999995,swap,notBad
6573,16,1290.8,16,1282.9999999999995,2opt,notBad
6574,16,1290.8,16,1282.9999999999995,swap,notBad
6575,16,1290.8,16,1282.9999999999995,move,improve
6576,16,1290.8,16,1282.9999999999995,swap,notBad
6577,16,1290.8,16,1282.9999999999995,2opt,notBad
6578,16,1290.8,16,1282.9999999999995,2opt,notBad
6579,16,1290.8,16,1282.9999999999995,swap,notBad
6580,16,1290.8,16,1282.9999999999995,move,improve
6581,16,1290.8,16,1282.9999999999995,move,improve
6582,16,1290.8,16,1282.9999999999995,move,improve
6583,16,1290.8,16,1282.9999999999995,swap,notBad
6584,16,1290.8,16,1282.9999999999995,swap,notBad
6585,16,1290.8,16,1282.9999999999995,swap,notBad
6586,16,1290.8,16,1282.9999999999995,swap,notBad
6587,16,1290.8,16,1282.9999999999995,2opt,notBad
6588,16,1290.8,16,1282.9999999999995,swap,notBad
6589,16,1290.8,16,1282.9999999999995,move,improve
6590,16,1290.8,16,1282.9999999999995,move,improve
6591,16,1291.8,16,1282.9999999999995,swap,acceptBad
6592,16,1291.8,16,1282.9999999999995,2opt,notBad
6593,16,1291.8,16,1282.9999999999995,2opt,notBad
6594,16,1291.8,16,1282.9999999999995,2opt,notBad
6595,16,1291.8,16,1282.9999999999995,move,improve
6596,16,1291.8,16,1282.9999999999995,swap,notBad
6597,16,1291.8,16,1282.9999999999995,move,improve
6598,16,1291.8,16,1282.9999999999995,swap,notBad
6599,16,1291.8,16,1282.9999999999995,2opt,notBad
6600,16,1291.8,16,1282.9999999999995,2opt,notBad
6601,16,1291.8,16,1282.9999999999995,swap,notBad
6602,16,1291.8,16,1282.9999999999995,2opt,notBad
6603,16,1291.8,16,1282.9999999999995,move,improve
6604,16,1291.8,16,1282.9999999999995,2opt,improve
6605,16,1291.8,16,1282.9999999999995,swap,notBad
6606,16,1291.8,16,1282.9999999999995,swap,notBad
6607,16,1291.8,16,1282.9999999999995,swap,notBad
6608,16,1291.8,16,1282.9999999999995,swap,notBad
6609,16,1291.8,16,1282.9999999999995,2opt,notBad
6610,16,1291.8,16,1282.9999999999995,2opt,notBad
6611,16,1291.8,16,1282.9999999999995,move,improve
6612,16,1291.8,16,1282.9999999999995,move,improve
6613,16,1291.8,16,1282.9999999999995,move,improve
6614,16,1291.8,16,1282.9999999999995,2opt,improve
6615,16,1291.8,16,1282.9999999999995,2opt,improve
6616,16,1300.9999999999998,16,1282.9999999999995,move,acceptBad
6617,16,1300.9999999999998,16,1282.9999999999995,swap,notBad
6618,16,1300.9999999999998,16,1282.9999999999995,swap,notBad
6619,16,1300.9999999999998,16,1282.9999999999995,move,improve
6620,16,1300.9999999999998,16,1282.9999999999995,move,improve
6621,16,1300.9999999999998,16,1282.9999999999995,2opt,notBad
6622,16,1300.3,16,1282.9999999999995,move,improve
6623,16,1300.3,16,1282.9999999999995,move,improve
6624,16,1300.3,16,1282.9999999999995,swap,notBad
6625,16,1300.3,16,1282.9999999999995,move,improve
6626,16,1300.3,16,1282.9999999999995,2opt,notBad
6627,16,1300.3,16,1282.9999999999995,move,improve
6628,16,1300.3,16,1282.9999999999995,move,improve
6629,16,1300.3,16,1282.9999999999995,swap,notBad
6630,16,1300.3,16,1282.9999999999995,move,improve
6631,16,1300.3,16,1282.9999999999995,move,improve
6632,16,1300.3,16,1282.9999999999995,swap,notBad
6633,16,1300.3,16,1282.9999999999995,swap,notBad
6634,16,1300.3,16,1282.9999999999995,move,improve
6635,16,1300.3,16,1282.9999999999995,move,improve
6636,16,1300.3,16,1282.9999999999995,2opt,notBad
6637,16,1302.4,16,1282.9999999999995,swap,acceptBad
6638,16,1302.4,16,1282.9999999999995,2opt,notBad
6639,16,1302.4,16,1282.9999999999995,2opt,improve
6640,16,1302.4,16,1282.9999999999995,move,improve
6641,16,1302.4,16,1282.9999999999995,move,improve
6642,16,1302.4,16,1282.9999999999995,swap,notBad
6643,16,1302.4,16,1282.9999999999995,move,improve
6644,16,1302.4,16,1282.9999999999995,2opt,notBad
6645,16,1302.4,16,1282.9999999999995,move,improve
6646,16,1302.4,16,1282.9999999999995,swap,notBad
6647,16,1302.4,16,1282.9999999999995,move,improve
6648,16,1302.4,16,1282.9999999999995,swap,notBad
6649,16,1302.4,16,1282.9999999999995,move,improve
6650,16,1302.4,16,1282.9999999999995,move,improve
6651,16,1302.4,16,1282.9999999999995,swap,notBad
6652,16,1302.4,16,1282.9999999999995,move,improve
6653,16,1302.4,16,1282.9999999999995,2opt,improve
6654,16,1302.4,16,1282.9999999999995,move,improve
6655,16,1302.4,16,1282.9999999999995,swap,notBad
6656,16,1300.3,16,1282.9999999999995,move,improve
6657,16,1300.3,16,1282.9999999999995,2opt,notBad
6658,16,1300.3,16,1282.9999999999995,swap,notBad
6659,16,1300.3,16,1282.9999999999995,move,improve
6660,16,1302.1999999999998,16,1282.9999999999995,swap,acceptBad
6661,16,1302.1999999999998,16,1282.9999999999995,swap,notBad
6662,16,1302.1999999999998,16,1282.9999999999995,2opt,notBad
6663,16,1302.1999999999998,16,1282.9999999999995,2opt,notBad
6664,16,1302.1999999999998,16,1282.9999999999995,move,improve
6665,16,1302.1999999999998,16,1282.9999999999995,swap,notBad
6666,16,1302.1999999999998,16,1282.9999999999995,2opt,notBad
6667,16,1302.1999999999998,16,1282.9999999999995,2opt,notBad
6668,16,1302.1999999999998,16,1282.9999999999995,2opt,notBad
6669,16,1302.1999999999998,16,1282.9999999999995,swap,notBad
6670,16,1302.1999999999998,16,1282.9999999999995,2opt,notBad
6671,16,1302.1999999999998,16,1282.9999999999995,2opt,notBad
6672,16,1302.1999999999998,16,1282.9999999999995,move,improve
6673,16,1302.1999999999998,16,1282.9999999999995,swap,notBad
6674,16,1302.1999999999998,16,1282.9999999999995,move,improve
6675,16,1302.1999999999998,16,1282.9999999999995,swap,notBad
6676,16,1302.1999999999998,16,1282.9999999999995,move,improve
6677,16,1302.1999999999998,16,1282.9999999999995,swap,notBad
6678,16,1302.1999999999998,16,1282.9999999999995,move,improve
6679,16,1302.1999999999998,16,1282.9999999999995,2opt,notBad
6680,16,1302.1999999999998,16,1282.9999999999995,2opt,notBad
6681,16,1302.1999999999998,16,1282.9999999999995,2opt,notBad
6682,16,1302.1999999999998,16,1282.9999999999995,move,improve
6683,16,1302.1999999999998,16,1282.9999999999995,swap,notBad
6684,16,1302.1999999999998,16,1282.9999999999995,move,improve
6685,16,1302.1999999999998,16,1282.9999999999995,move,improve
6686,16,1302.1999999999998,16,1282.9999999999995,2opt,notBad
6687,16,1302.1999999999998,16,1282.9999999999995,swap,notBad
6688,16,1300.3,16,1282.9999999999995,move,improve
6689,16,1300.3,16,1282.9999999999995,2opt,notBad
6690,16,1300.3,16,1282.9999999999995,swap,notBad
6691,16,1300.3,16,1282.9999999999995,move,improve
6692,16,1300.3,16,1282.9999999999995,swap,notBad
6693,16,1300.3,16,1282.9999999999995,move,improve
6694,16,1300.3,16,1282.9999999999995,move,improve
6695,16,1300.3,16,1282.9999999999995,2opt,notBad
6696,16,1300.3,16,1282.9999999999995,move,improve
6697,16,1300.3,16,1282.9999999999995,swap,notBad
6698,16,1300.3,16,1282.9999999999995,swap,notBad
6699,16,1300.3,16,1282.9999999999995,move,improve
6700,16,1300.3,16,1282.9999999999995,move,improve
6701,16,1300.3,16,1282.9999999999995,move,improve
6702,16,1300.3,16,1282.9999999999995,2opt,notBad
6703,16,1300.3,16,1282.9999999999995,move,improve
6704,16,1300.3,16,1282.9999999999995,swap,notBad
6705,16,1300.3,16,1282.9999999999995,move,improve
6706,16,1300.3,16,1282.9999999999995,swap,notBad
6707,16,1300.3,16,1282.9999999999995,swap,notBad
6708,16,1300.3,16,1282.9999999999995,swap,notBad
6709,16,1300.3,16,1282.9999999999995,swap,notBad
6710,16,1300.3,16,1282.9999999999995,move,improve
6711,16,1300.3,16,1282.9999999999995,move,improve
6712,16,1300.3,16,1282.9999999999995,2opt,notBad
6713,16,1300.3,16,1282.9999999999995,2opt,notBad
6714,16,1300.3,16,1282.9999999999995,2opt,improve
6715,16,1300.3,16,1282.9999999999995,2opt,improve
6716,16,1300.3,16,1282.9999999999995,swap,notBad
6717,16,1300.3,16,1282.9999999999995,move,improve
6718,16,1300.3,16,1282.9999999999995,move,improve
6719,16,1300.3,16,1282.9999999999995,move,improve
6720,16,1300.3,16,1282.9999999999995,2opt,notBad
6721,16,1300.3,16,1282.9999999999995,2opt,notBad
6722,16,1300.3,16,1282.9999999999995,swap,notBad
6723,16,1300.3,16,1282.9999999999995,2opt,notBad
6724,16,1300.3,16,1282.9999999999995,move,improve
6725,16,1300.3,16,1282.9999999999995,2opt,notBad
6726,16,1300.3,16,1282.9999999999995,move,improve
6727,16,1300.3,16,1282.9999999999995,2opt,notBad
6728,16,1300.3,16,1282.9999999999995,move,improve
6729,16,1300.3,16,1282.9999999999995,swap,notBad
6730,16,1300.3,16,1282.9999999999995,2opt,notBad
6731,16,1300.3,16,1282.9999999999995,move,improve
6732,16,1300.3,16,1282.9999999999995,move,improve
6733,16,1300.3,16,1282.9999999999995,swap,notBad
6734,16,1300.3,16,1282.9999999999995,2opt,improve
6735,16,1300.3,16,1282.9999999999995,swap,notBad
6736,16,1300.3,16,1282.9999999999995,swap,notBad
6737,16,1300.3,16,1282.9999999999995,swap,notBad
6738,16,1300.3,16,1282.9999999999995,2opt,notBad
6739,16,1300.3,16,1282.9999999999995,swap,notBad
6740,16,1300.3,16,1282.9999999999995,move,improve
6741,16,1300.3,16,1282.9999999999995,2opt,notBad
6742,16,1300.3,16,1282.9999999999995,swap,notBad
6743,16,1299.3,16,1282.9999999999995,swap,improve
6744,16,1299.3,16,1282.9999999999995,2opt,notBad
6745,16,1299.3,16,1282.9999999999995,move,improve
6746,16,1299.3,16,1282.9999999999995,move,improve
6747,16,1299.3,16,1282.9999999999995,swap,notBad
6748,16,1299.3,16,1282.9999999999995,move,improve
6749,16,1299.3,16,1282.9999999999995,2opt,notBad
6750,16,1299.3,16,1282.9999999999995,swap,notBad
6751,16,1299.3,16,1282.9999999999995,move,improve
6752,16,1299.3,16,1282.9999999999995,2opt,notBad
6753,16,1299.3,16,1282.9999999999995,2opt,improve
6754,16,1299.3,16,1282.9999999999995,2opt,notBad
6755,16,1299.3,16,1282.9999999999995,2opt,notBad
6756,16,1299.3,16,1282.9999999999995,move,improve
6757,16,1299.3,16,1282.9999999999995,move,improve
6758,16,1299.3,16,1282.9999999999995,move,improve
6759,16,1299.3,16,1282.9999999999995,move,improve
6760,16,1299.3,16,1282.9999999999995,swap,notBad
6761,16,1300.1,16,1282.9999999999995,swap,acceptBad
6762,16,1300.1,16,1282.9999999999995,swap,notBad
6763,16,1300.1,16,1282.9999999999995,swap,notBad
6764,16,1300.1,16,1282.9999999999995,swap,notBad
6765,16,1300.1,16,1282.9999999999995,2opt,notBad
6766,16,1300.1,16,1282.9999999999995,move,improve
6767,16,1300.1,16,1282.9999999999995,move,improve
6768,16,1300.1,16,1282.9999999999995,move,improve
6769,16,1300.1,16,1282.9999999999995,2opt,notBad
6770,16,1300.1,16,1282.9999999999995,swap,notBad
6771,16,1300.1,16,1282.9999999999995,swap,notBad
6772,16,1300.1,16,1282.9999999999995,move,improve
6773,16,1300.1,16,1282.9999999999995,move,improve
6774,16,1300.1,16,1282.9999999999995,move,improve
6775,16,1300.1,16,1282.9999999999995,move,improve
6776,16,1300.1,16,1282.9999999999995,move,improve
6777,16,1300.1,16,1282.9999999999995,swap,notBad
6778,16,1299.8999999999999,16,1282.9999999999995,move,improve
6779,16,1299.8999999999999,16,1282.9999999999995,swap,notBad
6780,16,1299.8999999999999,16,1282.9999999999995,move,improve
6781,16,1299.8999999999999,16,1282.9999999999995,2opt,notBad
6782,16,1299.8999999999999,16,1282.9999999999995,move,improve
6783,16,1299.8999999999999,16,1282.9999999999995,2opt,notBad
6784,16,1299.8999999999999,16,1282.9999999999995,move,improve
6785,16,1299.3,16,1282.9999999999995,move,improve
6786,16,1299.3,16,1282.9999999999995,move,improve
6787,16,1299.3,16,1282.9999999999995,swap,notBad
6788,16,1299.3,16,1282.9999999999995,2opt,improve
6789,16,1299.3,16,1282.9999999999995,move,improve
6790,16,1299.3,16,1282.9999999999995,swap,notBad
6791,16,1299.3,16,1282.9999999999995,swap,notBad
6792,16,1299.3,16,1282.9999999999995,2opt,improve
6793,16,1299.3,16,1282.9999999999995,2opt,notBad
6794,16,1299.3,16,1282.9999999999995,2opt,notBad
6795,16,1299.3,16,1282.9999999999995,2opt,notBad
6796,16,1299.3,16,1282.9999999999995,swap,notBad
6797,16,1299.3,16,1282.9999999999995,swap,notBad
6798,16,1299.3,16,1282.9999999999995,swap,notBad
6799,16,1299.3,16,1282.9999999999995,2opt,notBad
6800,16,1299.3,16,1282.9999999999995,swap,notBad
6801,16,1299.3,16,1282.9999999999995,move,improve
6802,16,1299.3,16,1282.9999999999995,2opt,notBad
6803,16,1299.3,16,1282.9999999999995,move,improve
6804,16,1299.3,16,1282.9999999999995,swap,notBad
6805,16,1299.3,16,1282.9999999999995,2opt,notBad
6806,16,1299.3,16,1282.9999999999995,move,improve
6807,16,1299.3,16,1282.9999999999995,swap,notBad
6808,16,1299.3,16,1282.9999999999995,move,improve
6809,16,1299.3,16,1282.9999999999995,move,improve
6810,16,1299.3,16,1282.9999999999995,swap,notBad
6811,16,1299.3,16,1282.9999999999995,2opt,notBad
6812,16,1299.3,16,1282.9999999999995,swap,notBad
6813,16,1299.3,16,1282.9999999999995,swap,notBad
6814,16,1299.3,16,1282.9999999999995,2opt,notBad
6815,16,1299.3,16,1282.9999999999995,swap,notBad
6816,16,1299.3,16,1282.9999999999995,move,improve
6817,16,1299.3,16,1282.9999999999995,2opt,improve
6818,16,1299.3,16,1282.9999999999995,move,improve
6819,16,1299.3,16,1282.9999999999995,move,improve
6820,16,1299.3,16,1282.9999999999995,swap,notBad
6821,16,1299.3,16,1282.9999999999995,swap,notBad
6822,16,1299.3,16,1282.9999999999995,2opt,notBad
6823,16,1299.3,16,1282.9999999999995,move,improve
6824,16,1299.3,16,1282.9999999999995,swap,notBad
6825,16,1299.3,16,1282.9999999999995,move,improve
6826,16,1299.3,16,1282.9999999999995,2opt,notBad
6827,16,1299.3,16,1282.9999999999995,swap,notBad
6828,16,1299.3,16,1282.9999999999995,move,improve
6829,16,1299.3,16,1282.9999999999995,swap,notBad
6830,16,1299.3,16,1282.9999999999995,swap,notBad
6831,16,1299.3,16,1282.9999999999995,swap,notBad
6832,16,1299.3,16,1282.9999999999995,swap,notBad
6833,16,1299.3,16,1282.9999999999995,move,improve
6834,16,1299.3,16,1282.9999999999995,swap,notBad
6835,16,1299.3,16,1282.9999999999995,swap,notBad
6836,16,1299.3,16,1282.9999999999995,2opt,notBad
6837,16,1299.3,16,1282.9999999999995,move,improve
6838,16,1299.3,16,1282.9999999999995,2opt,notBad
6839,16,1299.3,16,1282.9999999999995,2opt,notBad
6840,16,1299.3,16,1282.9999999999995,2opt,notBad
6841,16,1299.3,16,1282.9999999999995,2opt,improve
6842,16,1299.3,16,1282.9999999999995,move,improve
6843,16,1299.3,16,1282.9999999999995,2opt,notBad
6844,16,1299.3,16,1282.9999999999995,swap,notBad
6845,16,1299.3,16,1282.9999999999995,2opt,notBad
6846,16,1299.3,16,1282.9999999999995,swap,notBad
6847,16,1299.3,16,1282.9999999999995,swap,notBad
6848,16,1299.3,16,1282.9999999999995,swap,notBad
6849,16,1299.3,16,1282.9999999999995,swap,notBad
6850,16,1299.3,16,1282.9999999999995,move,improve
6851,16,1299.3,16,1282.9999999999995,move,improve
6852,16,1299.3,16,1282.9999999999995,swap,notBad
6853,16,1299.3,16,1282.9999999999995,move,improve
6854,16,1299.3,16,1282.9999999999995,2opt,notBad
6855,16,1299.3,16,1282.9999999999995,swap,notBad
6856,16,1299.3,16,1282.9999999999995,move,improve
6857,16,1300.8,16,1282.9999999999995,swap,acceptBad
6858,16,1300.8,16,1282.9999999999995,move,improve
6859,16,1300.8,16,1282.9999999999995,2opt,notBad
6860,16,1300.8,16,1282.9999999999995,swap,notBad
6861,16,1300.8,16,1282.9999999999995,2opt,improve
6862,16,1300.8,16,1282.9999999999995,2opt,improve
6863,16,1300.8,16,1282.9999999999995,2opt,notBad
6864,16,1300.8,16,1282.9999999999995,2opt,notBad
6865,16,1300.8,16,1282.9999999999995,move,improve
6866,16,1300.8,16,1282.9999999999995,2opt,notBad
6867,16,1300.8,16,1282.9999999999995,2opt,notBad
6868,16,1300.8,16,1282.9999999999995,move,improve
6869,16,1300.8,16,1282.9999999999995,2opt,notBad
6870,16,1300.8,16,1282.9999999999995,move,improve
6871,16,1300.8,16,1282.9999999999995,2opt,notBad
6872,16,1300.8,16,1282.9999999999995,swap,notBad
6873,16,1300.8,16,1282.9999999999995,move,improve
6874,16,1300.8,16,1282.9999999999995,move,improve
6875,16,1300.8,16,1282.9999999999995,2opt,notBad
6876,16,1300.8,16,1282.9999999999995,swap,notBad
6877,16,1300.8,16,1282.9999999999995,2opt,notBad
6878,16,1300.8,16,1282.9999999999995,2opt,notBad
6879,16,1300.8,16,1282.9999999999995,move,improve
6880,16,1300.8,16,1282.9999999999995,move,improve
6881,16,1300.8,16,1282.9999999999995,2opt,improve
6882,16,1300.8,16,1282.9999999999995,2opt,notBad
6883,16,1300.8,16,1282.9999999999995,move,improve
6884,16,1300.8,16,1282.9999999999995,2opt,notBad
6885,16,1300.8,16,1282.9999999999995,move,improve
6886,16,1300.8,16,1282.9999999999995,swap,notBad
6887,16,1300.8,16,1282.9999999999995,move,improve
6888,16,1300.8,16,1282.9999999999995,swap,notBad
6889,16,1300.8,16,1282.9999999999995,move,improve
6890,16,1300.8,16,1282.9999999999995,2opt,notBad
6891,16,1300.8,16,1282.9999999999995,2opt,notBad
6892,16,1302.3,16,1282.9999999999995,swap,acceptBad
6893,16,1302.3,16,1282.9999999999995,2opt,notBad
6894,16,1302.3,16,1282.9999999999995,2opt,notBad
6895,16,1302.3,16,1282.9999999999995,swap,notBad
6896,16,1302.3,16,1282.9999999999995,swap,notBad
6897,16,1302.3,16,1282.9999999999995,swap,notBad
6898,16,1302.3,16,1282.9999999999995,move,improve
6899,16,1302.3,16,1282.9999999999995,move,improve
6900,16,1302.3,16,1282.9999999999995,swap,notBad
6901,16,1302.3,16,1282.9999999999995,move,improve
6902,16,1302.3,16,1282.9999999999995,2opt,improve
6903,16,1302.3,16,1282.9999999999995,swap,notBad
6904,16,1302.3,16,1282.9999999999995,move,improve
6905,16,1302.3,16,1282.9999999999995,2opt,notBad
6906,16,1302.3,16,1282.9999999999995,move,improve
6907,16,1302.3,16,1282.9999999999995,2opt,notBad
6908,16,1302.3,16,1282.9999999999995,swap,notBad
6909,16,1302.3,16,1282.9999999999995,swap,notBad
6910,16,1302.3,16,1282.9999999999995,swap,notBad
6911,16,1303.0,16,1282.9999999999995,swap,acceptBad
6912,16,1303.0,16,1282.9999999999995,swap,notBad
6913,16,1303.0,16,1282.9999999999995,swap,notBad
6914,16,1303.0,16,1282.9999999999995,2opt,notBad
6915,16,1303.0,16,1282.9999999999995,2opt,improve
6916,16,1303.0,16,1282.9999999999995,swap,notBad
6917,16,1303.0,16,1282.9999999999995,move,improve
6918,16,1303.0,16,1282.9999999999995,move,improve
6919,16,1303.0,16,1282.9999999999995,swap,notBad
6920,16,1303.0,16,1282.9999999999995,move,improve
6921,16,1303.0,16,1282.9999999999995,swap,notBad
6922,16,1303.0,16,1282.9999999999995,swap,notBad
6923,16,1303.0,16,1282.9999999999995,swap,notBad
6924,16,1303.0,16,1282.9999999999995,swap,notBad
6925,16,1303.0,16,1282.9999999999995,swap,notBad
6926,16,1303.0,16,1282.9999999999995,move,improve
6927,16,1303.0,16,1282.9999999999995,swap,notBad
6928,16,1303.0,16,1282.9999999999995,swap,notBad
6929,16,1303.0,16,1282.9999999999995,swap,notBad
6930,16,1303.0,16,1282.9999999999995,move,improve
6931,16,1303.0,16,1282.9999999999995,swap,notBad
6932,16,1303.0,16,1282.9999999999995,swap,notBad
6933,16,1303.0,16,1282.9999999999995,2opt,notBad
6934,16,1303.0,16,1282.9999999999995,swap,notBad
6935,16,1303.0,16,1282.9999999999995,swap,notBad
6936,16,1303.0,16,1282.9999999999995,swap,notBad
6937,16,1303.0,16,1282.9999999999995,move,improve
6938,16,1303.0,16,1282.9999999999995,2opt,notBad
6939,16,1303.0,16,1282.9999999999995,2opt,improve
6940,16,1303.0,16,1282.9999999999995,2opt,improve
6941,16,1303.0,16,1282.9999999999995,swap,notBad
6942,16,1303.0,16,1282.9999999999995,2opt,notBad
6943,16,1303.0,16,1282.9999999999995,move,improve
6944,16,1303.0,16,1282.9999999999995,2opt,notBad
6945,16,1303.0,16,1282.9999999999995,move,improve
6946,16,1303.0,16,1282.9999999999995,move,improve
6947,16,1303.0,16,1282.9999999999995,swap,notBad
6948,16,1303.3999999999999,16,1282.9999999999995,swap,acceptBad
6949,16,1303.3999999999999,16,1282.9999999999995,2opt,improve
6950,16,1303.3999999999999,16,1282.9999999999995,2opt,notBad
6951,16,1303.3999999999996,16,1282.9999999999995,move,improve
6952,16,1303.3999999999996,16,1282.9999999999995,2opt,notBad
6953,16,1303.3999999999996,16,1282.9999999999995,swap,notBad
6954,16,1303.3999999999996,16,1282.9999999999995,2opt,improve
6955,16,1303.3999999999996,16,1282.9999999999995,swap,notBad
6956,16,1303.3999999999996,16,1282.9999999999995,move,improve
6957,16,1303.3999999999996,16,1282.9999999999995,move,improve
6958,16,1303.3999999999996,16,1282.9999999999995,swap,notBad
6959,16,1303.3999999999996,16,1282.9999999999995,2opt,notBad
6960,16,1303.3999999999996,16,1282.9999999999995,move,improve
6961,16,1303.3999999999996,16,1282.9999999999995,move,improve
6962,16,1303.3999999999996,16,1282.9999999999995,2opt,notBad
6963,16,1303.3999999999996,16,1282.9999999999995,2opt,notBad
6964,16,1303.3999999999996,16,1282.9999999999995,2opt,notBad
6965,16,1303.3999999999996,16,1282.9999999999995,2opt,notBad
6966,16,1303.3999999999996,16,1282.9999999999995,2opt,notBad
6967,16,1303.3999999999996,16,1282.9999999999995,move,improve
6968,16,1303.3999999999996,16,1282.9999999999995,swap,notBad
6969,16,1303.3999999999996,16,1282.9999999999995,swap,notBad
6970,16,1301.8999999999994,16,1282.9999999999995,move,improve
6971,16,1301.8999999999994,16,1282.9999999999995,move,improve
6972,16,1301.8999999999994,16,1282.9999999999995,swap,notBad
6973,16,1301.8999999999994,16,1282.9999999999995,swap,notBad
6974,16,1301.8999999999994,16,1282.9999999999995,move,improve
6975,16,1301.8999999999994,16,1282.9999999999995,move,improve
6976,16,1301.8999999999994,16,1282.9999999999995,swap,notBad
6977,16,1301.8999999999994,16,1282.9999999999995,2opt,improve
6978,16,1301.8999999999994,16,1282.9999999999995,move,improve
6979,16,1301.8999999999994,16,1282.9999999999995,move,improve
6980,16,1301.8999999999994,16,1282.9999999999995,2opt,notBad
6981,16,1301.8999999999994,16,1282.9999999999995,swap,notBad
6982,16,1301.8999999999994,16,1282.9999999999995,swap,notBad
6983,16,1301.8999999999994,16,1282.9999999999995,2opt,notBad
6984,16,1301.8999999999994,16,1282.9999999999995,swap,notBad
6985,16,1301.8999999999994,16,1282.9999999999995,2opt,notBad
6986,16,1303.3999999999996,16,1282.9999999999995,swap,acceptBad
6987,16,1303.3999999999996,16,1282.9999999999995,move,improve
6988,16,1303.3999999999996,16,1282.9999999999995,2opt,notBad
6989,16,1303.3999999999996,16,1282.9999999999995,move,improve
6990,16,1303.3999999999996,16,1282.9999999999995,2opt,notBad
6991,16,1303.3999999999996,16,1282.9999999999995,2opt,notBad
6992,16,1303.3999999999996,16,1282.9999999999995,swap,notBad
6993,16,1303.3999999999996,16,1282.9999999999995,swap,notBad
6994,16,1303.3999999999996,16,1282.9999999999995,swap,notBad
6995,16,1303.3999999999996,16,1282.9999999999995,move,improve
6996,16,1303.3999999999996,16,1282.9999999999995,swap,notBad
6997,16,1303.3999999999996,16,1282.9999999999995,swap,notBad
6998,16,1303.3999999999996,16,1282.9999999999995,2opt,notBad
6999,16,1303.3999999999996,16,1282.9999999999995,swap,notBad
7000,16,1303.3999999999996,16,1282.9999999999995,move,improve
7001,16,1303.3999999999996,16,1282.9999999999995,move,improve
7002,16,1303.3999999999996,16,1282.9999999999995,move,improve
7003,16,1303.3999999999996,16,1282.9999999999995,move,improve
7004,16,1303.3999999999996,16,1282.9999999999995,move,improve
7005,16,1303.3999999999996,16,1282.9999999999995,2opt,notBad
7006,16,1303.3999999999996,16,1282.9999999999995,swap,notBad
7007,16,1303.3999999999996,16,1282.9999999999995,2opt,notBad
7008,16,1303.3999999999996,16,1282.9999999999995,swap,notBad
7009,16,1303.3999999999996,16,1282.9999999999995,2opt,notBad
7010,16,1303.3999999999996,16,1282.9999999999995,move,improve
7011,16,1303.3999999999996,16,1282.9999999999995,swap,notBad
7012,16,1303.3999999999996,16,1282.9999999999995,swap,notBad
7013,16,1303.3999999999996,16,1282.9999999999995,2opt,notBad
7014,16,1303.3999999999996,16,1282.9999999999995,move,improve
7015,16,1303.3999999999996,16,1282.9999999999995,swap,notBad
7016,16,1303.3999999999996,16,1282.9999999999995,move,improve
7017,16,1303.3999999999996,16,1282.9999999999995,move,improve
7018,16,1302.6999999999996,16,1282.9999999999995,move,improve
7019,16,1302.6999999999996,16,1282.9999999999995,move,improve
7020,16,1304.1999999999996,16,1282.9999999999995,swap,acceptBad
7021,16,1304.1999999999996,16,1282.9999999999995,move,improve
7022,16,1304.1999999999996,16,1282.9999999999995,2opt,notBad
7023,16,1304.1999999999996,16,1282.9999999999995,move,improve
7024,16,1304.1999999999996,16,1282.9999999999995,2opt,notBad
7025,16,1304.1999999999996,16,1282.9999999999995,2opt,notBad
7026,16,1304.1999999999996,16,1282.9999999999995,move,improve
7027,16,1304.1999999999996,16,1282.9999999999995,swap,notBad
7028,16,1304.1999999999996,16,1282.9999999999995,swap,notBad
7029,16,1304.1999999999996,16,1282.9999999999995,move,improve
7030,16,1304.1999999999996,16,1282.9999999999995,2opt,notBad
7031,16,1304.1999999999996,16,1282.9999999999995,move,improve
7032,16,1304.1999999999996,16,1282.9999999999995,2opt,improve
7033,16,1304.1999999999996,16,1282.9999999999995,move,improve
7034,16,1304.1999999999996,16,1282.9999999999995,2opt,notBad
7035,16,1304.1999999999996,16,1282.9999999999995,swap,notBad
7036,16,1304.1999999999996,16,1282.9999999999995,move,improve
7037,16,1304.1999999999996,16,1282.9999999999995,move,improve
7038,16,1304.1999999999996,16,1282.9999999999995,2opt,notBad
7039,16,1304.1999999999996,16,1282.9999999999995,move,improve
7040,16,1304.1999999999996,16,1282.9999999999995,swap,notBad
7041,16,1304.1999999999996,16,1282.9999999999995,move,improve
7042,16,1304.1999999999996,16,1282.9999999999995,2opt,notBad
7043,16,1304.1999999999996,16,1282.9999999999995,swap,notBad
7044,16,1306.4999999999998,16,1282.9999999999995,swap,acceptBad
7045,16,1306.4999999999998,16,1282.9999999999995,2opt,notBad
7046,16,1306.4999999999998,16,1282.9999999999995,2opt,notBad
7047,16,1306.4999999999998,16,1282.9999999999995,move,improve
7048,16,1306.4999999999998,16,1282.9999999999995,2opt,improve
7049,16,1306.4999999999998,16,1282.9999999999995,move,improve
7050,16,1306.4999999999998,16,1282.9999999999995,swap,notBad
7051,16,1306.4999999999998,16,1282.9999999999995,2opt,notBad
7052,16,1306.4999999999998,16,1282.9999999999995,2opt,notBad
7053,16,1304.6999999999996,16,1282.9999999999995,move,improve
7054,16,1304.6999999999996,16,1282.9999999999995,swap,notBad
7055,16,1304.6999999999996,16,1282.9999999999995,move,improve
7056,16,1304.6999999999996,16,1282.9999999999995,swap,notBad
7057,16,1304.6999999999996,16,1282.9999999999995,move,improve
7058,16,1304.6999999999996,16,1282.9999999999995,move,improve
7059,16,1304.6999999999996,16,1282.9999999999995,swap,notBad
7060,16,1304.6999999999996,16,1282.9999999999995,move,improve
7061,16,1304.6999999999996,16,1282.9999999999995,2opt,improve
7062,16,1304.6999999999996,16,1282.9999999999995,move,improve
7063,16,1304.6999999999996,16,1282.9999999999995,2opt,improve
7064,16,1304.6999999999996,16,1282.9999999999995,2opt,notBad
7065,16,1304.6999999999996,16,1282.9999999999995,move,improve
7066,16,1304.6999999999996,16,1282.9999999999995,swap,notBad
7067,16,1304.6999999999996,16,1282.9999999999995,2opt,improve
7068,16,1304.6999999999996,16,1282.9999999999995,swap,notBad
7069,16,1304.6999999999996,16,1282.9999999999995,2opt,notBad
7070,16,1304.6999999999996,16,1282.9999999999995,2opt,notBad
7071,16,1304.6999999999996,16,1282.9999999999995,2opt,improve
7072,16,1304.6999999999996,16,1282.9999999999995,2opt,notBad
7073,16,1304.6999999999996,16,1282.9999999999995,2opt,notBad
7074,16,1304.6999999999996,16,1282.9999999999995,2opt,improve
7075,16,1304.6999999999996,16,1282.9999999999995,move,improve
7076,16,1304.6999999999996,16,1282.9999999999995,2opt,notBad
7077,16,1304.6999999999996,16,1282.9999999999995,2opt,notBad
7078,16,1304.6999999999996,16,1282.9999999999995,move,improve
7079,16,1304.6999999999996,16,1282.9999999999995,move,improve
7080,16,1304.6999999999996,16,1282.9999999999995,move,improve
7081,16,1304.6999999999996,16,1282.9999999999995,move,improve
7082,16,1304.6999999999996,16,1282.9999999999995,swap,notBad
7083,16,1304.6999999999996,16,1282.9999999999995,move,improve
7084,16,1303.1999999999996,16,1282.9999999999995,move,improve
7085,16,1303.1999999999996,16,1282.9999999999995,move,improve
7086,16,1303.1999999999996,16,1282.9999999999995,2opt,notBad
7087,16,1303.1999999999996,16,1282.9999999999995,2opt,notBad
7088,16,1303.1999999999996,16,1282.9999999999995,move,improve
7089,16,1303.1999999999996,16,1282.9999999999995,swap,notBad
7090,16,1303.1999999999996,16,1282.9999999999995,2opt,notBad
7091,16,1303.1999999999996,16,1282.9999999999995,move,improve
7092,16,1303.1999999999996,16,1282.9999999999995,swap,notBad
7093,16,1303.1999999999996,16,1282.9999999999995,move,improve
7094,16,1303.1999999999996,16,1282.9999999999995,move,improve
7095,16,1303.1999999999996,16,1282.9999999999995,2opt,notBad
7096,16,1303.1999999999996,16,1282.9999999999995,move,improve
7097,16,1303.1999999999996,16,1282.9999999999995,move,improve
7098,16,1303.1999999999996,16,1282.9999999999995,move,improve
7099,16,1303.1999999999996,16,1282.9999999999995,2opt,notBad
7100,16,1303.1999999999996,16,1282.9999999999995,move,improve
7101,16,1303.1999999999996,16,1282.9999999999995,swap,notBad
7102,16,1303.1999999999996,16,1282.9999999999995,move,improve
7103,16,1303.1999999999996,16,1282.9999999999995,2opt,improve
7104,16,1303.1999999999996,16,1282.9999999999995,move,improve
7105,16,1303.1999999999996,16,1282.9999999999995,swap,notBad
7106,16,1303.1999999999996,16,1282.9999999999995,move,improve
7107,16,1303.1999999999996,16,1282.9999999999995,2opt,notBad
7108,16,1303.1999999999996,16,1282.9999999999995,move,improve
7109,16,1303.1999999999996,16,1282.9999999999995,swap,notBad
7110,16,1303.1999999999996,16,1282.9999999999995,swap,notBad
7111,16,1303.1999999999996,16,1282.9999999999995,2opt,notBad
7112,16,1303.1999999999996,16,1282.9999999999995,swap,notBad
7113,16,1303.1999999999996,16,1282.9999999999995,2opt,notBad
7114,16,1303.1999999999996,16,1282.9999999999995,swap,notBad
7115,16,1303.1999999999996,16,1282.9999999999995,move,improve
7116,16,1303.1999999999996,16,1282.9999999999995,2opt,notBad
7117,16,1303.1999999999996,16,1282.9999999999995,swap,notBad
7118,16,1303.1999999999996,16,1282.9999999999995,2opt,notBad
7119,16,1303.1999999999996,16,1282.9999999999995,2opt,notBad
7120,16,1303.1999999999996,16,1282.9999999999995,2opt,notBad
7121,16,1303.1999999999996,16,1282.9999999999995,swap,notBad
7122,16,1303.1999999999996,16,1282.9999999999995,move,improve
7123,16,1302.2999999999995,16,1282.9999999999995,swap,improve
7124,16,1302.2999999999995,16,1282.9999999999995,move,improve
7125,16,1302.2999999999995,16,1282.9999999999995,swap,notBad
7126,16,1302.2999999999995,16,1282.9999999999995,swap,notBad
7127,16,1302.2999999999995,16,1282.9999999999995,move,improve
7128,16,1302.2999999999995,16,1282.9999999999995,move,improve
7129,16,1302.2999999999995,16,1282.9999999999995,2opt,improve
7130,16,1302.2999999999995,16,1282.9999999999995,swap,notBad
7131,16,1302.2999999999995,16,1282.9999999999995,2opt,notBad
7132,16,1302.2999999999995,16,1282.9999999999995,2opt,notBad
7133,16,1302.2999999999995,16,1282.9999999999995,2opt,notBad
7134,16,1302.2999999999995,16,1282.9999999999995,2opt,notBad
7135,16,1302.2999999999995,16,1282.9999999999995,2opt,notBad
7136,16,1302.2999999999995,16,1282.9999999999995,2opt,notBad
7137,16,1302.2999999999995,16,1282.9999999999995,2opt,notBad
7138,16,1302.2999999999995,16,1282.9999999999995,2opt,notBad
7139,16,1302.2999999999995,16,1282.9999999999995,swap,notBad
7140,16,1302.2999999999995,16,1282.9999999999995,move,improve
7141,16,1302.2999999999995,16,1282.9999999999995,2opt,notBad
7142,16,1302.2999999999995,16,1282.9999999999995,swap,notBad
7143,16,1302.2999999999995,16,1282.9999999999995,swap,notBad
7144,16,1302.2999999999995,16,1282.9999999999995,2opt,notBad
7145,16,1302.2999999999995,16,1282.9999999999995,swap,notBad
7146,16,1302.2999999999995,16,1282.9999999999995,2opt,notBad
7147,16,1302.2999999999995,16,1282.9999999999995,2opt,notBad
7148,16,1302.2999999999995,16,1282.9999999999995,swap,notBad
7149,16,1302.2999999999995,16,1282.9999999999995,move,improve
7150,16,1302.2999999999995,16,1282.9999999999995,2opt,notBad
7151,16,1302.2999999999995,16,1282.9999999999995,swap,notBad
7152,16,1302.2999999999995,16,1282.9999999999995,move,improve
7153,16,1302.2999999999995,16,1282.9999999999995,2opt,notBad
7154,16,1302.2999999999995,16,1282.9999999999995,2opt,notBad
7155,16,1302.2999999999995,16,1282.9999999999995,2opt,notBad
7156,16,1302.2999999999995,16,1282.9999999999995,move,improve
7157,16,1302.2999999999995,16,1282.9999999999995,swap,notBad
7158,16,1302.2999999999995,16,1282.9999999999995,move,improve
7159,16,1302.2999999999995,16,1282.9999999999995,2opt,improve
7160,16,1302.2999999999995,16,1282.9999999999995,swap,notBad
7161,16,1302.2999999999995,16,1282.9999999999995,move,improve
7162,16,1302.2999999999995,16,1282.9999999999995,move,improve
7163,16,1302.2999999999995,16,1282.9999999999995,2opt,notBad
7164,16,1302.2999999999995,16,1282.9999999999995,swap,notBad
7165,16,1302.2999999999995,16,1282.9999999999995,2opt,notBad
7166,16,1302.2999999999995,16,1282.9999999999995,2opt,improve
7167,16,1302.2999999999995,16,1282.9999999999995,2opt,notBad
7168,16,1302.2999999999995,16,1282.9999999999995,2opt,notBad
7169,16,1302.2999999999995,16,1282.9999999999995,swap,notBad
7170,16,1302.2999999999995,16,1282.9999999999995,2opt,notBad
7171,16,1302.2999999999995,16,1282.9999999999995,move,improve
7172,16,1302.2999999999995,16,1282.9999999999995,move,improve
7173,16,1302.2999999999995,16,1282.9999999999995,swap,notBad
7174,16,1302.2999999999995,16,1282.9999999999995,2opt,notBad
7175,16,1302.2999999999995,16,1282.9999999999995,2opt,improve
7176,16,1302.2999999999995,16,1282.9999999999995,move,improve
7177,16,1302.2999999999995,16,1282.9999999999995,swap,notBad
7178,16,1302.2999999999995,16,1282.9999999999995,2opt,notBad
7179,16,1302.2999999999995,16,1282.9999999999995,move,improve
7180,16,1302.2999999999995,16,1282.9999999999995,move,improve
7181,16,1302.2999999999995,16,1282.9999999999995,swap,notBad
7182,16,1302.2999999999995,16,1282.9999999999995,swap,notBad
7183,16,1302.2999999999995,16,1282.9999999999995,move,improve
7184,16,1302.2999999999995,16,1282.9999999999995,move,improve
7185,16,1302.2999999999995,16,1282.9999999999995,swap,improve
7186,16,1302.2999999999995,16,1282.9999999999995,swap,notBad
7187,16,1302.2999999999995,16,1282.9999999999995,swap,notBad
7188,16,1302.2999999999995,16,1282.9999999999995,2opt,notBad
7189,16,1302.2999999999995,16,1282.9999999999995,swap,notBad
7190,16,1302.2999999999995,16,1282.9999999999995,swap,notBad
7191,16,1302.2999999999995,16,1282.9999999999995,2opt,notBad
7192,16,1302.2999999999995,16,1282.9999999999995,2opt,notBad
7193,16,1302.2999999999995,16,1282.9999999999995,move,improve
7194,16,1302.2999999999995,16,1282.9999999999995,2opt,notBad
7195,16,1302.2999999999995,16,1282.9999999999995,move,improve
7196,16,1302.2999999999995,16,1282.9999999999995,2opt,notBad
7197,16,1302.2999999999995,16,1282.9999999999995,move,improve
7198,16,1302.2999999999995,16,1282.9999999999995,2opt,notBad
7199,16,1302.2999999999995,16,1282.9999999999995,2opt,notBad
7200,16,1302.2999999999995,16,1282.9999999999995,move,improve
7201,16,1302.2999999999995,16,1282.9999999999995,swap,notBad
7202,16,1302.2999999999995,16,1282.9999999999995,swap,notBad
7203,16,1302.2999999999995,16,1282.9999999999995,2opt,notBad
7204,16,1302.2999999999995,16,1282.9999999999995,swap,notBad
7205,16,1294.2999999999995,16,1282.9999999999995,2opt,improve
7206,16,1294.2999999999995,16,1282.9999999999995,swap,notBad
7207,16,1294.2999999999995,16,1282.9999999999995,move,improve
7208,16,1294.2999999999995,16,1282.9999999999995,2opt,notBad
7209,16,1294.2999999999995,16,1282.9999999999995,2opt,notBad
7210,16,1294.2999999999995,16,1282.9999999999995,swap,notBad
7211,16,1294.2999999999995,16,1282.9999999999995,move,improve
7212,16,1294.2999999999995,16,1282.9999999999995,swap,notBad
7213,16,1294.2999999999995,16,1282.9999999999995,2opt,notBad
7214,16,1294.2999999999995,16,1282.9999999999995,move,improve
7215,16,1294.2999999999995,16,1282.9999999999995,swap,notBad
7216,16,1294.2999999999995,16,1282.9999999999995,move,improve
7217,16,1294.2999999999995,16,1282.9999999999995,move,improve
7218,16,1294.2999999999995,16,1282.9999999999995,swap,notBad
7219,16,1294.2999999999995,16,1282.9999999999995,swap,notBad
7220,16,1294.2999999999995,16,1282.9999999999995,move,improve
7221,16,1294.2999999999995,16,1282.9999999999995,swap,notBad
7222,16,1294.2999999999995,16,1282.9999999999995,move,improve
7223,16,1294.2999999999995,16,1282.9999999999995,swap,notBad
7224,16,1294.2999999999995,16,1282.9999999999995,move,improve
7225,16,1294.2999999999995,16,1282.9999999999995,move,improve
7226,16,1294.2999999999995,16,1282.9999999999995,2opt,notBad
7227,16,1294.2999999999995,16,1282.9999999999995,move,improve
7228,16,1294.2999999999995,16,1282.9999999999995,move,improve
7229,16,1294.2999999999995,16,1282.9999999999995,2opt,notBad
7230,16,1294.2999999999995,16,1282.9999999999995,move,improve
7231,16,1294.2999999999995,16,1282.9999999999995,move,improve
7232,16,1294.2999999999995,16,1282.9999999999995,2opt,notBad
7233,16,1294.2999999999995,16,1282.9999999999995,2opt,notBad
7234,16,1294.2999999999995,16,1282.9999999999995,move,improve
7235,16,1294.2999999999995,16,1282.9999999999995,2opt,notBad
7236,16,1294.2999999999995,16,1282.9999999999995,2opt,notBad
7237,16,1294.2999999999995,16,1282.9999999999995,move,improve
7238,16,1294.2999999999995,16,1282.9999999999995,swap,notBad
7239,16,1294.2999999999995,16,1282.9999999999995,swap,notBad
7240,16,1294.2999999999995,16,1282.9999999999995,swap,notBad
7241,16,1294.2999999999995,16,1282.9999999999995,swap,notBad
7242,16,1294.2999999999995,16,1282.9999999999995,move,improve
7243,16,1294.2999999999995,16,1282.9999999999995,2opt,notBad
7244,16,1294.2999999999995,16,1282.9999999999995,move,improve
7245,16,1294.2999999999995,16,1282.9999999999995,move,improve
7246,16,1294.2999999999995,16,1282.9999999999995,move,improve
7247,16,1294.2999999999995,16,1282.9999999999995,move,improve
7248,16,1294.2999999999995,16,1282.9999999999995,2opt,notBad
7249,16,1294.2999999999995,16,1282.9999999999995,2opt,notBad
7250,16,1294.2999999999995,16,1282.9999999999995,swap,notBad
7251,16,1294.2999999999995,16,1282.9999999999995,move,improve
7252,16,1294.2999999999995,16,1282.9999999999995,move,improve
7253,16,1294.2999999999995,16,1282.9999999999995,swap,notBad
7254,16,1294.2999999999995,16,1282.9999999999995,2opt,notBad
7255,16,1294.2999999999995,16,1282.9999999999995,swap,notBad
7256,16,1294.2999999999995,16,1282.9999999999995,swap,notBad
7257,16,1294.2999999999995,16,1282.9999999999995,move,improve
7258,16,1294.2999999999995,16,1282.9999999999995,swap,notBad
7259,16,1294.2999999999995,16,1282.9999999999995,swap,notBad
7260,16,1294.2999999999995,16,1282.9999999999995,2opt,improve
7261,16,1294.2999999999995,16,1282.9999999999995,move,improve
7262,16,1294.2999999999995,16,1282.9999999999995,swap,notBad
7263,16,1294.2999999999995,16,1282.9999999999995,2opt,notBad
7264,16,1294.2999999999995,16,1282.9999999999995,move,improve
7265,16,1294.2999999999995,16,1282.9999999999995,swap,notBad
7266,16,1294.2999999999995,16,1282.9999999999995,move,improve
7267,16,1294.2999999999995,16,1282.9999999999995,move,improve
7268,16,1294.2999999999995,16,1282.9999999999995,2opt,notBad
7269,16,1294.2999999999995,16,1282.9999999999995,move,improve
7270,16,1294.2999999999995,16,1282.9999999999995,2opt,improve
7271,16,1294.2999999999995,16,1282.9999999999995,2opt,notBad
7272,16,1294.2999999999995,16,1282.9999999999995,move,improve
7273,16,1294.2999999999995,16,1282.9999999999995,swap,notBad
7274,16,1294.2999999999995,16,1282.9999999999995,swap,notBad
7275,16,1294.2999999999995,16,1282.9999999999995,swap,notBad
7276,16,1294.2999999999995,16,1282.9999999999995,swap,notBad
7277,16,1294.2999999999995,16,1282.9999999999995,move,improve
7278,16,1294.2999999999995,16,1282.9999999999995,swap,notBad
7279,16,1294.2999999999995,16,1282.9999999999995,move,improve
7280,16,1294.2999999999995,16,1282.9999999999995,2opt,notBad
7281,16,1294.2999999999995,16,1282.9999999999995,swap,notBad
7282,16,1294.2999999999995,16,1282.9999999999995,2opt,notBad
7283,16,1294.2999999999995,16,1282.9999999999995,swap,notBad
7284,16,1294.2999999999995,16,1282.9999999999995,move,improve
7285,16,1294.2999999999995,16,1282.9999999999995,swap,notBad
7286,16,1294.2999999999995,16,1282.9999999999995,swap,notBad
7287,16,1294.2999999999995,16,1282.9999999999995,swap,notBad
7288,16,1294.2999999999995,16,1282.9999999999995,2opt,notBad
7289,16,1294.2999999999995,16,1282.9999999999995,2opt,notBad
7290,16,1294.2999999999995,16,1282.9999999999995,2opt,notBad
7291,16,1294.2999999999995,16,1282.9999999999995,2opt,notBad
7292,16,1294.2999999999995,16,1282.9999999999995,2opt,notBad
7293,16,1294.2999999999995,16,1282.9999999999995,2opt,notBad
7294,16,1282.5999999999995,16,1282.5999999999995,move,newBest
7295,16,1282.5999999999995,16,1282.5999999999995,swap,notBad
7296,16,1282.5999999999995,16,1282.5999999999995,swap,notBad
7297,16,1282.5999999999995,16,1282.5999999999995,move,improve
7298,16,1282.5999999999995,16,1282.5999999999995,swap,notBad
7299,16,1282.5999999999995,16,1282.5999999999995,2opt,notBad
7300,16,1282.5999999999995,16,1282.5999999999995,move,improve
7301,16,1282.5999999999995,16,1282.5999999999995,swap,notBad
7302,16,1282.5999999999995,16,1282.5999999999995,swap,notBad
7303,16,1282.5999999999995,16,1282.5999999999995,swap,notBad
7304,16,1282.5999999999995,16,1282.5999999999995,move,improve
7305,16,1282.5999999999995,16,1282.5999999999995,move,improve
7306,16,1282.5999999999995,16,1282.5999999999995,2opt,improve
7307,16,1282.5999999999995,16,1282.5999999999995,2opt,improve
7308,16,1282.5999999999995,16,1282.5999999999995,swap,notBad
7309,16,1282.5999999999995,16,1282.5999999999995,swap,notBad
7310,16,1282.5999999999995,16,1282.5999999999995,move,improve
7311,16,1282.5999999999995,16,1282.5999999999995,2opt,notBad
7312,16,1282.5999999999995,16,1282.5999999999995,move,improve
7313,16,1282.5999999999995,16,1282.5999999999995,2opt,improve
7314,16,1282.5999999999995,16,1282.5999999999995,move,improve
7315,16,1282.5999999999995,16,1282.5999999999995,swap,notBad
7316,16,1282.5999999999995,16,1282.5999999999995,2opt,improve
7317,16,1282.5999999999995,16,1282.5999999999995,move,improve
7318,16,1282.5999999999995,16,1282.5999999999995,2opt,notBad
7319,16,1283.6999999999996,16,1282.5999999999995,move,acceptBad
7320,16,1283.6999999999996,16,1282.5999999999995,2opt,notBad
7321,16,1283.6999999999996,16,1282.5999999999995,swap,notBad
7322,16,1277.7999999999993,16,1277.7999999999993,move,newBest
7323,16,1277.7999999999993,16,1277.7999999999993,2opt,notBad
7324,16,1277.7999999999993,16,1277.7999999999993,swap,notBad
7325,16,1277.7999999999993,16,1277.7999999999993,move,improve
7326,16,1277.7999999999993,16,1277.7999999999993,swap,notBad
7327,16,1277.7999999999993,16,1277.7999999999993,swap,notBad
7328,16,1277.7999999999993,16,1277.7999999999993,move,improve
7329,16,1277.7999999999993,16,1277.7999999999993,move,improve
7330,16,1277.7999999999993,16,1277.7999999999993,move,improve
7331,16,1277.7999999999993,16,1277.7999999999993,move,improve
7332,16,1277.7999999999993,16,1277.7999999999993,move,improve
7333,16,1277.7999999999993,16,1277.7999999999993,swap,notBad
7334,16,1277.7999999999993,16,1277.7999999999993,move,improve
7335,16,1277.7999999999993,16,1277.7999999999993,2opt,improve
7336,16,1277.7999999999993,16,1277.7999999999993,2opt,notBad
7337,16,1277.7999999999993,16,1277.7999999999993,swap,notBad
7338,16,1277.7999999999993,16,1277.7999999999993,move,improve
7339,16,1277.7999999999993,16,1277.7999999999993,move,improve
7340,16,1277.7999999999993,16,1277.7999999999993,swap,notBad
7341,16,1277.7999999999993,16,1277.7999999999993,swap,notBad
7342,16,1277.7999999999993,16,1277.7999999999993,move,improve
7343,16,1277.7999999999993,16,1277.7999999999993,move,improve
7344,16,1277.7999999999993,16,1277.7999999999993,move,improve
7345,16,1277.7999999999993,16,1277.7999999999993,swap,notBad
7346,16,1277.7999999999993,16,1277.7999999999993,2opt,notBad
7347,16,1276.8999999999994,16,1276.8999999999994,move,newBest
7348,16,1276.8999999999994,16,1276.8999999999994,2opt,notBad
7349,16,1276.1999999999994,16,1276.1999999999994,move,newBest
7350,16,1276.1999999999994,16,1276.1999999999994,swap,notBad
7351,16,1276.1999999999994,16,1276.1999999999994,move,improve
7352,16,1276.1999999999994,16,1276.1999999999994,move,improve
7353,16,1276.1999999999994,16,1276.1999999999994,move,improve
7354,16,1276.1999999999994,16,1276.1999999999994,move,improve
7355,16,1276.1999999999994,16,1276.1999999999994,move,improve
7356,16,1276.1999999999994,16,1276.1999999999994,2opt,notBad
7357,16,1276.1999999999994,16,1276.1999999999994,swap,notBad
7358,16,1276.1999999999994,16,1276.1999999999994,2opt,notBad
7359,16,1276.1999999999994,16,1276.1999999999994,swap,notBad
7360,16,1276.1999999999994,16,1276.1999999999994,2opt,notBad
7361,16,1276.1999999999994,16,1276.1999999999994,swap,notBad
7362,16,1276.1999999999994,16,1276.1999999999994,move,improve
7363,16,1276.1999999999994,16,1276.1999999999994,2opt,notBad
7364,16,1276.1999999999994,16,1276.1999999999994,swap,notBad
7365,16,1276.1999999999994,16,1276.1999999999994,2opt,notBad
7366,16,1276.1999999999994,16,1276.1999999999994,move,improve
7367,16,1276.1999999999994,16,1276.1999999999994,2opt,notBad
7368,16,1276.1999999999994,16,1276.1999999999994,swap,notBad
7369,16,1276.1999999999994,16,1276.1999999999994,2opt,notBad
7370,16,1276.1999999999994,16,1276.1999999999994,move,improve
7371,16,1276.1999999999994,16,1276.1999999999994,2opt,notBad
7372,16,1276.1999999999994,16,1276.1999999999994,2opt,notBad
7373,16,1276.1999999999994,16,1276.1999999999994,2opt,improve
7374,16,1276.1999999999994,16,1276.1999999999994,swap,notBad
7375,16,1276.1999999999994,16,1276.1999999999994,2opt,notBad
7376,16,1276.1999999999994,16,1276.1999999999994,2opt,notBad
7377,16,1276.1999999999994,16,1276.1999999999994,2opt,notBad
7378,16,1276.1999999999994,16,1276.1999999999994,2opt,improve
7379,16,1276.1999999999994,16,1276.1999999999994,2opt,notBad
7380,16,1276.1999999999994,16,1276.1999999999994,2opt,notBad
7381,16,1276.1999999999994,16,1276.1999999999994,2opt,notBad
7382,16,1276.1999999999994,16,1276.1999999999994,2opt,notBad
7383,16,1276.1999999999994,16,1276.1999999999994,2opt,improve
7384,16,1276.1999999999994,16,1276.1999999999994,move,improve
7385,16,1276.1999999999994,16,1276.1999999999994,swap,notBad
7386,16,1276.1999999999994,16,1276.1999999999994,2opt,notBad
7387,16,1276.1999999999994,16,1276.1999999999994,swap,notBad
7388,16,1276.1999999999994,16,1276.1999999999994,2opt,notBad
7389,16,1276.1999999999994,16,1276.1999999999994,2opt,notBad
7390,16,1276.1999999999994,16,1276.1999999999994,swap,notBad
7391,16,1276.1999999999994,16,1276.1999999999994,2opt,notBad
7392,16,1276.1999999999994,16,1276.1999999999994,2opt,notBad
7393,16,1276.1999999999994,16,1276.1999999999994,2opt,notBad
7394,16,1276.1999999999994,16,1276.1999999999994,swap,notBad
7395,16,1276.1999999999994,16,1276.1999999999994,2opt,improve
7396,16,1276.1999999999994,16,1276.1999999999994,move,improve
7397,16,1276.1999999999994,16,1276.1999999999994,2opt,notBad
7398,16,1276.1999999999994,16,1276.1999999999994,move,improve
7399,16,1276.1999999999994,16,1276.1999999999994,2opt,notBad
7400,16,1276.1999999999994,16,1276.1999999999994,move,improve
7401,16,1276.1999999999994,16,1276.1999999999994,2opt,notBad
7402,16,1276.1999999999994,16,1276.1999999999994,2opt,notBad
7403,16,1276.1999999999994,16,1276.1999999999994,2opt,notBad
7404,16,1276.1999999999994,16,1276.1999999999994,move,improve
7405,16,1276.1999999999994,16,1276.1999999999994,swap,notBad
7406,16,1276.1999999999994,16,1276.1999999999994,swap,notBad
7407,16,1276.1999999999994,16,1276.1999999999994,swap,notBad
7408,16,1276.1999999999994,16,1276.1999999999994,2opt,notBad
7409,16,1276.1999999999994,16,1276.1999999999994,2opt,notBad
7410,16,1276.1999999999994,16,1276.1999999999994,swap,notBad
7411,16,1276.1999999999994,16,1276.1999999999994,2opt,notBad
7412,16,1276.1999999999994,16,1276.1999999999994,2opt,notBad
7413,16,1276.1999999999994,16,1276.1999999999994,2opt,notBad
7414,16,1276.1999999999994,16,1276.1999999999994,move,improve
7415,16,1276.1999999999994,16,1276.1999999999994,swap,notBad
7416,16,1276.1999999999994,16,1276.1999999999994,swap,notBad
7417,16,1276.1999999999994,16,1276.1999999999994,move,improve
7418,16,1276.1999999999994,16,1276.1999999999994,swap,notBad
7419,16,1276.1999999999994,16,1276.1999999999994,2opt,notBad
7420,16,1276.1999999999994,16,1276.1999999999994,2opt,notBad
7421,16,1276.1999999999994,16,1276.1999999999994,swap,notBad
7422,16,1276.1999999999994,16,1276.1999999999994,move,improve
7423,16,1276.1999999999994,16,1276.1999999999994,swap,notBad
7424,16,1276.1999999999994,16,1276.1999999999994,swap,notBad
7425,16,1276.1999999999994,16,1276.1999999999994,move,improve
7426,16,1276.1999999999994,16,1276.1999999999994,2opt,notBad
7427,16,1276.1999999999994,16,1276.1999999999994,2opt,notBad
7428,16,1276.1999999999994,16,1276.1999999999994,2opt,notBad
7429,16,1276.1999999999994,16,1276.1999999999994,2opt,improve
7430,16,1276.1999999999994,16,1276.1999999999994,swap,notBad
7431,16,1276.1999999999994,16,1276.1999999999994,2opt,notBad
7432,16,1276.1999999999994,16,1276.1999999999994,2opt,notBad
7433,16,1276.1999999999994,16,1276.1999999999994,2opt,notBad
7434,16,1276.1999999999994,16,1276.1999999999994,swap,notBad
7435,16,1276.1999999999994,16,1276.1999999999994,2opt,notBad
7436,16,1276.1999999999994,16,1276.1999999999994,swap,notBad
7437,16,1276.1999999999994,16,1276.1999999999994,swap,notBad
7438,16,1276.1999999999994,16,1276.1999999999994,move,improve
7439,16,1276.1999999999994,16,1276.1999999999994,2opt,notBad
7440,16,1276.1999999999994,16,1276.1999999999994,swap,notBad
7441,16,1276.1999999999994,16,1276.1999999999994,swap,notBad
7442,16,1276.1999999999994,16,1276.1999999999994,swap,notBad
7443,16,1276.1999999999994,16,1276.1999999999994,2opt,notBad
7444,16,1276.1999999999994,16,1276.1999999999994,swap,notBad
7445,16,1276.1999999999994,16,1276.1999999999994,swap,notBad
7446,16,1276.1999999999994,16,1276.1999999999994,2opt,notBad
7447,16,1276.1999999999994,16,1276.1999999999994,2opt,improve
7448,16,1276.1999999999994,16,1276.1999999999994,move,improve
7449,16,1276.1999999999994,16,1276.1999999999994,2opt,notBad
7450,16,1276.1999999999994,16,1276.1999999999994,move,improve
7451,16,1276.1999999999994,16,1276.1999999999994,swap,notBad
7452,16,1276.1999999999994,16,1276.1999999999994,move,improve
7453,16,1276.1999999999994,16,1276.1999999999994,move,improve
7454,16,1276.1999999999994,16,1276.1999999999994,2opt,notBad
7455,16,1276.1999999999994,16,1276.1999999999994,swap,notBad
7456,16,1276.1999999999994,16,1276.1999999999994,2opt,notBad
7457,16,1276.1999999999994,16,1276.1999999999994,move,improve
7458,16,1276.1999999999994,16,1276.1999999999994,2opt,improve
7459,16,1276.1999999999994,16,1276.1999999999994,move,improve
7460,16,1276.1999999999994,16,1276.1999999999994,move,improve
7461,16,1276.1999999999994,16,1276.1999999999994,swap,notBad
7462,16,1276.1999999999994,16,1276.1999999999994,swap,notBad
7463,16,1276.1999999999994,16,1276.1999999999994,move,improve
7464,16,1276.1999999999994,16,1276.1999999999994,2opt,notBad
7465,16,1276.1999999999994,16,1276.1999999999994,2opt,notBad
7466,16,1276.1999999999994,16,1276.1999999999994,swap,notBad
7467,16,1276.1999999999994,16,1276.1999999999994,swap,notBad
7468,16,1276.1999999999994,16,1276.1999999999994,move,improve
7469,16,1276.1999999999994,16,1276.1999999999994,2opt,notBad
7470,16,1276.1999999999994,16,1276.1999999999994,swap,notBad
7471,16,1276.1999999999994,16,1276.1999999999994,swap,notBad
7472,16,1276.1999999999994,16,1276.1999999999994,2opt,notBad
7473,16,1276.1999999999994,16,1276.1999999999994,2opt,notBad
7474,16,1276.1999999999994,16,1276.1999999999994,2opt,notBad
7475,16,1276.1999999999994,16,1276.1999999999994,swap,notBad
7476,16,1276.1999999999994,16,1276.1999999999994,swap,notBad
7477,16,1276.1999999999994,16,1276.1999999999994,2opt,notBad
7478,16,1276.1999999999994,16,1276.1999999999994,2opt,notBad
7479,16,1276.1999999999994,16,1276.1999999999994,move,improve
7480,16,1276.1999999999994,16,1276.1999999999994,swap,notBad
7481,16,1276.1999999999994,16,1276.1999999999994,swap,notBad
7482,16,1276.1999999999994,16,1276.1999999999994,move,improve
7483,16,1276.1999999999994,16,1276.1999999999994,2opt,notBad
7484,16,1276.1999999999994,16,1276.1999999999994,move,improve
7485,16,1276.1999999999994,16,1276.1999999999994,swap,notBad
7486,16,1276.1999999999994,16,1276.1999999999994,2opt,notBad
7487,16,1276.1999999999994,16,1276.1999999999994,swap,notBad
7488,16,1276.1999999999994,16,1276.1999999999994,swap,notBad
7489,16,1276.1999999999994,16,1276.1999999999994,2opt,notBad
7490,16,1276.1999999999994,16,1276.1999999999994,2opt,notBad
7491,16,1276.1999999999994,16,1276.1999999999994,swap,notBad
7492,16,1276.1999999999994,16,1276.1999999999994,move,improve
7493,16,1276.1999999999994,16,1276.1999999999994,2opt,notBad
7494,16,1276.1999999999994,16,1276.1999999999994,move,improve
7495,16,1276.1999999999994,16,1276.1999999999994,move,improve
7496,16,1276.1999999999994,16,1276.1999999999994,swap,notBad
7497,16,1276.1999999999994,16,1276.1999999999994,swap,notBad
7498,16,1276.1999999999994,16,1276.1999999999994,swap,notBad
7499,16,1276.1999999999994,16,1276.1999999999994,swap,notBad
7500,16,1276.1999999999994,16,1276.1999999999994,swap,notBad
7501,16,1276.1999999999994,16,1276.1999999999994,2opt,notBad
7502,16,1276.1999999999994,16,1276.1999999999994,move,improve
7503,16,1276.1999999999994,16,1276.1999999999994,2opt,notBad
7504,16,1276.1999999999994,16,1276.1999999999994,2opt,notBad
7505,16,1276.1999999999994,16,1276.1999999999994,move,improve
7506,16,1276.1999999999994,16,1276.1999999999994,2opt,notBad
7507,16,1276.1999999999994,16,1276.1999999999994,2opt,notBad
7508,16,1276.1999999999994,16,1276.1999999999994,2opt,improve
7509,16,1276.1999999999994,16,1276.1999999999994,2opt,notBad
7510,16,1276.1999999999994,16,1276.1999999999994,swap,notBad
7511,16,1276.1999999999994,16,1276.1999999999994,2opt,notBad
7512,16,1276.1999999999994,16,1276.1999999999994,swap,notBad
7513,16,1276.1999999999994,16,1276.1999999999994,swap,notBad
7514,16,1276.1999999999994,16,1276.1999999999994,move,improve
7515,16,1276.1999999999994,16,1276.1999999999994,2opt,notBad
7516,16,1276.1999999999994,16,1276.1999999999994,swap,notBad
7517,16,1276.1999999999994,16,1276.1999999999994,2opt,notBad
7518,16,1276.1999999999994,16,1276.1999999999994,swap,notBad
7519,16,1276.1999999999994,16,1276.1999999999994,swap,notBad
7520,16,1276.1999999999994,16,1276.1999999999994,move,improve
7521,16,1276.1999999999994,16,1276.1999999999994,swap,notBad
7522,16,1276.1999999999994,16,1276.1999999999994,2opt,improve
7523,16,1276.1999999999994,16,1276.1999999999994,2opt,improve
7524,16,1276.1999999999994,16,1276.1999999999994,move,improve
7525,16,1276.1999999999994,16,1276.1999999999994,swap,notBad
7526,16,1276.1999999999994,16,1276.1999999999994,move,improve
7527,16,1276.1999999999994,16,1276.1999999999994,swap,notBad
7528,16,1276.1999999999994,16,1276.1999999999994,swap,notBad
7529,16,1276.1999999999994,16,1276.1999999999994,move,improve
7530,16,1276.1999999999994,16,1276.1999999999994,2opt,notBad
7531,16,1276.1999999999994,16,1276.1999999999994,swap,notBad
7532,16,1276.1999999999994,16,1276.1999999999994,2opt,notBad
7533,16,1276.1999999999994,16,1276.1999999999994,swap,notBad
7534,16,1276.1999999999994,16,1276.1999999999994,move,improve
7535,16,1276.1999999999994,16,1276.1999999999994,2opt,notBad
7536,16,1276.1999999999994,16,1276.1999999999994,move,improve
7537,16,1276.1999999999994,16,1276.1999999999994,move,improve
7538,16,1276.1999999999994,16,1276.1999999999994,2opt,improve
7539,16,1276.1999999999994,16,1276.1999999999994,move,improve
7540,16,1276.1999999999994,16,1276.1999999999994,move,improve
7541,16,1276.1999999999994,16,1276.1999999999994,swap,notBad
7542,16,1276.1999999999994,16,1276.1999999999994,2opt,notBad
7543,16,1276.1999999999994,16,1276.1999999999994,move,improve
7544,16,1276.1999999999994,16,1276.1999999999994,2opt,notBad
7545,16,1276.1999999999994,16,1276.1999999999994,move,improve
7546,16,1276.1999999999994,16,1276.1999999999994,swap,notBad
7547,16,1276.1999999999994,16,1276.1999999999994,2opt,notBad
7548,16,1276.1999999999994,16,1276.1999999999994,swap,notBad
7549,16,1276.1999999999994,16,1276.1999999999994,2opt,notBad
7550,16,1276.1999999999994,16,1276.1999999999994,2opt,notBad
7551,16,1276.1999999999994,16,1276.1999999999994,2opt,notBad
7552,16,1276.1999999999994,16,1276.1999999999994,move,improve
7553,16,1276.1999999999994,16,1276.1999999999994,move,improve
7554,16,1276.1999999999994,16,1276.1999999999994,swap,notBad
7555,16,1276.1999999999994,16,1276.1999999999994,move,improve
7556,16,1276.1999999999994,16,1276.1999999999994,swap,notBad
7557,16,1276.1999999999994,16,1276.1999999999994,move,improve
7558,16,1276.1999999999994,16,1276.1999999999994,swap,notBad
7559,16,1276.1999999999994,16,1276.1999999999994,swap,notBad
7560,16,1276.1999999999994,16,1276.1999999999994,move,improve
7561,16,1276.1999999999994,16,1276.1999999999994,2opt,improve
7562,16,1276.1999999999994,16,1276.1999999999994,swap,notBad
7563,16,1276.1999999999994,16,1276.1999999999994,move,improve
7564,16,1276.1999999999994,16,1276.1999999999994,swap,notBad
7565,16,1276.1999999999994,16,1276.1999999999994,swap,notBad
7566,16,1276.1999999999994,16,1276.1999999999994,move,improve
7567,16,1276.1999999999994,16,1276.1999999999994,2opt,improve
7568,16,1276.1999999999994,16,1276.1999999999994,2opt,notBad
7569,16,1276.1999999999994,16,1276.1999999999994,move,improve
7570,16,1276.1999999999994,16,1276.1999999999994,2opt,improve
7571,16,1276.1999999999994,16,1276.1999999999994,move,improve
7572,16,1276.1999999999994,16,1276.1999999999994,swap,notBad
7573,16,1276.1999999999994,16,1276.1999999999994,swap,notBad
7574,16,1276.1999999999994,16,1276.1999999999994,swap,notBad
7575,16,1276.1999999999994,16,1276.1999999999994,move,improve
7576,16,1276.1999999999994,16,1276.1999999999994,move,improve
7577,16,1276.1999999999994,16,1276.1999999999994,2opt,notBad
7578,16,1276.1999999999994,16,1276.1999999999994,move,improve
7579,16,1276.1999999999994,16,1276.1999999999994,move,improve
7580,16,1276.1999999999994,16,1276.1999999999994,move,improve
7581,16,1276.1999999999994,16,1276.1999999999994,2opt,notBad
7582,16,1276.1999999999994,16,1276.1999999999994,2opt,notBad
7583,16,1276.1999999999994,16,1276.1999999999994,2opt,notBad
7584,16,1276.1999999999994,16,1276.1999999999994,swap,notBad
7585,16,1276.1999999999994,16,1276.1999999999994,2opt,notBad
7586,16,1276.1999999999994,16,1276.1999999999994,2opt,notBad
7587,16,1276.1999999999994,16,1276.1999999999994,move,improve
7588,16,1276.1999999999994,16,1276.1999999999994,2opt,notBad
7589,16,1276.1999999999994,16,1276.1999999999994,move,improve
7590,16,1276.1999999999994,16,1276.1999999999994,swap,notBad
7591,16,1276.1999999999994,16,1276.1999999999994,move,improve
7592,16,1276.1999999999994,16,1276.1999999999994,2opt,improve
7593,16,1276.1999999999994,16,1276.1999999999994,swap,notBad
7594,16,1276.1999999999994,16,1276.1999999999994,swap,notBad
7595,16,1276.1999999999994,16,1276.1999999999994,2opt,notBad
7596,16,1276.1999999999994,16,1276.1999999999994,move,improve
7597,16,1276.1999999999994,16,1276.1999999999994,move,improve
7598,16,1276.1999999999994,16,1276.1999999999994,2opt,improve
7599,16,1276.1999999999994,16,1276.1999999999994,swap,notBad
7600,16,1276.1999999999994,16,1276.1999999999994,2opt,notBad
7601,16,1276.1999999999994,16,1276.1999999999994,2opt,notBad
7602,16,1276.1999999999994,16,1276.1999999999994,2opt,notBad
7603,16,1276.1999999999994,16,1276.1999999999994,2opt,notBad
7604,16,1276.1999999999994,16,1276.1999999999994,move,improve
7605,16,1276.1999999999994,16,1276.1999999999994,swap,notBad
7606,16,1276.1999999999994,16,1276.1999999999994,swap,notBad
7607,16,1276.1999999999994,16,1276.1999999999994,move,improve
7608,16,1276.1999999999994,16,1276.1999999999994,swap,notBad
7609,16,1276.1999999999994,16,1276.1999999999994,swap,notBad
7610,16,1276.1999999999994,16,1276.1999999999994,move,improve
7611,16,1276.1999999999994,16,1276.1999999999994,2opt,notBad
7612,16,1276.1999999999994,16,1276.1999999999994,swap,notBad
7613,16,1276.1999999999994,16,1276.1999999999994,move,improve
7614,16,1276.1999999999994,16,1276.1999999999994,move,improve
7615,16,1276.1999999999994,16,1276.1999999999994,2opt,improve
7616,16,1276.1999999999994,16,1276.1999999999994,swap,notBad
7617,16,1276.1999999999994,16,1276.1999999999994,2opt,notBad
7618,16,1276.1999999999994,16,1276.1999999999994,2opt,notBad
7619,16,1276.1999999999994,16,1276.1999999999994,swap,notBad
7620,16,1276.1999999999994,16,1276.1999999999994,move,improve
7621,16,1276.1999999999994,16,1276.1999999999994,move,improve
7622,16,1276.1999999999994,16,1276.1999999999994,2opt,notBad
7623,16,1276.1999999999994,16,1276.1999999999994,move,improve
7624,16,1276.1999999999994,16,1276.1999999999994,swap,notBad
7625,16,1276.1999999999994,16,1276.1999999999994,2opt,notBad
7626,16,1276.1999999999994,16,1276.1999999999994,move,improve
7627,16,1276.1999999999994,16,1276.1999999999994,swap,notBad
7628,16,1276.1999999999994,16,1276.1999999999994,2opt,notBad
7629,16,1276.1999999999994,16,1276.1999999999994,move,improve
7630,16,1276.1999999999994,16,1276.1999999999994,2opt,notBad
7631,16,1276.1999999999994,16,1276.1999999999994,2opt,notBad
7632,16,1276.1999999999994,16,1276.1999999999994,move,improve
7633,16,1276.1999999999994,16,1276.1999999999994,2opt,notBad
7634,16,1276.1999999999994,16,1276.1999999999994,move,improve
7635,16,1276.1999999999994,16,1276.1999999999994,2opt,notBad
7636,16,1276.1999999999994,16,1276.1999999999994,2opt,notBad
7637,16,1276.1999999999994,16,1276.1999999999994,move,improve
7638,16,1276.1999999999994,16,1276.1999999999994,2opt,improve
7639,16,1276.1999999999994,16,1276.1999999999994,2opt,improve
7640,16,1276.1999999999994,16,1276.1999999999994,swap,notBad
7641,16,1276.1999999999994,16,1276.1999999999994,2opt,notBad
7642,16,1276.1999999999994,16,1276.1999999999994,2opt,notBad
7643,16,1276.1999999999994,16,1276.1999999999994,swap,notBad
7644,16,1276.1999999999994,16,1276.1999999999994,2opt,improve
7645,16,1276.1999999999994,16,1276.1999999999994,swap,notBad
7646,16,1276.1999999999994,16,1276.1999999999994,swap,notBad
7647,16,1276.1999999999994,16,1276.1999999999994,move,improve
7648,16,1276.1999999999994,16,1276.1999999999994,2opt,notBad
7649,16,1276.1999999999994,16,1276.1999999999994,2opt,notBad
7650,16,1276.1999999999994,16,1276.1999999999994,move,improve
7651,16,1276.1999999999994,16,1276.1999999999994,2opt,notBad
7652,16,1276.1999999999994,16,1276.1999999999994,swap,notBad
7653,16,1276.1999999999994,16,1276.1999999999994,move,improve
7654,16,1276.1999999999994,16,1276.1999999999994,2opt,improve
7655,16,1276.1999999999994,16,1276.1999999999994,move,improve
7656,16,1276.1999999999994,16,1276.1999999999994,2opt,notBad
7657,16,1276.1999999999994,16,1276.1999999999994,2opt,notBad
7658,16,1276.1999999999994,16,1276.1999999999994,swap,notBad
7659,16,1276.1999999999994,16,1276.1999999999994,2opt,notBad
7660,16,1276.1999999999994,16,1276.1999999999994,move,improve
7661,16,1276.1999999999994,16,1276.1999999999994,2opt,notBad
7662,16,1276.1999999999994,16,1276.1999999999994,move,improve
7663,16,1276.1999999999994,16,1276.1999999999994,move,improve
7664,16,1276.1999999999994,16,1276.1999999999994,move,improve
7665,16,1276.1999999999994,16,1276.1999999999994,swap,notBad
7666,16,1276.1999999999994,16,1276.1999999999994,2opt,notBad
7667,16,1276.1999999999994,16,1276.1999999999994,move,improve
7668,16,1276.1999999999994,16,1276.1999999999994,swap,notBad
7669,16,1276.1999999999994,16,1276.1999999999994,2opt,improve
7670,16,1276.1999999999994,16,1276.1999999999994,2opt,notBad
7671,16,1276.1999999999994,16,1276.1999999999994,2opt,notBad
7672,16,1276.1999999999994,16,1276.1999999999994,2opt,notBad
7673,16,1276.1999999999994,16,1276.1999999999994,swap,notBad
7674,16,1276.1999999999994,16,1276.1999999999994,swap,notBad
7675,16,1276.1999999999994,16,1276.1999999999994,2opt,notBad
7676,16,1278.7999999999995,16,1276.1999999999994,move,acceptBad
7677,16,1278.7999999999995,16,1276.1999999999994,2opt,notBad
7678,16,1278.7999999999995,16,1276.1999999999994,2opt,notBad
7679,16,1278.7999999999995,16,1276.1999999999994,2opt,notBad
7680,16,1278.7999999999995,16,1276.1999999999994,move,improve
7681,16,1278.7999999999995,16,1276.1999999999994,2opt,notBad
7682,16,1278.7999999999995,16,1276.1999999999994,swap,notBad
7683,16,1278.7999999999995,16,1276.1999999999994,move,improve
7684,16,1278.7999999999995,16,1276.1999999999994,2opt,notBad
7685,16,1278.7999999999995,16,1276.1999999999994,move,improve
7686,16,1278.7999999999995,16,1276.1999999999994,move,improve
7687,16,1278.7999999999995,16,1276.1999999999994,move,improve
7688,16,1278.7999999999995,16,1276.1999999999994,move,improve
7689,16,1278.7999999999995,16,1276.1999999999994,move,improve
7690,16,1278.7999999999995,16,1276.1999999999994,2opt,notBad
7691,16,1278.7999999999995,16,1276.1999999999994,swap,notBad
7692,16,1278.7999999999995,16,1276.1999999999994,move,improve
7693,16,1278.7999999999995,16,1276.1999999999994,move,improve
7694,16,1278.7999999999995,16,1276.1999999999994,swap,notBad
7695,16,1278.7999999999995,16,1276.1999999999994,move,improve
7696,16,1278.7999999999995,16,1276.1999999999994,swap,notBad
7697,16,1278.7999999999995,16,1276.1999999999994,2opt,improve
7698,16,1278.7999999999995,16,1276.1999999999994,2opt,notBad
7699,16,1278.7999999999995,16,1276.1999999999994,swap,notBad
7700,16,1278.7999999999995,16,1276.1999999999994,2opt,notBad
7701,16,1278.7999999999995,16,1276.1999999999994,2opt,improve
7702,16,1278.7999999999995,16,1276.1999999999994,move,improve
7703,16,1278.7999999999995,16,1276.1999999999994,2opt,notBad
7704,16,1278.7999999999995,16,1276.1999999999994,swap,notBad
7705,16,1278.7999999999995,16,1276.1999999999994,swap,notBad
7706,16,1278.7999999999995,16,1276.1999999999994,swap,notBad
7707,16,1278.7999999999995,16,1276.1999999999994,move,improve
7708,16,1278.7999999999995,16,1276.1999999999994,2opt,notBad
7709,16,1278.7999999999995,16,1276.1999999999994,swap,notBad
7710,16,1278.7999999999995,16,1276.1999999999994,swap,notBad
7711,16,1278.7999999999995,16,1276.1999999999994,move,improve
7712,16,1278.7999999999995,16,1276.1999999999994,swap,notBad
7713,16,1278.7999999999995,16,1276.1999999999994,swap,notBad
7714,16,1278.7999999999995,16,1276.1999999999994,2opt,notBad
7715,16,1278.7999999999995,16,1276.1999999999994,2opt,notBad
7716,16,1278.7999999999995,16,1276.1999999999994,move,improve
7717,16,1278.7999999999995,16,1276.1999999999994,2opt,notBad
7718,16,1278.7999999999995,16,1276.1999999999994,swap,notBad
7719,16,1278.7999999999995,16,1276.1999999999994,2opt,notBad
7720,16,1276.1999999999994,16,1276.1999999999994,move,improve
7721,16,1276.1999999999994,16,1276.1999999999994,2opt,notBad
7722,16,1276.1999999999994,16,1276.1999999999994,2opt,notBad
7723,16,1276.1999999999994,16,1276.1999999999994,2opt,notBad
7724,16,1276.1999999999994,16,1276.1999999999994,2opt,notBad
7725,16,1276.1999999999994,16,1276.1999999999994,2opt,notBad
7726,16,1276.1999999999994,16,1276.1999999999994,move,improve
7727,16,1276.1999999999994,16,1276.1999999999994,move,improve
7728,16,1276.1999999999994,16,1276.1999999999994,swap,notBad
7729,16,1276.1999999999994,16,1276.1999999999994,swap,notBad
7730,16,1276.1999999999994,16,1276.1999999999994,2opt,notBad
7731,16,1276.1999999999994,16,1276.1999999999994,swap,notBad
7732,16,1276.1999999999994,16,1276.1999999999994,2opt,notBad
7733,16,1276.1999999999994,16,1276.1999999999994,move,improve
7734,16,1276.1999999999994,16,1276.1999999999994,2opt,improve
7735,16,1276.1999999999994,16,1276.1999999999994,swap,notBad
7736,16,1276.1999999999994,16,1276.1999999999994,move,improve
7737,16,1276.1999999999994,16,1276.1999999999994,2opt,notBad
7738,16,1276.1999999999994,16,1276.1999999999994,2opt,notBad
7739,16,1276.1999999999994,16,1276.1999999999994,2opt,notBad
7740,16,1276.1999999999994,16,1276.1999999999994,2opt,notBad
7741,16,1276.1999999999994,16,1276.1999999999994,move,improve
7742,16,1276.1999999999994,16,1276.1999999999994,swap,notBad
7743,16,1276.1999999999994,16,1276.1999999999994,2opt,notBad
7744,16,1276.1999999999994,16,1276.1999999999994,move,improve
7745,16,1276.1999999999994,16,1276.1999999999994,swap,notBad
7746,16,1276.1999999999994,16,1276.1999999999994,move,improve
7747,16,1276.1999999999994,16,1276.1999999999994,2opt,notBad
7748,16,1276.1999999999994,16,1276.1999999999994,2opt,notBad
7749,16,1276.1999999999994,16,1276.1999999999994,2opt,notBad
7750,16,1276.1999999999994,16,1276.1999999999994,swap,notBad
7751,16,1276.1999999999994,16,1276.1999999999994,swap,notBad
7752,16,1276.1999999999994,16,1276.1999999999994,move,improve
7753,16,1276.1999999999994,16,1276.1999999999994,move,improve
7754,16,1276.1999999999994,16,1276.1999999999994,2opt,notBad
7755,16,1276.1999999999994,16,1276.1999999999994,swap,notBad
7756,16,1276.1999999999994,16,1276.1999999999994,2opt,notBad
7757,16,1276.1999999999994,16,1276.1999999999994,move,improve
7758,16,1276.1999999999994,16,1276.1999999999994,swap,notBad
7759,16,1276.1999999999994,16,1276.1999999999994,2opt,notBad
7760,16,1276.1999999999994,16,1276.1999999999994,swap,notBad
7761,16,1276.1999999999994,16,1276.1999999999994,swap,notBad
7762,16,1276.1999999999994,16,1276.1999999999994,move,improve
7763,16,1276.1999999999994,16,1276.1999999999994,2opt,notBad
7764,16,1276.1999999999994,16,1276.1999999999994,swap,notBad
7765,16,1276.1999999999994,16,1276.1999999999994,move,improve
7766,16,1276.1999999999994,16,1276.1999999999994,move,improve
7767,16,1276.1999999999994,16,1276.1999999999994,2opt,notBad
7768,16,1276.1999999999994,16,1276.1999999999994,2opt,notBad
7769,16,1276.1999999999994,16,1276.1999999999994,move,improve
7770,16,1276.1999999999994,16,1276.1999999999994,move,improve
7771,16,1276.1999999999994,16,1276.1999999999994,2opt,improve
7772,16,1276.1999999999994,16,1276.1999999999994,swap,notBad
7773,16,1276.1999999999994,16,1276.1999999999994,swap,notBad
7774,16,1276.1999999999994,16,1276.1999999999994,move,improve
7775,16,1276.1999999999994,16,1276.1999999999994,move,improve
7776,16,1276.1999999999994,16,1276.1999999999994,move,improve
7777,16,1276.1999999999994,16,1276.1999999999994,swap,notBad
7778,16,1276.1999999999994,16,1276.1999999999994,2opt,improve
7779,16,1276.1999999999994,16,1276.1999999999994,swap,notBad
7780,16,1276.1999999999994,16,1276.1999999999994,2opt,improve
7781,16,1276.1999999999994,16,1276.1999999999994,move,improve
7782,16,1276.1999999999994,16,1276.1999999999994,swap,notBad
7783,16,1276.1999999999994,16,1276.1999999999994,2opt,notBad
7784,16,1276.1999999999994,16,1276.1999999999994,swap,notBad
7785,16,1276.1999999999994,16,1276.1999999999994,2opt,notBad
7786,16,1276.1999999999994,16,1276.1999999999994,move,improve
7787,16,1276.1999999999994,16,1276.1999999999994,move,improve
7788,16,1276.1999999999994,16,1276.1999999999994,2opt,notBad
7789,16,1276.1999999999994,16,1276.1999999999994,swap,notBad
7790,16,1276.1999999999994,16,1276.1999999999994,2opt,notBad
7791,16,1276.1999999999994,16,1276.1999999999994,swap,notBad
7792,16,1276.1999999999994,16,1276.1999999999994,2opt,notBad
7793,16,1276.1999999999994,16,1276.1999999999994,swap,notBad
7794,16,1276.1999999999994,16,1276.1999999999994,swap,notBad
7795,16,1276.1999999999994,16,1276.1999999999994,swap,notBad
7796,16,1276.1999999999994,16,1276.1999999999994,move,improve
7797,16,1276.1999999999994,16,1276.1999999999994,move,improve
7798,16,1276.1999999999994,16,1276.1999999999994,2opt,notBad
7799,16,1278.7999999999995,16,1276.1999999999994,move,acceptBad
7800,16,1278.7999999999995,16,1276.1999999999994,move,improve
7801,16,1278.7999999999995,16,1276.1999999999994,move,improve
7802,16,1274.3999999999994,16,1274.3999999999994,move,newBest
7803,16,1274.3999999999994,16,1274.3999999999994,swap,notBad
7804,16,1274.3999999999994,16,1274.3999999999994,move,improve
7805,16,1274.3999999999994,16,1274.3999999999994,move,improve
7806,16,1274.3999999999994,16,1274.3999999999994,2opt,notBad
7807,16,1274.3999999999994,16,1274.3999999999994,2opt,notBad
7808,16,1274.3999999999994,16,1274.3999999999994,move,improve
7809,16,1274.3999999999994,16,1274.3999999999994,2opt,improve
7810,16,1274.3999999999994,16,1274.3999999999994,swap,notBad
7811,16,1274.3999999999994,16,1274.3999999999994,swap,notBad
7812,16,1274.3999999999994,16,1274.3999999999994,swap,notBad
7813,16,1274.3999999999994,16,1274.3999999999994,2opt,notBad
7814,16,1274.3999999999994,16,1274.3999999999994,2opt,notBad
7815,16,1274.3999999999994,16,1274.3999999999994,2opt,notBad
7816,16,1274.3999999999994,16,1274.3999999999994,swap,notBad
7817,16,1274.3999999999994,16,1274.3999999999994,swap,notBad
7818,16,1274.3999999999994,16,1274.3999999999994,2opt,notBad
7819,16,1274.3999999999994,16,1274.3999999999994,move,improve
7820,16,1274.3999999999994,16,1274.3999999999994,2opt,notBad
7821,16,1274.3999999999994,16,1274.3999999999994,2opt,notBad
7822,16,1274.3999999999994,16,1274.3999999999994,swap,notBad
7823,16,1274.3999999999994,16,1274.3999999999994,2opt,notBad
7824,16,1274.3999999999994,16,1274.3999999999994,move,improve
7825,16,1274.3999999999994,16,1274.3999999999994,move,improve
7826,16,1274.3999999999994,16,1274.3999999999994,move,improve
7827,16,1274.3999999999994,16,1274.3999999999994,swap,notBad
7828,16,1274.3999999999994,16,1274.3999999999994,move,improve
7829,16,1274.3999999999994,16,1274.3999999999994,move,improve
7830,16,1274.3999999999994,16,1274.3999999999994,move,improve
7831,16,1274.3999999999994,16,1274.3999999999994,2opt,notBad
7832,16,1274.3999999999994,16,1274.3999999999994,2opt,improve
7833,16,1274.3999999999994,16,1274.3999999999994,swap,notBad
7834,16,1274.3999999999994,16,1274.3999999999994,2opt,improve
7835,16,1274.3999999999994,16,1274.3999999999994,2opt,notBad
7836,16,1274.3999999999994,16,1274.3999999999994,swap,notBad
7837,16,1274.3999999999994,16,1274.3999999999994,swap,notBad
7838,16,1274.3999999999994,16,1274.3999999999994,move,improve
7839,16,1274.3999999999994,16,1274.3999999999994,2opt,notBad
7840,16,1274.3999999999994,16,1274.3999999999994,move,improve
7841,16,1274.3999999999994,16,1274.3999999999994,swap,notBad
7842,16,1274.3999999999994,16,1274.3999999999994,move,improve
7843,16,1272.2999999999993,16,1272.2999999999993,move,newBest
7844,16,1272.2999999999993,16,1272.2999999999993,2opt,notBad
7845,16,1272.2999999999993,16,1272.2999999999993,move,improve
7846,16,1272.2999999999993,16,1272.2999999999993,2opt,notBad
7847,16,1272.2999999999993,16,1272.2999999999993,2opt,notBad
7848,16,1272.2999999999993,16,1272.2999999999993,2opt,notBad
7849,16,1272.2999999999993,16,1272.2999999999993,move,improve
7850,16,1272.2999999999993,16,1272.2999999999993,move,improve
7851,16,1272.2999999999993,16,1272.2999999999993,move,improve
7852,16,1272.2999999999993,16,1272.2999999999993,swap,notBad
7853,16,1272.2999999999993,16,1272.2999999999993,swap,notBad
7854,16,1272.2999999999993,16,1272.2999999999993,move,improve
7855,16,1272.2999999999993,16,1272.2999999999993,2opt,notBad
7856,16,1272.2999999999993,16,1272.2999999999993,2opt,notBad
7857,16,1272.2999999999993,16,1272.2999999999993,move,improve
7858,16,1272.2999999999993,16,1272.2999999999993,2opt,notBad
7859,16,1272.2999999999993,16,1272.2999999999993,swap,notBad
7860,16,1272.2999999999993,16,1272.2999999999993,2opt,notBad
7861,16,1272.2999999999993,16,1272.2999999999993,move,improve
7862,16,1272.2999999999993,16,1272.2999999999993,2opt,notBad
7863,16,1272.2999999999993,16,1272.2999999999993,move,improve
7864,16,1272.2999999999993,16,1272.2999999999993,2opt,notBad
7865,16,1272.2999999999993,16,1272.2999999999993,move,improve
7866,16,1272.9999999999995,16,1272.2999999999993,swap,acceptBad
7867,16,1272.9999999999995,16,1272.2999999999993,2opt,notBad
7868,16,1272.9999999999995,16,1272.2999999999993,move,improve
7869,16,1272.9999999999995,16,1272.2999999999993,swap,notBad
7870,16,1270.3999999999994,16,1270.3999999999994,move,newBest
7871,16,1270.3999999999994,16,1270.3999999999994,2opt,notBad
7872,16,1270.3999999999994,16,1270.3999999999994,2opt,notBad
7873,16,1270.3999999999994,16,1270.3999999999994,2opt,notBad
7874,16,1270.3999999999994,16,1270.3999999999994,swap,notBad
7875,16,1270.3999999999994,16,1270.3999999999994,swap,notBad
7876,16,1270.3999999999994,16,1270.3999999999994,move,improve
7877,16,1270.3999999999994,16,1270.3999999999994,move,improve
7878,16,1270.3999999999994,16,1270.3999999999994,2opt,notBad
7879,16,1270.3999999999994,16,1270.3999999999994,2opt,notBad
7880,16,1270.3999999999994,16,1270.3999999999994,2opt,notBad
7881,16,1270.3999999999994,16,1270.3999999999994,2opt,improve
7882,16,1270.3999999999994,16,1270.3999999999994,2opt,notBad
7883,16,1270.3999999999994,16,1270.3999999999994,2opt,notBad
7884,16,1270.3999999999994,16,1270.3999999999994,2opt,notBad
7885,16,1270.3999999999994,16,1270.3999999999994,swap,notBad
7886,16,1270.3999999999994,16,1270.3999999999994,2opt,improve
7887,16,1270.3999999999994,16,1270.3999999999994,swap,notBad
7888,16,1270.3999999999994,16,1270.3999999999994,2opt,notBad
7889,16,1270.3999999999994,16,1270.3999999999994,2opt,notBad
7890,16,1270.3999999999994,16,1270.3999999999994,move,improve
7891,16,1270.3999999999994,16,1270.3999999999994,2opt,notBad
7892,16,1270.3999999999994,16,1270.3999999999994,2opt,notBad
7893,16,1270.3999999999994,16,1270.3999999999994,2opt,notBad
7894,16,1270.3999999999994,16,1270.3999999999994,move,improve
7895,16,1270.3999999999994,16,1270.3999999999994,move,improve
7896,16,1270.3999999999994,16,1270.3999999999994,swap,notBad
7897,16,1270.3999999999994,16,1270.3999999999994,move,improve
7898,16,1270.3999999999994,16,1270.3999999999994,swap,notBad
7899,16,1270.3999999999994,16,1270.3999999999994,2opt,notBad
7900,16,1270.3999999999994,16,1270.3999999999994,move,improve
7901,16,1270.3999999999994,16,1270.3999999999994,2opt,notBad
7902,16,1270.3999999999994,16,1270.3999999999994,swap,notBad
7903,16,1270.3999999999994,16,1270.3999999999994,2opt,improve
7904,16,1270.3999999999994,16,1270.3999999999994,2opt,notBad
7905,16,1270.3999999999994,16,1270.3999999999994,move,improve
7906,16,1270.3999999999994,16,1270.3999999999994,swap,notBad
7907,16,1270.3999999999994,16,1270.3999999999994,move,improve
7908,16,1270.3999999999994,16,1270.3999999999994,move,improve
7909,16,1270.3999999999994,16,1270.3999999999994,2opt,notBad
7910,16,1270.3999999999994,16,1270.3999999999994,2opt,notBad
7911,16,1270.3999999999994,16,1270.3999999999994,move,improve
7912,16,1270.3999999999994,16,1270.3999999999994,2opt,notBad
7913,16,1270.3999999999994,16,1270.3999999999994,swap,notBad
7914,16,1270.3999999999994,16,1270.3999999999994,2opt,notBad
7915,16,1270.3999999999994,16,1270.3999999999994,2opt,notBad
7916,16,1270.3999999999994,16,1270.3999999999994,move,improve
7917,16,1270.3999999999994,16,1270.3999999999994,swap,notBad
7918,16,1270.3999999999994,16,1270.3999999999994,swap,notBad
7919,16,1270.3999999999994,16,1270.3999999999994,swap,notBad
7920,16,1270.3999999999994,16,1270.3999999999994,move,improve
7921,16,1270.3999999999994,16,1270.3999999999994,2opt,notBad
7922,16,1270.3999999999994,16,1270.3999999999994,move,improve
7923,16,1270.3999999999994,16,1270.3999999999994,2opt,improve
7924,16,1270.3999999999994,16,1270.3999999999994,2opt,notBad
7925,16,1270.3999999999994,16,1270.3999999999994,move,improve
7926,16,1270.3999999999994,16,1270.3999999999994,move,improve
7927,16,1270.3999999999994,16,1270.3999999999994,2opt,notBad
7928,16,1270.3999999999994,16,1270.3999999999994,swap,notBad
7929,16,1270.3999999999994,16,1270.3999999999994,move,improve
7930,16,1270.3999999999994,16,1270.3999999999994,2opt,notBad
7931,16,1270.3999999999994,16,1270.3999999999994,swap,notBad
7932,16,1270.3999999999994,16,1270.3999999999994,swap,notBad
7933,16,1270.3999999999994,16,1270.3999999999994,swap,notBad
7934,16,1270.3999999999994,16,1270.3999999999994,2opt,notBad
7935,16,1270.3999999999994,16,1270.3999999999994,swap,notBad
7936,16,1270.3999999999994,16,1270.3999999999994,swap,notBad
7937,16,1270.3999999999994,16,1270.3999999999994,move,improve
7938,16,1270.3999999999994,16,1270.3999999999994,swap,notBad
7939,16,1270.3999999999994,16,1270.3999999999994,move,improve
7940,16,1270.3999999999994,16,1270.3999999999994,2opt,notBad
7941,16,1270.3999999999994,16,1270.3999999999994,2opt,notBad
7942,16,1270.3999999999994,16,1270.3999999999994,move,improve
7943,16,1270.3999999999994,16,1270.3999999999994,swap,notBad
7944,16,1270.3999999999994,16,1270.3999999999994,swap,notBad
7945,16,1270.3999999999994,16,1270.3999999999994,2opt,notBad
7946,16,1270.3999999999994,16,1270.3999999999994,swap,notBad
7947,16,1270.3999999999994,16,1270.3999999999994,move,improve
7948,16,1270.3999999999994,16,1270.3999999999994,swap,notBad
7949,16,1270.3999999999994,16,1270.3999999999994,swap,notBad
7950,16,1270.3999999999994,16,1270.3999999999994,move,improve
7951,16,1270.3999999999994,16,1270.3999999999994,2opt,improve
7952,16,1270.3999999999994,16,1270.3999999999994,swap,notBad
7953,16,1270.3999999999994,16,1270.3999999999994,swap,notBad
7954,16,1270.3999999999994,16,1270.3999999999994,swap,notBad
7955,16,1270.3999999999994,16,1270.3999999999994,swap,notBad
7956,16,1270.3999999999994,16,1270.3999999999994,swap,notBad
7957,16,1270.3999999999994,16,1270.3999999999994,swap,notBad
7958,16,1270.3999999999994,16,1270.3999999999994,swap,notBad
7959,16,1270.3999999999994,16,1270.3999999999994,move,improve
7960,16,1270.3999999999994,16,1270.3999999999994,2opt,notBad
7961,16,1270.3999999999994,16,1270.3999999999994,swap,notBad
7962,16,1270.3999999999994,16,1270.3999999999994,move,improve
7963,16,1270.3999999999994,16,1270.3999999999994,move,improve
7964,16,1270.3999999999994,16,1270.3999999999994,2opt,notBad
7965,16,1270.3999999999994,16,1270.3999999999994,move,improve
7966,16,1267.1999999999994,16,1267.1999999999994,move,newBest
7967,16,1267.1999999999994,16,1267.1999999999994,swap,notBad
7968,16,1267.1999999999994,16,1267.1999999999994,move,improve
7969,16,1267.1999999999994,16,1267.1999999999994,2opt,notBad
7970,16,1267.1999999999994,16,1267.1999999999994,move,improve
7971,16,1267.1999999999994,16,1267.1999999999994,2opt,notBad
7972,16,1267.1999999999994,16,1267.1999999999994,swap,notBad
7973,16,1267.1999999999994,16,1267.1999999999994,swap,notBad
7974,16,1267.1999999999994,16,1267.1999999999994,swap,notBad
7975,16,1267.1999999999994,16,1267.1999999999994,2opt,notBad
7976,16,1267.1999999999994,16,1267.1999999999994,move,improve
7977,16,1267.1999999999994,16,1267.1999999999994,swap,notBad
7978,16,1267.1999999999994,16,1267.1999999999994,2opt,notBad
7979,16,1267.1999999999994,16,1267.1999999999994,move,improve
7980,16,1267.1999999999994,16,1267.1999999999994,2opt,notBad
7981,16,1267.1999999999994,16,1267.1999999999994,move,improve
7982,16,1267.1999999999994,16,1267.1999999999994,2opt,notBad
7983,16,1267.1999999999994,16,1267.1999999999994,2opt,improve
7984,16,1267.1999999999994,16,1267.1999999999994,2opt,notBad
7985,16,1263.0999999999992,16,1263.0999999999992,move,newBest
7986,16,1263.0999999999992,16,1263.0999999999992,move,improve
7987,16,1263.0999999999992,16,1263.0999999999992,move,improve
7988,16,1263.0999999999992,16,1263.0999999999992,move,improve
7989,16,1263.0999999999992,16,1263.0999999999992,2opt,notBad
7990,16,1263.0999999999992,16,1263.0999999999992,move,improve
7991,16,1263.0999999999992,16,1263.0999999999992,2opt,notBad
7992,16,1263.0999999999992,16,1263.0999999999992,2opt,notBad
7993,16,1263.0999999999992,16,1263.0999999999992,move,improve
7994,16,1263.0999999999992,16,1263.0999999999992,2opt,notBad
7995,16,1263.0999999999992,16,1263.0999999999992,swap,notBad
7996,16,1263.0999999999992,16,1263.0999999999992,2opt,notBad
7997,16,1263.0999999999992,16,1263.0999999999992,move,improve
7998,16,1262.3999999999994,16,1262.3999999999994,move,newBest
7999,16,1262.3999999999994,16,1262.3999999999994,move,improve
8000,16,1262.3999999999994,16,1262.3999999999994,swap,notBad
8001,16,1262.3999999999994,16,1262.3999999999994,2opt,notBad
8002,16,1262.3999999999994,16,1262.3999999999994,move,improve
8003,16,1262.3999999999994,16,1262.3999999999994,move,improve
8004,16,1262.3999999999994,16,1262.3999999999994,move,improve
8005,16,1262.3999999999994,16,1262.3999999999994,move,improve
8006,16,1262.3999999999994,16,1262.3999999999994,2opt,notBad
8007,16,1262.3999999999994,16,1262.3999999999994,2opt,notBad
8008,16,1262.3999999999994,16,1262.3999999999994,swap,notBad
8009,16,1262.3999999999994,16,1262.3999999999994,move,improve
8010,16,1262.3999999999994,16,1262.3999999999994,swap,notBad
8011,16,1262.3999999999994,16,1262.3999999999994,swap,notBad
8012,16,1262.3999999999994,16,1262.3999999999994,move,improve
8013,16,1262.3999999999994,16,1262.3999999999994,swap,notBad
8014,16,1262.3999999999994,16,1262.3999999999994,move,improve
8015,16,1262.3999999999994,16,1262.3999999999994,swap,notBad
8016,16,1262.3999999999994,16,1262.3999999999994,2opt,notBad
8017,16,1262.3999999999994,16,1262.3999999999994,move,improve
8018,16,1262.3999999999994,16,1262.3999999999994,swap,notBad
8019,16,1262.3999999999994,16,1262.3999999999994,move,improve
8020,16,1262.3999999999994,16,1262.3999999999994,swap,notBad
8021,16,1262.3999999999994,16,1262.3999999999994,swap,notBad
8022,16,1262.3999999999994,16,1262.3999999999994,move,improve
8023,16,1262.3999999999994,16,1262.3999999999994,move,improve
8024,16,1262.3999999999994,16,1262.3999999999994,2opt,notBad
8025,16,1262.3999999999994,16,1262.3999999999994,swap,notBad
8026,16,1262.3999999999994,16,1262.3999999999994,move,improve
8027,16,1262.3999999999994,16,1262.3999999999994,swap,notBad
8028,16,1262.3999999999994,16,1262.3999999999994,swap,notBad
8029,16,1262.3999999999994,16,1262.3999999999994,2opt,improve
8030,16,1262.3999999999994,16,1262.3999999999994,swap,notBad
8031,16,1262.3999999999994,16,1262.3999999999994,2opt,improve
8032,16,1262.3999999999994,16,1262.3999999999994,2opt,notBad
8033,16,1262.3999999999994,16,1262.3999999999994,move,improve
8034,16,1262.3999999999994,16,1262.3999999999994,swap,notBad
8035,16,1262.3999999999994,16,1262.3999999999994,swap,notBad
8036,16,1262.3999999999994,16,1262.3999999999994,2opt,notBad
8037,16,1262.3999999999994,16,1262.3999999999994,2opt,notBad
8038,16,1262.3999999999994,16,1262.3999999999994,swap,notBad
8039,16,1262.3999999999994,16,1262.3999999999994,swap,notBad
8040,16,1262.3999999999994,16,1262.3999999999994,swap,notBad
8041,16,1262.3999999999994,16,1262.3999999999994,2opt,notBad
8042,16,1262.3999999999994,16,1262.3999999999994,swap,notBad
8043,16,1262.3999999999994,16,1262.3999999999994,2opt,notBad
8044,16,1262.3999999999994,16,1262.3999999999994,2opt,notBad
8045,16,1262.3999999999994,16,1262.3999999999994,swap,notBad
8046,16,1262.3999999999994,16,1262.3999999999994,swap,notBad
8047,16,1262.3999999999994,16,1262.3999999999994,2opt,notBad
8048,16,1262.3999999999994,16,1262.3999999999994,swap,notBad
8049,16,1262.3999999999994,16,1262.3999999999994,2opt,improve
8050,16,1262.3999999999994,16,1262.3999999999994,move,improve
8051,16,1262.3999999999994,16,1262.3999999999994,move,improve
8052,16,1262.3999999999994,16,1262.3999999999994,move,improve
8053,16,1262.3999999999994,16,1262.3999999999994,2opt,notBad
8054,16,1262.3999999999994,16,1262.3999999999994,swap,notBad
8055,16,1262.3999999999994,16,1262.3999999999994,2opt,notBad
8056,16,1262.3999999999994,16,1262.3999999999994,2opt,notBad
8057,16,1262.3999999999994,16,1262.3999999999994,move,improve
8058,16,1262.3999999999994,16,1262.3999999999994,2opt,notBad
8059,16,1262.3999999999994,16,1262.3999999999994,2opt,notBad
8060,16,1262.3999999999994,16,1262.3999999999994,2opt,notBad
8061,16,1262.3999999999994,16,1262.3999999999994,swap,notBad
8062,16,1262.3999999999994,16,1262.3999999999994,2opt,improve
8063,16,1262.3999999999994,16,1262.3999999999994,swap,notBad
8064,16,1262.3999999999994,16,1262.3999999999994,move,improve
8065,16,1262.3999999999994,16,1262.3999999999994,2opt,notBad
8066,16,1262.3999999999994,16,1262.3999999999994,move,notBad
8067,16,1262.3999999999994,16,1262.3999999999994,2opt,notBad
8068,16,1262.3999999999994,16,1262.3999999999994,move,improve
8069,16,1262.3999999999994,16,1262.3999999999994,move,improve
8070,16,1262.3999999999994,16,1262.3999999999994,2opt,improve
8071,16,1262.3999999999994,16,1262.3999999999994,2opt,notBad
8072,16,1262.3999999999994,16,1262.3999999999994,move,improve
8073,16,1262.3999999999994,16,1262.3999999999994,2opt,notBad
8074,16,1262.3999999999994,16,1262.3999999999994,move,improve
8075,16,1262.3999999999994,16,1262.3999999999994,move,improve
8076,16,1262.3999999999994,16,1262.3999999999994,swap,notBad
8077,16,1262.3999999999994,16,1262.3999999999994,2opt,notBad
8078,16,1262.3999999999994,16,1262.3999999999994,2opt,notBad
8079,16,1262.3999999999994,16,1262.3999999999994,2opt,notBad
8080,16,1262.3999999999994,16,1262.3999999999994,swap,notBad
8081,16,1262.3999999999994,16,1262.3999999999994,2opt,notBad
8082,16,1262.3999999999994,16,1262.3999999999994,swap,notBad
8083,16,1262.3999999999994,16,1262.3999999999994,swap,notBad
8084,16,1262.3999999999994,16,1262.3999999999994,move,improve
8085,16,1262.3999999999994,16,1262.3999999999994,2opt,notBad
8086,16,1262.3999999999994,16,1262.3999999999994,swap,notBad
8087,16,1262.3999999999994,16,1262.3999999999994,2opt,notBad
8088,16,1262.3999999999994,16,1262.3999999999994,swap,notBad
8089,16,1262.3999999999994,16,1262.3999999999994,2opt,notBad
8090,16,1262.3999999999994,16,1262.3999999999994,swap,notBad
8091,16,1262.3999999999994,16,1262.3999999999994,2opt,notBad
8092,16,1262.3999999999994,16,1262.3999999999994,swap,notBad
8093,16,1262.3999999999994,16,1262.3999999999994,2opt,notBad
8094,16,1264.9999999999995,16,1262.3999999999994,move,acceptBad
8095,16,1264.9999999999995,16,1262.3999999999994,swap,notBad
8096,16,1264.9999999999995,16,1262.3999999999994,swap,notBad
8097,16,1264.9999999999995,16,1262.3999999999994,move,improve
8098,16,1264.9999999999995,16,1262.3999999999994,swap,notBad
8099,16,1264.9999999999995,16,1262.3999999999994,2opt,notBad
8100,16,1264.9999999999995,16,1262.3999999999994,2opt,notBad
8101,16,1264.9999999999995,16,1262.3999999999994,move,improve
8102,16,1264.9999999999995,16,1262.3999999999994,2opt,notBad
8103,16,1264.9999999999995,16,1262.3999999999994,swap,notBad
8104,16,1264.9999999999995,16,1262.3999999999994,move,improve
8105,16,1264.9999999999995,16,1262.3999999999994,swap,notBad
8106,16,1264.9999999999995,16,1262.3999999999994,2opt,notBad
8107,16,1264.9999999999995,16,1262.3999999999994,2opt,improve
8108,16,1264.9999999999995,16,1262.3999999999994,move,improve
8109,16,1264.9999999999995,16,1262.3999999999994,swap,notBad
8110,16,1264.9999999999995,16,1262.3999999999994,swap,notBad
8111,16,1264.9999999999995,16,1262.3999999999994,2opt,notBad
8112,16,1264.9999999999995,16,1262.3999999999994,2opt,notBad
8113,16,1264.9999999999995,16,1262.3999999999994,move,improve
8114,16,1264.9999999999995,16,1262.3999999999994,2opt,notBad
8115,16,1264.9999999999995,16,1262.3999999999994,move,improve
8116,16,1264.9999999999995,16,1262.3999999999994,2opt,notBad
8117,16,1264.9999999999995,16,1262.3999999999994,move,improve
8118,16,1264.9999999999995,16,1262.3999999999994,2opt,notBad
8119,16,1264.9999999999995,16,1262.3999999999994,move,improve
8120,16,1264.9999999999995,16,1262.3999999999994,2opt,notBad
8121,16,1264.9999999999995,16,1262.3999999999994,swap,notBad
8122,16,1264.9999999999995,16,1262.3999999999994,move,improve
8123,16,1264.9999999999995,16,1262.3999999999994,move,improve
8124,16,1264.9999999999995,16,1262.3999999999994,2opt,notBad
8125,16,1264.9999999999995,16,1262.3999999999994,swap,notBad
8126,16,1264.9999999999995,16,1262.3999999999994,move,improve
8127,16,1264.9999999999995,16,1262.3999999999994,swap,notBad
8128,16,1264.9999999999995,16,1262.3999999999994,2opt,notBad
8129,16,1264.9999999999995,16,1262.3999999999994,swap,notBad
8130,16,1264.9999999999995,16,1262.3999999999994,swap,notBad
8131,16,1264.9999999999995,16,1262.3999999999994,move,improve
8132,16,1264.9999999999995,16,1262.3999999999994,2opt,notBad
8133,16,1264.9999999999995,16,1262.3999999999994,move,improve
8134,16,1264.9999999999995,16,1262.3999999999994,swap,notBad
8135,16,1264.9999999999995,16,1262.3999999999994,move,improve
8136,16,1264.9999999999995,16,1262.3999999999994,move,improve
8137,16,1264.9999999999995,16,1262.3999999999994,2opt,notBad
8138,16,1264.9999999999995,16,1262.3999999999994,move,improve
8139,16,1264.9999999999995,16,1262.3999999999994,move,improve
8140,16,1264.9999999999995,16,1262.3999999999994,2opt,notBad
8141,16,1264.9999999999995,16,1262.3999999999994,move,improve
8142,16,1264.9999999999995,16,1262.3999999999994,2opt,notBad
8143,16,1264.9999999999995,16,1262.3999999999994,2opt,notBad
8144,16,1264.9999999999995,16,1262.3999999999994,2opt,notBad
8145,16,1264.9999999999995,16,1262.3999999999994,swap,notBad
8146,16,1264.9999999999995,16,1262.3999999999994,move,improve
8147,16,1264.9999999999995,16,1262.3999999999994,swap,notBad
8148,16,1264.9999999999995,16,1262.3999999999994,swap,notBad
8149,16,1264.9999999999995,16,1262.3999999999994,swap,notBad
8150,16,1264.9999999999995,16,1262.3999999999994,2opt,notBad
8151,16,1264.9999999999995,16,1262.3999999999994,2opt,notBad
8152,16,1264.9999999999995,16,1262.3999999999994,swap,notBad
8153,16,1264.9999999999995,16,1262.3999999999994,2opt,notBad
8154,16,1264.9999999999995,16,1262.3999999999994,swap,notBad
8155,16,1264.9999999999995,16,1262.3999999999994,2opt,notBad
8156,16,1264.9999999999995,16,1262.3999999999994,2opt,notBad
8157,16,1264.9999999999995,16,1262.3999999999994,swap,notBad
8158,16,1264.9999999999995,16,1262.3999999999994,move,improve
8159,16,1264.9999999999995,16,1262.3999999999994,2opt,notBad
8160,16,1264.9999999999995,16,1262.3999999999994,2opt,improve
8161,16,1264.9999999999995,16,1262.3999999999994,move,improve
8162,16,1264.9999999999995,16,1262.3999999999994,2opt,notBad
8163,16,1264.9999999999995,16,1262.3999999999994,swap,notBad
8164,16,1264.9999999999995,16,1262.3999999999994,swap,notBad
8165,16,1265.6999999999994,16,1262.3999999999994,swap,acceptBad
8166,16,1265.6999999999994,16,1262.3999999999994,swap,notBad
8167,16,1265.6999999999994,16,1262.3999999999994,2opt,notBad
8168,16,1265.6999999999994,16,1262.3999999999994,2opt,notBad
8169,16,1265.6999999999994,16,1262.3999999999994,2opt,improve
8170,16,1265.6999999999994,16,1262.3999999999994,move,improve
8171,16,1265.6999999999994,16,1262.3999999999994,move,improve
8172,16,1265.6999999999994,16,1262.3999999999994,2opt,notBad
8173,16,1265.6999999999994,16,1262.3999999999994,2opt,notBad
8174,16,1265.6999999999994,16,1262.3999999999994,move,improve
8175,16,1265.6999999999994,16,1262.3999999999994,move,improve
8176,16,1265.6999999999994,16,1262.3999999999994,move,improve
8177,16,1265.6999999999994,16,1262.3999999999994,move,improve
8178,16,1265.6999999999994,16,1262.3999999999994,2opt,notBad
8179,16,1265.6999999999994,16,1262.3999999999994,move,improve
8180,16,1265.6999999999994,16,1262.3999999999994,move,improve
8181,16,1265.6999999999994,16,1262.3999999999994,2opt,notBad
8182,16,1265.6999999999994,16,1262.3999999999994,move,improve
8183,16,1265.6999999999994,16,1262.3999999999994,swap,notBad
8184,16,1265.6999999999994,16,1262.3999999999994,move,improve
8185,16,1265.6999999999994,16,1262.3999999999994,move,improve
8186,16,1265.6999999999994,16,1262.3999999999994,move,improve
8187,16,1265.6999999999994,16,1262.3999999999994,swap,notBad
8188,16,1265.6999999999994,16,1262.3999999999994,2opt,notBad
8189,16,1265.6999999999994,16,1262.3999999999994,move,improve
8190,16,1265.6999999999994,16,1262.3999999999994,swap,notBad
8191,16,1265.6999999999994,16,1262.3999999999994,move,improve
8192,16,1265.6999999999994,16,1262.3999999999994,swap,notBad
8193,16,1265.6999999999994,16,1262.3999999999994,2opt,notBad
8194,16,1265.6999999999994,16,1262.3999999999994,2opt,notBad
8195,16,1265.6999999999994,16,1262.3999999999994,swap,notBad
8196,16,1265.6999999999994,16,1262.3999999999994,2opt,notBad
8197,16,1265.6999999999994,16,1262.3999999999994,2opt,notBad
8198,16,1265.6999999999994,16,1262.3999999999994,swap,notBad
8199,16,1265.6999999999994,16,1262.3999999999994,move,improve
8200,16,1265.6999999999994,16,1262.3999999999994,2opt,notBad
8201,16,1265.6999999999994,16,1262.3999999999994,2opt,improve
8202,16,1265.6999999999994,16,1262.3999999999994,move,improve
8203,16,1265.6999999999994,16,1262.3999999999994,move,improve
8204,16,1265.6999999999994,16,1262.3999999999994,2opt,notBad
8205,16,1265.6999999999994,16,1262.3999999999994,swap,notBad
8206,16,1265.6999999999994,16,1262.3999999999994,2opt,improve
8207,16,1265.6999999999994,16,1262.3999999999994,swap,notBad
8208,16,1265.6999999999994,16,1262.3999999999994,swap,notBad
8209,16,1265.6999999999994,16,1262.3999999999994,2opt,notBad
8210,16,1265.6999999999994,16,1262.3999999999994,move,improve
8211,16,1265.6999999999994,16,1262.3999999999994,swap,notBad
8212,16,1265.6999999999994,16,1262.3999999999994,move,improve
8213,16,1265.6999999999994,16,1262.3999999999994,move,improve
8214,16,1265.6999999999994,16,1262.3999999999994,move,improve
8215,16,1263.7999999999995,16,1262.3999999999994,move,improve
8216,16,1263.7999999999995,16,1262.3999999999994,2opt,notBad
8217,16,1263.7999999999995,16,1262.3999999999994,move,improve
8218,16,1263.7999999999995,16,1262.3999999999994,swap,notBad
8219,16,1263.7999999999995,16,1262.3999999999994,swap,notBad
8220,16,1263.7999999999995,16,1262.3999999999994,move,improve
8221,16,1263.7999999999995,16,1262.3999999999994,swap,notBad
8222,16,1263.7999999999995,16,1262.3999999999994,move,improve
8223,16,1263.7999999999995,16,1262.3999999999994,swap,notBad
8224,16,1263.7999999999995,16,1262.3999999999994,move,improve
8225,16,1263.7999999999995,16,1262.3999999999994,2opt,notBad
8226,16,1263.7999999999995,16,1262.3999999999994,2opt,notBad
8227,16,1263.7999999999995,16,1262.3999999999994,swap,notBad
8228,16,1263.7999999999995,16,1262.3999999999994,move,improve
8229,16,1263.7999999999995,16,1262.3999999999994,2opt,notBad
8230,16,1263.7999999999995,16,1262.3999999999994,move,improve
8231,16,1263.7999999999995,16,1262.3999999999994,move,improve
8232,16,1263.7999999999995,16,1262.3999999999994,swap,notBad
8233,16,1263.7999999999995,16,1262.3999999999994,move,improve
8234,16,1263.7999999999995,16,1262.3999999999994,2opt,notBad
8235,16,1263.7999999999995,16,1262.3999999999994,swap,notBad
8236,16,1263.7999999999995,16,1262.3999999999994,2opt,notBad
8237,16,1263.7999999999995,16,1262.3999999999994,swap,notBad
8238,16,1263.7999999999995,16,1262.3999999999994,swap,notBad
8239,16,1263.7999999999995,16,1262.3999999999994,swap,notBad
8240,16,1263.7999999999995,16,1262.3999999999994,move,improve
8241,16,1263.7999999999995,16,1262.3999999999994,swap,notBad
8242,16,1263.7999999999995,16,1262.3999999999994,2opt,notBad
8243,16,1263.7999999999995,16,1262.3999999999994,move,improve
8244,16,1263.7999999999995,16,1262.3999999999994,2opt,improve
8245,16,1263.7999999999995,16,1262.3999999999994,swap,notBad
8246,16,1263.7999999999995,16,1262.3999999999994,2opt,notBad
8247,16,1263.7999999999995,16,1262.3999999999994,move,improve
8248,16,1263.7999999999995,16,1262.3999999999994,swap,notBad
8249,16,1263.7999999999995,16,1262.3999999999994,swap,notBad
8250,16,1263.7999999999995,16,1262.3999999999994,move,improve
8251,16,1263.7999999999995,16,1262.3999999999994,2opt,notBad
8252,16,1263.7999999999995,16,1262.3999999999994,swap,notBad
8253,16,1263.7999999999995,16,1262.3999999999994,move,improve
8254,16,1263.7999999999995,16,1262.3999999999994,swap,notBad
8255,16,1263.7999999999995,16,1262.3999999999994,swap,notBad
8256,16,1263.7999999999995,16,1262.3999999999994,2opt,notBad
8257,16,1263.7999999999995,16,1262.3999999999994,2opt,notBad
8258,16,1263.7999999999995,16,1262.3999999999994,2opt,notBad
8259,16,1263.7999999999995,16,1262.3999999999994,2opt,notBad
8260,16,1263.7999999999995,16,1262.3999999999994,swap,notBad
8261,16,1263.7999999999995,16,1262.3999999999994,swap,notBad
8262,16,1263.7999999999995,16,1262.3999999999994,move,improve
8263,16,1263.7999999999995,16,1262.3999999999994,move,improve
8264,16,1263.7999999999995,16,1262.3999999999994,2opt,notBad
8265,16,1263.7999999999995,16,1262.3999999999994,2opt,notBad
8266,16,1263.7999999999995,16,1262.3999999999994,swap,notBad
8267,16,1263.7999999999995,16,1262.3999999999994,2opt,notBad
8268,16,1263.7999999999995,16,1262.3999999999994,swap,notBad
8269,16,1263.7999999999995,16,1262.3999999999994,move,improve
8270,16,1263.7999999999995,16,1262.3999999999994,swap,notBad
8271,16,1263.7999999999995,16,1262.3999999999994,swap,notBad
8272,16,1263.7999999999995,16,1262.3999999999994,move,improve
8273,16,1263.7999999999995,16,1262.3999999999994,move,improve
8274,16,1263.7999999999995,16,1262.3999999999994,move,improve
8275,16,1263.7999999999995,16,1262.3999999999994,move,improve
8276,16,1263.7999999999995,16,1262.3999999999994,move,improve
8277,16,1263.7999999999995,16,1262.3999999999994,swap,notBad
8278,16,1263.7999999999995,16,1262.3999999999994,swap,notBad
8279,16,1263.7999999999995,16,1262.3999999999994,2opt,notBad
8280,16,1263.7999999999995,16,1262.3999999999994,2opt,notBad
8281,16,1263.7999999999995,16,1262.3999999999994,2opt,notBad
8282,16,1263.7999999999995,16,1262.3999999999994,swap,notBad
8283,16,1263.7999999999995,16,1262.3999999999994,move,improve
8284,16,1263.7999999999995,16,1262.3999999999994,2opt,notBad
8285,16,1263.7999999999995,16,1262.3999999999994,2opt,notBad
8286,16,1263.7999999999995,16,1262.3999999999994,swap,notBad
8287,16,1263.7999999999995,16,1262.3999999999994,move,improve
8288,16,1263.7999999999995,16,1262.3999999999994,move,improve
8289,16,1263.7999999999995,16,1262.3999999999994,2opt,improve
8290,16,1263.7999999999995,16,1262.3999999999994,swap,notBad
8291,16,1263.7999999999995,16,1262.3999999999994,2opt,notBad
8292,16,1263.7999999999995,16,1262.3999999999994,move,improve
8293,16,1263.7999999999995,16,1262.3999999999994,move,improve
8294,16,1263.7999999999995,16,1262.3999999999994,swap,notBad
8295,16,1263.7999999999995,16,1262.3999999999994,swap,notBad
8296,16,1263.7999999999995,16,1262.3999999999994,2opt,notBad
8297,16,1263.7999999999995,16,1262.3999999999994,move,improve
8298,16,1263.7999999999995,16,1262.3999999999994,2opt,notBad
8299,16,1263.7999999999995,16,1262.3999999999994,2opt,notBad
8300,16,1263.7999999999995,16,1262.3999999999994,swap,notBad
8301,16,1263.7999999999995,16,1262.3999999999994,swap,notBad
8302,16,1263.7999999999995,16,1262.3999999999994,move,improve
8303,16,1263.7999999999995,16,1262.3999999999994,move,improve
8304,16,1263.7999999999995,16,1262.3999999999994,2opt,notBad
8305,16,1263.7999999999995,16,1262.3999999999994,swap,notBad
8306,16,1263.7999999999995,16,1262.3999999999994,move,improve
8307,16,1263.7999999999995,16,1262.3999999999994,2opt,notBad
8308,16,1263.7999999999995,16,1262.3999999999994,swap,notBad
8309,16,1263.7999999999995,16,1262.3999999999994,swap,notBad
8310,16,1263.7999999999995,16,1262.3999999999994,swap,notBad
8311,16,1263.7999999999995,16,1262.3999999999994,2opt,notBad
8312,16,1263.7999999999995,16,1262.3999999999994,swap,notBad
8313,16,1263.7999999999995,16,1262.3999999999994,swap,notBad
8314,16,1263.7999999999995,16,1262.3999999999994,move,improve
8315,16,1263.7999999999995,16,1262.3999999999994,move,improve
8316,16,1263.7999999999995,16,1262.3999999999994,swap,notBad
8317,16,1263.7999999999995,16,1262.3999999999994,swap,notBad
8318,16,1263.7999999999995,16,1262.3999999999994,move,improve
8319,16,1263.7999999999995,16,1262.3999999999994,2opt,notBad
8320,16,1263.7999999999995,16,1262.3999999999994,2opt,notBad
8321,16,1263.7999999999995,16,1262.3999999999994,move,improve
8322,16,1263.7999999999995,16,1262.3999999999994,2opt,notBad
8323,16,1263.7999999999995,16,1262.3999999999994,2opt,notBad
8324,16,1263.7999999999995,16,1262.3999999999994,move,improve
8325,16,1263.7999999999995,16,1262.3999999999994,2opt,notBad
8326,16,1263.7999999999995,16,1262.3999999999994,2opt,notBad
8327,16,1263.7999999999995,16,1262.3999999999994,2opt,notBad
8328,16,1263.7999999999995,16,1262.3999999999994,2opt,improve
8329,16,1263.7999999999995,16,1262.3999999999994,move,improve
8330,16,1263.7999999999995,16,1262.3999999999994,2opt,notBad
8331,16,1263.7999999999995,16,1262.3999999999994,2opt,improve
8332,16,1263.7999999999995,16,1262.3999999999994,swap,notBad
8333,16,1263.7999999999995,16,1262.3999999999994,2opt,notBad
8334,16,1263.7999999999995,16,1262.3999999999994,swap,notBad
8335,16,1263.7999999999995,16,1262.3999999999994,move,improve
8336,16,1263.7999999999995,16,1262.3999999999994,swap,notBad
8337,16,1263.7999999999995,16,1262.3999999999994,move,improve
8338,16,1263.7999999999995,16,1262.3999999999994,swap,notBad
8339,16,1263.7999999999995,16,1262.3999999999994,move,improve
8340,16,1263.7999999999995,16,1262.3999999999994,swap,notBad
8341,16,1263.7999999999995,16,1262.3999999999994,2opt,notBad
8342,16,1263.7999999999995,16,1262.3999999999994,swap,notBad
8343,16,1263.7999999999995,16,1262.3999999999994,swap,notBad
8344,16,1263.7999999999995,16,1262.3999999999994,2opt,notBad
8345,16,1263.7999999999995,16,1262.3999999999994,move,improve
8346,16,1263.7999999999995,16,1262.3999999999994,move,improve
8347,16,1263.7999999999995,16,1262.3999999999994,swap,notBad
8348,16,1263.7999999999995,16,1262.3999999999994,2opt,notBad
8349,16,1263.7999999999995,16,1262.3999999999994,move,improve
8350,16,1263.7999999999995,16,1262.3999999999994,move,improve
8351,16,1263.7999999999995,16,1262.3999999999994,2opt,notBad
8352,16,1263.7999999999995,16,1262.3999999999994,swap,notBad
8353,16,1263.7999999999995,16,1262.3999999999994,move,improve
8354,16,1263.7999999999995,16,1262.3999999999994,move,improve
8355,16,1263.7999999999995,16,1262.3999999999994,swap,notBad
8356,16,1263.7999999999995,16,1262.3999999999994,move,improve
8357,16,1263.7999999999995,16,1262.3999999999994,2opt,notBad
8358,16,1263.7999999999995,16,1262.3999999999994,move,improve
8359,16,1263.7999999999995,16,1262.3999999999994,2opt,notBad
8360,16,1263.7999999999995,16,1262.3999999999994,2opt,improve
8361,16,1263.7999999999995,16,1262.3999999999994,2opt,improve
8362,16,1263.7999999999995,16,1262.3999999999994,2opt,notBad
8363,16,1263.7999999999995,16,1262.3999999999994,move,improve
8364,16,1263.7999999999995,16,1262.3999999999994,2opt,notBad
8365,16,1263.7999999999995,16,1262.3999999999994,2opt,notBad
8366,16,1263.7999999999995,16,1262.3999999999994,swap,notBad
8367,16,1263.7999999999995,16,1262.3999999999994,swap,notBad
8368,16,1263.7999999999995,16,1262.3999999999994,2opt,notBad
8369,16,1263.7999999999995,16,1262.3999999999994,2opt,notBad
8370,16,1263.7999999999995,16,1262.3999999999994,2opt,notBad
8371,16,1263.7999999999995,16,1262.3999999999994,2opt,notBad
8372,16,1263.7999999999995,16,1262.3999999999994,swap,notBad
8373,16,1263.7999999999995,16,1262.3999999999994,2opt,improve
8374,16,1263.7999999999995,16,1262.3999999999994,swap,notBad
8375,16,1263.7999999999995,16,1262.3999999999994,2opt,notBad
8376,16,1263.7999999999995,16,1262.3999999999994,swap,notBad
8377,16,1263.7999999999995,16,1262.3999999999994,move,improve
8378,16,1263.7999999999995,16,1262.3999999999994,2opt,notBad
8379,16,1263.7999999999995,16,1262.3999999999994,move,improve
8380,16,1263.7999999999995,16,1262.3999999999994,swap,notBad
8381,16,1263.7999999999995,16,1262.3999999999994,swap,notBad
8382,16,1263.7999999999995,16,1262.3999999999994,2opt,notBad
8383,16,1263.7999999999995,16,1262.3999999999994,move,improve
8384,16,1263.7999999999995,16,1262.3999999999994,move,improve
8385,16,1263.7999999999995,16,1262.3999999999994,2opt,notBad
8386,16,1263.7999999999995,16,1262.3999999999994,2opt,improve
8387,16,1263.7999999999995,16,1262.3999999999994,swap,notBad
8388,16,1263.7999999999995,16,1262.3999999999994,2opt,notBad
8389,16,1263.7999999999995,16,1262.3999999999994,2opt,notBad
8390,16,1263.7999999999995,16,1262.3999999999994,move,improve
8391,16,1263.7999999999995,16,1262.3999999999994,swap,notBad
8392,16,1263.6999999999996,16,1262.3999999999994,move,improve
8393,16,1263.6999999999996,16,1262.3999999999994,2opt,notBad
8394,16,1263.6999999999996,16,1262.3999999999994,swap,notBad
8395,16,1263.6999999999996,16,1262.3999999999994,2opt,notBad
8396,16,1263.6999999999996,16,1262.3999999999994,swap,notBad
8397,16,1263.6999999999996,16,1262.3999999999994,swap,notBad
8398,16,1263.6999999999996,16,1262.3999999999994,2opt,notBad
8399,16,1263.6999999999996,16,1262.3999999999994,swap,notBad
8400,16,1263.6999999999996,16,1262.3999999999994,2opt,notBad
8401,16,1263.6999999999996,16,1262.3999999999994,move,improve
8402,16,1263.6999999999996,16,1262.3999999999994,swap,notBad
8403,16,1263.6999999999996,16,1262.3999999999994,swap,notBad
8404,16,1263.6999999999996,16,1262.3999999999994,2opt,notBad
8405,16,1263.6999999999996,16,1262.3999999999994,2opt,notBad
8406,16,1263.6999999999996,16,1262.3999999999994,swap,notBad
8407,16,1263.6999999999996,16,1262.3999999999994,2opt,notBad
8408,16,1263.6999999999996,16,1262.3999999999994,swap,notBad
8409,16,1263.6999999999996,16,1262.3999999999994,swap,notBad
8410,16,1263.6999999999996,16,1262.3999999999994,move,improve
8411,16,1263.6999999999996,16,1262.3999999999994,move,improve
8412,16,1263.6999999999996,16,1262.3999999999994,swap,notBad
8413,16,1263.6999999999996,16,1262.3999999999994,swap,notBad
8414,16,1263.6999999999996,16,1262.3999999999994,move,improve
8415,16,1263.6999999999996,16,1262.3999999999994,swap,notBad
8416,16,1263.6999999999996,16,1262.3999999999994,move,improve
8417,16,1263.6999999999996,16,1262.3999999999994,swap,notBad
8418,16,1263.6999999999996,16,1262.3999999999994,2opt,notBad
8419,16,1263.6999999999996,16,1262.3999999999994,2opt,notBad
8420,16,1263.6999999999996,16,1262.3999999999994,swap,notBad
8421,16,1263.6999999999996,16,1262.3999999999994,move,improve
8422,16,1263.6999999999996,16,1262.3999999999994,2opt,notBad
8423,16,1263.6999999999996,16,1262.3999999999994,move,improve
8424,16,1263.6999999999996,16,1262.3999999999994,2opt,notBad
8425,16,1263.6999999999996,16,1262.3999999999994,swap,notBad
8426,16,1263.6999999999996,16,1262.3999999999994,swap,notBad
8427,16,1263.6999999999996,16,1262.3999999999994,2opt,notBad
8428,16,1263.6999999999996,16,1262.3999999999994,swap,notBad
8429,16,1263.6999999999996,16,1262.3999999999994,swap,improve
8430,16,1263.6999999999996,16,1262.3999999999994,swap,notBad
8431,16,1263.6999999999996,16,1262.3999999999994,2opt,notBad
8432,16,1263.6999999999996,16,1262.3999999999994,swap,notBad
8433,16,1263.6999999999996,16,1262.3999999999994,swap,notBad
8434,16,1263.6999999999996,16,1262.3999999999994,2opt,notBad
8435,16,1263.6999999999996,16,1262.3999999999994,move,improve
8436,16,1263.6999999999996,16,1262.3999999999994,move,improve
8437,16,1263.6999999999996,16,1262.3999999999994,2opt,notBad
8438,16,1263.6999999999996,16,1262.3999999999994,2opt,notBad
8439,16,1263.6999999999996,16,1262.3999999999994,move,improve
8440,16,1263.6999999999996,16,1262.3999999999994,2opt,notBad
8441,16,1263.6999999999996,16,1262.3999999999994,swap,notBad
8442,16,1263.6999999999996,16,1262.3999999999994,move,improve
8443,16,1263.6999999999996,16,1262.3999999999994,2opt,improve
8444,16,1263.6999999999996,16,1262.3999999999994,swap,notBad
8445,16,1263.6999999999996,16,1262.3999999999994,move,improve
8446,16,1263.6999999999996,16,1262.3999999999994,2opt,notBad
8447,16,1263.6999999999996,16,1262.3999999999994,2opt,notBad
8448,16,1262.9999999999998,16,1262.3999999999994,move,improve
8449,16,1262.9999999999998,16,1262.3999999999994,move,improve
8450,16,1262.9999999999998,16,1262.3999999999994,swap,notBad
8451,16,1262.9999999999998,16,1262.3999999999994,move,improve
8452,16,1262.9999999999998,16,1262.3999999999994,swap,notBad
8453,16,1262.9999999999998,16,1262.3999999999994,move,improve
8454,16,1262.9999999999998,16,1262.3999999999994,2opt,improve
8455,16,1262.9999999999998,16,1262.3999999999994,swap,notBad
8456,16,1262.9999999999998,16,1262.3999999999994,swap,notBad
8457,16,1262.9999999999998,16,1262.3999999999994,move,improve
8458,16,1262.1999999999994,16,1262.1999999999994,move,newBest
8459,16,1262.1999999999994,16,1262.1999999999994,swap,notBad
8460,16,1262.1999999999994,16,1262.1999999999994,2opt,notBad
8461,16,1262.1999999999994,16,1262.1999999999994,2opt,notBad
8462,16,1262.1999999999994,16,1262.1999999999994,2opt,notBad
8463,16,1262.1999999999994,16,1262.1999999999994,2opt,notBad
8464,16,1262.1999999999994,16,1262.1999999999994,2opt,notBad
8465,16,1262.1999999999994,16,1262.1999999999994,2opt,notBad
8466,16,1262.1999999999994,16,1262.1999999999994,move,improve
8467,16,1262.1999999999994,16,1262.1999999999994,move,improve
8468,16,1262.1999999999994,16,1262.1999999999994,swap,notBad
8469,16,1262.1999999999994,16,1262.1999999999994,swap,notBad
8470,16,1262.1999999999994,16,1262.1999999999994,swap,notBad
8471,16,1262.1999999999994,16,1262.1999999999994,move,improve
8472,16,1262.1999999999994,16,1262.1999999999994,move,improve
8473,16,1262.1999999999994,16,1262.1999999999994,move,improve
8474,16,1262.1999999999994,16,1262.1999999999994,move,improve
8475,16,1262.1999999999994,16,1262.1999999999994,move,improve
8476,16,1262.1999999999994,16,1262.1999999999994,move,improve
8477,16,1262.1999999999994,16,1262.1999999999994,move,improve
8478,16,1262.1999999999994,16,1262.1999999999994,swap,notBad
8479,16,1262.1999999999994,16,1262.1999999999994,move,improve
8480,16,1262.1999999999994,16,1262.1999999999994,2opt,notBad
8481,16,1262.1999999999994,16,1262.1999999999994,2opt,notBad
8482,16,1262.1999999999994,16,1262.1999999999994,swap,notBad
8483,16,1262.1999999999994,16,1262.1999999999994,2opt,notBad
8484,16,1262.1999999999994,16,1262.1999999999994,2opt,notBad
8485,16,1262.1999999999994,16,1262.1999999999994,2opt,notBad
8486,16,1262.1999999999994,16,1262.1999999999994,swap,notBad
8487,16,1262.1999999999994,16,1262.1999999999994,swap,notBad
8488,16,1262.1999999999994,16,1262.1999999999994,swap,notBad
8489,16,1262.1999999999994,16,1262.1999999999994,swap,notBad
8490,16,1262.1999999999994,16,1262.1999999999994,move,improve
8491,16,1262.1999999999994,16,1262.1999999999994,2opt,notBad
8492,16,1262.8999999999994,16,1262.1999999999994,swap,acceptBad
8493,16,1262.8999999999994,16,1262.1999999999994,move,improve
8494,16,1262.8999999999994,16,1262.1999999999994,swap,notBad
8495,16,1262.8999999999994,16,1262.1999999999994,swap,notBad
8496,16,1262.8999999999994,16,1262.1999999999994,2opt,notBad
8497,16,1262.8999999999994,16,1262.1999999999994,move,improve
8498,16,1262.8999999999994,16,1262.1999999999994,swap,notBad
8499,16,1262.8999999999994,16,1262.1999999999994,2opt,notBad
8500,16,1262.8999999999994,16,1262.1999999999994,2opt,notBad
8501,16,1262.8999999999994,16,1262.1999999999994,move,improve
8502,16,1262.8999999999994,16,1262.1999999999994,swap,notBad
8503,16,1262.8999999999994,16,1262.1999999999994,2opt,notBad
8504,16,1262.8999999999994,16,1262.1999999999994,2opt,notBad
8505,16,1262.8999999999994,16,1262.1999999999994,move,improve
8506,16,1262.8999999999994,16,1262.1999999999994,2opt,improve
8507,16,1262.8999999999994,16,1262.1999999999994,move,improve
8508,16,1262.8999999999994,16,1262.1999999999994,move,improve
8509,16,1262.8999999999994,16,1262.1999999999994,move,improve
8510,16,1262.8999999999994,16,1262.1999999999994,move,improve
8511,16,1262.8999999999994,16,1262.1999999999994,move,improve
8512,16,1262.8999999999994,16,1262.1999999999994,move,improve
8513,16,1262.8999999999994,16,1262.1999999999994,2opt,notBad
8514,16,1262.8999999999994,16,1262.1999999999994,2opt,notBad
8515,16,1262.8999999999994,16,1262.1999999999994,swap,notBad
8516,16,1262.8999999999994,16,1262.1999999999994,2opt,notBad
8517,16,1262.8999999999994,16,1262.1999999999994,2opt,notBad
8518,16,1262.8999999999994,16,1262.1999999999994,2opt,notBad
8519,16,1262.8999999999994,16,1262.1999999999994,move,improve
8520,16,1262.8999999999994,16,1262.1999999999994,swap,notBad
8521,16,1262.8999999999994,16,1262.1999999999994,swap,notBad
8522,16,1262.8999999999994,16,1262.1999999999994,swap,notBad
8523,16,1262.8999999999994,16,1262.1999999999994,swap,notBad
8524,16,1262.8999999999994,16,1262.1999999999994,move,improve
8525,16,1262.8999999999994,16,1262.1999999999994,swap,notBad
8526,16,1262.8999999999994,16,1262.1999999999994,2opt,notBad
8527,16,1262.8999999999994,16,1262.1999999999994,move,improve
8528,16,1262.8999999999994,16,1262.1999999999994,2opt,notBad
8529,16,1262.8999999999994,16,1262.1999999999994,move,improve
8530,16,1262.8999999999994,16,1262.1999999999994,swap,notBad
8531,16,1262.8999999999994,16,1262.1999999999994,move,improve
8532,16,1262.8999999999994,16,1262.1999999999994,move,improve
8533,16,1262.8999999999994,16,1262.1999999999994,swap,notBad
8534,16,1262.8999999999994,16,1262.1999999999994,move,improve
8535,16,1262.8999999999994,16,1262.1999999999994,2opt,notBad
8536,16,1262.8999999999994,16,1262.1999999999994,2opt,notBad
8537,16,1262.8999999999994,16,1262.1999999999994,move,improve
8538,16,1262.8999999999994,16,1262.1999999999994,2opt,notBad
8539,16,1262.8999999999994,16,1262.1999999999994,swap,notBad
8540,16,1262.8999999999994,16,1262.1999999999994,swap,notBad
8541,16,1262.8999999999994,16,1262.1999999999994,2opt,notBad
8542,16,1262.8999999999994,16,1262.1999999999994,swap,notBad
8543,16,1262.8999999999994,16,1262.1999999999994,2opt,notBad
8544,16,1262.8999999999994,16,1262.1999999999994,move,improve
8545,16,1262.8999999999994,16,1262.1999999999994,2opt,notBad
8546,16,1262.8999999999994,16,1262.1999999999994,swap,notBad
8547,16,1262.8999999999994,16,1262.1999999999994,2opt,notBad
8548,16,1262.8999999999994,16,1262.1999999999994,2opt,notBad
8549,16,1262.8999999999994,16,1262.1999999999994,swap,notBad
8550,16,1262.8999999999994,16,1262.1999999999994,2opt,notBad
8551,16,1262.8999999999994,16,1262.1999999999994,swap,notBad
8552,16,1262.8999999999994,16,1262.1999999999994,move,improve
8553,16,1262.8999999999994,16,1262.1999999999994,swap,notBad
8554,16,1262.8999999999994,16,1262.1999999999994,2opt,notBad
8555,16,1262.8999999999994,16,1262.1999999999994,swap,notBad
8556,16,1262.8999999999994,16,1262.1999999999994,swap,notBad
8557,16,1262.8999999999994,16,1262.1999999999994,2opt,notBad
8558,16,1262.8999999999994,16,1262.1999999999994,swap,notBad
8559,16,1262.8999999999994,16,1262.1999999999994,move,improve
8560,16,1262.8999999999994,16,1262.1999999999994,2opt,improve
8561,16,1262.8999999999994,16,1262.1999999999994,swap,notBad
8562,16,1262.8999999999994,16,1262.1999999999994,swap,notBad
8563,16,1262.8999999999994,16,1262.1999999999994,move,improve
8564,16,1262.8999999999994,16,1262.1999999999994,swap,notBad
8565,16,1262.8999999999994,16,1262.1999999999994,swap,notBad
8566,16,1262.8999999999994,16,1262.1999999999994,2opt,notBad
8567,16,1262.8999999999994,16,1262.1999999999994,swap,notBad
8568,16,1262.8999999999994,16,1262.1999999999994,2opt,notBad
8569,16,1262.8999999999994,16,1262.1999999999994,swap,notBad
8570,16,1262.8999999999994,16,1262.1999999999994,swap,notBad
8571,16,1262.8999999999994,16,1262.1999999999994,2opt,notBad
8572,16,1262.8999999999994,16,1262.1999999999994,swap,notBad
8573,16,1262.8999999999994,16,1262.1999999999994,2opt,notBad
8574,16,1262.8999999999994,16,1262.1999999999994,2opt,notBad
8575,16,1262.8999999999994,16,1262.1999999999994,swap,notBad
8576,16,1262.8999999999994,16,1262.1999999999994,2opt,notBad
8577,16,1262.8999999999994,16,1262.1999999999994,2opt,notBad
8578,16,1262.8999999999994,16,1262.1999999999994,swap,notBad
8579,16,1262.8999999999994,16,1262.1999999999994,swap,notBad
8580,16,1262.8999999999994,16,1262.1999999999994,swap,notBad
8581,16,1262.8999999999994,16,1262.1999999999994,2opt,notBad
8582,16,1262.8999999999994,16,1262.1999999999994,swap,notBad
8583,16,1262.8999999999994,16,1262.1999999999994,2opt,notBad
8584,16,1262.8999999999994,16,1262.1999999999994,move,improve
8585,16,1262.8999999999994,16,1262.1999999999994,2opt,notBad
8586,16,1262.8999999999994,16,1262.1999999999994,2opt,notBad
8587,16,1262.8999999999994,16,1262.1999999999994,swap,notBad
8588,16,1262.8999999999994,16,1262.1999999999994,move,improve
8589,16,1262.8999999999994,16,1262.1999999999994,swap,notBad
8590,16,1262.8999999999994,16,1262.1999999999994,swap,notBad
8591,16,1262.8999999999994,16,1262.1999999999994,swap,notBad
8592,16,1262.8999999999994,16,1262.1999999999994,move,improve
8593,16,1262.8999999999994,16,1262.1999999999994,move,improve
8594,16,1262.8999999999994,16,1262.1999999999994,2opt,notBad
8595,16,1262.8999999999994,16,1262.1999999999994,2opt,notBad
8596,16,1262.8999999999994,16,1262.1999999999994,move,improve
8597,16,1262.8999999999994,16,1262.1999999999994,swap,notBad
8598,16,1262.8999999999994,16,1262.1999999999994,swap,notBad
8599,16,1262.8999999999994,16,1262.1999999999994,swap,notBad
8600,16,1262.8999999999994,16,1262.1999999999994,2opt,notBad
8601,16,1262.8999999999994,16,1262.1999999999994,move,improve
8602,16,1262.8999999999994,16,1262.1999999999994,swap,notBad
8603,16,1262.8999999999994,16,1262.1999999999994,2opt,notBad
8604,16,1262.8999999999994,16,1262.1999999999994,2opt,notBad
8605,16,1262.8999999999994,16,1262.1999999999994,move,improve
8606,16,1262.8999999999994,16,1262.1999999999994,2opt,notBad
8607,16,1262.8999999999994,16,1262.1999999999994,swap,notBad
8608,16,1262.8999999999994,16,1262.1999999999994,move,improve
8609,16,1262.8999999999994,16,1262.1999999999994,swap,notBad
8610,16,1263.7999999999995,16,1262.1999999999994,swap,acceptBad
8611,16,1263.7999999999995,16,1262.1999999999994,move,improve
8612,16,1263.7999999999995,16,1262.1999999999994,move,improve
8613,16,1263.7999999999995,16,1262.1999999999994,2opt,improve
8614,16,1263.7999999999995,16,1262.1999999999994,swap,notBad
8615,16,1263.7999999999995,16,1262.1999999999994,move,improve
8616,16,1263.7999999999995,16,1262.1999999999994,2opt,notBad
8617,16,1263.7999999999995,16,1262.1999999999994,move,improve
8618,16,1263.7999999999995,16,1262.1999999999994,2opt,notBad
8619,16,1263.7999999999995,16,1262.1999999999994,2opt,notBad
8620,16,1263.7999999999995,16,1262.1999999999994,swap,notBad
8621,16,1263.7999999999995,16,1262.1999999999994,2opt,notBad
8622,16,1263.7999999999995,16,1262.1999999999994,2opt,notBad
8623,16,1263.7999999999995,16,1262.1999999999994,2opt,notBad
8624,16,1263.7999999999995,16,1262.1999999999994,swap,notBad
8625,16,1263.7999999999995,16,1262.1999999999994,move,improve
8626,16,1263.7999999999995,16,1262.1999999999994,2opt,notBad
8627,16,1263.7999999999995,16,1262.1999999999994,2opt,notBad
8628,16,1263.7999999999995,16,1262.1999999999994,2opt,notBad
8629,16,1263.7999999999995,16,1262.1999999999994,2opt,notBad
8630,16,1263.7999999999995,16,1262.1999999999994,2opt,improve
8631,16,1263.7999999999995,16,1262.1999999999994,swap,notBad
8632,16,1263.7999999999995,16,1262.1999999999994,swap,notBad
8633,16,1263.7999999999995,16,1262.1999999999994,move,improve
8634,16,1263.7999999999995,16,1262.1999999999994,move,improve
8635,16,1263.7999999999995,16,1262.1999999999994,2opt,notBad
8636,16,1263.7999999999995,16,1262.1999999999994,swap,notBad
8637,16,1263.7999999999995,16,1262.1999999999994,2opt,notBad
8638,16,1263.7999999999995,16,1262.1999999999994,2opt,improve
8639,16,1263.7999999999995,16,1262.1999999999994,2opt,notBad
8640,16,1263.7999999999995,16,1262.1999999999994,2opt,notBad
8641,16,1263.7999999999995,16,1262.1999999999994,swap,notBad
8642,16,1263.7999999999995,16,1262.1999999999994,move,improve
8643,16,1263.7999999999995,16,1262.1999999999994,swap,notBad
8644,16,1263.7999999999995,16,1262.1999999999994,2opt,notBad
8645,16,1263.7999999999995,16,1262.1999999999994,move,improve
8646,16,1263.7999999999995,16,1262.1999999999994,move,improve
8647,16,1263.7999999999995,16,1262.1999999999994,move,improve
8648,16,1263.7999999999995,16,1262.1999999999994,swap,notBad
8649,16,1263.7999999999995,16,1262.1999999999994,2opt,improve
8650,16,1262.8999999999994,16,1262.1999999999994,swap,improve
8651,16,1262.8999999999994,16,1262.1999999999994,2opt,improve
8652,16,1262.8999999999994,16,1262.1999999999994,swap,notBad
8653,16,1262.8999999999994,16,1262.1999999999994,move,improve
8654,16,1262.8999999999994,16,1262.1999999999994,swap,notBad
8655,16,1262.8999999999994,16,1262.1999999999994,2opt,notBad
8656,16,1262.8999999999994,16,1262.1999999999994,swap,notBad
8657,16,1262.8999999999994,16,1262.1999999999994,move,improve
8658,16,1262.8999999999994,16,1262.1999999999994,2opt,notBad
8659,16,1262.8999999999994,16,1262.1999999999994,2opt,notBad
8660,16,1262.8999999999994,16,1262.1999999999994,swap,notBad
8661,16,1262.8999999999994,16,1262.1999999999994,swap,notBad
8662,16,1262.8999999999994,16,1262.1999999999994,2opt,notBad
8663,16,1262.8999999999994,16,1262.1999999999994,move,improve
8664,16,1262.8999999999994,16,1262.1999999999994,move,improve
8665,16,1262.8999999999994,16,1262.1999999999994,swap,notBad
8666,16,1262.8999999999994,16,1262.1999999999994,2opt,notBad
8667,16,1262.8999999999994,16,1262.1999999999994,2opt,notBad
8668,16,1262.8999999999994,16,1262.1999999999994,swap,notBad
8669,16,1262.8999999999994,16,1262.1999999999994,move,improve
8670,16,1262.8999999999994,16,1262.1999999999994,swap,notBad
8671,16,1262.8999999999994,16,1262.1999999999994,2opt,notBad
8672,16,1262.8999999999994,16,1262.1999999999994,2opt,notBad
8673,16,1262.8999999999994,16,1262.1999999999994,move,improve
8674,16,1262.8999999999994,16,1262.1999999999994,2opt,notBad
8675,16,1262.8999999999994,16,1262.1999999999994,swap,notBad
8676,16,1262.8999999999994,16,1262.1999999999994,move,improve
8677,16,1262.8999999999994,16,1262.1999999999994,move,improve
8678,16,1262.8999999999994,16,1262.1999999999994,2opt,notBad
8679,16,1262.8999999999994,16,1262.1999999999994,2opt,notBad
8680,16,1262.8999999999994,16,1262.1999999999994,move,improve
8681,16,1262.8999999999994,16,1262.1999999999994,move,improve
8682,16,1262.8999999999994,16,1262.1999999999994,move,improve
8683,16,1262.8999999999994,16,1262.1999999999994,2opt,notBad
8684,16,1262.8999999999994,16,1262.1999999999994,swap,notBad
8685,16,1262.8999999999994,16,1262.1999999999994,swap,notBad
8686,16,1262.8999999999994,16,1262.1999999999994,swap,notBad
8687,16,1262.8999999999994,16,1262.1999999999994,2opt,notBad
8688,16,1262.8999999999994,16,1262.1999999999994,2opt,notBad
8689,16,1262.8999999999994,16,1262.1999999999994,swap,notBad
8690,16,1262.8999999999994,16,1262.1999999999994,swap,notBad
8691,16,1262.8999999999994,16,1262.1999999999994,move,improve
8692,16,1262.8999999999994,16,1262.1999999999994,swap,notBad
8693,16,1262.8999999999994,16,1262.1999999999994,move,improve
8694,16,1262.8999999999994,16,1262.1999999999994,move,improve
8695,16,1262.8999999999994,16,1262.1999999999994,swap,notBad
8696,16,1262.8999999999994,16,1262.1999999999994,2opt,notBad
8697,16,1262.8999999999994,16,1262.1999999999994,swap,notBad
8698,16,1262.8999999999994,16,1262.1999999999994,2opt,notBad
8699,16,1262.8999999999994,16,1262.1999999999994,move,improve
8700,16,1262.8999999999994,16,1262.1999999999994,2opt,notBad
8701,16,1262.8999999999994,16,1262.1999999999994,move,improve
8702,16,1262.8999999999994,16,1262.1999999999994,swap,notBad
8703,16,1262.8999999999994,16,1262.1999999999994,2opt,notBad
8704,16,1262.8999999999994,16,1262.1999999999994,2opt,notBad
8705,16,1262.8999999999994,16,1262.1999999999994,move,improve
8706,16,1262.8999999999994,16,1262.1999999999994,swap,notBad
8707,16,1262.8999999999994,16,1262.1999999999994,swap,notBad
8708,16,1262.8999999999994,16,1262.1999999999994,move,improve
8709,16,1262.8999999999994,16,1262.1999999999994,swap,notBad
8710,16,1262.8999999999994,16,1262.1999999999994,2opt,notBad
8711,16,1262.8999999999994,16,1262.1999999999994,swap,notBad
8712,16,1262.8999999999994,16,1262.1999999999994,2opt,notBad
8713,16,1262.8999999999994,16,1262.1999999999994,2opt,notBad
8714,16,1262.8999999999994,16,1262.1999999999994,move,improve
8715,16,1262.8999999999994,16,1262.1999999999994,swap,notBad
8716,16,1262.8999999999994,16,1262.1999999999994,move,improve
8717,16,1262.8999999999994,16,1262.1999999999994,2opt,notBad
8718,16,1262.8999999999994,16,1262.1999999999994,2opt,notBad
8719,16,1262.8999999999994,16,1262.1999999999994,move,improve
8720,16,1262.8999999999994,16,1262.1999999999994,move,improve
8721,16,1262.8999999999994,16,1262.1999999999994,move,improve
8722,16,1262.8999999999994,16,1262.1999999999994,swap,notBad
8723,16,1262.8999999999994,16,1262.1999999999994,swap,notBad
8724,16,1262.8999999999994,16,1262.1999999999994,2opt,notBad
8725,16,1262.8999999999994,16,1262.1999999999994,move,improve
8726,16,1262.8999999999994,16,1262.1999999999994,move,improve
8727,16,1262.8999999999994,16,1262.1999999999994,2opt,notBad
8728,16,1262.8999999999994,16,1262.1999999999994,2opt,notBad
8729,16,1262.8999999999994,16,1262.1999999999994,2opt,notBad
8730,16,1262.8999999999994,16,1262.1999999999994,swap,notBad
8731,16,1262.1999999999994,16,1262.1999999999994,move,improve
8732,16,1262.1999999999994,16,1262.1999999999994,2opt,notBad
8733,16,1262.1999999999994,16,1262.1999999999994,swap,notBad
8734,16,1262.1999999999994,16,1262.1999999999994,swap,notBad
8735,16,1262.1999999999994,16,1262.1999999999994,2opt,notBad
8736,16,1262.1999999999994,16,1262.1999999999994,2opt,notBad
8737,16,1262.1999999999994,16,1262.1999999999994,move,improve
8738,16,1262.1999999999994,16,1262.1999999999994,move,improve
8739,16,1262.1999999999994,16,1262.1999999999994,move,improve
8740,16,1262.1999999999994,16,1262.1999999999994,2opt,improve
8741,16,1262.1999999999994,16,1262.1999999999994,swap,notBad
8742,16,1262.1999999999994,16,1262.1999999999994,move,improve
8743,16,1262.1999999999994,16,1262.1999999999994,2opt,notBad
8744,16,1262.1999999999994,16,1262.1999999999994,move,improve
8745,16,1262.1999999999994,16,1262.1999999999994,move,improve
8746,16,1262.1999999999994,16,1262.1999999999994,2opt,notBad
8747,16,1262.1999999999994,16,1262.1999999999994,swap,notBad
8748,16,1262.1999999999994,16,1262.1999999999994,swap,notBad
8749,16,1262.1999999999994,16,1262.1999999999994,swap,notBad
8750,16,1262.1999999999994,16,1262.1999999999994,swap,notBad
8751,16,1262.1999999999994,16,1262.1999999999994,move,improve
8752,16,1262.1999999999994,16,1262.1999999999994,2opt,notBad
8753,16,1262.1999999999994,16,1262.1999999999994,2opt,notBad
8754,16,1262.1999999999994,16,1262.1999999999994,move,improve
8755,16,1262.1999999999994,16,1262.1999999999994,2opt,notBad
8756,16,1262.1999999999994,16,1262.1999999999994,2opt,notBad
8757,16,1262.1999999999994,16,1262.1999999999994,2opt,notBad
8758,16,1262.1999999999994,16,1262.1999999999994,2opt,notBad
8759,16,1262.1999999999994,16,1262.1999999999994,swap,notBad
8760,16,1262.3999999999994,16,1262.1999999999994,move,acceptBad
8761,16,1262.3999999999994,16,1262.1999999999994,swap,notBad
8762,16,1262.3999999999994,16,1262.1999999999994,2opt,improve
8763,16,1262.3999999999994,16,1262.1999999999994,swap,notBad
8764,16,1262.3999999999994,16,1262.1999999999994,swap,notBad
8765,16,1262.3999999999994,16,1262.1999999999994,2opt,notBad
8766,16,1262.3999999999994,16,1262.1999999999994,2opt,notBad
8767,16,1262.3999999999994,16,1262.1999999999994,2opt,notBad
8768,16,1262.3999999999994,16,1262.1999999999994,2opt,notBad
8769,16,1263.2999999999995,16,1262.1999999999994,swap,acceptBad
8770,16,1263.2999999999995,16,1262.1999999999994,swap,notBad
8771,16,1263.2999999999995,16,1262.1999999999994,move,improve
8772,16,1263.2999999999995,16,1262.1999999999994,2opt,notBad
8773,16,1263.2999999999995,16,1262.1999999999994,move,improve
8774,16,1263.2999999999995,16,1262.1999999999994,2opt,improve
8775,16,1263.2999999999995,16,1262.1999999999994,2opt,improve
8776,16,1263.2999999999995,16,1262.1999999999994,swap,notBad
8777,16,1263.2999999999995,16,1262.1999999999994,move,improve
8778,16,1263.2999999999995,16,1262.1999999999994,swap,notBad
8779,16,1263.2999999999995,16,1262.1999999999994,2opt,notBad
8780,16,1263.2999999999995,16,1262.1999999999994,move,improve
8781,16,1263.2999999999995,16,1262.1999999999994,swap,notBad
8782,16,1263.2999999999995,16,1262.1999999999994,move,improve
8783,16,1263.2999999999995,16,1262.1999999999994,swap,notBad
8784,16,1263.2999999999995,16,1262.1999999999994,move,improve
8785,16,1263.2999999999995,16,1262.1999999999994,swap,notBad
8786,16,1263.2999999999995,16,1262.1999999999994,2opt,notBad
8787,16,1262.6999999999996,16,1262.1999999999994,move,improve
8788,16,1262.6999999999996,16,1262.1999999999994,move,improve
8789,16,1262.6999999999996,16,1262.1999999999994,swap,notBad
8790,16,1262.6999999999996,16,1262.1999999999994,2opt,notBad
8791,16,1262.6999999999996,16,1262.1999999999994,swap,notBad
8792,16,1262.6999999999996,16,1262.1999999999994,2opt,improve
8793,16,1262.6999999999996,16,1262.1999999999994,2opt,improve
8794,16,1262.6999999999996,16,1262.1999999999994,move,improve
8795,16,1262.6999999999996,16,1262.1999999999994,move,improve
8796,16,1262.6999999999996,16,1262.1999999999994,swap,notBad
8797,16,1262.6999999999996,16,1262.1999999999994,swap,notBad
8798,16,1262.6999999999996,16,1262.1999999999994,move,improve
8799,16,1262.6999999999996,16,1262.1999999999994,swap,notBad
8800,16,1262.6999999999996,16,1262.1999999999994,move,improve
8801,16,1262.6999999999996,16,1262.1999999999994,move,improve
8802,16,1262.6999999999996,16,1262.1999999999994,swap,notBad
8803,16,1262.6999999999996,16,1262.1999999999994,2opt,notBad
8804,16,1262.6999999999996,16,1262.1999999999994,move,improve
8805,16,1262.6999999999996,16,1262.1999999999994,swap,notBad
8806,16,1262.6999999999996,16,1262.1999999999994,move,improve
8807,16,1262.6999999999996,16,1262.1999999999994,swap,notBad
8808,16,1262.6999999999996,16,1262.1999999999994,move,improve
8809,16,1262.6999999999996,16,1262.1999999999994,move,improve
8810,16,1262.6999999999996,16,1262.1999999999994,move,improve
8811,16,1262.6999999999996,16,1262.1999999999994,2opt,notBad
8812,16,1262.6999999999996,16,1262.1999999999994,2opt,notBad
8813,16,1262.6999999999996,16,1262.1999999999994,move,improve
8814,16,1262.6999999999996,16,1262.1999999999994,move,improve
8815,16,1262.6999999999996,16,1262.1999999999994,swap,notBad
8816,16,1262.6999999999996,16,1262.1999999999994,2opt,notBad
8817,16,1262.6999999999996,16,1262.1999999999994,swap,notBad
8818,16,1262.6999999999996,16,1262.1999999999994,2opt,improve
8819,16,1262.6999999999996,16,1262.1999999999994,move,improve
8820,16,1262.6999999999996,16,1262.1999999999994,move,improve
8821,16,1262.6999999999996,16,1262.1999999999994,move,improve
8822,16,1262.6999999999996,16,1262.1999999999994,swap,notBad
8823,16,1262.6999999999996,16,1262.1999999999994,swap,notBad
8824,16,1262.6999999999996,16,1262.1999999999994,swap,notBad
8825,16,1262.6999999999996,16,1262.1999999999994,2opt,notBad
8826,16,1262.6999999999996,16,1262.1999999999994,move,improve
8827,16,1262.6999999999996,16,1262.1999999999994,move,improve
8828,16,1265.1999999999996,16,1262.1999999999994,move,acceptBad
8829,16,1265.1999999999996,16,1262.1999999999994,2opt,notBad
8830,16,1265.1999999999996,16,1262.1999999999994,swap,notBad
8831,16,1265.1999999999996,16,1262.1999999999994,swap,notBad
8832,16,1265.1999999999996,16,1262.1999999999994,move,improve
8833,16,1265.1999999999996,16,1262.1999999999994,swap,notBad
8834,16,1265.1999999999996,16,1262.1999999999994,2opt,notBad
8835,16,1265.1999999999996,16,1262.1999999999994,2opt,notBad
8836,16,1265.1999999999996,16,1262.1999999999994,move,improve
8837,16,1265.1999999999996,16,1262.1999999999994,swap,notBad
8838,16,1265.1999999999996,16,1262.1999999999994,move,notBad
8839,16,1265.1999999999996,16,1262.1999999999994,move,improve
8840,16,1265.1999999999996,16,1262.1999999999994,swap,notBad
8841,16,1265.1999999999996,16,1262.1999999999994,move,improve
8842,16,1265.1999999999996,16,1262.1999999999994,2opt,notBad
8843,16,1265.1999999999996,16,1262.1999999999994,2opt,notBad
8844,16,1265.1999999999996,16,1262.1999999999994,swap,notBad
8845,16,1265.1999999999996,16,1262.1999999999994,move,improve
8846,16,1265.1999999999996,16,1262.1999999999994,2opt,notBad
8847,16,1265.1999999999996,16,1262.1999999999994,swap,notBad
8848,16,1265.1999999999996,16,1262.1999999999994,move,improve
8849,16,1265.1999999999996,16,1262.1999999999994,move,improve
8850,16,1265.1999999999996,16,1262.1999999999994,2opt,notBad
8851,16,1265.1999999999996,16,1262.1999999999994,2opt,notBad
8852,16,1265.1999999999996,16,1262.1999999999994,2opt,notBad
8853,16,1265.1999999999996,16,1262.1999999999994,swap,notBad
8854,16,1265.1999999999996,16,1262.1999999999994,2opt,notBad
8855,16,1265.1999999999996,16,1262.1999999999994,swap,notBad
8856,16,1265.9999999999995,16,1262.1999999999994,swap,acceptBad
8857,16,1265.9999999999995,16,1262.1999999999994,swap,notBad
8858,16,1265.9999999999995,16,1262.1999999999994,swap,notBad
8859,16,1265.9999999999995,16,1262.1999999999994,swap,notBad
8860,16,1265.9999999999995,16,1262.1999999999994,move,improve
8861,16,1265.9999999999995,16,1262.1999999999994,move,improve
8862,16,1265.9999999999995,16,1262.1999999999994,move,improve
8863,16,1265.9999999999995,16,1262.1999999999994,swap,notBad
8864,16,1266.3999999999996,16,1262.1999999999994,swap,acceptBad
8865,16,1266.3999999999996,16,1262.1999999999994,move,improve
8866,16,1266.3999999999996,16,1262.1999999999994,2opt,notBad
8867,16,1266.3999999999996,16,1262.1999999999994,2opt,notBad
8868,16,1266.3999999999996,16,1262.1999999999994,2opt,notBad
8869,16,1266.3999999999996,16,1262.1999999999994,swap,notBad
8870,16,1266.3999999999996,16,1262.1999999999994,2opt,notBad
8871,16,1266.3999999999996,16,1262.1999999999994,move,improve
8872,16,1266.3999999999996,16,1262.1999999999994,move,improve
8873,16,1266.3999999999996,16,1262.1999999999994,swap,notBad
8874,16,1266.3999999999996,16,1262.1999999999994,move,improve
8875,16,1266.3999999999996,16,1262.1999999999994,move,improve
8876,16,1266.3999999999996,16,1262.1999999999994,2opt,notBad
8877,16,1266.3999999999996,16,1262.1999999999994,swap,notBad
8878,16,1266.3999999999996,16,1262.1999999999994,swap,notBad
8879,16,1266.3999999999996,16,1262.1999999999994,swap,notBad
8880,16,1266.3999999999996,16,1262.1999999999994,2opt,notBad
8881,16,1266.3999999999996,16,1262.1999999999994,swap,notBad
8882,16,1266.3999999999996,16,1262.1999999999994,move,notBad
8883,16,1266.3999999999996,16,1262.1999999999994,swap,notBad
8884,16,1266.3999999999996,16,1262.1999999999994,swap,notBad
8885,16,1266.3999999999996,16,1262.1999999999994,move,improve
8886,16,1266.3999999999996,16,1262.1999999999994,swap,notBad
8887,16,1266.3999999999996,16,1262.1999999999994,swap,notBad
8888,16,1266.3999999999996,16,1262.1999999999994,move,improve
8889,16,1266.3999999999996,16,1262.1999999999994,2opt,notBad
8890,16,1266.3999999999996,16,1262.1999999999994,move,improve
8891,16,1266.3999999999996,16,1262.1999999999994,swap,notBad
8892,16,1266.3999999999996,16,1262.1999999999994,2opt,notBad
8893,16,1266.3999999999996,16,1262.1999999999994,2opt,improve
8894,16,1266.3999999999996,16,1262.1999999999994,move,improve
8895,16,1266.3999999999996,16,1262.1999999999994,move,improve
8896,16,1266.3999999999996,16,1262.1999999999994,move,improve
8897,16,1266.3999999999996,16,1262.1999999999994,swap,notBad
8898,16,1266.3999999999996,16,1262.1999999999994,move,improve
8899,16,1266.3999999999996,16,1262.1999999999994,move,improve
8900,16,1266.3999999999996,16,1262.1999999999994,2opt,notBad
8901,16,1266.3999999999996,16,1262.1999999999994,2opt,improve
8902,16,1266.3999999999996,16,1262.1999999999994,move,improve
8903,16,1266.3999999999996,16,1262.1999999999994,move,improve
8904,16,1266.3999999999996,16,1262.1999999999994,move,improve
8905,16,1266.3999999999996,16,1262.1999999999994,move,improve
8906,16,1266.3999999999996,16,1262.1999999999994,move,improve
8907,16,1266.3999999999996,16,1262.1999999999994,swap,notBad
8908,16,1266.3999999999996,16,1262.1999999999994,swap,notBad
8909,16,1266.3999999999996,16,1262.1999999999994,move,improve
8910,16,1266.3999999999996,16,1262.1999999999994,swap,notBad
8911,16,1266.3999999999996,16,1262.1999999999994,move,notBad
8912,16,1266.3999999999996,16,1262.1999999999994,move,improve
8913,16,1266.3999999999996,16,1262.1999999999994,swap,notBad
8914,16,1266.3999999999996,16,1262.1999999999994,move,improve
8915,16,1266.3999999999996,16,1262.1999999999994,2opt,notBad
8916,16,1266.3999999999996,16,1262.1999999999994,move,improve
8917,16,1266.3999999999996,16,1262.1999999999994,move,improve
8918,16,1266.3999999999996,16,1262.1999999999994,move,improve
8919,16,1266.3999999999996,16,1262.1999999999994,move,improve
8920,16,1266.3999999999996,16,1262.1999999999994,swap,notBad
8921,16,1266.3999999999996,16,1262.1999999999994,swap,notBad
8922,16,1266.3999999999996,16,1262.1999999999994,2opt,notBad
8923,16,1266.3999999999996,16,1262.1999999999994,2opt,notBad
8924,16,1266.3999999999996,16,1262.1999999999994,2opt,improve
8925,16,1266.3999999999996,16,1262.1999999999994,swap,notBad
8926,16,1266.3999999999996,16,1262.1999999999994,swap,notBad
8927,16,1266.3999999999996,16,1262.1999999999994,swap,notBad
8928,16,1266.3999999999996,16,1262.1999999999994,move,improve
8929,16,1266.3999999999996,16,1262.1999999999994,move,improve
8930,16,1266.3999999999996,16,1262.1999999999994,move,improve
8931,16,1266.3999999999996,16,1262.1999999999994,2opt,improve
8932,16,1267.0999999999997,16,1262.1999999999994,swap,acceptBad
8933,16,1267.0999999999997,16,1262.1999999999994,move,improve
8934,16,1267.0999999999997,16,1262.1999999999994,2opt,notBad
8935,16,1267.0999999999997,16,1262.1999999999994,swap,notBad
8936,16,1267.0999999999997,16,1262.1999999999994,swap,notBad
8937,16,1267.0999999999997,16,1262.1999999999994,2opt,notBad
8938,16,1267.0999999999997,16,1262.1999999999994,2opt,notBad
8939,16,1267.0999999999997,16,1262.1999999999994,2opt,notBad
8940,16,1267.0999999999997,16,1262.1999999999994,move,improve
8941,16,1267.0999999999997,16,1262.1999999999994,swap,notBad
8942,16,1267.0999999999997,16,1262.1999999999994,swap,notBad
8943,16,1267.0999999999997,16,1262.1999999999994,2opt,notBad
8944,16,1267.0999999999997,16,1262.1999999999994,swap,notBad
8945,16,1267.0999999999997,16,1262.1999999999994,2opt,improve
8946,16,1267.0999999999997,16,1262.1999999999994,2opt,notBad
8947,16,1267.0999999999997,16,1262.1999999999994,swap,notBad
8948,16,1267.0999999999997,16,1262.1999999999994,move,improve
8949,16,1267.0999999999997,16,1262.1999999999994,move,improve
8950,16,1267.0999999999997,16,1262.1999999999994,2opt,notBad
8951,16,1267.0999999999997,16,1262.1999999999994,2opt,improve
8952,16,1267.0999999999997,16,1262.1999999999994,move,improve
8953,16,1267.0999999999997,16,1262.1999999999994,2opt,notBad
8954,16,1267.0999999999997,16,1262.1999999999994,move,improve
8955,16,1267.0999999999997,16,1262.1999999999994,2opt,notBad
8956,16,1267.0999999999997,16,1262.1999999999994,move,improve
8957,16,1267.0999999999997,16,1262.1999999999994,move,improve
8958,16,1267.0999999999997,16,1262.1999999999994,swap,notBad
8959,16,1267.0999999999997,16,1262.1999999999994,swap,notBad
8960,16,1267.0999999999997,16,1262.1999999999994,swap,notBad
8961,16,1267.0999999999997,16,1262.1999999999994,swap,notBad
8962,16,1267.0999999999997,16,1262.1999999999994,2opt,notBad
8963,16,1267.0999999999997,16,1262.1999999999994,2opt,improve
8964,16,1267.0999999999997,16,1262.1999999999994,2opt,notBad
8965,16,1267.0999999999997,16,1262.1999999999994,move,improve
8966,16,1267.0999999999997,16,1262.1999999999994,swap,notBad
8967,16,1267.0999999999997,16,1262.1999999999994,2opt,notBad
8968,16,1267.0999999999997,16,1262.1999999999994,swap,notBad
8969,16,1267.0999999999997,16,1262.1999999999994,swap,notBad
8970,16,1267.0999999999997,16,1262.1999999999994,swap,notBad
8971,16,1267.0999999999997,16,1262.1999999999994,move,improve
8972,16,1267.0999999999997,16,1262.1999999999994,2opt,notBad
8973,16,1267.0999999999997,16,1262.1999999999994,move,improve
8974,16,1267.0999999999997,16,1262.1999999999994,2opt,notBad
8975,16,1267.0999999999997,16,1262.1999999999994,swap,notBad
8976,16,1267.0999999999997,16,1262.1999999999994,swap,notBad
8977,16,1267.0999999999997,16,1262.1999999999994,swap,notBad
8978,16,1267.0999999999997,16,1262.1999999999994,2opt,notBad
8979,16,1267.0999999999997,16,1262.1999999999994,2opt,notBad
8980,16,1267.0999999999997,16,1262.1999999999994,2opt,notBad
8981,16,1267.0999999999997,16,1262.1999999999994,2opt,improve
8982,16,1267.0999999999997,16,1262.1999999999994,swap,notBad
8983,16,1267.0999999999997,16,1262.1999999999994,2opt,notBad
8984,16,1267.0999999999997,16,1262.1999999999994,2opt,notBad
8985,16,1267.0999999999997,16,1262.1999999999994,move,improve
8986,16,1267.0999999999997,16,1262.1999999999994,2opt,notBad
8987,16,1267.0999999999997,16,1262.1999999999994,2opt,notBad
8988,16,1267.0999999999997,16,1262.1999999999994,2opt,improve
8989,16,1267.0999999999997,16,1262.1999999999994,2opt,notBad
8990,16,1267.0999999999997,16,1262.1999999999994,move,improve
8991,16,1267.0999999999997,16,1262.1999999999994,2opt,notBad
8992,16,1267.0999999999997,16,1262.1999999999994,2opt,notBad
8993,16,1267.0999999999997,16,1262.1999999999994,2opt,notBad
8994,16,1267.0999999999997,16,1262.1999999999994,move,improve
8995,16,1267.0999999999997,16,1262.1999999999994,swap,notBad
8996,16,1267.0999999999997,16,1262.1999999999994,2opt,notBad
8997,16,1267.0999999999997,16,1262.1999999999994,2opt,notBad
8998,16,1267.0999999999997,16,1262.1999999999994,swap,notBad
8999,16,1267.0999999999997,16,1262.1999999999994,swap,notBad
9000,16,1267.0999999999997,16,1262.1999999999994,2opt,notBad
9001,16,1267.0999999999997,16,1262.1999999999994,move,improve
9002,16,1267.0999999999997,16,1262.1999999999994,2opt,notBad
9003,16,1266.9999999999998,16,1262.1999999999994,move,improve
9004,16,1266.9999999999998,16,1262.1999999999994,swap,notBad
9005,16,1266.9999999999998,16,1262.1999999999994,2opt,notBad
9006,16,1266.9999999999998,16,1262.1999999999994,move,improve
9007,16,1266.9999999999998,16,1262.1999999999994,2opt,notBad
9008,16,1266.9999999999998,16,1262.1999999999994,swap,notBad
9009,16,1266.9999999999998,16,1262.1999999999994,swap,notBad
9010,16,1266.9999999999998,16,1262.1999999999994,2opt,notBad
9011,16,1266.9999999999998,16,1262.1999999999994,2opt,notBad
9012,16,1266.9999999999998,16,1262.1999999999994,2opt,notBad
9013,16,1266.9999999999998,16,1262.1999999999994,2opt,notBad
9014,16,1266.9999999999998,16,1262.1999999999994,move,improve
9015,16,1266.9999999999998,16,1262.1999999999994,swap,notBad
9016,16,1266.9999999999998,16,1262.1999999999994,move,improve
9017,16,1266.2999999999997,16,1262.1999999999994,move,improve
9018,16,1266.2999999999997,16,1262.1999999999994,swap,notBad
9019,16,1266.2999999999997,16,1262.1999999999994,2opt,notBad
9020,16,1266.2999999999997,16,1262.1999999999994,2opt,notBad
9021,16,1266.2999999999997,16,1262.1999999999994,move,improve
9022,16,1267.3999999999996,16,1262.1999999999994,swap,acceptBad
9023,16,1267.3999999999996,16,1262.1999999999994,swap,notBad
9024,16,1267.3999999999996,16,1262.1999999999994,swap,notBad
9025,16,1267.3999999999996,16,1262.1999999999994,move,improve
9026,16,1267.3999999999996,16,1262.1999999999994,swap,notBad
9027,16,1267.3999999999996,16,1262.1999999999994,2opt,notBad
9028,16,1267.3999999999996,16,1262.1999999999994,swap,notBad
9029,16,1267.3999999999996,16,1262.1999999999994,swap,notBad
9030,16,1267.3999999999996,16,1262.1999999999994,2opt,notBad
9031,16,1267.3999999999996,16,1262.1999999999994,2opt,improve
9032,16,1267.3999999999996,16,1262.1999999999994,swap,notBad
9033,16,1267.3999999999996,16,1262.1999999999994,swap,notBad
9034,16,1267.3999999999996,16,1262.1999999999994,swap,notBad
9035,16,1267.3999999999996,16,1262.1999999999994,swap,notBad
9036,16,1267.3999999999996,16,1262.1999999999994,2opt,notBad
9037,16,1267.3999999999996,16,1262.1999999999994,2opt,notBad
9038,16,1267.3999999999996,16,1262.1999999999994,swap,notBad
9039,16,1267.3999999999996,16,1262.1999999999994,move,improve
9040,16,1267.3999999999996,16,1262.1999999999994,swap,notBad
9041,16,1267.3999999999996,16,1262.1999999999994,2opt,notBad
9042,16,1267.3999999999996,16,1262.1999999999994,2opt,notBad
9043,16,1267.3999999999996,16,1262.1999999999994,2opt,improve
9044,16,1267.3999999999996,16,1262.1999999999994,2opt,notBad
9045,16,1267.3999999999996,16,1262.1999999999994,2opt,notBad
9046,16,1267.3999999999996,16,1262.1999999999994,move,improve
9047,16,1267.3999999999996,16,1262.1999999999994,swap,notBad
9048,16,1267.3999999999996,16,1262.1999999999994,move,improve
9049,16,1267.3999999999996,16,1262.1999999999994,2opt,notBad
9050,16,1267.3999999999996,16,1262.1999999999994,2opt,notBad
9051,16,1267.3999999999996,16,1262.1999999999994,swap,notBad
9052,16,1267.3999999999996,16,1262.1999999999994,2opt,notBad
9053,16,1267.3999999999996,16,1262.1999999999994,2opt,notBad
9054,16,1267.3999999999996,16,1262.1999999999994,move,improve
9055,16,1267.0999999999997,16,1262.1999999999994,move,improve
9056,16,1267.0999999999997,16,1262.1999999999994,move,improve
9057,16,1267.0999999999997,16,1262.1999999999994,move,improve
9058,16,1267.0999999999997,16,1262.1999999999994,2opt,notBad
9059,16,1267.0999999999997,16,1262.1999999999994,swap,notBad
9060,16,1267.0999999999997,16,1262.1999999999994,move,improve
9061,16,1267.0999999999997,16,1262.1999999999994,move,improve
9062,16,1267.0999999999997,16,1262.1999999999994,2opt,notBad
9063,16,1267.0999999999997,16,1262.1999999999994,2opt,notBad
9064,16,1267.0999999999997,16,1262.1999999999994,move,improve
9065,16,1267.0999999999997,16,1262.1999999999994,swap,notBad
9066,16,1264.5999999999997,16,1262.1999999999994,move,improve
9067,16,1264.5999999999997,16,1262.1999999999994,swap,notBad
9068,16,1264.5999999999997,16,1262.1999999999994,move,improve
9069,16,1264.5999999999997,16,1262.1999999999994,move,improve
9070,16,1264.5999999999997,16,1262.1999999999994,2opt,notBad
9071,16,1264.5999999999997,16,1262.1999999999994,move,improve
9072,16,1264.5999999999997,16,1262.1999999999994,2opt,notBad
9073,16,1264.5999999999997,16,1262.1999999999994,move,improve
9074,16,1264.5999999999997,16,1262.1999999999994,move,improve
9075,16,1264.5999999999997,16,1262.1999999999994,swap,notBad
9076,16,1264.5999999999997,16,1262.1999999999994,move,improve
9077,16,1264.5999999999997,16,1262.1999999999994,2opt,notBad
9078,16,1264.5999999999997,16,1262.1999999999994,move,improve
9079,16,1264.5999999999997,16,1262.1999999999994,swap,notBad
9080,16,1264.5999999999997,16,1262.1999999999994,2opt,notBad
9081,16,1264.5999999999997,16,1262.1999999999994,move,improve
9082,16,1264.5999999999997,16,1262.1999999999994,2opt,notBad
9083,16,1264.5999999999997,16,1262.1999999999994,swap,notBad
9084,16,1264.5999999999997,16,1262.1999999999994,move,improve
9085,16,1264.5999999999997,16,1262.1999999999994,move,improve
9086,16,1264.5999999999997,16,1262.1999999999994,move,improve
9087,16,1264.5999999999997,16,1262.1999999999994,move,improve
9088,16,1264.5999999999997,16,1262.1999999999994,swap,notBad
9089,16,1264.5999999999997,16,1262.1999999999994,2opt,notBad
9090,16,1264.5999999999997,16,1262.1999999999994,move,improve
9091,16,1264.5999999999997,16,1262.1999999999994,2opt,notBad
9092,16,1264.5999999999997,16,1262.1999999999994,move,improve
9093,16,1264.5999999999997,16,1262.1999999999994,2opt,notBad
9094,16,1264.5999999999997,16,1262.1999999999994,move,improve
9095,16,1264.5999999999997,16,1262.1999999999994,2opt,notBad
9096,16,1264.5999999999997,16,1262.1999999999994,2opt,improve
9097,16,1264.5999999999997,16,1262.1999999999994,2opt,notBad
9098,16,1264.5999999999997,16,1262.1999999999994,swap,notBad
9099,16,1264.5999999999997,16,1262.1999999999994,swap,notBad
9100,16,1264.5999999999997,16,1262.1999999999994,move,improve
9101,16,1264.5999999999997,16,1262.1999999999994,swap,notBad
9102,16,1264.5999999999997,16,1262.1999999999994,2opt,improve
9103,16,1264.5999999999997,16,1262.1999999999994,swap,notBad
9104,16,1264.5999999999997,16,1262.1999999999994,move,improve
9105,16,1264.5999999999997,16,1262.1999999999994,2opt,notBad
9106,16,1264.5999999999997,16,1262.1999999999994,swap,notBad
9107,16,1264.5999999999997,16,1262.1999999999994,2opt,notBad
9108,16,1264.5999999999997,16,1262.1999999999994,move,improve
9109,16,1264.5999999999997,16,1262.1999999999994,move,improve
9110,16,1264.5999999999997,16,1262.1999999999994,swap,notBad
9111,16,1264.5999999999997,16,1262.1999999999994,move,improve
9112,16,1264.5999999999997,16,1262.1999999999994,swap,notBad
9113,16,1264.5999999999997,16,1262.1999999999994,move,improve
9114,16,1264.5999999999997,16,1262.1999999999994,move,improve
9115,16,1264.5999999999997,16,1262.1999999999994,move,improve
9116,16,1264.5999999999997,16,1262.1999999999994,move,improve
9117,16,1264.5999999999997,16,1262.1999999999994,swap,notBad
9118,16,1264.5999999999997,16,1262.1999999999994,swap,notBad
9119,16,1264.5999999999997,16,1262.1999999999994,2opt,notBad
9120,16,1264.5999999999997,16,1262.1999999999994,2opt,notBad
9121,16,1264.5999999999997,16,1262.1999999999994,move,improve
9122,16,1264.5999999999997,16,1262.1999999999994,move,improve
9123,16,1264.5999999999997,16,1262.1999999999994,move,improve
9124,16,1264.5999999999997,16,1262.1999999999994,2opt,notBad
9125,16,1264.5999999999997,16,1262.1999999999994,move,improve
9126,16,1264.5999999999997,16,1262.1999999999994,move,improve
9127,16,1264.5999999999997,16,1262.1999999999994,2opt,notBad
9128,16,1264.5999999999997,16,1262.1999999999994,move,improve
9129,16,1264.5999999999997,16,1262.1999999999994,swap,notBad
9130,16,1264.5999999999997,16,1262.1999999999994,2opt,notBad
9131,16,1264.5999999999997,16,1262.1999999999994,swap,notBad
9132,16,1264.5999999999997,16,1262.1999999999994,move,improve
9133,16,1264.5999999999997,16,1262.1999999999994,move,improve
9134,16,1264.5999999999997,16,1262.1999999999994,2opt,improve
9135,16,1264.5999999999997,16,1262.1999999999994,swap,notBad
9136,16,1264.5999999999997,16,1262.1999999999994,2opt,notBad
9137,16,1264.5999999999997,16,1262.1999999999994,2opt,notBad
9138,16,1264.5999999999997,16,1262.1999999999994,swap,notBad
9139,16,1264.5999999999997,16,1262.1999999999994,swap,notBad
9140,16,1264.5999999999997,16,1262.1999999999994,swap,notBad
9141,16,1264.5999999999997,16,1262.1999999999994,2opt,notBad
9142,16,1263.4999999999995,16,1262.1999999999994,move,improve
9143,16,1263.4999999999995,16,1262.1999999999994,move,improve
9144,16,1263.4999999999995,16,1262.1999999999994,2opt,notBad
9145,16,1263.4999999999995,16,1262.1999999999994,swap,notBad
9146,16,1263.4999999999995,16,1262.1999999999994,2opt,improve
9147,16,1263.4999999999995,16,1262.1999999999994,2opt,notBad
9148,16,1263.4999999999995,16,1262.1999999999994,2opt,notBad
9149,16,1263.4999999999995,16,1262.1999999999994,move,improve
9150,16,1263.4999999999995,16,1262.1999999999994,2opt,notBad
9151,16,1263.4999999999995,16,1262.1999999999994,move,improve
9152,16,1263.4999999999995,16,1262.1999999999994,move,improve
9153,16,1263.4999999999995,16,1262.1999999999994,swap,notBad
9154,16,1263.4999999999995,16,1262.1999999999994,2opt,notBad
9155,16,1263.4999999999995,16,1262.1999999999994,2opt,notBad
9156,16,1263.4999999999995,16,1262.1999999999994,2opt,notBad
9157,16,1263.4999999999995,16,1262.1999999999994,move,improve
9158,16,1263.4999999999995,16,1262.1999999999994,move,improve
9159,16,1263.4999999999995,16,1262.1999999999994,move,improve
9160,16,1263.4999999999995,16,1262.1999999999994,2opt,notBad
9161,16,1263.4999999999995,16,1262.1999999999994,2opt,notBad
9162,16,1263.4999999999995,16,1262.1999999999994,swap,notBad
9163,16,1263.4999999999995,16,1262.1999999999994,move,improve
9164,16,1263.4999999999995,16,1262.1999999999994,move,improve
9165,16,1263.4999999999995,16,1262.1999999999994,2opt,notBad
9166,16,1263.4999999999995,16,1262.1999999999994,2opt,notBad
9167,16,1263.4999999999995,16,1262.1999999999994,move,improve
9168,16,1263.4999999999995,16,1262.1999999999994,swap,notBad
9169,16,1263.4999999999995,16,1262.1999999999994,swap,notBad
9170,16,1263.4999999999995,16,1262.1999999999994,2opt,notBad
9171,16,1263.4999999999995,16,1262.1999999999994,move,improve
9172,16,1263.4999999999995,16,1262.1999999999994,2opt,notBad
9173,16,1263.4999999999995,16,1262.1999999999994,2opt,notBad
9174,16,1263.4999999999995,16,1262.1999999999994,2opt,notBad
9175,16,1263.4999999999995,16,1262.1999999999994,swap,notBad
9176,16,1263.4999999999995,16,1262.1999999999994,swap,notBad
9177,16,1263.4999999999995,16,1262.1999999999994,2opt,notBad
9178,16,1263.4999999999995,16,1262.1999999999994,2opt,notBad
9179,16,1263.4999999999995,16,1262.1999999999994,swap,notBad
9180,16,1263.4999999999995,16,1262.1999999999994,move,improve
9181,16,1263.4999999999995,16,1262.1999999999994,swap,notBad
9182,16,1263.4999999999995,16,1262.1999999999994,2opt,notBad
9183,16,1263.4999999999995,16,1262.1999999999994,swap,notBad
9184,16,1263.4999999999995,16,1262.1999999999994,swap,notBad
9185,16,1263.4999999999995,16,1262.1999999999994,2opt,notBad
9186,16,1263.4999999999995,16,1262.1999999999994,swap,notBad
9187,16,1263.4999999999995,16,1262.1999999999994,2opt,notBad
9188,16,1263.4999999999995,16,1262.1999999999994,swap,notBad
9189,16,1263.4999999999995,16,1262.1999999999994,2opt,notBad
9190,16,1263.4999999999995,16,1262.1999999999994,move,improve
9191,16,1263.4999999999995,16,1262.1999999999994,swap,notBad
9192,16,1263.4999999999995,16,1262.1999999999994,2opt,notBad
9193,16,1263.4999999999995,16,1262.1999999999994,move,improve
9194,16,1263.4999999999995,16,1262.1999999999994,2opt,notBad
9195,16,1263.4999999999995,16,1262.1999999999994,2opt,notBad
9196,16,1263.4999999999995,16,1262.1999999999994,2opt,notBad
9197,16,1263.4999999999995,16,1262.1999999999994,swap,notBad
9198,16,1263.4999999999995,16,1262.1999999999994,swap,notBad
9199,16,1263.4999999999995,16,1262.1999999999994,2opt,notBad
9200,16,1263.4999999999995,16,1262.1999999999994,move,improve
9201,16,1263.4999999999995,16,1262.1999999999994,move,improve
9202,16,1263.4999999999995,16,1262.1999999999994,2opt,notBad
9203,16,1263.4999999999995,16,1262.1999999999994,move,improve
9204,16,1263.4999999999995,16,1262.1999999999994,swap,notBad
9205,16,1263.4999999999995,16,1262.1999999999994,swap,notBad
9206,16,1263.4999999999995,16,1262.1999999999994,swap,notBad
9207,16,1263.4999999999995,16,1262.1999999999994,move,improve
9208,16,1263.4999999999995,16,1262.1999999999994,swap,notBad
9209,16,1263.4999999999995,16,1262.1999999999994,2opt,notBad
9210,16,1263.4999999999995,16,1262.1999999999994,move,improve
9211,16,1263.4999999999995,16,1262.1999999999994,move,improve
9212,16,1263.4999999999995,16,1262.1999999999994,2opt,notBad
9213,16,1263.4999999999995,16,1262.1999999999994,swap,notBad
9214,16,1263.4999999999995,16,1262.1999999999994,2opt,notBad
9215,16,1263.4999999999995,16,1262.1999999999994,2opt,improve
9216,16,1263.4999999999995,16,1262.1999999999994,move,improve
9217,16,1263.4999999999995,16,1262.1999999999994,2opt,notBad
9218,16,1263.4999999999995,16,1262.1999999999994,move,improve
9219,16,1263.4999999999995,16,1262.1999999999994,2opt,improve
9220,16,1263.4999999999995,16,1262.1999999999994,2opt,notBad
9221,16,1263.4999999999995,16,1262.1999999999994,2opt,notBad
9222,16,1263.4999999999995,16,1262.1999999999994,2opt,notBad
9223,16,1263.4999999999995,16,1262.1999999999994,move,improve
9224,16,1263.4999999999995,16,1262.1999999999994,2opt,notBad
9225,16,1263.4999999999995,16,1262.1999999999994,swap,notBad
9226,16,1263.4999999999995,16,1262.1999999999994,move,improve
9227,16,1263.4999999999995,16,1262.1999999999994,swap,notBad
9228,16,1263.4999999999995,16,1262.1999999999994,2opt,notBad
9229,16,1263.4999999999995,16,1262.1999999999994,swap,notBad
9230,16,1263.4999999999995,16,1262.1999999999994,move,improve
9231,16,1263.4999999999995,16,1262.1999999999994,swap,notBad
9232,16,1263.4999999999995,16,1262.1999999999994,2opt,notBad
9233,16,1263.4999999999995,16,1262.1999999999994,2opt,notBad
9234,16,1263.4999999999995,16,1262.1999999999994,move,improve
9235,16,1263.4999999999995,16,1262.1999999999994,move,improve
9236,16,1263.4999999999995,16,1262.1999999999994,swap,notBad
9237,16,1263.4999999999995,16,1262.1999999999994,move,improve
9238,16,1263.4999999999995,16,1262.1999999999994,swap,notBad
9239,16,1263.4999999999995,16,1262.1999999999994,swap,notBad
9240,16,1263.4999999999995,16,1262.1999999999994,swap,notBad
9241,16,1263.4999999999995,16,1262.1999999999994,move,improve
9242,16,1263.4999999999995,16,1262.1999999999994,swap,notBad
9243,16,1263.4999999999995,16,1262.1999999999994,swap,notBad
9244,16,1263.4999999999995,16,1262.1999999999994,2opt,notBad
9245,16,1263.4999999999995,16,1262.1999999999994,2opt,notBad
9246,16,1263.4999999999995,16,1262.1999999999994,2opt,notBad
9247,16,1263.4999999999995,16,1262.1999999999994,2opt,notBad
9248,16,1263.4999999999995,16,1262.1999999999994,2opt,notBad
9249,16,1263.4999999999995,16,1262.1999999999994,2opt,notBad
9250,16,1263.4999999999995,16,1262.1999999999994,move,improve
9251,16,1263.4999999999995,16,1262.1999999999994,swap,notBad
9252,16,1263.4999999999995,16,1262.1999999999994,swap,notBad
9253,16,1263.4999999999995,16,1262.1999999999994,2opt,notBad
9254,16,1263.4999999999995,16,1262.1999999999994,move,improve
9255,16,1263.4999999999995,16,1262.1999999999994,2opt,notBad
9256,16,1263.4999999999995,16,1262.1999999999994,2opt,notBad
9257,16,1263.4999999999995,16,1262.1999999999994,swap,notBad
9258,16,1263.4999999999995,16,1262.1999999999994,move,improve
9259,16,1263.4999999999995,16,1262.1999999999994,2opt,notBad
9260,16,1263.4999999999995,16,1262.1999999999994,2opt,notBad
9261,16,1263.4999999999995,16,1262.1999999999994,2opt,notBad
9262,16,1263.4999999999995,16,1262.1999999999994,swap,notBad
9263,16,1263.4999999999995,16,1262.1999999999994,2opt,notBad
9264,16,1263.4999999999995,16,1262.1999999999994,2opt,notBad
9265,16,1263.4999999999995,16,1262.1999999999994,swap,notBad
9266,16,1263.4999999999995,16,1262.1999999999994,swap,notBad
9267,16,1263.4999999999995,16,1262.1999999999994,swap,notBad
9268,16,1263.4999999999995,16,1262.1999999999994,2opt,notBad
9269,16,1263.4999999999995,16,1262.1999999999994,swap,notBad
9270,16,1263.4999999999995,16,1262.1999999999994,move,improve
9271,16,1263.4999999999995,16,1262.1999999999994,swap,notBad
9272,16,1263.4999999999995,16,1262.1999999999994,swap,notBad
9273,16,1263.4999999999995,16,1262.1999999999994,move,improve
9274,16,1263.4999999999995,16,1262.1999999999994,2opt,notBad
9275,16,1263.4999999999995,16,1262.1999999999994,2opt,notBad
9276,16,1263.4999999999995,16,1262.1999999999994,2opt,notBad
9277,16,1263.4999999999995,16,1262.1999999999994,move,improve
9278,16,1263.4999999999995,16,1262.1999999999994,move,improve
9279,16,1263.4999999999995,16,1262.1999999999994,2opt,improve
9280,16,1263.4999999999995,16,1262.1999999999994,swap,notBad
9281,16,1263.4999999999995,16,1262.1999999999994,2opt,notBad
9282,16,1263.4999999999995,16,1262.1999999999994,swap,notBad
9283,16,1263.4999999999995,16,1262.1999999999994,move,improve
9284,16,1263.4999999999995,16,1262.1999999999994,2opt,notBad
9285,16,1263.4999999999995,16,1262.1999999999994,swap,notBad
9286,16,1263.4999999999995,16,1262.1999999999994,move,improve
9287,16,1263.4999999999995,16,1262.1999999999994,2opt,notBad
9288,16,1263.4999999999995,16,1262.1999999999994,move,improve
9289,16,1263.4999999999995,16,1262.1999999999994,2opt,notBad
9290,16,1263.4999999999995,16,1262.1999999999994,swap,notBad
9291,16,1263.4999999999995,16,1262.1999999999994,swap,notBad
9292,16,1263.4999999999995,16,1262.1999999999994,2opt,notBad
9293,16,1263.4999999999995,16,1262.1999999999994,swap,notBad
9294,16,1263.4999999999995,16,1262.1999999999994,2opt,notBad
9295,16,1263.4999999999995,16,1262.1999999999994,2opt,notBad
9296,16,1263.4999999999995,16,1262.1999999999994,swap,notBad
9297,16,1263.4999999999995,16,1262.1999999999994,swap,notBad
9298,16,1263.4999999999995,16,1262.1999999999994,swap,notBad
9299,16,1263.4999999999995,16,1262.1999999999994,2opt,notBad
9300,16,1263.4999999999995,16,1262.1999999999994,move,improve
9301,16,1263.4999999999995,16,1262.1999999999994,move,notBad
9302,16,1264.1999999999996,16,1262.1999999999994,swap,acceptBad
9303,16,1264.1999999999996,16,1262.1999999999994,swap,notBad
9304,16,1264.1999999999996,16,1262.1999999999994,move,improve
9305,16,1264.1999999999996,16,1262.1999999999994,2opt,notBad
9306,16,1264.1999999999996,16,1262.1999999999994,2opt,notBad
9307,16,1264.1999999999996,16,1262.1999999999994,swap,notBad
9308,16,1264.1999999999996,16,1262.1999999999994,swap,notBad
9309,16,1264.1999999999996,16,1262.1999999999994,2opt,notBad
9310,16,1264.1999999999996,16,1262.1999999999994,2opt,notBad
9311,16,1264.1999999999996,16,1262.1999999999994,move,improve
9312,16,1264.1999999999996,16,1262.1999999999994,swap,notBad
9313,16,1264.1999999999996,16,1262.1999999999994,move,improve
9314,16,1264.1999999999996,16,1262.1999999999994,2opt,notBad
9315,16,1264.1999999999996,16,1262.1999999999994,2opt,notBad
9316,16,1264.1999999999996,16,1262.1999999999994,2opt,notBad
9317,16,1264.1999999999996,16,1262.1999999999994,move,improve
9318,16,1264.1999999999996,16,1262.1999999999994,move,improve
9319,16,1264.1999999999996,16,1262.1999999999994,move,improve
9320,16,1264.1999999999996,16,1262.1999999999994,swap,notBad
9321,16,1264.1999999999996,16,1262.1999999999994,move,improve
9322,16,1264.1999999999996,16,1262.1999999999994,2opt,notBad
9323,16,1264.1999999999996,16,1262.1999999999994,2opt,notBad
9324,16,1264.1999999999996,16,1262.1999999999994,swap,notBad
9325,16,1264.1999999999996,16,1262.1999999999994,move,improve
9326,16,1263.4999999999995,16,1262.1999999999994,swap,improve
9327,16,1263.4999999999995,16,1262.1999999999994,move,improve
9328,16,1263.4999999999995,16,1262.1999999999994,swap,notBad
9329,16,1263.4999999999995,16,1262.1999999999994,swap,notBad
9330,16,1263.4999999999995,16,1262.1999999999994,2opt,notBad
9331,16,1263.4999999999995,16,1262.1999999999994,swap,notBad
9332,16,1263.4999999999995,16,1262.1999999999994,move,improve
9333,16,1263.4999999999995,16,1262.1999999999994,move,improve
9334,16,1263.4999999999995,16,1262.1999999999994,2opt,improve
9335,16,1263.4999999999995,16,1262.1999999999994,swap,notBad
9336,16,1263.4999999999995,16,1262.1999999999994,move,improve
9337,16,1263.4999999999995,16,1262.1999999999994,move,improve
9338,16,1263.4999999999995,16,1262.1999999999994,move,improve
9339,16,1263.4999999999995,16,1262.1999999999994,2opt,notBad
9340,16,1263.4999999999995,16,1262.1999999999994,swap,notBad
9341,16,1263.4999999999995,16,1262.1999999999994,swap,notBad
9342,16,1263.4999999999995,16,1262.1999999999994,move,improve
9343,16,1263.4999999999995,16,1262.1999999999994,move,improve
9344,16,1263.4999999999995,16,1262.1999999999994,move,improve
9345,16,1263.4999999999995,16,1262.1999999999994,move,improve
9346,16,1263.4999999999995,16,1262.1999999999994,move,improve
9347,16,1263.4999999999995,16,1262.1999999999994,swap,notBad
9348,16,1263.4999999999995,16,1262.1999999999994,swap,notBad
9349,16,1263.4999999999995,16,1262.1999999999994,swap,notBad
9350,16,1263.4999999999995,16,1262.1999999999994,move,improve
9351,16,1263.4999999999995,16,1262.1999999999994,swap,notBad
9352,16,1263.4999999999995,16,1262.1999999999994,2opt,notBad
9353,16,1263.4999999999995,16,1262.1999999999994,move,improve
9354,16,1263.4999999999995,16,1262.1999999999994,2opt,notBad
9355,16,1263.4999999999995,16,1262.1999999999994,move,improve
9356,16,1263.4999999999995,16,1262.1999999999994,2opt,notBad
9357,16,1263.4999999999995,16,1262.1999999999994,swap,notBad
9358,16,1263.4999999999995,16,1262.1999999999994,move,improve
9359,16,1263.4999999999995,16,1262.1999999999994,swap,notBad
9360,16,1263.4999999999995,16,1262.1999999999994,move,improve
9361,16,1263.4999999999995,16,1262.1999999999994,move,notBad
9362,16,1263.4999999999995,16,1262.1999999999994,swap,notBad
9363,16,1263.4999999999995,16,1262.1999999999994,swap,notBad
9364,16,1263.4999999999995,16,1262.1999999999994,swap,notBad
9365,16,1263.4999999999995,16,1262.1999999999994,swap,notBad
9366,16,1263.4999999999995,16,1262.1999999999994,swap,notBad
9367,16,1263.4999999999995,16,1262.1999999999994,swap,notBad
9368,16,1263.4999999999995,16,1262.1999999999994,move,improve
9369,16,1263.4999999999995,16,1262.1999999999994,2opt,notBad
9370,16,1263.4999999999995,16,1262.1999999999994,move,improve
9371,16,1263.4999999999995,16,1262.1999999999994,move,improve
9372,16,1263.4999999999995,16,1262.1999999999994,2opt,notBad
9373,16,1263.4999999999995,16,1262.1999999999994,2opt,notBad
9374,16,1263.4999999999995,16,1262.1999999999994,2opt,notBad
9375,16,1263.4999999999995,16,1262.1999999999994,2opt,notBad
9376,16,1263.4999999999995,16,1262.1999999999994,2opt,notBad
9377,16,1263.4999999999995,16,1262.1999999999994,swap,notBad
9378,16,1263.4999999999995,16,1262.1999999999994,2opt,notBad
9379,16,1263.4999999999995,16,1262.1999999999994,swap,notBad
9380,16,1263.4999999999995,16,1262.1999999999994,2opt,improve
9381,16,1263.4999999999995,16,1262.1999999999994,move,improve
9382,16,1263.4999999999995,16,1262.1999999999994,swap,notBad
9383,16,1263.4999999999995,16,1262.1999999999994,2opt,notBad
9384,16,1263.4999999999995,16,1262.1999999999994,2opt,notBad
9385,16,1263.4999999999995,16,1262.1999999999994,swap,notBad
9386,16,1263.4999999999995,16,1262.1999999999994,2opt,notBad
9387,16,1263.4999999999995,16,1262.1999999999994,2opt,notBad
9388,16,1263.4999999999995,16,1262.1999999999994,2opt,notBad
9389,16,1263.4999999999995,16,1262.1999999999994,swap,notBad
9390,16,1263.4999999999995,16,1262.1999999999994,swap,notBad
9391,16,1263.4999999999995,16,1262.1999999999994,move,improve
9392,16,1263.4999999999995,16,1262.1999999999994,2opt,notBad
9393,16,1263.4999999999995,16,1262.1999999999994,move,improve
9394,16,1263.4999999999995,16,1262.1999999999994,move,improve
9395,16,1263.4999999999995,16,1262.1999999999994,2opt,notBad
9396,16,1263.4999999999995,16,1262.1999999999994,move,improve
9397,16,1263.4999999999995,16,1262.1999999999994,swap,notBad
9398,16,1263.4999999999995,16,1262.1999999999994,move,improve
9399,16,1263.4999999999995,16,1262.1999999999994,swap,notBad
9400,16,1263.4999999999995,16,1262.1999999999994,2opt,notBad
9401,16,1263.4999999999995,16,1262.1999999999994,move,improve
9402,16,1263.4999999999995,16,1262.1999999999994,swap,notBad
9403,16,1263.4999999999995,16,1262.1999999999994,move,improve
9404,16,1263.4999999999995,16,1262.1999999999994,2opt,notBad
9405,16,1263.4999999999995,16,1262.1999999999994,swap,notBad
9406,16,1263.4999999999995,16,1262.1999999999994,2opt,notBad
9407,16,1263.4999999999995,16,1262.1999999999994,swap,notBad
9408,16,1263.4999999999995,16,1262.1999999999994,2opt,notBad
9409,16,1263.4999999999995,16,1262.1999999999994,move,improve
9410,16,1263.4999999999995,16,1262.1999999999994,2opt,improve
9411,16,1263.4999999999995,16,1262.1999999999994,swap,notBad
9412,16,1263.4999999999995,16,1262.1999999999994,move,improve
9413,16,1263.4999999999995,16,1262.1999999999994,2opt,notBad
9414,16,1263.4999999999995,16,1262.1999999999994,move,improve
9415,16,1263.4999999999995,16,1262.1999999999994,swap,notBad
9416,16,1263.4999999999995,16,1262.1999999999994,2opt,improve
9417,16,1263.4999999999995,16,1262.1999999999994,move,improve
9418,16,1263.4999999999995,16,1262.1999999999994,2opt,improve
9419,16,1263.4999999999995,16,1262.1999999999994,swap,notBad
9420,16,1263.4999999999995,16,1262.1999999999994,move,improve
9421,16,1263.4999999999995,16,1262.1999999999994,2opt,notBad
9422,16,1263.4999999999995,16,1262.1999999999994,move,improve
9423,16,1263.4999999999995,16,1262.1999999999994,swap,notBad
9424,16,1263.4999999999995,16,1262.1999999999994,move,improve
9425,16,1263.4999999999995,16,1262.1999999999994,swap,notBad
9426,16,1263.4999999999995,16,1262.1999999999994,2opt,notBad
9427,16,1263.4999999999995,16,1262.1999999999994,move,improve
9428,16,1263.4999999999995,16,1262.1999999999994,move,improve
9429,16,1263.4999999999995,16,1262.1999999999994,swap,notBad
9430,16,1263.4999999999995,16,1262.1999999999994,move,improve
9431,16,1263.4999999999995,16,1262.1999999999994,move,improve
9432,16,1263.4999999999995,16,1262.1999999999994,2opt,notBad
9433,16,1263.4999999999995,16,1262.1999999999994,swap,notBad
9434,16,1263.4999999999995,16,1262.1999999999994,2opt,improve
9435,16,1263.4999999999995,16,1262.1999999999994,move,improve
9436,16,1263.4999999999995,16,1262.1999999999994,2opt,notBad
9437,16,1263.4999999999995,16,1262.1999999999994,2opt,notBad
9438,16,1263.4999999999995,16,1262.1999999999994,2opt,notBad
9439,16,1263.4999999999995,16,1262.1999999999994,2opt,improve
9440,16,1263.4999999999995,16,1262.1999999999994,move,improve
9441,16,1263.4999999999995,16,1262.1999999999994,2opt,notBad
9442,16,1263.4999999999995,16,1262.1999999999994,move,improve
9443,16,1263.4999999999995,16,1262.1999999999994,swap,notBad
9444,16,1263.4999999999995,16,1262.1999999999994,move,improve
9445,16,1263.4999999999995,16,1262.1999999999994,move,improve
9446,16,1263.4999999999995,16,1262.1999999999994,2opt,notBad
9447,16,1263.4999999999995,16,1262.1999999999994,2opt,notBad
9448,16,1263.4999999999995,16,1262.1999999999994,swap,notBad
9449,16,1263.4999999999995,16,1262.1999999999994,2opt,improve
9450,16,1264.1999999999996,16,1262.1999999999994,swap,acceptBad
9451,16,1264.1999999999996,16,1262.1999999999994,swap,notBad
9452,16,1264.1999999999996,16,1262.1999999999994,swap,notBad
9453,16,1264.1999999999996,16,1262.1999999999994,move,improve
9454,16,1264.1999999999996,16,1262.1999999999994,2opt,notBad
9455,16,1264.1999999999996,16,1262.1999999999994,2opt,improve
9456,16,1264.1999999999996,16,1262.1999999999994,swap,notBad
9457,16,1264.1999999999996,16,1262.1999999999994,swap,notBad
9458,16,1264.1999999999996,16,1262.1999999999994,move,improve
9459,16,1264.1999999999996,16,1262.1999999999994,swap,notBad
9460,16,1264.1999999999996,16,1262.1999999999994,swap,notBad
9461,16,1263.4999999999995,16,1262.1999999999994,move,improve
9462,16,1263.4999999999995,16,1262.1999999999994,move,improve
9463,16,1263.4999999999995,16,1262.1999999999994,swap,notBad
9464,16,1263.4999999999995,16,1262.1999999999994,2opt,notBad
9465,16,1263.4999999999995,16,1262.1999999999994,move,improve
9466,16,1263.4999999999995,16,1262.1999999999994,2opt,notBad
9467,16,1263.4999999999995,16,1262.1999999999994,move,improve
9468,16,1263.4999999999995,16,1262.1999999999994,move,improve
9469,16,1263.4999999999995,16,1262.1999999999994,move,improve
9470,16,1263.4999999999995,16,1262.1999999999994,move,improve
9471,16,1263.4999999999995,16,1262.1999999999994,move,improve
9472,16,1263.4999999999995,16,1262.1999999999994,2opt,notBad
9473,16,1263.4999999999995,16,1262.1999999999994,move,improve
9474,16,1262.3999999999996,16,1262.1999999999994,move,improve
9475,16,1262.3999999999996,16,1262.1999999999994,2opt,improve
9476,16,1262.3999999999996,16,1262.1999999999994,swap,notBad
9477,16,1262.3999999999996,16,1262.1999999999994,move,improve
9478,16,1262.3999999999996,16,1262.1999999999994,swap,notBad
9479,16,1262.3999999999996,16,1262.1999999999994,move,improve
9480,16,1262.3999999999996,16,1262.1999999999994,move,improve
9481,16,1262.3999999999996,16,1262.1999999999994,2opt,notBad
9482,16,1262.3999999999996,16,1262.1999999999994,2opt,notBad
9483,16,1262.3999999999996,16,1262.1999999999994,swap,notBad
9484,16,1262.3999999999996,16,1262.1999999999994,2opt,improve
9485,16,1262.3999999999996,16,1262.1999999999994,2opt,notBad
9486,16,1262.3999999999996,16,1262.1999999999994,move,improve
9487,16,1262.3999999999996,16,1262.1999999999994,2opt,improve
9488,16,1262.3999999999996,16,1262.1999999999994,move,improve
9489,16,1262.3999999999996,16,1262.1999999999994,2opt,improve
9490,16,1262.3999999999996,16,1262.1999999999994,move,improve
9491,16,1262.3999999999996,16,1262.1999999999994,move,improve
9492,16,1262.3999999999996,16,1262.1999999999994,swap,notBad
9493,16,1262.3999999999996,16,1262.1999999999994,2opt,notBad
9494,16,1262.3999999999996,16,1262.1999999999994,swap,notBad
9495,16,1262.3999999999996,16,1262.1999999999994,move,improve
9496,16,1262.3999999999996,16,1262.1999999999994,move,improve
9497,16,1262.3999999999996,16,1262.1999999999994,2opt,notBad
9498,16,1262.3999999999996,16,1262.1999999999994,swap,notBad
9499,16,1262.3999999999996,16,1262.1999999999994,2opt,notBad
9500,16,1262.3999999999996,16,1262.1999999999994,move,improve
9501,16,1262.3999999999996,16,1262.1999999999994,2opt,notBad
9502,16,1262.3999999999996,16,1262.1999999999994,2opt,notBad
9503,16,1262.3999999999996,16,1262.1999999999994,move,improve
9504,16,1262.3999999999996,16,1262.1999999999994,move,notBad
9505,16,1262.3999999999996,16,1262.1999999999994,move,improve
9506,16,1262.3999999999996,16,1262.1999999999994,2opt,notBad
9507,16,1262.3999999999996,16,1262.1999999999994,move,improve
9508,16,1262.3999999999996,16,1262.1999999999994,2opt,notBad
9509,16,1262.3999999999996,16,1262.1999999999994,move,improve
9510,16,1262.3999999999996,16,1262.1999999999994,move,improve
9511,16,1262.3999999999996,16,1262.1999999999994,2opt,notBad
9512,16,1262.3999999999996,16,1262.1999999999994,move,improve
9513,16,1262.3999999999996,16,1262.1999999999994,move,improve
9514,16,1262.3999999999996,16,1262.1999999999994,swap,notBad
9515,16,1262.3999999999996,16,1262.1999999999994,2opt,notBad
9516,16,1262.3999999999996,16,1262.1999999999994,move,improve
9517,16,1262.3999999999996,16,1262.1999999999994,swap,notBad
9518,16,1262.3999999999996,16,1262.1999999999994,swap,notBad
9519,16,1262.3999999999996,16,1262.1999999999994,swap,notBad
9520,16,1262.3999999999996,16,1262.1999999999994,2opt,notBad
9521,16,1262.3999999999996,16,1262.1999999999994,2opt,improve
9522,16,1262.3999999999996,16,1262.1999999999994,2opt,notBad
9523,16,1262.3999999999996,16,1262.1999999999994,2opt,notBad
9524,16,1262.3999999999996,16,1262.1999999999994,move,improve
9525,16,1262.3999999999996,16,1262.1999999999994,move,improve
9526,16,1262.3999999999996,16,1262.1999999999994,2opt,notBad
9527,16,1262.3999999999996,16,1262.1999999999994,swap,notBad
9528,16,1262.3999999999996,16,1262.1999999999994,move,improve
9529,16,1262.3999999999996,16,1262.1999999999994,swap,notBad
9530,16,1262.3999999999996,16,1262.1999999999994,move,improve
9531,16,1262.3999999999996,16,1262.1999999999994,swap,notBad
9532,16,1262.3999999999996,16,1262.1999999999994,2opt,notBad
9533,16,1262.3999999999996,16,1262.1999999999994,2opt,notBad
9534,16,1262.3999999999996,16,1262.1999999999994,swap,notBad
9535,16,1262.3999999999996,16,1262.1999999999994,move,improve
9536,16,1262.3999999999996,16,1262.1999999999994,swap,notBad
9537,16,1262.3999999999996,16,1262.1999999999994,swap,notBad
9538,16,1262.3999999999996,16,1262.1999999999994,swap,notBad
9539,16,1262.3999999999996,16,1262.1999999999994,move,improve
9540,16,1262.3999999999996,16,1262.1999999999994,move,improve
9541,16,1262.3999999999996,16,1262.1999999999994,move,improve
9542,16,1262.3999999999996,16,1262.1999999999994,move,improve
9543,16,1262.3999999999996,16,1262.1999999999994,move,improve
9544,16,1262.3999999999996,16,1262.1999999999994,2opt,notBad
9545,16,1262.3999999999996,16,1262.1999999999994,move,improve
9546,16,1262.3999999999996,16,1262.1999999999994,move,improve
9547,16,1262.3999999999996,16,1262.1999999999994,swap,notBad
9548,16,1262.3999999999996,16,1262.1999999999994,move,improve
9549,16,1262.3999999999996,16,1262.1999999999994,move,improve
9550,16,1262.3999999999996,16,1262.1999999999994,2opt,notBad
9551,16,1262.3999999999996,16,1262.1999999999994,2opt,notBad
9552,16,1262.3999999999996,16,1262.1999999999994,swap,notBad
9553,16,1262.3999999999996,16,1262.1999999999994,swap,notBad
9554,16,1262.3999999999996,16,1262.1999999999994,swap,notBad
9555,16,1262.3999999999996,16,1262.1999999999994,2opt,notBad
9556,16,1262.3999999999996,16,1262.1999999999994,2opt,notBad
9557,16,1262.3999999999996,16,1262.1999999999994,move,improve
9558,16,1262.3999999999996,16,1262.1999999999994,2opt,notBad
9559,16,1262.3999999999996,16,1262.1999999999994,move,improve
9560,16,1262.3999999999996,16,1262.1999999999994,2opt,notBad
9561,16,1262.3999999999996,16,1262.1999999999994,2opt,notBad
9562,16,1262.3999999999996,16,1262.1999999999994,swap,notBad
9563,16,1262.3999999999996,16,1262.1999999999994,move,improve
9564,16,1262.3999999999996,16,1262.1999999999994,2opt,notBad
9565,16,1262.3999999999996,16,1262.1999999999994,move,improve
9566,16,1262.3999999999996,16,1262.1999999999994,2opt,improve
9567,16,1262.3999999999996,16,1262.1999999999994,swap,notBad
9568,16,1262.3999999999996,16,1262.1999999999994,2opt,notBad
9569,16,1262.3999999999996,16,1262.1999999999994,swap,notBad
9570,16,1262.3999999999996,16,1262.1999999999994,2opt,notBad
9571,16,1262.3999999999996,16,1262.1999999999994,swap,notBad
9572,16,1262.3999999999996,16,1262.1999999999994,swap,notBad
9573,16,1262.3999999999996,16,1262.1999999999994,2opt,notBad
9574,16,1262.3999999999996,16,1262.1999999999994,swap,notBad
9575,16,1262.3999999999996,16,1262.1999999999994,move,notBad
9576,16,1262.3999999999996,16,1262.1999999999994,swap,notBad
9577,16,1262.3999999999996,16,1262.1999999999994,swap,notBad
9578,16,1262.3999999999996,16,1262.1999999999994,2opt,notBad
9579,16,1262.3999999999996,16,1262.1999999999994,2opt,notBad
9580,16,1262.3999999999996,16,1262.1999999999994,2opt,notBad
9581,16,1262.3999999999996,16,1262.1999999999994,2opt,notBad
9582,16,1262.3999999999996,16,1262.1999999999994,move,improve
9583,16,1262.3999999999996,16,1262.1999999999994,2opt,improve
9584,16,1262.3999999999996,16,1262.1999999999994,swap,notBad
9585,16,1262.3999999999996,16,1262.1999999999994,swap,notBad
9586,16,1262.3999999999996,16,1262.1999999999994,swap,notBad
9587,16,1262.3999999999996,16,1262.1999999999994,swap,notBad
9588,16,1262.3999999999996,16,1262.1999999999994,move,improve
9589,16,1262.3999999999996,16,1262.1999999999994,2opt,notBad
9590,16,1262.3999999999996,16,1262.1999999999994,swap,notBad
9591,16,1262.3999999999996,16,1262.1999999999994,move,improve
9592,16,1262.3999999999996,16,1262.1999999999994,move,improve
9593,16,1262.3999999999996,16,1262.1999999999994,swap,notBad
9594,16,1262.3999999999996,16,1262.1999999999994,2opt,notBad
9595,16,1262.3999999999996,16,1262.1999999999994,swap,notBad
9596,16,1262.3999999999996,16,1262.1999999999994,swap,notBad
9597,16,1262.3999999999996,16,1262.1999999999994,2opt,notBad
9598,16,1262.3999999999996,16,1262.1999999999994,move,improve
9599,16,1262.3999999999996,16,1262.1999999999994,move,improve
9600,16,1262.3999999999996,16,1262.1999999999994,swap,notBad
9601,16,1262.3999999999996,16,1262.1999999999994,2opt,notBad
9602,16,1262.3999999999996,16,1262.1999999999994,2opt,improve
9603,16,1262.3999999999996,16,1262.1999999999994,move,improve
9604,16,1262.3999999999996,16,1262.1999999999994,2opt,notBad
9605,16,1262.3999999999996,16,1262.1999999999994,move,improve
9606,16,1262.3999999999996,16,1262.1999999999994,2opt,notBad
9607,16,1262.3999999999996,16,1262.1999999999994,2opt,notBad
9608,16,1262.3999999999996,16,1262.1999999999994,swap,notBad
9609,16,1262.3999999999996,16,1262.1999999999994,move,improve
9610,16,1262.3999999999996,16,1262.1999999999994,2opt,notBad
9611,16,1262.3999999999996,16,1262.1999999999994,2opt,improve
9612,16,1262.3999999999996,16,1262.1999999999994,swap,notBad
9613,16,1262.3999999999996,16,1262.1999999999994,swap,notBad
9614,16,1262.3999999999996,16,1262.1999999999994,swap,notBad
9615,16,1262.3999999999996,16,1262.1999999999994,move,improve
9616,16,1262.3999999999996,16,1262.1999999999994,2opt,notBad
9617,16,1262.3999999999996,16,1262.1999999999994,2opt,notBad
9618,16,1262.3999999999996,16,1262.1999999999994,2opt,improve
9619,16,1262.3999999999996,16,1262.1999999999994,swap,notBad
9620,16,1262.3999999999996,16,1262.1999999999994,2opt,notBad
9621,16,1262.3999999999996,16,1262.1999999999994,move,improve
9622,16,1262.3999999999996,16,1262.1999999999994,swap,notBad
9623,16,1262.3999999999996,16,1262.1999999999994,2opt,improve
9624,16,1262.3999999999996,16,1262.1999999999994,move,improve
9625,16,1262.3999999999996,16,1262.1999999999994,2opt,notBad
9626,16,1262.3999999999996,16,1262.1999999999994,2opt,notBad
9627,16,1262.3999999999996,16,1262.1999999999994,2opt,notBad
9628,16,1262.3999999999996,16,1262.1999999999994,move,improve
9629,16,1262.3999999999996,16,1262.1999999999994,move,improve
9630,16,1262.3999999999996,16,1262.1999999999994,move,improve
9631,16,1262.3999999999996,16,1262.1999999999994,swap,notBad
9632,16,1262.3999999999996,16,1262.1999999999994,2opt,improve
9633,16,1262.3999999999996,16,1262.1999999999994,swap,notBad
9634,16,1262.3999999999996,16,1262.1999999999994,2opt,improve
9635,16,1262.3999999999996,16,1262.1999999999994,2opt,notBad
9636,16,1262.3999999999996,16,1262.1999999999994,swap,notBad
9637,16,1262.3999999999996,16,1262.1999999999994,swap,notBad
9638,16,1262.3999999999996,16,1262.1999999999994,2opt,notBad
9639,16,1262.3999999999996,16,1262.1999999999994,swap,notBad
9640,16,1262.3999999999996,16,1262.1999999999994,move,improve
9641,16,1262.3999999999996,16,1262.1999999999994,swap,notBad
9642,16,1262.3999999999996,16,1262.1999999999994,move,improve
9643,16,1262.3999999999996,16,1262.1999999999994,move,improve
9644,16,1262.3999999999996,16,1262.1999999999994,move,improve
9645,16,1262.3999999999996,16,1262.1999999999994,2opt,notBad
9646,16,1262.3999999999996,16,1262.1999999999994,swap,notBad
9647,16,1262.3999999999996,16,1262.1999999999994,move,improve
9648,16,1262.3999999999996,16,1262.1999999999994,move,improve
9649,16,1262.3999999999996,16,1262.1999999999994,2opt,notBad
9650,16,1262.3999999999996,16,1262.1999999999994,swap,notBad
9651,16,1262.3999999999996,16,1262.1999999999994,2opt,notBad
9652,16,1262.3999999999996,16,1262.1999999999994,move,improve
9653,16,1262.3999999999996,16,1262.1999999999994,swap,notBad
9654,16,1262.3999999999996,16,1262.1999999999994,move,improve
9655,16,1262.3999999999996,16,1262.1999999999994,2opt,improve
9656,16,1262.3999999999996,16,1262.1999999999994,2opt,notBad
9657,16,1262.3999999999996,16,1262.1999999999994,swap,notBad
9658,16,1262.3999999999996,16,1262.1999999999994,move,improve
9659,16,1262.3999999999996,16,1262.1999999999994,swap,notBad
9660,16,1262.3999999999996,16,1262.1999999999994,move,improve
9661,16,1262.3999999999996,16,1262.1999999999994,swap,notBad
9662,16,1262.3999999999996,16,1262.1999999999994,swap,notBad
9663,16,1262.3999999999996,16,1262.1999999999994,move,improve
9664,16,1262.3999999999996,16,1262.1999999999994,2opt,notBad
9665,16,1262.3999999999996,16,1262.1999999999994,move,improve
9666,16,1262.3999999999996,16,1262.1999999999994,move,improve
9667,16,1262.3999999999996,16,1262.1999999999994,swap,notBad
9668,16,1262.3999999999996,16,1262.1999999999994,move,improve
9669,16,1262.3999999999996,16,1262.1999999999994,move,improve
9670,16,1262.3999999999996,16,1262.1999999999994,swap,notBad
9671,16,1262.3999999999996,16,1262.1999999999994,swap,notBad
9672,16,1262.3999999999996,16,1262.1999999999994,2opt,notBad
9673,16,1262.3999999999996,16,1262.1999999999994,swap,notBad
9674,16,1262.3999999999996,16,1262.1999999999994,2opt,notBad
9675,16,1262.3999999999996,16,1262.1999999999994,move,improve
9676,16,1262.3999999999996,16,1262.1999999999994,2opt,notBad
9677,16,1262.3999999999996,16,1262.1999999999994,move,improve
9678,16,1262.3999999999996,16,1262.1999999999994,2opt,notBad
9679,16,1262.3999999999996,16,1262.1999999999994,move,improve
9680,16,1262.3999999999996,16,1262.1999999999994,swap,notBad
9681,16,1262.3999999999996,16,1262.1999999999994,move,improve
9682,16,1262.3999999999996,16,1262.1999999999994,move,improve
9683,16,1262.3999999999996,16,1262.1999999999994,swap,notBad
9684,16,1262.3999999999996,16,1262.1999999999994,move,improve
9685,16,1263.0999999999995,16,1262.1999999999994,swap,acceptBad
9686,16,1263.0999999999995,16,1262.1999999999994,move,improve
9687,16,1263.0999999999995,16,1262.1999999999994,swap,notBad
9688,16,1263.0999999999995,16,1262.1999999999994,swap,notBad
9689,16,1263.0999999999995,16,1262.1999999999994,move,improve
9690,16,1263.0999999999995,16,1262.1999999999994,swap,notBad
9691,16,1263.0999999999995,16,1262.1999999999994,move,improve
9692,16,1263.0999999999995,16,1262.1999999999994,swap,notBad
9693,16,1263.0999999999995,16,1262.1999999999994,2opt,notBad
9694,16,1263.0999999999995,16,1262.1999999999994,2opt,improve
9695,16,1263.0999999999995,16,1262.1999999999994,swap,notBad
9696,16,1263.0999999999995,16,1262.1999999999994,move,improve
9697,16,1263.0999999999995,16,1262.1999999999994,2opt,notBad
9698,16,1263.0999999999995,16,1262.1999999999994,move,improve
9699,16,1262.3999999999996,16,1262.1999999999994,move,improve
9700,16,1262.3999999999996,16,1262.1999999999994,2opt,notBad
9701,16,1262.3999999999996,16,1262.1999999999994,swap,notBad
9702,16,1262.3999999999996,16,1262.1999999999994,move,improve
9703,16,1262.3999999999996,16,1262.1999999999994,2opt,notBad
9704,16,1262.3999999999996,16,1262.1999999999994,2opt,notBad
9705,16,1262.3999999999996,16,1262.1999999999994,2opt,notBad
9706,16,1262.3999999999996,16,1262.1999999999994,move,improve
9707,16,1262.3999999999996,16,1262.1999999999994,2opt,notBad
9708,16,1262.3999999999996,16,1262.1999999999994,2opt,notBad
9709,16,1262.3999999999996,16,1262.1999999999994,2opt,notBad
9710,16,1262.3999999999996,16,1262.1999999999994,2opt,notBad
9711,16,1262.3999999999996,16,1262.1999999999994,swap,notBad
9712,16,1262.3999999999996,16,1262.1999999999994,move,improve
9713,16,1262.3999999999996,16,1262.1999999999994,2opt,notBad
9714,16,1262.3999999999996,16,1262.1999999999994,swap,notBad
9715,16,1262.3999999999996,16,1262.1999999999994,move,improve
9716,16,1262.3999999999996,16,1262.1999999999994,2opt,notBad
9717,16,1262.3999999999996,16,1262.1999999999994,swap,notBad
9718,16,1262.3999999999996,16,1262.1999999999994,move,improve
9719,16,1262.3999999999996,16,1262.1999999999994,2opt,notBad
9720,16,1262.3999999999996,16,1262.1999999999994,2opt,notBad
9721,16,1262.3999999999996,16,1262.1999999999994,2opt,notBad
9722,16,1262.3999999999996,16,1262.1999999999994,2opt,notBad
9723,16,1262.3999999999996,16,1262.1999999999994,swap,notBad
9724,16,1262.3999999999996,16,1262.1999999999994,2opt,notBad
9725,16,1262.3999999999996,16,1262.1999999999994,move,improve
9726,16,1262.3999999999996,16,1262.1999999999994,move,improve
9727,16,1262.3999999999996,16,1262.1999999999994,swap,notBad
9728,16,1262.3999999999996,16,1262.1999999999994,2opt,notBad
9729,16,1262.3999999999996,16,1262.1999999999994,swap,notBad
9730,16,1262.3999999999996,16,1262.1999999999994,swap,notBad
9731,16,1262.3999999999996,16,1262.1999999999994,swap,notBad
9732,16,1262.3999999999996,16,1262.1999999999994,swap,notBad
9733,16,1262.3999999999996,16,1262.1999999999994,swap,notBad
9734,16,1262.3999999999996,16,1262.1999999999994,2opt,notBad
9735,16,1262.3999999999996,16,1262.1999999999994,2opt,improve
9736,16,1262.3999999999996,16,1262.1999999999994,2opt,notBad
9737,16,1262.3999999999996,16,1262.1999999999994,move,improve
9738,16,1262.3999999999996,16,1262.1999999999994,2opt,notBad
9739,16,1262.3999999999996,16,1262.1999999999994,swap,notBad
9740,16,1262.3999999999996,16,1262.1999999999994,swap,notBad
9741,16,1262.3999999999996,16,1262.1999999999994,swap,notBad
9742,16,1262.3999999999996,16,1262.1999999999994,move,improve
9743,16,1262.3999999999996,16,1262.1999999999994,move,improve
9744,16,1262.3999999999996,16,1262.1999999999994,move,improve
9745,16,1262.3999999999996,16,1262.1999999999994,move,improve
9746,16,1262.3999999999996,16,1262.1999999999994,move,improve
9747,16,1262.3999999999996,16,1262.1999999999994,2opt,notBad
9748,16,1262.3999999999996,16,1262.1999999999994,2opt,notBad
9749,16,1262.3999999999996,16,1262.1999999999994,2opt,notBad
9750,16,1262.3999999999996,16,1262.1999999999994,swap,notBad
9751,16,1262.3999999999996,16,1262.1999999999994,move,improve
9752,16,1262.3999999999996,16,1262.1999999999994,move,improve
9753,16,1262.3999999999996,16,1262.1999999999994,2opt,notBad
9754,16,1262.3999999999996,16,1262.1999999999994,2opt,notBad
9755,16,1262.3999999999996,16,1262.1999999999994,move,improve
9756,16,1262.3999999999996,16,1262.1999999999994,swap,notBad
9757,16,1262.3999999999996,16,1262.1999999999994,move,improve
9758,16,1262.3999999999996,16,1262.1999999999994,2opt,notBad
9759,16,1262.3999999999996,16,1262.1999999999994,swap,notBad
9760,16,1262.3999999999996,16,1262.1999999999994,swap,notBad
9761,16,1262.3999999999996,16,1262.1999999999994,swap,notBad
9762,16,1262.3999999999996,16,1262.1999999999994,move,improve
9763,16,1262.3999999999996,16,1262.1999999999994,move,improve
9764,16,1262.3999999999996,16,1262.1999999999994,swap,notBad
9765,16,1262.3999999999996,16,1262.1999999999994,swap,notBad
9766,16,1262.3999999999996,16,1262.1999999999994,2opt,notBad
9767,16,1262.3999999999996,16,1262.1999999999994,move,improve
9768,16,1262.3999999999996,16,1262.1999999999994,2opt,notBad
9769,16,1262.3999999999996,16,1262.1999999999994,2opt,notBad
9770,16,1262.3999999999996,16,1262.1999999999994,swap,notBad
9771,16,1262.3999999999996,16,1262.1999999999994,swap,notBad
9772,16,1262.3999999999996,16,1262.1999999999994,2opt,notBad
9773,16,1262.3999999999996,16,1262.1999999999994,2opt,notBad
9774,16,1262.3999999999996,16,1262.1999999999994,swap,notBad
9775,16,1262.3999999999996,16,1262.1999999999994,move,improve
9776,16,1262.3999999999996,16,1262.1999999999994,move,improve
9777,16,1262.3999999999996,16,1262.1999999999994,swap,notBad
9778,16,1262.3999999999996,16,1262.1999999999994,move,improve
9779,16,1262.3999999999996,16,1262.1999999999994,swap,notBad
9780,16,1262.3999999999996,16,1262.1999999999994,swap,notBad
9781,16,1262.3999999999996,16,1262.1999999999994,2opt,notBad
9782,16,1262.3999999999996,16,1262.1999999999994,move,improve
9783,16,1262.3999999999996,16,1262.1999999999994,2opt,notBad
9784,16,1262.3999999999996,16,1262.1999999999994,swap,notBad
9785,16,1262.3999999999996,16,1262.1999999999994,swap,notBad
9786,16,1262.3999999999996,16,1262.1999999999994,swap,notBad
9787,16,1262.3999999999996,16,1262.1999999999994,move,improve
9788,16,1262.3999999999996,16,1262.1999999999994,2opt,improve
9789,16,1262.3999999999996,16,1262.1999999999994,swap,notBad
9790,16,1262.3999999999996,16,1262.1999999999994,move,improve
9791,16,1262.3999999999996,16,1262.1999999999994,swap,notBad
9792,16,1262.3999999999996,16,1262.1999999999994,swap,notBad
9793,16,1262.3999999999996,16,1262.1999999999994,move,improve
9794,16,1262.3999999999996,16,1262.1999999999994,move,improve
9795,16,1262.3999999999996,16,1262.1999999999994,move,improve
9796,16,1262.3999999999996,16,1262.1999999999994,2opt,notBad
9797,16,1262.3999999999996,16,1262.1999999999994,move,improve
9798,16,1262.3999999999996,16,1262.1999999999994,2opt,notBad
9799,16,1262.3999999999996,16,1262.1999999999994,swap,notBad
9800,16,1262.3999999999996,16,1262.1999999999994,2opt,notBad
9801,16,1262.3999999999996,16,1262.1999999999994,swap,notBad
9802,16,1262.3999999999996,16,1262.1999999999994,2opt,notBad
9803,16,1262.3999999999996,16,1262.1999999999994,2opt,notBad
9804,16,1262.3999999999996,16,1262.1999999999994,2opt,notBad
9805,16,1262.3999999999996,16,1262.1999999999994,2opt,notBad
9806,16,1262.3999999999996,16,1262.1999999999994,swap,notBad
9807,16,1262.3999999999996,16,1262.1999999999994,2opt,notBad
9808,16,1262.3999999999996,16,1262.1999999999994,swap,notBad
9809,16,1262.3999999999996,16,1262.1999999999994,2opt,notBad
9810,16,1262.3999999999996,16,1262.1999999999994,move,improve
9811,16,1262.3999999999996,16,1262.1999999999994,move,improve
9812,16,1262.3999999999996,16,1262.1999999999994,move,improve
9813,16,1262.3999999999996,16,1262.1999999999994,swap,notBad
9814,16,1262.3999999999996,16,1262.1999999999994,2opt,notBad
9815,16,1262.3999999999996,16,1262.1999999999994,move,improve
9816,16,1262.3999999999996,16,1262.1999999999994,move,improve
9817,16,1262.3999999999996,16,1262.1999999999994,swap,notBad
9818,16,1262.3999999999996,16,1262.1999999999994,2opt,notBad
9819,16,1262.3999999999996,16,1262.1999999999994,move,improve
9820,16,1262.3999999999996,16,1262.1999999999994,move,improve
9821,16,1262.3999999999996,16,1262.1999999999994,swap,notBad
9822,16,1262.3999999999996,16,1262.1999999999994,move,improve
9823,16,1262.3999999999996,16,1262.1999999999994,2opt,notBad
9824,16,1262.3999999999996,16,1262.1999999999994,move,improve
9825,16,1262.3999999999996,16,1262.1999999999994,move,improve
9826,16,1261.4999999999995,16,1261.4999999999995,move,newBest
9827,16,1262.1999999999996,16,1261.4999999999995,swap,acceptBad
9828,16,1262.1999999999996,16,1261.4999999999995,move,improve
9829,16,1262.1999999999996,16,1261.4999999999995,swap,notBad
9830,16,1262.1999999999996,16,1261.4999999999995,2opt,notBad
9831,16,1262.5999999999997,16,1261.4999999999995,swap,acceptBad
9832,16,1262.5999999999997,16,1261.4999999999995,2opt,notBad
9833,16,1262.5999999999997,16,1261.4999999999995,swap,notBad
9834,16,1262.5999999999997,16,1261.4999999999995,2opt,notBad
9835,16,1262.5999999999997,16,1261.4999999999995,swap,notBad
9836,16,1262.5999999999997,16,1261.4999999999995,move,improve
9837,16,1262.5999999999997,16,1261.4999999999995,swap,notBad
9838,16,1262.5999999999997,16,1261.4999999999995,swap,notBad
9839,16,1262.5999999999997,16,1261.4999999999995,2opt,notBad
9840,16,1262.5999999999997,16,1261.4999999999995,move,improve
9841,16,1262.5999999999997,16,1261.4999999999995,swap,notBad
9842,16,1262.5999999999997,16,1261.4999999999995,move,notBad
9843,16,1262.5999999999997,16,1261.4999999999995,2opt,notBad
9844,16,1262.5999999999997,16,1261.4999999999995,2opt,notBad
9845,16,1262.5999999999997,16,1261.4999999999995,swap,notBad
9846,16,1262.5999999999997,16,1261.4999999999995,swap,notBad
9847,16,1262.5999999999997,16,1261.4999999999995,swap,notBad
9848,16,1262.5999999999997,16,1261.4999999999995,swap,notBad
9849,16,1262.5999999999997,16,1261.4999999999995,move,improve
9850,16,1262.5999999999997,16,1261.4999999999995,move,improve
9851,16,1262.5999999999997,16,1261.4999999999995,2opt,notBad
9852,16,1262.5999999999997,16,1261.4999999999995,move,improve
9853,16,1262.5999999999997,16,1261.4999999999995,2opt,notBad
9854,16,1262.5999999999997,16,1261.4999999999995,move,improve
9855,16,1262.5999999999997,16,1261.4999999999995,2opt,notBad
9856,16,1262.5999999999997,16,1261.4999999999995,swap,notBad
9857,16,1262.5999999999997,16,1261.4999999999995,move,improve
9858,16,1262.5999999999997,16,1261.4999999999995,swap,notBad
9859,16,1262.5999999999997,16,1261.4999999999995,swap,notBad
9860,16,1262.5999999999997,16,1261.4999999999995,move,improve
9861,16,1262.5999999999997,16,1261.4999999999995,2opt,notBad
9862,16,1262.5999999999997,16,1261.4999999999995,2opt,notBad
9863,16,1262.5999999999997,16,1261.4999999999995,2opt,notBad
9864,16,1262.5999999999997,16,1261.4999999999995,move,improve
9865,16,1262.5999999999997,16,1261.4999999999995,move,improve
9866,16,1262.5999999999997,16,1261.4999999999995,swap,notBad
9867,16,1262.5999999999997,16,1261.4999999999995,2opt,notBad
9868,16,1262.5999999999997,16,1261.4999999999995,swap,notBad
9869,16,1261.8999999999996,16,1261.4999999999995,move,improve
9870,16,1261.8999999999996,16,1261.4999999999995,2opt,improve
9871,16,1261.8999999999996,16,1261.4999999999995,2opt,improve
9872,16,1261.8999999999996,16,1261.4999999999995,move,improve
9873,16,1261.8999999999996,16,1261.4999999999995,2opt,notBad
9874,16,1261.8999999999996,16,1261.4999999999995,swap,notBad
9875,16,1261.8999999999996,16,1261.4999999999995,swap,notBad
9876,16,1261.8999999999996,16,1261.4999999999995,2opt,notBad
9877,16,1261.8999999999996,16,1261.4999999999995,2opt,notBad
9878,16,1261.8999999999996,16,1261.4999999999995,2opt,notBad
9879,16,1261.8999999999996,16,1261.4999999999995,swap,notBad
9880,16,1261.8999999999996,16,1261.4999999999995,2opt,notBad
9881,16,1261.8999999999996,16,1261.4999999999995,swap,notBad
9882,16,1261.8999999999996,16,1261.4999999999995,move,improve
9883,16,1261.8999999999996,16,1261.4999999999995,2opt,notBad
9884,16,1261.8999999999996,16,1261.4999999999995,swap,notBad
9885,16,1261.8999999999996,16,1261.4999999999995,move,improve
9886,16,1261.8999999999996,16,1261.4999999999995,move,improve
9887,16,1261.8999999999996,16,1261.4999999999995,swap,notBad
9888,16,1261.8999999999996,16,1261.4999999999995,swap,notBad
9889,16,1261.8999999999996,16,1261.4999999999995,move,improve
9890,16,1261.8999999999996,16,1261.4999999999995,swap,notBad
9891,16,1261.8999999999996,16,1261.4999999999995,2opt,notBad
9892,16,1261.8999999999996,16,1261.4999999999995,move,improve
9893,16,1261.8999999999996,16,1261.4999999999995,move,improve
9894,16,1261.8999999999996,16,1261.4999999999995,move,improve
9895,16,1261.8999999999996,16,1261.4999999999995,swap,notBad
9896,16,1261.8999999999996,16,1261.4999999999995,2opt,improve
9897,16,1261.8999999999996,16,1261.4999999999995,move,improve
9898,16,1261.8999999999996,16,1261.4999999999995,move,improve
9899,16,1261.8999999999996,16,1261.4999999999995,2opt,notBad
9900,16,1261.8999999999996,16,1261.4999999999995,swap,notBad
9901,16,1261.8999999999996,16,1261.4999999999995,move,improve
9902,16,1261.8999999999996,16,1261.4999999999995,move,improve
9903,16,1261.8999999999996,16,1261.4999999999995,swap,notBad
9904,16,1261.8999999999996,16,1261.4999999999995,move,improve
9905,16,1261.8999999999996,16,1261.4999999999995,swap,notBad
9906,16,1261.8999999999996,16,1261.4999999999995,move,improve
9907,16,1261.8999999999996,16,1261.4999999999995,2opt,notBad
9908,16,1261.8999999999996,16,1261.4999999999995,2opt,notBad
9909,16,1261.8999999999996,16,1261.4999999999995,move,improve
9910,16,1261.8999999999996,16,1261.4999999999995,2opt,notBad
9911,16,1261.8999999999996,16,1261.4999999999995,move,improve
9912,16,1261.8999999999996,16,1261.4999999999995,move,improve
9913,16,1261.8999999999996,16,1261.4999999999995,2opt,improve
9914,16,1261.8999999999996,16,1261.4999999999995,move,improve
9915,16,1261.8999999999996,16,1261.4999999999995,2opt,notBad
9916,16,1261.8999999999996,16,1261.4999999999995,swap,notBad
9917,16,1261.8999999999996,16,1261.4999999999995,swap,notBad
9918,16,1261.8999999999996,16,1261.4999999999995,move,improve
9919,16,1261.8999999999996,16,1261.4999999999995,2opt,notBad
9920,16,1261.8999999999996,16,1261.4999999999995,2opt,improve
9921,16,1261.8999999999996,16,1261.4999999999995,swap,notBad
9922,16,1261.8999999999996,16,1261.4999999999995,2opt,notBad
9923,16,1261.8999999999996,16,1261.4999999999995,move,improve
9924,16,1261.8999999999996,16,1261.4999999999995,swap,notBad
9925,16,1261.8999999999996,16,1261.4999999999995,swap,notBad
9926,16,1261.8999999999996,16,1261.4999999999995,move,improve
9927,16,1261.8999999999996,16,1261.4999999999995,move,improve
9928,16,1261.8999999999996,16,1261.4999999999995,swap,notBad
9929,16,1261.8999999999996,16,1261.4999999999995,2opt,notBad
9930,16,1261.8999999999996,16,1261.4999999999995,2opt,notBad
9931,16,1261.8999999999996,16,1261.4999999999995,swap,notBad
9932,16,1261.8999999999996,16,1261.4999999999995,swap,notBad
9933,16,1261.8999999999996,16,1261.4999999999995,2opt,notBad
9934,16,1261.8999999999996,16,1261.4999999999995,2opt,notBad
9935,16,1261.8999999999996,16,1261.4999999999995,swap,notBad
9936,16,1261.8999999999996,16,1261.4999999999995,move,improve
9937,16,1261.8999999999996,16,1261.4999999999995,move,improve
9938,16,1261.8999999999996,16,1261.4999999999995,move,improve
9939,16,1261.8999999999996,16,1261.4999999999995,2opt,notBad
9940,16,1261.8999999999996,16,1261.4999999999995,2opt,improve
9941,16,1261.8999999999996,16,1261.4999999999995,move,improve
9942,16,1261.8999999999996,16,1261.4999999999995,move,improve
9943,16,1261.8999999999996,16,1261.4999999999995,swap,notBad
9944,16,1261.8999999999996,16,1261.4999999999995,move,improve
9945,16,1261.8999999999996,16,1261.4999999999995,swap,notBad
9946,16,1261.8999999999996,16,1261.4999999999995,move,improve
9947,16,1261.8999999999996,16,1261.4999999999995,move,improve
9948,16,1261.8999999999996,16,1261.4999999999995,swap,notBad
9949,16,1261.8999999999996,16,1261.4999999999995,2opt,notBad
9950,16,1261.8999999999996,16,1261.4999999999995,move,improve
9951,16,1261.8999999999996,16,1261.4999999999995,move,improve
9952,16,1260.8999999999996,16,1260.8999999999996,move,newBest
9953,16,1260.8999999999996,16,1260.8999999999996,swap,notBad
9954,16,1260.8999999999996,16,1260.8999999999996,move,improve
9955,16,1260.8999999999996,16,1260.8999999999996,swap,notBad
9956,16,1260.8999999999996,16,1260.8999999999996,2opt,notBad
9957,16,1260.8999999999996,16,1260.8999999999996,move,improve
9958,16,1260.8999999999996,16,1260.8999999999996,move,improve
9959,16,1260.8999999999996,16,1260.8999999999996,move,improve
9960,16,1260.8999999999996,16,1260.8999999999996,move,improve
9961,16,1260.8999999999996,16,1260.8999999999996,2opt,notBad
9962,16,1260.8999999999996,16,1260.8999999999996,swap,notBad
9963,16,1260.8999999999996,16,1260.8999999999996,2opt,notBad
9964,16,1260.8999999999996,16,1260.8999999999996,swap,notBad
9965,16,1260.8999999999996,16,1260.8999999999996,swap,notBad
9966,16,1260.8999999999996,16,1260.8999999999996,move,improve
9967,16,1260.8999999999996,16,1260.8999999999996,swap,notBad
9968,16,1260.8999999999996,16,1260.8999999999996,swap,notBad
9969,16,1260.8999999999996,16,1260.8999999999996,2opt,notBad
9970,16,1260.8999999999996,16,1260.8999999999996,swap,notBad
9971,16,1260.8999999999996,16,1260.8999999999996,swap,notBad
9972,16,1260.8999999999996,16,1260.8999999999996,move,improve
9973,16,1260.8999999999996,16,1260.8999999999996,swap,notBad
9974,16,1260.8999999999996,16,1260.8999999999996,move,improve
9975,16,1260.8999999999996,16,1260.8999999999996,move,improve
9976,16,1260.8999999999996,16,1260.8999999999996,swap,notBad
9977,16,1260.8999999999996,16,1260.8999999999996,move,improve
9978,16,1260.8999999999996,16,1260.8999999999996,move,improve
9979,16,1260.8999999999996,16,1260.8999999999996,move,improve
9980,16,1260.8999999999996,16,1260.8999999999996,move,improve
9981,16,1260.8999999999996,16,1260.8999999999996,move,improve
9982,16,1260.8999999999996,16,1260.8999999999996,move,improve
9983,16,1260.8999999999996,16,1260.8999999999996,2opt,notBad
9984,16,1260.8999999999996,16,1260.8999999999996,2opt,notBad
9985,16,1260.8999999999996,16,1260.8999999999996,move,improve
9986,16,1260.8999999999996,16,1260.8999999999996,swap,notBad
9987,16,1260.8999999999996,16,1260.8999999999996,move,improve
9988,16,1260.8999999999996,16,1260.8999999999996,move,improve
9989,16,1260.8999999999996,16,1260.8999999999996,swap,notBad
9990,16,1260.8999999999996,16,1260.8999999999996,2opt,notBad
9991,16,1260.8999999999996,16,1260.8999999999996,2opt,notBad
9992,16,1260.8999999999996,16,1260.8999999999996,move,improve
9993,16,1260.8999999999996,16,1260.8999999999996,2opt,notBad
9994,16,1260.8999999999996,16,1260.8999999999996,swap,notBad
9995,16,1260.8999999999996,16,1260.8999999999996,swap,notBad
9996,16,1260.8999999999996,16,1260.8999999999996,swap,notBad
9997,16,1260.8999999999996,16,1260.8999999999996,move,improve
9998,16,1260.8999999999996,16,1260.8999999999996,move,improve
9999,16,1260.8999999999996,16,1260.8999999999996,2opt,notBad
10000,16,1260.8999999999996,16,1260.8999999999996,2opt,notBad
10001,16,1260.8999999999996,16,1260.8999999999996,move,improve
10002,16,1260.8999999999996,16,1260.8999999999996,2opt,notBad
10003,16,1260.8999999999996,16,1260.8999999999996,swap,notBad
10004,16,1260.8999999999996,16,1260.8999999999996,2opt,notBad
10005,16,1260.8999999999996,16,1260.8999999999996,2opt,notBad
10006,16,1260.8999999999996,16,1260.8999999999996,2opt,notBad
10007,16,1260.8999999999996,16,1260.8999999999996,2opt,notBad
10008,16,1260.8999999999996,16,1260.8999999999996,2opt,notBad
10009,16,1260.8999999999996,16,1260.8999999999996,move,improve
10010,16,1260.8999999999996,16,1260.8999999999996,move,improve
10011,16,1260.8999999999996,16,1260.8999999999996,swap,notBad
10012,16,1260.8999999999996,16,1260.8999999999996,move,improve
10013,16,1260.8999999999996,16,1260.8999999999996,move,improve
10014,16,1260.8999999999996,16,1260.8999999999996,swap,notBad
10015,16,1260.8999999999996,16,1260.8999999999996,swap,notBad
10016,16,1260.8999999999996,16,1260.8999999999996,swap,notBad
10017,16,1260.8999999999996,16,1260.8999999999996,swap,notBad
10018,16,1260.8999999999996,16,1260.8999999999996,move,improve
10019,16,1260.8999999999996,16,1260.8999999999996,move,improve
10020,16,1260.8999999999996,16,1260.8999999999996,2opt,notBad
10021,16,1260.8999999999996,16,1260.8999999999996,move,improve
10022,16,1260.8999999999996,16,1260.8999999999996,swap,notBad
10023,16,1260.8999999999996,16,1260.8999999999996,swap,notBad
10024,16,1260.8999999999996,16,1260.8999999999996,swap,notBad
10025,16,1260.8999999999996,16,1260.8999999999996,2opt,notBad
10026,16,1260.8999999999996,16,1260.8999999999996,move,improve
10027,16,1260.8999999999996,16,1260.8999999999996,swap,notBad
10028,16,1260.8999999999996,16,1260.8999999999996,2opt,notBad
10029,16,1260.8999999999996,16,1260.8999999999996,swap,notBad
10030,16,1260.8999999999996,16,1260.8999999999996,move,improve
10031,16,1260.8999999999996,16,1260.8999999999996,move,improve
10032,16,1260.8999999999996,16,1260.8999999999996,move,improve
10033,16,1260.8999999999996,16,1260.8999999999996,2opt,notBad
10034,16,1260.8999999999996,16,1260.8999999999996,move,improve
10035,16,1260.8999999999996,16,1260.8999999999996,2opt,notBad
10036,16,1260.8999999999996,16,1260.8999999999996,move,improve
10037,16,1260.8999999999996,16,1260.8999999999996,move,improve
10038,16,1260.8999999999996,16,1260.8999999999996,move,improve
10039,16,1260.8999999999996,16,1260.8999999999996,move,improve
10040,16,1260.8999999999996,16,1260.8999999999996,2opt,notBad
10041,16,1260.8999999999996,16,1260.8999999999996,move,improve
10042,16,1260.8999999999996,16,1260.8999999999996,swap,notBad
10043,16,1260.8999999999996,16,1260.8999999999996,2opt,notBad
10044,16,1260.8999999999996,16,1260.8999999999996,2opt,notBad
10045,16,1260.8999999999996,16,1260.8999999999996,swap,notBad
10046,16,1260.8999999999996,16,1260.8999999999996,move,improve
10047,16,1260.8999999999996,16,1260.8999999999996,swap,notBad
10048,16,1260.8999999999996,16,1260.8999999999996,2opt,notBad
10049,16,1260.8999999999996,16,1260.8999999999996,2opt,notBad
10050,16,1260.8999999999996,16,1260.8999999999996,swap,notBad
10051,16,1260.8999999999996,16,1260.8999999999996,move,improve
10052,16,1260.8999999999996,16,1260.8999999999996,swap,notBad
10053,16,1260.8999999999996,16,1260.8999999999996,2opt,notBad
10054,16,1261.2999999999997,16,1260.8999999999996,swap,acceptBad
10055,16,1261.2999999999997,16,1260.8999999999996,move,improve
10056,16,1261.2999999999997,16,1260.8999999999996,move,notBad
10057,16,1261.2999999999997,16,1260.8999999999996,move,improve
10058,16,1261.2999999999997,16,1260.8999999999996,move,improve
10059,16,1261.2999999999997,16,1260.8999999999996,move,improve
10060,16,1261.2999999999997,16,1260.8999999999996,2opt,notBad
10061,16,1261.2999999999997,16,1260.8999999999996,swap,notBad
10062,16,1261.2999999999997,16,1260.8999999999996,move,improve
10063,16,1261.2999999999997,16,1260.8999999999996,move,improve
10064,16,1261.2999999999997,16,1260.8999999999996,swap,notBad
10065,16,1261.2999999999997,16,1260.8999999999996,swap,notBad
10066,16,1261.2999999999997,16,1260.8999999999996,swap,notBad
10067,16,1261.2999999999997,16,1260.8999999999996,swap,notBad
10068,16,1261.2999999999997,16,1260.8999999999996,move,improve
10069,16,1261.2999999999997,16,1260.8999999999996,swap,notBad
10070,16,1261.2999999999997,16,1260.8999999999996,2opt,notBad
10071,16,1261.2999999999997,16,1260.8999999999996,2opt,notBad
10072,16,1261.2999999999997,16,1260.8999999999996,move,improve
10073,16,1261.2999999999997,16,1260.8999999999996,move,improve
10074,16,1261.2999999999997,16,1260.8999999999996,move,improve
10075,16,1261.2999999999997,16,1260.8999999999996,2opt,improve
10076,16,1261.2999999999997,16,1260.8999999999996,2opt,notBad
10077,16,1261.2999999999997,16,1260.8999999999996,move,improve
10078,16,1261.2999999999997,16,1260.8999999999996,swap,notBad
10079,16,1261.2999999999997,16,1260.8999999999996,2opt,notBad
10080,16,1261.2999999999997,16,1260.8999999999996,swap,notBad
10081,16,1261.2999999999997,16,1260.8999999999996,move,improve
10082,16,1261.2999999999997,16,1260.8999999999996,move,improve
10083,16,1261.2999999999997,16,1260.8999999999996,2opt,notBad
10084,16,1261.2999999999997,16,1260.8999999999996,move,improve
10085,16,1261.2999999999997,16,1260.8999999999996,swap,notBad
10086,16,1261.2999999999997,16,1260.8999999999996,swap,notBad
10087,16,1261.2999999999997,16,1260.8999999999996,2opt,notBad
10088,16,1261.2999999999997,16,1260.8999999999996,move,improve
10089,16,1261.2999999999997,16,1260.8999999999996,move,improve
10090,16,1261.2999999999997,16,1260.8999999999996,2opt,notBad
10091,16,1261.2999999999997,16,1260.8999999999996,move,improve
10092,16,1261.2999999999997,16,1260.8999999999996,move,improve
10093,16,1261.2999999999997,16,1260.8999999999996,swap,notBad
10094,16,1261.2999999999997,16,1260.8999999999996,2opt,improve
10095,16,1261.2999999999997,16,1260.8999999999996,swap,notBad
10096,16,1261.2999999999997,16,1260.8999999999996,swap,notBad
10097,16,1261.2999999999997,16,1260.8999999999996,swap,notBad
10098,16,1261.2999999999997,16,1260.8999999999996,move,improve
10099,16,1261.2999999999997,16,1260.8999999999996,move,improve
10100,16,1261.2999999999997,16,1260.8999999999996,swap,notBad
10101,16,1261.2999999999997,16,1260.8999999999996,2opt,notBad
10102,16,1261.2999999999997,16,1260.8999999999996,2opt,notBad
10103,16,1261.2999999999997,16,1260.8999999999996,move,improve
10104,16,1261.2999999999997,16,1260.8999999999996,move,improve
10105,16,1261.2999999999997,16,1260.8999999999996,2opt,notBad
10106,16,1261.2999999999997,16,1260.8999999999996,swap,notBad
10107,16,1261.2999999999997,16,1260.8999999999996,move,improve
10108,16,1261.2999999999997,16,1260.8999999999996,swap,notBad
10109,16,1261.2999999999997,16,1260.8999999999996,swap,notBad
10110,16,1261.2999999999997,16,1260.8999999999996,move,improve
10111,16,1261.2999999999997,16,1260.8999999999996,2opt,notBad
10112,16,1261.2999999999997,16,1260.8999999999996,move,improve
10113,16,1261.2999999999997,16,1260.8999999999996,swap,notBad
10114,16,1261.2999999999997,16,1260.8999999999996,2opt,notBad
10115,16,1261.2999999999997,16,1260.8999999999996,swap,notBad
10116,16,1261.2999999999997,16,1260.8999999999996,swap,notBad
10117,16,1261.2999999999997,16,1260.8999999999996,move,improve
10118,16,1261.2999999999997,16,1260.8999999999996,2opt,notBad
10119,16,1261.2999999999997,16,1260.8999999999996,move,improve
10120,16,1261.2999999999997,16,1260.8999999999996,swap,notBad
10121,16,1261.2999999999997,16,1260.8999999999996,swap,notBad
10122,16,1261.2999999999997,16,1260.8999999999996,2opt,notBad
10123,16,1261.2999999999997,16,1260.8999999999996,2opt,notBad
10124,16,1261.2999999999997,16,1260.8999999999996,2opt,notBad
10125,16,1261.2999999999997,16,1260.8999999999996,swap,notBad
10126,16,1261.2999999999997,16,1260.8999999999996,swap,notBad
10127,16,1261.2999999999997,16,1260.8999999999996,swap,notBad
10128,16,1261.2999999999997,16,1260.8999999999996,swap,notBad
10129,16,1261.2999999999997,16,1260.8999999999996,swap,notBad
10130,16,1261.2999999999997,16,1260.8999999999996,2opt,notBad
10131,16,1261.2999999999997,16,1260.8999999999996,swap,notBad
10132,16,1261.2999999999997,16,1260.8999999999996,swap,notBad
10133,16,1261.2999999999997,16,1260.8999999999996,2opt,notBad
10134,16,1261.2999999999997,16,1260.8999999999996,swap,notBad
10135,16,1261.2999999999997,16,1260.8999999999996,2opt,notBad
10136,16,1261.2999999999997,16,1260.8999999999996,2opt,notBad
10137,16,1261.2999999999997,16,1260.8999999999996,move,improve
10138,16,1261.2999999999997,16,1260.8999999999996,swap,notBad
10139,16,1261.2999999999997,16,1260.8999999999996,2opt,notBad
10140,16,1261.2999999999997,16,1260.8999999999996,swap,notBad
10141,16,1261.2999999999997,16,1260.8999999999996,move,improve
10142,16,1261.2999999999997,16,1260.8999999999996,2opt,notBad
10143,16,1261.2999999999997,16,1260.8999999999996,swap,notBad
10144,16,1261.2999999999997,16,1260.8999999999996,move,improve
10145,16,1261.2999999999997,16,1260.8999999999996,2opt,notBad
10146,16,1261.2999999999997,16,1260.8999999999996,2opt,notBad
10147,16,1261.2999999999997,16,1260.8999999999996,2opt,notBad
10148,16,1261.2999999999997,16,1260.8999999999996,2opt,notBad
10149,16,1261.2999999999997,16,1260.8999999999996,move,improve
10150,16,1261.2999999999997,16,1260.8999999999996,swap,notBad
10151,16,1261.2999999999997,16,1260.8999999999996,swap,notBad
10152,16,1261.2999999999997,16,1260.8999999999996,swap,notBad
10153,16,1261.2999999999997,16,1260.8999999999996,2opt,notBad
10154,16,1261.2999999999997,16,1260.8999999999996,swap,notBad
10155,16,1261.2999999999997,16,1260.8999999999996,move,improve
10156,16,1261.2999999999997,16,1260.8999999999996,2opt,notBad
10157,16,1261.2999999999997,16,1260.8999999999996,2opt,notBad
10158,16,1261.2999999999997,16,1260.8999999999996,swap,notBad
10159,16,1261.2999999999997,16,1260.8999999999996,2opt,notBad
10160,16,1261.2999999999997,16,1260.8999999999996,move,improve
10161,16,1261.2999999999997,16,1260.8999999999996,move,improve
10162,16,1261.2999999999997,16,1260.8999999999996,2opt,notBad
10163,16,1261.2999999999997,16,1260.8999999999996,2opt,notBad
10164,16,1261.2999999999997,16,1260.8999999999996,swap,notBad
10165,16,1261.2999999999997,16,1260.8999999999996,swap,notBad
10166,16,1261.2999999999997,16,1260.8999999999996,move,improve
10167,16,1261.2999999999997,16,1260.8999999999996,swap,notBad
10168,16,1261.2999999999997,16,1260.8999999999996,2opt,notBad
10169,16,1261.2999999999997,16,1260.8999999999996,swap,notBad
10170,16,1261.2999999999997,16,1260.8999999999996,2opt,notBad
10171,16,1261.2999999999997,16,1260.8999999999996,swap,notBad
10172,16,1261.2999999999997,16,1260.8999999999996,2opt,notBad
10173,16,1261.2999999999997,16,1260.8999999999996,move,improve
10174,16,1261.1999999999996,16,1260.8999999999996,move,improve
10175,16,1261.1999999999996,16,1260.8999999999996,2opt,notBad
10176,16,1261.1999999999996,16,1260.8999999999996,move,improve
10177,16,1261.1999999999996,16,1260.8999999999996,swap,notBad
10178,16,1261.1999999999996,16,1260.8999999999996,move,improve
10179,16,1261.1999999999996,16,1260.8999999999996,swap,notBad
10180,16,1261.1999999999996,16,1260.8999999999996,move,improve
10181,16,1261.1999999999996,16,1260.8999999999996,move,improve
10182,16,1261.1999999999996,16,1260.8999999999996,2opt,improve
10183,16,1261.1999999999996,16,1260.8999999999996,swap,notBad
10184,16,1261.1999999999996,16,1260.8999999999996,move,improve
10185,16,1261.1999999999996,16,1260.8999999999996,2opt,notBad
10186,16,1261.1999999999996,16,1260.8999999999996,move,improve
10187,16,1261.1999999999996,16,1260.8999999999996,swap,notBad
10188,16,1261.1999999999996,16,1260.8999999999996,swap,notBad
10189,16,1261.1999999999996,16,1260.8999999999996,swap,notBad
10190,16,1261.1999999999996,16,1260.8999999999996,2opt,notBad
10191,16,1261.1999999999996,16,1260.8999999999996,move,improve
10192,16,1261.1999999999996,16,1260.8999999999996,move,improve
10193,16,1261.1999999999996,16,1260.8999999999996,swap,notBad
10194,16,1261.1999999999996,16,1260.8999999999996,move,improve
10195,16,1261.1999999999996,16,1260.8999999999996,swap,notBad
10196,16,1261.1999999999996,16,1260.8999999999996,2opt,notBad
10197,16,1261.1999999999996,16,1260.8999999999996,2opt,notBad
10198,16,1261.1999999999996,16,1260.8999999999996,swap,notBad
10199,16,1261.1999999999996,16,1260.8999999999996,move,improve
10200,16,1261.1999999999996,16,1260.8999999999996,2opt,notBad
10201,16,1261.1999999999996,16,1260.8999999999996,2opt,notBad
10202,16,1261.1999999999996,16,1260.8999999999996,swap,notBad
10203,16,1261.1999999999996,16,1260.8999999999996,move,improve
10204,16,1261.1999999999996,16,1260.8999999999996,move,improve
10205,16,1261.1999999999996,16,1260.8999999999996,2opt,notBad
10206,16,1261.1999999999996,16,1260.8999999999996,move,improve
10207,16,1261.1999999999996,16,1260.8999999999996,2opt,notBad
10208,16,1261.1999999999996,16,1260.8999999999996,2opt,notBad
10209,16,1261.1999999999996,16,1260.8999999999996,move,improve
10210,16,1261.1999999999996,16,1260.8999999999996,move,improve
10211,16,1261.1999999999996,16,1260.8999999999996,swap,notBad
10212,16,1260.8999999999996,16,1260.8999999999996,move,improve
10213,16,1260.8999999999996,16,1260.8999999999996,2opt,notBad
10214,16,1260.8999999999996,16,1260.8999999999996,2opt,notBad
10215,16,1260.8999999999996,16,1260.8999999999996,swap,notBad
10216,16,1260.8999999999996,16,1260.8999999999996,swap,notBad
10217,16,1260.8999999999996,16,1260.8999999999996,swap,notBad
10218,16,1260.8999999999996,16,1260.8999999999996,2opt,improve
10219,16,1260.8999999999996,16,1260.8999999999996,swap,notBad
10220,16,1260.8999999999996,16,1260.8999999999996,move,improve
10221,16,1260.8999999999996,16,1260.8999999999996,move,improve
10222,16,1260.8999999999996,16,1260.8999999999996,move,improve
10223,16,1260.8999999999996,16,1260.8999999999996,move,improve
10224,16,1260.8999999999996,16,1260.8999999999996,2opt,notBad
10225,16,1260.8999999999996,16,1260.8999999999996,move,improve
10226,16,1260.8999999999996,16,1260.8999999999996,swap,notBad
10227,16,1260.8999999999996,16,1260.8999999999996,move,improve
10228,16,1260.8999999999996,16,1260.8999999999996,move,improve
10229,16,1260.8999999999996,16,1260.8999999999996,2opt,notBad
10230,16,1260.8999999999996,16,1260.8999999999996,swap,notBad
10231,16,1260.8999999999996,16,1260.8999999999996,move,improve
10232,16,1260.8999999999996,16,1260.8999999999996,swap,notBad
10233,16,1260.8999999999996,16,1260.8999999999996,swap,notBad
10234,16,1260.8999999999996,16,1260.8999999999996,move,improve
10235,16,1260.8999999999996,16,1260.8999999999996,move,improve
10236,16,1260.8999999999996,16,1260.8999999999996,move,improve
10237,16,1260.8999999999996,16,1260.8999999999996,swap,notBad
10238,16,1260.8999999999996,16,1260.8999999999996,2opt,notBad
10239,16,1260.8999999999996,16,1260.8999999999996,2opt,improve
10240,16,1260.8999999999996,16,1260.8999999999996,swap,notBad
10241,16,1260.8999999999996,16,1260.8999999999996,move,improve
10242,16,1260.8999999999996,16,1260.8999999999996,swap,notBad
10243,16,1260.8999999999996,16,1260.8999999999996,move,improve
10244,16,1260.8999999999996,16,1260.8999999999996,2opt,notBad
10245,16,1260.8999999999996,16,1260.8999999999996,swap,notBad
10246,16,1260.8999999999996,16,1260.8999999999996,swap,notBad
10247,16,1260.8999999999996,16,1260.8999999999996,move,improve
10248,16,1260.8999999999996,16,1260.8999999999996,2opt,notBad
10249,16,1260.8999999999996,16,1260.8999999999996,move,improve
10250,16,1260.8999999999996,16,1260.8999999999996,move,improve
10251,16,1260.8999999999996,16,1260.8999999999996,2opt,notBad
10252,16,1260.8999999999996,16,1260.8999999999996,swap,notBad
10253,16,1260.8999999999996,16,1260.8999999999996,move,improve
10254,16,1260.8999999999996,16,1260.8999999999996,2opt,notBad
10255,16,1260.8999999999996,16,1260.8999999999996,swap,notBad
10256,16,1260.8999999999996,16,1260.8999999999996,swap,notBad
10257,16,1260.8999999999996,16,1260.8999999999996,move,improve
10258,16,1260.8999999999996,16,1260.8999999999996,swap,notBad
10259,16,1260.8999999999996,16,1260.8999999999996,move,improve
10260,16,1260.8999999999996,16,1260.8999999999996,swap,notBad
10261,16,1260.8999999999996,16,1260.8999999999996,2opt,notBad
10262,16,1260.8999999999996,16,1260.8999999999996,swap,notBad
10263,16,1260.8999999999996,16,1260.8999999999996,move,improve
10264,16,1260.8999999999996,16,1260.8999999999996,2opt,notBad
10265,16,1260.8999999999996,16,1260.8999999999996,swap,notBad
10266,16,1260.8999999999996,16,1260.8999999999996,move,improve
10267,16,1260.8999999999996,16,1260.8999999999996,swap,notBad
10268,16,1260.8999999999996,16,1260.8999999999996,swap,notBad
10269,16,1260.8999999999996,16,1260.8999999999996,swap,notBad
10270,16,1260.8999999999996,16,1260.8999999999996,swap,notBad
10271,16,1260.8999999999996,16,1260.8999999999996,swap,notBad
10272,16,1260.8999999999996,16,1260.8999999999996,move,improve
10273,16,1260.8999999999996,16,1260.8999999999996,swap,notBad
10274,16,1260.8999999999996,16,1260.8999999999996,swap,notBad
10275,16,1260.8999999999996,16,1260.8999999999996,2opt,notBad
10276,16,1260.8999999999996,16,1260.8999999999996,swap,notBad
10277,16,1260.8999999999996,16,1260.8999999999996,2opt,notBad
10278,16,1260.8999999999996,16,1260.8999999999996,swap,notBad
10279,16,1260.8999999999996,16,1260.8999999999996,2opt,notBad
10280,16,1260.8999999999996,16,1260.8999999999996,swap,notBad
10281,16,1260.8999999999996,16,1260.8999999999996,2opt,notBad
10282,16,1260.8999999999996,16,1260.8999999999996,move,improve
10283,16,1260.8999999999996,16,1260.8999999999996,move,improve
10284,16,1260.8999999999996,16,1260.8999999999996,move,improve
10285,16,1260.8999999999996,16,1260.8999999999996,swap,notBad
10286,16,1260.8999999999996,16,1260.8999999999996,swap,notBad
10287,16,1260.8999999999996,16,1260.8999999999996,move,improve
10288,16,1260.8999999999996,16,1260.8999999999996,swap,notBad
10289,16,1260.8999999999996,16,1260.8999999999996,2opt,improve
10290,16,1260.8999999999996,16,1260.8999999999996,swap,notBad
10291,16,1260.8999999999996,16,1260.8999999999996,2opt,improve
10292,16,1260.8999999999996,16,1260.8999999999996,swap,notBad
10293,16,1260.8999999999996,16,1260.8999999999996,2opt,notBad
10294,16,1260.8999999999996,16,1260.8999999999996,swap,notBad
10295,16,1260.8999999999996,16,1260.8999999999996,2opt,notBad
10296,16,1260.8999999999996,16,1260.8999999999996,2opt,notBad
10297,16,1260.8999999999996,16,1260.8999999999996,swap,notBad
10298,16,1260.8999999999996,16,1260.8999999999996,move,improve
10299,16,1260.8999999999996,16,1260.8999999999996,move,improve
10300,16,1260.8999999999996,16,1260.8999999999996,2opt,notBad
10301,16,1260.8999999999996,16,1260.8999999999996,2opt,notBad
10302,16,1260.8999999999996,16,1260.8999999999996,swap,notBad
10303,16,1260.8999999999996,16,1260.8999999999996,2opt,improve
10304,16,1260.8999999999996,16,1260.8999999999996,2opt,notBad
10305,16,1260.8999999999996,16,1260.8999999999996,2opt,notBad
10306,16,1260.8999999999996,16,1260.8999999999996,swap,notBad
10307,16,1260.8999999999996,16,1260.8999999999996,move,improve
10308,16,1260.8999999999996,16,1260.8999999999996,2opt,notBad
10309,16,1260.8999999999996,16,1260.8999999999996,swap,notBad
10310,16,1260.8999999999996,16,1260.8999999999996,swap,notBad
10311,16,1260.8999999999996,16,1260.8999999999996,swap,notBad
10312,16,1260.8999999999996,16,1260.8999999999996,move,improve
10313,16,1260.8999999999996,16,1260.8999999999996,2opt,notBad
10314,16,1260.8999999999996,16,1260.8999999999996,move,improve
10315,16,1260.8999999999996,16,1260.8999999999996,move,improve
10316,16,1260.8999999999996,16,1260.8999999999996,swap,notBad
10317,16,1260.8999999999996,16,1260.8999999999996,swap,notBad
10318,16,1260.8999999999996,16,1260.8999999999996,move,improve
10319,16,1260.8999999999996,16,1260.8999999999996,swap,notBad
10320,16,1260.8999999999996,16,1260.8999999999996,2opt,notBad
10321,16,1260.8999999999996,16,1260.8999999999996,move,improve
10322,16,1260.8999999999996,16,1260.8999999999996,2opt,notBad
10323,16,1260.8999999999996,16,1260.8999999999996,swap,notBad
10324,16,1260.8999999999996,16,1260.8999999999996,2opt,notBad
10325,16,1260.8999999999996,16,1260.8999999999996,2opt,notBad
10326,16,1260.8999999999996,16,1260.8999999999996,swap,notBad
10327,16,1260.8999999999996,16,1260.8999999999996,move,improve
10328,16,1260.8999999999996,16,1260.8999999999996,move,improve
10329,16,1260.8999999999996,16,1260.8999999999996,2opt,notBad
10330,16,1260.8999999999996,16,1260.8999999999996,2opt,notBad
10331,16,1260.8999999999996,16,1260.8999999999996,move,improve
10332,16,1260.8999999999996,16,1260.8999999999996,2opt,improve
10333,16,1260.8999999999996,16,1260.8999999999996,move,improve
10334,16,1260.8999999999996,16,1260.8999999999996,move,improve
10335,16,1260.8999999999996,16,1260.8999999999996,swap,notBad
10336,16,1260.8999999999996,16,1260.8999999999996,move,improve
10337,16,1260.8999999999996,16,1260.8999999999996,swap,notBad
10338,16,1260.8999999999996,16,1260.8999999999996,move,improve
10339,16,1260.8999999999996,16,1260.8999999999996,move,improve
10340,16,1260.8999999999996,16,1260.8999999999996,move,improve
10341,16,1260.8999999999996,16,1260.8999999999996,2opt,improve
10342,16,1260.8999999999996,16,1260.8999999999996,move,improve
10343,16,1260.8999999999996,16,1260.8999999999996,move,improve
10344,16,1260.8999999999996,16,1260.8999999999996,swap,notBad
10345,16,1260.8999999999996,16,1260.8999999999996,2opt,notBad
10346,16,1260.8999999999996,16,1260.8999999999996,swap,notBad
10347,16,1260.8999999999996,16,1260.8999999999996,swap,notBad
10348,16,1260.8999999999996,16,1260.8999999999996,2opt,notBad
10349,16,1260.8999999999996,16,1260.8999999999996,move,improve
10350,16,1260.8999999999996,16,1260.8999999999996,move,improve
10351,16,1260.8999999999996,16,1260.8999999999996,2opt,notBad
10352,16,1260.8999999999996,16,1260.8999999999996,swap,notBad
10353,16,1260.8999999999996,16,1260.8999999999996,move,improve
10354,16,1260.8999999999996,16,1260.8999999999996,move,improve
10355,16,1260.8999999999996,16,1260.8999999999996,swap,notBad
10356,16,1260.8999999999996,16,1260.8999999999996,swap,notBad
10357,16,1260.8999999999996,16,1260.8999999999996,swap,notBad
10358,16,1260.8999999999996,16,1260.8999999999996,2opt,notBad
10359,16,1260.8999999999996,16,1260.8999999999996,move,improve
10360,16,1260.8999999999996,16,1260.8999999999996,move,notBad
10361,16,1260.8999999999996,16,1260.8999999999996,2opt,notBad
10362,16,1260.8999999999996,16,1260.8999999999996,swap,notBad
10363,16,1260.8999999999996,16,1260.8999999999996,move,improve
10364,16,1260.8999999999996,16,1260.8999999999996,move,improve
10365,16,1260.8999999999996,16,1260.8999999999996,swap,notBad
10366,16,1260.8999999999996,16,1260.8999999999996,move,improve
10367,16,1260.8999999999996,16,1260.8999999999996,swap,notBad
10368,16,1260.8999999999996,16,1260.8999999999996,2opt,notBad
10369,16,1260.8999999999996,16,1260.8999999999996,move,improve
10370,16,1260.8999999999996,16,1260.8999999999996,2opt,notBad
10371,16,1261.2999999999997,16,1260.8999999999996,swap,acceptBad
10372,16,1261.2999999999997,16,1260.8999999999996,2opt,notBad
10373,16,1261.2999999999997,16,1260.8999999999996,2opt,notBad
10374,16,1261.2999999999997,16,1260.8999999999996,swap,notBad
10375,16,1261.2999999999997,16,1260.8999999999996,swap,notBad
10376,16,1261.2999999999997,16,1260.8999999999996,move,improve
10377,16,1261.2999999999997,16,1260.8999999999996,move,improve
10378,16,1261.2999999999997,16,1260.8999999999996,2opt,improve
10379,16,1261.2999999999997,16,1260.8999999999996,swap,notBad
10380,16,1261.2999999999997,16,1260.8999999999996,swap,notBad
10381,16,1261.2999999999997,16,1260.8999999999996,swap,notBad
10382,16,1261.2999999999997,16,1260.8999999999996,move,improve
10383,16,1261.2999999999997,16,1260.8999999999996,move,improve
10384,16,1261.2999999999997,16,1260.8999999999996,move,improve
10385,16,1261.2999999999997,16,1260.8999999999996,2opt,notBad
10386,16,1261.2999999999997,16,1260.8999999999996,swap,notBad
10387,16,1261.2999999999997,16,1260.8999999999996,swap,notBad
10388,16,1261.2999999999997,16,1260.8999999999996,swap,notBad
10389,16,1261.2999999999997,16,1260.8999999999996,2opt,notBad
10390,16,1261.2999999999997,16,1260.8999999999996,move,improve
10391,16,1261.2999999999997,16,1260.8999999999996,move,improve
10392,16,1261.2999999999997,16,1260.8999999999996,swap,notBad
10393,16,1261.2999999999997,16,1260.8999999999996,swap,notBad
10394,16,1261.2999999999997,16,1260.8999999999996,move,improve
10395,16,1261.2999999999997,16,1260.8999999999996,2opt,notBad
10396,16,1261.2999999999997,16,1260.8999999999996,2opt,improve
10397,16,1261.2999999999997,16,1260.8999999999996,2opt,notBad
10398,16,1261.2999999999997,16,1260.8999999999996,move,improve
10399,16,1261.2999999999997,16,1260.8999999999996,2opt,notBad
10400,16,1261.2999999999997,16,1260.8999999999996,move,improve
10401,16,1261.2999999999997,16,1260.8999999999996,swap,notBad
10402,16,1261.2999999999997,16,1260.8999999999996,move,improve
10403,16,1261.2999999999997,16,1260.8999999999996,move,improve
10404,16,1261.2999999999997,16,1260.8999999999996,swap,notBad
10405,16,1261.2999999999997,16,1260.8999999999996,swap,notBad
10406,16,1261.2999999999997,16,1260.8999999999996,move,improve
10407,16,1261.2999999999997,16,1260.8999999999996,2opt,notBad
10408,16,1261.2999999999997,16,1260.8999999999996,move,improve
10409,16,1261.2999999999997,16,1260.8999999999996,2opt,notBad
10410,16,1261.2999999999997,16,1260.8999999999996,swap,notBad
10411,16,1261.2999999999997,16,1260.8999999999996,swap,notBad
10412,16,1261.2999999999997,16,1260.8999999999996,swap,notBad
10413,16,1261.2999999999997,16,1260.8999999999996,swap,notBad
10414,16,1261.2999999999997,16,1260.8999999999996,move,improve
10415,16,1261.2999999999997,16,1260.8999999999996,swap,notBad
10416,16,1261.2999999999997,16,1260.8999999999996,move,improve
10417,16,1261.2999999999997,16,1260.8999999999996,2opt,improve
10418,16,1261.2999999999997,16,1260.8999999999996,2opt,notBad
10419,16,1261.2999999999997,16,1260.8999999999996,swap,notBad
10420,16,1261.2999999999997,16,1260.8999999999996,2opt,notBad
10421,16,1261.2999999999997,16,1260.8999999999996,move,improve
10422,16,1261.2999999999997,16,1260.8999999999996,2opt,notBad
10423,16,1261.2999999999997,16,1260.8999999999996,move,improve
10424,16,1261.2999999999997,16,1260.8999999999996,move,improve
10425,16,1261.2999999999997,16,1260.8999999999996,2opt,notBad
10426,16,1261.2999999999997,16,1260.8999999999996,move,improve
10427,16,1261.2999999999997,16,1260.8999999999996,2opt,notBad
10428,16,1261.2999999999997,16,1260.8999999999996,move,improve
10429,16,1261.2999999999997,16,1260.8999999999996,move,improve
10430,16,1261.2999999999997,16,1260.8999999999996,2opt,notBad
10431,16,1261.2999999999997,16,1260.8999999999996,2opt,notBad
10432,16,1261.2999999999997,16,1260.8999999999996,move,improve
10433,16,1261.2999999999997,16,1260.8999999999996,2opt,notBad
10434,16,1261.2999999999997,16,1260.8999999999996,2opt,improve
10435,16,1261.2999999999997,16,1260.8999999999996,move,improve
10436,16,1261.2999999999997,16,1260.8999999999996,swap,notBad
10437,16,1261.2999999999997,16,1260.8999999999996,2opt,notBad
10438,16,1261.2999999999997,16,1260.8999999999996,move,improve
10439,16,1261.2999999999997,16,1260.8999999999996,move,improve
10440,16,1261.2999999999997,16,1260.8999999999996,swap,notBad
10441,16,1261.2999999999997,16,1260.8999999999996,move,improve
10442,16,1261.2999999999997,16,1260.8999999999996,move,improve
10443,16,1261.2999999999997,16,1260.8999999999996,move,improve
10444,16,1261.2999999999997,16,1260.8999999999996,move,improve
10445,16,1261.2999999999997,16,1260.8999999999996,2opt,notBad
10446,16,1261.2999999999997,16,1260.8999999999996,2opt,notBad
10447,16,1261.2999999999997,16,1260.8999999999996,swap,notBad
10448,16,1261.2999999999997,16,1260.8999999999996,move,improve
10449,16,1261.2999999999997,16,1260.8999999999996,move,improve
10450,16,1261.2999999999997,16,1260.8999999999996,swap,notBad
10451,16,1261.2999999999997,16,1260.8999999999996,swap,notBad
10452,16,1261.2999999999997,16,1260.8999999999996,swap,notBad
10453,16,1261.2999999999997,16,1260.8999999999996,move,improve
10454,16,1261.2999999999997,16,1260.8999999999996,2opt,notBad
10455,16,1261.2999999999997,16,1260.8999999999996,swap,notBad
10456,16,1261.2999999999997,16,1260.8999999999996,swap,notBad
10457,16,1261.2999999999997,16,1260.8999999999996,swap,notBad
10458,16,1261.2999999999997,16,1260.8999999999996,move,improve
10459,16,1261.2999999999997,16,1260.8999999999996,2opt,improve
10460,16,1261.2999999999997,16,1260.8999999999996,swap,notBad
10461,16,1261.2999999999997,16,1260.8999999999996,swap,notBad
10462,16,1261.2999999999997,16,1260.8999999999996,2opt,notBad
10463,16,1261.2999999999997,16,1260.8999999999996,2opt,improve
10464,16,1261.2999999999997,16,1260.8999999999996,2opt,notBad
10465,16,1261.2999999999997,16,1260.8999999999996,2opt,notBad
10466,16,1261.2999999999997,16,1260.8999999999996,move,improve
10467,16,1261.2999999999997,16,1260.8999999999996,move,improve
10468,16,1261.2999999999997,16,1260.8999999999996,2opt,improve
10469,16,1261.2999999999997,16,1260.8999999999996,swap,notBad
10470,16,1261.2999999999997,16,1260.8999999999996,2opt,notBad
10471,16,1261.2999999999997,16,1260.8999999999996,swap,notBad
10472,16,1261.2999999999997,16,1260.8999999999996,move,improve
10473,16,1261.2999999999997,16,1260.8999999999996,swap,notBad
10474,16,1261.2999999999997,16,1260.8999999999996,2opt,notBad
10475,16,1261.2999999999997,16,1260.8999999999996,swap,notBad
10476,16,1261.2999999999997,16,1260.8999999999996,move,improve
10477,16,1261.2999999999997,16,1260.8999999999996,move,notBad
10478,16,1261.2999999999997,16,1260.8999999999996,swap,notBad
10479,16,1261.2999999999997,16,1260.8999999999996,swap,notBad
10480,16,1261.2999999999997,16,1260.8999999999996,swap,notBad
10481,16,1261.2999999999997,16,1260.8999999999996,2opt,notBad
10482,16,1261.2999999999997,16,1260.8999999999996,move,improve
10483,16,1261.2999999999997,16,1260.8999999999996,move,improve
10484,16,1261.2999999999997,16,1260.8999999999996,2opt,notBad
10485,16,1261.2999999999997,16,1260.8999999999996,swap,notBad
10486,16,1261.2999999999997,16,1260.8999999999996,2opt,notBad
10487,16,1261.2999999999997,16,1260.8999999999996,swap,notBad
10488,16,1261.2999999999997,16,1260.8999999999996,2opt,notBad
10489,16,1261.2999999999997,16,1260.8999999999996,swap,notBad
10490,16,1261.2999999999997,16,1260.8999999999996,swap,notBad
10491,16,1261.2999999999997,16,1260.8999999999996,move,improve
10492,16,1261.2999999999997,16,1260.8999999999996,move,improve
10493,16,1261.2999999999997,16,1260.8999999999996,2opt,improve
10494,16,1261.2999999999997,16,1260.8999999999996,swap,notBad
10495,16,1261.2999999999997,16,1260.8999999999996,swap,notBad
10496,16,1261.2999999999997,16,1260.8999999999996,swap,notBad
10497,16,1261.2999999999997,16,1260.8999999999996,swap,notBad
10498,16,1261.2999999999997,16,1260.8999999999996,2opt,notBad
10499,16,1261.2999999999997,16,1260.8999999999996,move,improve
10500,16,1261.2999999999997,16,1260.8999999999996,swap,notBad
10501,16,1261.2999999999997,16,1260.8999999999996,swap,notBad
10502,16,1261.2999999999997,16,1260.8999999999996,swap,notBad
10503,16,1261.2999999999997,16,1260.8999999999996,move,improve
10504,16,1261.2999999999997,16,1260.8999999999996,2opt,notBad
10505,16,1261.2999999999997,16,1260.8999999999996,swap,notBad
10506,16,1261.2999999999997,16,1260.8999999999996,2opt,notBad
10507,16,1261.2999999999997,16,1260.8999999999996,2opt,notBad
10508,16,1261.2999999999997,16,1260.8999999999996,2opt,notBad
10509,16,1261.2999999999997,16,1260.8999999999996,swap,notBad
10510,16,1261.2999999999997,16,1260.8999999999996,2opt,notBad
10511,16,1261.2999999999997,16,1260.8999999999996,move,improve
10512,16,1261.2999999999997,16,1260.8999999999996,2opt,notBad
10513,16,1261.2999999999997,16,1260.8999999999996,swap,notBad
10514,16,1261.2999999999997,16,1260.8999999999996,swap,notBad
10515,16,1261.2999999999997,16,1260.8999999999996,move,improve
10516,16,1261.2999999999997,16,1260.8999999999996,swap,notBad
10517,16,1261.2999999999997,16,1260.8999999999996,swap,notBad
10518,16,1261.2999999999997,16,1260.8999999999996,swap,notBad
10519,16,1261.2999999999997,16,1260.8999999999996,2opt,improve
10520,16,1261.2999999999997,16,1260.8999999999996,move,improve
10521,16,1261.2999999999997,16,1260.8999999999996,swap,notBad
10522,16,1261.2999999999997,16,1260.8999999999996,move,improve
10523,16,1261.2999999999997,16,1260.8999999999996,swap,notBad
10524,16,1261.2999999999997,16,1260.8999999999996,move,improve
10525,16,1261.2999999999997,16,1260.8999999999996,swap,notBad
10526,16,1261.2999999999997,16,1260.8999999999996,swap,notBad
10527,16,1261.2999999999997,16,1260.8999999999996,2opt,notBad
10528,16,1261.2999999999997,16,1260.8999999999996,swap,notBad
10529,16,1261.2999999999997,16,1260.8999999999996,swap,notBad
10530,16,1261.2999999999997,16,1260.8999999999996,swap,notBad
10531,16,1261.2999999999997,16,1260.8999999999996,swap,notBad
10532,16,1261.2999999999997,16,1260.8999999999996,move,improve
10533,16,1261.2999999999997,16,1260.8999999999996,swap,notBad
10534,16,1261.2999999999997,16,1260.8999999999996,swap,notBad
10535,16,1261.2999999999997,16,1260.8999999999996,swap,notBad
10536,16,1261.2999999999997,16,1260.8999999999996,swap,notBad
10537,16,1261.2999999999997,16,1260.8999999999996,move,improve
10538,16,1261.1999999999996,16,1260.8999999999996,move,improve
10539,16,1261.1999999999996,16,1260.8999999999996,move,improve
10540,16,1261.1999999999996,16,1260.8999999999996,move,improve
10541,16,1261.1999999999996,16,1260.8999999999996,2opt,notBad
10542,16,1261.1999999999996,16,1260.8999999999996,swap,notBad
10543,16,1261.1999999999996,16,1260.8999999999996,move,improve
10544,16,1261.1999999999996,16,1260.8999999999996,2opt,notBad
10545,16,1261.1999999999996,16,1260.8999999999996,move,improve
10546,16,1261.1999999999996,16,1260.8999999999996,move,improve
10547,16,1261.1999999999996,16,1260.8999999999996,swap,notBad
10548,16,1261.1999999999996,16,1260.8999999999996,move,improve
10549,16,1261.1999999999996,16,1260.8999999999996,swap,notBad
10550,16,1261.1999999999996,16,1260.8999999999996,move,improve
10551,16,1261.1999999999996,16,1260.8999999999996,swap,notBad
10552,16,1261.1999999999996,16,1260.8999999999996,swap,notBad
10553,16,1261.1999999999996,16,1260.8999999999996,move,improve
10554,16,1261.1999999999996,16,1260.8999999999996,2opt,notBad
10555,16,1261.1999999999996,16,1260.8999999999996,swap,notBad
10556,16,1261.1999999999996,16,1260.8999999999996,2opt,notBad
10557,16,1261.1999999999996,16,1260.8999999999996,move,improve
10558,16,1261.1999999999996,16,1260.8999999999996,swap,notBad
10559,16,1261.1999999999996,16,1260.8999999999996,swap,notBad
10560,16,1261.1999999999996,16,1260.8999999999996,2opt,notBad
10561,16,1261.1999999999996,16,1260.8999999999996,2opt,notBad
10562,16,1261.1999999999996,16,1260.8999999999996,swap,notBad
10563,16,1261.1999999999996,16,1260.8999999999996,2opt,notBad
10564,16,1261.1999999999996,16,1260.8999999999996,2opt,notBad
10565,16,1261.1999999999996,16,1260.8999999999996,swap,notBad
10566,16,1261.1999999999996,16,1260.8999999999996,swap,notBad
10567,16,1261.1999999999996,16,1260.8999999999996,2opt,notBad
10568,16,1261.1999999999996,16,1260.8999999999996,2opt,notBad
10569,16,1261.1999999999996,16,1260.8999999999996,move,improve
10570,16,1261.1999999999996,16,1260.8999999999996,swap,notBad
10571,16,1261.1999999999996,16,1260.8999999999996,swap,notBad
10572,16,1261.1999999999996,16,1260.8999999999996,2opt,notBad
10573,16,1261.1999999999996,16,1260.8999999999996,move,improve
10574,16,1261.1999999999996,16,1260.8999999999996,move,improve
10575,16,1261.1999999999996,16,1260.8999999999996,move,improve
10576,16,1261.1999999999996,16,1260.8999999999996,swap,notBad
10577,16,1261.1999999999996,16,1260.8999999999996,move,improve
10578,16,1261.1999999999996,16,1260.8999999999996,swap,notBad
10579,16,1261.1999999999996,16,1260.8999999999996,swap,notBad
10580,16,1261.1999999999996,16,1260.8999999999996,2opt,notBad
10581,16,1261.1999999999996,16,1260.8999999999996,move,improve
10582,16,1261.1999999999996,16,1260.8999999999996,swap,notBad
10583,16,1261.1999999999996,16,1260.8999999999996,swap,notBad
10584,16,1261.1999999999996,16,1260.8999999999996,move,improve
10585,16,1261.1999999999996,16,1260.8999999999996,swap,notBad
10586,16,1261.1999999999996,16,1260.8999999999996,2opt,notBad
10587,16,1261.1999999999996,16,1260.8999999999996,2opt,notBad
10588,16,1261.1999999999996,16,1260.8999999999996,2opt,notBad
10589,16,1261.1999999999996,16,1260.8999999999996,2opt,notBad
10590,16,1261.1999999999996,16,1260.8999999999996,2opt,notBad
10591,16,1261.1999999999996,16,1260.8999999999996,move,improve
10592,16,1261.1999999999996,16,1260.8999999999996,2opt,notBad
10593,16,1261.1999999999996,16,1260.8999999999996,move,improve
10594,16,1261.1999999999996,16,1260.8999999999996,swap,notBad
10595,16,1261.1999999999996,16,1260.8999999999996,2opt,notBad
10596,16,1261.1999999999996,16,1260.8999999999996,move,improve
10597,16,1261.1999999999996,16,1260.8999999999996,2opt,notBad
10598,16,1261.1999999999996,16,1260.8999999999996,move,improve
10599,16,1261.1999999999996,16,1260.8999999999996,swap,notBad
10600,16,1261.1999999999996,16,1260.8999999999996,move,improve
10601,16,1261.1999999999996,16,1260.8999999999996,move,improve
10602,16,1261.1999999999996,16,1260.8999999999996,move,improve
10603,16,1261.1999999999996,16,1260.8999999999996,swap,notBad
10604,16,1261.1999999999996,16,1260.8999999999996,move,improve
10605,16,1261.1999999999996,16,1260.8999999999996,2opt,notBad
10606,16,1261.1999999999996,16,1260.8999999999996,2opt,notBad
10607,16,1261.1999999999996,16,1260.8999999999996,swap,notBad
10608,16,1261.1999999999996,16,1260.8999999999996,move,improve
10609,16,1261.1999999999996,16,1260.8999999999996,move,improve
10610,16,1261.1999999999996,16,1260.8999999999996,2opt,improve
10611,16,1261.1999999999996,16,1260.8999999999996,swap,notBad
10612,16,1261.1999999999996,16,1260.8999999999996,swap,notBad
10613,16,1261.1999999999996,16,1260.8999999999996,2opt,notBad
10614,16,1261.1999999999996,16,1260.8999999999996,swap,notBad
10615,16,1261.1999999999996,16,1260.8999999999996,2opt,notBad
10616,16,1261.1999999999996,16,1260.8999999999996,swap,notBad
10617,16,1261.1999999999996,16,1260.8999999999996,swap,notBad
10618,16,1261.1999999999996,16,1260.8999999999996,swap,notBad
10619,16,1261.1999999999996,16,1260.8999999999996,2opt,notBad
10620,16,1261.1999999999996,16,1260.8999999999996,swap,notBad
10621,16,1261.1999999999996,16,1260.8999999999996,swap,notBad
10622,16,1261.1999999999996,16,1260.8999999999996,2opt,notBad
10623,16,1261.1999999999996,16,1260.8999999999996,2opt,notBad
10624,16,1261.1999999999996,16,1260.8999999999996,swap,notBad
10625,16,1261.1999999999996,16,1260.8999999999996,swap,notBad
10626,16,1261.1999999999996,16,1260.8999999999996,swap,notBad
10627,16,1261.1999999999996,16,1260.8999999999996,move,improve
10628,16,1261.1999999999996,16,1260.8999999999996,move,improve
10629,16,1261.1999999999996,16,1260.8999999999996,move,improve
10630,16,1261.1999999999996,16,1260.8999999999996,swap,notBad
10631,16,1261.1999999999996,16,1260.8999999999996,move,improve
10632,16,1261.1999999999996,16,1260.8999999999996,2opt,notBad
10633,16,1261.1999999999996,16,1260.8999999999996,2opt,notBad
10634,16,1261.1999999999996,16,1260.8999999999996,move,improve
10635,16,1261.1999999999996,16,1260.8999999999996,2opt,notBad
10636,16,1261.1999999999996,16,1260.8999999999996,2opt,notBad
10637,16,1261.1999999999996,16,1260.8999999999996,2opt,notBad
10638,16,1261.1999999999996,16,1260.8999999999996,move,improve
10639,16,1261.1999999999996,16,1260.8999999999996,2opt,improve
10640,16,1261.1999999999996,16,1260.8999999999996,swap,notBad
10641,16,1261.1999999999996,16,1260.8999999999996,swap,notBad
10642,16,1261.1999999999996,16,1260.8999999999996,2opt,improve
10643,16,1261.1999999999996,16,1260.8999999999996,2opt,notBad
10644,16,1261.1999999999996,16,1260.8999999999996,2opt,notBad
10645,16,1261.1999999999996,16,1260.8999999999996,swap,notBad
10646,16,1261.1999999999996,16,1260.8999999999996,swap,notBad
10647,16,1261.1999999999996,16,1260.8999999999996,2opt,notBad
10648,16,1261.1999999999996,16,1260.8999999999996,swap,notBad
10649,16,1261.1999999999996,16,1260.8999999999996,swap,notBad
10650,16,1261.1999999999996,16,1260.8999999999996,swap,notBad
10651,16,1261.1999999999996,16,1260.8999999999996,swap,notBad
10652,16,1261.1999999999996,16,1260.8999999999996,move,improve
10653,16,1261.1999999999996,16,1260.8999999999996,move,improve
10654,16,1261.1999999999996,16,1260.8999999999996,swap,notBad
10655,16,1261.1999999999996,16,1260.8999999999996,swap,notBad
10656,16,1261.1999999999996,16,1260.8999999999996,move,improve
10657,16,1261.1999999999996,16,1260.8999999999996,move,improve
10658,16,1261.1999999999996,16,1260.8999999999996,2opt,notBad
10659,16,1261.1999999999996,16,1260.8999999999996,2opt,notBad
10660,16,1261.1999999999996,16,1260.8999999999996,2opt,notBad
10661,16,1261.1999999999996,16,1260.8999999999996,2opt,notBad
10662,16,1261.1999999999996,16,1260.8999999999996,move,improve
10663,16,1261.1999999999996,16,1260.8999999999996,swap,notBad
10664,16,1261.1999999999996,16,1260.8999999999996,move,improve
10665,16,1261.1999999999996,16,1260.8999999999996,2opt,notBad
10666,16,1261.1999999999996,16,1260.8999999999996,swap,notBad
10667,16,1261.1999999999996,16,1260.8999999999996,move,improve
10668,16,1261.1999999999996,16,1260.8999999999996,move,improve
10669,16,1261.1999999999996,16,1260.8999999999996,swap,notBad
10670,16,1261.1999999999996,16,1260.8999999999996,swap,notBad
10671,16,1261.1999999999996,16,1260.8999999999996,swap,notBad
10672,16,1261.1999999999996,16,1260.8999999999996,swap,notBad
10673,16,1261.1999999999996,16,1260.8999999999996,2opt,notBad
10674,16,1261.1999999999996,16,1260.8999999999996,2opt,notBad
10675,16,1261.1999999999996,16,1260.8999999999996,swap,notBad
10676,16,1261.1999999999996,16,1260.8999999999996,move,improve
10677,16,1261.1999999999996,16,1260.8999999999996,2opt,notBad
10678,16,1261.1999999999996,16,1260.8999999999996,move,improve
10679,16,1261.1999999999996,16,1260.8999999999996,swap,notBad
10680,16,1261.1999999999996,16,1260.8999999999996,swap,notBad
10681,16,1261.1999999999996,16,1260.8999999999996,swap,notBad
10682,16,1261.1999999999996,16,1260.8999999999996,2opt,notBad
10683,16,1261.1999999999996,16,1260.8999999999996,2opt,notBad
10684,16,1261.1999999999996,16,1260.8999999999996,swap,notBad
10685,16,1261.1999999999996,16,1260.8999999999996,2opt,notBad
10686,16,1261.1999999999996,16,1260.8999999999996,swap,notBad
10687,16,1261.1999999999996,16,1260.8999999999996,2opt,notBad
10688,16,1261.1999999999996,16,1260.8999999999996,move,improve
10689,16,1261.1999999999996,16,1260.8999999999996,2opt,notBad
10690,16,1261.8999999999996,16,1260.8999999999996,swap,acceptBad
10691,16,1261.8999999999996,16,1260.8999999999996,swap,notBad
10692,16,1261.8999999999996,16,1260.8999999999996,2opt,notBad
10693,16,1261.8999999999996,16,1260.8999999999996,swap,notBad
10694,16,1261.5999999999997,16,1260.8999999999996,move,improve
10695,16,1261.5999999999997,16,1260.8999999999996,move,improve
10696,16,1261.5999999999997,16,1260.8999999999996,move,improve
10697,16,1261.5999999999997,16,1260.8999999999996,swap,notBad
10698,16,1261.5999999999997,16,1260.8999999999996,swap,notBad
10699,16,1261.5999999999997,16,1260.8999999999996,swap,notBad
10700,16,1261.5999999999997,16,1260.8999999999996,swap,notBad
10701,16,1261.5999999999997,16,1260.8999999999996,2opt,notBad
10702,16,1261.5999999999997,16,1260.8999999999996,swap,notBad
10703,16,1261.5999999999997,16,1260.8999999999996,move,improve
10704,16,1261.5999999999997,16,1260.8999999999996,2opt,notBad
10705,16,1261.5999999999997,16,1260.8999999999996,swap,notBad
10706,16,1261.5999999999997,16,1260.8999999999996,move,improve
10707,16,1261.5999999999997,16,1260.8999999999996,2opt,notBad
10708,16,1261.5999999999997,16,1260.8999999999996,move,improve
10709,16,1261.5999999999997,16,1260.8999999999996,move,improve
10710,16,1261.5999999999997,16,1260.8999999999996,move,improve
10711,16,1261.5999999999997,16,1260.8999999999996,move,improve
10712,16,1261.5999999999997,16,1260.8999999999996,swap,notBad
10713,16,1261.5999999999997,16,1260.8999999999996,2opt,notBad
10714,16,1261.5999999999997,16,1260.8999999999996,move,improve
10715,16,1261.5999999999997,16,1260.8999999999996,2opt,notBad
10716,16,1261.5999999999997,16,1260.8999999999996,2opt,notBad
10717,16,1261.5999999999997,16,1260.8999999999996,2opt,notBad
10718,16,1261.5999999999997,16,1260.8999999999996,swap,notBad
10719,16,1261.5999999999997,16,1260.8999999999996,move,improve
10720,16,1261.5999999999997,16,1260.8999999999996,2opt,improve
10721,16,1261.5999999999997,16,1260.8999999999996,2opt,notBad
10722,16,1261.5999999999997,16,1260.8999999999996,2opt,notBad
10723,16,1261.5999999999997,16,1260.8999999999996,move,improve
10724,16,1261.5999999999997,16,1260.8999999999996,swap,notBad
10725,16,1261.5999999999997,16,1260.8999999999996,2opt,notBad
10726,16,1261.5999999999997,16,1260.8999999999996,move,improve
10727,16,1261.5999999999997,16,1260.8999999999996,move,improve
10728,16,1261.5999999999997,16,1260.8999999999996,swap,notBad
10729,16,1261.5999999999997,16,1260.8999999999996,move,improve
10730,16,1261.5999999999997,16,1260.8999999999996,2opt,notBad
10731,16,1261.5999999999997,16,1260.8999999999996,swap,notBad
10732,16,1261.5999999999997,16,1260.8999999999996,2opt,notBad
10733,16,1261.5999999999997,16,1260.8999999999996,2opt,notBad
10734,16,1261.5999999999997,16,1260.8999999999996,move,improve
10735,16,1261.5999999999997,16,1260.8999999999996,2opt,notBad
10736,16,1261.5999999999997,16,1260.8999999999996,swap,notBad
10737,16,1261.5999999999997,16,1260.8999999999996,swap,notBad
10738,16,1261.5999999999997,16,1260.8999999999996,2opt,notBad
10739,16,1261.5999999999997,16,1260.8999999999996,move,improve
10740,16,1261.5999999999997,16,1260.8999999999996,move,improve
10741,16,1261.5999999999997,16,1260.8999999999996,2opt,notBad
10742,16,1261.5999999999997,16,1260.8999999999996,2opt,notBad
10743,16,1261.5999999999997,16,1260.8999999999996,swap,notBad
10744,16,1261.5999999999997,16,1260.8999999999996,2opt,notBad
10745,16,1261.5999999999997,16,1260.8999999999996,swap,notBad
10746,16,1261.5999999999997,16,1260.8999999999996,swap,notBad
10747,16,1261.5999999999997,16,1260.8999999999996,move,improve
10748,16,1261.5999999999997,16,1260.8999999999996,swap,notBad
10749,16,1261.5999999999997,16,1260.8999999999996,move,improve
10750,16,1261.5999999999997,16,1260.8999999999996,move,improve
10751,16,1261.5999999999997,16,1260.8999999999996,swap,notBad
10752,16,1261.5999999999997,16,1260.8999999999996,2opt,notBad
10753,16,1261.5999999999997,16,1260.8999999999996,move,improve
10754,16,1261.5999999999997,16,1260.8999999999996,move,improve
10755,16,1261.5999999999997,16,1260.8999999999996,2opt,notBad
10756,16,1261.5999999999997,16,1260.8999999999996,move,improve
10757,16,1261.5999999999997,16,1260.8999999999996,swap,notBad
10758,16,1261.5999999999997,16,1260.8999999999996,move,improve
10759,16,1261.5999999999997,16,1260.8999999999996,move,improve
10760,16,1261.5999999999997,16,1260.8999999999996,move,improve
10761,16,1261.5999999999997,16,1260.8999999999996,2opt,improve
10762,16,1261.5999999999997,16,1260.8999999999996,swap,notBad
10763,16,1261.5999999999997,16,1260.8999999999996,move,improve
10764,16,1261.5999999999997,16,1260.8999999999996,move,improve
10765,16,1261.5999999999997,16,1260.8999999999996,move,improve
10766,16,1261.5999999999997,16,1260.8999999999996,move,improve
10767,16,1261.5999999999997,16,1260.8999999999996,2opt,notBad
10768,16,1261.5999999999997,16,1260.8999999999996,move,improve
10769,16,1261.5999999999997,16,1260.8999999999996,swap,notBad
10770,16,1261.5999999999997,16,1260.8999999999996,swap,notBad
10771,16,1261.5999999999997,16,1260.8999999999996,move,improve
10772,16,1261.5999999999997,16,1260.8999999999996,2opt,notBad
10773,16,1261.5999999999997,16,1260.8999999999996,move,improve
10774,16,1261.5999999999997,16,1260.8999999999996,2opt,improve
10775,16,1261.5999999999997,16,1260.8999999999996,swap,notBad
10776,16,1261.5999999999997,16,1260.8999999999996,swap,notBad
10777,16,1261.5999999999997,16,1260.8999999999996,2opt,improve
10778,16,1261.5999999999997,16,1260.8999999999996,2opt,notBad
10779,16,1261.5999999999997,16,1260.8999999999996,2opt,notBad
10780,16,1261.5999999999997,16,1260.8999999999996,move,improve
10781,16,1261.5999999999997,16,1260.8999999999996,move,improve
10782,16,1261.5999999999997,16,1260.8999999999996,2opt,notBad
10783,16,1261.5999999999997,16,1260.8999999999996,move,improve
10784,16,1261.5999999999997,16,1260.8999999999996,swap,notBad
10785,16,1261.5999999999997,16,1260.8999999999996,2opt,improve
10786,16,1261.5999999999997,16,1260.8999999999996,move,improve
10787,16,1261.5999999999997,16,1260.8999999999996,move,improve
10788,16,1261.5999999999997,16,1260.8999999999996,move,improve
10789,16,1261.5999999999997,16,1260.8999999999996,swap,notBad
10790,16,1261.5999999999997,16,1260.8999999999996,2opt,notBad
10791,16,1261.5999999999997,16,1260.8999999999996,move,improve
10792,16,1261.5999999999997,16,1260.8999999999996,move,improve
10793,16,1261.5999999999997,16,1260.8999999999996,swap,notBad
10794,16,1261.5999999999997,16,1260.8999999999996,swap,notBad
10795,16,1261.5999999999997,16,1260.8999999999996,swap,notBad
10796,16,1261.5999999999997,16,1260.8999999999996,move,improve
10797,16,1261.5999999999997,16,1260.8999999999996,2opt,notBad
10798,16,1261.5999999999997,16,1260.8999999999996,move,improve
10799,16,1261.5999999999997,16,1260.8999999999996,move,improve
10800,16,1261.5999999999997,16,1260.8999999999996,swap,notBad
10801,16,1261.5999999999997,16,1260.8999999999996,move,improve
10802,16,1261.5999999999997,16,1260.8999999999996,move,improve
10803,16,1261.5999999999997,16,1260.8999999999996,2opt,notBad
10804,16,1261.5999999999997,16,1260.8999999999996,move,improve
10805,16,1261.5999999999997,16,1260.8999999999996,move,improve
10806,16,1261.5999999999997,16,1260.8999999999996,move,improve
10807,16,1261.5999999999997,16,1260.8999999999996,move,improve
10808,16,1261.5999999999997,16,1260.8999999999996,2opt,notBad
10809,16,1261.5999999999997,16,1260.8999999999996,swap,notBad
10810,16,1261.5999999999997,16,1260.8999999999996,2opt,notBad
10811,16,1261.5999999999997,16,1260.8999999999996,move,improve
10812,16,1261.5999999999997,16,1260.8999999999996,move,improve
10813,16,1261.5999999999997,16,1260.8999999999996,swap,notBad
10814,16,1261.5999999999997,16,1260.8999999999996,2opt,notBad
10815,16,1261.5999999999997,16,1260.8999999999996,2opt,notBad
10816,16,1261.5999999999997,16,1260.8999999999996,swap,notBad
10817,16,1261.5999999999997,16,1260.8999999999996,2opt,notBad
10818,16,1261.5999999999997,16,1260.8999999999996,move,improve
10819,16,1261.5999999999997,16,1260.8999999999996,swap,notBad
10820,16,1261.5999999999997,16,1260.8999999999996,swap,notBad
10821,16,1261.5999999999997,16,1260.8999999999996,swap,notBad
10822,16,1261.5999999999997,16,1260.8999999999996,swap,notBad
10823,16,1261.5999999999997,16,1260.8999999999996,swap,notBad
10824,16,1261.5999999999997,16,1260.8999999999996,move,improve
10825,16,1261.5999999999997,16,1260.8999999999996,move,improve
10826,16,1261.5999999999997,16,1260.8999999999996,move,improve
10827,16,1261.9999999999998,16,1260.8999999999996,swap,acceptBad
10828,16,1261.9999999999998,16,1260.8999999999996,move,improve
10829,16,1261.9999999999998,16,1260.8999999999996,swap,notBad
10830,16,1261.9999999999998,16,1260.8999999999996,2opt,improve
10831,16,1261.9999999999998,16,1260.8999999999996,swap,notBad
10832,16,1261.9999999999998,16,1260.8999999999996,move,improve
10833,16,1261.9999999999998,16,1260.8999999999996,move,improve
10834,16,1261.9999999999998,16,1260.8999999999996,swap,notBad
10835,16,1261.9999999999998,16,1260.8999999999996,2opt,improve
10836,16,1261.9999999999998,16,1260.8999999999996,swap,notBad
10837,16,1261.9999999999998,16,1260.8999999999996,swap,notBad
10838,16,1261.9999999999998,16,1260.8999999999996,swap,notBad
10839,16,1261.9999999999998,16,1260.8999999999996,2opt,notBad
10840,16,1261.9999999999998,16,1260.8999999999996,swap,notBad
10841,16,1261.9999999999998,16,1260.8999999999996,move,improve
10842,16,1261.9999999999998,16,1260.8999999999996,move,improve
10843,16,1261.9999999999998,16,1260.8999999999996,2opt,notBad
10844,16,1261.9999999999998,16,1260.8999999999996,2opt,notBad
10845,16,1261.9999999999998,16,1260.8999999999996,2opt,notBad
10846,16,1261.9999999999998,16,1260.8999999999996,swap,notBad
10847,16,1261.9999999999998,16,1260.8999999999996,2opt,notBad
10848,16,1261.9999999999998,16,1260.8999999999996,move,improve
10849,16,1261.9999999999998,16,1260.8999999999996,swap,notBad
10850,16,1261.9999999999998,16,1260.8999999999996,2opt,improve
10851,16,1261.9999999999998,16,1260.8999999999996,move,improve
10852,16,1261.9999999999998,16,1260.8999999999996,swap,notBad
10853,16,1261.9999999999998,16,1260.8999999999996,2opt,notBad
10854,16,1261.9999999999998,16,1260.8999999999996,swap,notBad
10855,16,1261.9999999999998,16,1260.8999999999996,move,improve
10856,16,1261.9999999999998,16,1260.8999999999996,swap,notBad
10857,16,1261.9999999999998,16,1260.8999999999996,2opt,notBad
10858,16,1261.9999999999998,16,1260.8999999999996,move,improve
10859,16,1261.9999999999998,16,1260.8999999999996,move,improve
10860,16,1261.9999999999998,16,1260.8999999999996,2opt,notBad
10861,16,1261.9999999999998,16,1260.8999999999996,swap,notBad
10862,16,1261.9999999999998,16,1260.8999999999996,swap,notBad
10863,16,1261.9999999999998,16,1260.8999999999996,2opt,improve
10864,16,1261.9999999999998,16,1260.8999999999996,2opt,notBad
10865,16,1261.9999999999998,16,1260.8999999999996,swap,notBad
10866,16,1261.9999999999998,16,1260.8999999999996,2opt,notBad
10867,16,1261.9999999999998,16,1260.8999999999996,swap,notBad
10868,16,1261.9999999999998,16,1260.8999999999996,2opt,notBad
10869,16,1261.9999999999998,16,1260.8999999999996,2opt,notBad
10870,16,1261.9999999999998,16,1260.8999999999996,move,improve
10871,16,1261.9999999999998,16,1260.8999999999996,2opt,notBad
10872,16,1261.9999999999998,16,1260.8999999999996,2opt,notBad
10873,16,1261.9999999999998,16,1260.8999999999996,move,improve
10874,16,1261.9999999999998,16,1260.8999999999996,2opt,notBad
10875,16,1261.9999999999998,16,1260.8999999999996,2opt,notBad
10876,16,1261.9999999999998,16,1260.8999999999996,2opt,notBad
10877,16,1261.9999999999998,16,1260.8999999999996,move,improve
10878,16,1261.9999999999998,16,1260.8999999999996,2opt,notBad
10879,16,1261.9999999999998,16,1260.8999999999996,move,improve
10880,16,1261.9999999999998,16,1260.8999999999996,2opt,improve
10881,16,1261.9999999999998,16,1260.8999999999996,swap,notBad
10882,16,1261.9999999999998,16,1260.8999999999996,move,improve
10883,16,1261.9999999999998,16,1260.8999999999996,move,improve
10884,16,1261.9999999999998,16,1260.8999999999996,swap,notBad
10885,16,1261.9999999999998,16,1260.8999999999996,2opt,notBad
10886,16,1261.9999999999998,16,1260.8999999999996,2opt,notBad
10887,16,1261.9999999999998,16,1260.8999999999996,2opt,improve
10888,16,1261.9999999999998,16,1260.8999999999996,swap,notBad
10889,16,1261.9999999999998,16,1260.8999999999996,swap,notBad
10890,16,1261.9999999999998,16,1260.8999999999996,2opt,notBad
10891,16,1261.9999999999998,16,1260.8999999999996,move,improve
10892,16,1261.9999999999998,16,1260.8999999999996,2opt,notBad
10893,16,1261.9999999999998,16,1260.8999999999996,swap,notBad
10894,16,1261.9999999999998,16,1260.8999999999996,move,improve
10895,16,1261.9999999999998,16,1260.8999999999996,2opt,notBad
10896,16,1261.9999999999998,16,1260.8999999999996,2opt,notBad
10897,16,1261.9999999999998,16,1260.8999999999996,swap,notBad
10898,16,1261.9999999999998,16,1260.8999999999996,swap,notBad
10899,16,1261.9999999999998,16,1260.8999999999996,2opt,notBad
10900,16,1261.9999999999998,16,1260.8999999999996,2opt,notBad
10901,16,1261.9999999999998,16,1260.8999999999996,move,improve
10902,16,1261.9999999999998,16,1260.8999999999996,swap,notBad
10903,16,1261.9999999999998,16,1260.8999999999996,move,improve
10904,16,1261.9999999999998,16,1260.8999999999996,move,notBad
10905,16,1261.9999999999998,16,1260.8999999999996,swap,notBad
10906,16,1261.9999999999998,16,1260.8999999999996,move,improve
10907,16,1261.9999999999998,16,1260.8999999999996,swap,notBad
10908,16,1261.9999999999998,16,1260.8999999999996,swap,notBad
10909,16,1261.9999999999998,16,1260.8999999999996,swap,notBad
10910,16,1261.9999999999998,16,1260.8999999999996,swap,notBad
10911,16,1261.9999999999998,16,1260.8999999999996,2opt,notBad
10912,16,1261.9999999999998,16,1260.8999999999996,move,improve
10913,16,1261.9999999999998,16,1260.8999999999996,2opt,notBad
10914,16,1261.9999999999998,16,1260.8999999999996,move,improve
10915,16,1261.9999999999998,16,1260.8999999999996,2opt,notBad
10916,16,1261.9999999999998,16,1260.8999999999996,2opt,improve
10917,16,1261.9999999999998,16,1260.8999999999996,swap,notBad
10918,16,1261.9999999999998,16,1260.8999999999996,move,improve
10919,16,1261.9999999999998,16,1260.8999999999996,swap,notBad
10920,16,1261.9999999999998,16,1260.8999999999996,swap,notBad
10921,16,1261.9999999999998,16,1260.8999999999996,2opt,notBad
10922,16,1261.9999999999998,16,1260.8999999999996,2opt,notBad
10923,16,1261.9999999999998,16,1260.8999999999996,move,improve
10924,16,1261.9999999999998,16,1260.8999999999996,move,improve
10925,16,1261.9999999999998,16,1260.8999999999996,2opt,improve
10926,16,1261.9999999999998,16,1260.8999999999996,swap,notBad
10927,16,1261.9999999999998,16,1260.8999999999996,2opt,notBad
10928,16,1261.9999999999998,16,1260.8999999999996,move,improve
10929,16,1261.9999999999998,16,1260.8999999999996,move,improve
10930,16,1261.2999999999997,16,1260.8999999999996,swap,improve
10931,16,1261.2999999999997,16,1260.8999999999996,2opt,notBad
10932,16,1261.2999999999997,16,1260.8999999999996,swap,notBad
10933,16,1261.2999999999997,16,1260.8999999999996,swap,notBad
10934,16,1261.2999999999997,16,1260.8999999999996,swap,notBad
10935,16,1261.2999999999997,16,1260.8999999999996,2opt,notBad
10936,16,1261.2999999999997,16,1260.8999999999996,swap,notBad
10937,16,1261.2999999999997,16,1260.8999999999996,2opt,notBad
10938,16,1261.2999999999997,16,1260.8999999999996,2opt,notBad
10939,16,1261.2999999999997,16,1260.8999999999996,swap,notBad
10940,16,1261.2999999999997,16,1260.8999999999996,move,improve
10941,16,1261.2999999999997,16,1260.8999999999996,move,improve
10942,16,1261.9999999999998,16,1260.8999999999996,swap,acceptBad
10943,16,1261.9999999999998,16,1260.8999999999996,swap,notBad
10944,16,1261.9999999999998,16,1260.8999999999996,2opt,notBad
10945,16,1261.9999999999998,16,1260.8999999999996,swap,notBad
10946,16,1261.9999999999998,16,1260.8999999999996,swap,notBad
10947,16,1261.9999999999998,16,1260.8999999999996,2opt,notBad
10948,16,1261.9999999999998,16,1260.8999999999996,2opt,notBad
10949,16,1261.9999999999998,16,1260.8999999999996,2opt,improve
10950,16,1261.9999999999998,16,1260.8999999999996,2opt,improve
10951,16,1261.9999999999998,16,1260.8999999999996,2opt,notBad
10952,16,1261.9999999999998,16,1260.8999999999996,move,improve
10953,16,1261.9999999999998,16,1260.8999999999996,swap,notBad
10954,16,1261.9999999999998,16,1260.8999999999996,2opt,notBad
10955,16,1261.9999999999998,16,1260.8999999999996,2opt,improve
10956,16,1261.9999999999998,16,1260.8999999999996,2opt,notBad
10957,16,1261.9999999999998,16,1260.8999999999996,move,improve
10958,16,1261.9999999999998,16,1260.8999999999996,swap,notBad
10959,16,1261.9999999999998,16,1260.8999999999996,2opt,notBad
10960,16,1261.9999999999998,16,1260.8999999999996,move,improve
10961,16,1261.9999999999998,16,1260.8999999999996,2opt,notBad
10962,16,1261.9999999999998,16,1260.8999999999996,swap,notBad
10963,16,1261.9999999999998,16,1260.8999999999996,move,improve
10964,16,1261.9999999999998,16,1260.8999999999996,2opt,notBad
10965,16,1261.9999999999998,16,1260.8999999999996,move,improve
10966,16,1261.9999999999998,16,1260.8999999999996,move,improve
10967,16,1261.9999999999998,16,1260.8999999999996,2opt,notBad
10968,16,1261.9999999999998,16,1260.8999999999996,swap,notBad
10969,16,1261.9999999999998,16,1260.8999999999996,swap,notBad
10970,16,1261.9999999999998,16,1260.8999999999996,swap,notBad
10971,16,1261.9999999999998,16,1260.8999999999996,2opt,notBad
10972,16,1261.9999999999998,16,1260.8999999999996,swap,notBad
10973,16,1261.9999999999998,16,1260.8999999999996,move,improve
10974,16,1261.9999999999998,16,1260.8999999999996,swap,notBad
10975,16,1261.9999999999998,16,1260.8999999999996,move,improve
10976,16,1261.9999999999998,16,1260.8999999999996,swap,notBad
10977,16,1261.9999999999998,16,1260.8999999999996,swap,notBad
10978,16,1261.9999999999998,16,1260.8999999999996,move,improve
10979,16,1261.9999999999998,16,1260.8999999999996,move,improve
10980,16,1261.9999999999998,16,1260.8999999999996,swap,notBad
10981,16,1261.9999999999998,16,1260.8999999999996,move,improve
10982,16,1261.9999999999998,16,1260.8999999999996,move,improve
10983,16,1261.9999999999998,16,1260.8999999999996,swap,notBad
10984,16,1261.9999999999998,16,1260.8999999999996,swap,notBad
10985,16,1261.9999999999998,16,1260.8999999999996,2opt,notBad
10986,16,1261.9999999999998,16,1260.8999999999996,2opt,notBad
10987,16,1261.9999999999998,16,1260.8999999999996,2opt,improve
10988,16,1261.9999999999998,16,1260.8999999999996,move,improve
10989,16,1261.9999999999998,16,1260.8999999999996,move,improve
10990,16,1261.9999999999998,16,1260.8999999999996,move,improve
10991,16,1261.9999999999998,16,1260.8999999999996,2opt,notBad
10992,16,1261.9999999999998,16,1260.8999999999996,2opt,notBad
10993,16,1261.9999999999998,16,1260.8999999999996,swap,notBad
10994,16,1261.9999999999998,16,1260.8999999999996,move,improve
10995,16,1261.9999999999998,16,1260.8999999999996,swap,notBad
10996,16,1261.9999999999998,16,1260.8999999999996,swap,notBad
10997,16,1261.9999999999998,16,1260.8999999999996,swap,notBad
10998,16,1261.9999999999998,16,1260.8999999999996,2opt,notBad
10999,16,1261.9999999999998,16,1260.8999999999996,move,improve
11000,16,1261.9999999999998,16,1260.8999999999996,move,improve
11001,16,1261.9999999999998,16,1260.8999999999996,move,improve
11002,16,1261.9999999999998,16,1260.8999999999996,2opt,notBad
11003,16,1261.9999999999998,16,1260.8999999999996,swap,notBad
11004,16,1261.9999999999998,16,1260.8999999999996,move,improve
11005,16,1261.9999999999998,16,1260.8999999999996,2opt,notBad
11006,16,1261.9999999999998,16,1260.8999999999996,swap,notBad
11007,16,1261.9999999999998,16,1260.8999999999996,swap,notBad
11008,16,1261.9999999999998,16,1260.8999999999996,swap,notBad
11009,16,1261.2999999999997,16,1260.8999999999996,move,improve
11010,16,1261.1999999999996,16,1260.8999999999996,move,improve
11011,16,1261.1999999999996,16,1260.8999999999996,swap,notBad
11012,16,1261.1999999999996,16,1260.8999999999996,2opt,notBad
11013,16,1261.1999999999996,16,1260.8999999999996,move,improve
11014,16,1261.1999999999996,16,1260.8999999999996,2opt,notBad
11015,16,1261.1999999999996,16,1260.8999999999996,2opt,notBad
11016,16,1261.1999999999996,16,1260.8999999999996,2opt,notBad
11017,16,1261.1999999999996,16,1260.8999999999996,move,improve
11018,16,1261.1999999999996,16,1260.8999999999996,2opt,notBad
11019,16,1261.1999999999996,16,1260.8999999999996,move,improve
11020,16,1261.1999999999996,16,1260.8999999999996,swap,notBad
11021,16,1261.1999999999996,16,1260.8999999999996,2opt,notBad
11022,16,1261.1999999999996,16,1260.8999999999996,2opt,notBad
11023,16,1261.1999999999996,16,1260.8999999999996,swap,notBad
11024,16,1261.1999999999996,16,1260.8999999999996,2opt,notBad
11025,16,1261.1999999999996,16,1260.8999999999996,swap,notBad
11026,16,1261.1999999999996,16,1260.8999999999996,swap,notBad
11027,16,1261.1999999999996,16,1260.8999999999996,2opt,notBad
11028,16,1261.1999999999996,16,1260.8999999999996,2opt,notBad
11029,16,1261.1999999999996,16,1260.8999999999996,swap,notBad
11030,16,1261.1999999999996,16,1260.8999999999996,2opt,notBad
11031,16,1261.1999999999996,16,1260.8999999999996,swap,notBad
11032,16,1261.1999999999996,16,1260.8999999999996,2opt,notBad
11033,16,1261.1999999999996,16,1260.8999999999996,swap,notBad
11034,16,1261.1999999999996,16,1260.8999999999996,move,improve
11035,16,1261.1999999999996,16,1260.8999999999996,swap,notBad
11036,16,1261.1999999999996,16,1260.8999999999996,swap,notBad
11037,16,1261.1999999999996,16,1260.8999999999996,move,improve
11038,16,1261.1999999999996,16,1260.8999999999996,move,improve
11039,16,1261.1999999999996,16,1260.8999999999996,swap,notBad
11040,16,1261.1999999999996,16,1260.8999999999996,2opt,notBad
11041,16,1261.1999999999996,16,1260.8999999999996,swap,notBad
11042,16,1261.1999999999996,16,1260.8999999999996,move,improve
11043,16,1261.1999999999996,16,1260.8999999999996,move,improve
11044,16,1261.1999999999996,16,1260.8999999999996,2opt,notBad
11045,16,1260.8999999999996,16,1260.8999999999996,move,improve
11046,16,1260.8999999999996,16,1260.8999999999996,2opt,notBad
11047,16,1260.8999999999996,16,1260.8999999999996,move,improve
11048,16,1260.8999999999996,16,1260.8999999999996,2opt,notBad
11049,16,1260.8999999999996,16,1260.8999999999996,move,improve
11050,16,1260.8999999999996,16,1260.8999999999996,swap,notBad
11051,16,1260.8999999999996,16,1260.8999999999996,swap,notBad
11052,16,1260.8999999999996,16,1260.8999999999996,swap,notBad
11053,16,1260.8999999999996,16,1260.8999999999996,2opt,notBad
11054,16,1260.8999999999996,16,1260.8999999999996,move,improve
11055,16,1260.8999999999996,16,1260.8999999999996,2opt,notBad
11056,16,1260.8999999999996,16,1260.8999999999996,swap,notBad
11057,16,1260.8999999999996,16,1260.8999999999996,2opt,notBad
11058,16,1260.8999999999996,16,1260.8999999999996,swap,notBad
11059,16,1260.8999999999996,16,1260.8999999999996,move,improve
11060,16,1260.8999999999996,16,1260.8999999999996,move,improve
11061,16,1260.8999999999996,16,1260.8999999999996,2opt,notBad
11062,16,1260.8999999999996,16,1260.8999999999996,move,improve
11063,16,1260.8999999999996,16,1260.8999999999996,move,improve
11064,16,1260.8999999999996,16,1260.8999999999996,swap,notBad
11065,16,1260.8999999999996,16,1260.8999999999996,move,improve
11066,16,1260.8999999999996,16,1260.8999999999996,2opt,notBad
11067,16,1260.8999999999996,16,1260.8999999999996,2opt,improve
11068,16,1260.8999999999996,16,1260.8999999999996,swap,notBad
11069,16,1260.8999999999996,16,1260.8999999999996,move,improve
11070,16,1260.8999999999996,16,1260.8999999999996,move,improve
11071,16,1260.8999999999996,16,1260.8999999999996,swap,notBad
11072,16,1260.8999999999996,16,1260.8999999999996,2opt,improve
11073,16,1260.8999999999996,16,1260.8999999999996,swap,notBad
11074,16,1260.8999999999996,16,1260.8999999999996,swap,notBad
11075,16,1260.8999999999996,16,1260.8999999999996,move,improve
11076,16,1260.8999999999996,16,1260.8999999999996,swap,notBad
11077,16,1260.8999999999996,16,1260.8999999999996,2opt,improve
11078,16,1260.8999999999996,16,1260.8999999999996,swap,notBad
11079,16,1260.8999999999996,16,1260.8999999999996,2opt,notBad
11080,16,1260.8999999999996,16,1260.8999999999996,swap,notBad
11081,16,1260.8999999999996,16,1260.8999999999996,move,improve
11082,16,1260.8999999999996,16,1260.8999999999996,swap,notBad
11083,16,1260.8999999999996,16,1260.8999999999996,move,improve
11084,16,1260.8999999999996,16,1260.8999999999996,swap,notBad
11085,16,1260.8999999999996,16,1260.8999999999996,swap,notBad
11086,16,1260.8999999999996,16,1260.8999999999996,move,improve
11087,16,1260.8999999999996,16,1260.8999999999996,2opt,notBad
11088,16,1260.8999999999996,16,1260.8999999999996,move,improve
11089,16,1260.8999999999996,16,1260.8999999999996,swap,notBad
11090,16,1260.8999999999996,16,1260.8999999999996,2opt,notBad
11091,16,1260.8999999999996,16,1260.8999999999996,swap,notBad
11092,16,1260.8999999999996,16,1260.8999999999996,move,improve
11093,16,1260.8999999999996,16,1260.8999999999996,swap,notBad
11094,16,1260.8999999999996,16,1260.8999999999996,move,improve
11095,16,1260.8999999999996,16,1260.8999999999996,move,improve
11096,16,1260.8999999999996,16,1260.8999999999996,2opt,notBad
11097,16,1260.8999999999996,16,1260.8999999999996,move,improve
11098,16,1260.8999999999996,16,1260.8999999999996,swap,notBad
11099,16,1260.8999999999996,16,1260.8999999999996,move,improve
11100,16,1260.8999999999996,16,1260.8999999999996,swap,notBad
11101,16,1260.8999999999996,16,1260.8999999999996,2opt,notBad
11102,16,1260.8999999999996,16,1260.8999999999996,swap,notBad
11103,16,1260.8999999999996,16,1260.8999999999996,swap,notBad
11104,16,1260.8999999999996,16,1260.8999999999996,2opt,notBad
11105,16,1260.8999999999996,16,1260.8999999999996,swap,notBad
11106,16,1260.8999999999996,16,1260.8999999999996,swap,notBad
11107,16,1260.8999999999996,16,1260.8999999999996,2opt,notBad
11108,16,1260.8999999999996,16,1260.8999999999996,move,improve
11109,16,1260.8999999999996,16,1260.8999999999996,swap,notBad
11110,16,1260.8999999999996,16,1260.8999999999996,move,improve
11111,16,1260.8999999999996,16,1260.8999999999996,swap,notBad
11112,16,1260.8999999999996,16,1260.8999999999996,move,improve
11113,16,1260.8999999999996,16,1260.8999999999996,move,improve
11114,16,1260.8999999999996,16,1260.8999999999996,swap,notBad
11115,16,1260.8999999999996,16,1260.8999999999996,2opt,notBad
11116,16,1260.8999999999996,16,1260.8999999999996,move,improve
11117,16,1260.8999999999996,16,1260.8999999999996,move,notBad
11118,16,1260.8999999999996,16,1260.8999999999996,2opt,notBad
11119,16,1260.8999999999996,16,1260.8999999999996,move,improve
11120,16,1260.8999999999996,16,1260.8999999999996,move,improve
11121,16,1260.8999999999996,16,1260.8999999999996,2opt,notBad
11122,16,1260.8999999999996,16,1260.8999999999996,swap,notBad
11123,16,1260.8999999999996,16,1260.8999999999996,swap,notBad
11124,16,1260.8999999999996,16,1260.8999999999996,2opt,notBad
11125,16,1260.8999999999996,16,1260.8999999999996,2opt,notBad
11126,16,1260.8999999999996,16,1260.8999999999996,move,improve
11127,16,1260.8999999999996,16,1260.8999999999996,2opt,notBad
11128,16,1260.8999999999996,16,1260.8999999999996,swap,notBad
11129,16,1260.8999999999996,16,1260.8999999999996,move,improve
11130,16,1260.8999999999996,16,1260.8999999999996,move,notBad
11131,16,1260.8999999999996,16,1260.8999999999996,move,improve
11132,16,1260.8999999999996,16,1260.8999999999996,swap,notBad
11133,16,1260.8999999999996,16,1260.8999999999996,2opt,notBad
11134,16,1260.8999999999996,16,1260.8999999999996,swap,notBad
11135,16,1260.8999999999996,16,1260.8999999999996,move,improve
11136,16,1260.8999999999996,16,1260.8999999999996,swap,notBad
11137,16,1260.8999999999996,16,1260.8999999999996,move,improve
11138,16,1260.8999999999996,16,1260.8999999999996,swap,notBad
11139,16,1260.8999999999996,16,1260.8999999999996,2opt,improve
11140,16,1260.8999999999996,16,1260.8999999999996,move,improve
11141,16,1260.8999999999996,16,1260.8999999999996,move,improve
11142,16,1260.8999999999996,16,1260.8999999999996,2opt,notBad
11143,16,1260.8999999999996,16,1260.8999999999996,swap,notBad
11144,16,1260.8999999999996,16,1260.8999999999996,swap,notBad
11145,16,1260.8999999999996,16,1260.8999999999996,swap,notBad
11146,16,1260.8999999999996,16,1260.8999999999996,move,improve
11147,16,1260.8999999999996,16,1260.8999999999996,swap,notBad
11148,16,1260.8999999999996,16,1260.8999999999996,swap,notBad
11149,16,1260.8999999999996,16,1260.8999999999996,move,improve
11150,16,1260.8999999999996,16,1260.8999999999996,swap,notBad
11151,16,1260.8999999999996,16,1260.8999999999996,move,improve
11152,16,1260.8999999999996,16,1260.8999999999996,2opt,notBad
11153,16,1260.8999999999996,16,1260.8999999999996,swap,notBad
11154,16,1260.8999999999996,16,1260.8999999999996,move,improve
11155,16,1260.8999999999996,16,1260.8999999999996,2opt,improve
11156,16,1260.8999999999996,16,1260.8999999999996,2opt,notBad
11157,16,1260.8999999999996,16,1260.8999999999996,2opt,notBad
11158,16,1260.8999999999996,16,1260.8999999999996,swap,notBad
11159,16,1260.8999999999996,16,1260.8999999999996,2opt,notBad
11160,16,1260.8999999999996,16,1260.8999999999996,move,improve
11161,16,1260.8999999999996,16,1260.8999999999996,2opt,notBad
11162,16,1260.8999999999996,16,1260.8999999999996,2opt,notBad
11163,16,1260.8999999999996,16,1260.8999999999996,move,improve
11164,16,1260.8999999999996,16,1260.8999999999996,swap,notBad
11165,16,1260.8999999999996,16,1260.8999999999996,2opt,improve
11166,16,1260.8999999999996,16,1260.8999999999996,2opt,notBad
11167,16,1260.8999999999996,16,1260.8999999999996,2opt,notBad
11168,16,1260.8999999999996,16,1260.8999999999996,swap,notBad
11169,16,1260.8999999999996,16,1260.8999999999996,swap,notBad
11170,16,1260.8999999999996,16,1260.8999999999996,move,improve
11171,16,1260.8999999999996,16,1260.8999999999996,swap,notBad
11172,16,1260.8999999999996,16,1260.8999999999996,swap,notBad
11173,16,1260.8999999999996,16,1260.8999999999996,swap,notBad
11174,16,1260.8999999999996,16,1260.8999999999996,2opt,notBad
11175,16,1260.8999999999996,16,1260.8999999999996,move,improve
11176,16,1260.8999999999996,16,1260.8999999999996,2opt,notBad
11177,16,1260.8999999999996,16,1260.8999999999996,2opt,notBad
11178,16,1260.8999999999996,16,1260.8999999999996,swap,notBad
11179,16,1260.8999999999996,16,1260.8999999999996,2opt,notBad
11180,16,1260.8999999999996,16,1260.8999999999996,move,improve
11181,16,1260.8999999999996,16,1260.8999999999996,2opt,notBad
11182,16,1260.8999999999996,16,1260.8999999999996,2opt,notBad
11183,16,1260.8999999999996,16,1260.8999999999996,2opt,notBad
11184,16,1260.8999999999996,16,1260.8999999999996,move,improve
11185,16,1260.8999999999996,16,1260.8999999999996,swap,notBad
11186,16,1260.8999999999996,16,1260.8999999999996,2opt,improve
11187,16,1260.8999999999996,16,1260.8999999999996,move,improve
11188,16,1260.8999999999996,16,1260.8999999999996,2opt,notBad
11189,16,1260.8999999999996,16,1260.8999999999996,2opt,improve
11190,16,1260.8999999999996,16,1260.8999999999996,move,improve
11191,16,1260.8999999999996,16,1260.8999999999996,2opt,notBad
11192,16,1260.8999999999996,16,1260.8999999999996,swap,notBad
11193,16,1260.8999999999996,16,1260.8999999999996,2opt,notBad
11194,16,1260.8999999999996,16,1260.8999999999996,swap,notBad
11195,16,1260.8999999999996,16,1260.8999999999996,swap,notBad
11196,16,1260.8999999999996,16,1260.8999999999996,swap,notBad
11197,16,1260.8999999999996,16,1260.8999999999996,move,improve
11198,16,1260.8999999999996,16,1260.8999999999996,swap,notBad
11199,16,1260.8999999999996,16,1260.8999999999996,swap,notBad
11200,16,1260.8999999999996,16,1260.8999999999996,move,improve
11201,16,1260.8999999999996,16,1260.8999999999996,move,improve
11202,16,1260.8999999999996,16,1260.8999999999996,move,improve
11203,16,1260.8999999999996,16,1260.8999999999996,2opt,notBad
11204,16,1260.8999999999996,16,1260.8999999999996,2opt,notBad
11205,16,1260.8999999999996,16,1260.8999999999996,move,improve
11206,16,1260.8999999999996,16,1260.8999999999996,2opt,improve
11207,16,1260.8999999999996,16,1260.8999999999996,move,improve
11208,16,1260.8999999999996,16,1260.8999999999996,2opt,notBad
11209,16,1260.8999999999996,16,1260.8999999999996,move,improve
11210,16,1260.8999999999996,16,1260.8999999999996,swap,notBad
11211,16,1260.8999999999996,16,1260.8999999999996,2opt,notBad
11212,16,1260.8999999999996,16,1260.8999999999996,move,improve
11213,16,1260.8999999999996,16,1260.8999999999996,swap,notBad
11214,16,1260.8999999999996,16,1260.8999999999996,2opt,notBad
11215,16,1260.8999999999996,16,1260.8999999999996,2opt,notBad
11216,16,1260.8999999999996,16,1260.8999999999996,swap,notBad
11217,16,1260.8999999999996,16,1260.8999999999996,2opt,notBad
11218,16,1260.8999999999996,16,1260.8999999999996,swap,notBad
11219,16,1260.8999999999996,16,1260.8999999999996,swap,notBad
11220,16,1260.8999999999996,16,1260.8999999999996,swap,notBad
11221,16,1260.8999999999996,16,1260.8999999999996,swap,notBad
11222,16,1260.8999999999996,16,1260.8999999999996,move,improve
11223,16,1260.8999999999996,16,1260.8999999999996,swap,notBad
11224,16,1260.8999999999996,16,1260.8999999999996,swap,notBad
11225,16,1260.8999999999996,16,1260.8999999999996,2opt,notBad
11226,16,1260.8999999999996,16,1260.8999999999996,swap,notBad
11227,16,1260.8999999999996,16,1260.8999999999996,swap,notBad
11228,16,1260.8999999999996,16,1260.8999999999996,2opt,notBad
11229,16,1260.8999999999996,16,1260.8999999999996,move,improve
11230,16,1260.8999999999996,16,1260.8999999999996,swap,notBad
11231,16,1260.8999999999996,16,1260.8999999999996,move,improve
11232,16,1260.8999999999996,16,1260.8999999999996,swap,notBad
11233,16,1260.8999999999996,16,1260.8999999999996,swap,notBad
11234,16,1260.8999999999996,16,1260.8999999999996,2opt,notBad
11235,16,1260.8999999999996,16,1260.8999999999996,swap,notBad
11236,16,1260.8999999999996,16,1260.8999999999996,2opt,notBad
11237,16,1260.8999999999996,16,1260.8999999999996,swap,notBad
11238,16,1260.8999999999996,16,1260.8999999999996,move,improve
11239,16,1260.8999999999996,16,1260.8999999999996,swap,notBad
11240,16,1260.8999999999996,16,1260.8999999999996,move,improve
11241,16,1260.8999999999996,16,1260.8999999999996,move,improve
11242,16,1260.8999999999996,16,1260.8999999999996,swap,notBad
11243,16,1260.8999999999996,16,1260.8999999999996,2opt,notBad
11244,16,1260.8999999999996,16,1260.8999999999996,2opt,notBad
11245,16,1260.8999999999996,16,1260.8999999999996,move,improve
11246,16,1260.8999999999996,16,1260.8999999999996,swap,notBad
11247,16,1260.8999999999996,16,1260.8999999999996,move,improve
11248,16,1260.8999999999996,16,1260.8999999999996,2opt,improve
11249,16,1260.8999999999996,16,1260.8999999999996,2opt,notBad
11250,16,1260.8999999999996,16,1260.8999999999996,swap,notBad
11251,16,1260.8999999999996,16,1260.8999999999996,move,improve
11252,16,1260.8999999999996,16,1260.8999999999996,swap,notBad
11253,16,1260.8999999999996,16,1260.8999999999996,swap,notBad
11254,16,1260.8999999999996,16,1260.8999999999996,2opt,notBad
11255,16,1260.8999999999996,16,1260.8999999999996,move,improve
11256,16,1260.8999999999996,16,1260.8999999999996,2opt,notBad
11257,16,1260.8999999999996,16,1260.8999999999996,swap,notBad
11258,16,1260.8999999999996,16,1260.8999999999996,2opt,notBad
11259,16,1260.8999999999996,16,1260.8999999999996,swap,notBad
11260,16,1260.8999999999996,16,1260.8999999999996,swap,notBad
11261,16,1260.8999999999996,16,1260.8999999999996,2opt,notBad
11262,16,1260.8999999999996,16,1260.8999999999996,2opt,notBad
11263,16,1260.8999999999996,16,1260.8999999999996,swap,notBad
11264,16,1260.8999999999996,16,1260.8999999999996,swap,notBad
11265,16,1260.8999999999996,16,1260.8999999999996,swap,notBad
11266,16,1260.8999999999996,16,1260.8999999999996,2opt,notBad
11267,16,1260.8999999999996,16,1260.8999999999996,2opt,improve
11268,16,1260.8999999999996,16,1260.8999999999996,2opt,notBad
11269,16,1260.8999999999996,16,1260.8999999999996,2opt,notBad
11270,16,1260.8999999999996,16,1260.8999999999996,swap,notBad
11271,16,1260.8999999999996,16,1260.8999999999996,2opt,improve
11272,16,1260.8999999999996,16,1260.8999999999996,move,improve
11273,16,1260.8999999999996,16,1260.8999999999996,move,improve
11274,16,1260.8999999999996,16,1260.8999999999996,2opt,notBad
11275,16,1260.8999999999996,16,1260.8999999999996,swap,notBad
11276,16,1260.8999999999996,16,1260.8999999999996,swap,notBad
11277,16,1260.8999999999996,16,1260.8999999999996,move,improve
11278,16,1260.8999999999996,16,1260.8999999999996,2opt,notBad
11279,16,1260.8999999999996,16,1260.8999999999996,move,improve
11280,16,1260.8999999999996,16,1260.8999999999996,swap,notBad
11281,16,1260.8999999999996,16,1260.8999999999996,move,improve
11282,16,1260.8999999999996,16,1260.8999999999996,2opt,notBad
11283,16,1260.8999999999996,16,1260.8999999999996,move,improve
11284,16,1260.8999999999996,16,1260.8999999999996,swap,notBad
11285,16,1260.8999999999996,16,1260.8999999999996,swap,notBad
11286,16,1260.8999999999996,16,1260.8999999999996,move,improve
11287,16,1260.8999999999996,16,1260.8999999999996,swap,notBad
11288,16,1260.8999999999996,16,1260.8999999999996,2opt,notBad
11289,16,1260.8999999999996,16,1260.8999999999996,swap,notBad
11290,16,1260.8999999999996,16,1260.8999999999996,move,improve
11291,16,1260.8999999999996,16,1260.8999999999996,swap,notBad
11292,16,1260.8999999999996,16,1260.8999999999996,move,notBad
11293,16,1260.8999999999996,16,1260.8999999999996,2opt,notBad
11294,16,1260.8999999999996,16,1260.8999999999996,swap,notBad
11295,16,1260.8999999999996,16,1260.8999999999996,2opt,notBad
11296,16,1260.8999999999996,16,1260.8999999999996,2opt,notBad
11297,16,1260.8999999999996,16,1260.8999999999996,move,improve
11298,16,1260.8999999999996,16,1260.8999999999996,swap,notBad
11299,16,1260.8999999999996,16,1260.8999999999996,2opt,notBad
11300,16,1260.8999999999996,16,1260.8999999999996,move,improve
11301,16,1261.2999999999997,16,1260.8999999999996,swap,acceptBad
11302,16,1261.2999999999997,16,1260.8999999999996,swap,notBad
11303,16,1261.2999999999997,16,1260.8999999999996,swap,notBad
11304,16,1261.2999999999997,16,1260.8999999999996,move,improve
11305,16,1261.2999999999997,16,1260.8999999999996,move,improve
11306,16,1261.2999999999997,16,1260.8999999999996,2opt,notBad
11307,16,1261.2999999999997,16,1260.8999999999996,2opt,notBad
11308,16,1261.2999999999997,16,1260.8999999999996,2opt,notBad
11309,16,1261.2999999999997,16,1260.8999999999996,swap,notBad
11310,16,1261.2999999999997,16,1260.8999999999996,swap,notBad
11311,16,1261.2999999999997,16,1260.8999999999996,2opt,improve
11312,16,1261.2999999999997,16,1260.8999999999996,swap,notBad
11313,16,1261.2999999999997,16,1260.8999999999996,2opt,notBad
11314,16,1261.2999999999997,16,1260.8999999999996,move,improve
11315,16,1261.2999999999997,16,1260.8999999999996,swap,notBad
11316,16,1261.2999999999997,16,1260.8999999999996,move,improve
11317,16,1261.2999999999997,16,1260.8999999999996,move,improve
11318,16,1261.2999999999997,16,1260.8999999999996,move,improve
11319,16,1261.2999999999997,16,1260.8999999999996,2opt,notBad
11320,16,1261.2999999999997,16,1260.8999999999996,move,improve
11321,16,1261.2999999999997,16,1260.8999999999996,swap,notBad
11322,16,1261.2999999999997,16,1260.8999999999996,swap,notBad
11323,16,1261.2999999999997,16,1260.8999999999996,2opt,notBad
11324,16,1261.2999999999997,16,1260.8999999999996,move,improve
11325,16,1261.2999999999997,16,1260.8999999999996,swap,notBad
11326,16,1261.2999999999997,16,1260.8999999999996,move,improve
11327,16,1261.2999999999997,16,1260.8999999999996,2opt,notBad
11328,16,1261.2999999999997,16,1260.8999999999996,swap,notBad
11329,16,1261.2999999999997,16,1260.8999999999996,2opt,notBad
11330,16,1261.2999999999997,16,1260.8999999999996,swap,notBad
11331,16,1261.2999999999997,16,1260.8999999999996,swap,notBad
11332,16,1261.2999999999997,16,1260.8999999999996,2opt,notBad
11333,16,1261.2999999999997,16,1260.8999999999996,move,improve
11334,16,1261.2999999999997,16,1260.8999999999996,move,improve
11335,16,1261.2999999999997,16,1260.8999999999996,swap,notBad
11336,16,1261.2999999999997,16,1260.8999999999996,move,improve
11337,16,1261.1999999999996,16,1260.8999999999996,move,improve
11338,16,1261.1999999999996,16,1260.8999999999996,2opt,notBad
11339,16,1261.1999999999996,16,1260.8999999999996,2opt,notBad
11340,16,1261.1999999999996,16,1260.8999999999996,2opt,notBad
11341,16,1261.1999999999996,16,1260.8999999999996,2opt,notBad
11342,16,1261.1999999999996,16,1260.8999999999996,swap,notBad
11343,16,1261.1999999999996,16,1260.8999999999996,move,improve
11344,16,1261.1999999999996,16,1260.8999999999996,swap,notBad
11345,16,1261.1999999999996,16,1260.8999999999996,swap,notBad
11346,16,1261.1999999999996,16,1260.8999999999996,move,improve
11347,16,1261.1999999999996,16,1260.8999999999996,2opt,notBad
11348,16,1261.1999999999996,16,1260.8999999999996,move,improve
11349,16,1261.1999999999996,16,1260.8999999999996,2opt,notBad
11350,16,1261.1999999999996,16,1260.8999999999996,2opt,notBad
11351,16,1261.1999999999996,16,1260.8999999999996,2opt,notBad
11352,16,1261.1999999999996,16,1260.8999999999996,swap,notBad
11353,16,1261.1999999999996,16,1260.8999999999996,2opt,notBad
11354,16,1261.1999999999996,16,1260.8999999999996,2opt,notBad
11355,16,1261.1999999999996,16,1260.8999999999996,2opt,notBad
11356,16,1261.1999999999996,16,1260.8999999999996,move,improve
11357,16,1261.1999999999996,16,1260.8999999999996,2opt,notBad
11358,16,1261.1999999999996,16,1260.8999999999996,move,improve
11359,16,1261.1999999999996,16,1260.8999999999996,swap,notBad
11360,16,1261.1999999999996,16,1260.8999999999996,move,improve
11361,16,1261.1999999999996,16,1260.8999999999996,swap,notBad
11362,16,1261.1999999999996,16,1260.8999999999996,swap,notBad
11363,16,1261.1999999999996,16,1260.8999999999996,2opt,notBad
11364,16,1261.1999999999996,16,1260.8999999999996,move,improve
11365,16,1261.1999999999996,16,1260.8999999999996,swap,notBad
11366,16,1261.1999999999996,16,1260.8999999999996,swap,notBad
11367,16,1261.1999999999996,16,1260.8999999999996,2opt,notBad
11368,16,1261.1999999999996,16,1260.8999999999996,move,improve
11369,16,1261.1999999999996,16,1260.8999999999996,move,improve
11370,16,1261.1999999999996,16,1260.8999999999996,2opt,notBad
11371,16,1261.1999999999996,16,1260.8999999999996,2opt,notBad
11372,16,1261.1999999999996,16,1260.8999999999996,2opt,notBad
11373,16,1261.1999999999996,16,1260.8999999999996,move,improve
11374,16,1261.1999999999996,16,1260.8999999999996,2opt,notBad
11375,16,1261.1999999999996,16,1260.8999999999996,2opt,notBad
11376,16,1261.1999999999996,16,1260.8999999999996,move,improve
11377,16,1261.1999999999996,16,1260.8999999999996,2opt,notBad
11378,16,1261.1999999999996,16,1260.8999999999996,swap,notBad
11379,16,1261.1999999999996,16,1260.8999999999996,move,improve
11380,16,1261.1999999999996,16,1260.8999999999996,move,improve
11381,16,1261.1999999999996,16,1260.8999999999996,swap,notBad
11382,16,1261.1999999999996,16,1260.8999999999996,2opt,notBad
11383,16,1261.1999999999996,16,1260.8999999999996,swap,notBad
11384,16,1261.1999999999996,16,1260.8999999999996,swap,notBad
11385,16,1261.1999999999996,16,1260.8999999999996,move,improve
11386,16,1261.1999999999996,16,1260.8999999999996,swap,notBad
11387,16,1261.1999999999996,16,1260.8999999999996,2opt,notBad
11388,16,1261.1999999999996,16,1260.8999999999996,move,improve
11389,16,1261.1999999999996,16,1260.8999999999996,swap,notBad
11390,16,1261.1999999999996,16,1260.8999999999996,2opt,notBad
11391,16,1261.1999999999996,16,1260.8999999999996,move,improve
11392,16,1261.1999999999996,16,1260.8999999999996,move,improve
11393,16,1261.1999999999996,16,1260.8999999999996,2opt,improve
11394,16,1261.1999999999996,16,1260.8999999999996,swap,notBad
11395,16,1261.1999999999996,16,1260.8999999999996,swap,notBad
11396,16,1261.1999999999996,16,1260.8999999999996,swap,notBad
11397,16,1261.1999999999996,16,1260.8999999999996,swap,notBad
11398,16,1261.1999999999996,16,1260.8999999999996,move,improve
11399,16,1261.1999999999996,16,1260.8999999999996,move,improve
11400,16,1261.1999999999996,16,1260.8999999999996,swap,notBad
11401,16,1261.1999999999996,16,1260.8999999999996,swap,notBad
11402,16,1261.1999999999996,16,1260.8999999999996,move,improve
11403,16,1261.1999999999996,16,1260.8999999999996,swap,notBad
11404,16,1261.1999999999996,16,1260.8999999999996,swap,notBad
11405,16,1261.1999999999996,16,1260.8999999999996,swap,notBad
11406,16,1261.1999999999996,16,1260.8999999999996,swap,notBad
11407,16,1261.1999999999996,16,1260.8999999999996,2opt,notBad
11408,16,1261.1999999999996,16,1260.8999999999996,swap,notBad
11409,16,1261.1999999999996,16,1260.8999999999996,swap,notBad
11410,16,1261.1999999999996,16,1260.8999999999996,move,improve
11411,16,1261.1999999999996,16,1260.8999999999996,2opt,notBad
11412,16,1261.1999999999996,16,1260.8999999999996,move,notBad
11413,16,1261.1999999999996,16,1260.8999999999996,swap,notBad
11414,16,1261.1999999999996,16,1260.8999999999996,move,improve
11415,16,1261.1999999999996,16,1260.8999999999996,swap,notBad
11416,16,1261.1999999999996,16,1260.8999999999996,swap,notBad
11417,16,1261.1999999999996,16,1260.8999999999996,2opt,improve
11418,16,1261.1999999999996,16,1260.8999999999996,2opt,notBad
11419,16,1261.1999999999996,16,1260.8999999999996,move,improve
11420,16,1261.1999999999996,16,1260.8999999999996,swap,notBad
11421,16,1261.1999999999996,16,1260.8999999999996,swap,notBad
11422,16,1261.1999999999996,16,1260.8999999999996,move,improve
11423,16,1261.1999999999996,16,1260.8999999999996,2opt,notBad
11424,16,1261.1999999999996,16,1260.8999999999996,2opt,notBad
11425,16,1261.1999999999996,16,1260.8999999999996,swap,notBad
11426,16,1261.1999999999996,16,1260.8999999999996,2opt,notBad
11427,16,1261.1999999999996,16,1260.8999999999996,2opt,notBad
11428,16,1261.1999999999996,16,1260.8999999999996,move,improve
11429,16,1261.1999999999996,16,1260.8999999999996,swap,notBad
11430,16,1261.1999999999996,16,1260.8999999999996,2opt,notBad
11431,16,1261.1999999999996,16,1260.8999999999996,move,improve
11432,16,1261.1999999999996,16,1260.8999999999996,2opt,notBad
11433,16,1261.1999999999996,16,1260.8999999999996,2opt,notBad
11434,16,1261.1999999999996,16,1260.8999999999996,2opt,notBad
11435,16,1261.1999999999996,16,1260.8999999999996,move,improve
11436,16,1261.1999999999996,16,1260.8999999999996,move,improve
11437,16,1261.1999999999996,16,1260.8999999999996,swap,notBad
11438,16,1261.1999999999996,16,1260.8999999999996,move,improve
11439,16,1261.1999999999996,16,1260.8999999999996,swap,notBad
11440,16,1261.1999999999996,16,1260.8999999999996,swap,notBad
11441,16,1261.1999999999996,16,1260.8999999999996,2opt,notBad
11442,16,1261.1999999999996,16,1260.8999999999996,2opt,improve
11443,16,1261.1999999999996,16,1260.8999999999996,2opt,improve
11444,16,1261.1999999999996,16,1260.8999999999996,move,improve
11445,16,1261.1999999999996,16,1260.8999999999996,2opt,notBad
11446,16,1261.1999999999996,16,1260.8999999999996,move,improve
11447,16,1261.1999999999996,16,1260.8999999999996,swap,notBad
11448,16,1261.1999999999996,16,1260.8999999999996,move,improve
11449,16,1261.1999999999996,16,1260.8999999999996,swap,notBad
11450,16,1261.1999999999996,16,1260.8999999999996,2opt,notBad
11451,16,1261.1999999999996,16,1260.8999999999996,2opt,notBad
11452,16,1261.1999999999996,16,1260.8999999999996,2opt,notBad
11453,16,1261.1999999999996,16,1260.8999999999996,2opt,notBad
11454,16,1261.1999999999996,16,1260.8999999999996,move,improve
11455,16,1261.1999999999996,16,1260.8999999999996,2opt,notBad
11456,16,1261.1999999999996,16,1260.8999999999996,2opt,notBad
11457,16,1261.1999999999996,16,1260.8999999999996,2opt,notBad
11458,16,1261.1999999999996,16,1260.8999999999996,swap,notBad
11459,16,1261.1999999999996,16,1260.8999999999996,2opt,notBad
11460,16,1261.1999999999996,16,1260.8999999999996,swap,notBad
11461,16,1261.1999999999996,16,1260.8999999999996,move,improve
11462,16,1261.1999999999996,16,1260.8999999999996,move,improve
11463,16,1261.1999999999996,16,1260.8999999999996,move,improve
11464,16,1261.1999999999996,16,1260.8999999999996,2opt,improve
11465,16,1261.1999999999996,16,1260.8999999999996,2opt,notBad
11466,16,1261.1999999999996,16,1260.8999999999996,move,improve
11467,16,1261.1999999999996,16,1260.8999999999996,move,improve
11468,16,1261.1999999999996,16,1260.8999999999996,2opt,notBad
11469,16,1261.1999999999996,16,1260.8999999999996,2opt,improve
11470,16,1261.1999999999996,16,1260.8999999999996,swap,notBad
11471,16,1261.1999999999996,16,1260.8999999999996,move,improve
11472,16,1261.1999999999996,16,1260.8999999999996,swap,notBad
11473,16,1261.1999999999996,16,1260.8999999999996,move,improve
11474,16,1261.1999999999996,16,1260.8999999999996,2opt,notBad
11475,16,1261.1999999999996,16,1260.8999999999996,2opt,notBad
11476,16,1261.1999999999996,16,1260.8999999999996,2opt,notBad
11477,16,1261.1999999999996,16,1260.8999999999996,2opt,notBad
11478,16,1261.1999999999996,16,1260.8999999999996,move,improve
11479,16,1261.1999999999996,16,1260.8999999999996,2opt,notBad
11480,16,1261.1999999999996,16,1260.8999999999996,2opt,notBad
11481,16,1261.1999999999996,16,1260.8999999999996,move,improve
11482,16,1261.1999999999996,16,1260.8999999999996,swap,notBad
11483,16,1261.1999999999996,16,1260.8999999999996,swap,notBad
11484,16,1261.1999999999996,16,1260.8999999999996,swap,notBad
11485,16,1261.1999999999996,16,1260.8999999999996,move,improve
11486,16,1261.1999999999996,16,1260.8999999999996,2opt,notBad
11487,16,1261.1999999999996,16,1260.8999999999996,2opt,notBad
11488,16,1261.1999999999996,16,1260.8999999999996,swap,notBad
11489,16,1261.1999999999996,16,1260.8999999999996,move,improve
11490,16,1261.1999999999996,16,1260.8999999999996,2opt,notBad
11491,16,1261.1999999999996,16,1260.8999999999996,swap,notBad
11492,16,1261.1999999999996,16,1260.8999999999996,move,improve
11493,16,1261.1999999999996,16,1260.8999999999996,swap,notBad
11494,16,1261.1999999999996,16,1260.8999999999996,move,improve
11495,16,1261.1999999999996,16,1260.8999999999996,2opt,notBad
11496,16,1261.1999999999996,16,1260.8999999999996,move,improve
11497,16,1261.1999999999996,16,1260.8999999999996,move,improve
11498,16,1261.1999999999996,16,1260.8999999999996,move,improve
11499,16,1261.1999999999996,16,1260.8999999999996,move,improve
11500,16,1261.1999999999996,16,1260.8999999999996,move,improve
11501,16,1261.1999999999996,16,1260.8999999999996,move,improve
11502,16,1261.1999999999996,16,1260.8999999999996,swap,notBad
11503,16,1261.1999999999996,16,1260.8999999999996,2opt,notBad
11504,16,1261.1999999999996,16,1260.8999999999996,2opt,notBad
11505,16,1261.1999999999996,16,1260.8999999999996,2opt,improve
11506,16,1261.1999999999996,16,1260.8999999999996,move,improve
11507,16,1261.1999999999996,16,1260.8999999999996,move,improve
11508,16,1261.1999999999996,16,1260.8999999999996,move,improve
11509,16,1261.1999999999996,16,1260.8999999999996,2opt,notBad
11510,16,1261.1999999999996,16,1260.8999999999996,swap,notBad
11511,16,1261.1999999999996,16,1260.8999999999996,2opt,notBad
11512,16,1261.1999999999996,16,1260.8999999999996,2opt,notBad
11513,16,1261.1999999999996,16,1260.8999999999996,swap,notBad
11514,16,1261.1999999999996,16,1260.8999999999996,move,improve
11515,16,1261.1999999999996,16,1260.8999999999996,swap,notBad
11516,16,1261.1999999999996,16,1260.8999999999996,2opt,notBad
11517,16,1261.1999999999996,16,1260.8999999999996,swap,notBad
11518,16,1261.1999999999996,16,1260.8999999999996,move,improve
11519,16,1261.1999999999996,16,1260.8999999999996,swap,notBad
11520,16,1261.1999999999996,16,1260.8999999999996,move,improve
11521,16,1261.1999999999996,16,1260.8999999999996,swap,notBad
11522,16,1261.1999999999996,16,1260.8999999999996,2opt,notBad
11523,16,1261.1999999999996,16,1260.8999999999996,move,improve
11524,16,1261.1999999999996,16,1260.8999999999996,swap,notBad
11525,16,1261.1999999999996,16,1260.8999999999996,2opt,notBad
11526,16,1261.1999999999996,16,1260.8999999999996,swap,notBad
11527,16,1261.1999999999996,16,1260.8999999999996,move,improve
11528,16,1261.1999999999996,16,1260.8999999999996,2opt,notBad
11529,16,1261.1999999999996,16,1260.8999999999996,move,improve
11530,16,1261.1999999999996,16,1260.8999999999996,move,improve
11531,16,1261.1999999999996,16,1260.8999999999996,2opt,notBad
11532,16,1261.1999999999996,16,1260.8999999999996,move,improve
11533,16,1261.1999999999996,16,1260.8999999999996,2opt,notBad
11534,16,1261.1999999999996,16,1260.8999999999996,swap,notBad
11535,16,1261.1999999999996,16,1260.8999999999996,2opt,improve
11536,16,1261.1999999999996,16,1260.8999999999996,swap,notBad
11537,16,1261.1999999999996,16,1260.8999999999996,swap,notBad
11538,16,1261.1999999999996,16,1260.8999999999996,move,improve
11539,16,1261.1999999999996,16,1260.8999999999996,move,improve
11540,16,1261.1999999999996,16,1260.8999999999996,swap,notBad
11541,16,1261.1999999999996,16,1260.8999999999996,2opt,notBad
11542,16,1261.1999999999996,16,1260.8999999999996,move,improve
11543,16,1261.1999999999996,16,1260.8999999999996,move,improve
11544,16,1261.1999999999996,16,1260.8999999999996,move,improve
11545,16,1261.1999999999996,16,1260.8999999999996,swap,notBad
11546,16,1261.1999999999996,16,1260.8999999999996,swap,notBad
11547,16,1261.1999999999996,16,1260.8999999999996,swap,notBad
11548,16,1261.1999999999996,16,1260.8999999999996,move,improve
11549,16,1261.1999999999996,16,1260.8999999999996,2opt,notBad
11550,16,1261.1999999999996,16,1260.8999999999996,swap,notBad
11551,16,1261.1999999999996,16,1260.8999999999996,swap,notBad
11552,16,1261.1999999999996,16,1260.8999999999996,swap,notBad
11553,16,1261.1999999999996,16,1260.8999999999996,swap,notBad
11554,16,1261.1999999999996,16,1260.8999999999996,2opt,notBad
11555,16,1261.1999999999996,16,1260.8999999999996,move,improve
11556,16,1261.1999999999996,16,1260.8999999999996,swap,notBad
11557,16,1261.1999999999996,16,1260.8999999999996,swap,notBad
11558,16,1261.1999999999996,16,1260.8999999999996,2opt,notBad
11559,16,1261.1999999999996,16,1260.8999999999996,2opt,notBad
11560,16,1261.1999999999996,16,1260.8999999999996,2opt,notBad
11561,16,1261.1999999999996,16,1260.8999999999996,move,improve
11562,16,1261.1999999999996,16,1260.8999999999996,2opt,notBad
11563,16,1261.1999999999996,16,1260.8999999999996,move,improve
11564,16,1261.1999999999996,16,1260.8999999999996,swap,notBad
11565,16,1261.1999999999996,16,1260.8999999999996,2opt,notBad
11566,16,1261.1999999999996,16,1260.8999999999996,move,improve
11567,16,1261.1999999999996,16,1260.8999999999996,2opt,notBad
11568,16,1261.1999999999996,16,1260.8999999999996,move,improve
11569,16,1261.1999999999996,16,1260.8999999999996,2opt,notBad
11570,16,1261.1999999999996,16,1260.8999999999996,2opt,notBad
11571,16,1261.1999999999996,16,1260.8999999999996,swap,notBad
11572,16,1261.1999999999996,16,1260.8999999999996,move,improve
11573,16,1261.1999999999996,16,1260.8999999999996,swap,notBad
11574,16,1261.1999999999996,16,1260.8999999999996,move,improve
11575,16,1261.1999999999996,16,1260.8999999999996,swap,notBad
11576,16,1261.1999999999996,16,1260.8999999999996,2opt,improve
11577,16,1261.1999999999996,16,1260.8999999999996,swap,notBad
11578,16,1261.1999999999996,16,1260.8999999999996,swap,notBad
11579,16,1261.1999999999996,16,1260.8999999999996,move,improve
11580,16,1261.1999999999996,16,1260.8999999999996,move,improve
11581,16,1261.1999999999996,16,1260.8999999999996,2opt,improve
11582,16,1261.1999999999996,16,1260.8999999999996,swap,notBad
11583,16,1261.1999999999996,16,1260.8999999999996,2opt,notBad
11584,16,1261.1999999999996,16,1260.8999999999996,move,improve
11585,16,1261.1999999999996,16,1260.8999999999996,2opt,notBad
11586,16,1261.1999999999996,16,1260.8999999999996,move,improve
11587,16,1261.1999999999996,16,1260.8999999999996,move,improve
11588,16,1261.1999999999996,16,1260.8999999999996,2opt,notBad
11589,16,1261.1999999999996,16,1260.8999999999996,swap,notBad
11590,16,1261.1999999999996,16,1260.8999999999996,move,improve
11591,16,1261.1999999999996,16,1260.8999999999996,move,improve
11592,16,1261.1999999999996,16,1260.8999999999996,move,improve
11593,16,1261.1999999999996,16,1260.8999999999996,move,improve
11594,16,1261.1999999999996,16,1260.8999999999996,swap,notBad
11595,16,1261.1999999999996,16,1260.8999999999996,move,improve
11596,16,1261.1999999999996,16,1260.8999999999996,2opt,notBad
11597,16,1261.1999999999996,16,1260.8999999999996,2opt,notBad
11598,16,1261.1999999999996,16,1260.8999999999996,move,improve
11599,16,1261.1999999999996,16,1260.8999999999996,swap,notBad
11600,16,1261.1999999999996,16,1260.8999999999996,swap,notBad
11601,16,1261.1999999999996,16,1260.8999999999996,2opt,notBad
11602,16,1261.1999999999996,16,1260.8999999999996,move,improve
11603,16,1261.1999999999996,16,1260.8999999999996,2opt,notBad
11604,16,1261.1999999999996,16,1260.8999999999996,2opt,notBad
11605,16,1261.1999999999996,16,1260.8999999999996,2opt,notBad
11606,16,1261.1999999999996,16,1260.8999999999996,swap,notBad
11607,16,1261.1999999999996,16,1260.8999999999996,move,notBad
11608,16,1261.1999999999996,16,1260.8999999999996,move,improve
11609,16,1261.1999999999996,16,1260.8999999999996,move,improve
11610,16,1261.1999999999996,16,1260.8999999999996,2opt,notBad
11611,16,1261.1999999999996,16,1260.8999999999996,swap,notBad
11612,16,1261.1999999999996,16,1260.8999999999996,swap,notBad
11613,16,1261.1999999999996,16,1260.8999999999996,move,improve
11614,16,1261.1999999999996,16,1260.8999999999996,swap,notBad
11615,16,1261.1999999999996,16,1260.8999999999996,2opt,notBad
11616,16,1261.1999999999996,16,1260.8999999999996,swap,notBad
11617,16,1261.1999999999996,16,1260.8999999999996,swap,notBad
11618,16,1261.1999999999996,16,1260.8999999999996,move,improve
11619,16,1261.1999999999996,16,1260.8999999999996,move,improve
11620,16,1261.1999999999996,16,1260.8999999999996,swap,notBad
11621,16,1261.1999999999996,16,1260.8999999999996,move,improve
11622,16,1261.1999999999996,16,1260.8999999999996,2opt,improve
11623,16,1261.1999999999996,16,1260.8999999999996,swap,notBad
11624,16,1261.1999999999996,16,1260.8999999999996,swap,notBad
11625,16,1261.1999999999996,16,1260.8999999999996,move,improve
11626,16,1261.1999999999996,16,1260.8999999999996,2opt,notBad
11627,16,1261.1999999999996,16,1260.8999999999996,2opt,notBad
11628,16,1261.1999999999996,16,1260.8999999999996,2opt,improve
11629,16,1261.1999999999996,16,1260.8999999999996,2opt,notBad
11630,16,1261.1999999999996,16,1260.8999999999996,2opt,notBad
11631,16,1261.1999999999996,16,1260.8999999999996,2opt,notBad
11632,16,1261.1999999999996,16,1260.8999999999996,swap,notBad
11633,16,1261.1999999999996,16,1260.8999999999996,swap,notBad
11634,16,1261.1999999999996,16,1260.8999999999996,move,improve
11635,16,1261.1999999999996,16,1260.8999999999996,move,improve
11636,16,1261.1999999999996,16,1260.8999999999996,move,improve
11637,16,1261.1999999999996,16,1260.8999999999996,swap,notBad
11638,16,1261.1999999999996,16,1260.8999999999996,2opt,notBad
11639,16,1260.8999999999996,16,1260.8999999999996,move,improve
11640,16,1260.8999999999996,16,1260.8999999999996,2opt,notBad
11641,16,1260.8999999999996,16,1260.8999999999996,2opt,notBad
11642,16,1260.8999999999996,16,1260.8999999999996,2opt,notBad
11643,16,1260.8999999999996,16,1260.8999999999996,move,improve
11644,16,1260.8999999999996,16,1260.8999999999996,move,improve
11645,16,1260.8999999999996,16,1260.8999999999996,swap,notBad
11646,16,1260.8999999999996,16,1260.8999999999996,2opt,notBad
11647,16,1260.8999999999996,16,1260.8999999999996,move,improve
11648,16,1260.8999999999996,16,1260.8999999999996,2opt,notBad
11649,16,1260.8999999999996,16,1260.8999999999996,swap,notBad
11650,16,1260.8999999999996,16,1260.8999999999996,move,improve
11651,16,1260.8999999999996,16,1260.8999999999996,move,improve
11652,16,1260.8999999999996,16,1260.8999999999996,move,improve
11653,16,1260.8999999999996,16,1260.8999999999996,move,improve
11654,16,1260.8999999999996,16,1260.8999999999996,swap,notBad
11655,16,1260.8999999999996,16,1260.8999999999996,2opt,notBad
11656,16,1260.8999999999996,16,1260.8999999999996,2opt,notBad
11657,16,1260.8999999999996,16,1260.8999999999996,move,improve
11658,16,1260.8999999999996,16,1260.8999999999996,move,improve
11659,16,1260.8999999999996,16,1260.8999999999996,swap,notBad
11660,16,1260.8999999999996,16,1260.8999999999996,move,improve
11661,16,1260.8999999999996,16,1260.8999999999996,move,improve
11662,16,1260.8999999999996,16,1260.8999999999996,2opt,notBad
11663,16,1260.8999999999996,16,1260.8999999999996,swap,notBad
11664,16,1260.8999999999996,16,1260.8999999999996,2opt,improve
11665,16,1260.8999999999996,16,1260.8999999999996,swap,notBad
11666,16,1260.8999999999996,16,1260.8999999999996,swap,notBad
11667,16,1260.8999999999996,16,1260.8999999999996,2opt,notBad
11668,16,1260.8999999999996,16,1260.8999999999996,2opt,notBad
11669,16,1260.8999999999996,16,1260.8999999999996,swap,notBad
11670,16,1260.8999999999996,16,1260.8999999999996,2opt,notBad
11671,16,1260.8999999999996,16,1260.8999999999996,swap,notBad
11672,16,1260.8999999999996,16,1260.8999999999996,move,improve
11673,16,1260.8999999999996,16,1260.8999999999996,move,improve
11674,16,1260.8999999999996,16,1260.8999999999996,swap,notBad
11675,16,1260.8999999999996,16,1260.8999999999996,2opt,notBad
11676,16,1260.8999999999996,16,1260.8999999999996,2opt,notBad
11677,16,1260.8999999999996,16,1260.8999999999996,swap,notBad
11678,16,1260.8999999999996,16,1260.8999999999996,move,improve
11679,16,1260.8999999999996,16,1260.8999999999996,2opt,notBad
11680,16,1260.8999999999996,16,1260.8999999999996,swap,notBad
11681,16,1260.8999999999996,16,1260.8999999999996,swap,notBad
11682,16,1260.8999999999996,16,1260.8999999999996,2opt,notBad
11683,16,1260.8999999999996,16,1260.8999999999996,move,improve
11684,16,1260.8999999999996,16,1260.8999999999996,move,improve
11685,16,1260.8999999999996,16,1260.8999999999996,swap,notBad
11686,16,1260.8999999999996,16,1260.8999999999996,move,improve
11687,16,1260.8999999999996,16,1260.8999999999996,swap,notBad
11688,16,1260.8999999999996,16,1260.8999999999996,move,improve
11689,16,1260.8999999999996,16,1260.8999999999996,move,improve
11690,16,1260.8999999999996,16,1260.8999999999996,move,improve
11691,16,1260.8999999999996,16,1260.8999999999996,2opt,notBad
11692,16,1260.8999999999996,16,1260.8999999999996,swap,notBad
11693,16,1260.8999999999996,16,1260.8999999999996,2opt,improve
11694,16,1260.8999999999996,16,1260.8999999999996,swap,notBad
11695,16,1260.8999999999996,16,1260.8999999999996,2opt,improve
11696,16,1260.8999999999996,16,1260.8999999999996,2opt,notBad
11697,16,1260.8999999999996,16,1260.8999999999996,swap,notBad
11698,16,1260.8999999999996,16,1260.8999999999996,2opt,notBad
11699,16,1260.8999999999996,16,1260.8999999999996,swap,notBad
11700,16,1260.8999999999996,16,1260.8999999999996,swap,notBad
11701,16,1260.8999999999996,16,1260.8999999999996,2opt,notBad
11702,16,1260.8999999999996,16,1260.8999999999996,move,improve
11703,16,1260.8999999999996,16,1260.8999999999996,2opt,notBad
11704,16,1260.8999999999996,16,1260.8999999999996,move,improve
11705,16,1260.8999999999996,16,1260.8999999999996,swap,notBad
11706,16,1260.8999999999996,16,1260.8999999999996,swap,notBad
11707,16,1260.8999999999996,16,1260.8999999999996,move,improve
11708,16,1260.8999999999996,16,1260.8999999999996,move,improve
11709,16,1260.8999999999996,16,1260.8999999999996,2opt,notBad
11710,16,1260.8999999999996,16,1260.8999999999996,move,improve
11711,16,1260.8999999999996,16,1260.8999999999996,swap,notBad
11712,16,1260.8999999999996,16,1260.8999999999996,swap,notBad
11713,16,1260.8999999999996,16,1260.8999999999996,2opt,improve
11714,16,1260.8999999999996,16,1260.8999999999996,2opt,notBad
11715,16,1260.8999999999996,16,1260.8999999999996,swap,notBad
11716,16,1260.8999999999996,16,1260.8999999999996,2opt,notBad
11717,16,1260.8999999999996,16,1260.8999999999996,move,improve
11718,16,1260.8999999999996,16,1260.8999999999996,2opt,improve
11719,16,1260.8999999999996,16,1260.8999999999996,2opt,notBad
11720,16,1260.8999999999996,16,1260.8999999999996,move,improve
11721,16,1260.8999999999996,16,1260.8999999999996,2opt,notBad
11722,16,1260.8999999999996,16,1260.8999999999996,swap,notBad
11723,16,1260.8999999999996,16,1260.8999999999996,move,improve
11724,16,1260.8999999999996,16,1260.8999999999996,move,improve
11725,16,1260.8999999999996,16,1260.8999999999996,swap,notBad
11726,16,1260.8999999999996,16,1260.8999999999996,2opt,improve
11727,16,1260.8999999999996,16,1260.8999999999996,2opt,notBad
11728,16,1260.8999999999996,16,1260.8999999999996,move,improve
11729,16,1260.8999999999996,16,1260.8999999999996,2opt,notBad
11730,16,1260.8999999999996,16,1260.8999999999996,move,improve
11731,16,1260.8999999999996,16,1260.8999999999996,swap,notBad
11732,16,1260.8999999999996,16,1260.8999999999996,swap,notBad
11733,16,1260.8999999999996,16,1260.8999999999996,swap,notBad
11734,16,1260.8999999999996,16,1260.8999999999996,2opt,notBad
11735,16,1260.8999999999996,16,1260.8999999999996,2opt,notBad
11736,16,1260.8999999999996,16,1260.8999999999996,swap,notBad
11737,16,1260.8999999999996,16,1260.8999999999996,move,improve
11738,16,1260.8999999999996,16,1260.8999999999996,2opt,notBad
11739,16,1260.8999999999996,16,1260.8999999999996,swap,notBad
11740,16,1260.8999999999996,16,1260.8999999999996,2opt,notBad
11741,16,1260.8999999999996,16,1260.8999999999996,swap,notBad
11742,16,1260.8999999999996,16,1260.8999999999996,2opt,notBad
11743,16,1260.8999999999996,16,1260.8999999999996,move,improve
11744,16,1260.8999999999996,16,1260.8999999999996,move,improve
11745,16,1260.8999999999996,16,1260.8999999999996,swap,notBad
11746,16,1260.8999999999996,16,1260.8999999999996,swap,notBad
11747,16,1260.8999999999996,16,1260.8999999999996,2opt,notBad
11748,16,1260.8999999999996,16,1260.8999999999996,2opt,notBad
11749,16,1260.8999999999996,16,1260.8999999999996,swap,notBad
11750,16,1260.8999999999996,16,1260.8999999999996,move,improve
11751,16,1260.8999999999996,16,1260.8999999999996,move,improve
11752,16,1260.8999999999996,16,1260.8999999999996,move,improve
11753,16,1260.8999999999996,16,1260.8999999999996,2opt,improve
11754,16,1260.8999999999996,16,1260.8999999999996,swap,notBad
11755,16,1260.8999999999996,16,1260.8999999999996,move,improve
11756,16,1260.8999999999996,16,1260.8999999999996,swap,notBad
11757,16,1260.8999999999996,16,1260.8999999999996,swap,notBad
11758,16,1260.8999999999996,16,1260.8999999999996,move,improve
11759,16,1260.8999999999996,16,1260.8999999999996,move,improve
11760,16,1260.8999999999996,16,1260.8999999999996,swap,notBad
11761,16,1260.8999999999996,16,1260.8999999999996,2opt,improve
11762,16,1260.8999999999996,16,1260.8999999999996,move,improve
11763,16,1260.8999999999996,16,1260.8999999999996,2opt,improve
11764,16,1260.8999999999996,16,1260.8999999999996,move,improve
11765,16,1260.8999999999996,16,1260.8999999999996,swap,notBad
11766,16,1260.8999999999996,16,1260.8999999999996,swap,notBad
11767,16,1260.8999999999996,16,1260.8999999999996,2opt,notBad
11768,16,1260.8999999999996,16,1260.8999999999996,move,improve
11769,16,1260.8999999999996,16,1260.8999999999996,move,improve
11770,16,1260.8999999999996,16,1260.8999999999996,2opt,notBad
11771,16,1260.8999999999996,16,1260.8999999999996,move,improve
11772,16,1260.8999999999996,16,1260.8999999999996,move,improve
11773,16,1260.8999999999996,16,1260.8999999999996,move,improve
11774,16,1260.8999999999996,16,1260.8999999999996,2opt,improve
11775,16,1260.8999999999996,16,1260.8999999999996,swap,notBad
11776,16,1260.8999999999996,16,1260.8999999999996,move,improve
11777,16,1260.8999999999996,16,1260.8999999999996,2opt,notBad
11778,16,1260.8999999999996,16,1260.8999999999996,2opt,notBad
11779,16,1260.8999999999996,16,1260.8999999999996,swap,notBad
11780,16,1260.8999999999996,16,1260.8999999999996,swap,notBad
11781,16,1260.8999999999996,16,1260.8999999999996,move,improve
11782,16,1260.8999999999996,16,1260.8999999999996,swap,notBad
11783,16,1260.8999999999996,16,1260.8999999999996,2opt,notBad
11784,16,1260.8999999999996,16,1260.8999999999996,swap,notBad
11785,16,1260.8999999999996,16,1260.8999999999996,move,improve
11786,16,1260.8999999999996,16,1260.8999999999996,move,improve
11787,16,1260.8999999999996,16,1260.8999999999996,2opt,improve
11788,16,1260.8999999999996,16,1260.8999999999996,swap,notBad
11789,16,1260.8999999999996,16,1260.8999999999996,swap,notBad
11790,16,1260.8999999999996,16,1260.8999999999996,swap,notBad
11791,16,1260.8999999999996,16,1260.8999999999996,move,improve
11792,16,1260.8999999999996,16,1260.8999999999996,swap,notBad
11793,16,1260.8999999999996,16,1260.8999999999996,move,improve
11794,16,1260.8999999999996,16,1260.8999999999996,2opt,notBad
11795,16,1260.8999999999996,16,1260.8999999999996,move,improve
11796,16,1260.8999999999996,16,1260.8999999999996,move,improve
11797,16,1260.8999999999996,16,1260.8999999999996,move,improve
11798,16,1260.8999999999996,16,1260.8999999999996,2opt,notBad
11799,16,1260.8999999999996,16,1260.8999999999996,2opt,notBad
11800,16,1260.8999999999996,16,1260.8999999999996,swap,notBad
11801,16,1260.8999999999996,16,1260.8999999999996,move,improve
11802,16,1260.8999999999996,16,1260.8999999999996,move,improve
11803,16,1260.8999999999996,16,1260.8999999999996,2opt,notBad
11804,16,1260.8999999999996,16,1260.8999999999996,move,improve
11805,16,1260.8999999999996,16,1260.8999999999996,swap,notBad
11806,16,1260.8999999999996,16,1260.8999999999996,swap,notBad
11807,16,1260.8999999999996,16,1260.8999999999996,swap,notBad
11808,16,1260.8999999999996,16,1260.8999999999996,swap,notBad
11809,16,1260.8999999999996,16,1260.8999999999996,swap,notBad
11810,16,1260.8999999999996,16,1260.8999999999996,2opt,notBad
11811,16,1260.8999999999996,16,1260.8999999999996,2opt,notBad
11812,16,1260.8999999999996,16,1260.8999999999996,move,improve
11813,16,1260.8999999999996,16,1260.8999999999996,move,improve
11814,16,1260.8999999999996,16,1260.8999999999996,swap,notBad
11815,16,1260.8999999999996,16,1260.8999999999996,2opt,notBad
11816,16,1260.8999999999996,16,1260.8999999999996,move,improve
11817,16,1260.8999999999996,16,1260.8999999999996,2opt,notBad
11818,16,1260.8999999999996,16,1260.8999999999996,swap,notBad
11819,16,1260.8999999999996,16,1260.8999999999996,move,improve
11820,16,1260.8999999999996,16,1260.8999999999996,swap,notBad
11821,16,1260.8999999999996,16,1260.8999999999996,swap,notBad
11822,16,1260.8999999999996,16,1260.8999999999996,move,improve
11823,16,1260.8999999999996,16,1260.8999999999996,swap,notBad
11824,16,1260.8999999999996,16,1260.8999999999996,swap,notBad
11825,16,1260.8999999999996,16,1260.8999999999996,move,improve
11826,16,1260.8999999999996,16,1260.8999999999996,move,improve
11827,16,1260.8999999999996,16,1260.8999999999996,swap,notBad
11828,16,1260.8999999999996,16,1260.8999999999996,swap,notBad
11829,16,1260.8999999999996,16,1260.8999999999996,2opt,improve
11830,16,1260.8999999999996,16,1260.8999999999996,2opt,notBad
11831,16,1260.8999999999996,16,1260.8999999999996,move,improve
11832,16,1260.8999999999996,16,1260.8999999999996,swap,notBad
11833,16,1260.8999999999996,16,1260.8999999999996,2opt,notBad
11834,16,1260.8999999999996,16,1260.8999999999996,move,improve
11835,16,1260.8999999999996,16,1260.8999999999996,swap,notBad
11836,16,1260.8999999999996,16,1260.8999999999996,move,improve
11837,16,1260.8999999999996,16,1260.8999999999996,swap,notBad
11838,16,1260.8999999999996,16,1260.8999999999996,move,improve
11839,16,1260.8999999999996,16,1260.8999999999996,2opt,notBad
11840,16,1260.8999999999996,16,1260.8999999999996,swap,notBad
11841,16,1260.8999999999996,16,1260.8999999999996,swap,notBad
11842,16,1260.8999999999996,16,1260.8999999999996,move,improve
11843,16,1260.8999999999996,16,1260.8999999999996,move,improve
11844,16,1260.8999999999996,16,1260.8999999999996,swap,notBad
11845,16,1260.8999999999996,16,1260.8999999999996,move,improve
11846,16,1260.8999999999996,16,1260.8999999999996,swap,notBad
11847,16,1260.8999999999996,16,1260.8999999999996,move,improve
11848,16,1260.8999999999996,16,1260.8999999999996,2opt,notBad
11849,16,1260.8999999999996,16,1260.8999999999996,move,improve
11850,16,1260.8999999999996,16,1260.8999999999996,swap,notBad
11851,16,1260.8999999999996,16,1260.8999999999996,2opt,notBad
11852,16,1260.8999999999996,16,1260.8999999999996,move,improve
11853,16,1260.8999999999996,16,1260.8999999999996,swap,notBad
11854,16,1260.8999999999996,16,1260.8999999999996,swap,notBad
11855,16,1260.8999999999996,16,1260.8999999999996,2opt,notBad
11856,16,1260.8999999999996,16,1260.8999999999996,move,improve
11857,16,1260.8999999999996,16,1260.8999999999996,move,improve
11858,16,1260.8999999999996,16,1260.8999999999996,2opt,notBad
11859,16,1260.8999999999996,16,1260.8999999999996,move,improve
11860,16,1260.8999999999996,16,1260.8999999999996,move,improve
11861,16,1260.8999999999996,16,1260.8999999999996,swap,notBad
11862,16,1260.8999999999996,16,1260.8999999999996,move,improve
11863,16,1260.8999999999996,16,1260.8999999999996,swap,notBad
11864,16,1260.8999999999996,16,1260.8999999999996,swap,notBad
11865,16,1260.8999999999996,16,1260.8999999999996,2opt,notBad
11866,16,1260.8999999999996,16,1260.8999999999996,move,improve
11867,16,1260.8999999999996,16,1260.8999999999996,2opt,notBad
11868,16,1260.8999999999996,16,1260.8999999999996,2opt,notBad
11869,16,1260.8999999999996,16,1260.8999999999996,swap,notBad
11870,16,1260.8999999999996,16,1260.8999999999996,2opt,notBad
11871,16,1260.8999999999996,16,1260.8999999999996,move,improve
11872,16,1260.8999999999996,16,1260.8999999999996,swap,notBad
11873,16,1260.8999999999996,16,1260.8999999999996,swap,notBad
11874,16,1260.8999999999996,16,1260.8999999999996,2opt,notBad
11875,16,1260.8999999999996,16,1260.8999999999996,swap,notBad
11876,16,1260.8999999999996,16,1260.8999999999996,2opt,notBad
11877,16,1260.8999999999996,16,1260.8999999999996,2opt,notBad
11878,16,1260.8999999999996,16,1260.8999999999996,swap,notBad
11879,16,1260.8999999999996,16,1260.8999999999996,swap,notBad
11880,16,1260.8999999999996,16,1260.8999999999996,2opt,notBad
11881,16,1260.8999999999996,16,1260.8999999999996,2opt,improve
11882,16,1260.8999999999996,16,1260.8999999999996,move,improve
11883,16,1260.8999999999996,16,1260.8999999999996,swap,notBad
11884,16,1260.8999999999996,16,1260.8999999999996,swap,notBad
11885,16,1260.8999999999996,16,1260.8999999999996,move,improve
11886,16,1260.8999999999996,16,1260.8999999999996,move,improve
11887,16,1260.8999999999996,16,1260.8999999999996,2opt,notBad
11888,16,1260.8999999999996,16,1260.8999999999996,2opt,notBad
11889,16,1260.8999999999996,16,1260.8999999999996,2opt,notBad
11890,16,1260.8999999999996,16,1260.8999999999996,swap,notBad
11891,16,1260.8999999999996,16,1260.8999999999996,swap,notBad
11892,16,1260.8999999999996,16,1260.8999999999996,2opt,notBad
11893,16,1260.8999999999996,16,1260.8999999999996,move,improve
11894,16,1260.8999999999996,16,1260.8999999999996,move,improve
11895,16,1260.8999999999996,16,1260.8999999999996,move,improve
11896,16,1260.8999999999996,16,1260.8999999999996,swap,notBad
11897,16,1260.8999999999996,16,1260.8999999999996,move,improve
11898,16,1260.8999999999996,16,1260.8999999999996,2opt,notBad
11899,16,1260.8999999999996,16,1260.8999999999996,2opt,notBad
11900,16,1260.8999999999996,16,1260.8999999999996,2opt,notBad
11901,16,1260.8999999999996,16,1260.8999999999996,swap,notBad
11902,16,1260.8999999999996,16,1260.8999999999996,swap,notBad
11903,16,1260.8999999999996,16,1260.8999999999996,2opt,notBad
11904,16,1260.8999999999996,16,1260.8999999999996,swap,notBad
11905,16,1260.8999999999996,16,1260.8999999999996,swap,notBad
11906,16,1260.8999999999996,16,1260.8999999999996,move,improve
11907,16,1260.8999999999996,16,1260.8999999999996,move,improve
11908,16,1260.8999999999996,16,1260.8999999999996,2opt,notBad
11909,16,1260.8999999999996,16,1260.8999999999996,move,improve
11910,16,1260.8999999999996,16,1260.8999999999996,2opt,notBad
11911,16,1260.8999999999996,16,1260.8999999999996,move,improve
11912,16,1260.8999999999996,16,1260.8999999999996,swap,notBad
11913,16,1260.8999999999996,16,1260.8999999999996,2opt,notBad
11914,16,1260.8999999999996,16,1260.8999999999996,2opt,notBad
11915,16,1260.8999999999996,16,1260.8999999999996,2opt,notBad
11916,16,1260.8999999999996,16,1260.8999999999996,swap,notBad
11917,16,1260.8999999999996,16,1260.8999999999996,2opt,notBad
11918,16,1260.8999999999996,16,1260.8999999999996,move,improve
11919,16,1260.8999999999996,16,1260.8999999999996,move,improve
11920,16,1260.8999999999996,16,1260.8999999999996,move,improve
11921,16,1260.8999999999996,16,1260.8999999999996,2opt,notBad
11922,16,1260.8999999999996,16,1260.8999999999996,swap,notBad
11923,16,1260.8999999999996,16,1260.8999999999996,2opt,improve
11924,16,1260.8999999999996,16,1260.8999999999996,swap,notBad
11925,16,1260.8999999999996,16,1260.8999999999996,2opt,notBad
11926,16,1260.8999999999996,16,1260.8999999999996,2opt,notBad
11927,16,1260.8999999999996,16,1260.8999999999996,move,improve
11928,16,1260.8999999999996,16,1260.8999999999996,2opt,notBad
11929,16,1260.8999999999996,16,1260.8999999999996,2opt,notBad
11930,16,1260.8999999999996,16,1260.8999999999996,move,improve
11931,16,1260.8999999999996,16,1260.8999999999996,2opt,notBad
11932,16,1260.8999999999996,16,1260.8999999999996,2opt,notBad
11933,16,1260.8999999999996,16,1260.8999999999996,move,improve
11934,16,1260.8999999999996,16,1260.8999999999996,2opt,notBad
11935,16,1260.8999999999996,16,1260.8999999999996,swap,notBad
11936,16,1260.8999999999996,16,1260.8999999999996,swap,notBad
11937,16,1260.8999999999996,16,1260.8999999999996,2opt,notBad
11938,16,1260.8999999999996,16,1260.8999999999996,move,improve
11939,16,1260.8999999999996,16,1260.8999999999996,2opt,notBad
11940,16,1260.8999999999996,16,1260.8999999999996,swap,notBad
11941,16,1260.8999999999996,16,1260.8999999999996,swap,notBad
11942,16,1260.8999999999996,16,1260.8999999999996,swap,notBad
11943,16,1260.8999999999996,16,1260.8999999999996,swap,notBad
11944,16,1260.8999999999996,16,1260.8999999999996,move,improve
11945,16,1260.8999999999996,16,1260.8999999999996,2opt,notBad
11946,16,1260.8999999999996,16,1260.8999999999996,2opt,notBad
11947,16,1260.8999999999996,16,1260.8999999999996,2opt,notBad
11948,16,1260.8999999999996,16,1260.8999999999996,2opt,notBad
11949,16,1260.8999999999996,16,1260.8999999999996,move,improve
11950,16,1260.8999999999996,16,1260.8999999999996,swap,notBad
11951,16,1260.8999999999996,16,1260.8999999999996,move,improve
11952,16,1260.8999999999996,16,1260.8999999999996,swap,notBad
11953,16,1260.8999999999996,16,1260.8999999999996,2opt,improve
11954,16,1260.8999999999996,16,1260.8999999999996,move,improve
11955,16,1260.8999999999996,16,1260.8999999999996,swap,notBad
11956,16,1260.8999999999996,16,1260.8999999999996,2opt,notBad
11957,16,1260.8999999999996,16,1260.8999999999996,move,improve
11958,16,1260.8999999999996,16,1260.8999999999996,move,improve
11959,16,1260.8999999999996,16,1260.8999999999996,swap,notBad
11960,16,1260.8999999999996,16,1260.8999999999996,swap,notBad
11961,16,1260.8999999999996,16,1260.8999999999996,swap,notBad
11962,16,1260.8999999999996,16,1260.8999999999996,2opt,notBad
11963,16,1260.8999999999996,16,1260.8999999999996,2opt,notBad
11964,16,1260.8999999999996,16,1260.8999999999996,swap,notBad
11965,16,1260.8999999999996,16,1260.8999999999996,swap,notBad
11966,16,1260.8999999999996,16,1260.8999999999996,2opt,notBad
11967,16,1260.8999999999996,16,1260.8999999999996,move,improve
11968,16,1260.8999999999996,16,1260.8999999999996,move,improve
11969,16,1260.8999999999996,16,1260.8999999999996,2opt,improve
11970,16,1260.8999999999996,16,1260.8999999999996,swap,notBad
11971,16,1260.8999999999996,16,1260.8999999999996,2opt,improve
11972,16,1260.8999999999996,16,1260.8999999999996,move,improve
11973,16,1260.8999999999996,16,1260.8999999999996,move,improve
11974,16,1260.8999999999996,16,1260.8999999999996,move,improve
11975,16,1260.8999999999996,16,1260.8999999999996,move,improve
11976,16,1260.8999999999996,16,1260.8999999999996,2opt,notBad
11977,16,1260.8999999999996,16,1260.8999999999996,move,improve
11978,16,1260.8999999999996,16,1260.8999999999996,move,improve
11979,16,1260.8999999999996,16,1260.8999999999996,swap,notBad
11980,16,1260.8999999999996,16,1260.8999999999996,swap,notBad
11981,16,1260.8999999999996,16,1260.8999999999996,2opt,notBad
11982,16,1260.8999999999996,16,1260.8999999999996,swap,notBad
11983,16,1260.8999999999996,16,1260.8999999999996,move,improve
11984,16,1260.8999999999996,16,1260.8999999999996,2opt,notBad
11985,16,1260.8999999999996,16,1260.8999999999996,2opt,improve
11986,16,1260.8999999999996,16,1260.8999999999996,move,improve
11987,16,1260.8999999999996,16,1260.8999999999996,move,improve
11988,16,1260.8999999999996,16,1260.8999999999996,2opt,notBad
11989,16,1260.8999999999996,16,1260.8999999999996,2opt,notBad
11990,16,1260.8999999999996,16,1260.8999999999996,move,improve
11991,16,1260.8999999999996,16,1260.8999999999996,2opt,notBad
11992,16,1260.8999999999996,16,1260.8999999999996,swap,notBad
11993,16,1260.8999999999996,16,1260.8999999999996,2opt,improve
11994,16,1260.8999999999996,16,1260.8999999999996,swap,notBad
11995,16,1260.8999999999996,16,1260.8999999999996,move,improve
11996,16,1260.8999999999996,16,1260.8999999999996,swap,notBad
11997,16,1260.8999999999996,16,1260.8999999999996,swap,notBad
11998,16,1260.8999999999996,16,1260.8999999999996,move,improve
11999,16,1260.8999999999996,16,1260.8999999999996,move,improve
12000,16,1260.8999999999996,16,1260.8999999999996,move,improve
12001,16,1260.8999999999996,16,1260.8999999999996,move,improve
12002,16,1260.8999999999996,16,1260.8999999999996,swap,notBad
12003,16,1260.8999999999996,16,1260.8999999999996,swap,notBad
12004,16,1260.8999999999996,16,1260.8999999999996,swap,notBad
12005,16,1260.8999999999996,16,1260.8999999999996,move,improve
12006,16,1260.8999999999996,16,1260.8999999999996,move,improve
12007,16,1260.8999999999996,16,1260.8999999999996,2opt,notBad
12008,16,1260.8999999999996,16,1260.8999999999996,move,improve
12009,16,1260.8999999999996,16,1260.8999999999996,move,improve
12010,16,1260.8999999999996,16,1260.8999999999996,move,improve
12011,16,1260.8999999999996,16,1260.8999999999996,2opt,notBad
12012,16,1260.8999999999996,16,1260.8999999999996,move,improve
12013,16,1260.8999999999996,16,1260.8999999999996,swap,notBad
12014,16,1260.8999999999996,16,1260.8999999999996,2opt,improve
12015,16,1260.8999999999996,16,1260.8999999999996,move,improve
12016,16,1260.8999999999996,16,1260.8999999999996,swap,notBad
12017,16,1260.8999999999996,16,1260.8999999999996,2opt,notBad
12018,16,1260.8999999999996,16,1260.8999999999996,2opt,notBad
12019,16,1260.8999999999996,16,1260.8999999999996,swap,notBad
12020,16,1260.8999999999996,16,1260.8999999999996,2opt,notBad
12021,16,1260.8999999999996,16,1260.8999999999996,move,improve
12022,16,1260.8999999999996,16,1260.8999999999996,move,improve
12023,16,1260.8999999999996,16,1260.8999999999996,swap,notBad
12024,16,1260.8999999999996,16,1260.8999999999996,2opt,notBad
12025,16,1260.8999999999996,16,1260.8999999999996,swap,notBad
12026,16,1260.8999999999996,16,1260.8999999999996,2opt,notBad
12027,16,1260.8999999999996,16,1260.8999999999996,move,improve
12028,16,1260.8999999999996,16,1260.8999999999996,2opt,notBad
12029,16,1260.8999999999996,16,1260.8999999999996,2opt,improve
12030,16,1260.8999999999996,16,1260.8999999999996,2opt,improve
12031,16,1260.8999999999996,16,1260.8999999999996,2opt,notBad
12032,16,1260.8999999999996,16,1260.8999999999996,2opt,notBad
12033,16,1260.8999999999996,16,1260.8999999999996,move,improve
12034,16,1260.8999999999996,16,1260.8999999999996,swap,notBad
12035,16,1260.8999999999996,16,1260.8999999999996,2opt,notBad
12036,16,1260.8999999999996,16,1260.8999999999996,move,improve
12037,16,1260.8999999999996,16,1260.8999999999996,2opt,notBad
12038,16,1260.8999999999996,16,1260.8999999999996,2opt,notBad
12039,16,1260.8999999999996,16,1260.8999999999996,move,improve
12040,16,1260.8999999999996,16,1260.8999999999996,2opt,notBad
12041,16,1260.8999999999996,16,1260.8999999999996,2opt,notBad
12042,16,1260.8999999999996,16,1260.8999999999996,swap,notBad
12043,16,1260.8999999999996,16,1260.8999999999996,move,improve
12044,16,1260.8999999999996,16,1260.8999999999996,move,improve
12045,16,1260.8999999999996,16,1260.8999999999996,2opt,notBad
12046,16,1260.8999999999996,16,1260.8999999999996,2opt,notBad
12047,16,1260.8999999999996,16,1260.8999999999996,swap,notBad
12048,16,1260.8999999999996,16,1260.8999999999996,swap,notBad
12049,16,1260.8999999999996,16,1260.8999999999996,move,improve
12050,16,1260.8999999999996,16,1260.8999999999996,2opt,improve
12051,16,1260.8999999999996,16,1260.8999999999996,swap,notBad
12052,16,1260.8999999999996,16,1260.8999999999996,move,improve
12053,16,1260.8999999999996,16,1260.8999999999996,move,improve
12054,16,1260.8999999999996,16,1260.8999999999996,2opt,notBad
12055,16,1260.8999999999996,16,1260.8999999999996,swap,notBad
12056,16,1260.8999999999996,16,1260.8999999999996,swap,notBad
12057,16,1260.8999999999996,16,1260.8999999999996,move,improve
12058,16,1260.8999999999996,16,1260.8999999999996,2opt,notBad
12059,16,1260.8999999999996,16,1260.8999999999996,move,improve
12060,16,1260.8999999999996,16,1260.8999999999996,2opt,notBad
12061,16,1260.8999999999996,16,1260.8999999999996,move,improve
12062,16,1260.8999999999996,16,1260.8999999999996,move,improve
12063,16,1260.8999999999996,16,1260.8999999999996,move,improve
12064,16,1260.8999999999996,16,1260.8999999999996,2opt,notBad
12065,16,1260.8999999999996,16,1260.8999999999996,2opt,notBad
12066,16,1260.8999999999996,16,1260.8999999999996,swap,notBad
12067,16,1260.8999999999996,16,1260.8999999999996,2opt,notBad
12068,16,1260.8999999999996,16,1260.8999999999996,2opt,notBad
12069,16,1260.8999999999996,16,1260.8999999999996,2opt,notBad
12070,16,1260.8999999999996,16,1260.8999999999996,swap,notBad
12071,16,1260.8999999999996,16,1260.8999999999996,swap,notBad
12072,16,1260.8999999999996,16,1260.8999999999996,move,improve
12073,16,1260.8999999999996,16,1260.8999999999996,swap,notBad
12074,16,1260.8999999999996,16,1260.8999999999996,swap,notBad
12075,16,1260.8999999999996,16,1260.8999999999996,2opt,notBad
12076,16,1260.8999999999996,16,1260.8999999999996,2opt,notBad
12077,16,1260.8999999999996,16,1260.8999999999996,2opt,notBad
12078,16,1260.8999999999996,16,1260.8999999999996,2opt,notBad
12079,16,1260.8999999999996,16,1260.8999999999996,move,improve
12080,16,1260.8999999999996,16,1260.8999999999996,swap,notBad
12081,16,1260.8999999999996,16,1260.8999999999996,move,improve
12082,16,1260.8999999999996,16,1260.8999999999996,2opt,improve
12083,16,1260.8999999999996,16,1260.8999999999996,2opt,notBad
12084,16,1260.8999999999996,16,1260.8999999999996,swap,notBad
12085,16,1260.8999999999996,16,1260.8999999999996,swap,notBad
12086,16,1260.8999999999996,16,1260.8999999999996,2opt,notBad
12087,16,1260.8999999999996,16,1260.8999999999996,move,improve
12088,16,1260.8999999999996,16,1260.8999999999996,move,improve
12089,16,1260.8999999999996,16,1260.8999999999996,2opt,notBad
12090,16,1260.8999999999996,16,1260.8999999999996,move,notBad
12091,16,1260.8999999999996,16,1260.8999999999996,swap,notBad
12092,16,1260.8999999999996,16,1260.8999999999996,move,improve
12093,16,1260.8999999999996,16,1260.8999999999996,swap,notBad
12094,16,1260.8999999999996,16,1260.8999999999996,swap,notBad
12095,16,1260.8999999999996,16,1260.8999999999996,move,improve
12096,16,1260.8999999999996,16,1260.8999999999996,move,improve
12097,16,1260.8999999999996,16,1260.8999999999996,swap,notBad
12098,16,1260.8999999999996,16,1260.8999999999996,2opt,improve
12099,16,1260.8999999999996,16,1260.8999999999996,move,improve
12100,16,1260.8999999999996,16,1260.8999999999996,swap,notBad
12101,16,1260.8999999999996,16,1260.8999999999996,2opt,notBad
12102,16,1260.8999999999996,16,1260.8999999999996,swap,notBad
12103,16,1260.8999999999996,16,1260.8999999999996,swap,notBad
12104,16,1260.8999999999996,16,1260.8999999999996,swap,notBad
12105,16,1260.8999999999996,16,1260.8999999999996,2opt,notBad
12106,16,1260.8999999999996,16,1260.8999999999996,swap,notBad
12107,16,1260.8999999999996,16,1260.8999999999996,swap,notBad
12108,16,1260.8999999999996,16,1260.8999999999996,2opt,notBad
12109,16,1260.8999999999996,16,1260.8999999999996,swap,notBad
12110,16,1260.8999999999996,16,1260.8999999999996,move,improve
12111,16,1260.8999999999996,16,1260.8999999999996,2opt,notBad
12112,16,1260.8999999999996,16,1260.8999999999996,swap,notBad
12113,16,1260.8999999999996,16,1260.8999999999996,move,improve
12114,16,1260.8999999999996,16,1260.8999999999996,swap,notBad
12115,16,1260.8999999999996,16,1260.8999999999996,2opt,notBad
12116,16,1260.8999999999996,16,1260.8999999999996,2opt,notBad
12117,16,1260.8999999999996,16,1260.8999999999996,move,improve
12118,16,1260.8999999999996,16,1260.8999999999996,swap,notBad
12119,16,1260.8999999999996,16,1260.8999999999996,swap,notBad
12120,16,1260.8999999999996,16,1260.8999999999996,2opt,notBad
12121,16,1260.8999999999996,16,1260.8999999999996,move,improve
12122,16,1260.8999999999996,16,1260.8999999999996,move,improve
12123,16,1260.8999999999996,16,1260.8999999999996,2opt,notBad
12124,16,1260.8999999999996,16,1260.8999999999996,swap,notBad
12125,16,1260.8999999999996,16,1260.8999999999996,2opt,notBad
12126,16,1260.8999999999996,16,1260.8999999999996,move,improve
12127,16,1260.8999999999996,16,1260.8999999999996,2opt,notBad
12128,16,1260.8999999999996,16,1260.8999999999996,2opt,notBad
12129,16,1260.8999999999996,16,1260.8999999999996,swap,notBad
12130,16,1260.8999999999996,16,1260.8999999999996,swap,notBad
12131,16,1260.8999999999996,16,1260.8999999999996,swap,notBad
12132,16,1260.8999999999996,16,1260.8999999999996,move,improve
12133,16,1260.8999999999996,16,1260.8999999999996,swap,notBad
12134,16,1260.8999999999996,16,1260.8999999999996,swap,notBad
12135,16,1260.8999999999996,16,1260.8999999999996,2opt,notBad
12136,16,1260.8999999999996,16,1260.8999999999996,move,improve
12137,16,1260.8999999999996,16,1260.8999999999996,2opt,notBad
12138,16,1260.8999999999996,16,1260.8999999999996,move,improve
12139,16,1260.8999999999996,16,1260.8999999999996,2opt,notBad
12140,16,1260.8999999999996,16,1260.8999999999996,move,improve
12141,16,1260.8999999999996,16,1260.8999999999996,move,improve
12142,16,1260.8999999999996,16,1260.8999999999996,2opt,notBad
12143,16,1260.8999999999996,16,1260.8999999999996,swap,notBad
12144,16,1260.8999999999996,16,1260.8999999999996,2opt,notBad
12145,16,1260.8999999999996,16,1260.8999999999996,2opt,notBad
12146,16,1260.8999999999996,16,1260.8999999999996,swap,notBad
12147,16,1260.8999999999996,16,1260.8999999999996,move,improve
12148,16,1260.8999999999996,16,1260.8999999999996,2opt,notBad
12149,16,1260.8999999999996,16,1260.8999999999996,move,improve
12150,16,1260.8999999999996,16,1260.8999999999996,swap,notBad
12151,16,1260.8999999999996,16,1260.8999999999996,swap,notBad
12152,16,1260.8999999999996,16,1260.8999999999996,swap,notBad
12153,16,1260.8999999999996,16,1260.8999999999996,move,improve
12154,16,1260.8999999999996,16,1260.8999999999996,2opt,notBad
12155,16,1260.8999999999996,16,1260.8999999999996,move,improve
12156,16,1260.8999999999996,16,1260.8999999999996,2opt,notBad
12157,16,1260.8999999999996,16,1260.8999999999996,move,improve
12158,16,1260.8999999999996,16,1260.8999999999996,swap,notBad
12159,16,1260.8999999999996,16,1260.8999999999996,swap,notBad
12160,16,1260.8999999999996,16,1260.8999999999996,swap,notBad
12161,16,1260.8999999999996,16,1260.8999999999996,move,improve
12162,16,1260.8999999999996,16,1260.8999999999996,move,improve
12163,16,1260.8999999999996,16,1260.8999999999996,swap,notBad
12164,16,1260.8999999999996,16,1260.8999999999996,2opt,notBad
12165,16,1260.8999999999996,16,1260.8999999999996,move,improve
12166,16,1260.8999999999996,16,1260.8999999999996,2opt,notBad
12167,16,1260.8999999999996,16,1260.8999999999996,swap,notBad
12168,16,1260.8999999999996,16,1260.8999999999996,2opt,notBad
12169,16,1260.8999999999996,16,1260.8999999999996,2opt,notBad
12170,16,1260.8999999999996,16,1260.8999999999996,2opt,notBad
12171,16,1260.8999999999996,16,1260.8999999999996,move,improve
12172,16,1260.8999999999996,16,1260.8999999999996,2opt,notBad
12173,16,1260.8999999999996,16,1260.8999999999996,swap,notBad
12174,16,1260.8999999999996,16,1260.8999999999996,swap,notBad
12175,16,1260.8999999999996,16,1260.8999999999996,move,improve
12176,16,1260.8999999999996,16,1260.8999999999996,move,improve
12177,16,1260.8999999999996,16,1260.8999999999996,2opt,notBad
12178,16,1260.8999999999996,16,1260.8999999999996,move,improve
12179,16,1260.8999999999996,16,1260.8999999999996,move,improve
12180,16,1260.8999999999996,16,1260.8999999999996,swap,notBad
12181,16,1260.8999999999996,16,1260.8999999999996,swap,notBad
12182,16,1260.8999999999996,16,1260.8999999999996,2opt,notBad
12183,16,1260.8999999999996,16,1260.8999999999996,swap,notBad
12184,16,1260.8999999999996,16,1260.8999999999996,2opt,notBad
12185,16,1260.8999999999996,16,1260.8999999999996,2opt,notBad
12186,16,1260.8999999999996,16,1260.8999999999996,move,improve
12187,16,1260.8999999999996,16,1260.8999999999996,2opt,notBad
12188,16,1260.8999999999996,16,1260.8999999999996,swap,notBad
12189,16,1260.8999999999996,16,1260.8999999999996,move,improve
12190,16,1260.8999999999996,16,1260.8999999999996,2opt,notBad
12191,16,1260.8999999999996,16,1260.8999999999996,swap,notBad
12192,16,1260.8999999999996,16,1260.8999999999996,swap,notBad
12193,16,1260.8999999999996,16,1260.8999999999996,2opt,notBad
12194,16,1260.8999999999996,16,1260.8999999999996,swap,notBad
12195,16,1260.8999999999996,16,1260.8999999999996,move,improve
12196,16,1260.8999999999996,16,1260.8999999999996,move,improve
12197,16,1260.8999999999996,16,1260.8999999999996,2opt,notBad
12198,16,1260.8999999999996,16,1260.8999999999996,swap,notBad
12199,16,1260.8999999999996,16,1260.8999999999996,swap,notBad
12200,16,1260.8999999999996,16,1260.8999999999996,move,improve
12201,16,1260.8999999999996,16,1260.8999999999996,move,improve
12202,16,1260.8999999999996,16,1260.8999999999996,2opt,notBad
12203,16,1260.8999999999996,16,1260.8999999999996,2opt,notBad
12204,16,1260.8999999999996,16,1260.8999999999996,swap,notBad
12205,16,1260.8999999999996,16,1260.8999999999996,move,improve
12206,16,1260.8999999999996,16,1260.8999999999996,swap,notBad
12207,16,1260.8999999999996,16,1260.8999999999996,swap,notBad
12208,16,1260.8999999999996,16,1260.8999999999996,swap,notBad
12209,16,1260.8999999999996,16,1260.8999999999996,swap,notBad
12210,16,1260.8999999999996,16,1260.8999999999996,move,improve
12211,16,1260.8999999999996,16,1260.8999999999996,move,improve
12212,16,1260.8999999999996,16,1260.8999999999996,swap,notBad
12213,16,1260.8999999999996,16,1260.8999999999996,move,improve
12214,16,1260.8999999999996,16,1260.8999999999996,move,improve
12215,16,1260.8999999999996,16,1260.8999999999996,2opt,notBad
12216,16,1260.8999999999996,16,1260.8999999999996,move,improve
12217,16,1260.8999999999996,16,1260.8999999999996,swap,notBad
12218,16,1260.8999999999996,16,1260.8999999999996,swap,notBad
12219,16,1260.8999999999996,16,1260.8999999999996,swap,notBad
12220,16,1260.8999999999996,16,1260.8999999999996,move,improve
12221,16,1260.8999999999996,16,1260.8999999999996,move,improve
12222,16,1260.8999999999996,16,1260.8999999999996,swap,notBad
12223,16,1260.8999999999996,16,1260.8999999999996,2opt,improve
12224,16,1260.8999999999996,16,1260.8999999999996,move,improve
12225,16,1260.8999999999996,16,1260.8999999999996,2opt,notBad
12226,16,1260.8999999999996,16,1260.8999999999996,swap,notBad
12227,16,1260.8999999999996,16,1260.8999999999996,2opt,notBad
12228,16,1260.8999999999996,16,1260.8999999999996,move,improve
12229,16,1260.8999999999996,16,1260.8999999999996,swap,notBad
12230,16,1260.8999999999996,16,1260.8999999999996,move,improve
12231,16,1260.8999999999996,16,1260.8999999999996,2opt,notBad
12232,16,1260.8999999999996,16,1260.8999999999996,2opt,notBad
12233,16,1260.8999999999996,16,1260.8999999999996,swap,notBad
12234,16,1260.8999999999996,16,1260.8999999999996,2opt,notBad
12235,16,1260.8999999999996,16,1260.8999999999996,move,improve
12236,16,1260.8999999999996,16,1260.8999999999996,move,improve
12237,16,1260.8999999999996,16,1260.8999999999996,move,improve
12238,16,1260.8999999999996,16,1260.8999999999996,swap,notBad
12239,16,1260.8999999999996,16,1260.8999999999996,move,improve
12240,16,1260.8999999999996,16,1260.8999999999996,move,improve
12241,16,1260.8999999999996,16,1260.8999999999996,swap,notBad
12242,16,1260.8999999999996,16,1260.8999999999996,swap,notBad
12243,16,1260.8999999999996,16,1260.8999999999996,2opt,notBad
12244,16,1260.8999999999996,16,1260.8999999999996,swap,notBad
12245,16,1260.8999999999996,16,1260.8999999999996,swap,notBad
12246,16,1260.8999999999996,16,1260.8999999999996,2opt,notBad
12247,16,1260.8999999999996,16,1260.8999999999996,2opt,notBad
12248,16,1260.8999999999996,16,1260.8999999999996,swap,notBad
12249,16,1260.8999999999996,16,1260.8999999999996,2opt,notBad
12250,16,1260.8999999999996,16,1260.8999999999996,move,improve
12251,16,1260.8999999999996,16,1260.8999999999996,2opt,improve
12252,16,1260.8999999999996,16,1260.8999999999996,move,improve
12253,16,1260.8999999999996,16,1260.8999999999996,2opt,notBad
12254,16,1260.8999999999996,16,1260.8999999999996,move,improve
12255,16,1260.8999999999996,16,1260.8999999999996,swap,notBad
12256,16,1260.8999999999996,16,1260.8999999999996,2opt,notBad
12257,16,1261.2999999999997,16,1260.8999999999996,swap,acceptBad
12258,16,1261.2999999999997,16,1260.8999999999996,move,improve
12259,16,1261.2999999999997,16,1260.8999999999996,move,improve
12260,16,1261.2999999999997,16,1260.8999999999996,move,improve
12261,16,1261.2999999999997,16,1260.8999999999996,move,improve
12262,16,1261.2999999999997,16,1260.8999999999996,swap,notBad
12263,16,1261.2999999999997,16,1260.8999999999996,2opt,notBad
12264,16,1261.2999999999997,16,1260.8999999999996,2opt,notBad
12265,16,1261.2999999999997,16,1260.8999999999996,2opt,notBad
12266,16,1261.2999999999997,16,1260.8999999999996,swap,notBad
12267,16,1261.2999999999997,16,1260.8999999999996,2opt,notBad
12268,16,1261.2999999999997,16,1260.8999999999996,swap,notBad
12269,16,1261.2999999999997,16,1260.8999999999996,swap,notBad
12270,16,1261.2999999999997,16,1260.8999999999996,2opt,notBad
12271,16,1261.2999999999997,16,1260.8999999999996,move,improve
12272,16,1261.2999999999997,16,1260.8999999999996,move,improve
12273,16,1261.2999999999997,16,1260.8999999999996,swap,notBad
12274,16,1261.2999999999997,16,1260.8999999999996,2opt,notBad
12275,16,1261.2999999999997,16,1260.8999999999996,2opt,notBad
12276,16,1261.2999999999997,16,1260.8999999999996,swap,notBad
12277,16,1261.2999999999997,16,1260.8999999999996,swap,notBad
12278,16,1261.2999999999997,16,1260.8999999999996,2opt,notBad
12279,16,1261.2999999999997,16,1260.8999999999996,swap,notBad
12280,16,1261.2999999999997,16,1260.8999999999996,swap,notBad
12281,16,1261.2999999999997,16,1260.8999999999996,move,improve
12282,16,1261.2999999999997,16,1260.8999999999996,2opt,notBad
12283,16,1261.2999999999997,16,1260.8999999999996,2opt,notBad
12284,16,1261.2999999999997,16,1260.8999999999996,2opt,notBad
12285,16,1261.2999999999997,16,1260.8999999999996,move,improve
12286,16,1261.2999999999997,16,1260.8999999999996,2opt,notBad
12287,16,1261.2999999999997,16,1260.8999999999996,move,improve
12288,16,1261.2999999999997,16,1260.8999999999996,2opt,notBad
12289,16,1261.2999999999997,16,1260.8999999999996,swap,notBad
12290,16,1261.2999999999997,16,1260.8999999999996,2opt,notBad
12291,16,1261.2999999999997,16,1260.8999999999996,move,improve
12292,16,1261.2999999999997,16,1260.8999999999996,move,improve
12293,16,1261.2999999999997,16,1260.8999999999996,swap,notBad
12294,16,1261.2999999999997,16,1260.8999999999996,swap,notBad
12295,16,1261.2999999999997,16,1260.8999999999996,2opt,notBad
12296,16,1261.2999999999997,16,1260.8999999999996,move,improve
12297,16,1261.2999999999997,16,1260.8999999999996,move,improve
12298,16,1261.2999999999997,16,1260.8999999999996,swap,notBad
12299,16,1261.2999999999997,16,1260.8999999999996,2opt,notBad
12300,16,1261.2999999999997,16,1260.8999999999996,2opt,notBad
12301,16,1261.2999999999997,16,1260.8999999999996,2opt,notBad
12302,16,1261.2999999999997,16,1260.8999999999996,2opt,notBad
12303,16,1261.2999999999997,16,1260.8999999999996,move,improve
12304,16,1261.2999999999997,16,1260.8999999999996,2opt,notBad
12305,16,1261.2999999999997,16,1260.8999999999996,swap,notBad
12306,16,1261.2999999999997,16,1260.8999999999996,2opt,notBad
12307,16,1261.2999999999997,16,1260.8999999999996,2opt,notBad
12308,16,1261.2999999999997,16,1260.8999999999996,2opt,notBad
12309,16,1261.2999999999997,16,1260.8999999999996,move,improve
12310,16,1261.2999999999997,16,1260.8999999999996,swap,notBad
12311,16,1261.2999999999997,16,1260.8999999999996,move,improve
12312,16,1261.2999999999997,16,1260.8999999999996,2opt,notBad
12313,16,1261.2999999999997,16,1260.8999999999996,2opt,notBad
12314,16,1261.2999999999997,16,1260.8999999999996,swap,notBad
12315,16,1261.2999999999997,16,1260.8999999999996,2opt,notBad
12316,16,1261.2999999999997,16,1260.8999999999996,swap,notBad
12317,16,1261.2999999999997,16,1260.8999999999996,swap,notBad
12318,16,1261.2999999999997,16,1260.8999999999996,move,improve
12319,16,1261.2999999999997,16,1260.8999999999996,2opt,notBad
12320,16,1261.2999999999997,16,1260.8999999999996,2opt,notBad
12321,16,1261.2999999999997,16,1260.8999999999996,swap,notBad
12322,16,1261.2999999999997,16,1260.8999999999996,move,improve
12323,16,1261.2999999999997,16,1260.8999999999996,swap,notBad
12324,16,1261.2999999999997,16,1260.8999999999996,2opt,notBad
12325,16,1261.2999999999997,16,1260.8999999999996,move,improve
12326,16,1261.2999999999997,16,1260.8999999999996,swap,notBad
12327,16,1261.2999999999997,16,1260.8999999999996,move,improve
12328,16,1261.2999999999997,16,1260.8999999999996,move,improve
12329,16,1261.2999999999997,16,1260.8999999999996,move,improve
12330,16,1261.2999999999997,16,1260.8999999999996,move,improve
12331,16,1261.2999999999997,16,1260.8999999999996,2opt,notBad
12332,16,1261.2999999999997,16,1260.8999999999996,move,improve
12333,16,1261.2999999999997,16,1260.8999999999996,move,improve
12334,16,1261.2999999999997,16,1260.8999999999996,swap,notBad
12335,16,1261.2999999999997,16,1260.8999999999996,swap,notBad
12336,16,1261.2999999999997,16,1260.8999999999996,2opt,notBad
12337,16,1261.2999999999997,16,1260.8999999999996,2opt,notBad
12338,16,1261.2999999999997,16,1260.8999999999996,2opt,notBad
12339,16,1261.2999999999997,16,1260.8999999999996,swap,notBad
12340,16,1261.2999999999997,16,1260.8999999999996,swap,notBad
12341,16,1261.2999999999997,16,1260.8999999999996,move,improve
12342,16,1261.2999999999997,16,1260.8999999999996,move,improve
12343,16,1261.2999999999997,16,1260.8999999999996,move,improve
12344,16,1261.2999999999997,16,1260.8999999999996,swap,notBad
12345,16,1261.2999999999997,16,1260.8999999999996,swap,notBad
12346,16,1261.2999999999997,16,1260.8999999999996,2opt,notBad
12347,16,1261.2999999999997,16,1260.8999999999996,2opt,notBad
12348,16,1261.2999999999997,16,1260.8999999999996,2opt,notBad
12349,16,1261.2999999999997,16,1260.8999999999996,swap,notBad
12350,16,1261.2999999999997,16,1260.8999999999996,swap,notBad
12351,16,1261.2999999999997,16,1260.8999999999996,move,improve
12352,16,1261.2999999999997,16,1260.8999999999996,swap,notBad
12353,16,1261.2999999999997,16,1260.8999999999996,2opt,notBad
12354,16,1261.2999999999997,16,1260.8999999999996,move,improve
12355,16,1261.2999999999997,16,1260.8999999999996,move,improve
12356,16,1261.2999999999997,16,1260.8999999999996,swap,notBad
12357,16,1261.2999999999997,16,1260.8999999999996,swap,notBad
12358,16,1261.2999999999997,16,1260.8999999999996,move,improve
12359,16,1261.2999999999997,16,1260.8999999999996,swap,notBad
12360,16,1261.2999999999997,16,1260.8999999999996,move,improve
12361,16,1261.2999999999997,16,1260.8999999999996,move,improve
12362,16,1261.2999999999997,16,1260.8999999999996,2opt,notBad
12363,16,1261.2999999999997,16,1260.8999999999996,2opt,improve
12364,16,1261.2999999999997,16,1260.8999999999996,move,improve
12365,16,1261.2999999999997,16,1260.8999999999996,move,improve
12366,16,1261.2999999999997,16,1260.8999999999996,2opt,notBad
12367,16,1261.2999999999997,16,1260.8999999999996,move,improve
12368,16,1261.2999999999997,16,1260.8999999999996,move,improve
12369,16,1261.2999999999997,16,1260.8999999999996,move,improve
12370,16,1261.2999999999997,16,1260.8999999999996,swap,notBad
12371,16,1261.2999999999997,16,1260.8999999999996,swap,notBad
12372,16,1261.2999999999997,16,1260.8999999999996,2opt,notBad
12373,16,1261.2999999999997,16,1260.8999999999996,2opt,notBad
12374,16,1261.2999999999997,16,1260.8999999999996,move,improve
12375,16,1261.2999999999997,16,1260.8999999999996,2opt,notBad
12376,16,1261.2999999999997,16,1260.8999999999996,move,improve
12377,16,1261.2999999999997,16,1260.8999999999996,move,improve
12378,16,1261.2999999999997,16,1260.8999999999996,2opt,improve
12379,16,1261.2999999999997,16,1260.8999999999996,swap,notBad
12380,16,1261.2999999999997,16,1260.8999999999996,swap,notBad
12381,16,1261.2999999999997,16,1260.8999999999996,swap,notBad
12382,16,1261.2999999999997,16,1260.8999999999996,move,improve
12383,16,1261.2999999999997,16,1260.8999999999996,2opt,notBad
12384,16,1261.2999999999997,16,1260.8999999999996,swap,notBad
12385,16,1261.2999999999997,16,1260.8999999999996,move,improve
12386,16,1261.2999999999997,16,1260.8999999999996,swap,notBad
12387,16,1261.2999999999997,16,1260.8999999999996,move,improve
12388,16,1261.2999999999997,16,1260.8999999999996,swap,notBad
12389,16,1261.2999999999997,16,1260.8999999999996,swap,notBad
12390,16,1261.2999999999997,16,1260.8999999999996,2opt,notBad
12391,16,1261.2999999999997,16,1260.8999999999996,swap,notBad
12392,16,1261.2999999999997,16,1260.8999999999996,swap,notBad
12393,16,1261.2999999999997,16,1260.8999999999996,swap,notBad
12394,16,1261.2999999999997,16,1260.8999999999996,swap,notBad
12395,16,1261.2999999999997,16,1260.8999999999996,2opt,notBad
12396,16,1261.2999999999997,16,1260.8999999999996,swap,notBad
12397,16,1261.2999999999997,16,1260.8999999999996,2opt,notBad
12398,16,1261.2999999999997,16,1260.8999999999996,swap,notBad
12399,16,1261.2999999999997,16,1260.8999999999996,swap,notBad
12400,16,1261.2999999999997,16,1260.8999999999996,2opt,notBad
12401,16,1261.2999999999997,16,1260.8999999999996,move,improve
12402,16,1261.2999999999997,16,1260.8999999999996,move,improve
12403,16,1261.2999999999997,16,1260.8999999999996,move,improve
12404,16,1261.2999999999997,16,1260.8999999999996,2opt,notBad
12405,16,1261.2999999999997,16,1260.8999999999996,2opt,improve
12406,16,1261.2999999999997,16,1260.8999999999996,move,improve
12407,16,1261.2999999999997,16,1260.8999999999996,move,improve
12408,16,1261.2999999999997,16,1260.8999999999996,swap,notBad
12409,16,1261.2999999999997,16,1260.8999999999996,2opt,notBad
12410,16,1261.2999999999997,16,1260.8999999999996,move,improve
12411,16,1261.2999999999997,16,1260.8999999999996,move,improve
12412,16,1261.2999999999997,16,1260.8999999999996,move,improve
12413,16,1261.2999999999997,16,1260.8999999999996,2opt,improve
12414,16,1261.2999999999997,16,1260.8999999999996,move,improve
12415,16,1261.2999999999997,16,1260.8999999999996,2opt,notBad
12416,16,1261.2999999999997,16,1260.8999999999996,swap,notBad
12417,16,1261.2999999999997,16,1260.8999999999996,2opt,improve
12418,16,1261.2999999999997,16,1260.8999999999996,2opt,notBad
12419,16,1261.2999999999997,16,1260.8999999999996,swap,notBad
12420,16,1261.2999999999997,16,1260.8999999999996,swap,notBad
12421,16,1261.2999999999997,16,1260.8999999999996,move,improve
12422,16,1261.2999999999997,16,1260.8999999999996,move,improve
12423,16,1261.2999999999997,16,1260.8999999999996,move,improve
12424,16,1261.2999999999997,16,1260.8999999999996,move,improve
12425,16,1261.2999999999997,16,1260.8999999999996,move,improve
12426,16,1261.2999999999997,16,1260.8999999999996,2opt,notBad
12427,16,1261.2999999999997,16,1260.8999999999996,swap,notBad
12428,16,1261.2999999999997,16,1260.8999999999996,move,improve
12429,16,1261.2999999999997,16,1260.8999999999996,2opt,notBad
12430,16,1261.2999999999997,16,1260.8999999999996,2opt,notBad
12431,16,1261.2999999999997,16,1260.8999999999996,move,improve
12432,16,1261.2999999999997,16,1260.8999999999996,swap,notBad
12433,16,1261.2999999999997,16,1260.8999999999996,swap,notBad
12434,16,1261.2999999999997,16,1260.8999999999996,swap,notBad
12435,16,1261.2999999999997,16,1260.8999999999996,swap,notBad
12436,16,1261.2999999999997,16,1260.8999999999996,move,improve
12437,16,1261.2999999999997,16,1260.8999999999996,2opt,notBad
12438,16,1261.2999999999997,16,1260.8999999999996,swap,notBad
12439,16,1261.2999999999997,16,1260.8999999999996,move,improve
12440,16,1261.2999999999997,16,1260.8999999999996,move,improve
12441,16,1261.2999999999997,16,1260.8999999999996,swap,notBad
12442,16,1261.2999999999997,16,1260.8999999999996,swap,notBad
12443,16,1261.2999999999997,16,1260.8999999999996,2opt,notBad
12444,16,1261.2999999999997,16,1260.8999999999996,swap,notBad
12445,16,1261.2999999999997,16,1260.8999999999996,move,improve
12446,16,1261.2999999999997,16,1260.8999999999996,2opt,notBad
12447,16,1261.2999999999997,16,1260.8999999999996,move,improve
12448,16,1261.2999999999997,16,1260.8999999999996,swap,notBad
12449,16,1261.2999999999997,16,1260.8999999999996,swap,notBad
12450,16,1261.2999999999997,16,1260.8999999999996,move,improve
12451,16,1261.2999999999997,16,1260.8999999999996,2opt,improve
12452,16,1261.2999999999997,16,1260.8999999999996,swap,notBad
12453,16,1260.8999999999996,16,1260.8999999999996,swap,improve
12454,16,1260.8999999999996,16,1260.8999999999996,move,improve
12455,16,1260.8999999999996,16,1260.8999999999996,swap,notBad
12456,16,1260.8999999999996,16,1260.8999999999996,swap,notBad
12457,16,1260.8999999999996,16,1260.8999999999996,swap,notBad
12458,16,1260.8999999999996,16,1260.8999999999996,swap,notBad
12459,16,1260.8999999999996,16,1260.8999999999996,swap,notBad
12460,16,1260.8999999999996,16,1260.8999999999996,2opt,improve
12461,16,1260.8999999999996,16,1260.8999999999996,move,improve
12462,16,1260.8999999999996,16,1260.8999999999996,2opt,notBad
12463,16,1260.8999999999996,16,1260.8999999999996,move,improve
12464,16,1260.8999999999996,16,1260.8999999999996,2opt,notBad
12465,16,1260.8999999999996,16,1260.8999999999996,move,improve
12466,16,1260.8999999999996,16,1260.8999999999996,move,improve
12467,16,1260.8999999999996,16,1260.8999999999996,move,improve
12468,16,1260.8999999999996,16,1260.8999999999996,2opt,notBad
12469,16,1260.8999999999996,16,1260.8999999999996,swap,notBad
12470,16,1260.8999999999996,16,1260.8999999999996,move,improve
12471,16,1260.8999999999996,16,1260.8999999999996,swap,notBad
12472,16,1260.8999999999996,16,1260.8999999999996,2opt,notBad
12473,16,1260.8999999999996,16,1260.8999999999996,move,improve
12474,16,1260.8999999999996,16,1260.8999999999996,move,improve
12475,16,1260.8999999999996,16,1260.8999999999996,2opt,notBad
12476,16,1260.8999999999996,16,1260.8999999999996,2opt,notBad
12477,16,1260.8999999999996,16,1260.8999999999996,swap,notBad
12478,16,1260.8999999999996,16,1260.8999999999996,move,improve
12479,16,1260.8999999999996,16,1260.8999999999996,swap,notBad
12480,16,1260.8999999999996,16,1260.8999999999996,move,improve
12481,16,1260.8999999999996,16,1260.8999999999996,2opt,notBad
12482,16,1260.8999999999996,16,1260.8999999999996,move,improve
12483,16,1260.8999999999996,16,1260.8999999999996,move,improve
12484,16,1260.8999999999996,16,1260.8999999999996,move,improve
12485,16,1260.8999999999996,16,1260.8999999999996,2opt,improve
12486,16,1260.8999999999996,16,1260.8999999999996,swap,notBad
12487,16,1260.8999999999996,16,1260.8999999999996,move,improve
12488,16,1260.8999999999996,16,1260.8999999999996,move,improve
12489,16,1260.8999999999996,16,1260.8999999999996,move,improve
12490,16,1260.8999999999996,16,1260.8999999999996,swap,notBad
12491,16,1260.8999999999996,16,1260.8999999999996,swap,notBad
12492,16,1260.8999999999996,16,1260.8999999999996,move,improve
12493,16,1260.8999999999996,16,1260.8999999999996,swap,notBad
12494,16,1260.8999999999996,16,1260.8999999999996,2opt,notBad
12495,16,1260.8999999999996,16,1260.8999999999996,move,improve
12496,16,1260.8999999999996,16,1260.8999999999996,swap,notBad
12497,16,1260.8999999999996,16,1260.8999999999996,swap,notBad
12498,16,1260.8999999999996,16,1260.8999999999996,move,improve
12499,16,1260.8999999999996,16,1260.8999999999996,move,improve
12500,16,1260.8999999999996,16,1260.8999999999996,move,improve
12501,16,1260.8999999999996,16,1260.8999999999996,swap,notBad
12502,16,1260.8999999999996,16,1260.8999999999996,2opt,notBad
12503,16,1260.8999999999996,16,1260.8999999999996,2opt,notBad
12504,16,1260.8999999999996,16,1260.8999999999996,swap,notBad
12505,16,1260.8999999999996,16,1260.8999999999996,2opt,notBad
12506,16,1260.8999999999996,16,1260.8999999999996,move,improve
12507,16,1260.8999999999996,16,1260.8999999999996,swap,notBad
12508,16,1260.8999999999996,16,1260.8999999999996,2opt,notBad
12509,16,1260.8999999999996,16,1260.8999999999996,move,improve
12510,16,1260.8999999999996,16,1260.8999999999996,move,improve
12511,16,1260.8999999999996,16,1260.8999999999996,2opt,notBad
12512,16,1260.8999999999996,16,1260.8999999999996,swap,notBad
12513,16,1260.8999999999996,16,1260.8999999999996,swap,notBad
12514,16,1260.8999999999996,16,1260.8999999999996,swap,notBad
12515,16,1260.8999999999996,16,1260.8999999999996,move,improve
12516,16,1260.8999999999996,16,1260.8999999999996,swap,notBad
12517,16,1260.8999999999996,16,1260.8999999999996,swap,notBad
12518,16,1260.8999999999996,16,1260.8999999999996,move,improve
12519,16,1260.8999999999996,16,1260.8999999999996,2opt,improve
12520,16,1260.8999999999996,16,1260.8999999999996,swap,notBad
12521,16,1260.8999999999996,16,1260.8999999999996,swap,notBad
12522,16,1260.8999999999996,16,1260.8999999999996,2opt,notBad
12523,16,1260.8999999999996,16,1260.8999999999996,move,improve
12524,16,1260.8999999999996,16,1260.8999999999996,move,improve
12525,16,1260.8999999999996,16,1260.8999999999996,move,improve
12526,16,1260.8999999999996,16,1260.8999999999996,move,improve
12527,16,1260.8999999999996,16,1260.8999999999996,swap,notBad
12528,16,1260.8999999999996,16,1260.8999999999996,swap,notBad
12529,16,1260.8999999999996,16,1260.8999999999996,move,improve
12530,16,1260.8999999999996,16,1260.8999999999996,move,improve
12531,16,1260.8999999999996,16,1260.8999999999996,move,improve
12532,16,1260.8999999999996,16,1260.8999999999996,swap,notBad
12533,16,1260.8999999999996,16,1260.8999999999996,swap,notBad
12534,16,1260.8999999999996,16,1260.8999999999996,swap,notBad
12535,16,1260.8999999999996,16,1260.8999999999996,2opt,notBad
12536,16,1260.8999999999996,16,1260.8999999999996,move,improve
12537,16,1260.8999999999996,16,1260.8999999999996,swap,notBad
12538,16,1260.8999999999996,16,1260.8999999999996,move,improve
12539,16,1260.8999999999996,16,1260.8999999999996,2opt,notBad
12540,16,1260.8999999999996,16,1260.8999999999996,2opt,notBad
12541,16,1260.8999999999996,16,1260.8999999999996,move,improve
12542,16,1260.8999999999996,16,1260.8999999999996,swap,notBad
12543,16,1260.8999999999996,16,1260.8999999999996,2opt,notBad
12544,16,1260.8999999999996,16,1260.8999999999996,swap,notBad
12545,16,1260.8999999999996,16,1260.8999999999996,swap,notBad
12546,16,1260.8999999999996,16,1260.8999999999996,move,improve
12547,16,1260.8999999999996,16,1260.8999999999996,move,improve
12548,16,1260.8999999999996,16,1260.8999999999996,move,improve
12549,16,1260.8999999999996,16,1260.8999999999996,move,improve
12550,16,1260.8999999999996,16,1260.8999999999996,2opt,notBad
12551,16,1260.8999999999996,16,1260.8999999999996,swap,notBad
12552,16,1260.8999999999996,16,1260.8999999999996,move,improve
12553,16,1260.8999999999996,16,1260.8999999999996,2opt,notBad
12554,16,1260.8999999999996,16,1260.8999999999996,move,improve
12555,16,1260.8999999999996,16,1260.8999999999996,swap,notBad
12556,16,1260.8999999999996,16,1260.8999999999996,2opt,notBad
12557,16,1260.8999999999996,16,1260.8999999999996,move,improve
12558,16,1260.8999999999996,16,1260.8999999999996,swap,notBad
12559,16,1260.8999999999996,16,1260.8999999999996,2opt,notBad
12560,16,1260.8999999999996,16,1260.8999999999996,move,improve
12561,16,1260.8999999999996,16,1260.8999999999996,move,improve
12562,16,1260.8999999999996,16,1260.8999999999996,swap,notBad
12563,16,1260.8999999999996,16,1260.8999999999996,move,improve
12564,16,1260.8999999999996,16,1260.8999999999996,2opt,notBad
12565,16,1260.8999999999996,16,1260.8999999999996,2opt,notBad
12566,16,1260.8999999999996,16,1260.8999999999996,2opt,notBad
12567,16,1260.8999999999996,16,1260.8999999999996,move,improve
12568,16,1260.8999999999996,16,1260.8999999999996,2opt,notBad
12569,16,1260.8999999999996,16,1260.8999999999996,move,improve
12570,16,1260.8999999999996,16,1260.8999999999996,swap,notBad
12571,16,1260.8999999999996,16,1260.8999999999996,2opt,improve
12572,16,1260.8999999999996,16,1260.8999999999996,move,improve
12573,16,1260.8999999999996,16,1260.8999999999996,2opt,notBad
12574,16,1260.8999999999996,16,1260.8999999999996,swap,notBad
12575,16,1260.8999999999996,16,1260.8999999999996,2opt,notBad
12576,16,1260.8999999999996,16,1260.8999999999996,move,improve
12577,16,1260.8999999999996,16,1260.8999999999996,move,improve
12578,16,1260.8999999999996,16,1260.8999999999996,swap,notBad
12579,16,1260.8999999999996,16,1260.8999999999996,swap,notBad
12580,16,1260.8999999999996,16,1260.8999999999996,swap,notBad
12581,16,1260.8999999999996,16,1260.8999999999996,swap,notBad
12582,16,1260.8999999999996,16,1260.8999999999996,2opt,notBad
12583,16,1260.8999999999996,16,1260.8999999999996,2opt,notBad
12584,16,1260.8999999999996,16,1260.8999999999996,2opt,notBad
12585,16,1260.8999999999996,16,1260.8999999999996,move,improve
12586,16,1260.8999999999996,16,1260.8999999999996,2opt,notBad
12587,16,1260.8999999999996,16,1260.8999999999996,2opt,improve
12588,16,1260.8999999999996,16,1260.8999999999996,swap,notBad
12589,16,1260.8999999999996,16,1260.8999999999996,swap,notBad
12590,16,1260.8999999999996,16,1260.8999999999996,swap,notBad
12591,16,1260.8999999999996,16,1260.8999999999996,2opt,improve
12592,16,1260.8999999999996,16,1260.8999999999996,2opt,notBad
12593,16,1260.8999999999996,16,1260.8999999999996,swap,notBad
12594,16,1260.8999999999996,16,1260.8999999999996,move,improve
12595,16,1260.8999999999996,16,1260.8999999999996,swap,notBad
12596,16,1260.8999999999996,16,1260.8999999999996,swap,notBad
12597,16,1260.8999999999996,16,1260.8999999999996,2opt,notBad
12598,16,1260.8999999999996,16,1260.8999999999996,2opt,improve
12599,16,1260.8999999999996,16,1260.8999999999996,swap,notBad
12600,16,1260.8999999999996,16,1260.8999999999996,move,improve
12601,16,1260.8999999999996,16,1260.8999999999996,move,improve
12602,16,1260.8999999999996,16,1260.8999999999996,swap,notBad
12603,16,1260.8999999999996,16,1260.8999999999996,2opt,notBad
12604,16,1260.8999999999996,16,1260.8999999999996,move,improve
12605,16,1260.8999999999996,16,1260.8999999999996,2opt,notBad
12606,16,1260.8999999999996,16,1260.8999999999996,swap,notBad
12607,16,1260.8999999999996,16,1260.8999999999996,move,improve
12608,16,1260.8999999999996,16,1260.8999999999996,swap,notBad
12609,16,1260.8999999999996,16,1260.8999999999996,2opt,notBad
12610,16,1260.8999999999996,16,1260.8999999999996,2opt,improve
12611,16,1260.8999999999996,16,1260.8999999999996,swap,notBad
12612,16,1260.8999999999996,16,1260.8999999999996,swap,notBad
12613,16,1260.8999999999996,16,1260.8999999999996,move,improve
12614,16,1260.8999999999996,16,1260.8999999999996,swap,notBad
12615,16,1260.8999999999996,16,1260.8999999999996,move,improve
12616,16,1260.8999999999996,16,1260.8999999999996,2opt,notBad
12617,16,1260.8999999999996,16,1260.8999999999996,2opt,notBad
12618,16,1260.8999999999996,16,1260.8999999999996,move,improve
12619,16,1260.8999999999996,16,1260.8999999999996,2opt,notBad
12620,16,1260.8999999999996,16,1260.8999999999996,swap,notBad
12621,16,1260.8999999999996,16,1260.8999999999996,swap,notBad
12622,16,1260.8999999999996,16,1260.8999999999996,swap,notBad
12623,16,1260.8999999999996,16,1260.8999999999996,swap,notBad
12624,16,1260.8999999999996,16,1260.8999999999996,swap,notBad
12625,16,1260.8999999999996,16,1260.8999999999996,move,improve
12626,16,1260.8999999999996,16,1260.8999999999996,move,improve
12627,16,1260.8999999999996,16,1260.8999999999996,2opt,notBad
12628,16,1260.8999999999996,16,1260.8999999999996,2opt,notBad
12629,16,1260.8999999999996,16,1260.8999999999996,2opt,notBad
12630,16,1260.8999999999996,16,1260.8999999999996,move,improve
12631,16,1260.8999999999996,16,1260.8999999999996,2opt,notBad
12632,16,1260.8999999999996,16,1260.8999999999996,swap,notBad
12633,16,1260.8999999999996,16,1260.8999999999996,2opt,notBad
12634,16,1260.8999999999996,16,1260.8999999999996,move,improve
12635,16,1260.8999999999996,16,1260.8999999999996,move,improve
12636,16,1260.8999999999996,16,1260.8999999999996,move,improve
12637,16,1260.8999999999996,16,1260.8999999999996,2opt,notBad
12638,16,1260.8999999999996,16,1260.8999999999996,2opt,notBad
12639,16,1260.8999999999996,16,1260.8999999999996,2opt,notBad
12640,16,1260.8999999999996,16,1260.8999999999996,swap,notBad
12641,16,1260.8999999999996,16,1260.8999999999996,swap,notBad
12642,16,1260.8999999999996,16,1260.8999999999996,swap,notBad
12643,16,1260.8999999999996,16,1260.8999999999996,2opt,notBad
12644,16,1260.8999999999996,16,1260.8999999999996,move,improve
12645,16,1260.8999999999996,16,1260.8999999999996,2opt,notBad
12646,16,1260.8999999999996,16,1260.8999999999996,move,improve
12647,16,1260.8999999999996,16,1260.8999999999996,move,improve
12648,16,1260.8999999999996,16,1260.8999999999996,2opt,notBad
12649,16,1260.8999999999996,16,1260.8999999999996,2opt,notBad
12650,16,1260.8999999999996,16,1260.8999999999996,2opt,improve
12651,16,1260.8999999999996,16,1260.8999999999996,move,improve
12652,16,1260.8999999999996,16,1260.8999999999996,2opt,notBad
12653,16,1260.8999999999996,16,1260.8999999999996,move,improve
12654,16,1260.8999999999996,16,1260.8999999999996,2opt,notBad
12655,16,1260.8999999999996,16,1260.8999999999996,move,improve
12656,16,1260.8999999999996,16,1260.8999999999996,2opt,improve
12657,16,1260.8999999999996,16,1260.8999999999996,2opt,notBad
12658,16,1260.8999999999996,16,1260.8999999999996,2opt,notBad
12659,16,1260.8999999999996,16,1260.8999999999996,move,improve
12660,16,1260.8999999999996,16,1260.8999999999996,move,improve
12661,16,1260.8999999999996,16,1260.8999999999996,2opt,notBad
12662,16,1260.8999999999996,16,1260.8999999999996,swap,notBad
12663,16,1260.8999999999996,16,1260.8999999999996,move,improve
12664,16,1260.8999999999996,16,1260.8999999999996,move,improve
12665,16,1260.8999999999996,16,1260.8999999999996,2opt,notBad
12666,16,1260.8999999999996,16,1260.8999999999996,move,improve
12667,16,1260.8999999999996,16,1260.8999999999996,swap,notBad
12668,16,1260.8999999999996,16,1260.8999999999996,swap,notBad
12669,16,1260.8999999999996,16,1260.8999999999996,move,improve
12670,16,1260.8999999999996,16,1260.8999999999996,swap,notBad
12671,16,1260.8999999999996,16,1260.8999999999996,move,improve
12672,16,1260.8999999999996,16,1260.8999999999996,move,notBad
12673,16,1260.8999999999996,16,1260.8999999999996,swap,notBad
12674,16,1260.8999999999996,16,1260.8999999999996,2opt,notBad
12675,16,1260.8999999999996,16,1260.8999999999996,2opt,notBad
12676,16,1260.8999999999996,16,1260.8999999999996,move,improve
12677,16,1260.8999999999996,16,1260.8999999999996,2opt,improve
12678,16,1260.8999999999996,16,1260.8999999999996,move,improve
12679,16,1260.8999999999996,16,1260.8999999999996,swap,notBad
12680,16,1260.8999999999996,16,1260.8999999999996,2opt,notBad
12681,16,1260.8999999999996,16,1260.8999999999996,2opt,notBad
12682,16,1260.8999999999996,16,1260.8999999999996,swap,notBad
12683,16,1260.8999999999996,16,1260.8999999999996,swap,notBad
12684,16,1260.8999999999996,16,1260.8999999999996,swap,notBad
12685,16,1260.8999999999996,16,1260.8999999999996,swap,notBad
12686,16,1260.8999999999996,16,1260.8999999999996,move,improve
12687,16,1260.8999999999996,16,1260.8999999999996,2opt,improve
12688,16,1260.8999999999996,16,1260.8999999999996,move,improve
12689,16,1260.8999999999996,16,1260.8999999999996,2opt,improve
12690,16,1260.8999999999996,16,1260.8999999999996,move,improve
12691,16,1260.8999999999996,16,1260.8999999999996,swap,notBad
12692,16,1260.8999999999996,16,1260.8999999999996,swap,notBad
12693,16,1260.8999999999996,16,1260.8999999999996,move,improve
12694,16,1260.8999999999996,16,1260.8999999999996,swap,notBad
12695,16,1260.8999999999996,16,1260.8999999999996,swap,notBad
12696,16,1260.8999999999996,16,1260.8999999999996,move,improve
12697,16,1260.8999999999996,16,1260.8999999999996,2opt,notBad
12698,16,1260.8999999999996,16,1260.8999999999996,swap,notBad
12699,16,1260.8999999999996,16,1260.8999999999996,2opt,notBad
12700,16,1260.8999999999996,16,1260.8999999999996,move,improve
12701,16,1260.8999999999996,16,1260.8999999999996,move,improve
12702,16,1260.8999999999996,16,1260.8999999999996,2opt,notBad
12703,16,1260.8999999999996,16,1260.8999999999996,2opt,improve
12704,16,1260.8999999999996,16,1260.8999999999996,2opt,notBad
12705,16,1260.8999999999996,16,1260.8999999999996,swap,notBad
12706,16,1260.8999999999996,16,1260.8999999999996,2opt,improve
12707,16,1260.8999999999996,16,1260.8999999999996,swap,notBad
12708,16,1260.8999999999996,16,1260.8999999999996,swap,notBad
12709,16,1260.8999999999996,16,1260.8999999999996,2opt,notBad
12710,16,1260.8999999999996,16,1260.8999999999996,swap,notBad
12711,16,1260.8999999999996,16,1260.8999999999996,swap,notBad
12712,16,1260.8999999999996,16,1260.8999999999996,swap,notBad
12713,16,1260.8999999999996,16,1260.8999999999996,swap,notBad
12714,16,1260.8999999999996,16,1260.8999999999996,2opt,notBad
12715,16,1260.8999999999996,16,1260.8999999999996,move,improve
12716,16,1260.8999999999996,16,1260.8999999999996,move,improve
12717,16,1260.8999999999996,16,1260.8999999999996,move,improve
12718,16,1260.8999999999996,16,1260.8999999999996,move,improve
12719,16,1260.8999999999996,16,1260.8999999999996,move,improve
12720,16,1260.8999999999996,16,1260.8999999999996,swap,notBad
12721,16,1260.8999999999996,16,1260.8999999999996,move,improve
12722,16,1260.8999999999996,16,1260.8999999999996,move,improve
12723,16,1260.8999999999996,16,1260.8999999999996,2opt,improve
12724,16,1260.8999999999996,16,1260.8999999999996,swap,notBad
12725,16,1260.8999999999996,16,1260.8999999999996,2opt,notBad
12726,16,1260.8999999999996,16,1260.8999999999996,swap,notBad
12727,16,1260.8999999999996,16,1260.8999999999996,move,improve
12728,16,1260.8999999999996,16,1260.8999999999996,move,improve
12729,16,1260.8999999999996,16,1260.8999999999996,2opt,notBad
12730,16,1260.8999999999996,16,1260.8999999999996,2opt,notBad
12731,16,1260.8999999999996,16,1260.8999999999996,2opt,notBad
12732,16,1260.8999999999996,16,1260.8999999999996,2opt,notBad
12733,16,1260.8999999999996,16,1260.8999999999996,swap,notBad
12734,16,1260.8999999999996,16,1260.8999999999996,move,improve
12735,16,1260.8999999999996,16,1260.8999999999996,2opt,notBad
12736,16,1260.8999999999996,16,1260.8999999999996,move,improve
12737,16,1260.8999999999996,16,1260.8999999999996,swap,notBad
12738,16,1260.8999999999996,16,1260.8999999999996,move,improve
12739,16,1260.8999999999996,16,1260.8999999999996,move,improve
12740,16,1260.8999999999996,16,1260.8999999999996,swap,notBad
12741,16,1260.8999999999996,16,1260.8999999999996,swap,notBad
12742,16,1260.8999999999996,16,1260.8999999999996,swap,notBad
12743,16,1260.8999999999996,16,1260.8999999999996,swap,notBad
12744,16,1260.8999999999996,16,1260.8999999999996,move,improve
12745,16,1260.8999999999996,16,1260.8999999999996,move,improve
12746,16,1260.8999999999996,16,1260.8999999999996,swap,notBad
12747,16,1260.8999999999996,16,1260.8999999999996,move,improve
12748,16,1260.8999999999996,16,1260.8999999999996,move,improve
12749,16,1260.8999999999996,16,1260.8999999999996,2opt,notBad
12750,16,1260.8999999999996,16,1260.8999999999996,swap,notBad
12751,16,1260.8999999999996,16,1260.8999999999996,move,improve
12752,16,1260.8999999999996,16,1260.8999999999996,swap,notBad
12753,16,1260.8999999999996,16,1260.8999999999996,move,improve
12754,16,1260.8999999999996,16,1260.8999999999996,2opt,notBad
12755,16,1260.8999999999996,16,1260.8999999999996,swap,notBad
12756,16,1260.8999999999996,16,1260.8999999999996,swap,notBad
12757,16,1260.8999999999996,16,1260.8999999999996,move,improve
12758,16,1260.8999999999996,16,1260.8999999999996,2opt,notBad
12759,16,1260.8999999999996,16,1260.8999999999996,swap,notBad
12760,16,1260.8999999999996,16,1260.8999999999996,swap,notBad
12761,16,1260.8999999999996,16,1260.8999999999996,2opt,notBad
12762,16,1260.8999999999996,16,1260.8999999999996,swap,notBad
12763,16,1260.8999999999996,16,1260.8999999999996,2opt,notBad
12764,16,1260.8999999999996,16,1260.8999999999996,swap,notBad
12765,16,1260.8999999999996,16,1260.8999999999996,move,improve
12766,16,1260.8999999999996,16,1260.8999999999996,2opt,notBad
12767,16,1260.8999999999996,16,1260.8999999999996,move,improve
12768,16,1260.8999999999996,16,1260.8999999999996,2opt,notBad
12769,16,1260.8999999999996,16,1260.8999999999996,2opt,notBad
12770,16,1260.8999999999996,16,1260.8999999999996,swap,notBad
12771,16,1260.8999999999996,16,1260.8999999999996,swap,notBad
12772,16,1260.8999999999996,16,1260.8999999999996,move,improve
12773,16,1260.8999999999996,16,1260.8999999999996,2opt,notBad
12774,16,1260.8999999999996,16,1260.8999999999996,move,improve
12775,16,1260.8999999999996,16,1260.8999999999996,swap,notBad
12776,16,1260.8999999999996,16,1260.8999999999996,2opt,notBad
12777,16,1260.8999999999996,16,1260.8999999999996,move,improve
12778,16,1260.8999999999996,16,1260.8999999999996,swap,notBad
12779,16,1260.8999999999996,16,1260.8999999999996,2opt,notBad
12780,16,1260.8999999999996,16,1260.8999999999996,2opt,notBad
12781,16,1260.8999999999996,16,1260.8999999999996,swap,notBad
12782,16,1260.8999999999996,16,1260.8999999999996,move,improve
12783,16,1260.8999999999996,16,1260.8999999999996,move,notBad
12784,16,1260.8999999999996,16,1260.8999999999996,move,improve
12785,16,1260.8999999999996,16,1260.8999999999996,swap,notBad
12786,16,1260.8999999999996,16,1260.8999999999996,swap,notBad
12787,16,1260.8999999999996,16,1260.8999999999996,move,improve
12788,16,1260.8999999999996,16,1260.8999999999996,swap,notBad
12789,16,1260.8999999999996,16,1260.8999999999996,swap,notBad
12790,16,1260.8999999999996,16,1260.8999999999996,2opt,improve
12791,16,1260.8999999999996,16,1260.8999999999996,2opt,notBad
12792,16,1260.8999999999996,16,1260.8999999999996,swap,notBad
12793,16,1260.8999999999996,16,1260.8999999999996,move,improve
12794,16,1260.8999999999996,16,1260.8999999999996,move,improve
12795,16,1260.8999999999996,16,1260.8999999999996,2opt,notBad
12796,16,1260.8999999999996,16,1260.8999999999996,swap,notBad
12797,16,1260.8999999999996,16,1260.8999999999996,swap,notBad
12798,16,1260.8999999999996,16,1260.8999999999996,swap,notBad
12799,16,1260.8999999999996,16,1260.8999999999996,2opt,notBad
12800,16,1260.8999999999996,16,1260.8999999999996,2opt,notBad
12801,16,1260.8999999999996,16,1260.8999999999996,move,improve
12802,16,1260.8999999999996,16,1260.8999999999996,swap,notBad
12803,16,1260.8999999999996,16,1260.8999999999996,swap,notBad
12804,16,1260.8999999999996,16,1260.8999999999996,2opt,notBad
12805,16,1260.8999999999996,16,1260.8999999999996,2opt,notBad
12806,16,1260.8999999999996,16,1260.8999999999996,2opt,improve
12807,16,1260.8999999999996,16,1260.8999999999996,2opt,notBad
12808,16,1260.8999999999996,16,1260.8999999999996,move,improve
12809,16,1260.8999999999996,16,1260.8999999999996,2opt,notBad
12810,16,1260.8999999999996,16,1260.8999999999996,move,improve
12811,16,1260.8999999999996,16,1260.8999999999996,move,improve
12812,16,1260.8999999999996,16,1260.8999999999996,swap,notBad
12813,16,1260.8999999999996,16,1260.8999999999996,swap,notBad
12814,16,1260.8999999999996,16,1260.8999999999996,move,improve
12815,16,1260.8999999999996,16,1260.8999999999996,move,improve
12816,16,1260.8999999999996,16,1260.8999999999996,move,improve
12817,16,1260.8999999999996,16,1260.8999999999996,move,improve
12818,16,1260.8999999999996,16,1260.8999999999996,move,improve
12819,16,1260.8999999999996,16,1260.8999999999996,move,improve
12820,16,1260.8999999999996,16,1260.8999999999996,swap,notBad
12821,16,1260.8999999999996,16,1260.8999999999996,swap,notBad
12822,16,1260.8999999999996,16,1260.8999999999996,2opt,notBad
12823,16,1260.8999999999996,16,1260.8999999999996,swap,notBad
12824,16,1260.8999999999996,16,1260.8999999999996,swap,notBad
12825,16,1260.8999999999996,16,1260.8999999999996,move,improve
12826,16,1260.8999999999996,16,1260.8999999999996,2opt,notBad
12827,16,1260.8999999999996,16,1260.8999999999996,swap,notBad
12828,16,1260.8999999999996,16,1260.8999999999996,swap,notBad
12829,16,1260.8999999999996,16,1260.8999999999996,swap,notBad
12830,16,1260.8999999999996,16,1260.8999999999996,swap,notBad
12831,16,1260.8999999999996,16,1260.8999999999996,swap,notBad
12832,16,1260.8999999999996,16,1260.8999999999996,move,improve
12833,16,1260.8999999999996,16,1260.8999999999996,move,improve
12834,16,1260.8999999999996,16,1260.8999999999996,move,improve
12835,16,1260.8999999999996,16,1260.8999999999996,swap,notBad
12836,16,1260.8999999999996,16,1260.8999999999996,2opt,notBad
12837,16,1260.8999999999996,16,1260.8999999999996,move,improve
12838,16,1260.8999999999996,16,1260.8999999999996,move,improve
12839,16,1260.8999999999996,16,1260.8999999999996,move,improve
12840,16,1260.8999999999996,16,1260.8999999999996,move,improve
12841,16,1260.8999999999996,16,1260.8999999999996,2opt,notBad
12842,16,1260.8999999999996,16,1260.8999999999996,move,notBad
12843,16,1260.8999999999996,16,1260.8999999999996,move,improve
12844,16,1260.8999999999996,16,1260.8999999999996,2opt,notBad
12845,16,1260.8999999999996,16,1260.8999999999996,swap,notBad
12846,16,1260.8999999999996,16,1260.8999999999996,2opt,notBad
12847,16,1260.8999999999996,16,1260.8999999999996,2opt,notBad
12848,16,1260.8999999999996,16,1260.8999999999996,swap,notBad
12849,16,1260.8999999999996,16,1260.8999999999996,swap,notBad
12850,16,1260.8999999999996,16,1260.8999999999996,move,improve
12851,16,1260.8999999999996,16,1260.8999999999996,move,improve
12852,16,1260.8999999999996,16,1260.8999999999996,swap,notBad
12853,16,1260.8999999999996,16,1260.8999999999996,2opt,notBad
12854,16,1260.8999999999996,16,1260.8999999999996,move,improve
12855,16,1260.8999999999996,16,1260.8999999999996,move,improve
12856,16,1260.8999999999996,16,1260.8999999999996,swap,notBad
12857,16,1260.8999999999996,16,1260.8999999999996,swap,notBad
12858,16,1260.8999999999996,16,1260.8999999999996,2opt,notBad
12859,16,1260.8999999999996,16,1260.8999999999996,swap,notBad
12860,16,1260.8999999999996,16,1260.8999999999996,swap,notBad
12861,16,1260.8999999999996,16,1260.8999999999996,2opt,improve
12862,16,1260.8999999999996,16,1260.8999999999996,2opt,notBad
12863,16,1260.8999999999996,16,1260.8999999999996,swap,notBad
12864,16,1260.8999999999996,16,1260.8999999999996,2opt,notBad
12865,16,1260.8999999999996,16,1260.8999999999996,swap,notBad
12866,16,1260.8999999999996,16,1260.8999999999996,2opt,notBad
12867,16,1260.8999999999996,16,1260.8999999999996,swap,notBad
12868,16,1260.8999999999996,16,1260.8999999999996,2opt,notBad
12869,16,1260.8999999999996,16,1260.8999999999996,swap,notBad
12870,16,1260.8999999999996,16,1260.8999999999996,2opt,notBad
12871,16,1260.8999999999996,16,1260.8999999999996,move,improve
12872,16,1260.8999999999996,16,1260.8999999999996,swap,notBad
12873,16,1260.8999999999996,16,1260.8999999999996,swap,notBad
12874,16,1260.8999999999996,16,1260.8999999999996,move,improve
12875,16,1260.8999999999996,16,1260.8999999999996,move,improve
12876,16,1260.8999999999996,16,1260.8999999999996,swap,notBad
12877,16,1260.8999999999996,16,1260.8999999999996,2opt,notBad
12878,16,1260.8999999999996,16,1260.8999999999996,swap,notBad
12879,16,1260.8999999999996,16,1260.8999999999996,swap,notBad
12880,16,1260.8999999999996,16,1260.8999999999996,2opt,notBad
12881,16,1260.8999999999996,16,1260.8999999999996,swap,notBad
12882,16,1260.8999999999996,16,1260.8999999999996,swap,notBad
12883,16,1260.8999999999996,16,1260.8999999999996,2opt,notBad
12884,16,1260.8999999999996,16,1260.8999999999996,2opt,notBad
12885,16,1260.8999999999996,16,1260.8999999999996,move,improve
12886,16,1260.8999999999996,16,1260.8999999999996,move,improve
12887,16,1260.8999999999996,16,1260.8999999999996,2opt,notBad
12888,16,1260.8999999999996,16,1260.8999999999996,2opt,notBad
12889,16,1260.8999999999996,16,1260.8999999999996,move,improve
12890,16,1260.8999999999996,16,1260.8999999999996,move,improve
12891,16,1260.8999999999996,16,1260.8999999999996,2opt,notBad
12892,16,1260.8999999999996,16,1260.8999999999996,2opt,improve
12893,16,1260.8999999999996,16,1260.8999999999996,move,improve
12894,16,1260.8999999999996,16,1260.8999999999996,move,improve
12895,16,1260.8999999999996,16,1260.8999999999996,swap,notBad
12896,16,1260.8999999999996,16,1260.8999999999996,move,improve
12897,16,1260.8999999999996,16,1260.8999999999996,move,improve
12898,16,1260.8999999999996,16,1260.8999999999996,swap,notBad
12899,16,1260.8999999999996,16,1260.8999999999996,2opt,notBad
12900,16,1260.8999999999996,16,1260.8999999999996,2opt,notBad
12901,16,1260.8999999999996,16,1260.8999999999996,move,improve
12902,16,1260.8999999999996,16,1260.8999999999996,2opt,notBad
12903,16,1260.8999999999996,16,1260.8999999999996,swap,notBad
12904,16,1260.8999999999996,16,1260.8999999999996,2opt,notBad
12905,16,1260.8999999999996,16,1260.8999999999996,2opt,notBad
12906,16,1260.8999999999996,16,1260.8999999999996,swap,notBad
12907,16,1260.8999999999996,16,1260.8999999999996,move,improve
12908,16,1260.8999999999996,16,1260.8999999999996,swap,notBad
12909,16,1260.8999999999996,16,1260.8999999999996,2opt,notBad
12910,16,1260.8999999999996,16,1260.8999999999996,move,improve
12911,16,1260.8999999999996,16,1260.8999999999996,move,improve
12912,16,1260.8999999999996,16,1260.8999999999996,2opt,improve
12913,16,1260.8999999999996,16,1260.8999999999996,swap,notBad
12914,16,1260.8999999999996,16,1260.8999999999996,swap,notBad
12915,16,1260.8999999999996,16,1260.8999999999996,2opt,notBad
12916,16,1260.8999999999996,16,1260.8999999999996,swap,notBad
12917,16,1260.8999999999996,16,1260.8999999999996,2opt,improve
12918,16,1260.8999999999996,16,1260.8999999999996,swap,notBad
12919,16,1260.8999999999996,16,1260.8999999999996,2opt,notBad
12920,16,1260.8999999999996,16,1260.8999999999996,swap,notBad
12921,16,1260.8999999999996,16,1260.8999999999996,2opt,notBad
12922,16,1260.8999999999996,16,1260.8999999999996,swap,notBad
12923,16,1260.8999999999996,16,1260.8999999999996,2opt,notBad
12924,16,1260.8999999999996,16,1260.8999999999996,move,improve
12925,16,1260.8999999999996,16,1260.8999999999996,swap,notBad
12926,16,1260.8999999999996,16,1260.8999999999996,2opt,notBad
12927,16,1260.8999999999996,16,1260.8999999999996,move,improve
12928,16,1260.8999999999996,16,1260.8999999999996,move,improve
12929,16,1260.8999999999996,16,1260.8999999999996,move,improve
12930,16,1260.8999999999996,16,1260.8999999999996,move,improve
12931,16,1260.8999999999996,16,1260.8999999999996,move,improve
12932,16,1260.8999999999996,16,1260.8999999999996,swap,notBad
12933,16,1260.8999999999996,16,1260.8999999999996,swap,notBad
12934,16,1260.8999999999996,16,1260.8999999999996,move,improve
12935,16,1260.8999999999996,16,1260.8999999999996,2opt,notBad
12936,16,1260.8999999999996,16,1260.8999999999996,move,improve
12937,16,1260.8999999999996,16,1260.8999999999996,move,improve
12938,16,1260.8999999999996,16,1260.8999999999996,move,improve
12939,16,1260.8999999999996,16,1260.8999999999996,move,improve
12940,16,1260.8999999999996,16,1260.8999999999996,2opt,notBad
12941,16,1260.8999999999996,16,1260.8999999999996,2opt,notBad
12942,16,1260.8999999999996,16,1260.8999999999996,2opt,notBad
12943,16,1260.8999999999996,16,1260.8999999999996,move,improve
12944,16,1260.8999999999996,16,1260.8999999999996,2opt,notBad
12945,16,1260.8999999999996,16,1260.8999999999996,move,improve
12946,16,1260.8999999999996,16,1260.8999999999996,swap,notBad
12947,16,1260.8999999999996,16,1260.8999999999996,2opt,notBad
12948,16,1260.8999999999996,16,1260.8999999999996,move,improve
12949,16,1260.8999999999996,16,1260.8999999999996,swap,notBad
12950,16,1260.8999999999996,16,1260.8999999999996,move,improve
12951,16,1260.8999999999996,16,1260.8999999999996,swap,notBad
12952,16,1260.8999999999996,16,1260.8999999999996,2opt,notBad
12953,16,1260.8999999999996,16,1260.8999999999996,swap,notBad
12954,16,1260.8999999999996,16,1260.8999999999996,swap,notBad
12955,16,1260.8999999999996,16,1260.8999999999996,swap,notBad
12956,16,1260.8999999999996,16,1260.8999999999996,swap,notBad
12957,16,1260.8999999999996,16,1260.8999999999996,2opt,notBad
12958,16,1260.8999999999996,16,1260.8999999999996,move,improve
12959,16,1260.8999999999996,16,1260.8999999999996,swap,notBad
12960,16,1260.8999999999996,16,1260.8999999999996,move,improve
12961,16,1260.8999999999996,16,1260.8999999999996,move,improve
12962,16,1260.8999999999996,16,1260.8999999999996,move,improve
12963,16,1260.8999999999996,16,1260.8999999999996,2opt,notBad
12964,16,1260.8999999999996,16,1260.8999999999996,move,improve
12965,16,1260.8999999999996,16,1260.8999999999996,move,improve
12966,16,1260.8999999999996,16,1260.8999999999996,2opt,notBad
12967,16,1260.8999999999996,16,1260.8999999999996,move,improve
12968,16,1260.8999999999996,16,1260.8999999999996,move,improve
12969,16,1260.8999999999996,16,1260.8999999999996,2opt,notBad
12970,16,1260.8999999999996,16,1260.8999999999996,swap,notBad
12971,16,1260.8999999999996,16,1260.8999999999996,2opt,notBad
12972,16,1260.8999999999996,16,1260.8999999999996,move,improve
12973,16,1260.8999999999996,16,1260.8999999999996,move,improve
12974,16,1260.8999999999996,16,1260.8999999999996,swap,notBad
12975,16,1260.8999999999996,16,1260.8999999999996,2opt,notBad
12976,16,1260.8999999999996,16,1260.8999999999996,2opt,notBad
12977,16,1260.8999999999996,16,1260.8999999999996,2opt,notBad
12978,16,1260.8999999999996,16,1260.8999999999996,2opt,notBad
12979,16,1260.8999999999996,16,1260.8999999999996,move,improve
12980,16,1260.8999999999996,16,1260.8999999999996,2opt,notBad
12981,16,1260.8999999999996,16,1260.8999999999996,2opt,notBad
12982,16,1260.8999999999996,16,1260.8999999999996,2opt,notBad
12983,16,1260.8999999999996,16,1260.8999999999996,2opt,notBad
12984,16,1260.8999999999996,16,1260.8999999999996,move,improve
12985,16,1260.8999999999996,16,1260.8999999999996,swap,notBad
12986,16,1260.8999999999996,16,1260.8999999999996,2opt,improve
12987,16,1260.8999999999996,16,1260.8999999999996,swap,notBad
12988,16,1260.8999999999996,16,1260.8999999999996,swap,notBad
12989,16,1260.8999999999996,16,1260.8999999999996,move,improve
12990,16,1260.8999999999996,16,1260.8999999999996,move,improve
12991,16,1260.8999999999996,16,1260.8999999999996,2opt,notBad
12992,16,1260.8999999999996,16,1260.8999999999996,2opt,notBad
12993,16,1260.8999999999996,16,1260.8999999999996,swap,notBad
12994,16,1260.8999999999996,16,1260.8999999999996,2opt,notBad
12995,16,1260.8999999999996,16,1260.8999999999996,2opt,notBad
12996,16,1260.8999999999996,16,1260.8999999999996,swap,notBad
12997,16,1260.8999999999996,16,1260.8999999999996,2opt,notBad
12998,16,1260.8999999999996,16,1260.8999999999996,move,improve
12999,16,1260.8999999999996,16,1260.8999999999996,2opt,notBad
13000,16,1260.8999999999996,16,1260.8999999999996,2opt,notBad
13001,16,1260.8999999999996,16,1260.8999999999996,move,improve
13002,16,1260.8999999999996,16,1260.8999999999996,move,improve
13003,16,1260.8999999999996,16,1260.8999999999996,move,improve
13004,16,1260.8999999999996,16,1260.8999999999996,move,improve
13005,16,1260.8999999999996,16,1260.8999999999996,2opt,notBad
13006,16,1260.8999999999996,16,1260.8999999999996,2opt,notBad
13007,16,1260.8999999999996,16,1260.8999999999996,move,improve
13008,16,1260.8999999999996,16,1260.8999999999996,move,improve
13009,16,1260.8999999999996,16,1260.8999999999996,swap,notBad
13010,16,1260.8999999999996,16,1260.8999999999996,swap,notBad
13011,16,1260.8999999999996,16,1260.8999999999996,swap,notBad
13012,16,1260.8999999999996,16,1260.8999999999996,move,improve
13013,16,1260.8999999999996,16,1260.8999999999996,move,improve
13014,16,1260.8999999999996,16,1260.8999999999996,swap,notBad
13015,16,1260.8999999999996,16,1260.8999999999996,move,improve
13016,16,1260.8999999999996,16,1260.8999999999996,2opt,notBad
13017,16,1260.8999999999996,16,1260.8999999999996,swap,notBad
13018,16,1260.8999999999996,16,1260.8999999999996,2opt,notBad
13019,16,1260.8999999999996,16,1260.8999999999996,swap,notBad
13020,16,1260.8999999999996,16,1260.8999999999996,swap,notBad
13021,16,1260.8999999999996,16,1260.8999999999996,2opt,notBad
13022,16,1260.8999999999996,16,1260.8999999999996,2opt,notBad
13023,16,1260.8999999999996,16,1260.8999999999996,2opt,notBad
13024,16,1260.8999999999996,16,1260.8999999999996,move,improve
13025,16,1260.8999999999996,16,1260.8999999999996,2opt,notBad
13026,16,1260.8999999999996,16,1260.8999999999996,2opt,notBad
13027,16,1260.8999999999996,16,1260.8999999999996,2opt,notBad
13028,16,1260.8999999999996,16,1260.8999999999996,move,improve
13029,16,1260.8999999999996,16,1260.8999999999996,2opt,notBad
13030,16,1260.8999999999996,16,1260.8999999999996,2opt,notBad
13031,16,1260.8999999999996,16,1260.8999999999996,move,improve
13032,16,1260.8999999999996,16,1260.8999999999996,swap,notBad
13033,16,1260.8999999999996,16,1260.8999999999996,swap,notBad
13034,16,1260.8999999999996,16,1260.8999999999996,move,improve
13035,16,1260.8999999999996,16,1260.8999999999996,2opt,notBad
13036,16,1260.8999999999996,16,1260.8999999999996,swap,notBad
13037,16,1260.8999999999996,16,1260.8999999999996,move,improve
13038,16,1260.8999999999996,16,1260.8999999999996,swap,notBad
13039,16,1260.8999999999996,16,1260.8999999999996,2opt,notBad
13040,16,1260.8999999999996,16,1260.8999999999996,move,improve
13041,16,1260.8999999999996,16,1260.8999999999996,move,improve
13042,16,1260.8999999999996,16,1260.8999999999996,2opt,notBad
13043,16,1260.8999999999996,16,1260.8999999999996,swap,notBad
13044,16,1260.8999999999996,16,1260.8999999999996,swap,notBad
13045,16,1260.8999999999996,16,1260.8999999999996,2opt,improve
13046,16,1260.8999999999996,16,1260.8999999999996,swap,notBad
13047,16,1260.8999999999996,16,1260.8999999999996,move,improve
13048,16,1260.8999999999996,16,1260.8999999999996,move,improve
13049,16,1260.8999999999996,16,1260.8999999999996,swap,notBad
13050,16,1260.8999999999996,16,1260.8999999999996,move,improve
13051,16,1260.8999999999996,16,1260.8999999999996,2opt,notBad
13052,16,1260.8999999999996,16,1260.8999999999996,2opt,notBad
13053,16,1260.8999999999996,16,1260.8999999999996,2opt,improve
13054,16,1260.8999999999996,16,1260.8999999999996,2opt,notBad
13055,16,1260.8999999999996,16,1260.8999999999996,swap,notBad
13056,16,1260.8999999999996,16,1260.8999999999996,2opt,notBad
13057,16,1260.8999999999996,16,1260.8999999999996,swap,notBad
13058,16,1260.8999999999996,16,1260.8999999999996,swap,notBad
13059,16,1260.8999999999996,16,1260.8999999999996,move,improve
13060,16,1260.8999999999996,16,1260.8999999999996,swap,notBad
13061,16,1260.8999999999996,16,1260.8999999999996,swap,notBad
13062,16,1260.8999999999996,16,1260.8999999999996,move,improve
13063,16,1260.8999999999996,16,1260.8999999999996,swap,notBad
13064,16,1260.8999999999996,16,1260.8999999999996,swap,notBad
13065,16,1260.8999999999996,16,1260.8999999999996,2opt,notBad
13066,16,1260.8999999999996,16,1260.8999999999996,2opt,notBad
13067,16,1260.8999999999996,16,1260.8999999999996,2opt,notBad
13068,16,1260.8999999999996,16,1260.8999999999996,swap,notBad
13069,16,1260.8999999999996,16,1260.8999999999996,move,improve
13070,16,1260.8999999999996,16,1260.8999999999996,swap,notBad
13071,16,1260.8999999999996,16,1260.8999999999996,2opt,notBad
13072,16,1260.8999999999996,16,1260.8999999999996,2opt,improve
13073,16,1260.8999999999996,16,1260.8999999999996,swap,notBad
13074,16,1260.8999999999996,16,1260.8999999999996,move,improve
13075,16,1260.8999999999996,16,1260.8999999999996,move,improve
13076,16,1260.8999999999996,16,1260.8999999999996,2opt,notBad
13077,16,1260.8999999999996,16,1260.8999999999996,2opt,notBad
13078,16,1260.8999999999996,16,1260.8999999999996,move,improve
13079,16,1260.8999999999996,16,1260.8999999999996,2opt,notBad
13080,16,1260.8999999999996,16,1260.8999999999996,swap,notBad
13081,16,1260.8999999999996,16,1260.8999999999996,move,improve
13082,16,1260.8999999999996,16,1260.8999999999996,2opt,notBad
13083,16,1260.8999999999996,16,1260.8999999999996,move,improve
13084,16,1260.8999999999996,16,1260.8999999999996,2opt,notBad
13085,16,1260.8999999999996,16,1260.8999999999996,swap,notBad
13086,16,1260.8999999999996,16,1260.8999999999996,move,improve
13087,16,1260.8999999999996,16,1260.8999999999996,swap,notBad
13088,16,1260.8999999999996,16,1260.8999999999996,swap,notBad
13089,16,1260.8999999999996,16,1260.8999999999996,swap,notBad
13090,16,1260.8999999999996,16,1260.8999999999996,2opt,improve
13091,16,1260.8999999999996,16,1260.8999999999996,2opt,notBad
13092,16,1260.8999999999996,16,1260.8999999999996,move,improve
13093,16,1260.8999999999996,16,1260.8999999999996,swap,notBad
13094,16,1260.8999999999996,16,1260.8999999999996,move,improve
13095,16,1260.8999999999996,16,1260.8999999999996,swap,notBad
13096,16,1260.8999999999996,16,1260.8999999999996,swap,notBad
13097,16,1260.8999999999996,16,1260.8999999999996,swap,notBad
13098,16,1260.8999999999996,16,1260.8999999999996,2opt,notBad
13099,16,1260.8999999999996,16,1260.8999999999996,move,improve
13100,16,1260.8999999999996,16,1260.8999999999996,move,improve
13101,16,1260.8999999999996,16,1260.8999999999996,swap,notBad
13102,16,1260.8999999999996,16,1260.8999999999996,move,improve
13103,16,1260.8999999999996,16,1260.8999999999996,move,improve
13104,16,1260.8999999999996,16,1260.8999999999996,swap,notBad
13105,16,1260.8999999999996,16,1260.8999999999996,2opt,improve
13106,16,1260.8999999999996,16,1260.8999999999996,move,improve
13107,16,1260.8999999999996,16,1260.8999999999996,2opt,notBad
13108,16,1260.8999999999996,16,1260.8999999999996,2opt,notBad
13109,16,1260.8999999999996,16,1260.8999999999996,2opt,notBad
13110,16,1260.8999999999996,16,1260.8999999999996,move,improve
13111,16,1260.8999999999996,16,1260.8999999999996,move,improve
13112,16,1260.8999999999996,16,1260.8999999999996,move,improve
13113,16,1260.8999999999996,16,1260.8999999999996,move,improve
13114,16,1260.8999999999996,16,1260.8999999999996,swap,notBad
13115,16,1260.8999999999996,16,1260.8999999999996,move,improve
13116,16,1260.8999999999996,16,1260.8999999999996,2opt,notBad
13117,16,1260.8999999999996,16,1260.8999999999996,2opt,notBad
13118,16,1260.8999999999996,16,1260.8999999999996,swap,notBad
13119,16,1260.8999999999996,16,1260.8999999999996,swap,notBad
13120,16,1260.8999999999996,16,1260.8999999999996,move,improve
13121,16,1260.8999999999996,16,1260.8999999999996,move,improve
13122,16,1260.8999999999996,16,1260.8999999999996,move,improve
13123,16,1260.8999999999996,16,1260.8999999999996,2opt,notBad
13124,16,1260.8999999999996,16,1260.8999999999996,move,improve
13125,16,1260.8999999999996,16,1260.8999999999996,swap,notBad
13126,16,1260.8999999999996,16,1260.8999999999996,2opt,notBad
13127,16,1260.8999999999996,16,1260.8999999999996,swap,notBad
13128,16,1260.8999999999996,16,1260.8999999999996,move,improve
13129,16,1260.8999999999996,16,1260.8999999999996,2opt,notBad
13130,16,1260.8999999999996,16,1260.8999999999996,swap,notBad
13131,16,1260.8999999999996,16,1260.8999999999996,move,improve
13132,16,1260.8999999999996,16,1260.8999999999996,move,improve
13133,16,1260.8999999999996,16,1260.8999999999996,2opt,notBad
13134,16,1260.8999999999996,16,1260.8999999999996,swap,notBad
13135,16,1260.8999999999996,16,1260.8999999999996,2opt,notBad
13136,16,1260.8999999999996,16,1260.8999999999996,swap,notBad
13137,16,1260.8999999999996,16,1260.8999999999996,2opt,notBad
13138,16,1260.8999999999996,16,1260.8999999999996,move,improve
13139,16,1260.8999999999996,16,1260.8999999999996,2opt,notBad
13140,16,1260.8999999999996,16,1260.8999999999996,swap,notBad
13141,16,1260.8999999999996,16,1260.8999999999996,2opt,improve
13142,16,1260.8999999999996,16,1260.8999999999996,2opt,notBad
13143,16,1260.8999999999996,16,1260.8999999999996,2opt,notBad
13144,16,1260.8999999999996,16,1260.8999999999996,swap,notBad
13145,16,1260.8999999999996,16,1260.8999999999996,swap,notBad
13146,16,1260.8999999999996,16,1260.8999999999996,2opt,notBad
13147,16,1260.8999999999996,16,1260.8999999999996,move,improve
13148,16,1260.8999999999996,16,1260.8999999999996,2opt,notBad
13149,16,1260.8999999999996,16,1260.8999999999996,swap,notBad
13150,16,1260.8999999999996,16,1260.8999999999996,move,improve
13151,16,1260.8999999999996,16,1260.8999999999996,swap,notBad
13152,16,1260.8999999999996,16,1260.8999999999996,swap,notBad
13153,16,1260.8999999999996,16,1260.8999999999996,move,improve
13154,16,1260.8999999999996,16,1260.8999999999996,2opt,notBad
13155,16,1260.8999999999996,16,1260.8999999999996,swap,notBad
13156,16,1260.8999999999996,16,1260.8999999999996,move,improve
13157,16,1260.8999999999996,16,1260.8999999999996,swap,notBad
13158,16,1260.8999999999996,16,1260.8999999999996,2opt,notBad
13159,16,1260.8999999999996,16,1260.8999999999996,move,improve
13160,16,1260.8999999999996,16,1260.8999999999996,move,improve
13161,16,1260.8999999999996,16,1260.8999999999996,2opt,improve
13162,16,1260.8999999999996,16,1260.8999999999996,move,improve
13163,16,1260.8999999999996,16,1260.8999999999996,2opt,notBad
13164,16,1260.8999999999996,16,1260.8999999999996,swap,notBad
13165,16,1260.8999999999996,16,1260.8999999999996,2opt,notBad
13166,16,1260.8999999999996,16,1260.8999999999996,2opt,notBad
13167,16,1260.8999999999996,16,1260.8999999999996,move,notBad
13168,16,1260.8999999999996,16,1260.8999999999996,move,improve
13169,16,1260.8999999999996,16,1260.8999999999996,2opt,notBad
13170,16,1260.8999999999996,16,1260.8999999999996,2opt,notBad
13171,16,1260.8999999999996,16,1260.8999999999996,swap,notBad
13172,16,1260.8999999999996,16,1260.8999999999996,swap,notBad
13173,16,1260.8999999999996,16,1260.8999999999996,2opt,notBad
13174,16,1260.8999999999996,16,1260.8999999999996,swap,notBad
13175,16,1260.8999999999996,16,1260.8999999999996,2opt,improve
13176,16,1260.8999999999996,16,1260.8999999999996,swap,notBad
13177,16,1260.8999999999996,16,1260.8999999999996,swap,notBad
13178,16,1260.8999999999996,16,1260.8999999999996,move,improve
13179,16,1260.8999999999996,16,1260.8999999999996,2opt,notBad
13180,16,1260.8999999999996,16,1260.8999999999996,move,improve
13181,16,1260.8999999999996,16,1260.8999999999996,move,improve
13182,16,1260.8999999999996,16,1260.8999999999996,move,improve
13183,16,1260.8999999999996,16,1260.8999999999996,2opt,notBad
13184,16,1260.8999999999996,16,1260.8999999999996,2opt,notBad
13185,16,1260.8999999999996,16,1260.8999999999996,move,improve
13186,16,1261.2999999999997,16,1260.8999999999996,swap,acceptBad
13187,16,1261.2999999999997,16,1260.8999999999996,swap,notBad
13188,16,1261.2999999999997,16,1260.8999999999996,2opt,notBad
13189,16,1261.2999999999997,16,1260.8999999999996,2opt,notBad
13190,16,1261.2999999999997,16,1260.8999999999996,move,improve
13191,16,1261.2999999999997,16,1260.8999999999996,swap,notBad
13192,16,1261.2999999999997,16,1260.8999999999996,swap,notBad
13193,16,1261.2999999999997,16,1260.8999999999996,2opt,notBad
13194,16,1261.2999999999997,16,1260.8999999999996,2opt,improve
13195,16,1261.2999999999997,16,1260.8999999999996,swap,notBad
13196,16,1261.2999999999997,16,1260.8999999999996,move,improve
13197,16,1261.2999999999997,16,1260.8999999999996,move,improve
13198,16,1261.2999999999997,16,1260.8999999999996,swap,notBad
13199,16,1261.2999999999997,16,1260.8999999999996,move,improve
13200,16,1261.2999999999997,16,1260.8999999999996,2opt,notBad
13201,16,1261.2999999999997,16,1260.8999999999996,move,improve
13202,16,1261.2999999999997,16,1260.8999999999996,2opt,notBad
13203,16,1261.2999999999997,16,1260.8999999999996,2opt,notBad
13204,16,1261.2999999999997,16,1260.8999999999996,2opt,notBad
13205,16,1261.2999999999997,16,1260.8999999999996,2opt,improve
13206,16,1261.2999999999997,16,1260.8999999999996,move,improve
13207,16,1261.2999999999997,16,1260.8999999999996,2opt,notBad
13208,16,1261.2999999999997,16,1260.8999999999996,swap,notBad
13209,16,1261.2999999999997,16,1260.8999999999996,move,improve
13210,16,1261.2999999999997,16,1260.8999999999996,2opt,notBad
13211,16,1261.2999999999997,16,1260.8999999999996,2opt,notBad
13212,16,1261.2999999999997,16,1260.8999999999996,2opt,notBad
13213,16,1261.2999999999997,16,1260.8999999999996,move,improve
13214,16,1261.2999999999997,16,1260.8999999999996,move,improve
13215,16,1261.2999999999997,16,1260.8999999999996,2opt,notBad
13216,16,1261.2999999999997,16,1260.8999999999996,swap,notBad
13217,16,1261.2999999999997,16,1260.8999999999996,move,improve
13218,16,1261.2999999999997,16,1260.8999999999996,move,improve
13219,16,1261.2999999999997,16,1260.8999999999996,move,improve
13220,16,1261.2999999999997,16,1260.8999999999996,swap,notBad
13221,16,1261.2999999999997,16,1260.8999999999996,move,improve
13222,16,1261.2999999999997,16,1260.8999999999996,swap,notBad
13223,16,1261.2999999999997,16,1260.8999999999996,swap,notBad
13224,16,1261.2999999999997,16,1260.8999999999996,swap,notBad
13225,16,1261.2999999999997,16,1260.8999999999996,move,improve
13226,16,1261.2999999999997,16,1260.8999999999996,swap,notBad
13227,16,1261.2999999999997,16,1260.8999999999996,swap,notBad
13228,16,1261.2999999999997,16,1260.8999999999996,2opt,notBad
13229,16,1261.2999999999997,16,1260.8999999999996,swap,notBad
13230,16,1261.2999999999997,16,1260.8999999999996,move,improve
13231,16,1261.2999999999997,16,1260.8999999999996,swap,notBad
13232,16,1261.2999999999997,16,1260.8999999999996,swap,notBad
13233,16,1261.2999999999997,16,1260.8999999999996,move,improve
13234,16,1261.2999999999997,16,1260.8999999999996,swap,notBad
13235,16,1261.2999999999997,16,1260.8999999999996,move,improve
13236,16,1261.2999999999997,16,1260.8999999999996,2opt,notBad
13237,16,1261.2999999999997,16,1260.8999999999996,2opt,notBad
13238,16,1261.2999999999997,16,1260.8999999999996,2opt,notBad
13239,16,1261.2999999999997,16,1260.8999999999996,move,improve
13240,16,1261.2999999999997,16,1260.8999999999996,move,improve
13241,16,1261.2999999999997,16,1260.8999999999996,swap,notBad
13242,16,1261.2999999999997,16,1260.8999999999996,move,improve
13243,16,1261.2999999999997,16,1260.8999999999996,move,improve
13244,16,1261.2999999999997,16,1260.8999999999996,move,improve
13245,16,1261.2999999999997,16,1260.8999999999996,2opt,notBad
13246,16,1261.2999999999997,16,1260.8999999999996,2opt,notBad
13247,16,1261.2999999999997,16,1260.8999999999996,2opt,notBad
13248,16,1261.2999999999997,16,1260.8999999999996,move,improve
13249,16,1261.2999999999997,16,1260.8999999999996,swap,notBad
13250,16,1261.2999999999997,16,1260.8999999999996,2opt,improve
13251,16,1261.2999999999997,16,1260.8999999999996,swap,notBad
13252,16,1261.2999999999997,16,1260.8999999999996,move,improve
13253,16,1261.2999999999997,16,1260.8999999999996,2opt,notBad
13254,16,1261.2999999999997,16,1260.8999999999996,move,improve
13255,16,1261.2999999999997,16,1260.8999999999996,2opt,notBad
13256,16,1261.2999999999997,16,1260.8999999999996,move,improve
13257,16,1261.2999999999997,16,1260.8999999999996,2opt,notBad
13258,16,1261.2999999999997,16,1260.8999999999996,move,improve
13259,16,1261.2999999999997,16,1260.8999999999996,swap,notBad
13260,16,1261.2999999999997,16,1260.8999999999996,move,improve
13261,16,1261.2999999999997,16,1260.8999999999996,swap,notBad
13262,16,1261.2999999999997,16,1260.8999999999996,move,improve
13263,16,1261.2999999999997,16,1260.8999999999996,move,improve
13264,16,1261.2999999999997,16,1260.8999999999996,move,improve
13265,16,1261.2999999999997,16,1260.8999999999996,swap,notBad
13266,16,1261.2999999999997,16,1260.8999999999996,2opt,notBad
13267,16,1261.2999999999997,16,1260.8999999999996,2opt,notBad
13268,16,1261.2999999999997,16,1260.8999999999996,swap,notBad
13269,16,1261.2999999999997,16,1260.8999999999996,swap,notBad
13270,16,1261.2999999999997,16,1260.8999999999996,swap,notBad
13271,16,1261.2999999999997,16,1260.8999999999996,2opt,notBad
13272,16,1261.2999999999997,16,1260.8999999999996,move,improve
13273,16,1261.2999999999997,16,1260.8999999999996,swap,notBad
13274,16,1261.2999999999997,16,1260.8999999999996,move,improve
13275,16,1261.2999999999997,16,1260.8999999999996,swap,notBad
13276,16,1261.2999999999997,16,1260.8999999999996,move,improve
13277,16,1261.2999999999997,16,1260.8999999999996,2opt,notBad
13278,16,1261.2999999999997,16,1260.8999999999996,2opt,notBad
13279,16,1261.2999999999997,16,1260.8999999999996,2opt,notBad
13280,16,1261.2999999999997,16,1260.8999999999996,swap,notBad
13281,16,1261.2999999999997,16,1260.8999999999996,swap,notBad
13282,16,1261.2999999999997,16,1260.8999999999996,move,improve
13283,16,1261.2999999999997,16,1260.8999999999996,2opt,notBad
13284,16,1261.2999999999997,16,1260.8999999999996,2opt,notBad
13285,16,1261.2999999999997,16,1260.8999999999996,2opt,notBad
13286,16,1261.2999999999997,16,1260.8999999999996,move,improve
13287,16,1261.2999999999997,16,1260.8999999999996,2opt,notBad
13288,16,1261.2999999999997,16,1260.8999999999996,move,improve
13289,16,1261.2999999999997,16,1260.8999999999996,swap,notBad
13290,16,1261.2999999999997,16,1260.8999999999996,move,improve
13291,16,1261.2999999999997,16,1260.8999999999996,swap,notBad
13292,16,1261.2999999999997,16,1260.8999999999996,swap,notBad
13293,16,1261.2999999999997,16,1260.8999999999996,swap,notBad
13294,16,1261.2999999999997,16,1260.8999999999996,swap,notBad
13295,16,1261.2999999999997,16,1260.8999999999996,move,improve
13296,16,1261.2999999999997,16,1260.8999999999996,2opt,notBad
13297,16,1261.2999999999997,16,1260.8999999999996,2opt,improve
13298,16,1261.2999999999997,16,1260.8999999999996,2opt,notBad
13299,16,1261.2999999999997,16,1260.8999999999996,2opt,notBad
13300,16,1261.2999999999997,16,1260.8999999999996,swap,notBad
13301,16,1261.2999999999997,16,1260.8999999999996,move,improve
13302,16,1261.2999999999997,16,1260.8999999999996,swap,notBad
13303,16,1261.2999999999997,16,1260.8999999999996,2opt,notBad
13304,16,1261.2999999999997,16,1260.8999999999996,swap,notBad
13305,16,1261.2999999999997,16,1260.8999999999996,swap,notBad
13306,16,1261.2999999999997,16,1260.8999999999996,move,improve
13307,16,1261.2999999999997,16,1260.8999999999996,swap,notBad
13308,16,1261.2999999999997,16,1260.8999999999996,2opt,notBad
13309,16,1261.2999999999997,16,1260.8999999999996,swap,notBad
13310,16,1261.2999999999997,16,1260.8999999999996,move,improve
13311,16,1261.2999999999997,16,1260.8999999999996,swap,notBad
13312,16,1261.2999999999997,16,1260.8999999999996,2opt,notBad
13313,16,1261.2999999999997,16,1260.8999999999996,move,improve
13314,16,1261.2999999999997,16,1260.8999999999996,move,improve
13315,16,1261.2999999999997,16,1260.8999999999996,2opt,improve
13316,16,1261.2999999999997,16,1260.8999999999996,swap,notBad
13317,16,1261.2999999999997,16,1260.8999999999996,move,improve
13318,16,1261.2999999999997,16,1260.8999999999996,2opt,notBad
13319,16,1261.2999999999997,16,1260.8999999999996,swap,notBad
13320,16,1261.2999999999997,16,1260.8999999999996,2opt,notBad
13321,16,1261.2999999999997,16,1260.8999999999996,swap,notBad
13322,16,1261.2999999999997,16,1260.8999999999996,2opt,notBad
13323,16,1261.2999999999997,16,1260.8999999999996,swap,notBad
13324,16,1261.2999999999997,16,1260.8999999999996,2opt,notBad
13325,16,1261.2999999999997,16,1260.8999999999996,2opt,notBad
13326,16,1261.2999999999997,16,1260.8999999999996,move,improve
13327,16,1261.2999999999997,16,1260.8999999999996,swap,notBad
13328,16,1261.2999999999997,16,1260.8999999999996,swap,notBad
13329,16,1261.2999999999997,16,1260.8999999999996,swap,notBad
13330,16,1261.2999999999997,16,1260.8999999999996,swap,notBad
13331,16,1261.2999999999997,16,1260.8999999999996,swap,notBad
13332,16,1261.2999999999997,16,1260.8999999999996,2opt,notBad
13333,16,1261.2999999999997,16,1260.8999999999996,2opt,notBad
13334,16,1261.2999999999997,16,1260.8999999999996,move,improve
13335,16,1261.2999999999997,16,1260.8999999999996,swap,notBad
13336,16,1261.2999999999997,16,1260.8999999999996,move,improve
13337,16,1261.2999999999997,16,1260.8999999999996,2opt,notBad
13338,16,1261.2999999999997,16,1260.8999999999996,swap,notBad
13339,16,1261.2999999999997,16,1260.8999999999996,move,improve
13340,16,1261.2999999999997,16,1260.8999999999996,2opt,improve
13341,16,1261.2999999999997,16,1260.8999999999996,move,improve
13342,16,1261.2999999999997,16,1260.8999999999996,move,improve
13343,16,1261.2999999999997,16,1260.8999999999996,move,improve
13344,16,1261.2999999999997,16,1260.8999999999996,move,improve
13345,16,1261.2999999999997,16,1260.8999999999996,swap,notBad
13346,16,1261.2999999999997,16,1260.8999999999996,move,improve
13347,16,1261.2999999999997,16,1260.8999999999996,2opt,notBad
13348,16,1261.2999999999997,16,1260.8999999999996,swap,notBad
13349,16,1261.2999999999997,16,1260.8999999999996,move,improve
13350,16,1261.2999999999997,16,1260.8999999999996,swap,notBad
13351,16,1261.2999999999997,16,1260.8999999999996,swap,notBad
13352,16,1261.2999999999997,16,1260.8999999999996,2opt,improve
13353,16,1261.2999999999997,16,1260.8999999999996,swap,notBad
13354,16,1261.2999999999997,16,1260.8999999999996,2opt,notBad
13355,16,1261.2999999999997,16,1260.8999999999996,swap,notBad
13356,16,1261.2999999999997,16,1260.8999999999996,move,improve
13357,16,1261.2999999999997,16,1260.8999999999996,2opt,notBad
13358,16,1261.2999999999997,16,1260.8999999999996,swap,notBad
13359,16,1261.2999999999997,16,1260.8999999999996,swap,notBad
13360,16,1261.2999999999997,16,1260.8999999999996,move,improve
13361,16,1261.2999999999997,16,1260.8999999999996,swap,notBad
13362,16,1261.2999999999997,16,1260.8999999999996,move,improve
13363,16,1261.2999999999997,16,1260.8999999999996,swap,notBad
13364,16,1261.2999999999997,16,1260.8999999999996,move,improve
13365,16,1261.2999999999997,16,1260.8999999999996,swap,notBad
13366,16,1261.2999999999997,16,1260.8999999999996,move,improve
13367,16,1261.2999999999997,16,1260.8999999999996,swap,notBad
13368,16,1261.2999999999997,16,1260.8999999999996,2opt,notBad
13369,16,1261.2999999999997,16,1260.8999999999996,swap,notBad
13370,16,1261.2999999999997,16,1260.8999999999996,2opt,notBad
13371,16,1261.2999999999997,16,1260.8999999999996,2opt,notBad
13372,16,1261.2999999999997,16,1260.8999999999996,2opt,notBad
13373,16,1261.2999999999997,16,1260.8999999999996,2opt,notBad
13374,16,1261.2999999999997,16,1260.8999999999996,swap,notBad
13375,16,1261.2999999999997,16,1260.8999999999996,swap,notBad
13376,16,1261.2999999999997,16,1260.8999999999996,move,improve
13377,16,1261.2999999999997,16,1260.8999999999996,2opt,notBad
13378,16,1261.2999999999997,16,1260.8999999999996,move,improve
13379,16,1261.2999999999997,16,1260.8999999999996,swap,notBad
13380,16,1261.2999999999997,16,1260.8999999999996,swap,notBad
13381,16,1261.2999999999997,16,1260.8999999999996,move,improve
13382,16,1261.2999999999997,16,1260.8999999999996,2opt,notBad
13383,16,1261.2999999999997,16,1260.8999999999996,2opt,notBad
13384,16,1261.2999999999997,16,1260.8999999999996,2opt,notBad
13385,16,1261.2999999999997,16,1260.8999999999996,2opt,notBad
13386,16,1261.2999999999997,16,1260.8999999999996,2opt,notBad
13387,16,1261.2999999999997,16,1260.8999999999996,move,improve
13388,16,1261.2999999999997,16,1260.8999999999996,swap,notBad
13389,16,1261.2999999999997,16,1260.8999999999996,swap,notBad
13390,16,1261.2999999999997,16,1260.8999999999996,swap,notBad
13391,16,1261.2999999999997,16,1260.8999999999996,swap,notBad
13392,16,1261.2999999999997,16,1260.8999999999996,2opt,notBad
13393,16,1261.2999999999997,16,1260.8999999999996,move,improve
13394,16,1261.2999999999997,16,1260.8999999999996,swap,notBad
13395,16,1261.2999999999997,16,1260.8999999999996,move,improve
13396,16,1261.2999999999997,16,1260.8999999999996,2opt,notBad
13397,16,1261.2999999999997,16,1260.8999999999996,2opt,notBad
13398,16,1261.2999999999997,16,1260.8999999999996,move,improve
13399,16,1261.2999999999997,16,1260.8999999999996,2opt,notBad
13400,16,1261.2999999999997,16,1260.8999999999996,swap,notBad
13401,16,1261.2999999999997,16,1260.8999999999996,move,improve
13402,16,1261.2999999999997,16,1260.8999999999996,swap,notBad
13403,16,1261.2999999999997,16,1260.8999999999996,move,improve
13404,16,1261.2999999999997,16,1260.8999999999996,swap,notBad
13405,16,1261.2999999999997,16,1260.8999999999996,swap,notBad
13406,16,1261.2999999999997,16,1260.8999999999996,swap,notBad
13407,16,1261.2999999999997,16,1260.8999999999996,2opt,notBad
13408,16,1261.2999999999997,16,1260.8999999999996,swap,notBad
13409,16,1261.2999999999997,16,1260.8999999999996,move,improve
13410,16,1261.2999999999997,16,1260.8999999999996,swap,notBad
13411,16,1261.2999999999997,16,1260.8999999999996,2opt,notBad
13412,16,1261.2999999999997,16,1260.8999999999996,swap,notBad
13413,16,1261.2999999999997,16,1260.8999999999996,2opt,notBad
13414,16,1261.2999999999997,16,1260.8999999999996,move,improve
13415,16,1261.2999999999997,16,1260.8999999999996,swap,notBad
13416,16,1261.2999999999997,16,1260.8999999999996,move,improve
13417,16,1261.2999999999997,16,1260.8999999999996,swap,notBad
13418,16,1261.2999999999997,16,1260.8999999999996,2opt,notBad
13419,16,1261.2999999999997,16,1260.8999999999996,swap,notBad
13420,16,1261.2999999999997,16,1260.8999999999996,2opt,notBad
13421,16,1261.2999999999997,16,1260.8999999999996,move,improve
13422,16,1261.2999999999997,16,1260.8999999999996,2opt,notBad
13423,16,1261.2999999999997,16,1260.8999999999996,2opt,improve
13424,16,1261.2999999999997,16,1260.8999999999996,2opt,notBad
13425,16,1261.2999999999997,16,1260.8999999999996,2opt,notBad
13426,16,1261.2999999999997,16,1260.8999999999996,swap,notBad
13427,16,1261.2999999999997,16,1260.8999999999996,swap,notBad
13428,16,1261.2999999999997,16,1260.8999999999996,swap,notBad
13429,16,1261.2999999999997,16,1260.8999999999996,swap,notBad
13430,16,1261.2999999999997,16,1260.8999999999996,move,improve
13431,16,1261.2999999999997,16,1260.8999999999996,swap,notBad
13432,16,1261.2999999999997,16,1260.8999999999996,move,improve
13433,16,1261.2999999999997,16,1260.8999999999996,2opt,notBad
13434,16,1261.2999999999997,16,1260.8999999999996,2opt,notBad
13435,16,1261.2999999999997,16,1260.8999999999996,swap,notBad
13436,16,1261.2999999999997,16,1260.8999999999996,swap,notBad
13437,16,1261.2999999999997,16,1260.8999999999996,move,improve
13438,16,1261.2999999999997,16,1260.8999999999996,move,improve
13439,16,1261.2999999999997,16,1260.8999999999996,move,improve
13440,16,1261.2999999999997,16,1260.8999999999996,move,improve
13441,16,1261.2999999999997,16,1260.8999999999996,swap,notBad
13442,16,1261.2999999999997,16,1260.8999999999996,swap,notBad
13443,16,1261.2999999999997,16,1260.8999999999996,move,improve
13444,16,1261.2999999999997,16,1260.8999999999996,2opt,notBad
13445,16,1261.2999999999997,16,1260.8999999999996,swap,notBad
13446,16,1261.2999999999997,16,1260.8999999999996,2opt,notBad
13447,16,1261.2999999999997,16,1260.8999999999996,move,improve
13448,16,1261.2999999999997,16,1260.8999999999996,2opt,notBad
13449,16,1261.2999999999997,16,1260.8999999999996,move,improve
13450,16,1261.2999999999997,16,1260.8999999999996,2opt,improve
13451,16,1261.2999999999997,16,1260.8999999999996,2opt,notBad
13452,16,1261.2999999999997,16,1260.8999999999996,2opt,improve
13453,16,1261.2999999999997,16,1260.8999999999996,move,improve
13454,16,1261.2999999999997,16,1260.8999999999996,swap,notBad
13455,16,1261.2999999999997,16,1260.8999999999996,2opt,notBad
13456,16,1261.2999999999997,16,1260.8999999999996,2opt,notBad
13457,16,1261.2999999999997,16,1260.8999999999996,2opt,notBad
13458,16,1261.2999999999997,16,1260.8999999999996,move,improve
13459,16,1261.2999999999997,16,1260.8999999999996,move,improve
13460,16,1261.2999999999997,16,1260.8999999999996,swap,notBad
13461,16,1261.2999999999997,16,1260.8999999999996,move,improve
13462,16,1261.2999999999997,16,1260.8999999999996,swap,notBad
13463,16,1261.2999999999997,16,1260.8999999999996,move,improve
13464,16,1261.2999999999997,16,1260.8999999999996,move,improve
13465,16,1261.2999999999997,16,1260.8999999999996,swap,notBad
13466,16,1261.2999999999997,16,1260.8999999999996,2opt,improve
13467,16,1261.2999999999997,16,1260.8999999999996,swap,notBad
13468,16,1261.2999999999997,16,1260.8999999999996,swap,notBad
13469,16,1261.2999999999997,16,1260.8999999999996,2opt,notBad
13470,16,1261.2999999999997,16,1260.8999999999996,2opt,notBad
13471,16,1261.2999999999997,16,1260.8999999999996,move,improve
13472,16,1261.2999999999997,16,1260.8999999999996,swap,notBad
13473,16,1261.2999999999997,16,1260.8999999999996,swap,notBad
13474,16,1261.2999999999997,16,1260.8999999999996,2opt,improve
13475,16,1261.2999999999997,16,1260.8999999999996,move,improve
13476,16,1261.2999999999997,16,1260.8999999999996,2opt,notBad
13477,16,1261.2999999999997,16,1260.8999999999996,swap,notBad
13478,16,1261.2999999999997,16,1260.8999999999996,swap,notBad
13479,16,1261.2999999999997,16,1260.8999999999996,2opt,notBad
13480,16,1261.2999999999997,16,1260.8999999999996,move,improve
13481,16,1261.2999999999997,16,1260.8999999999996,2opt,notBad
13482,16,1261.2999999999997,16,1260.8999999999996,move,improve
13483,16,1261.2999999999997,16,1260.8999999999996,swap,notBad
13484,16,1261.2999999999997,16,1260.8999999999996,swap,notBad
13485,16,1261.2999999999997,16,1260.8999999999996,2opt,notBad
13486,16,1261.2999999999997,16,1260.8999999999996,swap,notBad
13487,16,1261.2999999999997,16,1260.8999999999996,move,improve
13488,16,1261.2999999999997,16,1260.8999999999996,swap,notBad
13489,16,1261.2999999999997,16,1260.8999999999996,swap,notBad
13490,16,1260.8999999999996,16,1260.8999999999996,swap,improve
13491,16,1260.8999999999996,16,1260.8999999999996,move,improve
13492,16,1260.8999999999996,16,1260.8999999999996,move,improve
13493,16,1260.8999999999996,16,1260.8999999999996,swap,notBad
13494,16,1260.8999999999996,16,1260.8999999999996,2opt,improve
13495,16,1260.8999999999996,16,1260.8999999999996,move,improve
13496,16,1260.8999999999996,16,1260.8999999999996,2opt,notBad
13497,16,1260.8999999999996,16,1260.8999999999996,swap,notBad
13498,16,1260.8999999999996,16,1260.8999999999996,move,improve
13499,16,1260.8999999999996,16,1260.8999999999996,swap,notBad
13500,16,1260.8999999999996,16,1260.8999999999996,swap,notBad
13501,16,1260.8999999999996,16,1260.8999999999996,move,improve
13502,16,1260.8999999999996,16,1260.8999999999996,move,improve
13503,16,1260.8999999999996,16,1260.8999999999996,2opt,notBad
13504,16,1260.8999999999996,16,1260.8999999999996,swap,notBad
13505,16,1260.8999999999996,16,1260.8999999999996,move,improve
13506,16,1260.8999999999996,16,1260.8999999999996,move,improve
13507,16,1260.8999999999996,16,1260.8999999999996,2opt,notBad
13508,16,1260.8999999999996,16,1260.8999999999996,swap,notBad
13509,16,1260.8999999999996,16,1260.8999999999996,swap,notBad
13510,16,1260.8999999999996,16,1260.8999999999996,2opt,notBad
13511,16,1260.8999999999996,16,1260.8999999999996,swap,notBad
13512,16,1260.8999999999996,16,1260.8999999999996,2opt,notBad
13513,16,1260.8999999999996,16,1260.8999999999996,move,improve
13514,16,1260.8999999999996,16,1260.8999999999996,2opt,notBad
13515,16,1260.8999999999996,16,1260.8999999999996,2opt,notBad
13516,16,1260.8999999999996,16,1260.8999999999996,2opt,notBad
13517,16,1260.8999999999996,16,1260.8999999999996,2opt,notBad
13518,16,1260.8999999999996,16,1260.8999999999996,2opt,notBad
13519,16,1260.8999999999996,16,1260.8999999999996,move,improve
13520,16,1260.8999999999996,16,1260.8999999999996,2opt,notBad
13521,16,1260.8999999999996,16,1260.8999999999996,move,improve
13522,16,1260.8999999999996,16,1260.8999999999996,move,improve
13523,16,1260.8999999999996,16,1260.8999999999996,move,improve
13524,16,1260.8999999999996,16,1260.8999999999996,2opt,notBad
13525,16,1260.8999999999996,16,1260.8999999999996,swap,notBad
13526,16,1260.8999999999996,16,1260.8999999999996,move,improve
13527,16,1260.8999999999996,16,1260.8999999999996,swap,notBad
13528,16,1260.8999999999996,16,1260.8999999999996,move,improve
13529,16,1260.8999999999996,16,1260.8999999999996,2opt,notBad
13530,16,1260.8999999999996,16,1260.8999999999996,swap,notBad
13531,16,1260.8999999999996,16,1260.8999999999996,swap,notBad
13532,16,1260.8999999999996,16,1260.8999999999996,2opt,notBad
13533,16,1260.8999999999996,16,1260.8999999999996,move,improve
13534,16,1260.8999999999996,16,1260.8999999999996,move,improve
13535,16,1260.8999999999996,16,1260.8999999999996,2opt,notBad
13536,16,1260.8999999999996,16,1260.8999999999996,move,improve
13537,16,1260.8999999999996,16,1260.8999999999996,2opt,notBad
13538,16,1260.8999999999996,16,1260.8999999999996,2opt,notBad
13539,16,1260.8999999999996,16,1260.8999999999996,2opt,notBad
13540,16,1260.8999999999996,16,1260.8999999999996,swap,notBad
13541,16,1260.8999999999996,16,1260.8999999999996,swap,notBad
13542,16,1260.8999999999996,16,1260.8999999999996,2opt,notBad
13543,16,1260.8999999999996,16,1260.8999999999996,move,improve
13544,16,1260.8999999999996,16,1260.8999999999996,2opt,notBad
13545,16,1260.8999999999996,16,1260.8999999999996,2opt,notBad
13546,16,1260.8999999999996,16,1260.8999999999996,swap,notBad
13547,16,1260.8999999999996,16,1260.8999999999996,swap,notBad
13548,16,1260.8999999999996,16,1260.8999999999996,swap,notBad
13549,16,1260.8999999999996,16,1260.8999999999996,2opt,notBad
13550,16,1260.8999999999996,16,1260.8999999999996,move,improve
13551,16,1260.8999999999996,16,1260.8999999999996,move,improve
13552,16,1260.8999999999996,16,1260.8999999999996,2opt,notBad
13553,16,1260.8999999999996,16,1260.8999999999996,move,improve
13554,16,1260.8999999999996,16,1260.8999999999996,2opt,notBad
13555,16,1260.8999999999996,16,1260.8999999999996,move,improve
13556,16,1260.8999999999996,16,1260.8999999999996,swap,notBad
13557,16,1260.8999999999996,16,1260.8999999999996,2opt,notBad
13558,16,1260.8999999999996,16,1260.8999999999996,move,improve
13559,16,1260.8999999999996,16,1260.8999999999996,swap,notBad
13560,16,1260.8999999999996,16,1260.8999999999996,move,improve
13561,16,1260.8999999999996,16,1260.8999999999996,move,improve
13562,16,1260.8999999999996,16,1260.8999999999996,2opt,notBad
13563,16,1260.8999999999996,16,1260.8999999999996,2opt,notBad
13564,16,1260.8999999999996,16,1260.8999999999996,move,improve
13565,16,1260.8999999999996,16,1260.8999999999996,swap,notBad
13566,16,1260.8999999999996,16,1260.8999999999996,swap,notBad
13567,16,1260.8999999999996,16,1260.8999999999996,2opt,notBad
13568,16,1260.8999999999996,16,1260.8999999999996,move,improve
13569,16,1260.8999999999996,16,1260.8999999999996,swap,notBad
13570,16,1260.8999999999996,16,1260.8999999999996,move,improve
13571,16,1260.8999999999996,16,1260.8999999999996,2opt,notBad
13572,16,1260.8999999999996,16,1260.8999999999996,swap,notBad
13573,16,1260.8999999999996,16,1260.8999999999996,swap,notBad
13574,16,1260.8999999999996,16,1260.8999999999996,2opt,notBad
13575,16,1260.8999999999996,16,1260.8999999999996,swap,notBad
13576,16,1260.8999999999996,16,1260.8999999999996,move,improve
13577,16,1260.8999999999996,16,1260.8999999999996,move,improve
13578,16,1260.8999999999996,16,1260.8999999999996,2opt,improve
13579,16,1260.8999999999996,16,1260.8999999999996,move,notBad
13580,16,1260.8999999999996,16,1260.8999999999996,move,improve
13581,16,1260.8999999999996,16,1260.8999999999996,move,improve
13582,16,1260.8999999999996,16,1260.8999999999996,swap,notBad
13583,16,1260.8999999999996,16,1260.8999999999996,move,improve
13584,16,1260.8999999999996,16,1260.8999999999996,2opt,improve
13585,16,1260.8999999999996,16,1260.8999999999996,swap,notBad
13586,16,1260.8999999999996,16,1260.8999999999996,2opt,notBad
13587,16,1260.8999999999996,16,1260.8999999999996,swap,notBad
13588,16,1260.8999999999996,16,1260.8999999999996,2opt,notBad
13589,16,1260.8999999999996,16,1260.8999999999996,2opt,notBad
13590,16,1260.8999999999996,16,1260.8999999999996,move,improve
13591,16,1260.8999999999996,16,1260.8999999999996,move,improve
13592,16,1260.8999999999996,16,1260.8999999999996,move,improve
13593,16,1260.8999999999996,16,1260.8999999999996,2opt,notBad
13594,16,1260.8999999999996,16,1260.8999999999996,move,improve
13595,16,1260.8999999999996,16,1260.8999999999996,move,improve
13596,16,1260.8999999999996,16,1260.8999999999996,swap,notBad
13597,16,1260.8999999999996,16,1260.8999999999996,swap,notBad
13598,16,1260.8999999999996,16,1260.8999999999996,move,improve
13599,16,1260.8999999999996,16,1260.8999999999996,move,improve
13600,16,1260.8999999999996,16,1260.8999999999996,2opt,notBad
13601,16,1260.8999999999996,16,1260.8999999999996,move,improve
13602,16,1260.8999999999996,16,1260.8999999999996,2opt,notBad
13603,16,1260.8999999999996,16,1260.8999999999996,swap,notBad
13604,16,1260.8999999999996,16,1260.8999999999996,2opt,notBad
13605,16,1260.8999999999996,16,1260.8999999999996,move,notBad
13606,16,1260.8999999999996,16,1260.8999999999996,2opt,notBad
13607,16,1260.8999999999996,16,1260.8999999999996,2opt,notBad
13608,16,1260.8999999999996,16,1260.8999999999996,move,improve
13609,16,1260.8999999999996,16,1260.8999999999996,2opt,improve
13610,16,1260.8999999999996,16,1260.8999999999996,swap,notBad
13611,16,1260.8999999999996,16,1260.8999999999996,swap,notBad
13612,16,1260.8999999999996,16,1260.8999999999996,swap,notBad
13613,16,1260.8999999999996,16,1260.8999999999996,2opt,notBad
13614,16,1260.8999999999996,16,1260.8999999999996,swap,notBad
13615,16,1260.8999999999996,16,1260.8999999999996,swap,notBad
13616,16,1260.8999999999996,16,1260.8999999999996,swap,notBad
13617,16,1260.8999999999996,16,1260.8999999999996,2opt,notBad
13618,16,1260.8999999999996,16,1260.8999999999996,swap,notBad
13619,16,1260.8999999999996,16,1260.8999999999996,2opt,notBad
13620,16,1260.8999999999996,16,1260.8999999999996,2opt,notBad
13621,16,1260.8999999999996,16,1260.8999999999996,move,improve
13622,16,1260.8999999999996,16,1260.8999999999996,move,improve
13623,16,1260.8999999999996,16,1260.8999999999996,2opt,notBad
13624,16,1260.8999999999996,16,1260.8999999999996,move,improve
13625,16,1260.8999999999996,16,1260.8999999999996,move,improve
13626,16,1260.8999999999996,16,1260.8999999999996,2opt,improve
13627,16,1260.8999999999996,16,1260.8999999999996,move,improve
13628,16,1260.8999999999996,16,1260.8999999999996,move,improve
13629,16,1260.8999999999996,16,1260.8999999999996,swap,notBad
13630,16,1260.8999999999996,16,1260.8999999999996,swap,notBad
13631,16,1260.8999999999996,16,1260.8999999999996,swap,notBad
13632,16,1260.8999999999996,16,1260.8999999999996,move,improve
13633,16,1260.8999999999996,16,1260.8999999999996,2opt,notBad
13634,16,1260.8999999999996,16,1260.8999999999996,2opt,notBad
13635,16,1260.8999999999996,16,1260.8999999999996,swap,notBad
13636,16,1260.8999999999996,16,1260.8999999999996,move,improve
13637,16,1260.8999999999996,16,1260.8999999999996,swap,notBad
13638,16,1260.8999999999996,16,1260.8999999999996,swap,notBad
13639,16,1260.8999999999996,16,1260.8999999999996,swap,notBad
13640,16,1260.8999999999996,16,1260.8999999999996,swap,notBad
13641,16,1260.8999999999996,16,1260.8999999999996,move,improve
13642,16,1260.8999999999996,16,1260.8999999999996,2opt,notBad
13643,16,1260.8999999999996,16,1260.8999999999996,2opt,notBad
13644,16,1260.8999999999996,16,1260.8999999999996,2opt,notBad
13645,16,1260.8999999999996,16,1260.8999999999996,2opt,notBad
13646,16,1260.8999999999996,16,1260.8999999999996,swap,notBad
13647,16,1260.8999999999996,16,1260.8999999999996,2opt,notBad
13648,16,1260.8999999999996,16,1260.8999999999996,2opt,notBad
13649,16,1260.8999999999996,16,1260.8999999999996,move,improve
13650,16,1260.8999999999996,16,1260.8999999999996,swap,notBad
13651,16,1260.8999999999996,16,1260.8999999999996,move,improve
13652,16,1260.8999999999996,16,1260.8999999999996,2opt,notBad
13653,16,1260.8999999999996,16,1260.8999999999996,move,improve
13654,16,1260.8999999999996,16,1260.8999999999996,swap,notBad
13655,16,1260.8999999999996,16,1260.8999999999996,2opt,notBad
13656,16,1260.8999999999996,16,1260.8999999999996,move,improve
13657,16,1260.8999999999996,16,1260.8999999999996,swap,notBad
13658,16,1260.8999999999996,16,1260.8999999999996,swap,notBad
13659,16,1260.8999999999996,16,1260.8999999999996,swap,notBad
13660,16,1260.8999999999996,16,1260.8999999999996,move,improve
13661,16,1260.8999999999996,16,1260.8999999999996,2opt,notBad
13662,16,1260.8999999999996,16,1260.8999999999996,2opt,notBad
13663,16,1260.8999999999996,16,1260.8999999999996,2opt,improve
13664,16,1260.8999999999996,16,1260.8999999999996,2opt,improve
13665,16,1260.8999999999996,16,1260.8999999999996,2opt,notBad
13666,16,1260.8999999999996,16,1260.8999999999996,move,improve
13667,16,1260.8999999999996,16,1260.8999999999996,2opt,notBad
13668,16,1260.8999999999996,16,1260.8999999999996,move,improve
13669,16,1260.8999999999996,16,1260.8999999999996,swap,notBad
13670,16,1260.8999999999996,16,1260.8999999999996,swap,notBad
13671,16,1260.8999999999996,16,1260.8999999999996,move,improve
13672,16,1260.8999999999996,16,1260.8999999999996,move,improve
13673,16,1260.8999999999996,16,1260.8999999999996,2opt,improve
13674,16,1260.8999999999996,16,1260.8999999999996,swap,notBad
13675,16,1260.8999999999996,16,1260.8999999999996,2opt,notBad
13676,16,1260.8999999999996,16,1260.8999999999996,2opt,notBad
13677,16,1260.8999999999996,16,1260.8999999999996,2opt,improve
13678,16,1260.8999999999996,16,1260.8999999999996,2opt,notBad
13679,16,1260.8999999999996,16,1260.8999999999996,2opt,improve
13680,16,1260.8999999999996,16,1260.8999999999996,swap,notBad
13681,16,1260.8999999999996,16,1260.8999999999996,swap,notBad
13682,16,1260.8999999999996,16,1260.8999999999996,2opt,notBad
13683,16,1260.8999999999996,16,1260.8999999999996,2opt,notBad
13684,16,1260.8999999999996,16,1260.8999999999996,2opt,improve
13685,16,1260.8999999999996,16,1260.8999999999996,2opt,notBad
13686,16,1260.8999999999996,16,1260.8999999999996,2opt,notBad
13687,16,1260.8999999999996,16,1260.8999999999996,2opt,notBad
13688,16,1260.8999999999996,16,1260.8999999999996,swap,notBad
13689,16,1260.8999999999996,16,1260.8999999999996,swap,notBad
13690,16,1260.8999999999996,16,1260.8999999999996,swap,notBad
13691,16,1260.8999999999996,16,1260.8999999999996,2opt,notBad
13692,16,1260.8999999999996,16,1260.8999999999996,swap,notBad
13693,16,1260.8999999999996,16,1260.8999999999996,swap,notBad
13694,16,1260.8999999999996,16,1260.8999999999996,2opt,notBad
13695,16,1260.8999999999996,16,1260.8999999999996,move,improve
13696,16,1260.8999999999996,16,1260.8999999999996,move,improve
13697,16,1260.8999999999996,16,1260.8999999999996,move,improve
13698,16,1260.8999999999996,16,1260.8999999999996,move,improve
13699,16,1260.8999999999996,16,1260.8999999999996,swap,notBad
13700,16,1260.8999999999996,16,1260.8999999999996,2opt,notBad
13701,16,1260.8999999999996,16,1260.8999999999996,2opt,notBad
13702,16,1260.8999999999996,16,1260.8999999999996,move,improve
13703,16,1260.8999999999996,16,1260.8999999999996,move,improve
13704,16,1260.8999999999996,16,1260.8999999999996,swap,notBad
13705,16,1260.8999999999996,16,1260.8999999999996,swap,notBad
13706,16,1260.8999999999996,16,1260.8999999999996,move,improve
13707,16,1260.8999999999996,16,1260.8999999999996,move,improve
13708,16,1260.8999999999996,16,1260.8999999999996,2opt,notBad
13709,16,1260.8999999999996,16,1260.8999999999996,2opt,notBad
13710,16,1260.8999999999996,16,1260.8999999999996,2opt,notBad
13711,16,1260.8999999999996,16,1260.8999999999996,swap,notBad
13712,16,1260.8999999999996,16,1260.8999999999996,2opt,notBad
13713,16,1260.8999999999996,16,1260.8999999999996,swap,notBad
13714,16,1260.8999999999996,16,1260.8999999999996,2opt,notBad
13715,16,1260.8999999999996,16,1260.8999999999996,swap,notBad
13716,16,1260.8999999999996,16,1260.8999999999996,2opt,improve
13717,16,1260.8999999999996,16,1260.8999999999996,2opt,notBad
13718,16,1260.8999999999996,16,1260.8999999999996,move,improve
13719,16,1260.8999999999996,16,1260.8999999999996,swap,notBad
13720,16,1260.8999999999996,16,1260.8999999999996,move,improve
13721,16,1260.8999999999996,16,1260.8999999999996,move,improve
13722,16,1260.8999999999996,16,1260.8999999999996,2opt,notBad
13723,16,1260.8999999999996,16,1260.8999999999996,move,improve
13724,16,1260.8999999999996,16,1260.8999999999996,move,improve
13725,16,1260.8999999999996,16,1260.8999999999996,swap,notBad
13726,16,1260.8999999999996,16,1260.8999999999996,2opt,notBad
13727,16,1260.8999999999996,16,1260.8999999999996,move,improve
13728,16,1260.8999999999996,16,1260.8999999999996,move,improve
13729,16,1260.8999999999996,16,1260.8999999999996,swap,notBad
13730,16,1260.8999999999996,16,1260.8999999999996,move,improve
13731,16,1260.8999999999996,16,1260.8999999999996,2opt,notBad
13732,16,1260.8999999999996,16,1260.8999999999996,swap,notBad
13733,16,1260.8999999999996,16,1260.8999999999996,swap,notBad
13734,16,1260.8999999999996,16,1260.8999999999996,swap,notBad
13735,16,1260.8999999999996,16,1260.8999999999996,swap,notBad
13736,16,1260.8999999999996,16,1260.8999999999996,2opt,notBad
13737,16,1260.8999999999996,16,1260.8999999999996,move,improve
13738,16,1260.8999999999996,16,1260.8999999999996,swap,notBad
13739,16,1260.8999999999996,16,1260.8999999999996,move,improve
13740,16,1260.8999999999996,16,1260.8999999999996,move,improve
13741,16,1260.8999999999996,16,1260.8999999999996,2opt,notBad
13742,16,1260.8999999999996,16,1260.8999999999996,2opt,notBad
13743,16,1260.8999999999996,16,1260.8999999999996,swap,notBad
13744,16,1260.8999999999996,16,1260.8999999999996,swap,notBad
13745,16,1260.8999999999996,16,1260.8999999999996,2opt,notBad
13746,16,1260.8999999999996,16,1260.8999999999996,swap,notBad
13747,16,1260.8999999999996,16,1260.8999999999996,swap,notBad
13748,16,1260.8999999999996,16,1260.8999999999996,swap,notBad
13749,16,1260.8999999999996,16,1260.8999999999996,2opt,improve
13750,16,1260.8999999999996,16,1260.8999999999996,2opt,notBad
13751,16,1260.8999999999996,16,1260.8999999999996,swap,notBad
13752,16,1260.8999999999996,16,1260.8999999999996,move,improve
13753,16,1260.8999999999996,16,1260.8999999999996,move,improve
13754,16,1260.8999999999996,16,1260.8999999999996,2opt,notBad
13755,16,1260.8999999999996,16,1260.8999999999996,move,improve
13756,16,1260.8999999999996,16,1260.8999999999996,swap,notBad
13757,16,1260.8999999999996,16,1260.8999999999996,swap,notBad
13758,16,1260.8999999999996,16,1260.8999999999996,swap,notBad
13759,16,1260.8999999999996,16,1260.8999999999996,2opt,notBad
13760,16,1260.8999999999996,16,1260.8999999999996,2opt,improve
13761,16,1260.8999999999996,16,1260.8999999999996,swap,notBad
13762,16,1260.8999999999996,16,1260.8999999999996,move,improve
13763,16,1260.8999999999996,16,1260.8999999999996,2opt,notBad
13764,16,1260.8999999999996,16,1260.8999999999996,2opt,notBad
13765,16,1260.8999999999996,16,1260.8999999999996,swap,notBad
13766,16,1260.8999999999996,16,1260.8999999999996,swap,notBad
13767,16,1260.8999999999996,16,1260.8999999999996,move,improve
13768,16,1260.8999999999996,16,1260.8999999999996,2opt,improve
13769,16,1260.8999999999996,16,1260.8999999999996,2opt,notBad
13770,16,1260.8999999999996,16,1260.8999999999996,swap,notBad
13771,16,1260.8999999999996,16,1260.8999999999996,2opt,notBad
13772,16,1260.8999999999996,16,1260.8999999999996,move,improve
13773,16,1260.8999999999996,16,1260.8999999999996,move,improve
13774,16,1260.8999999999996,16,1260.8999999999996,swap,notBad
13775,16,1260.8999999999996,16,1260.8999999999996,move,improve
13776,16,1260.8999999999996,16,1260.8999999999996,swap,notBad
13777,16,1260.8999999999996,16,1260.8999999999996,move,improve
13778,16,1260.8999999999996,16,1260.8999999999996,2opt,improve
13779,16,1260.8999999999996,16,1260.8999999999996,2opt,notBad
13780,16,1260.8999999999996,16,1260.8999999999996,move,improve
13781,16,1260.8999999999996,16,1260.8999999999996,swap,notBad
13782,16,1260.8999999999996,16,1260.8999999999996,2opt,notBad
13783,16,1260.8999999999996,16,1260.8999999999996,move,improve
13784,16,1260.8999999999996,16,1260.8999999999996,move,improve
13785,16,1260.8999999999996,16,1260.8999999999996,2opt,notBad
13786,16,1260.8999999999996,16,1260.8999999999996,2opt,improve
13787,16,1260.8999999999996,16,1260.8999999999996,swap,notBad
13788,16,1260.8999999999996,16,1260.8999999999996,move,improve
13789,16,1260.8999999999996,16,1260.8999999999996,move,improve
13790,16,1260.8999999999996,16,1260.8999999999996,move,improve
13791,16,1260.8999999999996,16,1260.8999999999996,move,improve
13792,16,1260.8999999999996,16,1260.8999999999996,swap,notBad
13793,16,1260.8999999999996,16,1260.8999999999996,2opt,notBad
13794,16,1260.8999999999996,16,1260.8999999999996,2opt,notBad
13795,16,1260.8999999999996,16,1260.8999999999996,2opt,notBad
13796,16,1260.8999999999996,16,1260.8999999999996,2opt,notBad
13797,16,1260.8999999999996,16,1260.8999999999996,2opt,notBad
13798,16,1260.8999999999996,16,1260.8999999999996,move,improve
13799,16,1260.8999999999996,16,1260.8999999999996,2opt,notBad
13800,16,1260.8999999999996,16,1260.8999999999996,2opt,notBad
13801,16,1260.8999999999996,16,1260.8999999999996,swap,notBad
13802,16,1260.8999999999996,16,1260.8999999999996,move,improve
13803,16,1260.8999999999996,16,1260.8999999999996,move,improve
13804,16,1260.8999999999996,16,1260.8999999999996,2opt,notBad
13805,16,1260.8999999999996,16,1260.8999999999996,2opt,notBad
13806,16,1260.8999999999996,16,1260.8999999999996,2opt,notBad
13807,16,1260.8999999999996,16,1260.8999999999996,2opt,notBad
13808,16,1260.8999999999996,16,1260.8999999999996,swap,notBad
13809,16,1260.8999999999996,16,1260.8999999999996,2opt,notBad
13810,16,1260.8999999999996,16,1260.8999999999996,swap,notBad
13811,16,1260.8999999999996,16,1260.8999999999996,2opt,notBad
13812,16,1260.8999999999996,16,1260.8999999999996,move,improve
13813,16,1260.8999999999996,16,1260.8999999999996,swap,notBad
13814,16,1260.8999999999996,16,1260.8999999999996,2opt,notBad
13815,16,1260.8999999999996,16,1260.8999999999996,move,improve
13816,16,1260.8999999999996,16,1260.8999999999996,2opt,notBad
13817,16,1260.8999999999996,16,1260.8999999999996,move,improve
13818,16,1260.8999999999996,16,1260.8999999999996,move,improve
13819,16,1260.8999999999996,16,1260.8999999999996,2opt,notBad
13820,16,1260.8999999999996,16,1260.8999999999996,2opt,notBad
13821,16,1260.8999999999996,16,1260.8999999999996,swap,notBad
13822,16,1260.8999999999996,16,1260.8999999999996,swap,notBad
13823,16,1260.8999999999996,16,1260.8999999999996,move,improve
13824,16,1260.8999999999996,16,1260.8999999999996,move,improve
13825,16,1260.8999999999996,16,1260.8999999999996,2opt,notBad
13826,16,1260.8999999999996,16,1260.8999999999996,2opt,notBad
13827,16,1260.8999999999996,16,1260.8999999999996,move,improve
13828,16,1260.8999999999996,16,1260.8999999999996,swap,notBad
13829,16,1260.8999999999996,16,1260.8999999999996,move,improve
13830,16,1260.8999999999996,16,1260.8999999999996,swap,notBad
13831,16,1260.8999999999996,16,1260.8999999999996,2opt,improve
13832,16,1260.8999999999996,16,1260.8999999999996,swap,notBad
13833,16,1260.8999999999996,16,1260.8999999999996,swap,notBad
13834,16,1260.8999999999996,16,1260.8999999999996,2opt,improve
13835,16,1260.8999999999996,16,1260.8999999999996,swap,notBad
13836,16,1260.8999999999996,16,1260.8999999999996,2opt,notBad
13837,16,1260.8999999999996,16,1260.8999999999996,2opt,notBad
13838,16,1260.8999999999996,16,1260.8999999999996,swap,notBad
13839,16,1260.8999999999996,16,1260.8999999999996,swap,notBad
13840,16,1260.8999999999996,16,1260.8999999999996,move,improve
13841,16,1260.8999999999996,16,1260.8999999999996,swap,notBad
13842,16,1260.8999999999996,16,1260.8999999999996,move,improve
13843,16,1260.8999999999996,16,1260.8999999999996,move,improve
13844,16,1260.8999999999996,16,1260.8999999999996,swap,notBad
13845,16,1260.8999999999996,16,1260.8999999999996,move,improve
13846,16,1260.8999999999996,16,1260.8999999999996,move,improve
13847,16,1260.8999999999996,16,1260.8999999999996,2opt,notBad
13848,16,1260.8999999999996,16,1260.8999999999996,2opt,notBad
13849,16,1260.8999999999996,16,1260.8999999999996,swap,notBad
13850,16,1260.8999999999996,16,1260.8999999999996,2opt,improve
13851,16,1260.8999999999996,16,1260.8999999999996,move,improve
13852,16,1260.8999999999996,16,1260.8999999999996,move,improve
13853,16,1260.8999999999996,16,1260.8999999999996,swap,notBad
13854,16,1260.8999999999996,16,1260.8999999999996,move,improve
13855,16,1260.8999999999996,16,1260.8999999999996,swap,notBad
13856,16,1260.8999999999996,16,1260.8999999999996,swap,notBad
13857,16,1260.8999999999996,16,1260.8999999999996,swap,notBad
13858,16,1260.8999999999996,16,1260.8999999999996,2opt,notBad
13859,16,1260.8999999999996,16,1260.8999999999996,2opt,notBad
13860,16,1260.8999999999996,16,1260.8999999999996,move,improve
13861,16,1260.8999999999996,16,1260.8999999999996,move,improve
13862,16,1260.8999999999996,16,1260.8999999999996,move,improve
13863,16,1260.8999999999996,16,1260.8999999999996,2opt,notBad
13864,16,1260.8999999999996,16,1260.8999999999996,2opt,notBad
13865,16,1260.8999999999996,16,1260.8999999999996,2opt,notBad
13866,16,1260.8999999999996,16,1260.8999999999996,move,improve
13867,16,1260.8999999999996,16,1260.8999999999996,move,improve
13868,16,1260.8999999999996,16,1260.8999999999996,swap,notBad
13869,16,1260.8999999999996,16,1260.8999999999996,swap,notBad
13870,16,1260.8999999999996,16,1260.8999999999996,move,improve
13871,16,1260.8999999999996,16,1260.8999999999996,move,improve
13872,16,1260.8999999999996,16,1260.8999999999996,swap,notBad
13873,16,1260.8999999999996,16,1260.8999999999996,2opt,notBad
13874,16,1260.8999999999996,16,1260.8999999999996,swap,notBad
13875,16,1260.8999999999996,16,1260.8999999999996,move,improve
13876,16,1260.8999999999996,16,1260.8999999999996,2opt,notBad
13877,16,1260.8999999999996,16,1260.8999999999996,swap,notBad
13878,16,1260.8999999999996,16,1260.8999999999996,swap,notBad
13879,16,1260.8999999999996,16,1260.8999999999996,2opt,improve
13880,16,1260.8999999999996,16,1260.8999999999996,move,improve
13881,16,1260.8999999999996,16,1260.8999999999996,swap,notBad
13882,16,1260.8999999999996,16,1260.8999999999996,swap,notBad
13883,16,1260.8999999999996,16,1260.8999999999996,swap,notBad
13884,16,1260.8999999999996,16,1260.8999999999996,swap,notBad
13885,16,1260.8999999999996,16,1260.8999999999996,move,improve
13886,16,1260.8999999999996,16,1260.8999999999996,2opt,notBad
13887,16,1260.8999999999996,16,1260.8999999999996,move,improve
13888,16,1260.8999999999996,16,1260.8999999999996,2opt,notBad
13889,16,1260.8999999999996,16,1260.8999999999996,swap,notBad
13890,16,1260.8999999999996,16,1260.8999999999996,move,improve
13891,16,1260.8999999999996,16,1260.8999999999996,move,improve
13892,16,1260.8999999999996,16,1260.8999999999996,swap,notBad
13893,16,1260.8999999999996,16,1260.8999999999996,2opt,notBad
13894,16,1260.8999999999996,16,1260.8999999999996,swap,notBad
13895,16,1260.8999999999996,16,1260.8999999999996,swap,notBad
13896,16,1260.8999999999996,16,1260.8999999999996,2opt,notBad
13897,16,1260.8999999999996,16,1260.8999999999996,move,improve
13898,16,1260.8999999999996,16,1260.8999999999996,move,improve
13899,16,1260.8999999999996,16,1260.8999999999996,2opt,notBad
13900,16,1260.8999999999996,16,1260.8999999999996,move,improve
13901,16,1260.8999999999996,16,1260.8999999999996,2opt,improve
13902,16,1260.8999999999996,16,1260.8999999999996,swap,notBad
13903,16,1260.8999999999996,16,1260.8999999999996,move,improve
13904,16,1260.8999999999996,16,1260.8999999999996,2opt,improve
13905,16,1260.8999999999996,16,1260.8999999999996,move,improve
13906,16,1260.8999999999996,16,1260.8999999999996,swap,notBad
13907,16,1260.8999999999996,16,1260.8999999999996,swap,notBad
13908,16,1260.8999999999996,16,1260.8999999999996,swap,notBad
13909,16,1260.8999999999996,16,1260.8999999999996,2opt,notBad
13910,16,1260.8999999999996,16,1260.8999999999996,move,improve
13911,16,1260.8999999999996,16,1260.8999999999996,swap,notBad
13912,16,1260.8999999999996,16,1260.8999999999996,2opt,notBad
13913,16,1260.8999999999996,16,1260.8999999999996,2opt,notBad
13914,16,1260.8999999999996,16,1260.8999999999996,2opt,notBad
13915,16,1260.8999999999996,16,1260.8999999999996,swap,notBad
13916,16,1260.8999999999996,16,1260.8999999999996,2opt,notBad
13917,16,1260.8999999999996,16,1260.8999999999996,swap,notBad
13918,16,1260.8999999999996,16,1260.8999999999996,swap,notBad
13919,16,1260.8999999999996,16,1260.8999999999996,swap,notBad
13920,16,1260.8999999999996,16,1260.8999999999996,move,improve
13921,16,1260.8999999999996,16,1260.8999999999996,2opt,notBad
13922,16,1260.8999999999996,16,1260.8999999999996,swap,notBad
13923,16,1260.8999999999996,16,1260.8999999999996,move,improve
13924,16,1260.8999999999996,16,1260.8999999999996,move,improve
13925,16,1260.8999999999996,16,1260.8999999999996,swap,notBad
13926,16,1260.8999999999996,16,1260.8999999999996,swap,notBad
13927,16,1260.8999999999996,16,1260.8999999999996,move,improve
13928,16,1260.8999999999996,16,1260.8999999999996,swap,notBad
13929,16,1260.8999999999996,16,1260.8999999999996,swap,notBad
13930,16,1260.8999999999996,16,1260.8999999999996,move,improve
13931,16,1260.8999999999996,16,1260.8999999999996,move,improve
13932,16,1260.8999999999996,16,1260.8999999999996,2opt,notBad
13933,16,1260.8999999999996,16,1260.8999999999996,swap,notBad
13934,16,1260.8999999999996,16,1260.8999999999996,swap,notBad
13935,16,1260.8999999999996,16,1260.8999999999996,2opt,notBad
13936,16,1260.8999999999996,16,1260.8999999999996,move,improve
13937,16,1260.8999999999996,16,1260.8999999999996,move,improve
13938,16,1260.8999999999996,16,1260.8999999999996,move,improve
13939,16,1260.8999999999996,16,1260.8999999999996,move,improve
13940,16,1260.8999999999996,16,1260.8999999999996,2opt,improve
13941,16,1260.8999999999996,16,1260.8999999999996,swap,notBad
13942,16,1260.8999999999996,16,1260.8999999999996,2opt,improve
13943,16,1260.8999999999996,16,1260.8999999999996,move,improve
13944,16,1260.8999999999996,16,1260.8999999999996,2opt,notBad
13945,16,1260.8999999999996,16,1260.8999999999996,2opt,notBad
13946,16,1260.8999999999996,16,1260.8999999999996,2opt,notBad
13947,16,1260.8999999999996,16,1260.8999999999996,2opt,notBad
13948,16,1260.8999999999996,16,1260.8999999999996,2opt,notBad
13949,16,1260.8999999999996,16,1260.8999999999996,swap,notBad
13950,16,1260.8999999999996,16,1260.8999999999996,swap,notBad
13951,16,1260.8999999999996,16,1260.8999999999996,2opt,improve
13952,16,1260.8999999999996,16,1260.8999999999996,swap,notBad
13953,16,1260.8999999999996,16,1260.8999999999996,swap,notBad
13954,16,1260.8999999999996,16,1260.8999999999996,2opt,notBad
13955,16,1260.8999999999996,16,1260.8999999999996,swap,notBad
13956,16,1260.8999999999996,16,1260.8999999999996,swap,notBad
13957,16,1260.8999999999996,16,1260.8999999999996,2opt,notBad
13958,16,1260.8999999999996,16,1260.8999999999996,swap,notBad
13959,16,1260.8999999999996,16,1260.8999999999996,move,improve
13960,16,1260.8999999999996,16,1260.8999999999996,2opt,notBad
13961,16,1260.8999999999996,16,1260.8999999999996,2opt,improve
13962,16,1260.8999999999996,16,1260.8999999999996,move,improve
13963,16,1260.8999999999996,16,1260.8999999999996,move,improve
13964,16,1260.8999999999996,16,1260.8999999999996,move,improve
13965,16,1260.8999999999996,16,1260.8999999999996,move,improve
13966,16,1260.8999999999996,16,1260.8999999999996,swap,notBad
13967,16,1260.8999999999996,16,1260.8999999999996,2opt,notBad
13968,16,1260.8999999999996,16,1260.8999999999996,swap,notBad
13969,16,1260.8999999999996,16,1260.8999999999996,swap,notBad
13970,16,1260.8999999999996,16,1260.8999999999996,2opt,improve
13971,16,1260.8999999999996,16,1260.8999999999996,swap,notBad
13972,16,1260.8999999999996,16,1260.8999999999996,move,improve
13973,16,1260.8999999999996,16,1260.8999999999996,2opt,notBad
13974,16,1260.8999999999996,16,1260.8999999999996,swap,notBad
13975,16,1260.8999999999996,16,1260.8999999999996,move,improve
13976,16,1260.8999999999996,16,1260.8999999999996,swap,notBad
13977,16,1260.8999999999996,16,1260.8999999999996,swap,notBad
13978,16,1260.8999999999996,16,1260.8999999999996,swap,notBad
13979,16,1260.8999999999996,16,1260.8999999999996,swap,notBad
13980,16,1260.8999999999996,16,1260.8999999999996,2opt,notBad
13981,16,1260.8999999999996,16,1260.8999999999996,2opt,notBad
13982,16,1260.8999999999996,16,1260.8999999999996,2opt,notBad
13983,16,1260.8999999999996,16,1260.8999999999996,move,improve
13984,16,1260.8999999999996,16,1260.8999999999996,move,improve
13985,16,1260.8999999999996,16,1260.8999999999996,swap,notBad
13986,16,1260.8999999999996,16,1260.8999999999996,swap,notBad
13987,16,1260.8999999999996,16,1260.8999999999996,move,improve
13988,16,1260.8999999999996,16,1260.8999999999996,2opt,notBad
13989,16,1260.8999999999996,16,1260.8999999999996,swap,notBad
13990,16,1260.8999999999996,16,1260.8999999999996,swap,notBad
13991,16,1260.8999999999996,16,1260.8999999999996,2opt,notBad
13992,16,1260.8999999999996,16,1260.8999999999996,move,improve
13993,16,1260.8999999999996,16,1260.8999999999996,swap,notBad
13994,16,1260.8999999999996,16,1260.8999999999996,move,improve
13995,16,1260.8999999999996,16,1260.8999999999996,move,improve
13996,16,1260.8999999999996,16,1260.8999999999996,move,improve
13997,16,1260.8999999999996,16,1260.8999999999996,move,improve
13998,16,1260.8999999999996,16,1260.8999999999996,move,improve
13999,16,1260.8999999999996,16,1260.8999999999996,2opt,notBad
14000,16,1260.8999999999996,16,1260.8999999999996,2opt,notBad
14001,16,1260.8999999999996,16,1260.8999999999996,2opt,notBad
14002,16,1260.8999999999996,16,1260.8999999999996,swap,notBad
14003,16,1260.8999999999996,16,1260.8999999999996,2opt,notBad
14004,16,1260.8999999999996,16,1260.8999999999996,swap,notBad
14005,16,1260.8999999999996,16,1260.8999999999996,move,improve
14006,16,1260.8999999999996,16,1260.8999999999996,2opt,notBad
14007,16,1260.8999999999996,16,1260.8999999999996,swap,notBad
14008,16,1260.8999999999996,16,1260.8999999999996,2opt,notBad
14009,16,1260.8999999999996,16,1260.8999999999996,move,improve
14010,16,1260.8999999999996,16,1260.8999999999996,swap,notBad
14011,16,1260.8999999999996,16,1260.8999999999996,2opt,notBad
14012,16,1260.8999999999996,16,1260.8999999999996,move,improve
14013,16,1260.8999999999996,16,1260.8999999999996,swap,notBad
14014,16,1260.8999999999996,16,1260.8999999999996,swap,notBad
14015,16,1260.8999999999996,16,1260.8999999999996,move,improve
14016,16,1260.8999999999996,16,1260.8999999999996,swap,notBad
14017,16,1260.8999999999996,16,1260.8999999999996,2opt,notBad
14018,16,1260.8999999999996,16,1260.8999999999996,swap,notBad
14019,16,1260.8999999999996,16,1260.8999999999996,move,improve
14020,16,1260.8999999999996,16,1260.8999999999996,2opt,notBad
14021,16,1260.8999999999996,16,1260.8999999999996,move,improve
14022,16,1260.8999999999996,16,1260.8999999999996,move,improve
14023,16,1260.8999999999996,16,1260.8999999999996,swap,notBad
14024,16,1260.8999999999996,16,1260.8999999999996,2opt,notBad
14025,16,1260.8999999999996,16,1260.8999999999996,move,improve
14026,16,1260.8999999999996,16,1260.8999999999996,swap,notBad
14027,16,1260.8999999999996,16,1260.8999999999996,move,improve
14028,16,1260.8999999999996,16,1260.8999999999996,swap,notBad
14029,16,1260.8999999999996,16,1260.8999999999996,swap,notBad
14030,16,1260.8999999999996,16,1260.8999999999996,move,improve
14031,16,1260.8999999999996,16,1260.8999999999996,swap,notBad
14032,16,1260.8999999999996,16,1260.8999999999996,move,improve
14033,16,1260.8999999999996,16,1260.8999999999996,move,improve
14034,16,1260.8999999999996,16,1260.8999999999996,2opt,notBad
14035,16,1260.8999999999996,16,1260.8999999999996,2opt,notBad
14036,16,1260.8999999999996,16,1260.8999999999996,swap,notBad
14037,16,1260.8999999999996,16,1260.8999999999996,move,improve
14038,16,1260.8999999999996,16,1260.8999999999996,move,improve
14039,16,1260.8999999999996,16,1260.8999999999996,swap,notBad
14040,16,1260.8999999999996,16,1260.8999999999996,move,improve
14041,16,1260.8999999999996,16,1260.8999999999996,move,improve
14042,16,1260.8999999999996,16,1260.8999999999996,swap,notBad
14043,16,1260.8999999999996,16,1260.8999999999996,move,improve
14044,16,1260.8999999999996,16,1260.8999999999996,2opt,notBad
14045,16,1260.8999999999996,16,1260.8999999999996,swap,notBad
14046,16,1260.8999999999996,16,1260.8999999999996,swap,notBad
14047,16,1260.8999999999996,16,1260.8999999999996,swap,notBad
14048,16,1260.8999999999996,16,1260.8999999999996,swap,notBad
14049,16,1260.8999999999996,16,1260.8999999999996,2opt,notBad
14050,16,1260.8999999999996,16,1260.8999999999996,swap,notBad
14051,16,1260.8999999999996,16,1260.8999999999996,move,improve
14052,16,1260.8999999999996,16,1260.8999999999996,move,improve
14053,16,1260.8999999999996,16,1260.8999999999996,move,improve
14054,16,1260.8999999999996,16,1260.8999999999996,swap,notBad
14055,16,1260.8999999999996,16,1260.8999999999996,2opt,notBad
14056,16,1260.8999999999996,16,1260.8999999999996,swap,notBad
14057,16,1260.8999999999996,16,1260.8999999999996,swap,notBad
14058,16,1260.8999999999996,16,1260.8999999999996,move,improve
14059,16,1260.8999999999996,16,1260.8999999999996,move,improve
14060,16,1260.8999999999996,16,1260.8999999999996,2opt,notBad
14061,16,1260.8999999999996,16,1260.8999999999996,move,improve
14062,16,1260.8999999999996,16,1260.8999999999996,2opt,notBad
14063,16,1260.8999999999996,16,1260.8999999999996,swap,notBad
14064,16,1260.8999999999996,16,1260.8999999999996,swap,notBad
14065,16,1260.8999999999996,16,1260.8999999999996,2opt,notBad
14066,16,1260.8999999999996,16,1260.8999999999996,2opt,notBad
14067,16,1260.8999999999996,16,1260.8999999999996,2opt,notBad
14068,16,1260.8999999999996,16,1260.8999999999996,move,improve
14069,16,1260.8999999999996,16,1260.8999999999996,swap,notBad
14070,16,1260.8999999999996,16,1260.8999999999996,2opt,notBad
14071,16,1260.8999999999996,16,1260.8999999999996,2opt,notBad
14072,16,1260.8999999999996,16,1260.8999999999996,2opt,notBad
14073,16,1260.8999999999996,16,1260.8999999999996,2opt,notBad
14074,16,1260.8999999999996,16,1260.8999999999996,move,improve
14075,16,1260.8999999999996,16,1260.8999999999996,move,improve
14076,16,1260.8999999999996,16,1260.8999999999996,swap,notBad
14077,16,1260.8999999999996,16,1260.8999999999996,2opt,notBad
14078,16,1260.8999999999996,16,1260.8999999999996,2opt,improve
14079,16,1260.8999999999996,16,1260.8999999999996,2opt,notBad
14080,16,1260.8999999999996,16,1260.8999999999996,move,improve
14081,16,1260.8999999999996,16,1260.8999999999996,move,improve
14082,16,1260.8999999999996,16,1260.8999999999996,swap,notBad
14083,16,1260.8999999999996,16,1260.8999999999996,move,improve
14084,16,1260.8999999999996,16,1260.8999999999996,2opt,notBad
14085,16,1260.8999999999996,16,1260.8999999999996,2opt,notBad
14086,16,1260.8999999999996,16,1260.8999999999996,move,improve
14087,16,1260.8999999999996,16,1260.8999999999996,swap,notBad
14088,16,1260.8999999999996,16,1260.8999999999996,move,improve
14089,16,1260.8999999999996,16,1260.8999999999996,swap,notBad
14090,16,1260.8999999999996,16,1260.8999999999996,2opt,improve
14091,16,1260.8999999999996,16,1260.8999999999996,2opt,notBad
14092,16,1260.8999999999996,16,1260.8999999999996,swap,notBad
14093,16,1260.8999999999996,16,1260.8999999999996,move,improve
14094,16,1260.8999999999996,16,1260.8999999999996,swap,notBad
14095,16,1260.8999999999996,16,1260.8999999999996,swap,notBad
14096,16,1260.8999999999996,16,1260.8999999999996,move,improve
14097,16,1260.8999999999996,16,1260.8999999999996,swap,notBad
14098,16,1260.8999999999996,16,1260.8999999999996,move,improve
14099,16,1260.8999999999996,16,1260.8999999999996,move,improve
14100,16,1260.8999999999996,16,1260.8999999999996,2opt,notBad
14101,16,1260.8999999999996,16,1260.8999999999996,move,improve
14102,16,1260.8999999999996,16,1260.8999999999996,swap,notBad
14103,16,1260.8999999999996,16,1260.8999999999996,move,improve
14104,16,1260.8999999999996,16,1260.8999999999996,swap,notBad
14105,16,1260.8999999999996,16,1260.8999999999996,move,notBad
14106,16,1260.8999999999996,16,1260.8999999999996,2opt,improve
14107,16,1260.8999999999996,16,1260.8999999999996,swap,notBad
14108,16,1260.8999999999996,16,1260.8999999999996,swap,notBad
14109,16,1260.8999999999996,16,1260.8999999999996,move,improve
14110,16,1260.8999999999996,16,1260.8999999999996,2opt,notBad
14111,16,1260.8999999999996,16,1260.8999999999996,move,improve
14112,16,1260.8999999999996,16,1260.8999999999996,swap,notBad
14113,16,1260.8999999999996,16,1260.8999999999996,move,improve
14114,16,1260.8999999999996,16,1260.8999999999996,swap,notBad
14115,16,1260.8999999999996,16,1260.8999999999996,move,improve
14116,16,1260.8999999999996,16,1260.8999999999996,2opt,improve
14117,16,1260.8999999999996,16,1260.8999999999996,move,improve
14118,16,1260.8999999999996,16,1260.8999999999996,swap,notBad
14119,16,1260.8999999999996,16,1260.8999999999996,2opt,notBad
14120,16,1260.8999999999996,16,1260.8999999999996,move,improve
14121,16,1260.8999999999996,16,1260.8999999999996,move,improve
14122,16,1260.8999999999996,16,1260.8999999999996,move,improve
14123,16,1260.8999999999996,16,1260.8999999999996,move,improve
14124,16,1260.8999999999996,16,1260.8999999999996,2opt,notBad
14125,16,1260.8999999999996,16,1260.8999999999996,swap,notBad
14126,16,1260.8999999999996,16,1260.8999999999996,move,improve
14127,16,1260.8999999999996,16,1260.8999999999996,swap,notBad
14128,16,1260.8999999999996,16,1260.8999999999996,move,improve
14129,16,1260.8999999999996,16,1260.8999999999996,2opt,notBad
14130,16,1260.8999999999996,16,1260.8999999999996,swap,notBad
14131,16,1260.8999999999996,16,1260.8999999999996,2opt,notBad
14132,16,1260.8999999999996,16,1260.8999999999996,2opt,notBad
14133,16,1260.8999999999996,16,1260.8999999999996,2opt,notBad
14134,16,1260.8999999999996,16,1260.8999999999996,move,improve
14135,16,1260.8999999999996,16,1260.8999999999996,2opt,notBad
14136,16,1260.8999999999996,16,1260.8999999999996,swap,notBad
14137,16,1260.8999999999996,16,1260.8999999999996,swap,notBad
14138,16,1260.8999999999996,16,1260.8999999999996,swap,notBad
14139,16,1260.8999999999996,16,1260.8999999999996,move,improve
14140,16,1260.8999999999996,16,1260.8999999999996,2opt,notBad
14141,16,1260.8999999999996,16,1260.8999999999996,swap,notBad
14142,16,1260.8999999999996,16,1260.8999999999996,2opt,notBad
14143,16,1260.8999999999996,16,1260.8999999999996,move,improve
14144,16,1260.8999999999996,16,1260.8999999999996,swap,notBad
14145,16,1260.8999999999996,16,1260.8999999999996,move,improve
14146,16,1260.8999999999996,16,1260.8999999999996,2opt,notBad
14147,16,1260.8999999999996,16,1260.8999999999996,swap,notBad
14148,16,1260.8999999999996,16,1260.8999999999996,2opt,notBad
14149,16,1260.8999999999996,16,1260.8999999999996,2opt,improve
14150,16,1260.8999999999996,16,1260.8999999999996,2opt,notBad
14151,16,1260.8999999999996,16,1260.8999999999996,swap,notBad
14152,16,1260.8999999999996,16,1260.8999999999996,move,improve
14153,16,1260.8999999999996,16,1260.8999999999996,swap,notBad
14154,16,1260.8999999999996,16,1260.8999999999996,2opt,notBad
14155,16,1260.8999999999996,16,1260.8999999999996,2opt,notBad
14156,16,1260.8999999999996,16,1260.8999999999996,move,improve
14157,16,1260.8999999999996,16,1260.8999999999996,move,improve
14158,16,1260.8999999999996,16,1260.8999999999996,swap,notBad
14159,16,1260.8999999999996,16,1260.8999999999996,move,improve
14160,16,1260.8999999999996,16,1260.8999999999996,swap,notBad
14161,16,1260.8999999999996,16,1260.8999999999996,swap,notBad
14162,16,1260.8999999999996,16,1260.8999999999996,2opt,notBad
14163,16,1260.8999999999996,16,1260.8999999999996,move,improve
14164,16,1260.8999999999996,16,1260.8999999999996,2opt,notBad
14165,16,1260.8999999999996,16,1260.8999999999996,2opt,notBad
14166,16,1260.8999999999996,16,1260.8999999999996,move,improve
14167,16,1260.8999999999996,16,1260.8999999999996,swap,notBad
14168,16,1260.8999999999996,16,1260.8999999999996,2opt,notBad
14169,16,1260.8999999999996,16,1260.8999999999996,2opt,notBad
14170,16,1260.8999999999996,16,1260.8999999999996,2opt,notBad
14171,16,1260.8999999999996,16,1260.8999999999996,2opt,notBad
14172,16,1260.8999999999996,16,1260.8999999999996,2opt,notBad
14173,16,1260.8999999999996,16,1260.8999999999996,2opt,notBad
14174,16,1260.8999999999996,16,1260.8999999999996,2opt,notBad
14175,16,1260.8999999999996,16,1260.8999999999996,move,improve
14176,16,1260.8999999999996,16,1260.8999999999996,2opt,notBad
14177,16,1260.8999999999996,16,1260.8999999999996,move,improve
14178,16,1260.8999999999996,16,1260.8999999999996,move,improve
14179,16,1260.8999999999996,16,1260.8999999999996,2opt,notBad
14180,16,1260.8999999999996,16,1260.8999999999996,2opt,notBad
14181,16,1260.8999999999996,16,1260.8999999999996,2opt,notBad
14182,16,1260.8999999999996,16,1260.8999999999996,swap,notBad
14183,16,1260.8999999999996,16,1260.8999999999996,swap,notBad
14184,16,1260.8999999999996,16,1260.8999999999996,swap,notBad
14185,16,1260.8999999999996,16,1260.8999999999996,2opt,improve
