i,vehi,obj,vehiBest,objBest,loFunc,note
1,4,865.2599999999998,4,865.2599999999998,swap,newBest
2,5,1298.6799999999998,4,865.2599999999998,2opt,acceptBad
3,5,1280.3999999999996,4,865.2599999999998,swap,improve
4,5,1223.7999999999997,4,865.2599999999998,move,improve
5,5,1221.7599999999998,4,865.2599999999998,move,improve
6,5,2355.8399999999997,4,865.2599999999998,2opt,acceptBad
7,6,4498.859999999999,4,865.2599999999998,2opt,acceptBad
8,6,4537.579999999999,4,865.2599999999998,swap,acceptBad
9,6,4537.579999999999,4,865.2599999999998,2opt,improve
10,6,3609.5799999999995,4,865.2599999999998,move,improve
11,6,3472.1399999999994,4,865.2599999999998,2opt,improve
12,6,3495.1399999999994,4,865.2599999999998,swap,acceptBad
13,6,3505.3799999999997,4,865.2599999999998,2opt,acceptBad
14,6,3299.8399999999997,4,865.2599999999998,move,improve
15,7,5735.959999999999,4,865.2599999999998,2opt,acceptBad
16,7,5804.96,4,865.2599999999998,swap,acceptBad
17,7,5799.959999999999,4,865.2599999999998,swap,improve
18,8,7987.8,4,865.2599999999998,2opt,acceptBad
19,8,7996.64,4,865.2599999999998,swap,acceptBad
20,8,7542.0599999999995,4,865.2599999999998,move,improve
21,8,7569.699999999999,4,865.2599999999998,2opt,acceptBad
22,8,6947.78,4,865.2599999999998,2opt,improve
23,8,6175.379999999998,4,865.2599999999998,move,improve
24,8,5965.119999999999,4,865.2599999999998,move,improve
25,8,5734.32,4,865.2599999999998,2opt,improve
26,9,6923.919999999998,4,865.2599999999998,2opt,acceptBad
27,9,6932.199999999999,4,865.2599999999998,swap,acceptBad
28,9,6795.879999999998,4,865.2599999999998,move,improve
29,9,6488.44,4,865.2599999999998,move,improve
30,9,4635.72,4,865.2599999999998,move,improve
31,9,4536.4400000000005,4,865.2599999999998,move,improve
32,9,4572.080000000001,4,865.2599999999998,swap,acceptBad
33,9,6404.280000000001,4,865.2599999999998,2opt,acceptBad
34,9,6135.319999999999,4,865.2599999999998,2opt,improve
35,9,4391.84,4,865.2599999999998,move,improve
36,9,4130.079999999998,4,865.2599999999998,move,improve
37,9,4024.0399999999995,4,865.2599999999998,move,improve
38,9,4026.3199999999997,4,865.2599999999998,swap,acceptBad
39,9,4035.999999999998,4,865.2599999999998,2opt,acceptBad
40,9,3710.2799999999984,4,865.2599999999998,move,improve
41,9,3485.7599999999984,4,865.2599999999998,move,improve
42,9,3515.6399999999994,4,865.2599999999998,2opt,acceptBad
43,9,4143.400000000001,4,865.2599999999998,swap,acceptBad
44,9,4131.880000000001,4,865.2599999999998,move,improve
45,9,4131.880000000001,4,865.2599999999998,move,improve
46,9,4125.24,4,865.2599999999998,2opt,improve
47,9,5164.719999999999,4,865.2599999999998,2opt,acceptBad
48,10,7462.919999999999,4,865.2599999999998,2opt,acceptBad
49,11,10130.079999999998,4,865.2599999999998,2opt,acceptBad
50,11,9558.039999999999,4,865.2599999999998,move,improve
51,11,9550.399999999998,4,865.2599999999998,2opt,improve
52,11,9550.399999999998,4,865.2599999999998,move,improve
53,11,9518.559999999998,4,865.2599999999998,swap,improve
54,11,8592.719999999998,4,865.2599999999998,move,improve
55,11,7942.519999999998,4,865.2599999999998,2opt,improve
56,11,7931.959999999998,4,865.2599999999998,swap,improve
57,11,8305.359999999999,4,865.2599999999998,2opt,acceptBad
58,11,9023.199999999997,4,865.2599999999998,move,acceptBad
59,11,8976.799999999997,4,865.2599999999998,2opt,improve
60,11,8093.279999999999,4,865.2599999999998,swap,improve
61,11,7993.999999999998,4,865.2599999999998,move,improve
62,11,7971.080000000001,4,865.2599999999998,swap,improve
63,11,7971.080000000001,4,865.2599999999998,2opt,improve
64,11,7508.48,4,865.2599999999998,move,improve
65,12,11086.939999999999,4,865.2599999999998,2opt,acceptBad
66,12,10979.539999999997,4,865.2599999999998,2opt,improve
67,12,10506.099999999999,4,865.2599999999998,move,improve
68,13,12717.16,4,865.2599999999998,2opt,acceptBad
69,13,12046.68,4,865.2599999999998,move,improve
70,13,12084.560000000001,4,865.2599999999998,swap,acceptBad
71,14,13335.379999999997,4,865.2599999999998,2opt,acceptBad
72,14,13978.259999999998,4,865.2599999999998,2opt,acceptBad
73,14,13980.620000000004,4,865.2599999999998,2opt,acceptBad
74,14,14209.16,4,865.2599999999998,2opt,acceptBad
75,14,14361.300000000003,4,865.2599999999998,swap,acceptBad
76,14,14412.500000000002,4,865.2599999999998,2opt,acceptBad
77,14,14407.620000000003,4,865.2599999999998,swap,improve
78,14,14426.660000000002,4,865.2599999999998,swap,acceptBad
79,14,14423.140000000001,4,865.2599999999998,swap,improve
80,14,14170.280000000002,4,865.2599999999998,move,improve
81,14,13760.24,4,865.2599999999998,2opt,improve
82,14,13825.78,4,865.2599999999998,swap,acceptBad
83,14,13880.000000000002,4,865.2599999999998,swap,acceptBad
84,14,13873.04,4,865.2599999999998,swap,improve
85,14,14018.280000000002,4,865.2599999999998,swap,acceptBad
86,14,14011.880000000001,4,865.2599999999998,2opt,improve
87,14,13589.380000000003,4,865.2599999999998,move,improve
88,14,13660.580000000004,4,865.2599999999998,swap,acceptBad
89,14,13423.5,4,865.2599999999998,2opt,improve
90,14,13422.640000000001,4,865.2599999999998,swap,improve
91,14,13098.080000000004,4,865.2599999999998,move,improve
92,15,14285.320000000003,4,865.2599999999998,2opt,acceptBad
93,15,14250.400000000001,4,865.2599999999998,swap,improve
94,15,14792.48,4,865.2599999999998,swap,acceptBad
95,15,14792.48,4,865.2599999999998,move,improve
96,15,14788.32,4,865.2599999999998,2opt,improve
97,15,14607.039999999999,4,865.2599999999998,swap,improve
98,15,16038.16,4,865.2599999999998,swap,acceptBad
99,15,16191.999999999998,4,865.2599999999998,swap,acceptBad
100,16,18114.139999999992,4,865.2599999999998,2opt,acceptBad
101,16,17292.699999999993,4,865.2599999999998,2opt,improve
102,16,16872.499999999996,4,865.2599999999998,move,improve
103,16,16247.379999999996,4,865.2599999999998,swap,improve
104,15,13396.160000000003,4,865.2599999999998,move,improve
105,15,13196.199999999999,4,865.2599999999998,swap,improve
106,15,13190.360000000002,4,865.2599999999998,2opt,improve
107,15,13205.400000000001,4,865.2599999999998,2opt,acceptBad
108,15,13200.28,4,865.2599999999998,swap,improve
109,15,13207.360000000004,4,865.2599999999998,swap,acceptBad
110,15,12506.560000000001,4,865.2599999999998,2opt,improve
111,15,12043.599999999999,4,865.2599999999998,move,improve
112,15,12035.919999999998,4,865.2599999999998,swap,improve
113,15,10910.639999999998,4,865.2599999999998,move,improve
114,15,10902.679999999995,4,865.2599999999998,swap,improve
115,15,10897.519999999995,4,865.2599999999998,swap,improve
116,15,10846.319999999998,4,865.2599999999998,2opt,improve
117,15,10310.159999999998,4,865.2599999999998,move,improve
118,15,10310.199999999999,4,865.2599999999998,2opt,acceptBad
119,15,10274.999999999996,4,865.2599999999998,swap,improve
120,15,10274.879999999997,4,865.2599999999998,2opt,improve
121,15,9924.239999999998,4,865.2599999999998,move,improve
122,15,9917.279999999997,4,865.2599999999998,swap,improve
123,15,9917.279999999997,4,865.2599999999998,move,improve
124,15,12096.320000000002,4,865.2599999999998,swap,acceptBad
125,15,10154.479999999998,4,865.2599999999998,move,improve
126,15,12043.52,4,865.2599999999998,2opt,acceptBad
127,15,11833.120000000003,4,865.2599999999998,move,improve
128,15,11521.720000000001,4,865.2599999999998,move,improve
129,15,11531.36,4,865.2599999999998,2opt,acceptBad
130,15,9607.720000000001,4,865.2599999999998,move,improve
131,15,9661.160000000002,4,865.2599999999998,swap,acceptBad
132,15,9706.8,4,865.2599999999998,swap,acceptBad
133,15,9706.44,4,865.2599999999998,move,improve
134,15,9706.44,4,865.2599999999998,move,improve
135,15,9286.92,4,865.2599999999998,move,improve
136,15,9281.72,4,865.2599999999998,2opt,improve
137,15,9326.12,4,865.2599999999998,2opt,acceptBad
138,15,8645.080000000002,4,865.2599999999998,2opt,improve
139,15,7869.68,4,865.2599999999998,move,improve
140,15,7987.119999999999,4,865.2599999999998,2opt,acceptBad
141,15,7975.799999999999,4,865.2599999999998,move,improve
142,15,8387.800000000001,4,865.2599999999998,swap,acceptBad
143,15,8423.359999999997,4,865.2599999999998,2opt,acceptBad
144,15,7973.959999999999,4,865.2599999999998,move,improve
145,15,7645.88,4,865.2599999999998,move,improve
146,15,7507.279999999996,4,865.2599999999998,move,improve
147,15,12075.2,4,865.2599999999998,2opt,acceptBad
148,15,11977.16,4,865.2599999999998,swap,improve
149,15,11218.519999999999,4,865.2599999999998,move,improve
150,15,8778.599999999999,4,865.2599999999998,move,improve
151,15,8778.599999999999,4,865.2599999999998,2opt,improve
152,15,8769.52,4,865.2599999999998,2opt,improve
153,15,8729.560000000003,4,865.2599999999998,2opt,improve
154,15,10854.240000000005,4,865.2599999999998,2opt,acceptBad
155,15,9156.240000000003,4,865.2599999999998,2opt,improve
156,15,13290.960000000001,4,865.2599999999998,swap,acceptBad
157,15,13294.200000000003,4,865.2599999999998,2opt,acceptBad
158,15,10260.200000000006,4,865.2599999999998,2opt,improve
159,15,10959.880000000005,4,865.2599999999998,2opt,acceptBad
160,15,10956.760000000004,4,865.2599999999998,2opt,improve
161,15,10141.12,4,865.2599999999998,move,improve
162,15,11235.720000000003,4,865.2599999999998,2opt,acceptBad
163,15,10993.560000000003,4,865.2599999999998,2opt,improve
164,15,10310.44,4,865.2599999999998,move,improve
165,15,10283.720000000001,4,865.2599999999998,swap,improve
166,15,11733.119999999999,4,865.2599999999998,2opt,acceptBad
167,15,11065.319999999996,4,865.2599999999998,move,improve
168,15,11116.199999999997,4,865.2599999999998,2opt,acceptBad
169,15,11012.359999999995,4,865.2599999999998,move,improve
170,15,15432.639999999998,4,865.2599999999998,2opt,acceptBad
171,15,15249.559999999998,4,865.2599999999998,swap,improve
172,16,15942.820000000002,4,865.2599999999998,2opt,acceptBad
173,16,15911.060000000001,4,865.2599999999998,swap,improve
174,16,15911.060000000001,4,865.2599999999998,2opt,improve
175,16,15930.500000000002,4,865.2599999999998,swap,acceptBad
176,16,17990.239999999998,4,865.2599999999998,2opt,acceptBad
177,16,16166.18000000001,4,865.2599999999998,2opt,improve
178,16,12574.119999999997,4,865.2599999999998,move,improve
179,16,12561.999999999998,4,865.2599999999998,2opt,improve
180,16,12752.02,4,865.2599999999998,swap,acceptBad
181,16,12395.979999999992,4,865.2599999999998,move,improve
182,16,12407.619999999994,4,865.2599999999998,swap,acceptBad
183,17,18485.640000000007,4,865.2599999999998,2opt,acceptBad
184,17,18502.120000000003,4,865.2599999999998,2opt,acceptBad
185,17,19125.360000000004,4,865.2599999999998,swap,acceptBad
186,17,18522.52,4,865.2599999999998,move,improve
187,17,18576.68,4,865.2599999999998,swap,acceptBad
188,17,18082.24,4,865.2599999999998,move,improve
189,17,17689.04,4,865.2599999999998,move,improve
190,17,15838.04,4,865.2599999999998,2opt,improve
191,17,14805.079999999998,4,865.2599999999998,move,improve
192,17,14794.239999999998,4,865.2599999999998,swap,improve
193,17,14786.399999999998,4,865.2599999999998,2opt,improve
194,17,15389.799999999996,4,865.2599999999998,swap,acceptBad
195,17,15396.319999999996,4,865.2599999999998,2opt,acceptBad
196,17,14606.080000000002,4,865.2599999999998,move,improve
197,17,14615.959999999997,4,865.2599999999998,2opt,acceptBad
198,17,13967.800000000005,4,865.2599999999998,move,improve
199,17,14099.320000000003,4,865.2599999999998,2opt,acceptBad
200,17,14120.200000000003,4,865.2599999999998,2opt,acceptBad
201,17,14110.000000000002,4,865.2599999999998,swap,improve
202,17,14106.800000000003,4,865.2599999999998,2opt,improve
203,17,10824.040000000003,4,865.2599999999998,move,improve
204,17,13934.680000000004,4,865.2599999999998,swap,acceptBad
205,17,18922.320000000003,4,865.2599999999998,2opt,acceptBad
206,17,13427.400000000005,4,865.2599999999998,move,improve
207,17,12328.520000000006,4,865.2599999999998,move,improve
208,17,11496.040000000005,4,865.2599999999998,move,improve
209,17,11445.680000000006,4,865.2599999999998,swap,improve
210,17,14064.040000000012,4,865.2599999999998,2opt,acceptBad
211,17,11402.080000000007,4,865.2599999999998,2opt,improve
212,17,12410.880000000012,4,865.2599999999998,swap,acceptBad
213,17,13487.040000000005,4,865.2599999999998,swap,acceptBad
214,17,13473.760000000006,4,865.2599999999998,swap,improve
215,17,12859.080000000002,4,865.2599999999998,move,improve
216,17,12802.04,4,865.2599999999998,2opt,improve
217,17,12797.2,4,865.2599999999998,2opt,improve
218,17,12801.32,4,865.2599999999998,2opt,acceptBad
219,17,13355.440000000006,4,865.2599999999998,2opt,acceptBad
220,17,13353.080000000007,4,865.2599999999998,2opt,improve
221,17,13329.120000000006,4,865.2599999999998,move,improve
222,17,13518.440000000002,4,865.2599999999998,2opt,acceptBad
223,17,13518.440000000002,4,865.2599999999998,2opt,improve
224,18,20156.200000000008,4,865.2599999999998,2opt,acceptBad
225,18,20142.40000000001,4,865.2599999999998,swap,improve
226,18,20125.92000000001,4,865.2599999999998,swap,improve
227,18,19038.86000000001,4,865.2599999999998,move,improve
228,18,18283.58000000001,4,865.2599999999998,move,improve
229,18,17824.520000000004,4,865.2599999999998,move,improve
230,18,18065.800000000003,4,865.2599999999998,2opt,acceptBad
231,18,18065.800000000003,4,865.2599999999998,2opt,improve
232,18,17930.600000000006,4,865.2599999999998,move,improve
233,18,17070.300000000003,4,865.2599999999998,move,improve
234,18,16370.260000000006,4,865.2599999999998,move,improve
235,19,23465.64000000001,4,865.2599999999998,2opt,acceptBad
236,19,24521.360000000015,4,865.2599999999998,swap,acceptBad
237,19,24514.00000000001,4,865.2599999999998,swap,improve
238,19,25070.239999999994,4,865.2599999999998,2opt,acceptBad
239,19,25058.959999999995,4,865.2599999999998,swap,improve
240,19,26679.51999999999,4,865.2599999999998,swap,acceptBad
241,19,27284.679999999993,4,865.2599999999998,2opt,acceptBad
242,19,26706.519999999993,4,865.2599999999998,2opt,improve
243,19,26686.119999999995,4,865.2599999999998,swap,improve
244,19,27689.48,4,865.2599999999998,2opt,acceptBad
245,19,27256.800000000003,4,865.2599999999998,swap,improve
246,19,29052.079999999994,4,865.2599999999998,2opt,acceptBad
247,19,29036.359999999993,4,865.2599999999998,2opt,improve
248,19,27881.879999999986,4,865.2599999999998,2opt,improve
249,19,27870.639999999992,4,865.2599999999998,2opt,improve
250,19,27573.760000000006,4,865.2599999999998,2opt,improve
251,19,27054.600000000006,4,865.2599999999998,swap,improve
252,19,27575.47999999999,4,865.2599999999998,2opt,acceptBad
253,19,27478.399999999987,4,865.2599999999998,swap,improve
254,19,27485.440000000002,4,865.2599999999998,2opt,acceptBad
255,19,26711.000000000007,4,865.2599999999998,move,improve
256,19,26783.080000000013,4,865.2599999999998,swap,acceptBad
257,19,26782.00000000001,4,865.2599999999998,swap,improve
258,19,26768.399999999983,4,865.2599999999998,2opt,improve
259,19,25596.319999999992,4,865.2599999999998,2opt,improve
260,19,25596.640000000003,4,865.2599999999998,2opt,acceptBad
261,19,25894.399999999994,4,865.2599999999998,swap,acceptBad
262,19,27178.719999999994,4,865.2599999999998,swap,acceptBad
263,19,24343.12,4,865.2599999999998,move,improve
264,19,24350.76,4,865.2599999999998,swap,acceptBad
265,19,24350.76,4,865.2599999999998,move,improve
266,19,27179.280000000006,4,865.2599999999998,2opt,acceptBad
267,19,27179.280000000006,4,865.2599999999998,move,improve
268,19,27175.439999999995,4,865.2599999999998,2opt,improve
269,19,27243.159999999996,4,865.2599999999998,swap,acceptBad
270,19,27216.919999999995,4,865.2599999999998,swap,improve
271,19,27216.919999999995,4,865.2599999999998,move,improve
272,19,27199.079999999994,4,865.2599999999998,swap,improve
273,19,26968.359999999993,4,865.2599999999998,move,improve
274,19,26890.959999999995,4,865.2599999999998,swap,improve
275,19,26028.639999999996,4,865.2599999999998,swap,improve
276,19,26315.719999999994,4,865.2599999999998,2opt,acceptBad
277,19,26734.920000000002,4,865.2599999999998,swap,acceptBad
278,19,26765.600000000002,4,865.2599999999998,swap,acceptBad
279,19,27762.479999999985,4,865.2599999999998,swap,acceptBad
280,19,27175.599999999988,4,865.2599999999998,move,improve
281,19,27146.039999999983,4,865.2599999999998,swap,improve
282,19,26938.359999999982,4,865.2599999999998,swap,improve
283,19,26861.31999999998,4,865.2599999999998,swap,improve
284,19,27282.03999999997,4,865.2599999999998,swap,acceptBad
285,19,26336.63999999997,4,865.2599999999998,swap,improve
286,19,24612.719999999972,4,865.2599999999998,swap,improve
287,19,24961.27999999997,4,865.2599999999998,swap,acceptBad
288,19,22496.55999999999,4,865.2599999999998,2opt,improve
289,19,22500.119999999988,4,865.2599999999998,swap,acceptBad
290,19,22491.95999999999,4,865.2599999999998,swap,improve
291,19,22437.719999999987,4,865.2599999999998,2opt,improve
292,19,22351.239999999987,4,865.2599999999998,swap,improve
293,19,23572.59999999999,4,865.2599999999998,swap,acceptBad
294,19,22453.11999999999,4,865.2599999999998,move,improve
295,19,22455.640000000007,4,865.2599999999998,2opt,acceptBad
296,19,22941.640000000007,4,865.2599999999998,swap,acceptBad
297,19,21755.08,4,865.2599999999998,move,improve
298,20,22363.10000000001,4,865.2599999999998,2opt,acceptBad
299,20,25696.59999999999,4,865.2599999999998,2opt,acceptBad
300,20,24577.19999999999,4,865.2599999999998,move,improve
301,20,24396.2,4,865.2599999999998,swap,improve
302,20,22651.679999999993,4,865.2599999999998,swap,improve
303,20,22652.519999999993,4,865.2599999999998,swap,acceptBad
304,20,22620.379999999997,4,865.2599999999998,swap,improve
305,20,21487.519999999993,4,865.2599999999998,move,improve
306,20,21495.519999999997,4,865.2599999999998,2opt,acceptBad
307,20,21512.799999999996,4,865.2599999999998,swap,acceptBad
308,20,19904.579999999998,4,865.2599999999998,move,improve
309,20,19903.459999999995,4,865.2599999999998,2opt,improve
310,20,19695.599999999988,4,865.2599999999998,2opt,improve
311,20,19667.520000000004,4,865.2599999999998,2opt,improve
312,20,19689.560000000005,4,865.2599999999998,swap,acceptBad
313,20,18591.64,4,865.2599999999998,move,improve
314,20,18565.559999999998,4,865.2599999999998,move,improve
315,20,18572.239999999998,4,865.2599999999998,swap,acceptBad
316,20,18640.120000000017,4,865.2599999999998,swap,acceptBad
317,20,23498.980000000007,4,865.2599999999998,2opt,acceptBad
318,20,23499.38,4,865.2599999999998,2opt,acceptBad
319,20,22577.14,4,865.2599999999998,move,improve
320,20,23368.979999999996,4,865.2599999999998,2opt,acceptBad
321,20,17738.840000000004,4,865.2599999999998,move,improve
322,20,16404.179999999997,4,865.2599999999998,move,improve
323,20,15845.199999999999,4,865.2599999999998,move,improve
324,20,15861.4,4,865.2599999999998,swap,acceptBad
325,20,15940.039999999997,4,865.2599999999998,swap,acceptBad
326,20,18961.879999999997,4,865.2599999999998,swap,acceptBad
327,20,19915.159999999996,4,865.2599999999998,2opt,acceptBad
328,20,18346.259999999995,4,865.2599999999998,move,improve
329,20,18902.579999999998,4,865.2599999999998,swap,acceptBad
330,20,19410.77999999999,4,865.2599999999998,2opt,acceptBad
331,20,15995.479999999998,4,865.2599999999998,move,improve
332,20,20196.899999999998,4,865.2599999999998,2opt,acceptBad
333,20,20219.299999999996,4,865.2599999999998,swap,acceptBad
334,20,15952.039999999994,4,865.2599999999998,move,improve
335,20,15950.179999999995,4,865.2599999999998,swap,improve
336,20,15443.580000000002,4,865.2599999999998,move,improve
337,20,15316.099999999997,4,865.2599999999998,2opt,improve
338,20,15766.839999999995,4,865.2599999999998,swap,acceptBad
339,20,14364.199999999993,4,865.2599999999998,swap,improve
340,20,15234.099999999993,4,865.2599999999998,swap,acceptBad
341,20,16043.580000000002,4,865.2599999999998,swap,acceptBad
342,20,18399.48,4,865.2599999999998,swap,acceptBad
343,20,18370.84,4,865.2599999999998,swap,improve
344,20,18320.420000000002,4,865.2599999999998,swap,improve
345,20,17547.000000000004,4,865.2599999999998,move,improve
346,20,19667.440000000002,4,865.2599999999998,swap,acceptBad
347,20,20288.840000000007,4,865.2599999999998,swap,acceptBad
348,20,21113.22000000001,4,865.2599999999998,swap,acceptBad
349,20,20247.36,4,865.2599999999998,swap,improve
350,20,19398.060000000005,4,865.2599999999998,move,improve
351,20,18700.180000000004,4,865.2599999999998,move,improve
352,20,18692.74,4,865.2599999999998,2opt,improve
353,20,18879.34,4,865.2599999999998,swap,acceptBad
354,20,18875.74,4,865.2599999999998,move,improve
355,20,17564.519999999997,4,865.2599999999998,swap,improve
356,20,17560.279999999995,4,865.2599999999998,swap,improve
357,20,16573.600000000002,4,865.2599999999998,move,improve
358,20,16595.920000000002,4,865.2599999999998,swap,acceptBad
359,20,16651.480000000003,4,865.2599999999998,swap,acceptBad
360,20,16557.24,4,865.2599999999998,2opt,improve
361,20,16548.6,4,865.2599999999998,swap,improve
362,20,16542.720000000016,4,865.2599999999998,2opt,improve
363,20,16080.020000000013,4,865.2599999999998,move,improve
364,20,16164.620000000014,4,865.2599999999998,swap,acceptBad
365,20,17155.28000000001,4,865.2599999999998,swap,acceptBad
366,20,17315.44,4,865.2599999999998,swap,acceptBad
367,20,17061.76,4,865.2599999999998,2opt,improve
368,20,18296.480000000007,4,865.2599999999998,2opt,acceptBad
369,20,20864.68,4,865.2599999999998,2opt,acceptBad
370,20,24559.860000000004,4,865.2599999999998,swap,acceptBad
371,20,24559.860000000004,4,865.2599999999998,2opt,improve
372,20,24573.219999999998,4,865.2599999999998,2opt,acceptBad
373,20,24363.939999999995,4,865.2599999999998,swap,improve
374,20,23671.219999999994,4,865.2599999999998,move,improve
375,20,23507.73999999999,4,865.2599999999998,swap,improve
376,20,22997.25999999999,4,865.2599999999998,move,improve
377,20,22123.660000000003,4,865.2599999999998,move,improve
378,20,22035.859999999993,4,865.2599999999998,2opt,improve
379,20,22154.339999999997,4,865.2599999999998,swap,acceptBad
380,20,22154.339999999997,4,865.2599999999998,move,improve
381,20,20891.25999999999,4,865.2599999999998,move,improve
382,20,21191.219999999998,4,865.2599999999998,swap,acceptBad
383,20,21220.799999999996,4,865.2599999999998,swap,acceptBad
384,20,21315.399999999994,4,865.2599999999998,2opt,acceptBad
385,20,21266.199999999986,4,865.2599999999998,2opt,improve
386,20,20277.939999999988,4,865.2599999999998,2opt,improve
387,20,19774.19999999999,4,865.2599999999998,move,improve
388,20,20883.140000000014,4,865.2599999999998,2opt,acceptBad
389,20,21097.800000000007,4,865.2599999999998,swap,acceptBad
390,20,21105.680000000008,4,865.2599999999998,swap,acceptBad
391,20,21136.360000000004,4,865.2599999999998,swap,acceptBad
392,19,19721.959999999992,4,865.2599999999998,2opt,improve
393,19,19955.639999999992,4,865.2599999999998,2opt,acceptBad
394,19,20149.959999999985,4,865.2599999999998,swap,acceptBad
395,19,19938.839999999993,4,865.2599999999998,move,improve
396,19,19214.55999999999,4,865.2599999999998,move,improve
397,19,19884.48,4,865.2599999999998,2opt,acceptBad
398,19,19674.839999999997,4,865.2599999999998,swap,improve
399,19,20208.159999999996,4,865.2599999999998,2opt,acceptBad
400,19,21701.639999999992,4,865.2599999999998,swap,acceptBad
401,19,21681.439999999995,4,865.2599999999998,2opt,improve
402,19,20614.279999999995,4,865.2599999999998,swap,improve
403,19,21754.56,4,865.2599999999998,2opt,acceptBad
404,19,20670.519999999993,4,865.2599999999998,move,improve
405,19,20934.159999999993,4,865.2599999999998,swap,acceptBad
406,19,22356.60000000001,4,865.2599999999998,2opt,acceptBad
407,19,22356.60000000001,4,865.2599999999998,move,improve
408,19,22345.680000000008,4,865.2599999999998,move,improve
409,19,22330.44000000001,4,865.2599999999998,swap,improve
410,19,24686.400000000005,4,865.2599999999998,swap,acceptBad
411,19,24712.880000000005,4,865.2599999999998,swap,acceptBad
412,19,24699.319999999996,4,865.2599999999998,2opt,improve
413,19,23748.280000000002,4,865.2599999999998,move,improve
414,19,23748.280000000002,4,865.2599999999998,move,improve
415,19,23351.6,4,865.2599999999998,move,improve
416,19,22875.079999999998,4,865.2599999999998,move,improve
417,19,23151.8,4,865.2599999999998,swap,acceptBad
418,19,21615.839999999997,4,865.2599999999998,2opt,improve
419,19,21428.199999999997,4,865.2599999999998,2opt,improve
420,19,24931.640000000003,4,865.2599999999998,swap,acceptBad
421,20,32291.900000000012,4,865.2599999999998,2opt,acceptBad
422,20,33155.03999999999,4,865.2599999999998,2opt,acceptBad
423,20,33113.179999999986,4,865.2599999999998,swap,improve
424,20,33180.07999999999,4,865.2599999999998,2opt,acceptBad
425,20,33233.73999999997,4,865.2599999999998,2opt,acceptBad
426,20,33719.57999999997,4,865.2599999999998,swap,acceptBad
427,21,35894.75999999997,4,865.2599999999998,2opt,acceptBad
428,21,35878.11999999998,4,865.2599999999998,2opt,improve
429,21,35814.56,4,865.2599999999998,swap,improve
430,21,35790.88,4,865.2599999999998,swap,improve
431,20,27384.599999999995,4,865.2599999999998,move,improve
432,20,27566.679999999997,4,865.2599999999998,swap,acceptBad
433,20,27670.279999999988,4,865.2599999999998,swap,acceptBad
434,20,27422.340000000004,4,865.2599999999998,2opt,improve
435,20,24586.08,4,865.2599999999998,move,improve
436,20,24571.840000000004,4,865.2599999999998,swap,improve
437,20,24565.440000000002,4,865.2599999999998,swap,improve
438,20,24571.760000000002,4,865.2599999999998,2opt,acceptBad
439,20,24260.600000000002,4,865.2599999999998,swap,improve
440,20,24271.31999999998,4,865.2599999999998,2opt,acceptBad
441,20,24271.31999999998,4,865.2599999999998,move,improve
442,20,24325.65999999999,4,865.2599999999998,2opt,acceptBad
443,20,24276.959999999992,4,865.2599999999998,swap,improve
444,20,24283.599999999995,4,865.2599999999998,swap,acceptBad
445,20,24302.519999999993,4,865.2599999999998,swap,acceptBad
446,20,24266.77999999999,4,865.2599999999998,swap,improve
447,20,24269.859999999993,4,865.2599999999998,2opt,acceptBad
448,20,23435.62,4,865.2599999999998,move,improve
449,20,23491.15999999999,4,865.2599999999998,swap,acceptBad
450,21,28338.679999999986,4,865.2599999999998,2opt,acceptBad
451,21,28247.880000000005,4,865.2599999999998,2opt,improve
452,21,28539.760000000002,4,865.2599999999998,swap,acceptBad
453,21,27847.120000000017,4,865.2599999999998,move,improve
454,21,26562.480000000018,4,865.2599999999998,move,improve
455,21,24715.32000000001,4,865.2599999999998,swap,improve
456,21,24726.200000000026,4,865.2599999999998,2opt,acceptBad
457,21,26549.000000000025,4,865.2599999999998,2opt,acceptBad
458,21,26546.120000000024,4,865.2599999999998,swap,improve
459,21,26024.840000000015,4,865.2599999999998,move,improve
460,21,25225.48000000002,4,865.2599999999998,move,improve
461,21,25225.48000000002,4,865.2599999999998,move,improve
462,21,24224.760000000017,4,865.2599999999998,move,improve
463,21,23241.760000000013,4,865.2599999999998,move,improve
464,21,23620.04000000001,4,865.2599999999998,swap,acceptBad
465,21,23618.04000000001,4,865.2599999999998,swap,improve
466,21,23625.20000000001,4,865.2599999999998,swap,acceptBad
467,21,23090.560000000023,4,865.2599999999998,move,improve
468,21,23083.800000000025,4,865.2599999999998,swap,improve
469,21,23090.40000000001,4,865.2599999999998,swap,acceptBad
470,21,22801.640000000007,4,865.2599999999998,swap,improve
471,21,27685.92000000005,4,865.2599999999998,swap,acceptBad
472,21,27702.640000000054,4,865.2599999999998,swap,acceptBad
473,21,24238.920000000027,4,865.2599999999998,move,improve
474,21,21956.039999999986,4,865.2599999999998,move,improve
475,21,21078.83999999999,4,865.2599999999998,2opt,improve
476,21,21080.279999999988,4,865.2599999999998,swap,acceptBad
477,21,20926.359999999986,4,865.2599999999998,swap,improve
478,21,20062.79999999999,4,865.2599999999998,move,improve
479,21,20289.15999999999,4,865.2599999999998,swap,acceptBad
480,21,20239.439999999988,4,865.2599999999998,swap,improve
481,21,20239.439999999988,4,865.2599999999998,move,improve
482,21,19470.719999999998,4,865.2599999999998,move,improve
483,21,24976.47999999999,4,865.2599999999998,2opt,acceptBad
484,21,28443.680000000004,4,865.2599999999998,2opt,acceptBad
485,21,28400.440000000002,4,865.2599999999998,2opt,improve
486,21,23698.719999999994,4,865.2599999999998,move,improve
487,21,22983.679999999997,4,865.2599999999998,move,improve
488,21,22958.879999999994,4,865.2599999999998,swap,improve
489,21,23740.55999999999,4,865.2599999999998,2opt,acceptBad
490,20,21666.98,4,865.2599999999998,2opt,improve
491,20,20833.059999999998,4,865.2599999999998,swap,improve
492,20,21334.579999999994,4,865.2599999999998,2opt,acceptBad
493,20,18202.499999999993,4,865.2599999999998,move,improve
494,20,18200.09999999999,4,865.2599999999998,move,improve
495,20,18193.219999999994,4,865.2599999999998,2opt,improve
496,20,18193.219999999994,4,865.2599999999998,move,improve
497,20,18191.059999999994,4,865.2599999999998,move,improve
498,20,18921.240000000005,4,865.2599999999998,2opt,acceptBad
499,20,25024.3,4,865.2599999999998,2opt,acceptBad
500,20,25843.800000000003,4,865.2599999999998,swap,acceptBad
501,20,24995.800000000003,4,865.2599999999998,move,improve
502,20,25596.080000000016,4,865.2599999999998,2opt,acceptBad
503,20,25157.64000000002,4,865.2599999999998,move,improve
504,20,25485.41999999998,4,865.2599999999998,2opt,acceptBad
505,20,25457.09999999998,4,865.2599999999998,swap,improve
506,20,26317.799999999996,4,865.2599999999998,2opt,acceptBad
507,20,26309.88000000001,4,865.2599999999998,2opt,improve
508,20,26591.439999999995,4,865.2599999999998,swap,acceptBad
509,20,24538.439999999988,4,865.2599999999998,move,improve
510,20,24367.940000000002,4,865.2599999999998,swap,improve
511,20,24204.639999999992,4,865.2599999999998,swap,improve
512,20,22991.15999999999,4,865.2599999999998,move,improve
513,20,22717.29999999999,4,865.2599999999998,2opt,improve
514,20,21568.759999999984,4,865.2599999999998,move,improve
515,20,21153.29999999999,4,865.2599999999998,move,improve
516,20,20791.61999999999,4,865.2599999999998,move,improve
517,20,20811.89999999999,4,865.2599999999998,swap,acceptBad
518,20,20829.539999999994,4,865.2599999999998,2opt,acceptBad
519,20,24224.139999999996,4,865.2599999999998,2opt,acceptBad
520,20,24070.859999999993,4,865.2599999999998,swap,improve
521,20,23324.839999999997,4,865.2599999999998,move,improve
522,20,23917.639999999996,4,865.2599999999998,swap,acceptBad
523,20,23927.23999999999,4,865.2599999999998,2opt,acceptBad
524,20,23949.219999999987,4,865.2599999999998,swap,acceptBad
525,20,19443.999999999993,4,865.2599999999998,move,improve
526,20,19443.999999999993,4,865.2599999999998,2opt,notBad
527,20,18887.28,4,865.2599999999998,move,improve
528,20,17825.679999999993,4,865.2599999999998,move,improve
529,20,17086.379999999983,4,865.2599999999998,move,improve
530,20,16925.579999999987,4,865.2599999999998,2opt,improve
531,20,16786.06,4,865.2599999999998,move,improve
532,20,16822.98,4,865.2599999999998,2opt,acceptBad
533,20,16577.020000000004,4,865.2599999999998,2opt,improve
534,20,16601.0,4,865.2599999999998,swap,acceptBad
535,20,16665.08,4,865.2599999999998,swap,acceptBad
536,20,15569.459999999992,4,865.2599999999998,move,improve
537,20,14609.999999999993,4,865.2599999999998,move,improve
538,20,14609.999999999993,4,865.2599999999998,move,improve
539,20,14609.999999999993,4,865.2599999999998,move,improve
540,20,14656.240000000002,4,865.2599999999998,2opt,acceptBad
541,20,14650.319999999994,4,865.2599999999998,2opt,improve
542,20,14321.49999999999,4,865.2599999999998,move,improve
543,20,14591.399999999994,4,865.2599999999998,swap,acceptBad
544,20,14591.399999999994,4,865.2599999999998,move,improve
545,20,14594.239999999998,4,865.2599999999998,2opt,acceptBad
546,20,14596.799999999996,4,865.2599999999998,2opt,acceptBad
547,20,13379.699999999997,4,865.2599999999998,move,improve
548,20,13334.279999999993,4,865.2599999999998,move,improve
549,20,13331.199999999993,4,865.2599999999998,swap,improve
550,20,13330.76,4,865.2599999999998,2opt,improve
551,20,13360.239999999998,4,865.2599999999998,2opt,acceptBad
552,20,13507.619999999992,4,865.2599999999998,swap,acceptBad
553,20,13039.159999999989,4,865.2599999999998,move,improve
554,20,13053.579999999994,4,865.2599999999998,swap,acceptBad
555,20,13053.579999999994,4,865.2599999999998,move,improve
556,20,12838.959999999992,4,865.2599999999998,2opt,improve
557,20,12529.63999999999,4,865.2599999999998,move,improve
558,20,16281.919999999995,4,865.2599999999998,2opt,acceptBad
559,20,16226.339999999995,4,865.2599999999998,swap,improve
560,20,16426.35999999999,4,865.2599999999998,swap,acceptBad
561,20,15833.479999999992,4,865.2599999999998,move,improve
562,20,16447.779999999995,4,865.2599999999998,2opt,acceptBad
563,20,16892.859999999997,4,865.2599999999998,swap,acceptBad
564,20,14926.579999999998,4,865.2599999999998,move,improve
565,20,12909.179999999998,4,865.2599999999998,move,improve
566,20,12475.68,4,865.2599999999998,move,improve
567,20,12426.080000000002,4,865.2599999999998,swap,improve
568,20,12426.080000000002,4,865.2599999999998,move,improve
569,20,12400.619999999999,4,865.2599999999998,swap,improve
570,20,12397.060000000003,4,865.2599999999998,2opt,improve
571,20,12397.060000000003,4,865.2599999999998,move,improve
572,20,12386.380000000003,4,865.2599999999998,swap,improve
573,20,15986.220000000001,4,865.2599999999998,2opt,acceptBad
574,20,16850.4,4,865.2599999999998,2opt,acceptBad
575,20,16952.379999999997,4,865.2599999999998,swap,acceptBad
576,20,16952.379999999997,4,865.2599999999998,2opt,notBad
577,20,14946.340000000007,4,865.2599999999998,move,improve
578,20,14346.220000000001,4,865.2599999999998,move,improve
579,20,14326.140000000001,4,865.2599999999998,swap,improve
580,20,14441.740000000003,4,865.2599999999998,swap,acceptBad
581,20,14289.279999999997,4,865.2599999999998,move,improve
582,20,14289.279999999997,4,865.2599999999998,move,improve
583,20,13688.519999999995,4,865.2599999999998,move,improve
584,20,13688.519999999995,4,865.2599999999998,move,improve
585,20,14310.959999999992,4,865.2599999999998,2opt,acceptBad
586,20,14310.959999999992,4,865.2599999999998,2opt,improve
587,20,14310.319999999992,4,865.2599999999998,swap,improve
588,20,13872.179999999997,4,865.2599999999998,move,improve
589,20,14060.93999999999,4,865.2599999999998,swap,acceptBad
590,20,13762.839999999991,4,865.2599999999998,swap,improve
591,20,13527.339999999987,4,865.2599999999998,move,improve
592,20,13527.339999999987,4,865.2599999999998,move,improve
593,20,19949.679999999993,4,865.2599999999998,2opt,acceptBad
594,20,19959.719999999994,4,865.2599999999998,swap,acceptBad
595,20,16147.98,4,865.2599999999998,swap,improve
596,19,14921.560000000003,4,865.2599999999998,2opt,improve
597,19,18679.880000000005,4,865.2599999999998,swap,acceptBad
598,19,15337.240000000002,4,865.2599999999998,move,improve
599,19,17367.88,4,865.2599999999998,swap,acceptBad
600,19,16314.120000000003,4,865.2599999999998,move,improve
601,19,16333.120000000003,4,865.2599999999998,swap,acceptBad
602,19,14929.960000000001,4,865.2599999999998,move,improve
603,19,14942.960000000001,4,865.2599999999998,swap,acceptBad
604,19,14942.960000000001,4,865.2599999999998,2opt,notBad
605,19,14780.920000000007,4,865.2599999999998,move,improve
606,19,14761.760000000006,4,865.2599999999998,move,improve
607,19,14947.360000000002,4,865.2599999999998,swap,acceptBad
608,19,17220.399999999998,4,865.2599999999998,2opt,acceptBad
609,19,16937.079999999998,4,865.2599999999998,swap,improve
610,19,16893.719999999994,4,865.2599999999998,swap,improve
611,19,16912.32,4,865.2599999999998,2opt,acceptBad
612,19,16918.4,4,865.2599999999998,2opt,acceptBad
613,19,16209.839999999997,4,865.2599999999998,2opt,improve
614,19,16356.64,4,865.2599999999998,swap,acceptBad
615,19,18081.680000000008,4,865.2599999999998,2opt,acceptBad
616,19,17379.68,4,865.2599999999998,move,improve
617,19,14992.679999999995,4,865.2599999999998,move,improve
618,19,15033.920000000002,4,865.2599999999998,swap,acceptBad
619,19,15060.2,4,865.2599999999998,swap,acceptBad
620,19,15612.280000000012,4,865.2599999999998,swap,acceptBad
621,19,15186.680000000008,4,865.2599999999998,move,improve
622,19,15063.200000000013,4,865.2599999999998,swap,improve
623,19,15060.800000000001,4,865.2599999999998,2opt,improve
624,19,15385.8,4,865.2599999999998,2opt,acceptBad
625,19,14671.479999999998,4,865.2599999999998,move,improve
626,19,15469.360000000004,4,865.2599999999998,swap,acceptBad
627,19,14382.279999999993,4,865.2599999999998,move,improve
628,19,14091.840000000002,4,865.2599999999998,swap,improve
629,19,14083.080000000004,4,865.2599999999998,swap,improve
630,19,14063.160000000003,4,865.2599999999998,move,improve
631,19,14106.800000000001,4,865.2599999999998,swap,acceptBad
632,19,14087.04,4,865.2599999999998,move,improve
633,19,14315.400000000005,4,865.2599999999998,swap,acceptBad
634,19,14903.960000000014,4,865.2599999999998,2opt,acceptBad
635,19,14966.520000000006,4,865.2599999999998,swap,acceptBad
636,19,15442.800000000005,4,865.2599999999998,swap,acceptBad
637,19,19203.480000000003,4,865.2599999999998,2opt,acceptBad
638,19,19461.04,4,865.2599999999998,swap,acceptBad
639,19,14080.040000000003,4,865.2599999999998,move,improve
640,19,12913.8,4,865.2599999999998,move,improve
641,19,12849.039999999999,4,865.2599999999998,move,improve
642,19,11949.759999999998,4,865.2599999999998,move,improve
643,19,12045.759999999997,4,865.2599999999998,swap,acceptBad
644,19,11565.199999999997,4,865.2599999999998,move,improve
645,19,11580.319999999996,4,865.2599999999998,2opt,acceptBad
646,19,11581.919999999998,4,865.2599999999998,2opt,acceptBad
647,19,11596.239999999994,4,865.2599999999998,2opt,acceptBad
648,19,11915.119999999995,4,865.2599999999998,swap,acceptBad
649,19,11685.959999999997,4,865.2599999999998,move,improve
650,19,12495.759999999995,4,865.2599999999998,2opt,acceptBad
651,20,15967.15999999999,4,865.2599999999998,2opt,acceptBad
652,20,16331.599999999999,4,865.2599999999998,2opt,acceptBad
653,20,16331.599999999999,4,865.2599999999998,2opt,notBad
654,20,16324.719999999998,4,865.2599999999998,swap,improve
655,20,16440.739999999994,4,865.2599999999998,2opt,acceptBad
656,20,16254.319999999994,4,865.2599999999998,2opt,improve
657,20,16235.399999999998,4,865.2599999999998,move,improve
658,20,15401.040000000005,4,865.2599999999998,move,improve
659,20,15726.66,4,865.2599999999998,swap,acceptBad
660,20,14987.919999999998,4,865.2599999999998,move,improve
661,20,13831.439999999993,4,865.2599999999998,move,improve
662,20,13362.519999999995,4,865.2599999999998,move,improve
663,20,13303.32,4,865.2599999999998,2opt,improve
664,20,13283.4,4,865.2599999999998,move,improve
665,20,13248.9,4,865.2599999999998,move,improve
666,20,13265.38,4,865.2599999999998,swap,acceptBad
667,20,13265.38,4,865.2599999999998,2opt,notBad
668,20,12170.339999999995,4,865.2599999999998,2opt,improve
669,20,11538.799999999988,4,865.2599999999998,move,improve
670,20,11469.579999999989,4,865.2599999999998,move,improve
671,20,11522.03999999999,4,865.2599999999998,swap,acceptBad
672,20,11513.239999999989,4,865.2599999999998,move,improve
673,20,11505.95999999999,4,865.2599999999998,move,improve
674,20,11655.779999999988,4,865.2599999999998,swap,acceptBad
675,20,11606.47999999999,4,865.2599999999998,swap,improve
676,20,11655.379999999994,4,865.2599999999998,2opt,acceptBad
677,20,13161.82,4,865.2599999999998,2opt,acceptBad
678,20,13220.019999999997,4,865.2599999999998,swap,acceptBad
679,20,17557.100000000002,4,865.2599999999998,2opt,acceptBad
680,21,22216.320000000003,4,865.2599999999998,2opt,acceptBad
681,21,21377.399999999998,4,865.2599999999998,move,improve
682,21,21375.88,4,865.2599999999998,2opt,improve
683,21,21306.720000000005,4,865.2599999999998,swap,improve
684,21,25360.24,4,865.2599999999998,2opt,acceptBad
685,21,26189.960000000006,4,865.2599999999998,2opt,acceptBad
686,21,25391.4,4,865.2599999999998,move,improve
687,21,25392.640000000014,4,865.2599999999998,2opt,acceptBad
688,21,25514.08000000001,4,865.2599999999998,2opt,acceptBad
689,22,31075.02000000002,4,865.2599999999998,2opt,acceptBad
690,21,21892.800000000003,4,865.2599999999998,move,improve
691,21,21927.480000000018,4,865.2599999999998,swap,acceptBad
692,21,26782.840000000015,4,865.2599999999998,swap,acceptBad
693,21,27207.279999999995,4,865.2599999999998,swap,acceptBad
694,21,29753.440000000024,4,865.2599999999998,2opt,acceptBad
695,21,28855.680000000026,4,865.2599999999998,move,improve
696,21,28767.92,4,865.2599999999998,move,improve
697,21,28475.839999999997,4,865.2599999999998,2opt,improve
698,21,28475.839999999997,4,865.2599999999998,move,improve
699,21,28749.87999999999,4,865.2599999999998,2opt,acceptBad
700,22,30699.27999999999,4,865.2599999999998,2opt,acceptBad
701,22,30717.419999999984,4,865.2599999999998,swap,acceptBad
702,22,29479.839999999997,4,865.2599999999998,move,improve
703,22,33361.47999999998,4,865.2599999999998,swap,acceptBad
704,22,33398.279999999984,4,865.2599999999998,swap,acceptBad
705,22,33404.71999999999,4,865.2599999999998,swap,acceptBad
706,22,30545.599999999977,4,865.2599999999998,swap,improve
707,21,23701.96000000002,4,865.2599999999998,move,improve
708,21,23672.160000000007,4,865.2599999999998,2opt,improve
709,21,23653.47999999999,4,865.2599999999998,2opt,improve
710,21,22721.87999999999,4,865.2599999999998,move,improve
711,21,22045.72000000001,4,865.2599999999998,move,improve
712,21,22044.16000000001,4,865.2599999999998,2opt,improve
713,21,22042.28000000001,4,865.2599999999998,2opt,improve
714,21,19592.560000000005,4,865.2599999999998,move,improve
715,21,19588.960000000006,4,865.2599999999998,swap,improve
716,21,16582.519999999993,4,865.2599999999998,move,improve
717,21,16773.4,4,865.2599999999998,swap,acceptBad
718,21,16335.720000000007,4,865.2599999999998,swap,improve
719,21,16294.960000000006,4,865.2599999999998,move,improve
720,21,16688.560000000012,4,865.2599999999998,swap,acceptBad
721,21,16234.680000000004,4,865.2599999999998,move,improve
722,21,16232.52,4,865.2599999999998,2opt,improve
723,21,16239.040000000003,4,865.2599999999998,2opt,acceptBad
724,21,16228.720000000003,4,865.2599999999998,move,improve
725,21,16198.520000000002,4,865.2599999999998,move,improve
726,21,15716.880000000006,4,865.2599999999998,move,improve
727,21,15058.240000000005,4,865.2599999999998,move,improve
728,21,15092.960000000006,4,865.2599999999998,swap,acceptBad
729,21,13447.720000000003,4,865.2599999999998,move,improve
730,21,13282.08,4,865.2599999999998,move,improve
731,21,13196.520000000004,4,865.2599999999998,move,improve
732,21,13207.320000000003,4,865.2599999999998,2opt,acceptBad
733,21,15272.040000000005,4,865.2599999999998,2opt,acceptBad
734,21,14092.080000000009,4,865.2599999999998,move,improve
735,21,14385.96000000001,4,865.2599999999998,swap,acceptBad
736,21,14865.160000000003,4,865.2599999999998,swap,acceptBad
737,21,16284.520000000002,4,865.2599999999998,2opt,acceptBad
738,21,16334.600000000002,4,865.2599999999998,swap,acceptBad
739,21,16344.480000000001,4,865.2599999999998,2opt,acceptBad
740,21,16339.800000000012,4,865.2599999999998,2opt,improve
741,21,16181.960000000003,4,865.2599999999998,swap,improve
742,21,16178.080000000004,4,865.2599999999998,swap,improve
743,21,15456.04000000001,4,865.2599999999998,move,improve
744,21,15856.48000000001,4,865.2599999999998,swap,acceptBad
745,21,17174.360000000004,4,865.2599999999998,2opt,acceptBad
746,21,18235.120000000014,4,865.2599999999998,swap,acceptBad
747,21,19172.840000000015,4,865.2599999999998,2opt,acceptBad
748,21,18130.160000000014,4,865.2599999999998,move,improve
749,21,15982.04000000001,4,865.2599999999998,move,improve
750,21,15229.360000000004,4,865.2599999999998,move,improve
751,21,15286.92000000001,4,865.2599999999998,2opt,acceptBad
752,20,13545.360000000004,4,865.2599999999998,move,improve
753,20,13716.180000000008,4,865.2599999999998,2opt,acceptBad
754,20,13451.400000000001,4,865.2599999999998,2opt,improve
755,20,13741.499999999993,4,865.2599999999998,swap,acceptBad
756,20,13741.779999999993,4,865.2599999999998,swap,acceptBad
757,20,19388.52,4,865.2599999999998,2opt,acceptBad
758,20,18819.480000000007,4,865.2599999999998,move,improve
759,20,18359.380000000012,4,865.2599999999998,swap,improve
760,20,18641.219999999998,4,865.2599999999998,2opt,acceptBad
761,20,25711.640000000014,4,865.2599999999998,swap,acceptBad
762,20,25719.16000000002,4,865.2599999999998,2opt,acceptBad
763,20,27835.940000000002,4,865.2599999999998,2opt,acceptBad
764,20,22800.839999999997,4,865.2599999999998,move,improve
765,20,22705.479999999996,4,865.2599999999998,swap,improve
766,20,22411.47999999999,4,865.2599999999998,2opt,improve
767,20,22678.000000000004,4,865.2599999999998,2opt,acceptBad
768,20,21703.839999999993,4,865.2599999999998,move,improve
769,20,22985.480000000003,4,865.2599999999998,2opt,acceptBad
770,20,22985.480000000003,4,865.2599999999998,2opt,notBad
771,20,22983.680000000004,4,865.2599999999998,swap,improve
772,20,22693.360000000008,4,865.2599999999998,swap,improve
773,20,20257.039999999997,4,865.2599999999998,move,improve
774,20,20149.939999999984,4,865.2599999999998,swap,improve
775,20,17015.47999999999,4,865.2599999999998,move,improve
776,20,17016.71999999999,4,865.2599999999998,swap,acceptBad
777,20,17016.71999999999,4,865.2599999999998,2opt,notBad
778,20,16357.159999999994,4,865.2599999999998,move,improve
779,20,16808.13999999999,4,865.2599999999998,swap,acceptBad
780,20,16804.69999999999,4,865.2599999999998,move,improve
781,20,16802.53999999999,4,865.2599999999998,move,improve
782,20,16808.81999999999,4,865.2599999999998,swap,acceptBad
783,20,16203.459999999985,4,865.2599999999998,move,improve
784,20,16201.739999999985,4,865.2599999999998,swap,improve
785,19,15061.799999999985,4,865.2599999999998,2opt,improve
786,19,15059.959999999985,4,865.2599999999998,swap,improve
787,19,15059.079999999998,4,865.2599999999998,2opt,improve
788,19,14747.719999999994,4,865.2599999999998,move,improve
789,19,15033.23999999999,4,865.2599999999998,swap,acceptBad
790,19,14646.999999999987,4,865.2599999999998,move,improve
791,19,14666.839999999987,4,865.2599999999998,swap,acceptBad
792,19,14666.839999999987,4,865.2599999999998,move,improve
793,19,14897.599999999988,4,865.2599999999998,swap,acceptBad
794,19,18467.91999999999,4,865.2599999999998,swap,acceptBad
795,19,18490.91999999999,4,865.2599999999998,swap,acceptBad
796,19,18581.439999999988,4,865.2599999999998,swap,acceptBad
797,19,18638.43999999999,4,865.2599999999998,2opt,acceptBad
798,19,17958.160000000003,4,865.2599999999998,move,improve
799,19,14402.92000000001,4,865.2599999999998,move,improve
800,19,13479.920000000007,4,865.2599999999998,move,improve
801,19,13243.92000000001,4,865.2599999999998,swap,improve
802,19,13161.96000000001,4,865.2599999999998,2opt,improve
803,19,13149.28000000001,4,865.2599999999998,move,improve
804,19,13119.920000000002,4,865.2599999999998,2opt,improve
805,19,12272.880000000001,4,865.2599999999998,move,improve
806,19,12272.880000000001,4,865.2599999999998,move,improve
807,19,12267.800000000001,4,865.2599999999998,swap,improve
808,19,12267.800000000001,4,865.2599999999998,move,improve
809,19,12128.72000000001,4,865.2599999999998,move,improve
810,19,12892.56,4,865.2599999999998,move,acceptBad
811,19,12642.36,4,865.2599999999998,move,improve
812,19,12642.36,4,865.2599999999998,move,improve
813,19,12010.000000000002,4,865.2599999999998,move,improve
814,19,11663.36,4,865.2599999999998,2opt,improve
815,19,11234.96,4,865.2599999999998,move,improve
816,19,10720.279999999999,4,865.2599999999998,move,improve
817,19,13707.68,4,865.2599999999998,2opt,acceptBad
818,19,13656.480000000005,4,865.2599999999998,2opt,improve
819,19,13658.120000000004,4,865.2599999999998,2opt,acceptBad
820,19,14029.480000000005,4,865.2599999999998,swap,acceptBad
821,19,14045.440000000006,4,865.2599999999998,2opt,acceptBad
822,19,12872.6,4,865.2599999999998,move,improve
823,19,12101.4,4,865.2599999999998,move,improve
824,19,11658.6,4,865.2599999999998,move,improve
825,19,10623.840000000004,4,865.2599999999998,move,improve
826,19,10204.16,4,865.2599999999998,move,improve
827,19,10885.879999999997,4,865.2599999999998,swap,acceptBad
828,19,11617.59999999999,4,865.2599999999998,2opt,acceptBad
829,19,11602.43999999999,4,865.2599999999998,move,improve
830,19,11572.79999999999,4,865.2599999999998,swap,improve
831,19,11572.51999999999,4,865.2599999999998,2opt,improve
832,19,11554.639999999989,4,865.2599999999998,swap,improve
833,19,11554.639999999989,4,865.2599999999998,move,improve
834,19,11040.959999999992,4,865.2599999999998,2opt,improve
835,19,11052.159999999993,4,865.2599999999998,swap,acceptBad
836,19,11572.719999999992,4,865.2599999999998,2opt,acceptBad
837,19,11516.239999999993,4,865.2599999999998,2opt,improve
838,19,11487.719999999994,4,865.2599999999998,swap,improve
839,19,11501.759999999993,4,865.2599999999998,2opt,acceptBad
840,19,12843.479999999998,4,865.2599999999998,2opt,acceptBad
841,19,13372.919999999998,4,865.2599999999998,2opt,acceptBad
842,19,13372.120000000003,4,865.2599999999998,2opt,improve
843,19,13369.480000000003,4,865.2599999999998,move,improve
844,19,13782.079999999998,4,865.2599999999998,2opt,acceptBad
845,19,13481.799999999994,4,865.2599999999998,2opt,improve
846,19,14622.399999999996,4,865.2599999999998,swap,acceptBad
847,19,15355.599999999991,4,865.2599999999998,2opt,acceptBad
848,19,16133.599999999995,4,865.2599999999998,swap,acceptBad
849,19,17670.24000000001,4,865.2599999999998,2opt,acceptBad
850,19,17863.080000000013,4,865.2599999999998,swap,acceptBad
851,19,18772.040000000015,4,865.2599999999998,swap,acceptBad
852,19,19287.200000000023,4,865.2599999999998,2opt,acceptBad
853,19,18984.440000000017,4,865.2599999999998,2opt,improve
854,19,18362.639999999992,4,865.2599999999998,2opt,improve
855,19,17100.280000000002,4,865.2599999999998,move,improve
856,19,16681.04,4,865.2599999999998,swap,improve
857,19,16681.04,4,865.2599999999998,2opt,notBad
858,19,16681.04,4,865.2599999999998,move,improve
859,19,15840.199999999995,4,865.2599999999998,move,improve
860,19,15337.679999999997,4,865.2599999999998,swap,improve
861,19,14727.759999999998,4,865.2599999999998,move,improve
862,18,12031.18,4,865.2599999999998,move,improve
863,18,11642.919999999998,4,865.2599999999998,move,improve
864,18,11342.219999999996,4,865.2599999999998,2opt,improve
865,18,13039.820000000003,4,865.2599999999998,2opt,acceptBad
866,18,12441.699999999999,4,865.2599999999998,swap,improve
867,18,11808.879999999992,4,865.2599999999998,move,improve
868,18,11808.879999999992,4,865.2599999999998,2opt,notBad
869,18,11808.879999999992,4,865.2599999999998,move,improve
870,18,11791.999999999993,4,865.2599999999998,move,improve
871,18,11622.239999999993,4,865.2599999999998,swap,improve
872,18,10421.219999999994,4,865.2599999999998,move,improve
873,18,10414.179999999991,4,865.2599999999998,2opt,improve
874,18,10192.859999999993,4,865.2599999999998,swap,improve
875,18,10192.859999999993,4,865.2599999999998,move,improve
876,18,10156.919999999995,4,865.2599999999998,2opt,improve
877,18,10148.159999999994,4,865.2599999999998,move,improve
878,18,10148.159999999994,4,865.2599999999998,2opt,notBad
879,18,10116.119999999995,4,865.2599999999998,move,improve
880,18,10116.119999999995,4,865.2599999999998,2opt,improve
881,18,10139.039999999994,4,865.2599999999998,swap,acceptBad
882,18,14244.01999999999,4,865.2599999999998,swap,acceptBad
883,18,14214.499999999989,4,865.2599999999998,swap,improve
884,18,13528.459999999992,4,865.2599999999998,move,improve
885,18,13522.139999999992,4,865.2599999999998,swap,improve
886,18,13161.659999999996,4,865.2599999999998,swap,improve
887,18,15704.319999999994,4,865.2599999999998,2opt,acceptBad
888,18,15704.319999999994,4,865.2599999999998,2opt,notBad
889,18,15609.419999999998,4,865.2599999999998,swap,improve
890,18,14898.46,4,865.2599999999998,move,improve
891,18,14914.22,4,865.2599999999998,swap,acceptBad
892,18,14964.899999999998,4,865.2599999999998,swap,acceptBad
893,18,15053.639999999992,4,865.2599999999998,swap,acceptBad
894,18,15043.919999999993,4,865.2599999999998,swap,improve
895,18,15040.080000000002,4,865.2599999999998,2opt,improve
896,18,15041.880000000001,4,865.2599999999998,swap,acceptBad
897,18,13771.739999999998,4,865.2599999999998,move,improve
898,18,13532.100000000006,4,865.2599999999998,swap,improve
899,18,12750.979999999998,4,865.2599999999998,swap,improve
900,18,12290.819999999996,4,865.2599999999998,move,improve
901,18,12290.819999999996,4,865.2599999999998,move,improve
902,18,12290.819999999996,4,865.2599999999998,move,improve
903,18,12290.819999999996,4,865.2599999999998,move,improve
904,18,12266.060000000003,4,865.2599999999998,2opt,improve
905,18,11154.180000000002,4,865.2599999999998,move,improve
906,18,13149.500000000002,4,865.2599999999998,swap,acceptBad
907,18,12996.739999999994,4,865.2599999999998,swap,improve
908,18,13350.339999999993,4,865.2599999999998,swap,acceptBad
909,18,10931.5,4,865.2599999999998,move,improve
910,18,12420.100000000002,4,865.2599999999998,2opt,acceptBad
911,18,12391.580000000002,4,865.2599999999998,2opt,improve
912,18,11968.200000000003,4,865.2599999999998,move,improve
913,18,11965.160000000002,4,865.2599999999998,swap,improve
914,18,12329.34,4,865.2599999999998,swap,acceptBad
915,18,11928.900000000001,4,865.2599999999998,move,improve
916,18,11833.820000000002,4,865.2599999999998,2opt,improve
917,18,11822.960000000003,4,865.2599999999998,swap,improve
918,18,12358.5,4,865.2599999999998,2opt,acceptBad
919,18,12359.380000000001,4,865.2599999999998,2opt,acceptBad
920,18,12347.800000000005,4,865.2599999999998,swap,improve
921,18,13191.400000000005,4,865.2599999999998,swap,acceptBad
922,18,12478.180000000002,4,865.2599999999998,move,improve
923,18,12478.180000000002,4,865.2599999999998,2opt,notBad
924,18,12864.780000000002,4,865.2599999999998,swap,acceptBad
925,18,18687.34,4,865.2599999999998,2opt,acceptBad
926,18,18027.459999999995,4,865.2599999999998,move,improve
927,18,18520.799999999996,4,865.2599999999998,swap,acceptBad
928,18,18505.719999999998,4,865.2599999999998,move,improve
929,18,18525.44,4,865.2599999999998,swap,acceptBad
930,18,18046.239999999998,4,865.2599999999998,2opt,improve
931,18,18084.579999999994,4,865.2599999999998,swap,acceptBad
932,18,18107.339999999997,4,865.2599999999998,2opt,acceptBad
933,18,18123.3,4,865.2599999999998,2opt,acceptBad
934,18,18108.859999999997,4,865.2599999999998,swap,improve
935,18,16939.960000000003,4,865.2599999999998,move,improve
936,18,15147.839999999995,4,865.2599999999998,move,improve
937,18,14888.539999999997,4,865.2599999999998,move,improve
938,18,15333.799999999997,4,865.2599999999998,swap,acceptBad
939,18,15235.439999999997,4,865.2599999999998,move,improve
940,18,15252.200000000004,4,865.2599999999998,2opt,acceptBad
941,18,15258.920000000006,4,865.2599999999998,swap,acceptBad
942,18,15244.520000000006,4,865.2599999999998,swap,improve
943,18,15233.680000000008,4,865.2599999999998,move,improve
944,18,15233.680000000008,4,865.2599999999998,2opt,notBad
945,18,15215.080000000007,4,865.2599999999998,swap,improve
946,18,15190.000000000007,4,865.2599999999998,move,improve
947,18,14543.820000000003,4,865.2599999999998,move,improve
948,18,14385.860000000004,4,865.2599999999998,2opt,improve
949,18,16498.100000000002,4,865.2599999999998,swap,acceptBad
950,18,14008.04,4,865.2599999999998,move,improve
951,18,14026.000000000002,4,865.2599999999998,swap,acceptBad
952,18,14026.000000000002,4,865.2599999999998,2opt,notBad
953,18,13727.68,4,865.2599999999998,swap,improve
954,18,13764.000000000004,4,865.2599999999998,2opt,acceptBad
955,18,13764.000000000004,4,865.2599999999998,2opt,improve
956,18,13566.960000000005,4,865.2599999999998,move,improve
957,18,11652.52,4,865.2599999999998,move,improve
958,18,9533.099999999991,4,865.2599999999998,2opt,improve
959,18,10457.099999999993,4,865.2599999999998,swap,acceptBad
960,18,10486.459999999992,4,865.2599999999998,swap,acceptBad
961,18,12567.98,4,865.2599999999998,swap,acceptBad
962,18,11945.399999999992,4,865.2599999999998,move,improve
963,18,12770.45999999999,4,865.2599999999998,2opt,acceptBad
964,18,11858.159999999993,4,865.2599999999998,move,improve
965,18,12072.199999999997,4,865.2599999999998,swap,acceptBad
966,18,12114.699999999997,4,865.2599999999998,swap,acceptBad
967,18,12086.299999999994,4,865.2599999999998,2opt,improve
968,18,11960.319999999998,4,865.2599999999998,swap,improve
969,18,11393.659999999998,4,865.2599999999998,move,improve
970,18,11393.659999999998,4,865.2599999999998,move,improve
971,18,9343.639999999998,4,865.2599999999998,swap,improve
972,18,9119.62,4,865.2599999999998,move,improve
973,18,9094.900000000001,4,865.2599999999998,swap,improve
974,18,9064.039999999997,4,865.2599999999998,swap,improve
975,18,9064.039999999997,4,865.2599999999998,2opt,notBad
976,18,9072.199999999997,4,865.2599999999998,swap,acceptBad
977,18,9072.199999999997,4,865.2599999999998,2opt,notBad
978,18,12287.119999999999,4,865.2599999999998,2opt,acceptBad
979,18,11377.799999999994,4,865.2599999999998,swap,improve
980,18,11538.359999999993,4,865.2599999999998,swap,acceptBad
981,18,11146.139999999998,4,865.2599999999998,move,improve
982,18,11980.479999999992,4,865.2599999999998,swap,acceptBad
983,18,12703.459999999995,4,865.2599999999998,2opt,acceptBad
984,18,12688.459999999992,4,865.2599999999998,2opt,improve
985,18,12689.01999999999,4,865.2599999999998,2opt,acceptBad
986,18,12091.679999999991,4,865.2599999999998,move,improve
987,18,13555.399999999994,4,865.2599999999998,swap,acceptBad
988,18,15630.599999999999,4,865.2599999999998,swap,acceptBad
989,18,15196.18,4,865.2599999999998,2opt,improve
990,18,16643.300000000003,4,865.2599999999998,swap,acceptBad
991,18,16636.620000000003,4,865.2599999999998,2opt,improve
992,18,16258.420000000006,4,865.2599999999998,swap,improve
993,18,16218.780000000006,4,865.2599999999998,swap,improve
994,18,16205.940000000006,4,865.2599999999998,swap,improve
995,18,16152.200000000004,4,865.2599999999998,2opt,improve
996,18,15674.680000000008,4,865.2599999999998,move,improve
997,18,16143.400000000012,4,865.2599999999998,2opt,acceptBad
998,18,16101.840000000011,4,865.2599999999998,2opt,improve
999,18,16144.080000000013,4,865.2599999999998,swap,acceptBad
1000,18,12734.740000000002,4,865.2599999999998,move,improve
1001,18,12734.740000000002,4,865.2599999999998,move,improve
1002,18,11786.519999999995,4,865.2599999999998,move,improve
1003,18,11786.519999999995,4,865.2599999999998,move,improve
1004,18,11878.859999999997,4,865.2599999999998,swap,acceptBad
1005,18,11878.859999999997,4,865.2599999999998,2opt,notBad
1006,18,12274.099999999995,4,865.2599999999998,2opt,acceptBad
1007,19,17099.36,4,865.2599999999998,2opt,acceptBad
1008,19,16978.839999999993,4,865.2599999999998,move,improve
1009,19,16465.959999999995,4,865.2599999999998,swap,improve
1010,19,14924.039999999999,4,865.2599999999998,move,improve
1011,19,14938.44,4,865.2599999999998,2opt,acceptBad
1012,19,14278.559999999996,4,865.2599999999998,move,improve
1013,19,14274.52,4,865.2599999999998,2opt,improve
1014,19,14635.719999999998,4,865.2599999999998,2opt,acceptBad
1015,19,14303.319999999996,4,865.2599999999998,swap,improve
1016,19,14942.359999999999,4,865.2599999999998,2opt,acceptBad
1017,19,14311.799999999996,4,865.2599999999998,move,improve
1018,19,14295.559999999996,4,865.2599999999998,2opt,improve
1019,19,14312.519999999997,4,865.2599999999998,2opt,acceptBad
1020,19,14357.92,4,865.2599999999998,swap,acceptBad
1021,19,14004.560000000001,4,865.2599999999998,move,improve
1022,19,13992.080000000002,4,865.2599999999998,move,improve
1023,19,13448.480000000003,4,865.2599999999998,move,improve
1024,19,13448.480000000003,4,865.2599999999998,2opt,notBad
1025,19,13448.480000000003,4,865.2599999999998,2opt,notBad
1026,19,13494.28,4,865.2599999999998,2opt,acceptBad
1027,19,13429.56,4,865.2599999999998,move,improve
1028,19,13450.040000000003,4,865.2599999999998,2opt,acceptBad
1029,19,13419.120000000004,4,865.2599999999998,2opt,improve
1030,19,13501.040000000005,4,865.2599999999998,swap,acceptBad
1031,19,13674.04,4,865.2599999999998,swap,acceptBad
1032,19,13639.080000000002,4,865.2599999999998,swap,improve
1033,19,13630.0,4,865.2599999999998,swap,improve
1034,19,13631.52,4,865.2599999999998,swap,acceptBad
1035,19,13631.52,4,865.2599999999998,2opt,notBad
1036,19,14574.079999999994,4,865.2599999999998,2opt,acceptBad
1037,19,14942.23999999999,4,865.2599999999998,swap,acceptBad
1038,19,14920.959999999992,4,865.2599999999998,2opt,improve
1039,19,14898.559999999994,4,865.2599999999998,2opt,improve
1040,19,15430.279999999995,4,865.2599999999998,swap,acceptBad
1041,19,15413.719999999994,4,865.2599999999998,swap,improve
1042,19,17903.799999999996,4,865.2599999999998,2opt,acceptBad
1043,19,17902.039999999994,4,865.2599999999998,swap,improve
1044,19,18384.88,4,865.2599999999998,swap,acceptBad
1045,19,18376.760000000002,4,865.2599999999998,swap,improve
1046,19,18428.520000000008,4,865.2599999999998,2opt,acceptBad
1047,19,17273.760000000006,4,865.2599999999998,move,improve
1048,19,17346.4,4,865.2599999999998,swap,acceptBad
1049,19,17529.4,4,865.2599999999998,swap,acceptBad
1050,19,17767.880000000005,4,865.2599999999998,swap,acceptBad
1051,19,17767.880000000005,4,865.2599999999998,2opt,notBad
1052,19,18846.599999999995,4,865.2599999999998,swap,acceptBad
1053,19,18102.599999999988,4,865.2599999999998,move,improve
1054,19,18149.199999999986,4,865.2599999999998,swap,acceptBad
1055,19,18138.319999999985,4,865.2599999999998,move,improve
1056,19,18136.399999999987,4,865.2599999999998,move,improve
1057,19,18057.479999999985,4,865.2599999999998,swap,improve
1058,19,17917.919999999984,4,865.2599999999998,move,improve
1059,19,17868.359999999993,4,865.2599999999998,2opt,improve
1060,19,17599.28,4,865.2599999999998,2opt,improve
1061,19,17599.28,4,865.2599999999998,2opt,notBad
1062,19,17599.28,4,865.2599999999998,2opt,notBad
1063,19,17599.28,4,865.2599999999998,2opt,notBad
1064,19,17582.879999999997,4,865.2599999999998,2opt,improve
1065,19,17000.84,4,865.2599999999998,move,improve
1066,19,16862.520000000004,4,865.2599999999998,swap,improve
1067,19,16862.520000000004,4,865.2599999999998,2opt,notBad
1068,19,16183.840000000007,4,865.2599999999998,move,improve
1069,19,16173.440000000008,4,865.2599999999998,move,improve
1070,19,15919.679999999991,4,865.2599999999998,2opt,improve
1071,19,15928.160000000003,4,865.2599999999998,2opt,acceptBad
1072,19,15986.600000000017,4,865.2599999999998,swap,acceptBad
1073,19,19728.28000000001,4,865.2599999999998,swap,acceptBad
1074,19,19531.480000000007,4,865.2599999999998,swap,improve
1075,19,19551.920000000006,4,865.2599999999998,2opt,acceptBad
1076,19,17043.840000000004,4,865.2599999999998,move,improve
1077,19,17197.320000000003,4,865.2599999999998,swap,acceptBad
1078,19,17197.320000000003,4,865.2599999999998,2opt,notBad
1079,19,16527.160000000003,4,865.2599999999998,move,improve
1080,19,16527.160000000003,4,865.2599999999998,move,improve
1081,19,15928.640000000007,4,865.2599999999998,move,improve
1082,19,15961.480000000001,4,865.2599999999998,swap,acceptBad
1083,19,15982.400000000001,4,865.2599999999998,2opt,acceptBad
1084,19,16627.079999999998,4,865.2599999999998,swap,acceptBad
1085,19,15950.440000000004,4,865.2599999999998,swap,improve
1086,19,15361.279999999999,4,865.2599999999998,move,improve
1087,19,15565.28,4,865.2599999999998,swap,acceptBad
1088,19,15832.079999999996,4,865.2599999999998,swap,acceptBad
1089,19,15735.079999999993,4,865.2599999999998,move,improve
1090,19,16256.880000000003,4,865.2599999999998,swap,acceptBad
1091,19,16158.279999999997,4,865.2599999999998,move,improve
1092,19,16174.400000000005,4,865.2599999999998,2opt,acceptBad
1093,19,16177.720000000005,4,865.2599999999998,2opt,acceptBad
1094,19,16180.240000000005,4,865.2599999999998,swap,acceptBad
1095,19,15705.160000000005,4,865.2599999999998,move,improve
1096,19,15767.880000000006,4,865.2599999999998,swap,acceptBad
1097,19,16172.200000000004,4,865.2599999999998,swap,acceptBad
1098,19,16082.320000000003,4,865.2599999999998,swap,improve
1099,19,16082.320000000003,4,865.2599999999998,2opt,notBad
1100,19,16518.879999999994,4,865.2599999999998,swap,acceptBad
1101,19,16516.119999999995,4,865.2599999999998,swap,improve
1102,19,16514.599999999995,4,865.2599999999998,move,improve
1103,19,16068.679999999995,4,865.2599999999998,move,improve
1104,19,15808.0,4,865.2599999999998,move,improve
1105,19,15832.279999999999,4,865.2599999999998,swap,acceptBad
1106,19,15851.039999999999,4,865.2599999999998,swap,acceptBad
1107,19,15851.039999999999,4,865.2599999999998,move,improve
1108,19,15861.48,4,865.2599999999998,swap,acceptBad
1109,19,15848.759999999998,4,865.2599999999998,swap,improve
1110,19,15826.279999999999,4,865.2599999999998,swap,improve
1111,19,15812.559999999994,4,865.2599999999998,2opt,improve
1112,19,15735.959999999995,4,865.2599999999998,swap,improve
1113,19,16825.07999999999,4,865.2599999999998,swap,acceptBad
1114,19,16516.319999999996,4,865.2599999999998,move,improve
1115,19,17108.08,4,865.2599999999998,swap,acceptBad
1116,19,17166.960000000006,4,865.2599999999998,2opt,acceptBad
1117,19,16621.200000000004,4,865.2599999999998,move,improve
1118,19,16473.440000000006,4,865.2599999999998,move,improve
1119,19,15945.12,4,865.2599999999998,2opt,improve
1120,19,16273.04,4,865.2599999999998,2opt,acceptBad
1121,19,16273.04,4,865.2599999999998,move,improve
1122,19,16273.04,4,865.2599999999998,move,improve
1123,19,16283.2,4,865.2599999999998,2opt,acceptBad
1124,19,16479.32,4,865.2599999999998,swap,acceptBad
1125,19,16479.32,4,865.2599999999998,2opt,notBad
1126,19,16479.32,4,865.2599999999998,move,improve
1127,19,15336.319999999996,4,865.2599999999998,move,improve
1128,19,15255.040000000003,4,865.2599999999998,move,improve
1129,19,15372.200000000003,4,865.2599999999998,swap,acceptBad
1130,19,15400.320000000005,4,865.2599999999998,swap,acceptBad
1131,19,14862.200000000004,4,865.2599999999998,swap,improve
1132,19,14363.480000000003,4,865.2599999999998,move,improve
1133,19,14347.440000000004,4,865.2599999999998,swap,improve
1134,19,13800.960000000006,4,865.2599999999998,2opt,improve
1135,19,18003.35999999999,4,865.2599999999998,swap,acceptBad
1136,19,18009.799999999992,4,865.2599999999998,2opt,acceptBad
1137,19,18359.07999999999,4,865.2599999999998,swap,acceptBad
1138,19,18906.600000000006,4,865.2599999999998,2opt,acceptBad
1139,19,18925.8,4,865.2599999999998,swap,acceptBad
1140,19,18861.24,4,865.2599999999998,move,improve
1141,19,18695.559999999998,4,865.2599999999998,swap,improve
1142,19,16504.600000000002,4,865.2599999999998,move,improve
1143,19,16176.039999999995,4,865.2599999999998,swap,improve
1144,19,16147.119999999992,4,865.2599999999998,swap,improve
1145,19,16687.0,4,865.2599999999998,2opt,acceptBad
1146,19,16370.760000000002,4,865.2599999999998,swap,improve
1147,19,16320.68,4,865.2599999999998,swap,improve
1148,19,15194.000000000002,4,865.2599999999998,move,improve
1149,19,14675.560000000005,4,865.2599999999998,move,improve
1150,19,14245.400000000001,4,865.2599999999998,move,improve
1151,19,14131.599999999995,4,865.2599999999998,2opt,improve
1152,19,13051.959999999992,4,865.2599999999998,move,improve
1153,19,12486.799999999996,4,865.2599999999998,move,improve
1154,19,12543.279999999995,4,865.2599999999998,swap,acceptBad
1155,19,12232.2,4,865.2599999999998,move,improve
1156,19,12481.239999999998,4,865.2599999999998,2opt,acceptBad
1157,19,12468.959999999997,4,865.2599999999998,move,improve
1158,19,12467.559999999998,4,865.2599999999998,move,improve
1159,19,12467.559999999998,4,865.2599999999998,2opt,notBad
1160,19,12467.559999999998,4,865.2599999999998,move,improve
1161,19,12467.439999999999,4,865.2599999999998,move,improve
1162,19,12462.359999999999,4,865.2599999999998,move,improve
1163,19,12462.359999999999,4,865.2599999999998,move,improve
1164,19,12332.279999999997,4,865.2599999999998,swap,improve
1165,19,12332.279999999997,4,865.2599999999998,2opt,notBad
1166,19,12323.119999999994,4,865.2599999999998,2opt,improve
1167,19,14667.599999999995,4,865.2599999999998,swap,acceptBad
1168,19,14668.079999999994,4,865.2599999999998,swap,acceptBad
1169,19,14748.32,4,865.2599999999998,swap,acceptBad
1170,19,14748.32,4,865.2599999999998,move,improve
1171,19,14747.599999999999,4,865.2599999999998,2opt,improve
1172,19,14130.679999999998,4,865.2599999999998,move,improve
1173,19,14141.999999999998,4,865.2599999999998,swap,acceptBad
1174,19,14143.399999999994,4,865.2599999999998,2opt,acceptBad
1175,19,14751.199999999997,4,865.2599999999998,swap,acceptBad
1176,19,14751.199999999997,4,865.2599999999998,2opt,notBad
1177,19,15127.320000000003,4,865.2599999999998,swap,acceptBad
1178,19,15127.320000000003,4,865.2599999999998,move,improve
1179,19,16250.120000000012,4,865.2599999999998,2opt,acceptBad
1180,19,16250.120000000012,4,865.2599999999998,2opt,notBad
1181,19,14271.760000000002,4,865.2599999999998,move,improve
1182,19,14271.760000000002,4,865.2599999999998,2opt,notBad
1183,19,14267.04,4,865.2599999999998,move,improve
1184,19,14267.2,4,865.2599999999998,2opt,acceptBad
1185,19,14847.239999999998,4,865.2599999999998,swap,acceptBad
1186,19,14847.239999999998,4,865.2599999999998,move,improve
1187,19,15113.119999999999,4,865.2599999999998,swap,acceptBad
1188,19,14667.720000000001,4,865.2599999999998,move,improve
1189,19,14689.239999999994,4,865.2599999999998,swap,acceptBad
1190,19,14687.959999999994,4,865.2599999999998,swap,improve
1191,19,14698.879999999997,4,865.2599999999998,2opt,acceptBad
1192,19,14698.879999999997,4,865.2599999999998,2opt,notBad
1193,19,14698.879999999997,4,865.2599999999998,2opt,notBad
1194,19,16528.48,4,865.2599999999998,swap,acceptBad
1195,19,17389.480000000003,4,865.2599999999998,2opt,acceptBad
1196,19,17744.32,4,865.2599999999998,swap,acceptBad
1197,19,17407.560000000005,4,865.2599999999998,move,improve
1198,19,17416.640000000003,4,865.2599999999998,swap,acceptBad
1199,19,18111.4,4,865.2599999999998,2opt,acceptBad
1200,19,18111.4,4,865.2599999999998,move,improve
1201,19,18083.160000000003,4,865.2599999999998,move,improve
1202,19,18081.680000000004,4,865.2599999999998,swap,improve
1203,19,17324.159999999996,4,865.2599999999998,move,improve
1204,19,16703.999999999993,4,865.2599999999998,move,improve
1205,19,16724.31999999999,4,865.2599999999998,swap,acceptBad
1206,19,16736.559999999987,4,865.2599999999998,2opt,acceptBad
1207,19,16736.559999999987,4,865.2599999999998,swap,notBad
1208,19,16736.559999999987,4,865.2599999999998,2opt,improve
1209,19,16736.559999999987,4,865.2599999999998,move,improve
1210,19,16484.479999999996,4,865.2599999999998,move,improve
1211,19,16466.279999999995,4,865.2599999999998,swap,improve
1212,19,16606.999999999996,4,865.2599999999998,swap,acceptBad
1213,19,16532.64,4,865.2599999999998,move,improve
1214,19,16493.439999999995,4,865.2599999999998,2opt,improve
1215,19,15995.479999999998,4,865.2599999999998,swap,improve
1216,19,15985.279999999992,4,865.2599999999998,2opt,improve
1217,19,16249.719999999998,4,865.2599999999998,swap,acceptBad
1218,19,16250.559999999998,4,865.2599999999998,swap,acceptBad
1219,19,16249.640000000007,4,865.2599999999998,2opt,improve
1220,19,16437.44000000001,4,865.2599999999998,2opt,acceptBad
1221,19,15864.840000000006,4,865.2599999999998,move,improve
1222,19,17734.64,4,865.2599999999998,swap,acceptBad
1223,19,17361.800000000007,4,865.2599999999998,2opt,improve
1224,19,17581.160000000003,4,865.2599999999998,swap,acceptBad
1225,19,17578.28,4,865.2599999999998,2opt,improve
1226,19,17122.92,4,865.2599999999998,move,improve
1227,19,17119.199999999997,4,865.2599999999998,2opt,improve
1228,19,17131.08,4,865.2599999999998,2opt,acceptBad
1229,19,17097.280000000006,4,865.2599999999998,swap,improve
1230,19,16777.44000000001,4,865.2599999999998,move,improve
1231,19,16388.320000000007,4,865.2599999999998,move,improve
1232,19,16379.440000000006,4,865.2599999999998,move,improve
1233,19,16458.59999999999,4,865.2599999999998,2opt,acceptBad
1234,19,15695.079999999989,4,865.2599999999998,move,improve
1235,19,15695.079999999989,4,865.2599999999998,move,improve
1236,19,15646.439999999988,4,865.2599999999998,swap,improve
1237,19,17631.0,4,865.2599999999998,2opt,acceptBad
1238,19,17630.12,4,865.2599999999998,swap,improve
1239,19,17611.519999999997,4,865.2599999999998,move,improve
1240,19,17513.92,4,865.2599999999998,move,improve
1241,19,16855.440000000002,4,865.2599999999998,move,improve
1242,19,19274.4,4,865.2599999999998,swap,acceptBad
1243,19,18637.079999999998,4,865.2599999999998,move,improve
1244,19,18647.999999999996,4,865.2599999999998,swap,acceptBad
1245,19,18641.239999999998,4,865.2599999999998,2opt,improve
1246,19,18641.96,4,865.2599999999998,swap,acceptBad
1247,19,18645.399999999998,4,865.2599999999998,2opt,acceptBad
1248,19,18645.399999999998,4,865.2599999999998,2opt,notBad
1249,19,18598.959999999992,4,865.2599999999998,move,improve
1250,19,18598.959999999992,4,865.2599999999998,2opt,notBad
1251,19,18081.19999999999,4,865.2599999999998,move,improve
1252,19,18459.71999999999,4,865.2599999999998,swap,acceptBad
1253,19,18493.679999999993,4,865.2599999999998,swap,acceptBad
1254,19,17697.559999999994,4,865.2599999999998,move,improve
1255,19,17692.119999999995,4,865.2599999999998,move,improve
1256,19,19095.55999999998,4,865.2599999999998,2opt,acceptBad
1257,19,19235.07999999998,4,865.2599999999998,2opt,acceptBad
1258,19,20218.15999999999,4,865.2599999999998,2opt,acceptBad
1259,19,19259.679999999986,4,865.2599999999998,move,improve
1260,19,19259.679999999986,4,865.2599999999998,2opt,notBad
1261,19,17617.95999999999,4,865.2599999999998,move,improve
1262,19,17626.27999999999,4,865.2599999999998,swap,acceptBad
1263,19,17642.599999999984,4,865.2599999999998,2opt,acceptBad
1264,19,19758.399999999983,4,865.2599999999998,swap,acceptBad
1265,19,19683.99999999998,4,865.2599999999998,swap,improve
1266,19,19718.879999999994,4,865.2599999999998,swap,acceptBad
1267,19,18418.479999999996,4,865.2599999999998,move,improve
1268,19,18418.479999999996,4,865.2599999999998,move,improve
1269,19,17473.76,4,865.2599999999998,swap,improve
1270,19,16486.28,4,865.2599999999998,swap,improve
1271,19,15622.56,4,865.2599999999998,move,improve
1272,19,15622.56,4,865.2599999999998,2opt,notBad
1273,19,15692.080000000004,4,865.2599999999998,2opt,acceptBad
1274,19,15704.280000000004,4,865.2599999999998,swap,acceptBad
1275,19,15641.360000000002,4,865.2599999999998,swap,improve
1276,19,15684.040000000005,4,865.2599999999998,2opt,acceptBad
1277,19,15691.160000000009,4,865.2599999999998,2opt,acceptBad
1278,19,16717.60000000001,4,865.2599999999998,swap,acceptBad
1279,19,16082.600000000015,4,865.2599999999998,move,improve
1280,19,15176.840000000013,4,865.2599999999998,move,improve
1281,19,14892.800000000008,4,865.2599999999998,move,improve
1282,19,14889.44000000001,4,865.2599999999998,2opt,improve
1283,19,14290.560000000005,4,865.2599999999998,move,improve
1284,19,14216.120000000003,4,865.2599999999998,2opt,improve
1285,19,13998.960000000003,4,865.2599999999998,swap,improve
1286,19,13998.960000000003,4,865.2599999999998,2opt,notBad
1287,19,13998.960000000003,4,865.2599999999998,move,improve
1288,19,13990.880000000003,4,865.2599999999998,2opt,improve
1289,19,15415.400000000001,4,865.2599999999998,swap,acceptBad
1290,19,15458.599999999999,4,865.2599999999998,swap,acceptBad
1291,19,15455.56,4,865.2599999999998,swap,improve
1292,19,15070.200000000003,4,865.2599999999998,2opt,improve
1293,19,15098.160000000002,4,865.2599999999998,swap,acceptBad
1294,19,15098.160000000002,4,865.2599999999998,2opt,notBad
1295,19,14941.359999999999,4,865.2599999999998,move,improve
1296,19,14941.839999999998,4,865.2599999999998,2opt,acceptBad
1297,19,14317.96,4,865.2599999999998,move,improve
1298,19,13602.12,4,865.2599999999998,move,improve
1299,19,14748.759999999998,4,865.2599999999998,2opt,acceptBad
1300,19,14730.039999999997,4,865.2599999999998,swap,improve
1301,19,15677.840000000006,4,865.2599999999998,2opt,acceptBad
1302,19,15741.440000000008,4,865.2599999999998,swap,acceptBad
1303,19,15727.760000000007,4,865.2599999999998,move,improve
1304,19,15686.440000000008,4,865.2599999999998,swap,improve
1305,19,15875.600000000006,4,865.2599999999998,swap,acceptBad
1306,19,15875.600000000006,4,865.2599999999998,2opt,notBad
1307,19,15016.000000000004,4,865.2599999999998,move,improve
1308,19,15016.000000000004,4,865.2599999999998,move,improve
1309,19,13786.080000000005,4,865.2599999999998,move,improve
1310,19,17501.600000000006,4,865.2599999999998,swap,acceptBad
1311,19,17501.600000000006,4,865.2599999999998,move,improve
1312,19,19413.320000000007,4,865.2599999999998,swap,acceptBad
1313,19,18514.08000000001,4,865.2599999999998,move,improve
1314,19,18458.04,4,865.2599999999998,move,improve
1315,19,18472.52,4,865.2599999999998,swap,acceptBad
1316,19,19587.039999999997,4,865.2599999999998,swap,acceptBad
1317,19,19527.68,4,865.2599999999998,move,improve
1318,19,16788.120000000003,4,865.2599999999998,move,improve
1319,19,17240.48,4,865.2599999999998,swap,acceptBad
1320,19,17096.8,4,865.2599999999998,swap,improve
1321,19,16458.32,4,865.2599999999998,2opt,improve
1322,19,16453.16,4,865.2599999999998,move,improve
1323,19,15866.640000000001,4,865.2599999999998,move,improve
1324,19,15866.84,4,865.2599999999998,swap,acceptBad
1325,19,15866.84,4,865.2599999999998,2opt,notBad
1326,19,15866.04,4,865.2599999999998,2opt,improve
1327,19,15812.840000000002,4,865.2599999999998,swap,improve
1328,19,15812.840000000002,4,865.2599999999998,2opt,notBad
1329,19,15578.360000000004,4,865.2599999999998,move,improve
1330,19,15557.360000000002,4,865.2599999999998,swap,improve
1331,19,14414.52,4,865.2599999999998,2opt,improve
1332,19,14419.720000000001,4,865.2599999999998,swap,acceptBad
1333,19,15084.599999999997,4,865.2599999999998,swap,acceptBad
1334,19,15098.119999999997,4,865.2599999999998,swap,acceptBad
1335,19,15083.559999999998,4,865.2599999999998,swap,improve
1336,19,14494.72,4,865.2599999999998,move,improve
1337,19,14098.72,4,865.2599999999998,move,improve
1338,19,14110.8,4,865.2599999999998,2opt,acceptBad
1339,19,14110.8,4,865.2599999999998,move,improve
1340,19,13997.240000000002,4,865.2599999999998,2opt,improve
1341,19,13997.240000000002,4,865.2599999999998,2opt,notBad
1342,19,13997.240000000002,4,865.2599999999998,move,improve
1343,19,13997.240000000002,4,865.2599999999998,2opt,notBad
1344,19,14020.000000000002,4,865.2599999999998,swap,acceptBad
1345,19,12764.24,4,865.2599999999998,move,improve
1346,19,11799.199999999997,4,865.2599999999998,2opt,improve
1347,19,11812.119999999997,4,865.2599999999998,swap,acceptBad
1348,19,11812.119999999997,4,865.2599999999998,2opt,notBad
1349,19,11904.719999999998,4,865.2599999999998,swap,acceptBad
1350,19,12565.079999999994,4,865.2599999999998,swap,acceptBad
1351,19,12455.759999999995,4,865.2599999999998,swap,improve
1352,19,11299.079999999998,4,865.2599999999998,move,improve
1353,19,11280.999999999993,4,865.2599999999998,2opt,improve
1354,19,11268.119999999992,4,865.2599999999998,2opt,improve
1355,19,10386.8,4,865.2599999999998,move,improve
1356,19,10348.679999999997,4,865.2599999999998,swap,improve
1357,19,10345.279999999997,4,865.2599999999998,move,improve
1358,19,10333.759999999997,4,865.2599999999998,move,improve
1359,19,10816.039999999995,4,865.2599999999998,2opt,acceptBad
1360,18,9510.319999999994,4,865.2599999999998,move,improve
1361,18,9047.719999999996,4,865.2599999999998,move,improve
1362,18,9047.719999999996,4,865.2599999999998,2opt,notBad
1363,18,8652.919999999995,4,865.2599999999998,move,improve
1364,18,8373.339999999995,4,865.2599999999998,move,improve
1365,18,8128.079999999997,4,865.2599999999998,move,improve
1366,18,7293.179999999998,4,865.2599999999998,move,improve
1367,18,7292.619999999997,4,865.2599999999998,move,improve
1368,18,8682.479999999998,4,865.2599999999998,swap,acceptBad
1369,18,10041.539999999995,4,865.2599999999998,swap,acceptBad
1370,18,10073.919999999998,4,865.2599999999998,swap,acceptBad
1371,18,10057.960000000003,4,865.2599999999998,2opt,improve
1372,18,10063.539999999999,4,865.2599999999998,2opt,acceptBad
1373,18,10449.24,4,865.2599999999998,swap,acceptBad
1374,18,10090.78,4,865.2599999999998,move,improve
1375,18,9658.46,4,865.2599999999998,2opt,improve
1376,18,9658.46,4,865.2599999999998,swap,notBad
1377,18,9910.42,4,865.2599999999998,swap,acceptBad
1378,18,9910.42,4,865.2599999999998,2opt,notBad
1379,18,9723.499999999998,4,865.2599999999998,swap,improve
1380,18,10450.599999999997,4,865.2599999999998,swap,acceptBad
1381,18,10900.320000000002,4,865.2599999999998,2opt,acceptBad
1382,18,10735.480000000001,4,865.2599999999998,move,improve
1383,18,10100.260000000004,4,865.2599999999998,move,improve
1384,18,9251.32,4,865.2599999999998,move,improve
1385,18,8815.119999999999,4,865.2599999999998,move,improve
1386,18,8821.52,4,865.2599999999998,swap,acceptBad
1387,18,8821.52,4,865.2599999999998,2opt,notBad
1388,18,8821.52,4,865.2599999999998,move,improve
1389,18,8570.240000000002,4,865.2599999999998,swap,improve
1390,18,9096.059999999994,4,865.2599999999998,2opt,acceptBad
1391,18,9056.699999999993,4,865.2599999999998,2opt,improve
1392,18,9094.539999999995,4,865.2599999999998,swap,acceptBad
1393,18,9094.539999999995,4,865.2599999999998,2opt,notBad
1394,18,9005.019999999993,4,865.2599999999998,move,improve
1395,18,9000.459999999994,4,865.2599999999998,swap,improve
1396,18,8294.859999999993,4,865.2599999999998,move,improve
1397,18,8313.619999999992,4,865.2599999999998,swap,acceptBad
1398,18,8300.339999999993,4,865.2599999999998,swap,improve
1399,18,7920.579999999996,4,865.2599999999998,move,improve
1400,18,7920.579999999996,4,865.2599999999998,2opt,notBad
1401,18,7799.359999999999,4,865.2599999999998,swap,improve
1402,18,7843.219999999999,4,865.2599999999998,swap,acceptBad
1403,18,7843.219999999999,4,865.2599999999998,2opt,notBad
1404,18,7843.219999999999,4,865.2599999999998,2opt,improve
1405,18,8208.96,4,865.2599999999998,swap,acceptBad
1406,18,8155.9400000000005,4,865.2599999999998,swap,improve
1407,18,8155.9400000000005,4,865.2599999999998,swap,notBad
1408,18,8155.9400000000005,4,865.2599999999998,2opt,notBad
1409,18,8155.9400000000005,4,865.2599999999998,swap,notBad
1410,18,8155.9400000000005,4,865.2599999999998,swap,notBad
1411,18,8138.02,4,865.2599999999998,move,improve
1412,18,8432.879999999997,4,865.2599999999998,2opt,acceptBad
1413,18,8095.0599999999995,4,865.2599999999998,2opt,improve
1414,18,8095.0599999999995,4,865.2599999999998,2opt,notBad
1415,18,8108.879999999998,4,865.2599999999998,2opt,acceptBad
1416,18,8097.199999999999,4,865.2599999999998,move,improve
1417,18,8097.199999999999,4,865.2599999999998,2opt,notBad
1418,18,8426.5,4,865.2599999999998,swap,acceptBad
1419,18,7938.28,4,865.2599999999998,move,improve
1420,18,7857.640000000001,4,865.2599999999998,swap,improve
1421,18,7828.080000000002,4,865.2599999999998,move,improve
1422,18,7828.080000000002,4,865.2599999999998,swap,notBad
1423,18,7828.080000000002,4,865.2599999999998,2opt,notBad
1424,18,7882.76,4,865.2599999999998,2opt,acceptBad
1425,18,7882.76,4,865.2599999999998,swap,notBad
1426,18,7844.080000000001,4,865.2599999999998,2opt,improve
1427,18,7850.52,4,865.2599999999998,swap,acceptBad
1428,18,7850.52,4,865.2599999999998,2opt,notBad
1429,18,10178.140000000005,4,865.2599999999998,swap,acceptBad
1430,18,10178.940000000008,4,865.2599999999998,2opt,acceptBad
1431,18,9885.340000000006,4,865.2599999999998,swap,improve
1432,18,9908.380000000005,4,865.2599999999998,swap,acceptBad
1433,18,8835.820000000003,4,865.2599999999998,move,improve
1434,18,9080.200000000003,4,865.2599999999998,swap,acceptBad
1435,18,9063.34,4,865.2599999999998,move,improve
1436,18,9024.699999999999,4,865.2599999999998,swap,improve
1437,18,8503.279999999999,4,865.2599999999998,move,improve
1438,18,8503.279999999999,4,865.2599999999998,2opt,notBad
1439,18,8513.999999999993,4,865.2599999999998,2opt,acceptBad
1440,18,8541.899999999998,4,865.2599999999998,2opt,acceptBad
1441,18,8541.899999999998,4,865.2599999999998,2opt,notBad
1442,18,8388.259999999998,4,865.2599999999998,2opt,improve
1443,18,9470.86,4,865.2599999999998,swap,acceptBad
1444,18,10106.760000000004,4,865.2599999999998,swap,acceptBad
1445,18,8924.800000000003,4,865.2599999999998,move,improve
1446,18,8625.900000000003,4,865.2599999999998,swap,improve
1447,18,7797.56,4,865.2599999999998,move,improve
1448,18,7842.64,4,865.2599999999998,swap,acceptBad
1449,18,7842.64,4,865.2599999999998,2opt,notBad
1450,18,7913.560000000002,4,865.2599999999998,swap,acceptBad
1451,18,7478.54,4,865.2599999999998,move,improve
1452,18,7482.880000000004,4,865.2599999999998,2opt,acceptBad
1453,18,7482.880000000004,4,865.2599999999998,move,improve
1454,18,7376.400000000002,4,865.2599999999998,move,improve
1455,18,7420.280000000002,4,865.2599999999998,swap,acceptBad
1456,18,7112.22,4,865.2599999999998,move,improve
1457,18,6836.32,4,865.2599999999998,2opt,improve
1458,18,6836.32,4,865.2599999999998,move,improve
1459,18,6632.94,4,865.2599999999998,move,improve
1460,18,7387.88,4,865.2599999999998,2opt,acceptBad
1461,18,9000.079999999998,4,865.2599999999998,swap,acceptBad
1462,18,9346.5,4,865.2599999999998,swap,acceptBad
1463,18,9315.860000000004,4,865.2599999999998,2opt,improve
1464,18,9315.860000000004,4,865.2599999999998,2opt,notBad
1465,18,9344.900000000005,4,865.2599999999998,swap,acceptBad
1466,18,9347.100000000006,4,865.2599999999998,swap,acceptBad
1467,18,8633.500000000004,4,865.2599999999998,move,improve
1468,18,8636.700000000003,4,865.2599999999998,swap,acceptBad
1469,18,8245.860000000004,4,865.2599999999998,move,improve
1470,18,8243.060000000001,4,865.2599999999998,swap,improve
1471,18,8243.060000000001,4,865.2599999999998,2opt,notBad
1472,18,8243.060000000001,4,865.2599999999998,2opt,notBad
1473,18,8246.7,4,865.2599999999998,swap,acceptBad
1474,18,8089.16,4,865.2599999999998,move,improve
1475,18,7765.64,4,865.2599999999998,move,improve
1476,17,6604.159999999999,4,865.2599999999998,move,improve
1477,17,6604.159999999999,4,865.2599999999998,move,improve
1478,17,6554.359999999998,4,865.2599999999998,swap,improve
1479,17,6593.719999999996,4,865.2599999999998,2opt,acceptBad
1480,17,6727.399999999998,4,865.2599999999998,swap,acceptBad
1481,17,7052.119999999995,4,865.2599999999998,swap,acceptBad
1482,17,7037.239999999995,4,865.2599999999998,move,improve
1483,17,7037.399999999995,4,865.2599999999998,swap,acceptBad
1484,17,7030.159999999997,4,865.2599999999998,2opt,improve
1485,17,6888.839999999997,4,865.2599999999998,move,improve
1486,17,6510.479999999996,4,865.2599999999998,move,improve
1487,17,6531.359999999995,4,865.2599999999998,swap,acceptBad
1488,17,6531.359999999995,4,865.2599999999998,2opt,notBad
1489,17,6542.999999999999,4,865.2599999999998,2opt,acceptBad
1490,17,6526.5199999999995,4,865.2599999999998,2opt,improve
1491,17,6526.5199999999995,4,865.2599999999998,2opt,notBad
1492,17,6295.84,4,865.2599999999998,move,improve
1493,17,6295.84,4,865.2599999999998,move,improve
1494,17,6295.84,4,865.2599999999998,2opt,notBad
1495,17,6295.84,4,865.2599999999998,2opt,notBad
1496,17,6295.84,4,865.2599999999998,move,improve
1497,17,6295.84,4,865.2599999999998,2opt,notBad
1498,17,6016.7199999999975,4,865.2599999999998,move,improve
1499,17,6013.119999999995,4,865.2599999999998,2opt,improve
1500,17,6013.119999999995,4,865.2599999999998,2opt,notBad
1501,17,6001.479999999996,4,865.2599999999998,2opt,improve
1502,17,5743.159999999994,4,865.2599999999998,move,improve
1503,17,5722.719999999995,4,865.2599999999998,move,improve
1504,17,6196.519999999997,4,865.2599999999998,swap,acceptBad
1505,17,6196.519999999997,4,865.2599999999998,2opt,notBad
1506,17,6196.919999999996,4,865.2599999999998,2opt,acceptBad
1507,17,6196.919999999996,4,865.2599999999998,2opt,notBad
1508,17,6195.279999999996,4,865.2599999999998,swap,improve
1509,17,6195.279999999996,4,865.2599999999998,2opt,notBad
1510,17,5734.359999999997,4,865.2599999999998,move,improve
1511,17,5736.039999999997,4,865.2599999999998,2opt,acceptBad
1512,17,5731.839999999997,4,865.2599999999998,move,improve
1513,17,5731.839999999997,4,865.2599999999998,2opt,improve
1514,17,5724.519999999998,4,865.2599999999998,swap,improve
1515,17,5525.92,4,865.2599999999998,move,improve
1516,17,5530.879999999999,4,865.2599999999998,swap,acceptBad
1517,17,5530.879999999999,4,865.2599999999998,2opt,notBad
1518,17,5587.5199999999995,4,865.2599999999998,swap,acceptBad
1519,17,5395.639999999999,4,865.2599999999998,move,improve
1520,17,5322.679999999997,4,865.2599999999998,move,improve
1521,17,5322.679999999997,4,865.2599999999998,move,improve
1522,17,5322.679999999997,4,865.2599999999998,2opt,notBad
1523,17,5301.76,4,865.2599999999998,swap,improve
1524,17,5301.76,4,865.2599999999998,move,improve
1525,17,5301.76,4,865.2599999999998,2opt,notBad
1526,17,5287.88,4,865.2599999999998,move,improve
1527,17,5275.240000000002,4,865.2599999999998,move,improve
1528,17,5383.000000000001,4,865.2599999999998,2opt,acceptBad
1529,17,5161.160000000001,4,865.2599999999998,move,improve
1530,17,5161.160000000001,4,865.2599999999998,2opt,notBad
1531,17,5141.360000000001,4,865.2599999999998,2opt,improve
1532,17,4913.439999999999,4,865.2599999999998,move,improve
1533,17,4913.439999999999,4,865.2599999999998,2opt,notBad
1534,17,4913.439999999999,4,865.2599999999998,2opt,notBad
1535,17,4932.72,4,865.2599999999998,swap,acceptBad
1536,17,4841.680000000001,4,865.2599999999998,move,improve
1537,17,4886.4000000000015,4,865.2599999999998,swap,acceptBad
1538,17,4886.4000000000015,4,865.2599999999998,move,improve
1539,17,4860.240000000002,4,865.2599999999998,2opt,improve
1540,17,4860.240000000002,4,865.2599999999998,move,improve
1541,17,4860.240000000002,4,865.2599999999998,2opt,notBad
1542,17,4860.240000000002,4,865.2599999999998,2opt,notBad
1543,17,5825.68,4,865.2599999999998,swap,acceptBad
1544,17,5825.68,4,865.2599999999998,2opt,notBad
1545,17,5812.76,4,865.2599999999998,swap,improve
1546,17,4871.120000000001,4,865.2599999999998,move,improve
1547,17,4900.84,4,865.2599999999998,2opt,acceptBad
1548,17,4920.4400000000005,4,865.2599999999998,swap,acceptBad
1549,17,4920.4400000000005,4,865.2599999999998,2opt,improve
1550,17,4816.32,4,865.2599999999998,move,improve
1551,17,4816.32,4,865.2599999999998,move,improve
1552,17,4816.32,4,865.2599999999998,2opt,notBad
1553,17,4825.68,4,865.2599999999998,swap,acceptBad
1554,17,5597.840000000002,4,865.2599999999998,swap,acceptBad
1555,17,5597.840000000002,4,865.2599999999998,move,improve
1556,17,5660.4800000000005,4,865.2599999999998,swap,acceptBad
1557,17,5657.560000000001,4,865.2599999999998,move,improve
1558,17,5657.560000000001,4,865.2599999999998,move,improve
1559,17,5670.999999999999,4,865.2599999999998,2opt,acceptBad
1560,17,5670.999999999999,4,865.2599999999998,2opt,notBad
1561,17,5996.4000000000015,4,865.2599999999998,swap,acceptBad
1562,17,5996.4000000000015,4,865.2599999999998,2opt,notBad
1563,17,6099.240000000002,4,865.2599999999998,swap,acceptBad
1564,17,5857.120000000001,4,865.2599999999998,move,improve
1565,17,5857.120000000001,4,865.2599999999998,swap,notBad
1566,17,5857.120000000001,4,865.2599999999998,2opt,notBad
1567,17,5469.799999999999,4,865.2599999999998,move,improve
1568,17,5517.36,4,865.2599999999998,swap,acceptBad
1569,17,5188.999999999999,4,865.2599999999998,move,improve
1570,17,5179.159999999999,4,865.2599999999998,swap,improve
1571,17,5381.679999999999,4,865.2599999999998,swap,acceptBad
1572,17,5381.679999999999,4,865.2599999999998,swap,notBad
1573,17,5409.48,4,865.2599999999998,swap,acceptBad
1574,17,5367.599999999999,4,865.2599999999998,move,improve
1575,17,6209.999999999997,4,865.2599999999998,swap,acceptBad
1576,17,6123.399999999998,4,865.2599999999998,swap,improve
1577,17,5659.84,4,865.2599999999998,move,improve
1578,17,5659.84,4,865.2599999999998,move,improve
1579,17,5110.879999999999,4,865.2599999999998,move,improve
1580,17,5280.279999999999,4,865.2599999999998,2opt,acceptBad
1581,17,5280.279999999999,4,865.2599999999998,2opt,notBad
1582,17,5280.279999999999,4,865.2599999999998,2opt,notBad
1583,17,5006.559999999999,4,865.2599999999998,move,improve
1584,17,5006.559999999999,4,865.2599999999998,2opt,notBad
1585,17,5006.559999999999,4,865.2599999999998,move,improve
1586,17,5007.879999999999,4,865.2599999999998,swap,acceptBad
1587,17,4792.599999999999,4,865.2599999999998,move,improve
1588,17,4792.599999999999,4,865.2599999999998,move,improve
1589,17,4792.599999999999,4,865.2599999999998,2opt,notBad
1590,17,4803.36,4,865.2599999999998,2opt,acceptBad
1591,17,4803.36,4,865.2599999999998,move,improve
1592,17,5454.5599999999995,4,865.2599999999998,swap,acceptBad
1593,17,5468.639999999999,4,865.2599999999998,2opt,acceptBad
1594,17,5633.679999999999,4,865.2599999999998,2opt,acceptBad
1595,17,4957.639999999999,4,865.2599999999998,move,improve
1596,17,4850.5599999999995,4,865.2599999999998,move,improve
1597,17,4841.679999999999,4,865.2599999999998,move,improve
1598,17,4841.679999999999,4,865.2599999999998,2opt,notBad
1599,17,4826.16,4,865.2599999999998,move,improve
1600,17,4852.719999999999,4,865.2599999999998,swap,acceptBad
1601,17,4852.719999999999,4,865.2599999999998,2opt,notBad
1602,17,4852.719999999999,4,865.2599999999998,move,improve
1603,17,5136.999999999998,4,865.2599999999998,swap,acceptBad
1604,17,4798.519999999999,4,865.2599999999998,move,improve
1605,17,4839.32,4,865.2599999999998,swap,acceptBad
1606,17,4839.32,4,865.2599999999998,2opt,notBad
1607,17,4859.199999999999,4,865.2599999999998,swap,acceptBad
1608,17,4792.319999999999,4,865.2599999999998,swap,improve
1609,17,4439.919999999999,4,865.2599999999998,move,improve
1610,17,4402.0,4,865.2599999999998,2opt,improve
1611,17,4474.6,4,865.2599999999998,swap,acceptBad
1612,17,4238.159999999999,4,865.2599999999998,move,improve
1613,17,4238.159999999999,4,865.2599999999998,swap,notBad
1614,17,4284.199999999999,4,865.2599999999998,swap,acceptBad
1615,17,4283.5199999999995,4,865.2599999999998,move,improve
1616,17,3969.2799999999984,4,865.2599999999998,move,improve
1617,17,3969.2799999999984,4,865.2599999999998,2opt,notBad
1618,17,3969.2799999999984,4,865.2599999999998,swap,notBad
1619,17,3649.6,4,865.2599999999998,move,improve
1620,17,3353.6399999999994,4,865.2599999999998,move,improve
1621,17,3353.6399999999994,4,865.2599999999998,2opt,notBad
1622,17,3353.6399999999994,4,865.2599999999998,2opt,notBad
1623,17,3353.6399999999994,4,865.2599999999998,swap,notBad
1624,17,3353.6399999999994,4,865.2599999999998,2opt,notBad
1625,17,3154.8399999999992,4,865.2599999999998,move,improve
1626,17,3677.9999999999995,4,865.2599999999998,2opt,acceptBad
1627,17,3677.9999999999995,4,865.2599999999998,2opt,notBad
1628,17,3677.9999999999995,4,865.2599999999998,2opt,notBad
1629,17,3677.48,4,865.2599999999998,move,improve
1630,17,3805.119999999999,4,865.2599999999998,swap,acceptBad
1631,17,3630.919999999999,4,865.2599999999998,2opt,improve
1632,17,3535.159999999998,4,865.2599999999998,move,improve
1633,17,3535.159999999998,4,865.2599999999998,2opt,notBad
1634,17,3535.159999999998,4,865.2599999999998,swap,notBad
1635,17,3327.439999999998,4,865.2599999999998,move,improve
1636,17,3327.439999999998,4,865.2599999999998,move,improve
1637,17,3327.439999999998,4,865.2599999999998,move,improve
1638,17,3327.439999999998,4,865.2599999999998,2opt,notBad
1639,17,3148.72,4,865.2599999999998,move,improve
1640,17,3226.040000000001,4,865.2599999999998,swap,acceptBad
1641,17,4324.720000000001,4,865.2599999999998,swap,acceptBad
1642,17,4344.160000000001,4,865.2599999999998,swap,acceptBad
1643,17,4411.16,4,865.2599999999998,swap,acceptBad
1644,17,4411.16,4,865.2599999999998,move,improve
1645,17,4409.0,4,865.2599999999998,2opt,improve
1646,17,4160.280000000001,4,865.2599999999998,move,improve
1647,17,4160.280000000001,4,865.2599999999998,2opt,notBad
1648,17,4160.280000000001,4,865.2599999999998,move,improve
1649,17,4160.280000000001,4,865.2599999999998,2opt,notBad
1650,17,4901.959999999999,4,865.2599999999998,swap,acceptBad
1651,17,4761.76,4,865.2599999999998,swap,improve
1652,17,4677.800000000001,4,865.2599999999998,move,improve
1653,17,4778.08,4,865.2599999999998,swap,acceptBad
1654,17,4718.799999999998,4,865.2599999999998,swap,improve
1655,17,4726.999999999999,4,865.2599999999998,swap,acceptBad
1656,17,4605.399999999998,4,865.2599999999998,swap,improve
1657,17,4818.519999999998,4,865.2599999999998,swap,acceptBad
1658,17,4818.519999999998,4,865.2599999999998,2opt,notBad
1659,17,4822.559999999998,4,865.2599999999998,2opt,acceptBad
1660,17,4748.6399999999985,4,865.2599999999998,move,improve
1661,17,4748.6399999999985,4,865.2599999999998,2opt,notBad
1662,17,4748.6399999999985,4,865.2599999999998,2opt,notBad
1663,17,4641.800000000001,4,865.2599999999998,2opt,improve
1664,17,4641.800000000001,4,865.2599999999998,2opt,notBad
1665,17,4641.800000000001,4,865.2599999999998,2opt,notBad
1666,17,5059.56,4,865.2599999999998,swap,acceptBad
1667,17,5059.56,4,865.2599999999998,move,improve
1668,17,5059.56,4,865.2599999999998,2opt,notBad
1669,17,5038.760000000002,4,865.2599999999998,2opt,improve
1670,17,4830.719999999999,4,865.2599999999998,swap,improve
1671,17,5006.759999999999,4,865.2599999999998,swap,acceptBad
1672,17,4593.400000000002,4,865.2599999999998,move,improve
1673,17,4836.4000000000015,4,865.2599999999998,swap,acceptBad
1674,17,4431.800000000001,4,865.2599999999998,move,improve
1675,17,4555.039999999999,4,865.2599999999998,swap,acceptBad
1676,17,4555.039999999999,4,865.2599999999998,swap,notBad
1677,17,4555.039999999999,4,865.2599999999998,2opt,notBad
1678,17,4604.16,4,865.2599999999998,swap,acceptBad
1679,17,4760.839999999998,4,865.2599999999998,swap,acceptBad
1680,17,4760.839999999998,4,865.2599999999998,move,improve
1681,17,4768.24,4,865.2599999999998,swap,acceptBad
1682,17,4768.159999999999,4,865.2599999999998,move,improve
1683,17,4455.319999999999,4,865.2599999999998,swap,improve
1684,17,4455.319999999999,4,865.2599999999998,move,improve
1685,17,5291.560000000001,4,865.2599999999998,swap,acceptBad
1686,17,5554.32,4,865.2599999999998,swap,acceptBad
1687,17,5555.240000000002,4,865.2599999999998,2opt,acceptBad
1688,17,5555.240000000002,4,865.2599999999998,swap,notBad
1689,17,5534.68,4,865.2599999999998,move,improve
1690,17,5533.120000000001,4,865.2599999999998,move,improve
1691,17,5533.120000000001,4,865.2599999999998,2opt,notBad
1692,17,5533.120000000001,4,865.2599999999998,2opt,notBad
1693,17,5658.999999999999,4,865.2599999999998,swap,acceptBad
1694,17,5658.999999999999,4,865.2599999999998,move,improve
1695,17,6372.959999999997,4,865.2599999999998,swap,acceptBad
1696,17,6323.160000000001,4,865.2599999999998,2opt,improve
1697,17,6323.160000000001,4,865.2599999999998,2opt,notBad
1698,17,6308.200000000002,4,865.2599999999998,swap,improve
1699,17,6844.159999999999,4,865.2599999999998,swap,acceptBad
1700,17,6812.999999999999,4,865.2599999999998,move,improve
1701,17,6392.4400000000005,4,865.2599999999998,move,improve
1702,17,6392.4400000000005,4,865.2599999999998,move,improve
1703,17,6392.4400000000005,4,865.2599999999998,move,improve
1704,17,6392.4400000000005,4,865.2599999999998,move,improve
1705,17,6392.4400000000005,4,865.2599999999998,2opt,notBad
1706,17,6392.4400000000005,4,865.2599999999998,swap,notBad
1707,17,6384.64,4,865.2599999999998,move,improve
1708,17,6418.68,4,865.2599999999998,2opt,acceptBad
1709,17,6415.16,4,865.2599999999998,swap,improve
1710,17,6525.079999999998,4,865.2599999999998,swap,acceptBad
1711,17,6525.079999999998,4,865.2599999999998,2opt,notBad
1712,17,6011.319999999999,4,865.2599999999998,move,improve
1713,17,5992.639999999999,4,865.2599999999998,move,improve
1714,17,5992.639999999999,4,865.2599999999998,2opt,notBad
1715,17,5603.5199999999995,4,865.2599999999998,move,improve
1716,17,5603.5199999999995,4,865.2599999999998,move,improve
1717,17,5603.5199999999995,4,865.2599999999998,move,improve
1718,17,5610.200000000002,4,865.2599999999998,2opt,acceptBad
1719,17,5610.200000000002,4,865.2599999999998,move,improve
1720,17,5614.719999999999,4,865.2599999999998,2opt,acceptBad
1721,17,5614.719999999999,4,865.2599999999998,2opt,notBad
1722,17,5616.759999999998,4,865.2599999999998,2opt,acceptBad
1723,17,5728.839999999996,4,865.2599999999998,swap,acceptBad
1724,17,5728.839999999996,4,865.2599999999998,2opt,notBad
1725,17,5723.6,4,865.2599999999998,2opt,improve
1726,17,5723.6,4,865.2599999999998,2opt,notBad
1727,17,5723.6,4,865.2599999999998,swap,notBad
1728,17,5752.08,4,865.2599999999998,swap,acceptBad
1729,17,5752.08,4,865.2599999999998,swap,notBad
1730,17,5752.08,4,865.2599999999998,2opt,notBad
1731,17,5332.439999999998,4,865.2599999999998,move,improve
1732,17,5332.439999999998,4,865.2599999999998,2opt,notBad
1733,17,5333.519999999998,4,865.2599999999998,swap,acceptBad
1734,17,5334.7599999999975,4,865.2599999999998,swap,acceptBad
1735,17,5334.7599999999975,4,865.2599999999998,2opt,notBad
1736,17,5334.7599999999975,4,865.2599999999998,2opt,notBad
1737,17,5334.7599999999975,4,865.2599999999998,2opt,notBad
1738,17,5777.239999999998,4,865.2599999999998,swap,acceptBad
1739,17,5777.239999999998,4,865.2599999999998,2opt,notBad
1740,17,5524.479999999999,4,865.2599999999998,swap,improve
1741,17,4975.079999999997,4,865.2599999999998,move,improve
1742,17,4975.079999999997,4,865.2599999999998,move,improve
1743,17,4975.5999999999985,4,865.2599999999998,2opt,acceptBad
1744,17,4974.999999999998,4,865.2599999999998,move,improve
1745,17,5669.959999999997,4,865.2599999999998,swap,acceptBad
1746,17,5669.959999999997,4,865.2599999999998,move,improve
1747,17,5707.279999999999,4,865.2599999999998,2opt,acceptBad
1748,17,5707.279999999999,4,865.2599999999998,2opt,notBad
1749,17,4876.119999999999,4,865.2599999999998,move,improve
1750,17,5066.279999999999,4,865.2599999999998,swap,acceptBad
1751,17,5211.879999999999,4,865.2599999999998,2opt,acceptBad
1752,17,4862.52,4,865.2599999999998,move,improve
1753,17,4862.52,4,865.2599999999998,2opt,notBad
1754,17,5149.279999999999,4,865.2599999999998,swap,acceptBad
1755,17,5149.279999999999,4,865.2599999999998,move,improve
1756,17,5149.279999999999,4,865.2599999999998,2opt,notBad
1757,17,5011.16,4,865.2599999999998,swap,improve
1758,17,4909.7199999999975,4,865.2599999999998,move,improve
1759,17,4469.039999999999,4,865.2599999999998,2opt,improve
1760,17,4031.2799999999997,4,865.2599999999998,move,improve
1761,17,3806.08,4,865.2599999999998,move,improve
1762,17,3707.600000000001,4,865.2599999999998,swap,improve
1763,17,3707.600000000001,4,865.2599999999998,2opt,notBad
1764,17,3605.7200000000003,4,865.2599999999998,move,improve
1765,17,3651.6400000000003,4,865.2599999999998,swap,acceptBad
1766,17,3629.5199999999995,4,865.2599999999998,2opt,improve
1767,17,3629.5199999999995,4,865.2599999999998,move,improve
1768,17,3629.5199999999995,4,865.2599999999998,2opt,notBad
1769,17,3610.4400000000005,4,865.2599999999998,move,improve
1770,17,3215.119999999998,4,865.2599999999998,move,improve
1771,17,3227.319999999998,4,865.2599999999998,swap,acceptBad
1772,17,3086.159999999998,4,865.2599999999998,move,improve
1773,17,3086.159999999998,4,865.2599999999998,2opt,notBad
1774,17,3086.159999999998,4,865.2599999999998,2opt,notBad
1775,17,3339.7199999999993,4,865.2599999999998,swap,acceptBad
1776,17,3325.199999999999,4,865.2599999999998,move,improve
1777,17,3857.8799999999983,4,865.2599999999998,swap,acceptBad
1778,17,3978.1599999999994,4,865.2599999999998,swap,acceptBad
1779,17,3978.1599999999994,4,865.2599999999998,2opt,improve
1780,17,4383.959999999999,4,865.2599999999998,swap,acceptBad
1781,17,5146.36,4,865.2599999999998,swap,acceptBad
1782,17,4382.5599999999995,4,865.2599999999998,move,improve
1783,17,4382.5599999999995,4,865.2599999999998,swap,notBad
1784,17,4382.5599999999995,4,865.2599999999998,2opt,notBad
1785,17,4382.5599999999995,4,865.2599999999998,2opt,notBad
1786,17,4351.839999999998,4,865.2599999999998,move,improve
1787,17,4345.039999999999,4,865.2599999999998,swap,improve
1788,17,5060.319999999998,4,865.2599999999998,swap,acceptBad
1789,17,5258.079999999997,4,865.2599999999998,swap,acceptBad
1790,17,5165.879999999996,4,865.2599999999998,move,improve
1791,17,5165.879999999996,4,865.2599999999998,move,improve
1792,17,5165.879999999996,4,865.2599999999998,2opt,notBad
1793,17,5165.879999999996,4,865.2599999999998,2opt,notBad
1794,17,5165.879999999996,4,865.2599999999998,2opt,notBad
1795,17,5165.879999999996,4,865.2599999999998,2opt,notBad
1796,17,5165.879999999996,4,865.2599999999998,2opt,notBad
1797,17,5069.839999999999,4,865.2599999999998,move,improve
1798,17,5069.839999999999,4,865.2599999999998,move,improve
1799,17,5069.839999999999,4,865.2599999999998,2opt,notBad
1800,17,4798.84,4,865.2599999999998,move,improve
1801,17,4445.759999999998,4,865.2599999999998,swap,improve
1802,17,4635.959999999999,4,865.2599999999998,swap,acceptBad
1803,17,4272.239999999999,4,865.2599999999998,move,improve
1804,17,4156.84,4,865.2599999999998,move,improve
1805,17,4033.4799999999996,4,865.2599999999998,move,improve
1806,17,4033.4799999999996,4,865.2599999999998,swap,notBad
1807,17,4266.039999999998,4,865.2599999999998,swap,acceptBad
1808,17,4261.639999999999,4,865.2599999999998,2opt,improve
1809,17,4239.719999999999,4,865.2599999999998,swap,improve
1810,17,4224.2,4,865.2599999999998,swap,improve
1811,17,4224.2,4,865.2599999999998,2opt,notBad
1812,17,4194.599999999999,4,865.2599999999998,move,improve
1813,17,4194.599999999999,4,865.2599999999998,2opt,notBad
1814,17,4487.36,4,865.2599999999998,2opt,acceptBad
1815,17,4480.0,4,865.2599999999998,2opt,improve
1816,17,4472.280000000001,4,865.2599999999998,move,improve
1817,17,4731.320000000001,4,865.2599999999998,swap,acceptBad
1818,17,4731.320000000001,4,865.2599999999998,swap,notBad
1819,17,4859.640000000002,4,865.2599999999998,swap,acceptBad
1820,17,4858.640000000001,4,865.2599999999998,swap,improve
1821,17,5884.68,4,865.2599999999998,swap,acceptBad
1822,17,5668.7999999999965,4,865.2599999999998,swap,improve
1823,17,5668.7999999999965,4,865.2599999999998,2opt,notBad
1824,17,5668.7999999999965,4,865.2599999999998,2opt,notBad
1825,17,5563.799999999997,4,865.2599999999998,swap,improve
1826,17,5766.079999999998,4,865.2599999999998,swap,acceptBad
1827,17,4732.44,4,865.2599999999998,2opt,improve
1828,17,4732.44,4,865.2599999999998,2opt,notBad
1829,17,4732.44,4,865.2599999999998,2opt,notBad
1830,17,4741.08,4,865.2599999999998,swap,acceptBad
1831,17,4683.679999999999,4,865.2599999999998,2opt,improve
1832,17,4375.5999999999985,4,865.2599999999998,move,improve
1833,17,4375.5999999999985,4,865.2599999999998,2opt,notBad
1834,17,4107.719999999999,4,865.2599999999998,move,improve
1835,17,4097.799999999999,4,865.2599999999998,move,improve
1836,17,4097.799999999999,4,865.2599999999998,2opt,notBad
1837,17,3951.16,4,865.2599999999998,swap,improve
1838,17,4062.7999999999993,4,865.2599999999998,swap,acceptBad
1839,17,4064.3599999999997,4,865.2599999999998,2opt,acceptBad
1840,17,3958.119999999998,4,865.2599999999998,move,improve
1841,17,3958.119999999998,4,865.2599999999998,move,improve
1842,17,4098.759999999999,4,865.2599999999998,swap,acceptBad
1843,17,4098.759999999999,4,865.2599999999998,2opt,notBad
1844,17,4098.759999999999,4,865.2599999999998,2opt,notBad
1845,17,4102.4,4,865.2599999999998,swap,acceptBad
1846,17,4102.4,4,865.2599999999998,2opt,notBad
1847,17,4201.6799999999985,4,865.2599999999998,swap,acceptBad
1848,17,4169.759999999998,4,865.2599999999998,move,improve
1849,17,4169.759999999998,4,865.2599999999998,2opt,notBad
1850,17,4169.759999999998,4,865.2599999999998,2opt,notBad
1851,17,4169.759999999998,4,865.2599999999998,2opt,notBad
1852,17,4374.5999999999985,4,865.2599999999998,swap,acceptBad
1853,17,4013.5999999999976,4,865.2599999999998,move,improve
1854,17,4473.559999999998,4,865.2599999999998,swap,acceptBad
1855,17,4473.559999999998,4,865.2599999999998,2opt,notBad
1856,17,4301.759999999998,4,865.2599999999998,move,improve
1857,17,4308.639999999998,4,865.2599999999998,swap,acceptBad
1858,17,4434.839999999997,4,865.2599999999998,swap,acceptBad
1859,17,4347.959999999999,4,865.2599999999998,2opt,improve
1860,17,4347.959999999999,4,865.2599999999998,2opt,notBad
1861,17,4353.8,4,865.2599999999998,2opt,acceptBad
1862,17,4343.039999999999,4,865.2599999999998,2opt,improve
1863,17,4343.039999999999,4,865.2599999999998,swap,notBad
1864,17,4356.599999999999,4,865.2599999999998,swap,acceptBad
1865,17,4356.599999999999,4,865.2599999999998,2opt,notBad
1866,17,4389.359999999999,4,865.2599999999998,swap,acceptBad
1867,17,4314.24,4,865.2599999999998,swap,improve
1868,17,4411.32,4,865.2599999999998,swap,acceptBad
1869,17,4426.6,4,865.2599999999998,swap,acceptBad
1870,17,4426.6,4,865.2599999999998,swap,notBad
1871,17,4178.4400000000005,4,865.2599999999998,2opt,improve
1872,17,4445.16,4,865.2599999999998,swap,acceptBad
1873,17,4445.16,4,865.2599999999998,move,improve
1874,17,4445.16,4,865.2599999999998,2opt,notBad
1875,17,4471.44,4,865.2599999999998,swap,acceptBad
1876,17,4428.280000000002,4,865.2599999999998,move,improve
1877,17,4428.280000000002,4,865.2599999999998,move,improve
1878,17,4873.440000000001,4,865.2599999999998,swap,acceptBad
1879,17,4873.440000000001,4,865.2599999999998,swap,notBad
1880,17,4873.440000000001,4,865.2599999999998,2opt,notBad
1881,17,4873.440000000001,4,865.2599999999998,2opt,notBad
1882,17,4873.440000000001,4,865.2599999999998,move,improve
1883,17,4873.440000000001,4,865.2599999999998,2opt,notBad
1884,17,4943.3600000000015,4,865.2599999999998,swap,acceptBad
1885,17,4943.3600000000015,4,865.2599999999998,2opt,notBad
1886,17,5027.600000000001,4,865.2599999999998,swap,acceptBad
1887,17,5225.200000000001,4,865.2599999999998,swap,acceptBad
1888,17,5197.239999999999,4,865.2599999999998,swap,improve
1889,17,5197.239999999999,4,865.2599999999998,2opt,notBad
1890,17,5204.6,4,865.2599999999998,swap,acceptBad
1891,17,5204.6,4,865.2599999999998,2opt,notBad
1892,17,5204.6,4,865.2599999999998,2opt,notBad
1893,17,5204.6,4,865.2599999999998,move,improve
1894,17,5204.6,4,865.2599999999998,swap,notBad
1895,17,5192.399999999998,4,865.2599999999998,2opt,improve
1896,17,5021.839999999997,4,865.2599999999998,swap,improve
1897,17,5021.839999999997,4,865.2599999999998,2opt,notBad
1898,17,5092.599999999997,4,865.2599999999998,swap,acceptBad
1899,17,5672.839999999997,4,865.2599999999998,swap,acceptBad
1900,17,5213.559999999997,4,865.2599999999998,move,improve
1901,17,5213.559999999997,4,865.2599999999998,2opt,notBad
1902,17,5212.719999999997,4,865.2599999999998,move,improve
1903,17,5568.959999999997,4,865.2599999999998,swap,acceptBad
1904,17,5600.359999999996,4,865.2599999999998,swap,acceptBad
1905,17,4910.399999999998,4,865.2599999999998,swap,improve
1906,17,4910.399999999998,4,865.2599999999998,2opt,improve
1907,17,4923.7199999999975,4,865.2599999999998,swap,acceptBad
1908,17,4157.639999999999,4,865.2599999999998,move,improve
1909,17,3848.8400000000033,4,865.2599999999998,move,improve
1910,17,3863.6799999999994,4,865.2599999999998,2opt,acceptBad
1911,17,3968.2799999999997,4,865.2599999999998,2opt,acceptBad
1912,17,3968.2799999999997,4,865.2599999999998,swap,notBad
1913,17,3978.4,4,865.2599999999998,swap,acceptBad
1914,17,3737.2,4,865.2599999999998,move,improve
1915,17,3605.6799999999994,4,865.2599999999998,move,improve
1916,17,3786.399999999999,4,865.2599999999998,swap,acceptBad
1917,17,3786.399999999999,4,865.2599999999998,move,improve
1918,17,3617.999999999999,4,865.2599999999998,move,improve
1919,17,3612.159999999999,4,865.2599999999998,move,improve
1920,17,3612.159999999999,4,865.2599999999998,2opt,notBad
1921,17,3612.159999999999,4,865.2599999999998,2opt,notBad
1922,17,3612.159999999999,4,865.2599999999998,swap,notBad
1923,17,3612.159999999999,4,865.2599999999998,2opt,notBad
1924,17,3612.159999999999,4,865.2599999999998,move,improve
1925,17,3611.239999999999,4,865.2599999999998,swap,improve
1926,17,3907.5199999999995,4,865.2599999999998,swap,acceptBad
1927,17,3900.2799999999993,4,865.2599999999998,move,improve
1928,17,3877.04,4,865.2599999999998,move,improve
1929,17,3876.9199999999996,4,865.2599999999998,move,improve
1930,17,3876.9199999999996,4,865.2599999999998,swap,notBad
1931,17,3481.959999999997,4,865.2599999999998,move,improve
1932,17,3481.959999999997,4,865.2599999999998,move,improve
1933,17,3579.4799999999987,4,865.2599999999998,swap,acceptBad
1934,17,3579.4799999999987,4,865.2599999999998,move,improve
1935,17,3515.959999999998,4,865.2599999999998,move,improve
1936,17,3529.359999999998,4,865.2599999999998,swap,acceptBad
1937,17,3528.5599999999986,4,865.2599999999998,move,improve
1938,17,3427.5199999999973,4,865.2599999999998,swap,improve
1939,17,3417.8799999999974,4,865.2599999999998,move,improve
1940,17,3926.639999999998,4,865.2599999999998,swap,acceptBad
1941,17,4219.639999999998,4,865.2599999999998,swap,acceptBad
1942,17,4219.639999999998,4,865.2599999999998,move,improve
1943,17,4207.199999999999,4,865.2599999999998,2opt,improve
1944,17,4187.919999999998,4,865.2599999999998,swap,improve
1945,17,4169.399999999998,4,865.2599999999998,move,improve
1946,17,4167.239999999998,4,865.2599999999998,swap,improve
1947,17,4167.239999999998,4,865.2599999999998,swap,notBad
1948,17,4148.039999999999,4,865.2599999999998,move,improve
1949,17,3604.04,4,865.2599999999998,move,improve
1950,17,3604.04,4,865.2599999999998,move,improve
1951,17,3599.999999999999,4,865.2599999999998,2opt,improve
1952,17,3599.999999999999,4,865.2599999999998,move,notBad
1953,17,3872.8,4,865.2599999999998,swap,acceptBad
1954,17,3872.8,4,865.2599999999998,move,improve
1955,17,3855.6400000000003,4,865.2599999999998,move,improve
1956,17,3855.6400000000003,4,865.2599999999998,2opt,notBad
1957,17,3887.88,4,865.2599999999998,swap,acceptBad
1958,17,4013.3599999999997,4,865.2599999999998,swap,acceptBad
1959,17,3847.4,4,865.2599999999998,move,improve
1960,17,3847.4,4,865.2599999999998,swap,notBad
1961,17,3847.4,4,865.2599999999998,2opt,notBad
1962,17,3839.840000000002,4,865.2599999999998,move,improve
1963,17,3800.4800000000014,4,865.2599999999998,move,improve
1964,17,3769.8400000000024,4,865.2599999999998,move,improve
1965,17,3764.9200000000023,4,865.2599999999998,move,improve
1966,17,3764.9200000000023,4,865.2599999999998,swap,notBad
1967,17,3764.9200000000023,4,865.2599999999998,2opt,notBad
1968,17,3762.0800000000017,4,865.2599999999998,2opt,improve
1969,17,3792.800000000001,4,865.2599999999998,move,acceptBad
1970,17,3792.800000000001,4,865.2599999999998,move,improve
1971,17,3792.800000000001,4,865.2599999999998,2opt,notBad
1972,17,3764.880000000001,4,865.2599999999998,move,improve
1973,17,3520.48,4,865.2599999999998,move,improve
1974,17,3563.24,4,865.2599999999998,swap,acceptBad
1975,17,3798.039999999999,4,865.2599999999998,swap,acceptBad
1976,17,3706.88,4,865.2599999999998,move,improve
1977,17,3793.7999999999993,4,865.2599999999998,2opt,acceptBad
1978,17,3793.7999999999993,4,865.2599999999998,2opt,notBad
1979,17,3793.7999999999993,4,865.2599999999998,swap,notBad
1980,17,3793.7999999999993,4,865.2599999999998,2opt,notBad
1981,17,3793.7999999999993,4,865.2599999999998,move,improve
1982,17,3793.7999999999993,4,865.2599999999998,2opt,notBad
1983,17,3793.7999999999993,4,865.2599999999998,2opt,notBad
1984,17,3782.7999999999993,4,865.2599999999998,swap,improve
1985,17,3611.839999999999,4,865.2599999999998,move,improve
1986,17,3611.839999999999,4,865.2599999999998,swap,notBad
1987,17,3611.839999999999,4,865.2599999999998,move,improve
1988,17,3405.919999999999,4,865.2599999999998,2opt,improve
1989,17,3405.919999999999,4,865.2599999999998,2opt,notBad
1990,17,3408.9200000000005,4,865.2599999999998,2opt,acceptBad
1991,17,3408.9200000000005,4,865.2599999999998,2opt,notBad
1992,17,3408.9200000000005,4,865.2599999999998,move,improve
1993,17,3460.3199999999993,4,865.2599999999998,2opt,acceptBad
1994,17,3444.879999999999,4,865.2599999999998,move,improve
1995,17,3433.359999999999,4,865.2599999999998,move,improve
1996,17,3419.2,4,865.2599999999998,move,improve
1997,17,3416.12,4,865.2599999999998,swap,improve
1998,17,3416.12,4,865.2599999999998,2opt,notBad
1999,17,3438.4000000000005,4,865.2599999999998,2opt,acceptBad
2000,17,3289.319999999999,4,865.2599999999998,move,improve
2001,17,3289.319999999999,4,865.2599999999998,2opt,notBad
2002,17,3289.319999999999,4,865.2599999999998,2opt,notBad
2003,17,3293.2799999999993,4,865.2599999999998,swap,acceptBad
2004,17,3293.2799999999993,4,865.2599999999998,move,improve
2005,17,3351.319999999999,4,865.2599999999998,swap,acceptBad
2006,17,3366.159999999999,4,865.2599999999998,swap,acceptBad
2007,17,3366.159999999999,4,865.2599999999998,2opt,notBad
2008,17,3574.7199999999993,4,865.2599999999998,swap,acceptBad
2009,17,3572.4399999999987,4,865.2599999999998,2opt,improve
2010,17,3572.4399999999987,4,865.2599999999998,move,improve
2011,17,3874.28,4,865.2599999999998,swap,acceptBad
2012,17,3837.52,4,865.2599999999998,move,improve
2013,17,3837.52,4,865.2599999999998,swap,notBad
2014,17,3837.52,4,865.2599999999998,move,improve
2015,17,3609.4399999999996,4,865.2599999999998,move,improve
2016,17,3577.5199999999995,4,865.2599999999998,move,improve
2017,17,3447.1600000000008,4,865.2599999999998,move,improve
2018,17,3447.1600000000008,4,865.2599999999998,move,improve
2019,17,3447.1600000000008,4,865.2599999999998,move,improve
2020,17,3447.1600000000008,4,865.2599999999998,2opt,notBad
2021,17,3447.1600000000008,4,865.2599999999998,2opt,notBad
2022,17,3447.1600000000008,4,865.2599999999998,swap,notBad
2023,17,3397.5600000000004,4,865.2599999999998,move,improve
2024,17,3397.5600000000004,4,865.2599999999998,swap,notBad
2025,17,3397.5600000000004,4,865.2599999999998,swap,notBad
2026,17,3762.48,4,865.2599999999998,swap,acceptBad
2027,17,3232.2799999999997,4,865.2599999999998,move,improve
2028,17,3232.2799999999997,4,865.2599999999998,move,improve
2029,17,3244.8399999999992,4,865.2599999999998,swap,acceptBad
2030,17,3244.8399999999992,4,865.2599999999998,move,improve
2031,17,3244.8399999999992,4,865.2599999999998,2opt,notBad
2032,17,3244.8399999999992,4,865.2599999999998,2opt,notBad
2033,17,3244.8399999999992,4,865.2599999999998,2opt,notBad
2034,17,2991.680000000001,4,865.2599999999998,move,improve
2035,17,2991.680000000001,4,865.2599999999998,swap,notBad
2036,17,3209.4800000000014,4,865.2599999999998,swap,acceptBad
2037,17,3199.0800000000013,4,865.2599999999998,2opt,improve
2038,17,3425.7200000000003,4,865.2599999999998,swap,acceptBad
2039,17,3717.4799999999996,4,865.2599999999998,swap,acceptBad
2040,17,3734.4400000000005,4,865.2599999999998,2opt,acceptBad
2041,17,3734.4400000000005,4,865.2599999999998,2opt,improve
2042,17,3734.4400000000005,4,865.2599999999998,2opt,improve
2043,17,3734.4400000000005,4,865.2599999999998,2opt,notBad
2044,17,3734.4400000000005,4,865.2599999999998,swap,notBad
2045,17,3734.4400000000005,4,865.2599999999998,2opt,notBad
2046,17,3734.4400000000005,4,865.2599999999998,2opt,notBad
2047,17,3740.44,4,865.2599999999998,2opt,acceptBad
2048,17,3740.44,4,865.2599999999998,move,improve
2049,17,3740.44,4,865.2599999999998,swap,notBad
2050,17,3740.44,4,865.2599999999998,swap,notBad
2051,17,3738.52,4,865.2599999999998,move,improve
2052,17,3594.880000000001,4,865.2599999999998,swap,improve
2053,17,3594.880000000001,4,865.2599999999998,2opt,improve
2054,17,3594.880000000001,4,865.2599999999998,swap,notBad
2055,17,3594.880000000001,4,865.2599999999998,2opt,notBad
2056,17,3594.880000000001,4,865.2599999999998,move,improve
2057,17,3445.640000000001,4,865.2599999999998,move,improve
2058,17,3445.640000000001,4,865.2599999999998,2opt,notBad
2059,17,3445.640000000001,4,865.2599999999998,2opt,notBad
2060,17,3410.600000000001,4,865.2599999999998,swap,improve
2061,17,3098.56,4,865.2599999999998,swap,improve
2062,17,3098.56,4,865.2599999999998,swap,notBad
2063,17,3098.56,4,865.2599999999998,2opt,notBad
2064,17,3098.56,4,865.2599999999998,move,improve
2065,17,3153.959999999999,4,865.2599999999998,swap,acceptBad
2066,17,3149.16,4,865.2599999999998,2opt,improve
2067,17,3144.7999999999997,4,865.2599999999998,move,improve
2068,17,3144.7999999999997,4,865.2599999999998,swap,notBad
2069,17,3144.7999999999997,4,865.2599999999998,2opt,notBad
2070,17,3157.319999999999,4,865.2599999999998,swap,acceptBad
2071,17,3051.439999999999,4,865.2599999999998,move,improve
2072,17,3064.4000000000005,4,865.2599999999998,swap,acceptBad
2073,17,3064.4000000000005,4,865.2599999999998,move,improve
2074,17,3064.4000000000005,4,865.2599999999998,2opt,notBad
2075,17,2987.0800000000017,4,865.2599999999998,move,improve
2076,17,2879.200000000001,4,865.2599999999998,swap,improve
2077,17,3045.879999999999,4,865.2599999999998,swap,acceptBad
2078,17,3044.0799999999995,4,865.2599999999998,2opt,improve
2079,17,3044.0799999999995,4,865.2599999999998,2opt,notBad
2080,17,3012.639999999999,4,865.2599999999998,move,improve
2081,17,3012.639999999999,4,865.2599999999998,2opt,notBad
2082,17,3203.8399999999992,4,865.2599999999998,swap,acceptBad
2083,17,3217.8399999999992,4,865.2599999999998,2opt,acceptBad
2084,17,3217.8399999999992,4,865.2599999999998,move,improve
2085,17,3178.64,4,865.2599999999998,swap,improve
2086,17,3145.3199999999997,4,865.2599999999998,move,improve
2087,17,3145.3199999999997,4,865.2599999999998,2opt,notBad
2088,17,3024.7199999999993,4,865.2599999999998,move,improve
2089,17,3024.7199999999993,4,865.2599999999998,move,improve
2090,17,3024.7199999999993,4,865.2599999999998,2opt,notBad
2091,17,3052.039999999999,4,865.2599999999998,swap,acceptBad
2092,17,3052.039999999999,4,865.2599999999998,2opt,notBad
2093,17,2986.7599999999998,4,865.2599999999998,move,improve
2094,17,2776.680000000001,4,865.2599999999998,move,improve
2095,17,2776.680000000001,4,865.2599999999998,swap,notBad
2096,17,2929.12,4,865.2599999999998,swap,acceptBad
2097,17,2981.0400000000004,4,865.2599999999998,swap,acceptBad
2098,17,3116.5600000000013,4,865.2599999999998,swap,acceptBad
2099,17,3116.5600000000013,4,865.2599999999998,2opt,notBad
2100,17,3116.5600000000013,4,865.2599999999998,move,improve
2101,17,3082.92,4,865.2599999999998,move,improve
2102,17,3082.92,4,865.2599999999998,move,improve
2103,17,3082.92,4,865.2599999999998,2opt,notBad
2104,17,3140.2799999999997,4,865.2599999999998,swap,acceptBad
2105,17,3140.2799999999997,4,865.2599999999998,swap,notBad
2106,17,3140.2799999999997,4,865.2599999999998,2opt,notBad
2107,17,3155.6799999999994,4,865.2599999999998,swap,acceptBad
2108,17,3155.6799999999994,4,865.2599999999998,2opt,improve
2109,17,3184.5199999999995,4,865.2599999999998,2opt,acceptBad
2110,17,3232.52,4,865.2599999999998,swap,acceptBad
2111,17,3232.52,4,865.2599999999998,move,improve
2112,17,3433.480000000001,4,865.2599999999998,swap,acceptBad
2113,17,3433.480000000001,4,865.2599999999998,2opt,notBad
2114,17,3433.480000000001,4,865.2599999999998,move,improve
2115,17,3315.2400000000007,4,865.2599999999998,2opt,improve
2116,17,3361.3600000000006,4,865.2599999999998,swap,acceptBad
2117,17,3361.3600000000006,4,865.2599999999998,2opt,notBad
2118,17,3361.3600000000006,4,865.2599999999998,2opt,notBad
2119,17,3361.3600000000006,4,865.2599999999998,move,improve
2120,17,3361.3600000000006,4,865.2599999999998,2opt,notBad
2121,17,3361.3600000000006,4,865.2599999999998,2opt,notBad
2122,17,3350.8400000000006,4,865.2599999999998,move,improve
2123,17,3363.160000000001,4,865.2599999999998,swap,acceptBad
2124,17,3363.160000000001,4,865.2599999999998,swap,notBad
2125,17,3345.920000000001,4,865.2599999999998,swap,improve
2126,17,3345.920000000001,4,865.2599999999998,move,improve
2127,17,3345.920000000001,4,865.2599999999998,2opt,notBad
2128,17,3345.920000000001,4,865.2599999999998,swap,notBad
2129,17,3324.800000000001,4,865.2599999999998,move,improve
2130,17,3324.800000000001,4,865.2599999999998,move,improve
2131,17,3232.7599999999993,4,865.2599999999998,move,improve
2132,17,3232.7599999999993,4,865.2599999999998,2opt,notBad
2133,17,3071.079999999999,4,865.2599999999998,move,improve
2134,17,3071.079999999999,4,865.2599999999998,move,improve
2135,17,3071.079999999999,4,865.2599999999998,2opt,notBad
2136,17,3071.079999999999,4,865.2599999999998,2opt,improve
2137,17,3071.079999999999,4,865.2599999999998,2opt,notBad
2138,17,3014.6399999999994,4,865.2599999999998,move,improve
2139,17,3014.6399999999994,4,865.2599999999998,2opt,notBad
2140,17,2977.839999999999,4,865.2599999999998,swap,improve
2141,17,2977.839999999999,4,865.2599999999998,2opt,notBad
2142,17,2977.839999999999,4,865.2599999999998,2opt,notBad
2143,17,2977.2799999999993,4,865.2599999999998,swap,improve
2144,17,2976.7999999999993,4,865.2599999999998,move,improve
2145,17,2976.7999999999993,4,865.2599999999998,2opt,notBad
2146,17,2976.7999999999993,4,865.2599999999998,2opt,notBad
2147,17,2976.7999999999993,4,865.2599999999998,swap,notBad
2148,17,2976.7999999999993,4,865.2599999999998,move,improve
2149,17,2979.999999999999,4,865.2599999999998,2opt,acceptBad
2150,17,3009.7999999999984,4,865.2599999999998,swap,acceptBad
2151,17,2969.159999999999,4,865.2599999999998,swap,improve
2152,17,2757.719999999999,4,865.2599999999998,swap,improve
2153,17,2688.159999999999,4,865.2599999999998,move,improve
2154,17,2688.159999999999,4,865.2599999999998,move,improve
2155,17,2688.159999999999,4,865.2599999999998,move,improve
2156,17,2688.159999999999,4,865.2599999999998,swap,notBad
2157,17,2692.7599999999993,4,865.2599999999998,swap,acceptBad
2158,17,2715.1199999999994,4,865.2599999999998,2opt,acceptBad
2159,17,2715.1199999999994,4,865.2599999999998,2opt,notBad
2160,17,2703.3199999999997,4,865.2599999999998,move,improve
2161,17,2771.639999999999,4,865.2599999999998,swap,acceptBad
2162,17,3034.6799999999985,4,865.2599999999998,swap,acceptBad
2163,17,2964.8399999999992,4,865.2599999999998,move,improve
2164,17,2964.8399999999992,4,865.2599999999998,swap,notBad
2165,17,2956.319999999999,4,865.2599999999998,move,improve
2166,17,2956.319999999999,4,865.2599999999998,2opt,notBad
2167,17,2956.319999999999,4,865.2599999999998,2opt,notBad
2168,17,2938.1999999999985,4,865.2599999999998,swap,improve
2169,17,2938.1999999999985,4,865.2599999999998,move,improve
2170,17,2938.1999999999985,4,865.2599999999998,2opt,notBad
2171,17,2931.6400000000003,4,865.2599999999998,2opt,improve
2172,17,2931.6400000000003,4,865.2599999999998,move,improve
2173,17,2931.6400000000003,4,865.2599999999998,swap,notBad
2174,17,2928.7599999999993,4,865.2599999999998,2opt,improve
2175,17,2928.7599999999993,4,865.2599999999998,2opt,notBad
2176,17,3023.4400000000005,4,865.2599999999998,swap,acceptBad
2177,17,3032.68,4,865.2599999999998,2opt,acceptBad
2178,17,3033.5599999999995,4,865.2599999999998,swap,acceptBad
2179,17,3033.5599999999995,4,865.2599999999998,swap,notBad
2180,17,3033.5599999999995,4,865.2599999999998,2opt,notBad
2181,17,3029.7999999999993,4,865.2599999999998,move,improve
2182,17,3029.7999999999993,4,865.2599999999998,swap,notBad
2183,17,3029.7999999999993,4,865.2599999999998,2opt,notBad
2184,17,3029.7999999999993,4,865.2599999999998,swap,notBad
2185,17,3029.7999999999993,4,865.2599999999998,move,improve
2186,17,3029.7999999999993,4,865.2599999999998,2opt,notBad
2187,17,3029.7999999999993,4,865.2599999999998,swap,notBad
2188,17,3026.4400000000005,4,865.2599999999998,2opt,improve
2189,17,2947.9199999999983,4,865.2599999999998,2opt,improve
2190,17,2947.9199999999983,4,865.2599999999998,swap,notBad
2191,17,2926.5599999999986,4,865.2599999999998,move,improve
2192,17,2926.5599999999986,4,865.2599999999998,swap,notBad
2193,17,2989.9199999999983,4,865.2599999999998,swap,acceptBad
2194,17,2989.9199999999983,4,865.2599999999998,2opt,notBad
2195,17,2993.159999999998,4,865.2599999999998,2opt,acceptBad
2196,17,2993.3599999999983,4,865.2599999999998,swap,acceptBad
2197,17,2990.999999999998,4,865.2599999999998,move,improve
2198,17,2954.959999999998,4,865.2599999999998,move,improve
2199,17,2954.959999999998,4,865.2599999999998,swap,notBad
2200,17,2954.959999999998,4,865.2599999999998,2opt,notBad
2201,17,3077.399999999998,4,865.2599999999998,swap,acceptBad
2202,17,3333.04,4,865.2599999999998,swap,acceptBad
2203,17,3291.3999999999996,4,865.2599999999998,swap,improve
2204,17,3290.12,4,865.2599999999998,move,improve
2205,17,3290.12,4,865.2599999999998,swap,notBad
2206,17,3290.12,4,865.2599999999998,swap,notBad
2207,17,3256.76,4,865.2599999999998,2opt,improve
2208,17,3232.8400000000015,4,865.2599999999998,move,improve
2209,17,3232.8400000000015,4,865.2599999999998,swap,notBad
2210,17,3233.960000000001,4,865.2599999999998,swap,acceptBad
2211,17,3443.5600000000004,4,865.2599999999998,swap,acceptBad
2212,17,3443.5600000000004,4,865.2599999999998,2opt,improve
2213,17,3443.5600000000004,4,865.2599999999998,move,improve
2214,17,3443.5600000000004,4,865.2599999999998,swap,notBad
2215,17,3443.5600000000004,4,865.2599999999998,2opt,notBad
2216,17,3443.5600000000004,4,865.2599999999998,move,improve
2217,17,3348.8000000000006,4,865.2599999999998,move,improve
2218,17,3348.8000000000006,4,865.2599999999998,move,improve
2219,17,3348.8000000000006,4,865.2599999999998,2opt,notBad
2220,17,3348.8000000000006,4,865.2599999999998,swap,notBad
2221,17,3348.8000000000006,4,865.2599999999998,swap,notBad
2222,17,3348.8000000000006,4,865.2599999999998,swap,notBad
2223,17,3348.8000000000006,4,865.2599999999998,2opt,notBad
2224,17,3258.0000000000005,4,865.2599999999998,swap,improve
2225,17,3230.880000000001,4,865.2599999999998,move,improve
2226,17,3230.880000000001,4,865.2599999999998,swap,notBad
2227,17,3230.880000000001,4,865.2599999999998,move,improve
2228,17,3060.72,4,865.2599999999998,move,improve
2229,17,3058.6000000000004,4,865.2599999999998,move,improve
2230,17,3058.6000000000004,4,865.2599999999998,2opt,notBad
2231,17,3032.24,4,865.2599999999998,move,improve
2232,17,3292.5200000000004,4,865.2599999999998,swap,acceptBad
2233,17,3292.5200000000004,4,865.2599999999998,swap,notBad
2234,17,3289.4000000000005,4,865.2599999999998,move,improve
2235,17,3289.4000000000005,4,865.2599999999998,move,improve
2236,17,3289.4000000000005,4,865.2599999999998,2opt,notBad
2237,17,3293.88,4,865.2599999999998,swap,acceptBad
2238,17,3293.88,4,865.2599999999998,2opt,notBad
2239,17,3296.96,4,865.2599999999998,2opt,acceptBad
2240,17,3296.96,4,865.2599999999998,2opt,notBad
2241,17,3299.7600000000016,4,865.2599999999998,2opt,acceptBad
2242,17,3203.320000000001,4,865.2599999999998,move,improve
2243,17,3203.320000000001,4,865.2599999999998,swap,notBad
2244,17,3305.040000000001,4,865.2599999999998,swap,acceptBad
2245,17,2991.8,4,865.2599999999998,swap,improve
2246,17,2991.8,4,865.2599999999998,move,improve
2247,17,2991.8,4,865.2599999999998,swap,notBad
2248,17,2991.8,4,865.2599999999998,2opt,notBad
2249,17,2991.8,4,865.2599999999998,2opt,notBad
2250,17,2991.8,4,865.2599999999998,move,improve
2251,17,2991.8,4,865.2599999999998,move,improve
2252,17,2991.8,4,865.2599999999998,swap,notBad
2253,17,2967.6000000000004,4,865.2599999999998,move,improve
2254,17,2967.6000000000004,4,865.2599999999998,2opt,notBad
2255,17,2967.6000000000004,4,865.2599999999998,move,improve
2256,17,2968.3999999999983,4,865.2599999999998,2opt,acceptBad
2257,17,2959.7200000000003,4,865.2599999999998,2opt,improve
2258,17,2959.7200000000003,4,865.2599999999998,move,improve
2259,17,2959.7200000000003,4,865.2599999999998,2opt,notBad
2260,17,2956.0,4,865.2599999999998,move,improve
2261,17,2940.8,4,865.2599999999998,move,improve
2262,17,2957.5199999999995,4,865.2599999999998,2opt,acceptBad
2263,17,2957.5199999999995,4,865.2599999999998,2opt,notBad
2264,17,2957.5199999999995,4,865.2599999999998,2opt,notBad
2265,17,2957.5199999999995,4,865.2599999999998,move,improve
2266,17,2969.519999999998,4,865.2599999999998,2opt,acceptBad
2267,17,3070.119999999998,4,865.2599999999998,swap,acceptBad
2268,17,2908.999999999998,4,865.2599999999998,move,improve
2269,17,2908.999999999998,4,865.2599999999998,swap,notBad
2270,17,2908.999999999998,4,865.2599999999998,move,improve
2271,17,2908.999999999998,4,865.2599999999998,2opt,notBad
2272,17,2907.5199999999986,4,865.2599999999998,move,improve
2273,17,2907.5199999999986,4,865.2599999999998,2opt,notBad
2274,17,2907.5199999999986,4,865.2599999999998,2opt,notBad
2275,17,2636.8399999999974,4,865.2599999999998,move,improve
2276,17,2636.8399999999974,4,865.2599999999998,swap,notBad
2277,17,2939.8399999999983,4,865.2599999999998,swap,acceptBad
2278,17,2939.8399999999983,4,865.2599999999998,2opt,notBad
2279,17,2939.8399999999983,4,865.2599999999998,2opt,notBad
2280,17,2939.8399999999983,4,865.2599999999998,2opt,notBad
2281,17,2939.8399999999983,4,865.2599999999998,swap,notBad
2282,17,2939.4399999999987,4,865.2599999999998,move,improve
2283,17,2939.4399999999987,4,865.2599999999998,swap,notBad
2284,17,2932.479999999999,4,865.2599999999998,2opt,improve
2285,17,2932.479999999999,4,865.2599999999998,swap,notBad
2286,17,2916.679999999999,4,865.2599999999998,move,improve
2287,17,2916.679999999999,4,865.2599999999998,move,improve
2288,17,2916.679999999999,4,865.2599999999998,2opt,notBad
2289,17,2916.679999999999,4,865.2599999999998,swap,notBad
2290,17,2916.679999999999,4,865.2599999999998,swap,notBad
2291,17,2916.679999999999,4,865.2599999999998,move,improve
2292,17,2916.679999999999,4,865.2599999999998,move,improve
2293,17,2916.679999999999,4,865.2599999999998,2opt,notBad
2294,17,2916.679999999999,4,865.2599999999998,move,improve
2295,17,2916.679999999999,4,865.2599999999998,swap,notBad
2296,17,2967.4399999999987,4,865.2599999999998,swap,acceptBad
2297,17,2967.4399999999987,4,865.2599999999998,swap,notBad
2298,17,2952.7200000000003,4,865.2599999999998,2opt,improve
2299,17,2952.7200000000003,4,865.2599999999998,2opt,notBad
2300,17,2952.7200000000003,4,865.2599999999998,swap,notBad
2301,17,2979.68,4,865.2599999999998,2opt,acceptBad
2302,17,2979.68,4,865.2599999999998,2opt,notBad
2303,17,2979.68,4,865.2599999999998,move,improve
2304,17,2979.68,4,865.2599999999998,2opt,notBad
2305,17,3000.3199999999997,4,865.2599999999998,swap,acceptBad
2306,17,3000.3199999999997,4,865.2599999999998,swap,notBad
2307,17,3000.2799999999997,4,865.2599999999998,move,improve
2308,17,3259.84,4,865.2599999999998,swap,acceptBad
2309,17,3284.6000000000004,4,865.2599999999998,2opt,acceptBad
2310,17,3281.44,4,865.2599999999998,2opt,improve
2311,17,3304.08,4,865.2599999999998,swap,acceptBad
2312,17,3131.7199999999993,4,865.2599999999998,swap,improve
2313,17,3131.7199999999993,4,865.2599999999998,swap,notBad
2314,17,3122.079999999999,4,865.2599999999998,swap,improve
2315,17,3122.079999999999,4,865.2599999999998,move,improve
2316,17,3147.759999999999,4,865.2599999999998,swap,acceptBad
2317,17,3147.759999999999,4,865.2599999999998,move,improve
2318,17,3289.3999999999996,4,865.2599999999998,swap,acceptBad
2319,17,3026.3199999999997,4,865.2599999999998,2opt,improve
2320,17,3026.3199999999997,4,865.2599999999998,2opt,notBad
2321,17,3026.3199999999997,4,865.2599999999998,swap,notBad
2322,17,3026.3199999999997,4,865.2599999999998,swap,notBad
2323,17,3026.3199999999997,4,865.2599999999998,move,improve
2324,17,3022.6,4,865.2599999999998,swap,improve
2325,17,3035.4800000000005,4,865.2599999999998,2opt,acceptBad
2326,17,3035.4800000000005,4,865.2599999999998,move,improve
2327,17,3035.4800000000005,4,865.2599999999998,2opt,notBad
2328,17,3021.16,4,865.2599999999998,2opt,improve
2329,17,3021.16,4,865.2599999999998,2opt,notBad
2330,17,3278.92,4,865.2599999999998,swap,acceptBad
2331,17,3271.1600000000003,4,865.2599999999998,move,improve
2332,17,3553.5999999999995,4,865.2599999999998,swap,acceptBad
2333,17,3495.92,4,865.2599999999998,move,improve
2334,17,3475.88,4,865.2599999999998,move,improve
2335,17,3202.76,4,865.2599999999998,move,improve
2336,17,3202.76,4,865.2599999999998,2opt,notBad
2337,17,3202.76,4,865.2599999999998,swap,notBad
2338,17,3202.76,4,865.2599999999998,move,improve
2339,17,3205.04,4,865.2599999999998,swap,acceptBad
2340,17,3053.5999999999995,4,865.2599999999998,move,improve
2341,17,3042.9999999999995,4,865.2599999999998,2opt,improve
2342,17,3042.9999999999995,4,865.2599999999998,2opt,notBad
2343,17,3103.7999999999997,4,865.2599999999998,swap,acceptBad
2344,17,3136.5199999999986,4,865.2599999999998,move,acceptBad
2345,17,3136.5199999999986,4,865.2599999999998,2opt,notBad
2346,17,3136.5199999999986,4,865.2599999999998,swap,notBad
2347,17,3134.7599999999984,4,865.2599999999998,move,improve
2348,17,3134.7599999999984,4,865.2599999999998,swap,notBad
2349,17,3221.4799999999987,4,865.2599999999998,2opt,acceptBad
2350,17,3215.3999999999987,4,865.2599999999998,move,improve
2351,17,3261.7999999999993,4,865.2599999999998,2opt,acceptBad
2352,17,3429.559999999999,4,865.2599999999998,swap,acceptBad
2353,17,3429.559999999999,4,865.2599999999998,swap,notBad
2354,17,3429.559999999999,4,865.2599999999998,move,improve
2355,17,3398.999999999999,4,865.2599999999998,move,improve
2356,17,3311.5199999999995,4,865.2599999999998,move,improve
2357,17,3302.7999999999984,4,865.2599999999998,move,improve
2358,17,3302.7999999999984,4,865.2599999999998,swap,notBad
2359,17,3366.999999999999,4,865.2599999999998,swap,acceptBad
2360,17,3366.999999999999,4,865.2599999999998,move,improve
2361,17,3356.7999999999984,4,865.2599999999998,move,improve
2362,17,3304.4399999999987,4,865.2599999999998,swap,improve
2363,17,3304.4399999999987,4,865.2599999999998,move,improve
2364,17,3304.4399999999987,4,865.2599999999998,2opt,notBad
2365,17,3283.7999999999993,4,865.2599999999998,2opt,improve
2366,17,3286.9999999999995,4,865.2599999999998,2opt,acceptBad
2367,17,3279.16,4,865.2599999999998,swap,improve
2368,17,3279.16,4,865.2599999999998,swap,notBad
2369,17,3279.16,4,865.2599999999998,swap,notBad
2370,17,3273.24,4,865.2599999999998,swap,improve
2371,17,3159.999999999999,4,865.2599999999998,swap,improve
2372,17,3156.639999999999,4,865.2599999999998,swap,improve
2373,17,3139.6399999999976,4,865.2599999999998,swap,improve
2374,17,3139.6399999999976,4,865.2599999999998,swap,notBad
2375,17,3139.6399999999976,4,865.2599999999998,swap,notBad
2376,17,3139.6399999999976,4,865.2599999999998,2opt,notBad
2377,17,3139.6399999999976,4,865.2599999999998,move,improve
2378,17,3139.6399999999976,4,865.2599999999998,swap,notBad
2379,17,3139.6399999999976,4,865.2599999999998,move,improve
2380,17,3139.6399999999976,4,865.2599999999998,2opt,notBad
2381,17,3063.359999999998,4,865.2599999999998,swap,improve
2382,17,3063.359999999998,4,865.2599999999998,move,improve
2383,17,3060.7999999999984,4,865.2599999999998,move,improve
2384,17,3060.7999999999984,4,865.2599999999998,move,improve
2385,17,3043.7199999999984,4,865.2599999999998,move,improve
2386,17,3029.4799999999987,4,865.2599999999998,swap,improve
2387,17,3083.959999999998,4,865.2599999999998,swap,acceptBad
2388,17,3077.9199999999987,4,865.2599999999998,move,improve
2389,17,3093.8799999999987,4,865.2599999999998,swap,acceptBad
2390,17,3087.5599999999986,4,865.2599999999998,2opt,improve
2391,17,3087.5599999999986,4,865.2599999999998,swap,notBad
2392,17,3087.5599999999986,4,865.2599999999998,move,improve
2393,17,3087.5599999999986,4,865.2599999999998,2opt,notBad
2394,17,3087.5599999999986,4,865.2599999999998,2opt,notBad
2395,17,3083.6799999999985,4,865.2599999999998,move,improve
2396,17,3089.4399999999982,4,865.2599999999998,swap,acceptBad
2397,17,3089.4399999999982,4,865.2599999999998,move,improve
2398,17,3089.4399999999982,4,865.2599999999998,move,improve
2399,17,3132.9199999999983,4,865.2599999999998,swap,acceptBad
2400,17,3132.9199999999983,4,865.2599999999998,2opt,notBad
2401,17,3132.9199999999983,4,865.2599999999998,move,improve
2402,17,3132.9199999999983,4,865.2599999999998,2opt,notBad
2403,17,3124.039999999999,4,865.2599999999998,2opt,improve
2404,17,3124.039999999999,4,865.2599999999998,move,improve
2405,17,3124.039999999999,4,865.2599999999998,swap,notBad
2406,17,3124.039999999999,4,865.2599999999998,2opt,notBad
2407,17,3089.119999999999,4,865.2599999999998,move,improve
2408,17,3089.119999999999,4,865.2599999999998,swap,notBad
2409,17,3089.119999999999,4,865.2599999999998,swap,notBad
2410,17,3029.679999999999,4,865.2599999999998,move,improve
2411,17,3029.679999999999,4,865.2599999999998,move,improve
2412,17,3029.679999999999,4,865.2599999999998,swap,notBad
2413,17,3029.679999999999,4,865.2599999999998,move,improve
2414,17,3007.5999999999995,4,865.2599999999998,move,improve
2415,17,3007.5999999999995,4,865.2599999999998,2opt,notBad
2416,17,3007.5999999999995,4,865.2599999999998,swap,notBad
2417,17,3007.5999999999995,4,865.2599999999998,swap,notBad
2418,17,3031.24,4,865.2599999999998,swap,acceptBad
2419,17,3066.84,4,865.2599999999998,swap,acceptBad
2420,17,3066.84,4,865.2599999999998,swap,notBad
2421,17,3066.84,4,865.2599999999998,2opt,notBad
2422,17,3066.84,4,865.2599999999998,swap,notBad
2423,17,3066.84,4,865.2599999999998,2opt,notBad
2424,17,3066.84,4,865.2599999999998,swap,notBad
2425,17,3066.84,4,865.2599999999998,swap,notBad
2426,17,3066.84,4,865.2599999999998,swap,notBad
2427,17,2963.08,4,865.2599999999998,move,improve
2428,17,2977.0,4,865.2599999999998,2opt,acceptBad
2429,17,3001.44,4,865.2599999999998,2opt,acceptBad
2430,17,3003.5600000000004,4,865.2599999999998,2opt,acceptBad
2431,17,3003.5600000000004,4,865.2599999999998,swap,notBad
2432,17,3003.5600000000004,4,865.2599999999998,move,improve
2433,17,3003.5600000000004,4,865.2599999999998,2opt,notBad
2434,17,3003.5600000000004,4,865.2599999999998,2opt,notBad
2435,17,3003.5600000000004,4,865.2599999999998,move,improve
2436,17,3003.5600000000004,4,865.2599999999998,swap,notBad
2437,17,3003.5600000000004,4,865.2599999999998,2opt,improve
2438,17,3010.879999999999,4,865.2599999999998,2opt,acceptBad
2439,17,3010.879999999999,4,865.2599999999998,swap,notBad
2440,17,3008.4800000000005,4,865.2599999999998,2opt,improve
2441,17,3030.9600000000005,4,865.2599999999998,swap,acceptBad
2442,17,3030.9600000000005,4,865.2599999999998,2opt,notBad
2443,17,3030.9600000000005,4,865.2599999999998,move,improve
2444,17,3030.9600000000005,4,865.2599999999998,2opt,notBad
2445,17,3030.9600000000005,4,865.2599999999998,move,improve
2446,17,3030.9600000000005,4,865.2599999999998,move,improve
2447,17,3050.720000000001,4,865.2599999999998,2opt,acceptBad
2448,17,3050.720000000001,4,865.2599999999998,2opt,notBad
2449,17,3052.760000000001,4,865.2599999999998,swap,acceptBad
2450,17,3052.760000000001,4,865.2599999999998,move,improve
2451,17,3076.7200000000003,4,865.2599999999998,swap,acceptBad
2452,17,3076.2400000000007,4,865.2599999999998,move,improve
2453,17,3069.92,4,865.2599999999998,swap,improve
2454,17,3069.92,4,865.2599999999998,swap,notBad
2455,17,3069.92,4,865.2599999999998,2opt,notBad
2456,17,3069.92,4,865.2599999999998,swap,notBad
2457,17,3069.92,4,865.2599999999998,2opt,notBad
2458,17,3069.92,4,865.2599999999998,move,improve
2459,17,3069.92,4,865.2599999999998,2opt,notBad
2460,17,3061.16,4,865.2599999999998,swap,improve
2461,17,3060.9199999999996,4,865.2599999999998,move,improve
2462,17,3275.5599999999995,4,865.2599999999998,swap,acceptBad
2463,17,3275.5599999999995,4,865.2599999999998,2opt,notBad
2464,17,3275.5599999999995,4,865.2599999999998,move,improve
2465,17,3281.3599999999997,4,865.2599999999998,swap,acceptBad
2466,17,3281.3599999999997,4,865.2599999999998,move,improve
2467,17,3249.2,4,865.2599999999998,move,improve
2468,17,3225.24,4,865.2599999999998,2opt,improve
2469,17,3225.24,4,865.2599999999998,swap,notBad
2470,17,3225.24,4,865.2599999999998,swap,notBad
2471,17,3188.3600000000015,4,865.2599999999998,move,improve
2472,17,3187.000000000002,4,865.2599999999998,2opt,improve
2473,17,3187.000000000002,4,865.2599999999998,2opt,notBad
2474,17,3176.5200000000013,4,865.2599999999998,swap,improve
2475,17,3203.6000000000013,4,865.2599999999998,swap,acceptBad
2476,17,3203.6000000000013,4,865.2599999999998,swap,notBad
2477,17,3314.920000000001,4,865.2599999999998,swap,acceptBad
2478,17,3314.920000000001,4,865.2599999999998,2opt,notBad
2479,17,3314.920000000001,4,865.2599999999998,2opt,notBad
2480,17,3314.920000000001,4,865.2599999999998,2opt,notBad
2481,17,3314.920000000001,4,865.2599999999998,2opt,notBad
2482,17,3314.920000000001,4,865.2599999999998,2opt,notBad
2483,17,3314.920000000001,4,865.2599999999998,move,improve
2484,17,3314.920000000001,4,865.2599999999998,2opt,notBad
2485,17,3314.920000000001,4,865.2599999999998,swap,notBad
2486,17,3314.920000000001,4,865.2599999999998,swap,notBad
2487,17,3314.920000000001,4,865.2599999999998,2opt,notBad
2488,17,3292.040000000001,4,865.2599999999998,move,improve
2489,17,3289.7600000000007,4,865.2599999999998,swap,improve
2490,17,3289.7600000000007,4,865.2599999999998,swap,notBad
2491,17,3222.160000000001,4,865.2599999999998,move,improve
2492,17,3222.160000000001,4,865.2599999999998,move,improve
2493,17,3222.160000000001,4,865.2599999999998,move,improve
2494,17,3222.160000000001,4,865.2599999999998,swap,notBad
2495,17,3222.160000000001,4,865.2599999999998,swap,notBad
2496,17,3205.7200000000007,4,865.2599999999998,move,improve
2497,17,3205.7200000000007,4,865.2599999999998,move,improve
2498,17,3205.7200000000007,4,865.2599999999998,2opt,notBad
2499,17,3142.6800000000017,4,865.2599999999998,move,improve
2500,17,3140.4000000000015,4,865.2599999999998,swap,improve
2501,17,3139.5600000000013,4,865.2599999999998,swap,improve
2502,17,3139.5600000000013,4,865.2599999999998,2opt,notBad
2503,17,3139.5600000000013,4,865.2599999999998,swap,notBad
2504,17,3139.5600000000013,4,865.2599999999998,move,improve
2505,17,3139.5600000000013,4,865.2599999999998,move,improve
2506,17,3139.5600000000013,4,865.2599999999998,move,improve
2507,17,3129.880000000002,4,865.2599999999998,move,improve
2508,17,3141.760000000001,4,865.2599999999998,swap,acceptBad
2509,17,3131.6000000000013,4,865.2599999999998,move,improve
2510,17,3147.8399999999992,4,865.2599999999998,2opt,acceptBad
2511,17,3147.24,4,865.2599999999998,move,improve
2512,17,3147.24,4,865.2599999999998,move,improve
2513,17,3147.24,4,865.2599999999998,swap,notBad
2514,17,3147.24,4,865.2599999999998,2opt,notBad
2515,17,3147.24,4,865.2599999999998,2opt,notBad
2516,17,3147.24,4,865.2599999999998,move,improve
2517,17,3147.24,4,865.2599999999998,2opt,notBad
2518,17,3147.24,4,865.2599999999998,swap,notBad
2519,17,3147.24,4,865.2599999999998,move,improve
2520,17,3147.24,4,865.2599999999998,2opt,notBad
2521,17,3147.24,4,865.2599999999998,2opt,notBad
2522,17,3147.24,4,865.2599999999998,move,improve
2523,17,3147.24,4,865.2599999999998,move,improve
2524,17,3147.24,4,865.2599999999998,swap,notBad
2525,17,3155.1999999999994,4,865.2599999999998,swap,acceptBad
2526,17,3155.1999999999994,4,865.2599999999998,2opt,notBad
2527,17,3155.1999999999994,4,865.2599999999998,swap,notBad
2528,17,3139.3999999999996,4,865.2599999999998,move,improve
2529,17,3114.2799999999993,4,865.2599999999998,move,improve
2530,17,2943.7599999999998,4,865.2599999999998,swap,improve
2531,17,2943.7599999999998,4,865.2599999999998,move,improve
2532,17,2943.7599999999998,4,865.2599999999998,2opt,notBad
2533,17,2943.7599999999998,4,865.2599999999998,move,improve
2534,17,2943.7599999999998,4,865.2599999999998,swap,notBad
2535,17,2943.7599999999998,4,865.2599999999998,2opt,notBad
2536,17,2943.7599999999998,4,865.2599999999998,swap,notBad
2537,17,2943.7599999999998,4,865.2599999999998,move,improve
2538,17,2943.7599999999998,4,865.2599999999998,swap,notBad
2539,17,2987.76,4,865.2599999999998,swap,acceptBad
2540,17,2987.76,4,865.2599999999998,2opt,notBad
2541,17,2978.1600000000008,4,865.2599999999998,move,improve
2542,17,2961.5600000000013,4,865.2599999999998,move,improve
2543,17,2961.5600000000013,4,865.2599999999998,2opt,notBad
2544,17,2961.5600000000013,4,865.2599999999998,move,improve
2545,17,2961.5600000000013,4,865.2599999999998,swap,notBad
2546,17,2961.5600000000013,4,865.2599999999998,move,notBad
2547,17,2961.5600000000013,4,865.2599999999998,2opt,notBad
2548,17,2961.5600000000013,4,865.2599999999998,move,improve
2549,17,2961.5600000000013,4,865.2599999999998,move,improve
2550,17,2961.5600000000013,4,865.2599999999998,swap,notBad
2551,17,2915.0800000000017,4,865.2599999999998,move,improve
2552,17,2915.0800000000017,4,865.2599999999998,move,improve
2553,17,2981.800000000001,4,865.2599999999998,swap,acceptBad
2554,17,2981.800000000001,4,865.2599999999998,2opt,notBad
2555,17,2981.800000000001,4,865.2599999999998,2opt,notBad
2556,17,2981.800000000001,4,865.2599999999998,2opt,notBad
2557,17,2981.800000000001,4,865.2599999999998,2opt,notBad
2558,17,2978.6800000000003,4,865.2599999999998,move,improve
2559,17,2978.6800000000003,4,865.2599999999998,2opt,improve
2560,17,2978.6800000000003,4,865.2599999999998,swap,notBad
2561,17,2975.8,4,865.2599999999998,2opt,improve
2562,17,2975.8,4,865.2599999999998,move,improve
2563,17,3034.840000000001,4,865.2599999999998,swap,acceptBad
2564,17,3072.5600000000013,4,865.2599999999998,swap,acceptBad
2565,17,3072.5600000000013,4,865.2599999999998,swap,notBad
2566,17,3063.880000000001,4,865.2599999999998,2opt,improve
2567,17,3063.880000000001,4,865.2599999999998,move,improve
2568,17,3063.880000000001,4,865.2599999999998,2opt,notBad
2569,17,3055.6000000000017,4,865.2599999999998,2opt,improve
2570,17,3050.2000000000025,4,865.2599999999998,move,improve
2571,17,3050.2000000000025,4,865.2599999999998,swap,notBad
2572,17,3050.2000000000025,4,865.2599999999998,2opt,notBad
2573,17,3077.7200000000025,4,865.2599999999998,swap,acceptBad
2574,17,3077.7200000000025,4,865.2599999999998,2opt,notBad
2575,17,3077.7200000000025,4,865.2599999999998,2opt,notBad
2576,17,3100.4800000000023,4,865.2599999999998,2opt,acceptBad
2577,17,3086.3600000000015,4,865.2599999999998,move,improve
2578,17,3086.3600000000015,4,865.2599999999998,swap,notBad
2579,17,3072.760000000001,4,865.2599999999998,2opt,improve
2580,17,3072.760000000001,4,865.2599999999998,move,improve
2581,17,3072.760000000001,4,865.2599999999998,2opt,improve
2582,17,3072.760000000001,4,865.2599999999998,2opt,notBad
2583,17,3072.760000000001,4,865.2599999999998,move,improve
2584,17,3072.760000000001,4,865.2599999999998,2opt,notBad
2585,17,3072.760000000001,4,865.2599999999998,2opt,notBad
2586,17,3072.760000000001,4,865.2599999999998,swap,notBad
2587,17,3072.760000000001,4,865.2599999999998,swap,notBad
2588,17,3072.760000000001,4,865.2599999999998,move,improve
2589,17,3072.760000000001,4,865.2599999999998,move,improve
2590,17,3072.760000000001,4,865.2599999999998,2opt,notBad
2591,17,3072.760000000001,4,865.2599999999998,2opt,notBad
2592,17,3109.760000000001,4,865.2599999999998,2opt,acceptBad
2593,17,3106.480000000001,4,865.2599999999998,swap,improve
2594,17,3106.480000000001,4,865.2599999999998,2opt,notBad
2595,17,2872.4400000000014,4,865.2599999999998,move,improve
2596,17,2872.4400000000014,4,865.2599999999998,2opt,notBad
2597,17,2872.4400000000014,4,865.2599999999998,2opt,notBad
2598,17,2872.4400000000014,4,865.2599999999998,swap,notBad
2599,17,2872.4400000000014,4,865.2599999999998,2opt,notBad
2600,17,2872.4400000000014,4,865.2599999999998,swap,notBad
2601,17,2872.4400000000014,4,865.2599999999998,swap,notBad
2602,17,2872.4400000000014,4,865.2599999999998,move,improve
2603,17,2872.4400000000014,4,865.2599999999998,move,improve
2604,17,2872.4400000000014,4,865.2599999999998,2opt,notBad
2605,17,2872.4400000000014,4,865.2599999999998,2opt,improve
2606,17,2872.4400000000014,4,865.2599999999998,swap,notBad
2607,17,2872.4400000000014,4,865.2599999999998,2opt,notBad
2608,17,2852.840000000001,4,865.2599999999998,move,improve
2609,17,2852.840000000001,4,865.2599999999998,2opt,notBad
2610,17,2852.840000000001,4,865.2599999999998,2opt,notBad
2611,17,2852.840000000001,4,865.2599999999998,2opt,notBad
2612,17,2852.840000000001,4,865.2599999999998,2opt,notBad
2613,17,2852.840000000001,4,865.2599999999998,move,improve
2614,17,2852.6400000000012,4,865.2599999999998,2opt,improve
2615,17,2852.6400000000012,4,865.2599999999998,swap,notBad
2616,17,2852.6400000000012,4,865.2599999999998,swap,notBad
2617,17,2850.040000000001,4,865.2599999999998,2opt,improve
2618,17,2741.4000000000005,4,865.2599999999998,move,improve
2619,17,2730.960000000001,4,865.2599999999998,swap,improve
2620,17,2730.960000000001,4,865.2599999999998,2opt,notBad
2621,17,2730.960000000001,4,865.2599999999998,2opt,notBad
2622,17,2722.080000000001,4,865.2599999999998,2opt,improve
2623,17,2709.6000000000013,4,865.2599999999998,2opt,improve
2624,17,2691.0000000000005,4,865.2599999999998,move,improve
2625,17,2691.0000000000005,4,865.2599999999998,swap,notBad
2626,17,2671.1600000000003,4,865.2599999999998,move,improve
2627,17,2671.1600000000003,4,865.2599999999998,swap,notBad
2628,17,2670.4,4,865.2599999999998,move,improve
2629,17,2670.4,4,865.2599999999998,move,improve
2630,17,2670.4,4,865.2599999999998,2opt,notBad
2631,17,2670.4,4,865.2599999999998,2opt,notBad
2632,17,2667.5600000000004,4,865.2599999999998,move,improve
2633,17,2667.5600000000004,4,865.2599999999998,2opt,notBad
2634,17,2667.5600000000004,4,865.2599999999998,2opt,notBad
2635,17,2709.96,4,865.2599999999998,swap,acceptBad
2636,17,2709.96,4,865.2599999999998,swap,notBad
2637,17,2709.96,4,865.2599999999998,move,improve
2638,17,2709.96,4,865.2599999999998,2opt,notBad
2639,17,2709.96,4,865.2599999999998,swap,notBad
2640,17,2709.96,4,865.2599999999998,move,improve
2641,17,2696.64,4,865.2599999999998,move,improve
2642,17,2696.64,4,865.2599999999998,move,improve
2643,17,2666.2000000000007,4,865.2599999999998,move,improve
2644,17,2653.0800000000004,4,865.2599999999998,move,improve
2645,17,2653.0800000000004,4,865.2599999999998,2opt,notBad
2646,17,2653.0800000000004,4,865.2599999999998,2opt,notBad
2647,17,2653.0800000000004,4,865.2599999999998,swap,notBad
2648,17,2653.0800000000004,4,865.2599999999998,swap,notBad
2649,17,2672.5600000000013,4,865.2599999999998,2opt,acceptBad
2650,17,2672.5600000000013,4,865.2599999999998,swap,notBad
2651,17,2670.280000000001,4,865.2599999999998,move,improve
2652,17,2670.280000000001,4,865.2599999999998,2opt,notBad
2653,17,2670.280000000001,4,865.2599999999998,move,improve
2654,17,2670.280000000001,4,865.2599999999998,swap,notBad
2655,17,2670.280000000001,4,865.2599999999998,move,improve
2656,17,2670.280000000001,4,865.2599999999998,move,improve
2657,17,2670.280000000001,4,865.2599999999998,move,improve
2658,17,2655.2400000000016,4,865.2599999999998,move,improve
2659,17,2655.2400000000016,4,865.2599999999998,swap,notBad
2660,17,2624.6400000000012,4,865.2599999999998,move,improve
2661,17,2624.6400000000012,4,865.2599999999998,2opt,notBad
2662,17,2624.6400000000012,4,865.2599999999998,swap,notBad
2663,17,2639.3999999999996,4,865.2599999999998,2opt,acceptBad
2664,17,2635.12,4,865.2599999999998,move,improve
2665,17,2635.12,4,865.2599999999998,2opt,notBad
2666,17,2635.4800000000005,4,865.2599999999998,2opt,acceptBad
2667,17,2635.4800000000005,4,865.2599999999998,move,improve
2668,17,2635.4800000000005,4,865.2599999999998,move,improve
2669,17,2635.4800000000005,4,865.2599999999998,2opt,notBad
2670,17,2635.4800000000005,4,865.2599999999998,swap,notBad
2671,17,2635.4800000000005,4,865.2599999999998,2opt,notBad
2672,17,2683.2000000000007,4,865.2599999999998,swap,acceptBad
2673,17,2683.2000000000007,4,865.2599999999998,swap,notBad
2674,17,2683.2000000000007,4,865.2599999999998,swap,notBad
2675,17,2683.2000000000007,4,865.2599999999998,move,improve
2676,17,2683.2000000000007,4,865.2599999999998,2opt,notBad
2677,17,2683.2000000000007,4,865.2599999999998,move,improve
2678,17,2683.2000000000007,4,865.2599999999998,2opt,notBad
2679,17,2683.2000000000007,4,865.2599999999998,move,improve
2680,17,2683.2000000000007,4,865.2599999999998,swap,notBad
2681,17,2779.4400000000005,4,865.2599999999998,swap,acceptBad
2682,17,2779.4400000000005,4,865.2599999999998,2opt,notBad
2683,17,2779.4400000000005,4,865.2599999999998,swap,notBad
2684,17,2779.4400000000005,4,865.2599999999998,2opt,notBad
2685,17,2779.4400000000005,4,865.2599999999998,move,improve
2686,17,2779.4400000000005,4,865.2599999999998,move,improve
2687,17,2776.040000000001,4,865.2599999999998,move,improve
2688,17,2757.1600000000008,4,865.2599999999998,move,improve
2689,17,2759.560000000001,4,865.2599999999998,swap,acceptBad
2690,17,2699.080000000001,4,865.2599999999998,move,improve
2691,17,2657.3600000000006,4,865.2599999999998,swap,improve
2692,17,2657.3600000000006,4,865.2599999999998,2opt,notBad
2693,17,2657.3600000000006,4,865.2599999999998,2opt,notBad
2694,17,2699.240000000002,4,865.2599999999998,2opt,acceptBad
2695,17,2699.240000000002,4,865.2599999999998,swap,notBad
2696,17,2603.000000000001,4,865.2599999999998,move,improve
2697,17,2603.000000000001,4,865.2599999999998,swap,notBad
2698,17,2603.000000000001,4,865.2599999999998,swap,notBad
2699,17,2771.7200000000003,4,865.2599999999998,swap,acceptBad
2700,17,2771.720000000001,4,865.2599999999998,2opt,acceptBad
2701,17,2768.1200000000013,4,865.2599999999998,move,improve
2702,17,2768.1200000000013,4,865.2599999999998,2opt,notBad
2703,17,2769.200000000001,4,865.2599999999998,2opt,acceptBad
2704,17,2769.200000000001,4,865.2599999999998,swap,notBad
2705,17,2571.1200000000013,4,865.2599999999998,move,improve
2706,17,2638.0400000000027,4,865.2599999999998,swap,acceptBad
2707,17,2638.0400000000027,4,865.2599999999998,swap,notBad
2708,17,2678.680000000001,4,865.2599999999998,swap,acceptBad
2709,17,2678.680000000001,4,865.2599999999998,swap,notBad
2710,17,2680.200000000001,4,865.2599999999998,2opt,acceptBad
2711,17,2680.200000000001,4,865.2599999999998,swap,notBad
2712,17,2680.200000000001,4,865.2599999999998,swap,notBad
2713,17,2680.200000000001,4,865.2599999999998,2opt,improve
2714,17,2680.200000000001,4,865.2599999999998,2opt,notBad
2715,17,2680.200000000001,4,865.2599999999998,move,improve
2716,17,2680.2800000000016,4,865.2599999999998,2opt,acceptBad
2717,17,2680.2800000000016,4,865.2599999999998,2opt,notBad
2718,17,2680.2800000000016,4,865.2599999999998,2opt,notBad
2719,17,2688.28,4,865.2599999999998,2opt,acceptBad
2720,17,2688.28,4,865.2599999999998,2opt,notBad
2721,17,2715.8799999999997,4,865.2599999999998,2opt,acceptBad
2722,17,2713.1600000000003,4,865.2599999999998,move,improve
2723,17,2745.6,4,865.2599999999998,swap,acceptBad
2724,17,2745.6,4,865.2599999999998,swap,notBad
2725,17,2745.6,4,865.2599999999998,2opt,notBad
2726,17,2758.4,4,865.2599999999998,swap,acceptBad
2727,17,2758.4,4,865.2599999999998,2opt,improve
2728,17,2758.4,4,865.2599999999998,move,improve
2729,17,2758.4,4,865.2599999999998,2opt,notBad
2730,17,2758.4,4,865.2599999999998,move,improve
2731,17,2751.88,4,865.2599999999998,swap,improve
2732,17,2751.88,4,865.2599999999998,swap,notBad
2733,17,2751.88,4,865.2599999999998,swap,notBad
2734,17,2751.88,4,865.2599999999998,move,improve
2735,17,2751.88,4,865.2599999999998,move,improve
2736,17,2749.4,4,865.2599999999998,move,improve
2737,17,2749.4,4,865.2599999999998,swap,notBad
2738,17,2749.4,4,865.2599999999998,2opt,notBad
2739,17,2686.3999999999996,4,865.2599999999998,move,improve
2740,17,2671.08,4,865.2599999999998,move,improve
2741,17,2671.08,4,865.2599999999998,swap,notBad
2742,17,2671.08,4,865.2599999999998,swap,notBad
2743,17,2671.08,4,865.2599999999998,move,improve
2744,17,2671.08,4,865.2599999999998,2opt,improve
2745,17,2668.119999999999,4,865.2599999999998,2opt,improve
2746,17,2667.1600000000008,4,865.2599999999998,2opt,improve
2747,17,2650.520000000001,4,865.2599999999998,move,improve
2748,17,2650.520000000001,4,865.2599999999998,2opt,notBad
2749,17,2623.760000000001,4,865.2599999999998,move,improve
2750,17,2614.960000000001,4,865.2599999999998,move,improve
2751,17,2614.960000000001,4,865.2599999999998,2opt,notBad
2752,17,2614.960000000001,4,865.2599999999998,swap,notBad
2753,17,2680.120000000001,4,865.2599999999998,swap,acceptBad
2754,17,2680.120000000001,4,865.2599999999998,2opt,notBad
2755,17,2658.5600000000013,4,865.2599999999998,move,improve
2756,17,2671.280000000002,4,865.2599999999998,2opt,acceptBad
2757,17,2689.6400000000003,4,865.2599999999998,2opt,acceptBad
2758,17,2689.6400000000003,4,865.2599999999998,move,improve
2759,17,2689.6400000000003,4,865.2599999999998,2opt,notBad
2760,17,2689.6400000000003,4,865.2599999999998,2opt,notBad
2761,17,2689.6400000000003,4,865.2599999999998,2opt,notBad
2762,17,2689.6400000000003,4,865.2599999999998,swap,notBad
2763,17,2689.6400000000003,4,865.2599999999998,swap,notBad
2764,17,2752.4400000000005,4,865.2599999999998,swap,acceptBad
2765,17,2752.4400000000005,4,865.2599999999998,2opt,notBad
2766,17,2752.4400000000005,4,865.2599999999998,2opt,notBad
2767,17,2752.4400000000005,4,865.2599999999998,swap,notBad
2768,17,2752.4400000000005,4,865.2599999999998,swap,notBad
2769,17,2752.4400000000005,4,865.2599999999998,2opt,notBad
2770,17,2752.4400000000005,4,865.2599999999998,move,improve
2771,17,2752.4400000000005,4,865.2599999999998,2opt,notBad
2772,17,2752.4400000000005,4,865.2599999999998,swap,notBad
2773,17,2752.4400000000005,4,865.2599999999998,move,improve
2774,17,2752.4400000000005,4,865.2599999999998,move,improve
2775,17,2752.4400000000005,4,865.2599999999998,swap,notBad
2776,17,2752.4400000000005,4,865.2599999999998,swap,notBad
2777,17,2746.72,4,865.2599999999998,2opt,improve
2778,17,2746.72,4,865.2599999999998,swap,notBad
2779,17,2748.6800000000003,4,865.2599999999998,2opt,acceptBad
2780,17,2748.6800000000003,4,865.2599999999998,2opt,notBad
2781,17,2829.6000000000013,4,865.2599999999998,swap,acceptBad
2782,17,2829.6000000000013,4,865.2599999999998,2opt,notBad
2783,17,2829.6000000000013,4,865.2599999999998,2opt,improve
2784,17,2828.1600000000008,4,865.2599999999998,move,improve
2785,17,2828.1600000000008,4,865.2599999999998,move,improve
2786,17,2828.1600000000008,4,865.2599999999998,swap,notBad
2787,17,2828.1600000000008,4,865.2599999999998,swap,notBad
2788,17,2828.1600000000008,4,865.2599999999998,2opt,notBad
2789,17,2828.1600000000008,4,865.2599999999998,move,improve
2790,17,2905.960000000001,4,865.2599999999998,swap,acceptBad
2791,17,2883.12,4,865.2599999999998,swap,improve
2792,17,2883.12,4,865.2599999999998,swap,notBad
2793,17,2883.12,4,865.2599999999998,swap,notBad
2794,17,2883.12,4,865.2599999999998,2opt,notBad
2795,17,2883.12,4,865.2599999999998,swap,notBad
2796,17,2883.12,4,865.2599999999998,2opt,notBad
2797,17,2853.6400000000003,4,865.2599999999998,move,improve
2798,17,2853.6400000000003,4,865.2599999999998,swap,notBad
2799,17,2853.6400000000003,4,865.2599999999998,move,improve
2800,17,2844.920000000001,4,865.2599999999998,2opt,improve
2801,17,2844.920000000001,4,865.2599999999998,move,improve
2802,17,2844.920000000001,4,865.2599999999998,2opt,notBad
2803,17,2848.520000000001,4,865.2599999999998,swap,acceptBad
2804,17,2848.520000000001,4,865.2599999999998,swap,notBad
2805,17,2848.520000000001,4,865.2599999999998,2opt,notBad
2806,17,2848.520000000001,4,865.2599999999998,swap,notBad
2807,17,2848.6400000000003,4,865.2599999999998,2opt,acceptBad
2808,17,2836.7200000000003,4,865.2599999999998,swap,improve
2809,17,2836.7200000000003,4,865.2599999999998,move,improve
2810,17,2836.7200000000003,4,865.2599999999998,2opt,notBad
2811,17,2836.7200000000003,4,865.2599999999998,swap,notBad
2812,17,2652.96,4,865.2599999999998,move,improve
2813,17,2652.96,4,865.2599999999998,move,improve
2814,17,2630.0400000000004,4,865.2599999999998,2opt,improve
2815,17,2629.5600000000004,4,865.2599999999998,move,improve
2816,17,2629.5600000000004,4,865.2599999999998,move,improve
2817,17,2629.5600000000004,4,865.2599999999998,2opt,notBad
2818,17,2627.1200000000003,4,865.2599999999998,move,improve
2819,17,2627.1200000000003,4,865.2599999999998,move,improve
2820,17,2627.1200000000003,4,865.2599999999998,move,improve
2821,17,2609.4400000000005,4,865.2599999999998,2opt,improve
2822,17,2609.4400000000005,4,865.2599999999998,swap,notBad
2823,17,2609.4400000000005,4,865.2599999999998,move,improve
2824,17,2609.4400000000005,4,865.2599999999998,move,notBad
2825,17,2609.4400000000005,4,865.2599999999998,2opt,notBad
2826,17,2609.4400000000005,4,865.2599999999998,swap,notBad
2827,17,2554.08,4,865.2599999999998,move,improve
2828,17,2533.6,4,865.2599999999998,2opt,improve
2829,17,2533.6,4,865.2599999999998,swap,notBad
2830,17,2542.6,4,865.2599999999998,2opt,acceptBad
2831,17,2542.6,4,865.2599999999998,2opt,notBad
2832,17,2561.6400000000003,4,865.2599999999998,2opt,acceptBad
2833,17,2585.16,4,865.2599999999998,swap,acceptBad
2834,17,2585.16,4,865.2599999999998,2opt,notBad
2835,17,2581.8000000000006,4,865.2599999999998,move,improve
2836,17,2581.8000000000006,4,865.2599999999998,move,improve
2837,17,2585.9600000000005,4,865.2599999999998,swap,acceptBad
2838,17,2585.9600000000005,4,865.2599999999998,move,improve
2839,17,2585.9600000000005,4,865.2599999999998,swap,notBad
2840,17,2585.9600000000005,4,865.2599999999998,2opt,notBad
2841,17,2585.9600000000005,4,865.2599999999998,2opt,notBad
2842,17,2585.9600000000005,4,865.2599999999998,2opt,notBad
2843,17,2585.9600000000005,4,865.2599999999998,swap,notBad
2844,17,2585.9600000000005,4,865.2599999999998,move,improve
2845,17,2585.9600000000005,4,865.2599999999998,swap,notBad
2846,17,2585.9600000000005,4,865.2599999999998,move,improve
2847,17,2585.9600000000005,4,865.2599999999998,swap,notBad
2848,17,2626.9199999999996,4,865.2599999999998,swap,acceptBad
2849,17,2626.9199999999996,4,865.2599999999998,swap,notBad
2850,17,2626.9199999999996,4,865.2599999999998,move,improve
2851,17,2626.9199999999996,4,865.2599999999998,move,improve
2852,17,2679.839999999999,4,865.2599999999998,swap,acceptBad
2853,17,2679.839999999999,4,865.2599999999998,swap,notBad
2854,17,2747.4399999999996,4,865.2599999999998,swap,acceptBad
2855,17,2761.5599999999995,4,865.2599999999998,swap,acceptBad
2856,17,2761.5599999999995,4,865.2599999999998,move,improve
2857,17,2761.5599999999995,4,865.2599999999998,2opt,notBad
2858,17,2761.5599999999995,4,865.2599999999998,2opt,notBad
2859,17,2761.5599999999995,4,865.2599999999998,2opt,improve
2860,17,2761.5599999999995,4,865.2599999999998,swap,notBad
2861,17,2761.5599999999995,4,865.2599999999998,swap,notBad
2862,17,2724.84,4,865.2599999999998,move,improve
2863,17,2520.3599999999997,4,865.2599999999998,move,improve
2864,17,2520.3599999999997,4,865.2599999999998,move,improve
2865,17,2520.3599999999997,4,865.2599999999998,2opt,improve
2866,17,2520.3599999999997,4,865.2599999999998,swap,notBad
2867,17,2644.2000000000003,4,865.2599999999998,swap,acceptBad
2868,17,2639.76,4,865.2599999999998,swap,improve
2869,17,2639.76,4,865.2599999999998,swap,notBad
2870,17,2639.76,4,865.2599999999998,2opt,notBad
2871,17,2593.800000000001,4,865.2599999999998,2opt,improve
2872,17,2593.800000000001,4,865.2599999999998,swap,notBad
2873,17,2593.800000000001,4,865.2599999999998,2opt,notBad
2874,17,2593.800000000001,4,865.2599999999998,swap,notBad
2875,17,2664.4000000000005,4,865.2599999999998,swap,acceptBad
2876,17,2664.4000000000005,4,865.2599999999998,2opt,notBad
2877,17,2664.4000000000005,4,865.2599999999998,2opt,notBad
2878,17,2675.2800000000007,4,865.2599999999998,2opt,acceptBad
2879,17,2675.2800000000007,4,865.2599999999998,2opt,notBad
2880,17,2675.2800000000007,4,865.2599999999998,2opt,notBad
2881,17,2675.2800000000007,4,865.2599999999998,2opt,notBad
2882,17,2630.0,4,865.2599999999998,move,improve
2883,17,2630.0,4,865.2599999999998,2opt,notBad
2884,17,2630.0,4,865.2599999999998,2opt,notBad
2885,17,2630.0,4,865.2599999999998,2opt,improve
2886,17,2630.0,4,865.2599999999998,swap,notBad
2887,17,2630.0,4,865.2599999999998,2opt,notBad
2888,17,2630.0,4,865.2599999999998,move,improve
2889,17,2636.2400000000002,4,865.2599999999998,2opt,acceptBad
2890,17,2636.2400000000002,4,865.2599999999998,swap,notBad
2891,17,2656.000000000001,4,865.2599999999998,swap,acceptBad
2892,17,2656.000000000001,4,865.2599999999998,swap,notBad
2893,17,2656.000000000001,4,865.2599999999998,swap,notBad
2894,17,2656.000000000001,4,865.2599999999998,move,improve
2895,17,2656.000000000001,4,865.2599999999998,swap,notBad
2896,17,2642.9200000000005,4,865.2599999999998,2opt,improve
2897,17,2642.9200000000005,4,865.2599999999998,swap,notBad
2898,17,2642.9200000000005,4,865.2599999999998,swap,notBad
2899,17,2668.6800000000007,4,865.2599999999998,swap,acceptBad
2900,17,2653.880000000001,4,865.2599999999998,swap,improve
2901,17,2619.440000000001,4,865.2599999999998,move,improve
2902,17,2619.440000000001,4,865.2599999999998,move,improve
2903,17,2619.440000000001,4,865.2599999999998,move,improve
2904,17,2619.440000000001,4,865.2599999999998,move,improve
2905,17,2619.440000000001,4,865.2599999999998,swap,notBad
2906,17,2639.160000000001,4,865.2599999999998,swap,acceptBad
2907,17,2639.160000000001,4,865.2599999999998,2opt,notBad
2908,17,2639.160000000001,4,865.2599999999998,2opt,notBad
2909,17,2639.160000000001,4,865.2599999999998,move,improve
2910,17,2639.160000000001,4,865.2599999999998,2opt,notBad
2911,17,2534.6400000000003,4,865.2599999999998,swap,improve
2912,17,2534.6400000000003,4,865.2599999999998,swap,notBad
2913,17,2534.6400000000003,4,865.2599999999998,move,improve
2914,17,2534.6400000000003,4,865.2599999999998,2opt,notBad
2915,17,2534.6400000000003,4,865.2599999999998,move,improve
2916,17,2534.6400000000003,4,865.2599999999998,swap,notBad
2917,17,2534.6400000000003,4,865.2599999999998,swap,notBad
2918,17,2534.6400000000003,4,865.2599999999998,swap,notBad
2919,17,2534.6400000000003,4,865.2599999999998,swap,notBad
2920,17,2534.6400000000003,4,865.2599999999998,2opt,notBad
2921,17,2540.1600000000008,4,865.2599999999998,2opt,acceptBad
2922,17,2540.1600000000008,4,865.2599999999998,2opt,notBad
2923,17,2518.0,4,865.2599999999998,move,improve
2924,17,2518.0,4,865.2599999999998,2opt,notBad
2925,17,2518.0,4,865.2599999999998,2opt,notBad
2926,17,2391.4,4,865.2599999999998,move,improve
2927,17,2388.8399999999997,4,865.2599999999998,move,improve
2928,17,2388.8399999999997,4,865.2599999999998,2opt,notBad
2929,17,2388.8399999999997,4,865.2599999999998,swap,notBad
2930,17,2388.8399999999997,4,865.2599999999998,2opt,notBad
2931,17,2388.8399999999997,4,865.2599999999998,move,improve
2932,17,2388.8399999999997,4,865.2599999999998,move,improve
2933,17,2432.0799999999995,4,865.2599999999998,swap,acceptBad
2934,17,2432.0799999999995,4,865.2599999999998,move,improve
2935,17,2432.0799999999995,4,865.2599999999998,swap,notBad
2936,17,2412.6399999999985,4,865.2599999999998,move,improve
2937,17,2412.6399999999985,4,865.2599999999998,2opt,notBad
2938,17,2410.199999999999,4,865.2599999999998,move,improve
2939,17,2410.199999999999,4,865.2599999999998,move,improve
2940,17,2410.199999999999,4,865.2599999999998,move,improve
2941,17,2406.3199999999983,4,865.2599999999998,move,improve
2942,17,2406.3199999999983,4,865.2599999999998,swap,notBad
2943,17,2404.5599999999977,4,865.2599999999998,2opt,improve
2944,17,2418.5199999999977,4,865.2599999999998,swap,acceptBad
2945,17,2418.5199999999977,4,865.2599999999998,2opt,notBad
2946,17,2418.5199999999977,4,865.2599999999998,2opt,improve
2947,17,2418.5199999999977,4,865.2599999999998,move,improve
2948,17,2418.5199999999977,4,865.2599999999998,2opt,notBad
2949,17,2418.5199999999977,4,865.2599999999998,2opt,notBad
2950,17,2418.5199999999977,4,865.2599999999998,move,improve
2951,17,2457.7999999999984,4,865.2599999999998,move,acceptBad
2952,17,2457.7999999999984,4,865.2599999999998,swap,notBad
2953,17,2457.7999999999984,4,865.2599999999998,2opt,notBad
2954,17,2457.7999999999984,4,865.2599999999998,swap,notBad
2955,17,2457.7999999999984,4,865.2599999999998,swap,notBad
2956,17,2457.7999999999984,4,865.2599999999998,move,improve
2957,17,2457.7999999999984,4,865.2599999999998,move,improve
2958,17,2457.7999999999984,4,865.2599999999998,2opt,notBad
2959,17,2457.7999999999984,4,865.2599999999998,2opt,improve
2960,17,2451.2799999999984,4,865.2599999999998,move,improve
2961,17,2451.2799999999984,4,865.2599999999998,move,improve
2962,17,2451.2799999999984,4,865.2599999999998,swap,notBad
2963,17,2451.2799999999984,4,865.2599999999998,move,improve
2964,17,2451.2799999999984,4,865.2599999999998,move,improve
2965,17,2451.2799999999984,4,865.2599999999998,move,improve
2966,17,2451.2799999999984,4,865.2599999999998,move,improve
2967,17,2451.2799999999984,4,865.2599999999998,move,improve
2968,17,2451.2799999999984,4,865.2599999999998,2opt,notBad
2969,17,2473.2399999999984,4,865.2599999999998,swap,acceptBad
2970,17,2473.2399999999984,4,865.2599999999998,swap,notBad
2971,17,2473.2399999999984,4,865.2599999999998,swap,notBad
2972,17,2473.2399999999984,4,865.2599999999998,2opt,notBad
2973,17,2473.2399999999984,4,865.2599999999998,swap,notBad
2974,17,2467.9199999999987,4,865.2599999999998,move,improve
2975,17,2476.639999999999,4,865.2599999999998,2opt,acceptBad
2976,17,2466.8799999999987,4,865.2599999999998,move,improve
2977,17,2456.5599999999986,4,865.2599999999998,2opt,improve
2978,17,2456.5599999999986,4,865.2599999999998,swap,notBad
2979,17,2455.999999999999,4,865.2599999999998,move,improve
2980,17,2455.999999999999,4,865.2599999999998,2opt,notBad
2981,17,2455.999999999999,4,865.2599999999998,move,improve
2982,17,2455.999999999999,4,865.2599999999998,swap,notBad
2983,17,2497.879999999999,4,865.2599999999998,swap,acceptBad
2984,17,2452.3599999999988,4,865.2599999999998,move,improve
2985,17,2443.519999999999,4,865.2599999999998,swap,improve
2986,17,2464.159999999999,4,865.2599999999998,swap,acceptBad
2987,17,2420.3199999999993,4,865.2599999999998,move,improve
2988,17,2446.9999999999986,4,865.2599999999998,2opt,acceptBad
2989,17,2446.9999999999986,4,865.2599999999998,move,improve
2990,17,2446.9999999999986,4,865.2599999999998,move,improve
2991,17,2430.4399999999982,4,865.2599999999998,swap,improve
2992,17,2430.4399999999982,4,865.2599999999998,move,improve
2993,17,2430.4399999999982,4,865.2599999999998,move,improve
2994,17,2430.4399999999982,4,865.2599999999998,2opt,notBad
2995,17,2430.4399999999982,4,865.2599999999998,swap,notBad
2996,17,2421.5999999999976,4,865.2599999999998,move,improve
2997,17,2421.5999999999976,4,865.2599999999998,swap,notBad
2998,17,2421.5999999999976,4,865.2599999999998,move,improve
2999,17,2549.8799999999997,4,865.2599999999998,swap,acceptBad
3000,17,2535.0,4,865.2599999999998,2opt,improve
3001,17,2465.3599999999983,4,865.2599999999998,move,improve
3002,17,2465.3599999999983,4,865.2599999999998,2opt,notBad
3003,17,2465.3599999999983,4,865.2599999999998,swap,notBad
3004,17,2494.5599999999995,4,865.2599999999998,swap,acceptBad
3005,17,2494.5599999999995,4,865.2599999999998,2opt,notBad
3006,17,2482.4799999999996,4,865.2599999999998,move,improve
3007,17,2482.4799999999996,4,865.2599999999998,swap,notBad
3008,17,2520.2000000000003,4,865.2599999999998,swap,acceptBad
3009,17,2554.320000000002,4,865.2599999999998,2opt,acceptBad
3010,17,2554.320000000002,4,865.2599999999998,2opt,notBad
3011,17,2554.320000000002,4,865.2599999999998,move,improve
3012,17,2554.320000000002,4,865.2599999999998,2opt,notBad
3013,17,2554.320000000002,4,865.2599999999998,swap,notBad
3014,17,2554.320000000002,4,865.2599999999998,move,improve
3015,17,2554.320000000002,4,865.2599999999998,2opt,notBad
3016,17,2554.320000000002,4,865.2599999999998,swap,notBad
3017,17,2554.320000000002,4,865.2599999999998,move,improve
3018,17,2554.320000000002,4,865.2599999999998,swap,notBad
3019,17,2554.320000000002,4,865.2599999999998,swap,notBad
3020,17,2554.320000000002,4,865.2599999999998,2opt,notBad
3021,17,2554.320000000002,4,865.2599999999998,move,improve
3022,17,2554.320000000002,4,865.2599999999998,2opt,notBad
3023,17,2554.320000000002,4,865.2599999999998,swap,notBad
3024,17,2554.320000000002,4,865.2599999999998,2opt,notBad
3025,17,2554.320000000002,4,865.2599999999998,move,improve
3026,17,2554.320000000002,4,865.2599999999998,2opt,notBad
3027,17,2555.600000000002,4,865.2599999999998,2opt,acceptBad
3028,17,2555.600000000002,4,865.2599999999998,move,improve
3029,17,2555.600000000002,4,865.2599999999998,move,improve
3030,17,2555.600000000002,4,865.2599999999998,swap,notBad
3031,17,2573.1200000000026,4,865.2599999999998,swap,acceptBad
3032,17,2579.000000000002,4,865.2599999999998,2opt,acceptBad
3033,17,2579.000000000002,4,865.2599999999998,2opt,notBad
3034,17,2579.000000000002,4,865.2599999999998,swap,notBad
3035,17,2579.000000000002,4,865.2599999999998,2opt,notBad
3036,17,2579.000000000002,4,865.2599999999998,2opt,notBad
3037,17,2578.320000000002,4,865.2599999999998,move,improve
3038,17,2578.320000000002,4,865.2599999999998,move,improve
3039,17,2578.320000000002,4,865.2599999999998,2opt,notBad
3040,17,2534.360000000002,4,865.2599999999998,move,improve
3041,17,2534.360000000002,4,865.2599999999998,swap,notBad
3042,17,2548.840000000002,4,865.2599999999998,2opt,acceptBad
3043,17,2546.1600000000026,4,865.2599999999998,move,improve
3044,17,2546.1600000000026,4,865.2599999999998,swap,notBad
3045,17,2543.6800000000026,4,865.2599999999998,swap,improve
3046,17,2543.6800000000026,4,865.2599999999998,move,improve
3047,17,2543.6800000000026,4,865.2599999999998,move,improve
3048,17,2543.6800000000026,4,865.2599999999998,move,improve
3049,17,2551.9600000000028,4,865.2599999999998,swap,acceptBad
3050,17,2551.9600000000028,4,865.2599999999998,2opt,notBad
3051,17,2551.9600000000028,4,865.2599999999998,move,improve
3052,17,2551.9600000000028,4,865.2599999999998,2opt,notBad
3053,17,2551.9600000000028,4,865.2599999999998,swap,notBad
3054,17,2482.36,4,865.2599999999998,move,improve
3055,17,2465.5999999999995,4,865.2599999999998,move,improve
3056,17,2465.5999999999995,4,865.2599999999998,2opt,notBad
3057,17,2465.5999999999995,4,865.2599999999998,2opt,notBad
3058,17,2465.5999999999995,4,865.2599999999998,2opt,notBad
3059,17,2465.5999999999995,4,865.2599999999998,move,improve
3060,17,2465.5999999999995,4,865.2599999999998,2opt,notBad
3061,17,2465.5999999999995,4,865.2599999999998,move,improve
3062,17,2465.5999999999995,4,865.2599999999998,2opt,notBad
3063,17,2465.5999999999995,4,865.2599999999998,2opt,notBad
3064,17,2465.5999999999995,4,865.2599999999998,2opt,notBad
3065,17,2465.5999999999995,4,865.2599999999998,move,improve
3066,17,2465.5999999999995,4,865.2599999999998,swap,notBad
3067,17,2465.5999999999995,4,865.2599999999998,move,improve
3068,17,2465.5999999999995,4,865.2599999999998,swap,notBad
3069,17,2465.5999999999995,4,865.2599999999998,swap,notBad
3070,17,2465.5999999999995,4,865.2599999999998,swap,notBad
3071,17,2465.5999999999995,4,865.2599999999998,swap,notBad
3072,17,2465.12,4,865.2599999999998,move,improve
3073,17,2420.3199999999997,4,865.2599999999998,swap,improve
3074,17,2420.3199999999997,4,865.2599999999998,2opt,notBad
3075,17,2410.959999999999,4,865.2599999999998,move,improve
3076,17,2410.959999999999,4,865.2599999999998,2opt,notBad
3077,17,2410.959999999999,4,865.2599999999998,2opt,notBad
3078,17,2466.8399999999983,4,865.2599999999998,swap,acceptBad
3079,17,2461.9199999999987,4,865.2599999999998,move,improve
3080,17,2461.9199999999987,4,865.2599999999998,2opt,notBad
3081,17,2461.9199999999987,4,865.2599999999998,2opt,notBad
3082,17,2461.9199999999987,4,865.2599999999998,swap,notBad
3083,17,2461.9199999999987,4,865.2599999999998,swap,notBad
3084,17,2461.9199999999987,4,865.2599999999998,2opt,notBad
3085,17,2461.9199999999987,4,865.2599999999998,2opt,notBad
3086,17,2461.9199999999987,4,865.2599999999998,swap,notBad
3087,17,2346.1599999999994,4,865.2599999999998,move,improve
3088,17,2346.1599999999994,4,865.2599999999998,move,improve
3089,17,2346.1599999999994,4,865.2599999999998,2opt,notBad
3090,17,2346.1599999999994,4,865.2599999999998,2opt,notBad
3091,17,2346.1599999999994,4,865.2599999999998,2opt,notBad
3092,17,2346.1599999999994,4,865.2599999999998,swap,notBad
3093,17,2443.4799999999996,4,865.2599999999998,swap,acceptBad
3094,17,2443.4799999999996,4,865.2599999999998,2opt,notBad
3095,17,2443.4799999999996,4,865.2599999999998,2opt,notBad
3096,17,2443.4799999999996,4,865.2599999999998,move,improve
3097,17,2438.4399999999996,4,865.2599999999998,move,improve
3098,17,2438.4399999999996,4,865.2599999999998,swap,notBad
3099,17,2438.4399999999996,4,865.2599999999998,2opt,notBad
3100,17,2438.4399999999996,4,865.2599999999998,2opt,notBad
3101,17,2522.88,4,865.2599999999998,swap,acceptBad
3102,17,2522.88,4,865.2599999999998,swap,notBad
3103,17,2500.7200000000003,4,865.2599999999998,move,improve
3104,17,2460.96,4,865.2599999999998,move,improve
3105,17,2460.96,4,865.2599999999998,2opt,notBad
3106,17,2460.96,4,865.2599999999998,swap,notBad
3107,17,2449.08,4,865.2599999999998,move,improve
3108,17,2449.08,4,865.2599999999998,move,improve
3109,17,2449.08,4,865.2599999999998,swap,notBad
3110,17,2443.4,4,865.2599999999998,move,improve
3111,17,2443.4,4,865.2599999999998,2opt,notBad
3112,17,2443.4,4,865.2599999999998,swap,notBad
3113,17,2443.4,4,865.2599999999998,2opt,notBad
3114,17,2443.4,4,865.2599999999998,move,improve
3115,17,2443.4,4,865.2599999999998,2opt,notBad
3116,17,2443.4,4,865.2599999999998,swap,notBad
3117,17,2443.4,4,865.2599999999998,move,improve
3118,17,2443.4,4,865.2599999999998,move,improve
3119,17,2443.4,4,865.2599999999998,2opt,notBad
3120,17,2443.4,4,865.2599999999998,swap,notBad
3121,17,2443.4,4,865.2599999999998,move,improve
3122,17,2499.5600000000004,4,865.2599999999998,swap,acceptBad
3123,17,2499.5600000000004,4,865.2599999999998,move,improve
3124,17,2499.5600000000004,4,865.2599999999998,move,improve
3125,17,2499.5600000000004,4,865.2599999999998,move,improve
3126,17,2513.5600000000004,4,865.2599999999998,2opt,acceptBad
3127,17,2513.5600000000004,4,865.2599999999998,swap,notBad
3128,17,2545.7200000000003,4,865.2599999999998,swap,acceptBad
3129,17,2545.7200000000003,4,865.2599999999998,2opt,notBad
3130,17,2545.7200000000003,4,865.2599999999998,move,improve
3131,17,2545.7200000000003,4,865.2599999999998,2opt,notBad
3132,17,2545.7200000000003,4,865.2599999999998,2opt,notBad
3133,17,2534.080000000001,4,865.2599999999998,move,improve
3134,17,2534.080000000001,4,865.2599999999998,move,improve
3135,17,2534.080000000001,4,865.2599999999998,move,improve
3136,17,2534.080000000001,4,865.2599999999998,swap,notBad
3137,17,2534.080000000001,4,865.2599999999998,move,improve
3138,17,2534.080000000001,4,865.2599999999998,move,improve
3139,17,2534.080000000001,4,865.2599999999998,swap,notBad
3140,17,2534.080000000001,4,865.2599999999998,2opt,notBad
3141,17,2534.080000000001,4,865.2599999999998,2opt,notBad
3142,17,2534.080000000001,4,865.2599999999998,2opt,notBad
3143,17,2534.080000000001,4,865.2599999999998,2opt,notBad
3144,17,2534.080000000001,4,865.2599999999998,2opt,improve
3145,17,2572.1999999999994,4,865.2599999999998,swap,acceptBad
3146,17,2572.1999999999994,4,865.2599999999998,move,improve
3147,17,2572.1999999999994,4,865.2599999999998,move,improve
3148,17,2572.1999999999994,4,865.2599999999998,2opt,notBad
3149,17,2572.1999999999994,4,865.2599999999998,swap,notBad
3150,17,2572.1999999999994,4,865.2599999999998,move,improve
3151,17,2572.1999999999994,4,865.2599999999998,move,improve
3152,17,2572.1999999999994,4,865.2599999999998,2opt,notBad
3153,17,2572.1999999999994,4,865.2599999999998,2opt,notBad
3154,17,2572.1999999999994,4,865.2599999999998,swap,notBad
3155,17,2567.8399999999992,4,865.2599999999998,move,improve
3156,17,2559.1199999999994,4,865.2599999999998,move,improve
3157,17,2559.1199999999994,4,865.2599999999998,swap,notBad
3158,17,2559.1199999999994,4,865.2599999999998,move,improve
3159,17,2559.1199999999994,4,865.2599999999998,swap,notBad
3160,17,2559.1199999999994,4,865.2599999999998,move,improve
3161,17,2559.1199999999994,4,865.2599999999998,swap,notBad
3162,17,2559.1199999999994,4,865.2599999999998,swap,notBad
3163,17,2559.1199999999994,4,865.2599999999998,move,improve
3164,17,2559.1199999999994,4,865.2599999999998,move,improve
3165,17,2559.1199999999994,4,865.2599999999998,move,improve
3166,17,2559.1199999999994,4,865.2599999999998,2opt,notBad
3167,17,2549.199999999999,4,865.2599999999998,move,improve
3168,17,2544.199999999999,4,865.2599999999998,move,improve
3169,17,2544.199999999999,4,865.2599999999998,2opt,notBad
3170,17,2544.199999999999,4,865.2599999999998,move,improve
3171,17,2544.199999999999,4,865.2599999999998,swap,notBad
3172,17,2544.199999999999,4,865.2599999999998,swap,notBad
3173,17,2544.199999999999,4,865.2599999999998,swap,notBad
3174,17,2544.199999999999,4,865.2599999999998,2opt,notBad
3175,17,2544.199999999999,4,865.2599999999998,swap,notBad
3176,17,2544.199999999999,4,865.2599999999998,swap,notBad
3177,17,2544.919999999999,4,865.2599999999998,swap,acceptBad
3178,17,2544.919999999999,4,865.2599999999998,swap,notBad
3179,17,2544.919999999999,4,865.2599999999998,move,improve
3180,17,2544.919999999999,4,865.2599999999998,swap,notBad
3181,17,2544.919999999999,4,865.2599999999998,2opt,notBad
3182,17,2544.919999999999,4,865.2599999999998,swap,notBad
3183,17,2544.919999999999,4,865.2599999999998,2opt,notBad
3184,17,2533.7199999999993,4,865.2599999999998,move,improve
3185,17,2472.7199999999984,4,865.2599999999998,move,improve
3186,17,2472.7199999999984,4,865.2599999999998,swap,notBad
3187,17,2472.7199999999984,4,865.2599999999998,2opt,notBad
3188,17,2472.7199999999984,4,865.2599999999998,2opt,notBad
3189,17,2472.7199999999984,4,865.2599999999998,swap,notBad
3190,17,2478.2799999999984,4,865.2599999999998,2opt,acceptBad
3191,17,2478.2799999999984,4,865.2599999999998,move,improve
3192,17,2478.2799999999984,4,865.2599999999998,swap,notBad
3193,17,2482.3599999999988,4,865.2599999999998,swap,acceptBad
3194,17,2482.3599999999988,4,865.2599999999998,swap,notBad
3195,17,2482.3599999999988,4,865.2599999999998,2opt,notBad
3196,17,2506.5199999999986,4,865.2599999999998,swap,acceptBad
3197,17,2506.5199999999986,4,865.2599999999998,swap,notBad
3198,17,2506.5199999999986,4,865.2599999999998,2opt,notBad
3199,17,2506.5199999999986,4,865.2599999999998,2opt,notBad
3200,17,2506.5199999999986,4,865.2599999999998,swap,notBad
3201,17,2506.5199999999986,4,865.2599999999998,2opt,notBad
3202,17,2544.3999999999987,4,865.2599999999998,swap,acceptBad
3203,17,2544.3999999999987,4,865.2599999999998,swap,notBad
3204,17,2513.3199999999983,4,865.2599999999998,move,improve
3205,17,2513.3199999999983,4,865.2599999999998,swap,notBad
3206,17,2513.3199999999983,4,865.2599999999998,2opt,notBad
3207,17,2513.3199999999983,4,865.2599999999998,move,improve
3208,17,2513.3199999999983,4,865.2599999999998,2opt,notBad
3209,17,2526.9199999999983,4,865.2599999999998,swap,acceptBad
3210,17,2526.9199999999983,4,865.2599999999998,swap,notBad
3211,17,2526.9199999999983,4,865.2599999999998,swap,notBad
3212,17,2526.9199999999983,4,865.2599999999998,2opt,notBad
3213,17,2526.9199999999983,4,865.2599999999998,move,improve
3214,17,2526.9199999999983,4,865.2599999999998,swap,notBad
3215,17,2532.959999999998,4,865.2599999999998,2opt,acceptBad
3216,17,2532.959999999998,4,865.2599999999998,move,improve
3217,17,2540.7999999999984,4,865.2599999999998,2opt,acceptBad
3218,17,2540.7999999999984,4,865.2599999999998,2opt,notBad
3219,17,2540.7999999999984,4,865.2599999999998,swap,notBad
3220,17,2540.7999999999984,4,865.2599999999998,2opt,notBad
3221,17,2540.7999999999984,4,865.2599999999998,move,improve
3222,17,2475.9999999999977,4,865.2599999999998,move,improve
3223,17,2475.9999999999977,4,865.2599999999998,swap,notBad
3224,17,2475.9999999999977,4,865.2599999999998,2opt,notBad
3225,17,2475.9999999999977,4,865.2599999999998,2opt,notBad
3226,17,2475.9999999999977,4,865.2599999999998,2opt,notBad
3227,17,2475.9999999999977,4,865.2599999999998,move,improve
3228,17,2475.9999999999977,4,865.2599999999998,2opt,notBad
3229,17,2475.9999999999977,4,865.2599999999998,2opt,notBad
3230,17,2481.8399999999983,4,865.2599999999998,2opt,acceptBad
3231,17,2481.8399999999983,4,865.2599999999998,move,improve
3232,17,2481.8399999999983,4,865.2599999999998,swap,notBad
3233,17,2481.8399999999983,4,865.2599999999998,swap,notBad
3234,17,2464.959999999999,4,865.2599999999998,move,improve
3235,17,2464.959999999999,4,865.2599999999998,move,improve
3236,17,2464.959999999999,4,865.2599999999998,move,improve
3237,17,2464.959999999999,4,865.2599999999998,swap,notBad
3238,17,2464.959999999999,4,865.2599999999998,2opt,notBad
3239,17,2464.959999999999,4,865.2599999999998,2opt,notBad
3240,17,2448.9199999999996,4,865.2599999999998,move,improve
3241,17,2448.9199999999996,4,865.2599999999998,2opt,notBad
3242,17,2448.9199999999996,4,865.2599999999998,2opt,notBad
3243,17,2448.0399999999995,4,865.2599999999998,move,improve
3244,17,2448.0399999999995,4,865.2599999999998,2opt,notBad
3245,17,2448.0399999999995,4,865.2599999999998,2opt,notBad
3246,17,2455.9599999999996,4,865.2599999999998,2opt,acceptBad
3247,17,2455.9599999999996,4,865.2599999999998,2opt,notBad
3248,17,2455.9599999999996,4,865.2599999999998,move,improve
3249,17,2455.9599999999996,4,865.2599999999998,move,improve
3250,17,2455.9599999999996,4,865.2599999999998,swap,notBad
3251,17,2455.9599999999996,4,865.2599999999998,move,improve
3252,17,2455.9599999999996,4,865.2599999999998,move,improve
3253,17,2455.9599999999996,4,865.2599999999998,move,improve
3254,17,2444.8400000000006,4,865.2599999999998,move,improve
3255,17,2444.8400000000006,4,865.2599999999998,2opt,notBad
3256,17,2444.8400000000006,4,865.2599999999998,2opt,notBad
3257,17,2452.6400000000003,4,865.2599999999998,2opt,acceptBad
3258,17,2452.6400000000003,4,865.2599999999998,2opt,notBad
3259,17,2452.6400000000003,4,865.2599999999998,move,improve
3260,17,2452.6400000000003,4,865.2599999999998,2opt,notBad
3261,17,2452.6400000000003,4,865.2599999999998,move,improve
3262,17,2452.6400000000003,4,865.2599999999998,swap,notBad
3263,17,2452.6400000000003,4,865.2599999999998,2opt,notBad
3264,17,2452.6400000000003,4,865.2599999999998,swap,notBad
3265,17,2452.6400000000003,4,865.2599999999998,swap,notBad
3266,17,2446.4400000000005,4,865.2599999999998,2opt,improve
3267,17,2446.4400000000005,4,865.2599999999998,move,improve
3268,17,2446.4400000000005,4,865.2599999999998,swap,notBad
3269,17,2443.960000000001,4,865.2599999999998,move,improve
3270,17,2443.960000000001,4,865.2599999999998,2opt,notBad
3271,17,2443.960000000001,4,865.2599999999998,swap,notBad
3272,17,2443.960000000001,4,865.2599999999998,2opt,notBad
3273,17,2443.960000000001,4,865.2599999999998,swap,notBad
3274,17,2443.960000000001,4,865.2599999999998,swap,notBad
3275,17,2443.960000000001,4,865.2599999999998,2opt,notBad
3276,17,2443.960000000001,4,865.2599999999998,2opt,notBad
3277,17,2443.960000000001,4,865.2599999999998,move,improve
3278,17,2443.960000000001,4,865.2599999999998,2opt,notBad
3279,17,2443.960000000001,4,865.2599999999998,2opt,notBad
3280,17,2443.960000000001,4,865.2599999999998,2opt,notBad
3281,17,2443.960000000001,4,865.2599999999998,2opt,notBad
3282,17,2443.960000000001,4,865.2599999999998,2opt,notBad
3283,17,2443.960000000001,4,865.2599999999998,move,improve
3284,17,2443.960000000001,4,865.2599999999998,swap,notBad
3285,17,2443.960000000001,4,865.2599999999998,swap,notBad
3286,17,2443.960000000001,4,865.2599999999998,swap,notBad
3287,17,2425.960000000001,4,865.2599999999998,move,improve
3288,17,2425.960000000001,4,865.2599999999998,2opt,notBad
3289,17,2425.96,4,865.2599999999998,2opt,improve
3290,17,2425.96,4,865.2599999999998,move,improve
3291,17,2425.96,4,865.2599999999998,swap,notBad
3292,17,2425.96,4,865.2599999999998,2opt,improve
3293,17,2425.96,4,865.2599999999998,move,improve
3294,17,2425.96,4,865.2599999999998,2opt,improve
3295,17,2425.96,4,865.2599999999998,swap,notBad
3296,17,2425.96,4,865.2599999999998,move,improve
3297,17,2425.96,4,865.2599999999998,swap,notBad
3298,17,2425.96,4,865.2599999999998,swap,notBad
3299,17,2425.96,4,865.2599999999998,2opt,notBad
3300,17,2425.96,4,865.2599999999998,move,improve
3301,17,2425.96,4,865.2599999999998,swap,notBad
3302,17,2445.08,4,865.2599999999998,swap,acceptBad
3303,17,2443.080000000001,4,865.2599999999998,move,improve
3304,17,2417.1600000000008,4,865.2599999999998,move,improve
3305,17,2417.1600000000008,4,865.2599999999998,2opt,notBad
3306,17,2417.1600000000008,4,865.2599999999998,2opt,notBad
3307,17,2417.1600000000008,4,865.2599999999998,2opt,notBad
3308,17,2470.0,4,865.2599999999998,swap,acceptBad
3309,17,2466.88,4,865.2599999999998,swap,improve
3310,17,2466.88,4,865.2599999999998,2opt,notBad
3311,17,2460.2800000000007,4,865.2599999999998,move,improve
3312,17,2460.2800000000007,4,865.2599999999998,swap,notBad
3313,17,2460.2800000000007,4,865.2599999999998,2opt,notBad
3314,17,2460.2800000000007,4,865.2599999999998,2opt,notBad
3315,17,2460.2800000000007,4,865.2599999999998,swap,notBad
3316,17,2460.2800000000007,4,865.2599999999998,2opt,notBad
3317,17,2460.2800000000007,4,865.2599999999998,move,improve
3318,17,2460.2800000000007,4,865.2599999999998,swap,notBad
3319,17,2460.2800000000007,4,865.2599999999998,2opt,notBad
3320,17,2458.6,4,865.2599999999998,move,improve
3321,17,2458.6,4,865.2599999999998,2opt,notBad
3322,17,2458.6,4,865.2599999999998,swap,notBad
3323,17,2458.6,4,865.2599999999998,2opt,notBad
3324,17,2458.6,4,865.2599999999998,2opt,notBad
3325,17,2458.6,4,865.2599999999998,2opt,notBad
3326,17,2458.6,4,865.2599999999998,move,improve
3327,17,2458.6,4,865.2599999999998,swap,notBad
3328,17,2458.6,4,865.2599999999998,2opt,notBad
3329,17,2458.6,4,865.2599999999998,2opt,notBad
3330,17,2458.6,4,865.2599999999998,swap,notBad
3331,17,2458.6,4,865.2599999999998,move,improve
3332,17,2458.6,4,865.2599999999998,move,improve
3333,17,2458.6,4,865.2599999999998,2opt,notBad
3334,17,2458.6,4,865.2599999999998,2opt,notBad
3335,17,2458.6,4,865.2599999999998,swap,notBad
3336,17,2458.6,4,865.2599999999998,move,improve
3337,17,2458.6,4,865.2599999999998,move,improve
3338,17,2458.6,4,865.2599999999998,2opt,notBad
3339,17,2458.6,4,865.2599999999998,move,improve
3340,17,2414.96,4,865.2599999999998,move,improve
3341,17,2414.96,4,865.2599999999998,move,improve
3342,17,2414.96,4,865.2599999999998,swap,notBad
3343,17,2414.96,4,865.2599999999998,move,improve
3344,17,2414.96,4,865.2599999999998,2opt,notBad
3345,17,2414.96,4,865.2599999999998,2opt,notBad
3346,17,2414.96,4,865.2599999999998,2opt,notBad
3347,17,2395.0,4,865.2599999999998,move,improve
3348,17,2395.0,4,865.2599999999998,2opt,notBad
3349,17,2395.0,4,865.2599999999998,2opt,notBad
3350,17,2395.0,4,865.2599999999998,2opt,notBad
3351,17,2395.0,4,865.2599999999998,move,improve
3352,17,2393.2400000000002,4,865.2599999999998,move,improve
3353,17,2401.84,4,865.2599999999998,swap,acceptBad
3354,17,2401.84,4,865.2599999999998,2opt,improve
3355,17,2401.84,4,865.2599999999998,2opt,notBad
3356,17,2401.84,4,865.2599999999998,swap,notBad
3357,17,2401.84,4,865.2599999999998,move,improve
3358,17,2401.84,4,865.2599999999998,move,improve
3359,17,2374.8799999999997,4,865.2599999999998,swap,improve
3360,17,2374.8799999999997,4,865.2599999999998,move,improve
3361,17,2374.8799999999997,4,865.2599999999998,2opt,notBad
3362,17,2374.8799999999997,4,865.2599999999998,move,improve
3363,17,2379.5999999999995,4,865.2599999999998,swap,acceptBad
3364,17,2379.5999999999995,4,865.2599999999998,move,improve
3365,17,2388.8399999999992,4,865.2599999999998,2opt,acceptBad
3366,17,2388.8399999999992,4,865.2599999999998,2opt,notBad
3367,17,2388.8399999999992,4,865.2599999999998,swap,notBad
3368,17,2404.5599999999986,4,865.2599999999998,2opt,acceptBad
3369,17,2404.5599999999986,4,865.2599999999998,swap,notBad
3370,17,2404.5599999999986,4,865.2599999999998,swap,notBad
3371,17,2404.5599999999986,4,865.2599999999998,move,improve
3372,17,2404.5599999999986,4,865.2599999999998,2opt,notBad
3373,17,2404.5599999999986,4,865.2599999999998,2opt,notBad
3374,17,2402.639999999999,4,865.2599999999998,move,improve
3375,17,2421.3599999999983,4,865.2599999999998,2opt,acceptBad
3376,17,2422.9999999999986,4,865.2599999999998,swap,acceptBad
3377,17,2408.0799999999986,4,865.2599999999998,2opt,improve
3378,17,2408.0799999999986,4,865.2599999999998,move,improve
3379,17,2429.8799999999987,4,865.2599999999998,2opt,acceptBad
3380,17,2429.8799999999987,4,865.2599999999998,swap,notBad
3381,17,2429.8799999999987,4,865.2599999999998,swap,notBad
3382,17,2419.5199999999995,4,865.2599999999998,2opt,improve
3383,17,2419.5199999999995,4,865.2599999999998,move,improve
3384,17,2419.5199999999995,4,865.2599999999998,2opt,notBad
3385,17,2301.3199999999993,4,865.2599999999998,move,improve
3386,17,2301.3199999999993,4,865.2599999999998,swap,notBad
3387,17,2295.3599999999988,4,865.2599999999998,2opt,improve
3388,17,2334.5999999999985,4,865.2599999999998,swap,acceptBad
3389,17,2334.5999999999985,4,865.2599999999998,move,improve
3390,17,2334.5999999999985,4,865.2599999999998,move,improve
3391,17,2334.5999999999985,4,865.2599999999998,move,improve
3392,17,2334.5999999999985,4,865.2599999999998,swap,notBad
3393,17,2334.5999999999985,4,865.2599999999998,swap,notBad
3394,17,2334.5999999999985,4,865.2599999999998,swap,notBad
3395,17,2334.5999999999985,4,865.2599999999998,2opt,notBad
3396,17,2332.3999999999983,4,865.2599999999998,move,improve
3397,17,2332.3999999999983,4,865.2599999999998,move,improve
3398,17,2331.479999999998,4,865.2599999999998,2opt,improve
3399,17,2331.24,4,865.2599999999998,move,improve
3400,17,2331.24,4,865.2599999999998,2opt,notBad
3401,17,2331.24,4,865.2599999999998,swap,notBad
3402,17,2331.24,4,865.2599999999998,swap,notBad
3403,17,2331.24,4,865.2599999999998,swap,notBad
3404,17,2331.24,4,865.2599999999998,move,improve
3405,17,2331.24,4,865.2599999999998,move,improve
3406,17,2331.24,4,865.2599999999998,swap,notBad
3407,17,2331.24,4,865.2599999999998,2opt,notBad
3408,17,2331.24,4,865.2599999999998,move,improve
3409,17,2331.24,4,865.2599999999998,swap,notBad
3410,17,2331.24,4,865.2599999999998,swap,notBad
3411,17,2331.24,4,865.2599999999998,swap,notBad
3412,17,2331.24,4,865.2599999999998,2opt,notBad
3413,17,2331.24,4,865.2599999999998,move,improve
3414,17,2331.24,4,865.2599999999998,swap,notBad
3415,17,2335.200000000001,4,865.2599999999998,2opt,acceptBad
3416,17,2335.200000000001,4,865.2599999999998,move,improve
3417,17,2335.200000000001,4,865.2599999999998,2opt,notBad
3418,17,2335.200000000001,4,865.2599999999998,move,improve
3419,17,2335.200000000001,4,865.2599999999998,move,improve
3420,17,2335.200000000001,4,865.2599999999998,swap,notBad
3421,17,2335.200000000001,4,865.2599999999998,swap,notBad
3422,17,2335.200000000001,4,865.2599999999998,swap,notBad
3423,17,2335.200000000001,4,865.2599999999998,move,improve
3424,17,2311.5200000000013,4,865.2599999999998,move,improve
3425,17,2311.5200000000013,4,865.2599999999998,2opt,notBad
3426,17,2311.5200000000013,4,865.2599999999998,2opt,notBad
3427,17,2311.5200000000013,4,865.2599999999998,swap,notBad
3428,17,2311.5200000000013,4,865.2599999999998,move,improve
3429,17,2311.5200000000013,4,865.2599999999998,swap,notBad
3430,17,2311.5200000000013,4,865.2599999999998,2opt,notBad
3431,17,2311.5200000000013,4,865.2599999999998,swap,notBad
3432,17,2310.1200000000013,4,865.2599999999998,move,improve
3433,17,2307.3200000000015,4,865.2599999999998,move,improve
3434,17,2307.3200000000015,4,865.2599999999998,move,improve
3435,17,2307.3200000000015,4,865.2599999999998,2opt,improve
3436,17,2307.3200000000015,4,865.2599999999998,swap,notBad
3437,17,2307.3200000000015,4,865.2599999999998,2opt,notBad
3438,17,2307.3200000000015,4,865.2599999999998,move,improve
3439,17,2307.3200000000015,4,865.2599999999998,swap,notBad
3440,17,2302.6000000000004,4,865.2599999999998,2opt,improve
3441,17,2302.6000000000004,4,865.2599999999998,move,improve
3442,17,2302.6000000000004,4,865.2599999999998,2opt,notBad
3443,17,2302.6000000000004,4,865.2599999999998,swap,notBad
3444,17,2287.600000000001,4,865.2599999999998,move,improve
3445,17,2287.600000000001,4,865.2599999999998,move,improve
3446,17,2287.600000000001,4,865.2599999999998,swap,notBad
3447,17,2287.600000000001,4,865.2599999999998,2opt,notBad
3448,17,2287.600000000001,4,865.2599999999998,swap,notBad
3449,17,2287.600000000001,4,865.2599999999998,swap,notBad
3450,17,2287.600000000001,4,865.2599999999998,2opt,notBad
3451,17,2287.600000000001,4,865.2599999999998,swap,notBad
3452,17,2287.600000000001,4,865.2599999999998,move,improve
3453,17,2287.600000000001,4,865.2599999999998,move,improve
3454,16,2001.460000000001,4,865.2599999999998,move,improve
3455,16,2001.460000000001,4,865.2599999999998,2opt,notBad
3456,16,2001.460000000001,4,865.2599999999998,2opt,notBad
3457,16,2001.460000000001,4,865.2599999999998,move,improve
3458,16,2001.460000000001,4,865.2599999999998,swap,notBad
3459,16,2001.460000000001,4,865.2599999999998,2opt,notBad
3460,16,2001.460000000001,4,865.2599999999998,move,improve
3461,16,2001.460000000001,4,865.2599999999998,2opt,notBad
3462,16,2001.460000000001,4,865.2599999999998,move,improve
3463,16,2001.460000000001,4,865.2599999999998,move,improve
3464,16,2001.460000000001,4,865.2599999999998,swap,notBad
3465,16,2001.460000000001,4,865.2599999999998,move,improve
3466,16,2001.460000000001,4,865.2599999999998,move,improve
3467,16,2004.1400000000012,4,865.2599999999998,2opt,acceptBad
3468,16,2004.1400000000012,4,865.2599999999998,move,improve
3469,16,2004.1400000000012,4,865.2599999999998,swap,notBad
3470,16,2004.1400000000012,4,865.2599999999998,swap,notBad
3471,16,2004.1400000000012,4,865.2599999999998,move,improve
3472,16,2004.1400000000012,4,865.2599999999998,swap,notBad
3473,16,2004.1400000000012,4,865.2599999999998,2opt,notBad
3474,16,2004.1400000000012,4,865.2599999999998,move,improve
3475,16,2004.1400000000012,4,865.2599999999998,swap,notBad
3476,16,2004.1400000000012,4,865.2599999999998,2opt,notBad
3477,16,1993.4200000000008,4,865.2599999999998,2opt,improve
3478,16,1993.4200000000008,4,865.2599999999998,move,improve
3479,16,1993.4200000000008,4,865.2599999999998,move,improve
3480,16,1993.4200000000008,4,865.2599999999998,2opt,notBad
3481,16,1971.3800000000008,4,865.2599999999998,move,improve
3482,16,1971.3800000000008,4,865.2599999999998,swap,notBad
3483,16,1966.5600000000006,4,865.2599999999998,2opt,improve
3484,16,1966.5600000000006,4,865.2599999999998,2opt,notBad
3485,16,1955.3600000000006,4,865.2599999999998,swap,improve
3486,16,1955.3600000000006,4,865.2599999999998,swap,notBad
3487,16,1955.3600000000006,4,865.2599999999998,swap,notBad
3488,16,1955.3600000000006,4,865.2599999999998,2opt,improve
3489,16,1955.3600000000006,4,865.2599999999998,swap,notBad
3490,16,1955.3600000000006,4,865.2599999999998,2opt,notBad
3491,16,1955.3600000000006,4,865.2599999999998,move,improve
3492,16,1955.3600000000006,4,865.2599999999998,move,improve
3493,16,1955.3600000000006,4,865.2599999999998,move,improve
3494,16,1955.3600000000006,4,865.2599999999998,swap,notBad
3495,16,1955.3600000000006,4,865.2599999999998,2opt,notBad
3496,16,1955.3600000000006,4,865.2599999999998,move,improve
3497,16,1955.3600000000006,4,865.2599999999998,2opt,notBad
3498,16,1955.3600000000006,4,865.2599999999998,swap,notBad
3499,16,1985.860000000001,4,865.2599999999998,move,acceptBad
3500,16,1985.860000000001,4,865.2599999999998,2opt,notBad
3501,16,1985.860000000001,4,865.2599999999998,swap,notBad
3502,16,1981.5400000000009,4,865.2599999999998,move,improve
3503,16,1981.5400000000009,4,865.2599999999998,swap,notBad
3504,16,1981.5400000000009,4,865.2599999999998,2opt,notBad
3505,16,1981.5400000000009,4,865.2599999999998,swap,notBad
3506,16,1981.5400000000009,4,865.2599999999998,2opt,notBad
3507,16,1981.5400000000009,4,865.2599999999998,2opt,notBad
3508,16,1981.5400000000009,4,865.2599999999998,2opt,notBad
3509,16,2012.1,4,865.2599999999998,swap,acceptBad
3510,16,2007.5,4,865.2599999999998,move,improve
3511,16,2032.54,4,865.2599999999998,swap,acceptBad
3512,16,2041.7400000000002,4,865.2599999999998,swap,acceptBad
3513,16,2081.2599999999998,4,865.2599999999998,swap,acceptBad
3514,16,2081.2599999999998,4,865.2599999999998,2opt,notBad
3515,16,2085.5,4,865.2599999999998,2opt,acceptBad
3516,16,2085.5,4,865.2599999999998,swap,notBad
3517,16,2085.5,4,865.2599999999998,swap,notBad
3518,16,2085.5,4,865.2599999999998,2opt,notBad
3519,16,2045.98,4,865.2599999999998,swap,improve
3520,16,2045.98,4,865.2599999999998,2opt,notBad
3521,16,2045.98,4,865.2599999999998,2opt,notBad
3522,16,2045.98,4,865.2599999999998,swap,notBad
3523,16,2045.98,4,865.2599999999998,2opt,notBad
3524,16,2045.98,4,865.2599999999998,2opt,notBad
3525,16,2045.98,4,865.2599999999998,swap,notBad
3526,16,2045.98,4,865.2599999999998,2opt,notBad
3527,16,2045.98,4,865.2599999999998,2opt,notBad
3528,16,2045.98,4,865.2599999999998,2opt,notBad
3529,16,2045.98,4,865.2599999999998,swap,notBad
3530,16,2045.98,4,865.2599999999998,move,improve
3531,16,2045.98,4,865.2599999999998,move,improve
3532,16,2045.98,4,865.2599999999998,2opt,notBad
3533,16,2045.98,4,865.2599999999998,2opt,notBad
3534,16,2045.98,4,865.2599999999998,2opt,notBad
3535,16,2045.98,4,865.2599999999998,move,improve
3536,16,2045.3400000000001,4,865.2599999999998,move,improve
3537,16,2045.3400000000001,4,865.2599999999998,swap,notBad
3538,16,2045.3400000000001,4,865.2599999999998,2opt,notBad
3539,16,2045.3400000000001,4,865.2599999999998,2opt,notBad
3540,16,2045.3400000000001,4,865.2599999999998,move,improve
3541,16,2045.3400000000001,4,865.2599999999998,swap,notBad
3542,16,2045.3400000000001,4,865.2599999999998,2opt,notBad
3543,16,2045.3400000000001,4,865.2599999999998,2opt,improve
3544,16,2039.42,4,865.2599999999998,move,improve
3545,16,2039.42,4,865.2599999999998,swap,notBad
3546,16,2037.9,4,865.2599999999998,move,improve
3547,16,2037.9,4,865.2599999999998,move,improve
3548,16,2037.9,4,865.2599999999998,swap,notBad
3549,16,2037.9,4,865.2599999999998,2opt,notBad
3550,16,2039.3000000000002,4,865.2599999999998,2opt,acceptBad
3551,16,2040.98,4,865.2599999999998,2opt,acceptBad
3552,16,2040.98,4,865.2599999999998,2opt,notBad
3553,16,2040.98,4,865.2599999999998,swap,notBad
3554,16,2018.6200000000013,4,865.2599999999998,move,improve
3555,16,2018.6200000000013,4,865.2599999999998,2opt,notBad
3556,16,2018.6200000000013,4,865.2599999999998,2opt,notBad
3557,16,2018.340000000001,4,865.2599999999998,move,improve
3558,16,2018.340000000001,4,865.2599999999998,swap,notBad
3559,16,2018.340000000001,4,865.2599999999998,2opt,notBad
3560,16,2017.7400000000011,4,865.2599999999998,2opt,improve
3561,16,2017.7400000000011,4,865.2599999999998,move,improve
3562,16,2017.7400000000011,4,865.2599999999998,move,improve
3563,16,2017.6200000000013,4,865.2599999999998,move,improve
3564,16,2017.6200000000013,4,865.2599999999998,swap,notBad
3565,16,2017.6200000000013,4,865.2599999999998,swap,notBad
3566,16,2017.6200000000013,4,865.2599999999998,swap,notBad
3567,16,2017.6200000000013,4,865.2599999999998,2opt,notBad
3568,16,2017.6200000000013,4,865.2599999999998,2opt,notBad
3569,16,2014.4600000000014,4,865.2599999999998,swap,improve
3570,16,2014.4600000000014,4,865.2599999999998,move,improve
3571,16,2014.4600000000014,4,865.2599999999998,move,improve
3572,16,2014.4600000000014,4,865.2599999999998,move,improve
3573,16,2014.4600000000014,4,865.2599999999998,swap,notBad
3574,16,2014.0800000000013,4,865.2599999999998,move,improve
3575,16,1996.6800000000012,4,865.2599999999998,move,improve
3576,16,1996.6800000000012,4,865.2599999999998,swap,notBad
3577,16,1996.6800000000012,4,865.2599999999998,move,improve
3578,16,1996.6800000000012,4,865.2599999999998,move,improve
3579,16,1996.6800000000012,4,865.2599999999998,swap,notBad
3580,16,1996.6800000000012,4,865.2599999999998,swap,notBad
3581,16,1993.5200000000013,4,865.2599999999998,move,improve
3582,16,1990.6000000000013,4,865.2599999999998,move,improve
3583,16,1990.6000000000013,4,865.2599999999998,2opt,notBad
3584,16,1967.320000000001,4,865.2599999999998,move,improve
3585,16,1967.320000000001,4,865.2599999999998,move,improve
3586,16,2016.1600000000008,4,865.2599999999998,swap,acceptBad
3587,16,2016.1600000000008,4,865.2599999999998,swap,notBad
3588,16,2016.1600000000008,4,865.2599999999998,2opt,notBad
3589,16,2016.1600000000008,4,865.2599999999998,swap,notBad
3590,16,2026.6400000000012,4,865.2599999999998,2opt,acceptBad
3591,16,2044.1200000000008,4,865.2599999999998,2opt,acceptBad
3592,16,2044.1200000000008,4,865.2599999999998,move,improve
3593,16,2034.0800000000004,4,865.2599999999998,move,improve
3594,16,2034.0800000000004,4,865.2599999999998,move,improve
3595,16,2034.0800000000004,4,865.2599999999998,2opt,notBad
3596,16,2026.7600000000007,4,865.2599999999998,2opt,improve
3597,16,2016.6799999999994,4,865.2599999999998,move,improve
3598,16,1997.3599999999992,4,865.2599999999998,move,improve
3599,16,1997.3599999999992,4,865.2599999999998,2opt,notBad
3600,16,1997.3599999999992,4,865.2599999999998,2opt,notBad
3601,16,1994.1199999999994,4,865.2599999999998,2opt,improve
3602,16,1994.1199999999994,4,865.2599999999998,2opt,notBad
3603,16,1980.5599999999986,4,865.2599999999998,2opt,improve
3604,16,1980.5599999999986,4,865.2599999999998,2opt,notBad
3605,16,1952.759999999999,4,865.2599999999998,2opt,improve
3606,16,1952.759999999999,4,865.2599999999998,move,improve
3607,16,1952.759999999999,4,865.2599999999998,swap,notBad
3608,16,1943.719999999999,4,865.2599999999998,swap,improve
3609,16,1943.719999999999,4,865.2599999999998,2opt,notBad
3610,16,1936.079999999999,4,865.2599999999998,move,improve
3611,16,1936.079999999999,4,865.2599999999998,2opt,notBad
3612,16,1934.159999999999,4,865.2599999999998,move,improve
3613,16,1934.159999999999,4,865.2599999999998,move,improve
3614,16,1934.159999999999,4,865.2599999999998,2opt,notBad
3615,16,1929.399999999999,4,865.2599999999998,2opt,improve
3616,16,1929.399999999999,4,865.2599999999998,2opt,notBad
3617,16,1929.399999999999,4,865.2599999999998,2opt,notBad
3618,16,1949.9999999999986,4,865.2599999999998,2opt,acceptBad
3619,16,1949.9999999999986,4,865.2599999999998,swap,notBad
3620,16,1949.9999999999986,4,865.2599999999998,swap,notBad
3621,16,1949.9999999999986,4,865.2599999999998,move,improve
3622,16,1949.9999999999986,4,865.2599999999998,2opt,improve
3623,16,1949.9999999999986,4,865.2599999999998,swap,notBad
3624,16,1949.9999999999986,4,865.2599999999998,2opt,notBad
3625,16,1949.9999999999986,4,865.2599999999998,2opt,notBad
3626,16,1964.359999999999,4,865.2599999999998,2opt,acceptBad
3627,16,1964.359999999999,4,865.2599999999998,2opt,notBad
3628,16,1964.1399999999985,4,865.2599999999998,move,improve
3629,16,1964.1399999999985,4,865.2599999999998,swap,notBad
3630,16,1964.1399999999985,4,865.2599999999998,move,improve
3631,16,1944.9799999999987,4,865.2599999999998,swap,improve
3632,16,1909.6599999999985,4,865.2599999999998,move,improve
3633,16,1909.6599999999985,4,865.2599999999998,swap,notBad
3634,16,1909.6599999999985,4,865.2599999999998,swap,notBad
3635,16,1909.6599999999985,4,865.2599999999998,move,improve
3636,16,1909.6599999999985,4,865.2599999999998,move,improve
3637,16,1906.2199999999991,4,865.2599999999998,2opt,improve
3638,16,1906.2199999999991,4,865.2599999999998,2opt,notBad
3639,16,1906.2199999999991,4,865.2599999999998,swap,notBad
3640,16,1904.5199999999988,4,865.2599999999998,move,improve
3641,16,1904.5199999999988,4,865.2599999999998,swap,notBad
3642,16,1902.679999999999,4,865.2599999999998,move,improve
3643,16,1902.679999999999,4,865.2599999999998,2opt,notBad
3644,16,1902.679999999999,4,865.2599999999998,2opt,notBad
3645,16,1902.679999999999,4,865.2599999999998,move,improve
3646,16,1902.199999999999,4,865.2599999999998,move,improve
3647,16,1902.199999999999,4,865.2599999999998,swap,notBad
3648,16,1902.199999999999,4,865.2599999999998,2opt,notBad
3649,16,1902.199999999999,4,865.2599999999998,swap,notBad
3650,16,1907.9599999999984,4,865.2599999999998,swap,acceptBad
3651,16,1947.2399999999984,4,865.2599999999998,swap,acceptBad
3652,16,1945.2799999999984,4,865.2599999999998,move,improve
3653,16,1945.2799999999984,4,865.2599999999998,swap,notBad
3654,16,1945.2799999999984,4,865.2599999999998,2opt,notBad
3655,16,1945.2799999999984,4,865.2599999999998,swap,notBad
3656,16,1945.2799999999984,4,865.2599999999998,2opt,improve
3657,16,1945.2799999999984,4,865.2599999999998,2opt,notBad
3658,16,1945.2799999999984,4,865.2599999999998,move,improve
3659,16,1945.2799999999984,4,865.2599999999998,2opt,notBad
3660,16,1922.5199999999984,4,865.2599999999998,move,improve
3661,16,1922.5199999999984,4,865.2599999999998,move,improve
3662,16,1898.7999999999986,4,865.2599999999998,move,improve
3663,16,1898.7999999999986,4,865.2599999999998,move,improve
3664,16,1898.7999999999986,4,865.2599999999998,swap,notBad
3665,16,1898.7999999999986,4,865.2599999999998,swap,notBad
3666,16,1898.7999999999986,4,865.2599999999998,2opt,notBad
3667,16,1898.7999999999986,4,865.2599999999998,move,improve
3668,16,1898.7999999999986,4,865.2599999999998,swap,notBad
3669,16,1898.7999999999986,4,865.2599999999998,move,improve
3670,16,1898.7999999999986,4,865.2599999999998,swap,notBad
3671,16,1898.7999999999986,4,865.2599999999998,2opt,notBad
3672,16,1898.7999999999986,4,865.2599999999998,swap,notBad
3673,16,1894.6399999999987,4,865.2599999999998,move,improve
3674,16,1894.6399999999987,4,865.2599999999998,swap,notBad
3675,16,1894.6399999999987,4,865.2599999999998,swap,notBad
3676,16,1894.6399999999987,4,865.2599999999998,2opt,notBad
3677,16,1894.6399999999987,4,865.2599999999998,2opt,improve
3678,16,1894.6399999999987,4,865.2599999999998,move,improve
3679,16,1894.6399999999987,4,865.2599999999998,swap,notBad
3680,16,1894.6399999999987,4,865.2599999999998,2opt,notBad
3681,16,1894.6399999999987,4,865.2599999999998,move,improve
3682,16,1894.6399999999987,4,865.2599999999998,2opt,notBad
3683,16,1894.6399999999987,4,865.2599999999998,2opt,notBad
3684,16,1894.6399999999987,4,865.2599999999998,swap,notBad
3685,16,1894.6399999999987,4,865.2599999999998,move,improve
3686,16,1920.719999999999,4,865.2599999999998,swap,acceptBad
3687,16,1907.6399999999985,4,865.2599999999998,2opt,improve
3688,16,1907.6399999999985,4,865.2599999999998,2opt,notBad
3689,16,1907.6399999999985,4,865.2599999999998,2opt,notBad
3690,16,1907.6399999999985,4,865.2599999999998,2opt,notBad
3691,16,1907.6399999999985,4,865.2599999999998,move,improve
3692,16,1907.6399999999985,4,865.2599999999998,2opt,notBad
3693,16,1907.6399999999985,4,865.2599999999998,2opt,notBad
3694,16,1907.6399999999985,4,865.2599999999998,move,improve
3695,16,1907.6399999999985,4,865.2599999999998,2opt,notBad
3696,16,1907.6399999999985,4,865.2599999999998,swap,notBad
3697,16,1907.6399999999985,4,865.2599999999998,swap,notBad
3698,16,1907.6399999999985,4,865.2599999999998,2opt,notBad
3699,16,1907.6399999999985,4,865.2599999999998,swap,notBad
3700,16,1907.6399999999985,4,865.2599999999998,swap,notBad
3701,16,1907.6399999999985,4,865.2599999999998,2opt,notBad
3702,16,1907.6399999999985,4,865.2599999999998,2opt,notBad
3703,16,1907.6399999999985,4,865.2599999999998,2opt,notBad
3704,16,1907.6399999999985,4,865.2599999999998,swap,notBad
3705,16,1907.6399999999985,4,865.2599999999998,move,improve
3706,16,1907.6399999999985,4,865.2599999999998,move,improve
3707,16,1915.7199999999987,4,865.2599999999998,swap,acceptBad
3708,16,1915.7199999999987,4,865.2599999999998,2opt,notBad
3709,16,1915.7199999999987,4,865.2599999999998,2opt,notBad
3710,16,1915.6799999999987,4,865.2599999999998,move,improve
3711,16,1915.6799999999987,4,865.2599999999998,2opt,notBad
3712,16,1915.6799999999987,4,865.2599999999998,2opt,notBad
3713,16,1915.6799999999987,4,865.2599999999998,2opt,notBad
3714,16,1915.6799999999987,4,865.2599999999998,swap,notBad
3715,16,1944.399999999999,4,865.2599999999998,swap,acceptBad
3716,16,1939.4799999999989,4,865.2599999999998,2opt,improve
3717,16,1939.4799999999989,4,865.2599999999998,move,improve
3718,16,1939.4799999999989,4,865.2599999999998,2opt,notBad
3719,16,1939.4799999999989,4,865.2599999999998,2opt,notBad
3720,16,1910.7599999999989,4,865.2599999999998,move,improve
3721,16,1910.7599999999989,4,865.2599999999998,swap,notBad
3722,16,1910.7599999999989,4,865.2599999999998,swap,notBad
3723,16,1888.679999999999,4,865.2599999999998,move,improve
3724,16,1888.679999999999,4,865.2599999999998,swap,notBad
3725,16,1883.959999999999,4,865.2599999999998,2opt,improve
3726,16,1876.5999999999988,4,865.2599999999998,move,improve
3727,16,1876.5999999999988,4,865.2599999999998,swap,notBad
3728,16,1876.5999999999988,4,865.2599999999998,move,improve
3729,16,1883.7199999999987,4,865.2599999999998,swap,acceptBad
3730,16,1883.7199999999987,4,865.2599999999998,2opt,notBad
3731,16,1883.7199999999987,4,865.2599999999998,2opt,notBad
3732,16,1883.7199999999987,4,865.2599999999998,swap,notBad
3733,16,1883.7199999999987,4,865.2599999999998,swap,notBad
3734,16,1883.7199999999987,4,865.2599999999998,swap,notBad
3735,16,1883.7199999999987,4,865.2599999999998,2opt,notBad
3736,16,1883.7199999999987,4,865.2599999999998,move,improve
3737,16,1883.7199999999987,4,865.2599999999998,2opt,notBad
3738,16,1881.399999999999,4,865.2599999999998,move,improve
3739,16,1881.399999999999,4,865.2599999999998,swap,notBad
3740,16,1881.399999999999,4,865.2599999999998,move,improve
3741,16,1881.399999999999,4,865.2599999999998,2opt,notBad
3742,16,1881.399999999999,4,865.2599999999998,swap,notBad
3743,16,1881.399999999999,4,865.2599999999998,2opt,notBad
3744,16,1897.5999999999988,4,865.2599999999998,2opt,acceptBad
3745,16,1897.5999999999988,4,865.2599999999998,2opt,notBad
3746,16,1897.5999999999988,4,865.2599999999998,swap,notBad
3747,16,1897.8399999999988,4,865.2599999999998,swap,acceptBad
3748,16,1893.3599999999985,4,865.2599999999998,2opt,improve
3749,16,1893.3599999999985,4,865.2599999999998,2opt,notBad
3750,16,1893.3599999999985,4,865.2599999999998,swap,notBad
3751,16,1893.3599999999985,4,865.2599999999998,swap,notBad
3752,16,1893.3599999999985,4,865.2599999999998,2opt,improve
3753,16,1920.8799999999985,4,865.2599999999998,swap,acceptBad
3754,16,1920.8799999999985,4,865.2599999999998,move,improve
3755,16,1920.8799999999985,4,865.2599999999998,swap,notBad
3756,16,1920.8799999999985,4,865.2599999999998,2opt,improve
3757,16,1920.8799999999985,4,865.2599999999998,move,improve
3758,16,1932.979999999999,4,865.2599999999998,swap,acceptBad
3759,16,1918.5400000000002,4,865.2599999999998,move,improve
3760,16,1918.5400000000002,4,865.2599999999998,swap,notBad
3761,16,1918.5400000000002,4,865.2599999999998,swap,notBad
3762,16,1918.5400000000002,4,865.2599999999998,2opt,notBad
3763,16,1918.5400000000002,4,865.2599999999998,move,improve
3764,16,1933.2199999999998,4,865.2599999999998,2opt,acceptBad
3765,16,1924.2599999999998,4,865.2599999999998,move,improve
3766,16,1924.2599999999998,4,865.2599999999998,swap,notBad
3767,16,1924.2599999999998,4,865.2599999999998,2opt,notBad
3768,16,1924.2599999999998,4,865.2599999999998,swap,notBad
3769,16,1924.2599999999998,4,865.2599999999998,2opt,improve
3770,16,1924.2599999999998,4,865.2599999999998,swap,notBad
3771,16,1924.2599999999998,4,865.2599999999998,move,improve
3772,16,1924.2599999999998,4,865.2599999999998,swap,notBad
3773,16,1924.2599999999998,4,865.2599999999998,swap,notBad
3774,16,1948.8999999999996,4,865.2599999999998,swap,acceptBad
3775,16,1948.8999999999996,4,865.2599999999998,move,improve
3776,16,1940.4599999999996,4,865.2599999999998,move,improve
3777,16,1940.4599999999996,4,865.2599999999998,swap,notBad
3778,16,1940.4599999999996,4,865.2599999999998,2opt,notBad
3779,16,1940.4599999999996,4,865.2599999999998,swap,notBad
3780,16,1940.4599999999996,4,865.2599999999998,2opt,notBad
3781,16,1940.4599999999996,4,865.2599999999998,move,improve
3782,16,1940.4599999999996,4,865.2599999999998,2opt,notBad
3783,16,1940.4599999999996,4,865.2599999999998,2opt,notBad
3784,16,1940.4599999999996,4,865.2599999999998,2opt,notBad
3785,16,1940.4599999999996,4,865.2599999999998,move,improve
3786,16,1919.1399999999999,4,865.2599999999998,move,improve
3787,16,1919.1399999999999,4,865.2599999999998,2opt,notBad
3788,16,1919.1399999999999,4,865.2599999999998,swap,notBad
3789,16,1919.1399999999999,4,865.2599999999998,2opt,notBad
3790,16,1919.1399999999999,4,865.2599999999998,swap,notBad
3791,16,1919.1399999999999,4,865.2599999999998,move,improve
3792,16,1919.1399999999999,4,865.2599999999998,move,improve
3793,16,1905.94,4,865.2599999999998,move,improve
3794,16,1905.94,4,865.2599999999998,2opt,improve
3795,16,1905.94,4,865.2599999999998,swap,notBad
3796,16,1905.94,4,865.2599999999998,swap,notBad
3797,16,1905.94,4,865.2599999999998,move,improve
3798,16,1891.9799999999996,4,865.2599999999998,2opt,improve
3799,16,1869.5399999999995,4,865.2599999999998,move,improve
3800,16,1852.1399999999999,4,865.2599999999998,move,improve
3801,16,1852.1399999999999,4,865.2599999999998,2opt,notBad
3802,16,1852.0399999999997,4,865.2599999999998,move,improve
3803,16,1852.0399999999997,4,865.2599999999998,move,improve
3804,16,1852.0399999999997,4,865.2599999999998,2opt,notBad
3805,16,1852.0399999999997,4,865.2599999999998,move,improve
3806,16,1852.0399999999997,4,865.2599999999998,move,improve
3807,16,1852.0399999999997,4,865.2599999999998,swap,notBad
3808,16,1851.9,4,865.2599999999998,move,improve
3809,16,1851.9,4,865.2599999999998,move,improve
3810,16,1861.4600000000005,4,865.2599999999998,2opt,acceptBad
3811,16,1861.4600000000005,4,865.2599999999998,2opt,notBad
3812,16,1861.4600000000005,4,865.2599999999998,swap,notBad
3813,16,1861.4600000000005,4,865.2599999999998,2opt,notBad
3814,16,1861.4600000000005,4,865.2599999999998,move,improve
3815,16,1861.4600000000005,4,865.2599999999998,2opt,notBad
3816,16,1861.2600000000002,4,865.2599999999998,move,improve
3817,16,1846.94,4,865.2599999999998,move,improve
3818,16,1846.94,4,865.2599999999998,move,improve
3819,16,1840.7800000000002,4,865.2599999999998,2opt,improve
3820,16,1833.38,4,865.2599999999998,move,improve
3821,16,1833.38,4,865.2599999999998,move,improve
3822,16,1833.38,4,865.2599999999998,swap,notBad
3823,16,1833.38,4,865.2599999999998,move,improve
3824,16,1833.38,4,865.2599999999998,2opt,notBad
3825,16,1833.38,4,865.2599999999998,move,improve
3826,16,1833.38,4,865.2599999999998,swap,notBad
3827,16,1833.38,4,865.2599999999998,2opt,notBad
3828,16,1824.46,4,865.2599999999998,2opt,improve
3829,16,1824.46,4,865.2599999999998,2opt,notBad
3830,16,1824.46,4,865.2599999999998,move,improve
3831,16,1824.46,4,865.2599999999998,swap,notBad
3832,16,1824.46,4,865.2599999999998,move,improve
3833,16,1824.46,4,865.2599999999998,move,improve
3834,16,1808.2999999999997,4,865.2599999999998,move,improve
3835,16,1808.2999999999997,4,865.2599999999998,swap,notBad
3836,16,1808.2999999999997,4,865.2599999999998,move,improve
3837,16,1808.2999999999997,4,865.2599999999998,2opt,notBad
3838,16,1808.2999999999997,4,865.2599999999998,2opt,notBad
3839,16,1808.2999999999997,4,865.2599999999998,move,improve
3840,16,1808.2999999999997,4,865.2599999999998,swap,notBad
3841,16,1808.2999999999997,4,865.2599999999998,swap,notBad
3842,16,1813.5799999999997,4,865.2599999999998,move,acceptBad
3843,16,1824.4999999999998,4,865.2599999999998,swap,acceptBad
3844,16,1824.4999999999998,4,865.2599999999998,swap,notBad
3845,16,1824.4999999999998,4,865.2599999999998,2opt,notBad
3846,16,1824.4999999999998,4,865.2599999999998,2opt,notBad
3847,16,1824.4999999999998,4,865.2599999999998,move,improve
3848,16,1824.4999999999998,4,865.2599999999998,2opt,notBad
3849,16,1824.4999999999998,4,865.2599999999998,swap,notBad
3850,16,1824.4999999999998,4,865.2599999999998,2opt,notBad
3851,16,1824.4999999999998,4,865.2599999999998,2opt,notBad
3852,16,1824.4999999999998,4,865.2599999999998,swap,notBad
3853,16,1824.4999999999998,4,865.2599999999998,2opt,notBad
3854,16,1824.4999999999998,4,865.2599999999998,move,improve
3855,16,1824.4999999999998,4,865.2599999999998,2opt,notBad
3856,16,1824.4999999999998,4,865.2599999999998,2opt,notBad
3857,16,1824.4999999999998,4,865.2599999999998,2opt,notBad
3858,16,1790.8999999999996,4,865.2599999999998,move,improve
3859,16,1790.8999999999996,4,865.2599999999998,swap,notBad
3860,16,1767.8199999999997,4,865.2599999999998,move,improve
3861,16,1767.8199999999997,4,865.2599999999998,move,improve
3862,16,1767.8199999999997,4,865.2599999999998,move,improve
3863,16,1767.6199999999997,4,865.2599999999998,move,improve
3864,16,1767.6199999999997,4,865.2599999999998,swap,notBad
3865,16,1767.6199999999997,4,865.2599999999998,swap,notBad
3866,16,1767.6199999999997,4,865.2599999999998,move,improve
3867,16,1767.6199999999997,4,865.2599999999998,move,improve
3868,16,1767.6199999999997,4,865.2599999999998,2opt,notBad
3869,16,1767.6199999999997,4,865.2599999999998,move,improve
3870,16,1767.6199999999997,4,865.2599999999998,swap,notBad
3871,16,1767.6199999999997,4,865.2599999999998,2opt,notBad
3872,16,1764.36,4,865.2599999999998,move,improve
3873,16,1764.36,4,865.2599999999998,move,improve
3874,16,1764.36,4,865.2599999999998,2opt,notBad
3875,16,1764.36,4,865.2599999999998,swap,notBad
3876,16,1764.36,4,865.2599999999998,2opt,notBad
3877,16,1802.0200000000004,4,865.2599999999998,swap,acceptBad
3878,16,1802.0200000000004,4,865.2599999999998,move,improve
3879,16,1802.0200000000004,4,865.2599999999998,2opt,notBad
3880,16,1802.0200000000004,4,865.2599999999998,swap,notBad
3881,16,1802.0200000000004,4,865.2599999999998,2opt,notBad
3882,16,1797.3600000000001,4,865.2599999999998,move,improve
3883,16,1797.3600000000001,4,865.2599999999998,swap,notBad
3884,16,1797.3600000000001,4,865.2599999999998,2opt,notBad
3885,16,1797.3600000000001,4,865.2599999999998,move,improve
3886,16,1797.3600000000001,4,865.2599999999998,move,improve
3887,16,1797.3600000000001,4,865.2599999999998,2opt,notBad
3888,16,1797.3600000000001,4,865.2599999999998,move,improve
3889,16,1797.3600000000001,4,865.2599999999998,move,improve
3890,16,1797.3600000000001,4,865.2599999999998,2opt,notBad
3891,16,1797.3600000000001,4,865.2599999999998,2opt,notBad
3892,16,1797.3600000000001,4,865.2599999999998,swap,notBad
3893,16,1797.3600000000001,4,865.2599999999998,swap,notBad
3894,16,1797.3600000000001,4,865.2599999999998,swap,notBad
3895,16,1796.6400000000003,4,865.2599999999998,move,improve
3896,16,1796.6400000000003,4,865.2599999999998,2opt,notBad
3897,16,1796.6400000000003,4,865.2599999999998,move,improve
3898,16,1796.6400000000003,4,865.2599999999998,2opt,notBad
3899,16,1796.6400000000003,4,865.2599999999998,swap,notBad
3900,16,1796.6400000000003,4,865.2599999999998,2opt,notBad
3901,16,1796.6400000000003,4,865.2599999999998,2opt,notBad
3902,16,1796.6400000000003,4,865.2599999999998,move,improve
3903,16,1796.6400000000003,4,865.2599999999998,move,improve
3904,16,1783.1600000000005,4,865.2599999999998,move,improve
3905,16,1783.1600000000005,4,865.2599999999998,swap,notBad
3906,16,1783.1600000000005,4,865.2599999999998,swap,notBad
3907,16,1783.1600000000005,4,865.2599999999998,2opt,notBad
3908,16,1783.1600000000005,4,865.2599999999998,move,improve
3909,16,1783.1600000000005,4,865.2599999999998,2opt,notBad
3910,16,1783.1600000000005,4,865.2599999999998,swap,notBad
3911,16,1783.1600000000005,4,865.2599999999998,swap,notBad
3912,16,1783.1600000000005,4,865.2599999999998,swap,notBad
3913,16,1783.1600000000005,4,865.2599999999998,2opt,notBad
3914,16,1783.1600000000005,4,865.2599999999998,2opt,notBad
3915,16,1783.1600000000005,4,865.2599999999998,swap,notBad
3916,16,1783.1600000000005,4,865.2599999999998,2opt,notBad
3917,16,1783.1600000000005,4,865.2599999999998,swap,notBad
3918,16,1783.1600000000005,4,865.2599999999998,2opt,notBad
3919,16,1783.1600000000005,4,865.2599999999998,swap,notBad
3920,16,1783.1600000000005,4,865.2599999999998,2opt,notBad
3921,16,1802.7200000000005,4,865.2599999999998,swap,acceptBad
3922,16,1802.7200000000005,4,865.2599999999998,2opt,notBad
3923,16,1802.7200000000005,4,865.2599999999998,2opt,notBad
3924,16,1802.7200000000005,4,865.2599999999998,2opt,notBad
3925,16,1802.7200000000005,4,865.2599999999998,swap,notBad
3926,16,1802.7200000000005,4,865.2599999999998,move,improve
3927,16,1802.7200000000005,4,865.2599999999998,move,improve
3928,16,1802.7200000000005,4,865.2599999999998,2opt,notBad
3929,16,1789.5600000000006,4,865.2599999999998,move,improve
3930,16,1789.5600000000006,4,865.2599999999998,swap,notBad
3931,16,1789.5600000000006,4,865.2599999999998,move,improve
3932,16,1789.5600000000006,4,865.2599999999998,2opt,notBad
3933,16,1789.5600000000006,4,865.2599999999998,move,improve
3934,16,1789.5600000000006,4,865.2599999999998,move,improve
3935,16,1789.5600000000006,4,865.2599999999998,swap,notBad
3936,16,1789.5600000000006,4,865.2599999999998,move,improve
3937,16,1789.5600000000006,4,865.2599999999998,swap,notBad
3938,16,1784.2800000000009,4,865.2599999999998,move,improve
3939,16,1784.2800000000009,4,865.2599999999998,swap,notBad
3940,16,1784.2800000000009,4,865.2599999999998,swap,notBad
3941,16,1784.2800000000009,4,865.2599999999998,move,improve
3942,16,1784.2800000000009,4,865.2599999999998,move,improve
3943,16,1784.2800000000009,4,865.2599999999998,2opt,notBad
3944,16,1784.2800000000009,4,865.2599999999998,swap,notBad
3945,16,1784.2800000000009,4,865.2599999999998,swap,notBad
3946,16,1784.2800000000009,4,865.2599999999998,swap,notBad
3947,16,1784.2800000000009,4,865.2599999999998,swap,notBad
3948,16,1784.2800000000009,4,865.2599999999998,swap,notBad
3949,16,1784.2800000000009,4,865.2599999999998,swap,notBad
3950,16,1784.2800000000009,4,865.2599999999998,swap,notBad
3951,16,1784.2800000000009,4,865.2599999999998,swap,notBad
3952,16,1784.2800000000009,4,865.2599999999998,2opt,notBad
3953,16,1784.2800000000009,4,865.2599999999998,move,improve
3954,16,1784.2800000000009,4,865.2599999999998,2opt,notBad
3955,16,1784.2800000000009,4,865.2599999999998,move,improve
3956,16,1784.2800000000009,4,865.2599999999998,2opt,notBad
3957,16,1784.2800000000009,4,865.2599999999998,2opt,notBad
3958,16,1784.2800000000009,4,865.2599999999998,move,improve
3959,16,1784.2800000000009,4,865.2599999999998,2opt,notBad
3960,16,1784.2800000000009,4,865.2599999999998,swap,notBad
3961,16,1784.2800000000009,4,865.2599999999998,move,improve
3962,16,1784.2800000000009,4,865.2599999999998,move,improve
3963,16,1784.2800000000009,4,865.2599999999998,move,improve
3964,16,1784.2800000000009,4,865.2599999999998,2opt,notBad
3965,16,1784.2800000000009,4,865.2599999999998,2opt,notBad
3966,16,1784.2800000000009,4,865.2599999999998,swap,notBad
3967,16,1784.2800000000009,4,865.2599999999998,swap,notBad
3968,16,1784.2800000000009,4,865.2599999999998,2opt,notBad
3969,16,1781.8800000000017,4,865.2599999999998,2opt,improve
3970,16,1780.9600000000019,4,865.2599999999998,move,improve
3971,16,1780.9600000000019,4,865.2599999999998,swap,notBad
3972,16,1780.9600000000019,4,865.2599999999998,swap,notBad
3973,16,1780.9600000000019,4,865.2599999999998,swap,notBad
3974,16,1780.9600000000019,4,865.2599999999998,move,improve
3975,16,1780.9600000000019,4,865.2599999999998,swap,notBad
3976,16,1780.9600000000019,4,865.2599999999998,swap,notBad
3977,16,1780.9600000000019,4,865.2599999999998,2opt,notBad
3978,16,1780.9600000000019,4,865.2599999999998,swap,notBad
3979,16,1780.9600000000019,4,865.2599999999998,2opt,notBad
3980,16,1780.9600000000019,4,865.2599999999998,2opt,notBad
3981,16,1780.9600000000019,4,865.2599999999998,move,improve
3982,16,1802.3600000000017,4,865.2599999999998,swap,acceptBad
3983,16,1802.3600000000017,4,865.2599999999998,move,improve
3984,16,1802.3600000000017,4,865.2599999999998,swap,notBad
3985,16,1802.3600000000017,4,865.2599999999998,2opt,notBad
3986,16,1802.3600000000017,4,865.2599999999998,move,improve
3987,16,1802.3600000000017,4,865.2599999999998,swap,notBad
3988,16,1802.3600000000017,4,865.2599999999998,2opt,notBad
3989,16,1802.3600000000017,4,865.2599999999998,2opt,notBad
3990,16,1802.3600000000017,4,865.2599999999998,2opt,notBad
3991,16,1802.3600000000017,4,865.2599999999998,move,improve
3992,16,1802.3600000000017,4,865.2599999999998,2opt,notBad
3993,16,1802.3600000000017,4,865.2599999999998,2opt,notBad
3994,16,1802.3600000000017,4,865.2599999999998,2opt,notBad
3995,16,1802.3600000000017,4,865.2599999999998,2opt,notBad
3996,16,1802.3600000000017,4,865.2599999999998,swap,notBad
3997,16,1785.7600000000016,4,865.2599999999998,move,improve
3998,16,1785.7600000000016,4,865.2599999999998,swap,notBad
3999,16,1785.7600000000016,4,865.2599999999998,swap,notBad
4000,16,1785.7600000000016,4,865.2599999999998,move,improve
4001,16,1785.7600000000016,4,865.2599999999998,2opt,notBad
4002,16,1785.7600000000016,4,865.2599999999998,2opt,notBad
4003,16,1785.7600000000016,4,865.2599999999998,swap,notBad
4004,16,1785.7600000000016,4,865.2599999999998,swap,notBad
4005,16,1785.7600000000016,4,865.2599999999998,move,improve
4006,16,1785.7600000000016,4,865.2599999999998,2opt,notBad
4007,16,1785.7600000000016,4,865.2599999999998,swap,notBad
4008,16,1785.7600000000016,4,865.2599999999998,swap,notBad
4009,16,1785.7600000000016,4,865.2599999999998,move,improve
4010,16,1785.7600000000016,4,865.2599999999998,swap,notBad
4011,16,1785.7600000000016,4,865.2599999999998,move,improve
4012,16,1785.7600000000016,4,865.2599999999998,move,improve
4013,16,1785.7600000000016,4,865.2599999999998,2opt,notBad
4014,16,1785.7600000000016,4,865.2599999999998,move,improve
4015,16,1785.7600000000016,4,865.2599999999998,move,improve
4016,16,1785.7600000000016,4,865.2599999999998,swap,notBad
4017,16,1786.4800000000014,4,865.2599999999998,move,acceptBad
4018,16,1786.4800000000014,4,865.2599999999998,2opt,notBad
4019,16,1786.4800000000014,4,865.2599999999998,2opt,notBad
4020,16,1786.4800000000014,4,865.2599999999998,move,improve
4021,16,1786.4800000000014,4,865.2599999999998,2opt,notBad
4022,16,1786.4800000000014,4,865.2599999999998,swap,notBad
4023,16,1786.4800000000014,4,865.2599999999998,2opt,notBad
4024,16,1786.4800000000014,4,865.2599999999998,2opt,notBad
4025,16,1786.4800000000014,4,865.2599999999998,move,improve
4026,16,1786.4800000000014,4,865.2599999999998,2opt,notBad
4027,16,1786.4800000000014,4,865.2599999999998,swap,notBad
4028,16,1803.0800000000015,4,865.2599999999998,swap,acceptBad
4029,16,1803.0800000000015,4,865.2599999999998,2opt,notBad
4030,16,1803.0800000000015,4,865.2599999999998,2opt,notBad
4031,16,1803.0800000000015,4,865.2599999999998,move,improve
4032,16,1803.0800000000015,4,865.2599999999998,2opt,notBad
4033,16,1803.0800000000015,4,865.2599999999998,2opt,notBad
4034,16,1803.0800000000015,4,865.2599999999998,2opt,notBad
4035,16,1803.0800000000015,4,865.2599999999998,2opt,notBad
4036,16,1803.0800000000015,4,865.2599999999998,2opt,notBad
4037,16,1803.0800000000015,4,865.2599999999998,swap,notBad
4038,16,1766.500000000001,4,865.2599999999998,move,improve
4039,16,1766.500000000001,4,865.2599999999998,swap,notBad
4040,16,1766.500000000001,4,865.2599999999998,2opt,notBad
4041,16,1766.500000000001,4,865.2599999999998,swap,notBad
4042,16,1762.9800000000007,4,865.2599999999998,move,improve
4043,16,1762.9800000000007,4,865.2599999999998,swap,notBad
4044,16,1762.9800000000007,4,865.2599999999998,move,improve
4045,16,1762.9800000000007,4,865.2599999999998,2opt,notBad
4046,16,1762.9800000000007,4,865.2599999999998,move,improve
4047,16,1762.9800000000007,4,865.2599999999998,2opt,notBad
4048,16,1762.9800000000007,4,865.2599999999998,move,improve
4049,16,1762.9800000000007,4,865.2599999999998,2opt,notBad
4050,16,1762.9800000000007,4,865.2599999999998,move,improve
4051,16,1762.9800000000007,4,865.2599999999998,swap,notBad
4052,16,1762.9800000000007,4,865.2599999999998,swap,notBad
4053,16,1762.9800000000007,4,865.2599999999998,2opt,notBad
4054,16,1762.9800000000007,4,865.2599999999998,swap,notBad
4055,16,1762.9800000000007,4,865.2599999999998,swap,notBad
4056,16,1762.9800000000007,4,865.2599999999998,move,improve
4057,16,1762.9800000000007,4,865.2599999999998,swap,notBad
4058,16,1762.9800000000007,4,865.2599999999998,swap,notBad
4059,16,1762.9800000000007,4,865.2599999999998,move,improve
4060,16,1762.9800000000007,4,865.2599999999998,swap,notBad
4061,16,1762.9800000000007,4,865.2599999999998,2opt,notBad
4062,16,1762.9800000000007,4,865.2599999999998,swap,notBad
4063,16,1762.9800000000007,4,865.2599999999998,swap,notBad
4064,16,1762.9800000000007,4,865.2599999999998,swap,notBad
4065,16,1762.9800000000007,4,865.2599999999998,swap,notBad
4066,16,1762.9800000000007,4,865.2599999999998,2opt,notBad
4067,16,1762.9800000000007,4,865.2599999999998,move,improve
4068,16,1762.9800000000007,4,865.2599999999998,move,improve
4069,16,1762.9800000000007,4,865.2599999999998,2opt,notBad
4070,16,1762.9800000000007,4,865.2599999999998,swap,notBad
4071,16,1762.9800000000007,4,865.2599999999998,swap,notBad
4072,16,1762.9800000000007,4,865.2599999999998,move,improve
4073,16,1762.9800000000007,4,865.2599999999998,move,improve
4074,16,1762.9800000000007,4,865.2599999999998,swap,notBad
4075,16,1762.9800000000007,4,865.2599999999998,swap,notBad
4076,16,1762.9800000000007,4,865.2599999999998,swap,notBad
4077,16,1762.9800000000007,4,865.2599999999998,swap,notBad
4078,16,1762.9800000000007,4,865.2599999999998,2opt,notBad
4079,16,1762.9800000000007,4,865.2599999999998,2opt,notBad
4080,16,1762.9800000000007,4,865.2599999999998,move,improve
4081,16,1762.9800000000007,4,865.2599999999998,swap,notBad
4082,16,1762.9800000000007,4,865.2599999999998,2opt,notBad
4083,16,1762.9800000000007,4,865.2599999999998,2opt,notBad
4084,16,1762.9800000000007,4,865.2599999999998,swap,notBad
4085,16,1762.9800000000007,4,865.2599999999998,2opt,notBad
4086,16,1762.9800000000007,4,865.2599999999998,swap,notBad
4087,16,1752.300000000001,4,865.2599999999998,move,improve
4088,16,1775.460000000001,4,865.2599999999998,swap,acceptBad
4089,16,1770.780000000001,4,865.2599999999998,move,improve
4090,16,1770.780000000001,4,865.2599999999998,move,improve
4091,16,1754.980000000001,4,865.2599999999998,2opt,improve
4092,16,1754.980000000001,4,865.2599999999998,swap,notBad
4093,16,1754.980000000001,4,865.2599999999998,move,improve
4094,16,1754.420000000001,4,865.2599999999998,move,improve
4095,16,1741.3800000000006,4,865.2599999999998,move,improve
4096,16,1741.3800000000006,4,865.2599999999998,2opt,notBad
4097,16,1741.3800000000006,4,865.2599999999998,swap,notBad
4098,16,1741.3800000000006,4,865.2599999999998,move,improve
4099,16,1741.3800000000006,4,865.2599999999998,move,improve
4100,16,1741.3800000000006,4,865.2599999999998,swap,notBad
4101,16,1741.3800000000006,4,865.2599999999998,2opt,notBad
4102,16,1741.3800000000006,4,865.2599999999998,2opt,notBad
4103,16,1741.3800000000006,4,865.2599999999998,swap,notBad
4104,16,1741.3800000000006,4,865.2599999999998,swap,notBad
4105,16,1741.3800000000006,4,865.2599999999998,swap,notBad
4106,16,1741.3800000000006,4,865.2599999999998,swap,notBad
4107,16,1741.3800000000006,4,865.2599999999998,move,improve
4108,16,1741.3800000000006,4,865.2599999999998,swap,notBad
4109,16,1741.3800000000006,4,865.2599999999998,2opt,notBad
4110,16,1741.2600000000007,4,865.2599999999998,move,improve
4111,16,1736.7000000000007,4,865.2599999999998,move,improve
4112,16,1736.7000000000007,4,865.2599999999998,move,improve
4113,16,1736.7000000000007,4,865.2599999999998,swap,notBad
4114,16,1792.9600000000003,4,865.2599999999998,move,acceptBad
4115,16,1792.9600000000003,4,865.2599999999998,2opt,notBad
4116,16,1792.9600000000003,4,865.2599999999998,swap,notBad
4117,16,1792.9600000000003,4,865.2599999999998,swap,notBad
4118,16,1792.9600000000003,4,865.2599999999998,2opt,notBad
4119,16,1792.4000000000005,4,865.2599999999998,move,improve
4120,16,1792.4000000000005,4,865.2599999999998,2opt,notBad
4121,16,1789.6799999999998,4,865.2599999999998,move,improve
4122,16,1789.6799999999998,4,865.2599999999998,2opt,notBad
4123,16,1796.7999999999997,4,865.2599999999998,2opt,acceptBad
4124,16,1796.7999999999997,4,865.2599999999998,swap,notBad
4125,16,1796.7999999999997,4,865.2599999999998,2opt,notBad
4126,16,1796.7999999999997,4,865.2599999999998,swap,notBad
4127,16,1796.7999999999997,4,865.2599999999998,2opt,improve
4128,16,1796.7999999999997,4,865.2599999999998,swap,notBad
4129,16,1796.7999999999997,4,865.2599999999998,2opt,notBad
4130,16,1796.7999999999997,4,865.2599999999998,move,improve
4131,16,1796.7999999999997,4,865.2599999999998,2opt,notBad
4132,16,1796.7999999999997,4,865.2599999999998,2opt,notBad
4133,16,1796.7999999999997,4,865.2599999999998,2opt,notBad
4134,16,1796.7999999999997,4,865.2599999999998,2opt,notBad
4135,16,1796.7999999999997,4,865.2599999999998,swap,notBad
4136,16,1796.7999999999997,4,865.2599999999998,swap,notBad
4137,16,1794.2799999999997,4,865.2599999999998,2opt,improve
4138,16,1794.2799999999997,4,865.2599999999998,swap,notBad
4139,16,1794.2799999999997,4,865.2599999999998,move,improve
4140,16,1794.2799999999997,4,865.2599999999998,move,improve
4141,16,1732.7799999999993,4,865.2599999999998,2opt,improve
4142,16,1732.7799999999993,4,865.2599999999998,swap,notBad
4143,16,1689.2399999999998,4,865.2599999999998,2opt,improve
4144,16,1689.2399999999998,4,865.2599999999998,2opt,notBad
4145,16,1689.2399999999998,4,865.2599999999998,move,improve
4146,16,1689.2399999999998,4,865.2599999999998,move,improve
4147,16,1689.2399999999998,4,865.2599999999998,swap,notBad
4148,16,1689.2399999999998,4,865.2599999999998,2opt,notBad
4149,16,1689.2399999999998,4,865.2599999999998,swap,notBad
4150,16,1688.24,4,865.2599999999998,move,improve
4151,16,1688.24,4,865.2599999999998,2opt,notBad
4152,16,1688.24,4,865.2599999999998,swap,notBad
4153,16,1688.24,4,865.2599999999998,move,improve
4154,16,1688.24,4,865.2599999999998,2opt,improve
4155,16,1688.24,4,865.2599999999998,move,improve
4156,16,1688.24,4,865.2599999999998,move,improve
4157,16,1688.24,4,865.2599999999998,move,improve
4158,16,1688.24,4,865.2599999999998,2opt,notBad
4159,16,1688.24,4,865.2599999999998,2opt,notBad
4160,16,1688.24,4,865.2599999999998,swap,notBad
4161,16,1688.24,4,865.2599999999998,swap,notBad
4162,16,1688.24,4,865.2599999999998,swap,notBad
4163,16,1688.24,4,865.2599999999998,swap,notBad
4164,16,1688.24,4,865.2599999999998,2opt,notBad
4165,16,1712.76,4,865.2599999999998,swap,acceptBad
4166,16,1705.64,4,865.2599999999998,move,improve
4167,16,1705.64,4,865.2599999999998,2opt,notBad
4168,16,1705.64,4,865.2599999999998,2opt,notBad
4169,16,1705.64,4,865.2599999999998,move,improve
4170,16,1715.6799999999998,4,865.2599999999998,2opt,acceptBad
4171,16,1715.6799999999998,4,865.2599999999998,2opt,notBad
4172,16,1715.6799999999998,4,865.2599999999998,swap,notBad
4173,16,1715.6799999999998,4,865.2599999999998,2opt,notBad
4174,16,1715.6799999999998,4,865.2599999999998,swap,notBad
4175,16,1715.6799999999998,4,865.2599999999998,move,improve
4176,16,1715.6799999999998,4,865.2599999999998,swap,notBad
4177,16,1715.6799999999998,4,865.2599999999998,swap,notBad
4178,16,1715.6799999999998,4,865.2599999999998,move,improve
4179,16,1715.6799999999998,4,865.2599999999998,2opt,notBad
4180,16,1715.6799999999998,4,865.2599999999998,move,improve
4181,16,1715.6799999999998,4,865.2599999999998,swap,notBad
4182,16,1715.6799999999998,4,865.2599999999998,2opt,notBad
4183,16,1715.6799999999998,4,865.2599999999998,swap,notBad
4184,16,1715.6799999999998,4,865.2599999999998,2opt,notBad
4185,16,1715.6799999999998,4,865.2599999999998,2opt,notBad
4186,16,1715.6799999999998,4,865.2599999999998,swap,notBad
4187,16,1715.6799999999998,4,865.2599999999998,2opt,notBad
4188,16,1715.6799999999998,4,865.2599999999998,2opt,notBad
4189,16,1715.6799999999998,4,865.2599999999998,move,improve
4190,16,1715.6799999999998,4,865.2599999999998,swap,notBad
4191,16,1715.6799999999998,4,865.2599999999998,move,improve
4192,16,1715.6799999999998,4,865.2599999999998,swap,notBad
4193,16,1715.6799999999998,4,865.2599999999998,2opt,notBad
4194,16,1715.6799999999998,4,865.2599999999998,2opt,notBad
4195,16,1715.6799999999998,4,865.2599999999998,2opt,notBad
4196,16,1715.6799999999998,4,865.2599999999998,swap,notBad
4197,16,1715.6799999999998,4,865.2599999999998,2opt,notBad
4198,16,1717.04,4,865.2599999999998,2opt,acceptBad
4199,16,1717.04,4,865.2599999999998,2opt,notBad
4200,16,1717.04,4,865.2599999999998,move,improve
4201,16,1717.04,4,865.2599999999998,swap,notBad
4202,16,1717.04,4,865.2599999999998,move,improve
4203,16,1717.04,4,865.2599999999998,swap,notBad
4204,16,1717.04,4,865.2599999999998,swap,notBad
4205,16,1714.1200000000001,4,865.2599999999998,move,improve
4206,16,1714.1200000000001,4,865.2599999999998,2opt,notBad
4207,16,1714.1200000000001,4,865.2599999999998,swap,notBad
4208,16,1714.1200000000001,4,865.2599999999998,swap,notBad
4209,16,1711.64,4,865.2599999999998,2opt,improve
4210,16,1711.64,4,865.2599999999998,2opt,notBad
4211,16,1711.64,4,865.2599999999998,move,improve
4212,16,1711.64,4,865.2599999999998,move,improve
4213,16,1712.7600000000002,4,865.2599999999998,swap,acceptBad
4214,16,1712.7600000000002,4,865.2599999999998,move,improve
4215,16,1712.7600000000002,4,865.2599999999998,swap,notBad
4216,16,1712.7600000000002,4,865.2599999999998,2opt,notBad
4217,16,1740.4799999999998,4,865.2599999999998,swap,acceptBad
4218,16,1740.4799999999998,4,865.2599999999998,2opt,notBad
4219,16,1740.4799999999998,4,865.2599999999998,2opt,notBad
4220,16,1740.4799999999998,4,865.2599999999998,2opt,notBad
4221,16,1740.4799999999998,4,865.2599999999998,2opt,notBad
4222,16,1740.4799999999998,4,865.2599999999998,2opt,notBad
4223,16,1740.4799999999998,4,865.2599999999998,swap,notBad
4224,16,1740.4799999999998,4,865.2599999999998,move,improve
4225,16,1740.4799999999998,4,865.2599999999998,2opt,notBad
4226,16,1740.4799999999998,4,865.2599999999998,move,improve
4227,16,1740.4799999999998,4,865.2599999999998,swap,notBad
4228,16,1740.4799999999998,4,865.2599999999998,2opt,notBad
4229,16,1740.4799999999998,4,865.2599999999998,swap,notBad
4230,16,1740.4799999999998,4,865.2599999999998,2opt,notBad
4231,16,1740.4799999999998,4,865.2599999999998,2opt,notBad
4232,16,1740.4799999999998,4,865.2599999999998,2opt,notBad
4233,16,1740.4799999999998,4,865.2599999999998,2opt,notBad
4234,16,1740.4799999999998,4,865.2599999999998,move,improve
4235,16,1740.4799999999998,4,865.2599999999998,2opt,notBad
4236,16,1740.4799999999998,4,865.2599999999998,2opt,notBad
4237,16,1740.4799999999998,4,865.2599999999998,swap,notBad
4238,16,1740.4799999999998,4,865.2599999999998,swap,notBad
4239,16,1740.4799999999998,4,865.2599999999998,swap,notBad
4240,16,1740.4799999999998,4,865.2599999999998,move,improve
4241,16,1740.4799999999998,4,865.2599999999998,swap,notBad
4242,16,1740.4799999999998,4,865.2599999999998,move,improve
4243,16,1731.32,4,865.2599999999998,move,improve
4244,16,1731.32,4,865.2599999999998,2opt,notBad
4245,16,1731.32,4,865.2599999999998,move,improve
4246,16,1731.32,4,865.2599999999998,swap,notBad
4247,16,1731.32,4,865.2599999999998,swap,notBad
4248,16,1731.32,4,865.2599999999998,2opt,notBad
4249,16,1702.3599999999994,4,865.2599999999998,move,improve
4250,16,1702.3599999999994,4,865.2599999999998,move,improve
4251,16,1690.1199999999997,4,865.2599999999998,move,improve
4252,16,1690.1199999999997,4,865.2599999999998,2opt,notBad
4253,16,1690.1199999999997,4,865.2599999999998,swap,notBad
4254,16,1690.1199999999997,4,865.2599999999998,2opt,notBad
4255,16,1690.1199999999997,4,865.2599999999998,2opt,improve
4256,16,1690.1199999999997,4,865.2599999999998,2opt,notBad
4257,16,1690.1199999999997,4,865.2599999999998,move,improve
4258,16,1690.1199999999997,4,865.2599999999998,move,improve
4259,16,1690.1199999999997,4,865.2599999999998,swap,notBad
4260,16,1690.1199999999997,4,865.2599999999998,move,improve
4261,16,1690.1199999999997,4,865.2599999999998,swap,notBad
4262,16,1690.1199999999997,4,865.2599999999998,move,improve
4263,16,1690.1199999999997,4,865.2599999999998,move,improve
4264,16,1690.1199999999997,4,865.2599999999998,2opt,notBad
4265,16,1690.1199999999997,4,865.2599999999998,2opt,notBad
4266,16,1690.1199999999997,4,865.2599999999998,2opt,notBad
4267,16,1690.1199999999997,4,865.2599999999998,2opt,notBad
4268,16,1690.1199999999997,4,865.2599999999998,2opt,notBad
4269,16,1690.1199999999997,4,865.2599999999998,2opt,notBad
4270,16,1682.5599999999995,4,865.2599999999998,move,improve
4271,16,1682.5599999999995,4,865.2599999999998,move,improve
4272,16,1682.5599999999995,4,865.2599999999998,swap,notBad
4273,16,1682.5599999999995,4,865.2599999999998,2opt,notBad
4274,16,1682.5599999999995,4,865.2599999999998,2opt,notBad
4275,16,1682.5599999999995,4,865.2599999999998,move,improve
4276,16,1682.5599999999995,4,865.2599999999998,move,improve
4277,16,1682.5599999999995,4,865.2599999999998,2opt,notBad
4278,16,1682.5599999999995,4,865.2599999999998,swap,notBad
4279,16,1682.5599999999995,4,865.2599999999998,2opt,notBad
4280,16,1682.5599999999995,4,865.2599999999998,swap,notBad
4281,16,1682.5599999999995,4,865.2599999999998,2opt,notBad
4282,16,1682.5599999999995,4,865.2599999999998,2opt,notBad
4283,16,1682.5599999999995,4,865.2599999999998,2opt,notBad
4284,16,1682.5599999999995,4,865.2599999999998,swap,notBad
4285,16,1682.5599999999995,4,865.2599999999998,move,improve
4286,16,1682.1999999999996,4,865.2599999999998,move,improve
4287,16,1682.1999999999996,4,865.2599999999998,swap,notBad
4288,16,1682.1999999999996,4,865.2599999999998,2opt,notBad
4289,16,1679.6399999999996,4,865.2599999999998,move,improve
4290,16,1679.6399999999996,4,865.2599999999998,move,improve
4291,16,1679.6399999999996,4,865.2599999999998,2opt,notBad
4292,16,1679.6399999999996,4,865.2599999999998,2opt,notBad
4293,16,1679.6399999999996,4,865.2599999999998,move,improve
4294,16,1679.6399999999996,4,865.2599999999998,swap,notBad
4295,16,1679.6399999999996,4,865.2599999999998,2opt,notBad
4296,16,1679.6399999999996,4,865.2599999999998,2opt,notBad
4297,16,1679.6399999999996,4,865.2599999999998,2opt,notBad
4298,16,1679.6399999999996,4,865.2599999999998,2opt,notBad
4299,16,1679.6399999999996,4,865.2599999999998,swap,notBad
4300,16,1679.6399999999996,4,865.2599999999998,2opt,notBad
4301,16,1679.6399999999996,4,865.2599999999998,2opt,notBad
4302,16,1679.6399999999996,4,865.2599999999998,swap,notBad
4303,16,1679.6399999999996,4,865.2599999999998,swap,notBad
4304,16,1679.6399999999996,4,865.2599999999998,2opt,notBad
4305,16,1678.3199999999997,4,865.2599999999998,move,improve
4306,16,1678.3199999999997,4,865.2599999999998,swap,notBad
4307,16,1678.3199999999997,4,865.2599999999998,2opt,notBad
4308,16,1678.3199999999997,4,865.2599999999998,swap,notBad
4309,16,1678.3199999999997,4,865.2599999999998,2opt,notBad
4310,16,1678.3199999999997,4,865.2599999999998,2opt,notBad
4311,16,1678.3199999999997,4,865.2599999999998,move,improve
4312,16,1678.3199999999997,4,865.2599999999998,move,improve
4313,16,1678.3199999999997,4,865.2599999999998,2opt,notBad
4314,16,1678.3199999999997,4,865.2599999999998,2opt,notBad
4315,16,1675.3600000000001,4,865.2599999999998,move,improve
4316,16,1675.3600000000001,4,865.2599999999998,move,improve
4317,16,1675.3600000000001,4,865.2599999999998,move,improve
4318,16,1675.3600000000001,4,865.2599999999998,swap,notBad
4319,16,1675.3600000000001,4,865.2599999999998,2opt,notBad
4320,16,1675.3600000000001,4,865.2599999999998,2opt,notBad
4321,16,1671.8799999999999,4,865.2599999999998,move,improve
4322,16,1671.8799999999999,4,865.2599999999998,swap,notBad
4323,16,1671.8799999999999,4,865.2599999999998,swap,notBad
4324,16,1671.8799999999999,4,865.2599999999998,swap,notBad
4325,16,1671.8799999999999,4,865.2599999999998,move,improve
4326,16,1671.8799999999999,4,865.2599999999998,move,improve
4327,16,1671.8799999999999,4,865.2599999999998,move,improve
4328,16,1671.8799999999999,4,865.2599999999998,2opt,notBad
4329,16,1671.8799999999999,4,865.2599999999998,move,improve
4330,16,1678.72,4,865.2599999999998,swap,acceptBad
4331,16,1678.72,4,865.2599999999998,2opt,notBad
4332,16,1688.56,4,865.2599999999998,swap,acceptBad
4333,16,1688.56,4,865.2599999999998,swap,notBad
4334,16,1688.56,4,865.2599999999998,2opt,notBad
4335,16,1688.56,4,865.2599999999998,move,improve
4336,16,1688.56,4,865.2599999999998,move,improve
4337,16,1688.56,4,865.2599999999998,2opt,notBad
4338,16,1688.56,4,865.2599999999998,swap,notBad
4339,16,1688.56,4,865.2599999999998,move,improve
4340,16,1688.56,4,865.2599999999998,move,improve
4341,16,1688.56,4,865.2599999999998,2opt,notBad
4342,16,1688.56,4,865.2599999999998,move,improve
4343,16,1688.56,4,865.2599999999998,swap,notBad
4344,16,1688.56,4,865.2599999999998,2opt,notBad
4345,16,1673.1599999999999,4,865.2599999999998,move,improve
4346,16,1673.1599999999999,4,865.2599999999998,swap,notBad
4347,16,1673.1599999999999,4,865.2599999999998,move,improve
4348,16,1673.1599999999999,4,865.2599999999998,swap,notBad
4349,16,1673.1599999999999,4,865.2599999999998,swap,notBad
4350,16,1661.52,4,865.2599999999998,move,improve
4351,16,1661.52,4,865.2599999999998,2opt,notBad
4352,16,1661.52,4,865.2599999999998,swap,notBad
4353,16,1661.52,4,865.2599999999998,swap,notBad
4354,16,1661.52,4,865.2599999999998,2opt,notBad
4355,16,1661.52,4,865.2599999999998,2opt,notBad
4356,16,1661.52,4,865.2599999999998,swap,notBad
4357,16,1661.52,4,865.2599999999998,move,improve
4358,16,1661.52,4,865.2599999999998,move,improve
4359,16,1661.52,4,865.2599999999998,2opt,notBad
4360,16,1661.52,4,865.2599999999998,move,improve
4361,16,1661.52,4,865.2599999999998,2opt,notBad
4362,16,1651.04,4,865.2599999999998,move,improve
4363,16,1651.04,4,865.2599999999998,swap,notBad
4364,16,1651.04,4,865.2599999999998,2opt,notBad
4365,16,1651.04,4,865.2599999999998,2opt,notBad
4366,16,1651.04,4,865.2599999999998,move,improve
4367,16,1651.04,4,865.2599999999998,swap,notBad
4368,16,1651.04,4,865.2599999999998,swap,notBad
4369,16,1651.04,4,865.2599999999998,move,improve
4370,16,1651.04,4,865.2599999999998,swap,notBad
4371,16,1651.04,4,865.2599999999998,move,improve
4372,16,1651.04,4,865.2599999999998,swap,notBad
4373,16,1651.04,4,865.2599999999998,move,improve
4374,16,1651.04,4,865.2599999999998,move,improve
4375,16,1651.04,4,865.2599999999998,2opt,notBad
4376,16,1651.04,4,865.2599999999998,swap,notBad
4377,16,1655.0799999999997,4,865.2599999999998,2opt,acceptBad
4378,16,1655.0799999999997,4,865.2599999999998,swap,notBad
4379,16,1655.0799999999997,4,865.2599999999998,2opt,notBad
4380,16,1669.2799999999995,4,865.2599999999998,swap,acceptBad
4381,16,1669.2799999999995,4,865.2599999999998,swap,notBad
4382,16,1669.2799999999995,4,865.2599999999998,move,improve
4383,16,1667.3599999999997,4,865.2599999999998,move,improve
4384,16,1667.3599999999997,4,865.2599999999998,2opt,notBad
4385,16,1667.3599999999997,4,865.2599999999998,swap,notBad
4386,16,1667.3599999999997,4,865.2599999999998,2opt,notBad
4387,16,1667.3599999999997,4,865.2599999999998,move,improve
4388,16,1667.3599999999997,4,865.2599999999998,move,improve
4389,16,1667.3599999999997,4,865.2599999999998,swap,notBad
4390,16,1667.3599999999997,4,865.2599999999998,move,improve
4391,16,1667.3599999999997,4,865.2599999999998,swap,notBad
4392,16,1667.3599999999997,4,865.2599999999998,swap,notBad
4393,16,1667.3599999999997,4,865.2599999999998,swap,notBad
4394,16,1667.3599999999997,4,865.2599999999998,swap,notBad
4395,16,1667.3599999999997,4,865.2599999999998,move,improve
4396,16,1667.3599999999997,4,865.2599999999998,2opt,notBad
4397,16,1667.3599999999997,4,865.2599999999998,2opt,notBad
4398,16,1667.3599999999997,4,865.2599999999998,swap,notBad
4399,16,1667.3599999999997,4,865.2599999999998,swap,notBad
4400,16,1667.3599999999997,4,865.2599999999998,2opt,notBad
4401,16,1667.3599999999997,4,865.2599999999998,move,improve
4402,16,1667.3599999999997,4,865.2599999999998,swap,notBad
4403,16,1667.3599999999997,4,865.2599999999998,2opt,notBad
4404,16,1667.3599999999997,4,865.2599999999998,2opt,notBad
4405,16,1667.3599999999997,4,865.2599999999998,move,improve
4406,16,1667.3599999999997,4,865.2599999999998,swap,notBad
4407,16,1667.3599999999997,4,865.2599999999998,swap,notBad
4408,16,1667.3599999999997,4,865.2599999999998,2opt,notBad
4409,16,1667.3599999999997,4,865.2599999999998,2opt,improve
4410,16,1667.3599999999997,4,865.2599999999998,swap,notBad
4411,16,1667.3599999999997,4,865.2599999999998,2opt,notBad
4412,16,1667.3599999999997,4,865.2599999999998,swap,notBad
4413,16,1667.3599999999997,4,865.2599999999998,swap,notBad
4414,16,1667.3599999999997,4,865.2599999999998,swap,notBad
4415,16,1667.3599999999997,4,865.2599999999998,2opt,notBad
4416,16,1666.4399999999996,4,865.2599999999998,2opt,improve
4417,16,1666.4399999999996,4,865.2599999999998,2opt,notBad
4418,16,1666.4399999999996,4,865.2599999999998,2opt,notBad
4419,16,1666.4399999999996,4,865.2599999999998,2opt,notBad
4420,16,1666.4399999999996,4,865.2599999999998,2opt,notBad
4421,16,1673.7999999999995,4,865.2599999999998,2opt,acceptBad
4422,16,1673.7999999999995,4,865.2599999999998,swap,notBad
4423,16,1673.7999999999995,4,865.2599999999998,swap,notBad
4424,16,1673.7999999999995,4,865.2599999999998,move,improve
4425,16,1673.7999999999995,4,865.2599999999998,move,improve
4426,16,1673.7999999999995,4,865.2599999999998,swap,notBad
4427,16,1673.7999999999995,4,865.2599999999998,swap,notBad
4428,16,1673.7999999999995,4,865.2599999999998,swap,notBad
4429,16,1673.7999999999995,4,865.2599999999998,2opt,notBad
4430,16,1673.7999999999995,4,865.2599999999998,swap,notBad
4431,16,1671.8399999999995,4,865.2599999999998,move,improve
4432,16,1671.8399999999995,4,865.2599999999998,2opt,notBad
4433,16,1671.8399999999995,4,865.2599999999998,move,improve
4434,16,1669.2399999999996,4,865.2599999999998,move,improve
4435,16,1669.2399999999996,4,865.2599999999998,swap,notBad
4436,16,1669.2399999999996,4,865.2599999999998,move,improve
4437,16,1669.2399999999996,4,865.2599999999998,2opt,notBad
4438,16,1669.2399999999996,4,865.2599999999998,move,improve
4439,16,1669.2399999999996,4,865.2599999999998,2opt,notBad
4440,16,1669.2399999999996,4,865.2599999999998,2opt,notBad
4441,16,1669.2399999999996,4,865.2599999999998,2opt,notBad
4442,16,1669.2399999999996,4,865.2599999999998,move,improve
4443,16,1669.2399999999996,4,865.2599999999998,2opt,notBad
4444,16,1669.2399999999996,4,865.2599999999998,2opt,notBad
4445,16,1669.2399999999996,4,865.2599999999998,move,improve
4446,16,1669.2399999999996,4,865.2599999999998,swap,notBad
4447,16,1669.2399999999996,4,865.2599999999998,swap,notBad
4448,16,1669.2399999999996,4,865.2599999999998,swap,notBad
4449,16,1669.2399999999996,4,865.2599999999998,move,improve
4450,16,1669.2399999999996,4,865.2599999999998,2opt,notBad
4451,16,1669.2399999999996,4,865.2599999999998,move,improve
4452,16,1669.2399999999996,4,865.2599999999998,2opt,notBad
4453,16,1669.2399999999996,4,865.2599999999998,2opt,notBad
4454,16,1669.2399999999996,4,865.2599999999998,2opt,notBad
4455,16,1669.2399999999996,4,865.2599999999998,2opt,notBad
4456,16,1669.2399999999996,4,865.2599999999998,2opt,improve
4457,16,1669.2399999999996,4,865.2599999999998,2opt,notBad
4458,16,1669.2399999999996,4,865.2599999999998,2opt,notBad
4459,16,1669.2399999999996,4,865.2599999999998,swap,notBad
4460,16,1669.2399999999996,4,865.2599999999998,swap,notBad
4461,16,1669.2399999999996,4,865.2599999999998,2opt,notBad
4462,16,1669.2399999999996,4,865.2599999999998,2opt,notBad
4463,16,1669.2399999999996,4,865.2599999999998,2opt,notBad
4464,16,1669.2399999999996,4,865.2599999999998,2opt,notBad
4465,16,1669.2399999999996,4,865.2599999999998,swap,notBad
4466,16,1669.2399999999996,4,865.2599999999998,move,improve
4467,16,1669.2399999999996,4,865.2599999999998,swap,notBad
4468,16,1669.2399999999996,4,865.2599999999998,2opt,notBad
4469,16,1669.2399999999996,4,865.2599999999998,swap,notBad
4470,16,1669.2399999999996,4,865.2599999999998,2opt,notBad
4471,16,1669.2399999999996,4,865.2599999999998,move,improve
4472,16,1669.2399999999996,4,865.2599999999998,swap,notBad
4473,16,1669.2399999999996,4,865.2599999999998,2opt,notBad
4474,16,1669.2399999999996,4,865.2599999999998,swap,notBad
4475,16,1669.2399999999996,4,865.2599999999998,2opt,notBad
4476,16,1669.2399999999996,4,865.2599999999998,2opt,improve
4477,16,1669.2399999999996,4,865.2599999999998,swap,notBad
4478,16,1669.2399999999996,4,865.2599999999998,move,improve
4479,16,1669.2399999999996,4,865.2599999999998,2opt,notBad
4480,16,1669.2399999999996,4,865.2599999999998,move,improve
4481,16,1669.2399999999996,4,865.2599999999998,2opt,notBad
4482,16,1669.2399999999996,4,865.2599999999998,move,improve
4483,16,1669.2399999999996,4,865.2599999999998,move,improve
4484,16,1669.2399999999996,4,865.2599999999998,swap,notBad
4485,16,1669.2399999999996,4,865.2599999999998,2opt,notBad
4486,16,1669.2399999999996,4,865.2599999999998,swap,notBad
4487,16,1669.2399999999996,4,865.2599999999998,swap,notBad
4488,16,1669.2399999999996,4,865.2599999999998,move,improve
4489,16,1669.2399999999996,4,865.2599999999998,2opt,notBad
4490,16,1669.2399999999996,4,865.2599999999998,2opt,notBad
4491,16,1669.2399999999996,4,865.2599999999998,swap,notBad
4492,16,1669.2399999999996,4,865.2599999999998,move,improve
4493,16,1669.2399999999996,4,865.2599999999998,swap,notBad
4494,16,1669.2399999999996,4,865.2599999999998,2opt,notBad
4495,16,1669.2399999999996,4,865.2599999999998,2opt,notBad
4496,16,1669.2399999999996,4,865.2599999999998,swap,notBad
4497,16,1669.2399999999996,4,865.2599999999998,2opt,notBad
4498,16,1671.6399999999994,4,865.2599999999998,swap,acceptBad
4499,16,1671.6399999999994,4,865.2599999999998,2opt,notBad
4500,16,1671.6399999999994,4,865.2599999999998,swap,notBad
4501,16,1671.6399999999994,4,865.2599999999998,swap,notBad
4502,16,1671.6399999999994,4,865.2599999999998,2opt,notBad
4503,16,1671.6399999999994,4,865.2599999999998,swap,notBad
4504,16,1671.6399999999994,4,865.2599999999998,2opt,notBad
4505,16,1671.6399999999994,4,865.2599999999998,swap,notBad
4506,16,1668.3599999999997,4,865.2599999999998,move,improve
4507,16,1668.3599999999997,4,865.2599999999998,2opt,notBad
4508,16,1664.2799999999997,4,865.2599999999998,move,improve
4509,16,1664.2799999999997,4,865.2599999999998,swap,notBad
4510,16,1664.2799999999997,4,865.2599999999998,2opt,improve
4511,16,1664.2799999999997,4,865.2599999999998,move,improve
4512,16,1664.2799999999997,4,865.2599999999998,2opt,notBad
4513,16,1664.2799999999997,4,865.2599999999998,swap,notBad
4514,16,1662.12,4,865.2599999999998,move,improve
4515,16,1662.12,4,865.2599999999998,2opt,notBad
4516,16,1662.12,4,865.2599999999998,swap,notBad
4517,16,1662.12,4,865.2599999999998,move,improve
4518,16,1662.12,4,865.2599999999998,2opt,notBad
4519,16,1664.1199999999997,4,865.2599999999998,swap,acceptBad
4520,16,1664.1199999999997,4,865.2599999999998,move,improve
4521,16,1664.1199999999997,4,865.2599999999998,2opt,notBad
4522,16,1664.1199999999997,4,865.2599999999998,2opt,notBad
4523,16,1664.1199999999997,4,865.2599999999998,swap,notBad
4524,16,1664.1199999999997,4,865.2599999999998,swap,notBad
4525,16,1664.1199999999997,4,865.2599999999998,2opt,notBad
4526,16,1664.1199999999997,4,865.2599999999998,move,improve
4527,16,1677.6599999999994,4,865.2599999999998,swap,acceptBad
4528,16,1681.6999999999998,4,865.2599999999998,2opt,acceptBad
4529,16,1681.6999999999998,4,865.2599999999998,2opt,improve
4530,16,1681.6999999999998,4,865.2599999999998,move,improve
4531,16,1681.6999999999998,4,865.2599999999998,2opt,improve
4532,16,1681.6999999999998,4,865.2599999999998,2opt,notBad
4533,16,1681.6999999999998,4,865.2599999999998,swap,notBad
4534,16,1681.6999999999998,4,865.2599999999998,swap,notBad
4535,16,1681.6999999999998,4,865.2599999999998,swap,notBad
4536,16,1681.6999999999998,4,865.2599999999998,2opt,notBad
4537,16,1681.6999999999998,4,865.2599999999998,swap,notBad
4538,16,1681.6999999999998,4,865.2599999999998,move,improve
4539,16,1681.6999999999998,4,865.2599999999998,swap,notBad
4540,16,1681.6999999999998,4,865.2599999999998,move,improve
4541,16,1681.6999999999998,4,865.2599999999998,move,improve
4542,16,1681.6999999999998,4,865.2599999999998,2opt,notBad
4543,16,1681.6999999999998,4,865.2599999999998,swap,notBad
4544,16,1681.6999999999998,4,865.2599999999998,2opt,notBad
4545,16,1679.58,4,865.2599999999998,move,improve
4546,16,1679.58,4,865.2599999999998,2opt,notBad
4547,16,1679.58,4,865.2599999999998,swap,notBad
4548,16,1679.58,4,865.2599999999998,move,improve
4549,16,1679.58,4,865.2599999999998,2opt,notBad
4550,16,1679.58,4,865.2599999999998,2opt,notBad
4551,16,1679.58,4,865.2599999999998,2opt,notBad
4552,16,1679.58,4,865.2599999999998,move,improve
4553,16,1679.58,4,865.2599999999998,swap,notBad
4554,16,1679.58,4,865.2599999999998,swap,notBad
4555,16,1679.58,4,865.2599999999998,2opt,notBad
4556,16,1679.58,4,865.2599999999998,move,improve
4557,16,1679.58,4,865.2599999999998,2opt,notBad
4558,16,1679.58,4,865.2599999999998,swap,notBad
4559,16,1679.58,4,865.2599999999998,move,improve
4560,16,1679.58,4,865.2599999999998,move,improve
4561,16,1679.58,4,865.2599999999998,2opt,notBad
4562,16,1679.58,4,865.2599999999998,2opt,notBad
4563,16,1679.58,4,865.2599999999998,2opt,notBad
4564,16,1679.58,4,865.2599999999998,swap,notBad
4565,16,1679.58,4,865.2599999999998,move,improve
4566,16,1679.58,4,865.2599999999998,2opt,notBad
4567,16,1679.58,4,865.2599999999998,swap,notBad
4568,16,1679.58,4,865.2599999999998,move,improve
4569,16,1679.58,4,865.2599999999998,move,improve
4570,16,1679.58,4,865.2599999999998,2opt,notBad
4571,16,1679.58,4,865.2599999999998,swap,notBad
4572,16,1679.58,4,865.2599999999998,2opt,improve
4573,16,1679.58,4,865.2599999999998,swap,notBad
4574,16,1679.58,4,865.2599999999998,move,improve
4575,16,1679.58,4,865.2599999999998,swap,notBad
4576,16,1679.58,4,865.2599999999998,swap,notBad
4577,16,1679.58,4,865.2599999999998,move,improve
4578,16,1679.58,4,865.2599999999998,move,improve
4579,16,1679.58,4,865.2599999999998,move,improve
4580,16,1679.58,4,865.2599999999998,2opt,notBad
4581,16,1679.58,4,865.2599999999998,swap,notBad
4582,16,1679.58,4,865.2599999999998,move,improve
4583,16,1679.58,4,865.2599999999998,2opt,notBad
4584,16,1679.58,4,865.2599999999998,2opt,notBad
4585,16,1682.7799999999993,4,865.2599999999998,2opt,acceptBad
4586,16,1682.7799999999993,4,865.2599999999998,swap,notBad
4587,16,1682.7799999999993,4,865.2599999999998,swap,notBad
4588,16,1679.3399999999992,4,865.2599999999998,move,improve
4589,16,1679.3399999999992,4,865.2599999999998,2opt,notBad
4590,16,1679.3399999999992,4,865.2599999999998,swap,notBad
4591,16,1679.3399999999992,4,865.2599999999998,move,improve
4592,16,1679.3399999999992,4,865.2599999999998,2opt,notBad
4593,16,1679.3399999999992,4,865.2599999999998,move,improve
4594,16,1679.3399999999992,4,865.2599999999998,2opt,notBad
4595,16,1679.3399999999992,4,865.2599999999998,swap,notBad
4596,16,1679.3399999999992,4,865.2599999999998,swap,notBad
4597,16,1679.3399999999992,4,865.2599999999998,move,improve
4598,16,1679.3399999999992,4,865.2599999999998,2opt,notBad
4599,16,1679.3399999999992,4,865.2599999999998,swap,notBad
4600,16,1679.3399999999992,4,865.2599999999998,swap,notBad
4601,16,1679.3399999999992,4,865.2599999999998,swap,notBad
4602,16,1679.3399999999992,4,865.2599999999998,move,improve
4603,16,1679.3399999999992,4,865.2599999999998,swap,notBad
4604,16,1679.3399999999992,4,865.2599999999998,move,improve
4605,16,1679.3399999999992,4,865.2599999999998,2opt,notBad
4606,16,1679.3399999999992,4,865.2599999999998,2opt,notBad
4607,16,1679.3399999999992,4,865.2599999999998,2opt,notBad
4608,16,1679.3399999999992,4,865.2599999999998,swap,notBad
4609,16,1679.3399999999992,4,865.2599999999998,move,improve
4610,16,1679.3399999999992,4,865.2599999999998,2opt,notBad
4611,16,1679.3399999999992,4,865.2599999999998,swap,notBad
4612,16,1677.8999999999992,4,865.2599999999998,move,improve
4613,16,1677.8999999999992,4,865.2599999999998,2opt,notBad
4614,16,1658.979999999999,4,865.2599999999998,move,improve
4615,16,1658.979999999999,4,865.2599999999998,move,improve
4616,16,1658.979999999999,4,865.2599999999998,2opt,notBad
4617,16,1658.979999999999,4,865.2599999999998,swap,notBad
4618,16,1658.979999999999,4,865.2599999999998,2opt,notBad
4619,16,1658.979999999999,4,865.2599999999998,2opt,notBad
4620,16,1658.8599999999992,4,865.2599999999998,move,improve
4621,16,1658.8599999999992,4,865.2599999999998,2opt,notBad
4622,16,1658.8599999999992,4,865.2599999999998,move,improve
4623,16,1658.8599999999992,4,865.2599999999998,swap,notBad
4624,16,1658.8599999999992,4,865.2599999999998,2opt,notBad
4625,16,1657.179999999999,4,865.2599999999998,move,improve
4626,16,1657.179999999999,4,865.2599999999998,2opt,notBad
4627,16,1657.179999999999,4,865.2599999999998,2opt,notBad
4628,16,1657.179999999999,4,865.2599999999998,move,improve
4629,16,1653.019999999999,4,865.2599999999998,move,improve
4630,16,1653.019999999999,4,865.2599999999998,2opt,notBad
4631,16,1653.019999999999,4,865.2599999999998,swap,notBad
4632,16,1653.019999999999,4,865.2599999999998,swap,notBad
4633,16,1653.019999999999,4,865.2599999999998,move,improve
4634,16,1653.019999999999,4,865.2599999999998,swap,notBad
4635,16,1653.019999999999,4,865.2599999999998,2opt,notBad
4636,16,1653.019999999999,4,865.2599999999998,2opt,notBad
4637,16,1653.019999999999,4,865.2599999999998,swap,notBad
4638,16,1653.019999999999,4,865.2599999999998,swap,notBad
4639,16,1653.019999999999,4,865.2599999999998,move,improve
4640,16,1653.019999999999,4,865.2599999999998,2opt,notBad
4641,16,1640.2199999999993,4,865.2599999999998,move,improve
4642,16,1640.2199999999993,4,865.2599999999998,2opt,notBad
4643,16,1640.2199999999993,4,865.2599999999998,swap,notBad
4644,16,1640.2199999999993,4,865.2599999999998,swap,notBad
4645,16,1640.2199999999993,4,865.2599999999998,swap,notBad
4646,16,1640.2199999999993,4,865.2599999999998,swap,notBad
4647,16,1640.2199999999993,4,865.2599999999998,2opt,notBad
4648,16,1640.2199999999993,4,865.2599999999998,move,improve
4649,16,1640.2199999999993,4,865.2599999999998,move,improve
4650,16,1640.2199999999993,4,865.2599999999998,2opt,notBad
4651,16,1640.2199999999993,4,865.2599999999998,2opt,notBad
4652,16,1640.2199999999993,4,865.2599999999998,2opt,notBad
4653,16,1640.2199999999993,4,865.2599999999998,swap,notBad
4654,16,1640.2199999999993,4,865.2599999999998,swap,notBad
4655,16,1654.7799999999993,4,865.2599999999998,swap,acceptBad
4656,16,1654.7799999999993,4,865.2599999999998,swap,notBad
4657,16,1665.8599999999992,4,865.2599999999998,swap,acceptBad
4658,16,1665.8599999999992,4,865.2599999999998,swap,notBad
4659,16,1665.8599999999992,4,865.2599999999998,2opt,notBad
4660,16,1665.8599999999992,4,865.2599999999998,swap,notBad
4661,16,1659.7399999999993,4,865.2599999999998,swap,improve
4662,16,1659.7399999999993,4,865.2599999999998,move,improve
4663,16,1659.7399999999993,4,865.2599999999998,2opt,notBad
4664,16,1659.7399999999993,4,865.2599999999998,2opt,notBad
4665,16,1659.7399999999993,4,865.2599999999998,2opt,notBad
4666,16,1659.7399999999993,4,865.2599999999998,2opt,notBad
4667,16,1659.7399999999993,4,865.2599999999998,swap,notBad
4668,16,1659.7399999999993,4,865.2599999999998,2opt,notBad
4669,16,1659.7399999999993,4,865.2599999999998,move,improve
4670,16,1659.7399999999993,4,865.2599999999998,move,improve
4671,16,1659.7399999999993,4,865.2599999999998,swap,notBad
4672,16,1664.1399999999999,4,865.2599999999998,2opt,acceptBad
4673,16,1660.7799999999997,4,865.2599999999998,move,improve
4674,16,1660.7799999999997,4,865.2599999999998,move,improve
4675,16,1660.7799999999997,4,865.2599999999998,swap,notBad
4676,16,1660.7799999999997,4,865.2599999999998,move,improve
4677,16,1660.7799999999997,4,865.2599999999998,2opt,notBad
4678,16,1660.7799999999997,4,865.2599999999998,swap,notBad
4679,16,1660.7799999999997,4,865.2599999999998,swap,notBad
4680,16,1660.7799999999997,4,865.2599999999998,swap,notBad
4681,16,1660.7799999999997,4,865.2599999999998,swap,notBad
4682,16,1660.7799999999997,4,865.2599999999998,2opt,notBad
4683,16,1660.7799999999997,4,865.2599999999998,swap,notBad
4684,16,1660.7799999999997,4,865.2599999999998,move,improve
4685,16,1660.7799999999997,4,865.2599999999998,swap,notBad
4686,16,1660.7799999999997,4,865.2599999999998,move,improve
4687,16,1660.7799999999997,4,865.2599999999998,move,improve
4688,16,1660.7799999999997,4,865.2599999999998,swap,notBad
4689,16,1660.7799999999997,4,865.2599999999998,move,improve
4690,16,1660.7799999999997,4,865.2599999999998,swap,notBad
4691,16,1660.8599999999992,4,865.2599999999998,2opt,acceptBad
4692,16,1660.8599999999992,4,865.2599999999998,swap,notBad
4693,16,1660.8599999999992,4,865.2599999999998,2opt,notBad
4694,16,1660.8599999999992,4,865.2599999999998,2opt,notBad
4695,16,1667.0600000000002,4,865.2599999999998,swap,acceptBad
4696,16,1671.4600000000003,4,865.2599999999998,2opt,acceptBad
4697,16,1665.2599999999993,4,865.2599999999998,move,improve
4698,16,1665.2599999999993,4,865.2599999999998,swap,notBad
4699,16,1665.2599999999993,4,865.2599999999998,move,improve
4700,16,1665.2599999999993,4,865.2599999999998,2opt,notBad
4701,16,1678.8599999999997,4,865.2599999999998,swap,acceptBad
4702,16,1678.8599999999997,4,865.2599999999998,move,improve
4703,15,1678.559999999999,4,865.2599999999998,move,improve
4704,15,1678.559999999999,4,865.2599999999998,swap,notBad
4705,15,1678.559999999999,4,865.2599999999998,swap,notBad
4706,15,1676.519999999999,4,865.2599999999998,move,improve
4707,15,1676.519999999999,4,865.2599999999998,2opt,notBad
4708,15,1676.519999999999,4,865.2599999999998,move,improve
4709,15,1676.519999999999,4,865.2599999999998,2opt,notBad
4710,15,1676.519999999999,4,865.2599999999998,swap,notBad
4711,15,1676.519999999999,4,865.2599999999998,2opt,notBad
4712,15,1676.519999999999,4,865.2599999999998,2opt,notBad
4713,15,1670.999999999999,4,865.2599999999998,move,improve
4714,15,1670.999999999999,4,865.2599999999998,move,improve
4715,15,1670.999999999999,4,865.2599999999998,move,improve
4716,15,1670.999999999999,4,865.2599999999998,move,improve
4717,15,1670.999999999999,4,865.2599999999998,2opt,notBad
4718,15,1670.999999999999,4,865.2599999999998,2opt,notBad
4719,15,1670.999999999999,4,865.2599999999998,swap,notBad
4720,15,1658.199999999999,4,865.2599999999998,move,improve
4721,15,1658.199999999999,4,865.2599999999998,move,improve
4722,15,1658.199999999999,4,865.2599999999998,move,improve
4723,15,1658.199999999999,4,865.2599999999998,swap,notBad
4724,15,1658.199999999999,4,865.2599999999998,swap,notBad
4725,15,1658.199999999999,4,865.2599999999998,move,improve
4726,15,1658.199999999999,4,865.2599999999998,swap,notBad
4727,15,1658.199999999999,4,865.2599999999998,swap,notBad
4728,15,1658.199999999999,4,865.2599999999998,2opt,notBad
4729,15,1671.519999999999,4,865.2599999999998,swap,acceptBad
4730,15,1671.519999999999,4,865.2599999999998,move,improve
4731,15,1671.519999999999,4,865.2599999999998,move,improve
4732,15,1671.519999999999,4,865.2599999999998,2opt,notBad
4733,15,1671.519999999999,4,865.2599999999998,2opt,notBad
4734,15,1671.519999999999,4,865.2599999999998,swap,notBad
4735,15,1671.519999999999,4,865.2599999999998,2opt,notBad
4736,15,1671.519999999999,4,865.2599999999998,swap,notBad
4737,15,1698.319999999999,4,865.2599999999998,move,acceptBad
4738,15,1698.319999999999,4,865.2599999999998,2opt,notBad
4739,15,1698.319999999999,4,865.2599999999998,move,improve
4740,15,1698.319999999999,4,865.2599999999998,2opt,notBad
4741,15,1698.319999999999,4,865.2599999999998,2opt,notBad
4742,15,1698.319999999999,4,865.2599999999998,swap,notBad
4743,15,1695.2799999999995,4,865.2599999999998,move,improve
4744,15,1699.5199999999995,4,865.2599999999998,2opt,acceptBad
4745,15,1699.5199999999995,4,865.2599999999998,2opt,notBad
4746,15,1699.5199999999995,4,865.2599999999998,swap,notBad
4747,15,1699.5199999999995,4,865.2599999999998,move,improve
4748,15,1699.5199999999995,4,865.2599999999998,move,improve
4749,15,1699.5199999999995,4,865.2599999999998,2opt,notBad
4750,15,1699.5199999999995,4,865.2599999999998,swap,notBad
4751,15,1699.5199999999995,4,865.2599999999998,move,improve
4752,15,1699.5199999999995,4,865.2599999999998,2opt,notBad
4753,15,1699.5199999999995,4,865.2599999999998,2opt,notBad
4754,15,1699.3999999999996,4,865.2599999999998,move,improve
4755,15,1690.4799999999996,4,865.2599999999998,move,improve
4756,15,1690.4799999999996,4,865.2599999999998,2opt,notBad
4757,15,1690.4799999999996,4,865.2599999999998,swap,notBad
4758,15,1690.4799999999996,4,865.2599999999998,swap,notBad
4759,15,1672.039999999999,4,865.2599999999998,move,improve
4760,15,1672.039999999999,4,865.2599999999998,swap,notBad
4761,15,1672.039999999999,4,865.2599999999998,move,improve
4762,15,1674.7599999999995,4,865.2599999999998,swap,acceptBad
4763,15,1674.7599999999995,4,865.2599999999998,2opt,notBad
4764,15,1674.7599999999995,4,865.2599999999998,2opt,notBad
4765,15,1674.7599999999995,4,865.2599999999998,swap,notBad
4766,15,1674.7599999999995,4,865.2599999999998,move,improve
4767,15,1674.7599999999995,4,865.2599999999998,swap,notBad
4768,15,1674.7599999999995,4,865.2599999999998,2opt,notBad
4769,15,1667.5199999999995,4,865.2599999999998,move,improve
4770,15,1667.5199999999995,4,865.2599999999998,move,improve
4771,15,1667.5199999999995,4,865.2599999999998,2opt,notBad
4772,15,1667.5199999999995,4,865.2599999999998,move,improve
4773,15,1667.5199999999995,4,865.2599999999998,2opt,notBad
4774,15,1667.5199999999995,4,865.2599999999998,2opt,notBad
4775,15,1667.5199999999995,4,865.2599999999998,move,improve
4776,15,1667.5199999999995,4,865.2599999999998,2opt,notBad
4777,15,1667.5199999999995,4,865.2599999999998,2opt,notBad
4778,15,1667.5199999999995,4,865.2599999999998,move,improve
4779,15,1667.5199999999995,4,865.2599999999998,swap,notBad
4780,15,1667.5199999999995,4,865.2599999999998,2opt,notBad
4781,15,1662.3599999999994,4,865.2599999999998,swap,improve
4782,15,1662.3599999999994,4,865.2599999999998,2opt,notBad
4783,15,1662.3599999999994,4,865.2599999999998,move,improve
4784,15,1662.3599999999994,4,865.2599999999998,2opt,notBad
4785,15,1640.5199999999993,4,865.2599999999998,move,improve
4786,15,1640.5199999999993,4,865.2599999999998,2opt,notBad
4787,15,1640.5199999999993,4,865.2599999999998,2opt,notBad
4788,15,1640.5199999999993,4,865.2599999999998,2opt,notBad
4789,15,1640.5199999999993,4,865.2599999999998,2opt,notBad
4790,15,1640.5199999999993,4,865.2599999999998,swap,notBad
4791,15,1640.5199999999993,4,865.2599999999998,swap,notBad
4792,15,1640.5199999999993,4,865.2599999999998,move,improve
4793,15,1640.5199999999993,4,865.2599999999998,2opt,notBad
4794,15,1640.5199999999993,4,865.2599999999998,move,improve
4795,15,1640.5199999999993,4,865.2599999999998,2opt,improve
4796,15,1640.5199999999993,4,865.2599999999998,2opt,notBad
4797,15,1629.8399999999995,4,865.2599999999998,move,improve
4798,15,1629.8399999999995,4,865.2599999999998,2opt,notBad
4799,15,1629.8399999999995,4,865.2599999999998,swap,notBad
4800,15,1629.8399999999995,4,865.2599999999998,move,improve
4801,15,1629.8399999999995,4,865.2599999999998,2opt,notBad
4802,15,1629.8399999999995,4,865.2599999999998,swap,notBad
4803,15,1629.8399999999995,4,865.2599999999998,swap,notBad
4804,15,1629.8399999999995,4,865.2599999999998,swap,notBad
4805,15,1629.8399999999995,4,865.2599999999998,2opt,notBad
4806,15,1629.8399999999995,4,865.2599999999998,2opt,notBad
4807,15,1629.8399999999995,4,865.2599999999998,2opt,notBad
4808,15,1629.8399999999995,4,865.2599999999998,2opt,notBad
4809,15,1629.8399999999995,4,865.2599999999998,swap,notBad
4810,15,1629.8399999999995,4,865.2599999999998,swap,notBad
4811,15,1629.8399999999995,4,865.2599999999998,2opt,notBad
4812,15,1629.8399999999995,4,865.2599999999998,move,improve
4813,15,1629.8399999999995,4,865.2599999999998,swap,notBad
4814,15,1629.8399999999995,4,865.2599999999998,2opt,notBad
4815,15,1629.8399999999995,4,865.2599999999998,2opt,notBad
4816,15,1629.8399999999995,4,865.2599999999998,swap,notBad
4817,15,1629.8399999999995,4,865.2599999999998,move,notBad
4818,15,1629.8399999999995,4,865.2599999999998,move,improve
4819,15,1629.8399999999995,4,865.2599999999998,swap,notBad
4820,15,1629.8399999999995,4,865.2599999999998,2opt,notBad
4821,15,1629.8399999999995,4,865.2599999999998,move,improve
4822,15,1629.8399999999995,4,865.2599999999998,swap,notBad
4823,15,1629.8399999999995,4,865.2599999999998,move,improve
4824,15,1629.8399999999995,4,865.2599999999998,2opt,notBad
4825,15,1624.4399999999996,4,865.2599999999998,move,improve
4826,15,1624.4399999999996,4,865.2599999999998,swap,notBad
4827,15,1624.4399999999996,4,865.2599999999998,move,improve
4828,15,1624.4399999999996,4,865.2599999999998,2opt,notBad
4829,15,1624.4399999999996,4,865.2599999999998,2opt,notBad
4830,15,1624.4399999999996,4,865.2599999999998,2opt,notBad
4831,15,1624.4399999999996,4,865.2599999999998,move,improve
4832,15,1624.4399999999996,4,865.2599999999998,swap,notBad
4833,15,1624.4399999999996,4,865.2599999999998,swap,notBad
4834,15,1624.4399999999996,4,865.2599999999998,swap,notBad
4835,15,1624.4399999999996,4,865.2599999999998,move,improve
4836,15,1624.4399999999996,4,865.2599999999998,2opt,notBad
4837,15,1624.4399999999996,4,865.2599999999998,2opt,notBad
4838,15,1624.4399999999996,4,865.2599999999998,swap,notBad
4839,15,1624.4399999999996,4,865.2599999999998,swap,notBad
4840,15,1621.3199999999995,4,865.2599999999998,swap,improve
4841,15,1621.3199999999995,4,865.2599999999998,swap,notBad
4842,15,1621.3199999999995,4,865.2599999999998,2opt,notBad
4843,15,1621.3199999999995,4,865.2599999999998,move,improve
4844,15,1621.3199999999995,4,865.2599999999998,move,improve
4845,15,1621.3199999999995,4,865.2599999999998,2opt,notBad
4846,15,1621.3199999999995,4,865.2599999999998,move,improve
4847,15,1645.5599999999993,4,865.2599999999998,swap,acceptBad
4848,15,1645.5599999999993,4,865.2599999999998,swap,notBad
4849,15,1645.5599999999993,4,865.2599999999998,2opt,notBad
4850,15,1645.5599999999993,4,865.2599999999998,swap,notBad
4851,15,1645.5599999999993,4,865.2599999999998,swap,notBad
4852,15,1645.5599999999993,4,865.2599999999998,2opt,improve
4853,15,1645.5599999999993,4,865.2599999999998,move,improve
4854,15,1645.5599999999993,4,865.2599999999998,2opt,notBad
4855,15,1645.5599999999993,4,865.2599999999998,2opt,notBad
4856,15,1645.5599999999993,4,865.2599999999998,move,improve
4857,15,1645.5599999999993,4,865.2599999999998,swap,notBad
4858,15,1645.5599999999993,4,865.2599999999998,2opt,notBad
4859,15,1645.5599999999993,4,865.2599999999998,2opt,notBad
4860,15,1648.5199999999995,4,865.2599999999998,swap,acceptBad
4861,15,1648.5199999999995,4,865.2599999999998,2opt,notBad
4862,15,1648.5199999999995,4,865.2599999999998,2opt,notBad
4863,15,1648.5199999999995,4,865.2599999999998,2opt,notBad
4864,15,1648.5199999999995,4,865.2599999999998,swap,notBad
4865,15,1648.5199999999995,4,865.2599999999998,swap,notBad
4866,15,1648.5199999999995,4,865.2599999999998,swap,notBad
4867,15,1648.5199999999995,4,865.2599999999998,2opt,notBad
4868,15,1648.5199999999995,4,865.2599999999998,move,improve
4869,15,1648.5199999999995,4,865.2599999999998,move,improve
4870,15,1648.5199999999995,4,865.2599999999998,move,improve
4871,15,1648.5199999999995,4,865.2599999999998,2opt,notBad
4872,15,1648.5199999999995,4,865.2599999999998,swap,notBad
4873,15,1648.5199999999995,4,865.2599999999998,move,improve
4874,15,1653.7999999999988,4,865.2599999999998,swap,acceptBad
4875,15,1653.7999999999988,4,865.2599999999998,move,notBad
4876,15,1653.7999999999988,4,865.2599999999998,swap,notBad
4877,15,1653.7999999999988,4,865.2599999999998,2opt,notBad
4878,15,1653.7999999999988,4,865.2599999999998,swap,notBad
4879,15,1653.7999999999988,4,865.2599999999998,2opt,notBad
4880,15,1653.7999999999988,4,865.2599999999998,2opt,notBad
4881,15,1653.7999999999988,4,865.2599999999998,swap,notBad
4882,15,1653.7999999999988,4,865.2599999999998,2opt,notBad
4883,15,1653.7999999999988,4,865.2599999999998,2opt,notBad
4884,15,1653.7999999999988,4,865.2599999999998,2opt,notBad
4885,15,1653.7999999999988,4,865.2599999999998,2opt,notBad
4886,15,1653.7999999999988,4,865.2599999999998,move,improve
4887,15,1653.7999999999988,4,865.2599999999998,swap,notBad
4888,15,1653.7999999999988,4,865.2599999999998,swap,notBad
4889,15,1653.7999999999988,4,865.2599999999998,2opt,notBad
4890,15,1653.7999999999988,4,865.2599999999998,swap,notBad
4891,15,1653.7999999999988,4,865.2599999999998,2opt,notBad
4892,15,1653.7999999999988,4,865.2599999999998,2opt,notBad
4893,15,1653.7999999999988,4,865.2599999999998,move,improve
4894,15,1653.7999999999988,4,865.2599999999998,swap,notBad
4895,15,1653.7999999999988,4,865.2599999999998,move,improve
4896,15,1653.7999999999988,4,865.2599999999998,move,improve
4897,15,1653.7999999999988,4,865.2599999999998,swap,notBad
4898,15,1653.7999999999988,4,865.2599999999998,move,improve
4899,15,1653.7999999999988,4,865.2599999999998,2opt,notBad
4900,15,1653.7999999999988,4,865.2599999999998,swap,notBad
4901,15,1657.3199999999986,4,865.2599999999998,2opt,acceptBad
4902,15,1657.3199999999986,4,865.2599999999998,swap,notBad
4903,15,1657.3199999999986,4,865.2599999999998,move,improve
4904,15,1657.3199999999986,4,865.2599999999998,swap,notBad
4905,15,1657.3199999999986,4,865.2599999999998,move,improve
4906,15,1657.3199999999986,4,865.2599999999998,move,improve
4907,15,1657.3199999999986,4,865.2599999999998,2opt,notBad
4908,15,1656.9999999999986,4,865.2599999999998,move,improve
4909,15,1656.9999999999986,4,865.2599999999998,2opt,notBad
4910,15,1656.9999999999986,4,865.2599999999998,swap,notBad
4911,15,1656.9999999999986,4,865.2599999999998,2opt,notBad
4912,15,1656.9999999999986,4,865.2599999999998,2opt,notBad
4913,15,1656.9999999999986,4,865.2599999999998,2opt,notBad
4914,15,1656.9999999999986,4,865.2599999999998,move,improve
4915,15,1656.9999999999986,4,865.2599999999998,2opt,notBad
4916,15,1656.9999999999986,4,865.2599999999998,swap,notBad
4917,15,1656.9999999999986,4,865.2599999999998,swap,notBad
4918,15,1656.9999999999986,4,865.2599999999998,swap,notBad
4919,15,1656.9999999999986,4,865.2599999999998,move,notBad
4920,15,1656.9999999999986,4,865.2599999999998,move,improve
4921,15,1656.9999999999986,4,865.2599999999998,swap,notBad
4922,15,1656.9999999999986,4,865.2599999999998,move,improve
4923,15,1654.8799999999985,4,865.2599999999998,move,improve
4924,15,1654.8799999999985,4,865.2599999999998,swap,notBad
4925,15,1654.8799999999985,4,865.2599999999998,2opt,notBad
4926,15,1668.5199999999984,4,865.2599999999998,swap,acceptBad
4927,15,1668.5199999999984,4,865.2599999999998,2opt,notBad
4928,15,1668.5199999999984,4,865.2599999999998,swap,notBad
4929,15,1668.5199999999984,4,865.2599999999998,2opt,notBad
4930,15,1668.5199999999984,4,865.2599999999998,move,improve
4931,15,1668.5199999999984,4,865.2599999999998,swap,notBad
4932,15,1668.5199999999984,4,865.2599999999998,2opt,notBad
4933,15,1668.5199999999984,4,865.2599999999998,move,improve
4934,15,1668.5199999999984,4,865.2599999999998,2opt,notBad
4935,15,1668.5199999999984,4,865.2599999999998,swap,notBad
4936,15,1668.5199999999984,4,865.2599999999998,move,improve
4937,15,1668.5199999999984,4,865.2599999999998,2opt,notBad
4938,15,1668.5199999999984,4,865.2599999999998,move,improve
4939,15,1668.5199999999984,4,865.2599999999998,swap,notBad
4940,15,1668.5199999999984,4,865.2599999999998,move,improve
4941,15,1671.0799999999986,4,865.2599999999998,swap,acceptBad
4942,15,1642.719999999998,4,865.2599999999998,move,improve
4943,15,1642.719999999998,4,865.2599999999998,move,improve
4944,15,1642.719999999998,4,865.2599999999998,2opt,notBad
4945,15,1642.719999999998,4,865.2599999999998,swap,notBad
4946,15,1642.719999999998,4,865.2599999999998,swap,notBad
4947,15,1605.7999999999977,4,865.2599999999998,move,improve
4948,15,1605.7999999999977,4,865.2599999999998,swap,notBad
4949,15,1605.7999999999977,4,865.2599999999998,swap,notBad
4950,15,1605.7999999999977,4,865.2599999999998,swap,notBad
4951,15,1605.7999999999977,4,865.2599999999998,swap,notBad
4952,15,1605.7999999999977,4,865.2599999999998,2opt,notBad
4953,15,1605.7999999999977,4,865.2599999999998,2opt,notBad
4954,15,1605.7999999999977,4,865.2599999999998,swap,notBad
4955,15,1599.8399999999976,4,865.2599999999998,move,improve
4956,15,1599.8399999999976,4,865.2599999999998,move,improve
4957,15,1621.6399999999978,4,865.2599999999998,swap,acceptBad
4958,15,1621.6399999999978,4,865.2599999999998,swap,notBad
4959,15,1621.6399999999978,4,865.2599999999998,swap,notBad
4960,15,1621.6399999999978,4,865.2599999999998,swap,notBad
4961,15,1621.6399999999978,4,865.2599999999998,move,improve
4962,15,1633.7599999999975,4,865.2599999999998,swap,acceptBad
4963,15,1633.7599999999975,4,865.2599999999998,2opt,notBad
4964,15,1633.7599999999975,4,865.2599999999998,2opt,notBad
4965,15,1633.7599999999975,4,865.2599999999998,move,improve
4966,15,1633.7599999999975,4,865.2599999999998,swap,notBad
4967,15,1633.7599999999975,4,865.2599999999998,swap,notBad
4968,15,1633.7599999999975,4,865.2599999999998,2opt,notBad
4969,15,1627.7999999999975,4,865.2599999999998,move,improve
4970,15,1627.7999999999975,4,865.2599999999998,move,improve
4971,15,1627.7999999999975,4,865.2599999999998,2opt,improve
4972,15,1627.6799999999976,4,865.2599999999998,move,improve
4973,15,1627.6799999999976,4,865.2599999999998,2opt,notBad
4974,15,1627.6799999999976,4,865.2599999999998,swap,notBad
4975,15,1627.6799999999976,4,865.2599999999998,move,improve
4976,15,1627.6799999999976,4,865.2599999999998,move,improve
4977,15,1627.6799999999976,4,865.2599999999998,2opt,notBad
4978,15,1627.6799999999976,4,865.2599999999998,move,improve
4979,15,1622.5999999999976,4,865.2599999999998,move,improve
4980,15,1622.5999999999976,4,865.2599999999998,move,improve
4981,15,1622.5999999999976,4,865.2599999999998,swap,notBad
4982,15,1625.719999999998,4,865.2599999999998,2opt,acceptBad
4983,15,1623.6799999999978,4,865.2599999999998,move,improve
4984,15,1623.6799999999978,4,865.2599999999998,move,improve
4985,15,1623.6799999999978,4,865.2599999999998,2opt,notBad
4986,15,1623.6799999999978,4,865.2599999999998,2opt,notBad
4987,15,1623.6799999999978,4,865.2599999999998,2opt,notBad
4988,15,1623.6799999999978,4,865.2599999999998,swap,notBad
4989,15,1623.6799999999978,4,865.2599999999998,2opt,notBad
4990,15,1623.6799999999978,4,865.2599999999998,2opt,notBad
4991,15,1623.6799999999978,4,865.2599999999998,move,improve
4992,15,1623.6799999999978,4,865.2599999999998,move,improve
4993,15,1623.6799999999978,4,865.2599999999998,2opt,notBad
4994,15,1623.6799999999978,4,865.2599999999998,move,improve
4995,15,1623.6799999999978,4,865.2599999999998,2opt,notBad
4996,15,1623.6799999999978,4,865.2599999999998,2opt,notBad
4997,15,1623.6799999999978,4,865.2599999999998,move,improve
4998,15,1623.6799999999978,4,865.2599999999998,2opt,notBad
4999,15,1611.5599999999974,4,865.2599999999998,move,improve
5000,15,1611.5599999999974,4,865.2599999999998,swap,notBad
5001,15,1610.5599999999974,4,865.2599999999998,move,improve
5002,15,1610.5599999999974,4,865.2599999999998,2opt,notBad
5003,15,1610.5599999999974,4,865.2599999999998,2opt,notBad
5004,15,1610.5599999999974,4,865.2599999999998,swap,notBad
5005,15,1610.5599999999974,4,865.2599999999998,move,improve
5006,15,1610.5599999999974,4,865.2599999999998,2opt,notBad
5007,15,1611.2399999999975,4,865.2599999999998,2opt,acceptBad
5008,15,1611.2399999999975,4,865.2599999999998,2opt,notBad
5009,15,1611.2399999999975,4,865.2599999999998,move,improve
5010,15,1611.2399999999975,4,865.2599999999998,2opt,notBad
5011,15,1611.2399999999975,4,865.2599999999998,move,improve
5012,15,1611.2399999999975,4,865.2599999999998,swap,notBad
5013,15,1611.2399999999975,4,865.2599999999998,2opt,notBad
5014,15,1611.2399999999975,4,865.2599999999998,swap,notBad
5015,15,1611.2399999999975,4,865.2599999999998,2opt,notBad
5016,15,1617.2399999999975,4,865.2599999999998,swap,acceptBad
5017,15,1617.2399999999975,4,865.2599999999998,swap,notBad
5018,15,1617.2399999999975,4,865.2599999999998,swap,notBad
5019,15,1617.2399999999975,4,865.2599999999998,2opt,notBad
5020,15,1614.2399999999975,4,865.2599999999998,move,improve
5021,15,1614.2399999999975,4,865.2599999999998,move,improve
5022,15,1614.2399999999975,4,865.2599999999998,swap,notBad
5023,15,1613.0399999999977,4,865.2599999999998,move,improve
5024,15,1613.0399999999977,4,865.2599999999998,2opt,notBad
5025,15,1606.2799999999975,4,865.2599999999998,move,improve
5026,15,1606.2799999999975,4,865.2599999999998,2opt,notBad
5027,15,1606.2799999999975,4,865.2599999999998,2opt,improve
5028,15,1606.2799999999975,4,865.2599999999998,swap,notBad
5029,15,1606.2799999999975,4,865.2599999999998,2opt,notBad
5030,15,1606.2799999999975,4,865.2599999999998,2opt,notBad
5031,15,1606.2799999999975,4,865.2599999999998,move,improve
5032,15,1606.2799999999975,4,865.2599999999998,swap,notBad
5033,15,1606.2799999999975,4,865.2599999999998,swap,notBad
5034,15,1606.2799999999975,4,865.2599999999998,move,improve
5035,15,1606.2799999999975,4,865.2599999999998,swap,notBad
5036,15,1607.5599999999977,4,865.2599999999998,swap,acceptBad
5037,15,1607.5599999999977,4,865.2599999999998,swap,notBad
5038,15,1607.5599999999977,4,865.2599999999998,swap,notBad
5039,15,1607.5599999999977,4,865.2599999999998,swap,notBad
5040,15,1600.9599999999975,4,865.2599999999998,move,improve
5041,15,1600.9599999999975,4,865.2599999999998,move,improve
5042,15,1600.9599999999975,4,865.2599999999998,move,improve
5043,15,1600.9599999999975,4,865.2599999999998,move,improve
5044,15,1600.9599999999975,4,865.2599999999998,move,improve
5045,15,1600.9599999999975,4,865.2599999999998,move,improve
5046,15,1600.9599999999975,4,865.2599999999998,swap,notBad
5047,15,1600.9599999999975,4,865.2599999999998,2opt,notBad
5048,15,1600.9599999999975,4,865.2599999999998,2opt,notBad
5049,15,1600.9599999999975,4,865.2599999999998,move,improve
5050,15,1600.9599999999975,4,865.2599999999998,swap,notBad
5051,15,1600.9599999999975,4,865.2599999999998,2opt,notBad
5052,15,1600.9599999999975,4,865.2599999999998,2opt,notBad
5053,15,1598.1599999999976,4,865.2599999999998,move,improve
5054,15,1598.1599999999976,4,865.2599999999998,move,improve
5055,15,1598.1599999999976,4,865.2599999999998,2opt,notBad
5056,15,1598.1599999999976,4,865.2599999999998,move,improve
5057,15,1598.1599999999976,4,865.2599999999998,2opt,notBad
5058,15,1598.1599999999976,4,865.2599999999998,move,improve
5059,15,1598.1599999999976,4,865.2599999999998,swap,notBad
5060,15,1598.1599999999976,4,865.2599999999998,swap,notBad
5061,15,1598.1599999999976,4,865.2599999999998,move,improve
5062,15,1598.1599999999976,4,865.2599999999998,2opt,notBad
5063,15,1598.1599999999976,4,865.2599999999998,2opt,notBad
5064,15,1598.1599999999976,4,865.2599999999998,move,improve
5065,15,1598.1599999999976,4,865.2599999999998,2opt,notBad
5066,15,1598.1599999999976,4,865.2599999999998,move,improve
5067,15,1598.1599999999976,4,865.2599999999998,swap,notBad
5068,15,1580.3199999999988,4,865.2599999999998,2opt,improve
5069,15,1580.3199999999988,4,865.2599999999998,move,improve
5070,15,1580.3199999999988,4,865.2599999999998,2opt,notBad
5071,15,1580.3199999999988,4,865.2599999999998,swap,notBad
5072,15,1580.3199999999988,4,865.2599999999998,move,improve
5073,15,1578.3199999999988,4,865.2599999999998,move,improve
5074,15,1578.3199999999988,4,865.2599999999998,swap,notBad
5075,15,1578.3199999999988,4,865.2599999999998,move,improve
5076,15,1578.3199999999988,4,865.2599999999998,move,improve
5077,15,1578.3199999999988,4,865.2599999999998,2opt,notBad
5078,15,1578.3199999999988,4,865.2599999999998,swap,notBad
5079,15,1568.6399999999987,4,865.2599999999998,move,improve
5080,15,1568.6399999999987,4,865.2599999999998,2opt,notBad
5081,15,1568.6399999999987,4,865.2599999999998,swap,notBad
5082,15,1568.6399999999987,4,865.2599999999998,2opt,notBad
5083,15,1568.6399999999987,4,865.2599999999998,2opt,notBad
5084,15,1558.6399999999987,4,865.2599999999998,move,improve
5085,15,1558.6399999999987,4,865.2599999999998,swap,notBad
5086,15,1558.6399999999987,4,865.2599999999998,move,improve
5087,15,1558.6399999999987,4,865.2599999999998,swap,notBad
5088,15,1558.6399999999987,4,865.2599999999998,swap,notBad
5089,15,1558.6399999999987,4,865.2599999999998,2opt,notBad
5090,15,1558.6399999999987,4,865.2599999999998,move,improve
5091,15,1558.6399999999987,4,865.2599999999998,swap,notBad
5092,15,1558.6399999999987,4,865.2599999999998,move,improve
5093,15,1558.6399999999987,4,865.2599999999998,move,improve
5094,15,1558.6399999999987,4,865.2599999999998,2opt,notBad
5095,15,1558.6399999999987,4,865.2599999999998,2opt,notBad
5096,15,1558.6399999999987,4,865.2599999999998,move,improve
5097,15,1558.6399999999987,4,865.2599999999998,swap,notBad
5098,15,1558.6399999999987,4,865.2599999999998,swap,notBad
5099,15,1560.039999999999,4,865.2599999999998,2opt,acceptBad
5100,15,1560.039999999999,4,865.2599999999998,2opt,notBad
5101,15,1560.039999999999,4,865.2599999999998,move,improve
5102,15,1560.039999999999,4,865.2599999999998,2opt,notBad
5103,15,1560.039999999999,4,865.2599999999998,2opt,notBad
5104,15,1560.039999999999,4,865.2599999999998,swap,notBad
5105,15,1560.039999999999,4,865.2599999999998,swap,notBad
5106,15,1560.039999999999,4,865.2599999999998,move,improve
5107,15,1560.039999999999,4,865.2599999999998,swap,notBad
5108,15,1560.039999999999,4,865.2599999999998,move,improve
5109,15,1560.039999999999,4,865.2599999999998,swap,notBad
5110,15,1560.039999999999,4,865.2599999999998,move,improve
5111,15,1560.039999999999,4,865.2599999999998,swap,notBad
5112,15,1528.0399999999993,4,865.2599999999998,move,improve
5113,15,1528.0399999999993,4,865.2599999999998,swap,notBad
5114,15,1528.0399999999993,4,865.2599999999998,2opt,notBad
5115,15,1528.0399999999993,4,865.2599999999998,swap,notBad
5116,15,1528.0399999999993,4,865.2599999999998,swap,notBad
5117,15,1528.0399999999993,4,865.2599999999998,2opt,notBad
5118,15,1528.0399999999993,4,865.2599999999998,2opt,notBad
5119,15,1528.0399999999993,4,865.2599999999998,move,improve
5120,15,1528.0399999999993,4,865.2599999999998,2opt,notBad
5121,15,1499.9599999999998,4,865.2599999999998,move,improve
5122,15,1499.9599999999998,4,865.2599999999998,move,improve
5123,15,1499.9599999999998,4,865.2599999999998,move,improve
5124,15,1499.9599999999998,4,865.2599999999998,2opt,notBad
5125,15,1499.9599999999998,4,865.2599999999998,swap,notBad
5126,15,1499.9599999999998,4,865.2599999999998,2opt,notBad
5127,15,1498.0399999999997,4,865.2599999999998,move,improve
5128,15,1498.0399999999997,4,865.2599999999998,move,improve
5129,15,1498.0399999999997,4,865.2599999999998,2opt,notBad
5130,15,1498.0399999999997,4,865.2599999999998,2opt,notBad
5131,15,1498.0399999999997,4,865.2599999999998,move,improve
5132,15,1498.0399999999997,4,865.2599999999998,move,improve
5133,15,1511.3599999999994,4,865.2599999999998,swap,acceptBad
5134,15,1511.3599999999994,4,865.2599999999998,move,improve
5135,15,1511.3599999999994,4,865.2599999999998,swap,notBad
5136,15,1511.3599999999994,4,865.2599999999998,2opt,notBad
5137,15,1511.3599999999994,4,865.2599999999998,swap,notBad
5138,15,1511.3599999999994,4,865.2599999999998,swap,notBad
5139,15,1511.3599999999994,4,865.2599999999998,swap,notBad
5140,15,1511.3599999999994,4,865.2599999999998,move,improve
5141,15,1511.3599999999994,4,865.2599999999998,2opt,notBad
5142,15,1511.3599999999994,4,865.2599999999998,2opt,notBad
5143,15,1511.3599999999994,4,865.2599999999998,swap,notBad
5144,15,1511.3599999999994,4,865.2599999999998,move,improve
5145,15,1511.3599999999994,4,865.2599999999998,swap,notBad
5146,15,1511.3599999999994,4,865.2599999999998,move,improve
5147,15,1511.3599999999994,4,865.2599999999998,2opt,notBad
5148,15,1511.3599999999994,4,865.2599999999998,2opt,notBad
5149,15,1511.3599999999994,4,865.2599999999998,move,improve
5150,15,1511.3599999999994,4,865.2599999999998,2opt,notBad
5151,15,1511.3599999999994,4,865.2599999999998,swap,notBad
5152,15,1513.0399999999986,4,865.2599999999998,2opt,acceptBad
5153,15,1513.0399999999986,4,865.2599999999998,swap,notBad
5154,15,1513.0399999999986,4,865.2599999999998,move,improve
5155,15,1513.0399999999986,4,865.2599999999998,move,improve
5156,15,1513.0399999999986,4,865.2599999999998,swap,notBad
5157,15,1513.0399999999986,4,865.2599999999998,swap,notBad
5158,15,1513.0399999999986,4,865.2599999999998,2opt,notBad
5159,15,1513.0399999999986,4,865.2599999999998,move,improve
5160,15,1513.0399999999986,4,865.2599999999998,swap,notBad
5161,15,1513.0399999999986,4,865.2599999999998,swap,notBad
5162,15,1513.0399999999986,4,865.2599999999998,swap,notBad
5163,15,1513.0399999999986,4,865.2599999999998,2opt,notBad
5164,15,1513.0399999999986,4,865.2599999999998,move,improve
5165,15,1513.0399999999986,4,865.2599999999998,move,improve
5166,15,1513.0399999999986,4,865.2599999999998,2opt,notBad
5167,15,1513.0399999999986,4,865.2599999999998,move,improve
5168,15,1513.0399999999986,4,865.2599999999998,2opt,notBad
5169,15,1513.0399999999986,4,865.2599999999998,swap,notBad
5170,15,1513.0399999999986,4,865.2599999999998,2opt,notBad
5171,15,1513.0399999999986,4,865.2599999999998,swap,notBad
5172,15,1513.0399999999986,4,865.2599999999998,move,improve
5173,15,1513.0399999999986,4,865.2599999999998,2opt,notBad
5174,15,1513.0399999999986,4,865.2599999999998,2opt,notBad
5175,15,1513.0399999999986,4,865.2599999999998,2opt,notBad
5176,15,1513.0399999999986,4,865.2599999999998,swap,notBad
5177,15,1513.0399999999986,4,865.2599999999998,move,improve
5178,15,1513.0399999999986,4,865.2599999999998,swap,notBad
5179,15,1513.0399999999986,4,865.2599999999998,swap,notBad
5180,15,1513.0399999999986,4,865.2599999999998,swap,notBad
5181,15,1513.0399999999986,4,865.2599999999998,swap,notBad
5182,15,1513.0399999999986,4,865.2599999999998,2opt,notBad
5183,15,1513.0399999999986,4,865.2599999999998,swap,notBad
5184,15,1513.0399999999986,4,865.2599999999998,move,improve
5185,15,1516.3199999999988,4,865.2599999999998,swap,acceptBad
5186,15,1516.3199999999988,4,865.2599999999998,2opt,notBad
5187,15,1516.3199999999988,4,865.2599999999998,2opt,notBad
5188,15,1516.3199999999988,4,865.2599999999998,move,improve
5189,15,1516.3199999999988,4,865.2599999999998,move,improve
5190,15,1516.3199999999988,4,865.2599999999998,swap,notBad
5191,15,1516.3199999999988,4,865.2599999999998,2opt,notBad
5192,15,1516.3199999999988,4,865.2599999999998,swap,notBad
5193,15,1514.7199999999982,4,865.2599999999998,swap,improve
5194,15,1514.7199999999982,4,865.2599999999998,move,improve
5195,15,1514.7199999999982,4,865.2599999999998,2opt,notBad
5196,15,1514.7199999999982,4,865.2599999999998,swap,notBad
5197,15,1514.7199999999982,4,865.2599999999998,swap,notBad
5198,15,1514.7199999999982,4,865.2599999999998,swap,notBad
5199,15,1514.7199999999982,4,865.2599999999998,swap,notBad
5200,15,1514.7199999999982,4,865.2599999999998,swap,notBad
5201,15,1514.7199999999982,4,865.2599999999998,2opt,notBad
5202,15,1514.7199999999982,4,865.2599999999998,move,improve
5203,15,1514.7199999999982,4,865.2599999999998,2opt,improve
5204,15,1514.7199999999982,4,865.2599999999998,swap,notBad
5205,15,1514.7199999999982,4,865.2599999999998,2opt,notBad
5206,15,1484.279999999998,4,865.2599999999998,move,improve
5207,15,1484.279999999998,4,865.2599999999998,2opt,notBad
5208,15,1484.279999999998,4,865.2599999999998,2opt,notBad
5209,15,1484.279999999998,4,865.2599999999998,move,improve
5210,15,1484.279999999998,4,865.2599999999998,swap,notBad
5211,15,1484.279999999998,4,865.2599999999998,swap,notBad
5212,15,1484.279999999998,4,865.2599999999998,move,improve
5213,15,1484.279999999998,4,865.2599999999998,2opt,improve
5214,15,1484.279999999998,4,865.2599999999998,move,improve
5215,15,1484.279999999998,4,865.2599999999998,2opt,notBad
5216,15,1484.279999999998,4,865.2599999999998,2opt,notBad
5217,15,1484.279999999998,4,865.2599999999998,swap,notBad
5218,15,1484.279999999998,4,865.2599999999998,swap,notBad
5219,15,1484.279999999998,4,865.2599999999998,2opt,notBad
5220,15,1484.279999999998,4,865.2599999999998,move,improve
5221,15,1484.279999999998,4,865.2599999999998,move,improve
5222,15,1463.4799999999993,4,865.2599999999998,move,improve
5223,15,1463.4799999999993,4,865.2599999999998,2opt,notBad
5224,15,1466.1599999999996,4,865.2599999999998,swap,acceptBad
5225,15,1466.1599999999996,4,865.2599999999998,swap,notBad
5226,15,1466.1599999999996,4,865.2599999999998,2opt,notBad
5227,15,1466.1599999999996,4,865.2599999999998,move,improve
5228,15,1466.1599999999996,4,865.2599999999998,swap,notBad
5229,15,1466.1599999999996,4,865.2599999999998,move,improve
5230,15,1466.1599999999996,4,865.2599999999998,move,improve
5231,15,1466.1599999999996,4,865.2599999999998,swap,notBad
5232,15,1466.1599999999996,4,865.2599999999998,move,improve
5233,15,1466.1599999999996,4,865.2599999999998,2opt,notBad
5234,15,1466.1599999999996,4,865.2599999999998,move,improve
5235,15,1466.1599999999996,4,865.2599999999998,2opt,notBad
5236,15,1466.1599999999996,4,865.2599999999998,2opt,notBad
5237,15,1466.1599999999996,4,865.2599999999998,2opt,notBad
5238,15,1466.1599999999996,4,865.2599999999998,swap,notBad
5239,15,1466.1599999999996,4,865.2599999999998,swap,notBad
5240,15,1466.1599999999996,4,865.2599999999998,move,improve
5241,15,1466.1599999999996,4,865.2599999999998,swap,notBad
5242,15,1466.1599999999996,4,865.2599999999998,move,improve
5243,15,1466.1599999999996,4,865.2599999999998,2opt,notBad
5244,15,1466.1599999999996,4,865.2599999999998,swap,notBad
5245,15,1466.1599999999996,4,865.2599999999998,2opt,notBad
5246,15,1470.1599999999996,4,865.2599999999998,swap,acceptBad
5247,15,1470.1599999999996,4,865.2599999999998,2opt,notBad
5248,15,1470.1599999999996,4,865.2599999999998,2opt,notBad
5249,15,1470.1599999999996,4,865.2599999999998,swap,notBad
5250,15,1470.1599999999996,4,865.2599999999998,swap,notBad
5251,15,1470.1599999999996,4,865.2599999999998,swap,notBad
5252,15,1470.1599999999996,4,865.2599999999998,swap,notBad
5253,15,1470.1599999999996,4,865.2599999999998,2opt,notBad
5254,15,1470.1599999999996,4,865.2599999999998,move,improve
5255,15,1470.1599999999996,4,865.2599999999998,2opt,notBad
5256,15,1470.1599999999996,4,865.2599999999998,2opt,improve
5257,15,1470.1599999999996,4,865.2599999999998,swap,notBad
5258,15,1469.5599999999997,4,865.2599999999998,move,improve
5259,15,1469.5599999999997,4,865.2599999999998,2opt,notBad
5260,15,1469.5599999999997,4,865.2599999999998,2opt,notBad
5261,15,1469.5599999999997,4,865.2599999999998,swap,notBad
5262,15,1469.5599999999997,4,865.2599999999998,swap,notBad
5263,15,1469.5599999999997,4,865.2599999999998,move,improve
5264,15,1469.5599999999997,4,865.2599999999998,swap,notBad
5265,15,1469.5599999999997,4,865.2599999999998,move,improve
5266,15,1473.1199999999997,4,865.2599999999998,swap,acceptBad
5267,15,1473.1199999999997,4,865.2599999999998,swap,notBad
5268,15,1473.1199999999997,4,865.2599999999998,move,improve
5269,15,1473.1199999999997,4,865.2599999999998,2opt,notBad
5270,15,1473.1199999999997,4,865.2599999999998,swap,notBad
5271,15,1473.1199999999997,4,865.2599999999998,move,improve
5272,15,1473.1199999999997,4,865.2599999999998,2opt,notBad
5273,15,1473.1199999999997,4,865.2599999999998,swap,notBad
5274,15,1473.1199999999997,4,865.2599999999998,move,improve
5275,15,1473.1199999999997,4,865.2599999999998,move,improve
5276,15,1473.1199999999997,4,865.2599999999998,move,improve
5277,15,1473.1199999999997,4,865.2599999999998,2opt,notBad
5278,15,1473.1199999999997,4,865.2599999999998,swap,notBad
5279,15,1473.1199999999997,4,865.2599999999998,2opt,notBad
5280,15,1473.1199999999997,4,865.2599999999998,2opt,notBad
5281,15,1457.9199999999998,4,865.2599999999998,move,improve
5282,15,1457.9199999999998,4,865.2599999999998,move,improve
5283,15,1457.9199999999998,4,865.2599999999998,swap,notBad
5284,15,1457.9199999999998,4,865.2599999999998,move,improve
5285,15,1457.9199999999998,4,865.2599999999998,2opt,notBad
5286,15,1457.9199999999998,4,865.2599999999998,swap,notBad
5287,15,1457.9199999999998,4,865.2599999999998,swap,notBad
5288,15,1457.9199999999998,4,865.2599999999998,2opt,notBad
5289,15,1457.9199999999998,4,865.2599999999998,swap,notBad
5290,15,1457.9199999999998,4,865.2599999999998,swap,notBad
5291,15,1457.9199999999998,4,865.2599999999998,move,improve
5292,15,1457.9199999999998,4,865.2599999999998,2opt,notBad
5293,15,1457.9199999999998,4,865.2599999999998,swap,notBad
5294,15,1457.9199999999998,4,865.2599999999998,swap,notBad
5295,15,1457.9199999999998,4,865.2599999999998,2opt,notBad
5296,15,1457.9199999999998,4,865.2599999999998,2opt,notBad
5297,15,1457.9199999999998,4,865.2599999999998,swap,notBad
5298,15,1457.9199999999998,4,865.2599999999998,swap,notBad
5299,15,1457.9199999999998,4,865.2599999999998,move,improve
5300,15,1457.9199999999998,4,865.2599999999998,swap,notBad
5301,15,1462.1999999999996,4,865.2599999999998,swap,acceptBad
5302,15,1462.1999999999996,4,865.2599999999998,swap,notBad
5303,15,1462.1999999999996,4,865.2599999999998,2opt,notBad
5304,15,1462.1999999999996,4,865.2599999999998,2opt,notBad
5305,15,1462.1999999999996,4,865.2599999999998,move,improve
5306,15,1458.1999999999996,4,865.2599999999998,move,improve
5307,15,1458.1999999999996,4,865.2599999999998,move,improve
5308,15,1456.1599999999996,4,865.2599999999998,swap,improve
5309,15,1456.1599999999996,4,865.2599999999998,swap,notBad
5310,15,1456.1599999999996,4,865.2599999999998,move,improve
5311,15,1461.9199999999996,4,865.2599999999998,2opt,acceptBad
5312,15,1461.9199999999996,4,865.2599999999998,swap,notBad
5313,15,1461.9199999999996,4,865.2599999999998,2opt,notBad
5314,15,1461.9199999999996,4,865.2599999999998,swap,notBad
5315,15,1461.9199999999996,4,865.2599999999998,swap,notBad
5316,15,1461.9199999999996,4,865.2599999999998,move,improve
5317,15,1461.9199999999996,4,865.2599999999998,swap,notBad
5318,15,1461.9199999999996,4,865.2599999999998,2opt,notBad
5319,15,1461.9199999999996,4,865.2599999999998,swap,notBad
5320,15,1461.9199999999996,4,865.2599999999998,move,improve
5321,15,1461.9199999999996,4,865.2599999999998,move,improve
5322,15,1461.9199999999996,4,865.2599999999998,swap,notBad
5323,15,1461.9199999999996,4,865.2599999999998,swap,notBad
5324,15,1461.9199999999996,4,865.2599999999998,2opt,notBad
5325,15,1461.9199999999996,4,865.2599999999998,2opt,improve
5326,15,1458.12,4,865.2599999999998,2opt,improve
5327,15,1458.12,4,865.2599999999998,2opt,notBad
5328,15,1458.12,4,865.2599999999998,swap,notBad
5329,15,1458.12,4,865.2599999999998,2opt,notBad
5330,15,1458.12,4,865.2599999999998,2opt,notBad
5331,15,1458.12,4,865.2599999999998,move,improve
5332,15,1458.12,4,865.2599999999998,swap,notBad
5333,15,1458.12,4,865.2599999999998,swap,notBad
5334,15,1458.12,4,865.2599999999998,2opt,improve
5335,15,1458.12,4,865.2599999999998,swap,notBad
5336,15,1458.12,4,865.2599999999998,move,improve
5337,15,1458.12,4,865.2599999999998,2opt,notBad
5338,15,1458.12,4,865.2599999999998,swap,notBad
5339,15,1458.12,4,865.2599999999998,move,improve
5340,15,1458.12,4,865.2599999999998,swap,notBad
5341,15,1458.12,4,865.2599999999998,move,improve
5342,15,1458.12,4,865.2599999999998,2opt,notBad
5343,15,1458.12,4,865.2599999999998,2opt,notBad
5344,15,1458.12,4,865.2599999999998,2opt,notBad
5345,15,1458.12,4,865.2599999999998,move,improve
5346,15,1458.12,4,865.2599999999998,2opt,notBad
5347,15,1458.12,4,865.2599999999998,swap,notBad
5348,15,1458.12,4,865.2599999999998,swap,notBad
5349,15,1454.6000000000001,4,865.2599999999998,move,improve
5350,15,1454.6000000000001,4,865.2599999999998,2opt,notBad
5351,15,1429.24,4,865.2599999999998,move,improve
5352,15,1429.24,4,865.2599999999998,move,improve
5353,15,1429.24,4,865.2599999999998,2opt,notBad
5354,15,1429.24,4,865.2599999999998,2opt,notBad
5355,15,1429.24,4,865.2599999999998,swap,notBad
5356,15,1438.24,4,865.2599999999998,swap,acceptBad
5357,15,1438.24,4,865.2599999999998,move,improve
5358,15,1438.24,4,865.2599999999998,swap,notBad
5359,15,1438.24,4,865.2599999999998,move,improve
5360,15,1438.24,4,865.2599999999998,swap,notBad
5361,15,1438.24,4,865.2599999999998,move,improve
5362,15,1438.24,4,865.2599999999998,move,improve
5363,15,1438.24,4,865.2599999999998,move,improve
5364,15,1438.24,4,865.2599999999998,2opt,notBad
5365,15,1438.24,4,865.2599999999998,move,improve
5366,15,1438.24,4,865.2599999999998,swap,notBad
5367,15,1438.24,4,865.2599999999998,move,notBad
5368,15,1438.24,4,865.2599999999998,move,improve
5369,15,1431.4,4,865.2599999999998,move,improve
5370,15,1431.4,4,865.2599999999998,swap,notBad
5371,15,1431.4,4,865.2599999999998,swap,notBad
5372,15,1431.4,4,865.2599999999998,move,improve
5373,15,1431.4,4,865.2599999999998,move,improve
5374,15,1431.4,4,865.2599999999998,swap,notBad
5375,15,1431.4,4,865.2599999999998,move,improve
5376,15,1431.4,4,865.2599999999998,2opt,notBad
5377,15,1431.4,4,865.2599999999998,2opt,notBad
5378,15,1431.4,4,865.2599999999998,2opt,notBad
5379,15,1431.4,4,865.2599999999998,2opt,notBad
5380,15,1431.4,4,865.2599999999998,move,improve
5381,15,1431.4,4,865.2599999999998,2opt,notBad
5382,15,1431.4,4,865.2599999999998,move,improve
5383,15,1431.4,4,865.2599999999998,swap,notBad
5384,15,1431.4,4,865.2599999999998,swap,notBad
5385,15,1431.4,4,865.2599999999998,move,improve
5386,15,1431.4,4,865.2599999999998,swap,notBad
5387,15,1431.4,4,865.2599999999998,swap,notBad
5388,15,1431.4,4,865.2599999999998,swap,notBad
5389,15,1431.4,4,865.2599999999998,2opt,notBad
5390,15,1431.4,4,865.2599999999998,move,improve
5391,15,1433.6399999999999,4,865.2599999999998,2opt,acceptBad
5392,15,1433.6399999999999,4,865.2599999999998,swap,notBad
5393,15,1433.6399999999999,4,865.2599999999998,2opt,notBad
5394,15,1433.6399999999999,4,865.2599999999998,2opt,notBad
5395,15,1433.6399999999999,4,865.2599999999998,2opt,notBad
5396,15,1433.6399999999999,4,865.2599999999998,swap,notBad
5397,15,1433.6399999999999,4,865.2599999999998,swap,notBad
5398,15,1433.6399999999999,4,865.2599999999998,move,improve
5399,15,1431.9199999999998,4,865.2599999999998,move,improve
5400,15,1431.9199999999998,4,865.2599999999998,move,improve
5401,15,1431.9199999999998,4,865.2599999999998,2opt,notBad
5402,15,1431.9199999999998,4,865.2599999999998,2opt,notBad
5403,15,1431.9199999999998,4,865.2599999999998,move,improve
5404,15,1431.9199999999998,4,865.2599999999998,move,improve
5405,15,1431.9199999999998,4,865.2599999999998,move,improve
5406,15,1431.9199999999998,4,865.2599999999998,swap,notBad
5407,15,1431.9199999999998,4,865.2599999999998,swap,notBad
5408,15,1431.9199999999998,4,865.2599999999998,swap,notBad
5409,15,1431.9199999999998,4,865.2599999999998,2opt,notBad
5410,15,1431.9199999999998,4,865.2599999999998,2opt,notBad
5411,15,1431.9199999999998,4,865.2599999999998,2opt,notBad
5412,15,1431.9199999999998,4,865.2599999999998,2opt,notBad
5413,15,1431.9199999999998,4,865.2599999999998,swap,notBad
5414,15,1431.9199999999998,4,865.2599999999998,swap,notBad
5415,15,1431.9199999999998,4,865.2599999999998,move,improve
5416,15,1431.9199999999998,4,865.2599999999998,2opt,notBad
5417,15,1431.9199999999998,4,865.2599999999998,swap,notBad
5418,15,1431.9199999999998,4,865.2599999999998,swap,notBad
5419,15,1427.76,4,865.2599999999998,move,improve
5420,15,1427.76,4,865.2599999999998,2opt,notBad
5421,15,1427.76,4,865.2599999999998,move,improve
5422,15,1427.76,4,865.2599999999998,move,improve
5423,15,1427.76,4,865.2599999999998,move,improve
5424,15,1427.76,4,865.2599999999998,move,improve
5425,15,1427.76,4,865.2599999999998,2opt,notBad
5426,15,1427.76,4,865.2599999999998,2opt,notBad
5427,15,1427.76,4,865.2599999999998,2opt,notBad
5428,15,1427.76,4,865.2599999999998,2opt,notBad
5429,15,1427.76,4,865.2599999999998,move,improve
5430,15,1427.76,4,865.2599999999998,2opt,notBad
5431,15,1427.76,4,865.2599999999998,2opt,notBad
5432,15,1427.76,4,865.2599999999998,2opt,notBad
5433,15,1427.76,4,865.2599999999998,swap,notBad
5434,15,1427.76,4,865.2599999999998,2opt,notBad
5435,15,1427.76,4,865.2599999999998,move,improve
5436,15,1427.76,4,865.2599999999998,move,improve
5437,15,1427.76,4,865.2599999999998,2opt,notBad
5438,15,1424.9999999999998,4,865.2599999999998,move,improve
5439,15,1424.9999999999998,4,865.2599999999998,swap,notBad
5440,15,1424.9999999999998,4,865.2599999999998,swap,notBad
5441,15,1424.9999999999998,4,865.2599999999998,2opt,notBad
5442,15,1424.9999999999998,4,865.2599999999998,swap,notBad
5443,15,1424.9999999999998,4,865.2599999999998,2opt,notBad
5444,15,1424.9999999999998,4,865.2599999999998,swap,notBad
5445,15,1424.9999999999998,4,865.2599999999998,2opt,improve
5446,15,1424.9999999999998,4,865.2599999999998,swap,notBad
5447,15,1424.9999999999998,4,865.2599999999998,2opt,notBad
5448,15,1424.9999999999998,4,865.2599999999998,move,improve
5449,15,1424.9999999999998,4,865.2599999999998,swap,notBad
5450,15,1424.9999999999998,4,865.2599999999998,swap,notBad
5451,15,1424.9999999999998,4,865.2599999999998,swap,notBad
5452,15,1424.9999999999998,4,865.2599999999998,move,improve
5453,15,1424.9999999999998,4,865.2599999999998,2opt,notBad
5454,15,1424.9999999999998,4,865.2599999999998,move,improve
5455,15,1424.9999999999998,4,865.2599999999998,2opt,notBad
5456,15,1424.9999999999998,4,865.2599999999998,move,improve
5457,15,1423.6399999999999,4,865.2599999999998,swap,improve
5458,15,1423.6399999999999,4,865.2599999999998,swap,notBad
5459,15,1423.6399999999999,4,865.2599999999998,2opt,notBad
5460,15,1423.6399999999999,4,865.2599999999998,2opt,notBad
5461,15,1423.6399999999999,4,865.2599999999998,swap,notBad
5462,15,1423.6399999999999,4,865.2599999999998,2opt,notBad
5463,15,1423.6399999999999,4,865.2599999999998,2opt,notBad
5464,15,1423.6399999999999,4,865.2599999999998,swap,notBad
5465,15,1423.6399999999999,4,865.2599999999998,2opt,notBad
5466,15,1423.6399999999999,4,865.2599999999998,swap,notBad
5467,15,1423.6399999999999,4,865.2599999999998,2opt,notBad
5468,15,1423.6399999999999,4,865.2599999999998,2opt,notBad
5469,15,1423.6399999999999,4,865.2599999999998,move,improve
5470,15,1423.6399999999999,4,865.2599999999998,move,improve
5471,15,1423.6399999999999,4,865.2599999999998,move,improve
5472,15,1423.6399999999999,4,865.2599999999998,2opt,notBad
5473,15,1423.6399999999999,4,865.2599999999998,swap,notBad
5474,15,1423.6399999999999,4,865.2599999999998,2opt,notBad
5475,15,1423.6399999999999,4,865.2599999999998,2opt,notBad
5476,15,1423.6399999999999,4,865.2599999999998,move,improve
5477,15,1423.6399999999999,4,865.2599999999998,move,improve
5478,15,1423.6399999999999,4,865.2599999999998,move,improve
5479,15,1423.6399999999999,4,865.2599999999998,2opt,notBad
5480,15,1423.6399999999999,4,865.2599999999998,2opt,notBad
5481,15,1423.6399999999999,4,865.2599999999998,swap,notBad
5482,15,1423.6399999999999,4,865.2599999999998,2opt,notBad
5483,15,1423.6399999999999,4,865.2599999999998,move,improve
5484,15,1423.6399999999999,4,865.2599999999998,swap,notBad
5485,15,1423.6399999999999,4,865.2599999999998,move,improve
5486,15,1423.6399999999999,4,865.2599999999998,swap,notBad
5487,15,1414.5199999999998,4,865.2599999999998,move,improve
5488,15,1414.5199999999998,4,865.2599999999998,2opt,notBad
5489,15,1414.5199999999998,4,865.2599999999998,2opt,notBad
5490,15,1418.96,4,865.2599999999998,swap,acceptBad
5491,15,1418.96,4,865.2599999999998,2opt,notBad
5492,15,1418.96,4,865.2599999999998,2opt,notBad
5493,15,1418.96,4,865.2599999999998,2opt,notBad
5494,15,1421.6,4,865.2599999999998,swap,acceptBad
5495,15,1421.6,4,865.2599999999998,swap,notBad
5496,15,1424.2000000000003,4,865.2599999999998,2opt,acceptBad
5497,15,1424.2000000000003,4,865.2599999999998,swap,notBad
5498,15,1424.2000000000003,4,865.2599999999998,2opt,notBad
5499,15,1424.2000000000003,4,865.2599999999998,move,improve
5500,15,1424.2000000000003,4,865.2599999999998,move,improve
5501,15,1424.2000000000003,4,865.2599999999998,move,improve
5502,15,1424.2000000000003,4,865.2599999999998,swap,notBad
5503,15,1424.2000000000003,4,865.2599999999998,swap,notBad
5504,15,1424.2000000000003,4,865.2599999999998,2opt,notBad
5505,15,1424.2000000000003,4,865.2599999999998,swap,notBad
5506,15,1424.2000000000003,4,865.2599999999998,move,improve
5507,15,1424.4400000000005,4,865.2599999999998,swap,acceptBad
5508,15,1424.4400000000005,4,865.2599999999998,2opt,notBad
5509,15,1424.4400000000005,4,865.2599999999998,2opt,notBad
5510,15,1424.4400000000005,4,865.2599999999998,swap,notBad
5511,15,1424.4400000000005,4,865.2599999999998,swap,notBad
5512,15,1415.8400000000004,4,865.2599999999998,move,improve
5513,15,1415.8400000000004,4,865.2599999999998,move,improve
5514,15,1415.8400000000004,4,865.2599999999998,swap,notBad
5515,15,1415.8400000000004,4,865.2599999999998,swap,notBad
5516,15,1415.8400000000004,4,865.2599999999998,2opt,notBad
5517,15,1415.8400000000004,4,865.2599999999998,swap,notBad
5518,15,1415.8400000000004,4,865.2599999999998,swap,notBad
5519,15,1415.8400000000004,4,865.2599999999998,swap,notBad
5520,15,1415.8400000000004,4,865.2599999999998,swap,notBad
5521,15,1415.8400000000004,4,865.2599999999998,move,improve
5522,15,1415.8400000000004,4,865.2599999999998,2opt,notBad
5523,15,1415.8400000000004,4,865.2599999999998,2opt,notBad
5524,15,1415.8400000000004,4,865.2599999999998,2opt,improve
5525,15,1415.8400000000004,4,865.2599999999998,swap,notBad
5526,15,1415.8400000000004,4,865.2599999999998,swap,notBad
5527,15,1415.8400000000004,4,865.2599999999998,move,improve
5528,15,1415.4800000000007,4,865.2599999999998,move,improve
5529,15,1415.4800000000007,4,865.2599999999998,2opt,notBad
5530,15,1415.4800000000007,4,865.2599999999998,2opt,notBad
5531,15,1415.4800000000007,4,865.2599999999998,move,improve
5532,15,1415.4800000000007,4,865.2599999999998,2opt,notBad
5533,15,1415.4800000000007,4,865.2599999999998,move,improve
5534,15,1415.4800000000007,4,865.2599999999998,swap,notBad
5535,15,1415.4800000000007,4,865.2599999999998,move,improve
5536,15,1415.4800000000007,4,865.2599999999998,move,improve
5537,15,1430.2000000000005,4,865.2599999999998,swap,acceptBad
5538,15,1430.2000000000005,4,865.2599999999998,swap,notBad
5539,15,1430.2000000000005,4,865.2599999999998,move,improve
5540,15,1430.2000000000005,4,865.2599999999998,2opt,notBad
5541,15,1430.2000000000005,4,865.2599999999998,move,improve
5542,15,1430.2000000000005,4,865.2599999999998,2opt,notBad
5543,15,1430.2000000000005,4,865.2599999999998,2opt,notBad
5544,15,1430.2000000000005,4,865.2599999999998,2opt,notBad
5545,15,1430.2000000000005,4,865.2599999999998,2opt,notBad
5546,15,1430.2000000000005,4,865.2599999999998,move,improve
5547,15,1430.2000000000005,4,865.2599999999998,swap,notBad
5548,15,1430.2000000000005,4,865.2599999999998,2opt,notBad
5549,15,1430.1600000000005,4,865.2599999999998,move,improve
5550,15,1430.1600000000005,4,865.2599999999998,2opt,notBad
5551,15,1430.1600000000005,4,865.2599999999998,swap,notBad
5552,15,1430.1600000000005,4,865.2599999999998,move,improve
5553,15,1428.5600000000006,4,865.2599999999998,move,improve
5554,15,1428.5600000000006,4,865.2599999999998,swap,notBad
5555,15,1428.5600000000006,4,865.2599999999998,move,improve
5556,15,1428.5600000000006,4,865.2599999999998,swap,notBad
5557,15,1428.5600000000006,4,865.2599999999998,swap,notBad
5558,15,1428.5600000000006,4,865.2599999999998,2opt,notBad
5559,15,1428.5600000000006,4,865.2599999999998,swap,notBad
5560,15,1428.5600000000006,4,865.2599999999998,move,improve
5561,15,1428.5600000000006,4,865.2599999999998,move,improve
5562,15,1428.5600000000006,4,865.2599999999998,move,improve
5563,15,1428.5600000000006,4,865.2599999999998,2opt,notBad
5564,15,1428.5600000000006,4,865.2599999999998,swap,notBad
5565,15,1428.5600000000006,4,865.2599999999998,2opt,notBad
5566,15,1428.5600000000006,4,865.2599999999998,swap,notBad
5567,15,1428.5600000000006,4,865.2599999999998,2opt,notBad
5568,15,1428.5600000000006,4,865.2599999999998,swap,notBad
5569,15,1428.5600000000006,4,865.2599999999998,move,improve
5570,15,1428.5600000000006,4,865.2599999999998,swap,notBad
5571,15,1428.5600000000006,4,865.2599999999998,swap,notBad
5572,15,1428.5600000000006,4,865.2599999999998,move,improve
5573,15,1427.5200000000004,4,865.2599999999998,move,improve
5574,15,1427.5200000000004,4,865.2599999999998,2opt,notBad
5575,15,1427.5200000000004,4,865.2599999999998,2opt,notBad
5576,15,1427.5200000000004,4,865.2599999999998,swap,notBad
5577,15,1427.5200000000004,4,865.2599999999998,swap,notBad
5578,15,1427.5200000000004,4,865.2599999999998,swap,notBad
5579,15,1427.5200000000004,4,865.2599999999998,move,improve
5580,15,1427.5200000000004,4,865.2599999999998,move,improve
5581,15,1427.5200000000004,4,865.2599999999998,swap,notBad
5582,15,1401.8000000000004,4,865.2599999999998,move,improve
5583,15,1401.8000000000004,4,865.2599999999998,2opt,notBad
5584,15,1401.8000000000004,4,865.2599999999998,swap,notBad
5585,15,1401.8000000000004,4,865.2599999999998,2opt,notBad
5586,15,1401.8000000000004,4,865.2599999999998,2opt,notBad
5587,15,1401.8000000000004,4,865.2599999999998,move,improve
5588,15,1401.8000000000004,4,865.2599999999998,2opt,notBad
5589,15,1401.8000000000004,4,865.2599999999998,move,improve
5590,15,1401.8000000000004,4,865.2599999999998,swap,notBad
5591,15,1411.2400000000005,4,865.2599999999998,swap,acceptBad
5592,15,1411.2400000000005,4,865.2599999999998,swap,notBad
5593,15,1411.2400000000005,4,865.2599999999998,2opt,notBad
5594,15,1411.2400000000005,4,865.2599999999998,move,improve
5595,15,1411.2400000000005,4,865.2599999999998,2opt,notBad
5596,15,1411.2400000000005,4,865.2599999999998,2opt,notBad
5597,15,1411.2400000000005,4,865.2599999999998,move,improve
5598,15,1411.2400000000005,4,865.2599999999998,2opt,notBad
5599,15,1411.2400000000005,4,865.2599999999998,swap,notBad
5600,15,1411.2400000000005,4,865.2599999999998,2opt,notBad
5601,15,1411.2400000000005,4,865.2599999999998,2opt,notBad
5602,15,1411.2400000000005,4,865.2599999999998,2opt,notBad
5603,15,1411.2400000000005,4,865.2599999999998,swap,notBad
5604,15,1411.2400000000005,4,865.2599999999998,swap,notBad
5605,15,1411.2400000000005,4,865.2599999999998,swap,notBad
5606,15,1411.2400000000005,4,865.2599999999998,2opt,notBad
5607,15,1411.2400000000005,4,865.2599999999998,swap,notBad
5608,15,1411.2400000000005,4,865.2599999999998,swap,notBad
5609,15,1411.2400000000005,4,865.2599999999998,move,improve
5610,15,1411.2400000000005,4,865.2599999999998,2opt,notBad
5611,15,1411.2400000000005,4,865.2599999999998,swap,notBad
5612,15,1411.2400000000005,4,865.2599999999998,2opt,notBad
5613,15,1411.2400000000005,4,865.2599999999998,move,improve
5614,15,1411.2400000000005,4,865.2599999999998,move,improve
5615,15,1411.2400000000005,4,865.2599999999998,move,improve
5616,15,1411.2400000000005,4,865.2599999999998,2opt,notBad
5617,15,1411.2400000000005,4,865.2599999999998,2opt,notBad
5618,15,1411.2400000000005,4,865.2599999999998,move,improve
5619,15,1411.2400000000005,4,865.2599999999998,swap,notBad
5620,15,1411.2400000000005,4,865.2599999999998,2opt,notBad
5621,15,1411.2400000000005,4,865.2599999999998,2opt,notBad
5622,15,1411.2400000000005,4,865.2599999999998,swap,notBad
5623,15,1411.2400000000005,4,865.2599999999998,swap,notBad
5624,15,1411.2400000000005,4,865.2599999999998,move,improve
5625,15,1411.2400000000005,4,865.2599999999998,move,improve
5626,15,1411.2400000000005,4,865.2599999999998,swap,notBad
5627,15,1411.2400000000005,4,865.2599999999998,move,improve
5628,15,1411.2400000000005,4,865.2599999999998,2opt,notBad
5629,15,1411.2400000000005,4,865.2599999999998,swap,notBad
5630,15,1411.2400000000005,4,865.2599999999998,swap,notBad
5631,15,1411.2400000000005,4,865.2599999999998,move,improve
5632,15,1411.2400000000005,4,865.2599999999998,2opt,improve
5633,15,1411.2400000000005,4,865.2599999999998,swap,notBad
5634,15,1411.2400000000005,4,865.2599999999998,2opt,notBad
5635,15,1411.2400000000005,4,865.2599999999998,2opt,notBad
5636,15,1411.2400000000005,4,865.2599999999998,2opt,notBad
5637,15,1411.2400000000005,4,865.2599999999998,swap,notBad
5638,15,1411.2400000000005,4,865.2599999999998,2opt,notBad
5639,15,1411.2400000000005,4,865.2599999999998,move,improve
5640,15,1411.2400000000005,4,865.2599999999998,swap,notBad
5641,15,1411.2400000000005,4,865.2599999999998,swap,notBad
5642,15,1411.2400000000005,4,865.2599999999998,move,improve
5643,15,1411.2400000000005,4,865.2599999999998,2opt,notBad
5644,15,1411.2400000000005,4,865.2599999999998,move,improve
5645,15,1411.2400000000005,4,865.2599999999998,2opt,notBad
5646,15,1417.5200000000002,4,865.2599999999998,swap,acceptBad
5647,15,1417.5200000000002,4,865.2599999999998,move,improve
5648,15,1417.5200000000002,4,865.2599999999998,2opt,notBad
5649,15,1417.5200000000002,4,865.2599999999998,swap,notBad
5650,15,1417.5200000000002,4,865.2599999999998,swap,notBad
5651,15,1417.5200000000002,4,865.2599999999998,swap,notBad
5652,15,1417.5200000000002,4,865.2599999999998,2opt,improve
5653,15,1417.5200000000002,4,865.2599999999998,2opt,notBad
5654,15,1416.76,4,865.2599999999998,swap,improve
5655,15,1416.76,4,865.2599999999998,swap,notBad
5656,15,1416.76,4,865.2599999999998,move,improve
5657,15,1416.76,4,865.2599999999998,swap,notBad
5658,15,1416.76,4,865.2599999999998,move,improve
5659,15,1416.76,4,865.2599999999998,swap,notBad
5660,15,1416.76,4,865.2599999999998,2opt,notBad
5661,15,1416.76,4,865.2599999999998,move,improve
5662,15,1416.76,4,865.2599999999998,2opt,notBad
5663,15,1416.76,4,865.2599999999998,2opt,notBad
5664,15,1416.76,4,865.2599999999998,2opt,notBad
5665,15,1416.76,4,865.2599999999998,2opt,notBad
5666,15,1416.76,4,865.2599999999998,move,improve
5667,15,1416.76,4,865.2599999999998,2opt,notBad
5668,15,1416.76,4,865.2599999999998,swap,notBad
5669,15,1416.76,4,865.2599999999998,2opt,notBad
5670,15,1416.76,4,865.2599999999998,2opt,notBad
5671,15,1416.76,4,865.2599999999998,move,improve
5672,15,1416.76,4,865.2599999999998,swap,notBad
5673,15,1416.76,4,865.2599999999998,move,improve
5674,15,1416.76,4,865.2599999999998,swap,notBad
5675,15,1416.76,4,865.2599999999998,move,improve
5676,15,1416.76,4,865.2599999999998,2opt,notBad
5677,15,1416.76,4,865.2599999999998,move,improve
5678,15,1416.76,4,865.2599999999998,2opt,notBad
5679,15,1416.76,4,865.2599999999998,2opt,notBad
5680,15,1416.76,4,865.2599999999998,2opt,notBad
5681,15,1416.76,4,865.2599999999998,swap,notBad
5682,15,1416.76,4,865.2599999999998,swap,notBad
5683,15,1416.76,4,865.2599999999998,swap,notBad
5684,15,1416.76,4,865.2599999999998,move,improve
5685,15,1416.76,4,865.2599999999998,move,improve
5686,15,1416.76,4,865.2599999999998,move,improve
5687,15,1416.76,4,865.2599999999998,move,improve
5688,15,1416.76,4,865.2599999999998,swap,notBad
5689,15,1416.76,4,865.2599999999998,2opt,notBad
5690,15,1416.76,4,865.2599999999998,swap,notBad
5691,15,1416.76,4,865.2599999999998,swap,notBad
5692,15,1416.76,4,865.2599999999998,swap,notBad
5693,15,1416.76,4,865.2599999999998,swap,notBad
5694,15,1416.76,4,865.2599999999998,2opt,notBad
5695,15,1416.76,4,865.2599999999998,swap,notBad
5696,15,1416.76,4,865.2599999999998,swap,notBad
5697,15,1416.76,4,865.2599999999998,move,improve
5698,15,1416.76,4,865.2599999999998,swap,notBad
5699,15,1416.76,4,865.2599999999998,2opt,notBad
5700,15,1416.76,4,865.2599999999998,2opt,notBad
5701,15,1416.76,4,865.2599999999998,move,improve
5702,15,1416.76,4,865.2599999999998,move,improve
5703,15,1416.76,4,865.2599999999998,2opt,notBad
5704,15,1416.76,4,865.2599999999998,2opt,notBad
5705,15,1416.76,4,865.2599999999998,swap,notBad
5706,15,1416.76,4,865.2599999999998,move,improve
5707,15,1416.76,4,865.2599999999998,swap,notBad
5708,15,1416.76,4,865.2599999999998,swap,notBad
5709,15,1416.76,4,865.2599999999998,swap,notBad
5710,15,1416.76,4,865.2599999999998,swap,notBad
5711,15,1416.76,4,865.2599999999998,move,improve
5712,15,1416.76,4,865.2599999999998,swap,notBad
5713,15,1416.76,4,865.2599999999998,2opt,notBad
5714,15,1410.4,4,865.2599999999998,move,improve
5715,15,1410.4,4,865.2599999999998,2opt,notBad
5716,15,1410.4,4,865.2599999999998,move,improve
5717,15,1410.4,4,865.2599999999998,2opt,notBad
5718,15,1410.4,4,865.2599999999998,2opt,notBad
5719,15,1410.4,4,865.2599999999998,swap,notBad
5720,15,1410.4,4,865.2599999999998,swap,notBad
5721,15,1416.68,4,865.2599999999998,swap,acceptBad
5722,15,1416.68,4,865.2599999999998,2opt,notBad
5723,15,1416.68,4,865.2599999999998,swap,notBad
5724,15,1416.68,4,865.2599999999998,swap,notBad
5725,15,1416.68,4,865.2599999999998,2opt,notBad
5726,15,1416.68,4,865.2599999999998,move,improve
5727,15,1416.68,4,865.2599999999998,swap,notBad
5728,15,1416.68,4,865.2599999999998,swap,notBad
5729,15,1416.68,4,865.2599999999998,2opt,notBad
5730,15,1416.68,4,865.2599999999998,2opt,notBad
5731,15,1416.68,4,865.2599999999998,2opt,notBad
5732,15,1416.68,4,865.2599999999998,move,improve
5733,15,1419.32,4,865.2599999999998,2opt,acceptBad
5734,15,1419.32,4,865.2599999999998,move,improve
5735,15,1419.32,4,865.2599999999998,2opt,notBad
5736,15,1419.32,4,865.2599999999998,swap,notBad
5737,15,1419.32,4,865.2599999999998,swap,notBad
5738,15,1419.32,4,865.2599999999998,move,improve
5739,15,1419.32,4,865.2599999999998,move,improve
5740,15,1419.32,4,865.2599999999998,2opt,notBad
5741,15,1419.32,4,865.2599999999998,2opt,notBad
5742,15,1419.32,4,865.2599999999998,swap,notBad
5743,15,1419.32,4,865.2599999999998,move,improve
5744,15,1419.32,4,865.2599999999998,swap,notBad
5745,15,1419.32,4,865.2599999999998,2opt,notBad
5746,15,1428.1599999999996,4,865.2599999999998,move,acceptBad
5747,15,1428.1599999999996,4,865.2599999999998,2opt,notBad
5748,15,1428.1599999999996,4,865.2599999999998,move,improve
5749,15,1428.1599999999996,4,865.2599999999998,2opt,notBad
5750,15,1428.1599999999996,4,865.2599999999998,2opt,notBad
5751,15,1428.1599999999996,4,865.2599999999998,swap,notBad
5752,15,1428.1599999999996,4,865.2599999999998,2opt,notBad
5753,15,1428.1599999999996,4,865.2599999999998,swap,notBad
5754,15,1428.1599999999996,4,865.2599999999998,swap,notBad
5755,15,1428.1599999999996,4,865.2599999999998,2opt,notBad
5756,15,1428.1599999999996,4,865.2599999999998,move,improve
5757,15,1428.1599999999996,4,865.2599999999998,swap,notBad
5758,15,1428.1599999999996,4,865.2599999999998,swap,notBad
5759,15,1428.1599999999996,4,865.2599999999998,move,improve
5760,15,1428.1599999999996,4,865.2599999999998,move,improve
5761,15,1428.1599999999996,4,865.2599999999998,2opt,notBad
5762,15,1428.1599999999996,4,865.2599999999998,move,improve
5763,15,1428.1599999999996,4,865.2599999999998,2opt,notBad
5764,15,1428.1599999999996,4,865.2599999999998,2opt,notBad
5765,15,1428.1599999999996,4,865.2599999999998,swap,notBad
5766,15,1428.1599999999996,4,865.2599999999998,swap,notBad
5767,15,1428.1599999999996,4,865.2599999999998,move,improve
5768,15,1428.1599999999996,4,865.2599999999998,2opt,notBad
5769,15,1428.1599999999996,4,865.2599999999998,move,improve
5770,15,1428.1599999999996,4,865.2599999999998,move,improve
5771,15,1428.1599999999996,4,865.2599999999998,2opt,notBad
5772,15,1428.1599999999996,4,865.2599999999998,2opt,notBad
5773,15,1428.1599999999996,4,865.2599999999998,2opt,notBad
5774,15,1428.1599999999996,4,865.2599999999998,swap,notBad
5775,15,1424.2399999999993,4,865.2599999999998,2opt,improve
5776,15,1424.2399999999993,4,865.2599999999998,2opt,notBad
5777,15,1424.2399999999993,4,865.2599999999998,2opt,improve
5778,15,1424.2399999999993,4,865.2599999999998,swap,notBad
5779,15,1421.1199999999994,4,865.2599999999998,move,improve
5780,15,1411.9999999999995,4,865.2599999999998,move,improve
5781,15,1411.9999999999995,4,865.2599999999998,move,improve
5782,15,1411.9999999999995,4,865.2599999999998,2opt,notBad
5783,15,1411.9999999999995,4,865.2599999999998,move,improve
5784,15,1411.9999999999995,4,865.2599999999998,swap,notBad
5785,15,1411.9999999999995,4,865.2599999999998,2opt,notBad
5786,15,1411.9999999999995,4,865.2599999999998,swap,notBad
5787,15,1411.9999999999995,4,865.2599999999998,2opt,notBad
5788,15,1411.9999999999995,4,865.2599999999998,move,improve
5789,15,1411.9999999999995,4,865.2599999999998,2opt,notBad
5790,15,1411.9999999999995,4,865.2599999999998,swap,notBad
5791,15,1411.9999999999995,4,865.2599999999998,swap,notBad
5792,15,1411.9999999999995,4,865.2599999999998,swap,notBad
5793,15,1411.9999999999995,4,865.2599999999998,move,improve
5794,15,1411.9999999999995,4,865.2599999999998,move,improve
5795,15,1411.9999999999995,4,865.2599999999998,2opt,improve
5796,15,1411.9999999999995,4,865.2599999999998,move,improve
5797,15,1411.9999999999995,4,865.2599999999998,swap,notBad
5798,15,1411.9999999999995,4,865.2599999999998,move,improve
5799,15,1411.9999999999995,4,865.2599999999998,swap,notBad
5800,15,1413.9599999999991,4,865.2599999999998,swap,acceptBad
5801,15,1417.4399999999994,4,865.2599999999998,2opt,acceptBad
5802,15,1417.4399999999994,4,865.2599999999998,swap,notBad
5803,15,1417.4399999999994,4,865.2599999999998,swap,notBad
5804,15,1417.4399999999994,4,865.2599999999998,swap,notBad
5805,15,1418.9599999999991,4,865.2599999999998,swap,acceptBad
5806,15,1418.9599999999991,4,865.2599999999998,move,improve
5807,15,1418.9599999999991,4,865.2599999999998,move,improve
5808,15,1418.9599999999991,4,865.2599999999998,swap,notBad
5809,15,1418.9599999999991,4,865.2599999999998,swap,notBad
5810,15,1418.9599999999991,4,865.2599999999998,2opt,notBad
5811,15,1418.9599999999991,4,865.2599999999998,2opt,notBad
5812,15,1418.9599999999991,4,865.2599999999998,2opt,notBad
5813,15,1418.9599999999991,4,865.2599999999998,swap,notBad
5814,15,1418.9599999999991,4,865.2599999999998,2opt,notBad
5815,15,1418.9599999999991,4,865.2599999999998,2opt,notBad
5816,15,1418.9599999999991,4,865.2599999999998,2opt,notBad
5817,15,1418.9599999999991,4,865.2599999999998,move,improve
5818,15,1418.9599999999991,4,865.2599999999998,move,improve
5819,15,1418.9599999999991,4,865.2599999999998,2opt,notBad
5820,15,1418.9599999999991,4,865.2599999999998,move,improve
5821,15,1418.9599999999991,4,865.2599999999998,move,improve
5822,15,1427.12,4,865.2599999999998,swap,acceptBad
5823,15,1427.12,4,865.2599999999998,swap,notBad
5824,15,1427.12,4,865.2599999999998,swap,notBad
5825,15,1427.12,4,865.2599999999998,2opt,notBad
5826,15,1427.12,4,865.2599999999998,swap,notBad
5827,15,1427.12,4,865.2599999999998,swap,notBad
5828,15,1424.1599999999999,4,865.2599999999998,move,improve
5829,15,1424.1599999999999,4,865.2599999999998,swap,notBad
5830,15,1424.1599999999999,4,865.2599999999998,move,improve
5831,15,1424.1599999999999,4,865.2599999999998,2opt,notBad
5832,15,1424.1599999999999,4,865.2599999999998,2opt,notBad
5833,15,1424.1599999999999,4,865.2599999999998,2opt,notBad
5834,15,1424.1599999999999,4,865.2599999999998,move,improve
5835,15,1421.1599999999999,4,865.2599999999998,move,improve
5836,15,1421.1599999999999,4,865.2599999999998,move,improve
5837,15,1421.1599999999999,4,865.2599999999998,swap,notBad
5838,15,1421.1599999999999,4,865.2599999999998,move,improve
5839,15,1421.1599999999999,4,865.2599999999998,2opt,notBad
5840,15,1421.1599999999999,4,865.2599999999998,swap,notBad
5841,15,1421.1599999999999,4,865.2599999999998,move,improve
5842,15,1421.1599999999999,4,865.2599999999998,move,improve
5843,15,1421.1599999999999,4,865.2599999999998,2opt,notBad
5844,15,1421.1599999999999,4,865.2599999999998,2opt,notBad
5845,15,1421.1599999999999,4,865.2599999999998,swap,notBad
5846,15,1421.1599999999999,4,865.2599999999998,swap,notBad
5847,15,1421.1599999999999,4,865.2599999999998,move,improve
5848,15,1421.1599999999999,4,865.2599999999998,2opt,notBad
5849,15,1421.1599999999999,4,865.2599999999998,2opt,notBad
5850,15,1421.1599999999999,4,865.2599999999998,2opt,notBad
5851,15,1421.1599999999999,4,865.2599999999998,2opt,notBad
5852,15,1421.1599999999999,4,865.2599999999998,2opt,improve
5853,15,1421.1599999999999,4,865.2599999999998,swap,notBad
5854,15,1421.1599999999999,4,865.2599999999998,swap,notBad
5855,15,1421.1599999999999,4,865.2599999999998,2opt,notBad
5856,15,1421.1599999999999,4,865.2599999999998,swap,notBad
5857,15,1421.1599999999999,4,865.2599999999998,2opt,notBad
5858,15,1421.1599999999999,4,865.2599999999998,swap,notBad
5859,15,1421.1599999999999,4,865.2599999999998,move,improve
5860,15,1421.1599999999999,4,865.2599999999998,move,improve
5861,15,1421.1599999999999,4,865.2599999999998,swap,notBad
5862,15,1421.1599999999999,4,865.2599999999998,2opt,notBad
5863,15,1421.1599999999999,4,865.2599999999998,2opt,notBad
5864,15,1421.1599999999999,4,865.2599999999998,2opt,notBad
5865,15,1421.1599999999999,4,865.2599999999998,move,improve
5866,15,1421.1599999999999,4,865.2599999999998,move,improve
5867,15,1421.1599999999999,4,865.2599999999998,2opt,notBad
5868,15,1421.1599999999999,4,865.2599999999998,move,improve
5869,15,1421.1599999999999,4,865.2599999999998,swap,notBad
5870,15,1421.1599999999999,4,865.2599999999998,2opt,notBad
5871,15,1421.1599999999999,4,865.2599999999998,2opt,notBad
5872,15,1421.1599999999999,4,865.2599999999998,2opt,notBad
5873,15,1421.1599999999999,4,865.2599999999998,2opt,improve
5874,15,1421.1599999999999,4,865.2599999999998,move,improve
5875,15,1421.1599999999999,4,865.2599999999998,swap,notBad
5876,15,1421.1599999999999,4,865.2599999999998,move,improve
5877,15,1421.1599999999999,4,865.2599999999998,2opt,notBad
5878,15,1421.1599999999999,4,865.2599999999998,move,improve
5879,15,1421.1599999999999,4,865.2599999999998,move,notBad
5880,15,1421.1599999999999,4,865.2599999999998,move,improve
5881,15,1421.1599999999999,4,865.2599999999998,2opt,notBad
5882,15,1421.1599999999999,4,865.2599999999998,2opt,notBad
5883,15,1421.1599999999999,4,865.2599999999998,2opt,notBad
5884,15,1421.1599999999999,4,865.2599999999998,move,improve
5885,15,1421.1599999999999,4,865.2599999999998,swap,notBad
5886,15,1421.1599999999999,4,865.2599999999998,move,improve
5887,15,1421.1599999999999,4,865.2599999999998,2opt,notBad
5888,15,1421.1599999999999,4,865.2599999999998,2opt,notBad
5889,15,1421.1599999999999,4,865.2599999999998,2opt,notBad
5890,15,1424.7199999999998,4,865.2599999999998,swap,acceptBad
5891,15,1424.7199999999998,4,865.2599999999998,move,improve
5892,15,1424.7199999999998,4,865.2599999999998,swap,notBad
5893,15,1424.7199999999998,4,865.2599999999998,2opt,notBad
5894,15,1424.7199999999998,4,865.2599999999998,2opt,notBad
5895,15,1424.7199999999998,4,865.2599999999998,2opt,notBad
5896,15,1424.7199999999998,4,865.2599999999998,swap,notBad
5897,15,1424.7199999999998,4,865.2599999999998,move,improve
5898,15,1424.7199999999998,4,865.2599999999998,move,improve
5899,15,1424.7199999999998,4,865.2599999999998,move,improve
5900,15,1424.7199999999998,4,865.2599999999998,2opt,notBad
5901,15,1424.7199999999998,4,865.2599999999998,2opt,notBad
5902,15,1424.7199999999998,4,865.2599999999998,swap,notBad
5903,15,1424.7199999999998,4,865.2599999999998,swap,notBad
5904,15,1424.7199999999998,4,865.2599999999998,move,improve
5905,15,1424.7199999999998,4,865.2599999999998,swap,notBad
5906,15,1424.7199999999998,4,865.2599999999998,move,improve
5907,15,1424.7199999999998,4,865.2599999999998,2opt,notBad
5908,15,1424.7199999999998,4,865.2599999999998,swap,notBad
5909,15,1424.7199999999998,4,865.2599999999998,2opt,notBad
5910,15,1424.7199999999998,4,865.2599999999998,2opt,notBad
5911,15,1424.7199999999998,4,865.2599999999998,swap,notBad
5912,15,1421.8400000000001,4,865.2599999999998,move,improve
5913,15,1421.8400000000001,4,865.2599999999998,swap,notBad
5914,15,1421.8400000000001,4,865.2599999999998,swap,notBad
5915,15,1418.96,4,865.2599999999998,move,improve
5916,15,1418.96,4,865.2599999999998,move,improve
5917,15,1418.96,4,865.2599999999998,swap,notBad
5918,15,1418.96,4,865.2599999999998,swap,notBad
5919,15,1418.96,4,865.2599999999998,swap,notBad
5920,15,1418.96,4,865.2599999999998,move,improve
5921,15,1418.96,4,865.2599999999998,2opt,notBad
5922,15,1418.96,4,865.2599999999998,2opt,notBad
5923,15,1418.96,4,865.2599999999998,swap,notBad
5924,15,1418.96,4,865.2599999999998,move,improve
5925,15,1418.96,4,865.2599999999998,swap,notBad
5926,15,1418.96,4,865.2599999999998,swap,notBad
5927,15,1418.96,4,865.2599999999998,2opt,notBad
5928,15,1418.96,4,865.2599999999998,swap,notBad
5929,15,1418.96,4,865.2599999999998,swap,notBad
5930,15,1418.96,4,865.2599999999998,2opt,notBad
5931,15,1418.96,4,865.2599999999998,move,improve
5932,15,1418.96,4,865.2599999999998,2opt,notBad
5933,15,1418.96,4,865.2599999999998,move,improve
5934,15,1418.96,4,865.2599999999998,2opt,notBad
5935,15,1418.96,4,865.2599999999998,swap,notBad
5936,15,1418.96,4,865.2599999999998,2opt,notBad
5937,15,1410.12,4,865.2599999999998,move,improve
5938,15,1410.12,4,865.2599999999998,2opt,notBad
5939,15,1410.12,4,865.2599999999998,move,improve
5940,15,1410.12,4,865.2599999999998,swap,notBad
5941,15,1410.12,4,865.2599999999998,swap,notBad
5942,15,1410.12,4,865.2599999999998,move,improve
5943,15,1407.9599999999998,4,865.2599999999998,move,improve
5944,15,1407.9599999999998,4,865.2599999999998,2opt,notBad
5945,15,1407.9599999999998,4,865.2599999999998,2opt,notBad
5946,15,1407.9599999999998,4,865.2599999999998,move,improve
5947,15,1407.9599999999998,4,865.2599999999998,move,improve
5948,15,1407.9599999999998,4,865.2599999999998,swap,notBad
5949,15,1407.9599999999998,4,865.2599999999998,2opt,notBad
5950,15,1407.9599999999998,4,865.2599999999998,swap,notBad
5951,15,1407.9599999999998,4,865.2599999999998,swap,notBad
5952,15,1407.9599999999998,4,865.2599999999998,2opt,notBad
5953,15,1407.9599999999998,4,865.2599999999998,swap,notBad
5954,15,1407.9599999999998,4,865.2599999999998,2opt,notBad
5955,15,1407.9599999999998,4,865.2599999999998,move,improve
5956,15,1407.9599999999998,4,865.2599999999998,2opt,notBad
5957,15,1407.9599999999998,4,865.2599999999998,2opt,notBad
5958,15,1407.9599999999998,4,865.2599999999998,2opt,notBad
5959,15,1407.9599999999998,4,865.2599999999998,2opt,notBad
5960,15,1407.9599999999998,4,865.2599999999998,2opt,notBad
5961,15,1407.9599999999998,4,865.2599999999998,swap,notBad
5962,15,1407.9599999999998,4,865.2599999999998,2opt,notBad
5963,15,1407.9599999999998,4,865.2599999999998,move,improve
5964,15,1407.9599999999998,4,865.2599999999998,swap,notBad
5965,15,1407.9599999999998,4,865.2599999999998,move,improve
5966,15,1407.9599999999998,4,865.2599999999998,move,improve
5967,15,1407.9599999999998,4,865.2599999999998,2opt,notBad
5968,15,1407.9599999999998,4,865.2599999999998,move,improve
5969,15,1407.9599999999998,4,865.2599999999998,2opt,notBad
5970,15,1407.9599999999998,4,865.2599999999998,swap,notBad
5971,15,1407.9599999999998,4,865.2599999999998,swap,notBad
5972,15,1407.9599999999998,4,865.2599999999998,swap,notBad
5973,15,1407.9599999999998,4,865.2599999999998,2opt,notBad
5974,15,1407.9599999999998,4,865.2599999999998,2opt,notBad
5975,15,1407.9599999999998,4,865.2599999999998,move,improve
5976,15,1407.2799999999997,4,865.2599999999998,move,improve
5977,15,1407.2799999999997,4,865.2599999999998,2opt,notBad
5978,15,1407.2799999999997,4,865.2599999999998,2opt,notBad
5979,15,1407.2799999999997,4,865.2599999999998,swap,notBad
5980,15,1407.2799999999997,4,865.2599999999998,2opt,notBad
5981,15,1407.2799999999997,4,865.2599999999998,2opt,notBad
5982,15,1407.2799999999997,4,865.2599999999998,move,improve
5983,15,1407.2799999999997,4,865.2599999999998,2opt,notBad
5984,15,1407.2799999999997,4,865.2599999999998,move,improve
5985,15,1407.2799999999997,4,865.2599999999998,swap,notBad
5986,15,1407.2799999999997,4,865.2599999999998,2opt,notBad
5987,15,1407.2799999999997,4,865.2599999999998,move,improve
5988,15,1407.2799999999997,4,865.2599999999998,move,improve
5989,15,1403.1999999999998,4,865.2599999999998,move,improve
5990,15,1403.1999999999998,4,865.2599999999998,swap,notBad
5991,15,1403.1999999999998,4,865.2599999999998,2opt,notBad
5992,15,1403.1999999999998,4,865.2599999999998,move,improve
5993,15,1403.1999999999998,4,865.2599999999998,move,improve
5994,15,1403.1999999999998,4,865.2599999999998,2opt,notBad
5995,15,1403.1999999999998,4,865.2599999999998,move,improve
5996,15,1402.9999999999998,4,865.2599999999998,move,improve
5997,15,1402.9999999999998,4,865.2599999999998,2opt,notBad
5998,15,1402.9999999999998,4,865.2599999999998,swap,notBad
5999,15,1402.9999999999998,4,865.2599999999998,2opt,notBad
6000,15,1402.9999999999998,4,865.2599999999998,2opt,notBad
6001,15,1402.9999999999998,4,865.2599999999998,move,improve
6002,15,1402.9999999999998,4,865.2599999999998,swap,notBad
6003,15,1402.9999999999998,4,865.2599999999998,2opt,notBad
6004,15,1402.9999999999998,4,865.2599999999998,2opt,notBad
6005,15,1402.9999999999998,4,865.2599999999998,2opt,notBad
6006,15,1402.9999999999998,4,865.2599999999998,move,improve
6007,15,1402.9999999999998,4,865.2599999999998,swap,notBad
6008,15,1402.9999999999998,4,865.2599999999998,2opt,notBad
6009,15,1402.9599999999998,4,865.2599999999998,move,improve
6010,15,1402.9599999999998,4,865.2599999999998,2opt,notBad
6011,15,1402.9599999999998,4,865.2599999999998,swap,notBad
6012,15,1402.9599999999998,4,865.2599999999998,move,improve
6013,15,1402.9599999999998,4,865.2599999999998,move,improve
6014,15,1402.9599999999998,4,865.2599999999998,2opt,notBad
6015,15,1402.9599999999998,4,865.2599999999998,move,improve
6016,15,1402.9599999999998,4,865.2599999999998,2opt,notBad
6017,15,1402.9599999999998,4,865.2599999999998,2opt,notBad
6018,15,1402.9599999999998,4,865.2599999999998,move,improve
6019,15,1402.9599999999998,4,865.2599999999998,2opt,notBad
6020,15,1402.9599999999998,4,865.2599999999998,swap,notBad
6021,15,1402.9599999999998,4,865.2599999999998,move,improve
6022,15,1402.9599999999998,4,865.2599999999998,swap,notBad
6023,15,1402.9599999999998,4,865.2599999999998,2opt,notBad
6024,15,1402.9599999999998,4,865.2599999999998,move,improve
6025,15,1402.9599999999998,4,865.2599999999998,swap,notBad
6026,15,1402.9599999999998,4,865.2599999999998,swap,notBad
6027,15,1402.9599999999998,4,865.2599999999998,2opt,notBad
6028,15,1402.9599999999998,4,865.2599999999998,move,improve
6029,15,1402.9599999999998,4,865.2599999999998,move,improve
6030,15,1402.9599999999998,4,865.2599999999998,move,improve
6031,15,1402.9599999999998,4,865.2599999999998,move,improve
6032,15,1402.9599999999998,4,865.2599999999998,2opt,notBad
6033,15,1402.9599999999998,4,865.2599999999998,swap,notBad
6034,15,1402.9599999999998,4,865.2599999999998,swap,notBad
6035,15,1402.9599999999998,4,865.2599999999998,swap,notBad
6036,15,1402.9599999999998,4,865.2599999999998,swap,notBad
6037,15,1402.9599999999998,4,865.2599999999998,2opt,notBad
6038,15,1402.9599999999998,4,865.2599999999998,2opt,notBad
6039,15,1402.9599999999998,4,865.2599999999998,swap,notBad
6040,15,1402.9599999999998,4,865.2599999999998,swap,notBad
6041,15,1402.9599999999998,4,865.2599999999998,swap,notBad
6042,15,1402.9599999999998,4,865.2599999999998,2opt,notBad
6043,15,1402.9599999999998,4,865.2599999999998,swap,notBad
6044,15,1402.76,4,865.2599999999998,move,improve
6045,15,1402.76,4,865.2599999999998,swap,notBad
6046,15,1402.76,4,865.2599999999998,2opt,notBad
6047,15,1402.76,4,865.2599999999998,move,improve
6048,15,1402.76,4,865.2599999999998,2opt,notBad
6049,15,1402.76,4,865.2599999999998,swap,notBad
6050,15,1402.76,4,865.2599999999998,2opt,notBad
6051,15,1402.76,4,865.2599999999998,2opt,notBad
6052,15,1402.76,4,865.2599999999998,2opt,notBad
6053,15,1402.76,4,865.2599999999998,2opt,notBad
6054,15,1402.76,4,865.2599999999998,swap,notBad
6055,15,1402.76,4,865.2599999999998,move,improve
6056,15,1402.76,4,865.2599999999998,swap,notBad
6057,15,1402.76,4,865.2599999999998,2opt,notBad
6058,15,1402.76,4,865.2599999999998,swap,notBad
6059,15,1402.76,4,865.2599999999998,move,improve
6060,15,1402.76,4,865.2599999999998,2opt,notBad
6061,15,1402.76,4,865.2599999999998,swap,notBad
6062,15,1402.76,4,865.2599999999998,2opt,notBad
6063,15,1402.76,4,865.2599999999998,swap,notBad
6064,15,1402.76,4,865.2599999999998,swap,notBad
6065,15,1402.76,4,865.2599999999998,swap,notBad
6066,15,1402.76,4,865.2599999999998,swap,notBad
6067,15,1398.8799999999999,4,865.2599999999998,move,improve
6068,15,1398.8799999999999,4,865.2599999999998,2opt,notBad
6069,15,1398.8799999999999,4,865.2599999999998,2opt,notBad
6070,15,1398.8799999999999,4,865.2599999999998,2opt,notBad
6071,15,1398.8799999999999,4,865.2599999999998,swap,notBad
6072,15,1398.8799999999999,4,865.2599999999998,2opt,notBad
6073,15,1398.8799999999999,4,865.2599999999998,2opt,notBad
6074,15,1398.8799999999999,4,865.2599999999998,2opt,notBad
6075,15,1398.8799999999999,4,865.2599999999998,swap,notBad
6076,15,1398.8799999999999,4,865.2599999999998,2opt,notBad
6077,15,1398.8799999999999,4,865.2599999999998,swap,notBad
6078,15,1398.8799999999999,4,865.2599999999998,swap,notBad
6079,15,1398.8799999999999,4,865.2599999999998,2opt,notBad
6080,15,1398.8799999999999,4,865.2599999999998,swap,notBad
6081,15,1398.8799999999999,4,865.2599999999998,move,improve
6082,15,1398.8799999999999,4,865.2599999999998,swap,notBad
6083,15,1398.8799999999999,4,865.2599999999998,2opt,notBad
6084,15,1398.8799999999999,4,865.2599999999998,move,improve
6085,15,1398.8799999999999,4,865.2599999999998,2opt,notBad
6086,15,1398.8799999999999,4,865.2599999999998,move,improve
6087,15,1398.8799999999999,4,865.2599999999998,move,improve
6088,15,1398.8799999999999,4,865.2599999999998,move,improve
6089,15,1398.8799999999999,4,865.2599999999998,swap,notBad
6090,15,1398.8799999999999,4,865.2599999999998,swap,notBad
6091,15,1398.8799999999999,4,865.2599999999998,move,improve
6092,15,1398.8799999999999,4,865.2599999999998,move,improve
6093,15,1398.8799999999999,4,865.2599999999998,swap,notBad
6094,15,1398.8799999999999,4,865.2599999999998,2opt,notBad
6095,15,1398.8799999999999,4,865.2599999999998,2opt,notBad
6096,15,1398.8799999999999,4,865.2599999999998,2opt,notBad
6097,15,1398.8799999999999,4,865.2599999999998,2opt,notBad
6098,15,1398.8799999999999,4,865.2599999999998,swap,notBad
6099,15,1398.8799999999999,4,865.2599999999998,move,improve
6100,15,1398.8799999999999,4,865.2599999999998,swap,notBad
6101,15,1398.8799999999999,4,865.2599999999998,swap,notBad
6102,15,1395.3200000000002,4,865.2599999999998,move,improve
6103,15,1395.3200000000002,4,865.2599999999998,move,improve
6104,15,1395.3200000000002,4,865.2599999999998,swap,notBad
6105,15,1395.3200000000002,4,865.2599999999998,move,improve
6106,15,1395.3200000000002,4,865.2599999999998,swap,notBad
6107,15,1395.3200000000002,4,865.2599999999998,2opt,notBad
6108,15,1395.3200000000002,4,865.2599999999998,move,improve
6109,15,1395.3200000000002,4,865.2599999999998,swap,notBad
6110,15,1395.3200000000002,4,865.2599999999998,swap,notBad
6111,15,1395.3200000000002,4,865.2599999999998,move,improve
6112,15,1395.3200000000002,4,865.2599999999998,swap,notBad
6113,15,1395.3200000000002,4,865.2599999999998,2opt,notBad
6114,15,1395.3200000000002,4,865.2599999999998,swap,notBad
6115,15,1395.3200000000002,4,865.2599999999998,swap,notBad
6116,15,1395.3200000000002,4,865.2599999999998,2opt,notBad
6117,15,1395.3200000000002,4,865.2599999999998,swap,notBad
6118,15,1395.3200000000002,4,865.2599999999998,2opt,notBad
6119,15,1391.84,4,865.2599999999998,2opt,improve
6120,15,1391.84,4,865.2599999999998,move,improve
6121,15,1391.84,4,865.2599999999998,move,improve
6122,15,1391.84,4,865.2599999999998,2opt,notBad
6123,15,1391.84,4,865.2599999999998,2opt,notBad
6124,15,1391.84,4,865.2599999999998,2opt,notBad
6125,15,1391.84,4,865.2599999999998,2opt,notBad
6126,15,1391.84,4,865.2599999999998,2opt,notBad
6127,15,1391.84,4,865.2599999999998,move,improve
6128,15,1391.84,4,865.2599999999998,swap,notBad
6129,15,1391.84,4,865.2599999999998,move,improve
6130,15,1391.84,4,865.2599999999998,2opt,notBad
6131,15,1391.84,4,865.2599999999998,swap,notBad
6132,15,1391.84,4,865.2599999999998,2opt,notBad
6133,15,1391.84,4,865.2599999999998,2opt,notBad
6134,15,1391.84,4,865.2599999999998,2opt,notBad
6135,15,1391.84,4,865.2599999999998,move,improve
6136,15,1391.84,4,865.2599999999998,2opt,notBad
6137,15,1391.84,4,865.2599999999998,2opt,notBad
6138,15,1391.84,4,865.2599999999998,swap,notBad
6139,15,1391.84,4,865.2599999999998,2opt,notBad
6140,15,1391.84,4,865.2599999999998,swap,notBad
6141,15,1391.2000000000003,4,865.2599999999998,move,improve
6142,15,1391.2000000000003,4,865.2599999999998,2opt,notBad
6143,15,1390.0800000000002,4,865.2599999999998,move,improve
6144,15,1390.0800000000002,4,865.2599999999998,2opt,notBad
6145,15,1390.0800000000002,4,865.2599999999998,move,improve
6146,15,1390.0800000000002,4,865.2599999999998,2opt,notBad
6147,15,1390.0800000000002,4,865.2599999999998,move,improve
6148,15,1390.0800000000002,4,865.2599999999998,move,improve
6149,15,1390.0800000000002,4,865.2599999999998,swap,notBad
6150,15,1390.0800000000002,4,865.2599999999998,move,improve
6151,15,1390.0800000000002,4,865.2599999999998,2opt,notBad
6152,15,1390.0800000000002,4,865.2599999999998,swap,notBad
6153,15,1390.0800000000002,4,865.2599999999998,2opt,notBad
6154,15,1390.0800000000002,4,865.2599999999998,swap,notBad
6155,15,1390.0800000000002,4,865.2599999999998,move,improve
6156,15,1390.0800000000002,4,865.2599999999998,swap,notBad
6157,15,1390.0800000000002,4,865.2599999999998,swap,notBad
6158,15,1390.0800000000002,4,865.2599999999998,swap,notBad
6159,15,1390.0800000000002,4,865.2599999999998,swap,notBad
6160,15,1390.0800000000002,4,865.2599999999998,move,improve
6161,15,1390.0800000000002,4,865.2599999999998,swap,notBad
6162,15,1390.0800000000002,4,865.2599999999998,move,improve
6163,15,1390.0800000000002,4,865.2599999999998,swap,notBad
6164,15,1390.0800000000002,4,865.2599999999998,move,improve
6165,15,1388.52,4,865.2599999999998,move,improve
6166,15,1388.52,4,865.2599999999998,move,improve
6167,15,1388.52,4,865.2599999999998,2opt,notBad
6168,15,1388.52,4,865.2599999999998,move,improve
6169,15,1388.52,4,865.2599999999998,move,improve
6170,15,1388.52,4,865.2599999999998,2opt,notBad
6171,15,1388.52,4,865.2599999999998,swap,notBad
6172,15,1388.52,4,865.2599999999998,move,improve
6173,15,1388.52,4,865.2599999999998,swap,notBad
6174,15,1388.52,4,865.2599999999998,2opt,notBad
6175,15,1388.52,4,865.2599999999998,2opt,notBad
6176,15,1388.52,4,865.2599999999998,swap,notBad
6177,15,1388.52,4,865.2599999999998,swap,notBad
6178,15,1388.52,4,865.2599999999998,2opt,notBad
6179,15,1388.52,4,865.2599999999998,2opt,improve
6180,15,1388.52,4,865.2599999999998,2opt,notBad
6181,15,1388.52,4,865.2599999999998,2opt,notBad
6182,15,1388.52,4,865.2599999999998,move,improve
6183,15,1388.52,4,865.2599999999998,move,improve
6184,15,1388.52,4,865.2599999999998,swap,notBad
6185,15,1388.0800000000002,4,865.2599999999998,move,improve
6186,15,1388.0800000000002,4,865.2599999999998,move,improve
6187,15,1385.24,4,865.2599999999998,move,improve
6188,15,1385.24,4,865.2599999999998,move,improve
6189,15,1385.24,4,865.2599999999998,2opt,notBad
6190,15,1385.24,4,865.2599999999998,2opt,notBad
6191,15,1385.24,4,865.2599999999998,move,improve
6192,15,1385.24,4,865.2599999999998,2opt,notBad
6193,15,1385.24,4,865.2599999999998,move,improve
6194,15,1385.24,4,865.2599999999998,move,improve
6195,15,1385.24,4,865.2599999999998,swap,notBad
6196,15,1385.24,4,865.2599999999998,swap,notBad
6197,15,1385.24,4,865.2599999999998,swap,notBad
6198,15,1385.24,4,865.2599999999998,swap,notBad
6199,15,1385.24,4,865.2599999999998,swap,notBad
6200,15,1385.24,4,865.2599999999998,swap,notBad
6201,15,1385.24,4,865.2599999999998,2opt,notBad
6202,15,1385.24,4,865.2599999999998,move,improve
6203,15,1385.24,4,865.2599999999998,move,improve
6204,15,1385.24,4,865.2599999999998,swap,notBad
6205,15,1385.24,4,865.2599999999998,swap,notBad
6206,15,1385.24,4,865.2599999999998,move,improve
6207,15,1385.24,4,865.2599999999998,move,improve
6208,15,1385.24,4,865.2599999999998,swap,notBad
6209,15,1385.24,4,865.2599999999998,2opt,notBad
6210,15,1385.24,4,865.2599999999998,2opt,notBad
6211,15,1385.24,4,865.2599999999998,swap,notBad
6212,15,1385.24,4,865.2599999999998,move,improve
6213,15,1385.24,4,865.2599999999998,2opt,notBad
6214,15,1385.24,4,865.2599999999998,move,improve
6215,15,1385.24,4,865.2599999999998,move,improve
6216,15,1385.24,4,865.2599999999998,move,improve
6217,15,1385.24,4,865.2599999999998,move,improve
6218,15,1385.24,4,865.2599999999998,swap,notBad
6219,15,1385.24,4,865.2599999999998,2opt,notBad
6220,15,1385.24,4,865.2599999999998,2opt,notBad
6221,15,1385.24,4,865.2599999999998,2opt,notBad
6222,15,1385.24,4,865.2599999999998,move,improve
6223,15,1385.24,4,865.2599999999998,swap,notBad
6224,15,1385.24,4,865.2599999999998,swap,notBad
6225,15,1385.24,4,865.2599999999998,swap,notBad
6226,15,1385.24,4,865.2599999999998,move,improve
6227,15,1385.24,4,865.2599999999998,swap,notBad
6228,15,1385.24,4,865.2599999999998,2opt,notBad
6229,15,1385.24,4,865.2599999999998,swap,notBad
6230,15,1385.24,4,865.2599999999998,2opt,notBad
6231,15,1385.24,4,865.2599999999998,move,improve
6232,15,1385.24,4,865.2599999999998,swap,notBad
6233,15,1385.24,4,865.2599999999998,swap,notBad
6234,15,1385.24,4,865.2599999999998,2opt,notBad
6235,15,1385.24,4,865.2599999999998,swap,notBad
6236,15,1385.24,4,865.2599999999998,2opt,notBad
6237,15,1385.24,4,865.2599999999998,swap,notBad
6238,15,1385.24,4,865.2599999999998,2opt,notBad
6239,15,1385.24,4,865.2599999999998,move,improve
6240,15,1385.24,4,865.2599999999998,2opt,notBad
6241,15,1385.24,4,865.2599999999998,2opt,notBad
6242,15,1385.24,4,865.2599999999998,swap,notBad
6243,15,1385.24,4,865.2599999999998,2opt,notBad
6244,15,1385.24,4,865.2599999999998,move,improve
6245,15,1385.24,4,865.2599999999998,swap,notBad
6246,15,1385.24,4,865.2599999999998,2opt,notBad
6247,15,1385.24,4,865.2599999999998,move,improve
6248,15,1385.24,4,865.2599999999998,2opt,notBad
6249,15,1385.24,4,865.2599999999998,swap,notBad
6250,15,1385.24,4,865.2599999999998,2opt,notBad
6251,15,1385.24,4,865.2599999999998,2opt,notBad
6252,15,1385.52,4,865.2599999999998,swap,acceptBad
6253,15,1385.52,4,865.2599999999998,swap,notBad
6254,15,1385.52,4,865.2599999999998,move,improve
6255,15,1385.52,4,865.2599999999998,move,improve
6256,15,1385.52,4,865.2599999999998,move,improve
6257,15,1385.52,4,865.2599999999998,move,improve
6258,15,1385.52,4,865.2599999999998,2opt,notBad
6259,15,1385.52,4,865.2599999999998,move,improve
6260,15,1384.88,4,865.2599999999998,move,improve
6261,15,1384.88,4,865.2599999999998,swap,notBad
6262,15,1384.88,4,865.2599999999998,swap,notBad
6263,15,1384.88,4,865.2599999999998,swap,notBad
6264,15,1384.88,4,865.2599999999998,2opt,notBad
6265,15,1384.88,4,865.2599999999998,2opt,notBad
6266,15,1384.88,4,865.2599999999998,move,improve
6267,15,1384.88,4,865.2599999999998,move,improve
6268,15,1384.88,4,865.2599999999998,swap,notBad
6269,15,1384.88,4,865.2599999999998,move,improve
6270,15,1384.88,4,865.2599999999998,swap,notBad
6271,15,1384.88,4,865.2599999999998,swap,notBad
6272,15,1384.88,4,865.2599999999998,move,improve
6273,15,1384.88,4,865.2599999999998,swap,notBad
6274,15,1384.88,4,865.2599999999998,move,improve
6275,15,1384.88,4,865.2599999999998,2opt,notBad
6276,15,1384.88,4,865.2599999999998,2opt,notBad
6277,15,1384.88,4,865.2599999999998,2opt,notBad
6278,15,1384.88,4,865.2599999999998,2opt,notBad
6279,15,1384.88,4,865.2599999999998,swap,notBad
6280,15,1384.88,4,865.2599999999998,swap,notBad
6281,15,1384.88,4,865.2599999999998,move,improve
6282,15,1384.88,4,865.2599999999998,swap,notBad
6283,15,1384.88,4,865.2599999999998,move,improve
6284,15,1384.88,4,865.2599999999998,2opt,notBad
6285,15,1384.88,4,865.2599999999998,swap,notBad
6286,15,1384.88,4,865.2599999999998,move,improve
6287,15,1384.88,4,865.2599999999998,move,improve
6288,15,1384.88,4,865.2599999999998,2opt,notBad
6289,15,1384.88,4,865.2599999999998,2opt,notBad
6290,15,1384.88,4,865.2599999999998,move,improve
6291,15,1383.8400000000001,4,865.2599999999998,move,improve
6292,15,1383.8400000000001,4,865.2599999999998,2opt,notBad
6293,15,1383.8400000000001,4,865.2599999999998,swap,notBad
6294,15,1383.8400000000001,4,865.2599999999998,2opt,notBad
6295,15,1386.9199999999998,4,865.2599999999998,2opt,acceptBad
6296,15,1386.9199999999998,4,865.2599999999998,move,improve
6297,15,1386.9199999999998,4,865.2599999999998,swap,notBad
6298,15,1386.9199999999998,4,865.2599999999998,2opt,notBad
6299,15,1386.9199999999998,4,865.2599999999998,2opt,notBad
6300,15,1386.9199999999998,4,865.2599999999998,2opt,notBad
6301,15,1386.9199999999998,4,865.2599999999998,2opt,notBad
6302,15,1386.9199999999998,4,865.2599999999998,move,improve
6303,15,1386.9199999999998,4,865.2599999999998,swap,notBad
6304,15,1386.9199999999998,4,865.2599999999998,move,improve
6305,15,1386.9199999999998,4,865.2599999999998,2opt,notBad
6306,15,1386.9199999999998,4,865.2599999999998,2opt,notBad
6307,15,1386.9199999999998,4,865.2599999999998,move,improve
6308,15,1386.9199999999998,4,865.2599999999998,move,improve
6309,15,1386.9199999999998,4,865.2599999999998,move,improve
6310,15,1386.9199999999998,4,865.2599999999998,swap,notBad
6311,15,1386.9199999999998,4,865.2599999999998,swap,notBad
6312,15,1386.9199999999998,4,865.2599999999998,swap,notBad
6313,15,1386.9199999999998,4,865.2599999999998,move,improve
6314,15,1386.9199999999998,4,865.2599999999998,2opt,notBad
6315,15,1386.9199999999998,4,865.2599999999998,2opt,notBad
6316,15,1386.9199999999998,4,865.2599999999998,2opt,notBad
6317,15,1386.9199999999998,4,865.2599999999998,2opt,improve
6318,15,1386.9199999999998,4,865.2599999999998,swap,notBad
6319,15,1386.9199999999998,4,865.2599999999998,swap,notBad
6320,15,1386.9199999999998,4,865.2599999999998,swap,notBad
6321,15,1386.9199999999998,4,865.2599999999998,2opt,notBad
6322,15,1386.9199999999998,4,865.2599999999998,move,improve
6323,15,1386.9199999999998,4,865.2599999999998,2opt,notBad
6324,15,1386.9199999999998,4,865.2599999999998,2opt,notBad
6325,15,1386.9199999999998,4,865.2599999999998,move,improve
6326,15,1386.9199999999998,4,865.2599999999998,2opt,notBad
6327,15,1386.9199999999998,4,865.2599999999998,move,improve
6328,15,1386.9199999999998,4,865.2599999999998,2opt,notBad
6329,15,1386.9199999999998,4,865.2599999999998,move,improve
6330,15,1386.9199999999998,4,865.2599999999998,move,improve
6331,15,1386.9199999999998,4,865.2599999999998,swap,notBad
6332,15,1388.8,4,865.2599999999998,swap,acceptBad
6333,15,1388.8,4,865.2599999999998,move,improve
6334,15,1388.8,4,865.2599999999998,move,improve
6335,15,1388.8,4,865.2599999999998,2opt,improve
6336,15,1388.8,4,865.2599999999998,swap,notBad
6337,15,1388.8,4,865.2599999999998,move,improve
6338,15,1388.8,4,865.2599999999998,2opt,notBad
6339,15,1388.8,4,865.2599999999998,move,improve
6340,15,1388.8,4,865.2599999999998,swap,notBad
6341,15,1388.8,4,865.2599999999998,move,improve
6342,15,1388.8,4,865.2599999999998,swap,notBad
6343,15,1388.8,4,865.2599999999998,2opt,notBad
6344,15,1388.8,4,865.2599999999998,2opt,notBad
6345,15,1388.8,4,865.2599999999998,swap,notBad
6346,15,1388.8,4,865.2599999999998,swap,notBad
6347,15,1388.8,4,865.2599999999998,2opt,notBad
6348,15,1388.8,4,865.2599999999998,swap,notBad
6349,15,1388.8,4,865.2599999999998,2opt,notBad
6350,15,1388.8,4,865.2599999999998,swap,notBad
6351,15,1388.8,4,865.2599999999998,move,improve
6352,15,1388.8,4,865.2599999999998,move,improve
6353,15,1388.8,4,865.2599999999998,2opt,notBad
6354,15,1388.8,4,865.2599999999998,2opt,notBad
6355,15,1388.8,4,865.2599999999998,swap,notBad
6356,15,1388.8,4,865.2599999999998,move,improve
6357,15,1388.8,4,865.2599999999998,move,improve
6358,15,1388.8,4,865.2599999999998,2opt,notBad
6359,15,1388.8,4,865.2599999999998,swap,notBad
6360,15,1388.8,4,865.2599999999998,2opt,notBad
6361,15,1388.5599999999997,4,865.2599999999998,move,improve
6362,15,1388.5599999999997,4,865.2599999999998,swap,notBad
6363,15,1388.5599999999997,4,865.2599999999998,2opt,notBad
6364,15,1388.5599999999997,4,865.2599999999998,move,improve
6365,15,1388.5599999999997,4,865.2599999999998,2opt,notBad
6366,15,1388.5599999999997,4,865.2599999999998,move,improve
6367,15,1388.3999999999996,4,865.2599999999998,move,improve
6368,15,1388.3999999999996,4,865.2599999999998,2opt,notBad
6369,15,1388.3999999999996,4,865.2599999999998,2opt,notBad
6370,15,1388.3999999999996,4,865.2599999999998,2opt,notBad
6371,15,1388.3999999999996,4,865.2599999999998,move,improve
6372,15,1388.3999999999996,4,865.2599999999998,swap,notBad
6373,15,1388.3999999999996,4,865.2599999999998,move,improve
6374,15,1388.3999999999996,4,865.2599999999998,move,improve
6375,15,1388.3999999999996,4,865.2599999999998,move,improve
6376,15,1388.3999999999996,4,865.2599999999998,move,improve
6377,15,1388.3999999999996,4,865.2599999999998,swap,notBad
6378,15,1388.3999999999996,4,865.2599999999998,swap,notBad
6379,15,1388.3999999999996,4,865.2599999999998,2opt,notBad
6380,15,1388.3999999999996,4,865.2599999999998,move,improve
6381,15,1388.3999999999996,4,865.2599999999998,move,improve
6382,15,1388.3999999999996,4,865.2599999999998,2opt,notBad
6383,15,1388.3999999999996,4,865.2599999999998,swap,notBad
6384,15,1388.3999999999996,4,865.2599999999998,move,improve
6385,15,1388.3999999999996,4,865.2599999999998,move,improve
6386,15,1388.3999999999996,4,865.2599999999998,2opt,notBad
6387,15,1388.3999999999996,4,865.2599999999998,move,improve
6388,15,1388.3999999999996,4,865.2599999999998,2opt,improve
6389,15,1388.3999999999996,4,865.2599999999998,swap,notBad
6390,15,1388.3999999999996,4,865.2599999999998,swap,notBad
6391,15,1388.3999999999996,4,865.2599999999998,swap,notBad
6392,15,1388.3999999999996,4,865.2599999999998,2opt,notBad
6393,15,1388.3999999999996,4,865.2599999999998,2opt,notBad
6394,15,1388.3999999999996,4,865.2599999999998,swap,notBad
6395,15,1388.3999999999996,4,865.2599999999998,2opt,notBad
6396,15,1388.3999999999996,4,865.2599999999998,2opt,notBad
6397,15,1388.3999999999996,4,865.2599999999998,move,improve
6398,15,1388.3999999999996,4,865.2599999999998,swap,notBad
6399,15,1388.3999999999996,4,865.2599999999998,swap,notBad
6400,15,1388.3999999999996,4,865.2599999999998,swap,notBad
6401,15,1388.3999999999996,4,865.2599999999998,move,improve
6402,15,1388.3999999999996,4,865.2599999999998,swap,notBad
6403,15,1388.3999999999996,4,865.2599999999998,2opt,notBad
6404,15,1388.3999999999996,4,865.2599999999998,move,improve
6405,15,1388.3999999999996,4,865.2599999999998,move,improve
6406,15,1388.3999999999996,4,865.2599999999998,swap,notBad
6407,15,1386.3599999999997,4,865.2599999999998,move,improve
6408,15,1386.3599999999997,4,865.2599999999998,2opt,notBad
6409,15,1386.3599999999997,4,865.2599999999998,swap,notBad
6410,15,1386.3599999999997,4,865.2599999999998,move,improve
6411,15,1386.3599999999997,4,865.2599999999998,2opt,notBad
6412,15,1386.3599999999997,4,865.2599999999998,2opt,notBad
6413,15,1386.3599999999997,4,865.2599999999998,swap,notBad
6414,15,1386.3599999999997,4,865.2599999999998,move,improve
6415,15,1386.3599999999997,4,865.2599999999998,swap,notBad
6416,15,1386.3599999999997,4,865.2599999999998,move,improve
6417,15,1386.3599999999997,4,865.2599999999998,move,improve
6418,15,1386.3599999999997,4,865.2599999999998,swap,notBad
6419,15,1386.3599999999997,4,865.2599999999998,swap,notBad
6420,15,1386.3599999999997,4,865.2599999999998,swap,notBad
6421,15,1386.3599999999997,4,865.2599999999998,swap,notBad
6422,15,1385.6799999999998,4,865.2599999999998,2opt,improve
6423,15,1385.6799999999998,4,865.2599999999998,move,notBad
6424,15,1385.6799999999998,4,865.2599999999998,2opt,notBad
6425,15,1385.6799999999998,4,865.2599999999998,2opt,notBad
6426,15,1385.6799999999998,4,865.2599999999998,2opt,notBad
6427,15,1385.6799999999998,4,865.2599999999998,move,improve
6428,15,1385.6799999999998,4,865.2599999999998,swap,notBad
6429,15,1385.6799999999998,4,865.2599999999998,move,improve
6430,15,1385.6799999999998,4,865.2599999999998,move,improve
6431,15,1385.6799999999998,4,865.2599999999998,move,improve
6432,15,1385.6799999999998,4,865.2599999999998,2opt,notBad
6433,15,1385.6799999999998,4,865.2599999999998,move,improve
6434,15,1385.6799999999998,4,865.2599999999998,2opt,notBad
6435,15,1385.6799999999998,4,865.2599999999998,2opt,notBad
6436,15,1385.6799999999998,4,865.2599999999998,move,improve
6437,15,1385.6799999999998,4,865.2599999999998,swap,notBad
6438,15,1385.6799999999998,4,865.2599999999998,swap,notBad
6439,15,1385.6799999999998,4,865.2599999999998,swap,notBad
6440,15,1385.6799999999998,4,865.2599999999998,2opt,notBad
6441,15,1385.6799999999998,4,865.2599999999998,2opt,notBad
6442,15,1385.6799999999998,4,865.2599999999998,move,improve
6443,15,1380.6399999999999,4,865.2599999999998,move,improve
6444,15,1380.6399999999999,4,865.2599999999998,2opt,notBad
6445,15,1380.6399999999999,4,865.2599999999998,2opt,notBad
6446,15,1380.6399999999999,4,865.2599999999998,2opt,notBad
6447,15,1380.6399999999999,4,865.2599999999998,swap,notBad
6448,15,1380.6399999999999,4,865.2599999999998,swap,notBad
6449,15,1380.6399999999999,4,865.2599999999998,2opt,notBad
6450,15,1380.6399999999999,4,865.2599999999998,move,improve
6451,15,1380.6399999999999,4,865.2599999999998,2opt,notBad
6452,15,1380.6399999999999,4,865.2599999999998,swap,notBad
6453,15,1380.6399999999999,4,865.2599999999998,swap,notBad
6454,15,1380.6399999999999,4,865.2599999999998,swap,notBad
6455,15,1380.6399999999999,4,865.2599999999998,swap,notBad
6456,15,1380.6399999999999,4,865.2599999999998,move,improve
6457,15,1380.6399999999999,4,865.2599999999998,swap,notBad
6458,15,1380.6399999999999,4,865.2599999999998,2opt,notBad
6459,15,1380.6399999999999,4,865.2599999999998,2opt,notBad
6460,15,1380.6399999999999,4,865.2599999999998,move,improve
6461,15,1380.6399999999999,4,865.2599999999998,swap,notBad
6462,15,1380.6399999999999,4,865.2599999999998,swap,notBad
6463,15,1380.6399999999999,4,865.2599999999998,swap,notBad
6464,15,1380.6399999999999,4,865.2599999999998,2opt,notBad
6465,15,1380.6399999999999,4,865.2599999999998,swap,notBad
6466,15,1380.6399999999999,4,865.2599999999998,swap,notBad
6467,15,1380.6399999999999,4,865.2599999999998,move,improve
6468,15,1380.6399999999999,4,865.2599999999998,swap,notBad
6469,15,1380.6399999999999,4,865.2599999999998,swap,notBad
6470,15,1380.6399999999999,4,865.2599999999998,swap,notBad
6471,15,1380.6399999999999,4,865.2599999999998,2opt,notBad
6472,15,1380.6399999999999,4,865.2599999999998,2opt,notBad
6473,15,1380.6399999999999,4,865.2599999999998,2opt,notBad
6474,15,1379.4399999999998,4,865.2599999999998,move,improve
6475,15,1379.4399999999998,4,865.2599999999998,move,improve
6476,15,1379.4399999999998,4,865.2599999999998,swap,notBad
6477,15,1379.4399999999998,4,865.2599999999998,2opt,notBad
6478,15,1379.4399999999998,4,865.2599999999998,swap,notBad
6479,15,1379.4399999999998,4,865.2599999999998,swap,notBad
6480,15,1379.4399999999998,4,865.2599999999998,2opt,notBad
6481,15,1379.4399999999998,4,865.2599999999998,move,improve
6482,15,1379.4399999999998,4,865.2599999999998,move,improve
6483,15,1379.4399999999998,4,865.2599999999998,2opt,notBad
6484,15,1379.4399999999998,4,865.2599999999998,2opt,notBad
6485,15,1379.4399999999998,4,865.2599999999998,move,improve
6486,15,1379.4399999999998,4,865.2599999999998,swap,notBad
6487,15,1379.4399999999998,4,865.2599999999998,2opt,notBad
6488,15,1379.4399999999998,4,865.2599999999998,2opt,notBad
6489,15,1379.4399999999998,4,865.2599999999998,move,improve
6490,15,1379.4399999999998,4,865.2599999999998,move,improve
6491,15,1379.4399999999998,4,865.2599999999998,swap,notBad
6492,15,1379.4399999999998,4,865.2599999999998,swap,notBad
6493,15,1379.4399999999998,4,865.2599999999998,2opt,improve
6494,15,1379.4399999999998,4,865.2599999999998,swap,notBad
6495,15,1379.4399999999998,4,865.2599999999998,move,improve
6496,15,1379.4399999999998,4,865.2599999999998,swap,notBad
6497,15,1379.4399999999998,4,865.2599999999998,move,improve
6498,15,1379.4399999999998,4,865.2599999999998,2opt,notBad
6499,15,1379.4399999999998,4,865.2599999999998,move,improve
6500,15,1382.12,4,865.2599999999998,swap,acceptBad
6501,15,1382.12,4,865.2599999999998,2opt,notBad
6502,15,1382.12,4,865.2599999999998,move,improve
6503,15,1382.12,4,865.2599999999998,swap,notBad
6504,15,1382.12,4,865.2599999999998,swap,notBad
6505,15,1382.12,4,865.2599999999998,move,improve
6506,15,1382.12,4,865.2599999999998,move,improve
6507,15,1382.12,4,865.2599999999998,2opt,notBad
6508,15,1382.12,4,865.2599999999998,2opt,notBad
6509,15,1382.12,4,865.2599999999998,move,improve
6510,15,1382.12,4,865.2599999999998,move,improve
6511,15,1382.12,4,865.2599999999998,move,improve
6512,15,1382.12,4,865.2599999999998,move,improve
6513,15,1382.12,4,865.2599999999998,swap,notBad
6514,15,1382.12,4,865.2599999999998,swap,notBad
6515,15,1382.12,4,865.2599999999998,swap,notBad
6516,15,1382.12,4,865.2599999999998,move,improve
6517,15,1382.12,4,865.2599999999998,2opt,improve
6518,15,1382.12,4,865.2599999999998,move,improve
6519,15,1382.12,4,865.2599999999998,move,improve
6520,15,1382.12,4,865.2599999999998,swap,notBad
6521,15,1382.12,4,865.2599999999998,swap,notBad
6522,15,1382.12,4,865.2599999999998,2opt,notBad
6523,15,1378.1599999999999,4,865.2599999999998,move,improve
6524,15,1378.1599999999999,4,865.2599999999998,move,improve
6525,15,1378.1599999999999,4,865.2599999999998,move,improve
6526,15,1378.1599999999999,4,865.2599999999998,2opt,notBad
6527,15,1378.1599999999999,4,865.2599999999998,2opt,notBad
6528,15,1378.1599999999999,4,865.2599999999998,move,improve
6529,15,1378.1599999999999,4,865.2599999999998,swap,notBad
6530,15,1378.1599999999999,4,865.2599999999998,2opt,notBad
6531,15,1378.1599999999999,4,865.2599999999998,2opt,notBad
6532,15,1378.1599999999999,4,865.2599999999998,2opt,notBad
6533,15,1378.1599999999999,4,865.2599999999998,swap,notBad
6534,15,1378.1599999999999,4,865.2599999999998,2opt,notBad
6535,15,1378.1599999999999,4,865.2599999999998,2opt,notBad
6536,15,1378.1599999999999,4,865.2599999999998,move,improve
6537,15,1378.1599999999999,4,865.2599999999998,swap,notBad
6538,15,1378.1599999999999,4,865.2599999999998,move,improve
6539,15,1378.1599999999999,4,865.2599999999998,swap,notBad
6540,15,1378.1599999999999,4,865.2599999999998,swap,notBad
6541,15,1378.1599999999999,4,865.2599999999998,move,improve
6542,15,1377.2399999999998,4,865.2599999999998,move,improve
6543,15,1377.2399999999998,4,865.2599999999998,move,improve
6544,15,1377.2399999999998,4,865.2599999999998,swap,notBad
6545,15,1377.2399999999998,4,865.2599999999998,2opt,notBad
6546,15,1377.2399999999998,4,865.2599999999998,move,improve
6547,15,1377.2399999999998,4,865.2599999999998,2opt,notBad
6548,15,1377.2399999999998,4,865.2599999999998,swap,notBad
6549,15,1377.2399999999998,4,865.2599999999998,2opt,notBad
6550,15,1377.2399999999998,4,865.2599999999998,move,improve
6551,15,1377.2399999999998,4,865.2599999999998,move,improve
6552,15,1377.2399999999998,4,865.2599999999998,2opt,notBad
6553,15,1377.2399999999998,4,865.2599999999998,swap,notBad
6554,15,1377.2399999999998,4,865.2599999999998,2opt,notBad
6555,15,1377.2399999999998,4,865.2599999999998,swap,notBad
6556,15,1377.2399999999998,4,865.2599999999998,2opt,notBad
6557,15,1377.2399999999998,4,865.2599999999998,swap,notBad
6558,15,1377.2399999999998,4,865.2599999999998,2opt,notBad
6559,15,1377.2399999999998,4,865.2599999999998,move,improve
6560,15,1377.2399999999998,4,865.2599999999998,move,improve
6561,15,1377.2399999999998,4,865.2599999999998,move,improve
6562,15,1377.2399999999998,4,865.2599999999998,move,improve
6563,15,1377.2399999999998,4,865.2599999999998,swap,notBad
6564,15,1377.2399999999998,4,865.2599999999998,swap,notBad
6565,15,1377.2399999999998,4,865.2599999999998,move,improve
6566,15,1377.2399999999998,4,865.2599999999998,swap,notBad
6567,15,1377.2399999999998,4,865.2599999999998,move,improve
6568,15,1377.2399999999998,4,865.2599999999998,2opt,improve
6569,15,1377.2399999999998,4,865.2599999999998,move,improve
6570,15,1377.2399999999998,4,865.2599999999998,move,improve
6571,15,1377.2399999999998,4,865.2599999999998,swap,notBad
6572,15,1377.2399999999998,4,865.2599999999998,move,improve
6573,15,1377.2399999999998,4,865.2599999999998,swap,notBad
6574,15,1377.2399999999998,4,865.2599999999998,swap,notBad
6575,15,1377.2399999999998,4,865.2599999999998,move,improve
6576,15,1377.2399999999998,4,865.2599999999998,2opt,notBad
6577,15,1377.2399999999998,4,865.2599999999998,swap,notBad
6578,15,1377.2399999999998,4,865.2599999999998,2opt,notBad
6579,15,1377.2399999999998,4,865.2599999999998,2opt,notBad
6580,15,1377.2399999999998,4,865.2599999999998,swap,notBad
6581,15,1377.2399999999998,4,865.2599999999998,2opt,notBad
6582,15,1377.2399999999998,4,865.2599999999998,2opt,notBad
6583,15,1377.2399999999998,4,865.2599999999998,move,improve
6584,15,1377.2399999999998,4,865.2599999999998,2opt,notBad
6585,15,1377.2399999999998,4,865.2599999999998,move,improve
6586,15,1377.2399999999998,4,865.2599999999998,2opt,notBad
6587,15,1377.2399999999998,4,865.2599999999998,move,improve
6588,15,1377.2399999999998,4,865.2599999999998,swap,notBad
6589,15,1377.2399999999998,4,865.2599999999998,move,improve
6590,15,1377.2399999999998,4,865.2599999999998,2opt,notBad
6591,15,1377.2399999999998,4,865.2599999999998,2opt,notBad
6592,15,1377.2399999999998,4,865.2599999999998,swap,notBad
6593,15,1377.2399999999998,4,865.2599999999998,2opt,notBad
6594,15,1377.2399999999998,4,865.2599999999998,move,improve
6595,15,1377.2399999999998,4,865.2599999999998,swap,notBad
6596,15,1377.2399999999998,4,865.2599999999998,2opt,notBad
6597,15,1377.2399999999998,4,865.2599999999998,2opt,notBad
6598,15,1377.2399999999998,4,865.2599999999998,2opt,notBad
6599,15,1377.2399999999998,4,865.2599999999998,move,improve
6600,15,1377.2399999999998,4,865.2599999999998,swap,notBad
6601,15,1377.2399999999998,4,865.2599999999998,2opt,notBad
6602,15,1380.52,4,865.2599999999998,swap,acceptBad
6603,15,1380.52,4,865.2599999999998,move,improve
6604,15,1380.52,4,865.2599999999998,2opt,notBad
6605,15,1380.52,4,865.2599999999998,move,improve
6606,15,1380.52,4,865.2599999999998,swap,notBad
6607,15,1380.52,4,865.2599999999998,2opt,notBad
6608,15,1380.52,4,865.2599999999998,swap,notBad
6609,15,1380.52,4,865.2599999999998,swap,notBad
6610,15,1380.52,4,865.2599999999998,swap,notBad
6611,15,1380.52,4,865.2599999999998,swap,notBad
6612,15,1380.52,4,865.2599999999998,swap,notBad
6613,15,1380.52,4,865.2599999999998,2opt,notBad
6614,15,1380.52,4,865.2599999999998,swap,notBad
6615,15,1380.52,4,865.2599999999998,2opt,improve
6616,15,1380.52,4,865.2599999999998,swap,notBad
6617,15,1380.52,4,865.2599999999998,swap,notBad
6618,15,1380.52,4,865.2599999999998,swap,notBad
6619,15,1380.52,4,865.2599999999998,move,improve
6620,15,1380.52,4,865.2599999999998,swap,notBad
6621,15,1380.52,4,865.2599999999998,swap,notBad
6622,15,1380.52,4,865.2599999999998,move,improve
6623,15,1380.52,4,865.2599999999998,2opt,notBad
6624,15,1380.52,4,865.2599999999998,move,improve
6625,15,1380.52,4,865.2599999999998,swap,notBad
6626,15,1380.52,4,865.2599999999998,2opt,improve
6627,15,1380.52,4,865.2599999999998,2opt,notBad
6628,15,1380.52,4,865.2599999999998,2opt,notBad
6629,15,1380.52,4,865.2599999999998,swap,notBad
6630,15,1380.52,4,865.2599999999998,2opt,notBad
6631,15,1380.52,4,865.2599999999998,move,improve
6632,15,1380.52,4,865.2599999999998,move,improve
6633,15,1380.52,4,865.2599999999998,2opt,notBad
6634,15,1380.52,4,865.2599999999998,move,improve
6635,15,1380.52,4,865.2599999999998,2opt,notBad
6636,15,1380.52,4,865.2599999999998,move,improve
6637,15,1380.52,4,865.2599999999998,swap,notBad
6638,15,1380.52,4,865.2599999999998,move,improve
6639,15,1380.52,4,865.2599999999998,swap,notBad
6640,15,1380.52,4,865.2599999999998,swap,notBad
6641,15,1380.52,4,865.2599999999998,move,improve
6642,15,1380.52,4,865.2599999999998,swap,notBad
6643,15,1380.52,4,865.2599999999998,2opt,notBad
6644,15,1380.52,4,865.2599999999998,swap,notBad
6645,15,1380.52,4,865.2599999999998,move,improve
6646,15,1380.52,4,865.2599999999998,swap,notBad
6647,15,1380.52,4,865.2599999999998,move,improve
6648,15,1380.52,4,865.2599999999998,swap,notBad
6649,15,1380.52,4,865.2599999999998,move,improve
6650,15,1380.52,4,865.2599999999998,move,improve
6651,15,1380.52,4,865.2599999999998,move,improve
6652,15,1380.52,4,865.2599999999998,2opt,notBad
6653,15,1380.52,4,865.2599999999998,move,improve
6654,15,1380.52,4,865.2599999999998,2opt,notBad
6655,15,1380.52,4,865.2599999999998,move,improve
6656,15,1380.52,4,865.2599999999998,swap,notBad
6657,15,1380.52,4,865.2599999999998,2opt,notBad
6658,15,1380.52,4,865.2599999999998,swap,notBad
6659,15,1380.52,4,865.2599999999998,swap,notBad
6660,15,1380.52,4,865.2599999999998,swap,notBad
6661,15,1388.1199999999997,4,865.2599999999998,swap,acceptBad
6662,15,1388.1199999999997,4,865.2599999999998,2opt,notBad
6663,15,1388.1199999999997,4,865.2599999999998,swap,notBad
6664,15,1388.1199999999997,4,865.2599999999998,swap,notBad
6665,15,1388.1199999999997,4,865.2599999999998,move,improve
6666,15,1388.1199999999997,4,865.2599999999998,move,improve
6667,15,1388.1199999999997,4,865.2599999999998,2opt,notBad
6668,15,1388.1199999999997,4,865.2599999999998,swap,notBad
6669,15,1388.1199999999997,4,865.2599999999998,swap,notBad
6670,15,1388.1199999999997,4,865.2599999999998,move,improve
6671,15,1388.1199999999997,4,865.2599999999998,move,improve
6672,15,1388.1199999999997,4,865.2599999999998,swap,notBad
6673,15,1388.1199999999997,4,865.2599999999998,2opt,notBad
6674,15,1388.1199999999997,4,865.2599999999998,move,improve
6675,15,1388.1199999999997,4,865.2599999999998,swap,notBad
6676,15,1388.1199999999997,4,865.2599999999998,2opt,notBad
6677,15,1388.1199999999997,4,865.2599999999998,move,improve
6678,15,1388.1199999999997,4,865.2599999999998,move,improve
6679,15,1388.1199999999997,4,865.2599999999998,2opt,notBad
6680,15,1388.1199999999997,4,865.2599999999998,move,improve
6681,15,1388.1199999999997,4,865.2599999999998,move,improve
6682,15,1388.1199999999997,4,865.2599999999998,move,improve
6683,15,1388.1199999999997,4,865.2599999999998,swap,notBad
6684,15,1388.1199999999997,4,865.2599999999998,move,improve
6685,15,1388.1199999999997,4,865.2599999999998,2opt,improve
6686,15,1388.1199999999997,4,865.2599999999998,move,improve
6687,15,1388.1199999999997,4,865.2599999999998,2opt,notBad
6688,15,1388.1199999999997,4,865.2599999999998,swap,notBad
6689,15,1388.1199999999997,4,865.2599999999998,move,improve
6690,15,1394.4799999999998,4,865.2599999999998,swap,acceptBad
6691,15,1394.4799999999998,4,865.2599999999998,2opt,notBad
6692,15,1394.4799999999998,4,865.2599999999998,move,improve
6693,15,1394.4799999999998,4,865.2599999999998,move,improve
6694,15,1394.4799999999998,4,865.2599999999998,swap,notBad
6695,15,1394.4799999999998,4,865.2599999999998,2opt,notBad
6696,15,1394.4799999999998,4,865.2599999999998,move,improve
6697,15,1394.4799999999998,4,865.2599999999998,move,improve
6698,15,1394.4799999999998,4,865.2599999999998,move,improve
6699,15,1394.4799999999998,4,865.2599999999998,2opt,notBad
6700,15,1394.4799999999998,4,865.2599999999998,swap,notBad
6701,15,1394.4799999999998,4,865.2599999999998,2opt,notBad
6702,15,1394.4799999999998,4,865.2599999999998,swap,notBad
6703,15,1394.4799999999998,4,865.2599999999998,move,improve
6704,15,1394.4799999999998,4,865.2599999999998,2opt,notBad
6705,15,1394.4799999999998,4,865.2599999999998,move,improve
6706,15,1394.4799999999998,4,865.2599999999998,move,improve
6707,15,1394.4799999999998,4,865.2599999999998,move,improve
6708,15,1394.4799999999998,4,865.2599999999998,move,improve
6709,15,1394.4799999999998,4,865.2599999999998,2opt,notBad
6710,15,1394.4799999999998,4,865.2599999999998,move,improve
6711,15,1394.4799999999998,4,865.2599999999998,move,improve
6712,15,1394.4799999999998,4,865.2599999999998,swap,notBad
6713,15,1394.4799999999998,4,865.2599999999998,2opt,notBad
6714,15,1394.4799999999998,4,865.2599999999998,move,improve
6715,15,1394.4799999999998,4,865.2599999999998,move,improve
6716,15,1394.4799999999998,4,865.2599999999998,move,improve
6717,15,1394.4799999999998,4,865.2599999999998,swap,notBad
6718,15,1394.4799999999998,4,865.2599999999998,2opt,notBad
6719,15,1394.4799999999998,4,865.2599999999998,swap,notBad
6720,15,1394.4799999999998,4,865.2599999999998,swap,notBad
6721,15,1394.4799999999998,4,865.2599999999998,move,improve
6722,15,1394.4799999999998,4,865.2599999999998,move,improve
6723,15,1394.4799999999998,4,865.2599999999998,move,improve
6724,15,1394.4799999999998,4,865.2599999999998,2opt,notBad
6725,15,1394.4799999999998,4,865.2599999999998,2opt,notBad
6726,15,1394.4799999999998,4,865.2599999999998,swap,notBad
6727,15,1394.4799999999998,4,865.2599999999998,swap,notBad
6728,15,1394.4799999999998,4,865.2599999999998,swap,notBad
6729,15,1394.4799999999998,4,865.2599999999998,2opt,notBad
6730,15,1394.4799999999998,4,865.2599999999998,2opt,notBad
6731,15,1394.4799999999998,4,865.2599999999998,move,improve
6732,15,1394.4799999999998,4,865.2599999999998,swap,notBad
6733,15,1394.4799999999998,4,865.2599999999998,move,improve
6734,15,1394.4799999999998,4,865.2599999999998,swap,notBad
6735,15,1391.0,4,865.2599999999998,move,improve
6736,15,1391.0,4,865.2599999999998,swap,notBad
6737,15,1391.0,4,865.2599999999998,2opt,notBad
6738,15,1391.0,4,865.2599999999998,move,improve
6739,15,1391.0,4,865.2599999999998,2opt,notBad
6740,15,1391.0,4,865.2599999999998,2opt,notBad
6741,15,1391.0,4,865.2599999999998,move,improve
6742,15,1391.0,4,865.2599999999998,move,improve
6743,15,1391.0,4,865.2599999999998,2opt,notBad
6744,15,1391.0,4,865.2599999999998,2opt,notBad
6745,15,1390.04,4,865.2599999999998,move,improve
6746,15,1390.04,4,865.2599999999998,2opt,notBad
6747,15,1390.04,4,865.2599999999998,move,improve
6748,15,1390.04,4,865.2599999999998,move,improve
6749,15,1390.04,4,865.2599999999998,move,improve
6750,15,1390.04,4,865.2599999999998,2opt,notBad
6751,15,1390.04,4,865.2599999999998,swap,notBad
6752,15,1390.04,4,865.2599999999998,swap,notBad
6753,15,1390.04,4,865.2599999999998,2opt,notBad
6754,15,1390.04,4,865.2599999999998,swap,notBad
6755,15,1390.04,4,865.2599999999998,swap,notBad
6756,15,1390.04,4,865.2599999999998,move,improve
6757,15,1390.04,4,865.2599999999998,move,improve
6758,15,1390.04,4,865.2599999999998,move,improve
6759,15,1390.04,4,865.2599999999998,2opt,notBad
6760,15,1390.04,4,865.2599999999998,2opt,notBad
6761,15,1390.04,4,865.2599999999998,move,improve
6762,15,1390.04,4,865.2599999999998,swap,notBad
6763,15,1390.04,4,865.2599999999998,swap,notBad
6764,15,1390.04,4,865.2599999999998,move,improve
6765,15,1390.04,4,865.2599999999998,swap,notBad
6766,15,1390.04,4,865.2599999999998,swap,notBad
6767,15,1390.04,4,865.2599999999998,2opt,notBad
6768,15,1390.04,4,865.2599999999998,move,improve
6769,15,1390.04,4,865.2599999999998,swap,notBad
6770,15,1390.04,4,865.2599999999998,swap,notBad
6771,15,1390.04,4,865.2599999999998,move,improve
6772,15,1390.04,4,865.2599999999998,swap,notBad
6773,15,1390.04,4,865.2599999999998,move,improve
6774,15,1390.04,4,865.2599999999998,move,improve
6775,15,1390.04,4,865.2599999999998,swap,notBad
6776,15,1390.04,4,865.2599999999998,2opt,notBad
6777,15,1390.04,4,865.2599999999998,move,improve
6778,15,1390.04,4,865.2599999999998,swap,notBad
6779,15,1390.04,4,865.2599999999998,2opt,notBad
6780,15,1390.04,4,865.2599999999998,swap,notBad
6781,15,1390.04,4,865.2599999999998,2opt,notBad
6782,15,1390.04,4,865.2599999999998,move,improve
6783,15,1390.04,4,865.2599999999998,2opt,notBad
6784,15,1390.04,4,865.2599999999998,move,improve
6785,15,1390.04,4,865.2599999999998,swap,notBad
6786,15,1390.04,4,865.2599999999998,swap,notBad
6787,15,1390.04,4,865.2599999999998,swap,notBad
6788,15,1390.04,4,865.2599999999998,2opt,notBad
6789,15,1390.04,4,865.2599999999998,swap,notBad
6790,15,1390.04,4,865.2599999999998,2opt,notBad
6791,15,1390.04,4,865.2599999999998,swap,notBad
6792,15,1390.04,4,865.2599999999998,2opt,notBad
6793,15,1390.04,4,865.2599999999998,move,improve
6794,15,1390.04,4,865.2599999999998,move,improve
6795,15,1390.04,4,865.2599999999998,swap,notBad
6796,15,1390.04,4,865.2599999999998,swap,notBad
6797,15,1390.04,4,865.2599999999998,move,improve
6798,15,1390.04,4,865.2599999999998,swap,notBad
6799,15,1390.04,4,865.2599999999998,move,improve
6800,15,1390.04,4,865.2599999999998,2opt,notBad
6801,15,1390.04,4,865.2599999999998,swap,notBad
6802,15,1390.04,4,865.2599999999998,move,improve
6803,15,1390.04,4,865.2599999999998,swap,notBad
6804,15,1390.04,4,865.2599999999998,move,improve
6805,15,1390.04,4,865.2599999999998,move,improve
6806,15,1390.04,4,865.2599999999998,swap,notBad
6807,15,1390.04,4,865.2599999999998,move,improve
6808,15,1390.04,4,865.2599999999998,2opt,notBad
6809,15,1390.04,4,865.2599999999998,swap,notBad
6810,15,1390.04,4,865.2599999999998,swap,notBad
6811,15,1390.04,4,865.2599999999998,move,improve
6812,15,1390.04,4,865.2599999999998,2opt,notBad
6813,15,1390.04,4,865.2599999999998,swap,notBad
6814,15,1390.04,4,865.2599999999998,swap,notBad
6815,15,1384.64,4,865.2599999999998,move,improve
6816,15,1384.64,4,865.2599999999998,swap,notBad
6817,15,1384.64,4,865.2599999999998,swap,notBad
6818,15,1384.64,4,865.2599999999998,move,improve
6819,15,1384.64,4,865.2599999999998,swap,notBad
6820,15,1384.64,4,865.2599999999998,swap,notBad
6821,15,1384.64,4,865.2599999999998,2opt,notBad
6822,15,1384.64,4,865.2599999999998,swap,notBad
6823,15,1384.64,4,865.2599999999998,2opt,notBad
6824,15,1384.64,4,865.2599999999998,2opt,notBad
6825,15,1384.64,4,865.2599999999998,2opt,notBad
6826,15,1384.64,4,865.2599999999998,2opt,notBad
6827,15,1384.64,4,865.2599999999998,move,improve
6828,15,1384.64,4,865.2599999999998,swap,notBad
6829,15,1384.64,4,865.2599999999998,move,improve
6830,15,1384.64,4,865.2599999999998,move,improve
6831,15,1384.64,4,865.2599999999998,move,improve
6832,15,1384.64,4,865.2599999999998,swap,notBad
6833,15,1384.64,4,865.2599999999998,2opt,improve
6834,15,1384.64,4,865.2599999999998,2opt,notBad
6835,15,1384.64,4,865.2599999999998,move,improve
6836,15,1384.64,4,865.2599999999998,swap,notBad
6837,15,1384.64,4,865.2599999999998,swap,notBad
6838,15,1384.64,4,865.2599999999998,swap,notBad
6839,15,1384.64,4,865.2599999999998,swap,notBad
6840,15,1384.64,4,865.2599999999998,2opt,notBad
6841,15,1384.64,4,865.2599999999998,2opt,notBad
6842,15,1384.64,4,865.2599999999998,move,improve
6843,15,1384.64,4,865.2599999999998,move,improve
6844,15,1384.64,4,865.2599999999998,move,improve
6845,15,1384.64,4,865.2599999999998,swap,notBad
6846,15,1384.64,4,865.2599999999998,2opt,notBad
6847,15,1384.64,4,865.2599999999998,swap,notBad
6848,15,1384.64,4,865.2599999999998,swap,notBad
6849,15,1384.64,4,865.2599999999998,swap,notBad
6850,15,1384.64,4,865.2599999999998,move,improve
6851,15,1384.64,4,865.2599999999998,2opt,notBad
6852,15,1384.64,4,865.2599999999998,swap,notBad
6853,15,1384.64,4,865.2599999999998,move,improve
6854,15,1384.64,4,865.2599999999998,move,improve
6855,15,1384.64,4,865.2599999999998,2opt,notBad
6856,15,1384.64,4,865.2599999999998,swap,notBad
6857,15,1384.64,4,865.2599999999998,swap,notBad
6858,15,1384.64,4,865.2599999999998,move,improve
6859,15,1384.64,4,865.2599999999998,2opt,notBad
6860,15,1384.64,4,865.2599999999998,swap,notBad
6861,15,1384.64,4,865.2599999999998,swap,notBad
6862,15,1384.64,4,865.2599999999998,swap,notBad
6863,15,1384.64,4,865.2599999999998,move,improve
6864,15,1384.64,4,865.2599999999998,2opt,notBad
6865,15,1381.08,4,865.2599999999998,move,improve
6866,15,1381.08,4,865.2599999999998,swap,notBad
6867,15,1381.08,4,865.2599999999998,move,improve
6868,15,1381.08,4,865.2599999999998,2opt,notBad
6869,15,1381.08,4,865.2599999999998,2opt,notBad
6870,15,1381.08,4,865.2599999999998,swap,notBad
6871,15,1381.08,4,865.2599999999998,swap,notBad
6872,15,1381.08,4,865.2599999999998,2opt,notBad
6873,15,1381.08,4,865.2599999999998,swap,notBad
6874,15,1381.08,4,865.2599999999998,2opt,notBad
6875,15,1381.08,4,865.2599999999998,2opt,notBad
6876,15,1381.08,4,865.2599999999998,swap,notBad
6877,15,1381.08,4,865.2599999999998,swap,notBad
6878,15,1381.08,4,865.2599999999998,move,improve
6879,15,1381.08,4,865.2599999999998,swap,notBad
6880,15,1381.08,4,865.2599999999998,swap,notBad
6881,15,1381.08,4,865.2599999999998,2opt,notBad
6882,15,1381.08,4,865.2599999999998,move,improve
6883,15,1381.08,4,865.2599999999998,swap,notBad
6884,15,1381.08,4,865.2599999999998,swap,notBad
6885,15,1381.08,4,865.2599999999998,swap,notBad
6886,15,1381.08,4,865.2599999999998,swap,notBad
6887,15,1381.08,4,865.2599999999998,swap,notBad
6888,15,1381.08,4,865.2599999999998,move,improve
6889,15,1381.08,4,865.2599999999998,swap,notBad
6890,15,1381.08,4,865.2599999999998,swap,notBad
6891,15,1381.08,4,865.2599999999998,move,improve
6892,15,1381.08,4,865.2599999999998,move,improve
6893,15,1381.08,4,865.2599999999998,2opt,notBad
6894,15,1379.6000000000001,4,865.2599999999998,move,improve
6895,15,1379.6000000000001,4,865.2599999999998,2opt,notBad
6896,15,1379.6000000000001,4,865.2599999999998,move,improve
6897,15,1375.72,4,865.2599999999998,move,improve
6898,15,1375.72,4,865.2599999999998,move,improve
6899,15,1375.72,4,865.2599999999998,swap,notBad
6900,15,1375.72,4,865.2599999999998,2opt,improve
6901,15,1375.72,4,865.2599999999998,swap,notBad
6902,15,1375.72,4,865.2599999999998,move,improve
6903,15,1375.72,4,865.2599999999998,move,improve
6904,15,1375.72,4,865.2599999999998,move,improve
6905,15,1375.72,4,865.2599999999998,swap,notBad
6906,15,1375.72,4,865.2599999999998,2opt,notBad
6907,15,1375.72,4,865.2599999999998,2opt,notBad
6908,15,1375.72,4,865.2599999999998,swap,notBad
6909,15,1375.72,4,865.2599999999998,move,improve
6910,15,1375.72,4,865.2599999999998,swap,notBad
6911,15,1375.72,4,865.2599999999998,move,improve
6912,15,1375.72,4,865.2599999999998,move,improve
6913,15,1375.72,4,865.2599999999998,2opt,notBad
6914,15,1375.72,4,865.2599999999998,swap,notBad
6915,15,1375.72,4,865.2599999999998,move,improve
6916,15,1375.72,4,865.2599999999998,2opt,notBad
6917,15,1375.72,4,865.2599999999998,2opt,notBad
6918,15,1375.72,4,865.2599999999998,swap,notBad
6919,15,1375.72,4,865.2599999999998,swap,notBad
6920,15,1375.72,4,865.2599999999998,2opt,notBad
6921,15,1375.72,4,865.2599999999998,2opt,notBad
6922,15,1375.72,4,865.2599999999998,move,improve
6923,15,1375.72,4,865.2599999999998,move,improve
6924,15,1375.72,4,865.2599999999998,swap,notBad
6925,15,1375.72,4,865.2599999999998,2opt,notBad
6926,15,1375.72,4,865.2599999999998,move,improve
6927,15,1375.72,4,865.2599999999998,swap,notBad
6928,15,1375.72,4,865.2599999999998,2opt,notBad
6929,15,1375.72,4,865.2599999999998,2opt,notBad
6930,15,1375.72,4,865.2599999999998,2opt,notBad
6931,15,1375.72,4,865.2599999999998,move,improve
6932,15,1375.72,4,865.2599999999998,2opt,notBad
6933,15,1375.72,4,865.2599999999998,swap,notBad
6934,15,1375.72,4,865.2599999999998,move,improve
6935,15,1375.72,4,865.2599999999998,move,improve
6936,15,1375.72,4,865.2599999999998,2opt,notBad
6937,15,1375.72,4,865.2599999999998,move,improve
6938,15,1375.72,4,865.2599999999998,move,improve
6939,15,1375.72,4,865.2599999999998,2opt,notBad
6940,15,1375.72,4,865.2599999999998,swap,notBad
6941,15,1375.72,4,865.2599999999998,move,improve
6942,15,1375.72,4,865.2599999999998,swap,notBad
6943,15,1375.72,4,865.2599999999998,swap,notBad
6944,15,1375.72,4,865.2599999999998,2opt,notBad
6945,15,1375.72,4,865.2599999999998,swap,notBad
6946,15,1375.72,4,865.2599999999998,2opt,notBad
6947,15,1375.72,4,865.2599999999998,move,improve
6948,15,1375.72,4,865.2599999999998,move,improve
6949,15,1375.72,4,865.2599999999998,move,improve
6950,15,1375.72,4,865.2599999999998,swap,notBad
6951,15,1375.72,4,865.2599999999998,2opt,notBad
6952,15,1375.72,4,865.2599999999998,swap,notBad
6953,15,1375.72,4,865.2599999999998,2opt,notBad
6954,15,1375.72,4,865.2599999999998,move,improve
6955,15,1375.72,4,865.2599999999998,move,improve
6956,15,1375.72,4,865.2599999999998,2opt,notBad
6957,15,1375.72,4,865.2599999999998,move,improve
6958,15,1375.72,4,865.2599999999998,swap,notBad
6959,15,1375.72,4,865.2599999999998,swap,notBad
6960,15,1375.72,4,865.2599999999998,swap,notBad
6961,15,1375.72,4,865.2599999999998,move,improve
6962,15,1375.72,4,865.2599999999998,swap,notBad
6963,15,1375.72,4,865.2599999999998,move,improve
6964,15,1375.72,4,865.2599999999998,swap,notBad
6965,15,1375.72,4,865.2599999999998,2opt,notBad
6966,15,1375.72,4,865.2599999999998,swap,notBad
6967,15,1375.72,4,865.2599999999998,move,improve
6968,15,1375.72,4,865.2599999999998,2opt,notBad
6969,15,1375.72,4,865.2599999999998,2opt,notBad
6970,15,1375.72,4,865.2599999999998,2opt,notBad
6971,15,1375.72,4,865.2599999999998,move,improve
6972,15,1375.72,4,865.2599999999998,2opt,notBad
6973,15,1375.72,4,865.2599999999998,move,improve
6974,15,1375.72,4,865.2599999999998,move,improve
6975,15,1375.72,4,865.2599999999998,move,improve
6976,15,1375.72,4,865.2599999999998,2opt,notBad
6977,15,1380.6000000000001,4,865.2599999999998,swap,acceptBad
6978,15,1380.6000000000001,4,865.2599999999998,2opt,notBad
6979,15,1380.6000000000001,4,865.2599999999998,2opt,notBad
6980,15,1380.6000000000001,4,865.2599999999998,swap,notBad
6981,15,1380.6000000000001,4,865.2599999999998,2opt,notBad
6982,15,1380.6000000000001,4,865.2599999999998,swap,notBad
6983,15,1380.6000000000001,4,865.2599999999998,2opt,notBad
6984,15,1380.6000000000001,4,865.2599999999998,move,improve
6985,15,1380.6000000000001,4,865.2599999999998,swap,notBad
6986,15,1380.6000000000001,4,865.2599999999998,move,improve
6987,15,1382.08,4,865.2599999999998,swap,acceptBad
6988,15,1382.08,4,865.2599999999998,swap,notBad
6989,15,1382.08,4,865.2599999999998,2opt,improve
6990,15,1382.08,4,865.2599999999998,swap,notBad
6991,15,1378.5600000000002,4,865.2599999999998,move,improve
6992,15,1378.5600000000002,4,865.2599999999998,move,improve
6993,15,1378.5600000000002,4,865.2599999999998,move,improve
6994,15,1378.5600000000002,4,865.2599999999998,2opt,notBad
6995,15,1378.5600000000002,4,865.2599999999998,2opt,notBad
6996,15,1378.5600000000002,4,865.2599999999998,swap,notBad
6997,15,1378.5600000000002,4,865.2599999999998,2opt,notBad
6998,15,1378.5600000000002,4,865.2599999999998,move,improve
6999,15,1378.5600000000002,4,865.2599999999998,2opt,notBad
7000,15,1378.5600000000002,4,865.2599999999998,swap,notBad
7001,15,1378.5600000000002,4,865.2599999999998,move,improve
7002,15,1378.5600000000002,4,865.2599999999998,swap,notBad
7003,15,1378.5600000000002,4,865.2599999999998,swap,notBad
7004,15,1378.5600000000002,4,865.2599999999998,2opt,notBad
7005,15,1378.5600000000002,4,865.2599999999998,swap,notBad
7006,15,1378.5600000000002,4,865.2599999999998,2opt,notBad
7007,15,1377.0800000000002,4,865.2599999999998,move,improve
7008,15,1377.0800000000002,4,865.2599999999998,2opt,notBad
7009,15,1377.0800000000002,4,865.2599999999998,swap,notBad
7010,15,1377.0800000000002,4,865.2599999999998,2opt,notBad
7011,15,1377.0800000000002,4,865.2599999999998,swap,notBad
7012,15,1377.0800000000002,4,865.2599999999998,move,improve
7013,15,1377.0800000000002,4,865.2599999999998,move,improve
7014,15,1377.0800000000002,4,865.2599999999998,move,improve
7015,15,1377.0800000000002,4,865.2599999999998,swap,notBad
7016,15,1377.0800000000002,4,865.2599999999998,move,improve
7017,15,1377.0800000000002,4,865.2599999999998,2opt,notBad
7018,15,1377.0800000000002,4,865.2599999999998,move,improve
7019,15,1377.0800000000002,4,865.2599999999998,move,improve
7020,15,1377.0800000000002,4,865.2599999999998,2opt,notBad
7021,15,1377.0800000000002,4,865.2599999999998,move,improve
7022,15,1377.0800000000002,4,865.2599999999998,2opt,notBad
7023,15,1377.0800000000002,4,865.2599999999998,2opt,notBad
7024,15,1377.0800000000002,4,865.2599999999998,move,improve
7025,15,1377.0800000000002,4,865.2599999999998,swap,notBad
7026,15,1377.0800000000002,4,865.2599999999998,2opt,notBad
7027,15,1377.0800000000002,4,865.2599999999998,swap,notBad
7028,15,1377.0800000000002,4,865.2599999999998,2opt,notBad
7029,15,1377.0800000000002,4,865.2599999999998,move,improve
7030,15,1377.0800000000002,4,865.2599999999998,swap,notBad
7031,15,1377.0800000000002,4,865.2599999999998,2opt,notBad
7032,15,1377.0800000000002,4,865.2599999999998,2opt,notBad
7033,15,1377.0800000000002,4,865.2599999999998,move,improve
7034,15,1377.0800000000002,4,865.2599999999998,swap,notBad
7035,15,1377.0800000000002,4,865.2599999999998,move,improve
7036,15,1377.0800000000002,4,865.2599999999998,move,improve
7037,15,1377.0800000000002,4,865.2599999999998,swap,notBad
7038,15,1377.0800000000002,4,865.2599999999998,2opt,notBad
7039,15,1377.0800000000002,4,865.2599999999998,swap,notBad
7040,15,1377.0800000000002,4,865.2599999999998,2opt,notBad
7041,15,1377.0800000000002,4,865.2599999999998,swap,notBad
7042,15,1377.0800000000002,4,865.2599999999998,move,improve
7043,15,1377.0800000000002,4,865.2599999999998,2opt,improve
7044,15,1377.0800000000002,4,865.2599999999998,move,improve
7045,15,1377.0800000000002,4,865.2599999999998,swap,notBad
7046,15,1377.0800000000002,4,865.2599999999998,2opt,notBad
7047,15,1377.0800000000002,4,865.2599999999998,2opt,improve
7048,15,1377.0800000000002,4,865.2599999999998,swap,notBad
7049,15,1377.0800000000002,4,865.2599999999998,move,improve
7050,15,1377.0800000000002,4,865.2599999999998,move,improve
7051,15,1377.0800000000002,4,865.2599999999998,2opt,notBad
7052,15,1377.0800000000002,4,865.2599999999998,move,improve
7053,15,1377.0800000000002,4,865.2599999999998,move,improve
7054,15,1377.0800000000002,4,865.2599999999998,swap,notBad
7055,15,1377.0800000000002,4,865.2599999999998,2opt,notBad
7056,15,1377.0800000000002,4,865.2599999999998,2opt,notBad
7057,15,1377.0800000000002,4,865.2599999999998,2opt,notBad
7058,15,1377.0800000000002,4,865.2599999999998,2opt,notBad
7059,15,1377.0800000000002,4,865.2599999999998,swap,notBad
7060,15,1377.0800000000002,4,865.2599999999998,move,improve
7061,15,1377.0800000000002,4,865.2599999999998,swap,notBad
7062,15,1377.0800000000002,4,865.2599999999998,2opt,notBad
7063,15,1377.0800000000002,4,865.2599999999998,swap,notBad
7064,15,1377.0800000000002,4,865.2599999999998,swap,notBad
7065,15,1377.0800000000002,4,865.2599999999998,move,improve
7066,15,1377.0800000000002,4,865.2599999999998,2opt,notBad
7067,15,1377.0800000000002,4,865.2599999999998,2opt,notBad
7068,15,1377.0800000000002,4,865.2599999999998,2opt,notBad
7069,15,1377.0800000000002,4,865.2599999999998,swap,notBad
7070,15,1377.0800000000002,4,865.2599999999998,move,improve
7071,15,1377.0800000000002,4,865.2599999999998,move,notBad
7072,15,1377.0800000000002,4,865.2599999999998,swap,notBad
7073,15,1377.0800000000002,4,865.2599999999998,2opt,notBad
7074,15,1377.0800000000002,4,865.2599999999998,move,improve
7075,15,1377.0800000000002,4,865.2599999999998,move,improve
7076,15,1377.0800000000002,4,865.2599999999998,swap,notBad
7077,15,1377.0800000000002,4,865.2599999999998,2opt,notBad
7078,15,1377.0800000000002,4,865.2599999999998,2opt,notBad
7079,15,1377.0800000000002,4,865.2599999999998,2opt,notBad
7080,15,1377.0800000000002,4,865.2599999999998,2opt,notBad
7081,15,1377.0800000000002,4,865.2599999999998,move,improve
7082,15,1377.0800000000002,4,865.2599999999998,2opt,notBad
7083,15,1377.0800000000002,4,865.2599999999998,move,improve
7084,15,1377.0800000000002,4,865.2599999999998,2opt,notBad
7085,15,1377.0800000000002,4,865.2599999999998,move,improve
7086,15,1377.0800000000002,4,865.2599999999998,swap,notBad
7087,15,1377.0800000000002,4,865.2599999999998,swap,notBad
7088,15,1377.0800000000002,4,865.2599999999998,move,improve
7089,15,1377.0800000000002,4,865.2599999999998,move,improve
7090,15,1377.0800000000002,4,865.2599999999998,swap,notBad
7091,15,1377.0800000000002,4,865.2599999999998,move,improve
7092,15,1377.0800000000002,4,865.2599999999998,move,improve
7093,15,1377.0800000000002,4,865.2599999999998,move,improve
7094,15,1377.0800000000002,4,865.2599999999998,move,improve
7095,15,1377.0800000000002,4,865.2599999999998,2opt,notBad
7096,15,1377.0800000000002,4,865.2599999999998,swap,notBad
7097,15,1377.0800000000002,4,865.2599999999998,2opt,notBad
7098,15,1377.0800000000002,4,865.2599999999998,2opt,notBad
7099,15,1377.0800000000002,4,865.2599999999998,2opt,notBad
7100,15,1377.0800000000002,4,865.2599999999998,move,improve
7101,15,1377.0800000000002,4,865.2599999999998,swap,notBad
7102,15,1377.0800000000002,4,865.2599999999998,swap,notBad
7103,15,1377.0800000000002,4,865.2599999999998,move,improve
7104,15,1377.0800000000002,4,865.2599999999998,move,improve
7105,15,1377.0800000000002,4,865.2599999999998,swap,notBad
7106,15,1377.0800000000002,4,865.2599999999998,move,improve
7107,15,1377.0800000000002,4,865.2599999999998,2opt,improve
7108,15,1377.0800000000002,4,865.2599999999998,2opt,notBad
7109,15,1377.0800000000002,4,865.2599999999998,swap,notBad
7110,15,1377.0800000000002,4,865.2599999999998,move,improve
7111,15,1377.0800000000002,4,865.2599999999998,swap,notBad
7112,15,1377.0800000000002,4,865.2599999999998,swap,notBad
7113,15,1377.0800000000002,4,865.2599999999998,swap,notBad
7114,15,1377.0800000000002,4,865.2599999999998,swap,notBad
7115,15,1377.0800000000002,4,865.2599999999998,swap,notBad
7116,15,1377.0800000000002,4,865.2599999999998,swap,notBad
7117,15,1377.0800000000002,4,865.2599999999998,2opt,notBad
7118,15,1377.0800000000002,4,865.2599999999998,move,improve
7119,15,1377.0800000000002,4,865.2599999999998,move,improve
7120,15,1377.0800000000002,4,865.2599999999998,move,improve
7121,15,1377.0800000000002,4,865.2599999999998,2opt,notBad
7122,15,1377.0800000000002,4,865.2599999999998,move,improve
7123,15,1377.0800000000002,4,865.2599999999998,move,improve
7124,15,1377.0800000000002,4,865.2599999999998,swap,notBad
7125,15,1377.0800000000002,4,865.2599999999998,move,improve
7126,15,1377.0800000000002,4,865.2599999999998,swap,notBad
7127,15,1377.0800000000002,4,865.2599999999998,2opt,improve
7128,15,1377.0800000000002,4,865.2599999999998,move,improve
7129,15,1377.0800000000002,4,865.2599999999998,swap,notBad
7130,15,1377.0800000000002,4,865.2599999999998,2opt,notBad
7131,15,1377.0800000000002,4,865.2599999999998,swap,notBad
7132,15,1377.0800000000002,4,865.2599999999998,2opt,notBad
7133,15,1377.0800000000002,4,865.2599999999998,swap,notBad
7134,15,1377.0800000000002,4,865.2599999999998,2opt,notBad
7135,15,1377.0800000000002,4,865.2599999999998,2opt,notBad
7136,15,1377.0800000000002,4,865.2599999999998,move,improve
7137,15,1377.0800000000002,4,865.2599999999998,move,improve
7138,15,1377.0800000000002,4,865.2599999999998,2opt,notBad
7139,15,1377.0800000000002,4,865.2599999999998,move,improve
7140,15,1377.0800000000002,4,865.2599999999998,2opt,notBad
7141,15,1377.0800000000002,4,865.2599999999998,move,improve
7142,15,1377.0800000000002,4,865.2599999999998,move,improve
7143,15,1377.0800000000002,4,865.2599999999998,2opt,notBad
7144,15,1377.0800000000002,4,865.2599999999998,move,improve
7145,15,1375.6000000000001,4,865.2599999999998,move,improve
7146,15,1375.6000000000001,4,865.2599999999998,2opt,notBad
7147,15,1375.6000000000001,4,865.2599999999998,2opt,notBad
7148,15,1375.6000000000001,4,865.2599999999998,2opt,notBad
7149,15,1375.6000000000001,4,865.2599999999998,move,improve
7150,15,1375.6000000000001,4,865.2599999999998,move,improve
7151,15,1375.6000000000001,4,865.2599999999998,swap,notBad
7152,15,1375.6000000000001,4,865.2599999999998,move,improve
7153,15,1375.6000000000001,4,865.2599999999998,swap,notBad
7154,15,1375.6000000000001,4,865.2599999999998,swap,notBad
7155,15,1375.6000000000001,4,865.2599999999998,move,improve
7156,15,1375.6000000000001,4,865.2599999999998,move,improve
7157,15,1375.6000000000001,4,865.2599999999998,2opt,notBad
7158,15,1375.6000000000001,4,865.2599999999998,2opt,notBad
7159,15,1375.6000000000001,4,865.2599999999998,2opt,notBad
7160,15,1375.6000000000001,4,865.2599999999998,move,improve
7161,15,1375.6000000000001,4,865.2599999999998,swap,notBad
7162,15,1375.6000000000001,4,865.2599999999998,move,improve
7163,15,1375.6000000000001,4,865.2599999999998,swap,notBad
7164,15,1375.6000000000001,4,865.2599999999998,move,improve
7165,15,1375.6000000000001,4,865.2599999999998,2opt,notBad
7166,15,1375.3200000000002,4,865.2599999999998,move,improve
7167,15,1375.3200000000002,4,865.2599999999998,swap,notBad
7168,15,1375.3200000000002,4,865.2599999999998,move,improve
7169,15,1375.3200000000002,4,865.2599999999998,move,improve
7170,15,1375.3200000000002,4,865.2599999999998,swap,notBad
7171,15,1375.3200000000002,4,865.2599999999998,swap,notBad
7172,15,1375.3200000000002,4,865.2599999999998,2opt,notBad
7173,15,1375.3200000000002,4,865.2599999999998,swap,notBad
7174,15,1375.3200000000002,4,865.2599999999998,2opt,notBad
7175,15,1375.3200000000002,4,865.2599999999998,swap,notBad
7176,15,1375.3200000000002,4,865.2599999999998,2opt,notBad
7177,15,1375.3200000000002,4,865.2599999999998,swap,notBad
7178,15,1375.3200000000002,4,865.2599999999998,move,improve
7179,15,1375.3200000000002,4,865.2599999999998,move,improve
7180,15,1375.3200000000002,4,865.2599999999998,move,improve
7181,15,1375.3200000000002,4,865.2599999999998,move,improve
7182,15,1376.8,4,865.2599999999998,swap,acceptBad
7183,15,1376.8,4,865.2599999999998,swap,notBad
7184,15,1376.8,4,865.2599999999998,move,improve
7185,15,1376.8,4,865.2599999999998,2opt,notBad
7186,15,1376.8,4,865.2599999999998,swap,notBad
7187,15,1376.8,4,865.2599999999998,2opt,notBad
7188,15,1376.8,4,865.2599999999998,swap,notBad
7189,15,1376.8,4,865.2599999999998,swap,notBad
7190,15,1376.8,4,865.2599999999998,2opt,notBad
7191,15,1376.8,4,865.2599999999998,2opt,notBad
7192,15,1376.8,4,865.2599999999998,2opt,notBad
7193,15,1376.8,4,865.2599999999998,swap,notBad
7194,15,1376.8,4,865.2599999999998,move,improve
7195,15,1376.8,4,865.2599999999998,swap,notBad
7196,15,1376.8,4,865.2599999999998,move,improve
7197,15,1376.8,4,865.2599999999998,swap,notBad
7198,15,1376.8,4,865.2599999999998,move,improve
7199,15,1376.8,4,865.2599999999998,move,improve
7200,15,1376.8,4,865.2599999999998,move,improve
7201,15,1376.8,4,865.2599999999998,2opt,notBad
7202,15,1376.8,4,865.2599999999998,move,improve
7203,15,1376.8,4,865.2599999999998,swap,notBad
7204,15,1376.8,4,865.2599999999998,2opt,improve
7205,15,1376.8,4,865.2599999999998,move,improve
7206,15,1376.8,4,865.2599999999998,move,improve
7207,15,1376.8,4,865.2599999999998,move,notBad
7208,15,1376.8,4,865.2599999999998,swap,notBad
7209,15,1376.8,4,865.2599999999998,swap,notBad
7210,15,1376.8,4,865.2599999999998,2opt,notBad
7211,15,1376.8,4,865.2599999999998,move,improve
7212,15,1376.8,4,865.2599999999998,swap,notBad
7213,15,1376.8,4,865.2599999999998,swap,notBad
7214,15,1376.8,4,865.2599999999998,move,improve
7215,15,1376.8,4,865.2599999999998,move,improve
7216,15,1376.8,4,865.2599999999998,move,improve
7217,15,1376.8,4,865.2599999999998,swap,notBad
7218,15,1376.8,4,865.2599999999998,swap,notBad
7219,15,1376.8,4,865.2599999999998,swap,notBad
7220,15,1376.8,4,865.2599999999998,2opt,notBad
7221,15,1376.8,4,865.2599999999998,swap,notBad
7222,15,1376.8,4,865.2599999999998,swap,notBad
7223,15,1376.8,4,865.2599999999998,2opt,notBad
7224,15,1376.8,4,865.2599999999998,2opt,notBad
7225,15,1376.8,4,865.2599999999998,2opt,notBad
7226,15,1376.8,4,865.2599999999998,2opt,notBad
7227,15,1376.8,4,865.2599999999998,2opt,notBad
7228,15,1376.8,4,865.2599999999998,2opt,notBad
7229,15,1376.8,4,865.2599999999998,move,improve
7230,15,1376.8,4,865.2599999999998,2opt,notBad
7231,15,1376.8,4,865.2599999999998,2opt,notBad
7232,15,1376.8,4,865.2599999999998,move,improve
7233,15,1376.8,4,865.2599999999998,2opt,notBad
7234,15,1376.8,4,865.2599999999998,move,improve
7235,15,1376.8,4,865.2599999999998,2opt,notBad
7236,15,1376.8,4,865.2599999999998,swap,notBad
7237,15,1376.8,4,865.2599999999998,2opt,notBad
7238,15,1376.8,4,865.2599999999998,2opt,notBad
7239,15,1376.8,4,865.2599999999998,2opt,notBad
7240,15,1376.8,4,865.2599999999998,2opt,notBad
7241,15,1376.8,4,865.2599999999998,move,improve
7242,15,1376.8,4,865.2599999999998,swap,notBad
7243,15,1376.8,4,865.2599999999998,2opt,notBad
7244,15,1376.8,4,865.2599999999998,swap,notBad
7245,15,1376.8,4,865.2599999999998,swap,notBad
7246,15,1376.8,4,865.2599999999998,2opt,notBad
7247,15,1375.3200000000002,4,865.2599999999998,swap,improve
7248,15,1375.3200000000002,4,865.2599999999998,move,improve
7249,15,1375.3200000000002,4,865.2599999999998,2opt,notBad
7250,15,1375.3200000000002,4,865.2599999999998,2opt,notBad
7251,15,1375.3200000000002,4,865.2599999999998,2opt,notBad
7252,15,1375.3200000000002,4,865.2599999999998,swap,notBad
7253,15,1375.3200000000002,4,865.2599999999998,move,improve
7254,15,1375.3200000000002,4,865.2599999999998,swap,notBad
7255,15,1375.3200000000002,4,865.2599999999998,2opt,notBad
7256,15,1375.3200000000002,4,865.2599999999998,2opt,notBad
7257,15,1375.3200000000002,4,865.2599999999998,2opt,notBad
7258,15,1375.3200000000002,4,865.2599999999998,swap,notBad
7259,15,1375.3200000000002,4,865.2599999999998,2opt,notBad
7260,15,1375.3200000000002,4,865.2599999999998,swap,notBad
7261,15,1375.3200000000002,4,865.2599999999998,move,improve
7262,15,1375.3200000000002,4,865.2599999999998,move,improve
7263,15,1375.3200000000002,4,865.2599999999998,2opt,notBad
7264,15,1375.3200000000002,4,865.2599999999998,2opt,notBad
7265,15,1375.3200000000002,4,865.2599999999998,2opt,notBad
7266,15,1375.3200000000002,4,865.2599999999998,2opt,notBad
7267,15,1375.3200000000002,4,865.2599999999998,2opt,notBad
7268,15,1375.3200000000002,4,865.2599999999998,2opt,notBad
7269,15,1375.3200000000002,4,865.2599999999998,swap,notBad
7270,15,1375.3200000000002,4,865.2599999999998,move,improve
7271,15,1375.3200000000002,4,865.2599999999998,2opt,notBad
7272,15,1375.3200000000002,4,865.2599999999998,move,improve
7273,15,1375.3200000000002,4,865.2599999999998,2opt,notBad
7274,15,1371.92,4,865.2599999999998,move,improve
7275,15,1371.92,4,865.2599999999998,move,improve
7276,15,1371.92,4,865.2599999999998,move,improve
7277,15,1371.92,4,865.2599999999998,swap,notBad
7278,15,1371.92,4,865.2599999999998,2opt,notBad
7279,15,1371.92,4,865.2599999999998,move,improve
7280,15,1371.92,4,865.2599999999998,2opt,notBad
7281,15,1371.92,4,865.2599999999998,move,improve
7282,15,1371.92,4,865.2599999999998,2opt,notBad
7283,15,1371.92,4,865.2599999999998,move,improve
7284,15,1371.92,4,865.2599999999998,move,improve
7285,15,1371.92,4,865.2599999999998,2opt,notBad
7286,15,1371.92,4,865.2599999999998,move,improve
7287,15,1371.92,4,865.2599999999998,move,improve
7288,15,1371.92,4,865.2599999999998,2opt,notBad
7289,15,1371.92,4,865.2599999999998,move,improve
7290,15,1371.92,4,865.2599999999998,2opt,notBad
7291,15,1371.92,4,865.2599999999998,swap,notBad
7292,15,1371.92,4,865.2599999999998,swap,notBad
7293,15,1371.92,4,865.2599999999998,move,improve
7294,15,1371.92,4,865.2599999999998,move,improve
7295,15,1371.92,4,865.2599999999998,move,improve
7296,15,1371.92,4,865.2599999999998,2opt,notBad
7297,15,1371.92,4,865.2599999999998,swap,notBad
7298,15,1371.92,4,865.2599999999998,2opt,notBad
7299,15,1371.92,4,865.2599999999998,move,improve
7300,15,1371.92,4,865.2599999999998,2opt,notBad
7301,15,1371.92,4,865.2599999999998,move,improve
7302,15,1371.92,4,865.2599999999998,swap,notBad
7303,15,1371.92,4,865.2599999999998,swap,notBad
7304,15,1371.92,4,865.2599999999998,2opt,notBad
7305,15,1371.92,4,865.2599999999998,move,improve
7306,15,1371.92,4,865.2599999999998,swap,notBad
7307,15,1371.92,4,865.2599999999998,2opt,notBad
7308,15,1371.92,4,865.2599999999998,swap,notBad
7309,15,1371.92,4,865.2599999999998,2opt,notBad
7310,15,1371.92,4,865.2599999999998,swap,notBad
7311,15,1371.92,4,865.2599999999998,move,improve
7312,15,1371.92,4,865.2599999999998,2opt,notBad
7313,15,1371.92,4,865.2599999999998,2opt,notBad
7314,15,1371.92,4,865.2599999999998,move,improve
7315,15,1371.92,4,865.2599999999998,2opt,notBad
7316,15,1371.92,4,865.2599999999998,move,improve
7317,15,1371.92,4,865.2599999999998,move,improve
7318,15,1371.92,4,865.2599999999998,swap,notBad
7319,15,1371.92,4,865.2599999999998,2opt,notBad
7320,15,1371.92,4,865.2599999999998,2opt,notBad
7321,15,1371.92,4,865.2599999999998,swap,notBad
7322,15,1371.92,4,865.2599999999998,move,improve
7323,15,1371.92,4,865.2599999999998,2opt,notBad
7324,15,1371.92,4,865.2599999999998,move,improve
7325,15,1371.92,4,865.2599999999998,move,improve
7326,15,1371.92,4,865.2599999999998,move,improve
7327,15,1371.92,4,865.2599999999998,swap,notBad
7328,15,1367.88,4,865.2599999999998,move,improve
7329,15,1367.88,4,865.2599999999998,move,improve
7330,15,1367.88,4,865.2599999999998,2opt,notBad
7331,15,1367.88,4,865.2599999999998,swap,notBad
7332,15,1367.88,4,865.2599999999998,swap,notBad
7333,15,1367.88,4,865.2599999999998,move,improve
7334,15,1367.88,4,865.2599999999998,swap,notBad
7335,15,1367.88,4,865.2599999999998,2opt,notBad
7336,15,1367.88,4,865.2599999999998,2opt,notBad
7337,15,1367.88,4,865.2599999999998,2opt,notBad
7338,15,1367.88,4,865.2599999999998,move,improve
7339,15,1367.88,4,865.2599999999998,swap,notBad
7340,15,1367.88,4,865.2599999999998,swap,notBad
7341,15,1367.88,4,865.2599999999998,move,improve
7342,15,1367.88,4,865.2599999999998,swap,notBad
7343,15,1367.88,4,865.2599999999998,2opt,notBad
7344,15,1367.88,4,865.2599999999998,swap,notBad
7345,15,1367.88,4,865.2599999999998,2opt,notBad
7346,15,1367.88,4,865.2599999999998,swap,notBad
7347,15,1367.88,4,865.2599999999998,2opt,notBad
7348,15,1367.88,4,865.2599999999998,swap,notBad
7349,15,1367.88,4,865.2599999999998,swap,notBad
7350,15,1367.88,4,865.2599999999998,swap,notBad
7351,15,1367.88,4,865.2599999999998,swap,notBad
7352,15,1367.88,4,865.2599999999998,move,improve
7353,15,1367.88,4,865.2599999999998,2opt,notBad
7354,15,1367.88,4,865.2599999999998,swap,notBad
7355,15,1367.88,4,865.2599999999998,2opt,notBad
7356,15,1367.88,4,865.2599999999998,swap,notBad
7357,15,1367.88,4,865.2599999999998,move,improve
7358,15,1367.88,4,865.2599999999998,swap,notBad
7359,15,1367.88,4,865.2599999999998,move,improve
7360,15,1367.88,4,865.2599999999998,move,improve
7361,15,1367.88,4,865.2599999999998,2opt,notBad
7362,15,1367.88,4,865.2599999999998,swap,notBad
7363,15,1367.88,4,865.2599999999998,swap,notBad
7364,15,1367.88,4,865.2599999999998,2opt,notBad
7365,15,1367.88,4,865.2599999999998,move,improve
7366,15,1367.88,4,865.2599999999998,swap,notBad
7367,15,1367.88,4,865.2599999999998,swap,notBad
7368,15,1367.88,4,865.2599999999998,swap,notBad
7369,15,1367.88,4,865.2599999999998,swap,notBad
7370,15,1367.88,4,865.2599999999998,2opt,notBad
7371,15,1367.88,4,865.2599999999998,move,improve
7372,15,1367.88,4,865.2599999999998,move,improve
7373,15,1367.88,4,865.2599999999998,move,improve
7374,15,1367.88,4,865.2599999999998,2opt,notBad
7375,15,1367.88,4,865.2599999999998,2opt,notBad
7376,15,1367.88,4,865.2599999999998,swap,notBad
7377,15,1367.88,4,865.2599999999998,2opt,notBad
7378,15,1367.88,4,865.2599999999998,move,improve
7379,15,1367.88,4,865.2599999999998,2opt,notBad
7380,15,1367.88,4,865.2599999999998,swap,notBad
7381,15,1367.88,4,865.2599999999998,swap,notBad
7382,15,1367.88,4,865.2599999999998,swap,notBad
7383,15,1367.88,4,865.2599999999998,move,improve
7384,15,1367.88,4,865.2599999999998,2opt,notBad
7385,15,1367.88,4,865.2599999999998,move,improve
7386,15,1367.88,4,865.2599999999998,swap,notBad
7387,15,1367.88,4,865.2599999999998,move,improve
7388,15,1367.88,4,865.2599999999998,move,improve
7389,15,1367.88,4,865.2599999999998,swap,notBad
7390,15,1367.88,4,865.2599999999998,move,improve
7391,15,1367.88,4,865.2599999999998,2opt,notBad
7392,15,1367.88,4,865.2599999999998,2opt,notBad
7393,15,1367.88,4,865.2599999999998,move,improve
7394,15,1367.88,4,865.2599999999998,2opt,notBad
7395,15,1367.88,4,865.2599999999998,2opt,notBad
7396,15,1367.88,4,865.2599999999998,2opt,notBad
7397,15,1367.88,4,865.2599999999998,move,improve
7398,15,1367.88,4,865.2599999999998,move,improve
7399,15,1367.88,4,865.2599999999998,move,improve
7400,15,1367.88,4,865.2599999999998,move,improve
7401,15,1367.88,4,865.2599999999998,2opt,notBad
7402,15,1367.88,4,865.2599999999998,swap,notBad
7403,15,1367.88,4,865.2599999999998,swap,notBad
7404,15,1367.88,4,865.2599999999998,swap,notBad
7405,15,1367.88,4,865.2599999999998,2opt,notBad
7406,15,1367.88,4,865.2599999999998,move,improve
7407,15,1367.88,4,865.2599999999998,2opt,notBad
7408,15,1368.24,4,865.2599999999998,swap,acceptBad
7409,15,1368.24,4,865.2599999999998,2opt,notBad
7410,15,1368.24,4,865.2599999999998,move,improve
7411,15,1368.24,4,865.2599999999998,move,improve
7412,15,1368.24,4,865.2599999999998,2opt,notBad
7413,15,1368.24,4,865.2599999999998,move,improve
7414,15,1368.24,4,865.2599999999998,move,improve
7415,15,1368.24,4,865.2599999999998,swap,notBad
7416,15,1368.24,4,865.2599999999998,move,improve
7417,15,1368.24,4,865.2599999999998,2opt,notBad
7418,15,1368.24,4,865.2599999999998,2opt,notBad
7419,15,1368.24,4,865.2599999999998,2opt,notBad
7420,15,1368.24,4,865.2599999999998,2opt,notBad
7421,15,1368.24,4,865.2599999999998,move,improve
7422,15,1368.24,4,865.2599999999998,swap,notBad
7423,15,1368.24,4,865.2599999999998,swap,notBad
7424,15,1368.24,4,865.2599999999998,2opt,notBad
7425,15,1368.24,4,865.2599999999998,2opt,notBad
7426,15,1368.24,4,865.2599999999998,move,improve
7427,15,1368.24,4,865.2599999999998,2opt,notBad
7428,15,1368.24,4,865.2599999999998,2opt,notBad
7429,15,1368.24,4,865.2599999999998,swap,notBad
7430,15,1368.24,4,865.2599999999998,swap,notBad
7431,15,1368.24,4,865.2599999999998,2opt,notBad
7432,15,1368.24,4,865.2599999999998,swap,notBad
7433,15,1368.24,4,865.2599999999998,move,improve
7434,15,1368.24,4,865.2599999999998,2opt,notBad
7435,15,1368.24,4,865.2599999999998,swap,notBad
7436,15,1368.24,4,865.2599999999998,move,improve
7437,15,1368.24,4,865.2599999999998,swap,notBad
7438,15,1368.4399999999998,4,865.2599999999998,2opt,acceptBad
7439,15,1368.4399999999998,4,865.2599999999998,swap,notBad
7440,15,1368.4399999999998,4,865.2599999999998,move,improve
7441,15,1368.4399999999998,4,865.2599999999998,move,improve
7442,15,1368.4399999999998,4,865.2599999999998,move,improve
7443,15,1368.4399999999998,4,865.2599999999998,2opt,notBad
7444,15,1368.4399999999998,4,865.2599999999998,move,improve
7445,15,1368.4399999999998,4,865.2599999999998,swap,notBad
7446,15,1368.4399999999998,4,865.2599999999998,2opt,notBad
7447,15,1368.4399999999998,4,865.2599999999998,2opt,notBad
7448,15,1368.4399999999998,4,865.2599999999998,swap,notBad
7449,15,1368.4399999999998,4,865.2599999999998,2opt,notBad
7450,15,1368.4399999999998,4,865.2599999999998,2opt,notBad
7451,15,1368.4399999999998,4,865.2599999999998,move,improve
7452,15,1368.4399999999998,4,865.2599999999998,2opt,notBad
7453,15,1368.4399999999998,4,865.2599999999998,2opt,notBad
7454,15,1368.4399999999998,4,865.2599999999998,2opt,notBad
7455,15,1368.4399999999998,4,865.2599999999998,2opt,notBad
7456,15,1368.4399999999998,4,865.2599999999998,move,improve
7457,15,1368.4399999999998,4,865.2599999999998,2opt,notBad
7458,15,1368.4399999999998,4,865.2599999999998,2opt,notBad
7459,15,1368.4399999999998,4,865.2599999999998,move,improve
7460,15,1368.4399999999998,4,865.2599999999998,move,improve
7461,15,1368.4399999999998,4,865.2599999999998,swap,notBad
7462,15,1368.4399999999998,4,865.2599999999998,move,improve
7463,15,1368.4399999999998,4,865.2599999999998,2opt,notBad
7464,15,1368.4399999999998,4,865.2599999999998,swap,notBad
7465,15,1368.4399999999998,4,865.2599999999998,swap,notBad
7466,15,1368.4399999999998,4,865.2599999999998,2opt,notBad
7467,15,1368.4399999999998,4,865.2599999999998,2opt,notBad
7468,15,1368.4399999999998,4,865.2599999999998,swap,notBad
7469,15,1368.4399999999998,4,865.2599999999998,2opt,notBad
7470,15,1368.4399999999998,4,865.2599999999998,swap,notBad
7471,15,1368.4399999999998,4,865.2599999999998,2opt,notBad
7472,15,1368.4399999999998,4,865.2599999999998,2opt,notBad
7473,15,1368.4399999999998,4,865.2599999999998,2opt,notBad
7474,15,1368.4399999999998,4,865.2599999999998,2opt,notBad
7475,15,1368.4399999999998,4,865.2599999999998,swap,notBad
7476,15,1368.4399999999998,4,865.2599999999998,move,improve
7477,15,1368.4399999999998,4,865.2599999999998,2opt,notBad
7478,15,1368.4399999999998,4,865.2599999999998,2opt,notBad
7479,15,1368.4399999999998,4,865.2599999999998,move,improve
7480,15,1368.4399999999998,4,865.2599999999998,2opt,notBad
7481,15,1368.4399999999998,4,865.2599999999998,move,improve
7482,15,1368.4399999999998,4,865.2599999999998,swap,notBad
7483,15,1368.4399999999998,4,865.2599999999998,2opt,notBad
7484,15,1368.4399999999998,4,865.2599999999998,move,improve
7485,15,1368.4399999999998,4,865.2599999999998,swap,notBad
7486,15,1368.4399999999998,4,865.2599999999998,swap,notBad
7487,15,1368.4399999999998,4,865.2599999999998,swap,notBad
7488,15,1368.4399999999998,4,865.2599999999998,2opt,notBad
7489,15,1368.4399999999998,4,865.2599999999998,move,improve
7490,15,1368.4399999999998,4,865.2599999999998,swap,notBad
7491,15,1368.4399999999998,4,865.2599999999998,move,improve
7492,15,1368.4399999999998,4,865.2599999999998,2opt,notBad
7493,15,1368.4399999999998,4,865.2599999999998,move,improve
7494,15,1368.4399999999998,4,865.2599999999998,2opt,notBad
7495,15,1368.4399999999998,4,865.2599999999998,swap,notBad
7496,15,1368.4399999999998,4,865.2599999999998,move,improve
7497,15,1368.4399999999998,4,865.2599999999998,move,improve
7498,15,1368.4399999999998,4,865.2599999999998,swap,notBad
7499,15,1368.4399999999998,4,865.2599999999998,swap,notBad
7500,15,1368.4399999999998,4,865.2599999999998,move,improve
7501,15,1368.4399999999998,4,865.2599999999998,swap,notBad
7502,15,1368.4399999999998,4,865.2599999999998,swap,notBad
7503,15,1368.4399999999998,4,865.2599999999998,swap,notBad
7504,15,1368.4399999999998,4,865.2599999999998,move,improve
7505,15,1368.4399999999998,4,865.2599999999998,2opt,notBad
7506,15,1368.4399999999998,4,865.2599999999998,swap,notBad
7507,15,1368.4399999999998,4,865.2599999999998,move,improve
7508,15,1368.4399999999998,4,865.2599999999998,2opt,notBad
7509,15,1368.4399999999998,4,865.2599999999998,2opt,notBad
7510,15,1368.4399999999998,4,865.2599999999998,swap,notBad
7511,15,1368.4399999999998,4,865.2599999999998,move,improve
7512,15,1368.4399999999998,4,865.2599999999998,2opt,notBad
7513,15,1368.4399999999998,4,865.2599999999998,move,improve
7514,15,1368.4399999999998,4,865.2599999999998,2opt,notBad
7515,15,1368.4399999999998,4,865.2599999999998,2opt,notBad
7516,15,1368.4399999999998,4,865.2599999999998,swap,notBad
7517,15,1368.4399999999998,4,865.2599999999998,swap,notBad
7518,15,1368.4399999999998,4,865.2599999999998,swap,notBad
7519,15,1368.4399999999998,4,865.2599999999998,swap,notBad
7520,15,1368.4399999999998,4,865.2599999999998,move,improve
7521,15,1368.4399999999998,4,865.2599999999998,move,improve
7522,15,1368.4399999999998,4,865.2599999999998,swap,notBad
7523,15,1368.4399999999998,4,865.2599999999998,2opt,notBad
7524,15,1368.4399999999998,4,865.2599999999998,swap,notBad
7525,15,1368.4399999999998,4,865.2599999999998,2opt,notBad
7526,15,1368.4399999999998,4,865.2599999999998,swap,notBad
7527,15,1368.4399999999998,4,865.2599999999998,move,improve
7528,15,1368.4399999999998,4,865.2599999999998,2opt,notBad
7529,15,1368.4399999999998,4,865.2599999999998,swap,notBad
7530,15,1368.4399999999998,4,865.2599999999998,move,improve
7531,15,1368.4399999999998,4,865.2599999999998,swap,notBad
7532,15,1372.6799999999998,4,865.2599999999998,2opt,acceptBad
7533,15,1372.6799999999998,4,865.2599999999998,2opt,notBad
7534,15,1372.6799999999998,4,865.2599999999998,swap,notBad
7535,15,1372.6799999999998,4,865.2599999999998,move,improve
7536,15,1372.6799999999998,4,865.2599999999998,2opt,notBad
7537,15,1372.6799999999998,4,865.2599999999998,move,improve
7538,15,1372.6799999999998,4,865.2599999999998,2opt,notBad
7539,15,1372.6799999999998,4,865.2599999999998,swap,notBad
7540,15,1372.6799999999998,4,865.2599999999998,2opt,notBad
7541,15,1372.6799999999998,4,865.2599999999998,swap,notBad
7542,15,1372.6799999999998,4,865.2599999999998,move,improve
7543,15,1379.1999999999998,4,865.2599999999998,swap,acceptBad
7544,15,1379.1999999999998,4,865.2599999999998,move,improve
7545,15,1379.1999999999998,4,865.2599999999998,2opt,notBad
7546,15,1379.1999999999998,4,865.2599999999998,2opt,notBad
7547,15,1379.1999999999998,4,865.2599999999998,2opt,notBad
7548,15,1379.1999999999998,4,865.2599999999998,move,improve
7549,15,1379.1999999999998,4,865.2599999999998,move,improve
7550,15,1379.1999999999998,4,865.2599999999998,move,improve
7551,15,1379.1999999999998,4,865.2599999999998,move,improve
7552,15,1379.1999999999998,4,865.2599999999998,swap,notBad
7553,15,1379.1999999999998,4,865.2599999999998,move,improve
7554,15,1379.1999999999998,4,865.2599999999998,move,improve
7555,15,1379.1999999999998,4,865.2599999999998,move,improve
7556,15,1379.1999999999998,4,865.2599999999998,2opt,notBad
7557,15,1379.1999999999998,4,865.2599999999998,move,improve
7558,15,1379.1999999999998,4,865.2599999999998,move,improve
7559,15,1379.1999999999998,4,865.2599999999998,move,improve
7560,15,1379.1999999999998,4,865.2599999999998,2opt,notBad
7561,15,1379.1999999999998,4,865.2599999999998,swap,notBad
7562,15,1379.1999999999998,4,865.2599999999998,2opt,improve
7563,15,1379.1999999999998,4,865.2599999999998,move,improve
7564,15,1379.1999999999998,4,865.2599999999998,move,improve
7565,15,1379.1999999999998,4,865.2599999999998,2opt,notBad
7566,15,1379.1999999999998,4,865.2599999999998,2opt,notBad
7567,15,1379.1999999999998,4,865.2599999999998,move,improve
7568,15,1379.1999999999998,4,865.2599999999998,2opt,notBad
7569,15,1379.1999999999998,4,865.2599999999998,swap,notBad
7570,15,1379.1999999999998,4,865.2599999999998,2opt,notBad
7571,15,1379.1999999999998,4,865.2599999999998,2opt,notBad
7572,15,1379.1999999999998,4,865.2599999999998,swap,notBad
7573,15,1379.1999999999998,4,865.2599999999998,swap,notBad
7574,15,1379.1999999999998,4,865.2599999999998,2opt,notBad
7575,15,1379.1999999999998,4,865.2599999999998,2opt,notBad
7576,15,1379.1999999999998,4,865.2599999999998,2opt,notBad
7577,15,1379.1999999999998,4,865.2599999999998,2opt,notBad
7578,15,1379.1999999999998,4,865.2599999999998,swap,notBad
7579,15,1379.1999999999998,4,865.2599999999998,swap,notBad
7580,15,1379.1999999999998,4,865.2599999999998,swap,notBad
7581,15,1379.1999999999998,4,865.2599999999998,swap,notBad
7582,15,1379.1999999999998,4,865.2599999999998,2opt,improve
7583,15,1379.1999999999998,4,865.2599999999998,2opt,notBad
7584,15,1379.1999999999998,4,865.2599999999998,2opt,notBad
7585,15,1379.1999999999998,4,865.2599999999998,2opt,notBad
7586,15,1379.1999999999998,4,865.2599999999998,2opt,notBad
7587,15,1379.1999999999998,4,865.2599999999998,2opt,notBad
7588,15,1379.1999999999998,4,865.2599999999998,move,improve
7589,15,1379.1999999999998,4,865.2599999999998,swap,notBad
7590,15,1379.1999999999998,4,865.2599999999998,move,improve
7591,15,1379.1999999999998,4,865.2599999999998,2opt,notBad
7592,15,1379.1999999999998,4,865.2599999999998,swap,notBad
7593,15,1379.1999999999998,4,865.2599999999998,swap,notBad
7594,15,1379.1999999999998,4,865.2599999999998,move,improve
7595,15,1379.1999999999998,4,865.2599999999998,swap,notBad
7596,15,1379.1999999999998,4,865.2599999999998,2opt,notBad
7597,15,1376.32,4,865.2599999999998,2opt,improve
7598,15,1376.32,4,865.2599999999998,swap,notBad
7599,15,1376.32,4,865.2599999999998,2opt,notBad
7600,15,1376.32,4,865.2599999999998,2opt,notBad
7601,15,1376.32,4,865.2599999999998,move,improve
7602,15,1376.32,4,865.2599999999998,swap,notBad
7603,15,1376.32,4,865.2599999999998,2opt,notBad
7604,15,1376.32,4,865.2599999999998,swap,notBad
7605,15,1376.32,4,865.2599999999998,2opt,notBad
7606,15,1376.32,4,865.2599999999998,swap,notBad
7607,15,1376.32,4,865.2599999999998,swap,notBad
7608,15,1376.32,4,865.2599999999998,move,improve
7609,15,1376.32,4,865.2599999999998,move,improve
7610,15,1376.32,4,865.2599999999998,move,improve
7611,15,1376.32,4,865.2599999999998,2opt,notBad
7612,15,1376.32,4,865.2599999999998,swap,notBad
7613,15,1376.32,4,865.2599999999998,2opt,notBad
7614,15,1376.32,4,865.2599999999998,move,improve
7615,15,1376.32,4,865.2599999999998,move,improve
7616,15,1376.32,4,865.2599999999998,2opt,notBad
7617,15,1376.32,4,865.2599999999998,2opt,notBad
7618,15,1376.32,4,865.2599999999998,2opt,notBad
7619,15,1376.32,4,865.2599999999998,swap,notBad
7620,15,1375.28,4,865.2599999999998,move,improve
7621,15,1375.28,4,865.2599999999998,2opt,notBad
7622,15,1375.28,4,865.2599999999998,2opt,notBad
7623,15,1375.28,4,865.2599999999998,2opt,notBad
7624,15,1375.28,4,865.2599999999998,2opt,notBad
7625,15,1375.28,4,865.2599999999998,swap,notBad
7626,15,1375.28,4,865.2599999999998,move,improve
7627,15,1375.28,4,865.2599999999998,swap,notBad
7628,15,1375.28,4,865.2599999999998,move,improve
7629,15,1375.28,4,865.2599999999998,2opt,notBad
7630,15,1375.28,4,865.2599999999998,2opt,notBad
7631,15,1375.28,4,865.2599999999998,swap,notBad
7632,15,1375.28,4,865.2599999999998,swap,notBad
7633,15,1375.28,4,865.2599999999998,move,improve
7634,15,1375.28,4,865.2599999999998,2opt,notBad
7635,15,1375.28,4,865.2599999999998,2opt,notBad
7636,15,1375.28,4,865.2599999999998,move,improve
7637,15,1375.28,4,865.2599999999998,2opt,notBad
7638,15,1375.28,4,865.2599999999998,swap,notBad
7639,15,1375.28,4,865.2599999999998,move,improve
7640,15,1375.28,4,865.2599999999998,2opt,notBad
7641,15,1375.28,4,865.2599999999998,2opt,notBad
7642,15,1375.28,4,865.2599999999998,2opt,notBad
7643,15,1375.28,4,865.2599999999998,swap,notBad
7644,15,1375.28,4,865.2599999999998,move,improve
7645,15,1375.28,4,865.2599999999998,move,improve
7646,15,1375.0000000000002,4,865.2599999999998,move,improve
7647,15,1375.0000000000002,4,865.2599999999998,2opt,notBad
7648,15,1375.0000000000002,4,865.2599999999998,swap,notBad
7649,15,1375.0000000000002,4,865.2599999999998,2opt,notBad
7650,15,1375.0000000000002,4,865.2599999999998,move,improve
7651,15,1375.0000000000002,4,865.2599999999998,2opt,notBad
7652,15,1375.0000000000002,4,865.2599999999998,move,improve
7653,15,1375.0000000000002,4,865.2599999999998,move,improve
7654,15,1375.0000000000002,4,865.2599999999998,move,improve
7655,15,1375.0000000000002,4,865.2599999999998,move,improve
7656,15,1375.0000000000002,4,865.2599999999998,swap,notBad
7657,15,1375.0000000000002,4,865.2599999999998,move,improve
7658,15,1375.0000000000002,4,865.2599999999998,2opt,notBad
7659,15,1375.0000000000002,4,865.2599999999998,2opt,notBad
7660,15,1375.0000000000002,4,865.2599999999998,swap,notBad
7661,15,1375.0000000000002,4,865.2599999999998,2opt,notBad
7662,15,1375.0000000000002,4,865.2599999999998,2opt,notBad
7663,15,1375.0000000000002,4,865.2599999999998,swap,notBad
7664,15,1375.0000000000002,4,865.2599999999998,2opt,notBad
7665,15,1374.9200000000003,4,865.2599999999998,move,improve
7666,15,1374.9200000000003,4,865.2599999999998,swap,notBad
7667,15,1374.9200000000003,4,865.2599999999998,swap,notBad
7668,15,1374.9200000000003,4,865.2599999999998,2opt,notBad
7669,15,1374.9200000000003,4,865.2599999999998,swap,notBad
7670,15,1374.9200000000003,4,865.2599999999998,swap,notBad
7671,15,1374.9200000000003,4,865.2599999999998,2opt,notBad
7672,15,1374.9200000000003,4,865.2599999999998,2opt,notBad
7673,15,1374.9200000000003,4,865.2599999999998,move,improve
7674,15,1374.9200000000003,4,865.2599999999998,move,improve
7675,15,1374.9200000000003,4,865.2599999999998,move,improve
7676,15,1374.9200000000003,4,865.2599999999998,move,improve
7677,15,1374.9200000000003,4,865.2599999999998,move,improve
7678,15,1374.9200000000003,4,865.2599999999998,move,improve
7679,15,1374.9200000000003,4,865.2599999999998,2opt,notBad
7680,15,1370.48,4,865.2599999999998,move,improve
7681,15,1370.48,4,865.2599999999998,2opt,notBad
7682,15,1370.48,4,865.2599999999998,2opt,notBad
7683,15,1370.48,4,865.2599999999998,swap,notBad
7684,15,1370.48,4,865.2599999999998,move,improve
7685,15,1370.48,4,865.2599999999998,swap,notBad
7686,15,1370.48,4,865.2599999999998,swap,notBad
7687,15,1370.48,4,865.2599999999998,swap,notBad
7688,15,1370.48,4,865.2599999999998,swap,notBad
7689,15,1370.48,4,865.2599999999998,move,improve
7690,15,1370.48,4,865.2599999999998,2opt,notBad
7691,15,1370.48,4,865.2599999999998,swap,notBad
7692,15,1370.48,4,865.2599999999998,move,improve
7693,15,1370.48,4,865.2599999999998,2opt,notBad
7694,15,1370.48,4,865.2599999999998,2opt,notBad
7695,15,1370.48,4,865.2599999999998,2opt,improve
7696,15,1370.48,4,865.2599999999998,swap,notBad
7697,15,1370.48,4,865.2599999999998,2opt,notBad
7698,15,1370.48,4,865.2599999999998,swap,notBad
7699,15,1370.48,4,865.2599999999998,swap,notBad
7700,15,1370.48,4,865.2599999999998,move,improve
7701,15,1370.48,4,865.2599999999998,2opt,notBad
7702,15,1370.48,4,865.2599999999998,move,improve
7703,15,1370.48,4,865.2599999999998,swap,notBad
7704,15,1370.48,4,865.2599999999998,move,improve
7705,15,1370.48,4,865.2599999999998,swap,notBad
7706,15,1370.48,4,865.2599999999998,move,improve
7707,15,1370.48,4,865.2599999999998,2opt,notBad
7708,15,1370.48,4,865.2599999999998,swap,notBad
7709,15,1365.68,4,865.2599999999998,move,improve
7710,15,1365.68,4,865.2599999999998,move,improve
7711,15,1365.68,4,865.2599999999998,2opt,notBad
7712,15,1365.68,4,865.2599999999998,swap,notBad
7713,15,1365.68,4,865.2599999999998,swap,notBad
7714,15,1365.68,4,865.2599999999998,2opt,notBad
7715,15,1365.68,4,865.2599999999998,move,improve
7716,15,1365.68,4,865.2599999999998,move,improve
7717,15,1365.68,4,865.2599999999998,swap,notBad
7718,15,1365.68,4,865.2599999999998,move,improve
7719,15,1365.68,4,865.2599999999998,swap,notBad
7720,15,1365.68,4,865.2599999999998,2opt,notBad
7721,15,1365.68,4,865.2599999999998,2opt,notBad
7722,15,1365.68,4,865.2599999999998,move,improve
7723,15,1365.68,4,865.2599999999998,move,improve
7724,15,1365.68,4,865.2599999999998,move,improve
7725,15,1365.68,4,865.2599999999998,2opt,notBad
7726,15,1365.68,4,865.2599999999998,swap,notBad
7727,15,1365.68,4,865.2599999999998,swap,notBad
7728,15,1365.68,4,865.2599999999998,swap,notBad
7729,15,1365.68,4,865.2599999999998,swap,notBad
7730,15,1365.68,4,865.2599999999998,move,improve
7731,15,1365.68,4,865.2599999999998,2opt,notBad
7732,15,1365.68,4,865.2599999999998,swap,notBad
7733,15,1365.68,4,865.2599999999998,2opt,notBad
7734,15,1365.68,4,865.2599999999998,2opt,notBad
7735,15,1365.68,4,865.2599999999998,move,improve
7736,15,1365.68,4,865.2599999999998,move,improve
7737,15,1365.68,4,865.2599999999998,swap,notBad
7738,15,1365.68,4,865.2599999999998,swap,notBad
7739,15,1365.68,4,865.2599999999998,move,improve
7740,15,1365.68,4,865.2599999999998,2opt,notBad
7741,15,1365.68,4,865.2599999999998,swap,notBad
7742,15,1365.68,4,865.2599999999998,move,improve
7743,15,1365.68,4,865.2599999999998,2opt,notBad
7744,15,1365.68,4,865.2599999999998,2opt,notBad
7745,15,1365.68,4,865.2599999999998,move,improve
7746,15,1365.68,4,865.2599999999998,move,improve
7747,15,1365.68,4,865.2599999999998,swap,notBad
7748,15,1365.68,4,865.2599999999998,swap,notBad
7749,15,1365.68,4,865.2599999999998,swap,notBad
7750,15,1365.68,4,865.2599999999998,swap,notBad
7751,15,1365.68,4,865.2599999999998,swap,notBad
7752,15,1365.68,4,865.2599999999998,swap,notBad
7753,15,1365.68,4,865.2599999999998,move,improve
7754,15,1365.68,4,865.2599999999998,swap,notBad
7755,15,1365.68,4,865.2599999999998,swap,notBad
7756,15,1365.68,4,865.2599999999998,swap,notBad
7757,15,1365.68,4,865.2599999999998,2opt,notBad
7758,15,1365.68,4,865.2599999999998,2opt,notBad
7759,15,1365.68,4,865.2599999999998,move,improve
7760,15,1365.68,4,865.2599999999998,2opt,notBad
7761,15,1365.68,4,865.2599999999998,swap,notBad
7762,15,1365.68,4,865.2599999999998,move,improve
7763,15,1365.68,4,865.2599999999998,swap,notBad
7764,15,1365.68,4,865.2599999999998,swap,notBad
7765,15,1365.68,4,865.2599999999998,swap,notBad
7766,15,1365.68,4,865.2599999999998,swap,notBad
7767,15,1365.68,4,865.2599999999998,move,improve
7768,15,1365.68,4,865.2599999999998,2opt,notBad
7769,15,1365.68,4,865.2599999999998,2opt,notBad
7770,15,1365.68,4,865.2599999999998,swap,notBad
7771,15,1365.68,4,865.2599999999998,swap,notBad
7772,15,1365.68,4,865.2599999999998,move,improve
7773,15,1365.68,4,865.2599999999998,swap,notBad
7774,15,1365.68,4,865.2599999999998,swap,notBad
7775,15,1365.68,4,865.2599999999998,swap,notBad
7776,15,1365.68,4,865.2599999999998,2opt,notBad
7777,15,1365.68,4,865.2599999999998,2opt,notBad
7778,15,1365.68,4,865.2599999999998,swap,notBad
7779,15,1365.68,4,865.2599999999998,move,improve
7780,15,1365.68,4,865.2599999999998,move,improve
7781,15,1365.68,4,865.2599999999998,move,improve
7782,15,1365.68,4,865.2599999999998,2opt,notBad
7783,15,1365.68,4,865.2599999999998,swap,notBad
7784,15,1365.68,4,865.2599999999998,swap,notBad
7785,15,1365.68,4,865.2599999999998,swap,notBad
7786,15,1365.68,4,865.2599999999998,swap,notBad
7787,15,1365.68,4,865.2599999999998,swap,notBad
7788,15,1365.68,4,865.2599999999998,move,improve
7789,15,1365.68,4,865.2599999999998,swap,notBad
7790,15,1365.68,4,865.2599999999998,swap,notBad
7791,15,1365.68,4,865.2599999999998,move,improve
7792,15,1365.68,4,865.2599999999998,move,improve
7793,15,1365.68,4,865.2599999999998,move,improve
7794,15,1365.68,4,865.2599999999998,2opt,notBad
7795,15,1365.68,4,865.2599999999998,move,improve
7796,15,1365.68,4,865.2599999999998,swap,notBad
7797,15,1365.68,4,865.2599999999998,swap,notBad
7798,15,1365.68,4,865.2599999999998,swap,notBad
7799,15,1365.68,4,865.2599999999998,swap,notBad
7800,15,1365.68,4,865.2599999999998,move,improve
7801,15,1365.68,4,865.2599999999998,swap,notBad
7802,15,1365.68,4,865.2599999999998,swap,notBad
7803,15,1365.68,4,865.2599999999998,move,improve
7804,15,1365.68,4,865.2599999999998,swap,notBad
7805,15,1365.68,4,865.2599999999998,swap,notBad
7806,15,1365.68,4,865.2599999999998,swap,notBad
7807,15,1365.68,4,865.2599999999998,swap,notBad
7808,15,1365.68,4,865.2599999999998,move,improve
7809,15,1365.68,4,865.2599999999998,move,improve
7810,15,1365.68,4,865.2599999999998,2opt,notBad
7811,15,1365.68,4,865.2599999999998,move,improve
7812,15,1365.68,4,865.2599999999998,move,improve
7813,15,1365.68,4,865.2599999999998,move,improve
7814,15,1365.68,4,865.2599999999998,swap,notBad
7815,15,1365.68,4,865.2599999999998,swap,notBad
7816,15,1367.0000000000002,4,865.2599999999998,swap,acceptBad
7817,15,1367.0000000000002,4,865.2599999999998,swap,notBad
7818,15,1367.0000000000002,4,865.2599999999998,2opt,notBad
7819,15,1367.0000000000002,4,865.2599999999998,move,improve
7820,15,1367.0000000000002,4,865.2599999999998,swap,notBad
7821,15,1367.0000000000002,4,865.2599999999998,move,improve
7822,15,1367.0000000000002,4,865.2599999999998,2opt,notBad
7823,15,1367.0000000000002,4,865.2599999999998,swap,notBad
7824,15,1367.0000000000002,4,865.2599999999998,swap,notBad
7825,15,1367.0000000000002,4,865.2599999999998,swap,notBad
7826,15,1367.0000000000002,4,865.2599999999998,swap,notBad
7827,15,1367.0000000000002,4,865.2599999999998,swap,notBad
7828,15,1367.0000000000002,4,865.2599999999998,2opt,notBad
7829,15,1367.0000000000002,4,865.2599999999998,move,improve
7830,15,1367.0000000000002,4,865.2599999999998,move,improve
7831,15,1367.0000000000002,4,865.2599999999998,swap,notBad
7832,15,1367.0000000000002,4,865.2599999999998,swap,notBad
7833,15,1367.0000000000002,4,865.2599999999998,2opt,notBad
7834,15,1367.0000000000002,4,865.2599999999998,2opt,notBad
7835,15,1367.0000000000002,4,865.2599999999998,swap,notBad
7836,15,1367.0000000000002,4,865.2599999999998,move,improve
7837,15,1367.0000000000002,4,865.2599999999998,move,improve
7838,15,1367.0000000000002,4,865.2599999999998,2opt,notBad
7839,15,1365.1199999999992,4,865.2599999999998,swap,improve
7840,15,1365.1199999999992,4,865.2599999999998,2opt,notBad
7841,15,1365.1199999999992,4,865.2599999999998,move,improve
7842,15,1365.1199999999992,4,865.2599999999998,2opt,notBad
7843,15,1365.1199999999992,4,865.2599999999998,move,improve
7844,15,1365.1199999999992,4,865.2599999999998,swap,notBad
7845,15,1365.1199999999992,4,865.2599999999998,swap,notBad
7846,15,1365.1199999999992,4,865.2599999999998,swap,notBad
7847,15,1365.1199999999992,4,865.2599999999998,swap,notBad
7848,15,1363.7999999999993,4,865.2599999999998,move,improve
7849,15,1363.7999999999993,4,865.2599999999998,move,improve
7850,15,1363.7999999999993,4,865.2599999999998,swap,notBad
7851,15,1363.7999999999993,4,865.2599999999998,2opt,notBad
7852,15,1363.7999999999993,4,865.2599999999998,move,improve
7853,15,1363.7999999999993,4,865.2599999999998,move,improve
7854,15,1363.7999999999993,4,865.2599999999998,2opt,notBad
7855,15,1363.7999999999993,4,865.2599999999998,2opt,notBad
7856,15,1363.7999999999993,4,865.2599999999998,2opt,notBad
7857,15,1363.7999999999993,4,865.2599999999998,move,improve
7858,15,1363.7999999999993,4,865.2599999999998,swap,notBad
7859,15,1363.7999999999993,4,865.2599999999998,2opt,notBad
7860,15,1363.7999999999993,4,865.2599999999998,swap,notBad
7861,15,1363.7999999999993,4,865.2599999999998,move,improve
7862,15,1363.7999999999993,4,865.2599999999998,swap,notBad
7863,15,1363.7999999999993,4,865.2599999999998,swap,notBad
7864,15,1363.7999999999993,4,865.2599999999998,swap,notBad
7865,15,1363.7999999999993,4,865.2599999999998,2opt,notBad
7866,15,1363.7999999999993,4,865.2599999999998,move,improve
7867,15,1363.7999999999993,4,865.2599999999998,2opt,notBad
7868,15,1363.7999999999993,4,865.2599999999998,swap,notBad
7869,15,1363.7999999999993,4,865.2599999999998,swap,notBad
7870,15,1363.7999999999993,4,865.2599999999998,2opt,notBad
7871,15,1363.7999999999993,4,865.2599999999998,2opt,notBad
7872,15,1363.7999999999993,4,865.2599999999998,swap,notBad
7873,15,1363.7999999999993,4,865.2599999999998,2opt,notBad
7874,15,1363.7999999999993,4,865.2599999999998,swap,notBad
7875,15,1363.7999999999993,4,865.2599999999998,move,improve
7876,15,1363.7999999999993,4,865.2599999999998,swap,notBad
7877,15,1363.7999999999993,4,865.2599999999998,2opt,notBad
7878,15,1363.7999999999993,4,865.2599999999998,swap,notBad
7879,15,1363.7999999999993,4,865.2599999999998,move,improve
7880,15,1363.7999999999993,4,865.2599999999998,2opt,notBad
7881,15,1363.7999999999993,4,865.2599999999998,swap,notBad
7882,15,1363.7999999999993,4,865.2599999999998,2opt,notBad
7883,15,1363.7999999999993,4,865.2599999999998,move,improve
7884,15,1363.7999999999993,4,865.2599999999998,swap,notBad
7885,15,1363.7999999999993,4,865.2599999999998,2opt,notBad
7886,15,1363.7999999999993,4,865.2599999999998,swap,notBad
7887,15,1363.7999999999993,4,865.2599999999998,move,improve
7888,15,1366.3199999999995,4,865.2599999999998,swap,acceptBad
7889,15,1366.3199999999995,4,865.2599999999998,move,improve
7890,15,1366.3199999999995,4,865.2599999999998,swap,notBad
7891,15,1366.3199999999995,4,865.2599999999998,2opt,notBad
7892,15,1366.3199999999995,4,865.2599999999998,swap,notBad
7893,15,1366.3199999999995,4,865.2599999999998,2opt,notBad
7894,15,1366.3199999999995,4,865.2599999999998,2opt,notBad
7895,15,1366.3199999999995,4,865.2599999999998,2opt,notBad
7896,15,1363.0399999999997,4,865.2599999999998,move,improve
7897,15,1363.0399999999997,4,865.2599999999998,2opt,notBad
7898,15,1364.9199999999996,4,865.2599999999998,swap,acceptBad
7899,15,1364.9199999999996,4,865.2599999999998,swap,notBad
7900,15,1364.9199999999996,4,865.2599999999998,move,improve
7901,15,1361.5999999999995,4,865.2599999999998,move,improve
7902,15,1361.5999999999995,4,865.2599999999998,2opt,notBad
7903,15,1361.5999999999995,4,865.2599999999998,move,improve
7904,15,1361.5999999999995,4,865.2599999999998,swap,notBad
7905,15,1361.5999999999995,4,865.2599999999998,move,improve
7906,15,1361.5999999999995,4,865.2599999999998,move,improve
7907,15,1361.5999999999995,4,865.2599999999998,swap,notBad
7908,15,1361.5999999999995,4,865.2599999999998,move,improve
7909,15,1357.9999999999995,4,865.2599999999998,move,improve
7910,15,1357.9999999999995,4,865.2599999999998,move,improve
7911,15,1357.9999999999995,4,865.2599999999998,2opt,notBad
7912,15,1357.9999999999995,4,865.2599999999998,swap,notBad
7913,15,1357.9999999999995,4,865.2599999999998,2opt,notBad
7914,15,1357.9999999999995,4,865.2599999999998,move,improve
7915,15,1357.9999999999995,4,865.2599999999998,swap,notBad
7916,15,1357.9999999999995,4,865.2599999999998,swap,notBad
7917,15,1357.9999999999995,4,865.2599999999998,swap,notBad
7918,15,1357.9999999999995,4,865.2599999999998,2opt,notBad
7919,15,1357.9999999999995,4,865.2599999999998,swap,notBad
7920,15,1357.9999999999995,4,865.2599999999998,2opt,notBad
7921,15,1357.9999999999995,4,865.2599999999998,2opt,notBad
7922,15,1357.9999999999995,4,865.2599999999998,move,improve
7923,15,1357.9999999999995,4,865.2599999999998,2opt,notBad
7924,15,1357.9999999999995,4,865.2599999999998,swap,notBad
7925,15,1357.9999999999995,4,865.2599999999998,2opt,notBad
7926,15,1357.9999999999995,4,865.2599999999998,2opt,notBad
7927,15,1357.9999999999995,4,865.2599999999998,2opt,notBad
7928,15,1357.9999999999995,4,865.2599999999998,swap,notBad
7929,15,1357.9999999999995,4,865.2599999999998,2opt,improve
7930,15,1357.9999999999995,4,865.2599999999998,2opt,notBad
7931,15,1357.9999999999995,4,865.2599999999998,swap,notBad
7932,15,1357.9999999999995,4,865.2599999999998,move,improve
7933,15,1357.9999999999995,4,865.2599999999998,move,improve
7934,15,1357.9999999999995,4,865.2599999999998,2opt,notBad
7935,15,1357.9999999999995,4,865.2599999999998,move,improve
7936,15,1357.9999999999995,4,865.2599999999998,move,improve
7937,15,1357.9999999999995,4,865.2599999999998,move,improve
7938,15,1357.9999999999995,4,865.2599999999998,move,improve
7939,15,1357.9999999999995,4,865.2599999999998,move,improve
7940,15,1357.9999999999995,4,865.2599999999998,move,improve
7941,15,1357.9999999999995,4,865.2599999999998,swap,notBad
7942,15,1357.9999999999995,4,865.2599999999998,swap,notBad
7943,15,1357.9999999999995,4,865.2599999999998,move,improve
7944,15,1357.9999999999995,4,865.2599999999998,move,improve
7945,15,1357.9999999999995,4,865.2599999999998,move,improve
7946,15,1357.9999999999995,4,865.2599999999998,2opt,notBad
7947,15,1357.9999999999995,4,865.2599999999998,move,notBad
7948,15,1357.9999999999995,4,865.2599999999998,swap,notBad
7949,15,1357.9999999999995,4,865.2599999999998,swap,notBad
7950,15,1357.9999999999995,4,865.2599999999998,2opt,notBad
7951,15,1357.9999999999995,4,865.2599999999998,2opt,notBad
7952,15,1357.9999999999995,4,865.2599999999998,2opt,notBad
7953,15,1357.9999999999995,4,865.2599999999998,2opt,notBad
7954,15,1357.9999999999995,4,865.2599999999998,2opt,notBad
7955,15,1357.9999999999995,4,865.2599999999998,swap,notBad
7956,15,1357.9999999999995,4,865.2599999999998,move,improve
7957,15,1357.9999999999995,4,865.2599999999998,2opt,notBad
7958,15,1357.9999999999995,4,865.2599999999998,swap,notBad
7959,15,1357.9999999999995,4,865.2599999999998,move,improve
7960,15,1357.9999999999995,4,865.2599999999998,swap,notBad
7961,15,1357.9999999999995,4,865.2599999999998,2opt,notBad
7962,15,1357.9999999999995,4,865.2599999999998,swap,notBad
7963,15,1357.9999999999995,4,865.2599999999998,swap,notBad
7964,15,1357.9999999999995,4,865.2599999999998,swap,notBad
7965,15,1357.9999999999995,4,865.2599999999998,move,improve
7966,15,1357.9999999999995,4,865.2599999999998,swap,notBad
7967,15,1357.9999999999995,4,865.2599999999998,move,improve
7968,15,1357.9999999999995,4,865.2599999999998,2opt,notBad
7969,15,1357.9999999999995,4,865.2599999999998,swap,notBad
7970,15,1357.9999999999995,4,865.2599999999998,2opt,notBad
7971,15,1357.9999999999995,4,865.2599999999998,2opt,notBad
7972,15,1357.9999999999995,4,865.2599999999998,2opt,notBad
7973,15,1357.9999999999995,4,865.2599999999998,swap,notBad
7974,15,1357.9999999999995,4,865.2599999999998,2opt,notBad
7975,15,1357.9999999999995,4,865.2599999999998,swap,notBad
7976,15,1357.9999999999995,4,865.2599999999998,2opt,notBad
7977,15,1357.9999999999995,4,865.2599999999998,move,improve
7978,15,1357.9999999999995,4,865.2599999999998,swap,notBad
7979,15,1357.9999999999995,4,865.2599999999998,swap,notBad
7980,15,1357.9999999999995,4,865.2599999999998,2opt,notBad
7981,15,1357.9999999999995,4,865.2599999999998,move,improve
7982,15,1357.9999999999995,4,865.2599999999998,move,improve
7983,15,1357.9999999999995,4,865.2599999999998,swap,notBad
7984,15,1357.9999999999995,4,865.2599999999998,swap,notBad
7985,15,1357.9999999999995,4,865.2599999999998,move,improve
7986,15,1357.9999999999995,4,865.2599999999998,swap,notBad
7987,15,1357.9999999999995,4,865.2599999999998,2opt,improve
7988,15,1357.9999999999995,4,865.2599999999998,2opt,notBad
7989,15,1357.9999999999995,4,865.2599999999998,move,improve
7990,15,1357.9999999999995,4,865.2599999999998,move,improve
7991,15,1357.9999999999995,4,865.2599999999998,swap,notBad
7992,15,1357.9999999999995,4,865.2599999999998,2opt,notBad
7993,15,1357.9999999999995,4,865.2599999999998,move,improve
7994,15,1357.9999999999995,4,865.2599999999998,move,improve
7995,15,1357.9999999999995,4,865.2599999999998,2opt,notBad
7996,15,1357.9999999999995,4,865.2599999999998,swap,notBad
7997,15,1357.9999999999995,4,865.2599999999998,swap,notBad
7998,15,1357.9999999999995,4,865.2599999999998,move,improve
7999,15,1357.9999999999995,4,865.2599999999998,move,improve
8000,15,1357.9999999999995,4,865.2599999999998,swap,notBad
8001,15,1357.9999999999995,4,865.2599999999998,swap,notBad
8002,15,1357.9999999999995,4,865.2599999999998,2opt,notBad
8003,15,1357.9999999999995,4,865.2599999999998,swap,notBad
8004,15,1357.9999999999995,4,865.2599999999998,swap,notBad
8005,15,1357.9999999999995,4,865.2599999999998,swap,notBad
8006,15,1357.9999999999995,4,865.2599999999998,2opt,notBad
8007,15,1357.9999999999995,4,865.2599999999998,move,improve
8008,15,1357.9999999999995,4,865.2599999999998,2opt,notBad
8009,15,1357.9999999999995,4,865.2599999999998,swap,notBad
8010,15,1357.9999999999995,4,865.2599999999998,2opt,notBad
8011,15,1361.8799999999994,4,865.2599999999998,swap,acceptBad
8012,15,1361.8799999999994,4,865.2599999999998,2opt,notBad
8013,15,1361.8799999999994,4,865.2599999999998,move,improve
8014,15,1361.8799999999994,4,865.2599999999998,move,improve
8015,15,1361.8799999999994,4,865.2599999999998,swap,notBad
8016,15,1361.8799999999994,4,865.2599999999998,move,improve
8017,15,1361.8799999999994,4,865.2599999999998,swap,notBad
8018,15,1361.8799999999994,4,865.2599999999998,2opt,notBad
8019,15,1361.8799999999994,4,865.2599999999998,swap,notBad
8020,15,1361.8799999999994,4,865.2599999999998,move,improve
8021,15,1361.8799999999994,4,865.2599999999998,swap,notBad
8022,15,1361.8799999999994,4,865.2599999999998,2opt,notBad
8023,15,1361.8799999999994,4,865.2599999999998,2opt,notBad
8024,15,1361.8799999999994,4,865.2599999999998,move,improve
8025,15,1361.8799999999994,4,865.2599999999998,move,improve
8026,15,1361.8799999999994,4,865.2599999999998,swap,notBad
8027,15,1361.8799999999994,4,865.2599999999998,move,improve
8028,15,1361.8799999999994,4,865.2599999999998,2opt,notBad
8029,15,1361.8799999999994,4,865.2599999999998,2opt,notBad
8030,15,1361.8799999999994,4,865.2599999999998,move,improve
8031,15,1361.8799999999994,4,865.2599999999998,2opt,notBad
8032,15,1361.8799999999994,4,865.2599999999998,swap,notBad
8033,15,1361.8799999999994,4,865.2599999999998,swap,notBad
8034,15,1361.8799999999994,4,865.2599999999998,swap,notBad
8035,15,1361.8799999999994,4,865.2599999999998,swap,notBad
8036,15,1361.8799999999994,4,865.2599999999998,move,improve
8037,15,1361.8799999999994,4,865.2599999999998,swap,notBad
8038,15,1361.8799999999994,4,865.2599999999998,2opt,notBad
8039,15,1361.8799999999994,4,865.2599999999998,swap,notBad
8040,15,1361.8799999999994,4,865.2599999999998,move,improve
8041,15,1361.8799999999994,4,865.2599999999998,move,improve
8042,15,1361.8799999999994,4,865.2599999999998,swap,notBad
8043,15,1361.8799999999994,4,865.2599999999998,swap,notBad
8044,15,1361.8799999999994,4,865.2599999999998,2opt,notBad
8045,15,1361.8799999999994,4,865.2599999999998,swap,notBad
8046,15,1361.8799999999994,4,865.2599999999998,2opt,notBad
8047,15,1361.8799999999994,4,865.2599999999998,move,improve
8048,15,1361.8799999999994,4,865.2599999999998,2opt,notBad
8049,15,1361.8799999999994,4,865.2599999999998,swap,notBad
8050,15,1361.8799999999994,4,865.2599999999998,swap,notBad
8051,15,1361.8799999999994,4,865.2599999999998,2opt,notBad
8052,15,1361.8799999999994,4,865.2599999999998,move,improve
8053,15,1361.8799999999994,4,865.2599999999998,2opt,notBad
8054,15,1361.8799999999994,4,865.2599999999998,move,improve
8055,15,1361.8799999999994,4,865.2599999999998,2opt,notBad
8056,15,1361.8799999999994,4,865.2599999999998,swap,notBad
8057,15,1361.8799999999994,4,865.2599999999998,swap,notBad
8058,15,1361.8799999999994,4,865.2599999999998,2opt,notBad
8059,15,1361.8799999999994,4,865.2599999999998,swap,notBad
8060,15,1361.8799999999994,4,865.2599999999998,move,improve
8061,15,1361.8799999999994,4,865.2599999999998,swap,notBad
8062,15,1361.8799999999994,4,865.2599999999998,2opt,improve
8063,15,1361.8799999999994,4,865.2599999999998,2opt,notBad
8064,15,1361.8799999999994,4,865.2599999999998,2opt,improve
8065,15,1361.8799999999994,4,865.2599999999998,move,improve
8066,15,1361.8799999999994,4,865.2599999999998,move,improve
8067,15,1361.8799999999994,4,865.2599999999998,swap,notBad
8068,15,1361.8799999999994,4,865.2599999999998,2opt,notBad
8069,15,1361.8799999999994,4,865.2599999999998,2opt,notBad
8070,15,1361.8799999999994,4,865.2599999999998,2opt,notBad
8071,15,1361.8799999999994,4,865.2599999999998,move,improve
8072,15,1361.8799999999994,4,865.2599999999998,2opt,notBad
8073,15,1361.8799999999994,4,865.2599999999998,move,improve
8074,15,1361.8799999999994,4,865.2599999999998,2opt,notBad
8075,15,1361.8799999999994,4,865.2599999999998,move,improve
8076,15,1361.8799999999994,4,865.2599999999998,2opt,notBad
8077,15,1361.8799999999994,4,865.2599999999998,2opt,notBad
8078,15,1361.8799999999994,4,865.2599999999998,swap,notBad
8079,15,1361.8799999999994,4,865.2599999999998,move,improve
8080,15,1361.8799999999994,4,865.2599999999998,2opt,notBad
8081,15,1361.8799999999994,4,865.2599999999998,swap,notBad
8082,15,1361.8799999999994,4,865.2599999999998,move,improve
8083,15,1361.8799999999994,4,865.2599999999998,swap,notBad
8084,15,1361.8799999999994,4,865.2599999999998,2opt,notBad
8085,15,1361.8799999999994,4,865.2599999999998,swap,notBad
8086,15,1361.1999999999996,4,865.2599999999998,move,improve
8087,15,1361.1999999999996,4,865.2599999999998,swap,notBad
8088,15,1361.1999999999996,4,865.2599999999998,swap,notBad
8089,15,1361.1999999999996,4,865.2599999999998,2opt,notBad
8090,15,1361.1999999999996,4,865.2599999999998,move,improve
8091,15,1361.1999999999996,4,865.2599999999998,swap,notBad
8092,15,1361.1999999999996,4,865.2599999999998,2opt,improve
8093,15,1361.1999999999996,4,865.2599999999998,move,improve
8094,15,1361.1999999999996,4,865.2599999999998,2opt,notBad
8095,15,1361.1999999999996,4,865.2599999999998,swap,notBad
8096,15,1360.5599999999995,4,865.2599999999998,move,improve
8097,15,1360.5599999999995,4,865.2599999999998,2opt,notBad
8098,15,1360.5599999999995,4,865.2599999999998,2opt,notBad
8099,15,1360.5599999999995,4,865.2599999999998,move,improve
8100,15,1360.5599999999995,4,865.2599999999998,move,improve
8101,15,1360.5599999999995,4,865.2599999999998,swap,notBad
8102,15,1360.5599999999995,4,865.2599999999998,move,improve
8103,15,1360.3999999999994,4,865.2599999999998,move,improve
8104,15,1360.3999999999994,4,865.2599999999998,swap,notBad
8105,15,1360.3999999999994,4,865.2599999999998,swap,notBad
8106,15,1360.3999999999994,4,865.2599999999998,move,improve
8107,15,1360.3999999999994,4,865.2599999999998,move,improve
8108,15,1359.7199999999993,4,865.2599999999998,swap,improve
8109,15,1359.7199999999993,4,865.2599999999998,2opt,notBad
8110,15,1359.7199999999993,4,865.2599999999998,2opt,notBad
8111,15,1359.7199999999993,4,865.2599999999998,move,improve
8112,15,1359.7199999999993,4,865.2599999999998,swap,notBad
8113,15,1359.7199999999993,4,865.2599999999998,2opt,notBad
8114,15,1359.7199999999993,4,865.2599999999998,2opt,notBad
8115,15,1359.7199999999993,4,865.2599999999998,move,improve
8116,15,1359.7199999999993,4,865.2599999999998,swap,notBad
8117,15,1359.7199999999993,4,865.2599999999998,swap,notBad
8118,15,1359.7199999999993,4,865.2599999999998,swap,notBad
8119,15,1359.7199999999993,4,865.2599999999998,2opt,notBad
8120,15,1359.7199999999993,4,865.2599999999998,swap,notBad
8121,15,1359.7199999999993,4,865.2599999999998,2opt,notBad
8122,15,1359.7199999999993,4,865.2599999999998,move,improve
8123,15,1359.7199999999993,4,865.2599999999998,swap,notBad
8124,15,1359.7199999999993,4,865.2599999999998,swap,notBad
8125,15,1359.7199999999993,4,865.2599999999998,2opt,notBad
8126,15,1359.7199999999993,4,865.2599999999998,2opt,notBad
8127,15,1359.7199999999993,4,865.2599999999998,2opt,notBad
8128,15,1359.7199999999993,4,865.2599999999998,2opt,notBad
8129,15,1359.7199999999993,4,865.2599999999998,swap,notBad
8130,15,1359.7199999999993,4,865.2599999999998,move,improve
8131,15,1359.7199999999993,4,865.2599999999998,swap,notBad
8132,15,1359.7199999999993,4,865.2599999999998,2opt,notBad
8133,15,1359.7199999999993,4,865.2599999999998,move,improve
8134,15,1359.7199999999993,4,865.2599999999998,swap,notBad
8135,15,1359.7199999999993,4,865.2599999999998,2opt,notBad
8136,15,1359.7199999999993,4,865.2599999999998,2opt,notBad
8137,15,1359.7199999999993,4,865.2599999999998,swap,notBad
8138,15,1359.7199999999993,4,865.2599999999998,move,improve
8139,15,1359.7199999999993,4,865.2599999999998,2opt,notBad
8140,15,1359.7199999999993,4,865.2599999999998,swap,notBad
8141,15,1359.7199999999993,4,865.2599999999998,2opt,notBad
8142,15,1359.7199999999993,4,865.2599999999998,2opt,notBad
8143,15,1359.7199999999993,4,865.2599999999998,move,improve
8144,15,1359.7199999999993,4,865.2599999999998,swap,notBad
8145,15,1359.7199999999993,4,865.2599999999998,swap,notBad
8146,15,1359.7199999999993,4,865.2599999999998,swap,notBad
8147,15,1359.7199999999993,4,865.2599999999998,swap,notBad
8148,15,1359.7199999999993,4,865.2599999999998,swap,notBad
8149,15,1359.7199999999993,4,865.2599999999998,move,improve
8150,15,1359.7199999999993,4,865.2599999999998,swap,notBad
8151,15,1359.7199999999993,4,865.2599999999998,move,improve
8152,15,1359.7199999999993,4,865.2599999999998,2opt,notBad
8153,15,1359.7199999999993,4,865.2599999999998,swap,notBad
8154,15,1359.7199999999993,4,865.2599999999998,move,improve
8155,15,1359.7199999999993,4,865.2599999999998,2opt,notBad
8156,15,1359.7199999999993,4,865.2599999999998,move,improve
8157,15,1359.7199999999993,4,865.2599999999998,swap,notBad
8158,15,1359.7199999999993,4,865.2599999999998,move,improve
8159,15,1359.7199999999993,4,865.2599999999998,swap,notBad
8160,15,1359.7199999999993,4,865.2599999999998,2opt,improve
8161,15,1359.7199999999993,4,865.2599999999998,move,improve
8162,15,1359.7199999999993,4,865.2599999999998,move,improve
8163,15,1359.7199999999993,4,865.2599999999998,move,improve
8164,15,1359.7199999999993,4,865.2599999999998,2opt,improve
8165,15,1359.7199999999993,4,865.2599999999998,swap,notBad
8166,15,1359.7199999999993,4,865.2599999999998,move,improve
8167,15,1359.7199999999993,4,865.2599999999998,swap,notBad
8168,15,1359.7199999999993,4,865.2599999999998,move,improve
8169,15,1359.7199999999993,4,865.2599999999998,move,improve
8170,15,1359.7199999999993,4,865.2599999999998,swap,notBad
8171,15,1359.7199999999993,4,865.2599999999998,move,improve
8172,15,1359.7199999999993,4,865.2599999999998,swap,notBad
8173,15,1359.7199999999993,4,865.2599999999998,swap,notBad
8174,15,1359.7199999999993,4,865.2599999999998,2opt,improve
8175,15,1359.7199999999993,4,865.2599999999998,move,improve
8176,15,1359.7199999999993,4,865.2599999999998,swap,notBad
8177,15,1359.7199999999993,4,865.2599999999998,swap,notBad
8178,15,1359.7199999999993,4,865.2599999999998,move,improve
8179,15,1359.7199999999993,4,865.2599999999998,swap,notBad
8180,15,1359.7199999999993,4,865.2599999999998,2opt,notBad
8181,15,1359.7199999999993,4,865.2599999999998,move,improve
8182,15,1359.7199999999993,4,865.2599999999998,2opt,notBad
8183,15,1359.7199999999993,4,865.2599999999998,swap,notBad
8184,15,1359.7199999999993,4,865.2599999999998,2opt,notBad
8185,15,1359.7199999999993,4,865.2599999999998,swap,notBad
8186,15,1359.7199999999993,4,865.2599999999998,swap,notBad
8187,15,1359.7199999999993,4,865.2599999999998,2opt,notBad
8188,15,1359.7199999999993,4,865.2599999999998,2opt,notBad
8189,15,1359.7199999999993,4,865.2599999999998,2opt,notBad
8190,15,1359.7199999999993,4,865.2599999999998,move,improve
8191,15,1359.7199999999993,4,865.2599999999998,move,improve
8192,15,1359.7199999999993,4,865.2599999999998,move,improve
8193,15,1359.7199999999993,4,865.2599999999998,2opt,notBad
8194,15,1359.7199999999993,4,865.2599999999998,move,improve
8195,15,1359.7199999999993,4,865.2599999999998,move,improve
8196,15,1359.7199999999993,4,865.2599999999998,2opt,notBad
8197,15,1359.7199999999993,4,865.2599999999998,move,improve
8198,15,1359.7199999999993,4,865.2599999999998,2opt,notBad
8199,15,1359.7199999999993,4,865.2599999999998,2opt,notBad
8200,15,1359.7199999999993,4,865.2599999999998,2opt,improve
8201,15,1359.7199999999993,4,865.2599999999998,2opt,notBad
8202,15,1359.7199999999993,4,865.2599999999998,swap,notBad
8203,15,1359.7199999999993,4,865.2599999999998,2opt,notBad
8204,15,1359.7199999999993,4,865.2599999999998,2opt,notBad
8205,15,1359.7199999999993,4,865.2599999999998,swap,notBad
8206,15,1359.7199999999993,4,865.2599999999998,swap,notBad
8207,15,1359.7199999999993,4,865.2599999999998,move,improve
8208,15,1359.7199999999993,4,865.2599999999998,move,improve
8209,15,1359.7199999999993,4,865.2599999999998,move,improve
8210,15,1359.7199999999993,4,865.2599999999998,2opt,notBad
8211,15,1359.7199999999993,4,865.2599999999998,2opt,notBad
8212,15,1359.7199999999993,4,865.2599999999998,swap,notBad
8213,15,1359.7199999999993,4,865.2599999999998,move,improve
8214,15,1359.7199999999993,4,865.2599999999998,move,improve
8215,15,1359.7199999999993,4,865.2599999999998,move,improve
8216,15,1359.7199999999993,4,865.2599999999998,2opt,notBad
8217,15,1359.7199999999993,4,865.2599999999998,swap,notBad
8218,15,1359.7199999999993,4,865.2599999999998,move,improve
8219,15,1359.7199999999993,4,865.2599999999998,2opt,notBad
8220,15,1359.7199999999993,4,865.2599999999998,move,improve
8221,15,1359.7199999999993,4,865.2599999999998,2opt,notBad
8222,15,1359.7199999999993,4,865.2599999999998,move,improve
8223,15,1359.7199999999993,4,865.2599999999998,move,improve
8224,15,1359.7199999999993,4,865.2599999999998,swap,notBad
8225,15,1359.7199999999993,4,865.2599999999998,move,improve
8226,15,1359.7199999999993,4,865.2599999999998,swap,notBad
8227,15,1359.7199999999993,4,865.2599999999998,move,improve
8228,15,1359.7199999999993,4,865.2599999999998,move,improve
8229,15,1359.7199999999993,4,865.2599999999998,move,improve
8230,15,1359.7199999999993,4,865.2599999999998,swap,notBad
8231,15,1359.7199999999993,4,865.2599999999998,2opt,notBad
8232,15,1359.7199999999993,4,865.2599999999998,2opt,notBad
8233,15,1359.7199999999993,4,865.2599999999998,move,improve
8234,15,1359.7199999999993,4,865.2599999999998,swap,notBad
8235,15,1359.7199999999993,4,865.2599999999998,move,improve
8236,15,1359.7199999999993,4,865.2599999999998,move,improve
8237,15,1359.7199999999993,4,865.2599999999998,move,improve
8238,15,1359.7199999999993,4,865.2599999999998,swap,notBad
8239,15,1359.7199999999993,4,865.2599999999998,2opt,notBad
8240,15,1359.7199999999993,4,865.2599999999998,2opt,notBad
8241,15,1359.7199999999993,4,865.2599999999998,swap,notBad
8242,15,1359.7199999999993,4,865.2599999999998,swap,notBad
8243,15,1359.7199999999993,4,865.2599999999998,move,improve
8244,15,1359.7199999999993,4,865.2599999999998,swap,notBad
8245,15,1359.7199999999993,4,865.2599999999998,move,improve
8246,15,1359.7199999999993,4,865.2599999999998,swap,notBad
8247,15,1359.7199999999993,4,865.2599999999998,move,improve
8248,15,1360.5199999999988,4,865.2599999999998,2opt,acceptBad
8249,15,1360.5199999999988,4,865.2599999999998,2opt,notBad
8250,15,1360.5199999999988,4,865.2599999999998,swap,notBad
8251,15,1360.5199999999988,4,865.2599999999998,swap,notBad
8252,15,1360.5199999999988,4,865.2599999999998,swap,notBad
8253,15,1360.5199999999988,4,865.2599999999998,2opt,notBad
8254,15,1360.5199999999988,4,865.2599999999998,move,improve
8255,15,1360.5199999999988,4,865.2599999999998,swap,notBad
8256,15,1360.5199999999988,4,865.2599999999998,swap,notBad
8257,15,1360.5199999999988,4,865.2599999999998,swap,notBad
8258,15,1360.5199999999988,4,865.2599999999998,2opt,notBad
8259,15,1360.5199999999988,4,865.2599999999998,move,improve
8260,15,1360.5199999999988,4,865.2599999999998,swap,notBad
8261,15,1360.5199999999988,4,865.2599999999998,2opt,notBad
8262,15,1360.5199999999988,4,865.2599999999998,2opt,notBad
8263,15,1360.5199999999988,4,865.2599999999998,2opt,notBad
8264,15,1360.5199999999988,4,865.2599999999998,move,improve
8265,15,1360.5199999999988,4,865.2599999999998,2opt,notBad
8266,15,1360.5199999999988,4,865.2599999999998,move,improve
8267,15,1360.5199999999988,4,865.2599999999998,swap,notBad
8268,15,1360.5199999999988,4,865.2599999999998,move,improve
8269,15,1360.5199999999988,4,865.2599999999998,swap,notBad
8270,15,1360.5199999999988,4,865.2599999999998,2opt,notBad
8271,15,1360.5199999999988,4,865.2599999999998,swap,notBad
8272,15,1360.5199999999988,4,865.2599999999998,move,improve
8273,15,1360.5199999999988,4,865.2599999999998,move,improve
8274,15,1360.5199999999988,4,865.2599999999998,move,notBad
8275,15,1340.5599999999986,4,865.2599999999998,swap,improve
8276,15,1340.5599999999986,4,865.2599999999998,2opt,notBad
8277,15,1340.5599999999986,4,865.2599999999998,2opt,notBad
8278,15,1340.5599999999986,4,865.2599999999998,move,improve
8279,15,1340.5599999999986,4,865.2599999999998,swap,notBad
8280,15,1340.5599999999986,4,865.2599999999998,swap,notBad
8281,15,1340.5599999999986,4,865.2599999999998,swap,notBad
8282,15,1340.5599999999986,4,865.2599999999998,swap,notBad
8283,15,1340.5599999999986,4,865.2599999999998,move,improve
8284,15,1340.5599999999986,4,865.2599999999998,swap,notBad
8285,15,1340.5599999999986,4,865.2599999999998,swap,notBad
8286,15,1340.5599999999986,4,865.2599999999998,swap,notBad
8287,15,1340.5599999999986,4,865.2599999999998,move,improve
8288,15,1340.5599999999986,4,865.2599999999998,2opt,notBad
8289,15,1340.5599999999986,4,865.2599999999998,move,improve
8290,15,1340.5599999999986,4,865.2599999999998,swap,notBad
8291,15,1340.5599999999986,4,865.2599999999998,move,improve
8292,15,1340.5599999999986,4,865.2599999999998,2opt,notBad
8293,15,1340.5599999999986,4,865.2599999999998,2opt,notBad
8294,15,1340.5599999999986,4,865.2599999999998,swap,notBad
8295,15,1340.5599999999986,4,865.2599999999998,move,improve
8296,15,1340.5599999999986,4,865.2599999999998,move,improve
8297,15,1340.5599999999986,4,865.2599999999998,swap,notBad
8298,15,1340.5599999999986,4,865.2599999999998,2opt,notBad
8299,15,1340.5599999999986,4,865.2599999999998,swap,notBad
8300,15,1340.5599999999986,4,865.2599999999998,move,improve
8301,15,1340.5599999999986,4,865.2599999999998,move,improve
8302,15,1340.5599999999986,4,865.2599999999998,move,improve
8303,15,1340.5599999999986,4,865.2599999999998,2opt,notBad
8304,15,1340.5599999999986,4,865.2599999999998,swap,notBad
8305,15,1340.5599999999986,4,865.2599999999998,move,improve
8306,15,1340.5599999999986,4,865.2599999999998,swap,notBad
8307,15,1340.5599999999986,4,865.2599999999998,2opt,notBad
8308,15,1340.5599999999986,4,865.2599999999998,2opt,notBad
8309,15,1340.5599999999986,4,865.2599999999998,swap,notBad
8310,15,1340.5599999999986,4,865.2599999999998,2opt,notBad
8311,15,1340.5599999999986,4,865.2599999999998,swap,notBad
8312,15,1340.5599999999986,4,865.2599999999998,2opt,notBad
8313,15,1340.5599999999986,4,865.2599999999998,move,improve
8314,15,1340.5599999999986,4,865.2599999999998,2opt,notBad
8315,15,1340.5599999999986,4,865.2599999999998,swap,notBad
8316,15,1340.5599999999986,4,865.2599999999998,swap,notBad
8317,15,1340.5599999999986,4,865.2599999999998,swap,notBad
8318,15,1340.5599999999986,4,865.2599999999998,swap,notBad
8319,15,1340.5599999999986,4,865.2599999999998,swap,notBad
8320,15,1340.5599999999986,4,865.2599999999998,swap,notBad
8321,15,1340.5599999999986,4,865.2599999999998,2opt,notBad
8322,15,1340.5599999999986,4,865.2599999999998,swap,notBad
8323,15,1340.5599999999986,4,865.2599999999998,move,improve
8324,15,1340.5599999999986,4,865.2599999999998,move,improve
8325,15,1340.5599999999986,4,865.2599999999998,swap,notBad
8326,15,1340.5599999999986,4,865.2599999999998,move,improve
8327,15,1340.5599999999986,4,865.2599999999998,move,improve
8328,15,1340.5599999999986,4,865.2599999999998,swap,notBad
8329,15,1340.5599999999986,4,865.2599999999998,2opt,notBad
8330,15,1340.5599999999986,4,865.2599999999998,2opt,notBad
8331,15,1340.5599999999986,4,865.2599999999998,swap,notBad
8332,15,1340.5599999999986,4,865.2599999999998,move,improve
8333,15,1340.5599999999986,4,865.2599999999998,move,improve
8334,15,1340.5599999999986,4,865.2599999999998,swap,notBad
8335,15,1340.5599999999986,4,865.2599999999998,swap,notBad
8336,15,1340.5599999999986,4,865.2599999999998,swap,notBad
8337,15,1340.5599999999986,4,865.2599999999998,move,improve
8338,15,1340.5599999999986,4,865.2599999999998,swap,notBad
8339,15,1340.5599999999986,4,865.2599999999998,swap,notBad
8340,15,1340.5599999999986,4,865.2599999999998,2opt,notBad
8341,15,1340.5599999999986,4,865.2599999999998,2opt,notBad
8342,15,1340.5599999999986,4,865.2599999999998,move,improve
8343,15,1340.5599999999986,4,865.2599999999998,move,improve
8344,15,1340.5599999999986,4,865.2599999999998,swap,notBad
8345,15,1340.5599999999986,4,865.2599999999998,swap,notBad
8346,15,1340.5599999999986,4,865.2599999999998,swap,notBad
8347,15,1340.5599999999986,4,865.2599999999998,2opt,notBad
8348,15,1340.5599999999986,4,865.2599999999998,swap,notBad
8349,15,1340.5599999999986,4,865.2599999999998,2opt,notBad
8350,15,1340.5599999999986,4,865.2599999999998,2opt,notBad
8351,15,1340.5599999999986,4,865.2599999999998,swap,notBad
8352,15,1340.5599999999986,4,865.2599999999998,move,improve
8353,15,1340.5599999999986,4,865.2599999999998,swap,notBad
8354,15,1340.5599999999986,4,865.2599999999998,swap,notBad
8355,15,1340.5599999999986,4,865.2599999999998,swap,notBad
8356,15,1340.5599999999986,4,865.2599999999998,2opt,notBad
8357,15,1340.5599999999986,4,865.2599999999998,swap,notBad
8358,15,1340.5599999999986,4,865.2599999999998,2opt,notBad
8359,15,1340.5599999999986,4,865.2599999999998,swap,notBad
8360,15,1340.5599999999986,4,865.2599999999998,2opt,notBad
8361,15,1340.5599999999986,4,865.2599999999998,swap,notBad
8362,15,1340.5599999999986,4,865.2599999999998,2opt,notBad
8363,15,1340.5599999999986,4,865.2599999999998,swap,notBad
8364,15,1340.5599999999986,4,865.2599999999998,swap,notBad
8365,15,1340.5599999999986,4,865.2599999999998,move,improve
8366,15,1340.5599999999986,4,865.2599999999998,2opt,notBad
8367,15,1340.5599999999986,4,865.2599999999998,move,improve
8368,15,1340.5599999999986,4,865.2599999999998,swap,notBad
8369,15,1340.5599999999986,4,865.2599999999998,2opt,notBad
8370,15,1340.5599999999986,4,865.2599999999998,move,improve
8371,15,1340.5599999999986,4,865.2599999999998,2opt,notBad
8372,15,1340.5599999999986,4,865.2599999999998,move,improve
8373,15,1340.5599999999986,4,865.2599999999998,move,improve
8374,15,1340.5599999999986,4,865.2599999999998,swap,notBad
8375,15,1340.5599999999986,4,865.2599999999998,move,improve
8376,15,1340.5599999999986,4,865.2599999999998,swap,notBad
8377,15,1340.5599999999986,4,865.2599999999998,2opt,notBad
8378,15,1340.5599999999986,4,865.2599999999998,2opt,notBad
8379,15,1340.5599999999986,4,865.2599999999998,move,improve
8380,15,1340.5599999999986,4,865.2599999999998,swap,notBad
8381,15,1340.5599999999986,4,865.2599999999998,move,improve
8382,15,1340.5599999999986,4,865.2599999999998,swap,notBad
8383,15,1340.5599999999986,4,865.2599999999998,swap,notBad
8384,15,1340.5599999999986,4,865.2599999999998,move,improve
8385,15,1340.5599999999986,4,865.2599999999998,swap,notBad
8386,15,1340.5599999999986,4,865.2599999999998,move,improve
8387,15,1340.5599999999986,4,865.2599999999998,2opt,notBad
8388,15,1340.5599999999986,4,865.2599999999998,2opt,notBad
8389,15,1340.5599999999986,4,865.2599999999998,swap,notBad
8390,15,1340.5599999999986,4,865.2599999999998,move,improve
8391,15,1340.5599999999986,4,865.2599999999998,swap,notBad
8392,15,1340.5599999999986,4,865.2599999999998,move,improve
8393,15,1340.5599999999986,4,865.2599999999998,swap,notBad
8394,15,1340.5599999999986,4,865.2599999999998,swap,notBad
8395,15,1340.5599999999986,4,865.2599999999998,2opt,improve
8396,15,1340.6399999999983,4,865.2599999999998,2opt,acceptBad
8397,15,1340.6399999999983,4,865.2599999999998,swap,notBad
8398,15,1340.6399999999983,4,865.2599999999998,move,improve
8399,15,1340.6399999999983,4,865.2599999999998,2opt,notBad
8400,15,1340.6399999999983,4,865.2599999999998,2opt,notBad
8401,15,1340.6399999999983,4,865.2599999999998,2opt,notBad
8402,15,1340.6399999999983,4,865.2599999999998,swap,notBad
8403,15,1344.0399999999981,4,865.2599999999998,swap,acceptBad
8404,15,1344.0399999999981,4,865.2599999999998,2opt,notBad
8405,15,1344.0399999999981,4,865.2599999999998,swap,notBad
8406,15,1344.0399999999981,4,865.2599999999998,2opt,notBad
8407,15,1344.0399999999981,4,865.2599999999998,2opt,notBad
8408,15,1344.0399999999981,4,865.2599999999998,2opt,notBad
8409,15,1344.0399999999981,4,865.2599999999998,2opt,notBad
8410,15,1344.0399999999981,4,865.2599999999998,2opt,notBad
8411,15,1344.0399999999981,4,865.2599999999998,2opt,notBad
8412,15,1344.0399999999981,4,865.2599999999998,2opt,notBad
8413,15,1344.0399999999981,4,865.2599999999998,swap,notBad
8414,15,1344.0399999999981,4,865.2599999999998,swap,notBad
8415,15,1344.0399999999981,4,865.2599999999998,swap,notBad
8416,15,1344.0399999999981,4,865.2599999999998,move,improve
8417,15,1344.0399999999981,4,865.2599999999998,move,improve
8418,15,1344.0399999999981,4,865.2599999999998,swap,notBad
8419,15,1344.0399999999981,4,865.2599999999998,move,improve
8420,15,1344.0399999999981,4,865.2599999999998,swap,notBad
8421,15,1344.0399999999981,4,865.2599999999998,swap,notBad
8422,15,1344.0399999999981,4,865.2599999999998,swap,notBad
8423,15,1344.0399999999981,4,865.2599999999998,2opt,notBad
8424,15,1344.0399999999981,4,865.2599999999998,2opt,notBad
8425,15,1344.0399999999981,4,865.2599999999998,swap,notBad
8426,15,1344.0399999999981,4,865.2599999999998,move,improve
8427,15,1344.0399999999981,4,865.2599999999998,2opt,notBad
8428,15,1344.0399999999981,4,865.2599999999998,move,improve
8429,15,1344.0399999999981,4,865.2599999999998,2opt,notBad
8430,15,1344.0399999999981,4,865.2599999999998,swap,notBad
8431,15,1344.0399999999981,4,865.2599999999998,swap,notBad
8432,15,1344.0399999999981,4,865.2599999999998,swap,notBad
8433,15,1344.0399999999981,4,865.2599999999998,swap,notBad
8434,15,1344.0399999999981,4,865.2599999999998,swap,notBad
8435,15,1344.0399999999981,4,865.2599999999998,2opt,notBad
8436,15,1344.0399999999981,4,865.2599999999998,2opt,notBad
8437,15,1344.0399999999981,4,865.2599999999998,2opt,notBad
8438,15,1344.0399999999981,4,865.2599999999998,move,improve
8439,15,1344.0399999999981,4,865.2599999999998,2opt,notBad
8440,15,1344.0399999999981,4,865.2599999999998,2opt,notBad
8441,15,1344.0399999999981,4,865.2599999999998,2opt,notBad
8442,15,1344.0399999999981,4,865.2599999999998,move,improve
8443,15,1344.0399999999981,4,865.2599999999998,move,improve
8444,15,1344.0399999999981,4,865.2599999999998,2opt,notBad
8445,15,1344.0399999999981,4,865.2599999999998,swap,notBad
8446,15,1344.0399999999981,4,865.2599999999998,move,improve
8447,15,1344.0399999999981,4,865.2599999999998,move,improve
8448,15,1344.0399999999981,4,865.2599999999998,swap,notBad
8449,15,1344.0399999999981,4,865.2599999999998,2opt,notBad
8450,15,1340.6399999999983,4,865.2599999999998,move,improve
8451,15,1340.6399999999983,4,865.2599999999998,move,improve
8452,15,1340.6399999999983,4,865.2599999999998,swap,notBad
8453,15,1340.6399999999983,4,865.2599999999998,swap,notBad
8454,15,1340.6399999999983,4,865.2599999999998,swap,notBad
8455,15,1340.6399999999983,4,865.2599999999998,move,improve
8456,15,1340.6399999999983,4,865.2599999999998,swap,notBad
8457,15,1340.6399999999983,4,865.2599999999998,swap,notBad
8458,15,1340.6399999999983,4,865.2599999999998,swap,notBad
8459,15,1340.6399999999983,4,865.2599999999998,move,improve
8460,15,1340.6399999999983,4,865.2599999999998,move,improve
8461,15,1340.6399999999983,4,865.2599999999998,move,improve
8462,15,1340.6399999999983,4,865.2599999999998,move,improve
8463,15,1340.6399999999983,4,865.2599999999998,swap,notBad
8464,15,1340.6399999999983,4,865.2599999999998,move,improve
8465,15,1340.6399999999983,4,865.2599999999998,swap,notBad
8466,15,1340.6399999999983,4,865.2599999999998,swap,notBad
8467,15,1340.6399999999983,4,865.2599999999998,swap,notBad
8468,15,1340.6399999999983,4,865.2599999999998,move,improve
8469,15,1340.6399999999983,4,865.2599999999998,swap,notBad
8470,15,1340.6399999999983,4,865.2599999999998,move,improve
8471,15,1340.6399999999983,4,865.2599999999998,swap,notBad
8472,15,1340.6399999999983,4,865.2599999999998,2opt,notBad
8473,15,1340.6399999999983,4,865.2599999999998,2opt,notBad
8474,15,1340.6399999999983,4,865.2599999999998,move,improve
8475,15,1340.6399999999983,4,865.2599999999998,2opt,notBad
8476,15,1340.6399999999983,4,865.2599999999998,2opt,notBad
8477,15,1340.6399999999983,4,865.2599999999998,2opt,notBad
8478,15,1340.6399999999983,4,865.2599999999998,swap,notBad
8479,15,1340.6399999999983,4,865.2599999999998,2opt,notBad
8480,15,1340.6399999999983,4,865.2599999999998,swap,notBad
8481,15,1340.6399999999983,4,865.2599999999998,move,improve
8482,15,1340.6399999999983,4,865.2599999999998,2opt,notBad
8483,15,1340.6399999999983,4,865.2599999999998,move,improve
8484,15,1340.6399999999983,4,865.2599999999998,swap,notBad
8485,15,1340.6399999999983,4,865.2599999999998,2opt,notBad
8486,15,1340.6399999999983,4,865.2599999999998,move,improve
8487,15,1340.6399999999983,4,865.2599999999998,move,improve
8488,15,1340.6399999999983,4,865.2599999999998,swap,notBad
8489,15,1340.6399999999983,4,865.2599999999998,move,improve
8490,15,1340.6399999999983,4,865.2599999999998,2opt,notBad
8491,15,1340.6399999999983,4,865.2599999999998,swap,notBad
8492,15,1340.5599999999981,4,865.2599999999998,move,improve
8493,15,1340.5599999999981,4,865.2599999999998,move,improve
8494,15,1340.5599999999981,4,865.2599999999998,move,improve
8495,15,1340.5599999999981,4,865.2599999999998,move,notBad
8496,15,1340.5599999999981,4,865.2599999999998,swap,notBad
8497,15,1340.5599999999981,4,865.2599999999998,move,improve
8498,15,1340.5599999999981,4,865.2599999999998,swap,notBad
8499,15,1340.5599999999981,4,865.2599999999998,move,improve
8500,15,1340.5599999999981,4,865.2599999999998,move,improve
8501,15,1340.5599999999981,4,865.2599999999998,2opt,notBad
8502,15,1340.5599999999981,4,865.2599999999998,2opt,notBad
8503,15,1340.5599999999981,4,865.2599999999998,move,improve
8504,15,1340.5599999999981,4,865.2599999999998,move,improve
8505,15,1340.5599999999981,4,865.2599999999998,2opt,notBad
8506,15,1340.5599999999981,4,865.2599999999998,swap,notBad
8507,15,1340.5599999999981,4,865.2599999999998,swap,notBad
8508,15,1340.5599999999981,4,865.2599999999998,2opt,notBad
8509,15,1340.5599999999981,4,865.2599999999998,2opt,notBad
8510,15,1340.5599999999981,4,865.2599999999998,swap,notBad
8511,15,1340.5599999999981,4,865.2599999999998,swap,notBad
8512,15,1340.5599999999981,4,865.2599999999998,2opt,notBad
8513,15,1340.5599999999981,4,865.2599999999998,2opt,improve
8514,15,1340.5599999999981,4,865.2599999999998,move,improve
8515,15,1340.5599999999981,4,865.2599999999998,2opt,notBad
8516,15,1340.5599999999981,4,865.2599999999998,swap,notBad
8517,15,1340.5599999999981,4,865.2599999999998,2opt,notBad
8518,15,1340.5599999999981,4,865.2599999999998,2opt,notBad
8519,15,1340.5599999999981,4,865.2599999999998,2opt,notBad
8520,15,1340.5599999999981,4,865.2599999999998,swap,notBad
8521,15,1340.5599999999981,4,865.2599999999998,swap,notBad
8522,15,1340.5599999999981,4,865.2599999999998,2opt,notBad
8523,15,1340.5599999999981,4,865.2599999999998,move,improve
8524,15,1340.5599999999981,4,865.2599999999998,move,improve
8525,15,1340.5599999999981,4,865.2599999999998,swap,notBad
8526,15,1340.5599999999981,4,865.2599999999998,2opt,notBad
8527,15,1340.5599999999981,4,865.2599999999998,swap,notBad
8528,15,1340.5599999999981,4,865.2599999999998,move,improve
8529,15,1340.5599999999981,4,865.2599999999998,move,improve
8530,15,1340.5599999999981,4,865.2599999999998,2opt,notBad
8531,15,1340.5599999999981,4,865.2599999999998,2opt,notBad
8532,15,1340.5599999999981,4,865.2599999999998,swap,notBad
8533,15,1340.5599999999981,4,865.2599999999998,2opt,notBad
8534,15,1340.5599999999981,4,865.2599999999998,move,improve
8535,15,1340.5599999999981,4,865.2599999999998,move,improve
8536,15,1340.5599999999981,4,865.2599999999998,swap,notBad
8537,15,1340.5599999999981,4,865.2599999999998,swap,notBad
8538,15,1340.5599999999981,4,865.2599999999998,move,improve
8539,15,1340.5599999999981,4,865.2599999999998,2opt,notBad
8540,15,1340.5599999999981,4,865.2599999999998,swap,notBad
8541,15,1340.5599999999981,4,865.2599999999998,move,improve
8542,15,1340.5599999999981,4,865.2599999999998,2opt,notBad
8543,15,1340.5599999999981,4,865.2599999999998,swap,notBad
8544,15,1340.5599999999981,4,865.2599999999998,swap,notBad
8545,15,1340.5599999999981,4,865.2599999999998,2opt,notBad
8546,15,1340.5599999999981,4,865.2599999999998,move,improve
8547,15,1340.5599999999981,4,865.2599999999998,2opt,notBad
8548,15,1340.5599999999981,4,865.2599999999998,2opt,notBad
8549,15,1340.5599999999981,4,865.2599999999998,2opt,notBad
8550,15,1340.5599999999981,4,865.2599999999998,2opt,notBad
8551,15,1340.5599999999981,4,865.2599999999998,move,improve
8552,15,1340.5599999999981,4,865.2599999999998,2opt,notBad
8553,15,1340.5599999999981,4,865.2599999999998,2opt,notBad
8554,15,1340.5599999999981,4,865.2599999999998,swap,notBad
8555,15,1340.5599999999981,4,865.2599999999998,2opt,notBad
8556,15,1340.5599999999981,4,865.2599999999998,2opt,notBad
8557,15,1340.5599999999981,4,865.2599999999998,move,improve
8558,15,1340.5599999999981,4,865.2599999999998,swap,notBad
8559,15,1340.5599999999981,4,865.2599999999998,swap,notBad
8560,15,1340.5599999999981,4,865.2599999999998,swap,notBad
8561,15,1340.5599999999981,4,865.2599999999998,2opt,notBad
8562,15,1340.5599999999981,4,865.2599999999998,swap,notBad
8563,15,1340.5599999999981,4,865.2599999999998,2opt,notBad
8564,15,1340.5599999999981,4,865.2599999999998,move,improve
8565,15,1340.5599999999981,4,865.2599999999998,2opt,notBad
8566,15,1340.5599999999981,4,865.2599999999998,2opt,improve
8567,15,1340.5599999999981,4,865.2599999999998,2opt,improve
8568,15,1340.5599999999981,4,865.2599999999998,2opt,notBad
8569,15,1340.5599999999981,4,865.2599999999998,move,improve
8570,15,1340.5599999999981,4,865.2599999999998,move,improve
8571,15,1340.5599999999981,4,865.2599999999998,move,improve
8572,15,1340.5599999999981,4,865.2599999999998,2opt,notBad
8573,15,1340.5599999999981,4,865.2599999999998,2opt,notBad
8574,15,1340.5599999999981,4,865.2599999999998,move,notBad
8575,15,1340.5599999999981,4,865.2599999999998,move,improve
8576,15,1340.5599999999981,4,865.2599999999998,swap,notBad
8577,15,1340.5599999999981,4,865.2599999999998,swap,notBad
8578,15,1340.5599999999981,4,865.2599999999998,2opt,notBad
8579,15,1340.5599999999981,4,865.2599999999998,2opt,notBad
8580,15,1340.5599999999981,4,865.2599999999998,move,improve
8581,15,1340.5599999999981,4,865.2599999999998,2opt,notBad
8582,15,1340.5599999999981,4,865.2599999999998,move,improve
8583,15,1340.5599999999981,4,865.2599999999998,2opt,notBad
8584,15,1340.5599999999981,4,865.2599999999998,swap,notBad
8585,15,1340.5599999999981,4,865.2599999999998,2opt,notBad
8586,15,1340.5599999999981,4,865.2599999999998,move,improve
8587,15,1340.5599999999981,4,865.2599999999998,swap,notBad
8588,15,1340.5599999999981,4,865.2599999999998,move,improve
8589,15,1340.5599999999981,4,865.2599999999998,2opt,notBad
8590,15,1340.5599999999981,4,865.2599999999998,swap,notBad
8591,15,1340.5599999999981,4,865.2599999999998,2opt,notBad
8592,15,1340.5599999999981,4,865.2599999999998,swap,notBad
8593,15,1340.5599999999981,4,865.2599999999998,2opt,notBad
8594,15,1340.5599999999981,4,865.2599999999998,2opt,notBad
8595,15,1340.5599999999981,4,865.2599999999998,swap,notBad
8596,15,1340.5599999999981,4,865.2599999999998,2opt,notBad
8597,15,1340.5599999999981,4,865.2599999999998,2opt,notBad
8598,15,1340.5599999999981,4,865.2599999999998,swap,notBad
8599,15,1340.5599999999981,4,865.2599999999998,swap,notBad
8600,15,1340.5599999999981,4,865.2599999999998,2opt,notBad
8601,15,1340.5599999999981,4,865.2599999999998,2opt,notBad
8602,15,1340.5599999999981,4,865.2599999999998,move,improve
8603,15,1340.5599999999981,4,865.2599999999998,swap,notBad
8604,15,1340.5599999999981,4,865.2599999999998,swap,notBad
8605,15,1340.5599999999981,4,865.2599999999998,move,improve
8606,15,1340.5599999999981,4,865.2599999999998,move,improve
8607,15,1340.5599999999981,4,865.2599999999998,2opt,notBad
8608,15,1340.5599999999981,4,865.2599999999998,swap,notBad
8609,15,1340.5599999999981,4,865.2599999999998,swap,notBad
8610,15,1340.5599999999981,4,865.2599999999998,2opt,notBad
8611,15,1340.5599999999981,4,865.2599999999998,swap,notBad
8612,15,1340.5599999999981,4,865.2599999999998,move,improve
8613,15,1340.5599999999981,4,865.2599999999998,move,improve
8614,15,1340.5599999999981,4,865.2599999999998,2opt,notBad
8615,15,1340.5599999999981,4,865.2599999999998,2opt,notBad
8616,15,1340.5599999999981,4,865.2599999999998,swap,notBad
8617,15,1340.5599999999981,4,865.2599999999998,move,improve
8618,15,1340.5599999999981,4,865.2599999999998,2opt,notBad
8619,15,1340.5599999999981,4,865.2599999999998,2opt,notBad
8620,15,1340.5599999999981,4,865.2599999999998,swap,notBad
8621,15,1340.5599999999981,4,865.2599999999998,swap,notBad
8622,15,1340.5599999999981,4,865.2599999999998,move,improve
8623,15,1340.5599999999981,4,865.2599999999998,2opt,notBad
8624,15,1340.5599999999981,4,865.2599999999998,move,improve
8625,15,1337.0399999999984,4,865.2599999999998,swap,improve
8626,15,1337.0399999999984,4,865.2599999999998,move,improve
8627,15,1337.0399999999984,4,865.2599999999998,2opt,notBad
8628,15,1337.0399999999984,4,865.2599999999998,swap,notBad
8629,15,1337.0399999999984,4,865.2599999999998,move,improve
8630,15,1337.0399999999984,4,865.2599999999998,swap,notBad
8631,15,1337.0399999999984,4,865.2599999999998,move,improve
8632,15,1337.0399999999984,4,865.2599999999998,2opt,notBad
8633,15,1337.0399999999984,4,865.2599999999998,swap,notBad
8634,15,1337.0399999999984,4,865.2599999999998,swap,notBad
8635,15,1337.0399999999984,4,865.2599999999998,2opt,notBad
8636,15,1337.0399999999984,4,865.2599999999998,move,improve
8637,15,1337.0399999999984,4,865.2599999999998,swap,notBad
8638,15,1337.0399999999984,4,865.2599999999998,2opt,notBad
8639,15,1337.0399999999984,4,865.2599999999998,swap,notBad
8640,15,1337.0399999999984,4,865.2599999999998,2opt,improve
8641,15,1337.0399999999984,4,865.2599999999998,swap,notBad
8642,15,1337.0399999999984,4,865.2599999999998,swap,notBad
8643,15,1337.0399999999984,4,865.2599999999998,swap,notBad
8644,15,1337.0399999999984,4,865.2599999999998,swap,notBad
8645,15,1337.0399999999984,4,865.2599999999998,move,improve
8646,15,1337.0399999999984,4,865.2599999999998,2opt,notBad
8647,15,1337.0399999999984,4,865.2599999999998,move,improve
8648,15,1337.0399999999984,4,865.2599999999998,move,improve
8649,15,1337.0399999999984,4,865.2599999999998,2opt,notBad
8650,15,1337.0399999999984,4,865.2599999999998,2opt,notBad
8651,15,1337.0399999999984,4,865.2599999999998,move,improve
8652,15,1337.0399999999984,4,865.2599999999998,2opt,notBad
8653,15,1337.0399999999984,4,865.2599999999998,swap,notBad
8654,15,1337.0399999999984,4,865.2599999999998,move,improve
8655,15,1337.0399999999984,4,865.2599999999998,2opt,notBad
8656,15,1337.0399999999984,4,865.2599999999998,2opt,notBad
8657,15,1337.0399999999984,4,865.2599999999998,swap,notBad
8658,15,1337.0399999999984,4,865.2599999999998,move,improve
8659,15,1337.0399999999984,4,865.2599999999998,swap,notBad
8660,15,1337.0399999999984,4,865.2599999999998,move,improve
8661,15,1339.7199999999982,4,865.2599999999998,swap,acceptBad
8662,15,1339.7199999999982,4,865.2599999999998,2opt,notBad
8663,15,1339.7199999999982,4,865.2599999999998,swap,notBad
8664,15,1339.7199999999982,4,865.2599999999998,2opt,notBad
8665,15,1339.7199999999982,4,865.2599999999998,swap,notBad
8666,15,1339.7199999999982,4,865.2599999999998,swap,notBad
8667,15,1339.7199999999982,4,865.2599999999998,swap,notBad
8668,15,1339.7199999999982,4,865.2599999999998,swap,notBad
8669,15,1341.7599999999982,4,865.2599999999998,swap,acceptBad
8670,15,1341.7599999999982,4,865.2599999999998,2opt,notBad
8671,15,1341.7599999999982,4,865.2599999999998,swap,notBad
8672,15,1341.7599999999982,4,865.2599999999998,swap,notBad
8673,15,1341.7599999999982,4,865.2599999999998,swap,notBad
8674,15,1341.7599999999982,4,865.2599999999998,swap,notBad
8675,15,1345.8399999999983,4,865.2599999999998,swap,acceptBad
8676,15,1345.8399999999983,4,865.2599999999998,2opt,notBad
8677,15,1345.8399999999983,4,865.2599999999998,swap,notBad
8678,15,1345.8399999999983,4,865.2599999999998,swap,notBad
8679,15,1345.8399999999983,4,865.2599999999998,swap,notBad
8680,15,1345.8399999999983,4,865.2599999999998,swap,notBad
8681,15,1345.8399999999983,4,865.2599999999998,move,improve
8682,15,1345.8399999999983,4,865.2599999999998,move,improve
8683,15,1345.8399999999983,4,865.2599999999998,move,improve
8684,15,1345.8399999999983,4,865.2599999999998,2opt,notBad
8685,15,1345.8399999999983,4,865.2599999999998,2opt,notBad
8686,15,1345.8399999999983,4,865.2599999999998,2opt,notBad
8687,15,1345.8399999999983,4,865.2599999999998,move,improve
8688,15,1345.8399999999983,4,865.2599999999998,move,improve
8689,15,1345.8399999999983,4,865.2599999999998,2opt,notBad
8690,15,1345.8399999999983,4,865.2599999999998,2opt,notBad
8691,15,1345.8399999999983,4,865.2599999999998,2opt,notBad
8692,15,1345.8399999999983,4,865.2599999999998,swap,notBad
8693,15,1345.8399999999983,4,865.2599999999998,move,improve
8694,15,1345.8399999999983,4,865.2599999999998,swap,notBad
8695,15,1345.8399999999983,4,865.2599999999998,2opt,notBad
8696,15,1345.8399999999983,4,865.2599999999998,swap,notBad
8697,15,1345.8399999999983,4,865.2599999999998,swap,notBad
8698,15,1345.8399999999983,4,865.2599999999998,2opt,improve
8699,15,1345.8399999999983,4,865.2599999999998,2opt,notBad
8700,15,1345.8399999999983,4,865.2599999999998,move,improve
8701,15,1345.8399999999983,4,865.2599999999998,2opt,notBad
8702,15,1345.8399999999983,4,865.2599999999998,move,improve
8703,15,1344.5199999999977,4,865.2599999999998,move,improve
8704,15,1344.5199999999977,4,865.2599999999998,2opt,notBad
8705,15,1344.5199999999977,4,865.2599999999998,swap,notBad
8706,15,1344.5199999999977,4,865.2599999999998,swap,notBad
8707,15,1344.5199999999977,4,865.2599999999998,2opt,notBad
8708,15,1344.5199999999977,4,865.2599999999998,move,improve
8709,15,1344.5199999999977,4,865.2599999999998,swap,notBad
8710,15,1344.5199999999977,4,865.2599999999998,2opt,notBad
8711,15,1344.5199999999977,4,865.2599999999998,move,improve
8712,15,1343.5199999999977,4,865.2599999999998,move,improve
8713,15,1343.5199999999977,4,865.2599999999998,2opt,notBad
8714,15,1343.5199999999977,4,865.2599999999998,swap,notBad
8715,15,1343.5199999999977,4,865.2599999999998,swap,notBad
8716,15,1343.5199999999977,4,865.2599999999998,2opt,notBad
8717,15,1343.5199999999977,4,865.2599999999998,swap,notBad
8718,15,1343.5199999999977,4,865.2599999999998,move,improve
8719,15,1343.5199999999977,4,865.2599999999998,move,improve
8720,15,1343.5199999999977,4,865.2599999999998,swap,notBad
8721,15,1343.5199999999977,4,865.2599999999998,2opt,notBad
8722,15,1343.5199999999977,4,865.2599999999998,2opt,notBad
8723,15,1343.5199999999977,4,865.2599999999998,move,improve
8724,15,1343.5199999999977,4,865.2599999999998,move,improve
8725,15,1343.5199999999977,4,865.2599999999998,2opt,notBad
8726,15,1343.5199999999977,4,865.2599999999998,2opt,notBad
8727,15,1343.5199999999977,4,865.2599999999998,swap,notBad
8728,15,1343.5199999999977,4,865.2599999999998,2opt,notBad
8729,15,1343.5199999999977,4,865.2599999999998,move,improve
8730,15,1343.5199999999977,4,865.2599999999998,move,improve
8731,15,1343.5199999999977,4,865.2599999999998,swap,notBad
8732,15,1343.5199999999977,4,865.2599999999998,move,improve
8733,15,1343.5199999999977,4,865.2599999999998,move,improve
8734,15,1343.5199999999977,4,865.2599999999998,move,improve
8735,15,1343.5199999999977,4,865.2599999999998,2opt,notBad
8736,15,1343.5199999999977,4,865.2599999999998,move,improve
8737,15,1343.5199999999977,4,865.2599999999998,2opt,notBad
8738,15,1343.5199999999977,4,865.2599999999998,2opt,notBad
8739,15,1343.5199999999977,4,865.2599999999998,swap,notBad
8740,15,1343.5199999999977,4,865.2599999999998,2opt,notBad
8741,15,1343.5199999999977,4,865.2599999999998,swap,notBad
8742,15,1343.5199999999977,4,865.2599999999998,2opt,notBad
8743,15,1343.5199999999977,4,865.2599999999998,swap,notBad
8744,15,1343.5199999999977,4,865.2599999999998,2opt,notBad
8745,15,1343.5199999999977,4,865.2599999999998,move,improve
8746,15,1343.5199999999977,4,865.2599999999998,move,improve
8747,15,1343.5199999999977,4,865.2599999999998,move,improve
8748,15,1343.5199999999977,4,865.2599999999998,move,improve
8749,15,1343.5199999999977,4,865.2599999999998,move,improve
8750,15,1343.5199999999977,4,865.2599999999998,2opt,notBad
8751,15,1343.5199999999977,4,865.2599999999998,swap,notBad
8752,15,1343.5199999999977,4,865.2599999999998,2opt,notBad
8753,15,1343.5199999999977,4,865.2599999999998,2opt,notBad
8754,15,1343.5199999999977,4,865.2599999999998,swap,notBad
8755,15,1343.5199999999977,4,865.2599999999998,2opt,notBad
8756,15,1343.5199999999977,4,865.2599999999998,move,improve
8757,15,1341.6799999999982,4,865.2599999999998,move,improve
8758,15,1341.6799999999982,4,865.2599999999998,2opt,notBad
8759,15,1341.6799999999982,4,865.2599999999998,2opt,notBad
8760,15,1341.6799999999982,4,865.2599999999998,swap,notBad
8761,15,1341.6799999999982,4,865.2599999999998,move,improve
8762,15,1341.6799999999982,4,865.2599999999998,move,improve
8763,15,1341.6799999999982,4,865.2599999999998,swap,notBad
8764,15,1341.6799999999982,4,865.2599999999998,2opt,notBad
8765,15,1341.6799999999982,4,865.2599999999998,swap,notBad
8766,15,1341.6799999999982,4,865.2599999999998,2opt,notBad
8767,15,1341.6799999999982,4,865.2599999999998,swap,notBad
8768,15,1341.6799999999982,4,865.2599999999998,swap,notBad
8769,15,1341.6799999999982,4,865.2599999999998,swap,notBad
8770,15,1341.6799999999982,4,865.2599999999998,2opt,notBad
8771,15,1341.6799999999982,4,865.2599999999998,move,improve
8772,15,1341.6799999999982,4,865.2599999999998,move,improve
8773,15,1341.6799999999982,4,865.2599999999998,swap,notBad
8774,15,1341.6799999999982,4,865.2599999999998,swap,notBad
8775,15,1341.6799999999982,4,865.2599999999998,2opt,notBad
8776,15,1341.6799999999982,4,865.2599999999998,2opt,notBad
8777,15,1341.6799999999982,4,865.2599999999998,swap,notBad
8778,15,1341.6799999999982,4,865.2599999999998,swap,notBad
8779,15,1341.6799999999982,4,865.2599999999998,swap,notBad
8780,15,1341.6799999999982,4,865.2599999999998,2opt,improve
8781,15,1341.6799999999982,4,865.2599999999998,2opt,notBad
8782,15,1341.6799999999982,4,865.2599999999998,swap,notBad
8783,15,1341.6799999999982,4,865.2599999999998,move,improve
8784,15,1341.6799999999982,4,865.2599999999998,move,improve
8785,15,1341.6799999999982,4,865.2599999999998,2opt,notBad
8786,15,1341.6799999999982,4,865.2599999999998,swap,notBad
8787,15,1341.6799999999982,4,865.2599999999998,move,improve
8788,15,1341.6799999999982,4,865.2599999999998,move,improve
8789,15,1341.6799999999982,4,865.2599999999998,swap,notBad
8790,15,1341.6799999999982,4,865.2599999999998,2opt,notBad
8791,15,1341.6799999999982,4,865.2599999999998,move,improve
8792,15,1341.6799999999982,4,865.2599999999998,2opt,notBad
8793,15,1341.6799999999982,4,865.2599999999998,move,improve
8794,15,1341.6799999999982,4,865.2599999999998,2opt,notBad
8795,15,1341.679999999998,4,865.2599999999998,move,improve
8796,15,1341.679999999998,4,865.2599999999998,2opt,notBad
8797,15,1341.679999999998,4,865.2599999999998,2opt,notBad
8798,15,1341.679999999998,4,865.2599999999998,swap,notBad
8799,15,1341.679999999998,4,865.2599999999998,2opt,notBad
8800,15,1341.679999999998,4,865.2599999999998,2opt,notBad
8801,15,1341.679999999998,4,865.2599999999998,move,improve
8802,15,1341.679999999998,4,865.2599999999998,2opt,notBad
8803,15,1341.679999999998,4,865.2599999999998,2opt,notBad
8804,15,1341.679999999998,4,865.2599999999998,move,improve
8805,15,1341.679999999998,4,865.2599999999998,swap,notBad
8806,15,1341.679999999998,4,865.2599999999998,move,improve
8807,15,1341.679999999998,4,865.2599999999998,swap,notBad
8808,15,1341.679999999998,4,865.2599999999998,move,improve
8809,15,1341.679999999998,4,865.2599999999998,2opt,notBad
8810,15,1341.679999999998,4,865.2599999999998,swap,notBad
8811,15,1341.679999999998,4,865.2599999999998,move,improve
8812,15,1341.679999999998,4,865.2599999999998,2opt,notBad
8813,15,1341.679999999998,4,865.2599999999998,move,improve
8814,15,1341.679999999998,4,865.2599999999998,move,improve
8815,15,1341.679999999998,4,865.2599999999998,move,improve
8816,15,1341.679999999998,4,865.2599999999998,swap,notBad
8817,15,1341.679999999998,4,865.2599999999998,move,improve
8818,15,1341.679999999998,4,865.2599999999998,move,improve
8819,15,1341.679999999998,4,865.2599999999998,move,improve
8820,15,1341.679999999998,4,865.2599999999998,2opt,notBad
8821,15,1341.679999999998,4,865.2599999999998,move,improve
8822,15,1341.679999999998,4,865.2599999999998,move,improve
8823,15,1341.679999999998,4,865.2599999999998,move,improve
8824,15,1341.679999999998,4,865.2599999999998,2opt,notBad
8825,15,1341.679999999998,4,865.2599999999998,2opt,notBad
8826,15,1341.679999999998,4,865.2599999999998,2opt,notBad
8827,15,1341.679999999998,4,865.2599999999998,2opt,notBad
8828,15,1341.679999999998,4,865.2599999999998,2opt,notBad
8829,15,1341.679999999998,4,865.2599999999998,move,improve
8830,15,1339.639999999998,4,865.2599999999998,move,improve
8831,15,1339.639999999998,4,865.2599999999998,swap,notBad
8832,15,1339.639999999998,4,865.2599999999998,swap,notBad
8833,15,1339.639999999998,4,865.2599999999998,2opt,notBad
8834,15,1339.639999999998,4,865.2599999999998,move,improve
8835,15,1339.639999999998,4,865.2599999999998,2opt,notBad
8836,15,1339.639999999998,4,865.2599999999998,move,improve
8837,15,1339.639999999998,4,865.2599999999998,move,improve
8838,15,1339.639999999998,4,865.2599999999998,2opt,improve
8839,15,1339.639999999998,4,865.2599999999998,move,improve
8840,15,1339.639999999998,4,865.2599999999998,swap,notBad
8841,15,1339.639999999998,4,865.2599999999998,swap,notBad
8842,15,1339.639999999998,4,865.2599999999998,move,improve
8843,15,1339.639999999998,4,865.2599999999998,2opt,notBad
8844,15,1339.639999999998,4,865.2599999999998,swap,notBad
8845,15,1339.639999999998,4,865.2599999999998,swap,notBad
8846,15,1339.639999999998,4,865.2599999999998,swap,notBad
8847,15,1339.639999999998,4,865.2599999999998,move,improve
8848,15,1339.639999999998,4,865.2599999999998,swap,notBad
8849,15,1339.639999999998,4,865.2599999999998,move,improve
8850,15,1339.639999999998,4,865.2599999999998,2opt,notBad
8851,15,1339.639999999998,4,865.2599999999998,move,improve
8852,15,1339.639999999998,4,865.2599999999998,2opt,notBad
8853,15,1339.639999999998,4,865.2599999999998,move,improve
8854,15,1339.639999999998,4,865.2599999999998,move,improve
8855,15,1339.639999999998,4,865.2599999999998,2opt,improve
8856,15,1339.639999999998,4,865.2599999999998,swap,notBad
8857,15,1338.599999999998,4,865.2599999999998,move,improve
8858,15,1338.599999999998,4,865.2599999999998,2opt,notBad
8859,15,1338.599999999998,4,865.2599999999998,2opt,notBad
8860,15,1338.599999999998,4,865.2599999999998,swap,notBad
8861,15,1338.599999999998,4,865.2599999999998,2opt,notBad
8862,15,1338.599999999998,4,865.2599999999998,move,improve
8863,15,1338.599999999998,4,865.2599999999998,2opt,notBad
8864,15,1338.599999999998,4,865.2599999999998,move,improve
8865,15,1338.599999999998,4,865.2599999999998,swap,notBad
8866,15,1338.599999999998,4,865.2599999999998,move,improve
8867,15,1338.599999999998,4,865.2599999999998,swap,notBad
8868,15,1338.599999999998,4,865.2599999999998,swap,notBad
8869,15,1338.599999999998,4,865.2599999999998,2opt,notBad
8870,15,1340.599999999998,4,865.2599999999998,swap,acceptBad
8871,15,1340.599999999998,4,865.2599999999998,swap,notBad
8872,15,1340.599999999998,4,865.2599999999998,2opt,notBad
8873,15,1340.599999999998,4,865.2599999999998,swap,notBad
8874,15,1340.599999999998,4,865.2599999999998,2opt,notBad
8875,15,1340.599999999998,4,865.2599999999998,swap,notBad
8876,15,1340.599999999998,4,865.2599999999998,swap,notBad
8877,15,1338.599999999998,4,865.2599999999998,move,improve
8878,15,1338.599999999998,4,865.2599999999998,2opt,notBad
8879,15,1338.599999999998,4,865.2599999999998,2opt,notBad
8880,15,1338.599999999998,4,865.2599999999998,2opt,notBad
8881,15,1338.599999999998,4,865.2599999999998,swap,notBad
8882,15,1338.599999999998,4,865.2599999999998,swap,notBad
8883,15,1338.599999999998,4,865.2599999999998,move,improve
8884,15,1338.599999999998,4,865.2599999999998,2opt,notBad
8885,15,1338.599999999998,4,865.2599999999998,move,improve
8886,15,1338.599999999998,4,865.2599999999998,move,notBad
8887,15,1338.599999999998,4,865.2599999999998,swap,notBad
8888,15,1338.599999999998,4,865.2599999999998,swap,notBad
8889,15,1338.599999999998,4,865.2599999999998,2opt,notBad
8890,15,1338.599999999998,4,865.2599999999998,2opt,notBad
8891,15,1338.599999999998,4,865.2599999999998,2opt,notBad
8892,15,1338.599999999998,4,865.2599999999998,move,improve
8893,15,1338.599999999998,4,865.2599999999998,move,improve
8894,15,1336.5599999999981,4,865.2599999999998,move,improve
8895,15,1336.5599999999981,4,865.2599999999998,2opt,notBad
8896,15,1336.5599999999981,4,865.2599999999998,move,improve
8897,15,1336.5599999999981,4,865.2599999999998,2opt,notBad
8898,15,1336.5599999999981,4,865.2599999999998,2opt,notBad
8899,15,1336.5599999999981,4,865.2599999999998,2opt,notBad
8900,15,1336.5599999999981,4,865.2599999999998,swap,notBad
8901,15,1336.5599999999981,4,865.2599999999998,move,improve
8902,15,1336.5599999999981,4,865.2599999999998,swap,notBad
8903,15,1336.5599999999981,4,865.2599999999998,move,improve
8904,15,1336.5599999999981,4,865.2599999999998,move,improve
8905,15,1336.5599999999981,4,865.2599999999998,swap,notBad
8906,15,1336.5599999999981,4,865.2599999999998,swap,notBad
8907,15,1336.5599999999981,4,865.2599999999998,swap,notBad
8908,15,1336.5599999999981,4,865.2599999999998,2opt,notBad
8909,15,1339.519999999998,4,865.2599999999998,swap,acceptBad
8910,15,1339.519999999998,4,865.2599999999998,2opt,notBad
8911,15,1339.519999999998,4,865.2599999999998,swap,notBad
8912,15,1339.519999999998,4,865.2599999999998,2opt,notBad
8913,15,1339.519999999998,4,865.2599999999998,2opt,notBad
8914,15,1339.519999999998,4,865.2599999999998,move,improve
8915,15,1339.519999999998,4,865.2599999999998,2opt,notBad
8916,15,1339.519999999998,4,865.2599999999998,2opt,notBad
8917,15,1339.519999999998,4,865.2599999999998,swap,notBad
8918,15,1339.519999999998,4,865.2599999999998,2opt,notBad
8919,15,1339.519999999998,4,865.2599999999998,swap,notBad
8920,15,1339.519999999998,4,865.2599999999998,2opt,notBad
8921,15,1339.519999999998,4,865.2599999999998,move,improve
8922,15,1339.519999999998,4,865.2599999999998,2opt,notBad
8923,15,1339.519999999998,4,865.2599999999998,swap,notBad
8924,15,1339.519999999998,4,865.2599999999998,swap,notBad
8925,15,1339.519999999998,4,865.2599999999998,swap,notBad
8926,15,1339.519999999998,4,865.2599999999998,move,improve
8927,15,1339.519999999998,4,865.2599999999998,2opt,notBad
8928,15,1339.519999999998,4,865.2599999999998,swap,notBad
8929,15,1339.519999999998,4,865.2599999999998,move,notBad
8930,15,1339.519999999998,4,865.2599999999998,swap,notBad
8931,15,1339.519999999998,4,865.2599999999998,swap,notBad
8932,15,1339.519999999998,4,865.2599999999998,2opt,notBad
8933,15,1339.519999999998,4,865.2599999999998,swap,notBad
8934,15,1339.519999999998,4,865.2599999999998,swap,notBad
8935,15,1339.519999999998,4,865.2599999999998,2opt,notBad
8936,15,1339.519999999998,4,865.2599999999998,move,improve
8937,15,1339.519999999998,4,865.2599999999998,swap,notBad
8938,15,1339.519999999998,4,865.2599999999998,swap,notBad
8939,15,1339.519999999998,4,865.2599999999998,swap,notBad
8940,15,1339.519999999998,4,865.2599999999998,2opt,notBad
8941,15,1339.519999999998,4,865.2599999999998,2opt,notBad
8942,15,1339.519999999998,4,865.2599999999998,2opt,notBad
8943,15,1339.519999999998,4,865.2599999999998,move,improve
8944,15,1339.0399999999988,4,865.2599999999998,move,improve
8945,15,1339.0399999999988,4,865.2599999999998,move,improve
8946,15,1339.0399999999988,4,865.2599999999998,swap,notBad
8947,15,1339.0399999999988,4,865.2599999999998,move,improve
8948,15,1339.0399999999988,4,865.2599999999998,2opt,notBad
8949,15,1339.0399999999988,4,865.2599999999998,2opt,notBad
8950,15,1339.0399999999988,4,865.2599999999998,2opt,notBad
8951,15,1339.0399999999988,4,865.2599999999998,2opt,notBad
8952,15,1339.0399999999988,4,865.2599999999998,2opt,notBad
8953,15,1339.0399999999988,4,865.2599999999998,move,improve
8954,15,1339.0399999999988,4,865.2599999999998,swap,notBad
8955,15,1339.0399999999988,4,865.2599999999998,swap,notBad
8956,15,1339.0399999999988,4,865.2599999999998,swap,notBad
8957,15,1339.0399999999988,4,865.2599999999998,2opt,notBad
8958,15,1339.0399999999988,4,865.2599999999998,2opt,notBad
8959,15,1339.0399999999988,4,865.2599999999998,2opt,notBad
8960,15,1339.0399999999988,4,865.2599999999998,swap,notBad
8961,15,1339.0399999999988,4,865.2599999999998,move,improve
8962,15,1339.0399999999988,4,865.2599999999998,2opt,notBad
8963,15,1339.0399999999988,4,865.2599999999998,move,improve
8964,15,1339.0399999999988,4,865.2599999999998,move,improve
8965,15,1339.0399999999988,4,865.2599999999998,2opt,notBad
8966,15,1339.0399999999988,4,865.2599999999998,swap,notBad
8967,15,1339.0399999999988,4,865.2599999999998,swap,notBad
8968,15,1339.0399999999988,4,865.2599999999998,2opt,notBad
8969,15,1339.0399999999988,4,865.2599999999998,swap,notBad
8970,15,1339.0399999999988,4,865.2599999999998,swap,notBad
8971,15,1339.0399999999988,4,865.2599999999998,swap,notBad
8972,15,1339.0399999999988,4,865.2599999999998,2opt,notBad
8973,15,1339.0399999999988,4,865.2599999999998,2opt,improve
8974,15,1339.0399999999988,4,865.2599999999998,2opt,notBad
8975,15,1339.0399999999988,4,865.2599999999998,2opt,notBad
8976,15,1339.0399999999988,4,865.2599999999998,move,improve
8977,15,1339.0399999999988,4,865.2599999999998,swap,notBad
8978,15,1339.0399999999988,4,865.2599999999998,move,improve
8979,15,1339.0399999999988,4,865.2599999999998,move,notBad
8980,15,1339.0399999999988,4,865.2599999999998,swap,notBad
8981,15,1339.0399999999988,4,865.2599999999998,2opt,notBad
8982,15,1339.0399999999988,4,865.2599999999998,move,improve
8983,15,1339.0399999999988,4,865.2599999999998,2opt,notBad
8984,15,1339.0399999999988,4,865.2599999999998,swap,notBad
8985,15,1339.0399999999988,4,865.2599999999998,move,improve
8986,15,1339.0399999999988,4,865.2599999999998,swap,notBad
8987,15,1339.0399999999988,4,865.2599999999998,move,improve
8988,15,1339.0399999999988,4,865.2599999999998,swap,notBad
8989,15,1339.0399999999988,4,865.2599999999998,move,improve
8990,15,1339.0399999999988,4,865.2599999999998,move,improve
8991,15,1339.0399999999988,4,865.2599999999998,swap,notBad
8992,15,1339.0399999999988,4,865.2599999999998,swap,notBad
8993,15,1339.0399999999988,4,865.2599999999998,move,improve
8994,15,1339.0399999999988,4,865.2599999999998,2opt,notBad
8995,15,1339.0399999999988,4,865.2599999999998,2opt,notBad
8996,15,1339.0399999999988,4,865.2599999999998,swap,notBad
8997,15,1339.0399999999988,4,865.2599999999998,swap,notBad
8998,15,1339.0399999999988,4,865.2599999999998,2opt,notBad
8999,15,1339.0399999999988,4,865.2599999999998,2opt,improve
9000,15,1339.0399999999988,4,865.2599999999998,move,improve
9001,15,1339.0399999999988,4,865.2599999999998,swap,notBad
9002,15,1339.0399999999988,4,865.2599999999998,move,improve
9003,15,1339.0399999999988,4,865.2599999999998,move,improve
9004,15,1339.0399999999988,4,865.2599999999998,2opt,notBad
9005,15,1339.0399999999988,4,865.2599999999998,move,improve
9006,15,1339.0399999999988,4,865.2599999999998,swap,notBad
9007,15,1339.0399999999988,4,865.2599999999998,swap,notBad
9008,15,1339.0399999999988,4,865.2599999999998,move,improve
9009,15,1339.0399999999988,4,865.2599999999998,swap,notBad
9010,15,1339.0399999999988,4,865.2599999999998,2opt,notBad
9011,15,1339.0399999999988,4,865.2599999999998,swap,notBad
9012,15,1339.0399999999988,4,865.2599999999998,swap,notBad
9013,15,1339.0399999999988,4,865.2599999999998,move,improve
9014,15,1339.0399999999988,4,865.2599999999998,2opt,notBad
9015,15,1339.0399999999988,4,865.2599999999998,swap,notBad
9016,15,1339.0399999999988,4,865.2599999999998,move,improve
9017,15,1339.0399999999988,4,865.2599999999998,2opt,notBad
9018,15,1339.0399999999988,4,865.2599999999998,move,improve
9019,15,1339.0399999999988,4,865.2599999999998,swap,notBad
9020,15,1339.0399999999988,4,865.2599999999998,2opt,notBad
9021,15,1339.0399999999988,4,865.2599999999998,move,improve
9022,15,1339.0399999999988,4,865.2599999999998,swap,notBad
9023,15,1339.0399999999988,4,865.2599999999998,2opt,notBad
9024,15,1339.0399999999988,4,865.2599999999998,swap,notBad
9025,15,1339.0399999999988,4,865.2599999999998,swap,notBad
9026,15,1339.0399999999988,4,865.2599999999998,move,improve
9027,15,1339.0399999999988,4,865.2599999999998,move,improve
9028,15,1339.0399999999988,4,865.2599999999998,move,improve
9029,15,1339.0399999999988,4,865.2599999999998,swap,notBad
9030,15,1339.0399999999988,4,865.2599999999998,swap,notBad
9031,15,1339.0399999999988,4,865.2599999999998,move,improve
9032,15,1339.0399999999988,4,865.2599999999998,swap,notBad
9033,15,1339.0399999999988,4,865.2599999999998,swap,notBad
9034,15,1339.0399999999988,4,865.2599999999998,swap,notBad
9035,15,1339.0399999999988,4,865.2599999999998,move,improve
9036,15,1339.0399999999988,4,865.2599999999998,2opt,notBad
9037,15,1339.0399999999988,4,865.2599999999998,2opt,notBad
9038,15,1336.0799999999988,4,865.2599999999998,swap,improve
9039,15,1336.0799999999988,4,865.2599999999998,2opt,notBad
9040,15,1336.0799999999988,4,865.2599999999998,move,improve
9041,15,1336.0799999999988,4,865.2599999999998,swap,notBad
9042,15,1336.0799999999988,4,865.2599999999998,2opt,notBad
9043,15,1336.0799999999988,4,865.2599999999998,2opt,notBad
9044,15,1336.0799999999988,4,865.2599999999998,2opt,improve
9045,15,1336.0799999999988,4,865.2599999999998,2opt,notBad
9046,15,1336.0799999999988,4,865.2599999999998,swap,notBad
9047,15,1336.0799999999988,4,865.2599999999998,move,improve
9048,15,1336.0799999999988,4,865.2599999999998,move,improve
9049,15,1336.0799999999988,4,865.2599999999998,swap,notBad
9050,15,1336.0799999999988,4,865.2599999999998,2opt,notBad
9051,15,1336.0799999999988,4,865.2599999999998,2opt,notBad
9052,15,1336.0799999999988,4,865.2599999999998,swap,notBad
9053,15,1336.0799999999988,4,865.2599999999998,2opt,notBad
9054,15,1336.0799999999988,4,865.2599999999998,move,improve
9055,15,1336.0799999999988,4,865.2599999999998,2opt,notBad
9056,15,1336.0799999999988,4,865.2599999999998,2opt,notBad
9057,15,1336.0799999999988,4,865.2599999999998,2opt,notBad
9058,15,1336.0799999999988,4,865.2599999999998,2opt,notBad
9059,15,1336.0799999999988,4,865.2599999999998,swap,notBad
9060,15,1336.0799999999988,4,865.2599999999998,move,improve
9061,15,1336.0799999999988,4,865.2599999999998,swap,notBad
9062,15,1336.0799999999988,4,865.2599999999998,move,improve
9063,15,1336.0799999999988,4,865.2599999999998,2opt,notBad
9064,15,1336.0799999999988,4,865.2599999999998,swap,notBad
9065,15,1336.0799999999988,4,865.2599999999998,swap,notBad
9066,15,1336.0799999999988,4,865.2599999999998,move,improve
9067,15,1336.0799999999988,4,865.2599999999998,2opt,notBad
9068,15,1336.0799999999988,4,865.2599999999998,2opt,notBad
9069,15,1336.0799999999988,4,865.2599999999998,move,improve
9070,15,1336.0799999999988,4,865.2599999999998,move,improve
9071,15,1336.0799999999988,4,865.2599999999998,move,improve
9072,15,1336.0799999999988,4,865.2599999999998,swap,notBad
9073,15,1336.0799999999988,4,865.2599999999998,swap,notBad
9074,15,1336.0799999999988,4,865.2599999999998,swap,notBad
9075,15,1336.0799999999988,4,865.2599999999998,move,improve
9076,15,1336.0799999999988,4,865.2599999999998,move,improve
9077,15,1336.0799999999988,4,865.2599999999998,move,improve
9078,15,1336.0799999999988,4,865.2599999999998,move,improve
9079,15,1336.0799999999988,4,865.2599999999998,2opt,notBad
9080,15,1336.0799999999988,4,865.2599999999998,swap,notBad
9081,15,1336.0799999999988,4,865.2599999999998,2opt,notBad
9082,15,1336.0799999999988,4,865.2599999999998,swap,notBad
9083,15,1336.0799999999988,4,865.2599999999998,2opt,notBad
9084,15,1336.0799999999988,4,865.2599999999998,move,improve
9085,15,1336.0799999999988,4,865.2599999999998,2opt,notBad
9086,15,1336.0799999999988,4,865.2599999999998,move,improve
9087,15,1336.0799999999988,4,865.2599999999998,2opt,notBad
9088,15,1336.0799999999988,4,865.2599999999998,2opt,notBad
9089,15,1336.0799999999988,4,865.2599999999998,swap,notBad
9090,15,1336.0799999999988,4,865.2599999999998,move,improve
9091,15,1336.0799999999988,4,865.2599999999998,swap,notBad
9092,15,1336.0799999999988,4,865.2599999999998,swap,notBad
9093,15,1336.0799999999988,4,865.2599999999998,swap,notBad
9094,15,1336.0799999999988,4,865.2599999999998,2opt,notBad
9095,15,1336.0799999999988,4,865.2599999999998,move,improve
9096,15,1336.0799999999988,4,865.2599999999998,swap,notBad
9097,15,1336.0799999999988,4,865.2599999999998,move,improve
9098,15,1336.0799999999988,4,865.2599999999998,move,improve
9099,15,1336.0799999999988,4,865.2599999999998,swap,notBad
9100,15,1336.0799999999988,4,865.2599999999998,2opt,notBad
9101,15,1336.0799999999988,4,865.2599999999998,swap,notBad
9102,15,1336.0799999999988,4,865.2599999999998,swap,notBad
9103,15,1336.0799999999988,4,865.2599999999998,swap,notBad
9104,15,1336.0799999999988,4,865.2599999999998,swap,notBad
9105,15,1336.0799999999988,4,865.2599999999998,2opt,notBad
9106,15,1336.0799999999988,4,865.2599999999998,swap,notBad
9107,15,1336.0799999999988,4,865.2599999999998,2opt,notBad
9108,15,1336.0799999999988,4,865.2599999999998,swap,notBad
9109,15,1336.0799999999988,4,865.2599999999998,2opt,notBad
9110,15,1336.0799999999988,4,865.2599999999998,swap,notBad
9111,15,1336.0799999999988,4,865.2599999999998,move,improve
9112,15,1336.0799999999988,4,865.2599999999998,swap,notBad
9113,15,1336.0799999999988,4,865.2599999999998,swap,notBad
9114,15,1336.0799999999988,4,865.2599999999998,move,improve
9115,15,1336.0799999999988,4,865.2599999999998,swap,notBad
9116,15,1336.0799999999988,4,865.2599999999998,swap,notBad
9117,15,1336.0799999999988,4,865.2599999999998,swap,notBad
9118,15,1336.0799999999988,4,865.2599999999998,move,improve
9119,15,1336.0799999999988,4,865.2599999999998,2opt,notBad
9120,15,1336.0799999999988,4,865.2599999999998,move,improve
9121,15,1336.0799999999988,4,865.2599999999998,2opt,notBad
9122,15,1336.0799999999988,4,865.2599999999998,swap,notBad
9123,15,1336.0799999999988,4,865.2599999999998,swap,notBad
9124,15,1336.0799999999988,4,865.2599999999998,2opt,notBad
9125,15,1336.0799999999988,4,865.2599999999998,2opt,notBad
9126,15,1336.0799999999988,4,865.2599999999998,swap,notBad
9127,15,1336.0799999999988,4,865.2599999999998,2opt,notBad
9128,15,1338.0799999999988,4,865.2599999999998,swap,acceptBad
9129,15,1338.0799999999988,4,865.2599999999998,2opt,notBad
9130,15,1338.0799999999988,4,865.2599999999998,2opt,notBad
9131,15,1338.0799999999988,4,865.2599999999998,move,improve
9132,15,1338.0799999999988,4,865.2599999999998,move,improve
9133,15,1338.0799999999988,4,865.2599999999998,swap,notBad
9134,15,1338.0799999999988,4,865.2599999999998,move,improve
9135,15,1338.0799999999988,4,865.2599999999998,2opt,notBad
9136,15,1338.0799999999988,4,865.2599999999998,2opt,notBad
9137,15,1338.0799999999988,4,865.2599999999998,move,improve
9138,15,1338.0799999999988,4,865.2599999999998,2opt,notBad
9139,15,1336.1199999999988,4,865.2599999999998,move,improve
9140,15,1336.1199999999988,4,865.2599999999998,move,improve
9141,15,1336.1199999999988,4,865.2599999999998,move,improve
9142,15,1336.1199999999988,4,865.2599999999998,swap,notBad
9143,15,1336.1199999999988,4,865.2599999999998,move,improve
9144,15,1336.1199999999988,4,865.2599999999998,swap,notBad
9145,15,1336.1199999999988,4,865.2599999999998,move,improve
9146,15,1336.1199999999988,4,865.2599999999998,move,improve
9147,15,1336.1199999999988,4,865.2599999999998,swap,notBad
9148,15,1336.1199999999988,4,865.2599999999998,move,improve
9149,15,1336.1199999999988,4,865.2599999999998,2opt,notBad
9150,15,1336.1199999999988,4,865.2599999999998,swap,notBad
9151,15,1336.1199999999988,4,865.2599999999998,2opt,notBad
9152,15,1336.1199999999988,4,865.2599999999998,move,improve
9153,15,1336.1199999999988,4,865.2599999999998,swap,notBad
9154,15,1336.1199999999988,4,865.2599999999998,swap,notBad
9155,15,1336.1199999999988,4,865.2599999999998,swap,notBad
9156,15,1336.1199999999988,4,865.2599999999998,swap,notBad
9157,15,1336.1199999999988,4,865.2599999999998,move,improve
9158,15,1336.1199999999988,4,865.2599999999998,swap,notBad
9159,15,1336.1199999999988,4,865.2599999999998,move,improve
9160,15,1336.1199999999988,4,865.2599999999998,swap,notBad
9161,15,1336.1199999999988,4,865.2599999999998,2opt,notBad
9162,15,1336.1199999999988,4,865.2599999999998,2opt,notBad
9163,15,1336.1199999999988,4,865.2599999999998,move,improve
9164,15,1336.1199999999988,4,865.2599999999998,move,improve
9165,15,1336.1199999999988,4,865.2599999999998,swap,notBad
9166,15,1336.1199999999988,4,865.2599999999998,move,improve
9167,15,1336.1199999999988,4,865.2599999999998,move,improve
9168,15,1336.1199999999988,4,865.2599999999998,move,improve
9169,15,1336.1199999999988,4,865.2599999999998,swap,notBad
9170,15,1336.1199999999988,4,865.2599999999998,2opt,notBad
9171,15,1336.1199999999988,4,865.2599999999998,swap,notBad
9172,15,1336.1199999999988,4,865.2599999999998,2opt,notBad
9173,15,1336.1199999999988,4,865.2599999999998,swap,notBad
9174,15,1336.1199999999988,4,865.2599999999998,move,improve
9175,15,1336.1199999999988,4,865.2599999999998,swap,notBad
9176,15,1336.1199999999988,4,865.2599999999998,move,improve
9177,15,1336.1199999999988,4,865.2599999999998,2opt,notBad
9178,15,1336.1199999999988,4,865.2599999999998,2opt,notBad
9179,15,1336.1199999999988,4,865.2599999999998,move,improve
9180,15,1336.1199999999988,4,865.2599999999998,2opt,notBad
9181,15,1336.1199999999988,4,865.2599999999998,move,improve
9182,15,1336.1199999999988,4,865.2599999999998,move,improve
9183,15,1336.1199999999988,4,865.2599999999998,2opt,notBad
9184,15,1336.1199999999988,4,865.2599999999998,move,improve
9185,15,1336.1199999999988,4,865.2599999999998,swap,notBad
9186,15,1336.1199999999988,4,865.2599999999998,move,improve
9187,15,1336.1199999999988,4,865.2599999999998,2opt,notBad
9188,15,1336.1199999999988,4,865.2599999999998,2opt,notBad
9189,15,1336.1199999999988,4,865.2599999999998,move,improve
9190,15,1336.1199999999988,4,865.2599999999998,2opt,notBad
9191,15,1336.1199999999988,4,865.2599999999998,2opt,notBad
9192,15,1336.1199999999988,4,865.2599999999998,move,improve
9193,15,1336.1199999999988,4,865.2599999999998,swap,notBad
9194,15,1336.1199999999988,4,865.2599999999998,swap,notBad
9195,15,1336.1199999999988,4,865.2599999999998,2opt,notBad
9196,15,1336.1199999999988,4,865.2599999999998,2opt,notBad
9197,15,1336.1199999999988,4,865.2599999999998,2opt,notBad
9198,15,1336.1199999999988,4,865.2599999999998,2opt,notBad
9199,15,1336.1199999999988,4,865.2599999999998,swap,notBad
9200,15,1336.1199999999988,4,865.2599999999998,2opt,notBad
9201,15,1336.1199999999988,4,865.2599999999998,swap,notBad
9202,15,1336.1199999999988,4,865.2599999999998,2opt,notBad
9203,15,1336.1199999999988,4,865.2599999999998,swap,notBad
9204,15,1336.1199999999988,4,865.2599999999998,2opt,notBad
9205,15,1336.1199999999988,4,865.2599999999998,swap,notBad
9206,15,1336.1199999999988,4,865.2599999999998,2opt,notBad
9207,15,1336.1199999999988,4,865.2599999999998,move,improve
9208,15,1336.1199999999988,4,865.2599999999998,swap,notBad
9209,15,1336.1199999999988,4,865.2599999999998,swap,notBad
9210,15,1336.1199999999988,4,865.2599999999998,move,improve
9211,15,1336.1199999999988,4,865.2599999999998,swap,notBad
9212,15,1336.1199999999988,4,865.2599999999998,swap,notBad
9213,15,1336.1199999999988,4,865.2599999999998,2opt,notBad
9214,15,1336.1199999999988,4,865.2599999999998,2opt,notBad
9215,15,1336.1199999999988,4,865.2599999999998,2opt,notBad
9216,15,1336.1199999999988,4,865.2599999999998,move,improve
9217,15,1336.1199999999988,4,865.2599999999998,swap,notBad
9218,15,1336.1199999999988,4,865.2599999999998,move,improve
9219,15,1336.1199999999988,4,865.2599999999998,swap,notBad
9220,15,1336.1199999999988,4,865.2599999999998,swap,notBad
9221,15,1336.1199999999988,4,865.2599999999998,swap,notBad
9222,15,1336.1199999999988,4,865.2599999999998,move,improve
9223,15,1336.1199999999988,4,865.2599999999998,2opt,notBad
9224,15,1336.1199999999988,4,865.2599999999998,move,improve
9225,15,1336.1199999999988,4,865.2599999999998,2opt,notBad
9226,15,1336.1199999999988,4,865.2599999999998,2opt,notBad
9227,15,1336.1199999999988,4,865.2599999999998,2opt,notBad
9228,15,1336.1199999999988,4,865.2599999999998,2opt,notBad
9229,15,1336.1199999999988,4,865.2599999999998,move,improve
9230,15,1336.1199999999988,4,865.2599999999998,move,improve
9231,15,1336.1199999999988,4,865.2599999999998,2opt,notBad
9232,15,1336.1199999999988,4,865.2599999999998,swap,notBad
9233,15,1336.1199999999988,4,865.2599999999998,swap,notBad
9234,15,1336.1199999999988,4,865.2599999999998,2opt,improve
9235,15,1336.1199999999988,4,865.2599999999998,swap,notBad
9236,15,1336.1199999999988,4,865.2599999999998,2opt,notBad
9237,15,1336.1199999999988,4,865.2599999999998,swap,notBad
9238,15,1336.1199999999988,4,865.2599999999998,swap,notBad
9239,15,1336.1199999999988,4,865.2599999999998,swap,notBad
9240,15,1336.1199999999988,4,865.2599999999998,move,improve
9241,15,1336.1199999999988,4,865.2599999999998,move,improve
9242,15,1336.1199999999988,4,865.2599999999998,move,improve
9243,15,1336.1199999999988,4,865.2599999999998,move,improve
9244,15,1336.1199999999988,4,865.2599999999998,2opt,notBad
9245,15,1336.1199999999988,4,865.2599999999998,2opt,notBad
9246,15,1336.1199999999988,4,865.2599999999998,swap,notBad
9247,15,1336.1199999999988,4,865.2599999999998,swap,notBad
9248,15,1336.1199999999988,4,865.2599999999998,move,improve
9249,15,1336.1199999999988,4,865.2599999999998,swap,notBad
9250,15,1336.1199999999988,4,865.2599999999998,move,improve
9251,15,1336.1199999999988,4,865.2599999999998,swap,notBad
9252,15,1336.1199999999988,4,865.2599999999998,2opt,notBad
9253,15,1336.1199999999988,4,865.2599999999998,swap,notBad
9254,15,1336.1199999999988,4,865.2599999999998,swap,notBad
9255,15,1336.1199999999988,4,865.2599999999998,swap,notBad
9256,15,1336.1199999999988,4,865.2599999999998,move,improve
9257,15,1336.1199999999988,4,865.2599999999998,move,improve
9258,15,1336.1199999999988,4,865.2599999999998,2opt,notBad
9259,15,1336.1199999999988,4,865.2599999999998,swap,notBad
9260,15,1336.1199999999988,4,865.2599999999998,move,improve
9261,15,1336.1199999999988,4,865.2599999999998,swap,notBad
9262,15,1336.1199999999988,4,865.2599999999998,2opt,notBad
9263,15,1336.1199999999988,4,865.2599999999998,move,improve
9264,15,1336.1199999999988,4,865.2599999999998,2opt,notBad
9265,15,1336.1199999999988,4,865.2599999999998,move,improve
9266,15,1336.1199999999988,4,865.2599999999998,2opt,notBad
9267,15,1336.1199999999988,4,865.2599999999998,move,improve
9268,15,1336.1199999999988,4,865.2599999999998,move,improve
9269,15,1336.1199999999988,4,865.2599999999998,move,improve
9270,15,1336.1199999999988,4,865.2599999999998,swap,notBad
9271,15,1336.1199999999988,4,865.2599999999998,move,improve
9272,15,1336.1199999999988,4,865.2599999999998,swap,notBad
9273,15,1336.1199999999988,4,865.2599999999998,2opt,notBad
9274,15,1336.1199999999988,4,865.2599999999998,2opt,notBad
9275,15,1336.1199999999988,4,865.2599999999998,swap,notBad
9276,15,1336.1199999999988,4,865.2599999999998,move,improve
9277,15,1336.1199999999988,4,865.2599999999998,swap,notBad
9278,15,1336.1199999999988,4,865.2599999999998,swap,notBad
9279,15,1336.1199999999988,4,865.2599999999998,2opt,notBad
9280,15,1336.1199999999988,4,865.2599999999998,2opt,notBad
9281,15,1336.1199999999988,4,865.2599999999998,2opt,notBad
9282,15,1336.1199999999988,4,865.2599999999998,swap,notBad
9283,15,1336.1199999999988,4,865.2599999999998,move,improve
9284,15,1336.1199999999988,4,865.2599999999998,move,improve
9285,15,1336.1199999999988,4,865.2599999999998,2opt,notBad
9286,15,1336.1199999999988,4,865.2599999999998,2opt,notBad
9287,15,1336.1199999999988,4,865.2599999999998,2opt,notBad
9288,15,1336.1199999999988,4,865.2599999999998,move,improve
9289,15,1336.1199999999988,4,865.2599999999998,swap,notBad
9290,15,1336.1199999999988,4,865.2599999999998,move,improve
9291,15,1336.1199999999988,4,865.2599999999998,move,improve
9292,15,1336.1199999999988,4,865.2599999999998,move,improve
9293,15,1336.1199999999988,4,865.2599999999998,2opt,notBad
9294,15,1336.1199999999988,4,865.2599999999998,2opt,notBad
9295,15,1336.1199999999988,4,865.2599999999998,swap,notBad
9296,15,1336.1199999999988,4,865.2599999999998,move,improve
9297,15,1336.1199999999988,4,865.2599999999998,swap,notBad
9298,15,1336.1199999999988,4,865.2599999999998,swap,notBad
9299,15,1336.1199999999988,4,865.2599999999998,swap,notBad
9300,15,1336.1199999999988,4,865.2599999999998,2opt,notBad
9301,15,1336.1199999999988,4,865.2599999999998,2opt,notBad
9302,15,1336.1199999999988,4,865.2599999999998,move,improve
9303,15,1336.1199999999988,4,865.2599999999998,2opt,notBad
9304,15,1336.1199999999988,4,865.2599999999998,move,improve
9305,15,1336.1199999999988,4,865.2599999999998,move,improve
9306,15,1336.1199999999988,4,865.2599999999998,move,improve
9307,15,1336.1199999999988,4,865.2599999999998,move,improve
9308,15,1336.1199999999988,4,865.2599999999998,swap,notBad
9309,15,1336.1199999999988,4,865.2599999999998,swap,notBad
9310,15,1336.1199999999988,4,865.2599999999998,swap,notBad
9311,15,1336.1199999999988,4,865.2599999999998,2opt,notBad
9312,15,1336.1199999999988,4,865.2599999999998,swap,notBad
9313,15,1336.1199999999988,4,865.2599999999998,2opt,notBad
9314,15,1336.1199999999988,4,865.2599999999998,move,improve
9315,15,1336.1199999999988,4,865.2599999999998,2opt,notBad
9316,15,1336.1199999999988,4,865.2599999999998,move,improve
9317,15,1336.1199999999988,4,865.2599999999998,move,improve
9318,15,1336.1199999999988,4,865.2599999999998,swap,notBad
9319,15,1336.1199999999988,4,865.2599999999998,move,improve
9320,15,1336.1199999999988,4,865.2599999999998,move,improve
9321,15,1336.1199999999988,4,865.2599999999998,swap,notBad
9322,15,1336.1199999999988,4,865.2599999999998,swap,notBad
9323,15,1336.1199999999988,4,865.2599999999998,move,improve
9324,15,1336.1199999999988,4,865.2599999999998,move,improve
9325,15,1336.1199999999988,4,865.2599999999998,2opt,notBad
9326,15,1336.1199999999988,4,865.2599999999998,2opt,notBad
9327,15,1336.1199999999988,4,865.2599999999998,move,improve
9328,15,1336.1199999999988,4,865.2599999999998,2opt,notBad
9329,15,1336.1199999999988,4,865.2599999999998,2opt,notBad
9330,15,1336.1199999999988,4,865.2599999999998,move,improve
9331,15,1336.1199999999988,4,865.2599999999998,move,improve
9332,15,1336.1199999999988,4,865.2599999999998,move,improve
9333,15,1336.1199999999988,4,865.2599999999998,move,improve
9334,15,1336.1199999999988,4,865.2599999999998,2opt,notBad
9335,15,1336.1199999999988,4,865.2599999999998,move,improve
9336,15,1336.1199999999988,4,865.2599999999998,swap,notBad
9337,15,1336.1199999999988,4,865.2599999999998,2opt,notBad
9338,15,1336.1199999999988,4,865.2599999999998,2opt,notBad
9339,15,1336.1199999999988,4,865.2599999999998,2opt,notBad
9340,15,1336.1199999999988,4,865.2599999999998,swap,notBad
9341,15,1336.1199999999988,4,865.2599999999998,swap,notBad
9342,15,1336.1199999999988,4,865.2599999999998,2opt,notBad
9343,15,1336.1199999999988,4,865.2599999999998,swap,notBad
9344,15,1336.1199999999988,4,865.2599999999998,2opt,improve
9345,15,1336.1199999999988,4,865.2599999999998,2opt,notBad
9346,15,1336.1199999999988,4,865.2599999999998,move,improve
9347,15,1336.1199999999988,4,865.2599999999998,move,improve
9348,15,1336.1199999999988,4,865.2599999999998,swap,notBad
9349,15,1336.1199999999988,4,865.2599999999998,move,improve
9350,15,1336.1199999999988,4,865.2599999999998,swap,notBad
9351,15,1336.1199999999988,4,865.2599999999998,2opt,notBad
9352,15,1336.1199999999988,4,865.2599999999998,swap,notBad
9353,15,1336.1199999999988,4,865.2599999999998,2opt,notBad
9354,15,1336.1199999999988,4,865.2599999999998,swap,notBad
9355,15,1336.1199999999988,4,865.2599999999998,move,improve
9356,15,1336.1199999999988,4,865.2599999999998,move,improve
9357,15,1336.1199999999988,4,865.2599999999998,move,improve
9358,15,1336.1199999999988,4,865.2599999999998,move,improve
9359,15,1336.1199999999988,4,865.2599999999998,swap,notBad
9360,15,1336.1199999999988,4,865.2599999999998,swap,notBad
9361,15,1336.1199999999988,4,865.2599999999998,move,improve
9362,15,1336.1199999999988,4,865.2599999999998,swap,notBad
9363,15,1336.1199999999988,4,865.2599999999998,swap,notBad
9364,15,1336.1199999999988,4,865.2599999999998,2opt,improve
9365,15,1336.1199999999988,4,865.2599999999998,2opt,notBad
9366,15,1336.1199999999988,4,865.2599999999998,move,improve
9367,15,1336.1199999999988,4,865.2599999999998,2opt,notBad
9368,15,1336.1199999999988,4,865.2599999999998,swap,notBad
9369,15,1336.1199999999988,4,865.2599999999998,swap,notBad
9370,15,1336.1199999999988,4,865.2599999999998,2opt,notBad
9371,15,1336.1199999999988,4,865.2599999999998,swap,notBad
9372,15,1336.1199999999988,4,865.2599999999998,move,improve
9373,15,1336.1199999999988,4,865.2599999999998,2opt,notBad
9374,15,1336.1199999999988,4,865.2599999999998,2opt,notBad
9375,15,1336.1199999999988,4,865.2599999999998,swap,notBad
9376,15,1336.1199999999988,4,865.2599999999998,2opt,notBad
9377,15,1336.1199999999988,4,865.2599999999998,2opt,notBad
9378,15,1336.1199999999988,4,865.2599999999998,move,improve
9379,15,1336.1199999999988,4,865.2599999999998,move,improve
9380,15,1336.1199999999988,4,865.2599999999998,move,improve
9381,15,1336.1199999999988,4,865.2599999999998,move,improve
9382,15,1336.1199999999988,4,865.2599999999998,swap,notBad
9383,15,1336.1199999999988,4,865.2599999999998,swap,notBad
9384,15,1336.1199999999988,4,865.2599999999998,2opt,notBad
9385,15,1336.1199999999988,4,865.2599999999998,2opt,notBad
9386,15,1336.1199999999988,4,865.2599999999998,move,improve
9387,15,1336.1199999999988,4,865.2599999999998,2opt,notBad
9388,15,1336.1199999999988,4,865.2599999999998,2opt,notBad
9389,15,1336.1199999999988,4,865.2599999999998,2opt,notBad
9390,15,1336.1199999999988,4,865.2599999999998,move,improve
9391,15,1336.1199999999988,4,865.2599999999998,move,improve
9392,15,1336.1199999999988,4,865.2599999999998,move,improve
9393,15,1336.1199999999988,4,865.2599999999998,2opt,notBad
9394,15,1336.1199999999988,4,865.2599999999998,swap,notBad
9395,15,1336.1199999999988,4,865.2599999999998,swap,notBad
9396,15,1336.1199999999988,4,865.2599999999998,swap,notBad
9397,15,1336.1199999999988,4,865.2599999999998,move,improve
9398,15,1336.1199999999988,4,865.2599999999998,2opt,notBad
9399,15,1336.1199999999988,4,865.2599999999998,move,improve
9400,15,1336.1199999999988,4,865.2599999999998,swap,notBad
9401,15,1336.1199999999988,4,865.2599999999998,2opt,notBad
9402,15,1336.1199999999988,4,865.2599999999998,swap,notBad
9403,15,1336.1199999999988,4,865.2599999999998,swap,notBad
9404,15,1336.1199999999988,4,865.2599999999998,swap,notBad
9405,15,1336.1199999999988,4,865.2599999999998,2opt,improve
9406,15,1336.1199999999988,4,865.2599999999998,move,improve
9407,15,1336.1199999999988,4,865.2599999999998,swap,notBad
9408,15,1336.1199999999988,4,865.2599999999998,2opt,notBad
9409,15,1336.1199999999988,4,865.2599999999998,2opt,notBad
9410,15,1336.1199999999988,4,865.2599999999998,2opt,notBad
9411,15,1336.1199999999988,4,865.2599999999998,move,improve
9412,15,1336.1199999999988,4,865.2599999999998,move,improve
9413,15,1336.1199999999988,4,865.2599999999998,swap,notBad
9414,15,1336.1199999999988,4,865.2599999999998,2opt,improve
9415,15,1336.1199999999988,4,865.2599999999998,2opt,notBad
9416,15,1336.1199999999988,4,865.2599999999998,2opt,notBad
9417,15,1336.1199999999988,4,865.2599999999998,2opt,notBad
9418,15,1336.1199999999988,4,865.2599999999998,swap,notBad
9419,15,1336.1199999999988,4,865.2599999999998,move,improve
9420,15,1336.1199999999988,4,865.2599999999998,swap,notBad
9421,15,1336.1199999999988,4,865.2599999999998,move,improve
9422,15,1336.1199999999988,4,865.2599999999998,move,improve
9423,15,1336.1199999999988,4,865.2599999999998,swap,notBad
9424,15,1336.1199999999988,4,865.2599999999998,swap,notBad
9425,15,1336.1199999999988,4,865.2599999999998,swap,notBad
9426,15,1336.1199999999988,4,865.2599999999998,swap,notBad
9427,15,1336.1199999999988,4,865.2599999999998,move,improve
9428,15,1336.1199999999988,4,865.2599999999998,move,improve
9429,15,1336.1199999999988,4,865.2599999999998,move,improve
9430,15,1336.1199999999988,4,865.2599999999998,2opt,notBad
9431,15,1336.1199999999988,4,865.2599999999998,2opt,notBad
9432,15,1336.1199999999988,4,865.2599999999998,2opt,notBad
9433,15,1336.1199999999988,4,865.2599999999998,2opt,notBad
9434,15,1336.1199999999988,4,865.2599999999998,2opt,notBad
9435,15,1336.1199999999988,4,865.2599999999998,swap,notBad
9436,15,1336.1199999999988,4,865.2599999999998,move,improve
9437,15,1336.1199999999988,4,865.2599999999998,2opt,notBad
9438,15,1336.1199999999988,4,865.2599999999998,swap,notBad
9439,15,1336.1199999999988,4,865.2599999999998,move,improve
9440,15,1336.1199999999988,4,865.2599999999998,swap,notBad
9441,15,1336.1199999999988,4,865.2599999999998,swap,notBad
9442,15,1336.1199999999988,4,865.2599999999998,move,improve
9443,15,1336.1199999999988,4,865.2599999999998,2opt,notBad
9444,15,1336.1199999999988,4,865.2599999999998,move,improve
9445,15,1336.1199999999988,4,865.2599999999998,swap,notBad
9446,15,1336.1199999999988,4,865.2599999999998,swap,notBad
9447,15,1334.119999999998,4,865.2599999999998,move,improve
9448,15,1334.119999999998,4,865.2599999999998,2opt,notBad
9449,15,1334.119999999998,4,865.2599999999998,swap,notBad
9450,15,1334.119999999998,4,865.2599999999998,2opt,notBad
9451,15,1334.119999999998,4,865.2599999999998,2opt,notBad
9452,15,1334.119999999998,4,865.2599999999998,move,improve
9453,15,1334.119999999998,4,865.2599999999998,2opt,notBad
9454,15,1334.119999999998,4,865.2599999999998,swap,notBad
9455,15,1334.119999999998,4,865.2599999999998,swap,notBad
9456,15,1334.119999999998,4,865.2599999999998,swap,notBad
9457,15,1334.119999999998,4,865.2599999999998,swap,notBad
9458,15,1334.119999999998,4,865.2599999999998,swap,notBad
9459,15,1334.119999999998,4,865.2599999999998,move,improve
9460,15,1334.119999999998,4,865.2599999999998,2opt,notBad
9461,15,1334.119999999998,4,865.2599999999998,move,improve
9462,15,1334.119999999998,4,865.2599999999998,2opt,notBad
9463,15,1334.119999999998,4,865.2599999999998,swap,notBad
9464,15,1334.119999999998,4,865.2599999999998,swap,notBad
9465,15,1334.119999999998,4,865.2599999999998,move,improve
9466,15,1334.119999999998,4,865.2599999999998,move,improve
9467,15,1334.119999999998,4,865.2599999999998,move,improve
9468,15,1334.119999999998,4,865.2599999999998,2opt,notBad
9469,15,1334.119999999998,4,865.2599999999998,swap,notBad
9470,15,1334.119999999998,4,865.2599999999998,move,improve
9471,15,1334.119999999998,4,865.2599999999998,move,improve
9472,15,1334.119999999998,4,865.2599999999998,2opt,notBad
9473,15,1334.119999999998,4,865.2599999999998,2opt,notBad
9474,15,1334.119999999998,4,865.2599999999998,move,improve
9475,15,1334.119999999998,4,865.2599999999998,swap,notBad
9476,15,1334.119999999998,4,865.2599999999998,move,improve
9477,15,1334.119999999998,4,865.2599999999998,move,improve
9478,15,1334.119999999998,4,865.2599999999998,swap,notBad
9479,15,1334.119999999998,4,865.2599999999998,2opt,notBad
9480,15,1334.119999999998,4,865.2599999999998,2opt,improve
9481,15,1334.119999999998,4,865.2599999999998,2opt,notBad
9482,15,1334.119999999998,4,865.2599999999998,2opt,notBad
9483,15,1334.119999999998,4,865.2599999999998,swap,notBad
9484,15,1334.119999999998,4,865.2599999999998,swap,notBad
9485,15,1334.119999999998,4,865.2599999999998,move,improve
9486,15,1334.119999999998,4,865.2599999999998,move,improve
9487,15,1334.119999999998,4,865.2599999999998,swap,notBad
9488,15,1334.119999999998,4,865.2599999999998,swap,notBad
9489,15,1334.119999999998,4,865.2599999999998,2opt,notBad
9490,15,1334.119999999998,4,865.2599999999998,2opt,notBad
9491,15,1334.119999999998,4,865.2599999999998,2opt,notBad
9492,15,1334.119999999998,4,865.2599999999998,swap,notBad
9493,15,1334.119999999998,4,865.2599999999998,swap,notBad
9494,15,1334.119999999998,4,865.2599999999998,2opt,notBad
9495,15,1334.119999999998,4,865.2599999999998,2opt,notBad
9496,15,1334.119999999998,4,865.2599999999998,2opt,notBad
9497,15,1334.119999999998,4,865.2599999999998,swap,notBad
9498,15,1334.119999999998,4,865.2599999999998,move,improve
9499,15,1334.119999999998,4,865.2599999999998,move,improve
9500,15,1334.119999999998,4,865.2599999999998,move,improve
9501,15,1334.119999999998,4,865.2599999999998,swap,notBad
9502,15,1334.119999999998,4,865.2599999999998,2opt,notBad
9503,15,1334.119999999998,4,865.2599999999998,move,improve
9504,15,1334.119999999998,4,865.2599999999998,2opt,notBad
9505,15,1334.119999999998,4,865.2599999999998,swap,notBad
9506,15,1334.119999999998,4,865.2599999999998,move,improve
9507,15,1334.119999999998,4,865.2599999999998,2opt,notBad
9508,15,1334.119999999998,4,865.2599999999998,swap,notBad
9509,15,1334.119999999998,4,865.2599999999998,move,improve
9510,15,1334.119999999998,4,865.2599999999998,2opt,notBad
9511,15,1334.119999999998,4,865.2599999999998,swap,notBad
9512,15,1334.119999999998,4,865.2599999999998,move,improve
9513,15,1334.119999999998,4,865.2599999999998,move,improve
9514,15,1334.119999999998,4,865.2599999999998,move,improve
9515,15,1334.119999999998,4,865.2599999999998,2opt,notBad
9516,15,1334.119999999998,4,865.2599999999998,swap,notBad
9517,15,1334.119999999998,4,865.2599999999998,swap,notBad
9518,15,1334.119999999998,4,865.2599999999998,move,improve
9519,15,1334.119999999998,4,865.2599999999998,move,improve
9520,15,1334.119999999998,4,865.2599999999998,move,improve
9521,15,1334.119999999998,4,865.2599999999998,2opt,notBad
9522,15,1334.119999999998,4,865.2599999999998,swap,notBad
9523,15,1334.119999999998,4,865.2599999999998,2opt,notBad
9524,15,1334.119999999998,4,865.2599999999998,swap,notBad
9525,15,1334.119999999998,4,865.2599999999998,swap,notBad
9526,15,1334.119999999998,4,865.2599999999998,2opt,notBad
9527,15,1334.119999999998,4,865.2599999999998,swap,notBad
9528,15,1334.119999999998,4,865.2599999999998,move,improve
9529,15,1334.119999999998,4,865.2599999999998,2opt,notBad
9530,15,1334.119999999998,4,865.2599999999998,swap,notBad
9531,15,1334.119999999998,4,865.2599999999998,move,improve
9532,15,1334.119999999998,4,865.2599999999998,move,improve
9533,15,1334.119999999998,4,865.2599999999998,2opt,notBad
9534,15,1334.119999999998,4,865.2599999999998,swap,notBad
9535,15,1334.119999999998,4,865.2599999999998,swap,notBad
9536,15,1334.119999999998,4,865.2599999999998,2opt,notBad
9537,15,1334.119999999998,4,865.2599999999998,2opt,notBad
9538,15,1334.119999999998,4,865.2599999999998,swap,notBad
9539,15,1334.119999999998,4,865.2599999999998,2opt,improve
9540,15,1334.119999999998,4,865.2599999999998,2opt,notBad
9541,15,1334.119999999998,4,865.2599999999998,swap,notBad
9542,15,1334.119999999998,4,865.2599999999998,move,improve
9543,15,1334.119999999998,4,865.2599999999998,move,improve
9544,15,1334.119999999998,4,865.2599999999998,2opt,notBad
9545,15,1334.119999999998,4,865.2599999999998,2opt,notBad
9546,15,1334.119999999998,4,865.2599999999998,swap,notBad
9547,15,1334.119999999998,4,865.2599999999998,2opt,notBad
9548,15,1334.119999999998,4,865.2599999999998,swap,notBad
9549,15,1334.119999999998,4,865.2599999999998,2opt,notBad
9550,15,1334.119999999998,4,865.2599999999998,swap,notBad
9551,15,1334.119999999998,4,865.2599999999998,2opt,notBad
9552,15,1334.119999999998,4,865.2599999999998,2opt,notBad
9553,15,1334.119999999998,4,865.2599999999998,swap,notBad
9554,15,1334.119999999998,4,865.2599999999998,swap,notBad
9555,15,1334.119999999998,4,865.2599999999998,move,improve
9556,15,1334.119999999998,4,865.2599999999998,swap,notBad
9557,15,1334.119999999998,4,865.2599999999998,swap,notBad
9558,15,1334.119999999998,4,865.2599999999998,move,improve
9559,15,1334.119999999998,4,865.2599999999998,2opt,notBad
9560,15,1334.119999999998,4,865.2599999999998,swap,notBad
9561,15,1334.119999999998,4,865.2599999999998,move,improve
9562,15,1334.119999999998,4,865.2599999999998,2opt,notBad
9563,15,1334.119999999998,4,865.2599999999998,move,improve
9564,15,1334.119999999998,4,865.2599999999998,swap,notBad
9565,15,1334.119999999998,4,865.2599999999998,swap,notBad
9566,15,1334.119999999998,4,865.2599999999998,move,improve
9567,15,1334.119999999998,4,865.2599999999998,swap,notBad
9568,15,1334.119999999998,4,865.2599999999998,2opt,notBad
9569,15,1334.119999999998,4,865.2599999999998,2opt,improve
9570,15,1334.119999999998,4,865.2599999999998,2opt,notBad
9571,15,1334.119999999998,4,865.2599999999998,2opt,notBad
9572,15,1334.119999999998,4,865.2599999999998,2opt,notBad
9573,15,1334.119999999998,4,865.2599999999998,move,improve
9574,15,1334.119999999998,4,865.2599999999998,swap,notBad
9575,15,1334.119999999998,4,865.2599999999998,move,improve
9576,15,1334.119999999998,4,865.2599999999998,move,improve
9577,15,1334.119999999998,4,865.2599999999998,move,improve
9578,15,1334.119999999998,4,865.2599999999998,2opt,notBad
9579,15,1334.119999999998,4,865.2599999999998,2opt,notBad
9580,15,1334.119999999998,4,865.2599999999998,move,improve
9581,15,1334.119999999998,4,865.2599999999998,2opt,notBad
9582,15,1334.119999999998,4,865.2599999999998,swap,notBad
9583,15,1335.9599999999975,4,865.2599999999998,swap,acceptBad
9584,15,1335.9599999999975,4,865.2599999999998,2opt,notBad
9585,15,1335.9599999999975,4,865.2599999999998,swap,notBad
9586,15,1335.9599999999975,4,865.2599999999998,2opt,notBad
9587,15,1335.9599999999975,4,865.2599999999998,2opt,notBad
9588,15,1335.9599999999975,4,865.2599999999998,2opt,notBad
9589,15,1335.9599999999975,4,865.2599999999998,swap,notBad
9590,15,1335.9599999999975,4,865.2599999999998,swap,notBad
9591,15,1335.9599999999975,4,865.2599999999998,2opt,notBad
9592,15,1335.9599999999975,4,865.2599999999998,move,improve
9593,15,1335.9599999999975,4,865.2599999999998,move,improve
9594,15,1335.9599999999975,4,865.2599999999998,2opt,notBad
9595,15,1335.9599999999975,4,865.2599999999998,2opt,notBad
9596,15,1335.9599999999975,4,865.2599999999998,2opt,notBad
9597,15,1335.9599999999975,4,865.2599999999998,2opt,notBad
9598,15,1335.9599999999975,4,865.2599999999998,swap,notBad
9599,15,1335.9599999999975,4,865.2599999999998,2opt,notBad
9600,15,1335.9599999999975,4,865.2599999999998,swap,notBad
9601,15,1335.9599999999975,4,865.2599999999998,move,improve
9602,15,1335.9599999999975,4,865.2599999999998,2opt,notBad
9603,15,1335.9599999999975,4,865.2599999999998,swap,notBad
9604,15,1335.9599999999975,4,865.2599999999998,move,improve
9605,15,1335.9599999999975,4,865.2599999999998,swap,notBad
9606,15,1335.9599999999975,4,865.2599999999998,swap,notBad
9607,15,1335.9599999999975,4,865.2599999999998,2opt,notBad
9608,15,1335.9599999999975,4,865.2599999999998,swap,notBad
9609,15,1335.9599999999975,4,865.2599999999998,move,improve
9610,15,1335.9599999999975,4,865.2599999999998,swap,notBad
9611,15,1335.9599999999975,4,865.2599999999998,2opt,notBad
9612,15,1335.9599999999975,4,865.2599999999998,swap,notBad
9613,15,1335.9599999999975,4,865.2599999999998,2opt,notBad
9614,15,1335.9599999999975,4,865.2599999999998,2opt,notBad
9615,15,1335.9599999999975,4,865.2599999999998,move,improve
9616,15,1335.9599999999975,4,865.2599999999998,2opt,notBad
9617,15,1335.9599999999975,4,865.2599999999998,2opt,notBad
9618,15,1335.9599999999975,4,865.2599999999998,2opt,improve
9619,15,1335.9599999999975,4,865.2599999999998,swap,notBad
9620,15,1335.9599999999975,4,865.2599999999998,move,improve
9621,15,1335.9599999999975,4,865.2599999999998,2opt,notBad
9622,15,1335.9599999999975,4,865.2599999999998,2opt,notBad
9623,15,1335.9599999999975,4,865.2599999999998,swap,notBad
9624,15,1335.9599999999975,4,865.2599999999998,move,improve
9625,15,1335.9599999999975,4,865.2599999999998,2opt,notBad
9626,15,1335.9599999999975,4,865.2599999999998,2opt,notBad
9627,15,1335.9599999999975,4,865.2599999999998,2opt,notBad
9628,15,1335.9599999999975,4,865.2599999999998,swap,notBad
9629,15,1334.119999999998,4,865.2599999999998,move,improve
9630,15,1334.119999999998,4,865.2599999999998,move,improve
9631,15,1334.119999999998,4,865.2599999999998,move,improve
9632,15,1334.119999999998,4,865.2599999999998,2opt,notBad
9633,15,1334.119999999998,4,865.2599999999998,2opt,notBad
9634,15,1334.119999999998,4,865.2599999999998,move,improve
9635,15,1334.119999999998,4,865.2599999999998,move,improve
9636,15,1334.119999999998,4,865.2599999999998,swap,notBad
9637,15,1334.119999999998,4,865.2599999999998,move,improve
9638,15,1334.119999999998,4,865.2599999999998,move,improve
9639,15,1334.119999999998,4,865.2599999999998,swap,notBad
9640,15,1334.119999999998,4,865.2599999999998,move,improve
9641,15,1334.119999999998,4,865.2599999999998,swap,notBad
9642,15,1334.119999999998,4,865.2599999999998,2opt,notBad
9643,15,1334.119999999998,4,865.2599999999998,2opt,notBad
9644,15,1334.119999999998,4,865.2599999999998,move,improve
9645,15,1334.119999999998,4,865.2599999999998,swap,notBad
9646,15,1334.119999999998,4,865.2599999999998,move,improve
9647,15,1325.5599999999984,4,865.2599999999998,swap,improve
9648,15,1325.5599999999984,4,865.2599999999998,2opt,notBad
9649,15,1325.5599999999984,4,865.2599999999998,swap,notBad
9650,15,1325.5599999999984,4,865.2599999999998,2opt,notBad
9651,15,1325.5599999999984,4,865.2599999999998,2opt,notBad
9652,15,1325.5599999999984,4,865.2599999999998,2opt,notBad
9653,15,1325.5599999999984,4,865.2599999999998,swap,notBad
9654,15,1325.5599999999984,4,865.2599999999998,2opt,notBad
9655,15,1325.5599999999984,4,865.2599999999998,swap,notBad
9656,15,1325.5599999999984,4,865.2599999999998,move,improve
9657,15,1325.5599999999984,4,865.2599999999998,move,improve
9658,15,1325.5599999999984,4,865.2599999999998,swap,notBad
9659,15,1325.5599999999984,4,865.2599999999998,swap,notBad
9660,15,1325.5599999999984,4,865.2599999999998,swap,notBad
9661,15,1325.5599999999984,4,865.2599999999998,swap,notBad
9662,15,1325.5599999999984,4,865.2599999999998,move,improve
9663,15,1325.5599999999984,4,865.2599999999998,2opt,notBad
9664,15,1325.5599999999984,4,865.2599999999998,swap,notBad
9665,15,1325.5599999999984,4,865.2599999999998,swap,notBad
9666,15,1325.5599999999984,4,865.2599999999998,move,improve
9667,15,1325.5599999999984,4,865.2599999999998,move,improve
9668,15,1325.5599999999984,4,865.2599999999998,2opt,notBad
9669,15,1325.5599999999984,4,865.2599999999998,2opt,notBad
9670,15,1325.5599999999984,4,865.2599999999998,move,improve
9671,15,1325.5599999999984,4,865.2599999999998,swap,notBad
9672,15,1325.5599999999984,4,865.2599999999998,2opt,notBad
9673,15,1325.5599999999984,4,865.2599999999998,swap,notBad
9674,15,1325.5599999999984,4,865.2599999999998,2opt,notBad
9675,15,1325.5599999999984,4,865.2599999999998,move,improve
9676,15,1325.5599999999984,4,865.2599999999998,move,improve
9677,15,1325.5599999999984,4,865.2599999999998,swap,notBad
9678,15,1325.5599999999984,4,865.2599999999998,move,improve
9679,15,1325.5599999999984,4,865.2599999999998,move,improve
9680,15,1325.5599999999984,4,865.2599999999998,2opt,notBad
9681,15,1325.5599999999984,4,865.2599999999998,move,improve
9682,15,1325.5599999999984,4,865.2599999999998,2opt,notBad
9683,15,1325.5599999999984,4,865.2599999999998,swap,notBad
9684,15,1325.5599999999984,4,865.2599999999998,move,improve
9685,15,1325.5599999999984,4,865.2599999999998,swap,notBad
9686,15,1325.5599999999984,4,865.2599999999998,move,improve
9687,15,1325.5599999999984,4,865.2599999999998,move,improve
9688,15,1325.5599999999984,4,865.2599999999998,2opt,notBad
9689,15,1325.5599999999984,4,865.2599999999998,move,improve
9690,15,1325.5599999999984,4,865.2599999999998,2opt,notBad
9691,15,1325.5599999999984,4,865.2599999999998,move,improve
9692,15,1325.5599999999984,4,865.2599999999998,swap,notBad
9693,15,1325.5599999999984,4,865.2599999999998,2opt,notBad
9694,15,1325.5599999999984,4,865.2599999999998,move,improve
9695,15,1325.5599999999984,4,865.2599999999998,swap,notBad
9696,15,1325.5599999999984,4,865.2599999999998,swap,notBad
9697,15,1325.5599999999984,4,865.2599999999998,swap,notBad
9698,15,1325.5599999999984,4,865.2599999999998,swap,notBad
9699,15,1325.5599999999984,4,865.2599999999998,move,improve
9700,15,1325.5599999999984,4,865.2599999999998,swap,notBad
9701,15,1325.5599999999984,4,865.2599999999998,swap,notBad
9702,15,1325.5599999999984,4,865.2599999999998,swap,notBad
9703,15,1325.5599999999984,4,865.2599999999998,move,improve
9704,15,1325.5599999999984,4,865.2599999999998,2opt,notBad
9705,15,1325.5599999999984,4,865.2599999999998,swap,notBad
9706,15,1325.5599999999984,4,865.2599999999998,move,improve
9707,15,1325.5599999999984,4,865.2599999999998,2opt,notBad
9708,15,1325.5599999999984,4,865.2599999999998,2opt,notBad
9709,15,1325.5599999999984,4,865.2599999999998,move,improve
9710,15,1325.5599999999984,4,865.2599999999998,swap,notBad
9711,15,1325.5599999999984,4,865.2599999999998,2opt,notBad
9712,15,1325.5599999999984,4,865.2599999999998,move,notBad
9713,15,1325.5599999999984,4,865.2599999999998,swap,notBad
9714,15,1325.5599999999984,4,865.2599999999998,swap,notBad
9715,15,1325.5599999999984,4,865.2599999999998,move,improve
9716,15,1325.5599999999984,4,865.2599999999998,2opt,notBad
9717,15,1325.5599999999984,4,865.2599999999998,2opt,notBad
9718,15,1325.5599999999984,4,865.2599999999998,move,improve
9719,15,1325.5599999999984,4,865.2599999999998,2opt,notBad
9720,15,1325.5599999999984,4,865.2599999999998,swap,notBad
9721,15,1325.5599999999984,4,865.2599999999998,move,improve
9722,15,1325.5599999999984,4,865.2599999999998,2opt,notBad
9723,15,1325.5599999999984,4,865.2599999999998,move,improve
9724,15,1325.5599999999984,4,865.2599999999998,2opt,improve
9725,15,1325.5599999999984,4,865.2599999999998,2opt,notBad
9726,15,1325.5599999999984,4,865.2599999999998,move,improve
9727,15,1325.5599999999984,4,865.2599999999998,move,improve
9728,15,1325.5599999999984,4,865.2599999999998,2opt,notBad
9729,15,1325.5599999999984,4,865.2599999999998,move,improve
9730,15,1325.5599999999984,4,865.2599999999998,2opt,notBad
9731,15,1325.5599999999984,4,865.2599999999998,swap,notBad
9732,15,1325.5599999999984,4,865.2599999999998,swap,notBad
9733,15,1325.5599999999984,4,865.2599999999998,2opt,notBad
9734,15,1325.5599999999984,4,865.2599999999998,2opt,notBad
9735,15,1325.5599999999984,4,865.2599999999998,2opt,improve
9736,15,1325.5599999999984,4,865.2599999999998,2opt,notBad
9737,15,1325.5599999999984,4,865.2599999999998,2opt,notBad
9738,15,1325.5599999999984,4,865.2599999999998,move,improve
9739,15,1325.5599999999984,4,865.2599999999998,2opt,notBad
9740,15,1325.5599999999984,4,865.2599999999998,move,improve
9741,15,1325.5599999999984,4,865.2599999999998,swap,notBad
9742,15,1325.5599999999984,4,865.2599999999998,move,improve
9743,15,1325.5599999999984,4,865.2599999999998,2opt,notBad
9744,15,1325.5599999999984,4,865.2599999999998,2opt,notBad
9745,15,1325.5599999999984,4,865.2599999999998,2opt,notBad
9746,15,1325.5599999999984,4,865.2599999999998,move,improve
9747,15,1325.5599999999984,4,865.2599999999998,2opt,notBad
9748,15,1325.5599999999984,4,865.2599999999998,swap,notBad
9749,15,1325.5599999999984,4,865.2599999999998,swap,notBad
9750,15,1325.5599999999984,4,865.2599999999998,swap,notBad
9751,15,1325.5599999999984,4,865.2599999999998,move,improve
9752,15,1325.5599999999984,4,865.2599999999998,2opt,notBad
9753,15,1325.5599999999984,4,865.2599999999998,swap,notBad
9754,15,1325.5599999999984,4,865.2599999999998,swap,notBad
9755,15,1325.5599999999984,4,865.2599999999998,swap,notBad
9756,15,1325.5599999999984,4,865.2599999999998,2opt,notBad
9757,15,1325.5599999999984,4,865.2599999999998,move,improve
9758,15,1325.5599999999984,4,865.2599999999998,2opt,notBad
9759,15,1325.5599999999984,4,865.2599999999998,swap,notBad
9760,15,1325.5599999999984,4,865.2599999999998,2opt,notBad
9761,15,1325.5599999999984,4,865.2599999999998,swap,notBad
9762,15,1325.5599999999984,4,865.2599999999998,swap,notBad
9763,15,1325.5599999999984,4,865.2599999999998,2opt,notBad
9764,15,1325.5599999999984,4,865.2599999999998,swap,notBad
9765,15,1325.5599999999984,4,865.2599999999998,swap,notBad
9766,15,1325.5599999999984,4,865.2599999999998,swap,notBad
9767,15,1325.5599999999984,4,865.2599999999998,move,improve
9768,15,1325.5599999999984,4,865.2599999999998,swap,notBad
9769,15,1325.5599999999984,4,865.2599999999998,swap,notBad
9770,15,1325.5599999999984,4,865.2599999999998,swap,notBad
9771,15,1325.5599999999984,4,865.2599999999998,move,improve
9772,15,1325.5599999999984,4,865.2599999999998,move,improve
9773,15,1325.5599999999984,4,865.2599999999998,move,improve
9774,15,1325.5599999999984,4,865.2599999999998,move,improve
9775,15,1325.5599999999984,4,865.2599999999998,move,improve
9776,15,1325.5599999999984,4,865.2599999999998,swap,notBad
9777,15,1325.5599999999984,4,865.2599999999998,swap,notBad
9778,15,1325.5599999999984,4,865.2599999999998,swap,notBad
9779,15,1325.5599999999984,4,865.2599999999998,swap,notBad
9780,15,1325.5599999999984,4,865.2599999999998,swap,notBad
9781,15,1325.5599999999984,4,865.2599999999998,swap,notBad
9782,15,1325.5599999999984,4,865.2599999999998,swap,notBad
9783,15,1325.5599999999984,4,865.2599999999998,move,improve
9784,15,1325.5599999999984,4,865.2599999999998,2opt,notBad
9785,15,1325.5599999999984,4,865.2599999999998,swap,notBad
9786,15,1325.5599999999984,4,865.2599999999998,2opt,notBad
9787,15,1325.5599999999984,4,865.2599999999998,swap,notBad
9788,15,1325.5599999999984,4,865.2599999999998,2opt,notBad
9789,15,1325.5599999999984,4,865.2599999999998,move,improve
9790,15,1325.5599999999984,4,865.2599999999998,move,improve
9791,15,1325.5599999999984,4,865.2599999999998,2opt,notBad
9792,15,1325.5599999999984,4,865.2599999999998,swap,notBad
9793,15,1325.5599999999984,4,865.2599999999998,2opt,improve
9794,15,1325.5599999999984,4,865.2599999999998,swap,notBad
9795,15,1325.5599999999984,4,865.2599999999998,swap,notBad
9796,15,1325.5599999999984,4,865.2599999999998,2opt,notBad
9797,15,1325.5599999999984,4,865.2599999999998,swap,notBad
9798,15,1325.5599999999984,4,865.2599999999998,2opt,notBad
9799,15,1325.5599999999984,4,865.2599999999998,2opt,notBad
9800,15,1325.5599999999984,4,865.2599999999998,swap,notBad
9801,15,1325.5599999999984,4,865.2599999999998,move,improve
9802,15,1325.5599999999984,4,865.2599999999998,2opt,notBad
9803,15,1327.559999999999,4,865.2599999999998,swap,acceptBad
9804,15,1327.559999999999,4,865.2599999999998,move,improve
9805,15,1327.559999999999,4,865.2599999999998,move,improve
9806,15,1327.559999999999,4,865.2599999999998,swap,notBad
9807,15,1327.559999999999,4,865.2599999999998,swap,notBad
9808,15,1327.559999999999,4,865.2599999999998,2opt,notBad
9809,15,1327.559999999999,4,865.2599999999998,swap,notBad
9810,15,1327.559999999999,4,865.2599999999998,move,improve
9811,15,1327.559999999999,4,865.2599999999998,2opt,notBad
9812,15,1327.559999999999,4,865.2599999999998,move,improve
9813,15,1327.559999999999,4,865.2599999999998,move,improve
9814,15,1327.559999999999,4,865.2599999999998,move,improve
9815,15,1327.559999999999,4,865.2599999999998,swap,notBad
9816,15,1327.559999999999,4,865.2599999999998,swap,notBad
9817,15,1327.559999999999,4,865.2599999999998,2opt,notBad
9818,15,1327.559999999999,4,865.2599999999998,2opt,notBad
9819,15,1327.559999999999,4,865.2599999999998,swap,notBad
9820,15,1327.559999999999,4,865.2599999999998,2opt,notBad
9821,15,1327.559999999999,4,865.2599999999998,swap,notBad
9822,15,1327.559999999999,4,865.2599999999998,move,improve
9823,15,1327.559999999999,4,865.2599999999998,swap,notBad
9824,15,1327.559999999999,4,865.2599999999998,swap,notBad
9825,15,1327.559999999999,4,865.2599999999998,swap,notBad
9826,15,1327.559999999999,4,865.2599999999998,2opt,notBad
9827,15,1327.559999999999,4,865.2599999999998,swap,notBad
9828,15,1327.559999999999,4,865.2599999999998,swap,notBad
9829,15,1327.559999999999,4,865.2599999999998,move,improve
9830,15,1327.559999999999,4,865.2599999999998,move,improve
9831,15,1327.559999999999,4,865.2599999999998,swap,notBad
9832,15,1327.559999999999,4,865.2599999999998,2opt,notBad
9833,15,1327.559999999999,4,865.2599999999998,move,improve
9834,15,1327.559999999999,4,865.2599999999998,move,improve
9835,15,1327.559999999999,4,865.2599999999998,swap,notBad
9836,15,1327.559999999999,4,865.2599999999998,move,improve
9837,15,1327.559999999999,4,865.2599999999998,swap,notBad
9838,15,1327.559999999999,4,865.2599999999998,move,improve
9839,15,1327.559999999999,4,865.2599999999998,swap,notBad
9840,15,1327.559999999999,4,865.2599999999998,2opt,notBad
9841,15,1327.559999999999,4,865.2599999999998,2opt,notBad
9842,15,1327.559999999999,4,865.2599999999998,move,improve
9843,15,1327.559999999999,4,865.2599999999998,swap,notBad
9844,15,1327.559999999999,4,865.2599999999998,move,improve
9845,15,1327.559999999999,4,865.2599999999998,2opt,notBad
9846,15,1327.559999999999,4,865.2599999999998,swap,notBad
9847,15,1327.559999999999,4,865.2599999999998,move,improve
9848,15,1327.559999999999,4,865.2599999999998,2opt,notBad
9849,15,1327.559999999999,4,865.2599999999998,move,improve
9850,15,1327.559999999999,4,865.2599999999998,swap,notBad
9851,15,1327.559999999999,4,865.2599999999998,move,improve
9852,15,1327.559999999999,4,865.2599999999998,move,improve
9853,15,1327.559999999999,4,865.2599999999998,move,improve
9854,15,1327.559999999999,4,865.2599999999998,2opt,notBad
9855,15,1327.559999999999,4,865.2599999999998,2opt,notBad
9856,15,1327.559999999999,4,865.2599999999998,swap,notBad
9857,15,1327.559999999999,4,865.2599999999998,swap,notBad
9858,15,1327.559999999999,4,865.2599999999998,move,improve
9859,15,1327.559999999999,4,865.2599999999998,swap,notBad
9860,15,1327.559999999999,4,865.2599999999998,move,improve
9861,15,1327.559999999999,4,865.2599999999998,swap,notBad
9862,15,1327.559999999999,4,865.2599999999998,move,improve
9863,15,1327.559999999999,4,865.2599999999998,2opt,notBad
9864,15,1327.559999999999,4,865.2599999999998,2opt,notBad
9865,15,1327.559999999999,4,865.2599999999998,move,improve
9866,15,1327.559999999999,4,865.2599999999998,move,improve
9867,15,1327.559999999999,4,865.2599999999998,2opt,notBad
9868,15,1327.559999999999,4,865.2599999999998,2opt,notBad
9869,15,1327.559999999999,4,865.2599999999998,2opt,notBad
9870,15,1327.559999999999,4,865.2599999999998,2opt,notBad
9871,15,1327.559999999999,4,865.2599999999998,swap,notBad
9872,15,1327.559999999999,4,865.2599999999998,swap,notBad
9873,15,1327.559999999999,4,865.2599999999998,2opt,notBad
9874,15,1327.559999999999,4,865.2599999999998,swap,notBad
9875,15,1327.559999999999,4,865.2599999999998,swap,notBad
9876,15,1327.559999999999,4,865.2599999999998,2opt,notBad
9877,15,1327.559999999999,4,865.2599999999998,2opt,notBad
9878,15,1327.559999999999,4,865.2599999999998,2opt,notBad
9879,15,1327.559999999999,4,865.2599999999998,swap,notBad
9880,15,1327.559999999999,4,865.2599999999998,move,improve
9881,15,1327.559999999999,4,865.2599999999998,2opt,notBad
9882,15,1327.559999999999,4,865.2599999999998,swap,notBad
9883,15,1327.559999999999,4,865.2599999999998,2opt,notBad
9884,15,1327.559999999999,4,865.2599999999998,swap,notBad
9885,15,1327.559999999999,4,865.2599999999998,2opt,notBad
9886,15,1327.559999999999,4,865.2599999999998,swap,notBad
9887,15,1327.559999999999,4,865.2599999999998,swap,notBad
9888,15,1327.559999999999,4,865.2599999999998,move,improve
9889,15,1327.559999999999,4,865.2599999999998,2opt,notBad
9890,15,1327.559999999999,4,865.2599999999998,swap,notBad
9891,15,1327.559999999999,4,865.2599999999998,move,improve
9892,15,1327.559999999999,4,865.2599999999998,swap,notBad
9893,15,1327.559999999999,4,865.2599999999998,2opt,notBad
9894,15,1327.559999999999,4,865.2599999999998,swap,notBad
9895,15,1327.559999999999,4,865.2599999999998,2opt,notBad
9896,15,1327.559999999999,4,865.2599999999998,move,improve
9897,15,1327.559999999999,4,865.2599999999998,2opt,notBad
9898,15,1327.559999999999,4,865.2599999999998,swap,notBad
9899,15,1327.559999999999,4,865.2599999999998,2opt,notBad
9900,15,1327.559999999999,4,865.2599999999998,move,improve
9901,15,1327.559999999999,4,865.2599999999998,2opt,notBad
9902,15,1327.559999999999,4,865.2599999999998,swap,notBad
9903,15,1327.559999999999,4,865.2599999999998,swap,notBad
9904,15,1327.559999999999,4,865.2599999999998,swap,notBad
9905,15,1327.559999999999,4,865.2599999999998,2opt,notBad
9906,15,1327.559999999999,4,865.2599999999998,swap,notBad
9907,15,1327.559999999999,4,865.2599999999998,move,improve
9908,15,1327.559999999999,4,865.2599999999998,move,improve
9909,15,1327.559999999999,4,865.2599999999998,2opt,notBad
9910,15,1327.559999999999,4,865.2599999999998,move,improve
9911,15,1327.559999999999,4,865.2599999999998,swap,notBad
9912,15,1319.9999999999993,4,865.2599999999998,swap,improve
9913,15,1319.9999999999993,4,865.2599999999998,swap,notBad
9914,15,1319.9999999999993,4,865.2599999999998,2opt,notBad
9915,15,1319.9999999999993,4,865.2599999999998,swap,notBad
9916,15,1319.9999999999993,4,865.2599999999998,move,improve
9917,15,1319.9999999999993,4,865.2599999999998,swap,notBad
9918,15,1319.9999999999993,4,865.2599999999998,2opt,notBad
9919,15,1319.9999999999993,4,865.2599999999998,2opt,notBad
9920,15,1319.9999999999993,4,865.2599999999998,swap,notBad
9921,15,1319.9999999999993,4,865.2599999999998,2opt,notBad
9922,15,1319.9999999999993,4,865.2599999999998,move,improve
9923,15,1319.9999999999993,4,865.2599999999998,2opt,notBad
9924,15,1319.9999999999993,4,865.2599999999998,2opt,notBad
9925,15,1319.9999999999993,4,865.2599999999998,swap,notBad
9926,15,1319.9999999999993,4,865.2599999999998,move,improve
9927,15,1319.9999999999993,4,865.2599999999998,move,improve
9928,15,1319.9999999999993,4,865.2599999999998,swap,notBad
9929,15,1319.9999999999993,4,865.2599999999998,move,improve
9930,15,1319.9999999999993,4,865.2599999999998,move,improve
9931,15,1319.9999999999993,4,865.2599999999998,move,improve
9932,15,1319.9999999999993,4,865.2599999999998,2opt,notBad
9933,15,1319.9999999999993,4,865.2599999999998,2opt,improve
9934,15,1319.9999999999993,4,865.2599999999998,2opt,notBad
9935,15,1319.9999999999993,4,865.2599999999998,move,improve
9936,15,1319.9999999999993,4,865.2599999999998,swap,notBad
9937,15,1319.9999999999993,4,865.2599999999998,swap,notBad
9938,15,1319.9999999999993,4,865.2599999999998,2opt,notBad
9939,15,1319.9999999999993,4,865.2599999999998,2opt,notBad
9940,15,1319.9999999999993,4,865.2599999999998,move,improve
9941,15,1319.9999999999993,4,865.2599999999998,2opt,notBad
9942,15,1319.9999999999993,4,865.2599999999998,2opt,notBad
9943,15,1319.9999999999993,4,865.2599999999998,2opt,notBad
9944,15,1319.9999999999993,4,865.2599999999998,2opt,improve
9945,15,1319.9999999999993,4,865.2599999999998,2opt,notBad
9946,15,1319.9999999999993,4,865.2599999999998,swap,notBad
9947,15,1319.9999999999993,4,865.2599999999998,swap,notBad
9948,15,1319.9999999999993,4,865.2599999999998,move,improve
9949,15,1319.9999999999993,4,865.2599999999998,2opt,notBad
9950,15,1319.9999999999993,4,865.2599999999998,2opt,notBad
9951,15,1319.9999999999993,4,865.2599999999998,move,improve
9952,15,1319.9999999999993,4,865.2599999999998,swap,notBad
9953,15,1319.9999999999993,4,865.2599999999998,move,improve
9954,15,1319.9999999999993,4,865.2599999999998,2opt,notBad
9955,15,1319.9999999999993,4,865.2599999999998,move,improve
9956,15,1319.9999999999993,4,865.2599999999998,2opt,notBad
9957,15,1319.9999999999993,4,865.2599999999998,swap,notBad
9958,15,1319.9999999999993,4,865.2599999999998,2opt,notBad
9959,15,1319.9999999999993,4,865.2599999999998,move,improve
9960,15,1319.9999999999993,4,865.2599999999998,swap,notBad
9961,15,1319.9999999999993,4,865.2599999999998,move,improve
9962,15,1319.9999999999993,4,865.2599999999998,move,improve
9963,15,1319.9999999999993,4,865.2599999999998,2opt,notBad
9964,15,1319.9999999999993,4,865.2599999999998,swap,notBad
9965,15,1319.9999999999993,4,865.2599999999998,swap,notBad
9966,15,1319.9999999999993,4,865.2599999999998,move,improve
9967,15,1319.9999999999993,4,865.2599999999998,2opt,notBad
9968,15,1319.9999999999993,4,865.2599999999998,move,improve
9969,15,1319.9999999999993,4,865.2599999999998,move,improve
9970,15,1319.9999999999993,4,865.2599999999998,swap,notBad
9971,15,1319.9999999999993,4,865.2599999999998,move,improve
9972,15,1319.9999999999993,4,865.2599999999998,swap,notBad
9973,15,1319.9999999999993,4,865.2599999999998,move,improve
9974,15,1319.9999999999993,4,865.2599999999998,2opt,notBad
9975,15,1319.9999999999993,4,865.2599999999998,2opt,notBad
9976,15,1319.9999999999993,4,865.2599999999998,2opt,notBad
9977,15,1319.9999999999993,4,865.2599999999998,swap,notBad
9978,15,1319.9999999999993,4,865.2599999999998,2opt,notBad
9979,15,1319.9999999999993,4,865.2599999999998,swap,notBad
9980,15,1319.9999999999993,4,865.2599999999998,2opt,notBad
9981,15,1319.9999999999993,4,865.2599999999998,2opt,notBad
9982,15,1319.9999999999993,4,865.2599999999998,move,improve
9983,15,1319.9999999999993,4,865.2599999999998,2opt,notBad
9984,15,1319.9999999999993,4,865.2599999999998,2opt,notBad
9985,15,1319.9999999999993,4,865.2599999999998,2opt,notBad
9986,15,1319.9999999999993,4,865.2599999999998,swap,notBad
9987,15,1319.9999999999993,4,865.2599999999998,swap,notBad
9988,15,1319.9999999999993,4,865.2599999999998,move,improve
9989,15,1319.9999999999993,4,865.2599999999998,swap,notBad
9990,15,1319.9999999999993,4,865.2599999999998,move,improve
9991,15,1319.9999999999993,4,865.2599999999998,move,improve
9992,15,1319.9999999999993,4,865.2599999999998,2opt,notBad
9993,15,1319.9999999999993,4,865.2599999999998,swap,notBad
9994,15,1319.9999999999993,4,865.2599999999998,move,improve
9995,15,1319.9999999999993,4,865.2599999999998,swap,notBad
9996,15,1319.9999999999993,4,865.2599999999998,swap,notBad
9997,15,1319.9999999999993,4,865.2599999999998,move,improve
9998,15,1319.9999999999993,4,865.2599999999998,move,improve
9999,15,1319.9999999999993,4,865.2599999999998,2opt,notBad
10000,15,1319.9999999999993,4,865.2599999999998,move,improve
10001,15,1319.9999999999993,4,865.2599999999998,swap,notBad
10002,15,1319.9999999999993,4,865.2599999999998,move,improve
10003,15,1319.9999999999993,4,865.2599999999998,swap,notBad
10004,15,1319.9999999999993,4,865.2599999999998,move,improve
10005,15,1319.9999999999993,4,865.2599999999998,2opt,notBad
10006,15,1321.8399999999992,4,865.2599999999998,swap,acceptBad
10007,15,1321.8399999999992,4,865.2599999999998,2opt,notBad
10008,15,1321.8399999999992,4,865.2599999999998,swap,notBad
10009,15,1321.8399999999992,4,865.2599999999998,move,improve
10010,15,1321.8399999999992,4,865.2599999999998,swap,notBad
10011,15,1321.8399999999992,4,865.2599999999998,move,improve
10012,15,1321.8399999999992,4,865.2599999999998,swap,notBad
10013,15,1321.8399999999992,4,865.2599999999998,swap,notBad
10014,15,1321.8399999999992,4,865.2599999999998,2opt,notBad
10015,15,1321.8399999999992,4,865.2599999999998,2opt,notBad
10016,15,1321.8399999999992,4,865.2599999999998,swap,notBad
10017,15,1321.8399999999992,4,865.2599999999998,2opt,notBad
10018,15,1321.8399999999992,4,865.2599999999998,swap,notBad
10019,15,1321.8399999999992,4,865.2599999999998,swap,notBad
10020,15,1321.8399999999992,4,865.2599999999998,move,improve
10021,15,1321.8399999999992,4,865.2599999999998,2opt,notBad
10022,15,1321.8399999999992,4,865.2599999999998,2opt,notBad
10023,15,1321.8399999999992,4,865.2599999999998,2opt,notBad
10024,15,1321.8399999999992,4,865.2599999999998,move,improve
10025,15,1321.8399999999992,4,865.2599999999998,swap,notBad
10026,15,1321.8399999999992,4,865.2599999999998,2opt,notBad
10027,15,1321.8399999999992,4,865.2599999999998,move,improve
10028,15,1321.2399999999993,4,865.2599999999998,move,improve
10029,15,1321.2399999999993,4,865.2599999999998,2opt,notBad
10030,15,1321.2399999999993,4,865.2599999999998,2opt,notBad
10031,15,1321.2399999999993,4,865.2599999999998,swap,notBad
10032,15,1321.2399999999993,4,865.2599999999998,2opt,notBad
10033,15,1321.2399999999993,4,865.2599999999998,swap,notBad
10034,15,1321.2399999999993,4,865.2599999999998,swap,notBad
10035,15,1321.2399999999993,4,865.2599999999998,2opt,notBad
10036,15,1321.2399999999993,4,865.2599999999998,2opt,notBad
10037,15,1321.2399999999993,4,865.2599999999998,move,improve
10038,15,1321.2399999999993,4,865.2599999999998,2opt,notBad
10039,15,1321.2399999999993,4,865.2599999999998,swap,notBad
10040,15,1321.2399999999993,4,865.2599999999998,swap,notBad
10041,15,1321.2399999999993,4,865.2599999999998,2opt,notBad
10042,15,1321.2399999999993,4,865.2599999999998,move,improve
10043,15,1321.2399999999993,4,865.2599999999998,2opt,notBad
10044,15,1321.2399999999993,4,865.2599999999998,2opt,notBad
10045,15,1321.2399999999993,4,865.2599999999998,swap,notBad
10046,15,1321.2399999999993,4,865.2599999999998,move,improve
10047,15,1321.2399999999993,4,865.2599999999998,2opt,notBad
10048,15,1321.2399999999993,4,865.2599999999998,swap,notBad
10049,15,1321.2399999999993,4,865.2599999999998,swap,notBad
10050,15,1321.2399999999993,4,865.2599999999998,2opt,improve
10051,15,1321.2399999999993,4,865.2599999999998,swap,notBad
10052,15,1321.2399999999993,4,865.2599999999998,move,improve
10053,15,1321.2399999999993,4,865.2599999999998,swap,notBad
10054,15,1321.2399999999993,4,865.2599999999998,move,improve
10055,15,1321.2399999999993,4,865.2599999999998,2opt,notBad
10056,15,1321.2399999999993,4,865.2599999999998,2opt,notBad
10057,15,1321.2399999999993,4,865.2599999999998,swap,notBad
10058,15,1321.2399999999993,4,865.2599999999998,swap,notBad
10059,15,1321.2399999999993,4,865.2599999999998,move,improve
10060,15,1321.2399999999993,4,865.2599999999998,swap,notBad
10061,15,1321.2399999999993,4,865.2599999999998,2opt,notBad
10062,15,1321.2399999999993,4,865.2599999999998,swap,notBad
10063,15,1321.2399999999993,4,865.2599999999998,move,improve
10064,15,1321.2399999999993,4,865.2599999999998,2opt,notBad
10065,15,1321.2399999999993,4,865.2599999999998,2opt,notBad
10066,15,1321.2399999999993,4,865.2599999999998,swap,notBad
10067,15,1321.2399999999993,4,865.2599999999998,2opt,notBad
10068,15,1321.2399999999993,4,865.2599999999998,swap,notBad
10069,15,1321.2399999999993,4,865.2599999999998,2opt,notBad
10070,15,1321.2399999999993,4,865.2599999999998,move,improve
10071,15,1321.2399999999993,4,865.2599999999998,2opt,notBad
10072,15,1321.2399999999993,4,865.2599999999998,move,improve
10073,15,1321.2399999999993,4,865.2599999999998,2opt,notBad
10074,15,1321.2399999999993,4,865.2599999999998,swap,notBad
10075,15,1321.2399999999993,4,865.2599999999998,move,improve
10076,15,1321.2399999999993,4,865.2599999999998,move,improve
10077,15,1321.2399999999993,4,865.2599999999998,swap,notBad
10078,15,1321.2399999999993,4,865.2599999999998,swap,notBad
10079,15,1321.2399999999993,4,865.2599999999998,2opt,notBad
10080,15,1321.2399999999993,4,865.2599999999998,move,improve
10081,15,1321.2399999999993,4,865.2599999999998,swap,notBad
10082,15,1321.2399999999993,4,865.2599999999998,swap,notBad
10083,15,1321.2399999999993,4,865.2599999999998,2opt,notBad
10084,15,1321.2399999999993,4,865.2599999999998,move,improve
10085,15,1321.2399999999993,4,865.2599999999998,move,improve
10086,15,1321.2399999999993,4,865.2599999999998,2opt,notBad
10087,15,1321.2399999999993,4,865.2599999999998,swap,notBad
10088,15,1321.2399999999993,4,865.2599999999998,2opt,notBad
10089,15,1321.2399999999993,4,865.2599999999998,swap,notBad
10090,15,1321.2399999999993,4,865.2599999999998,2opt,notBad
10091,15,1321.2399999999993,4,865.2599999999998,swap,notBad
10092,15,1321.2399999999993,4,865.2599999999998,move,improve
10093,15,1321.2399999999993,4,865.2599999999998,2opt,notBad
10094,15,1321.2399999999993,4,865.2599999999998,2opt,notBad
10095,15,1321.2399999999993,4,865.2599999999998,2opt,notBad
10096,15,1321.2399999999993,4,865.2599999999998,swap,notBad
10097,15,1321.2399999999993,4,865.2599999999998,2opt,notBad
10098,15,1321.2399999999993,4,865.2599999999998,swap,notBad
10099,15,1321.2399999999993,4,865.2599999999998,swap,notBad
10100,15,1321.2399999999993,4,865.2599999999998,swap,notBad
10101,15,1321.2399999999993,4,865.2599999999998,swap,notBad
10102,15,1321.2399999999993,4,865.2599999999998,swap,notBad
10103,15,1321.2399999999993,4,865.2599999999998,swap,notBad
10104,15,1321.2399999999993,4,865.2599999999998,2opt,notBad
10105,15,1321.2399999999993,4,865.2599999999998,2opt,notBad
10106,15,1321.2399999999993,4,865.2599999999998,swap,notBad
10107,15,1321.2399999999993,4,865.2599999999998,2opt,notBad
10108,15,1321.2399999999993,4,865.2599999999998,2opt,notBad
10109,15,1321.2399999999993,4,865.2599999999998,swap,notBad
10110,15,1321.2399999999993,4,865.2599999999998,2opt,notBad
10111,15,1321.2399999999993,4,865.2599999999998,2opt,notBad
10112,15,1321.2399999999993,4,865.2599999999998,swap,notBad
10113,15,1321.2399999999993,4,865.2599999999998,2opt,improve
10114,15,1321.2399999999993,4,865.2599999999998,move,improve
10115,15,1321.2399999999993,4,865.2599999999998,2opt,notBad
10116,15,1321.2399999999993,4,865.2599999999998,swap,notBad
10117,15,1321.2399999999993,4,865.2599999999998,swap,notBad
10118,15,1321.2399999999993,4,865.2599999999998,2opt,notBad
10119,15,1321.2399999999993,4,865.2599999999998,swap,notBad
10120,15,1321.2399999999993,4,865.2599999999998,2opt,notBad
10121,15,1321.2399999999993,4,865.2599999999998,move,improve
10122,15,1321.2399999999993,4,865.2599999999998,swap,notBad
10123,15,1321.2399999999993,4,865.2599999999998,move,improve
10124,15,1321.2399999999993,4,865.2599999999998,move,improve
10125,15,1321.2399999999993,4,865.2599999999998,swap,notBad
10126,15,1321.2399999999993,4,865.2599999999998,swap,notBad
10127,15,1321.2399999999993,4,865.2599999999998,move,improve
10128,15,1321.2399999999993,4,865.2599999999998,move,improve
10129,15,1321.2399999999993,4,865.2599999999998,2opt,notBad
10130,15,1321.2399999999993,4,865.2599999999998,move,improve
10131,15,1321.2399999999993,4,865.2599999999998,move,improve
10132,15,1321.2399999999993,4,865.2599999999998,move,improve
10133,15,1321.2399999999993,4,865.2599999999998,swap,notBad
10134,15,1321.2399999999993,4,865.2599999999998,2opt,notBad
10135,15,1321.2399999999993,4,865.2599999999998,swap,notBad
10136,15,1321.2399999999993,4,865.2599999999998,2opt,notBad
10137,15,1321.2399999999993,4,865.2599999999998,move,improve
10138,15,1321.2399999999993,4,865.2599999999998,2opt,improve
10139,15,1321.2399999999993,4,865.2599999999998,2opt,notBad
10140,15,1321.2399999999993,4,865.2599999999998,move,improve
10141,15,1321.2399999999993,4,865.2599999999998,2opt,notBad
10142,15,1321.2399999999993,4,865.2599999999998,move,improve
10143,15,1321.2399999999993,4,865.2599999999998,swap,notBad
10144,15,1321.2399999999993,4,865.2599999999998,swap,notBad
10145,15,1321.2399999999993,4,865.2599999999998,move,improve
10146,15,1321.2399999999993,4,865.2599999999998,swap,notBad
10147,15,1321.2399999999993,4,865.2599999999998,swap,notBad
10148,15,1321.2399999999993,4,865.2599999999998,2opt,notBad
10149,15,1321.2399999999993,4,865.2599999999998,2opt,notBad
10150,15,1321.2399999999993,4,865.2599999999998,swap,notBad
10151,15,1321.2399999999993,4,865.2599999999998,move,improve
10152,15,1321.2399999999993,4,865.2599999999998,move,improve
10153,15,1321.2399999999993,4,865.2599999999998,2opt,notBad
10154,15,1321.2399999999993,4,865.2599999999998,swap,notBad
10155,15,1321.2399999999993,4,865.2599999999998,swap,notBad
10156,15,1321.2399999999993,4,865.2599999999998,2opt,notBad
10157,15,1321.2399999999993,4,865.2599999999998,move,improve
10158,15,1321.2399999999993,4,865.2599999999998,move,improve
10159,15,1321.2399999999993,4,865.2599999999998,2opt,notBad
10160,15,1321.2399999999993,4,865.2599999999998,move,improve
10161,15,1321.2399999999993,4,865.2599999999998,move,improve
10162,15,1321.2399999999993,4,865.2599999999998,2opt,notBad
10163,15,1321.2399999999993,4,865.2599999999998,swap,notBad
10164,15,1321.2399999999993,4,865.2599999999998,move,improve
10165,15,1321.2399999999993,4,865.2599999999998,2opt,notBad
10166,15,1321.2399999999993,4,865.2599999999998,swap,notBad
10167,15,1321.2399999999993,4,865.2599999999998,swap,notBad
10168,15,1321.2399999999993,4,865.2599999999998,swap,notBad
10169,15,1321.2399999999993,4,865.2599999999998,2opt,notBad
10170,15,1321.2399999999993,4,865.2599999999998,2opt,notBad
10171,15,1321.2399999999993,4,865.2599999999998,swap,notBad
10172,15,1321.2399999999993,4,865.2599999999998,move,improve
10173,15,1321.2399999999993,4,865.2599999999998,move,improve
10174,15,1321.2399999999993,4,865.2599999999998,swap,notBad
10175,15,1321.2399999999993,4,865.2599999999998,2opt,notBad
10176,15,1321.2399999999993,4,865.2599999999998,move,improve
10177,15,1321.2399999999993,4,865.2599999999998,move,improve
10178,15,1321.2399999999993,4,865.2599999999998,2opt,notBad
10179,15,1321.2399999999993,4,865.2599999999998,2opt,notBad
10180,15,1321.2399999999993,4,865.2599999999998,swap,notBad
10181,15,1321.2399999999993,4,865.2599999999998,2opt,notBad
10182,15,1321.2399999999993,4,865.2599999999998,2opt,notBad
10183,15,1321.2399999999993,4,865.2599999999998,swap,notBad
10184,15,1321.2399999999993,4,865.2599999999998,move,improve
10185,15,1321.2399999999993,4,865.2599999999998,move,improve
10186,15,1321.2399999999993,4,865.2599999999998,move,improve
10187,15,1321.2399999999993,4,865.2599999999998,2opt,notBad
10188,15,1321.2399999999993,4,865.2599999999998,move,improve
10189,15,1321.2399999999993,4,865.2599999999998,swap,notBad
10190,15,1321.2399999999993,4,865.2599999999998,move,improve
10191,15,1321.2399999999993,4,865.2599999999998,swap,notBad
10192,15,1321.2399999999993,4,865.2599999999998,swap,notBad
10193,15,1321.2399999999993,4,865.2599999999998,swap,notBad
10194,15,1321.2399999999993,4,865.2599999999998,swap,notBad
10195,15,1321.2399999999993,4,865.2599999999998,2opt,notBad
10196,15,1321.2399999999993,4,865.2599999999998,move,improve
10197,15,1321.2399999999993,4,865.2599999999998,swap,notBad
10198,15,1321.2399999999993,4,865.2599999999998,move,improve
10199,15,1321.2399999999993,4,865.2599999999998,swap,notBad
10200,15,1321.2399999999993,4,865.2599999999998,move,improve
10201,15,1321.2399999999993,4,865.2599999999998,swap,notBad
10202,15,1321.2399999999993,4,865.2599999999998,swap,notBad
10203,15,1321.2399999999993,4,865.2599999999998,move,improve
10204,15,1321.2399999999993,4,865.2599999999998,swap,notBad
10205,15,1321.2399999999993,4,865.2599999999998,2opt,notBad
10206,15,1321.2399999999993,4,865.2599999999998,move,improve
10207,15,1321.2399999999993,4,865.2599999999998,move,improve
10208,15,1320.2799999999993,4,865.2599999999998,move,improve
10209,15,1320.2799999999993,4,865.2599999999998,swap,notBad
10210,15,1320.2799999999993,4,865.2599999999998,move,improve
10211,15,1320.2799999999993,4,865.2599999999998,move,improve
10212,15,1320.2799999999993,4,865.2599999999998,swap,notBad
10213,15,1320.2799999999993,4,865.2599999999998,2opt,notBad
10214,15,1320.2799999999993,4,865.2599999999998,swap,notBad
10215,15,1320.2799999999993,4,865.2599999999998,move,improve
10216,15,1320.2799999999993,4,865.2599999999998,swap,notBad
10217,15,1320.2799999999993,4,865.2599999999998,swap,notBad
10218,15,1320.2799999999993,4,865.2599999999998,move,improve
10219,15,1320.2799999999993,4,865.2599999999998,swap,notBad
10220,15,1320.2799999999993,4,865.2599999999998,2opt,notBad
10221,15,1320.2799999999993,4,865.2599999999998,swap,notBad
10222,15,1320.2799999999993,4,865.2599999999998,swap,notBad
10223,15,1320.2799999999993,4,865.2599999999998,2opt,notBad
10224,15,1320.2799999999993,4,865.2599999999998,move,improve
10225,15,1320.2799999999993,4,865.2599999999998,swap,notBad
10226,15,1320.2799999999993,4,865.2599999999998,swap,notBad
10227,15,1320.2799999999993,4,865.2599999999998,move,improve
10228,15,1320.2799999999993,4,865.2599999999998,move,improve
10229,15,1320.2799999999993,4,865.2599999999998,swap,notBad
10230,15,1320.2799999999993,4,865.2599999999998,move,improve
10231,15,1320.2799999999993,4,865.2599999999998,2opt,notBad
10232,15,1320.2799999999993,4,865.2599999999998,move,improve
10233,15,1320.2799999999993,4,865.2599999999998,move,improve
10234,15,1320.2799999999993,4,865.2599999999998,2opt,notBad
10235,15,1320.2799999999993,4,865.2599999999998,2opt,notBad
10236,15,1320.2799999999993,4,865.2599999999998,swap,notBad
10237,15,1320.2799999999993,4,865.2599999999998,2opt,notBad
10238,15,1320.2799999999993,4,865.2599999999998,move,improve
10239,15,1320.2799999999993,4,865.2599999999998,swap,notBad
10240,15,1320.2799999999993,4,865.2599999999998,2opt,notBad
10241,15,1320.2799999999993,4,865.2599999999998,move,improve
10242,15,1320.2799999999993,4,865.2599999999998,move,improve
10243,15,1320.2799999999993,4,865.2599999999998,swap,notBad
10244,15,1320.2799999999993,4,865.2599999999998,2opt,notBad
10245,15,1320.2799999999993,4,865.2599999999998,move,improve
10246,15,1320.2799999999993,4,865.2599999999998,swap,notBad
10247,15,1320.2799999999993,4,865.2599999999998,swap,notBad
10248,15,1320.2799999999993,4,865.2599999999998,2opt,notBad
10249,15,1320.2799999999993,4,865.2599999999998,swap,notBad
10250,15,1320.2799999999993,4,865.2599999999998,move,improve
10251,15,1320.2799999999993,4,865.2599999999998,2opt,notBad
10252,15,1320.2799999999993,4,865.2599999999998,swap,notBad
10253,15,1320.2799999999993,4,865.2599999999998,swap,notBad
10254,15,1320.2799999999993,4,865.2599999999998,move,improve
10255,15,1320.2799999999993,4,865.2599999999998,swap,notBad
10256,15,1320.2799999999993,4,865.2599999999998,move,improve
10257,15,1320.2799999999993,4,865.2599999999998,move,improve
10258,15,1320.2799999999993,4,865.2599999999998,move,improve
10259,15,1320.2799999999993,4,865.2599999999998,swap,notBad
10260,15,1320.2799999999993,4,865.2599999999998,swap,notBad
10261,15,1320.2799999999993,4,865.2599999999998,2opt,notBad
10262,15,1320.2799999999993,4,865.2599999999998,swap,notBad
10263,15,1320.2799999999993,4,865.2599999999998,swap,notBad
10264,15,1320.2799999999993,4,865.2599999999998,move,improve
10265,15,1320.2799999999993,4,865.2599999999998,move,improve
10266,15,1320.2799999999993,4,865.2599999999998,swap,notBad
10267,15,1320.2799999999993,4,865.2599999999998,2opt,notBad
10268,15,1320.2799999999993,4,865.2599999999998,move,improve
10269,15,1320.2799999999993,4,865.2599999999998,move,improve
10270,15,1320.2799999999993,4,865.2599999999998,move,improve
10271,15,1320.2799999999993,4,865.2599999999998,2opt,notBad
10272,15,1320.2799999999993,4,865.2599999999998,2opt,notBad
10273,15,1320.2799999999993,4,865.2599999999998,2opt,notBad
10274,15,1320.2799999999993,4,865.2599999999998,swap,notBad
10275,15,1320.2799999999993,4,865.2599999999998,swap,notBad
10276,15,1320.2799999999993,4,865.2599999999998,2opt,notBad
10277,15,1320.2799999999993,4,865.2599999999998,move,improve
10278,15,1320.2799999999993,4,865.2599999999998,move,improve
10279,15,1320.2799999999993,4,865.2599999999998,move,improve
10280,15,1320.2799999999993,4,865.2599999999998,swap,notBad
10281,15,1320.2799999999993,4,865.2599999999998,swap,notBad
10282,15,1320.2799999999993,4,865.2599999999998,2opt,notBad
10283,15,1320.2799999999993,4,865.2599999999998,swap,notBad
10284,15,1320.2799999999993,4,865.2599999999998,2opt,notBad
10285,15,1320.2799999999993,4,865.2599999999998,swap,notBad
10286,15,1320.2799999999993,4,865.2599999999998,swap,notBad
10287,15,1320.2799999999993,4,865.2599999999998,swap,notBad
10288,15,1320.2799999999993,4,865.2599999999998,swap,notBad
10289,15,1320.2799999999993,4,865.2599999999998,2opt,notBad
10290,15,1320.2799999999993,4,865.2599999999998,2opt,notBad
10291,15,1320.2799999999993,4,865.2599999999998,2opt,notBad
10292,15,1320.2799999999993,4,865.2599999999998,2opt,notBad
10293,15,1320.2799999999993,4,865.2599999999998,2opt,improve
10294,15,1320.2799999999993,4,865.2599999999998,move,improve
10295,15,1320.2799999999993,4,865.2599999999998,2opt,notBad
10296,15,1320.2799999999993,4,865.2599999999998,move,improve
10297,15,1320.2799999999993,4,865.2599999999998,2opt,notBad
10298,15,1320.2799999999993,4,865.2599999999998,move,improve
10299,15,1320.2799999999993,4,865.2599999999998,2opt,notBad
10300,15,1320.2799999999993,4,865.2599999999998,2opt,notBad
10301,15,1320.2799999999993,4,865.2599999999998,2opt,notBad
10302,15,1320.2799999999993,4,865.2599999999998,2opt,notBad
10303,15,1320.2799999999993,4,865.2599999999998,move,improve
10304,15,1320.2799999999993,4,865.2599999999998,move,improve
10305,15,1320.2799999999993,4,865.2599999999998,swap,notBad
10306,15,1320.2799999999993,4,865.2599999999998,2opt,notBad
10307,15,1320.2799999999993,4,865.2599999999998,2opt,notBad
10308,15,1320.2799999999993,4,865.2599999999998,move,improve
10309,15,1320.2799999999993,4,865.2599999999998,swap,notBad
10310,15,1320.2799999999993,4,865.2599999999998,swap,notBad
10311,15,1320.2799999999993,4,865.2599999999998,2opt,notBad
10312,15,1320.2799999999993,4,865.2599999999998,2opt,notBad
10313,15,1320.2799999999993,4,865.2599999999998,2opt,notBad
10314,15,1320.2799999999993,4,865.2599999999998,swap,notBad
10315,15,1320.2799999999993,4,865.2599999999998,move,improve
10316,15,1320.2799999999993,4,865.2599999999998,swap,notBad
10317,15,1320.2799999999993,4,865.2599999999998,2opt,notBad
10318,15,1320.2799999999993,4,865.2599999999998,swap,notBad
10319,15,1320.2799999999993,4,865.2599999999998,swap,notBad
10320,15,1320.2799999999993,4,865.2599999999998,swap,notBad
10321,15,1320.2799999999993,4,865.2599999999998,2opt,notBad
10322,15,1320.2799999999993,4,865.2599999999998,2opt,notBad
10323,15,1320.2799999999993,4,865.2599999999998,move,improve
10324,15,1320.2799999999993,4,865.2599999999998,swap,notBad
10325,15,1320.2799999999993,4,865.2599999999998,move,improve
10326,15,1320.2799999999993,4,865.2599999999998,move,improve
10327,15,1320.2799999999993,4,865.2599999999998,swap,notBad
10328,15,1320.2799999999993,4,865.2599999999998,swap,notBad
10329,15,1320.2799999999993,4,865.2599999999998,swap,notBad
10330,15,1320.2799999999993,4,865.2599999999998,move,improve
10331,15,1320.2799999999993,4,865.2599999999998,move,improve
10332,15,1320.2799999999993,4,865.2599999999998,2opt,notBad
10333,15,1320.2799999999993,4,865.2599999999998,swap,notBad
10334,15,1320.2799999999993,4,865.2599999999998,swap,notBad
10335,15,1320.2799999999993,4,865.2599999999998,2opt,notBad
10336,15,1320.2799999999993,4,865.2599999999998,move,improve
10337,15,1320.2799999999993,4,865.2599999999998,move,improve
10338,15,1320.2799999999993,4,865.2599999999998,swap,notBad
10339,15,1320.2799999999993,4,865.2599999999998,2opt,notBad
10340,15,1320.2799999999993,4,865.2599999999998,2opt,notBad
10341,15,1320.2799999999993,4,865.2599999999998,move,improve
10342,15,1320.2799999999993,4,865.2599999999998,2opt,notBad
10343,15,1320.2799999999993,4,865.2599999999998,swap,notBad
10344,15,1320.2799999999993,4,865.2599999999998,move,improve
10345,15,1320.2799999999993,4,865.2599999999998,move,improve
10346,15,1320.2799999999993,4,865.2599999999998,2opt,notBad
10347,15,1320.2799999999993,4,865.2599999999998,move,improve
10348,15,1320.2799999999993,4,865.2599999999998,move,improve
10349,15,1320.2799999999993,4,865.2599999999998,move,improve
10350,15,1320.2799999999993,4,865.2599999999998,2opt,notBad
10351,15,1320.2799999999993,4,865.2599999999998,swap,notBad
10352,15,1320.2799999999993,4,865.2599999999998,move,improve
10353,15,1320.2799999999993,4,865.2599999999998,2opt,notBad
10354,15,1320.2799999999993,4,865.2599999999998,swap,notBad
10355,15,1320.2799999999993,4,865.2599999999998,2opt,notBad
10356,15,1320.2799999999993,4,865.2599999999998,2opt,notBad
10357,15,1320.2799999999993,4,865.2599999999998,swap,notBad
10358,15,1320.2799999999993,4,865.2599999999998,2opt,notBad
10359,15,1320.2799999999993,4,865.2599999999998,swap,notBad
10360,15,1320.2799999999993,4,865.2599999999998,2opt,notBad
10361,15,1320.2799999999993,4,865.2599999999998,move,improve
10362,15,1320.2799999999993,4,865.2599999999998,swap,notBad
10363,15,1320.2799999999993,4,865.2599999999998,swap,notBad
10364,15,1320.2799999999993,4,865.2599999999998,swap,notBad
10365,15,1320.2799999999993,4,865.2599999999998,2opt,notBad
10366,15,1320.2799999999993,4,865.2599999999998,2opt,notBad
10367,15,1320.2799999999993,4,865.2599999999998,swap,notBad
10368,15,1320.2799999999993,4,865.2599999999998,move,improve
10369,15,1320.2799999999993,4,865.2599999999998,move,improve
10370,15,1320.2799999999993,4,865.2599999999998,move,improve
10371,15,1320.2799999999993,4,865.2599999999998,2opt,notBad
10372,15,1320.2799999999993,4,865.2599999999998,move,improve
10373,15,1320.2799999999993,4,865.2599999999998,2opt,improve
10374,15,1320.2799999999993,4,865.2599999999998,swap,notBad
10375,15,1320.2799999999993,4,865.2599999999998,move,improve
10376,15,1320.2799999999993,4,865.2599999999998,2opt,notBad
10377,15,1320.2799999999993,4,865.2599999999998,2opt,notBad
10378,15,1320.2799999999993,4,865.2599999999998,2opt,notBad
10379,15,1320.2799999999993,4,865.2599999999998,2opt,notBad
10380,15,1320.2799999999993,4,865.2599999999998,move,improve
10381,15,1320.2799999999993,4,865.2599999999998,2opt,notBad
10382,15,1320.2799999999993,4,865.2599999999998,move,improve
10383,15,1320.2799999999993,4,865.2599999999998,move,improve
10384,15,1320.2799999999993,4,865.2599999999998,2opt,notBad
10385,15,1320.2799999999993,4,865.2599999999998,2opt,notBad
10386,15,1320.2799999999993,4,865.2599999999998,move,improve
10387,15,1320.2799999999993,4,865.2599999999998,swap,notBad
10388,15,1320.2799999999993,4,865.2599999999998,2opt,notBad
10389,15,1320.2799999999993,4,865.2599999999998,move,improve
10390,15,1320.2799999999993,4,865.2599999999998,move,improve
10391,15,1320.2799999999993,4,865.2599999999998,swap,notBad
10392,15,1320.2799999999993,4,865.2599999999998,swap,notBad
10393,15,1320.2799999999993,4,865.2599999999998,swap,notBad
10394,15,1320.2799999999993,4,865.2599999999998,move,improve
10395,15,1320.2799999999993,4,865.2599999999998,2opt,notBad
10396,15,1320.2799999999993,4,865.2599999999998,move,improve
10397,15,1320.2799999999993,4,865.2599999999998,move,improve
10398,15,1320.2799999999993,4,865.2599999999998,move,improve
10399,15,1320.2799999999993,4,865.2599999999998,swap,notBad
10400,15,1320.2799999999993,4,865.2599999999998,2opt,notBad
10401,15,1320.2799999999993,4,865.2599999999998,move,improve
10402,15,1320.2799999999993,4,865.2599999999998,move,improve
10403,15,1320.2799999999993,4,865.2599999999998,swap,notBad
10404,15,1320.2799999999993,4,865.2599999999998,move,improve
10405,15,1320.2799999999993,4,865.2599999999998,2opt,notBad
10406,15,1320.2799999999993,4,865.2599999999998,move,improve
10407,15,1320.2799999999993,4,865.2599999999998,swap,notBad
10408,15,1320.2799999999993,4,865.2599999999998,swap,notBad
10409,15,1320.2799999999993,4,865.2599999999998,move,improve
10410,15,1320.2799999999993,4,865.2599999999998,swap,notBad
10411,15,1320.2799999999993,4,865.2599999999998,swap,notBad
10412,15,1320.2799999999993,4,865.2599999999998,2opt,notBad
10413,15,1320.2799999999993,4,865.2599999999998,move,improve
10414,15,1320.2799999999993,4,865.2599999999998,2opt,notBad
10415,15,1320.2799999999993,4,865.2599999999998,swap,notBad
10416,15,1320.2799999999993,4,865.2599999999998,swap,notBad
10417,15,1320.2799999999993,4,865.2599999999998,2opt,notBad
10418,15,1320.2799999999993,4,865.2599999999998,move,improve
10419,15,1320.2799999999993,4,865.2599999999998,2opt,notBad
10420,15,1320.2799999999993,4,865.2599999999998,swap,notBad
10421,15,1320.2799999999993,4,865.2599999999998,move,improve
10422,15,1320.2799999999993,4,865.2599999999998,move,improve
10423,15,1320.2799999999993,4,865.2599999999998,2opt,notBad
10424,15,1320.2799999999993,4,865.2599999999998,2opt,notBad
10425,15,1320.2799999999993,4,865.2599999999998,swap,notBad
10426,15,1320.9199999999994,4,865.2599999999998,2opt,acceptBad
10427,15,1320.9199999999994,4,865.2599999999998,swap,notBad
10428,15,1320.9199999999994,4,865.2599999999998,move,improve
10429,15,1320.9199999999994,4,865.2599999999998,swap,notBad
10430,15,1320.9199999999994,4,865.2599999999998,move,improve
10431,15,1320.9199999999994,4,865.2599999999998,2opt,notBad
10432,15,1320.9199999999994,4,865.2599999999998,swap,notBad
10433,15,1320.9199999999994,4,865.2599999999998,2opt,notBad
10434,15,1320.9199999999994,4,865.2599999999998,2opt,notBad
10435,15,1320.9199999999994,4,865.2599999999998,swap,notBad
10436,15,1320.9199999999994,4,865.2599999999998,move,improve
10437,15,1320.9199999999994,4,865.2599999999998,swap,notBad
10438,15,1320.9199999999994,4,865.2599999999998,swap,notBad
10439,15,1320.9199999999994,4,865.2599999999998,2opt,notBad
10440,15,1320.9199999999994,4,865.2599999999998,swap,notBad
10441,15,1320.9199999999994,4,865.2599999999998,move,improve
10442,15,1320.9199999999994,4,865.2599999999998,move,improve
10443,15,1320.9199999999994,4,865.2599999999998,swap,notBad
10444,15,1320.9199999999994,4,865.2599999999998,swap,notBad
10445,15,1320.9199999999994,4,865.2599999999998,move,improve
10446,15,1320.9199999999994,4,865.2599999999998,move,improve
10447,15,1320.9199999999994,4,865.2599999999998,move,improve
10448,15,1320.9199999999994,4,865.2599999999998,move,improve
10449,15,1320.9199999999994,4,865.2599999999998,move,improve
10450,15,1320.9199999999994,4,865.2599999999998,move,improve
10451,15,1320.9199999999994,4,865.2599999999998,swap,notBad
10452,15,1320.9199999999994,4,865.2599999999998,move,improve
10453,15,1320.9199999999994,4,865.2599999999998,swap,notBad
10454,15,1320.9199999999994,4,865.2599999999998,2opt,notBad
10455,15,1320.9199999999994,4,865.2599999999998,move,improve
10456,15,1320.9199999999994,4,865.2599999999998,swap,notBad
10457,15,1320.9199999999994,4,865.2599999999998,2opt,notBad
10458,15,1320.9199999999994,4,865.2599999999998,swap,notBad
10459,15,1320.9199999999994,4,865.2599999999998,swap,notBad
10460,15,1320.9199999999994,4,865.2599999999998,2opt,notBad
10461,15,1320.9199999999994,4,865.2599999999998,move,improve
10462,15,1320.9199999999994,4,865.2599999999998,swap,notBad
10463,15,1320.9199999999994,4,865.2599999999998,2opt,notBad
10464,15,1320.9199999999994,4,865.2599999999998,swap,notBad
10465,15,1320.9199999999994,4,865.2599999999998,swap,notBad
10466,15,1320.9199999999994,4,865.2599999999998,2opt,notBad
10467,15,1320.9199999999994,4,865.2599999999998,move,improve
10468,15,1320.9199999999994,4,865.2599999999998,move,improve
10469,15,1333.439999999999,4,865.2599999999998,move,acceptBad
10470,15,1333.439999999999,4,865.2599999999998,move,improve
10471,15,1333.439999999999,4,865.2599999999998,move,improve
10472,15,1333.439999999999,4,865.2599999999998,2opt,notBad
10473,15,1333.439999999999,4,865.2599999999998,move,improve
10474,15,1333.439999999999,4,865.2599999999998,move,improve
10475,15,1333.439999999999,4,865.2599999999998,move,improve
10476,15,1333.439999999999,4,865.2599999999998,move,improve
10477,15,1333.439999999999,4,865.2599999999998,2opt,notBad
10478,15,1333.439999999999,4,865.2599999999998,swap,notBad
10479,15,1333.439999999999,4,865.2599999999998,move,improve
10480,15,1333.439999999999,4,865.2599999999998,swap,notBad
10481,15,1333.439999999999,4,865.2599999999998,swap,notBad
10482,15,1333.439999999999,4,865.2599999999998,2opt,notBad
10483,15,1333.439999999999,4,865.2599999999998,swap,notBad
10484,15,1333.439999999999,4,865.2599999999998,swap,notBad
10485,15,1333.439999999999,4,865.2599999999998,move,improve
10486,15,1333.439999999999,4,865.2599999999998,swap,notBad
10487,15,1333.439999999999,4,865.2599999999998,move,improve
10488,15,1333.439999999999,4,865.2599999999998,2opt,notBad
10489,15,1333.439999999999,4,865.2599999999998,move,improve
10490,15,1333.439999999999,4,865.2599999999998,swap,notBad
10491,15,1333.439999999999,4,865.2599999999998,swap,notBad
10492,15,1333.439999999999,4,865.2599999999998,2opt,improve
10493,15,1333.439999999999,4,865.2599999999998,2opt,notBad
10494,15,1333.439999999999,4,865.2599999999998,2opt,notBad
10495,15,1333.439999999999,4,865.2599999999998,move,improve
10496,15,1333.439999999999,4,865.2599999999998,swap,notBad
10497,15,1333.439999999999,4,865.2599999999998,2opt,notBad
10498,15,1333.439999999999,4,865.2599999999998,move,improve
10499,15,1333.439999999999,4,865.2599999999998,move,improve
10500,15,1333.439999999999,4,865.2599999999998,swap,notBad
10501,15,1333.439999999999,4,865.2599999999998,swap,notBad
10502,15,1333.439999999999,4,865.2599999999998,move,improve
10503,15,1333.439999999999,4,865.2599999999998,move,improve
10504,15,1333.439999999999,4,865.2599999999998,move,improve
10505,15,1333.439999999999,4,865.2599999999998,swap,notBad
10506,15,1333.439999999999,4,865.2599999999998,2opt,notBad
10507,15,1333.439999999999,4,865.2599999999998,move,improve
10508,15,1333.439999999999,4,865.2599999999998,move,improve
10509,15,1333.439999999999,4,865.2599999999998,swap,notBad
10510,15,1333.439999999999,4,865.2599999999998,swap,notBad
10511,15,1333.439999999999,4,865.2599999999998,swap,notBad
10512,15,1333.439999999999,4,865.2599999999998,swap,notBad
10513,15,1333.439999999999,4,865.2599999999998,swap,notBad
10514,15,1333.439999999999,4,865.2599999999998,2opt,notBad
10515,15,1333.439999999999,4,865.2599999999998,move,improve
10516,15,1333.439999999999,4,865.2599999999998,2opt,notBad
10517,15,1333.439999999999,4,865.2599999999998,move,improve
10518,15,1333.439999999999,4,865.2599999999998,2opt,notBad
10519,15,1333.439999999999,4,865.2599999999998,2opt,notBad
10520,15,1333.439999999999,4,865.2599999999998,swap,notBad
10521,15,1333.439999999999,4,865.2599999999998,swap,notBad
10522,15,1333.439999999999,4,865.2599999999998,2opt,notBad
10523,15,1333.439999999999,4,865.2599999999998,swap,notBad
10524,15,1333.439999999999,4,865.2599999999998,2opt,improve
10525,15,1333.439999999999,4,865.2599999999998,2opt,notBad
10526,15,1333.439999999999,4,865.2599999999998,2opt,improve
10527,15,1333.439999999999,4,865.2599999999998,swap,notBad
10528,15,1333.439999999999,4,865.2599999999998,2opt,notBad
10529,15,1333.439999999999,4,865.2599999999998,2opt,notBad
10530,15,1333.439999999999,4,865.2599999999998,swap,notBad
10531,15,1333.439999999999,4,865.2599999999998,2opt,notBad
10532,15,1333.439999999999,4,865.2599999999998,swap,notBad
10533,15,1333.439999999999,4,865.2599999999998,move,improve
10534,15,1333.439999999999,4,865.2599999999998,move,improve
10535,15,1333.439999999999,4,865.2599999999998,swap,notBad
10536,15,1333.439999999999,4,865.2599999999998,move,improve
10537,15,1333.439999999999,4,865.2599999999998,2opt,notBad
10538,15,1333.439999999999,4,865.2599999999998,move,improve
10539,15,1333.439999999999,4,865.2599999999998,swap,notBad
10540,15,1333.439999999999,4,865.2599999999998,move,improve
10541,15,1333.439999999999,4,865.2599999999998,move,improve
10542,15,1333.439999999999,4,865.2599999999998,swap,notBad
10543,15,1333.439999999999,4,865.2599999999998,2opt,improve
10544,15,1333.439999999999,4,865.2599999999998,swap,notBad
10545,15,1333.439999999999,4,865.2599999999998,move,improve
10546,15,1333.439999999999,4,865.2599999999998,2opt,notBad
10547,15,1333.439999999999,4,865.2599999999998,move,improve
10548,15,1333.439999999999,4,865.2599999999998,2opt,notBad
10549,15,1333.439999999999,4,865.2599999999998,2opt,notBad
10550,15,1333.439999999999,4,865.2599999999998,move,improve
10551,15,1333.439999999999,4,865.2599999999998,move,improve
10552,15,1333.439999999999,4,865.2599999999998,2opt,notBad
10553,15,1333.439999999999,4,865.2599999999998,2opt,notBad
10554,15,1333.439999999999,4,865.2599999999998,swap,notBad
10555,15,1333.439999999999,4,865.2599999999998,swap,notBad
10556,15,1333.439999999999,4,865.2599999999998,swap,notBad
10557,15,1333.439999999999,4,865.2599999999998,move,improve
10558,15,1333.439999999999,4,865.2599999999998,move,improve
10559,15,1333.439999999999,4,865.2599999999998,2opt,notBad
10560,15,1333.439999999999,4,865.2599999999998,2opt,notBad
10561,15,1333.439999999999,4,865.2599999999998,swap,notBad
10562,15,1333.439999999999,4,865.2599999999998,2opt,notBad
10563,15,1333.439999999999,4,865.2599999999998,swap,notBad
10564,15,1333.439999999999,4,865.2599999999998,2opt,notBad
10565,15,1333.439999999999,4,865.2599999999998,move,improve
10566,15,1333.439999999999,4,865.2599999999998,move,improve
10567,15,1333.439999999999,4,865.2599999999998,swap,notBad
10568,15,1333.439999999999,4,865.2599999999998,move,improve
10569,15,1333.439999999999,4,865.2599999999998,move,improve
10570,15,1333.439999999999,4,865.2599999999998,move,improve
10571,15,1333.439999999999,4,865.2599999999998,move,improve
10572,15,1333.439999999999,4,865.2599999999998,move,improve
10573,15,1333.439999999999,4,865.2599999999998,2opt,notBad
10574,15,1333.439999999999,4,865.2599999999998,swap,notBad
10575,15,1333.439999999999,4,865.2599999999998,swap,notBad
10576,15,1333.439999999999,4,865.2599999999998,swap,notBad
10577,15,1333.439999999999,4,865.2599999999998,move,improve
10578,15,1333.439999999999,4,865.2599999999998,swap,notBad
10579,15,1333.439999999999,4,865.2599999999998,swap,notBad
10580,15,1333.439999999999,4,865.2599999999998,swap,notBad
10581,15,1333.439999999999,4,865.2599999999998,swap,notBad
10582,15,1333.439999999999,4,865.2599999999998,swap,notBad
10583,15,1333.439999999999,4,865.2599999999998,move,improve
10584,15,1333.439999999999,4,865.2599999999998,move,improve
10585,15,1333.439999999999,4,865.2599999999998,swap,notBad
10586,15,1333.439999999999,4,865.2599999999998,move,improve
10587,15,1333.439999999999,4,865.2599999999998,move,notBad
10588,15,1333.439999999999,4,865.2599999999998,move,improve
10589,15,1333.439999999999,4,865.2599999999998,move,improve
10590,15,1333.439999999999,4,865.2599999999998,2opt,notBad
10591,15,1333.439999999999,4,865.2599999999998,move,improve
10592,15,1333.439999999999,4,865.2599999999998,move,improve
10593,15,1333.439999999999,4,865.2599999999998,move,improve
10594,15,1333.439999999999,4,865.2599999999998,2opt,notBad
10595,15,1333.439999999999,4,865.2599999999998,move,improve
10596,15,1333.439999999999,4,865.2599999999998,move,improve
10597,15,1333.439999999999,4,865.2599999999998,swap,notBad
10598,15,1333.439999999999,4,865.2599999999998,move,improve
10599,15,1333.439999999999,4,865.2599999999998,swap,notBad
10600,15,1333.439999999999,4,865.2599999999998,swap,notBad
10601,15,1333.439999999999,4,865.2599999999998,2opt,notBad
10602,15,1333.439999999999,4,865.2599999999998,2opt,notBad
10603,15,1333.439999999999,4,865.2599999999998,swap,notBad
10604,15,1333.439999999999,4,865.2599999999998,move,improve
10605,15,1333.439999999999,4,865.2599999999998,swap,notBad
10606,15,1333.439999999999,4,865.2599999999998,2opt,notBad
10607,15,1333.439999999999,4,865.2599999999998,move,improve
10608,15,1333.439999999999,4,865.2599999999998,move,improve
10609,15,1333.439999999999,4,865.2599999999998,swap,notBad
10610,15,1333.439999999999,4,865.2599999999998,swap,notBad
10611,15,1333.439999999999,4,865.2599999999998,2opt,notBad
10612,15,1333.439999999999,4,865.2599999999998,swap,notBad
10613,15,1333.439999999999,4,865.2599999999998,swap,notBad
10614,15,1333.439999999999,4,865.2599999999998,swap,notBad
10615,15,1333.439999999999,4,865.2599999999998,move,improve
10616,15,1333.439999999999,4,865.2599999999998,move,improve
10617,15,1333.439999999999,4,865.2599999999998,move,improve
10618,15,1333.439999999999,4,865.2599999999998,2opt,notBad
10619,15,1333.439999999999,4,865.2599999999998,2opt,notBad
10620,15,1333.439999999999,4,865.2599999999998,swap,notBad
10621,15,1333.439999999999,4,865.2599999999998,swap,notBad
10622,15,1333.439999999999,4,865.2599999999998,move,improve
10623,15,1333.439999999999,4,865.2599999999998,swap,notBad
10624,15,1333.439999999999,4,865.2599999999998,move,improve
10625,15,1333.439999999999,4,865.2599999999998,2opt,notBad
10626,15,1333.439999999999,4,865.2599999999998,swap,notBad
10627,15,1333.439999999999,4,865.2599999999998,move,improve
10628,15,1333.439999999999,4,865.2599999999998,swap,notBad
10629,15,1333.439999999999,4,865.2599999999998,swap,notBad
10630,15,1333.439999999999,4,865.2599999999998,move,improve
10631,15,1333.439999999999,4,865.2599999999998,2opt,notBad
10632,15,1333.439999999999,4,865.2599999999998,swap,notBad
10633,15,1333.439999999999,4,865.2599999999998,move,improve
10634,15,1333.439999999999,4,865.2599999999998,move,improve
10635,15,1333.439999999999,4,865.2599999999998,swap,notBad
10636,15,1333.439999999999,4,865.2599999999998,2opt,notBad
10637,15,1333.439999999999,4,865.2599999999998,move,improve
10638,15,1333.439999999999,4,865.2599999999998,move,improve
10639,15,1333.439999999999,4,865.2599999999998,2opt,notBad
10640,15,1333.439999999999,4,865.2599999999998,2opt,notBad
10641,15,1333.439999999999,4,865.2599999999998,swap,notBad
10642,15,1333.439999999999,4,865.2599999999998,move,improve
10643,15,1333.439999999999,4,865.2599999999998,move,improve
10644,15,1333.439999999999,4,865.2599999999998,move,improve
10645,15,1333.439999999999,4,865.2599999999998,swap,notBad
10646,15,1333.439999999999,4,865.2599999999998,2opt,notBad
10647,15,1333.439999999999,4,865.2599999999998,2opt,notBad
10648,15,1333.439999999999,4,865.2599999999998,2opt,notBad
10649,15,1333.439999999999,4,865.2599999999998,swap,notBad
10650,15,1333.439999999999,4,865.2599999999998,move,improve
10651,15,1333.439999999999,4,865.2599999999998,move,improve
10652,15,1333.439999999999,4,865.2599999999998,move,improve
10653,15,1333.439999999999,4,865.2599999999998,2opt,notBad
10654,15,1333.439999999999,4,865.2599999999998,swap,notBad
10655,15,1333.439999999999,4,865.2599999999998,2opt,notBad
10656,15,1333.439999999999,4,865.2599999999998,swap,notBad
10657,15,1333.439999999999,4,865.2599999999998,2opt,notBad
10658,15,1333.439999999999,4,865.2599999999998,move,improve
10659,15,1333.439999999999,4,865.2599999999998,2opt,notBad
10660,15,1333.439999999999,4,865.2599999999998,2opt,notBad
10661,15,1333.439999999999,4,865.2599999999998,2opt,notBad
10662,15,1333.439999999999,4,865.2599999999998,swap,notBad
10663,15,1333.439999999999,4,865.2599999999998,move,improve
10664,15,1333.439999999999,4,865.2599999999998,move,improve
10665,15,1333.439999999999,4,865.2599999999998,2opt,notBad
10666,15,1333.439999999999,4,865.2599999999998,move,improve
10667,15,1333.439999999999,4,865.2599999999998,swap,notBad
10668,15,1333.439999999999,4,865.2599999999998,2opt,notBad
10669,15,1333.439999999999,4,865.2599999999998,2opt,notBad
10670,15,1333.439999999999,4,865.2599999999998,2opt,notBad
10671,15,1333.439999999999,4,865.2599999999998,2opt,notBad
10672,15,1333.439999999999,4,865.2599999999998,2opt,notBad
10673,15,1333.439999999999,4,865.2599999999998,move,improve
10674,15,1333.439999999999,4,865.2599999999998,swap,notBad
10675,15,1333.439999999999,4,865.2599999999998,move,improve
10676,15,1333.439999999999,4,865.2599999999998,swap,notBad
10677,15,1333.439999999999,4,865.2599999999998,swap,notBad
10678,15,1333.439999999999,4,865.2599999999998,2opt,notBad
10679,15,1333.439999999999,4,865.2599999999998,move,improve
10680,15,1333.439999999999,4,865.2599999999998,swap,notBad
10681,15,1333.439999999999,4,865.2599999999998,swap,notBad
10682,15,1333.439999999999,4,865.2599999999998,swap,notBad
10683,15,1333.439999999999,4,865.2599999999998,swap,notBad
10684,15,1333.439999999999,4,865.2599999999998,move,improve
10685,15,1333.439999999999,4,865.2599999999998,swap,notBad
10686,15,1333.439999999999,4,865.2599999999998,swap,notBad
10687,15,1333.439999999999,4,865.2599999999998,move,improve
10688,15,1333.439999999999,4,865.2599999999998,swap,notBad
10689,15,1333.439999999999,4,865.2599999999998,swap,notBad
10690,15,1333.439999999999,4,865.2599999999998,move,improve
10691,15,1333.439999999999,4,865.2599999999998,2opt,notBad
10692,15,1333.439999999999,4,865.2599999999998,swap,notBad
10693,15,1333.439999999999,4,865.2599999999998,swap,notBad
10694,15,1333.439999999999,4,865.2599999999998,2opt,notBad
10695,15,1333.439999999999,4,865.2599999999998,2opt,notBad
10696,15,1333.439999999999,4,865.2599999999998,swap,notBad
10697,15,1333.439999999999,4,865.2599999999998,swap,notBad
10698,15,1333.439999999999,4,865.2599999999998,move,improve
10699,15,1333.439999999999,4,865.2599999999998,2opt,notBad
10700,15,1333.439999999999,4,865.2599999999998,2opt,notBad
10701,15,1333.439999999999,4,865.2599999999998,move,improve
10702,15,1333.439999999999,4,865.2599999999998,move,improve
10703,15,1333.439999999999,4,865.2599999999998,swap,notBad
10704,15,1333.439999999999,4,865.2599999999998,move,improve
10705,15,1333.439999999999,4,865.2599999999998,move,improve
10706,15,1333.439999999999,4,865.2599999999998,2opt,notBad
10707,15,1333.439999999999,4,865.2599999999998,move,improve
10708,15,1333.439999999999,4,865.2599999999998,swap,notBad
10709,15,1333.439999999999,4,865.2599999999998,2opt,notBad
10710,15,1333.439999999999,4,865.2599999999998,2opt,notBad
10711,15,1333.439999999999,4,865.2599999999998,swap,notBad
10712,15,1333.439999999999,4,865.2599999999998,2opt,notBad
10713,15,1333.439999999999,4,865.2599999999998,swap,notBad
10714,15,1333.439999999999,4,865.2599999999998,2opt,notBad
10715,15,1333.439999999999,4,865.2599999999998,move,improve
10716,15,1333.439999999999,4,865.2599999999998,move,improve
10717,15,1333.439999999999,4,865.2599999999998,move,improve
10718,15,1333.439999999999,4,865.2599999999998,move,improve
10719,15,1333.439999999999,4,865.2599999999998,move,improve
10720,15,1333.439999999999,4,865.2599999999998,move,improve
10721,15,1333.439999999999,4,865.2599999999998,2opt,notBad
10722,15,1333.439999999999,4,865.2599999999998,move,improve
10723,15,1333.439999999999,4,865.2599999999998,move,improve
10724,15,1333.439999999999,4,865.2599999999998,2opt,notBad
10725,15,1333.439999999999,4,865.2599999999998,2opt,notBad
10726,15,1333.439999999999,4,865.2599999999998,move,improve
10727,15,1333.439999999999,4,865.2599999999998,move,improve
10728,15,1333.439999999999,4,865.2599999999998,swap,notBad
10729,15,1333.439999999999,4,865.2599999999998,swap,notBad
10730,15,1333.439999999999,4,865.2599999999998,2opt,notBad
10731,15,1333.439999999999,4,865.2599999999998,2opt,notBad
10732,15,1333.439999999999,4,865.2599999999998,move,improve
10733,15,1333.439999999999,4,865.2599999999998,move,improve
10734,15,1333.439999999999,4,865.2599999999998,move,improve
10735,15,1333.439999999999,4,865.2599999999998,swap,notBad
10736,15,1333.439999999999,4,865.2599999999998,2opt,notBad
10737,15,1333.439999999999,4,865.2599999999998,swap,notBad
10738,15,1333.439999999999,4,865.2599999999998,2opt,notBad
10739,15,1333.439999999999,4,865.2599999999998,2opt,notBad
10740,15,1333.439999999999,4,865.2599999999998,swap,notBad
10741,15,1333.439999999999,4,865.2599999999998,move,improve
10742,15,1333.439999999999,4,865.2599999999998,2opt,notBad
10743,15,1333.439999999999,4,865.2599999999998,swap,notBad
10744,15,1333.439999999999,4,865.2599999999998,2opt,notBad
10745,15,1333.439999999999,4,865.2599999999998,2opt,notBad
10746,15,1333.439999999999,4,865.2599999999998,move,improve
10747,15,1333.439999999999,4,865.2599999999998,swap,notBad
10748,15,1333.439999999999,4,865.2599999999998,2opt,notBad
10749,15,1333.439999999999,4,865.2599999999998,swap,notBad
10750,15,1333.439999999999,4,865.2599999999998,swap,notBad
10751,15,1333.439999999999,4,865.2599999999998,swap,notBad
10752,15,1333.439999999999,4,865.2599999999998,swap,notBad
10753,15,1333.439999999999,4,865.2599999999998,2opt,notBad
10754,15,1333.439999999999,4,865.2599999999998,swap,notBad
10755,15,1333.439999999999,4,865.2599999999998,2opt,notBad
10756,15,1333.439999999999,4,865.2599999999998,swap,notBad
10757,15,1333.439999999999,4,865.2599999999998,2opt,notBad
10758,15,1333.439999999999,4,865.2599999999998,2opt,notBad
10759,15,1333.439999999999,4,865.2599999999998,move,improve
10760,15,1333.439999999999,4,865.2599999999998,2opt,notBad
10761,15,1333.439999999999,4,865.2599999999998,2opt,notBad
10762,15,1333.439999999999,4,865.2599999999998,move,improve
10763,15,1333.439999999999,4,865.2599999999998,2opt,notBad
10764,15,1333.439999999999,4,865.2599999999998,2opt,notBad
10765,15,1333.439999999999,4,865.2599999999998,2opt,notBad
10766,15,1333.439999999999,4,865.2599999999998,2opt,notBad
10767,15,1333.439999999999,4,865.2599999999998,swap,notBad
10768,15,1333.439999999999,4,865.2599999999998,2opt,notBad
10769,15,1333.439999999999,4,865.2599999999998,swap,notBad
10770,15,1333.439999999999,4,865.2599999999998,2opt,notBad
10771,15,1333.439999999999,4,865.2599999999998,move,improve
10772,15,1333.439999999999,4,865.2599999999998,2opt,notBad
10773,15,1333.439999999999,4,865.2599999999998,move,improve
10774,15,1333.439999999999,4,865.2599999999998,move,improve
10775,15,1333.439999999999,4,865.2599999999998,move,improve
10776,15,1333.439999999999,4,865.2599999999998,move,improve
10777,15,1333.439999999999,4,865.2599999999998,move,improve
10778,15,1333.439999999999,4,865.2599999999998,2opt,notBad
10779,15,1333.439999999999,4,865.2599999999998,move,improve
10780,15,1333.439999999999,4,865.2599999999998,swap,notBad
10781,15,1333.439999999999,4,865.2599999999998,move,improve
10782,15,1333.439999999999,4,865.2599999999998,swap,notBad
10783,15,1333.439999999999,4,865.2599999999998,2opt,notBad
10784,15,1333.439999999999,4,865.2599999999998,swap,notBad
10785,15,1333.439999999999,4,865.2599999999998,swap,notBad
10786,15,1333.439999999999,4,865.2599999999998,move,improve
10787,15,1333.439999999999,4,865.2599999999998,move,improve
10788,15,1333.439999999999,4,865.2599999999998,2opt,notBad
10789,15,1333.439999999999,4,865.2599999999998,swap,notBad
10790,15,1333.439999999999,4,865.2599999999998,2opt,notBad
10791,15,1333.439999999999,4,865.2599999999998,2opt,notBad
10792,15,1333.439999999999,4,865.2599999999998,swap,notBad
10793,15,1333.439999999999,4,865.2599999999998,2opt,notBad
10794,15,1333.439999999999,4,865.2599999999998,2opt,notBad
10795,15,1335.4799999999989,4,865.2599999999998,swap,acceptBad
10796,15,1335.4799999999989,4,865.2599999999998,move,improve
10797,15,1335.4799999999989,4,865.2599999999998,move,improve
10798,15,1335.4799999999989,4,865.2599999999998,move,improve
10799,15,1335.4799999999989,4,865.2599999999998,move,improve
10800,15,1335.4799999999989,4,865.2599999999998,swap,notBad
10801,15,1335.4799999999989,4,865.2599999999998,move,improve
10802,15,1335.4799999999989,4,865.2599999999998,move,improve
10803,15,1335.4799999999989,4,865.2599999999998,2opt,notBad
10804,15,1335.4799999999989,4,865.2599999999998,swap,notBad
10805,15,1335.4799999999989,4,865.2599999999998,swap,notBad
10806,15,1335.4799999999989,4,865.2599999999998,move,improve
10807,15,1335.4799999999989,4,865.2599999999998,2opt,notBad
10808,15,1335.4799999999989,4,865.2599999999998,2opt,notBad
10809,15,1335.4799999999989,4,865.2599999999998,2opt,notBad
10810,15,1335.4799999999989,4,865.2599999999998,2opt,improve
10811,15,1335.4799999999989,4,865.2599999999998,swap,notBad
10812,15,1335.4799999999989,4,865.2599999999998,move,improve
10813,15,1335.4799999999989,4,865.2599999999998,swap,notBad
10814,15,1335.4799999999989,4,865.2599999999998,swap,notBad
10815,15,1335.4799999999989,4,865.2599999999998,swap,notBad
10816,15,1335.4799999999989,4,865.2599999999998,swap,notBad
10817,15,1335.4799999999989,4,865.2599999999998,2opt,notBad
10818,15,1335.4799999999989,4,865.2599999999998,swap,notBad
10819,15,1335.4799999999989,4,865.2599999999998,move,improve
10820,15,1335.4799999999989,4,865.2599999999998,move,improve
10821,15,1335.4799999999989,4,865.2599999999998,2opt,notBad
10822,15,1335.4799999999989,4,865.2599999999998,swap,notBad
10823,15,1335.4799999999989,4,865.2599999999998,2opt,notBad
10824,15,1335.4799999999989,4,865.2599999999998,move,improve
10825,15,1335.4799999999989,4,865.2599999999998,2opt,notBad
10826,15,1335.4799999999989,4,865.2599999999998,swap,notBad
10827,15,1335.4799999999989,4,865.2599999999998,2opt,notBad
10828,15,1335.4799999999989,4,865.2599999999998,swap,notBad
10829,15,1335.4799999999989,4,865.2599999999998,2opt,notBad
10830,15,1335.4799999999989,4,865.2599999999998,swap,notBad
10831,15,1335.4799999999989,4,865.2599999999998,swap,notBad
10832,15,1335.4799999999989,4,865.2599999999998,swap,notBad
10833,15,1335.4799999999989,4,865.2599999999998,2opt,notBad
10834,15,1335.4799999999989,4,865.2599999999998,move,improve
10835,15,1335.4799999999989,4,865.2599999999998,swap,notBad
10836,15,1335.4799999999989,4,865.2599999999998,2opt,notBad
10837,15,1335.4799999999989,4,865.2599999999998,move,improve
10838,15,1335.4799999999989,4,865.2599999999998,move,improve
10839,15,1335.4799999999989,4,865.2599999999998,2opt,notBad
10840,15,1335.4799999999989,4,865.2599999999998,2opt,notBad
10841,15,1335.4799999999989,4,865.2599999999998,swap,notBad
10842,15,1335.4799999999989,4,865.2599999999998,move,improve
10843,15,1335.4799999999989,4,865.2599999999998,2opt,notBad
10844,15,1335.4799999999989,4,865.2599999999998,2opt,notBad
10845,15,1335.4799999999989,4,865.2599999999998,swap,notBad
10846,15,1335.4799999999989,4,865.2599999999998,move,improve
10847,15,1335.4799999999989,4,865.2599999999998,2opt,notBad
10848,15,1335.4799999999989,4,865.2599999999998,2opt,notBad
10849,15,1335.4799999999989,4,865.2599999999998,swap,notBad
10850,15,1335.4799999999989,4,865.2599999999998,2opt,notBad
10851,15,1335.4799999999989,4,865.2599999999998,2opt,notBad
10852,15,1335.4799999999989,4,865.2599999999998,2opt,notBad
10853,15,1335.4799999999989,4,865.2599999999998,swap,notBad
10854,15,1335.4799999999989,4,865.2599999999998,swap,notBad
10855,15,1335.4799999999989,4,865.2599999999998,swap,notBad
10856,15,1335.4799999999989,4,865.2599999999998,move,improve
10857,15,1335.4799999999989,4,865.2599999999998,2opt,notBad
10858,15,1335.4799999999989,4,865.2599999999998,2opt,notBad
10859,15,1335.4799999999989,4,865.2599999999998,2opt,improve
10860,15,1335.4799999999989,4,865.2599999999998,move,improve
10861,15,1335.4799999999989,4,865.2599999999998,move,improve
10862,15,1335.4799999999989,4,865.2599999999998,swap,notBad
10863,15,1335.4799999999989,4,865.2599999999998,2opt,notBad
10864,15,1333.439999999999,4,865.2599999999998,move,improve
10865,15,1333.439999999999,4,865.2599999999998,move,improve
10866,15,1333.439999999999,4,865.2599999999998,swap,notBad
10867,15,1333.439999999999,4,865.2599999999998,move,improve
10868,15,1333.439999999999,4,865.2599999999998,2opt,notBad
10869,15,1333.439999999999,4,865.2599999999998,2opt,notBad
10870,15,1333.439999999999,4,865.2599999999998,move,improve
10871,15,1333.439999999999,4,865.2599999999998,2opt,notBad
10872,15,1333.439999999999,4,865.2599999999998,2opt,notBad
10873,15,1333.439999999999,4,865.2599999999998,move,improve
10874,15,1333.439999999999,4,865.2599999999998,move,improve
10875,15,1333.439999999999,4,865.2599999999998,swap,notBad
10876,15,1333.439999999999,4,865.2599999999998,move,improve
10877,15,1333.439999999999,4,865.2599999999998,swap,notBad
10878,15,1333.439999999999,4,865.2599999999998,swap,notBad
10879,15,1333.439999999999,4,865.2599999999998,move,improve
10880,15,1333.439999999999,4,865.2599999999998,2opt,notBad
10881,15,1333.439999999999,4,865.2599999999998,swap,notBad
10882,15,1333.439999999999,4,865.2599999999998,swap,notBad
10883,15,1333.439999999999,4,865.2599999999998,swap,notBad
10884,15,1333.439999999999,4,865.2599999999998,2opt,notBad
10885,15,1333.439999999999,4,865.2599999999998,swap,notBad
10886,15,1333.439999999999,4,865.2599999999998,move,improve
10887,15,1333.439999999999,4,865.2599999999998,2opt,notBad
10888,15,1333.439999999999,4,865.2599999999998,move,improve
10889,15,1333.439999999999,4,865.2599999999998,swap,notBad
10890,15,1333.439999999999,4,865.2599999999998,move,improve
10891,15,1333.439999999999,4,865.2599999999998,2opt,notBad
10892,15,1333.439999999999,4,865.2599999999998,2opt,notBad
10893,15,1333.439999999999,4,865.2599999999998,2opt,notBad
10894,15,1333.439999999999,4,865.2599999999998,2opt,notBad
10895,15,1333.439999999999,4,865.2599999999998,2opt,notBad
10896,15,1333.439999999999,4,865.2599999999998,swap,notBad
10897,15,1333.439999999999,4,865.2599999999998,move,improve
10898,15,1333.439999999999,4,865.2599999999998,2opt,notBad
10899,15,1333.439999999999,4,865.2599999999998,2opt,notBad
10900,15,1335.719999999999,4,865.2599999999998,swap,acceptBad
10901,15,1335.719999999999,4,865.2599999999998,2opt,notBad
10902,15,1335.719999999999,4,865.2599999999998,move,improve
10903,15,1335.719999999999,4,865.2599999999998,2opt,notBad
10904,15,1335.719999999999,4,865.2599999999998,move,improve
10905,15,1335.719999999999,4,865.2599999999998,move,improve
10906,15,1335.719999999999,4,865.2599999999998,swap,notBad
10907,15,1335.719999999999,4,865.2599999999998,2opt,notBad
10908,15,1335.719999999999,4,865.2599999999998,move,improve
10909,15,1335.719999999999,4,865.2599999999998,swap,notBad
10910,15,1335.719999999999,4,865.2599999999998,move,improve
10911,15,1335.719999999999,4,865.2599999999998,2opt,notBad
10912,15,1335.719999999999,4,865.2599999999998,swap,notBad
10913,15,1335.719999999999,4,865.2599999999998,swap,notBad
10914,15,1335.719999999999,4,865.2599999999998,2opt,notBad
10915,15,1335.719999999999,4,865.2599999999998,2opt,notBad
10916,15,1335.719999999999,4,865.2599999999998,swap,notBad
10917,15,1335.719999999999,4,865.2599999999998,swap,notBad
10918,15,1335.719999999999,4,865.2599999999998,swap,notBad
10919,15,1335.719999999999,4,865.2599999999998,move,improve
10920,15,1335.719999999999,4,865.2599999999998,2opt,notBad
10921,15,1335.719999999999,4,865.2599999999998,move,improve
10922,15,1335.719999999999,4,865.2599999999998,move,improve
10923,15,1335.719999999999,4,865.2599999999998,move,improve
10924,15,1335.719999999999,4,865.2599999999998,move,improve
10925,15,1335.719999999999,4,865.2599999999998,move,improve
10926,15,1335.719999999999,4,865.2599999999998,swap,notBad
10927,15,1335.719999999999,4,865.2599999999998,2opt,notBad
10928,15,1335.719999999999,4,865.2599999999998,move,improve
10929,15,1335.719999999999,4,865.2599999999998,swap,notBad
10930,15,1335.719999999999,4,865.2599999999998,2opt,notBad
10931,15,1335.719999999999,4,865.2599999999998,move,improve
10932,15,1335.719999999999,4,865.2599999999998,2opt,notBad
10933,15,1335.719999999999,4,865.2599999999998,swap,notBad
10934,15,1335.719999999999,4,865.2599999999998,2opt,improve
10935,15,1335.719999999999,4,865.2599999999998,2opt,notBad
10936,15,1335.719999999999,4,865.2599999999998,move,improve
10937,15,1335.719999999999,4,865.2599999999998,2opt,notBad
10938,15,1335.719999999999,4,865.2599999999998,2opt,notBad
10939,15,1335.719999999999,4,865.2599999999998,swap,notBad
10940,15,1335.719999999999,4,865.2599999999998,2opt,notBad
10941,15,1335.719999999999,4,865.2599999999998,move,improve
10942,15,1335.719999999999,4,865.2599999999998,move,improve
10943,15,1335.719999999999,4,865.2599999999998,move,improve
10944,15,1335.719999999999,4,865.2599999999998,swap,notBad
10945,15,1335.719999999999,4,865.2599999999998,2opt,notBad
10946,15,1335.719999999999,4,865.2599999999998,2opt,notBad
10947,15,1335.719999999999,4,865.2599999999998,move,improve
10948,15,1335.719999999999,4,865.2599999999998,move,improve
10949,15,1335.719999999999,4,865.2599999999998,swap,notBad
10950,15,1335.719999999999,4,865.2599999999998,2opt,notBad
10951,15,1335.719999999999,4,865.2599999999998,move,improve
10952,15,1335.719999999999,4,865.2599999999998,swap,notBad
10953,15,1335.719999999999,4,865.2599999999998,2opt,notBad
10954,15,1335.719999999999,4,865.2599999999998,swap,notBad
10955,15,1335.719999999999,4,865.2599999999998,move,improve
10956,15,1335.719999999999,4,865.2599999999998,swap,notBad
10957,15,1335.719999999999,4,865.2599999999998,swap,notBad
10958,15,1335.719999999999,4,865.2599999999998,move,improve
10959,15,1335.719999999999,4,865.2599999999998,2opt,improve
10960,15,1335.719999999999,4,865.2599999999998,swap,notBad
10961,15,1335.719999999999,4,865.2599999999998,move,improve
10962,15,1335.719999999999,4,865.2599999999998,2opt,notBad
10963,15,1335.719999999999,4,865.2599999999998,swap,notBad
10964,15,1335.719999999999,4,865.2599999999998,2opt,notBad
10965,15,1335.719999999999,4,865.2599999999998,swap,notBad
10966,15,1335.719999999999,4,865.2599999999998,swap,notBad
10967,15,1335.719999999999,4,865.2599999999998,swap,notBad
10968,15,1335.719999999999,4,865.2599999999998,swap,notBad
10969,15,1335.719999999999,4,865.2599999999998,move,improve
10970,15,1335.719999999999,4,865.2599999999998,swap,notBad
10971,15,1335.719999999999,4,865.2599999999998,move,improve
10972,15,1335.719999999999,4,865.2599999999998,swap,notBad
10973,15,1335.719999999999,4,865.2599999999998,move,improve
10974,15,1335.719999999999,4,865.2599999999998,2opt,notBad
10975,15,1336.319999999999,4,865.2599999999998,swap,acceptBad
10976,15,1336.319999999999,4,865.2599999999998,move,improve
10977,15,1336.319999999999,4,865.2599999999998,move,improve
10978,15,1336.319999999999,4,865.2599999999998,move,improve
10979,15,1336.319999999999,4,865.2599999999998,2opt,notBad
10980,15,1336.319999999999,4,865.2599999999998,2opt,notBad
10981,15,1336.319999999999,4,865.2599999999998,2opt,notBad
10982,15,1336.319999999999,4,865.2599999999998,move,improve
10983,15,1336.319999999999,4,865.2599999999998,2opt,notBad
10984,15,1336.319999999999,4,865.2599999999998,swap,notBad
10985,15,1336.319999999999,4,865.2599999999998,move,improve
10986,15,1336.319999999999,4,865.2599999999998,move,improve
10987,15,1336.319999999999,4,865.2599999999998,swap,notBad
10988,15,1336.319999999999,4,865.2599999999998,2opt,notBad
10989,15,1336.319999999999,4,865.2599999999998,move,improve
10990,15,1336.319999999999,4,865.2599999999998,move,improve
10991,15,1336.319999999999,4,865.2599999999998,2opt,notBad
10992,15,1336.319999999999,4,865.2599999999998,swap,notBad
10993,15,1336.319999999999,4,865.2599999999998,swap,notBad
10994,15,1336.319999999999,4,865.2599999999998,2opt,notBad
10995,15,1336.319999999999,4,865.2599999999998,2opt,improve
10996,15,1336.319999999999,4,865.2599999999998,swap,notBad
10997,15,1336.319999999999,4,865.2599999999998,swap,notBad
10998,15,1336.319999999999,4,865.2599999999998,2opt,notBad
10999,15,1336.319999999999,4,865.2599999999998,2opt,notBad
11000,15,1336.319999999999,4,865.2599999999998,move,improve
11001,15,1336.319999999999,4,865.2599999999998,swap,notBad
11002,15,1336.319999999999,4,865.2599999999998,move,improve
11003,15,1336.319999999999,4,865.2599999999998,move,improve
11004,15,1336.319999999999,4,865.2599999999998,move,improve
11005,15,1336.319999999999,4,865.2599999999998,move,improve
11006,15,1336.319999999999,4,865.2599999999998,2opt,notBad
11007,15,1336.319999999999,4,865.2599999999998,swap,notBad
11008,15,1336.319999999999,4,865.2599999999998,2opt,notBad
11009,15,1336.319999999999,4,865.2599999999998,swap,notBad
11010,15,1336.319999999999,4,865.2599999999998,2opt,notBad
11011,15,1336.319999999999,4,865.2599999999998,swap,notBad
11012,15,1336.319999999999,4,865.2599999999998,move,improve
11013,15,1336.319999999999,4,865.2599999999998,swap,notBad
11014,15,1336.319999999999,4,865.2599999999998,2opt,improve
11015,15,1336.319999999999,4,865.2599999999998,swap,notBad
11016,15,1336.319999999999,4,865.2599999999998,move,improve
11017,15,1336.319999999999,4,865.2599999999998,2opt,notBad
11018,15,1336.319999999999,4,865.2599999999998,2opt,notBad
11019,15,1336.319999999999,4,865.2599999999998,swap,notBad
11020,15,1336.319999999999,4,865.2599999999998,swap,notBad
11021,15,1336.319999999999,4,865.2599999999998,swap,notBad
11022,15,1336.319999999999,4,865.2599999999998,move,improve
11023,15,1336.319999999999,4,865.2599999999998,2opt,notBad
11024,15,1336.319999999999,4,865.2599999999998,move,improve
11025,15,1336.319999999999,4,865.2599999999998,2opt,notBad
11026,15,1336.319999999999,4,865.2599999999998,move,improve
11027,15,1336.319999999999,4,865.2599999999998,swap,notBad
11028,15,1336.319999999999,4,865.2599999999998,move,improve
11029,15,1336.319999999999,4,865.2599999999998,move,improve
11030,15,1336.319999999999,4,865.2599999999998,swap,notBad
11031,15,1336.319999999999,4,865.2599999999998,2opt,notBad
11032,15,1336.319999999999,4,865.2599999999998,move,improve
11033,15,1336.319999999999,4,865.2599999999998,swap,notBad
11034,15,1336.319999999999,4,865.2599999999998,move,improve
11035,15,1336.319999999999,4,865.2599999999998,move,improve
11036,15,1336.319999999999,4,865.2599999999998,swap,notBad
11037,15,1336.319999999999,4,865.2599999999998,2opt,notBad
11038,15,1336.319999999999,4,865.2599999999998,move,improve
11039,15,1336.319999999999,4,865.2599999999998,2opt,notBad
11040,15,1336.319999999999,4,865.2599999999998,2opt,notBad
11041,15,1336.319999999999,4,865.2599999999998,2opt,notBad
11042,15,1337.799999999999,4,865.2599999999998,swap,acceptBad
11043,15,1337.799999999999,4,865.2599999999998,move,improve
11044,15,1337.799999999999,4,865.2599999999998,move,improve
11045,15,1337.799999999999,4,865.2599999999998,move,improve
11046,15,1337.799999999999,4,865.2599999999998,2opt,notBad
11047,15,1337.799999999999,4,865.2599999999998,swap,notBad
11048,15,1337.799999999999,4,865.2599999999998,move,improve
11049,15,1337.799999999999,4,865.2599999999998,2opt,notBad
11050,15,1337.799999999999,4,865.2599999999998,2opt,notBad
11051,15,1337.799999999999,4,865.2599999999998,2opt,notBad
11052,15,1337.799999999999,4,865.2599999999998,move,improve
11053,15,1337.799999999999,4,865.2599999999998,2opt,notBad
11054,15,1337.799999999999,4,865.2599999999998,2opt,notBad
11055,15,1337.799999999999,4,865.2599999999998,move,improve
11056,15,1337.799999999999,4,865.2599999999998,swap,notBad
11057,15,1337.799999999999,4,865.2599999999998,2opt,notBad
11058,15,1337.799999999999,4,865.2599999999998,move,improve
11059,15,1337.799999999999,4,865.2599999999998,move,improve
11060,15,1337.799999999999,4,865.2599999999998,2opt,notBad
11061,15,1337.799999999999,4,865.2599999999998,move,improve
11062,15,1337.799999999999,4,865.2599999999998,2opt,notBad
11063,15,1337.799999999999,4,865.2599999999998,2opt,notBad
11064,15,1337.799999999999,4,865.2599999999998,2opt,improve
11065,15,1337.799999999999,4,865.2599999999998,swap,notBad
11066,15,1337.799999999999,4,865.2599999999998,swap,notBad
11067,15,1337.799999999999,4,865.2599999999998,2opt,notBad
11068,15,1337.799999999999,4,865.2599999999998,swap,notBad
11069,15,1337.799999999999,4,865.2599999999998,move,improve
11070,15,1337.799999999999,4,865.2599999999998,move,improve
11071,15,1337.799999999999,4,865.2599999999998,move,improve
11072,15,1337.799999999999,4,865.2599999999998,swap,notBad
11073,15,1337.799999999999,4,865.2599999999998,2opt,notBad
11074,15,1337.799999999999,4,865.2599999999998,swap,notBad
11075,15,1337.799999999999,4,865.2599999999998,swap,notBad
11076,15,1337.799999999999,4,865.2599999999998,swap,notBad
11077,15,1337.799999999999,4,865.2599999999998,move,improve
11078,15,1337.799999999999,4,865.2599999999998,2opt,notBad
11079,15,1337.799999999999,4,865.2599999999998,2opt,notBad
11080,15,1337.799999999999,4,865.2599999999998,2opt,notBad
11081,15,1337.799999999999,4,865.2599999999998,swap,notBad
11082,15,1337.799999999999,4,865.2599999999998,2opt,notBad
11083,15,1337.799999999999,4,865.2599999999998,swap,notBad
11084,15,1337.799999999999,4,865.2599999999998,move,improve
11085,15,1337.799999999999,4,865.2599999999998,2opt,notBad
11086,15,1337.799999999999,4,865.2599999999998,swap,notBad
11087,15,1337.799999999999,4,865.2599999999998,swap,notBad
11088,15,1337.799999999999,4,865.2599999999998,swap,notBad
11089,15,1337.799999999999,4,865.2599999999998,2opt,notBad
11090,15,1337.799999999999,4,865.2599999999998,swap,notBad
11091,15,1337.799999999999,4,865.2599999999998,2opt,notBad
11092,15,1337.799999999999,4,865.2599999999998,2opt,notBad
11093,15,1337.799999999999,4,865.2599999999998,move,improve
11094,15,1337.799999999999,4,865.2599999999998,move,improve
11095,15,1337.799999999999,4,865.2599999999998,2opt,notBad
11096,15,1337.799999999999,4,865.2599999999998,move,improve
11097,15,1337.799999999999,4,865.2599999999998,swap,notBad
11098,15,1337.799999999999,4,865.2599999999998,move,improve
11099,15,1337.799999999999,4,865.2599999999998,move,improve
11100,15,1337.799999999999,4,865.2599999999998,2opt,notBad
11101,15,1337.799999999999,4,865.2599999999998,2opt,notBad
11102,15,1337.799999999999,4,865.2599999999998,2opt,notBad
11103,15,1337.799999999999,4,865.2599999999998,swap,notBad
11104,15,1337.799999999999,4,865.2599999999998,move,improve
11105,15,1337.799999999999,4,865.2599999999998,swap,notBad
11106,15,1337.799999999999,4,865.2599999999998,swap,notBad
11107,15,1337.799999999999,4,865.2599999999998,move,improve
11108,15,1337.799999999999,4,865.2599999999998,2opt,notBad
11109,15,1337.799999999999,4,865.2599999999998,2opt,notBad
11110,15,1337.799999999999,4,865.2599999999998,swap,notBad
11111,15,1337.799999999999,4,865.2599999999998,move,improve
11112,15,1337.799999999999,4,865.2599999999998,swap,notBad
11113,15,1337.799999999999,4,865.2599999999998,swap,notBad
11114,15,1337.799999999999,4,865.2599999999998,2opt,notBad
11115,15,1337.799999999999,4,865.2599999999998,swap,notBad
11116,15,1337.799999999999,4,865.2599999999998,2opt,notBad
11117,15,1337.799999999999,4,865.2599999999998,swap,notBad
11118,15,1337.799999999999,4,865.2599999999998,swap,notBad
11119,15,1337.799999999999,4,865.2599999999998,move,improve
11120,15,1337.799999999999,4,865.2599999999998,swap,notBad
11121,15,1337.799999999999,4,865.2599999999998,2opt,notBad
11122,15,1337.799999999999,4,865.2599999999998,swap,notBad
11123,15,1337.799999999999,4,865.2599999999998,2opt,notBad
11124,15,1337.799999999999,4,865.2599999999998,2opt,notBad
11125,15,1337.799999999999,4,865.2599999999998,move,improve
11126,15,1337.799999999999,4,865.2599999999998,2opt,notBad
11127,15,1337.799999999999,4,865.2599999999998,move,improve
11128,15,1337.799999999999,4,865.2599999999998,move,improve
11129,15,1337.799999999999,4,865.2599999999998,2opt,notBad
11130,15,1337.799999999999,4,865.2599999999998,move,improve
11131,15,1337.799999999999,4,865.2599999999998,2opt,notBad
11132,15,1337.799999999999,4,865.2599999999998,swap,notBad
11133,15,1337.799999999999,4,865.2599999999998,swap,notBad
11134,15,1337.799999999999,4,865.2599999999998,swap,notBad
11135,15,1337.799999999999,4,865.2599999999998,move,improve
11136,15,1337.799999999999,4,865.2599999999998,swap,notBad
11137,15,1337.799999999999,4,865.2599999999998,2opt,notBad
11138,15,1337.799999999999,4,865.2599999999998,move,improve
11139,15,1337.799999999999,4,865.2599999999998,move,improve
11140,15,1337.799999999999,4,865.2599999999998,2opt,notBad
11141,15,1337.799999999999,4,865.2599999999998,2opt,notBad
11142,15,1337.799999999999,4,865.2599999999998,move,improve
11143,15,1337.799999999999,4,865.2599999999998,swap,notBad
11144,15,1337.799999999999,4,865.2599999999998,swap,notBad
11145,15,1337.799999999999,4,865.2599999999998,move,improve
11146,15,1337.799999999999,4,865.2599999999998,swap,notBad
11147,15,1337.799999999999,4,865.2599999999998,move,improve
11148,15,1337.799999999999,4,865.2599999999998,move,improve
11149,15,1337.799999999999,4,865.2599999999998,move,improve
11150,15,1337.799999999999,4,865.2599999999998,move,improve
11151,15,1337.799999999999,4,865.2599999999998,move,improve
11152,15,1337.799999999999,4,865.2599999999998,move,improve
11153,15,1337.799999999999,4,865.2599999999998,swap,notBad
11154,15,1337.799999999999,4,865.2599999999998,swap,notBad
11155,15,1337.799999999999,4,865.2599999999998,move,improve
11156,15,1337.799999999999,4,865.2599999999998,2opt,notBad
11157,15,1337.799999999999,4,865.2599999999998,2opt,notBad
11158,15,1337.799999999999,4,865.2599999999998,move,improve
11159,15,1337.799999999999,4,865.2599999999998,move,improve
11160,15,1337.799999999999,4,865.2599999999998,swap,notBad
11161,15,1337.799999999999,4,865.2599999999998,swap,notBad
11162,15,1337.799999999999,4,865.2599999999998,move,improve
11163,15,1337.799999999999,4,865.2599999999998,2opt,notBad
11164,15,1337.799999999999,4,865.2599999999998,move,improve
11165,15,1337.799999999999,4,865.2599999999998,2opt,notBad
11166,15,1337.799999999999,4,865.2599999999998,swap,notBad
11167,15,1337.799999999999,4,865.2599999999998,move,improve
11168,15,1337.799999999999,4,865.2599999999998,move,improve
11169,15,1337.5199999999988,4,865.2599999999998,move,improve
11170,15,1337.5199999999988,4,865.2599999999998,swap,notBad
11171,15,1337.5199999999988,4,865.2599999999998,move,improve
11172,15,1337.5199999999988,4,865.2599999999998,move,improve
11173,15,1337.5199999999988,4,865.2599999999998,swap,notBad
11174,15,1337.5199999999988,4,865.2599999999998,swap,notBad
11175,15,1337.5199999999988,4,865.2599999999998,move,improve
11176,15,1337.5199999999988,4,865.2599999999998,move,improve
11177,15,1337.5199999999988,4,865.2599999999998,swap,notBad
11178,15,1337.5199999999988,4,865.2599999999998,move,improve
11179,15,1337.5199999999988,4,865.2599999999998,2opt,notBad
11180,15,1337.5199999999988,4,865.2599999999998,swap,notBad
11181,15,1337.5199999999988,4,865.2599999999998,2opt,notBad
11182,15,1337.5199999999988,4,865.2599999999998,move,improve
11183,15,1337.5199999999988,4,865.2599999999998,swap,notBad
11184,15,1337.5199999999988,4,865.2599999999998,swap,notBad
11185,15,1337.5199999999988,4,865.2599999999998,move,improve
11186,15,1337.5199999999988,4,865.2599999999998,move,improve
11187,15,1337.5199999999988,4,865.2599999999998,2opt,notBad
11188,15,1337.5199999999988,4,865.2599999999998,move,improve
11189,15,1337.5199999999988,4,865.2599999999998,swap,notBad
11190,15,1337.5199999999988,4,865.2599999999998,move,improve
11191,15,1337.5199999999988,4,865.2599999999998,swap,notBad
11192,15,1337.5199999999988,4,865.2599999999998,swap,notBad
11193,15,1337.5199999999988,4,865.2599999999998,2opt,notBad
11194,15,1337.5199999999988,4,865.2599999999998,move,improve
11195,15,1337.5199999999988,4,865.2599999999998,2opt,notBad
11196,15,1337.5199999999988,4,865.2599999999998,move,improve
11197,15,1337.5199999999988,4,865.2599999999998,2opt,notBad
11198,15,1337.5199999999988,4,865.2599999999998,move,improve
11199,15,1337.5199999999988,4,865.2599999999998,2opt,notBad
11200,15,1337.5199999999988,4,865.2599999999998,swap,notBad
11201,15,1337.5199999999988,4,865.2599999999998,2opt,notBad
11202,15,1337.5199999999988,4,865.2599999999998,swap,notBad
11203,15,1337.5199999999988,4,865.2599999999998,2opt,notBad
11204,15,1337.5199999999988,4,865.2599999999998,2opt,notBad
11205,15,1337.5199999999988,4,865.2599999999998,swap,notBad
11206,15,1337.5199999999988,4,865.2599999999998,2opt,notBad
11207,15,1337.5199999999988,4,865.2599999999998,2opt,notBad
11208,15,1337.5199999999988,4,865.2599999999998,swap,notBad
11209,15,1337.5199999999988,4,865.2599999999998,2opt,notBad
11210,15,1337.5199999999988,4,865.2599999999998,2opt,notBad
11211,15,1337.5199999999988,4,865.2599999999998,move,improve
11212,15,1337.5199999999988,4,865.2599999999998,swap,notBad
11213,15,1337.5199999999988,4,865.2599999999998,move,improve
11214,15,1337.5199999999988,4,865.2599999999998,2opt,notBad
11215,15,1337.5199999999988,4,865.2599999999998,swap,notBad
11216,15,1337.5199999999988,4,865.2599999999998,move,improve
11217,15,1337.5199999999988,4,865.2599999999998,move,improve
11218,15,1337.5199999999988,4,865.2599999999998,swap,notBad
11219,15,1337.5199999999988,4,865.2599999999998,2opt,notBad
11220,15,1337.5199999999988,4,865.2599999999998,swap,notBad
11221,15,1337.5199999999988,4,865.2599999999998,swap,notBad
11222,15,1337.5199999999988,4,865.2599999999998,2opt,notBad
11223,15,1337.5199999999988,4,865.2599999999998,swap,notBad
11224,15,1337.5199999999988,4,865.2599999999998,move,improve
11225,15,1337.5199999999988,4,865.2599999999998,swap,notBad
11226,15,1337.5199999999988,4,865.2599999999998,2opt,notBad
11227,15,1337.199999999999,4,865.2599999999998,move,improve
11228,15,1337.199999999999,4,865.2599999999998,swap,notBad
11229,15,1337.199999999999,4,865.2599999999998,2opt,notBad
11230,15,1337.199999999999,4,865.2599999999998,swap,notBad
11231,15,1337.199999999999,4,865.2599999999998,move,improve
11232,15,1337.199999999999,4,865.2599999999998,swap,notBad
11233,15,1337.199999999999,4,865.2599999999998,swap,notBad
11234,15,1336.9599999999984,4,865.2599999999998,2opt,improve
11235,15,1336.9599999999984,4,865.2599999999998,move,improve
11236,15,1336.9599999999984,4,865.2599999999998,2opt,notBad
11237,15,1336.9599999999984,4,865.2599999999998,2opt,notBad
11238,15,1336.9599999999984,4,865.2599999999998,swap,notBad
11239,15,1337.7199999999987,4,865.2599999999998,swap,acceptBad
11240,15,1337.7199999999987,4,865.2599999999998,move,improve
11241,15,1337.7199999999987,4,865.2599999999998,move,improve
11242,15,1337.7199999999987,4,865.2599999999998,2opt,notBad
11243,15,1337.7199999999987,4,865.2599999999998,move,improve
11244,15,1337.7199999999987,4,865.2599999999998,swap,notBad
11245,15,1337.7199999999987,4,865.2599999999998,move,improve
11246,15,1337.7199999999987,4,865.2599999999998,swap,notBad
11247,15,1337.7199999999987,4,865.2599999999998,2opt,notBad
11248,15,1337.7199999999987,4,865.2599999999998,2opt,notBad
11249,15,1337.7199999999987,4,865.2599999999998,2opt,notBad
11250,15,1337.7199999999987,4,865.2599999999998,move,improve
11251,15,1337.7199999999987,4,865.2599999999998,move,improve
11252,15,1337.7199999999987,4,865.2599999999998,move,improve
11253,15,1337.7199999999987,4,865.2599999999998,move,improve
11254,15,1337.7199999999987,4,865.2599999999998,move,improve
11255,15,1337.7199999999987,4,865.2599999999998,swap,notBad
11256,15,1337.7199999999987,4,865.2599999999998,2opt,improve
11257,15,1337.7199999999987,4,865.2599999999998,swap,notBad
11258,15,1337.7199999999987,4,865.2599999999998,swap,notBad
11259,15,1337.7199999999987,4,865.2599999999998,move,improve
11260,15,1337.7199999999987,4,865.2599999999998,swap,notBad
11261,15,1337.7199999999987,4,865.2599999999998,swap,notBad
11262,15,1337.6399999999987,4,865.2599999999998,move,improve
11263,15,1337.6399999999987,4,865.2599999999998,swap,notBad
11264,15,1337.6399999999987,4,865.2599999999998,2opt,notBad
11265,15,1337.6399999999987,4,865.2599999999998,swap,notBad
11266,15,1337.6399999999987,4,865.2599999999998,swap,notBad
11267,15,1337.6399999999987,4,865.2599999999998,move,improve
11268,15,1337.6399999999987,4,865.2599999999998,2opt,notBad
11269,15,1337.6399999999987,4,865.2599999999998,2opt,notBad
11270,15,1337.6399999999987,4,865.2599999999998,move,improve
11271,15,1337.6399999999987,4,865.2599999999998,move,improve
11272,15,1337.6399999999987,4,865.2599999999998,2opt,notBad
11273,15,1337.6399999999987,4,865.2599999999998,2opt,notBad
11274,15,1337.6399999999987,4,865.2599999999998,2opt,notBad
11275,15,1337.6399999999987,4,865.2599999999998,swap,notBad
11276,15,1337.6399999999987,4,865.2599999999998,swap,notBad
11277,15,1337.6399999999987,4,865.2599999999998,2opt,notBad
11278,15,1337.6399999999987,4,865.2599999999998,2opt,notBad
11279,15,1337.6399999999987,4,865.2599999999998,move,improve
11280,15,1337.6399999999987,4,865.2599999999998,swap,notBad
11281,15,1337.6399999999987,4,865.2599999999998,swap,notBad
11282,15,1337.6399999999987,4,865.2599999999998,2opt,notBad
11283,15,1337.6399999999987,4,865.2599999999998,move,improve
11284,15,1337.6399999999987,4,865.2599999999998,swap,notBad
11285,15,1337.6399999999987,4,865.2599999999998,move,improve
11286,15,1337.6399999999987,4,865.2599999999998,move,improve
11287,15,1337.6399999999987,4,865.2599999999998,swap,notBad
11288,15,1337.6399999999987,4,865.2599999999998,move,improve
11289,15,1337.6399999999987,4,865.2599999999998,2opt,notBad
11290,15,1337.6399999999987,4,865.2599999999998,move,improve
11291,15,1337.6399999999987,4,865.2599999999998,swap,notBad
11292,15,1337.6399999999987,4,865.2599999999998,2opt,notBad
11293,15,1337.6399999999987,4,865.2599999999998,2opt,notBad
11294,15,1337.6399999999987,4,865.2599999999998,move,improve
11295,15,1337.6399999999987,4,865.2599999999998,swap,notBad
11296,15,1337.6399999999987,4,865.2599999999998,2opt,notBad
11297,15,1337.6399999999987,4,865.2599999999998,2opt,notBad
11298,15,1336.7599999999986,4,865.2599999999998,move,improve
11299,15,1336.7599999999986,4,865.2599999999998,swap,notBad
11300,15,1336.7599999999986,4,865.2599999999998,2opt,notBad
11301,15,1336.7599999999986,4,865.2599999999998,move,improve
11302,15,1336.7599999999986,4,865.2599999999998,move,improve
11303,15,1336.7599999999986,4,865.2599999999998,move,improve
11304,15,1336.7599999999986,4,865.2599999999998,2opt,notBad
11305,15,1336.7599999999986,4,865.2599999999998,2opt,notBad
11306,15,1336.7599999999986,4,865.2599999999998,move,improve
11307,15,1336.7599999999986,4,865.2599999999998,2opt,notBad
11308,15,1336.7599999999986,4,865.2599999999998,swap,notBad
11309,15,1336.7599999999986,4,865.2599999999998,2opt,notBad
11310,15,1336.7599999999986,4,865.2599999999998,move,improve
11311,15,1336.7599999999986,4,865.2599999999998,2opt,notBad
11312,15,1336.7599999999986,4,865.2599999999998,swap,notBad
11313,15,1336.7599999999986,4,865.2599999999998,2opt,notBad
11314,15,1336.7599999999986,4,865.2599999999998,2opt,notBad
11315,15,1336.7599999999986,4,865.2599999999998,move,improve
11316,15,1336.7599999999986,4,865.2599999999998,move,improve
11317,15,1336.7599999999986,4,865.2599999999998,2opt,improve
11318,15,1336.7599999999986,4,865.2599999999998,2opt,notBad
11319,15,1336.7599999999986,4,865.2599999999998,swap,notBad
11320,15,1336.7599999999986,4,865.2599999999998,move,improve
11321,15,1336.7599999999986,4,865.2599999999998,move,improve
11322,15,1336.7599999999986,4,865.2599999999998,2opt,notBad
11323,15,1336.7599999999986,4,865.2599999999998,move,improve
11324,15,1336.7599999999986,4,865.2599999999998,swap,notBad
11325,15,1336.7599999999986,4,865.2599999999998,2opt,notBad
11326,15,1336.7599999999986,4,865.2599999999998,2opt,notBad
11327,15,1336.7599999999986,4,865.2599999999998,2opt,notBad
11328,15,1336.7599999999986,4,865.2599999999998,swap,notBad
11329,15,1336.7599999999986,4,865.2599999999998,move,improve
11330,15,1336.7599999999986,4,865.2599999999998,move,improve
11331,15,1336.7599999999986,4,865.2599999999998,2opt,notBad
11332,15,1336.7599999999986,4,865.2599999999998,swap,notBad
11333,15,1336.7599999999986,4,865.2599999999998,move,improve
11334,15,1336.7599999999986,4,865.2599999999998,swap,notBad
11335,15,1336.7599999999986,4,865.2599999999998,2opt,notBad
11336,15,1336.7599999999986,4,865.2599999999998,2opt,notBad
11337,15,1336.7599999999986,4,865.2599999999998,move,improve
11338,15,1336.7599999999986,4,865.2599999999998,2opt,notBad
11339,15,1336.7599999999986,4,865.2599999999998,swap,notBad
11340,15,1336.7599999999986,4,865.2599999999998,move,improve
11341,15,1336.7599999999986,4,865.2599999999998,2opt,notBad
11342,15,1336.7599999999986,4,865.2599999999998,swap,notBad
11343,15,1336.7599999999986,4,865.2599999999998,2opt,notBad
11344,15,1336.7599999999986,4,865.2599999999998,move,improve
11345,15,1336.7599999999986,4,865.2599999999998,swap,notBad
11346,15,1336.7599999999986,4,865.2599999999998,swap,notBad
11347,15,1336.7599999999986,4,865.2599999999998,swap,notBad
11348,15,1336.7599999999986,4,865.2599999999998,2opt,notBad
11349,15,1336.7599999999986,4,865.2599999999998,move,improve
11350,15,1336.7599999999986,4,865.2599999999998,swap,notBad
11351,15,1336.7599999999986,4,865.2599999999998,2opt,notBad
11352,15,1336.7599999999986,4,865.2599999999998,2opt,notBad
11353,15,1336.7599999999986,4,865.2599999999998,2opt,notBad
11354,15,1336.7599999999986,4,865.2599999999998,2opt,notBad
11355,15,1336.7599999999986,4,865.2599999999998,2opt,notBad
11356,15,1336.7599999999986,4,865.2599999999998,move,improve
11357,15,1336.7599999999986,4,865.2599999999998,move,improve
11358,15,1336.7599999999986,4,865.2599999999998,swap,notBad
11359,15,1336.7599999999986,4,865.2599999999998,2opt,notBad
11360,15,1336.7599999999986,4,865.2599999999998,move,improve
11361,15,1336.7599999999986,4,865.2599999999998,move,improve
11362,15,1336.7599999999986,4,865.2599999999998,2opt,notBad
11363,15,1336.7599999999986,4,865.2599999999998,2opt,notBad
11364,15,1336.7599999999986,4,865.2599999999998,move,improve
11365,15,1336.7599999999986,4,865.2599999999998,2opt,notBad
11366,15,1336.7599999999986,4,865.2599999999998,swap,notBad
11367,15,1336.7599999999986,4,865.2599999999998,swap,notBad
11368,15,1336.7599999999986,4,865.2599999999998,move,improve
11369,15,1336.7599999999986,4,865.2599999999998,swap,notBad
11370,15,1336.7599999999986,4,865.2599999999998,swap,notBad
11371,15,1336.7599999999986,4,865.2599999999998,swap,notBad
11372,15,1336.7599999999986,4,865.2599999999998,2opt,notBad
11373,15,1336.7599999999986,4,865.2599999999998,2opt,notBad
11374,15,1336.7599999999986,4,865.2599999999998,move,improve
11375,15,1336.7599999999986,4,865.2599999999998,swap,notBad
11376,15,1336.7599999999986,4,865.2599999999998,move,improve
11377,15,1336.7599999999986,4,865.2599999999998,move,improve
11378,15,1336.7599999999986,4,865.2599999999998,move,improve
11379,15,1336.7599999999986,4,865.2599999999998,swap,notBad
11380,15,1336.7599999999986,4,865.2599999999998,move,improve
11381,15,1336.7599999999986,4,865.2599999999998,2opt,notBad
11382,15,1336.7599999999986,4,865.2599999999998,swap,notBad
11383,15,1336.7599999999986,4,865.2599999999998,2opt,notBad
11384,15,1336.7599999999986,4,865.2599999999998,move,improve
11385,15,1336.7599999999986,4,865.2599999999998,move,improve
11386,15,1336.7599999999986,4,865.2599999999998,2opt,notBad
11387,15,1336.7599999999986,4,865.2599999999998,2opt,notBad
11388,15,1334.5999999999988,4,865.2599999999998,move,improve
11389,15,1334.5999999999988,4,865.2599999999998,move,improve
11390,15,1334.5999999999988,4,865.2599999999998,move,improve
11391,15,1334.5999999999988,4,865.2599999999998,2opt,notBad
11392,15,1334.5999999999988,4,865.2599999999998,swap,notBad
11393,15,1334.5999999999988,4,865.2599999999998,2opt,notBad
11394,15,1334.5999999999988,4,865.2599999999998,swap,notBad
11395,15,1334.5999999999988,4,865.2599999999998,swap,notBad
11396,15,1334.5999999999988,4,865.2599999999998,swap,notBad
11397,15,1334.5999999999988,4,865.2599999999998,swap,notBad
11398,15,1334.5999999999988,4,865.2599999999998,swap,notBad
11399,15,1334.5999999999988,4,865.2599999999998,swap,notBad
11400,15,1334.5999999999988,4,865.2599999999998,swap,notBad
11401,15,1334.5999999999988,4,865.2599999999998,2opt,notBad
11402,15,1334.5999999999988,4,865.2599999999998,swap,notBad
11403,15,1334.5999999999988,4,865.2599999999998,2opt,notBad
11404,15,1334.5999999999988,4,865.2599999999998,swap,notBad
11405,15,1334.5999999999988,4,865.2599999999998,move,improve
11406,15,1334.5999999999988,4,865.2599999999998,swap,notBad
11407,15,1334.5999999999988,4,865.2599999999998,swap,notBad
11408,15,1334.5999999999988,4,865.2599999999998,move,improve
11409,15,1334.5999999999988,4,865.2599999999998,swap,notBad
11410,15,1334.5999999999988,4,865.2599999999998,2opt,notBad
11411,15,1334.5999999999988,4,865.2599999999998,swap,notBad
11412,15,1334.5999999999988,4,865.2599999999998,swap,notBad
11413,15,1334.5999999999988,4,865.2599999999998,2opt,notBad
11414,15,1334.5999999999988,4,865.2599999999998,2opt,notBad
11415,15,1334.5999999999988,4,865.2599999999998,2opt,notBad
11416,15,1334.5999999999988,4,865.2599999999998,2opt,notBad
11417,15,1334.5999999999988,4,865.2599999999998,2opt,notBad
11418,15,1334.5999999999988,4,865.2599999999998,move,improve
11419,15,1334.5999999999988,4,865.2599999999998,move,improve
11420,15,1334.5999999999988,4,865.2599999999998,swap,notBad
11421,15,1334.5999999999988,4,865.2599999999998,swap,notBad
11422,15,1334.5999999999988,4,865.2599999999998,move,improve
11423,15,1334.5999999999988,4,865.2599999999998,swap,notBad
11424,15,1334.5999999999988,4,865.2599999999998,move,improve
11425,15,1334.5999999999988,4,865.2599999999998,2opt,notBad
11426,15,1334.5999999999988,4,865.2599999999998,move,improve
11427,15,1334.5999999999988,4,865.2599999999998,move,improve
11428,15,1334.5999999999988,4,865.2599999999998,2opt,notBad
11429,15,1334.5999999999988,4,865.2599999999998,2opt,notBad
11430,15,1334.5999999999988,4,865.2599999999998,move,improve
11431,15,1334.5999999999988,4,865.2599999999998,move,improve
11432,15,1334.5999999999988,4,865.2599999999998,swap,notBad
11433,15,1334.5999999999988,4,865.2599999999998,swap,notBad
11434,15,1334.5999999999988,4,865.2599999999998,move,improve
11435,15,1334.5999999999988,4,865.2599999999998,move,improve
11436,15,1334.5999999999988,4,865.2599999999998,swap,notBad
11437,15,1334.5999999999988,4,865.2599999999998,2opt,notBad
11438,15,1334.5999999999988,4,865.2599999999998,move,improve
11439,15,1334.5999999999988,4,865.2599999999998,swap,notBad
11440,15,1334.5999999999988,4,865.2599999999998,2opt,notBad
11441,15,1334.5999999999988,4,865.2599999999998,move,improve
11442,15,1334.5999999999988,4,865.2599999999998,move,improve
11443,15,1334.5999999999988,4,865.2599999999998,2opt,notBad
11444,15,1324.359999999999,4,865.2599999999998,move,improve
11445,15,1324.359999999999,4,865.2599999999998,2opt,notBad
11446,15,1324.359999999999,4,865.2599999999998,move,improve
11447,15,1324.359999999999,4,865.2599999999998,move,improve
11448,15,1324.359999999999,4,865.2599999999998,2opt,notBad
11449,15,1324.359999999999,4,865.2599999999998,move,improve
11450,15,1324.359999999999,4,865.2599999999998,move,improve
11451,15,1324.359999999999,4,865.2599999999998,move,improve
11452,15,1324.359999999999,4,865.2599999999998,2opt,notBad
11453,15,1324.359999999999,4,865.2599999999998,move,improve
11454,15,1324.359999999999,4,865.2599999999998,move,improve
11455,15,1324.359999999999,4,865.2599999999998,2opt,notBad
11456,15,1324.359999999999,4,865.2599999999998,swap,notBad
11457,15,1324.359999999999,4,865.2599999999998,move,improve
11458,15,1324.359999999999,4,865.2599999999998,swap,notBad
11459,15,1324.359999999999,4,865.2599999999998,swap,notBad
11460,15,1324.359999999999,4,865.2599999999998,move,improve
11461,15,1324.359999999999,4,865.2599999999998,2opt,notBad
11462,15,1324.359999999999,4,865.2599999999998,move,improve
11463,15,1324.359999999999,4,865.2599999999998,2opt,notBad
11464,15,1324.359999999999,4,865.2599999999998,move,improve
11465,15,1324.359999999999,4,865.2599999999998,swap,notBad
11466,15,1324.359999999999,4,865.2599999999998,2opt,notBad
11467,15,1324.359999999999,4,865.2599999999998,2opt,notBad
11468,15,1324.359999999999,4,865.2599999999998,2opt,notBad
11469,15,1324.359999999999,4,865.2599999999998,swap,notBad
11470,15,1324.359999999999,4,865.2599999999998,move,improve
11471,15,1324.359999999999,4,865.2599999999998,move,improve
11472,15,1324.359999999999,4,865.2599999999998,2opt,notBad
11473,15,1324.359999999999,4,865.2599999999998,swap,notBad
11474,15,1324.359999999999,4,865.2599999999998,move,improve
11475,15,1324.359999999999,4,865.2599999999998,2opt,notBad
11476,15,1324.359999999999,4,865.2599999999998,move,improve
11477,15,1324.359999999999,4,865.2599999999998,move,improve
11478,15,1324.359999999999,4,865.2599999999998,swap,notBad
11479,15,1324.359999999999,4,865.2599999999998,swap,notBad
11480,15,1324.359999999999,4,865.2599999999998,2opt,notBad
11481,15,1324.359999999999,4,865.2599999999998,swap,notBad
11482,15,1324.359999999999,4,865.2599999999998,swap,notBad
11483,15,1324.359999999999,4,865.2599999999998,swap,notBad
11484,15,1324.359999999999,4,865.2599999999998,2opt,notBad
11485,15,1324.359999999999,4,865.2599999999998,move,improve
11486,15,1324.359999999999,4,865.2599999999998,2opt,notBad
11487,15,1324.359999999999,4,865.2599999999998,swap,notBad
11488,15,1324.359999999999,4,865.2599999999998,move,improve
11489,15,1324.359999999999,4,865.2599999999998,2opt,notBad
11490,15,1324.359999999999,4,865.2599999999998,swap,notBad
11491,15,1324.359999999999,4,865.2599999999998,move,improve
11492,15,1324.359999999999,4,865.2599999999998,2opt,notBad
11493,15,1324.359999999999,4,865.2599999999998,swap,notBad
11494,15,1324.359999999999,4,865.2599999999998,swap,notBad
11495,15,1324.359999999999,4,865.2599999999998,move,improve
11496,15,1324.359999999999,4,865.2599999999998,2opt,notBad
11497,15,1324.359999999999,4,865.2599999999998,move,improve
11498,15,1324.359999999999,4,865.2599999999998,2opt,notBad
11499,15,1324.359999999999,4,865.2599999999998,swap,notBad
11500,15,1324.359999999999,4,865.2599999999998,2opt,notBad
11501,15,1324.359999999999,4,865.2599999999998,2opt,notBad
11502,15,1324.359999999999,4,865.2599999999998,2opt,notBad
11503,15,1324.359999999999,4,865.2599999999998,move,improve
11504,15,1324.359999999999,4,865.2599999999998,2opt,notBad
11505,15,1324.359999999999,4,865.2599999999998,move,improve
11506,15,1324.359999999999,4,865.2599999999998,2opt,notBad
11507,15,1324.359999999999,4,865.2599999999998,2opt,notBad
11508,15,1324.359999999999,4,865.2599999999998,move,improve
11509,15,1324.359999999999,4,865.2599999999998,2opt,notBad
11510,15,1324.359999999999,4,865.2599999999998,2opt,notBad
11511,15,1324.359999999999,4,865.2599999999998,move,improve
11512,15,1324.359999999999,4,865.2599999999998,swap,notBad
11513,15,1324.359999999999,4,865.2599999999998,swap,notBad
11514,15,1324.359999999999,4,865.2599999999998,swap,notBad
11515,15,1324.359999999999,4,865.2599999999998,swap,notBad
11516,15,1324.359999999999,4,865.2599999999998,move,improve
11517,15,1324.359999999999,4,865.2599999999998,2opt,notBad
11518,15,1324.359999999999,4,865.2599999999998,move,improve
11519,15,1324.359999999999,4,865.2599999999998,swap,notBad
11520,15,1324.359999999999,4,865.2599999999998,move,improve
11521,15,1324.359999999999,4,865.2599999999998,2opt,notBad
11522,15,1324.359999999999,4,865.2599999999998,2opt,notBad
11523,15,1324.359999999999,4,865.2599999999998,2opt,notBad
11524,15,1324.359999999999,4,865.2599999999998,move,improve
11525,15,1324.359999999999,4,865.2599999999998,2opt,notBad
11526,15,1324.359999999999,4,865.2599999999998,2opt,notBad
11527,15,1324.359999999999,4,865.2599999999998,move,improve
11528,15,1324.359999999999,4,865.2599999999998,move,improve
11529,15,1324.359999999999,4,865.2599999999998,2opt,notBad
11530,15,1324.359999999999,4,865.2599999999998,move,improve
11531,15,1324.359999999999,4,865.2599999999998,swap,notBad
11532,15,1324.359999999999,4,865.2599999999998,move,improve
11533,15,1324.359999999999,4,865.2599999999998,2opt,notBad
11534,15,1324.359999999999,4,865.2599999999998,swap,notBad
11535,15,1324.359999999999,4,865.2599999999998,2opt,notBad
11536,15,1324.359999999999,4,865.2599999999998,move,improve
11537,15,1324.359999999999,4,865.2599999999998,move,improve
11538,15,1324.359999999999,4,865.2599999999998,swap,notBad
11539,15,1324.359999999999,4,865.2599999999998,move,improve
11540,15,1324.359999999999,4,865.2599999999998,swap,notBad
11541,15,1324.359999999999,4,865.2599999999998,move,improve
11542,15,1324.359999999999,4,865.2599999999998,2opt,notBad
11543,15,1324.359999999999,4,865.2599999999998,2opt,notBad
11544,15,1324.359999999999,4,865.2599999999998,2opt,notBad
11545,15,1324.359999999999,4,865.2599999999998,swap,notBad
11546,15,1324.359999999999,4,865.2599999999998,move,improve
11547,15,1324.359999999999,4,865.2599999999998,2opt,notBad
11548,15,1324.359999999999,4,865.2599999999998,move,improve
11549,15,1324.359999999999,4,865.2599999999998,2opt,notBad
11550,15,1324.359999999999,4,865.2599999999998,2opt,notBad
11551,15,1324.359999999999,4,865.2599999999998,2opt,improve
11552,15,1324.359999999999,4,865.2599999999998,move,improve
11553,15,1324.359999999999,4,865.2599999999998,2opt,notBad
11554,15,1324.359999999999,4,865.2599999999998,2opt,notBad
11555,15,1324.359999999999,4,865.2599999999998,swap,notBad
11556,15,1324.359999999999,4,865.2599999999998,move,improve
11557,15,1324.359999999999,4,865.2599999999998,move,improve
11558,15,1324.359999999999,4,865.2599999999998,move,improve
11559,15,1324.359999999999,4,865.2599999999998,swap,notBad
11560,15,1324.359999999999,4,865.2599999999998,move,improve
11561,15,1324.359999999999,4,865.2599999999998,2opt,notBad
11562,15,1324.359999999999,4,865.2599999999998,2opt,notBad
11563,15,1324.359999999999,4,865.2599999999998,2opt,notBad
11564,15,1324.359999999999,4,865.2599999999998,move,improve
11565,15,1324.359999999999,4,865.2599999999998,2opt,notBad
11566,15,1324.359999999999,4,865.2599999999998,2opt,notBad
11567,15,1324.359999999999,4,865.2599999999998,2opt,notBad
11568,15,1324.359999999999,4,865.2599999999998,swap,notBad
11569,15,1324.359999999999,4,865.2599999999998,2opt,notBad
11570,15,1324.359999999999,4,865.2599999999998,swap,notBad
11571,15,1324.359999999999,4,865.2599999999998,swap,notBad
11572,15,1324.359999999999,4,865.2599999999998,move,improve
11573,15,1324.359999999999,4,865.2599999999998,swap,notBad
11574,15,1324.359999999999,4,865.2599999999998,move,improve
11575,15,1324.359999999999,4,865.2599999999998,swap,notBad
11576,15,1324.359999999999,4,865.2599999999998,swap,notBad
11577,15,1324.359999999999,4,865.2599999999998,move,improve
11578,15,1324.359999999999,4,865.2599999999998,2opt,notBad
11579,15,1324.359999999999,4,865.2599999999998,move,improve
11580,15,1324.359999999999,4,865.2599999999998,2opt,notBad
11581,15,1324.359999999999,4,865.2599999999998,move,improve
11582,15,1324.359999999999,4,865.2599999999998,move,improve
11583,15,1324.359999999999,4,865.2599999999998,swap,notBad
11584,15,1324.359999999999,4,865.2599999999998,2opt,notBad
11585,15,1324.359999999999,4,865.2599999999998,move,improve
11586,15,1324.359999999999,4,865.2599999999998,move,improve
11587,15,1324.359999999999,4,865.2599999999998,swap,notBad
11588,15,1324.359999999999,4,865.2599999999998,swap,notBad
11589,15,1324.359999999999,4,865.2599999999998,move,improve
11590,15,1324.359999999999,4,865.2599999999998,move,improve
11591,15,1324.359999999999,4,865.2599999999998,2opt,notBad
11592,15,1324.359999999999,4,865.2599999999998,2opt,notBad
11593,15,1324.359999999999,4,865.2599999999998,swap,notBad
11594,15,1324.359999999999,4,865.2599999999998,swap,notBad
11595,15,1324.359999999999,4,865.2599999999998,move,improve
11596,15,1324.359999999999,4,865.2599999999998,2opt,notBad
11597,15,1324.359999999999,4,865.2599999999998,swap,notBad
11598,15,1324.359999999999,4,865.2599999999998,2opt,notBad
11599,15,1324.359999999999,4,865.2599999999998,swap,notBad
11600,15,1324.359999999999,4,865.2599999999998,swap,notBad
11601,15,1324.359999999999,4,865.2599999999998,move,improve
11602,15,1324.359999999999,4,865.2599999999998,swap,notBad
11603,15,1324.359999999999,4,865.2599999999998,move,improve
11604,15,1324.359999999999,4,865.2599999999998,2opt,notBad
11605,15,1324.359999999999,4,865.2599999999998,swap,notBad
11606,15,1324.359999999999,4,865.2599999999998,2opt,notBad
11607,15,1324.359999999999,4,865.2599999999998,swap,notBad
11608,15,1324.359999999999,4,865.2599999999998,2opt,improve
11609,15,1324.359999999999,4,865.2599999999998,swap,notBad
11610,15,1324.359999999999,4,865.2599999999998,swap,notBad
11611,15,1324.359999999999,4,865.2599999999998,move,improve
11612,15,1324.359999999999,4,865.2599999999998,swap,notBad
11613,15,1324.359999999999,4,865.2599999999998,move,notBad
11614,15,1324.359999999999,4,865.2599999999998,2opt,notBad
11615,15,1324.359999999999,4,865.2599999999998,move,improve
11616,15,1324.359999999999,4,865.2599999999998,2opt,notBad
11617,15,1324.359999999999,4,865.2599999999998,2opt,notBad
11618,15,1324.359999999999,4,865.2599999999998,2opt,notBad
11619,15,1324.359999999999,4,865.2599999999998,2opt,notBad
11620,15,1324.359999999999,4,865.2599999999998,swap,notBad
11621,15,1324.359999999999,4,865.2599999999998,swap,notBad
11622,15,1324.359999999999,4,865.2599999999998,move,improve
11623,15,1324.359999999999,4,865.2599999999998,move,improve
11624,15,1324.359999999999,4,865.2599999999998,move,improve
11625,15,1324.359999999999,4,865.2599999999998,2opt,notBad
11626,15,1324.359999999999,4,865.2599999999998,swap,notBad
11627,15,1324.359999999999,4,865.2599999999998,swap,notBad
11628,15,1324.359999999999,4,865.2599999999998,2opt,notBad
11629,15,1324.359999999999,4,865.2599999999998,swap,notBad
11630,15,1324.359999999999,4,865.2599999999998,move,improve
11631,15,1324.359999999999,4,865.2599999999998,2opt,notBad
11632,15,1324.359999999999,4,865.2599999999998,swap,notBad
11633,15,1334.999999999999,4,865.2599999999998,move,acceptBad
11634,15,1334.999999999999,4,865.2599999999998,2opt,notBad
11635,15,1334.999999999999,4,865.2599999999998,2opt,notBad
11636,15,1334.999999999999,4,865.2599999999998,swap,notBad
11637,15,1334.999999999999,4,865.2599999999998,swap,notBad
11638,15,1334.999999999999,4,865.2599999999998,move,improve
11639,15,1334.999999999999,4,865.2599999999998,swap,notBad
11640,15,1334.999999999999,4,865.2599999999998,swap,notBad
11641,15,1324.359999999999,4,865.2599999999998,move,improve
11642,15,1324.359999999999,4,865.2599999999998,2opt,notBad
11643,15,1324.359999999999,4,865.2599999999998,2opt,notBad
11644,15,1324.359999999999,4,865.2599999999998,swap,notBad
11645,15,1324.359999999999,4,865.2599999999998,swap,notBad
11646,15,1324.359999999999,4,865.2599999999998,move,improve
11647,15,1324.359999999999,4,865.2599999999998,move,improve
11648,15,1324.359999999999,4,865.2599999999998,2opt,notBad
11649,15,1324.359999999999,4,865.2599999999998,move,improve
11650,15,1324.359999999999,4,865.2599999999998,swap,notBad
11651,15,1324.359999999999,4,865.2599999999998,swap,notBad
11652,15,1324.359999999999,4,865.2599999999998,move,improve
11653,15,1324.359999999999,4,865.2599999999998,2opt,improve
11654,15,1324.359999999999,4,865.2599999999998,swap,notBad
11655,15,1324.359999999999,4,865.2599999999998,swap,notBad
11656,15,1324.359999999999,4,865.2599999999998,move,improve
11657,15,1324.359999999999,4,865.2599999999998,move,improve
11658,15,1324.359999999999,4,865.2599999999998,move,improve
11659,15,1324.359999999999,4,865.2599999999998,2opt,notBad
11660,15,1324.359999999999,4,865.2599999999998,2opt,notBad
11661,15,1324.359999999999,4,865.2599999999998,2opt,notBad
11662,15,1324.359999999999,4,865.2599999999998,swap,notBad
11663,15,1324.359999999999,4,865.2599999999998,move,improve
11664,15,1324.359999999999,4,865.2599999999998,2opt,notBad
11665,15,1324.359999999999,4,865.2599999999998,2opt,notBad
11666,15,1324.359999999999,4,865.2599999999998,2opt,notBad
11667,15,1324.359999999999,4,865.2599999999998,2opt,improve
11668,15,1324.359999999999,4,865.2599999999998,swap,notBad
11669,15,1324.359999999999,4,865.2599999999998,2opt,notBad
11670,15,1324.359999999999,4,865.2599999999998,swap,notBad
11671,15,1324.359999999999,4,865.2599999999998,2opt,notBad
11672,15,1324.359999999999,4,865.2599999999998,move,improve
11673,15,1324.359999999999,4,865.2599999999998,move,improve
11674,15,1324.359999999999,4,865.2599999999998,move,improve
11675,15,1324.359999999999,4,865.2599999999998,swap,notBad
11676,15,1324.359999999999,4,865.2599999999998,2opt,notBad
11677,15,1324.359999999999,4,865.2599999999998,2opt,notBad
11678,15,1324.359999999999,4,865.2599999999998,2opt,notBad
11679,15,1324.359999999999,4,865.2599999999998,move,improve
11680,15,1324.359999999999,4,865.2599999999998,2opt,notBad
11681,15,1324.359999999999,4,865.2599999999998,move,improve
11682,15,1324.359999999999,4,865.2599999999998,2opt,notBad
11683,15,1324.359999999999,4,865.2599999999998,2opt,notBad
11684,15,1324.359999999999,4,865.2599999999998,swap,notBad
11685,15,1324.359999999999,4,865.2599999999998,swap,notBad
11686,15,1324.359999999999,4,865.2599999999998,move,improve
11687,15,1324.359999999999,4,865.2599999999998,move,improve
11688,15,1324.359999999999,4,865.2599999999998,swap,notBad
11689,15,1324.359999999999,4,865.2599999999998,2opt,notBad
11690,15,1324.359999999999,4,865.2599999999998,2opt,notBad
11691,15,1324.359999999999,4,865.2599999999998,swap,notBad
11692,15,1324.359999999999,4,865.2599999999998,move,improve
11693,15,1324.359999999999,4,865.2599999999998,swap,notBad
11694,15,1324.359999999999,4,865.2599999999998,swap,notBad
11695,15,1324.359999999999,4,865.2599999999998,swap,notBad
11696,15,1324.359999999999,4,865.2599999999998,swap,notBad
11697,15,1324.359999999999,4,865.2599999999998,swap,notBad
11698,15,1324.359999999999,4,865.2599999999998,2opt,notBad
11699,15,1324.359999999999,4,865.2599999999998,swap,notBad
11700,15,1324.359999999999,4,865.2599999999998,2opt,notBad
11701,15,1324.359999999999,4,865.2599999999998,move,improve
11702,15,1324.359999999999,4,865.2599999999998,move,improve
11703,15,1324.359999999999,4,865.2599999999998,swap,notBad
11704,15,1324.359999999999,4,865.2599999999998,move,improve
11705,15,1324.359999999999,4,865.2599999999998,2opt,notBad
11706,15,1324.359999999999,4,865.2599999999998,move,improve
11707,15,1324.359999999999,4,865.2599999999998,swap,notBad
11708,15,1324.359999999999,4,865.2599999999998,2opt,notBad
11709,15,1324.359999999999,4,865.2599999999998,move,improve
11710,15,1324.359999999999,4,865.2599999999998,2opt,notBad
11711,15,1324.359999999999,4,865.2599999999998,move,improve
11712,15,1324.359999999999,4,865.2599999999998,2opt,notBad
11713,15,1324.359999999999,4,865.2599999999998,2opt,notBad
11714,15,1324.359999999999,4,865.2599999999998,swap,notBad
11715,15,1324.359999999999,4,865.2599999999998,move,improve
11716,15,1324.359999999999,4,865.2599999999998,move,improve
11717,15,1324.359999999999,4,865.2599999999998,move,improve
11718,15,1324.359999999999,4,865.2599999999998,2opt,notBad
11719,15,1324.359999999999,4,865.2599999999998,move,improve
11720,15,1324.359999999999,4,865.2599999999998,move,improve
11721,15,1324.359999999999,4,865.2599999999998,move,improve
11722,15,1324.359999999999,4,865.2599999999998,move,improve
11723,15,1324.359999999999,4,865.2599999999998,2opt,notBad
11724,15,1324.359999999999,4,865.2599999999998,2opt,notBad
11725,15,1324.359999999999,4,865.2599999999998,2opt,notBad
11726,15,1324.359999999999,4,865.2599999999998,2opt,notBad
11727,15,1324.359999999999,4,865.2599999999998,2opt,notBad
11728,15,1324.359999999999,4,865.2599999999998,2opt,notBad
11729,15,1324.359999999999,4,865.2599999999998,move,improve
11730,15,1324.359999999999,4,865.2599999999998,swap,notBad
11731,15,1324.359999999999,4,865.2599999999998,swap,notBad
11732,15,1324.359999999999,4,865.2599999999998,2opt,notBad
11733,15,1324.359999999999,4,865.2599999999998,swap,notBad
11734,15,1324.359999999999,4,865.2599999999998,swap,notBad
11735,15,1324.359999999999,4,865.2599999999998,move,improve
11736,15,1324.359999999999,4,865.2599999999998,move,improve
11737,15,1324.359999999999,4,865.2599999999998,swap,notBad
11738,15,1324.359999999999,4,865.2599999999998,2opt,notBad
11739,15,1324.359999999999,4,865.2599999999998,move,improve
11740,15,1324.359999999999,4,865.2599999999998,swap,notBad
11741,15,1324.359999999999,4,865.2599999999998,swap,notBad
11742,15,1324.359999999999,4,865.2599999999998,2opt,notBad
11743,15,1324.359999999999,4,865.2599999999998,swap,notBad
11744,15,1324.359999999999,4,865.2599999999998,2opt,notBad
11745,15,1324.359999999999,4,865.2599999999998,move,improve
11746,15,1324.359999999999,4,865.2599999999998,2opt,notBad
11747,15,1324.359999999999,4,865.2599999999998,move,improve
11748,15,1324.359999999999,4,865.2599999999998,swap,notBad
11749,15,1324.359999999999,4,865.2599999999998,2opt,notBad
11750,15,1324.359999999999,4,865.2599999999998,2opt,notBad
11751,15,1324.359999999999,4,865.2599999999998,swap,notBad
11752,15,1324.359999999999,4,865.2599999999998,move,improve
11753,15,1324.359999999999,4,865.2599999999998,2opt,notBad
11754,15,1324.359999999999,4,865.2599999999998,2opt,notBad
11755,15,1324.359999999999,4,865.2599999999998,2opt,notBad
11756,15,1324.359999999999,4,865.2599999999998,swap,notBad
11757,15,1324.9599999999994,4,865.2599999999998,2opt,acceptBad
11758,15,1324.9599999999994,4,865.2599999999998,2opt,notBad
11759,15,1324.9599999999994,4,865.2599999999998,2opt,notBad
11760,15,1324.9599999999994,4,865.2599999999998,move,improve
11761,15,1324.9599999999994,4,865.2599999999998,move,improve
11762,15,1324.9599999999994,4,865.2599999999998,2opt,notBad
11763,15,1324.9599999999994,4,865.2599999999998,swap,notBad
11764,15,1324.9599999999994,4,865.2599999999998,swap,notBad
11765,15,1324.9599999999994,4,865.2599999999998,swap,notBad
11766,15,1324.9599999999994,4,865.2599999999998,swap,notBad
11767,15,1324.9599999999994,4,865.2599999999998,swap,notBad
11768,15,1324.9599999999994,4,865.2599999999998,2opt,notBad
11769,15,1324.9599999999994,4,865.2599999999998,2opt,notBad
11770,15,1324.9599999999994,4,865.2599999999998,swap,notBad
11771,15,1324.9599999999994,4,865.2599999999998,2opt,notBad
11772,15,1324.9599999999994,4,865.2599999999998,2opt,notBad
11773,15,1324.9599999999994,4,865.2599999999998,2opt,notBad
11774,15,1324.9599999999994,4,865.2599999999998,move,improve
11775,15,1324.9599999999994,4,865.2599999999998,move,improve
11776,15,1324.9599999999994,4,865.2599999999998,swap,notBad
11777,15,1324.9599999999994,4,865.2599999999998,2opt,notBad
11778,15,1324.9599999999994,4,865.2599999999998,2opt,notBad
11779,15,1324.9599999999994,4,865.2599999999998,2opt,notBad
11780,15,1324.9599999999994,4,865.2599999999998,swap,notBad
11781,15,1324.9599999999994,4,865.2599999999998,2opt,notBad
11782,15,1324.9599999999994,4,865.2599999999998,move,improve
11783,15,1324.9599999999994,4,865.2599999999998,swap,notBad
11784,15,1324.9599999999994,4,865.2599999999998,swap,notBad
11785,15,1324.9599999999994,4,865.2599999999998,2opt,notBad
11786,15,1324.9599999999994,4,865.2599999999998,move,improve
11787,15,1324.9599999999994,4,865.2599999999998,swap,notBad
11788,15,1324.9599999999994,4,865.2599999999998,2opt,notBad
11789,15,1324.9599999999994,4,865.2599999999998,swap,notBad
11790,15,1324.9599999999994,4,865.2599999999998,2opt,notBad
11791,15,1324.9599999999994,4,865.2599999999998,2opt,notBad
11792,15,1324.9599999999994,4,865.2599999999998,swap,notBad
11793,15,1324.9599999999994,4,865.2599999999998,2opt,notBad
11794,15,1324.3599999999994,4,865.2599999999998,move,improve
11795,15,1324.3599999999994,4,865.2599999999998,2opt,notBad
11796,15,1324.3599999999994,4,865.2599999999998,swap,notBad
11797,15,1324.3599999999994,4,865.2599999999998,2opt,notBad
11798,15,1324.3599999999994,4,865.2599999999998,move,improve
11799,15,1324.3599999999994,4,865.2599999999998,move,improve
11800,15,1324.3599999999994,4,865.2599999999998,move,improve
11801,15,1324.3599999999994,4,865.2599999999998,2opt,notBad
11802,15,1324.3599999999994,4,865.2599999999998,2opt,improve
11803,15,1324.3599999999994,4,865.2599999999998,2opt,notBad
11804,15,1324.3599999999994,4,865.2599999999998,2opt,improve
11805,15,1324.3599999999994,4,865.2599999999998,move,improve
11806,15,1324.3599999999994,4,865.2599999999998,2opt,notBad
11807,15,1324.3599999999994,4,865.2599999999998,move,improve
11808,15,1324.3599999999994,4,865.2599999999998,2opt,notBad
11809,15,1324.3599999999994,4,865.2599999999998,swap,notBad
11810,15,1324.3599999999994,4,865.2599999999998,move,improve
11811,15,1324.3599999999994,4,865.2599999999998,move,improve
11812,15,1324.3599999999994,4,865.2599999999998,2opt,notBad
11813,15,1324.3599999999994,4,865.2599999999998,2opt,notBad
11814,15,1324.3599999999994,4,865.2599999999998,move,improve
11815,15,1324.3599999999994,4,865.2599999999998,swap,notBad
11816,15,1324.3599999999994,4,865.2599999999998,move,improve
11817,15,1324.3599999999994,4,865.2599999999998,2opt,notBad
11818,15,1324.3599999999994,4,865.2599999999998,2opt,notBad
11819,15,1324.3599999999994,4,865.2599999999998,swap,notBad
11820,15,1324.3599999999994,4,865.2599999999998,swap,notBad
11821,15,1324.3599999999994,4,865.2599999999998,swap,notBad
11822,15,1324.3599999999994,4,865.2599999999998,2opt,notBad
11823,15,1324.3599999999994,4,865.2599999999998,move,improve
11824,15,1324.3599999999994,4,865.2599999999998,swap,notBad
11825,15,1324.3599999999994,4,865.2599999999998,swap,notBad
11826,15,1324.3599999999994,4,865.2599999999998,swap,notBad
11827,15,1324.3599999999994,4,865.2599999999998,2opt,notBad
11828,15,1324.3599999999994,4,865.2599999999998,move,improve
11829,15,1324.3599999999994,4,865.2599999999998,move,improve
11830,15,1324.3599999999994,4,865.2599999999998,move,improve
11831,15,1324.3599999999994,4,865.2599999999998,swap,notBad
11832,15,1324.3599999999994,4,865.2599999999998,swap,notBad
11833,15,1324.3599999999994,4,865.2599999999998,move,improve
11834,15,1324.3599999999994,4,865.2599999999998,swap,notBad
11835,15,1324.3599999999994,4,865.2599999999998,swap,notBad
11836,15,1324.3599999999994,4,865.2599999999998,swap,notBad
11837,15,1324.3599999999994,4,865.2599999999998,2opt,notBad
11838,15,1324.3599999999994,4,865.2599999999998,move,improve
11839,15,1324.3599999999994,4,865.2599999999998,swap,notBad
11840,15,1324.3599999999994,4,865.2599999999998,2opt,notBad
11841,15,1324.3599999999994,4,865.2599999999998,move,improve
11842,15,1324.3599999999994,4,865.2599999999998,2opt,notBad
11843,15,1324.3599999999994,4,865.2599999999998,swap,notBad
11844,15,1324.3599999999994,4,865.2599999999998,2opt,improve
11845,15,1324.3599999999994,4,865.2599999999998,swap,notBad
11846,15,1324.3599999999994,4,865.2599999999998,move,improve
11847,15,1324.3599999999994,4,865.2599999999998,2opt,notBad
11848,15,1324.3599999999994,4,865.2599999999998,move,improve
11849,15,1324.3599999999994,4,865.2599999999998,swap,notBad
11850,15,1324.3599999999994,4,865.2599999999998,move,improve
11851,15,1324.3599999999994,4,865.2599999999998,swap,notBad
11852,15,1324.3599999999994,4,865.2599999999998,swap,notBad
11853,15,1324.3599999999994,4,865.2599999999998,move,improve
11854,15,1324.3599999999994,4,865.2599999999998,swap,notBad
11855,15,1324.3599999999994,4,865.2599999999998,move,improve
11856,15,1324.3599999999994,4,865.2599999999998,move,improve
11857,15,1324.3599999999994,4,865.2599999999998,move,improve
11858,15,1324.3599999999994,4,865.2599999999998,move,improve
11859,15,1324.3599999999994,4,865.2599999999998,swap,notBad
11860,15,1324.3599999999994,4,865.2599999999998,move,improve
11861,15,1324.3599999999994,4,865.2599999999998,2opt,notBad
11862,15,1324.3599999999994,4,865.2599999999998,swap,notBad
11863,15,1324.3599999999994,4,865.2599999999998,2opt,notBad
11864,15,1324.3599999999994,4,865.2599999999998,2opt,notBad
11865,15,1324.3599999999994,4,865.2599999999998,swap,notBad
11866,15,1324.3599999999994,4,865.2599999999998,2opt,notBad
11867,15,1324.3599999999994,4,865.2599999999998,swap,notBad
11868,15,1324.3599999999994,4,865.2599999999998,move,improve
11869,15,1324.3599999999994,4,865.2599999999998,move,improve
11870,15,1324.3599999999994,4,865.2599999999998,move,improve
11871,15,1324.3599999999994,4,865.2599999999998,move,improve
11872,15,1324.3599999999994,4,865.2599999999998,swap,notBad
11873,15,1324.3599999999994,4,865.2599999999998,swap,notBad
11874,15,1324.3599999999994,4,865.2599999999998,swap,notBad
11875,15,1324.3599999999994,4,865.2599999999998,swap,notBad
11876,15,1324.3599999999994,4,865.2599999999998,swap,notBad
11877,15,1324.3599999999994,4,865.2599999999998,move,improve
11878,15,1324.3599999999994,4,865.2599999999998,move,improve
11879,15,1324.3599999999994,4,865.2599999999998,swap,notBad
11880,15,1324.3599999999994,4,865.2599999999998,move,improve
11881,15,1324.3599999999994,4,865.2599999999998,2opt,improve
11882,15,1324.3599999999994,4,865.2599999999998,move,improve
11883,15,1324.3599999999994,4,865.2599999999998,move,improve
11884,15,1324.3599999999994,4,865.2599999999998,2opt,improve
11885,15,1324.3599999999994,4,865.2599999999998,swap,notBad
11886,15,1324.3599999999994,4,865.2599999999998,move,improve
11887,15,1324.3599999999994,4,865.2599999999998,swap,notBad
11888,15,1324.3599999999994,4,865.2599999999998,swap,notBad
11889,15,1324.3599999999994,4,865.2599999999998,2opt,notBad
11890,15,1324.3599999999994,4,865.2599999999998,move,improve
11891,15,1324.3599999999994,4,865.2599999999998,2opt,notBad
11892,15,1324.3599999999994,4,865.2599999999998,move,improve
11893,15,1324.3599999999994,4,865.2599999999998,move,improve
11894,15,1324.3599999999994,4,865.2599999999998,move,improve
11895,15,1324.3599999999994,4,865.2599999999998,2opt,notBad
11896,15,1324.3599999999994,4,865.2599999999998,swap,notBad
11897,15,1324.3599999999994,4,865.2599999999998,2opt,notBad
11898,15,1324.3599999999994,4,865.2599999999998,2opt,notBad
11899,15,1324.3599999999994,4,865.2599999999998,swap,notBad
11900,15,1324.3599999999994,4,865.2599999999998,2opt,notBad
11901,15,1324.3599999999994,4,865.2599999999998,swap,notBad
11902,15,1324.3599999999994,4,865.2599999999998,2opt,notBad
11903,15,1324.3599999999994,4,865.2599999999998,swap,notBad
11904,15,1324.3599999999994,4,865.2599999999998,swap,notBad
11905,15,1324.3599999999994,4,865.2599999999998,2opt,notBad
11906,15,1324.3599999999994,4,865.2599999999998,swap,notBad
11907,15,1324.3599999999994,4,865.2599999999998,2opt,notBad
11908,15,1324.3599999999994,4,865.2599999999998,swap,notBad
11909,15,1324.3599999999994,4,865.2599999999998,swap,notBad
11910,15,1324.3599999999994,4,865.2599999999998,move,improve
11911,15,1324.3599999999994,4,865.2599999999998,move,improve
11912,15,1324.3599999999994,4,865.2599999999998,2opt,notBad
11913,15,1324.3599999999994,4,865.2599999999998,swap,notBad
11914,15,1324.3599999999994,4,865.2599999999998,2opt,notBad
11915,15,1324.3599999999994,4,865.2599999999998,2opt,notBad
11916,15,1324.3599999999994,4,865.2599999999998,move,improve
11917,15,1324.3599999999994,4,865.2599999999998,swap,notBad
11918,15,1324.3599999999994,4,865.2599999999998,2opt,notBad
11919,15,1324.3599999999994,4,865.2599999999998,move,improve
11920,15,1324.3599999999994,4,865.2599999999998,swap,notBad
11921,15,1324.3599999999994,4,865.2599999999998,swap,notBad
11922,15,1324.3599999999994,4,865.2599999999998,swap,notBad
11923,15,1319.7999999999995,4,865.2599999999998,swap,improve
11924,15,1319.7999999999995,4,865.2599999999998,swap,notBad
11925,15,1319.7999999999995,4,865.2599999999998,move,improve
11926,15,1319.7999999999995,4,865.2599999999998,move,improve
11927,15,1319.7999999999995,4,865.2599999999998,2opt,notBad
11928,15,1319.7999999999995,4,865.2599999999998,swap,notBad
11929,15,1319.7999999999995,4,865.2599999999998,swap,notBad
11930,15,1319.7999999999995,4,865.2599999999998,swap,notBad
11931,15,1319.7999999999995,4,865.2599999999998,move,improve
11932,15,1319.7999999999995,4,865.2599999999998,swap,notBad
11933,15,1319.7999999999995,4,865.2599999999998,2opt,notBad
11934,15,1319.7999999999995,4,865.2599999999998,swap,notBad
11935,15,1319.7999999999995,4,865.2599999999998,2opt,notBad
11936,15,1319.7999999999995,4,865.2599999999998,swap,notBad
11937,15,1319.7999999999995,4,865.2599999999998,swap,notBad
11938,15,1319.7999999999995,4,865.2599999999998,move,improve
11939,15,1319.7999999999995,4,865.2599999999998,move,improve
11940,15,1319.7999999999995,4,865.2599999999998,move,improve
11941,15,1319.7999999999995,4,865.2599999999998,2opt,notBad
11942,15,1319.7999999999995,4,865.2599999999998,2opt,notBad
11943,15,1319.7999999999995,4,865.2599999999998,move,improve
11944,15,1319.7999999999995,4,865.2599999999998,move,improve
11945,15,1319.7999999999995,4,865.2599999999998,move,improve
11946,15,1319.7999999999995,4,865.2599999999998,move,improve
11947,15,1319.7999999999995,4,865.2599999999998,move,improve
11948,15,1319.7999999999995,4,865.2599999999998,2opt,notBad
11949,15,1319.7999999999995,4,865.2599999999998,swap,notBad
11950,15,1319.7999999999995,4,865.2599999999998,move,improve
11951,15,1319.7999999999995,4,865.2599999999998,2opt,notBad
11952,15,1319.7999999999995,4,865.2599999999998,swap,notBad
11953,15,1319.7999999999995,4,865.2599999999998,move,improve
11954,15,1319.7999999999995,4,865.2599999999998,2opt,notBad
11955,15,1319.7999999999995,4,865.2599999999998,swap,notBad
11956,15,1319.7999999999995,4,865.2599999999998,swap,notBad
11957,15,1319.7999999999995,4,865.2599999999998,swap,notBad
11958,15,1319.7999999999995,4,865.2599999999998,2opt,notBad
11959,15,1319.7999999999995,4,865.2599999999998,swap,notBad
11960,15,1319.7999999999995,4,865.2599999999998,swap,notBad
11961,15,1319.7999999999995,4,865.2599999999998,2opt,notBad
11962,15,1319.7999999999995,4,865.2599999999998,swap,notBad
11963,15,1319.7999999999995,4,865.2599999999998,move,improve
11964,15,1319.7999999999995,4,865.2599999999998,move,improve
11965,15,1319.7999999999995,4,865.2599999999998,swap,notBad
11966,15,1319.7999999999995,4,865.2599999999998,swap,notBad
11967,15,1319.7999999999995,4,865.2599999999998,2opt,notBad
11968,15,1319.7999999999995,4,865.2599999999998,2opt,notBad
11969,15,1319.7999999999995,4,865.2599999999998,move,improve
11970,15,1319.7999999999995,4,865.2599999999998,move,improve
11971,15,1319.7999999999995,4,865.2599999999998,swap,notBad
11972,15,1319.7999999999995,4,865.2599999999998,2opt,notBad
11973,15,1319.7999999999995,4,865.2599999999998,move,improve
11974,15,1319.7999999999995,4,865.2599999999998,swap,notBad
11975,15,1319.7999999999995,4,865.2599999999998,move,improve
11976,15,1319.7999999999995,4,865.2599999999998,2opt,notBad
11977,15,1319.7999999999995,4,865.2599999999998,2opt,notBad
11978,15,1319.7999999999995,4,865.2599999999998,swap,notBad
11979,15,1319.7999999999995,4,865.2599999999998,2opt,improve
11980,15,1319.7999999999995,4,865.2599999999998,swap,notBad
11981,15,1319.7999999999995,4,865.2599999999998,move,improve
11982,15,1319.7999999999995,4,865.2599999999998,2opt,notBad
11983,15,1319.7999999999995,4,865.2599999999998,move,improve
11984,15,1319.7999999999995,4,865.2599999999998,swap,notBad
11985,15,1319.7999999999995,4,865.2599999999998,move,improve
11986,15,1319.7999999999995,4,865.2599999999998,move,improve
11987,15,1319.7999999999995,4,865.2599999999998,move,improve
11988,15,1319.7999999999995,4,865.2599999999998,2opt,notBad
11989,15,1319.7999999999995,4,865.2599999999998,move,improve
11990,15,1319.7999999999995,4,865.2599999999998,2opt,notBad
11991,15,1319.7999999999995,4,865.2599999999998,swap,notBad
11992,15,1319.7999999999995,4,865.2599999999998,swap,notBad
11993,15,1319.7999999999995,4,865.2599999999998,move,improve
11994,15,1319.7999999999995,4,865.2599999999998,2opt,notBad
11995,15,1319.7999999999995,4,865.2599999999998,move,improve
11996,15,1319.7999999999995,4,865.2599999999998,swap,notBad
11997,15,1319.7999999999995,4,865.2599999999998,2opt,notBad
11998,15,1319.7999999999995,4,865.2599999999998,move,improve
11999,15,1319.7999999999995,4,865.2599999999998,move,improve
12000,15,1319.7999999999995,4,865.2599999999998,swap,notBad
12001,15,1319.7999999999995,4,865.2599999999998,swap,notBad
12002,15,1319.7999999999995,4,865.2599999999998,swap,notBad
12003,15,1319.7999999999995,4,865.2599999999998,2opt,notBad
12004,15,1319.7999999999995,4,865.2599999999998,2opt,notBad
12005,15,1319.7999999999995,4,865.2599999999998,2opt,notBad
12006,15,1319.7999999999995,4,865.2599999999998,move,improve
12007,15,1319.7999999999995,4,865.2599999999998,swap,notBad
12008,15,1319.7999999999995,4,865.2599999999998,swap,notBad
12009,15,1319.7999999999995,4,865.2599999999998,swap,notBad
12010,15,1319.7999999999995,4,865.2599999999998,2opt,notBad
12011,15,1319.7999999999995,4,865.2599999999998,move,improve
12012,15,1319.7999999999995,4,865.2599999999998,2opt,notBad
12013,15,1319.7999999999995,4,865.2599999999998,2opt,notBad
12014,15,1319.7999999999995,4,865.2599999999998,move,improve
12015,15,1319.7999999999995,4,865.2599999999998,swap,notBad
12016,15,1319.7999999999995,4,865.2599999999998,2opt,notBad
12017,15,1319.7999999999995,4,865.2599999999998,2opt,notBad
12018,15,1319.7999999999995,4,865.2599999999998,move,improve
12019,15,1319.7999999999995,4,865.2599999999998,2opt,notBad
12020,15,1319.7999999999995,4,865.2599999999998,move,improve
12021,15,1319.7999999999995,4,865.2599999999998,2opt,notBad
12022,15,1319.7999999999995,4,865.2599999999998,move,improve
12023,15,1319.7999999999995,4,865.2599999999998,move,improve
12024,15,1319.7999999999995,4,865.2599999999998,2opt,notBad
12025,15,1319.7999999999995,4,865.2599999999998,2opt,notBad
12026,15,1319.7999999999995,4,865.2599999999998,move,improve
12027,15,1319.7999999999995,4,865.2599999999998,2opt,notBad
12028,15,1319.7999999999995,4,865.2599999999998,2opt,notBad
12029,15,1319.7999999999995,4,865.2599999999998,swap,notBad
12030,15,1319.7999999999995,4,865.2599999999998,2opt,notBad
12031,15,1319.7999999999995,4,865.2599999999998,2opt,notBad
12032,15,1319.7999999999995,4,865.2599999999998,2opt,notBad
12033,15,1319.7999999999995,4,865.2599999999998,move,improve
12034,15,1319.7999999999995,4,865.2599999999998,move,improve
12035,15,1319.7999999999995,4,865.2599999999998,2opt,notBad
12036,15,1319.7999999999995,4,865.2599999999998,swap,notBad
12037,15,1319.7999999999995,4,865.2599999999998,move,improve
12038,15,1319.7999999999995,4,865.2599999999998,move,improve
12039,15,1319.7999999999995,4,865.2599999999998,2opt,notBad
12040,15,1319.7999999999995,4,865.2599999999998,move,improve
12041,15,1319.7999999999995,4,865.2599999999998,move,improve
12042,15,1319.7999999999995,4,865.2599999999998,move,improve
12043,15,1319.7999999999995,4,865.2599999999998,2opt,notBad
12044,15,1319.7999999999995,4,865.2599999999998,2opt,notBad
12045,15,1319.7999999999995,4,865.2599999999998,move,improve
12046,15,1319.7999999999995,4,865.2599999999998,move,improve
12047,15,1319.7999999999995,4,865.2599999999998,2opt,notBad
12048,15,1319.7999999999995,4,865.2599999999998,2opt,notBad
12049,15,1319.7999999999995,4,865.2599999999998,move,improve
12050,15,1319.7999999999995,4,865.2599999999998,2opt,notBad
12051,15,1319.7999999999995,4,865.2599999999998,2opt,notBad
12052,15,1319.7999999999995,4,865.2599999999998,swap,notBad
12053,15,1319.7999999999995,4,865.2599999999998,2opt,notBad
12054,15,1319.7999999999995,4,865.2599999999998,swap,notBad
12055,15,1319.7999999999995,4,865.2599999999998,move,improve
12056,15,1319.7999999999995,4,865.2599999999998,swap,notBad
12057,15,1319.7999999999995,4,865.2599999999998,move,improve
12058,15,1319.7999999999995,4,865.2599999999998,2opt,notBad
12059,15,1319.7999999999995,4,865.2599999999998,2opt,notBad
12060,15,1319.7999999999995,4,865.2599999999998,swap,notBad
12061,15,1319.7999999999995,4,865.2599999999998,move,improve
12062,15,1319.7999999999995,4,865.2599999999998,swap,notBad
12063,15,1319.7999999999995,4,865.2599999999998,move,improve
12064,15,1319.7999999999995,4,865.2599999999998,swap,notBad
12065,15,1319.7999999999995,4,865.2599999999998,swap,notBad
12066,15,1319.7999999999995,4,865.2599999999998,move,improve
12067,15,1319.7999999999995,4,865.2599999999998,swap,notBad
12068,15,1319.7999999999995,4,865.2599999999998,2opt,notBad
12069,15,1319.7999999999995,4,865.2599999999998,2opt,notBad
12070,15,1319.7999999999995,4,865.2599999999998,2opt,notBad
12071,15,1319.7999999999995,4,865.2599999999998,2opt,improve
12072,15,1319.7999999999995,4,865.2599999999998,2opt,notBad
12073,15,1319.7999999999995,4,865.2599999999998,2opt,notBad
12074,15,1319.7999999999995,4,865.2599999999998,move,improve
12075,15,1319.7999999999995,4,865.2599999999998,2opt,notBad
12076,15,1319.7999999999995,4,865.2599999999998,move,improve
12077,15,1319.7999999999995,4,865.2599999999998,2opt,notBad
12078,15,1319.7999999999995,4,865.2599999999998,move,improve
12079,15,1319.7999999999995,4,865.2599999999998,2opt,notBad
12080,15,1319.7999999999995,4,865.2599999999998,swap,notBad
12081,15,1319.7999999999995,4,865.2599999999998,move,improve
12082,15,1319.7999999999995,4,865.2599999999998,move,improve
12083,15,1319.7999999999995,4,865.2599999999998,move,improve
12084,15,1319.7999999999995,4,865.2599999999998,move,improve
12085,15,1319.7999999999995,4,865.2599999999998,2opt,notBad
12086,15,1319.7999999999995,4,865.2599999999998,swap,notBad
12087,15,1319.7999999999995,4,865.2599999999998,swap,notBad
12088,15,1319.7999999999995,4,865.2599999999998,swap,notBad
12089,15,1319.7999999999995,4,865.2599999999998,swap,notBad
12090,15,1319.7999999999995,4,865.2599999999998,move,improve
12091,15,1319.7999999999995,4,865.2599999999998,2opt,notBad
12092,15,1319.7999999999995,4,865.2599999999998,2opt,notBad
12093,15,1319.7999999999995,4,865.2599999999998,2opt,notBad
12094,15,1319.7999999999995,4,865.2599999999998,swap,notBad
12095,15,1319.7999999999995,4,865.2599999999998,move,improve
12096,15,1319.7999999999995,4,865.2599999999998,move,improve
12097,15,1319.7999999999995,4,865.2599999999998,swap,notBad
12098,15,1319.7999999999995,4,865.2599999999998,swap,notBad
12099,15,1319.7999999999995,4,865.2599999999998,move,improve
12100,15,1319.7999999999995,4,865.2599999999998,2opt,notBad
12101,15,1319.7999999999995,4,865.2599999999998,swap,notBad
12102,15,1319.7999999999995,4,865.2599999999998,move,improve
12103,15,1319.7999999999995,4,865.2599999999998,2opt,notBad
12104,15,1319.7999999999995,4,865.2599999999998,swap,notBad
12105,15,1319.7999999999995,4,865.2599999999998,move,improve
12106,15,1319.7999999999995,4,865.2599999999998,move,improve
12107,15,1319.7999999999995,4,865.2599999999998,2opt,notBad
12108,15,1319.7999999999995,4,865.2599999999998,swap,notBad
12109,15,1319.7999999999995,4,865.2599999999998,swap,notBad
12110,15,1319.7999999999995,4,865.2599999999998,2opt,notBad
12111,15,1319.7999999999995,4,865.2599999999998,2opt,notBad
12112,15,1319.7999999999995,4,865.2599999999998,move,improve
12113,15,1319.7999999999995,4,865.2599999999998,2opt,notBad
12114,15,1319.7999999999995,4,865.2599999999998,2opt,notBad
12115,15,1319.7999999999995,4,865.2599999999998,move,improve
12116,15,1319.7999999999995,4,865.2599999999998,swap,notBad
12117,15,1319.7999999999995,4,865.2599999999998,swap,notBad
12118,15,1319.7999999999995,4,865.2599999999998,2opt,notBad
12119,15,1319.7999999999995,4,865.2599999999998,move,improve
12120,15,1319.7999999999995,4,865.2599999999998,swap,notBad
12121,15,1319.7999999999995,4,865.2599999999998,2opt,notBad
12122,15,1319.7999999999995,4,865.2599999999998,2opt,notBad
12123,15,1319.7999999999995,4,865.2599999999998,swap,notBad
12124,15,1319.7999999999995,4,865.2599999999998,move,improve
12125,15,1319.7999999999995,4,865.2599999999998,swap,notBad
12126,15,1319.7999999999995,4,865.2599999999998,2opt,notBad
12127,15,1319.7999999999995,4,865.2599999999998,2opt,notBad
12128,15,1319.7999999999995,4,865.2599999999998,move,improve
12129,15,1319.7999999999995,4,865.2599999999998,2opt,improve
12130,15,1319.7999999999995,4,865.2599999999998,move,improve
12131,15,1319.7999999999995,4,865.2599999999998,swap,notBad
12132,15,1319.7999999999995,4,865.2599999999998,move,improve
12133,15,1319.7999999999995,4,865.2599999999998,move,improve
12134,15,1319.7999999999995,4,865.2599999999998,move,improve
12135,15,1319.7999999999995,4,865.2599999999998,move,improve
12136,15,1319.7999999999995,4,865.2599999999998,move,improve
12137,15,1319.7999999999995,4,865.2599999999998,move,improve
12138,15,1319.7999999999995,4,865.2599999999998,move,improve
12139,15,1319.7999999999995,4,865.2599999999998,swap,notBad
12140,15,1319.7999999999995,4,865.2599999999998,swap,notBad
12141,15,1319.7999999999995,4,865.2599999999998,2opt,notBad
12142,15,1319.7999999999995,4,865.2599999999998,swap,notBad
12143,15,1319.7999999999995,4,865.2599999999998,move,improve
12144,15,1319.7999999999995,4,865.2599999999998,move,improve
12145,15,1319.7999999999995,4,865.2599999999998,2opt,notBad
12146,15,1319.7999999999995,4,865.2599999999998,2opt,notBad
12147,15,1319.7999999999995,4,865.2599999999998,2opt,notBad
12148,15,1319.7999999999995,4,865.2599999999998,2opt,notBad
12149,15,1319.7999999999995,4,865.2599999999998,move,improve
12150,15,1319.7999999999995,4,865.2599999999998,2opt,notBad
12151,15,1319.7999999999995,4,865.2599999999998,move,improve
12152,15,1319.7999999999995,4,865.2599999999998,2opt,notBad
12153,15,1319.7999999999995,4,865.2599999999998,2opt,notBad
12154,15,1319.7999999999995,4,865.2599999999998,swap,notBad
12155,15,1319.7999999999995,4,865.2599999999998,swap,notBad
12156,15,1319.7999999999995,4,865.2599999999998,move,improve
12157,15,1319.7999999999995,4,865.2599999999998,2opt,notBad
12158,15,1319.7999999999995,4,865.2599999999998,move,improve
12159,15,1319.7999999999995,4,865.2599999999998,move,improve
12160,15,1319.7999999999995,4,865.2599999999998,swap,notBad
12161,15,1319.7999999999995,4,865.2599999999998,2opt,notBad
12162,15,1319.7999999999995,4,865.2599999999998,move,improve
12163,15,1319.7999999999995,4,865.2599999999998,move,improve
12164,15,1319.7999999999995,4,865.2599999999998,2opt,notBad
12165,15,1319.7999999999995,4,865.2599999999998,move,improve
12166,15,1319.7999999999995,4,865.2599999999998,2opt,notBad
12167,15,1319.7999999999995,4,865.2599999999998,2opt,notBad
12168,15,1319.7999999999995,4,865.2599999999998,move,improve
12169,15,1319.7999999999995,4,865.2599999999998,2opt,notBad
12170,15,1319.7999999999995,4,865.2599999999998,swap,notBad
12171,15,1319.7999999999995,4,865.2599999999998,move,improve
12172,15,1319.7999999999995,4,865.2599999999998,move,improve
12173,15,1319.7999999999995,4,865.2599999999998,swap,notBad
12174,15,1319.7999999999995,4,865.2599999999998,move,improve
12175,15,1319.7999999999995,4,865.2599999999998,2opt,notBad
12176,15,1319.7999999999995,4,865.2599999999998,2opt,notBad
12177,15,1319.7999999999995,4,865.2599999999998,2opt,notBad
12178,15,1319.7999999999995,4,865.2599999999998,move,improve
12179,15,1319.7999999999995,4,865.2599999999998,move,improve
12180,15,1319.7999999999995,4,865.2599999999998,swap,notBad
12181,15,1319.7999999999995,4,865.2599999999998,2opt,notBad
12182,15,1319.7999999999995,4,865.2599999999998,2opt,notBad
12183,15,1319.7999999999995,4,865.2599999999998,move,improve
12184,15,1319.7999999999995,4,865.2599999999998,move,improve
12185,15,1319.7999999999995,4,865.2599999999998,2opt,improve
12186,15,1319.7999999999995,4,865.2599999999998,move,improve
12187,15,1319.7999999999995,4,865.2599999999998,swap,notBad
12188,15,1319.7999999999995,4,865.2599999999998,swap,notBad
12189,15,1319.7999999999995,4,865.2599999999998,2opt,notBad
12190,15,1319.7999999999995,4,865.2599999999998,swap,notBad
12191,15,1319.7999999999995,4,865.2599999999998,2opt,notBad
12192,15,1319.7999999999995,4,865.2599999999998,move,improve
12193,15,1319.7999999999995,4,865.2599999999998,swap,notBad
12194,15,1319.7999999999995,4,865.2599999999998,swap,notBad
12195,15,1319.7999999999995,4,865.2599999999998,2opt,notBad
12196,15,1319.7999999999995,4,865.2599999999998,move,improve
12197,15,1319.7999999999995,4,865.2599999999998,move,improve
12198,15,1319.7999999999995,4,865.2599999999998,swap,notBad
12199,15,1319.7999999999995,4,865.2599999999998,swap,notBad
12200,15,1319.7999999999995,4,865.2599999999998,swap,notBad
12201,15,1319.7999999999995,4,865.2599999999998,2opt,notBad
12202,15,1319.7999999999995,4,865.2599999999998,swap,notBad
12203,15,1319.7999999999995,4,865.2599999999998,move,improve
12204,15,1319.7999999999995,4,865.2599999999998,2opt,notBad
12205,15,1319.7999999999995,4,865.2599999999998,2opt,notBad
12206,15,1319.7999999999995,4,865.2599999999998,move,improve
12207,15,1319.7999999999995,4,865.2599999999998,swap,notBad
12208,15,1319.7999999999995,4,865.2599999999998,2opt,notBad
12209,15,1319.7999999999995,4,865.2599999999998,2opt,notBad
12210,15,1319.7999999999995,4,865.2599999999998,move,improve
12211,15,1319.7999999999995,4,865.2599999999998,swap,notBad
12212,15,1319.7999999999995,4,865.2599999999998,move,improve
12213,15,1319.7999999999995,4,865.2599999999998,swap,notBad
12214,15,1319.7999999999995,4,865.2599999999998,2opt,notBad
12215,15,1319.7999999999995,4,865.2599999999998,move,improve
12216,15,1319.7999999999995,4,865.2599999999998,swap,notBad
12217,15,1319.7999999999995,4,865.2599999999998,swap,notBad
12218,15,1319.7999999999995,4,865.2599999999998,swap,notBad
12219,15,1319.7999999999995,4,865.2599999999998,move,improve
12220,15,1319.7999999999995,4,865.2599999999998,move,improve
12221,15,1319.7999999999995,4,865.2599999999998,swap,notBad
12222,15,1319.7999999999995,4,865.2599999999998,swap,notBad
12223,15,1319.7999999999995,4,865.2599999999998,swap,notBad
12224,15,1319.7999999999995,4,865.2599999999998,swap,notBad
12225,15,1319.7999999999995,4,865.2599999999998,move,improve
12226,15,1319.7999999999995,4,865.2599999999998,2opt,notBad
12227,15,1319.7999999999995,4,865.2599999999998,2opt,notBad
12228,15,1319.7999999999995,4,865.2599999999998,move,improve
12229,15,1319.7999999999995,4,865.2599999999998,swap,notBad
12230,15,1319.7999999999995,4,865.2599999999998,swap,notBad
12231,15,1319.7999999999995,4,865.2599999999998,swap,notBad
12232,15,1319.7999999999995,4,865.2599999999998,swap,notBad
12233,15,1319.7999999999995,4,865.2599999999998,swap,notBad
12234,15,1319.7999999999995,4,865.2599999999998,2opt,notBad
12235,15,1319.7999999999995,4,865.2599999999998,swap,notBad
12236,15,1319.7999999999995,4,865.2599999999998,swap,notBad
12237,15,1319.7999999999995,4,865.2599999999998,move,notBad
12238,15,1319.7999999999995,4,865.2599999999998,swap,notBad
12239,15,1319.7999999999995,4,865.2599999999998,swap,notBad
12240,15,1319.7999999999995,4,865.2599999999998,2opt,notBad
12241,15,1319.7999999999995,4,865.2599999999998,swap,notBad
12242,15,1319.7999999999995,4,865.2599999999998,2opt,notBad
12243,15,1319.7999999999995,4,865.2599999999998,2opt,notBad
12244,15,1319.7999999999995,4,865.2599999999998,swap,notBad
12245,15,1319.7999999999995,4,865.2599999999998,swap,notBad
12246,15,1319.7999999999995,4,865.2599999999998,move,improve
12247,15,1319.7999999999995,4,865.2599999999998,swap,notBad
12248,15,1319.7999999999995,4,865.2599999999998,swap,notBad
12249,15,1319.7999999999995,4,865.2599999999998,swap,notBad
12250,15,1319.7999999999995,4,865.2599999999998,swap,notBad
12251,15,1319.7999999999995,4,865.2599999999998,swap,notBad
12252,15,1319.7999999999995,4,865.2599999999998,swap,notBad
12253,15,1319.7999999999995,4,865.2599999999998,move,improve
12254,15,1319.7999999999995,4,865.2599999999998,swap,notBad
12255,15,1319.7999999999995,4,865.2599999999998,swap,notBad
12256,15,1319.7999999999995,4,865.2599999999998,move,improve
12257,15,1319.7999999999995,4,865.2599999999998,move,improve
12258,15,1319.7999999999995,4,865.2599999999998,swap,notBad
12259,15,1319.7999999999995,4,865.2599999999998,2opt,notBad
12260,15,1319.7999999999995,4,865.2599999999998,move,improve
12261,15,1319.7999999999995,4,865.2599999999998,2opt,notBad
12262,15,1319.7999999999995,4,865.2599999999998,move,improve
12263,15,1319.7999999999995,4,865.2599999999998,move,improve
12264,15,1319.7999999999995,4,865.2599999999998,2opt,notBad
12265,15,1319.7999999999995,4,865.2599999999998,move,improve
12266,15,1319.7999999999995,4,865.2599999999998,move,improve
12267,15,1319.7999999999995,4,865.2599999999998,move,improve
12268,15,1319.7999999999995,4,865.2599999999998,move,improve
12269,15,1319.7999999999995,4,865.2599999999998,swap,notBad
12270,15,1319.7999999999995,4,865.2599999999998,swap,notBad
12271,15,1319.7999999999995,4,865.2599999999998,swap,notBad
12272,15,1319.7999999999995,4,865.2599999999998,2opt,improve
12273,15,1319.7999999999995,4,865.2599999999998,2opt,notBad
12274,15,1319.7999999999995,4,865.2599999999998,move,improve
12275,15,1319.7999999999995,4,865.2599999999998,swap,notBad
12276,15,1319.7999999999995,4,865.2599999999998,move,improve
12277,15,1319.7999999999995,4,865.2599999999998,2opt,notBad
12278,15,1319.7999999999995,4,865.2599999999998,2opt,notBad
12279,15,1319.7999999999995,4,865.2599999999998,2opt,notBad
12280,15,1319.7999999999995,4,865.2599999999998,move,improve
12281,15,1319.7999999999995,4,865.2599999999998,2opt,notBad
12282,15,1319.7999999999995,4,865.2599999999998,move,improve
12283,15,1319.7999999999995,4,865.2599999999998,swap,notBad
12284,15,1319.7999999999995,4,865.2599999999998,swap,notBad
12285,15,1319.7999999999995,4,865.2599999999998,2opt,notBad
12286,15,1319.7999999999995,4,865.2599999999998,move,improve
12287,15,1319.7999999999995,4,865.2599999999998,move,improve
12288,15,1319.7999999999995,4,865.2599999999998,move,improve
12289,15,1319.7999999999995,4,865.2599999999998,2opt,notBad
12290,15,1319.7999999999995,4,865.2599999999998,move,improve
12291,15,1319.7999999999995,4,865.2599999999998,2opt,notBad
12292,15,1319.7999999999995,4,865.2599999999998,swap,notBad
12293,15,1319.7999999999995,4,865.2599999999998,2opt,notBad
12294,15,1319.7999999999995,4,865.2599999999998,swap,notBad
12295,15,1319.7999999999995,4,865.2599999999998,swap,notBad
12296,15,1319.7999999999995,4,865.2599999999998,move,improve
12297,15,1319.7999999999995,4,865.2599999999998,2opt,notBad
12298,15,1319.7999999999995,4,865.2599999999998,swap,notBad
12299,15,1319.7999999999995,4,865.2599999999998,swap,notBad
12300,15,1319.7999999999995,4,865.2599999999998,2opt,notBad
12301,15,1319.7999999999995,4,865.2599999999998,move,improve
12302,15,1319.7999999999995,4,865.2599999999998,move,improve
12303,15,1319.7999999999995,4,865.2599999999998,swap,notBad
12304,15,1319.7999999999995,4,865.2599999999998,swap,notBad
12305,15,1319.7999999999995,4,865.2599999999998,move,improve
12306,15,1319.7999999999995,4,865.2599999999998,move,improve
12307,15,1319.7999999999995,4,865.2599999999998,move,improve
12308,15,1319.7999999999995,4,865.2599999999998,move,improve
12309,15,1319.7999999999995,4,865.2599999999998,swap,notBad
12310,15,1319.7999999999995,4,865.2599999999998,move,improve
12311,15,1319.7999999999995,4,865.2599999999998,swap,notBad
12312,15,1319.7999999999995,4,865.2599999999998,move,improve
12313,15,1319.7999999999995,4,865.2599999999998,swap,notBad
12314,15,1319.7999999999995,4,865.2599999999998,swap,notBad
12315,15,1319.7999999999995,4,865.2599999999998,swap,notBad
12316,15,1319.7999999999995,4,865.2599999999998,move,improve
12317,15,1319.7999999999995,4,865.2599999999998,2opt,notBad
12318,15,1319.7999999999995,4,865.2599999999998,2opt,notBad
12319,15,1319.7999999999995,4,865.2599999999998,2opt,notBad
12320,15,1319.7999999999995,4,865.2599999999998,2opt,notBad
12321,15,1319.7999999999995,4,865.2599999999998,2opt,notBad
12322,15,1319.7999999999995,4,865.2599999999998,move,improve
12323,15,1319.7999999999995,4,865.2599999999998,swap,notBad
12324,15,1319.7999999999995,4,865.2599999999998,swap,notBad
12325,15,1319.7999999999995,4,865.2599999999998,2opt,notBad
12326,15,1319.7999999999995,4,865.2599999999998,2opt,notBad
12327,15,1319.7999999999995,4,865.2599999999998,move,improve
12328,15,1319.7999999999995,4,865.2599999999998,2opt,notBad
12329,15,1319.7999999999995,4,865.2599999999998,2opt,notBad
12330,15,1319.7999999999995,4,865.2599999999998,2opt,notBad
12331,15,1319.7999999999995,4,865.2599999999998,move,improve
12332,15,1319.7999999999995,4,865.2599999999998,2opt,notBad
12333,15,1319.7999999999995,4,865.2599999999998,2opt,improve
12334,15,1319.7999999999995,4,865.2599999999998,move,notBad
12335,15,1319.7999999999995,4,865.2599999999998,move,improve
12336,15,1319.7999999999995,4,865.2599999999998,swap,notBad
12337,15,1319.7999999999995,4,865.2599999999998,move,improve
12338,15,1319.7999999999995,4,865.2599999999998,2opt,notBad
12339,15,1319.7999999999995,4,865.2599999999998,swap,notBad
12340,15,1319.7999999999995,4,865.2599999999998,swap,notBad
12341,15,1319.7999999999995,4,865.2599999999998,2opt,notBad
12342,15,1319.7999999999995,4,865.2599999999998,move,improve
12343,15,1319.7999999999995,4,865.2599999999998,2opt,notBad
12344,15,1319.7999999999995,4,865.2599999999998,move,improve
12345,15,1319.7999999999995,4,865.2599999999998,move,improve
12346,15,1319.7999999999995,4,865.2599999999998,2opt,notBad
12347,15,1319.7999999999995,4,865.2599999999998,2opt,notBad
12348,15,1319.7999999999995,4,865.2599999999998,swap,notBad
12349,15,1319.7999999999995,4,865.2599999999998,move,improve
12350,15,1319.7999999999995,4,865.2599999999998,2opt,notBad
12351,15,1319.7999999999995,4,865.2599999999998,swap,notBad
12352,15,1319.7999999999995,4,865.2599999999998,move,improve
12353,15,1319.7999999999995,4,865.2599999999998,move,improve
12354,15,1319.7999999999995,4,865.2599999999998,2opt,notBad
12355,15,1319.7999999999995,4,865.2599999999998,2opt,notBad
12356,15,1319.7999999999995,4,865.2599999999998,swap,notBad
12357,15,1319.7999999999995,4,865.2599999999998,swap,notBad
12358,15,1319.7999999999995,4,865.2599999999998,swap,notBad
12359,15,1319.7999999999995,4,865.2599999999998,swap,notBad
12360,15,1319.7999999999995,4,865.2599999999998,2opt,notBad
12361,15,1319.7999999999995,4,865.2599999999998,2opt,notBad
12362,15,1319.7999999999995,4,865.2599999999998,swap,notBad
12363,15,1319.7999999999995,4,865.2599999999998,move,improve
12364,15,1319.7999999999995,4,865.2599999999998,move,improve
12365,15,1319.7999999999995,4,865.2599999999998,2opt,notBad
12366,15,1319.7999999999995,4,865.2599999999998,swap,notBad
12367,15,1319.7999999999995,4,865.2599999999998,swap,notBad
12368,15,1319.7999999999995,4,865.2599999999998,move,improve
12369,15,1319.7999999999995,4,865.2599999999998,swap,notBad
12370,15,1319.7999999999995,4,865.2599999999998,2opt,notBad
12371,15,1319.7999999999995,4,865.2599999999998,2opt,notBad
12372,15,1319.7999999999995,4,865.2599999999998,swap,notBad
12373,15,1319.7999999999995,4,865.2599999999998,2opt,notBad
12374,15,1319.7999999999995,4,865.2599999999998,2opt,notBad
12375,15,1319.7999999999995,4,865.2599999999998,move,improve
12376,15,1319.7999999999995,4,865.2599999999998,move,improve
12377,15,1319.7999999999995,4,865.2599999999998,2opt,notBad
12378,15,1319.7999999999995,4,865.2599999999998,swap,notBad
12379,15,1319.7999999999995,4,865.2599999999998,swap,notBad
12380,15,1319.7999999999995,4,865.2599999999998,2opt,notBad
12381,15,1319.7999999999995,4,865.2599999999998,move,improve
12382,15,1319.7999999999995,4,865.2599999999998,2opt,notBad
12383,15,1319.7999999999995,4,865.2599999999998,swap,notBad
12384,15,1319.7999999999995,4,865.2599999999998,move,improve
12385,15,1319.7999999999995,4,865.2599999999998,move,improve
12386,15,1319.7999999999995,4,865.2599999999998,2opt,notBad
12387,15,1319.7999999999995,4,865.2599999999998,move,improve
12388,15,1319.7999999999995,4,865.2599999999998,2opt,notBad
12389,15,1319.7999999999995,4,865.2599999999998,swap,notBad
12390,15,1319.7999999999995,4,865.2599999999998,move,improve
12391,15,1319.7999999999995,4,865.2599999999998,2opt,notBad
12392,15,1319.7999999999995,4,865.2599999999998,move,improve
12393,15,1319.7999999999995,4,865.2599999999998,2opt,notBad
12394,15,1319.7999999999995,4,865.2599999999998,swap,notBad
12395,15,1319.7999999999995,4,865.2599999999998,2opt,notBad
12396,15,1319.7999999999995,4,865.2599999999998,move,improve
12397,15,1319.7999999999995,4,865.2599999999998,move,improve
12398,15,1319.7999999999995,4,865.2599999999998,swap,notBad
12399,15,1319.7999999999995,4,865.2599999999998,swap,notBad
12400,15,1319.7999999999995,4,865.2599999999998,swap,notBad
12401,15,1319.7999999999995,4,865.2599999999998,move,improve
12402,15,1319.7999999999995,4,865.2599999999998,2opt,notBad
12403,15,1319.7999999999995,4,865.2599999999998,2opt,notBad
12404,15,1319.7999999999995,4,865.2599999999998,swap,notBad
12405,15,1319.7999999999995,4,865.2599999999998,move,improve
12406,15,1319.7999999999995,4,865.2599999999998,swap,notBad
12407,15,1319.7999999999995,4,865.2599999999998,swap,notBad
12408,15,1321.2399999999996,4,865.2599999999998,swap,acceptBad
12409,15,1321.2399999999996,4,865.2599999999998,move,improve
12410,15,1321.2399999999996,4,865.2599999999998,move,improve
12411,15,1321.2399999999996,4,865.2599999999998,swap,notBad
12412,15,1321.2399999999996,4,865.2599999999998,2opt,improve
12413,15,1318.5599999999995,4,865.2599999999998,swap,improve
12414,15,1318.5599999999995,4,865.2599999999998,move,improve
12415,15,1318.5599999999995,4,865.2599999999998,swap,notBad
12416,15,1318.5599999999995,4,865.2599999999998,2opt,notBad
12417,15,1318.5599999999995,4,865.2599999999998,move,improve
12418,15,1318.5599999999995,4,865.2599999999998,2opt,notBad
12419,15,1318.5599999999995,4,865.2599999999998,2opt,notBad
12420,15,1318.5599999999995,4,865.2599999999998,swap,notBad
12421,15,1318.5599999999995,4,865.2599999999998,2opt,notBad
12422,15,1318.5599999999995,4,865.2599999999998,swap,notBad
12423,15,1318.5599999999995,4,865.2599999999998,swap,notBad
12424,15,1318.5599999999995,4,865.2599999999998,move,improve
12425,15,1318.5599999999995,4,865.2599999999998,move,improve
12426,15,1318.5599999999995,4,865.2599999999998,move,improve
12427,15,1318.5599999999995,4,865.2599999999998,2opt,notBad
12428,15,1318.5599999999995,4,865.2599999999998,swap,notBad
12429,15,1318.5599999999995,4,865.2599999999998,swap,notBad
12430,15,1318.5599999999995,4,865.2599999999998,move,improve
12431,15,1317.0799999999995,4,865.2599999999998,move,improve
12432,15,1317.0799999999995,4,865.2599999999998,2opt,notBad
12433,15,1317.0799999999995,4,865.2599999999998,move,improve
12434,15,1317.0799999999995,4,865.2599999999998,swap,notBad
12435,15,1317.0799999999995,4,865.2599999999998,swap,notBad
12436,15,1317.0799999999995,4,865.2599999999998,swap,notBad
12437,15,1317.0799999999995,4,865.2599999999998,2opt,notBad
12438,15,1317.0799999999995,4,865.2599999999998,2opt,notBad
12439,15,1317.0799999999995,4,865.2599999999998,swap,notBad
12440,15,1317.0799999999995,4,865.2599999999998,move,improve
12441,15,1317.0799999999995,4,865.2599999999998,2opt,notBad
12442,15,1317.0799999999995,4,865.2599999999998,move,improve
12443,15,1317.0799999999995,4,865.2599999999998,swap,notBad
12444,15,1317.0799999999995,4,865.2599999999998,swap,notBad
12445,15,1317.0799999999995,4,865.2599999999998,2opt,notBad
12446,15,1317.0799999999995,4,865.2599999999998,2opt,notBad
12447,15,1317.0799999999995,4,865.2599999999998,move,improve
12448,15,1317.0799999999995,4,865.2599999999998,2opt,notBad
12449,15,1317.0799999999995,4,865.2599999999998,2opt,notBad
12450,15,1317.0799999999995,4,865.2599999999998,2opt,notBad
12451,15,1317.0799999999995,4,865.2599999999998,move,improve
12452,15,1317.0799999999995,4,865.2599999999998,swap,notBad
12453,15,1317.0799999999995,4,865.2599999999998,swap,notBad
12454,15,1317.0799999999995,4,865.2599999999998,2opt,notBad
12455,15,1317.0799999999995,4,865.2599999999998,swap,notBad
12456,15,1317.0799999999995,4,865.2599999999998,2opt,notBad
12457,15,1317.0799999999995,4,865.2599999999998,swap,notBad
12458,15,1317.0799999999995,4,865.2599999999998,2opt,notBad
12459,15,1317.0799999999995,4,865.2599999999998,swap,notBad
12460,15,1317.0799999999995,4,865.2599999999998,2opt,notBad
12461,15,1317.0799999999995,4,865.2599999999998,swap,notBad
12462,15,1317.0799999999995,4,865.2599999999998,swap,notBad
12463,15,1317.0799999999995,4,865.2599999999998,swap,notBad
12464,15,1317.0799999999995,4,865.2599999999998,2opt,notBad
12465,15,1317.0799999999995,4,865.2599999999998,move,improve
12466,15,1317.0799999999995,4,865.2599999999998,move,improve
12467,15,1317.0799999999995,4,865.2599999999998,2opt,notBad
12468,15,1317.0799999999995,4,865.2599999999998,swap,notBad
12469,15,1317.0799999999995,4,865.2599999999998,move,improve
12470,15,1317.0799999999995,4,865.2599999999998,swap,notBad
12471,15,1317.0799999999995,4,865.2599999999998,2opt,notBad
12472,15,1317.0799999999995,4,865.2599999999998,2opt,notBad
12473,15,1317.0799999999995,4,865.2599999999998,swap,notBad
12474,15,1317.0799999999995,4,865.2599999999998,move,improve
12475,15,1317.0799999999995,4,865.2599999999998,move,improve
12476,15,1317.0799999999995,4,865.2599999999998,move,improve
12477,15,1317.0799999999995,4,865.2599999999998,swap,notBad
12478,15,1317.0799999999995,4,865.2599999999998,2opt,notBad
12479,15,1317.0799999999995,4,865.2599999999998,move,improve
12480,15,1317.0799999999995,4,865.2599999999998,move,improve
12481,15,1317.0799999999995,4,865.2599999999998,move,improve
12482,15,1317.0799999999995,4,865.2599999999998,swap,notBad
12483,15,1317.0799999999995,4,865.2599999999998,move,improve
12484,15,1317.0799999999995,4,865.2599999999998,2opt,notBad
12485,15,1317.0799999999995,4,865.2599999999998,move,improve
12486,15,1317.0799999999995,4,865.2599999999998,2opt,notBad
12487,15,1317.0799999999995,4,865.2599999999998,2opt,notBad
12488,15,1317.0799999999995,4,865.2599999999998,swap,notBad
12489,15,1317.0799999999995,4,865.2599999999998,swap,notBad
12490,15,1317.0799999999995,4,865.2599999999998,2opt,notBad
12491,15,1317.0799999999995,4,865.2599999999998,swap,notBad
12492,15,1317.0799999999995,4,865.2599999999998,2opt,notBad
12493,15,1317.0799999999995,4,865.2599999999998,2opt,notBad
12494,15,1317.0799999999995,4,865.2599999999998,move,improve
12495,15,1317.0799999999995,4,865.2599999999998,2opt,notBad
12496,15,1317.0799999999995,4,865.2599999999998,move,improve
12497,15,1317.0799999999995,4,865.2599999999998,swap,notBad
12498,15,1317.0799999999995,4,865.2599999999998,swap,notBad
12499,15,1317.0799999999995,4,865.2599999999998,move,improve
12500,15,1317.0799999999995,4,865.2599999999998,2opt,notBad
12501,15,1317.0799999999995,4,865.2599999999998,2opt,notBad
12502,15,1317.0799999999995,4,865.2599999999998,move,improve
12503,15,1317.0799999999995,4,865.2599999999998,2opt,notBad
12504,15,1317.0799999999995,4,865.2599999999998,2opt,notBad
12505,15,1317.0799999999995,4,865.2599999999998,move,improve
12506,15,1317.0799999999995,4,865.2599999999998,move,improve
12507,15,1317.0799999999995,4,865.2599999999998,move,improve
12508,15,1317.0799999999995,4,865.2599999999998,move,improve
12509,15,1317.0799999999995,4,865.2599999999998,move,improve
12510,15,1317.0799999999995,4,865.2599999999998,2opt,notBad
12511,15,1317.0799999999995,4,865.2599999999998,2opt,notBad
12512,15,1317.0799999999995,4,865.2599999999998,2opt,notBad
12513,15,1317.0799999999995,4,865.2599999999998,move,improve
12514,15,1317.0799999999995,4,865.2599999999998,2opt,notBad
12515,15,1317.0799999999995,4,865.2599999999998,swap,notBad
12516,15,1317.0799999999995,4,865.2599999999998,move,improve
12517,15,1317.0799999999995,4,865.2599999999998,swap,notBad
12518,15,1317.0799999999995,4,865.2599999999998,2opt,notBad
12519,15,1317.0799999999995,4,865.2599999999998,swap,notBad
12520,15,1317.0799999999995,4,865.2599999999998,swap,notBad
12521,15,1317.0799999999995,4,865.2599999999998,2opt,notBad
12522,15,1317.0799999999995,4,865.2599999999998,move,improve
12523,15,1317.0799999999995,4,865.2599999999998,swap,notBad
12524,15,1317.0799999999995,4,865.2599999999998,swap,notBad
12525,15,1317.0799999999995,4,865.2599999999998,move,improve
12526,15,1317.0799999999995,4,865.2599999999998,move,improve
12527,15,1317.0799999999995,4,865.2599999999998,swap,notBad
12528,15,1317.0799999999995,4,865.2599999999998,2opt,notBad
12529,15,1317.0799999999995,4,865.2599999999998,2opt,notBad
12530,15,1317.0799999999995,4,865.2599999999998,move,improve
12531,15,1317.0799999999995,4,865.2599999999998,swap,notBad
12532,15,1317.0799999999995,4,865.2599999999998,move,improve
12533,15,1317.0799999999995,4,865.2599999999998,move,improve
12534,15,1317.0799999999995,4,865.2599999999998,swap,notBad
12535,15,1317.0799999999995,4,865.2599999999998,move,improve
12536,15,1317.0799999999995,4,865.2599999999998,2opt,notBad
12537,15,1317.0799999999995,4,865.2599999999998,2opt,notBad
12538,15,1317.0799999999995,4,865.2599999999998,move,improve
12539,15,1317.0799999999995,4,865.2599999999998,move,improve
12540,15,1317.0799999999995,4,865.2599999999998,swap,notBad
12541,15,1317.0799999999995,4,865.2599999999998,swap,notBad
12542,15,1317.0799999999995,4,865.2599999999998,2opt,improve
12543,15,1317.0799999999995,4,865.2599999999998,move,improve
12544,15,1317.0799999999995,4,865.2599999999998,2opt,notBad
12545,15,1317.0799999999995,4,865.2599999999998,move,improve
12546,15,1317.0799999999995,4,865.2599999999998,move,improve
12547,15,1317.0799999999995,4,865.2599999999998,move,notBad
12548,15,1317.0799999999995,4,865.2599999999998,swap,notBad
12549,15,1317.0799999999995,4,865.2599999999998,swap,notBad
12550,15,1317.0799999999995,4,865.2599999999998,2opt,notBad
12551,15,1317.0799999999995,4,865.2599999999998,2opt,notBad
12552,15,1317.0799999999995,4,865.2599999999998,move,improve
12553,15,1317.0799999999995,4,865.2599999999998,swap,notBad
12554,15,1317.0799999999995,4,865.2599999999998,swap,notBad
12555,15,1317.0799999999995,4,865.2599999999998,swap,notBad
12556,15,1317.0799999999995,4,865.2599999999998,2opt,notBad
12557,15,1317.0799999999995,4,865.2599999999998,2opt,notBad
12558,15,1317.0799999999995,4,865.2599999999998,swap,notBad
12559,15,1317.0799999999995,4,865.2599999999998,2opt,improve
12560,15,1317.0799999999995,4,865.2599999999998,move,improve
12561,15,1317.0799999999995,4,865.2599999999998,2opt,notBad
12562,15,1317.0799999999995,4,865.2599999999998,move,improve
12563,15,1317.0799999999995,4,865.2599999999998,swap,notBad
12564,15,1317.0799999999995,4,865.2599999999998,move,improve
12565,15,1317.0799999999995,4,865.2599999999998,2opt,notBad
12566,15,1317.0799999999995,4,865.2599999999998,2opt,notBad
12567,15,1317.0799999999995,4,865.2599999999998,move,improve
12568,15,1317.0799999999995,4,865.2599999999998,move,improve
12569,15,1317.0799999999995,4,865.2599999999998,move,improve
12570,15,1317.0799999999995,4,865.2599999999998,swap,notBad
12571,15,1317.0799999999995,4,865.2599999999998,swap,notBad
12572,15,1317.0799999999995,4,865.2599999999998,swap,notBad
12573,15,1317.0799999999995,4,865.2599999999998,move,improve
12574,15,1317.0799999999995,4,865.2599999999998,move,improve
12575,15,1317.0799999999995,4,865.2599999999998,2opt,notBad
12576,15,1317.0799999999995,4,865.2599999999998,2opt,notBad
12577,15,1317.0799999999995,4,865.2599999999998,swap,notBad
12578,15,1317.0799999999995,4,865.2599999999998,swap,notBad
12579,15,1317.0799999999995,4,865.2599999999998,2opt,notBad
12580,15,1317.0799999999995,4,865.2599999999998,swap,notBad
12581,15,1317.0799999999995,4,865.2599999999998,swap,notBad
12582,15,1317.0799999999995,4,865.2599999999998,swap,notBad
12583,15,1317.0799999999995,4,865.2599999999998,move,improve
12584,15,1317.0799999999995,4,865.2599999999998,2opt,notBad
12585,15,1317.0799999999995,4,865.2599999999998,swap,notBad
12586,15,1317.0799999999995,4,865.2599999999998,move,improve
12587,15,1317.0799999999995,4,865.2599999999998,2opt,notBad
12588,15,1317.0799999999995,4,865.2599999999998,swap,notBad
12589,15,1317.0799999999995,4,865.2599999999998,move,improve
12590,15,1317.0799999999995,4,865.2599999999998,swap,notBad
12591,15,1317.0799999999995,4,865.2599999999998,2opt,notBad
12592,15,1317.0799999999995,4,865.2599999999998,2opt,improve
12593,15,1317.0799999999995,4,865.2599999999998,2opt,notBad
12594,15,1317.0799999999995,4,865.2599999999998,move,improve
12595,15,1317.0799999999995,4,865.2599999999998,move,improve
12596,15,1317.0799999999995,4,865.2599999999998,swap,notBad
12597,15,1317.0799999999995,4,865.2599999999998,2opt,notBad
12598,15,1317.0799999999995,4,865.2599999999998,2opt,notBad
12599,15,1317.0799999999995,4,865.2599999999998,move,improve
12600,15,1317.0799999999995,4,865.2599999999998,2opt,notBad
12601,15,1317.0799999999995,4,865.2599999999998,2opt,notBad
12602,15,1317.0799999999995,4,865.2599999999998,swap,notBad
12603,15,1317.0799999999995,4,865.2599999999998,move,improve
12604,15,1317.0799999999995,4,865.2599999999998,2opt,notBad
12605,15,1317.0799999999995,4,865.2599999999998,2opt,notBad
12606,15,1317.0799999999995,4,865.2599999999998,move,improve
12607,15,1317.0799999999995,4,865.2599999999998,swap,notBad
12608,15,1317.0799999999995,4,865.2599999999998,move,improve
12609,15,1317.0799999999995,4,865.2599999999998,move,improve
12610,15,1317.0799999999995,4,865.2599999999998,2opt,notBad
12611,15,1317.0799999999995,4,865.2599999999998,2opt,notBad
12612,15,1317.0799999999995,4,865.2599999999998,2opt,notBad
12613,15,1317.0799999999995,4,865.2599999999998,2opt,notBad
12614,15,1317.0799999999995,4,865.2599999999998,swap,notBad
12615,15,1317.0799999999995,4,865.2599999999998,2opt,notBad
12616,15,1317.0799999999995,4,865.2599999999998,move,improve
12617,15,1317.0799999999995,4,865.2599999999998,swap,notBad
12618,15,1317.0799999999995,4,865.2599999999998,2opt,notBad
12619,15,1317.0799999999995,4,865.2599999999998,move,improve
12620,15,1317.0799999999995,4,865.2599999999998,swap,notBad
12621,15,1317.0799999999995,4,865.2599999999998,move,improve
12622,15,1317.0799999999995,4,865.2599999999998,swap,notBad
12623,15,1317.0799999999995,4,865.2599999999998,move,improve
12624,15,1317.0799999999995,4,865.2599999999998,swap,notBad
12625,15,1317.0799999999995,4,865.2599999999998,swap,notBad
12626,15,1317.0799999999995,4,865.2599999999998,2opt,notBad
12627,15,1317.0799999999995,4,865.2599999999998,swap,notBad
12628,15,1317.0799999999995,4,865.2599999999998,2opt,notBad
12629,15,1317.0799999999995,4,865.2599999999998,move,improve
12630,15,1317.0799999999995,4,865.2599999999998,2opt,notBad
12631,15,1317.0799999999995,4,865.2599999999998,2opt,notBad
12632,15,1317.0799999999995,4,865.2599999999998,move,improve
12633,15,1317.0799999999995,4,865.2599999999998,2opt,notBad
12634,15,1317.0799999999995,4,865.2599999999998,swap,notBad
12635,15,1317.0799999999995,4,865.2599999999998,swap,notBad
12636,15,1317.0799999999995,4,865.2599999999998,move,improve
12637,15,1317.0799999999995,4,865.2599999999998,swap,notBad
12638,15,1317.0799999999995,4,865.2599999999998,swap,notBad
12639,15,1317.0799999999995,4,865.2599999999998,swap,notBad
12640,15,1317.0799999999995,4,865.2599999999998,2opt,notBad
12641,15,1317.0799999999995,4,865.2599999999998,swap,notBad
12642,15,1317.0799999999995,4,865.2599999999998,2opt,notBad
12643,15,1317.0799999999995,4,865.2599999999998,swap,notBad
12644,15,1317.0799999999995,4,865.2599999999998,move,improve
12645,15,1317.0799999999995,4,865.2599999999998,2opt,notBad
12646,15,1317.0799999999995,4,865.2599999999998,swap,notBad
12647,15,1317.0799999999995,4,865.2599999999998,2opt,notBad
12648,15,1317.0799999999995,4,865.2599999999998,2opt,notBad
12649,15,1317.0799999999995,4,865.2599999999998,swap,notBad
12650,15,1317.0799999999995,4,865.2599999999998,move,improve
12651,15,1317.0799999999995,4,865.2599999999998,swap,notBad
12652,15,1317.0799999999995,4,865.2599999999998,2opt,notBad
12653,15,1317.0799999999995,4,865.2599999999998,2opt,notBad
12654,15,1317.0799999999995,4,865.2599999999998,2opt,notBad
12655,15,1317.0799999999995,4,865.2599999999998,swap,notBad
12656,15,1317.0799999999995,4,865.2599999999998,2opt,notBad
12657,15,1317.0799999999995,4,865.2599999999998,2opt,notBad
12658,15,1317.0799999999995,4,865.2599999999998,2opt,notBad
12659,15,1317.0799999999995,4,865.2599999999998,swap,notBad
12660,15,1317.0799999999995,4,865.2599999999998,move,improve
12661,15,1317.0799999999995,4,865.2599999999998,move,improve
12662,15,1317.0799999999995,4,865.2599999999998,move,improve
12663,15,1317.0799999999995,4,865.2599999999998,move,improve
12664,15,1317.0799999999995,4,865.2599999999998,move,improve
12665,15,1317.0799999999995,4,865.2599999999998,move,improve
12666,15,1317.0799999999995,4,865.2599999999998,2opt,notBad
12667,15,1317.0799999999995,4,865.2599999999998,swap,notBad
12668,15,1317.0799999999995,4,865.2599999999998,swap,notBad
12669,15,1317.0799999999995,4,865.2599999999998,swap,notBad
12670,15,1317.0799999999995,4,865.2599999999998,move,improve
12671,15,1317.0799999999995,4,865.2599999999998,move,improve
12672,15,1317.0799999999995,4,865.2599999999998,swap,notBad
12673,15,1317.0799999999995,4,865.2599999999998,2opt,notBad
12674,15,1317.0799999999995,4,865.2599999999998,2opt,notBad
12675,15,1317.0799999999995,4,865.2599999999998,2opt,notBad
12676,15,1317.0799999999995,4,865.2599999999998,2opt,notBad
12677,15,1317.0799999999995,4,865.2599999999998,swap,notBad
12678,15,1317.0799999999995,4,865.2599999999998,swap,notBad
12679,15,1317.0799999999995,4,865.2599999999998,swap,notBad
12680,15,1317.0799999999995,4,865.2599999999998,2opt,notBad
12681,15,1317.0799999999995,4,865.2599999999998,2opt,notBad
12682,15,1317.0799999999995,4,865.2599999999998,2opt,notBad
12683,15,1317.0799999999995,4,865.2599999999998,2opt,notBad
12684,15,1317.0799999999995,4,865.2599999999998,2opt,notBad
12685,15,1317.0799999999995,4,865.2599999999998,move,improve
12686,15,1317.0799999999995,4,865.2599999999998,2opt,notBad
12687,15,1317.0799999999995,4,865.2599999999998,swap,notBad
12688,15,1317.0799999999995,4,865.2599999999998,swap,notBad
12689,15,1317.0799999999995,4,865.2599999999998,move,improve
12690,15,1317.0799999999995,4,865.2599999999998,move,improve
12691,15,1317.0799999999995,4,865.2599999999998,move,improve
12692,15,1317.0799999999995,4,865.2599999999998,move,improve
12693,15,1317.0799999999995,4,865.2599999999998,move,improve
12694,15,1317.0799999999995,4,865.2599999999998,swap,notBad
12695,15,1317.0799999999995,4,865.2599999999998,swap,notBad
12696,15,1317.0799999999995,4,865.2599999999998,swap,notBad
12697,15,1317.0799999999995,4,865.2599999999998,swap,notBad
12698,15,1317.0799999999995,4,865.2599999999998,2opt,notBad
12699,15,1317.0799999999995,4,865.2599999999998,2opt,notBad
12700,15,1317.0799999999995,4,865.2599999999998,2opt,notBad
12701,15,1317.0799999999995,4,865.2599999999998,2opt,notBad
12702,15,1317.0799999999995,4,865.2599999999998,2opt,notBad
12703,15,1317.0799999999995,4,865.2599999999998,move,improve
12704,15,1317.0799999999995,4,865.2599999999998,2opt,notBad
12705,15,1317.0799999999995,4,865.2599999999998,2opt,notBad
12706,15,1317.0799999999995,4,865.2599999999998,move,improve
12707,15,1317.0799999999995,4,865.2599999999998,2opt,notBad
12708,15,1317.0799999999995,4,865.2599999999998,swap,notBad
12709,15,1317.0799999999995,4,865.2599999999998,swap,notBad
12710,15,1317.0799999999995,4,865.2599999999998,swap,notBad
12711,15,1317.0799999999995,4,865.2599999999998,move,improve
12712,15,1317.0799999999995,4,865.2599999999998,2opt,notBad
12713,15,1317.0799999999995,4,865.2599999999998,move,improve
12714,15,1317.0799999999995,4,865.2599999999998,swap,notBad
12715,15,1317.0799999999995,4,865.2599999999998,swap,notBad
12716,15,1317.0799999999995,4,865.2599999999998,move,improve
12717,15,1317.0799999999995,4,865.2599999999998,swap,notBad
12718,15,1317.0799999999995,4,865.2599999999998,swap,notBad
12719,15,1317.0799999999995,4,865.2599999999998,move,improve
12720,15,1317.0799999999995,4,865.2599999999998,swap,notBad
12721,15,1317.0799999999995,4,865.2599999999998,swap,notBad
12722,15,1317.0799999999995,4,865.2599999999998,swap,notBad
12723,15,1317.0799999999995,4,865.2599999999998,move,improve
12724,15,1317.0799999999995,4,865.2599999999998,move,improve
12725,15,1317.0799999999995,4,865.2599999999998,move,improve
12726,15,1317.0799999999995,4,865.2599999999998,swap,notBad
12727,15,1317.0799999999995,4,865.2599999999998,move,improve
12728,15,1317.0799999999995,4,865.2599999999998,move,improve
12729,15,1317.0799999999995,4,865.2599999999998,2opt,notBad
12730,15,1317.0799999999995,4,865.2599999999998,move,improve
12731,15,1317.0799999999995,4,865.2599999999998,move,improve
12732,15,1317.0799999999995,4,865.2599999999998,2opt,notBad
12733,15,1317.0799999999995,4,865.2599999999998,swap,notBad
12734,15,1317.0799999999995,4,865.2599999999998,2opt,notBad
12735,15,1317.0799999999995,4,865.2599999999998,2opt,notBad
12736,15,1317.0799999999995,4,865.2599999999998,move,improve
12737,15,1317.0799999999995,4,865.2599999999998,swap,notBad
12738,15,1317.0799999999995,4,865.2599999999998,move,improve
12739,15,1317.0799999999995,4,865.2599999999998,swap,notBad
12740,15,1317.0799999999995,4,865.2599999999998,move,improve
12741,15,1317.0799999999995,4,865.2599999999998,swap,notBad
12742,15,1317.0799999999995,4,865.2599999999998,2opt,notBad
12743,15,1317.0799999999995,4,865.2599999999998,2opt,notBad
12744,15,1317.0799999999995,4,865.2599999999998,swap,notBad
12745,15,1317.0799999999995,4,865.2599999999998,swap,notBad
12746,15,1317.0799999999995,4,865.2599999999998,2opt,notBad
12747,15,1317.0799999999995,4,865.2599999999998,2opt,notBad
12748,15,1317.0799999999995,4,865.2599999999998,move,improve
12749,15,1317.0799999999995,4,865.2599999999998,2opt,notBad
12750,15,1317.0799999999995,4,865.2599999999998,swap,notBad
12751,15,1317.0799999999995,4,865.2599999999998,move,improve
12752,15,1317.0799999999995,4,865.2599999999998,move,improve
12753,15,1317.0799999999995,4,865.2599999999998,swap,notBad
12754,15,1317.0799999999995,4,865.2599999999998,move,improve
12755,15,1317.0799999999995,4,865.2599999999998,2opt,notBad
12756,15,1317.0799999999995,4,865.2599999999998,2opt,notBad
12757,15,1317.0799999999995,4,865.2599999999998,move,improve
12758,15,1317.0799999999995,4,865.2599999999998,swap,notBad
12759,15,1317.0799999999995,4,865.2599999999998,swap,notBad
12760,15,1317.0799999999995,4,865.2599999999998,2opt,notBad
12761,15,1317.0799999999995,4,865.2599999999998,move,improve
12762,15,1317.0799999999995,4,865.2599999999998,move,improve
12763,15,1317.0799999999995,4,865.2599999999998,move,improve
12764,15,1317.0799999999995,4,865.2599999999998,2opt,notBad
12765,15,1317.0799999999995,4,865.2599999999998,swap,notBad
12766,15,1317.0799999999995,4,865.2599999999998,2opt,notBad
12767,15,1317.0799999999995,4,865.2599999999998,swap,notBad
12768,15,1317.0799999999995,4,865.2599999999998,swap,notBad
12769,15,1317.0799999999995,4,865.2599999999998,move,improve
12770,15,1317.0799999999995,4,865.2599999999998,swap,notBad
12771,15,1317.0799999999995,4,865.2599999999998,swap,notBad
12772,15,1317.0799999999995,4,865.2599999999998,move,improve
12773,15,1317.0799999999995,4,865.2599999999998,2opt,notBad
12774,15,1317.0799999999995,4,865.2599999999998,swap,notBad
12775,15,1317.0799999999995,4,865.2599999999998,swap,notBad
12776,15,1317.0799999999995,4,865.2599999999998,move,improve
12777,15,1317.0799999999995,4,865.2599999999998,2opt,notBad
12778,15,1317.0799999999995,4,865.2599999999998,swap,notBad
12779,15,1317.0799999999995,4,865.2599999999998,2opt,notBad
12780,15,1317.0799999999995,4,865.2599999999998,move,improve
12781,15,1317.0799999999995,4,865.2599999999998,swap,notBad
12782,15,1317.0799999999995,4,865.2599999999998,move,improve
12783,15,1317.0799999999995,4,865.2599999999998,move,improve
12784,15,1317.0799999999995,4,865.2599999999998,2opt,notBad
12785,15,1317.0799999999995,4,865.2599999999998,swap,notBad
12786,15,1317.0799999999995,4,865.2599999999998,swap,notBad
12787,15,1317.0799999999995,4,865.2599999999998,move,improve
12788,15,1317.0799999999995,4,865.2599999999998,2opt,notBad
12789,15,1317.0799999999995,4,865.2599999999998,2opt,notBad
12790,15,1317.0799999999995,4,865.2599999999998,move,improve
12791,15,1317.0799999999995,4,865.2599999999998,2opt,improve
12792,15,1317.0799999999995,4,865.2599999999998,swap,notBad
12793,15,1317.0799999999995,4,865.2599999999998,2opt,notBad
12794,15,1317.0799999999995,4,865.2599999999998,swap,notBad
12795,15,1317.0799999999995,4,865.2599999999998,2opt,notBad
12796,15,1317.0799999999995,4,865.2599999999998,move,improve
12797,15,1317.0799999999995,4,865.2599999999998,swap,notBad
12798,15,1317.0799999999995,4,865.2599999999998,move,improve
12799,15,1317.0799999999995,4,865.2599999999998,swap,notBad
12800,15,1317.0799999999995,4,865.2599999999998,2opt,notBad
12801,15,1317.0799999999995,4,865.2599999999998,2opt,notBad
12802,15,1317.0799999999995,4,865.2599999999998,swap,notBad
12803,15,1317.0799999999995,4,865.2599999999998,swap,notBad
12804,15,1317.0799999999995,4,865.2599999999998,move,improve
12805,15,1317.0799999999995,4,865.2599999999998,swap,notBad
12806,15,1317.0799999999995,4,865.2599999999998,swap,notBad
12807,15,1317.0799999999995,4,865.2599999999998,2opt,notBad
12808,15,1317.0799999999995,4,865.2599999999998,swap,notBad
12809,15,1317.0799999999995,4,865.2599999999998,swap,notBad
12810,15,1317.0799999999995,4,865.2599999999998,move,improve
12811,15,1317.0799999999995,4,865.2599999999998,2opt,notBad
12812,15,1317.0799999999995,4,865.2599999999998,move,improve
12813,15,1317.0799999999995,4,865.2599999999998,swap,notBad
12814,15,1317.0799999999995,4,865.2599999999998,move,notBad
12815,15,1317.0799999999995,4,865.2599999999998,2opt,notBad
12816,15,1317.0799999999995,4,865.2599999999998,2opt,notBad
12817,15,1317.0799999999995,4,865.2599999999998,2opt,notBad
12818,15,1317.0799999999995,4,865.2599999999998,move,improve
12819,15,1317.0799999999995,4,865.2599999999998,2opt,improve
12820,15,1317.0799999999995,4,865.2599999999998,move,improve
12821,15,1317.0799999999995,4,865.2599999999998,2opt,notBad
12822,15,1317.0799999999995,4,865.2599999999998,2opt,notBad
12823,15,1317.0799999999995,4,865.2599999999998,swap,notBad
12824,15,1317.0799999999995,4,865.2599999999998,2opt,notBad
12825,15,1317.0799999999995,4,865.2599999999998,move,improve
12826,15,1317.0799999999995,4,865.2599999999998,move,improve
12827,15,1317.0799999999995,4,865.2599999999998,move,improve
12828,15,1317.0799999999995,4,865.2599999999998,2opt,notBad
12829,15,1317.0799999999995,4,865.2599999999998,move,improve
12830,15,1317.0799999999995,4,865.2599999999998,move,improve
12831,15,1317.0799999999995,4,865.2599999999998,2opt,notBad
12832,15,1317.0799999999995,4,865.2599999999998,2opt,notBad
12833,15,1317.0799999999995,4,865.2599999999998,2opt,notBad
12834,15,1317.0799999999995,4,865.2599999999998,2opt,notBad
12835,15,1317.0799999999995,4,865.2599999999998,move,improve
12836,15,1317.0799999999995,4,865.2599999999998,move,improve
12837,15,1317.0799999999995,4,865.2599999999998,2opt,notBad
12838,15,1317.0799999999995,4,865.2599999999998,2opt,notBad
12839,15,1317.0799999999995,4,865.2599999999998,move,improve
12840,15,1317.0799999999995,4,865.2599999999998,2opt,notBad
12841,15,1317.0799999999995,4,865.2599999999998,move,improve
12842,15,1317.0799999999995,4,865.2599999999998,swap,notBad
12843,15,1317.0799999999995,4,865.2599999999998,swap,notBad
12844,15,1317.0799999999995,4,865.2599999999998,swap,notBad
12845,15,1317.0799999999995,4,865.2599999999998,move,improve
12846,15,1317.0799999999995,4,865.2599999999998,move,improve
12847,15,1317.0799999999995,4,865.2599999999998,swap,notBad
12848,15,1317.0799999999995,4,865.2599999999998,swap,notBad
12849,15,1317.0799999999995,4,865.2599999999998,2opt,notBad
12850,15,1317.0799999999995,4,865.2599999999998,move,improve
12851,15,1317.0799999999995,4,865.2599999999998,swap,notBad
12852,15,1317.0799999999995,4,865.2599999999998,move,improve
12853,15,1317.0799999999995,4,865.2599999999998,move,improve
12854,15,1317.0799999999995,4,865.2599999999998,swap,notBad
12855,15,1317.0799999999995,4,865.2599999999998,move,improve
12856,15,1317.0799999999995,4,865.2599999999998,move,improve
12857,15,1317.0799999999995,4,865.2599999999998,move,improve
12858,15,1317.0799999999995,4,865.2599999999998,swap,notBad
12859,15,1317.0799999999995,4,865.2599999999998,move,improve
12860,15,1317.0799999999995,4,865.2599999999998,move,improve
12861,15,1317.0799999999995,4,865.2599999999998,2opt,notBad
12862,15,1317.0799999999995,4,865.2599999999998,move,improve
12863,15,1317.0799999999995,4,865.2599999999998,2opt,notBad
12864,15,1317.0799999999995,4,865.2599999999998,swap,notBad
12865,15,1317.0799999999995,4,865.2599999999998,move,improve
12866,15,1317.0799999999995,4,865.2599999999998,move,improve
12867,15,1317.0799999999995,4,865.2599999999998,swap,notBad
12868,15,1317.0799999999995,4,865.2599999999998,2opt,notBad
12869,15,1317.0799999999995,4,865.2599999999998,2opt,notBad
12870,15,1317.0799999999995,4,865.2599999999998,swap,notBad
12871,15,1317.0799999999995,4,865.2599999999998,swap,notBad
12872,15,1317.0799999999995,4,865.2599999999998,move,improve
12873,15,1317.0799999999995,4,865.2599999999998,swap,notBad
12874,15,1317.0799999999995,4,865.2599999999998,2opt,notBad
12875,15,1317.0799999999995,4,865.2599999999998,swap,notBad
12876,15,1317.0799999999995,4,865.2599999999998,move,improve
12877,15,1317.0799999999995,4,865.2599999999998,swap,notBad
12878,15,1317.0799999999995,4,865.2599999999998,move,improve
12879,15,1317.0799999999995,4,865.2599999999998,move,improve
12880,15,1317.0799999999995,4,865.2599999999998,swap,notBad
12881,15,1317.0799999999995,4,865.2599999999998,2opt,notBad
12882,15,1317.0799999999995,4,865.2599999999998,move,improve
12883,15,1317.0799999999995,4,865.2599999999998,move,improve
12884,15,1317.0799999999995,4,865.2599999999998,move,improve
12885,15,1317.0799999999995,4,865.2599999999998,move,improve
12886,15,1317.0799999999995,4,865.2599999999998,swap,notBad
12887,15,1317.0799999999995,4,865.2599999999998,swap,notBad
12888,15,1317.0799999999995,4,865.2599999999998,swap,notBad
12889,15,1317.0799999999995,4,865.2599999999998,swap,notBad
12890,15,1317.0799999999995,4,865.2599999999998,move,improve
12891,15,1317.0799999999995,4,865.2599999999998,move,improve
12892,15,1317.0799999999995,4,865.2599999999998,2opt,notBad
12893,15,1317.0799999999995,4,865.2599999999998,swap,notBad
12894,15,1317.0799999999995,4,865.2599999999998,swap,notBad
12895,15,1317.0799999999995,4,865.2599999999998,move,improve
12896,15,1317.0799999999995,4,865.2599999999998,swap,notBad
12897,15,1317.0799999999995,4,865.2599999999998,2opt,notBad
12898,15,1317.0799999999995,4,865.2599999999998,swap,notBad
12899,15,1317.0799999999995,4,865.2599999999998,2opt,notBad
12900,15,1317.0799999999995,4,865.2599999999998,move,improve
12901,15,1317.0799999999995,4,865.2599999999998,move,improve
12902,15,1317.0799999999995,4,865.2599999999998,swap,notBad
12903,15,1317.0799999999995,4,865.2599999999998,swap,notBad
12904,15,1317.0799999999995,4,865.2599999999998,2opt,notBad
12905,15,1317.0799999999995,4,865.2599999999998,swap,notBad
12906,15,1317.0799999999995,4,865.2599999999998,2opt,notBad
12907,15,1317.0799999999995,4,865.2599999999998,swap,notBad
12908,15,1317.0799999999995,4,865.2599999999998,move,improve
12909,15,1317.0799999999995,4,865.2599999999998,move,improve
12910,15,1317.0799999999995,4,865.2599999999998,swap,notBad
12911,15,1317.0799999999995,4,865.2599999999998,2opt,notBad
12912,15,1317.0799999999995,4,865.2599999999998,move,improve
12913,15,1317.0799999999995,4,865.2599999999998,swap,notBad
12914,15,1317.0799999999995,4,865.2599999999998,2opt,notBad
12915,15,1317.0799999999995,4,865.2599999999998,move,improve
12916,15,1317.0799999999995,4,865.2599999999998,move,improve
12917,15,1317.0799999999995,4,865.2599999999998,swap,notBad
12918,15,1317.0799999999995,4,865.2599999999998,swap,notBad
12919,15,1317.0799999999995,4,865.2599999999998,swap,notBad
12920,15,1317.0799999999995,4,865.2599999999998,2opt,notBad
12921,15,1317.0799999999995,4,865.2599999999998,swap,notBad
12922,15,1317.0799999999995,4,865.2599999999998,2opt,notBad
12923,15,1317.0799999999995,4,865.2599999999998,swap,notBad
12924,15,1317.0799999999995,4,865.2599999999998,swap,notBad
12925,15,1317.0799999999995,4,865.2599999999998,move,improve
12926,15,1317.0799999999995,4,865.2599999999998,swap,notBad
12927,15,1317.0799999999995,4,865.2599999999998,move,notBad
12928,15,1317.0799999999995,4,865.2599999999998,swap,notBad
12929,15,1317.0799999999995,4,865.2599999999998,move,notBad
12930,15,1317.0799999999995,4,865.2599999999998,move,improve
12931,15,1317.0799999999995,4,865.2599999999998,move,improve
12932,15,1317.0799999999995,4,865.2599999999998,move,improve
12933,15,1317.0799999999995,4,865.2599999999998,swap,notBad
12934,15,1317.0799999999995,4,865.2599999999998,move,improve
12935,15,1317.0799999999995,4,865.2599999999998,move,improve
12936,15,1317.0799999999995,4,865.2599999999998,2opt,notBad
12937,15,1317.0799999999995,4,865.2599999999998,2opt,notBad
12938,15,1317.0799999999995,4,865.2599999999998,2opt,notBad
12939,15,1317.0799999999995,4,865.2599999999998,swap,notBad
12940,15,1317.0799999999995,4,865.2599999999998,2opt,notBad
12941,15,1317.0799999999995,4,865.2599999999998,move,improve
12942,15,1317.0799999999995,4,865.2599999999998,2opt,notBad
12943,15,1317.0799999999995,4,865.2599999999998,swap,notBad
12944,15,1317.0799999999995,4,865.2599999999998,swap,notBad
12945,15,1317.0799999999995,4,865.2599999999998,swap,notBad
12946,15,1317.0799999999995,4,865.2599999999998,2opt,notBad
12947,15,1317.0799999999995,4,865.2599999999998,swap,notBad
12948,15,1317.0799999999995,4,865.2599999999998,2opt,notBad
12949,15,1317.0799999999995,4,865.2599999999998,swap,notBad
12950,15,1317.0799999999995,4,865.2599999999998,swap,notBad
12951,15,1317.0799999999995,4,865.2599999999998,2opt,notBad
12952,15,1317.0799999999995,4,865.2599999999998,2opt,notBad
12953,15,1317.0799999999995,4,865.2599999999998,2opt,notBad
12954,15,1317.0799999999995,4,865.2599999999998,2opt,notBad
12955,15,1317.0799999999995,4,865.2599999999998,2opt,notBad
12956,15,1317.0799999999995,4,865.2599999999998,2opt,notBad
12957,15,1317.0799999999995,4,865.2599999999998,2opt,notBad
12958,15,1317.0799999999995,4,865.2599999999998,2opt,notBad
12959,15,1317.0799999999995,4,865.2599999999998,2opt,notBad
12960,15,1317.0799999999995,4,865.2599999999998,move,improve
12961,15,1317.0799999999995,4,865.2599999999998,2opt,notBad
12962,15,1317.0799999999995,4,865.2599999999998,swap,notBad
12963,15,1317.0799999999995,4,865.2599999999998,swap,notBad
12964,15,1317.0799999999995,4,865.2599999999998,2opt,notBad
12965,15,1317.0799999999995,4,865.2599999999998,swap,notBad
12966,15,1317.0799999999995,4,865.2599999999998,swap,notBad
12967,15,1317.0799999999995,4,865.2599999999998,2opt,notBad
12968,15,1317.0799999999995,4,865.2599999999998,move,improve
12969,15,1317.0799999999995,4,865.2599999999998,2opt,notBad
12970,15,1317.0799999999995,4,865.2599999999998,move,improve
12971,15,1317.0799999999995,4,865.2599999999998,swap,notBad
12972,15,1317.0799999999995,4,865.2599999999998,move,improve
12973,15,1317.0799999999995,4,865.2599999999998,swap,notBad
12974,15,1317.0799999999995,4,865.2599999999998,2opt,notBad
12975,15,1317.0799999999995,4,865.2599999999998,2opt,notBad
12976,15,1317.0799999999995,4,865.2599999999998,swap,notBad
12977,15,1317.0799999999995,4,865.2599999999998,2opt,notBad
12978,15,1317.0799999999995,4,865.2599999999998,2opt,notBad
12979,15,1317.0799999999995,4,865.2599999999998,2opt,notBad
12980,15,1317.0799999999995,4,865.2599999999998,swap,notBad
12981,15,1317.0799999999995,4,865.2599999999998,move,improve
12982,15,1317.0799999999995,4,865.2599999999998,move,improve
12983,15,1317.0799999999995,4,865.2599999999998,swap,notBad
12984,15,1317.0799999999995,4,865.2599999999998,move,improve
12985,15,1317.0799999999995,4,865.2599999999998,move,improve
12986,15,1317.0799999999995,4,865.2599999999998,move,improve
12987,15,1317.0799999999995,4,865.2599999999998,2opt,notBad
12988,15,1317.0799999999995,4,865.2599999999998,2opt,notBad
12989,15,1317.0799999999995,4,865.2599999999998,move,improve
12990,15,1317.0799999999995,4,865.2599999999998,move,improve
12991,15,1317.0799999999995,4,865.2599999999998,2opt,notBad
12992,15,1317.0799999999995,4,865.2599999999998,2opt,notBad
12993,15,1317.0799999999995,4,865.2599999999998,2opt,notBad
12994,15,1317.0799999999995,4,865.2599999999998,move,improve
12995,15,1317.0799999999995,4,865.2599999999998,swap,notBad
12996,15,1317.0799999999995,4,865.2599999999998,move,improve
12997,15,1317.0799999999995,4,865.2599999999998,swap,notBad
12998,15,1317.0799999999995,4,865.2599999999998,move,improve
12999,15,1317.0799999999995,4,865.2599999999998,move,improve
13000,15,1317.0799999999995,4,865.2599999999998,move,improve
13001,15,1317.0799999999995,4,865.2599999999998,move,improve
13002,15,1317.0799999999995,4,865.2599999999998,move,improve
13003,15,1317.0799999999995,4,865.2599999999998,swap,notBad
13004,15,1317.0799999999995,4,865.2599999999998,move,improve
13005,15,1317.0799999999995,4,865.2599999999998,swap,notBad
13006,15,1317.0799999999995,4,865.2599999999998,2opt,notBad
13007,15,1317.0799999999995,4,865.2599999999998,2opt,notBad
13008,15,1317.0799999999995,4,865.2599999999998,move,improve
13009,15,1317.0799999999995,4,865.2599999999998,swap,notBad
13010,15,1317.0799999999995,4,865.2599999999998,move,improve
13011,15,1317.0799999999995,4,865.2599999999998,move,improve
13012,15,1317.0799999999995,4,865.2599999999998,swap,notBad
13013,15,1317.0799999999995,4,865.2599999999998,2opt,notBad
13014,15,1317.0799999999995,4,865.2599999999998,swap,notBad
13015,15,1317.0799999999995,4,865.2599999999998,2opt,notBad
13016,15,1317.0799999999995,4,865.2599999999998,swap,notBad
13017,15,1317.0799999999995,4,865.2599999999998,2opt,notBad
13018,15,1317.0799999999995,4,865.2599999999998,2opt,notBad
13019,15,1317.0799999999995,4,865.2599999999998,move,improve
13020,15,1317.0799999999995,4,865.2599999999998,swap,notBad
13021,15,1317.0799999999995,4,865.2599999999998,2opt,notBad
13022,15,1317.0799999999995,4,865.2599999999998,2opt,notBad
13023,15,1317.0799999999995,4,865.2599999999998,swap,notBad
13024,15,1317.0799999999995,4,865.2599999999998,2opt,notBad
13025,15,1317.0799999999995,4,865.2599999999998,2opt,notBad
13026,15,1317.0799999999995,4,865.2599999999998,move,improve
13027,15,1317.0799999999995,4,865.2599999999998,swap,notBad
13028,15,1317.0799999999995,4,865.2599999999998,swap,notBad
13029,15,1317.0799999999995,4,865.2599999999998,swap,notBad
13030,15,1317.0799999999995,4,865.2599999999998,swap,notBad
13031,15,1317.0799999999995,4,865.2599999999998,move,improve
13032,15,1317.0799999999995,4,865.2599999999998,swap,notBad
13033,15,1317.0799999999995,4,865.2599999999998,2opt,notBad
13034,15,1317.0799999999995,4,865.2599999999998,2opt,notBad
13035,15,1317.0799999999995,4,865.2599999999998,2opt,notBad
13036,15,1317.0799999999995,4,865.2599999999998,2opt,notBad
13037,15,1317.0799999999995,4,865.2599999999998,2opt,notBad
13038,15,1317.0799999999995,4,865.2599999999998,swap,notBad
13039,15,1317.0799999999995,4,865.2599999999998,2opt,notBad
13040,15,1317.0799999999995,4,865.2599999999998,move,improve
13041,15,1317.0799999999995,4,865.2599999999998,swap,notBad
13042,15,1317.0799999999995,4,865.2599999999998,2opt,notBad
13043,15,1317.0799999999995,4,865.2599999999998,move,improve
13044,15,1317.0799999999995,4,865.2599999999998,move,improve
13045,15,1317.0799999999995,4,865.2599999999998,2opt,notBad
13046,15,1317.0799999999995,4,865.2599999999998,move,improve
13047,15,1317.0799999999995,4,865.2599999999998,move,improve
13048,15,1317.0799999999995,4,865.2599999999998,swap,notBad
13049,15,1317.0799999999995,4,865.2599999999998,2opt,notBad
13050,15,1317.0799999999995,4,865.2599999999998,move,improve
13051,15,1317.0799999999995,4,865.2599999999998,move,improve
13052,15,1317.0799999999995,4,865.2599999999998,2opt,notBad
13053,15,1317.0799999999995,4,865.2599999999998,2opt,notBad
13054,15,1317.0799999999995,4,865.2599999999998,swap,notBad
13055,15,1317.0799999999995,4,865.2599999999998,2opt,notBad
13056,15,1317.0799999999995,4,865.2599999999998,move,notBad
13057,15,1317.0799999999995,4,865.2599999999998,move,improve
13058,15,1317.0799999999995,4,865.2599999999998,2opt,notBad
13059,15,1317.0799999999995,4,865.2599999999998,2opt,notBad
13060,15,1317.0799999999995,4,865.2599999999998,move,improve
13061,15,1317.0799999999995,4,865.2599999999998,2opt,notBad
13062,15,1317.0799999999995,4,865.2599999999998,move,improve
13063,15,1317.0799999999995,4,865.2599999999998,2opt,notBad
13064,15,1317.0799999999995,4,865.2599999999998,2opt,notBad
13065,15,1317.0799999999995,4,865.2599999999998,swap,notBad
13066,15,1317.0799999999995,4,865.2599999999998,2opt,notBad
13067,15,1317.0799999999995,4,865.2599999999998,move,improve
13068,15,1317.0799999999995,4,865.2599999999998,swap,notBad
13069,15,1317.0799999999995,4,865.2599999999998,2opt,notBad
13070,15,1317.0799999999995,4,865.2599999999998,swap,notBad
13071,15,1317.0799999999995,4,865.2599999999998,2opt,improve
13072,15,1317.0799999999995,4,865.2599999999998,swap,notBad
13073,15,1317.0799999999995,4,865.2599999999998,swap,notBad
13074,15,1317.0799999999995,4,865.2599999999998,2opt,notBad
13075,15,1317.0799999999995,4,865.2599999999998,swap,notBad
13076,15,1317.0799999999995,4,865.2599999999998,swap,notBad
13077,15,1317.0799999999995,4,865.2599999999998,move,improve
13078,15,1317.0799999999995,4,865.2599999999998,2opt,notBad
13079,15,1317.0799999999995,4,865.2599999999998,swap,notBad
13080,15,1317.0799999999995,4,865.2599999999998,swap,notBad
13081,15,1317.0799999999995,4,865.2599999999998,swap,notBad
13082,15,1317.0799999999995,4,865.2599999999998,swap,notBad
13083,15,1317.0799999999995,4,865.2599999999998,swap,notBad
13084,15,1317.0799999999995,4,865.2599999999998,swap,notBad
13085,15,1317.0799999999995,4,865.2599999999998,2opt,notBad
13086,15,1317.0799999999995,4,865.2599999999998,swap,notBad
13087,15,1317.0799999999995,4,865.2599999999998,2opt,notBad
13088,15,1317.0799999999995,4,865.2599999999998,2opt,notBad
13089,15,1317.0799999999995,4,865.2599999999998,2opt,notBad
13090,15,1317.0799999999995,4,865.2599999999998,move,improve
13091,15,1317.0799999999995,4,865.2599999999998,move,improve
13092,15,1317.0799999999995,4,865.2599999999998,2opt,notBad
13093,15,1317.0799999999995,4,865.2599999999998,move,improve
13094,15,1317.0799999999995,4,865.2599999999998,move,improve
13095,15,1317.0799999999995,4,865.2599999999998,move,improve
13096,15,1317.0799999999995,4,865.2599999999998,move,improve
13097,15,1317.0799999999995,4,865.2599999999998,2opt,notBad
13098,15,1317.0799999999995,4,865.2599999999998,2opt,notBad
13099,15,1317.0799999999995,4,865.2599999999998,move,improve
13100,15,1317.0799999999995,4,865.2599999999998,move,improve
13101,15,1317.0799999999995,4,865.2599999999998,swap,notBad
13102,15,1317.0799999999995,4,865.2599999999998,2opt,notBad
13103,15,1317.0799999999995,4,865.2599999999998,2opt,notBad
13104,15,1317.0799999999995,4,865.2599999999998,move,improve
13105,15,1317.0799999999995,4,865.2599999999998,2opt,notBad
13106,15,1317.0799999999995,4,865.2599999999998,move,improve
13107,15,1317.0799999999995,4,865.2599999999998,move,improve
13108,15,1317.0799999999995,4,865.2599999999998,move,improve
13109,15,1317.0799999999995,4,865.2599999999998,2opt,notBad
13110,15,1317.0799999999995,4,865.2599999999998,2opt,notBad
13111,15,1317.0799999999995,4,865.2599999999998,move,improve
13112,15,1317.0799999999995,4,865.2599999999998,swap,notBad
13113,15,1317.0799999999995,4,865.2599999999998,2opt,notBad
13114,15,1317.0799999999995,4,865.2599999999998,2opt,improve
13115,15,1317.0799999999995,4,865.2599999999998,swap,notBad
13116,15,1317.0799999999995,4,865.2599999999998,swap,notBad
13117,15,1317.0799999999995,4,865.2599999999998,move,improve
13118,15,1317.0799999999995,4,865.2599999999998,2opt,notBad
13119,15,1317.0799999999995,4,865.2599999999998,swap,notBad
13120,15,1317.0799999999995,4,865.2599999999998,swap,notBad
13121,15,1317.0799999999995,4,865.2599999999998,2opt,notBad
13122,15,1317.0799999999995,4,865.2599999999998,2opt,notBad
13123,15,1317.0799999999995,4,865.2599999999998,swap,notBad
13124,15,1317.0799999999995,4,865.2599999999998,2opt,notBad
13125,15,1317.0799999999995,4,865.2599999999998,move,improve
13126,15,1317.0799999999995,4,865.2599999999998,2opt,notBad
13127,15,1317.0799999999995,4,865.2599999999998,2opt,notBad
13128,15,1317.0799999999995,4,865.2599999999998,2opt,notBad
13129,15,1317.0799999999995,4,865.2599999999998,move,improve
13130,15,1317.0799999999995,4,865.2599999999998,swap,notBad
13131,15,1317.0799999999995,4,865.2599999999998,2opt,notBad
13132,15,1317.0799999999995,4,865.2599999999998,2opt,notBad
13133,15,1317.0799999999995,4,865.2599999999998,swap,notBad
13134,15,1317.0799999999995,4,865.2599999999998,move,improve
13135,15,1317.0799999999995,4,865.2599999999998,2opt,notBad
13136,15,1317.0799999999995,4,865.2599999999998,move,improve
13137,15,1319.0799999999995,4,865.2599999999998,swap,acceptBad
13138,15,1319.0799999999995,4,865.2599999999998,move,improve
13139,15,1319.0799999999995,4,865.2599999999998,2opt,notBad
13140,15,1319.0799999999995,4,865.2599999999998,move,improve
13141,15,1319.0799999999995,4,865.2599999999998,2opt,notBad
13142,15,1319.0799999999995,4,865.2599999999998,2opt,improve
13143,15,1319.0799999999995,4,865.2599999999998,move,improve
13144,15,1319.0799999999995,4,865.2599999999998,2opt,notBad
13145,15,1319.0799999999995,4,865.2599999999998,swap,notBad
13146,15,1319.0799999999995,4,865.2599999999998,move,improve
13147,15,1319.0799999999995,4,865.2599999999998,2opt,notBad
13148,15,1319.0799999999995,4,865.2599999999998,move,improve
13149,15,1319.0799999999995,4,865.2599999999998,move,improve
13150,15,1319.0799999999995,4,865.2599999999998,move,improve
13151,15,1319.0799999999995,4,865.2599999999998,2opt,notBad
13152,15,1319.0799999999995,4,865.2599999999998,swap,notBad
13153,15,1319.0799999999995,4,865.2599999999998,move,improve
13154,15,1319.0799999999995,4,865.2599999999998,2opt,notBad
13155,15,1319.0799999999995,4,865.2599999999998,move,improve
13156,15,1319.0799999999995,4,865.2599999999998,2opt,notBad
13157,15,1319.0799999999995,4,865.2599999999998,move,improve
13158,15,1319.0799999999995,4,865.2599999999998,2opt,notBad
13159,15,1319.0799999999995,4,865.2599999999998,2opt,notBad
13160,15,1319.0799999999995,4,865.2599999999998,2opt,notBad
13161,15,1319.0799999999995,4,865.2599999999998,2opt,notBad
13162,15,1319.0799999999995,4,865.2599999999998,swap,notBad
13163,15,1319.0799999999995,4,865.2599999999998,move,improve
13164,15,1319.0799999999995,4,865.2599999999998,2opt,improve
13165,15,1319.0799999999995,4,865.2599999999998,move,improve
13166,15,1319.0799999999995,4,865.2599999999998,move,improve
13167,15,1319.0799999999995,4,865.2599999999998,swap,notBad
13168,15,1319.0799999999995,4,865.2599999999998,2opt,notBad
13169,15,1319.0799999999995,4,865.2599999999998,swap,notBad
13170,15,1319.0799999999995,4,865.2599999999998,move,improve
13171,15,1319.0799999999995,4,865.2599999999998,2opt,notBad
13172,15,1319.0799999999995,4,865.2599999999998,swap,notBad
13173,15,1319.0799999999995,4,865.2599999999998,swap,notBad
13174,15,1319.0799999999995,4,865.2599999999998,move,improve
13175,15,1319.0799999999995,4,865.2599999999998,2opt,improve
13176,15,1319.0799999999995,4,865.2599999999998,move,improve
13177,15,1319.0799999999995,4,865.2599999999998,move,improve
13178,15,1319.0799999999995,4,865.2599999999998,move,improve
13179,15,1319.0799999999995,4,865.2599999999998,2opt,notBad
13180,15,1319.0799999999995,4,865.2599999999998,swap,notBad
13181,15,1319.0799999999995,4,865.2599999999998,swap,notBad
13182,15,1319.0799999999995,4,865.2599999999998,move,improve
13183,15,1319.0799999999995,4,865.2599999999998,move,improve
13184,15,1319.0799999999995,4,865.2599999999998,move,improve
13185,15,1319.0799999999995,4,865.2599999999998,move,improve
13186,15,1319.0799999999995,4,865.2599999999998,2opt,notBad
13187,15,1319.0799999999995,4,865.2599999999998,move,improve
13188,15,1319.0799999999995,4,865.2599999999998,swap,notBad
13189,15,1319.0799999999995,4,865.2599999999998,swap,notBad
13190,15,1319.0799999999995,4,865.2599999999998,move,improve
13191,15,1319.0799999999995,4,865.2599999999998,2opt,notBad
13192,15,1319.0799999999995,4,865.2599999999998,2opt,notBad
13193,15,1319.0799999999995,4,865.2599999999998,2opt,notBad
13194,15,1319.0799999999995,4,865.2599999999998,swap,notBad
13195,15,1319.0799999999995,4,865.2599999999998,2opt,notBad
13196,15,1319.0799999999995,4,865.2599999999998,2opt,notBad
13197,15,1319.0799999999995,4,865.2599999999998,move,improve
13198,15,1319.0799999999995,4,865.2599999999998,swap,notBad
13199,15,1319.0799999999995,4,865.2599999999998,2opt,notBad
13200,15,1317.1199999999994,4,865.2599999999998,move,improve
13201,15,1317.1199999999994,4,865.2599999999998,2opt,notBad
13202,15,1317.1199999999994,4,865.2599999999998,2opt,notBad
13203,15,1317.1199999999994,4,865.2599999999998,swap,notBad
13204,15,1317.1199999999994,4,865.2599999999998,move,improve
13205,15,1317.1199999999994,4,865.2599999999998,2opt,notBad
13206,15,1317.1199999999994,4,865.2599999999998,swap,notBad
13207,15,1317.1199999999994,4,865.2599999999998,swap,notBad
13208,15,1317.1199999999994,4,865.2599999999998,move,improve
13209,15,1317.1199999999994,4,865.2599999999998,move,improve
13210,15,1317.1199999999994,4,865.2599999999998,swap,notBad
13211,15,1317.1199999999994,4,865.2599999999998,move,improve
13212,15,1317.1199999999994,4,865.2599999999998,swap,notBad
13213,15,1317.1199999999994,4,865.2599999999998,swap,notBad
13214,15,1317.1199999999994,4,865.2599999999998,move,improve
13215,15,1317.1199999999994,4,865.2599999999998,2opt,notBad
13216,15,1317.1199999999994,4,865.2599999999998,2opt,notBad
13217,15,1317.1199999999994,4,865.2599999999998,move,improve
13218,15,1317.1199999999994,4,865.2599999999998,swap,notBad
13219,15,1317.1199999999994,4,865.2599999999998,move,improve
13220,15,1317.1199999999994,4,865.2599999999998,swap,notBad
13221,15,1317.1199999999994,4,865.2599999999998,swap,notBad
13222,15,1317.1199999999994,4,865.2599999999998,move,improve
13223,15,1317.1199999999994,4,865.2599999999998,2opt,notBad
13224,15,1317.1199999999994,4,865.2599999999998,2opt,notBad
13225,15,1317.1199999999994,4,865.2599999999998,2opt,notBad
13226,15,1317.1199999999994,4,865.2599999999998,2opt,notBad
13227,15,1317.1199999999994,4,865.2599999999998,swap,notBad
13228,15,1317.1199999999994,4,865.2599999999998,move,improve
13229,15,1317.1199999999994,4,865.2599999999998,move,improve
13230,15,1317.1199999999994,4,865.2599999999998,move,improve
13231,15,1317.1199999999994,4,865.2599999999998,move,improve
13232,15,1317.1199999999994,4,865.2599999999998,2opt,notBad
13233,15,1317.1199999999994,4,865.2599999999998,swap,notBad
13234,15,1317.1199999999994,4,865.2599999999998,swap,notBad
13235,15,1317.1199999999994,4,865.2599999999998,swap,notBad
13236,15,1317.1199999999994,4,865.2599999999998,move,improve
13237,15,1317.1199999999994,4,865.2599999999998,swap,notBad
13238,15,1317.1199999999994,4,865.2599999999998,2opt,notBad
13239,15,1317.1199999999994,4,865.2599999999998,move,improve
13240,15,1317.1199999999994,4,865.2599999999998,2opt,notBad
13241,15,1317.1199999999994,4,865.2599999999998,move,improve
13242,15,1317.1199999999994,4,865.2599999999998,2opt,notBad
13243,15,1317.1199999999994,4,865.2599999999998,move,improve
13244,15,1317.1199999999994,4,865.2599999999998,2opt,notBad
13245,15,1317.1199999999994,4,865.2599999999998,move,improve
13246,15,1317.1199999999994,4,865.2599999999998,swap,notBad
13247,15,1317.1199999999994,4,865.2599999999998,move,improve
13248,15,1317.1199999999994,4,865.2599999999998,2opt,notBad
13249,15,1317.1199999999994,4,865.2599999999998,move,improve
13250,15,1317.1199999999994,4,865.2599999999998,move,improve
13251,15,1317.1199999999994,4,865.2599999999998,swap,notBad
13252,15,1317.1199999999994,4,865.2599999999998,move,improve
13253,15,1317.1199999999994,4,865.2599999999998,swap,notBad
13254,15,1317.1199999999994,4,865.2599999999998,2opt,notBad
13255,15,1317.1199999999994,4,865.2599999999998,move,improve
13256,15,1317.1199999999994,4,865.2599999999998,swap,notBad
13257,15,1317.1199999999994,4,865.2599999999998,move,improve
13258,15,1317.1199999999994,4,865.2599999999998,move,improve
13259,15,1317.1199999999994,4,865.2599999999998,move,improve
13260,15,1317.1199999999994,4,865.2599999999998,swap,notBad
13261,15,1317.1199999999994,4,865.2599999999998,swap,notBad
13262,15,1317.1199999999994,4,865.2599999999998,swap,notBad
13263,15,1317.1199999999994,4,865.2599999999998,swap,notBad
13264,15,1317.1199999999994,4,865.2599999999998,2opt,notBad
13265,15,1317.1199999999994,4,865.2599999999998,swap,notBad
13266,15,1317.1199999999994,4,865.2599999999998,move,improve
13267,15,1317.1199999999994,4,865.2599999999998,swap,notBad
13268,15,1317.1199999999994,4,865.2599999999998,swap,notBad
13269,15,1317.1199999999994,4,865.2599999999998,swap,notBad
13270,15,1317.1199999999994,4,865.2599999999998,swap,notBad
13271,15,1317.1199999999994,4,865.2599999999998,2opt,notBad
13272,15,1317.1199999999994,4,865.2599999999998,2opt,notBad
13273,15,1317.1199999999994,4,865.2599999999998,swap,notBad
13274,15,1317.1199999999994,4,865.2599999999998,move,improve
13275,15,1317.1199999999994,4,865.2599999999998,move,improve
13276,15,1317.1199999999994,4,865.2599999999998,swap,notBad
13277,15,1317.1199999999994,4,865.2599999999998,swap,notBad
13278,15,1317.1199999999994,4,865.2599999999998,2opt,notBad
13279,15,1317.1199999999994,4,865.2599999999998,2opt,notBad
13280,15,1317.1199999999994,4,865.2599999999998,swap,notBad
13281,15,1317.1199999999994,4,865.2599999999998,2opt,notBad
13282,15,1317.1199999999994,4,865.2599999999998,2opt,improve
13283,15,1317.1199999999994,4,865.2599999999998,swap,notBad
13284,15,1317.1199999999994,4,865.2599999999998,swap,notBad
13285,15,1317.1199999999994,4,865.2599999999998,2opt,notBad
13286,15,1317.1199999999994,4,865.2599999999998,2opt,notBad
13287,15,1317.1199999999994,4,865.2599999999998,2opt,notBad
13288,15,1317.1199999999994,4,865.2599999999998,move,improve
13289,15,1317.1199999999994,4,865.2599999999998,2opt,notBad
13290,15,1317.1199999999994,4,865.2599999999998,swap,notBad
13291,15,1317.1199999999994,4,865.2599999999998,swap,notBad
13292,15,1317.1199999999994,4,865.2599999999998,swap,notBad
13293,15,1317.1199999999994,4,865.2599999999998,move,improve
13294,15,1317.1199999999994,4,865.2599999999998,move,improve
13295,15,1317.1199999999994,4,865.2599999999998,swap,notBad
13296,15,1317.1199999999994,4,865.2599999999998,2opt,notBad
13297,15,1317.1199999999994,4,865.2599999999998,2opt,notBad
13298,15,1317.1199999999994,4,865.2599999999998,move,improve
13299,15,1317.1199999999994,4,865.2599999999998,2opt,notBad
13300,15,1317.1199999999994,4,865.2599999999998,move,improve
13301,15,1317.1199999999994,4,865.2599999999998,2opt,notBad
13302,15,1317.1199999999994,4,865.2599999999998,move,improve
13303,15,1317.1199999999994,4,865.2599999999998,move,improve
13304,15,1317.1199999999994,4,865.2599999999998,swap,notBad
13305,15,1317.1199999999994,4,865.2599999999998,swap,notBad
13306,15,1317.1199999999994,4,865.2599999999998,swap,notBad
13307,15,1317.1199999999994,4,865.2599999999998,2opt,notBad
13308,15,1317.1199999999994,4,865.2599999999998,swap,notBad
13309,15,1317.1199999999994,4,865.2599999999998,swap,notBad
13310,15,1317.1199999999994,4,865.2599999999998,2opt,notBad
13311,15,1317.1199999999994,4,865.2599999999998,move,improve
13312,15,1317.1199999999994,4,865.2599999999998,2opt,notBad
13313,15,1317.1199999999994,4,865.2599999999998,2opt,notBad
13314,15,1317.1199999999994,4,865.2599999999998,2opt,notBad
13315,15,1317.1199999999994,4,865.2599999999998,swap,notBad
13316,15,1317.1199999999994,4,865.2599999999998,swap,notBad
13317,15,1317.1199999999994,4,865.2599999999998,swap,notBad
13318,15,1317.1199999999994,4,865.2599999999998,swap,notBad
13319,15,1317.1199999999994,4,865.2599999999998,swap,notBad
13320,15,1317.1199999999994,4,865.2599999999998,swap,notBad
13321,15,1317.1199999999994,4,865.2599999999998,2opt,notBad
13322,15,1317.1199999999994,4,865.2599999999998,swap,notBad
13323,15,1317.1199999999994,4,865.2599999999998,move,improve
13324,15,1317.1199999999994,4,865.2599999999998,move,improve
13325,15,1317.1199999999994,4,865.2599999999998,swap,notBad
13326,15,1317.1199999999994,4,865.2599999999998,2opt,notBad
13327,15,1317.1199999999994,4,865.2599999999998,move,improve
13328,15,1317.1199999999994,4,865.2599999999998,swap,notBad
13329,15,1317.1199999999994,4,865.2599999999998,2opt,notBad
13330,15,1317.1199999999994,4,865.2599999999998,swap,notBad
13331,15,1317.1199999999994,4,865.2599999999998,move,improve
13332,15,1317.1199999999994,4,865.2599999999998,move,improve
13333,15,1317.1199999999994,4,865.2599999999998,move,improve
13334,15,1317.1199999999994,4,865.2599999999998,2opt,notBad
13335,15,1317.1199999999994,4,865.2599999999998,move,improve
13336,15,1317.1199999999994,4,865.2599999999998,move,notBad
13337,15,1317.1199999999994,4,865.2599999999998,move,notBad
13338,15,1317.1199999999994,4,865.2599999999998,move,improve
13339,15,1317.1199999999994,4,865.2599999999998,move,improve
13340,15,1317.1199999999994,4,865.2599999999998,move,improve
13341,15,1317.1199999999994,4,865.2599999999998,move,improve
13342,15,1317.1199999999994,4,865.2599999999998,swap,notBad
13343,15,1317.1199999999994,4,865.2599999999998,swap,notBad
13344,15,1317.1199999999994,4,865.2599999999998,move,improve
13345,15,1317.1199999999994,4,865.2599999999998,move,improve
13346,15,1317.1199999999994,4,865.2599999999998,move,improve
13347,15,1317.1199999999994,4,865.2599999999998,move,improve
13348,15,1317.1199999999994,4,865.2599999999998,swap,notBad
13349,15,1317.1199999999994,4,865.2599999999998,swap,notBad
13350,15,1317.1199999999994,4,865.2599999999998,2opt,notBad
13351,15,1317.1199999999994,4,865.2599999999998,2opt,improve
13352,15,1317.1199999999994,4,865.2599999999998,swap,notBad
13353,15,1317.1199999999994,4,865.2599999999998,move,improve
13354,15,1317.1199999999994,4,865.2599999999998,swap,notBad
13355,15,1317.1199999999994,4,865.2599999999998,move,improve
13356,15,1317.1199999999994,4,865.2599999999998,swap,notBad
13357,15,1317.1199999999994,4,865.2599999999998,move,improve
13358,15,1317.1199999999994,4,865.2599999999998,swap,notBad
13359,15,1317.1199999999994,4,865.2599999999998,move,improve
13360,15,1317.1199999999994,4,865.2599999999998,swap,notBad
13361,15,1317.1199999999994,4,865.2599999999998,2opt,notBad
13362,15,1317.1199999999994,4,865.2599999999998,move,improve
13363,15,1317.1199999999994,4,865.2599999999998,move,improve
13364,15,1317.1199999999994,4,865.2599999999998,swap,notBad
13365,15,1317.1199999999994,4,865.2599999999998,swap,notBad
13366,15,1317.1199999999994,4,865.2599999999998,swap,notBad
13367,15,1317.1199999999994,4,865.2599999999998,swap,notBad
13368,15,1317.1199999999994,4,865.2599999999998,move,improve
13369,15,1317.1199999999994,4,865.2599999999998,swap,notBad
13370,15,1317.1199999999994,4,865.2599999999998,2opt,notBad
13371,15,1317.1199999999994,4,865.2599999999998,move,improve
13372,15,1317.1199999999994,4,865.2599999999998,2opt,notBad
13373,15,1317.1199999999994,4,865.2599999999998,move,improve
13374,15,1317.1199999999994,4,865.2599999999998,swap,notBad
13375,15,1317.1199999999994,4,865.2599999999998,swap,notBad
13376,15,1317.1199999999994,4,865.2599999999998,move,improve
13377,15,1317.1199999999994,4,865.2599999999998,2opt,notBad
13378,15,1317.1199999999994,4,865.2599999999998,swap,notBad
13379,15,1317.1199999999994,4,865.2599999999998,2opt,notBad
13380,15,1317.1199999999994,4,865.2599999999998,2opt,notBad
13381,15,1317.1199999999994,4,865.2599999999998,swap,notBad
13382,15,1317.1199999999994,4,865.2599999999998,swap,notBad
13383,15,1317.1199999999994,4,865.2599999999998,move,improve
13384,15,1317.1199999999994,4,865.2599999999998,2opt,notBad
13385,15,1317.1199999999994,4,865.2599999999998,swap,notBad
13386,15,1317.1199999999994,4,865.2599999999998,2opt,notBad
13387,15,1317.1199999999994,4,865.2599999999998,2opt,notBad
13388,15,1317.1199999999994,4,865.2599999999998,swap,notBad
13389,15,1317.1199999999994,4,865.2599999999998,swap,notBad
13390,15,1317.1199999999994,4,865.2599999999998,move,improve
13391,15,1317.1199999999994,4,865.2599999999998,swap,notBad
13392,15,1317.1199999999994,4,865.2599999999998,swap,notBad
13393,15,1317.1199999999994,4,865.2599999999998,move,improve
13394,15,1317.1199999999994,4,865.2599999999998,move,improve
13395,15,1317.1199999999994,4,865.2599999999998,swap,notBad
13396,15,1317.1199999999994,4,865.2599999999998,move,improve
13397,15,1317.1199999999994,4,865.2599999999998,swap,notBad
13398,15,1317.1199999999994,4,865.2599999999998,move,improve
13399,15,1317.1199999999994,4,865.2599999999998,move,improve
13400,15,1317.1199999999994,4,865.2599999999998,move,improve
13401,15,1317.1199999999994,4,865.2599999999998,2opt,notBad
13402,15,1317.1199999999994,4,865.2599999999998,swap,notBad
13403,15,1317.1199999999994,4,865.2599999999998,2opt,notBad
13404,15,1317.1199999999994,4,865.2599999999998,swap,notBad
13405,15,1317.1199999999994,4,865.2599999999998,swap,notBad
13406,15,1317.1199999999994,4,865.2599999999998,2opt,notBad
13407,15,1317.1199999999994,4,865.2599999999998,swap,notBad
13408,15,1317.1199999999994,4,865.2599999999998,swap,notBad
13409,15,1317.1199999999994,4,865.2599999999998,move,improve
13410,15,1317.1199999999994,4,865.2599999999998,move,improve
13411,15,1317.1199999999994,4,865.2599999999998,2opt,notBad
13412,15,1317.1199999999994,4,865.2599999999998,swap,notBad
13413,15,1317.1199999999994,4,865.2599999999998,2opt,notBad
13414,15,1317.1199999999994,4,865.2599999999998,swap,notBad
13415,15,1317.1199999999994,4,865.2599999999998,2opt,notBad
13416,15,1317.1199999999994,4,865.2599999999998,swap,notBad
13417,15,1317.1199999999994,4,865.2599999999998,move,improve
13418,15,1317.1199999999994,4,865.2599999999998,swap,notBad
13419,15,1317.1199999999994,4,865.2599999999998,swap,notBad
13420,15,1317.1199999999994,4,865.2599999999998,swap,notBad
13421,15,1317.1199999999994,4,865.2599999999998,swap,notBad
13422,15,1317.1199999999994,4,865.2599999999998,move,improve
13423,15,1317.1199999999994,4,865.2599999999998,swap,notBad
13424,15,1317.1199999999994,4,865.2599999999998,swap,notBad
13425,15,1317.1199999999994,4,865.2599999999998,move,improve
13426,15,1317.1199999999994,4,865.2599999999998,2opt,notBad
13427,15,1317.1199999999994,4,865.2599999999998,swap,notBad
13428,15,1317.1199999999994,4,865.2599999999998,2opt,notBad
13429,15,1317.1199999999994,4,865.2599999999998,2opt,notBad
13430,15,1317.1199999999994,4,865.2599999999998,move,improve
13431,15,1317.1199999999994,4,865.2599999999998,swap,notBad
13432,15,1317.1199999999994,4,865.2599999999998,move,improve
13433,15,1317.1199999999994,4,865.2599999999998,2opt,notBad
13434,15,1317.1199999999994,4,865.2599999999998,2opt,notBad
13435,15,1317.1199999999994,4,865.2599999999998,move,improve
13436,15,1317.1199999999994,4,865.2599999999998,swap,notBad
13437,15,1317.1199999999994,4,865.2599999999998,move,improve
13438,15,1317.1199999999994,4,865.2599999999998,swap,notBad
13439,15,1317.1199999999994,4,865.2599999999998,swap,notBad
13440,15,1317.1199999999994,4,865.2599999999998,2opt,notBad
13441,15,1317.1199999999994,4,865.2599999999998,swap,notBad
13442,15,1317.1199999999994,4,865.2599999999998,swap,notBad
13443,15,1317.1199999999994,4,865.2599999999998,2opt,notBad
13444,15,1317.1199999999994,4,865.2599999999998,move,improve
13445,15,1317.1199999999994,4,865.2599999999998,move,improve
13446,15,1317.1199999999994,4,865.2599999999998,move,improve
13447,15,1317.1199999999994,4,865.2599999999998,2opt,notBad
13448,15,1317.1199999999994,4,865.2599999999998,move,improve
13449,15,1317.1199999999994,4,865.2599999999998,move,improve
13450,15,1317.1199999999994,4,865.2599999999998,2opt,notBad
13451,15,1317.1199999999994,4,865.2599999999998,move,improve
13452,15,1317.1199999999994,4,865.2599999999998,move,improve
13453,15,1317.1199999999994,4,865.2599999999998,move,improve
13454,15,1317.1199999999994,4,865.2599999999998,2opt,notBad
13455,15,1317.1199999999994,4,865.2599999999998,move,improve
13456,15,1317.1199999999994,4,865.2599999999998,move,improve
13457,15,1317.1199999999994,4,865.2599999999998,2opt,notBad
13458,15,1317.1199999999994,4,865.2599999999998,move,improve
13459,15,1317.1199999999994,4,865.2599999999998,swap,notBad
13460,15,1317.1199999999994,4,865.2599999999998,move,improve
13461,15,1317.1199999999994,4,865.2599999999998,swap,notBad
13462,15,1317.1199999999994,4,865.2599999999998,2opt,notBad
13463,15,1317.1199999999994,4,865.2599999999998,2opt,notBad
13464,15,1317.1199999999994,4,865.2599999999998,2opt,notBad
13465,15,1317.1199999999994,4,865.2599999999998,move,improve
13466,15,1317.1199999999994,4,865.2599999999998,swap,notBad
13467,15,1317.1199999999994,4,865.2599999999998,2opt,notBad
13468,15,1317.1199999999994,4,865.2599999999998,2opt,notBad
13469,15,1317.1199999999994,4,865.2599999999998,2opt,notBad
13470,15,1317.1199999999994,4,865.2599999999998,swap,notBad
13471,15,1317.1199999999994,4,865.2599999999998,swap,notBad
13472,15,1317.1199999999994,4,865.2599999999998,2opt,notBad
13473,15,1317.1199999999994,4,865.2599999999998,move,improve
13474,15,1317.1199999999994,4,865.2599999999998,move,improve
13475,15,1317.1199999999994,4,865.2599999999998,2opt,notBad
13476,15,1317.1199999999994,4,865.2599999999998,2opt,notBad
13477,15,1317.1199999999994,4,865.2599999999998,swap,notBad
13478,15,1317.1199999999994,4,865.2599999999998,move,improve
13479,15,1317.1199999999994,4,865.2599999999998,swap,notBad
13480,15,1317.1199999999994,4,865.2599999999998,2opt,notBad
13481,15,1317.1199999999994,4,865.2599999999998,swap,notBad
13482,15,1317.1199999999994,4,865.2599999999998,move,improve
13483,15,1317.1199999999994,4,865.2599999999998,move,improve
13484,15,1317.1199999999994,4,865.2599999999998,move,improve
13485,15,1317.1199999999994,4,865.2599999999998,move,improve
13486,15,1317.1199999999994,4,865.2599999999998,swap,notBad
13487,15,1317.1199999999994,4,865.2599999999998,swap,notBad
13488,15,1317.1199999999994,4,865.2599999999998,move,improve
13489,15,1317.1199999999994,4,865.2599999999998,move,improve
13490,15,1317.1199999999994,4,865.2599999999998,2opt,notBad
13491,15,1317.1199999999994,4,865.2599999999998,swap,notBad
13492,15,1317.1199999999994,4,865.2599999999998,2opt,notBad
13493,15,1317.1199999999994,4,865.2599999999998,swap,notBad
13494,15,1317.1199999999994,4,865.2599999999998,move,improve
13495,15,1317.1199999999994,4,865.2599999999998,move,improve
13496,15,1317.1199999999994,4,865.2599999999998,2opt,notBad
13497,15,1317.1199999999994,4,865.2599999999998,2opt,notBad
13498,15,1317.1199999999994,4,865.2599999999998,2opt,notBad
13499,15,1317.1199999999994,4,865.2599999999998,swap,notBad
13500,15,1317.1199999999994,4,865.2599999999998,swap,notBad
13501,15,1317.1199999999994,4,865.2599999999998,move,improve
13502,15,1317.1199999999994,4,865.2599999999998,2opt,notBad
13503,15,1317.1199999999994,4,865.2599999999998,swap,notBad
13504,15,1317.1199999999994,4,865.2599999999998,2opt,notBad
13505,15,1317.1199999999994,4,865.2599999999998,2opt,notBad
13506,15,1317.1199999999994,4,865.2599999999998,move,improve
13507,15,1317.1199999999994,4,865.2599999999998,2opt,improve
13508,15,1317.1199999999994,4,865.2599999999998,move,improve
13509,15,1317.1199999999994,4,865.2599999999998,swap,notBad
13510,15,1317.1199999999994,4,865.2599999999998,2opt,notBad
13511,15,1317.1199999999994,4,865.2599999999998,swap,notBad
13512,15,1317.1199999999994,4,865.2599999999998,2opt,notBad
13513,15,1317.1199999999994,4,865.2599999999998,2opt,notBad
13514,15,1317.1199999999994,4,865.2599999999998,2opt,notBad
13515,15,1317.1199999999994,4,865.2599999999998,move,improve
13516,15,1317.1199999999994,4,865.2599999999998,swap,notBad
13517,15,1317.1199999999994,4,865.2599999999998,swap,notBad
13518,15,1317.1199999999994,4,865.2599999999998,swap,notBad
13519,15,1317.1199999999994,4,865.2599999999998,2opt,notBad
13520,15,1317.1199999999994,4,865.2599999999998,2opt,notBad
13521,15,1317.1199999999994,4,865.2599999999998,2opt,notBad
13522,15,1317.1199999999994,4,865.2599999999998,2opt,notBad
13523,15,1317.1199999999994,4,865.2599999999998,swap,notBad
13524,15,1317.1199999999994,4,865.2599999999998,move,improve
13525,15,1317.1199999999994,4,865.2599999999998,2opt,notBad
13526,15,1317.1199999999994,4,865.2599999999998,2opt,notBad
13527,15,1317.1199999999994,4,865.2599999999998,move,improve
13528,15,1317.1199999999994,4,865.2599999999998,move,improve
13529,15,1317.1199999999994,4,865.2599999999998,move,improve
13530,15,1317.1199999999994,4,865.2599999999998,2opt,notBad
13531,15,1317.1199999999994,4,865.2599999999998,swap,notBad
13532,15,1317.1199999999994,4,865.2599999999998,swap,notBad
13533,15,1317.1199999999994,4,865.2599999999998,move,improve
13534,15,1317.1199999999994,4,865.2599999999998,swap,notBad
13535,15,1317.1199999999994,4,865.2599999999998,move,improve
13536,15,1317.1199999999994,4,865.2599999999998,swap,notBad
13537,15,1317.1199999999994,4,865.2599999999998,move,improve
13538,15,1317.1199999999994,4,865.2599999999998,move,improve
13539,15,1317.1199999999994,4,865.2599999999998,swap,notBad
13540,15,1317.1199999999994,4,865.2599999999998,swap,notBad
13541,15,1317.1199999999994,4,865.2599999999998,2opt,notBad
13542,15,1317.1199999999994,4,865.2599999999998,move,improve
13543,15,1317.1199999999994,4,865.2599999999998,swap,notBad
13544,15,1317.1199999999994,4,865.2599999999998,swap,notBad
13545,15,1317.1199999999994,4,865.2599999999998,swap,notBad
13546,15,1317.1199999999994,4,865.2599999999998,swap,notBad
13547,15,1317.1199999999994,4,865.2599999999998,swap,notBad
13548,15,1317.1199999999994,4,865.2599999999998,2opt,notBad
13549,15,1317.1199999999994,4,865.2599999999998,swap,notBad
13550,15,1317.1199999999994,4,865.2599999999998,swap,notBad
13551,15,1317.1199999999994,4,865.2599999999998,swap,notBad
13552,15,1317.1199999999994,4,865.2599999999998,swap,notBad
13553,15,1317.1199999999994,4,865.2599999999998,move,improve
13554,15,1317.1199999999994,4,865.2599999999998,swap,notBad
13555,15,1317.1199999999994,4,865.2599999999998,2opt,notBad
13556,15,1317.1199999999994,4,865.2599999999998,swap,notBad
13557,15,1317.1199999999994,4,865.2599999999998,swap,notBad
13558,15,1317.1199999999994,4,865.2599999999998,2opt,notBad
13559,15,1317.1199999999994,4,865.2599999999998,swap,notBad
13560,15,1317.1199999999994,4,865.2599999999998,swap,notBad
13561,15,1317.1199999999994,4,865.2599999999998,move,improve
13562,15,1317.1199999999994,4,865.2599999999998,swap,notBad
13563,15,1317.1199999999994,4,865.2599999999998,swap,notBad
13564,15,1317.1199999999994,4,865.2599999999998,2opt,notBad
13565,15,1317.1199999999994,4,865.2599999999998,swap,notBad
13566,15,1317.1199999999994,4,865.2599999999998,2opt,notBad
13567,15,1317.1199999999994,4,865.2599999999998,swap,notBad
13568,15,1317.1199999999994,4,865.2599999999998,swap,notBad
13569,15,1317.1199999999994,4,865.2599999999998,2opt,notBad
13570,15,1317.1199999999994,4,865.2599999999998,move,improve
13571,15,1317.1199999999994,4,865.2599999999998,move,improve
13572,15,1317.1199999999994,4,865.2599999999998,swap,notBad
13573,15,1317.1199999999994,4,865.2599999999998,swap,notBad
13574,15,1317.1199999999994,4,865.2599999999998,move,improve
13575,15,1317.1199999999994,4,865.2599999999998,swap,notBad
13576,15,1317.1199999999994,4,865.2599999999998,2opt,notBad
13577,15,1317.1199999999994,4,865.2599999999998,swap,notBad
13578,15,1317.1199999999994,4,865.2599999999998,move,improve
13579,15,1317.1199999999994,4,865.2599999999998,2opt,notBad
13580,15,1317.1199999999994,4,865.2599999999998,move,improve
13581,15,1317.1199999999994,4,865.2599999999998,2opt,notBad
13582,15,1317.1199999999994,4,865.2599999999998,2opt,improve
13583,15,1317.1199999999994,4,865.2599999999998,2opt,notBad
13584,15,1317.1199999999994,4,865.2599999999998,swap,notBad
13585,15,1317.1199999999994,4,865.2599999999998,move,improve
13586,15,1317.1199999999994,4,865.2599999999998,swap,notBad
13587,15,1317.1199999999994,4,865.2599999999998,swap,notBad
13588,15,1317.1199999999994,4,865.2599999999998,move,improve
13589,15,1317.1199999999994,4,865.2599999999998,swap,notBad
13590,15,1317.1199999999994,4,865.2599999999998,2opt,notBad
13591,15,1317.1199999999994,4,865.2599999999998,swap,notBad
13592,15,1317.1199999999994,4,865.2599999999998,swap,notBad
13593,15,1317.1199999999994,4,865.2599999999998,swap,notBad
13594,15,1317.1199999999994,4,865.2599999999998,swap,notBad
13595,15,1317.1199999999994,4,865.2599999999998,2opt,notBad
13596,15,1317.1199999999994,4,865.2599999999998,move,improve
13597,15,1317.1199999999994,4,865.2599999999998,2opt,notBad
13598,15,1317.1199999999994,4,865.2599999999998,2opt,notBad
13599,15,1317.1199999999994,4,865.2599999999998,swap,notBad
13600,15,1317.1199999999994,4,865.2599999999998,swap,notBad
13601,15,1317.1199999999994,4,865.2599999999998,move,improve
13602,15,1317.1199999999994,4,865.2599999999998,2opt,notBad
13603,15,1317.1199999999994,4,865.2599999999998,swap,notBad
13604,15,1317.1199999999994,4,865.2599999999998,move,improve
13605,15,1317.1199999999994,4,865.2599999999998,swap,notBad
13606,15,1317.1199999999994,4,865.2599999999998,2opt,notBad
13607,15,1317.1199999999994,4,865.2599999999998,2opt,notBad
13608,15,1317.1199999999994,4,865.2599999999998,2opt,notBad
13609,15,1317.1199999999994,4,865.2599999999998,2opt,notBad
13610,15,1317.1199999999994,4,865.2599999999998,swap,notBad
13611,15,1317.1199999999994,4,865.2599999999998,swap,notBad
13612,15,1317.1199999999994,4,865.2599999999998,move,improve
13613,15,1317.1199999999994,4,865.2599999999998,move,improve
13614,15,1317.1199999999994,4,865.2599999999998,swap,notBad
13615,15,1317.1199999999994,4,865.2599999999998,move,improve
13616,15,1317.1199999999994,4,865.2599999999998,swap,notBad
13617,15,1317.1199999999994,4,865.2599999999998,move,improve
13618,15,1317.1199999999994,4,865.2599999999998,move,improve
13619,15,1317.1199999999994,4,865.2599999999998,2opt,notBad
13620,15,1317.1199999999994,4,865.2599999999998,move,improve
13621,15,1317.1199999999994,4,865.2599999999998,move,improve
13622,15,1317.1199999999994,4,865.2599999999998,swap,notBad
13623,15,1317.1199999999994,4,865.2599999999998,2opt,notBad
13624,15,1317.1199999999994,4,865.2599999999998,swap,notBad
13625,15,1317.1199999999994,4,865.2599999999998,swap,notBad
13626,15,1317.1199999999994,4,865.2599999999998,swap,notBad
13627,15,1317.1199999999994,4,865.2599999999998,swap,notBad
13628,15,1317.1199999999994,4,865.2599999999998,move,improve
13629,15,1317.1199999999994,4,865.2599999999998,move,improve
13630,15,1317.1199999999994,4,865.2599999999998,swap,notBad
13631,15,1317.1199999999994,4,865.2599999999998,swap,notBad
13632,15,1317.1199999999994,4,865.2599999999998,move,improve
13633,15,1317.1199999999994,4,865.2599999999998,swap,notBad
13634,15,1317.1199999999994,4,865.2599999999998,swap,notBad
13635,15,1317.1199999999994,4,865.2599999999998,2opt,notBad
13636,15,1317.1199999999994,4,865.2599999999998,move,improve
13637,15,1317.1199999999994,4,865.2599999999998,2opt,notBad
13638,15,1317.1199999999994,4,865.2599999999998,2opt,notBad
13639,15,1317.1199999999994,4,865.2599999999998,2opt,notBad
13640,15,1317.1199999999994,4,865.2599999999998,swap,notBad
13641,15,1317.1199999999994,4,865.2599999999998,2opt,notBad
13642,15,1317.1199999999994,4,865.2599999999998,swap,notBad
13643,15,1317.1199999999994,4,865.2599999999998,2opt,notBad
13644,15,1317.1199999999994,4,865.2599999999998,swap,notBad
13645,15,1317.1199999999994,4,865.2599999999998,2opt,notBad
13646,15,1317.1199999999994,4,865.2599999999998,swap,notBad
13647,15,1317.1199999999994,4,865.2599999999998,swap,notBad
13648,15,1317.1199999999994,4,865.2599999999998,2opt,notBad
13649,15,1317.1199999999994,4,865.2599999999998,swap,notBad
13650,15,1317.1199999999994,4,865.2599999999998,swap,notBad
13651,15,1317.1199999999994,4,865.2599999999998,swap,notBad
13652,15,1317.1199999999994,4,865.2599999999998,swap,notBad
13653,15,1317.1199999999994,4,865.2599999999998,2opt,notBad
13654,15,1317.1199999999994,4,865.2599999999998,move,improve
13655,15,1317.1199999999994,4,865.2599999999998,move,improve
13656,15,1317.1199999999994,4,865.2599999999998,move,improve
13657,15,1317.1199999999994,4,865.2599999999998,2opt,improve
13658,15,1317.1199999999994,4,865.2599999999998,2opt,notBad
13659,15,1317.1199999999994,4,865.2599999999998,move,improve
13660,15,1317.1199999999994,4,865.2599999999998,move,improve
13661,15,1317.1199999999994,4,865.2599999999998,swap,notBad
13662,15,1317.1199999999994,4,865.2599999999998,move,improve
13663,15,1317.1199999999994,4,865.2599999999998,swap,notBad
13664,15,1317.1199999999994,4,865.2599999999998,2opt,notBad
13665,15,1317.1199999999994,4,865.2599999999998,swap,notBad
13666,15,1317.1199999999994,4,865.2599999999998,move,improve
13667,15,1317.1199999999994,4,865.2599999999998,move,improve
13668,15,1317.1199999999994,4,865.2599999999998,2opt,notBad
13669,15,1317.1199999999994,4,865.2599999999998,2opt,notBad
13670,15,1317.1199999999994,4,865.2599999999998,move,improve
13671,15,1317.1199999999994,4,865.2599999999998,swap,notBad
13672,15,1317.1199999999994,4,865.2599999999998,2opt,notBad
13673,15,1317.1199999999994,4,865.2599999999998,move,improve
13674,15,1317.1199999999994,4,865.2599999999998,2opt,notBad
13675,15,1317.1199999999994,4,865.2599999999998,2opt,notBad
13676,15,1317.1199999999994,4,865.2599999999998,2opt,notBad
13677,15,1317.1199999999994,4,865.2599999999998,2opt,notBad
13678,15,1317.1199999999994,4,865.2599999999998,swap,notBad
13679,15,1317.1199999999994,4,865.2599999999998,2opt,notBad
13680,15,1317.1199999999994,4,865.2599999999998,move,improve
13681,15,1317.1199999999994,4,865.2599999999998,swap,notBad
13682,15,1317.1199999999994,4,865.2599999999998,swap,notBad
13683,15,1317.1199999999994,4,865.2599999999998,swap,notBad
13684,15,1317.1199999999994,4,865.2599999999998,2opt,notBad
13685,15,1317.1199999999994,4,865.2599999999998,2opt,notBad
13686,15,1317.1199999999994,4,865.2599999999998,2opt,notBad
13687,15,1317.1199999999994,4,865.2599999999998,2opt,notBad
13688,15,1317.1199999999994,4,865.2599999999998,move,improve
13689,15,1317.1199999999994,4,865.2599999999998,2opt,notBad
13690,15,1317.1199999999994,4,865.2599999999998,2opt,notBad
13691,15,1317.1199999999994,4,865.2599999999998,swap,notBad
13692,15,1317.1199999999994,4,865.2599999999998,2opt,notBad
13693,15,1317.1199999999994,4,865.2599999999998,2opt,notBad
13694,15,1317.1199999999994,4,865.2599999999998,2opt,notBad
13695,15,1317.1199999999994,4,865.2599999999998,swap,notBad
13696,15,1317.1199999999994,4,865.2599999999998,2opt,notBad
13697,15,1317.1199999999994,4,865.2599999999998,swap,notBad
13698,15,1317.1199999999994,4,865.2599999999998,2opt,notBad
13699,15,1317.1199999999994,4,865.2599999999998,move,improve
13700,15,1317.1199999999994,4,865.2599999999998,swap,notBad
13701,15,1317.1199999999994,4,865.2599999999998,swap,notBad
13702,15,1317.1199999999994,4,865.2599999999998,swap,notBad
13703,15,1317.1199999999994,4,865.2599999999998,move,improve
13704,15,1317.1199999999994,4,865.2599999999998,move,improve
13705,15,1317.1199999999994,4,865.2599999999998,2opt,notBad
13706,15,1317.1199999999994,4,865.2599999999998,move,improve
13707,15,1317.1199999999994,4,865.2599999999998,swap,notBad
13708,15,1317.1199999999994,4,865.2599999999998,move,improve
13709,15,1317.1199999999994,4,865.2599999999998,swap,notBad
13710,15,1317.1199999999994,4,865.2599999999998,move,improve
13711,15,1317.1199999999994,4,865.2599999999998,swap,notBad
13712,15,1317.1199999999994,4,865.2599999999998,move,improve
13713,15,1317.1199999999994,4,865.2599999999998,swap,notBad
13714,15,1317.1199999999994,4,865.2599999999998,swap,notBad
13715,15,1317.1199999999994,4,865.2599999999998,2opt,notBad
13716,15,1317.1199999999994,4,865.2599999999998,move,improve
13717,15,1317.1199999999994,4,865.2599999999998,2opt,notBad
13718,15,1317.1199999999994,4,865.2599999999998,swap,notBad
13719,15,1317.1199999999994,4,865.2599999999998,move,improve
13720,15,1317.1199999999994,4,865.2599999999998,2opt,notBad
13721,15,1317.1199999999994,4,865.2599999999998,swap,notBad
13722,15,1317.1199999999994,4,865.2599999999998,swap,notBad
13723,15,1317.1199999999994,4,865.2599999999998,move,improve
13724,15,1317.1199999999994,4,865.2599999999998,move,improve
13725,15,1317.1199999999994,4,865.2599999999998,2opt,notBad
13726,15,1317.1199999999994,4,865.2599999999998,swap,notBad
13727,15,1317.1199999999994,4,865.2599999999998,swap,notBad
13728,15,1317.1199999999994,4,865.2599999999998,move,improve
13729,15,1317.1199999999994,4,865.2599999999998,swap,notBad
13730,15,1317.1199999999994,4,865.2599999999998,swap,notBad
13731,15,1317.1199999999994,4,865.2599999999998,move,improve
13732,15,1317.1199999999994,4,865.2599999999998,move,improve
13733,15,1317.1199999999994,4,865.2599999999998,swap,notBad
13734,15,1317.1199999999994,4,865.2599999999998,2opt,notBad
13735,15,1317.1199999999994,4,865.2599999999998,swap,notBad
13736,15,1317.1199999999994,4,865.2599999999998,2opt,notBad
13737,15,1317.1199999999994,4,865.2599999999998,swap,notBad
13738,15,1317.1199999999994,4,865.2599999999998,swap,notBad
13739,15,1317.1199999999994,4,865.2599999999998,2opt,notBad
13740,15,1317.1199999999994,4,865.2599999999998,swap,notBad
13741,15,1317.1199999999994,4,865.2599999999998,swap,notBad
13742,15,1317.1199999999994,4,865.2599999999998,move,improve
13743,15,1317.1199999999994,4,865.2599999999998,2opt,notBad
13744,15,1317.1199999999994,4,865.2599999999998,swap,notBad
13745,15,1317.1199999999994,4,865.2599999999998,swap,notBad
13746,15,1317.1199999999994,4,865.2599999999998,swap,notBad
13747,15,1317.1199999999994,4,865.2599999999998,swap,notBad
13748,15,1317.1199999999994,4,865.2599999999998,move,improve
13749,15,1317.1199999999994,4,865.2599999999998,swap,notBad
13750,15,1317.1199999999994,4,865.2599999999998,2opt,notBad
13751,15,1317.1199999999994,4,865.2599999999998,move,improve
13752,15,1317.1199999999994,4,865.2599999999998,swap,notBad
13753,15,1317.1199999999994,4,865.2599999999998,2opt,notBad
13754,15,1317.1199999999994,4,865.2599999999998,move,improve
13755,15,1317.1199999999994,4,865.2599999999998,move,improve
13756,15,1317.1199999999994,4,865.2599999999998,move,improve
13757,15,1317.1199999999994,4,865.2599999999998,swap,notBad
13758,15,1317.1199999999994,4,865.2599999999998,swap,notBad
13759,15,1317.1199999999994,4,865.2599999999998,swap,notBad
13760,15,1317.1199999999994,4,865.2599999999998,move,improve
13761,15,1317.1199999999994,4,865.2599999999998,swap,notBad
13762,15,1317.1199999999994,4,865.2599999999998,move,improve
13763,15,1317.1199999999994,4,865.2599999999998,2opt,notBad
13764,15,1317.1199999999994,4,865.2599999999998,move,improve
13765,15,1317.1199999999994,4,865.2599999999998,move,improve
13766,15,1317.1199999999994,4,865.2599999999998,2opt,notBad
13767,15,1317.1199999999994,4,865.2599999999998,2opt,notBad
13768,15,1317.1199999999994,4,865.2599999999998,move,improve
13769,15,1317.1199999999994,4,865.2599999999998,move,improve
13770,15,1317.1199999999994,4,865.2599999999998,move,improve
13771,15,1317.1199999999994,4,865.2599999999998,move,improve
13772,15,1317.1199999999994,4,865.2599999999998,2opt,notBad
13773,15,1317.1199999999994,4,865.2599999999998,2opt,notBad
13774,15,1317.1199999999994,4,865.2599999999998,move,improve
13775,15,1317.1199999999994,4,865.2599999999998,2opt,notBad
13776,15,1317.1199999999994,4,865.2599999999998,swap,notBad
13777,15,1317.1199999999994,4,865.2599999999998,2opt,notBad
13778,15,1317.1199999999994,4,865.2599999999998,move,improve
13779,15,1317.1199999999994,4,865.2599999999998,move,improve
13780,15,1317.1199999999994,4,865.2599999999998,swap,notBad
13781,15,1317.1199999999994,4,865.2599999999998,move,improve
13782,15,1317.1199999999994,4,865.2599999999998,move,improve
13783,15,1317.1199999999994,4,865.2599999999998,2opt,notBad
13784,15,1317.1199999999994,4,865.2599999999998,swap,notBad
13785,15,1317.1199999999994,4,865.2599999999998,move,improve
13786,15,1317.1199999999994,4,865.2599999999998,2opt,notBad
13787,15,1317.1199999999994,4,865.2599999999998,swap,notBad
13788,15,1317.1199999999994,4,865.2599999999998,2opt,notBad
13789,15,1317.1199999999994,4,865.2599999999998,swap,notBad
13790,15,1317.1199999999994,4,865.2599999999998,move,improve
13791,15,1317.1199999999994,4,865.2599999999998,2opt,notBad
13792,15,1317.1199999999994,4,865.2599999999998,swap,notBad
13793,15,1317.1199999999994,4,865.2599999999998,2opt,notBad
13794,15,1317.1199999999994,4,865.2599999999998,swap,notBad
13795,15,1317.1199999999994,4,865.2599999999998,move,improve
13796,15,1317.1199999999994,4,865.2599999999998,swap,notBad
13797,15,1317.1199999999994,4,865.2599999999998,2opt,notBad
13798,15,1317.1199999999994,4,865.2599999999998,swap,notBad
13799,15,1317.1199999999994,4,865.2599999999998,swap,notBad
13800,15,1317.1199999999994,4,865.2599999999998,2opt,notBad
13801,15,1317.1199999999994,4,865.2599999999998,move,improve
13802,15,1317.1199999999994,4,865.2599999999998,swap,notBad
13803,15,1317.1199999999994,4,865.2599999999998,2opt,notBad
13804,15,1317.1199999999994,4,865.2599999999998,move,improve
13805,15,1317.1199999999994,4,865.2599999999998,swap,notBad
13806,15,1317.1199999999994,4,865.2599999999998,2opt,notBad
13807,15,1317.1199999999994,4,865.2599999999998,move,improve
13808,15,1317.1199999999994,4,865.2599999999998,2opt,notBad
13809,15,1317.1199999999994,4,865.2599999999998,2opt,notBad
13810,15,1317.1199999999994,4,865.2599999999998,2opt,notBad
13811,15,1317.1199999999994,4,865.2599999999998,swap,notBad
13812,15,1317.1199999999994,4,865.2599999999998,2opt,notBad
13813,15,1317.1199999999994,4,865.2599999999998,swap,notBad
13814,15,1317.1199999999994,4,865.2599999999998,move,improve
13815,15,1317.1199999999994,4,865.2599999999998,2opt,notBad
13816,15,1317.1199999999994,4,865.2599999999998,2opt,notBad
13817,15,1317.1199999999994,4,865.2599999999998,2opt,notBad
13818,15,1317.1199999999994,4,865.2599999999998,move,improve
13819,15,1317.1199999999994,4,865.2599999999998,2opt,notBad
13820,15,1317.1199999999994,4,865.2599999999998,move,improve
13821,15,1317.1199999999994,4,865.2599999999998,move,improve
13822,15,1317.1199999999994,4,865.2599999999998,move,improve
13823,15,1317.1199999999994,4,865.2599999999998,2opt,notBad
13824,15,1317.1199999999994,4,865.2599999999998,swap,notBad
13825,15,1317.1199999999994,4,865.2599999999998,2opt,improve
13826,15,1317.1199999999994,4,865.2599999999998,move,improve
13827,15,1317.1199999999994,4,865.2599999999998,move,improve
13828,15,1317.1199999999994,4,865.2599999999998,move,improve
13829,15,1317.1199999999994,4,865.2599999999998,move,improve
13830,15,1317.1199999999994,4,865.2599999999998,swap,notBad
13831,15,1317.1199999999994,4,865.2599999999998,move,improve
13832,15,1317.1199999999994,4,865.2599999999998,swap,notBad
13833,15,1317.1199999999994,4,865.2599999999998,move,improve
13834,15,1317.1199999999994,4,865.2599999999998,2opt,notBad
13835,15,1317.1199999999994,4,865.2599999999998,move,improve
13836,15,1317.1199999999994,4,865.2599999999998,swap,notBad
13837,15,1317.1199999999994,4,865.2599999999998,swap,notBad
13838,15,1317.1199999999994,4,865.2599999999998,2opt,improve
13839,15,1317.1199999999994,4,865.2599999999998,move,improve
13840,15,1317.1199999999994,4,865.2599999999998,swap,notBad
13841,15,1317.1199999999994,4,865.2599999999998,swap,notBad
13842,15,1317.1199999999994,4,865.2599999999998,move,improve
13843,15,1317.1199999999994,4,865.2599999999998,swap,notBad
13844,15,1317.1199999999994,4,865.2599999999998,swap,notBad
13845,15,1317.1199999999994,4,865.2599999999998,swap,notBad
13846,15,1317.1199999999994,4,865.2599999999998,swap,notBad
13847,15,1317.1199999999994,4,865.2599999999998,2opt,notBad
13848,15,1317.1199999999994,4,865.2599999999998,2opt,notBad
13849,15,1317.1199999999994,4,865.2599999999998,move,improve
13850,15,1317.1199999999994,4,865.2599999999998,2opt,notBad
13851,15,1317.1199999999994,4,865.2599999999998,swap,notBad
13852,15,1317.1199999999994,4,865.2599999999998,2opt,notBad
13853,15,1317.1199999999994,4,865.2599999999998,move,improve
13854,15,1317.1199999999994,4,865.2599999999998,move,improve
13855,15,1317.1199999999994,4,865.2599999999998,2opt,notBad
13856,15,1317.1199999999994,4,865.2599999999998,2opt,notBad
13857,15,1317.1199999999994,4,865.2599999999998,swap,notBad
13858,15,1317.1199999999994,4,865.2599999999998,move,improve
13859,15,1317.1199999999994,4,865.2599999999998,move,improve
13860,15,1317.1199999999994,4,865.2599999999998,swap,notBad
13861,15,1317.1199999999994,4,865.2599999999998,2opt,notBad
13862,15,1317.1199999999994,4,865.2599999999998,move,improve
13863,15,1317.1199999999994,4,865.2599999999998,2opt,notBad
13864,15,1317.1199999999994,4,865.2599999999998,swap,notBad
13865,15,1317.1199999999994,4,865.2599999999998,2opt,notBad
13866,15,1317.1199999999994,4,865.2599999999998,move,improve
13867,15,1317.1199999999994,4,865.2599999999998,swap,notBad
13868,15,1317.1199999999994,4,865.2599999999998,swap,notBad
13869,15,1317.1199999999994,4,865.2599999999998,move,improve
13870,15,1317.1199999999994,4,865.2599999999998,move,improve
13871,15,1317.1199999999994,4,865.2599999999998,swap,notBad
13872,15,1317.1199999999994,4,865.2599999999998,move,improve
13873,15,1317.1199999999994,4,865.2599999999998,2opt,notBad
13874,15,1317.1199999999994,4,865.2599999999998,swap,notBad
13875,15,1317.1199999999994,4,865.2599999999998,move,improve
13876,15,1317.1199999999994,4,865.2599999999998,swap,notBad
13877,15,1317.1199999999994,4,865.2599999999998,move,improve
13878,15,1317.1199999999994,4,865.2599999999998,2opt,notBad
13879,15,1317.1199999999994,4,865.2599999999998,2opt,notBad
13880,15,1317.1199999999994,4,865.2599999999998,2opt,notBad
13881,15,1317.1199999999994,4,865.2599999999998,move,improve
13882,15,1317.1199999999994,4,865.2599999999998,swap,notBad
13883,15,1317.1199999999994,4,865.2599999999998,move,improve
13884,15,1317.1199999999994,4,865.2599999999998,2opt,notBad
13885,15,1317.1199999999994,4,865.2599999999998,swap,notBad
13886,15,1317.1199999999994,4,865.2599999999998,move,improve
13887,15,1317.1199999999994,4,865.2599999999998,move,improve
13888,15,1317.1199999999994,4,865.2599999999998,swap,notBad
13889,15,1317.1199999999994,4,865.2599999999998,move,improve
13890,15,1317.1199999999994,4,865.2599999999998,move,improve
13891,15,1317.1199999999994,4,865.2599999999998,2opt,notBad
13892,15,1317.1199999999994,4,865.2599999999998,move,improve
13893,15,1317.1199999999994,4,865.2599999999998,move,improve
13894,15,1317.1199999999994,4,865.2599999999998,2opt,notBad
13895,15,1317.1199999999994,4,865.2599999999998,move,improve
13896,15,1317.1199999999994,4,865.2599999999998,swap,notBad
13897,15,1317.1199999999994,4,865.2599999999998,2opt,notBad
13898,15,1317.1199999999994,4,865.2599999999998,2opt,notBad
13899,15,1317.1199999999994,4,865.2599999999998,swap,notBad
13900,15,1317.1199999999994,4,865.2599999999998,move,improve
13901,15,1317.1199999999994,4,865.2599999999998,move,improve
13902,15,1317.1199999999994,4,865.2599999999998,2opt,notBad
13903,15,1317.1199999999994,4,865.2599999999998,2opt,notBad
13904,15,1317.1199999999994,4,865.2599999999998,2opt,notBad
13905,15,1317.1199999999994,4,865.2599999999998,2opt,notBad
13906,15,1317.1199999999994,4,865.2599999999998,swap,notBad
13907,15,1317.1199999999994,4,865.2599999999998,move,improve
13908,15,1317.1199999999994,4,865.2599999999998,swap,notBad
13909,15,1317.1199999999994,4,865.2599999999998,swap,notBad
13910,15,1317.1199999999994,4,865.2599999999998,2opt,notBad
13911,15,1317.1199999999994,4,865.2599999999998,2opt,notBad
13912,15,1317.1199999999994,4,865.2599999999998,move,improve
13913,15,1317.1199999999994,4,865.2599999999998,2opt,notBad
13914,15,1317.1199999999994,4,865.2599999999998,2opt,notBad
13915,15,1317.1199999999994,4,865.2599999999998,swap,notBad
13916,15,1317.1199999999994,4,865.2599999999998,swap,notBad
13917,15,1317.1199999999994,4,865.2599999999998,swap,notBad
13918,15,1317.1199999999994,4,865.2599999999998,2opt,notBad
13919,15,1317.1199999999994,4,865.2599999999998,move,improve
13920,15,1317.1199999999994,4,865.2599999999998,2opt,notBad
13921,15,1317.1199999999994,4,865.2599999999998,swap,notBad
13922,15,1317.1199999999994,4,865.2599999999998,swap,notBad
13923,15,1317.1199999999994,4,865.2599999999998,move,improve
13924,15,1317.1199999999994,4,865.2599999999998,2opt,notBad
13925,15,1317.1199999999994,4,865.2599999999998,swap,notBad
13926,15,1317.1199999999994,4,865.2599999999998,2opt,notBad
13927,15,1317.1199999999994,4,865.2599999999998,2opt,notBad
13928,15,1317.1199999999994,4,865.2599999999998,move,improve
13929,15,1317.1199999999994,4,865.2599999999998,2opt,notBad
13930,15,1317.1199999999994,4,865.2599999999998,swap,notBad
13931,15,1317.1199999999994,4,865.2599999999998,move,improve
13932,15,1317.1199999999994,4,865.2599999999998,swap,notBad
13933,15,1317.1199999999994,4,865.2599999999998,2opt,notBad
13934,15,1317.1199999999994,4,865.2599999999998,2opt,notBad
13935,15,1317.1199999999994,4,865.2599999999998,swap,notBad
13936,15,1317.1199999999994,4,865.2599999999998,swap,notBad
13937,15,1317.1199999999994,4,865.2599999999998,swap,notBad
13938,15,1317.1199999999994,4,865.2599999999998,move,improve
13939,15,1317.1199999999994,4,865.2599999999998,swap,notBad
13940,15,1317.1199999999994,4,865.2599999999998,swap,notBad
13941,15,1317.1199999999994,4,865.2599999999998,move,improve
13942,15,1317.1199999999994,4,865.2599999999998,swap,notBad
13943,15,1317.1199999999994,4,865.2599999999998,swap,notBad
13944,15,1317.1199999999994,4,865.2599999999998,swap,notBad
13945,15,1317.1199999999994,4,865.2599999999998,2opt,notBad
13946,15,1317.1199999999994,4,865.2599999999998,move,improve
13947,15,1317.1199999999994,4,865.2599999999998,swap,notBad
13948,15,1317.1199999999994,4,865.2599999999998,2opt,notBad
13949,15,1317.1199999999994,4,865.2599999999998,2opt,notBad
13950,15,1317.1199999999994,4,865.2599999999998,move,improve
13951,15,1317.1199999999994,4,865.2599999999998,2opt,notBad
13952,15,1317.1199999999994,4,865.2599999999998,move,improve
13953,15,1317.1199999999994,4,865.2599999999998,2opt,notBad
13954,15,1317.1199999999994,4,865.2599999999998,swap,notBad
13955,15,1317.1199999999994,4,865.2599999999998,move,improve
13956,15,1317.1199999999994,4,865.2599999999998,swap,notBad
13957,15,1317.1199999999994,4,865.2599999999998,2opt,notBad
13958,15,1317.1199999999994,4,865.2599999999998,2opt,notBad
13959,15,1317.1199999999994,4,865.2599999999998,swap,notBad
13960,15,1317.1199999999994,4,865.2599999999998,move,improve
13961,15,1317.1199999999994,4,865.2599999999998,swap,notBad
13962,15,1317.1199999999994,4,865.2599999999998,swap,notBad
13963,15,1317.1199999999994,4,865.2599999999998,2opt,notBad
13964,15,1317.1199999999994,4,865.2599999999998,swap,notBad
13965,15,1317.1199999999994,4,865.2599999999998,swap,notBad
13966,15,1317.1199999999994,4,865.2599999999998,move,improve
13967,15,1317.1199999999994,4,865.2599999999998,swap,notBad
13968,15,1317.1199999999994,4,865.2599999999998,swap,notBad
13969,15,1317.1199999999994,4,865.2599999999998,2opt,notBad
13970,15,1317.1199999999994,4,865.2599999999998,2opt,notBad
13971,15,1317.1199999999994,4,865.2599999999998,2opt,notBad
13972,15,1317.1199999999994,4,865.2599999999998,move,notBad
13973,15,1317.1199999999994,4,865.2599999999998,swap,notBad
13974,15,1317.1199999999994,4,865.2599999999998,swap,notBad
13975,15,1317.1199999999994,4,865.2599999999998,move,improve
13976,15,1317.1199999999994,4,865.2599999999998,swap,notBad
13977,15,1317.1199999999994,4,865.2599999999998,swap,notBad
13978,15,1317.1199999999994,4,865.2599999999998,swap,notBad
13979,15,1317.1199999999994,4,865.2599999999998,swap,notBad
13980,15,1317.1199999999994,4,865.2599999999998,move,improve
13981,15,1317.1199999999994,4,865.2599999999998,2opt,notBad
13982,15,1317.1199999999994,4,865.2599999999998,move,improve
13983,15,1317.1199999999994,4,865.2599999999998,move,improve
13984,15,1317.1199999999994,4,865.2599999999998,2opt,notBad
13985,15,1317.1199999999994,4,865.2599999999998,swap,notBad
13986,15,1317.1199999999994,4,865.2599999999998,move,improve
13987,15,1317.1199999999994,4,865.2599999999998,2opt,notBad
13988,15,1317.1199999999994,4,865.2599999999998,2opt,notBad
13989,15,1317.1199999999994,4,865.2599999999998,2opt,notBad
13990,15,1317.1199999999994,4,865.2599999999998,swap,notBad
13991,15,1317.1199999999994,4,865.2599999999998,move,improve
13992,15,1317.1199999999994,4,865.2599999999998,2opt,notBad
13993,15,1317.1199999999994,4,865.2599999999998,2opt,notBad
13994,15,1317.1199999999994,4,865.2599999999998,swap,notBad
13995,15,1317.1199999999994,4,865.2599999999998,move,improve
13996,15,1317.1199999999994,4,865.2599999999998,2opt,notBad
13997,15,1317.1199999999994,4,865.2599999999998,swap,notBad
13998,15,1317.1199999999994,4,865.2599999999998,2opt,notBad
13999,15,1317.1199999999994,4,865.2599999999998,swap,notBad
14000,15,1317.1199999999994,4,865.2599999999998,2opt,notBad
14001,15,1317.1199999999994,4,865.2599999999998,swap,notBad
14002,15,1317.1199999999994,4,865.2599999999998,swap,notBad
14003,15,1317.1199999999994,4,865.2599999999998,swap,notBad
14004,15,1317.1199999999994,4,865.2599999999998,swap,notBad
14005,15,1317.1199999999994,4,865.2599999999998,2opt,notBad
14006,15,1317.1199999999994,4,865.2599999999998,2opt,notBad
14007,15,1317.1199999999994,4,865.2599999999998,2opt,notBad
14008,15,1317.1199999999994,4,865.2599999999998,move,improve
14009,15,1317.1199999999994,4,865.2599999999998,move,improve
14010,15,1317.1199999999994,4,865.2599999999998,move,improve
14011,15,1317.1199999999994,4,865.2599999999998,2opt,notBad
14012,15,1317.1199999999994,4,865.2599999999998,move,improve
14013,15,1317.1199999999994,4,865.2599999999998,move,improve
14014,15,1317.1199999999994,4,865.2599999999998,move,improve
14015,15,1317.1199999999994,4,865.2599999999998,move,improve
14016,15,1317.1199999999994,4,865.2599999999998,2opt,notBad
14017,15,1317.1199999999994,4,865.2599999999998,swap,notBad
14018,15,1317.1199999999994,4,865.2599999999998,2opt,notBad
14019,15,1317.1199999999994,4,865.2599999999998,swap,notBad
14020,15,1317.1199999999994,4,865.2599999999998,swap,notBad
14021,15,1317.1199999999994,4,865.2599999999998,swap,notBad
14022,15,1317.1199999999994,4,865.2599999999998,swap,notBad
14023,15,1317.1199999999994,4,865.2599999999998,swap,notBad
14024,15,1317.1199999999994,4,865.2599999999998,2opt,notBad
14025,15,1317.1199999999994,4,865.2599999999998,move,improve
14026,15,1317.1199999999994,4,865.2599999999998,2opt,notBad
14027,15,1317.1199999999994,4,865.2599999999998,swap,notBad
14028,15,1317.1199999999994,4,865.2599999999998,2opt,notBad
14029,15,1317.1199999999994,4,865.2599999999998,2opt,notBad
14030,15,1317.1199999999994,4,865.2599999999998,swap,notBad
14031,15,1317.1199999999994,4,865.2599999999998,swap,notBad
14032,15,1317.1199999999994,4,865.2599999999998,swap,notBad
14033,15,1317.1199999999994,4,865.2599999999998,move,improve
14034,15,1317.1199999999994,4,865.2599999999998,move,improve
14035,15,1317.1199999999994,4,865.2599999999998,move,improve
14036,15,1317.1199999999994,4,865.2599999999998,2opt,notBad
14037,15,1317.1199999999994,4,865.2599999999998,move,improve
14038,15,1317.1199999999994,4,865.2599999999998,move,improve
14039,15,1317.1199999999994,4,865.2599999999998,2opt,notBad
14040,15,1317.1199999999994,4,865.2599999999998,2opt,notBad
14041,15,1317.1199999999994,4,865.2599999999998,swap,notBad
14042,15,1317.1199999999994,4,865.2599999999998,2opt,notBad
14043,15,1317.1199999999994,4,865.2599999999998,move,improve
14044,15,1317.1199999999994,4,865.2599999999998,swap,notBad
14045,15,1317.1199999999994,4,865.2599999999998,2opt,notBad
14046,15,1317.1199999999994,4,865.2599999999998,swap,notBad
14047,15,1317.1199999999994,4,865.2599999999998,2opt,notBad
14048,15,1317.1199999999994,4,865.2599999999998,move,improve
14049,15,1317.1199999999994,4,865.2599999999998,2opt,improve
14050,15,1317.1199999999994,4,865.2599999999998,2opt,notBad
14051,15,1317.1199999999994,4,865.2599999999998,move,improve
14052,15,1317.1199999999994,4,865.2599999999998,swap,notBad
14053,15,1317.1199999999994,4,865.2599999999998,2opt,notBad
14054,15,1317.1199999999994,4,865.2599999999998,2opt,notBad
14055,15,1317.1199999999994,4,865.2599999999998,swap,notBad
14056,15,1317.1199999999994,4,865.2599999999998,move,improve
14057,15,1317.1199999999994,4,865.2599999999998,move,improve
14058,15,1317.1199999999994,4,865.2599999999998,swap,notBad
14059,15,1317.1199999999994,4,865.2599999999998,2opt,notBad
14060,15,1317.1199999999994,4,865.2599999999998,move,improve
14061,15,1317.1199999999994,4,865.2599999999998,2opt,notBad
14062,15,1317.1199999999994,4,865.2599999999998,2opt,notBad
14063,15,1317.1199999999994,4,865.2599999999998,2opt,notBad
14064,15,1317.1199999999994,4,865.2599999999998,2opt,notBad
14065,15,1317.1199999999994,4,865.2599999999998,move,improve
14066,15,1317.1199999999994,4,865.2599999999998,move,improve
14067,15,1317.1199999999994,4,865.2599999999998,2opt,notBad
14068,15,1317.1199999999994,4,865.2599999999998,move,improve
14069,15,1317.1199999999994,4,865.2599999999998,2opt,notBad
14070,15,1317.1199999999994,4,865.2599999999998,move,improve
14071,15,1317.1199999999994,4,865.2599999999998,2opt,notBad
14072,15,1317.1199999999994,4,865.2599999999998,move,improve
14073,15,1317.1199999999994,4,865.2599999999998,swap,notBad
14074,15,1317.1199999999994,4,865.2599999999998,swap,notBad
14075,15,1317.1199999999994,4,865.2599999999998,2opt,notBad
14076,15,1317.1199999999994,4,865.2599999999998,2opt,notBad
14077,15,1317.1199999999994,4,865.2599999999998,move,improve
14078,15,1317.1199999999994,4,865.2599999999998,swap,notBad
14079,15,1317.1199999999994,4,865.2599999999998,2opt,notBad
14080,15,1317.1199999999994,4,865.2599999999998,swap,notBad
14081,15,1317.1199999999994,4,865.2599999999998,swap,notBad
14082,15,1317.1199999999994,4,865.2599999999998,swap,notBad
14083,15,1317.1199999999994,4,865.2599999999998,swap,notBad
14084,15,1317.1199999999994,4,865.2599999999998,move,improve
14085,15,1317.1199999999994,4,865.2599999999998,2opt,notBad
14086,15,1317.1199999999994,4,865.2599999999998,2opt,notBad
14087,15,1317.1199999999994,4,865.2599999999998,move,improve
14088,15,1317.1199999999994,4,865.2599999999998,2opt,notBad
14089,15,1317.1199999999994,4,865.2599999999998,move,improve
14090,15,1317.1199999999994,4,865.2599999999998,move,improve
14091,15,1317.1199999999994,4,865.2599999999998,swap,notBad
14092,15,1317.1199999999994,4,865.2599999999998,move,improve
14093,15,1317.1199999999994,4,865.2599999999998,swap,notBad
14094,15,1317.1199999999994,4,865.2599999999998,2opt,notBad
14095,15,1317.1199999999994,4,865.2599999999998,move,improve
14096,15,1317.1199999999994,4,865.2599999999998,swap,notBad
14097,15,1317.1199999999994,4,865.2599999999998,2opt,notBad
14098,15,1317.1199999999994,4,865.2599999999998,2opt,notBad
14099,15,1317.1199999999994,4,865.2599999999998,2opt,notBad
14100,15,1317.1199999999994,4,865.2599999999998,2opt,notBad
14101,15,1317.1199999999994,4,865.2599999999998,2opt,notBad
14102,15,1317.1199999999994,4,865.2599999999998,2opt,notBad
14103,15,1317.1199999999994,4,865.2599999999998,2opt,notBad
14104,15,1317.1199999999994,4,865.2599999999998,swap,notBad
14105,15,1317.1199999999994,4,865.2599999999998,2opt,notBad
14106,15,1317.1199999999994,4,865.2599999999998,move,improve
14107,15,1317.1199999999994,4,865.2599999999998,2opt,notBad
14108,15,1317.1199999999994,4,865.2599999999998,swap,notBad
14109,15,1317.1199999999994,4,865.2599999999998,move,improve
14110,15,1317.1199999999994,4,865.2599999999998,swap,notBad
14111,15,1317.1199999999994,4,865.2599999999998,move,improve
14112,15,1317.1199999999994,4,865.2599999999998,swap,notBad
14113,15,1317.1199999999994,4,865.2599999999998,swap,notBad
14114,15,1317.1199999999994,4,865.2599999999998,2opt,notBad
14115,15,1317.1199999999994,4,865.2599999999998,move,improve
14116,15,1317.1199999999994,4,865.2599999999998,swap,notBad
14117,15,1317.1199999999994,4,865.2599999999998,swap,notBad
14118,15,1317.1199999999994,4,865.2599999999998,move,improve
14119,15,1317.1199999999994,4,865.2599999999998,move,improve
14120,15,1317.1199999999994,4,865.2599999999998,2opt,notBad
14121,15,1317.1199999999994,4,865.2599999999998,2opt,notBad
14122,15,1317.1199999999994,4,865.2599999999998,2opt,notBad
14123,15,1317.1199999999994,4,865.2599999999998,move,improve
14124,15,1317.1199999999994,4,865.2599999999998,2opt,improve
14125,15,1317.1199999999994,4,865.2599999999998,swap,notBad
14126,15,1317.1199999999994,4,865.2599999999998,2opt,notBad
14127,15,1317.1199999999994,4,865.2599999999998,swap,notBad
14128,15,1317.1199999999994,4,865.2599999999998,move,improve
14129,15,1317.1199999999994,4,865.2599999999998,move,improve
14130,15,1317.1199999999994,4,865.2599999999998,swap,notBad
14131,15,1317.1199999999994,4,865.2599999999998,move,improve
14132,15,1317.1199999999994,4,865.2599999999998,2opt,notBad
14133,15,1317.1199999999994,4,865.2599999999998,move,improve
14134,15,1317.1199999999994,4,865.2599999999998,swap,notBad
14135,15,1317.1199999999994,4,865.2599999999998,swap,notBad
14136,15,1317.1199999999994,4,865.2599999999998,2opt,improve
