i,vehi,obj,vehiBest,objBest,loFunc,note
1,2,120.85,2,120.85,move,improve
2,3,1367.1900000000003,2,120.85,2opt,acceptBad
3,4,1999.8300000000002,2,120.85,2opt,acceptBad
4,4,2025.3100000000002,2,120.85,swap,acceptBad
5,4,1817.15,2,120.85,move,improve
6,4,1735.2900000000002,2,120.85,move,improve
7,4,1735.2900000000002,2,120.85,move,improve
8,4,2014.5700000000002,2,120.85,2opt,acceptBad
9,4,2071.57,2,120.85,swap,acceptBad
10,5,3462.1600000000003,2,120.85,2opt,acceptBad
11,5,3331.3499999999995,2,120.85,swap,improve
12,5,3245.3800000000006,2,120.85,swap,improve
13,5,3073.71,2,120.85,move,improve
14,5,2238.730000000001,2,120.85,move,improve
15,6,5428.999999999999,2,120.85,2opt,acceptBad
16,6,4827.92,2,120.85,move,improve
17,7,7652.879999999999,2,120.85,2opt,acceptBad
18,7,7768.940000000002,2,120.85,swap,acceptBad
19,7,7773.82,2,120.85,2opt,acceptBad
20,7,7330.380000000001,2,120.85,move,improve
21,7,7299.2699999999995,2,120.85,2opt,improve
22,7,7305.720000000001,2,120.85,swap,acceptBad
23,7,6986.030000000001,2,120.85,move,improve
24,7,6794.029999999999,2,120.85,move,improve
25,7,6656.379999999999,2,120.85,swap,improve
26,7,6656.379999999999,2,120.85,2opt,improve
27,7,6848.200000000003,2,120.85,2opt,acceptBad
28,7,6578.59,2,120.85,move,improve
29,7,6884.760000000002,2,120.85,swap,acceptBad
30,8,8876.310000000001,2,120.85,2opt,acceptBad
31,8,9239.509999999998,2,120.85,2opt,acceptBad
32,8,9395.22,2,120.85,2opt,acceptBad
33,8,9332.889999999998,2,120.85,swap,improve
34,8,9257.789999999997,2,120.85,swap,improve
35,8,9241.439999999999,2,120.85,swap,improve
36,8,8886.579999999998,2,120.85,move,improve
37,8,8624.160000000002,2,120.85,2opt,improve
38,8,8624.160000000002,2,120.85,2opt,improve
39,8,8628.62,2,120.85,swap,acceptBad
40,8,9597.910000000002,2,120.85,2opt,acceptBad
41,8,9001.16,2,120.85,move,improve
42,8,9055.809999999998,2,120.85,swap,acceptBad
43,8,9055.809999999998,2,120.85,2opt,notBad
44,8,9088.23,2,120.85,2opt,acceptBad
45,8,8889.269999999999,2,120.85,swap,improve
46,8,8624.230000000001,2,120.85,move,improve
47,8,8671.77,2,120.85,swap,acceptBad
48,8,8931.049999999997,2,120.85,2opt,acceptBad
49,8,9975.009999999998,2,120.85,2opt,acceptBad
50,8,10091.359999999999,2,120.85,2opt,acceptBad
51,8,10091.359999999999,2,120.85,swap,improve
52,8,9856.169999999998,2,120.85,move,improve
53,8,9949.769999999997,2,120.85,swap,acceptBad
54,8,9933.449999999995,2,120.85,swap,improve
55,8,9347.619999999997,2,120.85,swap,improve
56,8,8664.859999999999,2,120.85,2opt,improve
57,8,8624.48,2,120.85,move,improve
58,8,8216.859999999999,2,120.85,move,improve
59,8,7833.130000000001,2,120.85,move,improve
60,8,6618.19,2,120.85,move,improve
61,8,6390.75,2,120.85,swap,improve
62,8,6403.539999999999,2,120.85,2opt,acceptBad
63,8,7783.82,2,120.85,2opt,acceptBad
64,8,7811.93,2,120.85,2opt,acceptBad
65,8,7797.320000000001,2,120.85,swap,improve
66,8,7794.43,2,120.85,swap,improve
67,8,7987.61,2,120.85,2opt,acceptBad
68,8,7978.869999999999,2,120.85,swap,improve
69,8,7829.070000000001,2,120.85,2opt,improve
70,9,10702.95,2,120.85,2opt,acceptBad
71,9,10912.789999999999,2,120.85,2opt,acceptBad
72,9,10510.68,2,120.85,move,improve
73,9,10465.769999999997,2,120.85,2opt,improve
74,9,10510.469999999996,2,120.85,2opt,acceptBad
75,9,9625.16,2,120.85,move,improve
76,9,9070.44,2,120.85,move,improve
77,9,9819.26,2,120.85,swap,acceptBad
78,9,9819.53,2,120.85,2opt,acceptBad
79,9,9657.369999999999,2,120.85,move,improve
80,9,9980.550000000001,2,120.85,swap,acceptBad
81,9,9899.580000000002,2,120.85,2opt,improve
82,9,8919.639999999998,2,120.85,2opt,improve
83,9,8575.949999999999,2,120.85,move,improve
84,9,8193.45,2,120.85,swap,improve
85,9,7954.5599999999995,2,120.85,move,improve
86,9,7853.09,2,120.85,swap,improve
87,9,7972.220000000002,2,120.85,2opt,acceptBad
88,9,8947.870000000004,2,120.85,swap,acceptBad
89,9,9244.980000000001,2,120.85,swap,acceptBad
90,9,9136.770000000002,2,120.85,2opt,improve
91,9,8624.670000000002,2,120.85,move,improve
92,9,8866.100000000002,2,120.85,swap,acceptBad
93,9,8792.91,2,120.85,swap,improve
94,9,8372.5,2,120.85,move,improve
95,9,9255.990000000002,2,120.85,2opt,acceptBad
96,9,9318.720000000001,2,120.85,swap,acceptBad
97,9,9159.24,2,120.85,swap,improve
98,9,8398.779999999999,2,120.85,2opt,improve
99,9,7874.140000000001,2,120.85,move,improve
100,9,7729.000000000002,2,120.85,move,improve
101,9,7689.72,2,120.85,swap,improve
102,9,7684.33,2,120.85,swap,improve
103,9,7684.33,2,120.85,move,improve
104,9,7794.0199999999995,2,120.85,swap,acceptBad
105,9,7953.749999999999,2,120.85,swap,acceptBad
106,9,8023.299999999998,2,120.85,swap,acceptBad
107,9,7896.469999999997,2,120.85,move,improve
108,9,6533.62,2,120.85,move,improve
109,9,6440.250000000001,2,120.85,move,improve
110,9,7142.340000000002,2,120.85,swap,acceptBad
111,9,7312.820000000002,2,120.85,swap,acceptBad
112,9,10151.480000000001,2,120.85,2opt,acceptBad
113,9,9552.900000000001,2,120.85,move,improve
114,10,12353.510000000004,2,120.85,2opt,acceptBad
115,10,12414.830000000002,2,120.85,swap,acceptBad
116,10,13594.930000000002,2,120.85,2opt,acceptBad
117,10,13594.930000000002,2,120.85,move,improve
118,10,13354.270000000006,2,120.85,swap,improve
119,10,12912.550000000007,2,120.85,move,improve
120,10,13443.620000000003,2,120.85,swap,acceptBad
121,10,13446.180000000004,2,120.85,2opt,acceptBad
122,11,15268.530000000004,2,120.85,2opt,acceptBad
123,11,15363.130000000003,2,120.85,swap,acceptBad
124,11,14489.480000000003,2,120.85,2opt,improve
125,11,14218.430000000004,2,120.85,move,improve
126,11,13791.91,2,120.85,2opt,improve
127,11,13439.419999999995,2,120.85,move,improve
128,11,13395.590000000002,2,120.85,swap,improve
129,11,13056.070000000003,2,120.85,move,improve
130,10,13095.490000000002,2,120.85,2opt,acceptBad
131,10,13095.490000000002,2,120.85,move,improve
132,10,13308.630000000003,2,120.85,2opt,acceptBad
133,10,14506.470000000001,2,120.85,2opt,acceptBad
134,10,14284.869999999999,2,120.85,move,improve
135,10,14734.149999999998,2,120.85,swap,acceptBad
136,10,16331.969999999998,2,120.85,2opt,acceptBad
137,10,16215.95,2,120.85,move,improve
138,10,15756.790000000003,2,120.85,swap,improve
139,10,14885.429999999998,2,120.85,2opt,improve
140,10,14811.589999999998,2,120.85,move,improve
141,10,14407.209999999995,2,120.85,move,improve
142,10,14406.209999999995,2,120.85,swap,improve
143,10,12719.14,2,120.85,move,improve
144,10,12318.939999999997,2,120.85,move,improve
145,10,12260.22,2,120.85,move,improve
146,10,12495.6,2,120.85,swap,acceptBad
147,10,12970.56,2,120.85,swap,acceptBad
148,10,11513.04,2,120.85,move,improve
149,10,11481.699999999999,2,120.85,2opt,improve
150,10,10151.149999999998,2,120.85,move,improve
151,10,10306.949999999999,2,120.85,2opt,acceptBad
152,10,13407.63,2,120.85,2opt,acceptBad
153,10,12995.27,2,120.85,2opt,improve
154,10,12666.54,2,120.85,move,improve
155,10,15004.32,2,120.85,swap,acceptBad
156,10,15063.25,2,120.85,swap,acceptBad
157,11,19029.12,2,120.85,2opt,acceptBad
158,11,18792.15000000001,2,120.85,2opt,improve
159,11,18755.660000000007,2,120.85,swap,improve
160,11,17930.950000000008,2,120.85,move,improve
161,11,17930.950000000008,2,120.85,2opt,improve
162,11,17926.10000000001,2,120.85,swap,improve
163,11,17924.250000000004,2,120.85,2opt,improve
164,11,18328.82000000001,2,120.85,swap,acceptBad
165,11,18328.440000000013,2,120.85,2opt,improve
166,11,17929.100000000006,2,120.85,move,improve
167,11,17423.930000000004,2,120.85,move,improve
168,11,16240.900000000003,2,120.85,swap,improve
169,11,16149.17,2,120.85,2opt,improve
170,11,12695.049999999994,2,120.85,2opt,improve
171,11,14792.669999999993,2,120.85,2opt,acceptBad
172,11,14484.459999999995,2,120.85,move,improve
173,11,15288.249999999998,2,120.85,2opt,acceptBad
174,11,14365.920000000004,2,120.85,move,improve
175,11,14124.420000000002,2,120.85,move,improve
176,11,14133.220000000001,2,120.85,2opt,acceptBad
177,11,14189.160000000003,2,120.85,swap,acceptBad
178,11,13031.560000000001,2,120.85,move,improve
179,11,12351.370000000003,2,120.85,move,improve
180,11,12362.320000000002,2,120.85,swap,acceptBad
181,11,12528.450000000004,2,120.85,swap,acceptBad
182,11,12493.530000000002,2,120.85,move,improve
183,11,12501.699999999999,2,120.85,swap,acceptBad
184,11,12530.49,2,120.85,swap,acceptBad
185,11,13159.4,2,120.85,swap,acceptBad
186,11,13114.260000000002,2,120.85,2opt,improve
187,11,12148.640000000003,2,120.85,move,improve
188,11,11935.960000000005,2,120.85,swap,improve
189,11,11935.960000000005,2,120.85,move,improve
190,11,11635.600000000002,2,120.85,move,improve
191,11,14078.34,2,120.85,2opt,acceptBad
192,11,14171.78,2,120.85,swap,acceptBad
193,11,14257.599999999999,2,120.85,2opt,acceptBad
194,11,14431.08,2,120.85,swap,acceptBad
195,11,13270.569999999998,2,120.85,move,improve
196,11,12414.230000000001,2,120.85,move,improve
197,11,12250.949999999999,2,120.85,2opt,improve
198,11,11987.689999999999,2,120.85,move,improve
199,11,12163.989999999996,2,120.85,swap,acceptBad
200,11,12233.459999999994,2,120.85,2opt,acceptBad
201,11,12207.769999999993,2,120.85,2opt,improve
202,11,12123.180000000002,2,120.85,move,improve
203,11,11707.680000000002,2,120.85,swap,improve
204,11,13716.959999999997,2,120.85,swap,acceptBad
205,12,18243.23,2,120.85,2opt,acceptBad
206,12,18243.23,2,120.85,2opt,improve
207,12,18524.669999999995,2,120.85,swap,acceptBad
208,12,18598.75,2,120.85,swap,acceptBad
209,12,18933.309999999998,2,120.85,2opt,acceptBad
210,12,18179.25,2,120.85,move,improve
211,12,18208.410000000003,2,120.85,swap,acceptBad
212,12,17851.190000000006,2,120.85,swap,improve
213,12,17828.960000000006,2,120.85,swap,improve
214,12,17294.770000000004,2,120.85,move,improve
215,12,17388.370000000006,2,120.85,swap,acceptBad
216,12,16748.410000000003,2,120.85,move,improve
217,12,16811.61,2,120.85,swap,acceptBad
218,12,16824.01,2,120.85,swap,acceptBad
219,12,16750.51,2,120.85,swap,improve
220,12,16915.289999999997,2,120.85,swap,acceptBad
221,12,16080.349999999999,2,120.85,move,improve
222,12,16393.69,2,120.85,2opt,acceptBad
223,12,16957.010000000013,2,120.85,2opt,acceptBad
224,13,21375.910000000007,2,120.85,2opt,acceptBad
225,13,21528.440000000002,2,120.85,2opt,acceptBad
226,13,20332.83,2,120.85,swap,improve
227,13,19915.899999999994,2,120.85,move,improve
228,13,20123.20999999999,2,120.85,swap,acceptBad
229,13,20272.139999999985,2,120.85,swap,acceptBad
230,13,20007.29999999999,2,120.85,move,improve
231,13,21915.12,2,120.85,swap,acceptBad
232,13,21947.019999999997,2,120.85,2opt,acceptBad
233,13,20489.159999999993,2,120.85,move,improve
234,13,20437.07,2,120.85,move,improve
235,13,20640.429999999997,2,120.85,swap,acceptBad
236,13,20230.79,2,120.85,move,improve
237,13,21128.460000000003,2,120.85,2opt,acceptBad
238,13,21147.299999999996,2,120.85,swap,acceptBad
239,13,20686.510000000002,2,120.85,move,improve
240,13,20630.55,2,120.85,swap,improve
241,13,20682.44,2,120.85,swap,acceptBad
242,13,19992.289999999997,2,120.85,move,improve
243,13,20863.649999999994,2,120.85,2opt,acceptBad
244,13,20529.15,2,120.85,move,improve
245,14,23328.620000000003,2,120.85,2opt,acceptBad
246,14,22857.78999999999,2,120.85,move,improve
247,14,22857.78999999999,2,120.85,move,improve
248,14,22586.069999999996,2,120.85,move,improve
249,14,22586.069999999996,2,120.85,move,improve
250,14,22364.819999999992,2,120.85,2opt,improve
251,14,22357.899999999998,2,120.85,2opt,improve
252,14,22353.430000000004,2,120.85,move,improve
253,14,22399.280000000006,2,120.85,2opt,acceptBad
254,14,22014.410000000014,2,120.85,move,improve
255,14,19670.800000000014,2,120.85,move,improve
256,14,20481.14000000001,2,120.85,2opt,acceptBad
257,14,20000.500000000004,2,120.85,move,improve
258,14,20355.44000000001,2,120.85,2opt,acceptBad
259,14,20349.93000000001,2,120.85,swap,improve
260,14,19714.950000000004,2,120.85,2opt,improve
261,14,19976.530000000002,2,120.85,2opt,acceptBad
262,14,19647.88,2,120.85,2opt,improve
263,14,20502.36,2,120.85,2opt,acceptBad
264,14,20505.089999999997,2,120.85,2opt,acceptBad
265,14,20500.35,2,120.85,swap,improve
266,14,20501.27,2,120.85,swap,acceptBad
267,14,20832.239999999998,2,120.85,swap,acceptBad
268,14,20981.659999999996,2,120.85,swap,acceptBad
269,14,20930.6,2,120.85,swap,improve
270,14,19835.25999999999,2,120.85,move,improve
271,14,19961.009999999987,2,120.85,swap,acceptBad
272,14,20039.22999999999,2,120.85,swap,acceptBad
273,15,23933.67999999999,2,120.85,2opt,acceptBad
274,15,22971.029999999977,2,120.85,move,improve
275,15,22395.279999999988,2,120.85,swap,improve
276,15,21628.169999999987,2,120.85,move,improve
277,14,20300.079999999998,2,120.85,2opt,improve
278,14,20300.079999999998,2,120.85,move,improve
279,14,19531.7,2,120.85,move,improve
280,14,20199.520000000004,2,120.85,2opt,acceptBad
281,14,20001.120000000006,2,120.85,move,improve
282,14,19280.399999999998,2,120.85,2opt,improve
283,14,18545.43,2,120.85,move,improve
284,14,18605.61,2,120.85,swap,acceptBad
285,14,18637.269999999997,2,120.85,2opt,acceptBad
286,13,15793.08,2,120.85,move,improve
287,13,15352.679999999997,2,120.85,swap,improve
288,13,15392.149999999996,2,120.85,swap,acceptBad
289,13,15045.929999999997,2,120.85,move,improve
290,13,15045.929999999997,2,120.85,move,improve
291,13,15045.929999999997,2,120.85,move,improve
292,13,15045.699999999997,2,120.85,swap,improve
293,13,14636.780000000002,2,120.85,2opt,improve
294,13,14636.780000000002,2,120.85,move,improve
295,13,16208.129999999997,2,120.85,2opt,acceptBad
296,13,16387.090000000007,2,120.85,2opt,acceptBad
297,13,16446.020000000004,2,120.85,swap,acceptBad
298,13,14817.9,2,120.85,move,improve
299,13,16329.109999999999,2,120.85,swap,acceptBad
300,13,16294.66,2,120.85,swap,improve
301,13,17255.489999999998,2,120.85,swap,acceptBad
302,13,18676.970000000005,2,120.85,2opt,acceptBad
303,13,18597.240000000005,2,120.85,move,improve
304,13,17134.190000000006,2,120.85,move,improve
305,13,17134.190000000006,2,120.85,move,improve
306,13,17367.750000000007,2,120.85,swap,acceptBad
307,13,19025.679999999993,2,120.85,swap,acceptBad
308,13,19023.00999999999,2,120.85,move,improve
309,13,19039.34999999999,2,120.85,swap,acceptBad
310,13,19082.479999999992,2,120.85,swap,acceptBad
311,13,17076.17,2,120.85,2opt,improve
312,13,16644.049999999996,2,120.85,2opt,improve
313,13,19091.539999999997,2,120.85,2opt,acceptBad
314,13,18962.469999999998,2,120.85,swap,improve
315,13,20546.839999999997,2,120.85,swap,acceptBad
316,13,19819.909999999996,2,120.85,move,improve
317,13,19671.439999999995,2,120.85,swap,improve
318,13,20226.74,2,120.85,swap,acceptBad
319,13,18888.83,2,120.85,move,improve
320,13,22090.460000000003,2,120.85,2opt,acceptBad
321,13,22263.31,2,120.85,swap,acceptBad
322,13,22217.000000000004,2,120.85,swap,improve
323,13,21567.63,2,120.85,swap,improve
324,13,20860.080000000013,2,120.85,2opt,improve
325,13,20164.80000000001,2,120.85,move,improve
326,13,19981.620000000006,2,120.85,swap,improve
327,13,20564.120000000006,2,120.85,2opt,acceptBad
328,13,19633.81000000001,2,120.85,move,improve
329,13,19182.700000000004,2,120.85,move,improve
330,13,18808.580000000005,2,120.85,move,improve
331,13,18247.680000000004,2,120.85,move,improve
332,12,16269.050000000003,2,120.85,2opt,improve
333,12,16024.500000000005,2,120.85,move,improve
334,12,16024.500000000005,2,120.85,move,improve
335,12,16273.100000000004,2,120.85,swap,acceptBad
336,12,16002.500000000004,2,120.85,move,improve
337,12,15973.970000000001,2,120.85,move,improve
338,12,15675.41,2,120.85,swap,improve
339,12,15676.589999999997,2,120.85,2opt,acceptBad
340,12,16002.980000000001,2,120.85,2opt,acceptBad
341,12,16074.640000000001,2,120.85,2opt,acceptBad
342,12,15941.620000000006,2,120.85,swap,improve
343,11,11942.45,2,120.85,move,improve
344,11,13064.990000000003,2,120.85,swap,acceptBad
345,11,13047.550000000005,2,120.85,swap,improve
346,11,12547.770000000004,2,120.85,move,improve
347,12,15621.750000000002,2,120.85,2opt,acceptBad
348,12,15061.100000000002,2,120.85,move,improve
349,12,14983.080000000005,2,120.85,move,improve
350,12,15090.180000000006,2,120.85,swap,acceptBad
351,12,15069.450000000006,2,120.85,swap,improve
352,12,15069.450000000006,2,120.85,2opt,improve
353,12,15629.200000000003,2,120.85,swap,acceptBad
354,12,14955.090000000004,2,120.85,move,improve
355,12,14917.059999999998,2,120.85,swap,improve
356,12,15563.229999999998,2,120.85,2opt,acceptBad
357,12,17256.53,2,120.85,swap,acceptBad
358,12,16622.54,2,120.85,move,improve
359,12,16844.05,2,120.85,swap,acceptBad
360,12,16844.97,2,120.85,swap,acceptBad
361,12,16844.97,2,120.85,move,improve
362,12,16979.99,2,120.85,2opt,acceptBad
363,12,16946.420000000002,2,120.85,2opt,improve
364,12,17071.6,2,120.85,swap,acceptBad
365,12,18894.039999999997,2,120.85,2opt,acceptBad
366,12,18080.46,2,120.85,move,improve
367,12,18187.649999999998,2,120.85,swap,acceptBad
368,12,18467.33,2,120.85,swap,acceptBad
369,12,18966.93999999999,2,120.85,2opt,acceptBad
370,12,15504.990000000002,2,120.85,move,improve
371,12,15459.700000000006,2,120.85,swap,improve
372,12,15031.150000000001,2,120.85,move,improve
373,12,15051.650000000001,2,120.85,swap,acceptBad
374,12,14683.870000000004,2,120.85,swap,improve
375,12,15548.870000000003,2,120.85,2opt,acceptBad
376,12,15477.150000000005,2,120.85,move,improve
377,12,15335.050000000005,2,120.85,move,improve
378,12,15054.510000000004,2,120.85,move,improve
379,12,15054.510000000004,2,120.85,move,improve
380,12,14726.130000000008,2,120.85,swap,improve
381,12,15353.980000000005,2,120.85,swap,acceptBad
382,12,15145.12,2,120.85,swap,improve
383,12,15146.04,2,120.85,swap,acceptBad
384,12,15194.82,2,120.85,move,acceptBad
385,12,15370.490000000002,2,120.85,2opt,acceptBad
386,12,18649.920000000002,2,120.85,swap,acceptBad
387,12,18269.590000000004,2,120.85,swap,improve
388,12,18215.030000000002,2,120.85,move,improve
389,12,15910.240000000003,2,120.85,2opt,improve
390,12,15860.680000000004,2,120.85,2opt,improve
391,12,15837.88,2,120.85,2opt,improve
392,12,15759.340000000002,2,120.85,swap,improve
393,12,15043.040000000005,2,120.85,move,improve
394,12,16349.99,2,120.85,2opt,acceptBad
395,12,16273.19,2,120.85,move,improve
396,13,19174.31,2,120.85,2opt,acceptBad
397,13,18491.949999999997,2,120.85,move,improve
398,13,18491.949999999997,2,120.85,move,improve
399,13,18491.949999999997,2,120.85,2opt,notBad
400,13,18113.879999999997,2,120.85,move,improve
401,13,17470.76,2,120.85,move,improve
402,13,17400.350000000006,2,120.85,2opt,improve
403,13,17104.060000000005,2,120.85,move,improve
404,14,19551.460000000003,2,120.85,2opt,acceptBad
405,14,19263.339999999997,2,120.85,move,improve
406,14,19820.000000000004,2,120.85,2opt,acceptBad
407,14,21110.149999999998,2,120.85,swap,acceptBad
408,14,22313.889999999992,2,120.85,swap,acceptBad
409,14,25634.319999999992,2,120.85,2opt,acceptBad
410,14,25755.769999999993,2,120.85,swap,acceptBad
411,14,25379.91,2,120.85,move,improve
412,14,25200.469999999998,2,120.85,move,improve
413,14,21735.239999999994,2,120.85,2opt,improve
414,14,22140.639999999996,2,120.85,2opt,acceptBad
415,14,22177.840000000004,2,120.85,2opt,acceptBad
416,14,21600.59999999999,2,120.85,move,improve
417,14,21600.59999999999,2,120.85,move,improve
418,14,22329.659999999996,2,120.85,2opt,acceptBad
419,14,21221.99,2,120.85,move,improve
420,14,20458.549999999992,2,120.85,move,improve
421,14,19907.300000000003,2,120.85,move,improve
422,14,20441.13,2,120.85,swap,acceptBad
423,14,20511.27,2,120.85,swap,acceptBad
424,14,20146.899999999994,2,120.85,move,improve
425,14,20146.899999999994,2,120.85,move,improve
426,14,20395.239999999998,2,120.85,2opt,acceptBad
427,14,20589.539999999986,2,120.85,swap,acceptBad
428,14,20431.82999999999,2,120.85,swap,improve
429,14,20161.82999999999,2,120.85,move,improve
430,14,20172.769999999993,2,120.85,swap,acceptBad
431,14,20025.23,2,120.85,2opt,improve
432,14,23396.930000000008,2,120.85,swap,acceptBad
433,14,22905.600000000002,2,120.85,move,improve
434,14,23200.250000000007,2,120.85,swap,acceptBad
435,14,22104.959999999992,2,120.85,2opt,improve
436,14,22104.959999999992,2,120.85,move,improve
437,14,22104.959999999992,2,120.85,move,improve
438,14,23305.94000000001,2,120.85,2opt,acceptBad
439,14,22828.000000000007,2,120.85,swap,improve
440,14,22688.930000000004,2,120.85,swap,improve
441,14,22745.470000000005,2,120.85,swap,acceptBad
442,13,19904.86999999999,2,120.85,2opt,improve
443,13,18162.86999999999,2,120.85,move,improve
444,13,18073.61999999999,2,120.85,swap,improve
445,13,18073.61999999999,2,120.85,move,improve
446,13,16968.219999999994,2,120.85,move,improve
447,13,16968.219999999994,2,120.85,2opt,notBad
448,13,16531.469999999994,2,120.85,swap,improve
449,13,19624.219999999994,2,120.85,swap,acceptBad
450,13,18428.129999999994,2,120.85,move,improve
451,13,18430.859999999993,2,120.85,swap,acceptBad
452,13,18308.30999999999,2,120.85,move,improve
453,13,18159.37999999999,2,120.85,swap,improve
454,13,17585.17999999999,2,120.85,move,improve
455,13,17497.79999999999,2,120.85,move,improve
456,13,17925.16999999999,2,120.85,swap,acceptBad
457,13,17925.16999999999,2,120.85,move,improve
458,13,19958.059999999998,2,120.85,2opt,acceptBad
459,13,19995.15,2,120.85,swap,acceptBad
460,13,20252.010000000002,2,120.85,swap,acceptBad
461,13,20209.85,2,120.85,move,improve
462,13,20957.79,2,120.85,swap,acceptBad
463,13,20494.420000000002,2,120.85,move,improve
464,13,20494.420000000002,2,120.85,move,improve
465,13,20108.060000000005,2,120.85,move,improve
466,13,20067.4,2,120.85,move,improve
467,13,19706.36,2,120.85,move,improve
468,13,19871.48,2,120.85,2opt,acceptBad
469,13,20177.200000000004,2,120.85,swap,acceptBad
470,13,20559.49000000001,2,120.85,swap,acceptBad
471,13,20494.300000000003,2,120.85,swap,improve
472,13,20597.010000000006,2,120.85,swap,acceptBad
473,13,20579.5,2,120.85,move,improve
474,13,20569.83,2,120.85,swap,improve
475,13,20569.83,2,120.85,2opt,notBad
476,13,22965.039999999994,2,120.85,2opt,acceptBad
477,13,23079.19000000001,2,120.85,2opt,acceptBad
478,13,23061.699999999997,2,120.85,2opt,improve
479,13,23074.93,2,120.85,swap,acceptBad
480,13,23127.789999999997,2,120.85,2opt,acceptBad
481,13,22786.6,2,120.85,swap,improve
482,13,22851.54,2,120.85,swap,acceptBad
483,13,22676.52,2,120.85,2opt,improve
484,13,22158.500000000004,2,120.85,move,improve
485,13,21322.100000000002,2,120.85,move,improve
486,13,20622.360000000008,2,120.85,move,improve
487,13,19401.260000000006,2,120.85,2opt,improve
488,13,19289.250000000004,2,120.85,swap,improve
489,13,20504.300000000003,2,120.85,swap,acceptBad
490,13,21327.750000000007,2,120.85,2opt,acceptBad
491,13,21249.5,2,120.85,move,improve
492,13,19732.53,2,120.85,move,improve
493,13,20161.22,2,120.85,swap,acceptBad
494,13,19939.86,2,120.85,swap,improve
495,13,19093.629999999997,2,120.85,2opt,improve
496,13,18738.019999999997,2,120.85,move,improve
497,13,20493.74999999999,2,120.85,swap,acceptBad
498,13,21047.199999999997,2,120.85,2opt,acceptBad
499,13,20510.87999999999,2,120.85,move,improve
500,13,20328.539999999983,2,120.85,2opt,improve
501,13,20306.169999999984,2,120.85,swap,improve
502,13,20544.779999999988,2,120.85,swap,acceptBad
503,13,21258.360000000008,2,120.85,swap,acceptBad
504,13,21590.040000000008,2,120.85,swap,acceptBad
505,13,23021.520000000015,2,120.85,2opt,acceptBad
506,13,21888.60000000001,2,120.85,move,improve
507,13,22462.33000000001,2,120.85,2opt,acceptBad
508,13,22488.310000000005,2,120.85,2opt,acceptBad
509,13,22488.310000000005,2,120.85,move,improve
510,13,22506.77,2,120.85,2opt,acceptBad
511,13,22504.88,2,120.85,2opt,improve
512,13,19847.46999999999,2,120.85,2opt,improve
513,13,19665.509999999995,2,120.85,swap,improve
514,13,19759.78999999999,2,120.85,2opt,acceptBad
515,13,19759.78999999999,2,120.85,2opt,improve
516,13,19764.49999999999,2,120.85,swap,acceptBad
517,13,19300.19999999999,2,120.85,move,improve
518,13,19102.959999999995,2,120.85,2opt,improve
519,13,18624.289999999994,2,120.85,move,improve
520,13,18957.190000000002,2,120.85,2opt,acceptBad
521,13,18964.79,2,120.85,swap,acceptBad
522,13,18938.030000000002,2,120.85,swap,improve
523,13,18957.09,2,120.85,swap,acceptBad
524,13,18459.780000000006,2,120.85,move,improve
525,13,18557.170000000006,2,120.85,swap,acceptBad
526,13,18558.26,2,120.85,2opt,acceptBad
527,13,19166.280000000006,2,120.85,2opt,acceptBad
528,13,18716.479999999996,2,120.85,2opt,improve
529,13,18540.129999999997,2,120.85,move,improve
530,13,18581.709999999992,2,120.85,move,acceptBad
531,13,18941.409999999993,2,120.85,swap,acceptBad
532,13,18154.909999999993,2,120.85,move,improve
533,13,18191.859999999997,2,120.85,swap,acceptBad
534,13,18191.859999999997,2,120.85,2opt,improve
535,13,18194.770000000008,2,120.85,2opt,acceptBad
536,13,18951.750000000004,2,120.85,2opt,acceptBad
537,13,19509.979999999996,2,120.85,2opt,acceptBad
538,13,18635.510000000002,2,120.85,move,improve
539,13,18635.510000000002,2,120.85,move,improve
540,13,19568.200000000004,2,120.85,2opt,acceptBad
541,13,19567.809999999998,2,120.85,2opt,improve
542,13,18652.45,2,120.85,move,improve
543,13,18519.19,2,120.85,swap,improve
544,13,18538.56,2,120.85,2opt,acceptBad
545,13,19024.590000000004,2,120.85,swap,acceptBad
546,13,19516.8,2,120.85,2opt,acceptBad
547,13,19516.8,2,120.85,move,improve
548,13,19206.450000000004,2,120.85,move,improve
549,13,21107.679999999997,2,120.85,2opt,acceptBad
550,13,22736.090000000007,2,120.85,2opt,acceptBad
551,13,22403.990000000005,2,120.85,move,improve
552,13,21745.270000000015,2,120.85,2opt,improve
553,13,22241.230000000018,2,120.85,swap,acceptBad
554,13,21653.58000000001,2,120.85,2opt,improve
555,13,21190.699999999986,2,120.85,swap,improve
556,13,21190.699999999986,2,120.85,move,improve
557,13,21190.230000000014,2,120.85,2opt,improve
558,13,20841.04,2,120.85,2opt,improve
559,13,21081.66,2,120.85,swap,acceptBad
560,13,20693.27999999999,2,120.85,2opt,improve
561,13,20434.089999999993,2,120.85,swap,improve
562,13,19434.17,2,120.85,move,improve
563,13,18984.989999999998,2,120.85,move,improve
564,13,18854.19,2,120.85,2opt,improve
565,13,18656.27,2,120.85,swap,improve
566,13,17219.92,2,120.85,move,improve
567,13,16767.449999999993,2,120.85,move,improve
568,13,16280.139999999996,2,120.85,move,improve
569,13,17188.009999999995,2,120.85,2opt,acceptBad
570,13,17188.009999999995,2,120.85,move,improve
571,13,17187.309999999994,2,120.85,swap,improve
572,13,17280.389999999992,2,120.85,swap,acceptBad
573,13,17759.299999999996,2,120.85,swap,acceptBad
574,13,17259.969999999998,2,120.85,move,improve
575,13,16645.600000000002,2,120.85,move,improve
576,13,17213.150000000005,2,120.85,2opt,acceptBad
577,13,15321.04,2,120.85,move,improve
578,13,15293.760000000002,2,120.85,2opt,improve
579,13,15351.020000000004,2,120.85,2opt,acceptBad
580,13,14458.630000000001,2,120.85,move,improve
581,13,14027.929999999998,2,120.85,2opt,improve
582,12,12493.079999999998,2,120.85,2opt,improve
583,12,12213.630000000001,2,120.85,swap,improve
584,12,12216.960000000001,2,120.85,swap,acceptBad
585,12,11186.460000000001,2,120.85,2opt,improve
586,12,11037.599999999999,2,120.85,swap,improve
587,12,11823.479999999998,2,120.85,2opt,acceptBad
588,12,11823.479999999998,2,120.85,move,improve
589,12,11622.22,2,120.85,swap,improve
590,12,11622.22,2,120.85,move,improve
591,12,11622.22,2,120.85,move,improve
592,12,11145.250000000004,2,120.85,move,improve
593,12,11099.520000000002,2,120.85,swap,improve
594,12,11099.520000000002,2,120.85,move,improve
595,12,11154.03,2,120.85,2opt,acceptBad
596,12,10811.5,2,120.85,2opt,improve
597,12,10767.560000000001,2,120.85,swap,improve
598,11,10390.89,2,120.85,2opt,improve
599,11,10389.55,2,120.85,swap,improve
600,11,9940.570000000003,2,120.85,move,improve
601,12,12629.280000000002,2,120.85,2opt,acceptBad
602,12,16432.909999999996,2,120.85,2opt,acceptBad
603,12,15895.419999999996,2,120.85,move,improve
604,12,15214.990000000002,2,120.85,move,improve
605,12,14990.930000000004,2,120.85,move,improve
606,12,14930.430000000004,2,120.85,swap,improve
607,12,16497.590000000004,2,120.85,swap,acceptBad
608,12,17072.380000000005,2,120.85,2opt,acceptBad
609,13,19180.11,2,120.85,2opt,acceptBad
610,13,17095.509999999995,2,120.85,move,improve
611,13,17226.819999999996,2,120.85,swap,acceptBad
612,13,18164.55,2,120.85,swap,acceptBad
613,13,17982.860000000004,2,120.85,swap,improve
614,13,18553.449999999997,2,120.85,2opt,acceptBad
615,13,19396.1,2,120.85,2opt,acceptBad
616,12,17166.48,2,120.85,2opt,improve
617,11,14884.030000000004,2,120.85,2opt,improve
618,11,14884.030000000004,2,120.85,2opt,improve
619,11,14337.72,2,120.85,move,improve
620,11,14814.780000000002,2,120.85,2opt,acceptBad
621,11,14553.65,2,120.85,2opt,improve
622,11,14556.720000000001,2,120.85,2opt,acceptBad
623,11,14554.629999999997,2,120.85,swap,improve
624,11,16451.49,2,120.85,swap,acceptBad
625,11,16455.170000000006,2,120.85,2opt,acceptBad
626,11,16636.770000000004,2,120.85,2opt,acceptBad
627,11,16388.520000000004,2,120.85,move,improve
628,12,19912.61000000001,2,120.85,2opt,acceptBad
629,12,19911.62000000001,2,120.85,swap,improve
630,11,16494.530000000002,2,120.85,2opt,improve
631,11,15964.539999999999,2,120.85,move,improve
632,11,15959.339999999998,2,120.85,swap,improve
633,11,15518.069999999998,2,120.85,move,improve
634,11,15518.069999999998,2,120.85,move,improve
635,11,15391.53,2,120.85,swap,improve
636,11,15472.519999999999,2,120.85,swap,acceptBad
637,11,15749.5,2,120.85,swap,acceptBad
638,11,15747.34,2,120.85,2opt,improve
639,11,16435.170000000006,2,120.85,2opt,acceptBad
640,11,16795.950000000004,2,120.85,2opt,acceptBad
641,11,16911.370000000003,2,120.85,swap,acceptBad
642,11,16728.78,2,120.85,swap,improve
643,11,16068.31,2,120.85,2opt,improve
644,11,16001.440000000002,2,120.85,swap,improve
645,11,16220.5,2,120.85,2opt,acceptBad
646,11,15791.57,2,120.85,move,improve
647,11,15562.420000000004,2,120.85,move,improve
648,11,15305.960000000001,2,120.85,2opt,improve
649,11,15304.050000000001,2,120.85,swap,improve
650,11,15390.76,2,120.85,2opt,acceptBad
651,10,11580.6,2,120.85,move,improve
652,10,12123.6,2,120.85,2opt,acceptBad
653,10,11695.52,2,120.85,move,improve
654,10,11989.990000000002,2,120.85,swap,acceptBad
655,10,11936.800000000001,2,120.85,swap,improve
656,10,11345.090000000002,2,120.85,move,improve
657,10,11833.71,2,120.85,2opt,acceptBad
658,10,11446.92,2,120.85,move,improve
659,10,10822.160000000003,2,120.85,move,improve
660,10,10822.160000000003,2,120.85,move,improve
661,10,10549.470000000005,2,120.85,swap,improve
662,10,10854.730000000003,2,120.85,2opt,acceptBad
663,10,10854.730000000003,2,120.85,move,improve
664,10,10542.93,2,120.85,move,improve
665,10,10472.750000000004,2,120.85,move,improve
666,10,11067.01,2,120.85,swap,acceptBad
667,10,11068.08,2,120.85,swap,acceptBad
668,10,11097.51,2,120.85,swap,acceptBad
669,10,10686.57,2,120.85,swap,improve
670,10,9776.8,2,120.85,2opt,improve
671,10,9276.249999999996,2,120.85,move,improve
672,10,10933.770000000002,2,120.85,2opt,acceptBad
673,9,6532.59,2,120.85,2opt,improve
674,9,6578.870000000002,2,120.85,swap,acceptBad
675,9,6381.070000000001,2,120.85,move,improve
676,9,6383.9900000000025,2,120.85,swap,acceptBad
677,9,7700.1,2,120.85,2opt,acceptBad
678,9,7701.27,2,120.85,2opt,acceptBad
679,9,6329.32,2,120.85,move,improve
680,9,6319.999999999999,2,120.85,swap,improve
681,10,9687.940000000002,2,120.85,2opt,acceptBad
682,10,9349.72,2,120.85,move,improve
683,10,9329.93,2,120.85,move,improve
684,10,9329.38,2,120.85,swap,improve
685,10,11520.57,2,120.85,2opt,acceptBad
686,10,10986.240000000003,2,120.85,move,improve
687,10,11177.570000000003,2,120.85,swap,acceptBad
688,10,11160.970000000003,2,120.85,swap,improve
689,10,11451.250000000002,2,120.85,2opt,acceptBad
690,10,11125.730000000003,2,120.85,move,improve
691,10,9935.330000000002,2,120.85,move,improve
692,10,9935.330000000002,2,120.85,2opt,notBad
693,10,9398.950000000003,2,120.85,move,improve
694,10,8957.53,2,120.85,move,improve
695,10,8396.849999999997,2,120.85,2opt,improve
696,10,8396.639999999996,2,120.85,swap,improve
697,10,8396.639999999996,2,120.85,2opt,notBad
698,10,8646.779999999999,2,120.85,swap,acceptBad
699,10,8646.779999999999,2,120.85,move,improve
700,10,8168.259999999998,2,120.85,move,improve
701,10,7521.779999999999,2,120.85,move,improve
702,10,10415.699999999999,2,120.85,swap,acceptBad
703,10,10540.710000000001,2,120.85,2opt,acceptBad
704,10,10612.31,2,120.85,swap,acceptBad
705,10,8324.36,2,120.85,move,improve
706,10,8035.12,2,120.85,swap,improve
707,10,8740.38,2,120.85,swap,acceptBad
708,10,8236.0,2,120.85,move,improve
709,10,7608.679999999999,2,120.85,move,improve
710,10,7861.68,2,120.85,swap,acceptBad
711,10,7843.14,2,120.85,swap,improve
712,10,9740.220000000001,2,120.85,2opt,acceptBad
713,10,9659.68,2,120.85,move,improve
714,10,9658.79,2,120.85,move,improve
715,10,9193.720000000001,2,120.85,move,improve
716,10,8538.620000000003,2,120.85,move,improve
717,10,8612.340000000004,2,120.85,swap,acceptBad
718,10,8652.580000000004,2,120.85,2opt,acceptBad
719,10,8621.699999999999,2,120.85,swap,improve
720,10,8409.179999999997,2,120.85,move,improve
721,10,8084.009999999999,2,120.85,move,improve
722,10,8084.009999999999,2,120.85,move,improve
723,10,8679.239999999998,2,120.85,2opt,acceptBad
724,10,10598.32,2,120.85,2opt,acceptBad
725,10,14459.799999999997,2,120.85,swap,acceptBad
726,10,14455.449999999999,2,120.85,2opt,improve
727,10,14058.11,2,120.85,move,improve
728,10,14135.75,2,120.85,swap,acceptBad
729,10,14135.75,2,120.85,move,improve
730,10,14037.37,2,120.85,move,improve
731,10,13643.699999999995,2,120.85,move,improve
732,10,13085.359999999997,2,120.85,move,improve
733,10,12600.619999999995,2,120.85,move,improve
734,10,12198.469999999998,2,120.85,move,improve
735,10,12088.769999999997,2,120.85,swap,improve
736,10,12209.079999999998,2,120.85,swap,acceptBad
737,10,11774.999999999998,2,120.85,2opt,improve
738,10,11623.730000000001,2,120.85,swap,improve
739,10,11716.72,2,120.85,2opt,acceptBad
740,10,11763.320000000002,2,120.85,2opt,acceptBad
741,10,12137.12,2,120.85,2opt,acceptBad
742,10,11665.399999999998,2,120.85,move,improve
743,10,11666.209999999997,2,120.85,2opt,acceptBad
744,11,16547.509999999995,2,120.85,2opt,acceptBad
745,11,16532.669999999995,2,120.85,swap,improve
746,11,15580.149999999994,2,120.85,move,improve
747,11,16522.900000000005,2,120.85,2opt,acceptBad
748,11,16711.210000000003,2,120.85,swap,acceptBad
749,11,16553.640000000003,2,120.85,swap,improve
750,11,16542.210000000003,2,120.85,swap,improve
751,10,12428.230000000003,2,120.85,2opt,improve
752,10,12412.989999999998,2,120.85,2opt,improve
753,10,12285.279999999999,2,120.85,move,improve
754,10,12218.079999999998,2,120.85,swap,improve
755,10,12199.210000000001,2,120.85,swap,improve
756,10,12218.330000000002,2,120.85,2opt,acceptBad
757,10,11923.410000000002,2,120.85,swap,improve
758,10,12071.250000000002,2,120.85,swap,acceptBad
759,10,12071.250000000002,2,120.85,2opt,notBad
760,10,12493.989999999998,2,120.85,2opt,acceptBad
761,10,11593.54,2,120.85,swap,improve
762,11,14126.289999999999,2,120.85,2opt,acceptBad
763,11,15101.4,2,120.85,2opt,acceptBad
764,11,15390.649999999994,2,120.85,swap,acceptBad
765,11,14591.789999999997,2,120.85,2opt,improve
766,11,14505.159999999998,2,120.85,swap,improve
767,11,14505.159999999998,2,120.85,move,improve
768,11,14321.22,2,120.85,swap,improve
769,11,14321.22,2,120.85,move,improve
770,11,16470.209999999992,2,120.85,2opt,acceptBad
771,11,15940.409999999996,2,120.85,move,improve
772,11,18222.249999999996,2,120.85,swap,acceptBad
773,11,17644.079999999998,2,120.85,swap,improve
774,11,17679.109999999997,2,120.85,swap,acceptBad
775,11,17700.02,2,120.85,2opt,acceptBad
776,11,17658.29,2,120.85,swap,improve
777,11,17060.529999999995,2,120.85,2opt,improve
778,11,17352.979999999996,2,120.85,swap,acceptBad
779,11,16839.700000000004,2,120.85,move,improve
780,11,16596.5,2,120.85,move,improve
781,11,16596.5,2,120.85,move,improve
782,11,16454.029999999995,2,120.85,swap,improve
783,11,16137.859999999999,2,120.85,move,improve
784,11,14388.160000000002,2,120.85,move,improve
785,11,17569.390000000003,2,120.85,2opt,acceptBad
786,11,16689.420000000006,2,120.85,move,improve
787,11,16165.539999999999,2,120.85,move,improve
788,11,16165.539999999999,2,120.85,move,improve
789,11,16165.539999999999,2,120.85,move,improve
790,10,13372.829999999998,2,120.85,2opt,improve
791,10,13381.829999999996,2,120.85,swap,acceptBad
792,10,12142.649999999998,2,120.85,move,improve
793,10,12186.910000000002,2,120.85,swap,acceptBad
794,10,11737.910000000003,2,120.85,2opt,improve
795,10,11727.420000000006,2,120.85,swap,improve
796,10,11185.050000000005,2,120.85,swap,improve
797,10,11279.080000000002,2,120.85,2opt,acceptBad
798,9,9295.33,2,120.85,2opt,improve
799,9,8429.08,2,120.85,move,improve
800,9,9941.260000000002,2,120.85,swap,acceptBad
801,9,9515.99,2,120.85,2opt,improve
802,9,9515.99,2,120.85,move,improve
803,9,9515.99,2,120.85,move,improve
804,9,8932.480000000001,2,120.85,2opt,improve
805,9,8628.54,2,120.85,2opt,improve
806,9,8130.32,2,120.85,move,improve
807,9,7600.219999999999,2,120.85,move,improve
808,9,8398.82,2,120.85,2opt,acceptBad
809,9,8160.3899999999985,2,120.85,swap,improve
810,9,8156.379999999999,2,120.85,swap,improve
811,9,7688.579999999999,2,120.85,move,improve
812,9,7165.479999999999,2,120.85,move,improve
813,9,7033.48,2,120.85,swap,improve
814,9,8191.379999999997,2,120.85,2opt,acceptBad
815,9,8528.08,2,120.85,swap,acceptBad
816,9,9264.099999999999,2,120.85,swap,acceptBad
817,9,8832.890000000001,2,120.85,move,improve
818,9,8700.64,2,120.85,swap,improve
819,9,8949.74,2,120.85,2opt,acceptBad
820,9,8713.7,2,120.85,swap,improve
821,9,8805.779999999999,2,120.85,swap,acceptBad
822,9,9533.709999999997,2,120.85,2opt,acceptBad
823,9,10132.29,2,120.85,swap,acceptBad
824,9,10369.220000000001,2,120.85,2opt,acceptBad
825,9,10365.24,2,120.85,2opt,improve
826,9,9846.590000000002,2,120.85,swap,improve
827,9,11754.46,2,120.85,2opt,acceptBad
828,9,11752.910000000005,2,120.85,2opt,improve
829,9,11166.710000000001,2,120.85,move,improve
830,9,11277.400000000001,2,120.85,swap,acceptBad
831,9,10863.439999999999,2,120.85,2opt,improve
832,9,10588.289999999997,2,120.85,move,improve
833,10,12036.910000000003,2,120.85,2opt,acceptBad
834,10,12143.110000000002,2,120.85,2opt,acceptBad
835,10,12396.310000000003,2,120.85,2opt,acceptBad
836,10,12232.050000000003,2,120.85,swap,improve
837,10,11982.790000000003,2,120.85,move,improve
838,10,13862.310000000001,2,120.85,2opt,acceptBad
839,10,13595.55,2,120.85,2opt,improve
840,10,11076.750000000002,2,120.85,move,improve
841,10,10104.45,2,120.85,move,improve
842,10,9707.660000000002,2,120.85,2opt,improve
843,10,9282.96,2,120.85,move,improve
844,10,9297.720000000001,2,120.85,swap,acceptBad
845,10,9832.930000000002,2,120.85,2opt,acceptBad
846,10,9857.33,2,120.85,swap,acceptBad
847,10,10235.590000000004,2,120.85,2opt,acceptBad
848,10,10122.77,2,120.85,swap,improve
849,10,10358.550000000003,2,120.85,2opt,acceptBad
850,10,12155.720000000005,2,120.85,2opt,acceptBad
851,11,16124.48000000001,2,120.85,2opt,acceptBad
852,11,15704.520000000002,2,120.85,2opt,improve
853,11,17758.98,2,120.85,swap,acceptBad
854,11,16200.159999999996,2,120.85,move,improve
855,11,16188.88,2,120.85,swap,improve
856,11,18126.459999999992,2,120.85,2opt,acceptBad
857,11,17800.739999999994,2,120.85,swap,improve
858,11,17666.099999999995,2,120.85,move,improve
859,11,18140.02999999999,2,120.85,swap,acceptBad
860,11,17081.159999999996,2,120.85,move,improve
861,11,16648.729999999996,2,120.85,2opt,improve
862,11,16085.349999999999,2,120.85,move,improve
863,11,16041.470000000001,2,120.85,swap,improve
864,11,15718.17,2,120.85,move,improve
865,11,15953.32,2,120.85,swap,acceptBad
866,11,15514.78,2,120.85,move,improve
867,11,15533.210000000003,2,120.85,swap,acceptBad
868,11,15536.900000000003,2,120.85,swap,acceptBad
869,11,17263.670000000006,2,120.85,2opt,acceptBad
870,11,15723.730000000003,2,120.85,2opt,improve
871,11,15830.100000000002,2,120.85,swap,acceptBad
872,11,15832.51,2,120.85,2opt,acceptBad
873,11,15834.5,2,120.85,swap,acceptBad
874,11,14912.050000000001,2,120.85,move,improve
875,11,15658.620000000003,2,120.85,2opt,acceptBad
876,11,15803.180000000006,2,120.85,swap,acceptBad
877,11,15051.42000000001,2,120.85,move,improve
878,11,15274.020000000008,2,120.85,swap,acceptBad
879,11,15006.080000000004,2,120.85,move,improve
880,11,15149.020000000004,2,120.85,swap,acceptBad
881,11,15144.750000000004,2,120.85,swap,improve
882,11,14280.670000000004,2,120.85,move,improve
883,11,13893.180000000006,2,120.85,swap,improve
884,11,13959.950000000003,2,120.85,swap,acceptBad
885,11,13699.550000000001,2,120.85,swap,improve
886,11,13329.009999999997,2,120.85,move,improve
887,11,13329.009999999997,2,120.85,move,improve
888,11,14001.639999999998,2,120.85,2opt,acceptBad
889,11,14278.500000000004,2,120.85,2opt,acceptBad
890,11,14459.460000000001,2,120.85,swap,acceptBad
891,11,14023.3,2,120.85,move,improve
892,11,14027.86,2,120.85,swap,acceptBad
893,11,14211.300000000001,2,120.85,swap,acceptBad
894,11,13512.330000000002,2,120.85,move,improve
895,11,13065.050000000001,2,120.85,move,improve
896,11,13065.050000000001,2,120.85,move,improve
897,11,14725.91,2,120.85,swap,acceptBad
898,11,15025.86,2,120.85,swap,acceptBad
899,11,14965.97,2,120.85,swap,improve
900,11,14399.069999999998,2,120.85,move,improve
901,11,14524.859999999997,2,120.85,swap,acceptBad
902,11,14418.849999999999,2,120.85,swap,improve
903,11,14424.37,2,120.85,2opt,acceptBad
904,11,14262.37,2,120.85,move,improve
905,11,14210.29,2,120.85,swap,improve
906,11,14207.92,2,120.85,swap,improve
907,11,14385.210000000001,2,120.85,swap,acceptBad
908,11,14312.780000000002,2,120.85,move,improve
909,11,13674.220000000003,2,120.85,move,improve
910,11,13674.220000000003,2,120.85,2opt,improve
911,11,13627.4,2,120.85,swap,improve
912,11,13262.900000000003,2,120.85,2opt,improve
913,11,13329.770000000002,2,120.85,swap,acceptBad
914,11,13424.849999999999,2,120.85,swap,acceptBad
915,11,12888.210000000001,2,120.85,2opt,improve
916,11,14579.970000000003,2,120.85,2opt,acceptBad
917,11,14844.510000000004,2,120.85,2opt,acceptBad
918,11,14844.510000000004,2,120.85,2opt,notBad
919,11,13094.54,2,120.85,move,improve
920,11,11666.359999999999,2,120.85,move,improve
921,11,10819.329999999998,2,120.85,move,improve
922,11,11849.079999999998,2,120.85,2opt,acceptBad
923,11,11762.969999999998,2,120.85,swap,improve
924,11,13149.680000000002,2,120.85,swap,acceptBad
925,11,13303.390000000003,2,120.85,2opt,acceptBad
926,11,13047.560000000001,2,120.85,2opt,improve
927,11,15239.710000000001,2,120.85,2opt,acceptBad
928,11,15469.520000000002,2,120.85,swap,acceptBad
929,11,14199.769999999999,2,120.85,move,improve
930,11,13938.349999999999,2,120.85,move,improve
931,11,13959.739999999998,2,120.85,swap,acceptBad
932,11,13959.739999999998,2,120.85,2opt,notBad
933,11,13954.619999999999,2,120.85,swap,improve
934,11,13919.449999999997,2,120.85,swap,improve
935,11,14622.9,2,120.85,swap,acceptBad
936,12,18569.53,2,120.85,2opt,acceptBad
937,11,16061.050000000001,2,120.85,2opt,improve
938,11,15561.67,2,120.85,swap,improve
939,11,14644.290000000005,2,120.85,2opt,improve
940,11,13908.25,2,120.85,move,improve
941,11,14948.659999999996,2,120.85,2opt,acceptBad
942,11,14602.55,2,120.85,move,improve
943,11,14588.05,2,120.85,2opt,improve
944,11,14736.660000000002,2,120.85,swap,acceptBad
945,11,12206.900000000003,2,120.85,2opt,improve
946,11,12206.900000000003,2,120.85,2opt,notBad
947,11,11747.23,2,120.85,move,improve
948,11,11449.600000000002,2,120.85,move,improve
949,11,11311.450000000003,2,120.85,swap,improve
950,11,12480.110000000002,2,120.85,2opt,acceptBad
951,11,12626.42,2,120.85,swap,acceptBad
952,11,12637.070000000002,2,120.85,swap,acceptBad
953,11,12634.050000000001,2,120.85,swap,improve
954,11,15178.300000000003,2,120.85,swap,acceptBad
955,11,15093.730000000001,2,120.85,move,improve
956,11,15214.790000000003,2,120.85,2opt,acceptBad
957,11,15215.849999999995,2,120.85,2opt,acceptBad
958,11,15505.679999999995,2,120.85,swap,acceptBad
959,11,15520.849999999999,2,120.85,2opt,acceptBad
960,11,15030.139999999998,2,120.85,move,improve
961,11,14976.699999999999,2,120.85,swap,improve
962,11,15219.99,2,120.85,2opt,acceptBad
963,11,15342.719999999996,2,120.85,swap,acceptBad
964,11,17388.670000000002,2,120.85,2opt,acceptBad
965,11,17129.25,2,120.85,move,improve
966,11,16857.200000000004,2,120.85,move,improve
967,11,16508.920000000006,2,120.85,swap,improve
968,11,16197.94,2,120.85,2opt,improve
969,11,16197.94,2,120.85,2opt,notBad
970,11,15821.57,2,120.85,move,improve
971,11,15830.709999999997,2,120.85,2opt,acceptBad
972,11,15413.780000000002,2,120.85,move,improve
973,11,15128.169999999998,2,120.85,2opt,improve
974,11,14400.089999999998,2,120.85,move,improve
975,11,14566.179999999997,2,120.85,swap,acceptBad
976,12,16688.720000000005,2,120.85,2opt,acceptBad
977,12,17075.590000000007,2,120.85,swap,acceptBad
978,12,17092.399999999998,2,120.85,2opt,acceptBad
979,12,16297.119999999995,2,120.85,move,improve
980,12,17561.69,2,120.85,swap,acceptBad
981,12,17335.029999999995,2,120.85,move,improve
982,12,17366.959999999992,2,120.85,swap,acceptBad
983,12,17365.649999999994,2,120.85,2opt,improve
984,12,18601.11,2,120.85,2opt,acceptBad
985,11,14530.030000000002,2,120.85,move,improve
986,11,14529.950000000003,2,120.85,swap,improve
987,11,14755.890000000001,2,120.85,swap,acceptBad
988,11,14756.600000000002,2,120.85,swap,acceptBad
989,11,14488.519999999999,2,120.85,move,improve
990,11,14467.02,2,120.85,swap,improve
991,11,14453.339999999998,2,120.85,swap,improve
992,11,14054.930000000006,2,120.85,2opt,improve
993,11,13367.090000000004,2,120.85,move,improve
994,11,13043.840000000002,2,120.85,move,improve
995,11,12631.600000000004,2,120.85,move,improve
996,11,12213.570000000002,2,120.85,move,improve
997,11,12309.29,2,120.85,swap,acceptBad
998,11,12045.79,2,120.85,move,improve
999,11,12852.139999999998,2,120.85,swap,acceptBad
1000,11,12364.07,2,120.85,move,improve
1001,11,12911.680000000004,2,120.85,2opt,acceptBad
1002,11,12913.430000000004,2,120.85,swap,acceptBad
1003,11,12921.739999999998,2,120.85,swap,acceptBad
1004,11,12927.84,2,120.85,2opt,acceptBad
1005,11,12931.19,2,120.85,swap,acceptBad
1006,11,12926.91,2,120.85,2opt,improve
1007,11,12926.91,2,120.85,move,improve
1008,11,12577.34,2,120.85,move,improve
1009,11,12260.189999999999,2,120.85,move,improve
1010,11,12175.38,2,120.85,move,improve
1011,11,12123.1,2,120.85,swap,improve
1012,11,12123.1,2,120.85,2opt,notBad
1013,11,12123.1,2,120.85,move,improve
1014,11,12117.98,2,120.85,swap,improve
1015,11,12121.349999999997,2,120.85,swap,acceptBad
1016,11,12115.249999999996,2,120.85,2opt,improve
1017,11,12221.879999999997,2,120.85,swap,acceptBad
1018,11,12221.879999999997,2,120.85,move,improve
1019,11,11677.579999999996,2,120.85,move,improve
1020,11,11677.579999999996,2,120.85,2opt,improve
1021,11,11672.909999999996,2,120.85,2opt,improve
1022,11,11703.989999999994,2,120.85,2opt,acceptBad
1023,11,11703.989999999994,2,120.85,move,improve
1024,11,11244.559999999996,2,120.85,move,improve
1025,11,11501.25,2,120.85,2opt,acceptBad
1026,11,11222.039999999999,2,120.85,move,improve
1027,11,11265.799999999997,2,120.85,swap,acceptBad
1028,11,11330.46,2,120.85,swap,acceptBad
1029,11,11330.53,2,120.85,2opt,acceptBad
1030,11,11330.53,2,120.85,2opt,notBad
1031,11,11005.890000000001,2,120.85,swap,improve
1032,11,10999.800000000001,2,120.85,2opt,improve
1033,11,10967.580000000004,2,120.85,swap,improve
1034,11,12011.670000000002,2,120.85,swap,acceptBad
1035,11,11519.600000000002,2,120.85,move,improve
1036,11,10959.680000000006,2,120.85,move,improve
1037,11,10564.220000000007,2,120.85,2opt,improve
1038,11,10564.760000000004,2,120.85,2opt,acceptBad
1039,11,10163.660000000002,2,120.85,move,improve
1040,11,10134.04,2,120.85,move,improve
1041,11,11657.37,2,120.85,2opt,acceptBad
1042,11,11618.890000000003,2,120.85,swap,improve
1043,11,11133.75,2,120.85,move,improve
1044,11,11133.75,2,120.85,2opt,improve
1045,11,11077.369999999999,2,120.85,move,improve
1046,11,10396.089999999998,2,120.85,move,improve
1047,11,9718.130000000001,2,120.85,move,improve
1048,11,9718.130000000001,2,120.85,2opt,improve
1049,11,9263.37,2,120.85,move,improve
1050,11,9305.669999999995,2,120.85,swap,acceptBad
1051,11,9305.669999999995,2,120.85,move,improve
1052,11,9305.669999999995,2,120.85,move,improve
1053,11,10899.869999999999,2,120.85,swap,acceptBad
1054,11,10820.509999999997,2,120.85,move,improve
1055,11,10820.509999999997,2,120.85,2opt,notBad
1056,11,10820.509999999997,2,120.85,2opt,notBad
1057,11,10086.759999999997,2,120.85,move,improve
1058,11,10086.759999999997,2,120.85,2opt,notBad
1059,11,9211.389999999996,2,120.85,move,improve
1060,11,8685.099999999999,2,120.85,move,improve
1061,11,8685.099999999999,2,120.85,2opt,notBad
1062,11,8533.129999999996,2,120.85,move,improve
1063,12,13191.14,2,120.85,2opt,acceptBad
1064,12,13239.399999999998,2,120.85,2opt,acceptBad
1065,12,13239.399999999998,2,120.85,2opt,notBad
1066,12,11386.529999999999,2,120.85,move,improve
1067,12,10145.759999999997,2,120.85,move,improve
1068,12,10129.679999999997,2,120.85,swap,improve
1069,12,11852.240000000003,2,120.85,swap,acceptBad
1070,12,11956.83,2,120.85,2opt,acceptBad
1071,12,11841.509999999998,2,120.85,move,improve
1072,12,11969.129999999996,2,120.85,2opt,acceptBad
1073,12,11969.129999999996,2,120.85,move,improve
1074,12,11949.850000000004,2,120.85,swap,improve
1075,12,11949.850000000004,2,120.85,move,improve
1076,12,12234.810000000001,2,120.85,swap,acceptBad
1077,12,12234.810000000001,2,120.85,move,improve
1078,12,12302.040000000006,2,120.85,swap,acceptBad
1079,12,12302.040000000006,2,120.85,2opt,notBad
1080,12,11937.070000000005,2,120.85,move,improve
1081,12,11913.490000000003,2,120.85,swap,improve
1082,12,13216.220000000003,2,120.85,2opt,acceptBad
1083,12,12209.590000000004,2,120.85,move,improve
1084,12,12471.150000000007,2,120.85,swap,acceptBad
1085,11,10337.640000000007,2,120.85,move,improve
1086,11,10337.640000000007,2,120.85,2opt,notBad
1087,11,10337.640000000007,2,120.85,2opt,notBad
1088,11,10229.940000000004,2,120.85,swap,improve
1089,11,11864.630000000001,2,120.85,2opt,acceptBad
1090,11,11864.630000000001,2,120.85,2opt,notBad
1091,11,11864.630000000001,2,120.85,move,improve
1092,11,11283.51,2,120.85,move,improve
1093,11,11304.429999999997,2,120.85,swap,acceptBad
1094,11,10665.379999999997,2,120.85,move,improve
1095,11,10857.509999999997,2,120.85,2opt,acceptBad
1096,11,9731.17,2,120.85,2opt,improve
1097,11,9731.17,2,120.85,move,improve
1098,11,9731.17,2,120.85,2opt,notBad
1099,11,9610.91,2,120.85,2opt,improve
1100,11,9527.019999999999,2,120.85,swap,improve
1101,11,9369.42,2,120.85,swap,improve
1102,11,9229.42,2,120.85,move,improve
1103,11,9209.909999999996,2,120.85,move,improve
1104,11,12991.190000000002,2,120.85,2opt,acceptBad
1105,11,13161.43,2,120.85,2opt,acceptBad
1106,11,13427.589999999997,2,120.85,2opt,acceptBad
1107,11,13476.68,2,120.85,swap,acceptBad
1108,11,13831.349999999999,2,120.85,swap,acceptBad
1109,11,13955.030000000004,2,120.85,swap,acceptBad
1110,11,14279.800000000003,2,120.85,swap,acceptBad
1111,11,13041.070000000003,2,120.85,2opt,improve
1112,10,12703.370000000004,2,120.85,2opt,improve
1113,10,12140.830000000004,2,120.85,swap,improve
1114,10,12074.95,2,120.85,2opt,improve
1115,10,12378.660000000003,2,120.85,swap,acceptBad
1116,10,14174.580000000005,2,120.85,2opt,acceptBad
1117,10,14035.850000000002,2,120.85,2opt,improve
1118,10,13557.920000000006,2,120.85,move,improve
1119,10,13209.74,2,120.85,move,improve
1120,10,13209.74,2,120.85,2opt,notBad
1121,10,13341.340000000004,2,120.85,swap,acceptBad
1122,10,13339.400000000007,2,120.85,2opt,improve
1123,10,13337.530000000006,2,120.85,swap,improve
1124,10,13170.050000000003,2,120.85,swap,improve
1125,11,15821.660000000005,2,120.85,2opt,acceptBad
1126,11,15766.870000000004,2,120.85,move,improve
1127,11,15766.870000000004,2,120.85,2opt,improve
1128,11,15564.820000000005,2,120.85,swap,improve
1129,11,15564.820000000005,2,120.85,2opt,notBad
1130,11,15056.3,2,120.85,move,improve
1131,11,14958.189999999999,2,120.85,swap,improve
1132,11,14958.189999999999,2,120.85,2opt,notBad
1133,11,13918.1,2,120.85,move,improve
1134,11,14111.9,2,120.85,swap,acceptBad
1135,12,16891.26,2,120.85,2opt,acceptBad
1136,12,16763.420000000002,2,120.85,2opt,improve
1137,12,15314.719999999998,2,120.85,2opt,improve
1138,12,15143.62,2,120.85,move,improve
1139,12,15143.62,2,120.85,2opt,improve
1140,12,15598.220000000001,2,120.85,2opt,acceptBad
1141,12,15591.479999999998,2,120.85,swap,improve
1142,12,15591.479999999998,2,120.85,2opt,notBad
1143,12,15160.370000000003,2,120.85,move,improve
1144,12,16688.590000000004,2,120.85,2opt,acceptBad
1145,12,16263.810000000005,2,120.85,move,improve
1146,12,17203.229999999996,2,120.85,2opt,acceptBad
1147,12,17765.76,2,120.85,swap,acceptBad
1148,12,17777.62,2,120.85,2opt,acceptBad
1149,12,17598.739999999994,2,120.85,swap,improve
1150,12,17604.239999999994,2,120.85,swap,acceptBad
1151,12,17878.289999999994,2,120.85,swap,acceptBad
1152,12,17982.97,2,120.85,swap,acceptBad
1153,12,18062.120000000006,2,120.85,swap,acceptBad
1154,12,17416.610000000004,2,120.85,move,improve
1155,12,16480.870000000006,2,120.85,move,improve
1156,12,17467.84,2,120.85,swap,acceptBad
1157,12,17220.35000000001,2,120.85,2opt,improve
1158,12,17115.45,2,120.85,move,improve
1159,12,17729.11,2,120.85,2opt,acceptBad
1160,12,17504.230000000003,2,120.85,move,improve
1161,12,17442.090000000004,2,120.85,move,improve
1162,12,17302.550000000003,2,120.85,swap,improve
1163,12,17448.75,2,120.85,swap,acceptBad
1164,12,17710.219999999998,2,120.85,swap,acceptBad
1165,12,17710.219999999998,2,120.85,2opt,improve
1166,12,16990.049999999996,2,120.85,2opt,improve
1167,12,16188.570000000003,2,120.85,move,improve
1168,12,15712.470000000005,2,120.85,move,improve
1169,12,15717.750000000005,2,120.85,swap,acceptBad
1170,12,15717.750000000005,2,120.85,move,improve
1171,12,15537.069999999998,2,120.85,move,improve
1172,12,16692.309999999994,2,120.85,swap,acceptBad
1173,12,16688.089999999997,2,120.85,swap,improve
1174,12,16689.829999999994,2,120.85,swap,acceptBad
1175,12,17410.57999999999,2,120.85,2opt,acceptBad
1176,12,17652.220000000005,2,120.85,2opt,acceptBad
1177,12,17463.680000000004,2,120.85,move,improve
1178,12,16797.340000000007,2,120.85,move,improve
1179,12,18140.270000000008,2,120.85,swap,acceptBad
1180,12,17841.990000000005,2,120.85,move,improve
1181,12,17990.120000000006,2,120.85,swap,acceptBad
1182,12,17713.190000000002,2,120.85,move,improve
1183,12,17039.66,2,120.85,2opt,improve
1184,12,17840.740000000005,2,120.85,2opt,acceptBad
1185,12,18784.42,2,120.85,swap,acceptBad
1186,12,18619.14,2,120.85,swap,improve
1187,12,17826.679999999997,2,120.85,move,improve
1188,12,16736.839999999997,2,120.85,move,improve
1189,12,16125.28,2,120.85,move,improve
1190,12,15568.739999999994,2,120.85,2opt,improve
1191,12,15646.439999999999,2,120.85,swap,acceptBad
1192,12,15694.350000000002,2,120.85,2opt,acceptBad
1193,12,15812.540000000005,2,120.85,2opt,acceptBad
1194,12,15551.330000000002,2,120.85,move,improve
1195,12,15131.070000000002,2,120.85,move,improve
1196,12,14465.670000000002,2,120.85,move,improve
1197,12,14460.16,2,120.85,move,improve
1198,12,14460.16,2,120.85,2opt,notBad
1199,12,15867.609999999997,2,120.85,swap,acceptBad
1200,12,15750.229999999998,2,120.85,move,improve
1201,12,17232.39,2,120.85,swap,acceptBad
1202,12,16611.84,2,120.85,move,improve
1203,12,16439.279999999995,2,120.85,swap,improve
1204,12,15355.139999999996,2,120.85,move,improve
1205,12,15468.94,2,120.85,swap,acceptBad
1206,12,15038.45,2,120.85,move,improve
1207,12,15064.53,2,120.85,swap,acceptBad
1208,12,15134.54,2,120.85,swap,acceptBad
1209,12,15095.340000000002,2,120.85,move,improve
1210,12,15005.150000000001,2,120.85,swap,improve
1211,12,15816.739999999998,2,120.85,2opt,acceptBad
1212,12,15816.739999999998,2,120.85,move,improve
1213,12,15815.049999999997,2,120.85,swap,improve
1214,12,15815.049999999997,2,120.85,2opt,notBad
1215,12,15815.049999999997,2,120.85,2opt,notBad
1216,12,15019.449999999999,2,120.85,move,improve
1217,12,15761.350000000002,2,120.85,2opt,acceptBad
1218,12,16224.07,2,120.85,swap,acceptBad
1219,12,16248.500000000002,2,120.85,2opt,acceptBad
1220,12,16248.500000000002,2,120.85,2opt,notBad
1221,12,16248.500000000002,2,120.85,2opt,notBad
1222,12,16445.189999999995,2,120.85,swap,acceptBad
1223,12,16138.570000000003,2,120.85,move,improve
1224,12,16138.570000000003,2,120.85,move,improve
1225,12,16139.11,2,120.85,2opt,acceptBad
1226,12,16138.530000000004,2,120.85,swap,improve
1227,12,15948.670000000002,2,120.85,move,improve
1228,12,15775.630000000001,2,120.85,move,improve
1229,12,15754.470000000001,2,120.85,2opt,improve
1230,12,15764.28,2,120.85,swap,acceptBad
1231,12,15796.71,2,120.85,swap,acceptBad
1232,12,15796.71,2,120.85,move,improve
1233,12,15796.71,2,120.85,2opt,improve
1234,12,15892.029999999995,2,120.85,2opt,acceptBad
1235,12,15892.029999999995,2,120.85,2opt,notBad
1236,12,15892.029999999995,2,120.85,2opt,notBad
1237,12,15880.59,2,120.85,swap,improve
1238,12,16463.330000000005,2,120.85,2opt,acceptBad
1239,12,16110.990000000007,2,120.85,move,improve
1240,12,16457.549999999996,2,120.85,swap,acceptBad
1241,12,16441.99000000001,2,120.85,swap,improve
1242,12,16600.280000000002,2,120.85,swap,acceptBad
1243,12,16431.420000000006,2,120.85,move,improve
1244,12,16423.160000000003,2,120.85,swap,improve
1245,12,16144.380000000001,2,120.85,move,improve
1246,12,15779.979999999998,2,120.85,move,improve
1247,12,15390.329999999998,2,120.85,2opt,improve
1248,12,15450.159999999998,2,120.85,swap,acceptBad
1249,12,15450.159999999998,2,120.85,move,improve
1250,12,14909.71,2,120.85,move,improve
1251,12,14948.009999999997,2,120.85,2opt,acceptBad
1252,12,14948.009999999997,2,120.85,2opt,notBad
1253,12,14947.559999999998,2,120.85,swap,improve
1254,12,14935.27,2,120.85,move,improve
1255,12,15286.870000000003,2,120.85,2opt,acceptBad
1256,12,15298.349999999999,2,120.85,2opt,acceptBad
1257,12,15297.569999999998,2,120.85,swap,improve
1258,12,14635.419999999998,2,120.85,move,improve
1259,12,14635.419999999998,2,120.85,2opt,notBad
1260,12,14229.229999999998,2,120.85,move,improve
1261,12,15386.53,2,120.85,swap,acceptBad
1262,12,14982.269999999999,2,120.85,move,improve
1263,12,14982.269999999999,2,120.85,2opt,improve
1264,12,14982.269999999999,2,120.85,move,improve
1265,12,14982.269999999999,2,120.85,move,improve
1266,12,14827.970000000001,2,120.85,move,improve
1267,12,14606.239999999998,2,120.85,move,improve
1268,12,14607.789999999997,2,120.85,swap,acceptBad
1269,12,14607.789999999997,2,120.85,move,improve
1270,12,14898.03,2,120.85,swap,acceptBad
1271,12,17241.429999999997,2,120.85,2opt,acceptBad
1272,12,17244.309999999998,2,120.85,swap,acceptBad
1273,12,17150.229999999992,2,120.85,swap,improve
1274,12,16845.579999999994,2,120.85,move,improve
1275,12,16507.579999999994,2,120.85,move,improve
1276,12,16145.419999999995,2,120.85,move,improve
1277,12,16072.939999999997,2,120.85,swap,improve
1278,12,15972.679999999995,2,120.85,move,improve
1279,12,15830.170000000002,2,120.85,2opt,improve
1280,12,15821.17,2,120.85,swap,improve
1281,12,15955.450000000004,2,120.85,swap,acceptBad
1282,12,15606.449999999997,2,120.85,move,improve
1283,12,15606.449999999997,2,120.85,move,improve
1284,12,15020.049999999997,2,120.85,move,improve
1285,12,15020.049999999997,2,120.85,2opt,notBad
1286,12,14842.169999999995,2,120.85,2opt,improve
1287,12,14842.169999999995,2,120.85,2opt,notBad
1288,12,14842.169999999995,2,120.85,2opt,notBad
1289,12,15104.599999999999,2,120.85,2opt,acceptBad
1290,12,15501.64,2,120.85,2opt,acceptBad
1291,12,15501.64,2,120.85,move,improve
1292,11,13165.699999999999,2,120.85,2opt,improve
1293,11,13502.040000000005,2,120.85,2opt,acceptBad
1294,11,13299.77,2,120.85,move,improve
1295,11,13297.18,2,120.85,2opt,improve
1296,11,13297.18,2,120.85,2opt,notBad
1297,11,14115.39,2,120.85,swap,acceptBad
1298,11,13985.44,2,120.85,move,improve
1299,11,14142.609999999997,2,120.85,swap,acceptBad
1300,11,13705.159999999996,2,120.85,move,improve
1301,11,13333.209999999995,2,120.85,move,improve
1302,11,13196.710000000001,2,120.85,move,improve
1303,11,12848.529999999997,2,120.85,move,improve
1304,11,14272.960000000001,2,120.85,swap,acceptBad
1305,11,15660.810000000001,2,120.85,2opt,acceptBad
1306,11,15660.660000000002,2,120.85,swap,improve
1307,11,15616.2,2,120.85,move,improve
1308,11,15616.2,2,120.85,move,improve
1309,11,15617.51,2,120.85,swap,acceptBad
1310,11,15616.03,2,120.85,2opt,improve
1311,11,15616.03,2,120.85,2opt,notBad
1312,11,15121.519999999999,2,120.85,swap,improve
1313,11,16322.560000000003,2,120.85,2opt,acceptBad
1314,11,16322.560000000003,2,120.85,2opt,notBad
1315,11,16258.800000000003,2,120.85,swap,improve
1316,11,16262.36,2,120.85,2opt,acceptBad
1317,11,16449.720000000005,2,120.85,2opt,acceptBad
1318,11,16256.290000000003,2,120.85,swap,improve
1319,11,16256.290000000003,2,120.85,2opt,notBad
1320,11,15866.600000000002,2,120.85,move,improve
1321,11,15491.239999999998,2,120.85,swap,improve
1322,11,15491.779999999999,2,120.85,swap,acceptBad
1323,11,15496.249999999998,2,120.85,swap,acceptBad
1324,11,15636.970000000007,2,120.85,2opt,acceptBad
1325,11,15636.970000000007,2,120.85,2opt,notBad
1326,11,13192.300000000005,2,120.85,move,improve
1327,11,12615.270000000004,2,120.85,move,improve
1328,11,12615.270000000004,2,120.85,2opt,notBad
1329,11,12615.270000000004,2,120.85,move,improve
1330,11,12193.920000000002,2,120.85,move,improve
1331,11,12085.93,2,120.85,swap,improve
1332,11,12662.139999999996,2,120.85,swap,acceptBad
1333,11,12652.689999999993,2,120.85,move,improve
1334,11,12860.77,2,120.85,2opt,acceptBad
1335,11,12481.089999999995,2,120.85,move,improve
1336,11,12022.359999999995,2,120.85,move,improve
1337,11,12076.119999999994,2,120.85,swap,acceptBad
1338,11,12044.079999999998,2,120.85,swap,improve
1339,11,12046.599999999995,2,120.85,swap,acceptBad
1340,11,11762.939999999997,2,120.85,2opt,improve
1341,11,11785.609999999997,2,120.85,swap,acceptBad
1342,11,11756.029999999997,2,120.85,2opt,improve
1343,11,11759.909999999998,2,120.85,2opt,acceptBad
1344,11,11759.909999999998,2,120.85,2opt,notBad
1345,11,11752.269999999999,2,120.85,swap,improve
1346,11,11682.359999999997,2,120.85,swap,improve
1347,11,11614.239999999996,2,120.85,2opt,improve
1348,11,12153.789999999999,2,120.85,swap,acceptBad
1349,11,11950.01,2,120.85,move,improve
1350,11,11864.619999999999,2,120.85,move,improve
1351,11,11864.619999999999,2,120.85,2opt,notBad
1352,11,12221.840000000002,2,120.85,swap,acceptBad
1353,11,12354.009999999997,2,120.85,swap,acceptBad
1354,11,11796.45,2,120.85,move,improve
1355,11,11776.609999999999,2,120.85,2opt,improve
1356,11,11817.29,2,120.85,swap,acceptBad
1357,11,11817.29,2,120.85,move,improve
1358,11,12137.839999999998,2,120.85,swap,acceptBad
1359,11,11337.890000000001,2,120.85,2opt,improve
1360,11,11324.060000000003,2,120.85,move,improve
1361,11,11342.080000000005,2,120.85,swap,acceptBad
1362,11,12639.110000000006,2,120.85,swap,acceptBad
1363,11,12003.070000000005,2,120.85,move,improve
1364,11,11606.490000000003,2,120.85,move,improve
1365,11,11482.489999999998,2,120.85,swap,improve
1366,10,9282.689999999999,2,120.85,move,improve
1367,10,9912.43,2,120.85,2opt,acceptBad
1368,10,9514.21,2,120.85,2opt,improve
1369,10,9514.21,2,120.85,2opt,notBad
1370,10,9606.719999999998,2,120.85,swap,acceptBad
1371,10,9606.719999999998,2,120.85,2opt,notBad
1372,10,9651.4,2,120.85,swap,acceptBad
1373,10,9639.719999999998,2,120.85,move,improve
1374,10,9049.470000000001,2,120.85,move,improve
1375,10,8554.469999999998,2,120.85,move,improve
1376,10,8757.09,2,120.85,swap,acceptBad
1377,10,8757.09,2,120.85,2opt,notBad
1378,10,8047.8099999999995,2,120.85,2opt,improve
1379,10,8047.8099999999995,2,120.85,2opt,notBad
1380,10,7764.209999999999,2,120.85,move,improve
1381,10,7683.719999999997,2,120.85,swap,improve
1382,10,7338.539999999999,2,120.85,move,improve
1383,10,7265.879999999999,2,120.85,move,improve
1384,10,7784.419999999996,2,120.85,2opt,acceptBad
1385,10,7438.62,2,120.85,swap,improve
1386,10,7435.4800000000005,2,120.85,swap,improve
1387,10,7354.3,2,120.85,swap,improve
1388,10,7058.66,2,120.85,move,improve
1389,10,6926.74,2,120.85,move,improve
1390,10,6923.289999999998,2,120.85,2opt,improve
1391,10,6923.289999999998,2,120.85,move,improve
1392,10,6923.289999999998,2,120.85,move,improve
1393,10,8251.87,2,120.85,swap,acceptBad
1394,10,8289.95,2,120.85,swap,acceptBad
1395,10,8160.610000000001,2,120.85,move,improve
1396,10,8160.610000000001,2,120.85,move,improve
1397,10,8163.07,2,120.85,2opt,acceptBad
1398,10,8258.05,2,120.85,2opt,acceptBad
1399,10,8258.05,2,120.85,move,improve
1400,10,8362.45,2,120.85,2opt,acceptBad
1401,10,8068.85,2,120.85,move,improve
1402,10,8420.930000000002,2,120.85,swap,acceptBad
1403,10,8420.930000000002,2,120.85,move,improve
1404,10,8418.78,2,120.85,swap,improve
1405,10,9982.5,2,120.85,swap,acceptBad
1406,10,9982.5,2,120.85,2opt,notBad
1407,10,9986.44,2,120.85,2opt,acceptBad
1408,10,9986.44,2,120.85,2opt,notBad
1409,10,9983.25,2,120.85,2opt,improve
1410,10,9983.25,2,120.85,2opt,notBad
1411,10,10005.51,2,120.85,swap,acceptBad
1412,10,10122.649999999998,2,120.85,swap,acceptBad
1413,10,10123.189999999999,2,120.85,swap,acceptBad
1414,10,10099.519999999999,2,120.85,move,improve
1415,10,8677.69,2,120.85,move,improve
1416,10,10268.650000000001,2,120.85,swap,acceptBad
1417,10,10268.650000000001,2,120.85,2opt,notBad
1418,10,10154.210000000001,2,120.85,move,improve
1419,10,10154.210000000001,2,120.85,2opt,notBad
1420,10,10514.600000000002,2,120.85,2opt,acceptBad
1421,10,9926.119999999997,2,120.85,move,improve
1422,10,9928.38,2,120.85,2opt,acceptBad
1423,10,9452.099999999997,2,120.85,move,improve
1424,10,9452.099999999997,2,120.85,2opt,notBad
1425,10,10325.099999999999,2,120.85,2opt,acceptBad
1426,10,10285.9,2,120.85,swap,improve
1427,10,8150.980000000001,2,120.85,2opt,improve
1428,10,8707.939999999997,2,120.85,2opt,acceptBad
1429,10,8707.939999999997,2,120.85,2opt,notBad
1430,10,8290.189999999999,2,120.85,move,improve
1431,10,6884.269999999999,2,120.85,move,improve
1432,10,6884.269999999999,2,120.85,2opt,notBad
1433,10,7368.730000000002,2,120.85,2opt,acceptBad
1434,10,7368.730000000002,2,120.85,2opt,notBad
1435,10,6938.370000000001,2,120.85,move,improve
1436,10,6938.370000000001,2,120.85,2opt,notBad
1437,10,7297.750000000001,2,120.85,swap,acceptBad
1438,10,7135.270000000001,2,120.85,move,improve
1439,10,7272.750000000002,2,120.85,swap,acceptBad
1440,10,7272.750000000002,2,120.85,move,improve
1441,10,7294.28,2,120.85,swap,acceptBad
1442,10,8043.040000000004,2,120.85,swap,acceptBad
1443,10,7539.81,2,120.85,move,improve
1444,10,7539.81,2,120.85,2opt,notBad
1445,10,7539.81,2,120.85,2opt,notBad
1446,10,6750.450000000001,2,120.85,move,improve
1447,10,6900.550000000001,2,120.85,swap,acceptBad
1448,10,6885.300000000001,2,120.85,move,improve
1449,10,6858.200000000002,2,120.85,swap,improve
1450,10,6982.120000000001,2,120.85,2opt,acceptBad
1451,10,6958.520000000001,2,120.85,move,improve
1452,10,6958.520000000001,2,120.85,move,improve
1453,10,6958.520000000001,2,120.85,move,improve
1454,10,6958.520000000001,2,120.85,2opt,notBad
1455,10,6950.020000000003,2,120.85,move,improve
1456,10,6760.540000000002,2,120.85,swap,improve
1457,10,8911.79,2,120.85,swap,acceptBad
1458,10,8911.349999999999,2,120.85,2opt,improve
1459,10,8547.05,2,120.85,move,improve
1460,10,8244.390000000001,2,120.85,swap,improve
1461,10,9726.8,2,120.85,swap,acceptBad
1462,10,9647.349999999995,2,120.85,swap,improve
1463,10,9850.599999999997,2,120.85,swap,acceptBad
1464,10,9289.630000000001,2,120.85,move,improve
1465,10,8896.41,2,120.85,move,improve
1466,10,8896.41,2,120.85,move,improve
1467,10,9155.33,2,120.85,swap,acceptBad
1468,10,9296.539999999999,2,120.85,swap,acceptBad
1469,10,9296.539999999999,2,120.85,2opt,notBad
1470,10,9138.2,2,120.85,move,improve
1471,10,9138.2,2,120.85,move,improve
1472,10,9138.43,2,120.85,swap,acceptBad
1473,10,9072.449999999999,2,120.85,move,improve
1474,10,8562.49,2,120.85,move,improve
1475,10,8562.49,2,120.85,move,improve
1476,10,8562.49,2,120.85,2opt,notBad
1477,10,8550.409999999996,2,120.85,swap,improve
1478,10,7908.669999999998,2,120.85,move,improve
1479,10,7908.669999999998,2,120.85,move,improve
1480,10,5039.920000000002,2,120.85,2opt,improve
1481,10,4907.9,2,120.85,2opt,improve
1482,10,4923.66,2,120.85,swap,acceptBad
1483,10,4923.66,2,120.85,move,improve
1484,10,4923.66,2,120.85,move,improve
1485,10,5546.2,2,120.85,swap,acceptBad
1486,10,6979.800000000001,2,120.85,swap,acceptBad
1487,10,6396.500000000001,2,120.85,move,improve
1488,10,6396.500000000001,2,120.85,2opt,notBad
1489,10,6551.120000000002,2,120.85,swap,acceptBad
1490,10,6719.38,2,120.85,2opt,acceptBad
1491,10,6308.380000000001,2,120.85,move,improve
1492,10,6968.890000000001,2,120.85,swap,acceptBad
1493,10,6968.890000000001,2,120.85,2opt,notBad
1494,10,6628.000000000001,2,120.85,move,improve
1495,10,6628.000000000001,2,120.85,move,improve
1496,10,7077.34,2,120.85,2opt,acceptBad
1497,10,7077.34,2,120.85,2opt,notBad
1498,10,7055.280000000001,2,120.85,swap,improve
1499,10,7100.5700000000015,2,120.85,swap,acceptBad
1500,10,7100.5700000000015,2,120.85,move,improve
1501,10,7460.070000000001,2,120.85,swap,acceptBad
1502,10,7431.370000000001,2,120.85,move,improve
1503,10,7127.71,2,120.85,move,improve
1504,10,6867.92,2,120.85,swap,improve
1505,10,6817.820000000001,2,120.85,swap,improve
1506,10,6722.160000000001,2,120.85,swap,improve
1507,10,6722.160000000001,2,120.85,2opt,notBad
1508,10,7130.880000000003,2,120.85,swap,acceptBad
1509,10,6938.620000000001,2,120.85,2opt,improve
1510,10,6772.160000000001,2,120.85,swap,improve
1511,10,6420.549999999999,2,120.85,move,improve
1512,10,6420.549999999999,2,120.85,2opt,notBad
1513,10,6526.49,2,120.85,swap,acceptBad
1514,10,6527.5,2,120.85,swap,acceptBad
1515,10,6545.879999999999,2,120.85,swap,acceptBad
1516,10,6323.419999999999,2,120.85,move,improve
1517,10,6102.909999999999,2,120.85,move,improve
1518,10,6102.909999999999,2,120.85,move,improve
1519,10,5791.27,2,120.85,2opt,improve
1520,10,5516.479999999998,2,120.85,move,improve
1521,10,5516.479999999998,2,120.85,2opt,notBad
1522,10,5516.479999999998,2,120.85,move,improve
1523,10,5491.68,2,120.85,move,improve
1524,10,5530.38,2,120.85,2opt,acceptBad
1525,10,5565.700000000001,2,120.85,swap,acceptBad
1526,10,5237.76,2,120.85,move,improve
1527,10,6312.900000000001,2,120.85,2opt,acceptBad
1528,10,6189.62,2,120.85,swap,improve
1529,10,5790.969999999999,2,120.85,move,improve
1530,10,5790.969999999999,2,120.85,2opt,notBad
1531,10,5790.969999999999,2,120.85,2opt,notBad
1532,10,5790.969999999999,2,120.85,2opt,notBad
1533,10,5985.010000000001,2,120.85,2opt,acceptBad
1534,10,6372.780000000002,2,120.85,swap,acceptBad
1535,10,6347.350000000001,2,120.85,move,improve
1536,10,6042.130000000002,2,120.85,move,improve
1537,10,6042.130000000002,2,120.85,2opt,notBad
1538,10,6042.130000000002,2,120.85,2opt,notBad
1539,10,6042.130000000002,2,120.85,2opt,notBad
1540,10,6176.280000000001,2,120.85,swap,acceptBad
1541,10,7431.080000000002,2,120.85,swap,acceptBad
1542,10,7431.080000000002,2,120.85,swap,notBad
1543,10,8869.410000000002,2,120.85,swap,acceptBad
1544,10,8869.410000000002,2,120.85,2opt,notBad
1545,10,9313.480000000003,2,120.85,swap,acceptBad
1546,10,8726.34,2,120.85,move,improve
1547,10,8726.34,2,120.85,2opt,notBad
1548,10,8542.86,2,120.85,move,improve
1549,10,7921.28,2,120.85,2opt,improve
1550,10,7921.28,2,120.85,2opt,notBad
1551,10,7921.28,2,120.85,2opt,notBad
1552,10,7863.5599999999995,2,120.85,move,improve
1553,10,7725.76,2,120.85,move,improve
1554,10,7693.67,2,120.85,swap,improve
1555,10,7693.67,2,120.85,2opt,notBad
1556,10,7693.67,2,120.85,2opt,improve
1557,10,7693.67,2,120.85,move,improve
1558,10,7517.0700000000015,2,120.85,swap,improve
1559,9,6202.280000000001,2,120.85,move,improve
1560,9,6174.6900000000005,2,120.85,swap,improve
1561,9,5902.670000000001,2,120.85,move,improve
1562,9,5714.81,2,120.85,swap,improve
1563,9,5681.109999999999,2,120.85,swap,improve
1564,9,5394.499999999999,2,120.85,move,improve
1565,9,5408.08,2,120.85,2opt,acceptBad
1566,9,5251.289999999999,2,120.85,move,improve
1567,9,5808.9000000000015,2,120.85,2opt,acceptBad
1568,9,5252.88,2,120.85,move,improve
1569,9,5035.18,2,120.85,move,improve
1570,9,5035.18,2,120.85,2opt,notBad
1571,9,5496.49,2,120.85,swap,acceptBad
1572,9,5496.49,2,120.85,2opt,notBad
1573,9,5717.860000000001,2,120.85,swap,acceptBad
1574,9,5717.280000000001,2,120.85,2opt,improve
1575,9,5588.24,2,120.85,swap,improve
1576,9,5588.24,2,120.85,2opt,notBad
1577,9,5746.830000000001,2,120.85,2opt,acceptBad
1578,9,7617.7400000000025,2,120.85,swap,acceptBad
1579,9,7617.7400000000025,2,120.85,swap,notBad
1580,9,7617.7400000000025,2,120.85,2opt,notBad
1581,9,6843.520000000001,2,120.85,move,improve
1582,9,6954.080000000002,2,120.85,2opt,acceptBad
1583,9,6954.65,2,120.85,2opt,acceptBad
1584,9,6879.219999999998,2,120.85,swap,improve
1585,9,6872.3099999999995,2,120.85,swap,improve
1586,9,6850.32,2,120.85,swap,improve
1587,9,6959.090000000001,2,120.85,2opt,acceptBad
1588,9,6502.250000000001,2,120.85,move,improve
1589,9,6502.250000000001,2,120.85,2opt,notBad
1590,9,6502.250000000001,2,120.85,move,improve
1591,9,6500.93,2,120.85,swap,improve
1592,9,6967.320000000002,2,120.85,swap,acceptBad
1593,9,7762.810000000001,2,120.85,swap,acceptBad
1594,9,7832.159999999999,2,120.85,swap,acceptBad
1595,9,7248.96,2,120.85,move,improve
1596,9,9226.029999999999,2,120.85,swap,acceptBad
1597,9,9226.029999999999,2,120.85,2opt,notBad
1598,9,9077.44,2,120.85,2opt,improve
1599,9,9275.580000000002,2,120.85,swap,acceptBad
1600,9,9147.919999999998,2,120.85,swap,improve
1601,9,8685.26,2,120.85,move,improve
1602,9,7967.84,2,120.85,move,improve
1603,9,7364.19,2,120.85,swap,improve
1604,9,7879.920000000001,2,120.85,swap,acceptBad
1605,9,8021.700000000002,2,120.85,2opt,acceptBad
1606,9,8098.290000000001,2,120.85,swap,acceptBad
1607,9,7862.990000000002,2,120.85,move,improve
1608,9,7862.990000000002,2,120.85,2opt,notBad
1609,9,7642.030000000001,2,120.85,swap,improve
1610,9,7335.460000000001,2,120.85,move,improve
1611,9,7245.120000000001,2,120.85,swap,improve
1612,9,6982.58,2,120.85,move,improve
1613,9,6914.030000000001,2,120.85,swap,improve
1614,9,7091.889999999999,2,120.85,2opt,acceptBad
1615,9,7055.320000000001,2,120.85,move,improve
1616,9,7048.880000000001,2,120.85,2opt,improve
1617,9,7129.660000000001,2,120.85,swap,acceptBad
1618,9,6990.170000000002,2,120.85,2opt,improve
1619,9,6990.170000000002,2,120.85,2opt,notBad
1620,9,7006.410000000002,2,120.85,swap,acceptBad
1621,9,6644.21,2,120.85,move,improve
1622,9,5851.4400000000005,2,120.85,move,improve
1623,9,5461.720000000001,2,120.85,move,improve
1624,9,5412.240000000002,2,120.85,2opt,improve
1625,9,5347.34,2,120.85,move,improve
1626,9,5482.610000000001,2,120.85,2opt,acceptBad
1627,9,5251.330000000001,2,120.85,move,improve
1628,9,5251.330000000001,2,120.85,swap,notBad
1629,9,5251.330000000001,2,120.85,move,improve
1630,9,5444.52,2,120.85,swap,acceptBad
1631,9,5447.990000000002,2,120.85,2opt,acceptBad
1632,9,5157.240000000001,2,120.85,move,improve
1633,9,5157.240000000001,2,120.85,move,improve
1634,9,5463.150000000001,2,120.85,swap,acceptBad
1635,9,5062.990000000002,2,120.85,move,improve
1636,9,6488.700000000003,2,120.85,swap,acceptBad
1637,9,6491.620000000001,2,120.85,2opt,acceptBad
1638,9,5729.750000000002,2,120.85,move,improve
1639,9,5729.750000000002,2,120.85,move,improve
1640,9,5331.900000000001,2,120.85,move,improve
1641,9,5331.900000000001,2,120.85,2opt,notBad
1642,9,5605.27,2,120.85,2opt,acceptBad
1643,9,5296.9400000000005,2,120.85,move,improve
1644,9,5296.9400000000005,2,120.85,2opt,notBad
1645,9,5034.339999999999,2,120.85,move,improve
1646,9,5034.339999999999,2,120.85,move,improve
1647,9,5034.339999999999,2,120.85,2opt,notBad
1648,9,4721.45,2,120.85,move,improve
1649,9,4666.1900000000005,2,120.85,move,improve
1650,9,4648.280000000001,2,120.85,2opt,improve
1651,9,4648.280000000001,2,120.85,2opt,notBad
1652,9,4648.280000000001,2,120.85,move,improve
1653,9,4527.110000000001,2,120.85,move,improve
1654,9,4901.960000000001,2,120.85,swap,acceptBad
1655,9,4901.960000000001,2,120.85,2opt,notBad
1656,9,4526.230000000001,2,120.85,move,improve
1657,9,4940.900000000001,2,120.85,2opt,acceptBad
1658,9,4940.900000000001,2,120.85,2opt,notBad
1659,9,5200.100000000001,2,120.85,swap,acceptBad
1660,9,5285.950000000001,2,120.85,swap,acceptBad
1661,9,5372.090000000001,2,120.85,swap,acceptBad
1662,9,5368.1100000000015,2,120.85,2opt,improve
1663,9,5368.1100000000015,2,120.85,2opt,notBad
1664,9,5567.700000000003,2,120.85,2opt,acceptBad
1665,9,7251.96,2,120.85,swap,acceptBad
1666,9,6747.010000000001,2,120.85,move,improve
1667,9,6067.69,2,120.85,move,improve
1668,9,5641.21,2,120.85,move,improve
1669,9,5641.21,2,120.85,2opt,notBad
1670,9,5641.21,2,120.85,2opt,notBad
1671,9,5149.2,2,120.85,move,improve
1672,9,5149.2,2,120.85,2opt,notBad
1673,9,5009.920000000002,2,120.85,2opt,improve
1674,9,4838.9800000000005,2,120.85,move,improve
1675,9,4838.9800000000005,2,120.85,2opt,notBad
1676,9,4838.9800000000005,2,120.85,2opt,notBad
1677,9,4838.9800000000005,2,120.85,swap,notBad
1678,9,4797.720000000001,2,120.85,move,improve
1679,9,4822.570000000001,2,120.85,swap,acceptBad
1680,9,4653.580000000001,2,120.85,move,improve
1681,9,4653.580000000001,2,120.85,move,improve
1682,9,4617.55,2,120.85,move,improve
1683,9,4617.55,2,120.85,2opt,notBad
1684,9,4617.540000000001,2,120.85,move,improve
1685,9,4781.750000000001,2,120.85,swap,acceptBad
1686,9,4722.270000000001,2,120.85,move,improve
1687,9,4722.270000000001,2,120.85,2opt,notBad
1688,9,4722.270000000001,2,120.85,2opt,notBad
1689,9,4722.270000000001,2,120.85,2opt,notBad
1690,9,5055.250000000001,2,120.85,swap,acceptBad
1691,9,5055.250000000001,2,120.85,2opt,notBad
1692,9,5055.250000000001,2,120.85,2opt,notBad
1693,9,4852.620000000003,2,120.85,move,improve
1694,9,4852.620000000003,2,120.85,2opt,notBad
1695,9,4852.620000000003,2,120.85,move,improve
1696,9,4808.040000000001,2,120.85,swap,improve
1697,9,4807.26,2,120.85,swap,improve
1698,9,4807.26,2,120.85,swap,notBad
1699,9,4807.26,2,120.85,2opt,notBad
1700,9,4807.26,2,120.85,2opt,improve
1701,9,4600.02,2,120.85,move,improve
1702,9,4600.02,2,120.85,2opt,notBad
1703,9,4600.02,2,120.85,move,improve
1704,9,4580.7300000000005,2,120.85,swap,improve
1705,9,5073.320000000001,2,120.85,swap,acceptBad
1706,9,5073.320000000001,2,120.85,swap,notBad
1707,9,5073.320000000001,2,120.85,move,improve
1708,9,5073.320000000001,2,120.85,2opt,notBad
1709,9,5073.320000000001,2,120.85,2opt,notBad
1710,9,5073.320000000001,2,120.85,2opt,notBad
1711,9,5073.320000000001,2,120.85,2opt,notBad
1712,9,5073.320000000001,2,120.85,2opt,notBad
1713,9,5073.320000000001,2,120.85,2opt,notBad
1714,9,4697.940000000001,2,120.85,move,improve
1715,9,4697.940000000001,2,120.85,move,improve
1716,9,4697.940000000001,2,120.85,move,improve
1717,9,4697.940000000001,2,120.85,2opt,notBad
1718,9,4697.970000000001,2,120.85,swap,acceptBad
1719,9,4976.700000000001,2,120.85,2opt,acceptBad
1720,9,4715.27,2,120.85,move,improve
1721,9,4715.27,2,120.85,move,improve
1722,9,4740.560000000001,2,120.85,swap,acceptBad
1723,9,4692.660000000002,2,120.85,swap,improve
1724,9,4716.910000000002,2,120.85,swap,acceptBad
1725,9,4968.84,2,120.85,2opt,acceptBad
1726,9,4967.87,2,120.85,swap,improve
1727,9,4974.120000000001,2,120.85,swap,acceptBad
1728,9,4974.120000000001,2,120.85,2opt,notBad
1729,9,5217.010000000001,2,120.85,swap,acceptBad
1730,9,5217.010000000001,2,120.85,2opt,notBad
1731,9,5658.01,2,120.85,swap,acceptBad
1732,9,5658.01,2,120.85,2opt,notBad
1733,9,5425.380000000002,2,120.85,swap,improve
1734,9,5425.380000000002,2,120.85,2opt,notBad
1735,9,5425.380000000002,2,120.85,move,improve
1736,9,5001.6900000000005,2,120.85,move,improve
1737,9,5096.830000000001,2,120.85,swap,acceptBad
1738,9,5096.830000000001,2,120.85,2opt,notBad
1739,9,4776.179999999999,2,120.85,move,improve
1740,9,4547.679999999999,2,120.85,move,improve
1741,9,4478.92,2,120.85,swap,improve
1742,9,4478.92,2,120.85,move,improve
1743,9,4478.92,2,120.85,2opt,notBad
1744,9,4464.829999999997,2,120.85,2opt,improve
1745,9,4347.849999999999,2,120.85,move,improve
1746,9,4347.849999999999,2,120.85,2opt,notBad
1747,9,4347.849999999999,2,120.85,move,improve
1748,9,4276.650000000001,2,120.85,swap,improve
1749,9,4276.650000000001,2,120.85,2opt,notBad
1750,9,4276.650000000001,2,120.85,move,improve
1751,9,4276.650000000001,2,120.85,swap,notBad
1752,9,4050.699999999999,2,120.85,move,improve
1753,9,4240.210000000001,2,120.85,swap,acceptBad
1754,9,4095.56,2,120.85,move,improve
1755,9,4095.56,2,120.85,move,improve
1756,9,4095.56,2,120.85,move,improve
1757,9,4095.56,2,120.85,2opt,notBad
1758,9,4095.56,2,120.85,move,improve
1759,9,4095.0999999999995,2,120.85,move,improve
1760,9,4095.0999999999995,2,120.85,2opt,notBad
1761,9,4006.2,2,120.85,move,improve
1762,9,4006.2,2,120.85,2opt,notBad
1763,9,4006.2,2,120.85,move,improve
1764,9,4006.2,2,120.85,2opt,notBad
1765,9,3955.8799999999997,2,120.85,move,improve
1766,9,3955.8799999999997,2,120.85,2opt,improve
1767,9,3850.72,2,120.85,move,improve
1768,9,3839.73,2,120.85,move,improve
1769,9,3839.73,2,120.85,move,improve
1770,9,3839.73,2,120.85,move,improve
1771,9,3839.73,2,120.85,2opt,notBad
1772,9,3839.73,2,120.85,2opt,notBad
1773,9,4193.619999999999,2,120.85,2opt,acceptBad
1774,9,4193.619999999999,2,120.85,2opt,notBad
1775,9,4241.239999999999,2,120.85,swap,acceptBad
1776,9,4241.239999999999,2,120.85,move,improve
1777,9,4393.279999999998,2,120.85,2opt,acceptBad
1778,9,4393.279999999998,2,120.85,swap,notBad
1779,9,4393.279999999998,2,120.85,swap,notBad
1780,9,4384.8499999999985,2,120.85,swap,improve
1781,9,4325.839999999999,2,120.85,move,improve
1782,9,4325.839999999999,2,120.85,2opt,notBad
1783,9,4321.159999999999,2,120.85,2opt,improve
1784,9,4182.97,2,120.85,move,improve
1785,9,4182.97,2,120.85,move,improve
1786,9,4288.63,2,120.85,2opt,acceptBad
1787,9,4288.63,2,120.85,move,improve
1788,9,4288.63,2,120.85,2opt,notBad
1789,9,4381.28,2,120.85,swap,acceptBad
1790,9,4394.009999999999,2,120.85,2opt,acceptBad
1791,9,4479.24,2,120.85,swap,acceptBad
1792,9,4351.639999999999,2,120.85,move,improve
1793,9,4320.48,2,120.85,move,improve
1794,9,4002.1500000000005,2,120.85,move,improve
1795,9,4095.1100000000015,2,120.85,swap,acceptBad
1796,9,4095.1100000000015,2,120.85,swap,notBad
1797,9,4095.1100000000015,2,120.85,2opt,notBad
1798,9,4045.190000000001,2,120.85,move,improve
1799,9,4257.96,2,120.85,swap,acceptBad
1800,9,4257.96,2,120.85,2opt,notBad
1801,9,4050.8900000000003,2,120.85,move,improve
1802,9,4215.28,2,120.85,swap,acceptBad
1803,9,4160.389999999999,2,120.85,swap,improve
1804,9,4160.389999999999,2,120.85,move,improve
1805,8,3570.730000000001,2,120.85,2opt,improve
1806,8,3570.730000000001,2,120.85,move,improve
1807,8,3570.730000000001,2,120.85,move,improve
1808,8,3570.730000000001,2,120.85,2opt,notBad
1809,8,3570.730000000001,2,120.85,2opt,notBad
1810,8,3500.78,2,120.85,move,improve
1811,8,3666.8199999999997,2,120.85,swap,acceptBad
1812,8,3553.46,2,120.85,move,improve
1813,8,3553.46,2,120.85,swap,notBad
1814,8,4000.22,2,120.85,2opt,acceptBad
1815,8,3985.919999999999,2,120.85,swap,improve
1816,8,3853.859999999999,2,120.85,move,improve
1817,8,3734.0299999999997,2,120.85,2opt,improve
1818,8,3723.45,2,120.85,move,improve
1819,8,3453.8900000000003,2,120.85,move,improve
1820,8,3455.36,2,120.85,swap,acceptBad
1821,8,3455.36,2,120.85,2opt,notBad
1822,8,3379.42,2,120.85,move,improve
1823,8,3347.25,2,120.85,move,improve
1824,8,3400.8100000000004,2,120.85,swap,acceptBad
1825,8,3914.7100000000014,2,120.85,swap,acceptBad
1826,8,4042.5200000000004,2,120.85,swap,acceptBad
1827,8,4042.5200000000004,2,120.85,2opt,improve
1828,8,4042.5200000000004,2,120.85,swap,notBad
1829,8,4282.000000000001,2,120.85,swap,acceptBad
1830,8,4040.2100000000014,2,120.85,2opt,improve
1831,8,3949.2800000000007,2,120.85,swap,improve
1832,8,3949.2800000000007,2,120.85,2opt,notBad
1833,8,3949.2800000000007,2,120.85,swap,notBad
1834,8,3924.9200000000014,2,120.85,move,improve
1835,8,3934.7100000000005,2,120.85,swap,acceptBad
1836,8,3934.7100000000005,2,120.85,2opt,notBad
1837,8,3934.7100000000005,2,120.85,2opt,notBad
1838,8,3934.7100000000005,2,120.85,2opt,notBad
1839,8,3921.48,2,120.85,move,improve
1840,8,3865.810000000001,2,120.85,swap,improve
1841,8,3865.810000000001,2,120.85,swap,notBad
1842,8,3865.810000000001,2,120.85,2opt,notBad
1843,8,3865.810000000001,2,120.85,2opt,notBad
1844,8,3854.6100000000006,2,120.85,swap,improve
1845,8,3636.150000000001,2,120.85,move,improve
1846,8,3636.150000000001,2,120.85,2opt,notBad
1847,8,3635.24,2,120.85,2opt,improve
1848,8,3635.24,2,120.85,2opt,notBad
1849,8,3635.24,2,120.85,2opt,notBad
1850,8,3567.84,2,120.85,move,improve
1851,8,3514.3399999999997,2,120.85,swap,improve
1852,8,3514.3399999999997,2,120.85,2opt,improve
1853,8,3514.3399999999997,2,120.85,move,improve
1854,8,3477.2799999999993,2,120.85,swap,improve
1855,8,3477.2799999999993,2,120.85,2opt,improve
1856,8,3477.2799999999993,2,120.85,2opt,notBad
1857,8,3486.1099999999997,2,120.85,swap,acceptBad
1858,8,3598.2400000000002,2,120.85,swap,acceptBad
1859,8,3598.2400000000002,2,120.85,swap,notBad
1860,8,3477.3399999999992,2,120.85,move,improve
1861,8,3477.3399999999992,2,120.85,2opt,notBad
1862,8,3477.3399999999992,2,120.85,2opt,notBad
1863,7,2858.4200000000005,2,120.85,2opt,improve
1864,7,3080.1600000000008,2,120.85,swap,acceptBad
1865,7,3080.1600000000008,2,120.85,2opt,notBad
1866,7,3038.3700000000003,2,120.85,2opt,improve
1867,7,2469.9200000000005,2,120.85,move,improve
1868,7,2469.9200000000005,2,120.85,move,improve
1869,7,2469.9200000000005,2,120.85,2opt,notBad
1870,7,2859.140000000001,2,120.85,swap,acceptBad
1871,7,2859.140000000001,2,120.85,2opt,improve
1872,7,2857.3300000000004,2,120.85,move,improve
1873,7,2857.3300000000004,2,120.85,2opt,improve
1874,7,2857.3300000000004,2,120.85,2opt,improve
1875,7,2860.250000000001,2,120.85,swap,acceptBad
1876,7,2588.3,2,120.85,move,improve
1877,7,2588.3,2,120.85,move,improve
1878,7,2588.3,2,120.85,2opt,improve
1879,7,2588.3,2,120.85,2opt,notBad
1880,7,2181.0300000000007,2,120.85,move,improve
1881,7,2181.0300000000007,2,120.85,2opt,notBad
1882,7,2353.370000000001,2,120.85,swap,acceptBad
1883,7,1533.9600000000005,2,120.85,move,improve
1884,7,1535.6200000000003,2,120.85,swap,acceptBad
1885,7,1425.0199999999995,2,120.85,move,improve
1886,7,1427.1199999999997,2,120.85,swap,acceptBad
1887,7,1296.5100000000002,2,120.85,move,improve
1888,7,1362.0500000000006,2,120.85,swap,acceptBad
1889,7,1362.0500000000006,2,120.85,swap,notBad
1890,7,1362.47,2,120.85,swap,acceptBad
1891,7,1299.12,2,120.85,move,improve
1892,7,1311.1,2,120.85,swap,acceptBad
1893,7,1313.32,2,120.85,swap,acceptBad
1894,7,1123.1,2,120.85,move,improve
1895,7,1078.0899999999997,2,120.85,move,improve
1896,7,1073.3399999999997,2,120.85,move,improve
1897,7,1072.4599999999996,2,120.85,2opt,improve
1898,7,1374.56,2,120.85,swap,acceptBad
1899,7,1469.7300000000002,2,120.85,swap,acceptBad
1900,7,1232.65,2,120.85,move,improve
1901,7,1362.58,2,120.85,swap,acceptBad
1902,7,1312.7300000000014,2,120.85,swap,improve
1903,7,1140.4000000000005,2,120.85,move,improve
1904,7,1140.4000000000005,2,120.85,move,improve
1905,7,1094.9600000000005,2,120.85,move,improve
1906,7,1094.9600000000005,2,120.85,2opt,notBad
1907,7,1094.9600000000005,2,120.85,2opt,notBad
1908,7,1094.9600000000005,2,120.85,2opt,notBad
1909,7,1356.7500000000007,2,120.85,2opt,acceptBad
1910,7,1356.7500000000007,2,120.85,2opt,improve
1911,7,1316.3700000000008,2,120.85,swap,improve
1912,7,1272.1800000000017,2,120.85,move,improve
1913,7,1272.1800000000017,2,120.85,move,improve
1914,7,1272.1800000000017,2,120.85,move,improve
1915,7,1206.3900000000017,2,120.85,swap,improve
1916,7,1206.3900000000017,2,120.85,2opt,notBad
1917,7,1496.630000000001,2,120.85,swap,acceptBad
1918,7,1228.6200000000008,2,120.85,move,improve
1919,7,1228.6200000000008,2,120.85,2opt,notBad
1920,7,1195.6700000000008,2,120.85,move,improve
1921,7,1195.6700000000008,2,120.85,2opt,notBad
1922,7,1195.6700000000008,2,120.85,move,improve
1923,7,1195.6700000000008,2,120.85,2opt,notBad
1924,7,1206.1500000000008,2,120.85,swap,acceptBad
1925,7,1206.1500000000008,2,120.85,2opt,notBad
1926,7,1130.6599999999999,2,120.85,move,improve
1927,7,1039.4599999999996,2,120.85,move,improve
1928,7,1039.4599999999996,2,120.85,move,improve
1929,7,1145.2699999999998,2,120.85,swap,acceptBad
1930,7,1463.7199999999996,2,120.85,swap,acceptBad
1931,7,1431.9899999999993,2,120.85,move,improve
1932,7,1431.9899999999993,2,120.85,swap,notBad
1933,7,1102.01,2,120.85,move,improve
1934,7,1102.01,2,120.85,move,improve
1935,7,1102.01,2,120.85,2opt,notBad
1936,7,1209.4600000000003,2,120.85,swap,acceptBad
1937,7,1406.2400000000005,2,120.85,swap,acceptBad
1938,7,1406.2400000000005,2,120.85,2opt,notBad
1939,7,1406.2400000000005,2,120.85,2opt,notBad
1940,7,1406.2400000000005,2,120.85,2opt,notBad
1941,7,1475.72,2,120.85,move,acceptBad
1942,7,1451.8600000000004,2,120.85,swap,improve
1943,7,1451.8600000000004,2,120.85,2opt,notBad
1944,7,1406.6499999999999,2,120.85,move,improve
1945,7,1406.6499999999999,2,120.85,2opt,notBad
1946,7,1406.6499999999999,2,120.85,2opt,notBad
1947,7,1453.1599999999994,2,120.85,swap,acceptBad
1948,7,1217.1399999999999,2,120.85,move,improve
1949,7,1149.2599999999993,2,120.85,swap,improve
1950,7,1149.2599999999993,2,120.85,2opt,notBad
1951,7,1053.4999999999993,2,120.85,move,improve
1952,7,1053.4999999999993,2,120.85,2opt,notBad
1953,7,1053.4999999999993,2,120.85,2opt,notBad
1954,7,1054.6899999999994,2,120.85,2opt,acceptBad
1955,7,1153.669999999999,2,120.85,swap,acceptBad
1956,7,1153.669999999999,2,120.85,2opt,notBad
1957,7,1153.669999999999,2,120.85,2opt,notBad
1958,7,1291.1199999999985,2,120.85,swap,acceptBad
1959,7,1082.069999999999,2,120.85,move,improve
1960,7,1082.069999999999,2,120.85,2opt,notBad
1961,7,1082.069999999999,2,120.85,2opt,notBad
1962,7,1082.069999999999,2,120.85,2opt,notBad
1963,7,1308.3100000000006,2,120.85,swap,acceptBad
1964,7,1256.5300000000007,2,120.85,move,improve
1965,7,1244.2100000000014,2,120.85,swap,improve
1966,7,1244.2100000000014,2,120.85,swap,notBad
1967,7,1244.2100000000014,2,120.85,2opt,notBad
1968,7,1242.3200000000015,2,120.85,2opt,improve
1969,7,1242.3200000000015,2,120.85,2opt,notBad
1970,7,1242.3200000000015,2,120.85,2opt,notBad
1971,7,1372.3400000000008,2,120.85,swap,acceptBad
1972,7,1247.7100000000014,2,120.85,move,improve
1973,7,963.6600000000019,2,120.85,move,improve
1974,7,771.6600000000009,2,120.85,move,improve
1975,7,764.9300000000017,2,120.85,move,improve
1976,7,764.3300000000017,2,120.85,move,improve
1977,7,766.3400000000017,2,120.85,2opt,acceptBad
1978,7,1068.4000000000017,2,120.85,swap,acceptBad
1979,7,1068.4000000000017,2,120.85,2opt,notBad
1980,7,1326.5200000000016,2,120.85,swap,acceptBad
1981,7,1326.5200000000016,2,120.85,2opt,notBad
1982,7,1326.5200000000016,2,120.85,2opt,notBad
1983,7,1238.1100000000006,2,120.85,2opt,improve
1984,7,1238.1100000000006,2,120.85,move,improve
1985,7,1238.1100000000006,2,120.85,move,improve
1986,7,1235.3400000000006,2,120.85,move,improve
1987,7,1235.3400000000006,2,120.85,move,improve
1988,7,1417.2900000000009,2,120.85,swap,acceptBad
1989,7,1203.2000000000014,2,120.85,move,improve
1990,7,1151.0900000000015,2,120.85,swap,improve
1991,7,1269.4800000000012,2,120.85,swap,acceptBad
1992,7,1269.4800000000012,2,120.85,2opt,notBad
1993,7,1165.8900000000012,2,120.85,swap,improve
1994,7,1182.0900000000006,2,120.85,swap,acceptBad
1995,7,1144.0000000000014,2,120.85,move,improve
1996,7,1058.6200000000008,2,120.85,move,improve
1997,7,916.8500000000005,2,120.85,move,improve
1998,7,916.8500000000005,2,120.85,2opt,notBad
1999,7,872.3999999999999,2,120.85,move,improve
2000,7,872.3999999999999,2,120.85,2opt,notBad
2001,7,870.0300000000002,2,120.85,move,improve
2002,7,870.0300000000002,2,120.85,2opt,notBad
2003,7,870.0300000000002,2,120.85,move,improve
2004,7,870.0300000000002,2,120.85,swap,notBad
2005,7,869.3100000000004,2,120.85,move,improve
2006,7,903.7199999999998,2,120.85,swap,acceptBad
2007,7,898.0699999999998,2,120.85,move,improve
2008,7,898.0699999999998,2,120.85,2opt,notBad
2009,7,905.2199999999993,2,120.85,swap,acceptBad
2010,7,855.97,2,120.85,move,improve
2011,7,855.97,2,120.85,2opt,notBad
2012,7,1035.8400000000001,2,120.85,swap,acceptBad
2013,7,1035.8400000000001,2,120.85,swap,notBad
2014,7,1035.8400000000001,2,120.85,2opt,notBad
2015,7,967.2100000000006,2,120.85,move,improve
2016,7,967.2100000000006,2,120.85,2opt,notBad
2017,7,1034.1500000000005,2,120.85,swap,acceptBad
2018,7,847.1000000000003,2,120.85,move,improve
2019,7,834.98,2,120.85,move,improve
2020,7,834.98,2,120.85,swap,notBad
2021,7,844.6999999999995,2,120.85,2opt,acceptBad
2022,7,887.0299999999996,2,120.85,swap,acceptBad
2023,7,887.0299999999996,2,120.85,move,improve
2024,7,1001.1499999999999,2,120.85,swap,acceptBad
2025,7,955.8700000000003,2,120.85,swap,improve
2026,7,955.8700000000003,2,120.85,move,improve
2027,7,955.8700000000003,2,120.85,2opt,notBad
2028,7,939.9200000000001,2,120.85,move,improve
2029,7,939.9200000000001,2,120.85,move,improve
2030,7,939.9200000000001,2,120.85,move,improve
2031,7,939.9200000000001,2,120.85,2opt,notBad
2032,7,939.9200000000001,2,120.85,move,improve
2033,7,939.9200000000001,2,120.85,move,improve
2034,7,1108.9900000000002,2,120.85,swap,acceptBad
2035,7,1086.67,2,120.85,move,improve
2036,7,1027.1799999999994,2,120.85,swap,improve
2037,7,1189.6999999999998,2,120.85,swap,acceptBad
2038,7,1283.6099999999994,2,120.85,swap,acceptBad
2039,7,1244.6999999999998,2,120.85,swap,improve
2040,7,1244.6999999999998,2,120.85,2opt,notBad
2041,7,1244.6999999999998,2,120.85,2opt,notBad
2042,7,772.4399999999997,2,120.85,move,improve
2043,7,772.4399999999997,2,120.85,2opt,notBad
2044,7,880.7700000000002,2,120.85,swap,acceptBad
2045,7,880.7700000000002,2,120.85,2opt,notBad
2046,7,825.1400000000008,2,120.85,move,improve
2047,7,825.1400000000008,2,120.85,2opt,notBad
2048,7,824.6500000000008,2,120.85,move,improve
2049,7,824.6500000000008,2,120.85,move,improve
2050,7,824.6500000000008,2,120.85,move,improve
2051,7,824.6500000000008,2,120.85,2opt,notBad
2052,7,824.6500000000008,2,120.85,2opt,notBad
2053,7,830.6200000000008,2,120.85,swap,acceptBad
2054,7,830.6200000000008,2,120.85,2opt,notBad
2055,7,830.6200000000008,2,120.85,move,improve
2056,7,830.6200000000008,2,120.85,2opt,notBad
2057,7,819.9200000000009,2,120.85,move,improve
2058,7,853.6300000000006,2,120.85,swap,acceptBad
2059,7,853.6300000000006,2,120.85,move,improve
2060,7,863.4400000000002,2,120.85,swap,acceptBad
2061,7,863.4400000000002,2,120.85,2opt,notBad
2062,7,863.4400000000002,2,120.85,2opt,notBad
2063,7,843.8300000000005,2,120.85,move,improve
2064,7,1024.230000000001,2,120.85,swap,acceptBad
2065,7,1024.230000000001,2,120.85,move,improve
2066,7,1024.230000000001,2,120.85,2opt,notBad
2067,7,1024.230000000001,2,120.85,move,improve
2068,7,1169.84,2,120.85,swap,acceptBad
2069,7,1169.84,2,120.85,2opt,notBad
2070,7,1131.8600000000008,2,120.85,move,improve
2071,7,1131.8600000000008,2,120.85,2opt,notBad
2072,7,1131.8600000000008,2,120.85,2opt,notBad
2073,7,1131.8600000000008,2,120.85,2opt,notBad
2074,7,1131.8600000000008,2,120.85,2opt,notBad
2075,7,1022.6300000000003,2,120.85,swap,improve
2076,7,1022.7800000000004,2,120.85,2opt,acceptBad
2077,7,1022.7800000000004,2,120.85,2opt,notBad
2078,7,1022.7800000000004,2,120.85,move,improve
2079,7,1002.71,2,120.85,swap,improve
2080,7,1074.3300000000002,2,120.85,swap,acceptBad
2081,7,1074.3300000000002,2,120.85,2opt,improve
2082,7,1074.3300000000002,2,120.85,2opt,notBad
2083,7,1074.3300000000002,2,120.85,move,improve
2084,7,885.9800000000006,2,120.85,move,improve
2085,7,877.5600000000006,2,120.85,swap,improve
2086,7,1172.5800000000008,2,120.85,swap,acceptBad
2087,7,1172.5800000000008,2,120.85,move,improve
2088,7,1172.5800000000008,2,120.85,2opt,notBad
2089,7,1172.5800000000008,2,120.85,2opt,notBad
2090,7,1299.8700000000001,2,120.85,swap,acceptBad
2091,7,1073.7500000000007,2,120.85,swap,improve
2092,7,1073.7500000000007,2,120.85,2opt,improve
2093,7,1073.7500000000007,2,120.85,2opt,notBad
2094,7,1073.7500000000007,2,120.85,2opt,notBad
2095,7,1051.1700000000008,2,120.85,swap,improve
2096,7,1132.0500000000004,2,120.85,swap,acceptBad
2097,7,1132.0500000000004,2,120.85,2opt,notBad
2098,7,1273.2700000000004,2,120.85,swap,acceptBad
2099,7,1074.3800000000003,2,120.85,move,improve
2100,7,1074.3800000000003,2,120.85,2opt,notBad
2101,7,994.0599999999996,2,120.85,move,improve
2102,7,1058.1100000000001,2,120.85,swap,acceptBad
2103,7,1105.6000000000001,2,120.85,swap,acceptBad
2104,7,968.5700000000005,2,120.85,move,improve
2105,7,968.5700000000005,2,120.85,move,improve
2106,7,968.5700000000005,2,120.85,2opt,notBad
2107,7,989.8900000000006,2,120.85,swap,acceptBad
2108,7,989.8900000000006,2,120.85,swap,notBad
2109,7,983.4700000000006,2,120.85,2opt,improve
2110,7,983.4700000000006,2,120.85,2opt,notBad
2111,7,983.4700000000006,2,120.85,2opt,notBad
2112,7,983.4700000000006,2,120.85,2opt,notBad
2113,7,985.2600000000006,2,120.85,swap,acceptBad
2114,7,985.2600000000006,2,120.85,2opt,notBad
2115,7,1165.2499999999995,2,120.85,2opt,acceptBad
2116,7,1136.8699999999994,2,120.85,swap,improve
2117,7,1159.49,2,120.85,swap,acceptBad
2118,7,1159.49,2,120.85,2opt,notBad
2119,7,1082.9699999999993,2,120.85,move,improve
2120,7,1082.9699999999993,2,120.85,2opt,notBad
2121,7,1105.1099999999992,2,120.85,swap,acceptBad
2122,7,1105.1099999999992,2,120.85,2opt,notBad
2123,7,1105.1099999999992,2,120.85,move,improve
2124,7,1089.2099999999994,2,120.85,move,improve
2125,7,1087.6099999999992,2,120.85,move,improve
2126,7,1014.0199999999995,2,120.85,move,improve
2127,7,1014.0199999999995,2,120.85,move,improve
2128,7,1014.0199999999995,2,120.85,2opt,notBad
2129,7,1014.0199999999995,2,120.85,2opt,notBad
2130,7,1384.9600000000005,2,120.85,swap,acceptBad
2131,7,1384.9600000000005,2,120.85,swap,notBad
2132,7,1301.760000000001,2,120.85,swap,improve
2133,7,1301.760000000001,2,120.85,2opt,improve
2134,7,1293.1600000000008,2,120.85,swap,improve
2135,7,1265.4300000000005,2,120.85,swap,improve
2136,7,857.0400000000009,2,120.85,move,improve
2137,7,809.6100000000008,2,120.85,move,improve
2138,7,806.1900000000012,2,120.85,move,improve
2139,7,803.7900000000011,2,120.85,move,improve
2140,7,803.7900000000011,2,120.85,2opt,notBad
2141,7,803.7900000000011,2,120.85,2opt,notBad
2142,7,801.2800000000011,2,120.85,move,improve
2143,7,801.2800000000011,2,120.85,move,improve
2144,7,801.2800000000011,2,120.85,move,improve
2145,7,817.5200000000008,2,120.85,swap,acceptBad
2146,7,817.5200000000008,2,120.85,swap,notBad
2147,7,817.5200000000008,2,120.85,2opt,notBad
2148,7,845.7200000000009,2,120.85,swap,acceptBad
2149,7,962.2800000000009,2,120.85,swap,acceptBad
2150,7,961.6900000000007,2,120.85,swap,improve
2151,7,961.6900000000007,2,120.85,2opt,notBad
2152,7,1267.9,2,120.85,swap,acceptBad
2153,7,1064.3500000000004,2,120.85,swap,improve
2154,7,1064.3500000000004,2,120.85,2opt,notBad
2155,7,955.3700000000005,2,120.85,move,improve
2156,7,788.9100000000003,2,120.85,move,improve
2157,7,768.4300000000001,2,120.85,move,improve
2158,7,893.39,2,120.85,swap,acceptBad
2159,7,1084.19,2,120.85,swap,acceptBad
2160,7,751.8900000000001,2,120.85,move,improve
2161,7,751.8900000000001,2,120.85,move,improve
2162,7,751.8900000000001,2,120.85,move,improve
2163,7,674.6600000000002,2,120.85,move,improve
2164,7,589.9800000000005,2,120.85,move,improve
2165,7,589.9800000000005,2,120.85,2opt,notBad
2166,7,589.9800000000005,2,120.85,2opt,improve
2167,7,589.9800000000005,2,120.85,2opt,notBad
2168,7,589.9800000000005,2,120.85,2opt,improve
2169,7,589.3500000000008,2,120.85,move,improve
2170,7,589.3500000000008,2,120.85,swap,notBad
2171,7,589.3500000000008,2,120.85,move,improve
2172,7,617.9199999999996,2,120.85,swap,acceptBad
2173,7,617.9199999999996,2,120.85,swap,notBad
2174,7,617.9199999999996,2,120.85,2opt,notBad
2175,7,617.9199999999996,2,120.85,move,improve
2176,7,617.9199999999996,2,120.85,2opt,notBad
2177,7,994.8399999999997,2,120.85,swap,acceptBad
2178,7,992.6999999999994,2,120.85,move,improve
2179,7,992.6999999999994,2,120.85,swap,notBad
2180,7,922.4,2,120.85,move,improve
2181,7,922.4,2,120.85,2opt,notBad
2182,7,922.4,2,120.85,move,improve
2183,7,922.4,2,120.85,2opt,notBad
2184,7,940.0799999999999,2,120.85,swap,acceptBad
2185,7,902.7699999999999,2,120.85,move,improve
2186,7,899.2499999999999,2,120.85,swap,improve
2187,7,899.2499999999999,2,120.85,2opt,notBad
2188,7,899.2499999999999,2,120.85,2opt,improve
2189,7,899.2499999999999,2,120.85,swap,notBad
2190,7,929.8699999999997,2,120.85,swap,acceptBad
2191,7,1067.4899999999998,2,120.85,swap,acceptBad
2192,7,1067.4899999999998,2,120.85,2opt,notBad
2193,7,1069.6800000000014,2,120.85,2opt,acceptBad
2194,7,1304.7200000000012,2,120.85,swap,acceptBad
2195,7,1181.0700000000002,2,120.85,swap,improve
2196,7,1185.1500000000008,2,120.85,swap,acceptBad
2197,7,1185.1500000000008,2,120.85,2opt,improve
2198,7,1185.1500000000008,2,120.85,2opt,notBad
2199,7,1133.6600000000005,2,120.85,move,improve
2200,7,1132.8500000000006,2,120.85,move,improve
2201,7,1132.8500000000006,2,120.85,2opt,notBad
2202,7,1132.8500000000006,2,120.85,2opt,notBad
2203,7,1132.8500000000006,2,120.85,2opt,notBad
2204,7,1132.8500000000006,2,120.85,2opt,notBad
2205,7,1132.8500000000006,2,120.85,2opt,notBad
2206,7,1203.3800000000008,2,120.85,swap,acceptBad
2207,7,1281.7600000000011,2,120.85,swap,acceptBad
2208,7,1156.700000000001,2,120.85,move,improve
2209,7,1129.2500000000011,2,120.85,swap,improve
2210,7,1015.0700000000013,2,120.85,move,improve
2211,7,1015.0700000000013,2,120.85,2opt,notBad
2212,7,801.3200000000013,2,120.85,move,improve
2213,7,810.5900000000012,2,120.85,swap,acceptBad
2214,7,810.5900000000012,2,120.85,move,improve
2215,7,810.5900000000012,2,120.85,2opt,notBad
2216,7,810.5900000000012,2,120.85,move,improve
2217,7,810.5900000000012,2,120.85,2opt,notBad
2218,7,773.2000000000007,2,120.85,move,improve
2219,7,772.3200000000006,2,120.85,move,improve
2220,7,982.5000000000013,2,120.85,swap,acceptBad
2221,7,982.5000000000013,2,120.85,2opt,notBad
2222,7,905.3700000000008,2,120.85,move,improve
2223,7,905.3700000000008,2,120.85,2opt,notBad
2224,7,1019.5000000000013,2,120.85,swap,acceptBad
2225,7,1019.5000000000013,2,120.85,2opt,notBad
2226,7,1216.0200000000013,2,120.85,swap,acceptBad
2227,7,1216.0200000000013,2,120.85,2opt,improve
2228,7,1337.7200000000005,2,120.85,2opt,acceptBad
2229,7,885.55,2,120.85,move,improve
2230,7,885.55,2,120.85,swap,notBad
2231,7,776.1300000000001,2,120.85,move,improve
2232,7,754.38,2,120.85,move,improve
2233,7,754.38,2,120.85,swap,notBad
2234,7,754.38,2,120.85,2opt,notBad
2235,7,754.38,2,120.85,2opt,notBad
2236,7,787.0100000000004,2,120.85,swap,acceptBad
2237,7,824.5700000000004,2,120.85,swap,acceptBad
2238,7,824.5700000000004,2,120.85,2opt,notBad
2239,7,901.5800000000004,2,120.85,swap,acceptBad
2240,7,889.17,2,120.85,move,improve
2241,7,889.17,2,120.85,move,improve
2242,7,879.0699999999998,2,120.85,swap,improve
2243,7,967.1599999999994,2,120.85,swap,acceptBad
2244,7,1124.63,2,120.85,swap,acceptBad
2245,7,1062.94,2,120.85,move,improve
2246,7,1062.94,2,120.85,2opt,notBad
2247,7,901.0500000000003,2,120.85,move,improve
2248,7,901.0500000000003,2,120.85,move,improve
2249,7,901.0500000000003,2,120.85,2opt,notBad
2250,7,895.7300000000004,2,120.85,move,improve
2251,7,895.7300000000004,2,120.85,2opt,notBad
2252,6,676.2800000000003,2,120.85,move,improve
2253,6,671.4600000000003,2,120.85,move,improve
2254,6,671.4600000000003,2,120.85,move,improve
2255,6,757.5800000000006,2,120.85,swap,acceptBad
2256,6,738.0000000000005,2,120.85,swap,improve
2257,6,738.0000000000005,2,120.85,move,improve
2258,6,670.0400000000001,2,120.85,move,improve
2259,6,829.6299999999999,2,120.85,swap,acceptBad
2260,6,897.1499999999999,2,120.85,swap,acceptBad
2261,6,895.2499999999998,2,120.85,swap,improve
2262,6,802.1299999999997,2,120.85,move,improve
2263,6,802.1299999999997,2,120.85,2opt,notBad
2264,6,802.1299999999997,2,120.85,2opt,notBad
2265,6,775.8999999999999,2,120.85,swap,improve
2266,6,962.3499999999997,2,120.85,swap,acceptBad
2267,6,969.8699999999997,2,120.85,2opt,acceptBad
2268,6,969.8699999999997,2,120.85,2opt,notBad
2269,6,844.7099999999994,2,120.85,move,improve
2270,6,880.0299999999994,2,120.85,2opt,acceptBad
2271,6,880.0299999999994,2,120.85,2opt,notBad
2272,6,824.4699999999995,2,120.85,move,improve
2273,6,824.4699999999995,2,120.85,2opt,notBad
2274,6,824.4699999999995,2,120.85,swap,notBad
2275,6,824.4699999999995,2,120.85,2opt,notBad
2276,6,824.4699999999995,2,120.85,2opt,notBad
2277,6,824.4699999999995,2,120.85,2opt,improve
2278,6,824.4699999999995,2,120.85,2opt,notBad
2279,6,786.9699999999993,2,120.85,move,improve
2280,6,1004.9699999999995,2,120.85,swap,acceptBad
2281,6,1004.9699999999995,2,120.85,swap,notBad
2282,6,929.0699999999997,2,120.85,move,improve
2283,6,769.4799999999997,2,120.85,move,improve
2284,6,767.3999999999997,2,120.85,move,improve
2285,6,767.3999999999997,2,120.85,2opt,improve
2286,6,767.3999999999997,2,120.85,2opt,notBad
2287,6,767.3999999999997,2,120.85,2opt,notBad
2288,6,767.3999999999997,2,120.85,move,improve
2289,6,767.3999999999997,2,120.85,2opt,notBad
2290,6,761.3699999999994,2,120.85,move,improve
2291,6,780.6699999999998,2,120.85,swap,acceptBad
2292,6,807.1899999999998,2,120.85,2opt,acceptBad
2293,6,722.0899999999999,2,120.85,move,improve
2294,6,850.4299999999996,2,120.85,swap,acceptBad
2295,6,778.9099999999996,2,120.85,move,improve
2296,6,675.3499999999993,2,120.85,move,improve
2297,6,819.3499999999992,2,120.85,swap,acceptBad
2298,6,640.1099999999996,2,120.85,move,improve
2299,6,640.1099999999996,2,120.85,move,improve
2300,6,618.5399999999998,2,120.85,swap,improve
2301,6,617.48,2,120.85,swap,improve
2302,6,601.9399999999994,2,120.85,move,improve
2303,6,601.4199999999996,2,120.85,move,improve
2304,6,850.3999999999996,2,120.85,swap,acceptBad
2305,6,850.3999999999996,2,120.85,2opt,notBad
2306,6,850.3999999999996,2,120.85,2opt,notBad
2307,6,896.0999999999997,2,120.85,swap,acceptBad
2308,6,861.4599999999997,2,120.85,swap,improve
2309,6,861.4599999999997,2,120.85,2opt,notBad
2310,6,861.4599999999997,2,120.85,2opt,notBad
2311,6,892.7800000000001,2,120.85,swap,acceptBad
2312,6,911.4600000000002,2,120.85,swap,acceptBad
2313,6,827.5400000000005,2,120.85,move,improve
2314,6,561.3399999999999,2,120.85,move,improve
2315,6,518.2199999999997,2,120.85,move,improve
2316,6,667.9399999999994,2,120.85,swap,acceptBad
2317,6,805.6599999999992,2,120.85,swap,acceptBad
2318,6,661.2599999999998,2,120.85,move,improve
2319,6,661.2599999999998,2,120.85,2opt,notBad
2320,6,661.2599999999998,2,120.85,2opt,notBad
2321,6,762.5600000000004,2,120.85,2opt,acceptBad
2322,6,940.1200000000001,2,120.85,swap,acceptBad
2323,6,847.7600000000007,2,120.85,move,improve
2324,6,847.7600000000007,2,120.85,2opt,notBad
2325,6,847.7600000000007,2,120.85,swap,notBad
2326,6,847.7600000000007,2,120.85,2opt,notBad
2327,6,847.7600000000007,2,120.85,2opt,notBad
2328,6,807.1100000000008,2,120.85,move,improve
2329,6,806.7900000000008,2,120.85,move,improve
2330,6,745.5100000000009,2,120.85,swap,improve
2331,6,745.5100000000009,2,120.85,2opt,notBad
2332,6,644.1300000000009,2,120.85,move,improve
2333,6,593.4100000000014,2,120.85,move,improve
2334,6,376.5700000000006,2,120.85,swap,improve
2335,6,371.290000000001,2,120.85,move,improve
2336,6,371.290000000001,2,120.85,2opt,notBad
2337,6,371.290000000001,2,120.85,2opt,notBad
2338,6,371.290000000001,2,120.85,move,improve
2339,6,472.8500000000012,2,120.85,swap,acceptBad
2340,6,472.8500000000012,2,120.85,move,improve
2341,6,472.8500000000012,2,120.85,2opt,notBad
2342,6,472.8500000000012,2,120.85,2opt,notBad
2343,6,472.8500000000012,2,120.85,move,improve
2344,6,472.8500000000012,2,120.85,2opt,notBad
2345,6,472.8500000000012,2,120.85,move,improve
2346,6,701.5300000000012,2,120.85,swap,acceptBad
2347,6,777.710000000001,2,120.85,swap,acceptBad
2348,6,577.0900000000004,2,120.85,move,improve
2349,6,577.0900000000004,2,120.85,2opt,notBad
2350,6,585.9200000000003,2,120.85,swap,acceptBad
2351,6,585.9200000000003,2,120.85,2opt,notBad
2352,6,585.9200000000003,2,120.85,move,improve
2353,6,585.9200000000003,2,120.85,2opt,notBad
2354,6,585.9200000000003,2,120.85,2opt,notBad
2355,6,585.9200000000003,2,120.85,2opt,notBad
2356,6,558.5200000000004,2,120.85,swap,improve
2357,6,698.8300000000008,2,120.85,swap,acceptBad
2358,6,698.8300000000008,2,120.85,2opt,notBad
2359,6,698.8300000000008,2,120.85,2opt,notBad
2360,6,617.4300000000013,2,120.85,swap,improve
2361,6,561.4500000000005,2,120.85,move,improve
2362,6,594.6800000000003,2,120.85,swap,acceptBad
2363,6,594.6800000000003,2,120.85,2opt,notBad
2364,6,635.4399999999996,2,120.85,swap,acceptBad
2365,6,635.4399999999996,2,120.85,move,improve
2366,6,635.4399999999996,2,120.85,2opt,notBad
2367,6,632.1599999999995,2,120.85,2opt,improve
2368,6,634.1799999999996,2,120.85,swap,acceptBad
2369,6,627.3799999999997,2,120.85,move,improve
2370,6,627.3799999999997,2,120.85,move,improve
2371,6,395.98000000000036,2,120.85,move,improve
2372,6,469.73999999999955,2,120.85,swap,acceptBad
2373,6,404.28999999999996,2,120.85,swap,improve
2374,6,404.28999999999996,2,120.85,move,improve
2375,6,438.29000000000053,2,120.85,swap,acceptBad
2376,6,438.29000000000053,2,120.85,swap,notBad
2377,6,494.61000000000035,2,120.85,swap,acceptBad
2378,6,540.5899999999998,2,120.85,swap,acceptBad
2379,6,354.2999999999993,2,120.85,move,improve
2380,6,354.2999999999993,2,120.85,2opt,notBad
2381,6,354.2999999999993,2,120.85,move,improve
2382,6,354.2999999999993,2,120.85,2opt,notBad
2383,6,335.38,2,120.85,move,improve
2384,6,335.38,2,120.85,2opt,notBad
2385,6,295.44000000000074,2,120.85,move,improve
2386,6,295.44000000000074,2,120.85,swap,notBad
2387,6,293.5200000000003,2,120.85,move,improve
2388,6,293.5200000000003,2,120.85,2opt,notBad
2389,6,291.93000000000063,2,120.85,swap,improve
2390,6,291.93000000000063,2,120.85,2opt,notBad
2391,6,291.93000000000063,2,120.85,move,improve
2392,6,291.93000000000063,2,120.85,move,improve
2393,6,291.93000000000063,2,120.85,move,improve
2394,6,291.93000000000063,2,120.85,2opt,notBad
2395,6,291.93000000000063,2,120.85,2opt,notBad
2396,6,291.93000000000063,2,120.85,2opt,notBad
2397,6,378.2500000000007,2,120.85,swap,acceptBad
2398,6,304.6500000000001,2,120.85,swap,improve
2399,6,304.6500000000001,2,120.85,move,improve
2400,6,304.6500000000001,2,120.85,2opt,notBad
2401,6,402.0900000000002,2,120.85,swap,acceptBad
2402,6,402.0000000000002,2,120.85,move,improve
2403,6,470.34000000000003,2,120.85,swap,acceptBad
2404,6,470.34000000000003,2,120.85,2opt,improve
2405,6,447.7699999999997,2,120.85,move,improve
2406,6,445.3899999999995,2,120.85,swap,improve
2407,6,485.56999999999954,2,120.85,swap,acceptBad
2408,6,617.2299999999997,2,120.85,swap,acceptBad
2409,6,588.9599999999999,2,120.85,move,improve
2410,6,588.9599999999999,2,120.85,2opt,improve
2411,6,588.9599999999999,2,120.85,2opt,notBad
2412,6,507.76999999999947,2,120.85,move,improve
2413,6,507.76999999999947,2,120.85,2opt,notBad
2414,6,373.7099999999991,2,120.85,move,improve
2415,6,520.2699999999993,2,120.85,swap,acceptBad
2416,6,520.2699999999993,2,120.85,2opt,notBad
2417,6,253.65999999999926,2,120.85,2opt,improve
2418,6,294.7599999999992,2,120.85,swap,acceptBad
2419,6,294.7599999999992,2,120.85,swap,notBad
2420,6,393.589999999999,2,120.85,swap,acceptBad
2421,6,678.9499999999988,2,120.85,swap,acceptBad
2422,6,678.9499999999988,2,120.85,swap,notBad
2423,6,594.6699999999994,2,120.85,move,improve
2424,6,803.7099999999992,2,120.85,swap,acceptBad
2425,6,788.4299999999994,2,120.85,move,improve
2426,6,784.7499999999993,2,120.85,move,improve
2427,6,781.0499999999993,2,120.85,2opt,improve
2428,6,781.0499999999993,2,120.85,move,improve
2429,6,781.0499999999993,2,120.85,2opt,notBad
2430,6,734.5399999999998,2,120.85,move,improve
2431,6,735.8800000000001,2,120.85,swap,acceptBad
2432,6,735.8800000000001,2,120.85,swap,notBad
2433,6,735.8800000000001,2,120.85,2opt,notBad
2434,6,735.8800000000001,2,120.85,swap,notBad
2435,6,775.4800000000002,2,120.85,swap,acceptBad
2436,6,775.4800000000002,2,120.85,swap,notBad
2437,6,775.4800000000002,2,120.85,2opt,notBad
2438,6,773.5600000000002,2,120.85,swap,improve
2439,6,773.5600000000002,2,120.85,2opt,notBad
2440,6,773.5600000000002,2,120.85,2opt,notBad
2441,6,760.5700000000002,2,120.85,swap,improve
2442,6,716.3700000000002,2,120.85,move,improve
2443,6,716.3700000000002,2,120.85,2opt,notBad
2444,6,684.1299999999997,2,120.85,swap,improve
2445,6,684.1299999999997,2,120.85,2opt,notBad
2446,6,679.9699999999999,2,120.85,move,improve
2447,6,677.6399999999999,2,120.85,2opt,improve
2448,6,677.6399999999999,2,120.85,swap,notBad
2449,6,672.3599999999998,2,120.85,swap,improve
2450,6,593.7599999999996,2,120.85,swap,improve
2451,6,592.1599999999996,2,120.85,move,improve
2452,6,592.1599999999996,2,120.85,swap,notBad
2453,6,652.2799999999999,2,120.85,swap,acceptBad
2454,6,561.3499999999999,2,120.85,move,improve
2455,6,469.3299999999997,2,120.85,move,improve
2456,6,497.04999999999933,2,120.85,swap,acceptBad
2457,6,497.04999999999933,2,120.85,2opt,improve
2458,6,435.82999999999953,2,120.85,move,improve
2459,6,435.82999999999953,2,120.85,2opt,notBad
2460,6,435.82999999999953,2,120.85,move,improve
2461,6,435.82999999999953,2,120.85,swap,notBad
2462,6,435.50999999999976,2,120.85,move,improve
2463,6,435.50999999999976,2,120.85,2opt,notBad
2464,6,435.50999999999976,2,120.85,swap,notBad
2465,6,435.50999999999976,2,120.85,swap,notBad
2466,6,396.9500000000003,2,120.85,move,improve
2467,6,369.2699999999995,2,120.85,swap,improve
2468,6,454.0100000000002,2,120.85,swap,acceptBad
2469,6,299.46999999999923,2,120.85,move,improve
2470,6,299.46999999999923,2,120.85,swap,notBad
2471,6,278.3699999999996,2,120.85,swap,improve
2472,6,278.3699999999996,2,120.85,move,improve
2473,6,278.3699999999996,2,120.85,2opt,notBad
2474,6,278.3699999999996,2,120.85,2opt,notBad
2475,6,278.3699999999996,2,120.85,2opt,notBad
2476,6,275.3099999999997,2,120.85,move,improve
2477,6,275.3099999999997,2,120.85,2opt,notBad
2478,6,275.3099999999997,2,120.85,2opt,notBad
2479,6,377.4299999999999,2,120.85,swap,acceptBad
2480,6,377.4299999999999,2,120.85,move,improve
2481,6,308.33000000000015,2,120.85,swap,improve
2482,6,448.9399999999999,2,120.85,swap,acceptBad
2483,6,448.9399999999999,2,120.85,move,improve
2484,6,450.1599999999999,2,120.85,2opt,acceptBad
2485,6,284.5599999999994,2,120.85,move,improve
2486,6,271.74,2,120.85,swap,improve
2487,6,271.74,2,120.85,move,improve
2488,6,318.4300000000005,2,120.85,swap,acceptBad
2489,6,388.13,2,120.85,swap,acceptBad
2490,6,493.5499999999999,2,120.85,swap,acceptBad
2491,6,493.5499999999999,2,120.85,move,improve
2492,6,493.5499999999999,2,120.85,2opt,notBad
2493,6,493.5499999999999,2,120.85,move,improve
2494,6,426.7399999999998,2,120.85,move,improve
2495,6,426.7399999999998,2,120.85,2opt,notBad
2496,6,519.5499999999997,2,120.85,swap,acceptBad
2497,6,514.0299999999995,2,120.85,2opt,improve
2498,6,514.0299999999995,2,120.85,2opt,notBad
2499,5,446.9399999999994,2,120.85,2opt,improve
2500,5,432.2799999999996,2,120.85,2opt,improve
2501,5,319.3200000000005,2,120.85,move,improve
2502,5,262.4900000000005,2,120.85,move,improve
2503,5,262.4900000000005,2,120.85,2opt,improve
2504,5,262.4900000000005,2,120.85,2opt,notBad
2505,5,371.48000000000053,2,120.85,swap,acceptBad
2506,5,393.8800000000002,2,120.85,swap,acceptBad
2507,5,309.2299999999998,2,120.85,swap,improve
2508,5,291.4099999999995,2,120.85,move,improve
2509,5,291.4099999999995,2,120.85,2opt,notBad
2510,5,405.0700000000005,2,120.85,swap,acceptBad
2511,5,461.6800000000001,2,120.85,swap,acceptBad
2512,5,461.6800000000001,2,120.85,2opt,notBad
2513,5,461.6800000000001,2,120.85,2opt,notBad
2514,5,490.2599999999998,2,120.85,swap,acceptBad
2515,5,490.2599999999998,2,120.85,2opt,notBad
2516,5,490.2599999999998,2,120.85,2opt,notBad
2517,5,490.2599999999998,2,120.85,2opt,notBad
2518,5,481.59000000000026,2,120.85,2opt,improve
2519,5,481.59000000000026,2,120.85,move,improve
2520,5,481.59000000000026,2,120.85,2opt,notBad
2521,5,481.59000000000026,2,120.85,2opt,improve
2522,5,481.59000000000026,2,120.85,2opt,notBad
2523,5,337.9800000000007,2,120.85,move,improve
2524,5,337.9800000000007,2,120.85,2opt,notBad
2525,5,331.8500000000005,2,120.85,move,improve
2526,5,331.8500000000005,2,120.85,swap,notBad
2527,5,308.4100000000003,2,120.85,swap,improve
2528,5,281.35000000000093,2,120.85,move,improve
2529,5,281.35000000000093,2,120.85,2opt,notBad
2530,5,281.35000000000093,2,120.85,2opt,notBad
2531,5,281.35000000000093,2,120.85,2opt,notBad
2532,5,281.16000000000093,2,120.85,move,improve
2533,5,274.97000000000054,2,120.85,move,improve
2534,5,254.75000000000028,2,120.85,move,improve
2535,5,254.75000000000028,2,120.85,2opt,notBad
2536,5,254.75000000000028,2,120.85,swap,notBad
2537,5,254.75000000000028,2,120.85,move,improve
2538,5,245.9799999999999,2,120.85,move,improve
2539,5,245.9799999999999,2,120.85,move,improve
2540,5,245.9799999999999,2,120.85,2opt,notBad
2541,5,245.9799999999999,2,120.85,2opt,notBad
2542,5,213.74000000000015,2,120.85,move,improve
2543,5,315.5899999999999,2,120.85,swap,acceptBad
2544,5,230.42999999999995,2,120.85,2opt,improve
2545,5,384.2700000000001,2,120.85,swap,acceptBad
2546,5,384.2700000000001,2,120.85,move,improve
2547,5,367.7399999999999,2,120.85,2opt,improve
2548,5,340.6600000000001,2,120.85,move,improve
2549,5,423.0000000000001,2,120.85,swap,acceptBad
2550,5,405.19999999999993,2,120.85,move,improve
2551,5,373.3300000000004,2,120.85,move,improve
2552,5,373.3300000000004,2,120.85,2opt,notBad
2553,5,321.8900000000002,2,120.85,swap,improve
2554,5,451.9300000000001,2,120.85,swap,acceptBad
2555,5,451.9300000000001,2,120.85,2opt,notBad
2556,5,419.52,2,120.85,swap,improve
2557,5,289.29,2,120.85,move,improve
2558,5,289.29,2,120.85,move,improve
2559,5,290.17,2,120.85,move,acceptBad
2560,5,365.4800000000003,2,120.85,swap,acceptBad
2561,5,431.4000000000002,2,120.85,swap,acceptBad
2562,5,392.36,2,120.85,move,improve
2563,5,392.36,2,120.85,2opt,notBad
2564,5,312.87000000000035,2,120.85,move,improve
2565,5,201.83000000000033,2,120.85,move,improve
2566,5,201.83000000000033,2,120.85,2opt,improve
2567,5,228.47000000000048,2,120.85,swap,acceptBad
2568,5,312.8100000000001,2,120.85,swap,acceptBad
2569,5,312.8100000000001,2,120.85,2opt,notBad
2570,5,312.8100000000001,2,120.85,2opt,notBad
2571,5,312.8100000000001,2,120.85,move,improve
2572,5,301.9399999999996,2,120.85,move,improve
2573,5,301.9399999999996,2,120.85,swap,notBad
2574,5,300.6799999999996,2,120.85,move,improve
2575,5,377.76000000000033,2,120.85,swap,acceptBad
2576,5,377.76000000000033,2,120.85,2opt,improve
2577,5,354.8600000000007,2,120.85,move,improve
2578,5,312.1500000000003,2,120.85,move,improve
2579,5,312.1500000000003,2,120.85,move,improve
2580,5,312.1500000000003,2,120.85,2opt,notBad
2581,5,312.1500000000003,2,120.85,2opt,notBad
2582,5,266.1099999999996,2,120.85,move,improve
2583,5,266.1099999999996,2,120.85,move,improve
2584,5,266.1099999999996,2,120.85,2opt,notBad
2585,5,266.1099999999996,2,120.85,move,improve
2586,5,233.72999999999945,2,120.85,move,improve
2587,5,355.3699999999998,2,120.85,swap,acceptBad
2588,5,355.3699999999998,2,120.85,move,improve
2589,5,355.0299999999998,2,120.85,move,improve
2590,5,355.0299999999998,2,120.85,2opt,notBad
2591,5,355.0299999999998,2,120.85,move,improve
2592,5,355.0299999999998,2,120.85,swap,notBad
2593,5,355.0299999999998,2,120.85,move,improve
2594,5,431.60000000000053,2,120.85,swap,acceptBad
2595,5,231.4200000000008,2,120.85,move,improve
2596,5,231.4200000000008,2,120.85,2opt,notBad
2597,5,229.6800000000008,2,120.85,move,improve
2598,5,229.6800000000008,2,120.85,move,improve
2599,5,229.6800000000008,2,120.85,move,improve
2600,5,229.6800000000008,2,120.85,2opt,notBad
2601,5,229.6800000000008,2,120.85,2opt,notBad
2602,5,229.6800000000008,2,120.85,2opt,notBad
2603,5,229.6800000000008,2,120.85,swap,notBad
2604,5,232.30000000000078,2,120.85,swap,acceptBad
2605,5,232.30000000000078,2,120.85,2opt,notBad
2606,5,232.30000000000078,2,120.85,swap,notBad
2607,5,220.40000000000072,2,120.85,move,improve
2608,5,220.40000000000072,2,120.85,2opt,notBad
2609,5,220.40000000000072,2,120.85,move,improve
2610,5,220.40000000000072,2,120.85,2opt,notBad
2611,5,224.9500000000007,2,120.85,swap,acceptBad
2612,5,221.72000000000057,2,120.85,move,improve
2613,5,221.72000000000057,2,120.85,2opt,notBad
2614,5,243.25000000000082,2,120.85,swap,acceptBad
2615,5,190.6599999999994,2,120.85,move,improve
2616,5,190.6599999999994,2,120.85,move,improve
2617,5,190.6599999999994,2,120.85,move,improve
2618,5,190.6599999999994,2,120.85,move,improve
2619,5,190.6599999999994,2,120.85,move,improve
2620,5,190.6599999999994,2,120.85,swap,notBad
2621,5,190.6599999999994,2,120.85,2opt,notBad
2622,5,190.6599999999994,2,120.85,2opt,notBad
2623,5,263.2799999999994,2,120.85,swap,acceptBad
2624,5,263.2799999999994,2,120.85,swap,notBad
2625,5,263.2799999999994,2,120.85,2opt,notBad
2626,5,263.2799999999994,2,120.85,move,improve
2627,5,198.89999999999947,2,120.85,swap,improve
2628,5,198.89999999999947,2,120.85,2opt,notBad
2629,5,198.89999999999947,2,120.85,move,improve
2630,5,189.09999999999962,2,120.85,move,improve
2631,5,187.80999999999963,2,120.85,move,improve
2632,5,187.80999999999963,2,120.85,swap,notBad
2633,5,187.80999999999963,2,120.85,swap,notBad
2634,5,217.8199999999999,2,120.85,swap,acceptBad
2635,5,283.82,2,120.85,swap,acceptBad
2636,5,283.82,2,120.85,2opt,notBad
2637,5,283.82,2,120.85,2opt,notBad
2638,5,283.82,2,120.85,2opt,notBad
2639,5,283.82,2,120.85,swap,notBad
2640,5,340.66000000000025,2,120.85,swap,acceptBad
2641,5,349.18000000000023,2,120.85,2opt,acceptBad
2642,5,327.39000000000067,2,120.85,swap,improve
2643,5,359.2400000000004,2,120.85,swap,acceptBad
2644,5,359.2400000000004,2,120.85,2opt,notBad
2645,5,359.2400000000004,2,120.85,2opt,notBad
2646,5,292.84,2,120.85,move,improve
2647,5,292.84,2,120.85,2opt,notBad
2648,5,263.00999999999993,2,120.85,move,improve
2649,5,263.00999999999993,2,120.85,2opt,notBad
2650,5,262.2899999999999,2,120.85,2opt,improve
2651,5,262.2899999999999,2,120.85,2opt,notBad
2652,5,262.2899999999999,2,120.85,2opt,notBad
2653,5,220.37999999999982,2,120.85,move,improve
2654,5,220.37999999999982,2,120.85,2opt,notBad
2655,5,271.3799999999994,2,120.85,swap,acceptBad
2656,5,367.7700000000002,2,120.85,swap,acceptBad
2657,5,366.5900000000002,2,120.85,move,improve
2658,5,366.5900000000002,2,120.85,2opt,notBad
2659,5,401.00000000000045,2,120.85,swap,acceptBad
2660,5,369.6800000000012,2,120.85,swap,improve
2661,5,258.0100000000004,2,120.85,move,improve
2662,5,349.30000000000047,2,120.85,swap,acceptBad
2663,5,349.30000000000047,2,120.85,2opt,notBad
2664,5,436.8399999999999,2,120.85,swap,acceptBad
2665,5,436.8399999999999,2,120.85,2opt,notBad
2666,5,436.8399999999999,2,120.85,2opt,notBad
2667,5,423.5299999999996,2,120.85,move,improve
2668,5,471.8500000000005,2,120.85,swap,acceptBad
2669,5,526.8400000000006,2,120.85,swap,acceptBad
2670,5,526.8400000000006,2,120.85,2opt,notBad
2671,5,510.64000000000055,2,120.85,swap,improve
2672,5,510.64000000000055,2,120.85,swap,notBad
2673,5,490.4200000000005,2,120.85,move,improve
2674,5,362.50000000000034,2,120.85,move,improve
2675,5,362.50000000000034,2,120.85,move,improve
2676,5,501.9600000000007,2,120.85,swap,acceptBad
2677,5,554.8600000000006,2,120.85,swap,acceptBad
2678,5,560.6500000000005,2,120.85,swap,acceptBad
2679,5,560.6500000000005,2,120.85,2opt,notBad
2680,5,605.0400000000009,2,120.85,swap,acceptBad
2681,5,602.2200000000009,2,120.85,move,improve
2682,5,414.6600000000004,2,120.85,move,improve
2683,5,236.58999999999986,2,120.85,move,improve
2684,5,236.58999999999986,2,120.85,move,improve
2685,5,275.38,2,120.85,swap,acceptBad
2686,5,314.7799999999996,2,120.85,swap,acceptBad
2687,5,225.1199999999999,2,120.85,move,improve
2688,5,225.1199999999999,2,120.85,2opt,notBad
2689,5,225.1199999999999,2,120.85,2opt,notBad
2690,5,225.1199999999999,2,120.85,move,improve
2691,5,225.1199999999999,2,120.85,2opt,notBad
2692,5,225.1199999999999,2,120.85,swap,notBad
2693,5,291.40999999999985,2,120.85,swap,acceptBad
2694,5,268.7099999999998,2,120.85,move,improve
2695,5,203.1399999999995,2,120.85,move,improve
2696,5,334.82999999999936,2,120.85,swap,acceptBad
2697,5,334.82999999999936,2,120.85,2opt,notBad
2698,5,334.82999999999936,2,120.85,2opt,notBad
2699,5,330.4999999999993,2,120.85,2opt,improve
2700,5,330.4999999999993,2,120.85,2opt,notBad
2701,5,330.4999999999993,2,120.85,2opt,improve
2702,5,223.09999999999968,2,120.85,swap,improve
2703,5,223.09999999999968,2,120.85,swap,notBad
2704,5,223.09999999999968,2,120.85,2opt,notBad
2705,5,275.42000000000036,2,120.85,swap,acceptBad
2706,5,356.18000000000006,2,120.85,swap,acceptBad
2707,5,255.02000000000055,2,120.85,move,improve
2708,5,317.54000000000053,2,120.85,swap,acceptBad
2709,5,276.26000000000016,2,120.85,move,improve
2710,5,276.25000000000017,2,120.85,swap,improve
2711,5,300.5200000000002,2,120.85,swap,acceptBad
2712,5,318.56999999999994,2,120.85,swap,acceptBad
2713,5,309.6900000000004,2,120.85,swap,improve
2714,5,305.3400000000005,2,120.85,move,improve
2715,5,305.3400000000005,2,120.85,swap,notBad
2716,5,358.6900000000004,2,120.85,swap,acceptBad
2717,5,464.3100000000002,2,120.85,swap,acceptBad
2718,5,464.3100000000002,2,120.85,swap,notBad
2719,5,464.3100000000002,2,120.85,move,improve
2720,5,554.3399999999998,2,120.85,swap,acceptBad
2721,5,553.8100000000003,2,120.85,swap,improve
2722,5,553.8100000000003,2,120.85,2opt,notBad
2723,5,553.8100000000003,2,120.85,2opt,notBad
2724,5,553.8100000000003,2,120.85,2opt,notBad
2725,5,553.8100000000003,2,120.85,2opt,notBad
2726,5,516.0700000000004,2,120.85,move,improve
2727,5,518.9900000000004,2,120.85,2opt,acceptBad
2728,5,523.5300000000003,2,120.85,swap,acceptBad
2729,5,404.48000000000064,2,120.85,move,improve
2730,5,404.48000000000064,2,120.85,swap,notBad
2731,5,404.48000000000064,2,120.85,2opt,notBad
2732,5,271.35000000000036,2,120.85,move,improve
2733,5,271.35000000000036,2,120.85,2opt,notBad
2734,5,271.3100000000004,2,120.85,move,improve
2735,5,240.20999999999995,2,120.85,move,improve
2736,5,240.20999999999995,2,120.85,swap,notBad
2737,5,240.20999999999995,2,120.85,2opt,notBad
2738,5,240.20999999999995,2,120.85,2opt,improve
2739,5,240.20999999999995,2,120.85,move,improve
2740,5,240.20999999999995,2,120.85,swap,notBad
2741,5,262.77999999999986,2,120.85,swap,acceptBad
2742,5,262.77999999999986,2,120.85,2opt,notBad
2743,5,260.87999999999965,2,120.85,move,improve
2744,5,260.87999999999965,2,120.85,swap,notBad
2745,5,260.87999999999965,2,120.85,2opt,notBad
2746,5,260.87999999999965,2,120.85,2opt,notBad
2747,5,260.87999999999965,2,120.85,move,improve
2748,5,260.87999999999965,2,120.85,swap,notBad
2749,5,260.87999999999965,2,120.85,move,improve
2750,5,257.2700000000001,2,120.85,swap,improve
2751,5,239.62000000000006,2,120.85,swap,improve
2752,5,239.62000000000006,2,120.85,2opt,notBad
2753,5,235.62000000000035,2,120.85,move,improve
2754,5,212.11000000000047,2,120.85,swap,improve
2755,5,212.11000000000047,2,120.85,2opt,notBad
2756,5,268.59999999999974,2,120.85,swap,acceptBad
2757,5,268.59999999999974,2,120.85,move,improve
2758,5,268.59999999999974,2,120.85,2opt,notBad
2759,5,268.59999999999974,2,120.85,swap,notBad
2760,5,268.59999999999974,2,120.85,move,improve
2761,5,238.31000000000026,2,120.85,swap,improve
2762,5,238.31000000000026,2,120.85,move,improve
2763,5,246.41999999999956,2,120.85,swap,acceptBad
2764,5,234.00999999999942,2,120.85,move,improve
2765,5,234.00999999999942,2,120.85,swap,notBad
2766,5,201.39000000000013,2,120.85,move,improve
2767,5,194.49000000000012,2,120.85,move,improve
2768,5,194.49000000000012,2,120.85,2opt,notBad
2769,5,194.49000000000012,2,120.85,2opt,notBad
2770,5,194.49000000000012,2,120.85,move,improve
2771,5,194.49000000000012,2,120.85,move,improve
2772,5,194.49000000000012,2,120.85,move,improve
2773,5,194.49000000000012,2,120.85,move,improve
2774,5,194.49000000000012,2,120.85,2opt,notBad
2775,5,194.49000000000012,2,120.85,2opt,notBad
2776,5,194.49000000000012,2,120.85,move,improve
2777,5,194.49000000000012,2,120.85,2opt,notBad
2778,5,194.49000000000012,2,120.85,swap,notBad
2779,5,219.5599999999996,2,120.85,2opt,acceptBad
2780,5,219.5599999999996,2,120.85,swap,notBad
2781,5,219.5599999999996,2,120.85,move,improve
2782,5,219.5599999999996,2,120.85,move,improve
2783,5,217.86000000000047,2,120.85,move,improve
2784,5,217.86000000000047,2,120.85,swap,notBad
2785,5,217.86000000000047,2,120.85,2opt,notBad
2786,5,217.86000000000047,2,120.85,2opt,notBad
2787,5,217.86000000000047,2,120.85,move,improve
2788,5,217.86000000000047,2,120.85,2opt,notBad
2789,5,217.86000000000047,2,120.85,move,improve
2790,5,217.86000000000047,2,120.85,move,improve
2791,5,217.86000000000047,2,120.85,move,improve
2792,5,229.5899999999996,2,120.85,swap,acceptBad
2793,5,223.46999999999872,2,120.85,swap,improve
2794,5,223.46999999999872,2,120.85,swap,notBad
2795,5,228.1399999999988,2,120.85,2opt,acceptBad
2796,5,228.1399999999988,2,120.85,2opt,notBad
2797,5,228.1399999999988,2,120.85,2opt,notBad
2798,5,220.5399999999986,2,120.85,move,improve
2799,5,220.5399999999986,2,120.85,swap,notBad
2800,5,220.5399999999986,2,120.85,2opt,improve
2801,5,220.5399999999986,2,120.85,2opt,notBad
2802,5,217.74999999999991,2,120.85,move,improve
2803,5,217.74999999999991,2,120.85,move,improve
2804,5,217.74999999999991,2,120.85,swap,notBad
2805,5,260.16999999999956,2,120.85,swap,acceptBad
2806,5,374.5499999999999,2,120.85,swap,acceptBad
2807,5,374.5499999999999,2,120.85,swap,notBad
2808,5,374.5499999999999,2,120.85,swap,notBad
2809,5,374.5499999999999,2,120.85,move,improve
2810,5,419.4299999999996,2,120.85,swap,acceptBad
2811,5,419.4299999999996,2,120.85,2opt,notBad
2812,5,418.02999999999963,2,120.85,swap,improve
2813,5,324.34999999999957,2,120.85,move,improve
2814,5,271.09,2,120.85,move,improve
2815,5,271.09,2,120.85,swap,notBad
2816,5,272.9499999999999,2,120.85,swap,acceptBad
2817,5,272.9499999999999,2,120.85,2opt,notBad
2818,5,272.9499999999999,2,120.85,2opt,notBad
2819,5,272.9499999999999,2,120.85,move,improve
2820,5,272.9499999999999,2,120.85,2opt,notBad
2821,5,272.9499999999999,2,120.85,swap,notBad
2822,5,286.2100000000001,2,120.85,2opt,acceptBad
2823,5,388.1399999999995,2,120.85,swap,acceptBad
2824,5,423.66999999999916,2,120.85,swap,acceptBad
2825,5,330.81999999999937,2,120.85,move,improve
2826,5,332.71000000000004,2,120.85,move,acceptBad
2827,5,332.71000000000004,2,120.85,2opt,notBad
2828,5,332.71000000000004,2,120.85,2opt,notBad
2829,5,339.9699999999992,2,120.85,swap,acceptBad
2830,5,348.0799999999998,2,120.85,swap,acceptBad
2831,5,330.4799999999998,2,120.85,swap,improve
2832,5,330.4799999999998,2,120.85,2opt,notBad
2833,5,345.53999999999957,2,120.85,swap,acceptBad
2834,5,384.73999999999944,2,120.85,swap,acceptBad
2835,5,384.73999999999944,2,120.85,2opt,notBad
2836,5,333.3099999999998,2,120.85,move,improve
2837,5,333.3099999999998,2,120.85,swap,notBad
2838,5,333.3099999999998,2,120.85,2opt,notBad
2839,5,353.8399999999997,2,120.85,swap,acceptBad
2840,5,353.8399999999997,2,120.85,2opt,notBad
2841,5,353.8399999999997,2,120.85,swap,notBad
2842,5,442.55999999999983,2,120.85,swap,acceptBad
2843,5,442.55999999999983,2,120.85,2opt,notBad
2844,5,442.55999999999983,2,120.85,move,improve
2845,5,442.55999999999983,2,120.85,move,improve
2846,5,442.55999999999983,2,120.85,2opt,notBad
2847,5,442.55999999999983,2,120.85,2opt,notBad
2848,5,442.55999999999983,2,120.85,swap,notBad
2849,5,420.61000000000064,2,120.85,2opt,improve
2850,5,420.61000000000064,2,120.85,swap,notBad
2851,5,386.29999999999995,2,120.85,move,improve
2852,5,314.75999999999976,2,120.85,move,improve
2853,5,298.57000000000005,2,120.85,move,improve
2854,5,294.01000000000005,2,120.85,move,improve
2855,5,282.0,2,120.85,move,improve
2856,5,328.6700000000001,2,120.85,swap,acceptBad
2857,5,328.59000000000003,2,120.85,move,improve
2858,5,323.53999999999985,2,120.85,move,improve
2859,5,323.53999999999985,2,120.85,2opt,notBad
2860,5,323.53999999999985,2,120.85,2opt,notBad
2861,5,323.53999999999985,2,120.85,2opt,notBad
2862,5,363.65999999999985,2,120.85,swap,acceptBad
2863,5,363.65999999999985,2,120.85,2opt,notBad
2864,5,347.35,2,120.85,move,improve
2865,5,385.42999999999995,2,120.85,swap,acceptBad
2866,5,344.1099999999998,2,120.85,2opt,improve
2867,5,344.1099999999998,2,120.85,2opt,notBad
2868,5,344.1099999999998,2,120.85,2opt,notBad
2869,5,335.8099999999994,2,120.85,move,improve
2870,5,328.48999999999955,2,120.85,move,improve
2871,5,328.48999999999955,2,120.85,2opt,notBad
2872,5,362.5999999999997,2,120.85,swap,acceptBad
2873,5,362.5999999999997,2,120.85,2opt,notBad
2874,5,285.51999999999964,2,120.85,swap,improve
2875,5,285.51999999999964,2,120.85,2opt,notBad
2876,5,285.51999999999964,2,120.85,2opt,notBad
2877,5,268.4499999999999,2,120.85,swap,improve
2878,5,231.1499999999997,2,120.85,move,improve
2879,5,231.1499999999997,2,120.85,2opt,notBad
2880,5,231.1499999999997,2,120.85,swap,notBad
2881,5,231.1499999999997,2,120.85,swap,notBad
2882,5,326.4499999999995,2,120.85,swap,acceptBad
2883,5,326.4499999999995,2,120.85,2opt,notBad
2884,5,326.4499999999995,2,120.85,swap,notBad
2885,5,323.9499999999996,2,120.85,move,improve
2886,5,323.9499999999996,2,120.85,2opt,notBad
2887,5,415.3199999999988,2,120.85,swap,acceptBad
2888,5,415.3199999999988,2,120.85,2opt,notBad
2889,5,415.3199999999988,2,120.85,swap,notBad
2890,5,343.3399999999997,2,120.85,move,improve
2891,5,343.3399999999997,2,120.85,move,improve
2892,5,325.8199999999996,2,120.85,swap,improve
2893,5,326.7400000000001,2,120.85,swap,acceptBad
2894,5,279.18999999999926,2,120.85,move,improve
2895,5,279.18999999999926,2,120.85,move,improve
2896,5,279.18999999999926,2,120.85,2opt,notBad
2897,5,278.88999999999925,2,120.85,2opt,improve
2898,5,315.82999999999925,2,120.85,move,acceptBad
2899,5,308.5699999999995,2,120.85,swap,improve
2900,5,308.5699999999995,2,120.85,2opt,notBad
2901,5,280.7599999999992,2,120.85,move,improve
2902,5,280.7599999999992,2,120.85,2opt,notBad
2903,5,333.00999999999914,2,120.85,swap,acceptBad
2904,5,363.5699999999988,2,120.85,swap,acceptBad
2905,5,363.5699999999988,2,120.85,2opt,notBad
2906,5,363.5699999999988,2,120.85,2opt,notBad
2907,5,342.4599999999989,2,120.85,move,improve
2908,5,342.38999999999896,2,120.85,swap,improve
2909,5,340.81999999999886,2,120.85,move,improve
2910,5,339.8300000000006,2,120.85,swap,improve
2911,5,331.9700000000006,2,120.85,move,improve
2912,5,318.5999999999991,2,120.85,swap,improve
2913,5,318.5999999999991,2,120.85,2opt,notBad
2914,5,337.5400000000003,2,120.85,swap,acceptBad
2915,5,291.20000000000016,2,120.85,move,improve
2916,5,291.20000000000016,2,120.85,move,improve
2917,5,291.20000000000016,2,120.85,2opt,notBad
2918,5,291.20000000000016,2,120.85,2opt,notBad
2919,5,291.20000000000016,2,120.85,2opt,notBad
2920,5,291.20000000000016,2,120.85,swap,notBad
2921,5,291.20000000000016,2,120.85,move,improve
2922,5,291.20000000000016,2,120.85,move,improve
2923,5,283.8500000000001,2,120.85,swap,improve
2924,5,283.8500000000001,2,120.85,2opt,notBad
2925,5,283.8500000000001,2,120.85,2opt,notBad
2926,5,283.8500000000001,2,120.85,2opt,notBad
2927,5,283.8500000000001,2,120.85,move,improve
2928,5,283.8500000000001,2,120.85,2opt,notBad
2929,5,283.8500000000001,2,120.85,2opt,notBad
2930,5,283.8500000000001,2,120.85,2opt,notBad
2931,5,283.6500000000001,2,120.85,move,improve
2932,5,283.6500000000001,2,120.85,2opt,notBad
2933,5,283.6500000000001,2,120.85,2opt,notBad
2934,5,283.6500000000001,2,120.85,2opt,notBad
2935,5,283.6500000000001,2,120.85,2opt,notBad
2936,5,283.6500000000001,2,120.85,2opt,improve
2937,5,282.53999999999996,2,120.85,move,improve
2938,5,282.53999999999996,2,120.85,2opt,notBad
2939,5,282.53999999999996,2,120.85,2opt,notBad
2940,5,282.53999999999996,2,120.85,2opt,notBad
2941,5,282.53999999999996,2,120.85,2opt,notBad
2942,5,282.53999999999996,2,120.85,swap,notBad
2943,5,301.3399999999999,2,120.85,swap,acceptBad
2944,5,301.3399999999999,2,120.85,move,improve
2945,5,297.02999999999963,2,120.85,move,improve
2946,5,297.02999999999963,2,120.85,swap,notBad
2947,5,294.03,2,120.85,swap,improve
2948,5,294.03,2,120.85,2opt,notBad
2949,5,312.8500000000002,2,120.85,swap,acceptBad
2950,5,312.8500000000002,2,120.85,2opt,notBad
2951,5,312.8500000000002,2,120.85,move,improve
2952,5,312.8500000000002,2,120.85,swap,notBad
2953,5,288.09999999999997,2,120.85,move,improve
2954,5,287.47999999999996,2,120.85,swap,improve
2955,5,294.3,2,120.85,2opt,acceptBad
2956,5,294.3,2,120.85,swap,notBad
2957,5,294.3,2,120.85,move,improve
2958,5,294.3,2,120.85,2opt,improve
2959,5,294.3,2,120.85,2opt,notBad
2960,5,294.3,2,120.85,2opt,notBad
2961,5,294.3,2,120.85,swap,notBad
2962,5,294.3,2,120.85,move,improve
2963,5,292.0900000000001,2,120.85,move,improve
2964,5,258.9600000000001,2,120.85,move,improve
2965,5,258.9600000000001,2,120.85,2opt,notBad
2966,5,336.7500000000005,2,120.85,swap,acceptBad
2967,5,336.7500000000005,2,120.85,swap,notBad
2968,5,302.9900000000006,2,120.85,move,improve
2969,5,302.9900000000006,2,120.85,2opt,notBad
2970,5,241.5700000000005,2,120.85,move,improve
2971,5,241.5700000000005,2,120.85,move,improve
2972,5,241.5700000000005,2,120.85,2opt,notBad
2973,5,241.5700000000005,2,120.85,2opt,notBad
2974,5,241.5700000000005,2,120.85,2opt,notBad
2975,5,241.5700000000005,2,120.85,2opt,improve
2976,5,239.2900000000005,2,120.85,move,improve
2977,5,239.2900000000005,2,120.85,swap,notBad
2978,5,239.2900000000005,2,120.85,move,improve
2979,5,239.2900000000005,2,120.85,2opt,notBad
2980,5,239.2900000000005,2,120.85,2opt,notBad
2981,5,278.19000000000045,2,120.85,swap,acceptBad
2982,5,300.0200000000003,2,120.85,swap,acceptBad
2983,5,298.7400000000002,2,120.85,swap,improve
2984,5,298.7400000000002,2,120.85,2opt,notBad
2985,5,298.7400000000002,2,120.85,2opt,improve
2986,5,266.20000000000005,2,120.85,swap,improve
2987,5,266.56,2,120.85,swap,acceptBad
2988,5,265.21999999999997,2,120.85,move,improve
2989,5,265.21999999999997,2,120.85,2opt,notBad
2990,5,306.16000000000037,2,120.85,swap,acceptBad
2991,5,289.6400000000001,2,120.85,move,improve
2992,5,289.6400000000001,2,120.85,2opt,notBad
2993,5,315.6199999999994,2,120.85,swap,acceptBad
2994,5,315.6199999999994,2,120.85,swap,notBad
2995,5,291.62999999999977,2,120.85,2opt,improve
2996,5,291.62999999999977,2,120.85,swap,notBad
2997,5,291.62999999999977,2,120.85,move,improve
2998,5,332.1699999999995,2,120.85,swap,acceptBad
2999,5,305.84000000000003,2,120.85,swap,improve
3000,5,292.1200000000001,2,120.85,move,improve
3001,5,312.7199999999994,2,120.85,swap,acceptBad
3002,5,312.7199999999994,2,120.85,2opt,notBad
3003,5,312.7199999999994,2,120.85,move,improve
3004,5,312.7199999999994,2,120.85,2opt,notBad
3005,5,215.43000000000043,2,120.85,move,improve
3006,5,215.43000000000043,2,120.85,swap,notBad
3007,5,214.24000000000035,2,120.85,move,improve
3008,5,214.24000000000035,2,120.85,swap,notBad
3009,5,214.24000000000035,2,120.85,2opt,notBad
3010,5,214.24000000000035,2,120.85,2opt,notBad
3011,5,214.24000000000035,2,120.85,move,improve
3012,5,214.24000000000035,2,120.85,2opt,improve
3013,5,214.24000000000035,2,120.85,move,improve
3014,5,214.24000000000035,2,120.85,2opt,notBad
3015,5,213.17000000000016,2,120.85,move,improve
3016,5,213.17000000000016,2,120.85,2opt,notBad
3017,5,213.17000000000016,2,120.85,2opt,improve
3018,5,213.17000000000016,2,120.85,swap,notBad
3019,5,213.17000000000016,2,120.85,2opt,notBad
3020,5,213.17000000000016,2,120.85,move,improve
3021,5,213.17000000000016,2,120.85,move,improve
3022,5,213.17000000000016,2,120.85,2opt,notBad
3023,5,213.17000000000016,2,120.85,move,improve
3024,5,213.17000000000016,2,120.85,move,improve
3025,5,213.17000000000016,2,120.85,2opt,notBad
3026,5,213.17000000000016,2,120.85,2opt,notBad
3027,5,213.17000000000016,2,120.85,move,improve
3028,5,213.17000000000016,2,120.85,move,improve
3029,5,232.14999999999978,2,120.85,2opt,acceptBad
3030,5,232.14999999999978,2,120.85,2opt,notBad
3031,5,232.14999999999978,2,120.85,move,improve
3032,5,232.14999999999978,2,120.85,2opt,notBad
3033,5,232.14999999999978,2,120.85,swap,notBad
3034,5,232.14999999999978,2,120.85,2opt,notBad
3035,5,232.14999999999978,2,120.85,swap,notBad
3036,5,232.14999999999978,2,120.85,2opt,notBad
3037,5,232.14999999999978,2,120.85,swap,notBad
3038,5,232.14999999999978,2,120.85,swap,notBad
3039,5,241.55999999999997,2,120.85,swap,acceptBad
3040,5,240.69999999999996,2,120.85,move,improve
3041,5,240.69999999999996,2,120.85,move,improve
3042,5,240.69999999999996,2,120.85,2opt,notBad
3043,5,240.69999999999996,2,120.85,2opt,notBad
3044,5,240.69999999999996,2,120.85,move,improve
3045,5,303.92,2,120.85,swap,acceptBad
3046,5,303.92,2,120.85,swap,notBad
3047,5,303.92,2,120.85,swap,notBad
3048,5,316.16000000000037,2,120.85,2opt,acceptBad
3049,5,311.25000000000017,2,120.85,move,improve
3050,5,311.25000000000017,2,120.85,2opt,notBad
3051,5,311.25000000000017,2,120.85,2opt,notBad
3052,5,311.25000000000017,2,120.85,2opt,notBad
3053,5,311.25000000000017,2,120.85,move,improve
3054,5,311.25000000000017,2,120.85,move,improve
3055,5,311.25000000000017,2,120.85,move,improve
3056,5,291.9100000000003,2,120.85,move,improve
3057,5,291.9100000000003,2,120.85,2opt,notBad
3058,5,287.59000000000015,2,120.85,move,improve
3059,5,287.59000000000015,2,120.85,2opt,notBad
3060,5,287.59000000000015,2,120.85,2opt,notBad
3061,5,287.59000000000015,2,120.85,2opt,notBad
3062,5,287.59000000000015,2,120.85,2opt,notBad
3063,5,287.59000000000015,2,120.85,2opt,notBad
3064,5,310.72,2,120.85,swap,acceptBad
3065,5,310.72,2,120.85,2opt,notBad
3066,5,310.72,2,120.85,move,improve
3067,5,310.72,2,120.85,2opt,notBad
3068,5,310.72,2,120.85,2opt,notBad
3069,5,351.14000000000044,2,120.85,swap,acceptBad
3070,5,356.24000000000046,2,120.85,swap,acceptBad
3071,5,333.7400000000004,2,120.85,move,improve
3072,5,333.7400000000004,2,120.85,move,improve
3073,5,333.7400000000004,2,120.85,2opt,notBad
3074,5,333.7400000000004,2,120.85,2opt,notBad
3075,5,333.7400000000004,2,120.85,swap,notBad
3076,5,333.7400000000004,2,120.85,2opt,notBad
3077,5,333.7400000000004,2,120.85,2opt,notBad
3078,5,294.97999999999934,2,120.85,move,improve
3079,5,285.0299999999995,2,120.85,move,improve
3080,5,283.59999999999974,2,120.85,move,improve
3081,5,283.59999999999974,2,120.85,2opt,notBad
3082,5,283.59999999999974,2,120.85,move,improve
3083,5,349.3600000000011,2,120.85,swap,acceptBad
3084,5,349.3600000000011,2,120.85,2opt,notBad
3085,5,349.3600000000011,2,120.85,2opt,notBad
3086,5,349.3600000000011,2,120.85,swap,notBad
3087,5,349.3600000000011,2,120.85,2opt,notBad
3088,5,299.06000000000034,2,120.85,swap,improve
3089,5,278.97999999999934,2,120.85,move,improve
3090,5,278.97999999999934,2,120.85,swap,notBad
3091,5,278.97999999999934,2,120.85,move,improve
3092,5,266.67999999999915,2,120.85,move,improve
3093,5,262.2500000000001,2,120.85,move,improve
3094,5,262.2500000000001,2,120.85,2opt,notBad
3095,5,271.64000000000044,2,120.85,swap,acceptBad
3096,5,271.4,2,120.85,swap,improve
3097,5,271.4,2,120.85,2opt,notBad
3098,5,271.4,2,120.85,move,improve
3099,5,271.4,2,120.85,move,improve
3100,5,271.4,2,120.85,2opt,notBad
3101,5,268.0300000000007,2,120.85,move,improve
3102,5,267.8300000000007,2,120.85,swap,improve
3103,5,267.8300000000007,2,120.85,2opt,notBad
3104,5,273.37000000000063,2,120.85,swap,acceptBad
3105,5,254.52000000000078,2,120.85,2opt,improve
3106,5,234.26000000000172,2,120.85,2opt,improve
3107,5,248.99000000000154,2,120.85,swap,acceptBad
3108,5,243.11000000000027,2,120.85,move,improve
3109,5,230.33000000000123,2,120.85,move,improve
3110,5,267.08000000000015,2,120.85,swap,acceptBad
3111,5,267.08000000000015,2,120.85,move,improve
3112,5,267.08000000000015,2,120.85,2opt,notBad
3113,5,267.08000000000015,2,120.85,swap,notBad
3114,5,267.08000000000015,2,120.85,2opt,notBad
3115,5,267.08000000000015,2,120.85,swap,notBad
3116,5,267.08000000000015,2,120.85,2opt,notBad
3117,5,267.08000000000015,2,120.85,swap,notBad
3118,5,306.2099999999997,2,120.85,swap,acceptBad
3119,5,284.4100000000002,2,120.85,move,improve
3120,5,284.4100000000002,2,120.85,move,improve
3121,5,284.3200000000002,2,120.85,move,improve
3122,5,285.35,2,120.85,swap,acceptBad
3123,5,285.35,2,120.85,swap,notBad
3124,5,285.35,2,120.85,move,improve
3125,5,285.35,2,120.85,swap,notBad
3126,5,285.35,2,120.85,2opt,notBad
3127,5,272.8700000000003,2,120.85,2opt,improve
3128,5,272.8700000000003,2,120.85,2opt,notBad
3129,5,272.6500000000003,2,120.85,move,improve
3130,5,272.6500000000003,2,120.85,2opt,notBad
3131,5,272.6500000000003,2,120.85,2opt,notBad
3132,5,272.6500000000003,2,120.85,swap,notBad
3133,5,272.6500000000003,2,120.85,move,improve
3134,5,272.6500000000003,2,120.85,swap,notBad
3135,5,260.3000000000003,2,120.85,move,improve
3136,5,260.3000000000003,2,120.85,2opt,notBad
3137,5,260.3000000000003,2,120.85,swap,notBad
3138,5,260.3000000000003,2,120.85,2opt,notBad
3139,5,260.3000000000003,2,120.85,move,improve
3140,5,260.3000000000003,2,120.85,swap,notBad
3141,5,303.9500000000009,2,120.85,swap,acceptBad
3142,5,262.9499999999997,2,120.85,swap,improve
3143,5,259.86999999999955,2,120.85,move,improve
3144,5,259.86999999999955,2,120.85,swap,notBad
3145,5,259.86999999999955,2,120.85,2opt,notBad
3146,5,259.86999999999955,2,120.85,swap,notBad
3147,5,259.86999999999955,2,120.85,move,improve
3148,5,259.86999999999955,2,120.85,swap,notBad
3149,5,259.86999999999955,2,120.85,move,improve
3150,5,247.7999999999997,2,120.85,move,improve
3151,5,247.7999999999997,2,120.85,2opt,improve
3152,5,282.0000000000003,2,120.85,move,acceptBad
3153,5,282.0000000000003,2,120.85,2opt,notBad
3154,5,282.0000000000003,2,120.85,2opt,notBad
3155,5,282.0000000000003,2,120.85,swap,notBad
3156,5,264.1500000000002,2,120.85,move,improve
3157,5,264.1500000000002,2,120.85,2opt,notBad
3158,5,264.09000000000026,2,120.85,move,improve
3159,5,263.6500000000002,2,120.85,move,improve
3160,5,263.6500000000002,2,120.85,2opt,notBad
3161,5,263.6500000000002,2,120.85,2opt,improve
3162,5,263.6500000000002,2,120.85,swap,notBad
3163,5,263.6500000000002,2,120.85,swap,notBad
3164,5,263.6500000000002,2,120.85,2opt,notBad
3165,5,255.32000000000016,2,120.85,swap,improve
3166,5,255.32000000000016,2,120.85,2opt,notBad
3167,5,240.25000000000006,2,120.85,swap,improve
3168,5,240.25000000000006,2,120.85,swap,notBad
3169,5,240.25000000000006,2,120.85,swap,notBad
3170,5,240.25000000000006,2,120.85,move,improve
3171,5,240.25000000000006,2,120.85,2opt,notBad
3172,5,240.25000000000006,2,120.85,move,improve
3173,5,240.25000000000006,2,120.85,2opt,notBad
3174,5,253.9100000000005,2,120.85,swap,acceptBad
3175,5,253.9100000000005,2,120.85,swap,notBad
3176,5,253.9100000000005,2,120.85,move,improve
3177,5,253.9100000000005,2,120.85,swap,notBad
3178,5,253.9100000000005,2,120.85,2opt,notBad
3179,5,243.7700000000003,2,120.85,move,improve
3180,5,243.7700000000003,2,120.85,move,improve
3181,5,243.7700000000003,2,120.85,2opt,notBad
3182,5,243.7700000000003,2,120.85,move,improve
3183,5,243.7700000000003,2,120.85,2opt,notBad
3184,5,243.7700000000003,2,120.85,2opt,notBad
3185,5,234.83999999999946,2,120.85,move,improve
3186,5,234.45999999999958,2,120.85,move,improve
3187,5,209.3499999999999,2,120.85,swap,improve
3188,5,209.3499999999999,2,120.85,2opt,notBad
3189,5,209.3499999999999,2,120.85,2opt,notBad
3190,5,209.3499999999999,2,120.85,2opt,notBad
3191,5,218.39000000000033,2,120.85,swap,acceptBad
3192,5,218.39000000000033,2,120.85,move,improve
3193,5,218.39000000000033,2,120.85,swap,notBad
3194,5,218.39000000000033,2,120.85,2opt,notBad
3195,5,218.39000000000033,2,120.85,move,improve
3196,5,212.6500000000008,2,120.85,move,improve
3197,5,212.6500000000008,2,120.85,swap,notBad
3198,5,212.6500000000008,2,120.85,move,improve
3199,5,212.6500000000008,2,120.85,swap,notBad
3200,5,212.6500000000008,2,120.85,2opt,notBad
3201,5,212.6500000000008,2,120.85,move,improve
3202,5,212.6500000000008,2,120.85,move,improve
3203,5,212.6500000000008,2,120.85,swap,notBad
3204,5,212.6500000000008,2,120.85,2opt,notBad
3205,5,212.6500000000008,2,120.85,swap,notBad
3206,5,212.6500000000008,2,120.85,swap,notBad
3207,5,245.6700000000004,2,120.85,swap,acceptBad
3208,5,245.6700000000004,2,120.85,2opt,notBad
3209,5,245.6899999999996,2,120.85,swap,acceptBad
3210,5,242.96999999999977,2,120.85,move,improve
3211,5,242.96999999999977,2,120.85,2opt,notBad
3212,5,242.96999999999977,2,120.85,2opt,notBad
3213,5,235.46999999999997,2,120.85,move,improve
3214,5,235.46999999999997,2,120.85,2opt,notBad
3215,5,227.83999999999912,2,120.85,move,improve
3216,5,227.83999999999912,2,120.85,2opt,notBad
3217,5,219.10999999999942,2,120.85,swap,improve
3218,5,219.10999999999942,2,120.85,move,improve
3219,5,219.10999999999942,2,120.85,swap,notBad
3220,5,219.10999999999942,2,120.85,move,improve
3221,5,219.10999999999942,2,120.85,swap,notBad
3222,5,219.10999999999942,2,120.85,2opt,improve
3223,5,219.10999999999942,2,120.85,move,improve
3224,5,219.10999999999942,2,120.85,swap,notBad
3225,5,219.10999999999942,2,120.85,move,improve
3226,5,219.10999999999942,2,120.85,2opt,notBad
3227,5,219.10999999999942,2,120.85,2opt,notBad
3228,5,219.10999999999942,2,120.85,move,improve
3229,5,217.57999999999925,2,120.85,move,improve
3230,5,217.57999999999925,2,120.85,swap,notBad
3231,5,213.15999999999946,2,120.85,move,improve
3232,5,213.15999999999946,2,120.85,move,improve
3233,5,213.15999999999946,2,120.85,move,improve
3234,5,211.93999999999943,2,120.85,move,improve
3235,5,229.5300000000001,2,120.85,swap,acceptBad
3236,5,229.5300000000001,2,120.85,move,improve
3237,5,229.5300000000001,2,120.85,2opt,notBad
3238,5,224.05000000000055,2,120.85,move,improve
3239,5,224.05000000000055,2,120.85,swap,notBad
3240,5,226.56000000000049,2,120.85,swap,acceptBad
3241,5,226.56000000000049,2,120.85,move,improve
3242,5,226.56000000000049,2,120.85,2opt,notBad
3243,5,227.97000000000045,2,120.85,2opt,acceptBad
3244,5,227.97000000000045,2,120.85,swap,notBad
3245,5,227.97000000000045,2,120.85,move,improve
3246,5,227.97000000000045,2,120.85,2opt,notBad
3247,5,227.97000000000045,2,120.85,move,improve
3248,5,227.97000000000045,2,120.85,swap,notBad
3249,5,227.97000000000045,2,120.85,swap,notBad
3250,5,227.97000000000045,2,120.85,2opt,notBad
3251,5,227.97000000000045,2,120.85,swap,notBad
3252,5,227.97000000000045,2,120.85,swap,notBad
3253,5,227.97000000000045,2,120.85,2opt,notBad
3254,5,227.97000000000045,2,120.85,swap,notBad
3255,5,209.3600000000007,2,120.85,move,improve
3256,5,209.3600000000007,2,120.85,swap,notBad
3257,5,209.3600000000007,2,120.85,move,improve
3258,5,209.3600000000007,2,120.85,swap,notBad
3259,5,209.3600000000007,2,120.85,2opt,notBad
3260,5,209.3600000000007,2,120.85,swap,notBad
3261,5,209.3600000000007,2,120.85,2opt,improve
3262,5,209.3600000000007,2,120.85,move,improve
3263,5,209.3600000000007,2,120.85,swap,notBad
3264,5,209.3600000000007,2,120.85,move,improve
3265,5,209.3600000000007,2,120.85,swap,notBad
3266,5,209.3600000000007,2,120.85,move,improve
3267,5,209.3600000000007,2,120.85,swap,notBad
3268,5,209.3600000000007,2,120.85,2opt,notBad
3269,5,209.3600000000007,2,120.85,move,improve
3270,5,209.3600000000007,2,120.85,swap,notBad
3271,5,209.3600000000007,2,120.85,move,improve
3272,5,209.3600000000007,2,120.85,move,improve
3273,5,209.3600000000007,2,120.85,swap,notBad
3274,5,209.3600000000007,2,120.85,swap,notBad
3275,5,209.3600000000007,2,120.85,swap,notBad
3276,5,209.3600000000007,2,120.85,move,improve
3277,5,209.3600000000007,2,120.85,move,improve
3278,5,202.65000000000086,2,120.85,move,improve
3279,5,202.65000000000086,2,120.85,move,improve
3280,5,202.65000000000086,2,120.85,move,improve
3281,5,202.65000000000086,2,120.85,swap,notBad
3282,5,202.65000000000086,2,120.85,2opt,notBad
3283,5,202.65000000000086,2,120.85,2opt,notBad
3284,5,199.31000000000085,2,120.85,move,improve
3285,5,199.31000000000085,2,120.85,move,improve
3286,5,199.31000000000085,2,120.85,2opt,notBad
3287,5,199.31000000000085,2,120.85,2opt,improve
3288,5,199.31000000000085,2,120.85,2opt,notBad
3289,5,199.31000000000085,2,120.85,move,improve
3290,5,199.31000000000085,2,120.85,swap,notBad
3291,5,199.31000000000085,2,120.85,move,improve
3292,5,199.31000000000085,2,120.85,2opt,notBad
3293,5,199.31000000000085,2,120.85,move,improve
3294,5,199.31000000000085,2,120.85,2opt,notBad
3295,5,199.31000000000085,2,120.85,2opt,notBad
3296,5,199.31000000000085,2,120.85,swap,notBad
3297,5,199.31000000000085,2,120.85,2opt,notBad
3298,5,199.31000000000085,2,120.85,2opt,notBad
3299,5,199.31000000000085,2,120.85,swap,notBad
3300,5,190.61000000000038,2,120.85,move,improve
3301,5,190.61000000000038,2,120.85,swap,notBad
3302,5,190.61000000000038,2,120.85,move,improve
3303,5,190.61000000000038,2,120.85,swap,notBad
3304,5,190.61000000000038,2,120.85,move,improve
3305,5,190.61000000000038,2,120.85,2opt,improve
3306,5,190.61000000000038,2,120.85,2opt,notBad
3307,5,190.61000000000038,2,120.85,move,improve
3308,5,213.0299999999997,2,120.85,swap,acceptBad
3309,5,213.0299999999997,2,120.85,swap,notBad
3310,5,213.0299999999997,2,120.85,2opt,notBad
3311,5,213.0299999999997,2,120.85,2opt,notBad
3312,5,206.03000000000011,2,120.85,move,improve
3313,5,204.98000000000042,2,120.85,swap,improve
3314,5,204.98000000000042,2,120.85,swap,notBad
3315,5,204.98000000000042,2,120.85,move,improve
3316,5,204.98000000000042,2,120.85,2opt,notBad
3317,5,204.98000000000042,2,120.85,swap,notBad
3318,5,204.98000000000042,2,120.85,move,improve
3319,5,204.98000000000042,2,120.85,swap,notBad
3320,5,204.98000000000042,2,120.85,2opt,notBad
3321,5,204.98000000000042,2,120.85,swap,notBad
3322,5,204.98000000000042,2,120.85,2opt,notBad
3323,5,201.2200000000001,2,120.85,move,improve
3324,5,201.2200000000001,2,120.85,swap,notBad
3325,5,232.0900000000006,2,120.85,swap,acceptBad
3326,5,201.55999999999955,2,120.85,move,improve
3327,5,243.9899999999997,2,120.85,swap,acceptBad
3328,5,216.59999999999937,2,120.85,move,improve
3329,5,216.59999999999937,2,120.85,swap,notBad
3330,5,216.59999999999937,2,120.85,2opt,notBad
3331,5,216.59999999999937,2,120.85,move,improve
3332,5,216.59999999999937,2,120.85,move,improve
3333,5,216.59999999999937,2,120.85,swap,notBad
3334,5,216.59999999999937,2,120.85,swap,notBad
3335,5,216.59999999999937,2,120.85,2opt,notBad
3336,5,216.59999999999937,2,120.85,2opt,notBad
3337,5,216.42999999999913,2,120.85,move,improve
3338,5,216.42999999999913,2,120.85,2opt,notBad
3339,5,216.42999999999913,2,120.85,swap,notBad
3340,5,190.2499999999995,2,120.85,move,improve
3341,5,190.2499999999995,2,120.85,2opt,improve
3342,5,190.2499999999995,2,120.85,2opt,notBad
3343,5,190.2499999999995,2,120.85,2opt,notBad
3344,5,190.2499999999995,2,120.85,2opt,notBad
3345,5,190.2499999999995,2,120.85,2opt,notBad
3346,5,190.2499999999995,2,120.85,swap,notBad
3347,5,190.2499999999995,2,120.85,swap,notBad
3348,5,190.2499999999995,2,120.85,move,improve
3349,5,190.2499999999995,2,120.85,2opt,notBad
3350,5,190.2499999999995,2,120.85,2opt,notBad
3351,5,190.2499999999995,2,120.85,move,improve
3352,5,185.0699999999995,2,120.85,move,improve
3353,5,185.0699999999995,2,120.85,2opt,notBad
3354,5,185.0699999999995,2,120.85,move,improve
3355,5,185.0699999999995,2,120.85,2opt,notBad
3356,5,185.0699999999995,2,120.85,2opt,notBad
3357,5,185.0699999999995,2,120.85,2opt,notBad
3358,5,185.0699999999995,2,120.85,2opt,notBad
3359,5,185.0699999999995,2,120.85,2opt,notBad
3360,5,185.0699999999995,2,120.85,swap,notBad
3361,5,185.0699999999995,2,120.85,swap,notBad
3362,5,185.0699999999995,2,120.85,2opt,notBad
3363,5,185.0699999999995,2,120.85,swap,notBad
3364,5,185.0699999999995,2,120.85,2opt,notBad
3365,5,185.0699999999995,2,120.85,2opt,notBad
3366,5,184.77000000000004,2,120.85,move,improve
3367,5,184.77000000000004,2,120.85,2opt,notBad
3368,5,184.77000000000004,2,120.85,move,improve
3369,5,183.45999999999978,2,120.85,move,improve
3370,5,183.45999999999978,2,120.85,move,improve
3371,5,183.45999999999978,2,120.85,move,improve
3372,5,183.45999999999978,2,120.85,move,improve
3373,5,183.45999999999978,2,120.85,move,improve
3374,5,183.45999999999978,2,120.85,swap,notBad
3375,5,183.45999999999978,2,120.85,2opt,notBad
3376,5,183.45999999999978,2,120.85,swap,notBad
3377,5,202.14999999999944,2,120.85,swap,acceptBad
3378,5,202.14999999999944,2,120.85,swap,notBad
3379,5,202.14999999999944,2,120.85,2opt,notBad
3380,5,202.14999999999944,2,120.85,2opt,notBad
3381,5,202.14999999999944,2,120.85,2opt,notBad
3382,5,202.14999999999944,2,120.85,2opt,notBad
3383,5,202.14999999999944,2,120.85,move,improve
3384,5,202.14999999999944,2,120.85,2opt,notBad
3385,5,202.14999999999944,2,120.85,2opt,notBad
3386,5,206.56999999999974,2,120.85,swap,acceptBad
3387,5,206.56999999999974,2,120.85,2opt,notBad
3388,5,206.56999999999974,2,120.85,swap,notBad
3389,5,206.56999999999974,2,120.85,swap,notBad
3390,5,206.56999999999974,2,120.85,swap,notBad
3391,5,206.56999999999974,2,120.85,swap,notBad
3392,5,206.56999999999974,2,120.85,move,improve
3393,5,206.56999999999974,2,120.85,2opt,notBad
3394,5,206.56999999999974,2,120.85,swap,notBad
3395,5,206.56999999999974,2,120.85,2opt,notBad
3396,5,206.56999999999974,2,120.85,move,improve
3397,5,206.56999999999974,2,120.85,swap,notBad
3398,5,206.56999999999974,2,120.85,2opt,notBad
3399,5,198.19999999999976,2,120.85,move,improve
3400,5,192.20999999999987,2,120.85,move,improve
3401,5,192.20999999999987,2,120.85,2opt,notBad
3402,5,192.20999999999987,2,120.85,move,improve
3403,5,192.20999999999987,2,120.85,swap,notBad
3404,5,192.20999999999987,2,120.85,2opt,improve
3405,5,192.20999999999987,2,120.85,2opt,notBad
3406,5,204.02999999999923,2,120.85,swap,acceptBad
3407,5,204.02999999999923,2,120.85,swap,notBad
3408,5,204.02999999999923,2,120.85,swap,notBad
3409,5,204.02999999999923,2,120.85,2opt,notBad
3410,5,204.02999999999923,2,120.85,swap,notBad
3411,5,204.02999999999923,2,120.85,swap,notBad
3412,5,188.23999999999944,2,120.85,swap,improve
3413,5,192.6799999999994,2,120.85,2opt,acceptBad
3414,5,192.6799999999994,2,120.85,2opt,notBad
3415,5,192.6799999999994,2,120.85,2opt,notBad
3416,5,192.6799999999994,2,120.85,2opt,notBad
3417,5,192.6799999999994,2,120.85,swap,notBad
3418,5,192.6799999999994,2,120.85,2opt,notBad
3419,5,192.6799999999994,2,120.85,2opt,notBad
3420,5,192.6799999999994,2,120.85,move,improve
3421,5,192.6799999999994,2,120.85,2opt,improve
3422,5,192.6799999999994,2,120.85,move,improve
3423,5,192.6799999999994,2,120.85,move,improve
3424,5,192.6799999999994,2,120.85,swap,notBad
3425,5,189.82999999999953,2,120.85,move,improve
3426,5,185.38999999999953,2,120.85,2opt,improve
3427,5,185.38999999999953,2,120.85,2opt,notBad
3428,5,185.38999999999953,2,120.85,move,improve
3429,5,185.38999999999953,2,120.85,2opt,notBad
3430,5,185.38999999999953,2,120.85,move,improve
3431,5,185.38999999999953,2,120.85,move,improve
3432,5,185.38999999999953,2,120.85,2opt,notBad
3433,5,201.24000000000098,2,120.85,swap,acceptBad
3434,5,201.24000000000098,2,120.85,move,improve
3435,5,204.76000000000118,2,120.85,swap,acceptBad
3436,5,204.76000000000118,2,120.85,2opt,notBad
3437,5,257.6000000000008,2,120.85,swap,acceptBad
3438,5,257.6000000000008,2,120.85,swap,notBad
3439,5,257.6000000000008,2,120.85,2opt,notBad
3440,5,257.6000000000008,2,120.85,swap,notBad
3441,5,283.10000000000093,2,120.85,swap,acceptBad
3442,5,255.92000000000075,2,120.85,move,improve
3443,5,255.92000000000075,2,120.85,2opt,notBad
3444,5,263.2500000000007,2,120.85,swap,acceptBad
3445,5,257.2200000000008,2,120.85,move,improve
3446,5,257.2200000000008,2,120.85,swap,notBad
3447,5,257.2200000000008,2,120.85,move,improve
3448,5,257.2200000000008,2,120.85,swap,notBad
3449,5,257.2200000000008,2,120.85,swap,notBad
3450,5,257.2200000000008,2,120.85,2opt,notBad
3451,5,257.2200000000008,2,120.85,move,improve
3452,5,257.2200000000008,2,120.85,swap,notBad
3453,5,257.2200000000008,2,120.85,swap,notBad
3454,5,257.2200000000008,2,120.85,2opt,improve
3455,5,257.2200000000008,2,120.85,swap,notBad
3456,5,257.2200000000008,2,120.85,swap,notBad
3457,5,257.2200000000008,2,120.85,2opt,improve
3458,5,257.2200000000008,2,120.85,swap,notBad
3459,5,257.2200000000008,2,120.85,2opt,notBad
3460,5,257.2200000000008,2,120.85,swap,notBad
3461,5,204.61000000000115,2,120.85,move,improve
3462,5,204.61000000000115,2,120.85,swap,notBad
3463,5,204.61000000000115,2,120.85,swap,notBad
3464,5,196.21000000000083,2,120.85,move,improve
3465,5,196.21000000000083,2,120.85,2opt,notBad
3466,5,196.21000000000083,2,120.85,2opt,improve
3467,5,196.21000000000083,2,120.85,swap,notBad
3468,5,196.21000000000083,2,120.85,swap,notBad
3469,5,196.21000000000083,2,120.85,swap,notBad
3470,5,196.21000000000083,2,120.85,swap,notBad
3471,5,196.21000000000083,2,120.85,move,improve
3472,5,196.21000000000083,2,120.85,move,improve
3473,5,196.21000000000083,2,120.85,2opt,notBad
3474,5,196.21000000000083,2,120.85,swap,notBad
3475,5,194.44000000000065,2,120.85,move,improve
3476,5,194.44000000000065,2,120.85,move,improve
3477,5,194.44000000000065,2,120.85,2opt,notBad
3478,5,194.44000000000065,2,120.85,move,improve
3479,5,214.3400000000012,2,120.85,swap,acceptBad
3480,5,214.3400000000012,2,120.85,swap,notBad
3481,5,214.3400000000012,2,120.85,2opt,notBad
3482,5,266.40999999999997,2,120.85,swap,acceptBad
3483,5,266.40999999999997,2,120.85,swap,notBad
3484,5,266.40999999999997,2,120.85,2opt,notBad
3485,5,266.40999999999997,2,120.85,swap,notBad
3486,5,266.40999999999997,2,120.85,swap,notBad
3487,5,266.40999999999997,2,120.85,swap,notBad
3488,5,266.40999999999997,2,120.85,move,improve
3489,5,266.40999999999997,2,120.85,2opt,improve
3490,5,266.40999999999997,2,120.85,2opt,notBad
3491,5,266.40999999999997,2,120.85,2opt,notBad
3492,5,263.47999999999945,2,120.85,move,improve
3493,5,263.47999999999945,2,120.85,move,improve
3494,5,269.6799999999994,2,120.85,swap,acceptBad
3495,5,269.6799999999994,2,120.85,2opt,notBad
3496,5,269.6799999999994,2,120.85,2opt,notBad
3497,5,269.6799999999994,2,120.85,move,improve
3498,5,268.3499999999993,2,120.85,move,improve
3499,5,268.3499999999993,2,120.85,2opt,notBad
3500,5,268.3499999999993,2,120.85,2opt,notBad
3501,5,250.75999999999945,2,120.85,move,improve
3502,5,203.03999999999965,2,120.85,2opt,improve
3503,5,203.03999999999965,2,120.85,move,improve
3504,5,203.03999999999965,2,120.85,swap,notBad
3505,5,203.03999999999965,2,120.85,swap,notBad
3506,5,203.03999999999965,2,120.85,2opt,notBad
3507,5,212.54999999999978,2,120.85,swap,acceptBad
3508,5,212.54999999999978,2,120.85,move,improve
3509,5,212.54999999999978,2,120.85,move,improve
3510,5,212.54999999999978,2,120.85,swap,notBad
3511,5,212.54999999999978,2,120.85,2opt,notBad
3512,5,212.54999999999978,2,120.85,2opt,notBad
3513,5,246.51999999999958,2,120.85,swap,acceptBad
3514,5,246.51999999999958,2,120.85,2opt,notBad
3515,5,246.51999999999958,2,120.85,swap,notBad
3516,5,233.4799999999999,2,120.85,move,improve
3517,5,233.4799999999999,2,120.85,2opt,notBad
3518,5,233.4799999999999,2,120.85,2opt,notBad
3519,5,233.4799999999999,2,120.85,move,improve
3520,5,231.36999999999983,2,120.85,move,improve
3521,5,208.70999999999978,2,120.85,move,improve
3522,5,208.70999999999978,2,120.85,move,improve
3523,5,208.70999999999978,2,120.85,move,improve
3524,5,208.70999999999978,2,120.85,swap,notBad
3525,5,208.70999999999978,2,120.85,move,improve
3526,5,208.59999999999977,2,120.85,move,improve
3527,5,208.59999999999977,2,120.85,move,improve
3528,5,203.93999999999983,2,120.85,move,improve
3529,5,203.93999999999983,2,120.85,2opt,notBad
3530,5,203.93999999999983,2,120.85,2opt,notBad
3531,5,205.04999999999984,2,120.85,move,acceptBad
3532,5,205.04999999999984,2,120.85,2opt,notBad
3533,5,244.7300000000003,2,120.85,swap,acceptBad
3534,5,253.40000000000038,2,120.85,swap,acceptBad
3535,5,287.4400000000004,2,120.85,swap,acceptBad
3536,5,338.18000000000075,2,120.85,swap,acceptBad
3537,5,350.9000000000001,2,120.85,swap,acceptBad
3538,5,350.9000000000001,2,120.85,move,improve
3539,5,348.86,2,120.85,move,improve
3540,5,348.86,2,120.85,2opt,notBad
3541,5,348.86,2,120.85,swap,notBad
3542,5,348.86,2,120.85,2opt,notBad
3543,5,265.3800000000005,2,120.85,move,improve
3544,5,265.3800000000005,2,120.85,swap,notBad
3545,5,240.8800000000005,2,120.85,move,improve
3546,5,240.8800000000005,2,120.85,move,improve
3547,5,240.8800000000005,2,120.85,move,improve
3548,5,231.21000000000006,2,120.85,move,improve
3549,5,196.78000000000029,2,120.85,move,improve
3550,5,196.78000000000029,2,120.85,swap,notBad
3551,5,196.78000000000029,2,120.85,2opt,notBad
3552,5,196.78000000000029,2,120.85,2opt,notBad
3553,5,196.78000000000029,2,120.85,move,improve
3554,5,196.78000000000029,2,120.85,2opt,notBad
3555,5,196.78000000000029,2,120.85,swap,notBad
3556,5,193.07000000000042,2,120.85,move,improve
3557,5,188.1700000000005,2,120.85,swap,improve
3558,5,193.7300000000005,2,120.85,2opt,acceptBad
3559,5,193.7300000000005,2,120.85,swap,notBad
3560,5,193.7300000000005,2,120.85,swap,notBad
3561,5,191.67000000000044,2,120.85,move,improve
3562,5,191.67000000000044,2,120.85,2opt,notBad
3563,5,191.67000000000044,2,120.85,swap,notBad
3564,5,191.67000000000044,2,120.85,2opt,notBad
3565,5,191.67000000000044,2,120.85,2opt,notBad
3566,5,191.67000000000044,2,120.85,swap,notBad
3567,5,191.67000000000044,2,120.85,move,improve
3568,5,189.82000000000045,2,120.85,move,improve
3569,5,189.82000000000045,2,120.85,move,improve
3570,5,189.82000000000045,2,120.85,move,improve
3571,5,189.82000000000045,2,120.85,move,improve
3572,5,189.82000000000045,2,120.85,move,improve
3573,5,189.82000000000045,2,120.85,move,improve
3574,5,189.82000000000045,2,120.85,move,improve
3575,5,189.82000000000045,2,120.85,swap,notBad
3576,5,189.82000000000045,2,120.85,swap,notBad
3577,5,189.8700000000005,2,120.85,2opt,acceptBad
3578,5,188.85000000000068,2,120.85,move,improve
3579,5,188.85000000000068,2,120.85,2opt,notBad
3580,5,188.85000000000068,2,120.85,swap,notBad
3581,5,188.85000000000068,2,120.85,2opt,notBad
3582,5,188.85000000000068,2,120.85,2opt,notBad
3583,5,188.85000000000068,2,120.85,move,improve
3584,5,188.85000000000068,2,120.85,2opt,notBad
3585,5,189.31000000000068,2,120.85,2opt,acceptBad
3586,5,189.31000000000068,2,120.85,swap,notBad
3587,5,189.31000000000068,2,120.85,2opt,notBad
3588,5,220.03000000000029,2,120.85,swap,acceptBad
3589,5,218.73999999999992,2,120.85,move,improve
3590,5,226.3299999999992,2,120.85,swap,acceptBad
3591,5,226.3299999999992,2,120.85,swap,notBad
3592,5,226.3299999999992,2,120.85,2opt,notBad
3593,5,226.3299999999992,2,120.85,2opt,notBad
3594,5,228.80999999999995,2,120.85,swap,acceptBad
3595,5,228.80999999999995,2,120.85,2opt,notBad
3596,5,207.0999999999996,2,120.85,move,improve
3597,5,207.0999999999996,2,120.85,2opt,notBad
3598,5,207.0999999999996,2,120.85,2opt,notBad
3599,5,207.0999999999996,2,120.85,move,improve
3600,5,207.0999999999996,2,120.85,move,improve
3601,5,207.0999999999996,2,120.85,2opt,notBad
3602,5,207.0999999999996,2,120.85,swap,notBad
3603,5,207.0999999999996,2,120.85,move,improve
3604,5,207.0999999999996,2,120.85,move,improve
3605,5,207.0999999999996,2,120.85,2opt,notBad
3606,5,207.0999999999996,2,120.85,move,improve
3607,5,203.86999999999964,2,120.85,move,improve
3608,5,210.4899999999999,2,120.85,swap,acceptBad
3609,5,212.92999999999992,2,120.85,2opt,acceptBad
3610,5,212.92999999999992,2,120.85,move,improve
3611,5,212.92999999999992,2,120.85,swap,notBad
3612,5,210.3699999999999,2,120.85,move,improve
3613,5,210.3699999999999,2,120.85,swap,notBad
3614,5,227.93999999999977,2,120.85,swap,acceptBad
3615,5,223.55999999999972,2,120.85,2opt,improve
3616,5,223.55999999999972,2,120.85,2opt,notBad
3617,5,223.97999999999973,2,120.85,swap,acceptBad
3618,5,223.97999999999973,2,120.85,swap,notBad
3619,5,223.97999999999973,2,120.85,swap,notBad
3620,5,223.97999999999973,2,120.85,move,improve
3621,5,223.97999999999973,2,120.85,swap,notBad
3622,5,223.97999999999973,2,120.85,2opt,notBad
3623,5,223.97999999999973,2,120.85,swap,notBad
3624,5,223.97999999999973,2,120.85,move,improve
3625,5,223.2699999999997,2,120.85,move,improve
3626,5,223.2699999999997,2,120.85,2opt,improve
3627,5,223.03999999999968,2,120.85,swap,improve
3628,5,223.03999999999968,2,120.85,swap,notBad
3629,5,238.55999999999935,2,120.85,swap,acceptBad
3630,5,236.45999999999958,2,120.85,move,improve
3631,5,236.45999999999958,2,120.85,swap,notBad
3632,5,236.45999999999958,2,120.85,2opt,notBad
3633,5,239.2199999999996,2,120.85,2opt,acceptBad
3634,5,239.2199999999996,2,120.85,swap,notBad
3635,5,239.2199999999996,2,120.85,2opt,improve
3636,5,220.66000000000022,2,120.85,move,improve
3637,5,239.43000000000006,2,120.85,swap,acceptBad
3638,5,239.43000000000006,2,120.85,move,improve
3639,5,239.43000000000006,2,120.85,move,improve
3640,5,239.43000000000006,2,120.85,2opt,notBad
3641,5,239.43000000000006,2,120.85,2opt,notBad
3642,5,236.7700000000001,2,120.85,move,improve
3643,5,236.7700000000001,2,120.85,swap,notBad
3644,5,236.7700000000001,2,120.85,2opt,notBad
3645,5,236.7700000000001,2,120.85,2opt,notBad
3646,5,236.7700000000001,2,120.85,2opt,notBad
3647,5,236.7700000000001,2,120.85,move,improve
3648,5,236.7700000000001,2,120.85,swap,notBad
3649,5,236.7700000000001,2,120.85,move,improve
3650,5,236.7700000000001,2,120.85,move,improve
3651,5,227.80999999999895,2,120.85,move,improve
3652,5,227.80999999999895,2,120.85,swap,notBad
3653,5,235.01999999999907,2,120.85,2opt,acceptBad
3654,5,235.01999999999907,2,120.85,move,improve
3655,5,202.15999999999974,2,120.85,move,improve
3656,5,198.47999999999973,2,120.85,move,improve
3657,5,198.47999999999973,2,120.85,2opt,notBad
3658,5,198.47999999999973,2,120.85,swap,notBad
3659,5,198.47999999999973,2,120.85,2opt,notBad
3660,5,198.47999999999973,2,120.85,move,improve
3661,5,195.55999999999975,2,120.85,move,improve
3662,5,195.55999999999975,2,120.85,swap,notBad
3663,5,195.55999999999975,2,120.85,move,improve
3664,5,195.55999999999975,2,120.85,2opt,notBad
3665,5,195.55999999999975,2,120.85,2opt,notBad
3666,5,195.55999999999975,2,120.85,swap,notBad
3667,5,195.55999999999975,2,120.85,2opt,notBad
3668,5,195.55999999999975,2,120.85,2opt,notBad
3669,5,195.55999999999975,2,120.85,2opt,notBad
3670,5,195.55999999999975,2,120.85,swap,notBad
3671,5,207.07000000000016,2,120.85,swap,acceptBad
3672,5,207.07000000000016,2,120.85,move,improve
3673,5,195.53,2,120.85,move,improve
3674,5,183.27000000000015,2,120.85,move,improve
3675,5,183.27000000000015,2,120.85,move,improve
3676,5,183.27000000000015,2,120.85,swap,notBad
3677,5,183.27000000000015,2,120.85,swap,notBad
3678,5,183.27000000000015,2,120.85,swap,notBad
3679,5,183.27000000000015,2,120.85,2opt,notBad
3680,5,183.27000000000015,2,120.85,move,improve
3681,5,183.27000000000015,2,120.85,move,improve
3682,5,183.27000000000015,2,120.85,2opt,notBad
3683,5,183.27000000000015,2,120.85,move,improve
3684,5,183.27000000000015,2,120.85,swap,notBad
3685,5,190.86999999999978,2,120.85,swap,acceptBad
3686,5,190.86999999999978,2,120.85,move,improve
3687,5,190.86999999999978,2,120.85,2opt,improve
3688,5,190.86999999999978,2,120.85,move,improve
3689,5,210.28000000000043,2,120.85,swap,acceptBad
3690,5,210.28000000000043,2,120.85,2opt,notBad
3691,5,210.28000000000043,2,120.85,move,improve
3692,5,210.28000000000043,2,120.85,swap,notBad
3693,5,210.28000000000043,2,120.85,2opt,notBad
3694,5,210.28000000000043,2,120.85,swap,notBad
3695,5,210.28000000000043,2,120.85,move,improve
3696,5,210.28000000000043,2,120.85,2opt,notBad
3697,5,210.03000000000043,2,120.85,move,improve
3698,5,210.03000000000043,2,120.85,swap,notBad
3699,5,210.03000000000043,2,120.85,swap,notBad
3700,5,210.03000000000043,2,120.85,2opt,notBad
3701,5,210.03000000000043,2,120.85,2opt,notBad
3702,5,211.76000000000042,2,120.85,swap,acceptBad
3703,5,211.76000000000042,2,120.85,move,improve
3704,5,211.76000000000042,2,120.85,2opt,notBad
3705,5,211.76000000000042,2,120.85,2opt,notBad
3706,5,211.76000000000042,2,120.85,2opt,notBad
3707,5,211.76000000000042,2,120.85,2opt,notBad
3708,5,219.5500000000004,2,120.85,2opt,acceptBad
3709,5,219.5500000000004,2,120.85,move,improve
3710,5,219.5500000000004,2,120.85,move,improve
3711,5,225.96000000000066,2,120.85,swap,acceptBad
3712,5,225.96000000000066,2,120.85,2opt,improve
3713,5,225.96000000000066,2,120.85,swap,notBad
3714,5,225.96000000000066,2,120.85,swap,notBad
3715,5,225.96000000000066,2,120.85,2opt,notBad
3716,5,224.78000000000065,2,120.85,move,improve
3717,5,237.4200000000001,2,120.85,swap,acceptBad
3718,5,226.1100000000005,2,120.85,move,improve
3719,5,226.1100000000005,2,120.85,2opt,notBad
3720,5,246.38000000000045,2,120.85,swap,acceptBad
3721,5,220.79000000000036,2,120.85,move,improve
3722,5,220.79000000000036,2,120.85,move,improve
3723,5,220.79000000000036,2,120.85,swap,notBad
3724,5,220.79000000000036,2,120.85,2opt,notBad
3725,5,220.79000000000036,2,120.85,swap,notBad
3726,5,199.62,2,120.85,move,improve
3727,5,199.62,2,120.85,move,improve
3728,5,199.62,2,120.85,2opt,notBad
3729,5,199.62,2,120.85,swap,notBad
3730,5,199.62,2,120.85,swap,notBad
3731,5,199.62,2,120.85,move,improve
3732,5,199.62,2,120.85,swap,notBad
3733,5,199.62,2,120.85,swap,notBad
3734,5,199.62,2,120.85,2opt,notBad
3735,5,199.62,2,120.85,2opt,improve
3736,5,199.62,2,120.85,2opt,notBad
3737,5,199.62,2,120.85,swap,notBad
3738,5,199.62,2,120.85,move,improve
3739,5,199.62,2,120.85,2opt,improve
3740,5,199.62,2,120.85,swap,notBad
3741,5,199.62,2,120.85,move,improve
3742,5,199.62,2,120.85,2opt,notBad
3743,5,199.62,2,120.85,swap,notBad
3744,5,199.62,2,120.85,swap,notBad
3745,5,199.62,2,120.85,2opt,notBad
3746,5,199.62,2,120.85,move,improve
3747,5,199.62,2,120.85,move,improve
3748,5,199.62,2,120.85,swap,notBad
3749,5,199.62,2,120.85,2opt,notBad
3750,5,199.62,2,120.85,2opt,notBad
3751,5,199.62,2,120.85,2opt,notBad
3752,5,199.62,2,120.85,swap,notBad
3753,5,199.62,2,120.85,move,improve
3754,5,199.62,2,120.85,move,improve
3755,5,199.62,2,120.85,move,improve
3756,5,199.62,2,120.85,move,improve
3757,5,199.62,2,120.85,2opt,notBad
3758,5,199.62,2,120.85,2opt,notBad
3759,5,199.62,2,120.85,2opt,notBad
3760,5,199.62,2,120.85,move,improve
3761,5,199.62,2,120.85,2opt,improve
3762,5,199.62,2,120.85,swap,notBad
3763,5,199.62,2,120.85,move,improve
3764,5,196.03000000000003,2,120.85,move,improve
3765,5,196.03000000000003,2,120.85,2opt,notBad
3766,5,196.03000000000003,2,120.85,move,improve
3767,5,196.03000000000003,2,120.85,move,improve
3768,5,196.03000000000003,2,120.85,move,improve
3769,5,196.03000000000003,2,120.85,2opt,notBad
3770,5,196.03000000000003,2,120.85,swap,notBad
3771,5,196.03000000000003,2,120.85,2opt,improve
3772,5,196.03000000000003,2,120.85,2opt,improve
3773,5,196.03000000000003,2,120.85,swap,notBad
3774,5,196.03000000000003,2,120.85,2opt,notBad
3775,5,196.03000000000003,2,120.85,move,improve
3776,5,196.03000000000003,2,120.85,swap,notBad
3777,5,196.03000000000003,2,120.85,swap,notBad
3778,5,196.03000000000003,2,120.85,move,improve
3779,5,196.03000000000003,2,120.85,swap,notBad
3780,5,196.03000000000003,2,120.85,2opt,improve
3781,5,196.03000000000003,2,120.85,2opt,notBad
3782,5,196.03000000000003,2,120.85,swap,notBad
3783,5,196.03000000000003,2,120.85,swap,notBad
3784,5,196.03000000000003,2,120.85,2opt,notBad
3785,5,196.03000000000003,2,120.85,move,improve
3786,5,196.03000000000003,2,120.85,2opt,notBad
3787,5,196.03000000000003,2,120.85,move,improve
3788,5,196.03000000000003,2,120.85,swap,notBad
3789,5,196.03000000000003,2,120.85,swap,notBad
3790,5,196.03000000000003,2,120.85,2opt,notBad
3791,5,196.03000000000003,2,120.85,swap,notBad
3792,5,196.03000000000003,2,120.85,2opt,notBad
3793,5,192.62000000000003,2,120.85,move,improve
3794,5,205.65999999999931,2,120.85,swap,acceptBad
3795,5,205.65999999999931,2,120.85,move,improve
3796,5,205.65999999999931,2,120.85,2opt,notBad
3797,5,205.65999999999931,2,120.85,swap,notBad
3798,5,205.65999999999931,2,120.85,swap,notBad
3799,5,205.65999999999931,2,120.85,swap,notBad
3800,5,205.65999999999931,2,120.85,swap,notBad
3801,5,205.65999999999931,2,120.85,move,improve
3802,5,205.65999999999931,2,120.85,2opt,notBad
3803,5,205.65999999999931,2,120.85,move,improve
3804,5,205.65999999999931,2,120.85,move,improve
3805,5,205.65999999999931,2,120.85,swap,notBad
3806,5,205.65999999999931,2,120.85,swap,notBad
3807,5,205.65999999999931,2,120.85,swap,notBad
3808,5,205.60999999999947,2,120.85,move,improve
3809,5,205.60999999999947,2,120.85,move,improve
3810,5,205.60999999999947,2,120.85,2opt,notBad
3811,5,205.60999999999947,2,120.85,move,improve
3812,5,205.60999999999947,2,120.85,swap,notBad
3813,5,203.15999999999977,2,120.85,move,improve
3814,5,203.15999999999977,2,120.85,2opt,notBad
3815,5,203.15999999999977,2,120.85,move,improve
3816,5,203.15999999999977,2,120.85,2opt,notBad
3817,5,203.15999999999977,2,120.85,move,improve
3818,5,203.15999999999977,2,120.85,2opt,notBad
3819,5,203.15999999999977,2,120.85,2opt,notBad
3820,5,203.15999999999977,2,120.85,move,improve
3821,5,203.15999999999977,2,120.85,swap,notBad
3822,5,203.15999999999977,2,120.85,2opt,notBad
3823,5,203.15999999999977,2,120.85,move,improve
3824,5,203.15999999999977,2,120.85,2opt,notBad
3825,5,203.15999999999977,2,120.85,move,improve
3826,5,203.15999999999977,2,120.85,swap,notBad
3827,5,203.15999999999977,2,120.85,move,improve
3828,5,203.15999999999977,2,120.85,2opt,notBad
3829,5,203.15999999999977,2,120.85,move,improve
3830,5,203.15999999999977,2,120.85,swap,notBad
3831,5,203.15999999999977,2,120.85,2opt,notBad
3832,5,203.15999999999977,2,120.85,2opt,notBad
3833,5,203.15999999999977,2,120.85,2opt,notBad
3834,5,203.15999999999977,2,120.85,2opt,notBad
3835,5,203.15999999999977,2,120.85,2opt,notBad
3836,5,203.15999999999977,2,120.85,2opt,notBad
3837,5,203.15999999999977,2,120.85,swap,notBad
3838,5,203.15999999999977,2,120.85,swap,notBad
3839,5,203.15999999999977,2,120.85,swap,notBad
3840,5,203.15999999999977,2,120.85,move,improve
3841,5,203.15999999999977,2,120.85,swap,notBad
3842,5,227.00999999999925,2,120.85,swap,acceptBad
3843,5,207.69000000000003,2,120.85,move,improve
3844,5,207.69000000000003,2,120.85,move,improve
3845,5,207.69000000000003,2,120.85,2opt,notBad
3846,5,248.44999999999987,2,120.85,swap,acceptBad
3847,5,248.44999999999987,2,120.85,move,improve
3848,5,248.44999999999987,2,120.85,swap,notBad
3849,5,202.89,2,120.85,move,improve
3850,5,225.29999999999995,2,120.85,swap,acceptBad
3851,5,225.29999999999995,2,120.85,move,improve
3852,5,225.29999999999995,2,120.85,2opt,notBad
3853,5,225.29999999999995,2,120.85,swap,notBad
3854,5,225.29999999999995,2,120.85,move,improve
3855,5,225.29999999999995,2,120.85,swap,notBad
3856,5,225.29999999999995,2,120.85,swap,notBad
3857,5,225.29999999999995,2,120.85,swap,notBad
3858,5,225.29999999999995,2,120.85,move,improve
3859,5,225.29999999999995,2,120.85,move,improve
3860,5,225.29999999999995,2,120.85,2opt,notBad
3861,5,225.29999999999995,2,120.85,move,improve
3862,5,225.29999999999995,2,120.85,move,improve
3863,5,225.29999999999995,2,120.85,2opt,notBad
3864,5,225.29999999999995,2,120.85,move,improve
3865,5,225.29999999999995,2,120.85,swap,notBad
3866,5,225.29999999999995,2,120.85,2opt,improve
3867,5,225.29999999999995,2,120.85,2opt,notBad
3868,5,225.29999999999995,2,120.85,move,improve
3869,5,202.80999999999995,2,120.85,move,improve
3870,5,202.80999999999995,2,120.85,2opt,notBad
3871,5,202.80999999999995,2,120.85,2opt,notBad
3872,5,202.80999999999995,2,120.85,move,improve
3873,5,202.80999999999995,2,120.85,2opt,notBad
3874,5,202.80999999999995,2,120.85,swap,notBad
3875,5,202.80999999999995,2,120.85,swap,notBad
3876,5,202.80999999999995,2,120.85,swap,notBad
3877,5,202.80999999999995,2,120.85,2opt,improve
3878,5,202.80999999999995,2,120.85,2opt,notBad
3879,5,202.80999999999995,2,120.85,swap,notBad
3880,5,202.80999999999995,2,120.85,2opt,notBad
3881,5,202.80999999999995,2,120.85,2opt,notBad
3882,5,202.80999999999995,2,120.85,swap,notBad
3883,5,202.80999999999995,2,120.85,2opt,notBad
3884,5,226.3700000000005,2,120.85,swap,acceptBad
3885,5,226.3700000000005,2,120.85,2opt,notBad
3886,5,226.3700000000005,2,120.85,swap,notBad
3887,5,226.3700000000005,2,120.85,2opt,notBad
3888,5,226.3700000000005,2,120.85,2opt,notBad
3889,5,226.3700000000005,2,120.85,2opt,notBad
3890,5,248.46000000000012,2,120.85,swap,acceptBad
3891,5,240.48000000000002,2,120.85,move,improve
3892,5,240.48000000000002,2,120.85,2opt,notBad
3893,5,240.48000000000002,2,120.85,move,improve
3894,5,240.48000000000002,2,120.85,swap,notBad
3895,5,210.29000000000053,2,120.85,move,improve
3896,5,239.79000000000036,2,120.85,swap,acceptBad
3897,5,239.79000000000036,2,120.85,swap,notBad
3898,5,239.79000000000036,2,120.85,2opt,improve
3899,5,239.79000000000036,2,120.85,2opt,notBad
3900,5,239.79000000000036,2,120.85,swap,notBad
3901,5,239.79000000000036,2,120.85,swap,notBad
3902,5,239.79000000000036,2,120.85,swap,notBad
3903,5,239.79000000000036,2,120.85,swap,notBad
3904,5,243.2400000000004,2,120.85,swap,acceptBad
3905,5,243.2400000000004,2,120.85,2opt,notBad
3906,5,243.2400000000004,2,120.85,2opt,notBad
3907,5,243.2400000000004,2,120.85,swap,notBad
3908,5,243.2400000000004,2,120.85,swap,notBad
3909,5,243.2400000000004,2,120.85,2opt,notBad
3910,5,242.73000000000042,2,120.85,swap,improve
3911,5,242.73000000000042,2,120.85,2opt,notBad
3912,5,242.73000000000042,2,120.85,2opt,notBad
3913,5,242.73000000000042,2,120.85,2opt,notBad
3914,5,242.73000000000042,2,120.85,2opt,improve
3915,5,242.73000000000042,2,120.85,swap,notBad
3916,5,242.73000000000042,2,120.85,move,improve
3917,5,242.6800000000004,2,120.85,move,improve
3918,5,242.6800000000004,2,120.85,2opt,notBad
3919,5,240.26000000000033,2,120.85,swap,improve
3920,5,240.26000000000033,2,120.85,move,improve
3921,5,240.26000000000033,2,120.85,move,improve
3922,5,240.26000000000033,2,120.85,swap,notBad
3923,5,240.26000000000033,2,120.85,2opt,notBad
3924,5,240.26000000000033,2,120.85,2opt,notBad
3925,5,240.26000000000033,2,120.85,swap,notBad
3926,5,240.26000000000033,2,120.85,swap,notBad
3927,5,240.26000000000033,2,120.85,2opt,notBad
3928,5,240.26000000000033,2,120.85,2opt,notBad
3929,5,240.26000000000033,2,120.85,swap,notBad
3930,5,240.26000000000033,2,120.85,2opt,notBad
3931,5,198.9500000000003,2,120.85,move,improve
3932,5,198.9500000000003,2,120.85,2opt,improve
3933,5,198.6200000000002,2,120.85,move,improve
3934,5,188.81999999999996,2,120.85,move,improve
3935,5,188.81999999999996,2,120.85,move,improve
3936,5,197.18000000000012,2,120.85,swap,acceptBad
3937,5,197.18000000000012,2,120.85,move,improve
3938,5,197.18000000000012,2,120.85,move,improve
3939,5,197.18000000000012,2,120.85,move,improve
3940,5,197.18000000000012,2,120.85,swap,notBad
3941,5,199.93000000000012,2,120.85,move,acceptBad
3942,5,199.93000000000012,2,120.85,move,improve
3943,5,199.93000000000012,2,120.85,2opt,notBad
3944,5,192.90000000000018,2,120.85,move,improve
3945,5,191.3200000000008,2,120.85,move,improve
3946,5,191.3200000000008,2,120.85,2opt,notBad
3947,5,191.3200000000008,2,120.85,2opt,notBad
3948,5,191.3200000000008,2,120.85,move,improve
3949,5,191.3200000000008,2,120.85,2opt,notBad
3950,5,191.3200000000008,2,120.85,2opt,notBad
3951,5,191.3200000000008,2,120.85,swap,notBad
3952,5,191.3200000000008,2,120.85,swap,notBad
3953,5,191.3200000000008,2,120.85,2opt,notBad
3954,5,191.3200000000008,2,120.85,2opt,notBad
3955,5,191.3200000000008,2,120.85,swap,notBad
3956,5,191.3200000000008,2,120.85,move,improve
3957,5,191.3200000000008,2,120.85,move,improve
3958,5,191.3200000000008,2,120.85,2opt,notBad
3959,5,191.3200000000008,2,120.85,swap,notBad
3960,5,187.2000000000008,2,120.85,move,improve
3961,5,187.2000000000008,2,120.85,2opt,notBad
3962,5,187.2000000000008,2,120.85,move,improve
3963,5,187.2000000000008,2,120.85,2opt,notBad
3964,5,187.2000000000008,2,120.85,move,improve
3965,5,193.37999999999965,2,120.85,swap,acceptBad
3966,5,193.37999999999965,2,120.85,swap,notBad
3967,5,192.80999999999975,2,120.85,move,improve
3968,5,192.80999999999975,2,120.85,move,improve
3969,5,192.80999999999975,2,120.85,2opt,notBad
3970,5,192.80999999999975,2,120.85,move,improve
3971,5,192.80999999999975,2,120.85,2opt,notBad
3972,5,192.80999999999975,2,120.85,swap,notBad
3973,5,191.5299999999997,2,120.85,2opt,improve
3974,5,191.5299999999997,2,120.85,2opt,notBad
3975,5,191.5299999999997,2,120.85,move,improve
3976,5,190.76999999999973,2,120.85,move,improve
3977,5,190.76999999999973,2,120.85,swap,notBad
3978,5,203.4000000000005,2,120.85,swap,acceptBad
3979,5,203.4000000000005,2,120.85,move,improve
3980,5,203.4000000000005,2,120.85,swap,notBad
3981,5,203.4000000000005,2,120.85,2opt,notBad
3982,5,203.4000000000005,2,120.85,move,improve
3983,5,203.4000000000005,2,120.85,swap,notBad
3984,5,203.4000000000005,2,120.85,swap,notBad
3985,5,203.4000000000005,2,120.85,2opt,notBad
3986,5,203.4000000000005,2,120.85,2opt,notBad
3987,5,191.52999999999955,2,120.85,swap,improve
3988,5,191.52999999999955,2,120.85,swap,notBad
3989,5,191.52999999999955,2,120.85,2opt,notBad
3990,5,191.52999999999955,2,120.85,2opt,notBad
3991,5,191.52999999999955,2,120.85,move,improve
3992,5,191.52999999999955,2,120.85,2opt,notBad
3993,5,191.52999999999955,2,120.85,swap,notBad
3994,5,191.52999999999955,2,120.85,move,improve
3995,5,202.6999999999995,2,120.85,swap,acceptBad
3996,5,202.6999999999995,2,120.85,swap,notBad
3997,5,202.6999999999995,2,120.85,2opt,notBad
3998,5,202.6999999999995,2,120.85,2opt,notBad
3999,5,197.87999999999954,2,120.85,move,improve
4000,5,197.87999999999954,2,120.85,swap,notBad
4001,5,197.87999999999954,2,120.85,move,improve
4002,5,197.87999999999954,2,120.85,move,improve
4003,5,197.87999999999954,2,120.85,move,improve
4004,5,197.87999999999954,2,120.85,move,improve
4005,5,197.87999999999954,2,120.85,swap,notBad
4006,5,197.87999999999954,2,120.85,2opt,notBad
4007,5,197.87999999999954,2,120.85,swap,notBad
4008,5,197.87999999999954,2,120.85,move,improve
4009,5,197.87999999999954,2,120.85,move,improve
4010,5,197.87999999999954,2,120.85,2opt,notBad
4011,5,197.87999999999954,2,120.85,move,improve
4012,5,197.87999999999954,2,120.85,swap,notBad
4013,5,196.8299999999997,2,120.85,move,improve
4014,5,196.8299999999997,2,120.85,move,improve
4015,5,196.8299999999997,2,120.85,swap,notBad
4016,5,196.8299999999997,2,120.85,2opt,notBad
4017,5,196.8299999999997,2,120.85,swap,notBad
4018,5,195.6200000000005,2,120.85,move,improve
4019,5,195.6200000000005,2,120.85,move,improve
4020,5,195.6200000000005,2,120.85,2opt,notBad
4021,5,195.6200000000005,2,120.85,swap,notBad
4022,5,195.6200000000005,2,120.85,move,improve
4023,5,195.6200000000005,2,120.85,move,improve
4024,5,195.6200000000005,2,120.85,2opt,notBad
4025,5,195.6200000000005,2,120.85,2opt,notBad
4026,5,195.6200000000005,2,120.85,2opt,notBad
4027,5,195.6200000000005,2,120.85,swap,notBad
4028,5,195.6200000000005,2,120.85,swap,notBad
4029,5,194.47000000000054,2,120.85,move,improve
4030,5,194.47000000000054,2,120.85,swap,notBad
4031,5,194.47000000000054,2,120.85,move,improve
4032,5,194.47000000000054,2,120.85,2opt,notBad
4033,5,194.47000000000054,2,120.85,2opt,notBad
4034,5,194.47000000000054,2,120.85,swap,notBad
4035,5,194.47000000000054,2,120.85,2opt,improve
4036,5,194.47000000000054,2,120.85,move,improve
4037,5,194.47000000000054,2,120.85,swap,notBad
4038,5,194.47000000000054,2,120.85,move,improve
4039,5,191.06000000000054,2,120.85,move,improve
4040,5,191.06000000000054,2,120.85,move,improve
4041,5,191.06000000000054,2,120.85,swap,notBad
4042,5,191.06000000000054,2,120.85,2opt,notBad
4043,5,188.84000000000086,2,120.85,swap,improve
4044,5,188.84000000000086,2,120.85,2opt,notBad
4045,5,188.84000000000086,2,120.85,swap,notBad
4046,5,188.84000000000086,2,120.85,2opt,notBad
4047,5,188.84000000000086,2,120.85,move,improve
4048,5,188.84000000000086,2,120.85,move,improve
4049,5,188.84000000000086,2,120.85,move,improve
4050,5,188.84000000000086,2,120.85,2opt,notBad
4051,5,188.84000000000086,2,120.85,swap,notBad
4052,5,182.38999999999967,2,120.85,swap,improve
4053,5,182.38999999999967,2,120.85,swap,notBad
4054,5,182.38999999999967,2,120.85,2opt,notBad
4055,5,182.38999999999967,2,120.85,move,improve
4056,5,182.38999999999967,2,120.85,move,improve
4057,5,182.38999999999967,2,120.85,2opt,notBad
4058,5,182.38999999999967,2,120.85,move,improve
4059,5,182.38999999999967,2,120.85,2opt,notBad
4060,5,182.38999999999967,2,120.85,swap,notBad
4061,5,182.38999999999967,2,120.85,move,improve
4062,5,182.38999999999967,2,120.85,move,improve
4063,5,182.38999999999967,2,120.85,swap,notBad
4064,5,182.38999999999967,2,120.85,2opt,notBad
4065,5,182.38999999999967,2,120.85,swap,notBad
4066,5,182.38999999999967,2,120.85,2opt,notBad
4067,5,182.38999999999967,2,120.85,2opt,notBad
4068,5,182.38999999999967,2,120.85,2opt,notBad
4069,5,182.38999999999967,2,120.85,swap,notBad
4070,5,182.38999999999967,2,120.85,swap,notBad
4071,5,182.38999999999967,2,120.85,move,improve
4072,5,182.38999999999967,2,120.85,move,improve
4073,5,182.38999999999967,2,120.85,2opt,improve
4074,5,182.38999999999967,2,120.85,swap,notBad
4075,5,214.8900000000004,2,120.85,swap,acceptBad
4076,5,214.8900000000004,2,120.85,2opt,notBad
4077,5,214.8900000000004,2,120.85,2opt,notBad
4078,5,214.8900000000004,2,120.85,2opt,notBad
4079,5,214.8900000000004,2,120.85,swap,notBad
4080,5,214.8900000000004,2,120.85,swap,notBad
4081,5,214.8900000000004,2,120.85,2opt,improve
4082,5,214.8900000000004,2,120.85,2opt,notBad
4083,5,214.8900000000004,2,120.85,move,improve
4084,5,214.8900000000004,2,120.85,2opt,improve
4085,5,214.8900000000004,2,120.85,move,improve
4086,5,214.8900000000004,2,120.85,2opt,notBad
4087,5,212.63000000000045,2,120.85,move,improve
4088,5,211.89000000000027,2,120.85,move,improve
4089,5,211.89000000000027,2,120.85,swap,notBad
4090,5,235.7099999999993,2,120.85,swap,acceptBad
4091,5,235.7099999999993,2,120.85,swap,notBad
4092,5,235.7099999999993,2,120.85,swap,notBad
4093,5,235.7099999999993,2,120.85,2opt,notBad
4094,5,235.7099999999993,2,120.85,2opt,notBad
4095,5,233.02999999999952,2,120.85,swap,improve
4096,5,233.02999999999952,2,120.85,2opt,notBad
4097,5,233.02999999999952,2,120.85,move,improve
4098,5,233.02999999999952,2,120.85,2opt,notBad
4099,5,233.02999999999952,2,120.85,move,improve
4100,5,233.02999999999952,2,120.85,swap,notBad
4101,5,233.02999999999952,2,120.85,2opt,notBad
4102,5,233.02999999999952,2,120.85,2opt,notBad
4103,5,230.29000000000048,2,120.85,2opt,improve
4104,5,230.29000000000048,2,120.85,2opt,notBad
4105,5,230.29000000000048,2,120.85,move,improve
4106,5,230.29000000000048,2,120.85,move,improve
4107,5,230.29000000000048,2,120.85,2opt,notBad
4108,5,230.15000000000006,2,120.85,move,improve
4109,5,230.15000000000006,2,120.85,2opt,notBad
4110,5,230.15000000000006,2,120.85,2opt,notBad
4111,5,230.15000000000006,2,120.85,swap,notBad
4112,5,230.15000000000006,2,120.85,2opt,notBad
4113,5,230.15000000000006,2,120.85,2opt,notBad
4114,5,230.15000000000006,2,120.85,swap,notBad
4115,5,230.15000000000006,2,120.85,swap,notBad
4116,5,230.15000000000006,2,120.85,move,improve
4117,5,230.15000000000006,2,120.85,2opt,notBad
4118,5,230.15000000000006,2,120.85,swap,notBad
4119,5,230.15000000000006,2,120.85,swap,notBad
4120,5,216.63000000000068,2,120.85,move,improve
4121,5,216.63000000000068,2,120.85,move,improve
4122,5,216.63000000000068,2,120.85,move,improve
4123,5,216.63000000000068,2,120.85,move,improve
4124,5,216.63000000000068,2,120.85,2opt,improve
4125,5,216.63000000000068,2,120.85,swap,notBad
4126,5,216.13000000000136,2,120.85,move,improve
4127,5,216.13000000000136,2,120.85,2opt,notBad
4128,5,216.13000000000136,2,120.85,2opt,notBad
4129,5,216.13000000000136,2,120.85,2opt,notBad
4130,5,216.13000000000136,2,120.85,2opt,notBad
4131,5,216.13000000000136,2,120.85,move,improve
4132,5,216.13000000000136,2,120.85,2opt,notBad
4133,5,216.13000000000136,2,120.85,move,improve
4134,5,216.13000000000136,2,120.85,swap,notBad
4135,5,216.13000000000136,2,120.85,2opt,notBad
4136,5,216.13000000000136,2,120.85,swap,notBad
4137,5,218.7200000000011,2,120.85,swap,acceptBad
4138,5,218.7200000000011,2,120.85,2opt,improve
4139,5,228.60000000000105,2,120.85,swap,acceptBad
4140,5,209.90000000000097,2,120.85,move,improve
4141,5,209.90000000000097,2,120.85,move,improve
4142,5,209.90000000000097,2,120.85,move,improve
4143,5,209.90000000000097,2,120.85,move,improve
4144,5,209.90000000000097,2,120.85,swap,notBad
4145,5,209.90000000000097,2,120.85,swap,notBad
4146,5,209.90000000000097,2,120.85,2opt,notBad
4147,5,187.4500000000007,2,120.85,move,improve
4148,5,187.4500000000007,2,120.85,2opt,notBad
4149,5,187.4500000000007,2,120.85,2opt,notBad
4150,5,187.4500000000007,2,120.85,move,improve
4151,5,187.4500000000007,2,120.85,swap,notBad
4152,5,187.4500000000007,2,120.85,swap,notBad
4153,5,206.8200000000002,2,120.85,move,acceptBad
4154,5,205.76999999999995,2,120.85,move,improve
4155,5,205.76999999999995,2,120.85,2opt,notBad
4156,5,205.76999999999995,2,120.85,move,improve
4157,5,205.76999999999995,2,120.85,2opt,notBad
4158,5,205.76999999999995,2,120.85,2opt,notBad
4159,5,220.3699999999997,2,120.85,swap,acceptBad
4160,5,219.2199999999994,2,120.85,move,improve
4161,5,219.2199999999994,2,120.85,swap,notBad
4162,5,219.2199999999994,2,120.85,2opt,notBad
4163,5,219.2199999999994,2,120.85,2opt,notBad
4164,5,219.2199999999994,2,120.85,2opt,notBad
4165,5,219.2199999999994,2,120.85,swap,notBad
4166,5,198.92000000000053,2,120.85,move,improve
4167,5,198.92000000000053,2,120.85,move,improve
4168,5,198.92000000000053,2,120.85,2opt,notBad
4169,5,198.92000000000053,2,120.85,move,improve
4170,5,184.59000000000052,2,120.85,move,improve
4171,5,204.8899999999994,2,120.85,move,acceptBad
4172,5,204.8899999999994,2,120.85,2opt,notBad
4173,5,204.8899999999994,2,120.85,2opt,notBad
4174,5,184.59000000000052,2,120.85,move,improve
4175,5,184.59000000000052,2,120.85,swap,notBad
4176,5,184.59000000000052,2,120.85,2opt,notBad
4177,5,184.59000000000052,2,120.85,move,improve
4178,5,184.59000000000052,2,120.85,swap,notBad
4179,5,194.42999999999984,2,120.85,swap,acceptBad
4180,5,194.42999999999984,2,120.85,move,improve
4181,5,194.42999999999984,2,120.85,move,improve
4182,5,194.42999999999984,2,120.85,2opt,improve
4183,5,194.24999999999977,2,120.85,move,improve
4184,5,194.24999999999977,2,120.85,move,improve
4185,5,194.24999999999977,2,120.85,move,improve
4186,5,194.24999999999977,2,120.85,move,improve
4187,5,194.24999999999977,2,120.85,swap,notBad
4188,5,194.24999999999977,2,120.85,swap,notBad
4189,5,194.24999999999977,2,120.85,swap,notBad
4190,5,212.27,2,120.85,swap,acceptBad
4191,5,212.27,2,120.85,2opt,notBad
4192,5,212.27,2,120.85,swap,notBad
4193,5,207.32999999999933,2,120.85,swap,improve
4194,5,207.32999999999933,2,120.85,swap,notBad
4195,5,207.32999999999933,2,120.85,2opt,improve
4196,5,207.32999999999933,2,120.85,swap,notBad
4197,5,207.32999999999933,2,120.85,swap,notBad
4198,5,207.32999999999933,2,120.85,2opt,notBad
4199,5,218.52999999999952,2,120.85,swap,acceptBad
4200,5,218.52999999999952,2,120.85,2opt,notBad
4201,5,196.11999999999938,2,120.85,move,improve
4202,5,196.11999999999938,2,120.85,2opt,notBad
4203,5,196.11999999999938,2,120.85,move,improve
4204,5,196.11999999999938,2,120.85,swap,notBad
4205,5,196.11999999999938,2,120.85,swap,notBad
4206,5,196.11999999999938,2,120.85,2opt,improve
4207,5,196.11999999999938,2,120.85,swap,notBad
4208,5,196.11999999999938,2,120.85,2opt,notBad
4209,5,196.11999999999938,2,120.85,swap,notBad
4210,5,196.11999999999938,2,120.85,move,improve
4211,5,193.57999999999961,2,120.85,move,improve
4212,5,193.57999999999961,2,120.85,swap,notBad
4213,5,193.57999999999961,2,120.85,swap,notBad
4214,5,189.84999999999948,2,120.85,move,improve
4215,5,189.84999999999948,2,120.85,2opt,notBad
4216,5,189.84999999999948,2,120.85,move,improve
4217,5,189.84999999999948,2,120.85,2opt,notBad
4218,5,189.84999999999948,2,120.85,2opt,notBad
4219,5,185.77999999999943,2,120.85,move,improve
4220,5,185.77999999999943,2,120.85,2opt,notBad
4221,5,185.77999999999943,2,120.85,2opt,notBad
4222,5,185.77999999999943,2,120.85,move,improve
4223,5,185.77999999999943,2,120.85,swap,notBad
4224,5,185.77999999999943,2,120.85,2opt,notBad
4225,5,185.77999999999943,2,120.85,2opt,notBad
4226,5,185.77999999999943,2,120.85,swap,notBad
4227,5,181.10999999999942,2,120.85,move,improve
4228,5,180.70999999999952,2,120.85,move,improve
4229,5,180.70999999999952,2,120.85,move,improve
4230,5,180.70999999999952,2,120.85,move,improve
4231,5,180.70999999999952,2,120.85,2opt,notBad
4232,5,190.58999999999946,2,120.85,swap,acceptBad
4233,5,190.58999999999946,2,120.85,2opt,improve
4234,5,190.58999999999946,2,120.85,swap,notBad
4235,5,190.58999999999946,2,120.85,2opt,notBad
4236,5,190.58999999999946,2,120.85,swap,notBad
4237,5,185.26999999999938,2,120.85,move,improve
4238,5,186.1899999999995,2,120.85,swap,acceptBad
4239,5,186.1899999999995,2,120.85,swap,notBad
4240,5,186.1899999999995,2,120.85,move,improve
4241,5,186.1899999999995,2,120.85,swap,notBad
4242,5,186.1899999999995,2,120.85,2opt,improve
4243,5,186.1899999999995,2,120.85,swap,notBad
4244,5,186.1899999999995,2,120.85,swap,notBad
4245,5,186.1899999999995,2,120.85,move,improve
4246,5,186.1899999999995,2,120.85,move,improve
4247,5,186.1899999999995,2,120.85,swap,notBad
4248,5,186.1899999999995,2,120.85,move,improve
4249,5,186.1899999999995,2,120.85,2opt,notBad
4250,5,186.1899999999995,2,120.85,2opt,notBad
4251,5,186.1899999999995,2,120.85,move,improve
4252,5,186.1899999999995,2,120.85,2opt,notBad
4253,5,186.1899999999995,2,120.85,move,improve
4254,5,184.28999999999968,2,120.85,move,improve
4255,5,184.28999999999968,2,120.85,swap,notBad
4256,5,182.44000000000008,2,120.85,move,improve
4257,5,177.49999999999986,2,120.85,move,improve
4258,5,177.49999999999986,2,120.85,2opt,notBad
4259,5,177.49999999999986,2,120.85,2opt,notBad
4260,5,177.49999999999986,2,120.85,swap,notBad
4261,5,177.49999999999986,2,120.85,swap,notBad
4262,5,177.49999999999986,2,120.85,swap,notBad
4263,5,177.49999999999986,2,120.85,move,improve
4264,5,177.49999999999986,2,120.85,2opt,notBad
4265,5,177.49999999999986,2,120.85,move,improve
4266,5,177.49999999999986,2,120.85,2opt,notBad
4267,5,177.49999999999986,2,120.85,swap,notBad
4268,5,177.49999999999986,2,120.85,2opt,notBad
4269,5,177.49999999999986,2,120.85,swap,notBad
4270,5,177.49999999999986,2,120.85,2opt,notBad
4271,5,176.12999999999985,2,120.85,move,improve
4272,5,176.12999999999985,2,120.85,2opt,notBad
4273,5,176.12999999999985,2,120.85,2opt,notBad
4274,5,176.12999999999985,2,120.85,move,improve
4275,5,176.12999999999985,2,120.85,2opt,notBad
4276,5,176.12999999999985,2,120.85,swap,notBad
4277,5,176.12999999999985,2,120.85,swap,notBad
4278,5,176.12999999999985,2,120.85,move,improve
4279,5,176.12999999999985,2,120.85,2opt,notBad
4280,5,176.12999999999985,2,120.85,swap,notBad
4281,5,176.12999999999985,2,120.85,move,improve
4282,5,176.12999999999985,2,120.85,move,improve
4283,5,176.12999999999985,2,120.85,swap,notBad
4284,5,176.12999999999985,2,120.85,swap,notBad
4285,5,176.12999999999985,2,120.85,2opt,notBad
4286,5,176.12999999999985,2,120.85,move,improve
4287,5,176.12999999999985,2,120.85,2opt,notBad
4288,5,176.12999999999985,2,120.85,2opt,notBad
4289,5,179.02000000000027,2,120.85,swap,acceptBad
4290,5,179.02000000000027,2,120.85,swap,notBad
4291,5,173.37000000000032,2,120.85,move,improve
4292,5,173.37000000000032,2,120.85,move,improve
4293,5,173.37000000000032,2,120.85,2opt,notBad
4294,5,173.37000000000032,2,120.85,2opt,notBad
4295,5,173.37000000000032,2,120.85,2opt,notBad
4296,5,173.37000000000032,2,120.85,2opt,notBad
4297,5,173.37000000000032,2,120.85,2opt,notBad
4298,5,173.37000000000032,2,120.85,move,improve
4299,5,173.37000000000032,2,120.85,2opt,notBad
4300,5,173.37000000000032,2,120.85,2opt,notBad
4301,5,173.37000000000032,2,120.85,2opt,notBad
4302,5,173.37000000000032,2,120.85,2opt,notBad
4303,5,173.37000000000032,2,120.85,swap,notBad
4304,5,190.8100000000001,2,120.85,swap,acceptBad
4305,5,190.8100000000001,2,120.85,move,improve
4306,5,190.8100000000001,2,120.85,2opt,notBad
4307,5,190.8100000000001,2,120.85,swap,notBad
4308,5,190.8100000000001,2,120.85,swap,notBad
4309,5,190.8100000000001,2,120.85,swap,notBad
4310,5,190.8100000000001,2,120.85,move,improve
4311,5,190.8100000000001,2,120.85,move,improve
4312,5,190.8100000000001,2,120.85,2opt,notBad
4313,5,190.8100000000001,2,120.85,2opt,notBad
4314,5,190.8100000000001,2,120.85,2opt,improve
4315,5,190.8100000000001,2,120.85,move,improve
4316,5,190.8100000000001,2,120.85,2opt,notBad
4317,5,173.37000000000032,2,120.85,move,improve
4318,5,170.92000000000056,2,120.85,move,improve
4319,5,170.92000000000056,2,120.85,2opt,notBad
4320,5,170.92000000000056,2,120.85,swap,notBad
4321,5,170.92000000000056,2,120.85,move,improve
4322,5,170.38000000000056,2,120.85,move,improve
4323,5,170.38000000000056,2,120.85,move,improve
4324,5,170.38000000000056,2,120.85,move,improve
4325,5,170.38000000000056,2,120.85,2opt,improve
4326,5,170.38000000000056,2,120.85,swap,notBad
4327,5,170.38000000000056,2,120.85,2opt,notBad
4328,5,170.38000000000056,2,120.85,move,improve
4329,5,170.38000000000056,2,120.85,2opt,notBad
4330,5,170.38000000000056,2,120.85,2opt,notBad
4331,5,170.38000000000056,2,120.85,swap,notBad
4332,5,170.38000000000056,2,120.85,2opt,notBad
4333,5,170.38000000000056,2,120.85,2opt,notBad
4334,5,170.38000000000056,2,120.85,swap,notBad
4335,5,170.38000000000056,2,120.85,swap,notBad
4336,5,170.38000000000056,2,120.85,swap,notBad
4337,5,170.38000000000056,2,120.85,2opt,notBad
4338,5,170.38000000000056,2,120.85,2opt,notBad
4339,5,170.38000000000056,2,120.85,move,improve
4340,5,178.20000000000064,2,120.85,swap,acceptBad
4341,5,178.20000000000064,2,120.85,2opt,notBad
4342,5,178.20000000000064,2,120.85,move,improve
4343,5,178.20000000000064,2,120.85,2opt,notBad
4344,5,178.20000000000064,2,120.85,2opt,notBad
4345,5,178.20000000000064,2,120.85,2opt,notBad
4346,5,178.20000000000064,2,120.85,2opt,notBad
4347,5,178.20000000000064,2,120.85,2opt,notBad
4348,5,178.20000000000064,2,120.85,2opt,notBad
4349,5,178.20000000000064,2,120.85,2opt,notBad
4350,5,178.20000000000064,2,120.85,move,improve
4351,5,177.51000000000064,2,120.85,2opt,improve
4352,5,177.51000000000064,2,120.85,swap,notBad
4353,5,177.51000000000064,2,120.85,move,improve
4354,5,177.51000000000064,2,120.85,move,improve
4355,5,177.51000000000064,2,120.85,2opt,notBad
4356,5,177.51000000000064,2,120.85,2opt,notBad
4357,5,177.51000000000064,2,120.85,swap,notBad
4358,5,177.51000000000064,2,120.85,2opt,notBad
4359,5,177.51000000000064,2,120.85,2opt,notBad
4360,5,177.51000000000064,2,120.85,2opt,notBad
4361,5,171.60999999999976,2,120.85,swap,improve
4362,5,171.60999999999976,2,120.85,2opt,notBad
4363,5,171.60999999999976,2,120.85,swap,notBad
4364,5,171.60999999999976,2,120.85,2opt,notBad
4365,5,171.60999999999976,2,120.85,swap,notBad
4366,5,171.60999999999976,2,120.85,2opt,notBad
4367,5,171.60999999999976,2,120.85,move,improve
4368,5,187.84000000000037,2,120.85,swap,acceptBad
4369,5,187.84000000000037,2,120.85,move,improve
4370,5,187.84000000000037,2,120.85,2opt,notBad
4371,5,187.84000000000037,2,120.85,move,improve
4372,5,187.84000000000037,2,120.85,swap,notBad
4373,5,187.84000000000037,2,120.85,swap,notBad
4374,5,187.84000000000037,2,120.85,2opt,notBad
4375,5,187.84000000000037,2,120.85,move,improve
4376,5,197.90000000000038,2,120.85,swap,acceptBad
4377,5,197.90000000000038,2,120.85,move,improve
4378,5,197.90000000000038,2,120.85,swap,notBad
4379,5,199.01000000000022,2,120.85,swap,acceptBad
4380,5,199.01000000000022,2,120.85,swap,notBad
4381,5,199.01000000000022,2,120.85,2opt,notBad
4382,5,199.01000000000022,2,120.85,swap,notBad
4383,5,199.01000000000022,2,120.85,move,improve
4384,5,199.01000000000022,2,120.85,move,improve
4385,5,199.01000000000022,2,120.85,2opt,notBad
4386,5,198.94000000000023,2,120.85,move,improve
4387,5,198.94000000000023,2,120.85,move,improve
4388,5,198.94000000000023,2,120.85,2opt,notBad
4389,5,198.94000000000023,2,120.85,move,improve
4390,5,197.4200000000001,2,120.85,move,improve
4391,5,190.55999999999983,2,120.85,swap,improve
4392,5,190.55999999999983,2,120.85,2opt,notBad
4393,5,190.55999999999983,2,120.85,swap,notBad
4394,5,190.55999999999983,2,120.85,swap,notBad
4395,5,188.0200000000002,2,120.85,move,improve
4396,5,188.0200000000002,2,120.85,2opt,improve
4397,5,188.0200000000002,2,120.85,swap,notBad
4398,5,188.0200000000002,2,120.85,swap,notBad
4399,5,188.0200000000002,2,120.85,2opt,notBad
4400,5,188.0200000000002,2,120.85,swap,notBad
4401,5,188.0200000000002,2,120.85,swap,notBad
4402,5,188.0200000000002,2,120.85,move,improve
4403,5,188.0200000000002,2,120.85,move,improve
4404,5,188.0200000000002,2,120.85,move,improve
4405,5,188.0200000000002,2,120.85,move,improve
4406,5,188.0200000000002,2,120.85,2opt,notBad
4407,5,188.0200000000002,2,120.85,swap,notBad
4408,5,188.0200000000002,2,120.85,move,improve
4409,5,188.0200000000002,2,120.85,2opt,notBad
4410,5,188.0200000000002,2,120.85,swap,notBad
4411,5,192.8000000000009,2,120.85,swap,acceptBad
4412,5,192.8000000000009,2,120.85,2opt,notBad
4413,5,192.8000000000009,2,120.85,move,improve
4414,5,192.8000000000009,2,120.85,swap,notBad
4415,5,192.8000000000009,2,120.85,2opt,improve
4416,5,192.8000000000009,2,120.85,move,improve
4417,5,192.8000000000009,2,120.85,swap,notBad
4418,5,185.79000000000022,2,120.85,move,improve
4419,5,185.79000000000022,2,120.85,2opt,notBad
4420,5,185.79000000000022,2,120.85,swap,notBad
4421,5,181.4799999999999,2,120.85,move,improve
4422,5,181.4799999999999,2,120.85,2opt,notBad
4423,5,181.4799999999999,2,120.85,swap,notBad
4424,5,181.4799999999999,2,120.85,swap,notBad
4425,5,181.4799999999999,2,120.85,swap,notBad
4426,5,181.4799999999999,2,120.85,2opt,notBad
4427,5,181.4799999999999,2,120.85,2opt,notBad
4428,5,181.4799999999999,2,120.85,2opt,notBad
4429,5,181.4799999999999,2,120.85,swap,notBad
4430,5,196.97000000000074,2,120.85,swap,acceptBad
4431,5,196.97000000000074,2,120.85,2opt,notBad
4432,5,196.97000000000074,2,120.85,swap,notBad
4433,5,196.97000000000074,2,120.85,swap,notBad
4434,5,196.97000000000074,2,120.85,move,improve
4435,5,196.97000000000074,2,120.85,2opt,notBad
4436,5,196.97000000000074,2,120.85,move,improve
4437,5,196.97000000000074,2,120.85,2opt,notBad
4438,5,196.97000000000074,2,120.85,2opt,notBad
4439,5,196.97000000000074,2,120.85,move,improve
4440,5,196.97000000000074,2,120.85,2opt,notBad
4441,5,196.97000000000074,2,120.85,swap,notBad
4442,5,196.97000000000074,2,120.85,swap,notBad
4443,5,196.97000000000074,2,120.85,swap,notBad
4444,5,196.97000000000074,2,120.85,2opt,notBad
4445,5,194.61000000000047,2,120.85,move,improve
4446,5,194.61000000000047,2,120.85,swap,notBad
4447,5,194.61000000000047,2,120.85,2opt,notBad
4448,5,194.61000000000047,2,120.85,move,improve
4449,5,194.61000000000047,2,120.85,move,improve
4450,5,194.61000000000047,2,120.85,swap,notBad
4451,5,194.61000000000047,2,120.85,swap,notBad
4452,5,215.1800000000002,2,120.85,swap,acceptBad
4453,5,194.61000000000047,2,120.85,move,improve
4454,5,194.61000000000047,2,120.85,2opt,notBad
4455,5,194.61000000000047,2,120.85,2opt,improve
4456,5,194.61000000000047,2,120.85,swap,notBad
4457,5,194.61000000000047,2,120.85,2opt,improve
4458,5,194.61000000000047,2,120.85,2opt,notBad
4459,5,194.61000000000047,2,120.85,2opt,notBad
4460,5,194.61000000000047,2,120.85,move,improve
4461,5,194.61000000000047,2,120.85,move,improve
4462,5,194.61000000000047,2,120.85,2opt,notBad
4463,5,194.61000000000047,2,120.85,swap,notBad
4464,5,194.61000000000047,2,120.85,2opt,notBad
4465,5,194.61000000000047,2,120.85,move,improve
4466,5,194.61000000000047,2,120.85,move,improve
4467,5,194.61000000000047,2,120.85,swap,notBad
4468,5,206.01000000000028,2,120.85,swap,acceptBad
4469,5,206.01000000000028,2,120.85,swap,notBad
4470,5,206.01000000000028,2,120.85,swap,notBad
4471,5,206.01000000000028,2,120.85,move,improve
4472,5,206.01000000000028,2,120.85,move,improve
4473,5,206.01000000000028,2,120.85,2opt,notBad
4474,5,206.01000000000028,2,120.85,swap,notBad
4475,5,206.01000000000028,2,120.85,2opt,notBad
4476,5,206.01000000000028,2,120.85,swap,notBad
4477,5,206.01000000000028,2,120.85,swap,notBad
4478,5,206.01000000000028,2,120.85,move,improve
4479,5,206.01000000000028,2,120.85,swap,notBad
4480,5,195.28000000000037,2,120.85,move,improve
4481,5,195.28000000000037,2,120.85,2opt,improve
4482,5,195.28000000000037,2,120.85,move,improve
4483,5,195.28000000000037,2,120.85,swap,notBad
4484,5,195.28000000000037,2,120.85,move,improve
4485,5,195.28000000000037,2,120.85,2opt,notBad
4486,5,195.28000000000037,2,120.85,2opt,notBad
4487,5,195.28000000000037,2,120.85,move,improve
4488,5,195.28000000000037,2,120.85,2opt,notBad
4489,5,195.28000000000037,2,120.85,2opt,notBad
4490,5,195.28000000000037,2,120.85,swap,notBad
4491,5,195.28000000000037,2,120.85,move,improve
4492,5,195.28000000000037,2,120.85,swap,notBad
4493,5,195.28000000000037,2,120.85,move,improve
4494,5,194.17000000000016,2,120.85,move,improve
4495,5,194.17000000000016,2,120.85,move,improve
4496,5,194.17000000000016,2,120.85,2opt,notBad
4497,5,194.17000000000016,2,120.85,swap,notBad
4498,5,194.17000000000016,2,120.85,swap,notBad
4499,5,194.17000000000016,2,120.85,move,improve
4500,5,194.17000000000016,2,120.85,swap,notBad
4501,5,194.17000000000016,2,120.85,2opt,notBad
4502,5,194.17000000000016,2,120.85,swap,notBad
4503,5,194.17000000000016,2,120.85,swap,notBad
4504,5,194.17000000000016,2,120.85,2opt,notBad
4505,5,194.17000000000016,2,120.85,move,improve
4506,5,194.17000000000016,2,120.85,swap,notBad
4507,5,194.17000000000016,2,120.85,swap,notBad
4508,5,194.17000000000016,2,120.85,2opt,improve
4509,5,194.17000000000016,2,120.85,move,improve
4510,5,194.17000000000016,2,120.85,2opt,notBad
4511,5,194.17000000000016,2,120.85,swap,notBad
4512,5,194.17000000000016,2,120.85,move,improve
4513,5,194.17000000000016,2,120.85,swap,notBad
4514,5,194.17000000000016,2,120.85,move,improve
4515,5,194.17000000000016,2,120.85,2opt,notBad
4516,5,194.17000000000016,2,120.85,2opt,notBad
4517,5,194.17000000000016,2,120.85,swap,notBad
4518,5,194.17000000000016,2,120.85,swap,notBad
4519,5,194.17000000000016,2,120.85,2opt,improve
4520,5,194.17000000000016,2,120.85,swap,notBad
4521,5,194.17000000000016,2,120.85,2opt,improve
4522,5,194.17000000000016,2,120.85,2opt,notBad
4523,5,194.17000000000016,2,120.85,2opt,notBad
4524,5,194.17000000000016,2,120.85,2opt,notBad
4525,5,205.44000000000034,2,120.85,swap,acceptBad
4526,5,205.44000000000034,2,120.85,2opt,notBad
4527,5,205.44000000000034,2,120.85,swap,notBad
4528,5,205.44000000000034,2,120.85,2opt,notBad
4529,5,205.44000000000034,2,120.85,2opt,notBad
4530,5,205.44000000000034,2,120.85,2opt,notBad
4531,5,205.44000000000034,2,120.85,swap,notBad
4532,5,205.44000000000034,2,120.85,swap,notBad
4533,5,205.44000000000034,2,120.85,swap,notBad
4534,5,205.44000000000034,2,120.85,move,improve
4535,5,205.44000000000034,2,120.85,2opt,notBad
4536,5,205.44000000000034,2,120.85,2opt,notBad
4537,5,205.44000000000034,2,120.85,2opt,notBad
4538,5,205.44000000000034,2,120.85,2opt,improve
4539,5,205.44000000000034,2,120.85,2opt,notBad
4540,5,195.7300000000003,2,120.85,move,improve
4541,5,195.7300000000003,2,120.85,2opt,notBad
4542,5,195.7300000000003,2,120.85,swap,notBad
4543,5,195.7300000000003,2,120.85,swap,notBad
4544,5,195.7300000000003,2,120.85,move,improve
4545,5,195.7300000000003,2,120.85,swap,notBad
4546,5,195.7300000000003,2,120.85,swap,notBad
4547,5,195.7300000000003,2,120.85,swap,notBad
4548,5,195.7300000000003,2,120.85,swap,notBad
4549,5,195.7300000000003,2,120.85,swap,notBad
4550,5,195.7300000000003,2,120.85,2opt,notBad
4551,5,195.7300000000003,2,120.85,swap,notBad
4552,5,195.7300000000003,2,120.85,swap,notBad
4553,5,195.7300000000003,2,120.85,2opt,notBad
4554,5,195.7300000000003,2,120.85,2opt,notBad
4555,5,195.7300000000003,2,120.85,move,improve
4556,5,195.7300000000003,2,120.85,move,improve
4557,5,195.7300000000003,2,120.85,move,improve
4558,5,195.7300000000003,2,120.85,2opt,notBad
4559,5,195.7300000000003,2,120.85,move,improve
4560,5,194.56000000000063,2,120.85,move,improve
4561,5,194.56000000000063,2,120.85,move,improve
4562,5,194.56000000000063,2,120.85,2opt,notBad
4563,5,194.56000000000063,2,120.85,2opt,notBad
4564,5,194.56000000000063,2,120.85,2opt,notBad
4565,5,194.56000000000063,2,120.85,2opt,notBad
4566,5,194.56000000000063,2,120.85,swap,notBad
4567,5,194.56000000000063,2,120.85,2opt,notBad
4568,5,194.56000000000063,2,120.85,2opt,improve
4569,5,194.56000000000063,2,120.85,swap,notBad
4570,5,194.56000000000063,2,120.85,move,improve
4571,5,194.56000000000063,2,120.85,2opt,notBad
4572,5,194.56000000000063,2,120.85,2opt,notBad
4573,5,194.56000000000063,2,120.85,2opt,notBad
4574,5,194.56000000000063,2,120.85,2opt,notBad
4575,5,194.56000000000063,2,120.85,2opt,improve
4576,5,194.56000000000063,2,120.85,2opt,notBad
4577,5,194.56000000000063,2,120.85,2opt,notBad
4578,5,194.56000000000063,2,120.85,swap,notBad
4579,5,194.69000000000068,2,120.85,swap,acceptBad
4580,5,194.69000000000068,2,120.85,swap,notBad
4581,5,194.69000000000068,2,120.85,2opt,improve
4582,5,194.69000000000068,2,120.85,swap,notBad
4583,5,194.69000000000068,2,120.85,2opt,improve
4584,5,194.69000000000068,2,120.85,2opt,notBad
4585,5,194.69000000000068,2,120.85,swap,notBad
4586,5,194.69000000000068,2,120.85,2opt,notBad
4587,5,194.69000000000068,2,120.85,move,improve
4588,5,194.69000000000068,2,120.85,swap,notBad
4589,5,194.69000000000068,2,120.85,move,improve
4590,5,194.69000000000068,2,120.85,2opt,improve
4591,5,194.69000000000068,2,120.85,move,improve
4592,5,194.69000000000068,2,120.85,swap,notBad
4593,5,194.69000000000068,2,120.85,2opt,improve
4594,5,194.69000000000068,2,120.85,move,improve
4595,5,194.69000000000068,2,120.85,2opt,notBad
4596,5,194.6000000000007,2,120.85,move,improve
4597,5,194.6000000000007,2,120.85,move,improve
4598,5,194.6000000000007,2,120.85,swap,notBad
4599,5,194.6000000000007,2,120.85,swap,notBad
4600,5,194.6000000000007,2,120.85,move,improve
4601,5,194.6000000000007,2,120.85,swap,notBad
4602,5,194.6000000000007,2,120.85,swap,notBad
4603,5,194.6000000000007,2,120.85,2opt,notBad
4604,5,194.6000000000007,2,120.85,2opt,notBad
4605,5,194.6000000000007,2,120.85,swap,notBad
4606,5,194.6000000000007,2,120.85,swap,notBad
4607,5,194.6000000000007,2,120.85,2opt,notBad
4608,5,194.6000000000007,2,120.85,move,improve
4609,5,194.6000000000007,2,120.85,swap,notBad
4610,5,194.6000000000007,2,120.85,2opt,notBad
4611,5,194.6000000000007,2,120.85,2opt,notBad
4612,5,194.6000000000007,2,120.85,2opt,notBad
4613,5,194.6000000000007,2,120.85,swap,notBad
4614,5,194.6000000000007,2,120.85,2opt,notBad
4615,5,194.6000000000007,2,120.85,2opt,notBad
4616,5,194.6000000000007,2,120.85,swap,notBad
4617,5,194.6000000000007,2,120.85,swap,notBad
4618,5,194.6000000000007,2,120.85,2opt,notBad
4619,5,194.6000000000007,2,120.85,2opt,notBad
4620,5,194.6000000000007,2,120.85,move,improve
4621,5,194.6000000000007,2,120.85,2opt,notBad
4622,5,194.6000000000007,2,120.85,2opt,notBad
4623,5,194.6000000000007,2,120.85,move,improve
4624,5,194.6000000000007,2,120.85,swap,notBad
4625,5,194.6000000000007,2,120.85,move,improve
4626,5,194.6000000000007,2,120.85,move,improve
4627,5,190.75000000000063,2,120.85,swap,improve
4628,5,190.75000000000063,2,120.85,2opt,notBad
4629,5,190.75000000000063,2,120.85,2opt,notBad
4630,5,190.75000000000063,2,120.85,2opt,notBad
4631,5,190.75000000000063,2,120.85,2opt,notBad
4632,5,190.75000000000063,2,120.85,2opt,notBad
4633,5,190.75000000000063,2,120.85,2opt,notBad
4634,5,203.05999999999977,2,120.85,swap,acceptBad
4635,5,201.5299999999998,2,120.85,move,improve
4636,5,201.5299999999998,2,120.85,swap,notBad
4637,5,201.5299999999998,2,120.85,move,improve
4638,5,201.5299999999998,2,120.85,2opt,notBad
4639,5,201.5299999999998,2,120.85,swap,notBad
4640,5,201.5299999999998,2,120.85,move,improve
4641,5,201.5299999999998,2,120.85,2opt,notBad
4642,5,193.5100000000004,2,120.85,swap,improve
4643,5,193.5100000000004,2,120.85,swap,notBad
4644,5,203.56000000000034,2,120.85,swap,acceptBad
4645,5,203.56000000000034,2,120.85,move,improve
4646,5,203.56000000000034,2,120.85,swap,notBad
4647,5,206.2400000000001,2,120.85,swap,acceptBad
4648,5,206.2400000000001,2,120.85,swap,notBad
4649,5,206.2400000000001,2,120.85,swap,notBad
4650,5,206.2400000000001,2,120.85,2opt,notBad
4651,5,206.2400000000001,2,120.85,swap,notBad
4652,5,206.2400000000001,2,120.85,swap,notBad
4653,5,218.58000000000004,2,120.85,swap,acceptBad
4654,5,218.58000000000004,2,120.85,swap,notBad
4655,5,218.58000000000004,2,120.85,move,improve
4656,5,218.58000000000004,2,120.85,swap,notBad
4657,5,218.58000000000004,2,120.85,swap,notBad
4658,5,237.6199999999996,2,120.85,swap,acceptBad
4659,5,237.6199999999996,2,120.85,swap,notBad
4660,5,237.6199999999996,2,120.85,swap,notBad
4661,5,237.6199999999996,2,120.85,swap,notBad
4662,5,237.6199999999996,2,120.85,2opt,notBad
4663,5,237.6199999999996,2,120.85,2opt,improve
4664,5,237.6199999999996,2,120.85,2opt,notBad
4665,5,237.6199999999996,2,120.85,move,improve
4666,5,227.28999999999962,2,120.85,move,improve
4667,5,227.28999999999962,2,120.85,swap,notBad
4668,5,227.28999999999962,2,120.85,swap,notBad
4669,5,227.28999999999962,2,120.85,2opt,notBad
4670,5,227.28999999999962,2,120.85,2opt,notBad
4671,5,218.13999999999982,2,120.85,move,improve
4672,5,218.13999999999982,2,120.85,swap,notBad
4673,5,218.13999999999982,2,120.85,swap,notBad
4674,5,218.13999999999982,2,120.85,move,improve
4675,5,216.17999999999984,2,120.85,move,improve
4676,5,216.17999999999984,2,120.85,move,improve
4677,5,216.17999999999984,2,120.85,2opt,improve
4678,5,216.17999999999984,2,120.85,2opt,notBad
4679,5,205.36000000000013,2,120.85,swap,improve
4680,5,205.36000000000013,2,120.85,move,improve
4681,5,205.36000000000013,2,120.85,2opt,notBad
4682,5,205.36000000000013,2,120.85,2opt,notBad
4683,5,205.36000000000013,2,120.85,swap,notBad
4684,5,206.05000000000013,2,120.85,2opt,acceptBad
4685,5,206.05000000000013,2,120.85,move,improve
4686,5,206.05000000000013,2,120.85,move,improve
4687,5,206.05000000000013,2,120.85,swap,notBad
4688,5,212.09999999999988,2,120.85,swap,acceptBad
4689,5,212.09999999999988,2,120.85,swap,notBad
4690,5,212.09999999999988,2,120.85,swap,notBad
4691,5,212.09999999999988,2,120.85,2opt,improve
4692,5,217.6099999999999,2,120.85,2opt,acceptBad
4693,5,217.6099999999999,2,120.85,move,improve
4694,5,217.6099999999999,2,120.85,2opt,improve
4695,5,217.6099999999999,2,120.85,2opt,notBad
4696,5,217.6099999999999,2,120.85,swap,notBad
4697,5,212.89,2,120.85,move,improve
4698,5,212.89,2,120.85,2opt,notBad
4699,5,205.9200000000002,2,120.85,move,improve
4700,5,205.9200000000002,2,120.85,swap,notBad
4701,5,205.9200000000002,2,120.85,2opt,notBad
4702,5,205.9200000000002,2,120.85,swap,notBad
4703,5,205.8600000000001,2,120.85,move,improve
4704,5,218.63999999999947,2,120.85,swap,acceptBad
4705,5,211.34999999999937,2,120.85,move,improve
4706,5,211.34999999999937,2,120.85,2opt,notBad
4707,5,211.34999999999937,2,120.85,2opt,notBad
4708,5,211.34999999999937,2,120.85,2opt,notBad
4709,5,211.34999999999937,2,120.85,swap,notBad
4710,5,211.34999999999937,2,120.85,2opt,notBad
4711,5,211.34999999999937,2,120.85,swap,notBad
4712,5,211.34999999999937,2,120.85,swap,notBad
4713,5,211.34999999999937,2,120.85,move,improve
4714,5,211.34999999999937,2,120.85,2opt,improve
4715,5,207.43999999999923,2,120.85,move,improve
4716,5,216.7499999999992,2,120.85,swap,acceptBad
4717,5,216.55999999999915,2,120.85,move,improve
4718,5,216.55999999999915,2,120.85,swap,notBad
4719,5,216.55999999999915,2,120.85,move,improve
4720,5,216.55999999999915,2,120.85,swap,notBad
4721,5,203.33999999999952,2,120.85,move,improve
4722,5,203.33999999999952,2,120.85,2opt,notBad
4723,5,203.33999999999952,2,120.85,2opt,notBad
4724,5,203.33999999999952,2,120.85,move,improve
4725,5,203.33999999999952,2,120.85,swap,notBad
4726,5,203.33999999999952,2,120.85,move,improve
4727,5,203.33999999999952,2,120.85,2opt,notBad
4728,5,203.33999999999952,2,120.85,swap,notBad
4729,5,203.33999999999952,2,120.85,2opt,notBad
4730,5,203.33999999999952,2,120.85,2opt,notBad
4731,5,185.2099999999996,2,120.85,move,improve
4732,5,184.18999999999977,2,120.85,move,improve
4733,5,184.18999999999977,2,120.85,2opt,notBad
4734,5,184.18999999999977,2,120.85,swap,notBad
4735,5,184.18999999999977,2,120.85,swap,notBad
4736,5,184.18999999999977,2,120.85,2opt,notBad
4737,5,184.18999999999977,2,120.85,swap,notBad
4738,5,184.18999999999977,2,120.85,move,improve
4739,5,184.18999999999977,2,120.85,swap,notBad
4740,5,183.35999999999976,2,120.85,move,improve
4741,5,183.35999999999976,2,120.85,move,improve
4742,5,183.35999999999976,2,120.85,2opt,notBad
4743,5,183.35999999999976,2,120.85,move,improve
4744,5,183.35999999999976,2,120.85,2opt,notBad
4745,5,183.35999999999976,2,120.85,swap,notBad
4746,5,183.35999999999976,2,120.85,2opt,notBad
4747,5,183.35999999999976,2,120.85,2opt,notBad
4748,5,183.35999999999976,2,120.85,move,improve
4749,5,183.9799999999998,2,120.85,swap,acceptBad
4750,5,183.9799999999998,2,120.85,swap,notBad
4751,5,183.9799999999998,2,120.85,2opt,notBad
4752,5,183.9799999999998,2,120.85,2opt,improve
4753,5,183.9799999999998,2,120.85,swap,notBad
4754,5,183.9799999999998,2,120.85,2opt,notBad
4755,5,183.9799999999998,2,120.85,swap,notBad
4756,5,183.9799999999998,2,120.85,move,improve
4757,5,183.9799999999998,2,120.85,swap,notBad
4758,5,183.9799999999998,2,120.85,swap,notBad
4759,5,183.9799999999998,2,120.85,move,improve
4760,5,183.9799999999998,2,120.85,move,improve
4761,5,183.9799999999998,2,120.85,2opt,improve
4762,5,183.9799999999998,2,120.85,2opt,notBad
4763,5,183.9799999999998,2,120.85,swap,notBad
4764,5,183.9799999999998,2,120.85,2opt,notBad
4765,5,183.9799999999998,2,120.85,swap,notBad
4766,5,183.9799999999998,2,120.85,2opt,notBad
4767,5,183.9799999999998,2,120.85,swap,notBad
4768,5,183.9799999999998,2,120.85,swap,notBad
4769,5,183.9799999999998,2,120.85,move,improve
4770,5,188.1599999999998,2,120.85,2opt,acceptBad
4771,5,186.5499999999998,2,120.85,move,improve
4772,5,186.5499999999998,2,120.85,2opt,notBad
4773,5,186.5499999999998,2,120.85,2opt,notBad
4774,5,186.5499999999998,2,120.85,2opt,notBad
4775,5,186.5499999999998,2,120.85,swap,notBad
4776,5,186.5499999999998,2,120.85,2opt,notBad
4777,5,186.5499999999998,2,120.85,2opt,notBad
4778,5,186.5499999999998,2,120.85,swap,notBad
4779,5,186.5499999999998,2,120.85,move,improve
4780,5,186.5499999999998,2,120.85,2opt,notBad
4781,5,186.5499999999998,2,120.85,move,improve
4782,5,186.5499999999998,2,120.85,move,improve
4783,5,186.5499999999998,2,120.85,move,improve
4784,5,186.5499999999998,2,120.85,2opt,notBad
4785,5,186.5499999999998,2,120.85,swap,notBad
4786,5,186.5499999999998,2,120.85,2opt,notBad
4787,5,186.5499999999998,2,120.85,swap,notBad
4788,5,186.5499999999998,2,120.85,2opt,improve
4789,5,186.5499999999998,2,120.85,swap,notBad
4790,5,184.8399999999998,2,120.85,2opt,improve
4791,5,184.8399999999998,2,120.85,move,improve
4792,5,184.8399999999998,2,120.85,2opt,notBad
4793,5,184.8399999999998,2,120.85,2opt,notBad
4794,5,184.8399999999998,2,120.85,2opt,notBad
4795,5,184.8399999999998,2,120.85,2opt,notBad
4796,5,184.8399999999998,2,120.85,2opt,notBad
4797,5,184.8399999999998,2,120.85,move,improve
4798,5,184.8399999999998,2,120.85,move,improve
4799,5,184.8399999999998,2,120.85,move,improve
4800,5,184.8399999999998,2,120.85,2opt,improve
4801,5,184.8399999999998,2,120.85,swap,notBad
4802,5,184.8399999999998,2,120.85,swap,notBad
4803,5,184.8399999999998,2,120.85,swap,notBad
4804,5,184.8399999999998,2,120.85,2opt,notBad
4805,5,184.8399999999998,2,120.85,move,improve
4806,5,179.09999999999977,2,120.85,move,improve
4807,5,179.09999999999977,2,120.85,move,improve
4808,5,179.09999999999977,2,120.85,2opt,notBad
4809,5,179.09999999999977,2,120.85,move,improve
4810,5,179.09999999999977,2,120.85,swap,notBad
4811,5,179.09999999999977,2,120.85,move,improve
4812,5,179.09999999999977,2,120.85,swap,notBad
4813,5,179.09999999999977,2,120.85,move,improve
4814,5,179.09999999999977,2,120.85,swap,notBad
4815,5,179.09999999999977,2,120.85,2opt,improve
4816,5,179.09999999999977,2,120.85,swap,notBad
4817,5,179.09999999999977,2,120.85,2opt,notBad
4818,5,179.09999999999977,2,120.85,swap,notBad
4819,5,179.09999999999977,2,120.85,swap,notBad
4820,5,179.09999999999977,2,120.85,2opt,notBad
4821,5,178.90999999999994,2,120.85,move,improve
4822,5,178.90999999999994,2,120.85,2opt,notBad
4823,5,178.90999999999994,2,120.85,swap,notBad
4824,5,178.90999999999994,2,120.85,move,improve
4825,5,179.28000000000003,2,120.85,swap,acceptBad
4826,5,179.28000000000003,2,120.85,swap,notBad
4827,5,179.28000000000003,2,120.85,swap,notBad
4828,5,179.28000000000003,2,120.85,swap,notBad
4829,5,179.28000000000003,2,120.85,2opt,notBad
4830,5,179.28000000000003,2,120.85,move,improve
4831,5,179.28000000000003,2,120.85,2opt,notBad
4832,5,179.28000000000003,2,120.85,swap,notBad
4833,5,179.28000000000003,2,120.85,2opt,notBad
4834,5,179.28000000000003,2,120.85,move,improve
4835,5,179.28000000000003,2,120.85,swap,notBad
4836,5,179.28000000000003,2,120.85,2opt,notBad
4837,5,179.28000000000003,2,120.85,2opt,notBad
4838,5,179.28000000000003,2,120.85,swap,notBad
4839,5,179.28000000000003,2,120.85,move,improve
4840,5,179.28000000000003,2,120.85,swap,notBad
4841,5,179.28000000000003,2,120.85,2opt,improve
4842,5,179.28000000000003,2,120.85,move,improve
4843,5,178.90999999999994,2,120.85,swap,improve
4844,5,178.90999999999994,2,120.85,2opt,notBad
4845,5,178.90999999999994,2,120.85,swap,notBad
4846,5,178.90999999999994,2,120.85,swap,notBad
4847,5,178.90999999999994,2,120.85,move,improve
4848,5,178.90999999999994,2,120.85,swap,notBad
4849,5,178.90999999999994,2,120.85,move,improve
4850,5,178.90999999999994,2,120.85,move,improve
4851,5,178.90999999999994,2,120.85,move,improve
4852,5,178.90999999999994,2,120.85,move,improve
4853,5,178.90999999999994,2,120.85,2opt,notBad
4854,5,178.90999999999994,2,120.85,swap,notBad
4855,5,178.90999999999994,2,120.85,swap,notBad
4856,5,178.90999999999994,2,120.85,move,improve
4857,5,178.90999999999994,2,120.85,2opt,notBad
4858,5,178.90999999999994,2,120.85,swap,notBad
4859,5,178.90999999999994,2,120.85,2opt,notBad
4860,5,178.90999999999994,2,120.85,move,improve
4861,5,178.90999999999994,2,120.85,move,improve
4862,5,178.90999999999994,2,120.85,move,improve
4863,5,178.90999999999994,2,120.85,move,improve
4864,5,178.90999999999994,2,120.85,move,improve
4865,5,178.90999999999994,2,120.85,move,improve
4866,5,178.90999999999994,2,120.85,move,improve
4867,5,187.2899999999999,2,120.85,swap,acceptBad
4868,5,187.2899999999997,2,120.85,move,improve
4869,5,187.2899999999997,2,120.85,move,improve
4870,5,187.2899999999997,2,120.85,2opt,notBad
4871,5,187.2899999999997,2,120.85,swap,notBad
4872,5,187.2899999999997,2,120.85,2opt,notBad
4873,5,187.2899999999997,2,120.85,swap,notBad
4874,5,187.2899999999997,2,120.85,2opt,notBad
4875,5,187.2899999999997,2,120.85,2opt,notBad
4876,5,187.2899999999997,2,120.85,swap,notBad
4877,5,187.2899999999997,2,120.85,2opt,notBad
4878,5,187.2899999999997,2,120.85,2opt,notBad
4879,5,187.2899999999997,2,120.85,move,improve
4880,5,187.2899999999997,2,120.85,2opt,notBad
4881,5,187.2899999999997,2,120.85,2opt,notBad
4882,5,187.2899999999997,2,120.85,move,improve
4883,5,186.69999999999956,2,120.85,move,improve
4884,5,186.69999999999956,2,120.85,swap,notBad
4885,5,186.69999999999956,2,120.85,2opt,notBad
4886,5,186.69999999999956,2,120.85,swap,notBad
4887,5,186.69999999999956,2,120.85,move,improve
4888,5,186.69999999999956,2,120.85,swap,notBad
4889,5,186.69999999999956,2,120.85,move,improve
4890,5,186.69999999999956,2,120.85,2opt,notBad
4891,5,186.69999999999956,2,120.85,2opt,notBad
4892,5,186.69999999999956,2,120.85,swap,notBad
4893,5,186.69999999999956,2,120.85,2opt,improve
4894,5,186.69999999999956,2,120.85,swap,notBad
4895,5,186.69999999999956,2,120.85,move,notBad
4896,5,186.69999999999956,2,120.85,move,improve
4897,5,186.69999999999956,2,120.85,swap,notBad
4898,5,186.69999999999956,2,120.85,2opt,notBad
4899,5,186.69999999999956,2,120.85,2opt,notBad
4900,5,186.69999999999956,2,120.85,2opt,notBad
4901,5,186.69999999999956,2,120.85,2opt,notBad
4902,5,186.69999999999956,2,120.85,swap,notBad
4903,5,186.69999999999956,2,120.85,2opt,improve
4904,5,186.69999999999956,2,120.85,2opt,improve
4905,5,186.69999999999956,2,120.85,2opt,notBad
4906,5,186.69999999999956,2,120.85,move,improve
4907,5,186.69999999999956,2,120.85,move,improve
4908,5,185.83999999999972,2,120.85,move,improve
4909,5,185.83999999999972,2,120.85,move,improve
4910,5,185.83999999999972,2,120.85,2opt,notBad
4911,5,185.83999999999972,2,120.85,move,improve
4912,5,185.83999999999972,2,120.85,2opt,notBad
4913,5,185.83999999999972,2,120.85,2opt,notBad
4914,5,185.83999999999972,2,120.85,move,improve
4915,5,185.83999999999972,2,120.85,move,improve
4916,5,185.83999999999972,2,120.85,move,improve
4917,5,185.83999999999972,2,120.85,2opt,notBad
4918,5,185.83999999999972,2,120.85,swap,notBad
4919,5,185.83999999999972,2,120.85,swap,notBad
4920,5,183.72000000000017,2,120.85,swap,improve
4921,5,183.72000000000017,2,120.85,move,improve
4922,5,183.72000000000017,2,120.85,2opt,notBad
4923,5,183.72000000000017,2,120.85,swap,notBad
4924,5,183.72000000000017,2,120.85,swap,notBad
4925,5,183.72000000000017,2,120.85,2opt,notBad
4926,5,183.72000000000017,2,120.85,move,improve
4927,5,183.72000000000017,2,120.85,move,improve
4928,5,183.72000000000017,2,120.85,swap,notBad
4929,5,183.71999999999997,2,120.85,move,improve
4930,5,183.71999999999997,2,120.85,move,improve
4931,5,183.71999999999997,2,120.85,swap,notBad
4932,5,183.71999999999997,2,120.85,2opt,notBad
4933,5,183.71999999999997,2,120.85,move,improve
4934,5,183.71999999999997,2,120.85,2opt,notBad
4935,5,183.71999999999997,2,120.85,2opt,notBad
4936,5,183.71999999999997,2,120.85,swap,notBad
4937,5,183.71999999999997,2,120.85,move,improve
4938,5,183.71999999999997,2,120.85,2opt,notBad
4939,5,183.71999999999997,2,120.85,swap,notBad
4940,5,183.71999999999997,2,120.85,swap,notBad
4941,5,183.71999999999997,2,120.85,move,improve
4942,5,183.71999999999997,2,120.85,move,improve
4943,5,183.71999999999997,2,120.85,move,improve
4944,5,183.71999999999997,2,120.85,move,improve
4945,5,183.71999999999997,2,120.85,swap,notBad
4946,5,183.71999999999997,2,120.85,move,improve
4947,5,183.71999999999997,2,120.85,2opt,notBad
4948,5,183.71999999999997,2,120.85,move,improve
4949,5,183.71999999999997,2,120.85,move,improve
4950,5,184.00000000000023,2,120.85,swap,acceptBad
4951,5,184.00000000000023,2,120.85,swap,notBad
4952,5,184.00000000000023,2,120.85,move,improve
4953,5,184.00000000000023,2,120.85,2opt,notBad
4954,5,184.00000000000023,2,120.85,swap,notBad
4955,5,184.00000000000023,2,120.85,swap,notBad
4956,5,184.00000000000023,2,120.85,move,improve
4957,5,184.00000000000023,2,120.85,2opt,notBad
4958,5,184.00000000000023,2,120.85,swap,notBad
4959,5,184.00000000000023,2,120.85,2opt,notBad
4960,5,184.00000000000023,2,120.85,2opt,notBad
4961,5,184.00000000000023,2,120.85,swap,notBad
4962,5,184.00000000000023,2,120.85,2opt,notBad
4963,5,193.20999999999995,2,120.85,swap,acceptBad
4964,5,193.20999999999995,2,120.85,swap,notBad
4965,5,193.20999999999995,2,120.85,swap,notBad
4966,5,193.20999999999995,2,120.85,move,improve
4967,5,193.20999999999995,2,120.85,swap,notBad
4968,5,193.20999999999995,2,120.85,swap,notBad
4969,5,193.20999999999995,2,120.85,move,improve
4970,5,193.20999999999995,2,120.85,swap,notBad
4971,5,193.20999999999995,2,120.85,2opt,notBad
4972,5,193.20999999999995,2,120.85,move,improve
4973,5,193.20999999999995,2,120.85,move,improve
4974,5,192.56999999999994,2,120.85,move,improve
4975,5,192.56999999999994,2,120.85,2opt,notBad
4976,5,192.56999999999994,2,120.85,swap,notBad
4977,5,192.56999999999994,2,120.85,swap,notBad
4978,5,192.56999999999994,2,120.85,2opt,notBad
4979,5,192.56999999999994,2,120.85,2opt,notBad
4980,5,192.56999999999994,2,120.85,move,improve
4981,5,190.46999999999986,2,120.85,move,improve
4982,5,193.89,2,120.85,swap,acceptBad
4983,5,193.89,2,120.85,2opt,notBad
4984,5,193.89,2,120.85,move,improve
4985,5,193.89,2,120.85,swap,notBad
4986,5,193.24999999999977,2,120.85,move,improve
4987,5,193.24999999999977,2,120.85,2opt,notBad
4988,5,193.24999999999977,2,120.85,2opt,notBad
4989,5,193.24999999999977,2,120.85,2opt,notBad
4990,5,193.24999999999977,2,120.85,move,improve
4991,5,193.24999999999977,2,120.85,2opt,notBad
4992,5,193.24999999999977,2,120.85,swap,notBad
4993,5,193.24999999999977,2,120.85,2opt,notBad
4994,5,193.24999999999977,2,120.85,swap,notBad
4995,5,193.24999999999977,2,120.85,move,improve
4996,5,193.24999999999977,2,120.85,swap,notBad
4997,5,193.24999999999977,2,120.85,move,improve
4998,5,193.24999999999977,2,120.85,swap,notBad
4999,5,193.24999999999977,2,120.85,move,improve
5000,5,193.24999999999977,2,120.85,2opt,notBad
5001,5,193.24999999999977,2,120.85,swap,notBad
5002,5,193.24999999999977,2,120.85,2opt,notBad
5003,5,198.30999999999898,2,120.85,swap,acceptBad
5004,5,200.58999999999904,2,120.85,2opt,acceptBad
5005,5,200.58999999999904,2,120.85,swap,notBad
5006,5,200.58999999999904,2,120.85,swap,notBad
5007,5,200.58999999999904,2,120.85,move,improve
5008,5,200.58999999999904,2,120.85,2opt,notBad
5009,5,200.58999999999904,2,120.85,2opt,notBad
5010,5,200.58999999999904,2,120.85,2opt,notBad
5011,5,200.58999999999904,2,120.85,2opt,notBad
5012,5,200.58999999999904,2,120.85,move,improve
5013,5,200.58999999999904,2,120.85,2opt,notBad
5014,5,200.58999999999904,2,120.85,move,improve
5015,5,200.58999999999904,2,120.85,move,improve
5016,5,200.58999999999904,2,120.85,move,improve
5017,5,200.58999999999904,2,120.85,move,improve
5018,5,200.58999999999904,2,120.85,move,improve
5019,5,200.58999999999904,2,120.85,2opt,improve
5020,5,200.58999999999904,2,120.85,2opt,notBad
5021,5,200.58999999999904,2,120.85,move,improve
5022,5,200.58999999999904,2,120.85,swap,notBad
5023,5,200.58999999999904,2,120.85,2opt,notBad
5024,5,200.58999999999904,2,120.85,swap,notBad
5025,5,200.58999999999904,2,120.85,move,improve
5026,5,200.58999999999904,2,120.85,move,improve
5027,5,200.58999999999904,2,120.85,2opt,improve
5028,5,195.89999999999935,2,120.85,move,improve
5029,5,195.89999999999935,2,120.85,2opt,notBad
5030,5,195.89999999999935,2,120.85,move,improve
5031,5,192.57999999999944,2,120.85,swap,improve
5032,5,192.57999999999944,2,120.85,move,improve
5033,5,192.57999999999944,2,120.85,swap,notBad
5034,5,192.57999999999944,2,120.85,2opt,improve
5035,5,192.57999999999944,2,120.85,2opt,notBad
5036,5,192.70999999999944,2,120.85,swap,acceptBad
5037,5,192.70999999999944,2,120.85,2opt,improve
5038,5,192.70999999999944,2,120.85,swap,notBad
5039,5,192.70999999999944,2,120.85,move,improve
5040,5,192.70999999999944,2,120.85,2opt,notBad
5041,5,192.70999999999944,2,120.85,2opt,improve
5042,5,192.70999999999944,2,120.85,2opt,notBad
5043,5,192.70999999999944,2,120.85,swap,notBad
5044,5,192.70999999999944,2,120.85,swap,notBad
5045,5,192.70999999999944,2,120.85,swap,notBad
5046,5,192.70999999999944,2,120.85,swap,notBad
5047,5,192.70999999999944,2,120.85,2opt,notBad
5048,5,192.70999999999944,2,120.85,move,improve
5049,5,192.70999999999944,2,120.85,move,improve
5050,5,192.70999999999944,2,120.85,move,improve
5051,5,192.70999999999944,2,120.85,move,improve
5052,5,192.70999999999944,2,120.85,move,improve
5053,5,192.70999999999944,2,120.85,swap,notBad
5054,5,192.70999999999944,2,120.85,move,improve
5055,5,192.70999999999944,2,120.85,2opt,notBad
5056,5,192.51999999999944,2,120.85,move,improve
5057,5,192.51999999999944,2,120.85,swap,notBad
5058,5,192.51999999999944,2,120.85,swap,notBad
5059,5,192.51999999999944,2,120.85,2opt,notBad
5060,5,192.51999999999944,2,120.85,move,improve
5061,5,192.51999999999944,2,120.85,swap,notBad
5062,5,192.51999999999944,2,120.85,swap,notBad
5063,5,191.56999999999965,2,120.85,move,improve
5064,5,191.56999999999965,2,120.85,move,improve
5065,5,191.56999999999965,2,120.85,swap,notBad
5066,5,191.56999999999965,2,120.85,2opt,improve
5067,5,191.56999999999965,2,120.85,2opt,notBad
5068,5,190.62000000000003,2,120.85,move,improve
5069,5,190.62000000000003,2,120.85,2opt,improve
5070,5,190.62000000000003,2,120.85,move,improve
5071,5,189.5499999999997,2,120.85,move,improve
5072,5,189.5499999999997,2,120.85,swap,notBad
5073,5,187.14999999999955,2,120.85,move,improve
5074,5,187.14999999999955,2,120.85,swap,notBad
5075,5,187.01999999999956,2,120.85,move,improve
5076,5,187.01999999999956,2,120.85,swap,notBad
5077,5,187.01999999999956,2,120.85,swap,notBad
5078,5,187.01999999999956,2,120.85,swap,notBad
5079,5,187.01999999999956,2,120.85,2opt,notBad
5080,5,187.01999999999956,2,120.85,swap,notBad
5081,5,187.01999999999956,2,120.85,2opt,notBad
5082,5,187.01999999999956,2,120.85,swap,notBad
5083,5,187.01999999999956,2,120.85,move,improve
5084,5,187.01999999999956,2,120.85,2opt,notBad
5085,5,187.01999999999956,2,120.85,swap,notBad
5086,5,187.01999999999956,2,120.85,move,improve
5087,5,187.01999999999956,2,120.85,2opt,notBad
5088,5,186.88999999999973,2,120.85,move,improve
5089,5,202.9300000000005,2,120.85,move,acceptBad
5090,5,202.9300000000005,2,120.85,swap,notBad
5091,5,202.9300000000005,2,120.85,2opt,notBad
5092,5,202.9300000000005,2,120.85,2opt,notBad
5093,5,202.9300000000005,2,120.85,2opt,notBad
5094,5,202.9300000000005,2,120.85,2opt,notBad
5095,5,202.9300000000005,2,120.85,2opt,notBad
5096,5,202.9300000000005,2,120.85,move,improve
5097,5,202.9300000000005,2,120.85,2opt,notBad
5098,5,202.9300000000005,2,120.85,swap,notBad
5099,5,202.9300000000005,2,120.85,2opt,improve
5100,5,202.9300000000005,2,120.85,move,improve
5101,5,202.9300000000005,2,120.85,2opt,notBad
5102,5,202.9300000000005,2,120.85,2opt,improve
5103,5,202.9300000000005,2,120.85,swap,notBad
5104,5,202.9300000000005,2,120.85,swap,notBad
5105,5,202.9300000000005,2,120.85,move,improve
5106,5,202.9300000000005,2,120.85,2opt,notBad
5107,5,202.9300000000005,2,120.85,move,improve
5108,5,202.9300000000005,2,120.85,swap,notBad
5109,5,202.9300000000005,2,120.85,move,improve
5110,5,202.9300000000005,2,120.85,swap,notBad
5111,5,191.46000000000038,2,120.85,move,improve
5112,5,191.46000000000038,2,120.85,swap,notBad
5113,5,191.46000000000038,2,120.85,move,improve
5114,5,191.46000000000038,2,120.85,swap,notBad
5115,5,191.46000000000038,2,120.85,move,improve
5116,5,191.46000000000038,2,120.85,swap,notBad
5117,5,191.46000000000038,2,120.85,move,improve
5118,5,191.46000000000038,2,120.85,2opt,notBad
5119,5,191.46000000000038,2,120.85,swap,notBad
5120,5,191.46000000000038,2,120.85,move,improve
5121,5,191.46000000000038,2,120.85,2opt,notBad
5122,5,191.46000000000038,2,120.85,2opt,notBad
5123,5,191.46000000000038,2,120.85,move,improve
5124,5,191.46000000000038,2,120.85,move,improve
5125,5,191.46000000000038,2,120.85,swap,notBad
5126,5,191.46000000000038,2,120.85,2opt,notBad
5127,5,191.46000000000038,2,120.85,swap,notBad
5128,5,191.46000000000038,2,120.85,2opt,notBad
5129,5,191.46000000000038,2,120.85,swap,notBad
5130,5,191.46000000000038,2,120.85,swap,notBad
5131,5,191.46000000000038,2,120.85,2opt,improve
5132,5,191.46000000000038,2,120.85,2opt,notBad
5133,5,191.46000000000038,2,120.85,move,improve
5134,5,191.46000000000038,2,120.85,2opt,notBad
5135,5,191.46000000000038,2,120.85,move,improve
5136,5,191.46000000000038,2,120.85,2opt,notBad
5137,5,191.46000000000038,2,120.85,2opt,notBad
5138,5,191.46000000000038,2,120.85,2opt,notBad
5139,5,191.46000000000038,2,120.85,swap,notBad
5140,5,191.46000000000038,2,120.85,move,improve
5141,5,189.2999999999996,2,120.85,move,improve
5142,5,189.2999999999996,2,120.85,2opt,notBad
5143,5,189.2999999999996,2,120.85,swap,notBad
5144,5,189.2999999999996,2,120.85,move,improve
5145,5,189.2999999999996,2,120.85,move,improve
5146,5,189.2999999999996,2,120.85,swap,notBad
5147,5,189.2999999999996,2,120.85,move,improve
5148,5,189.2999999999996,2,120.85,2opt,notBad
5149,5,189.2999999999996,2,120.85,swap,notBad
5150,5,189.2999999999996,2,120.85,move,improve
5151,5,189.2999999999996,2,120.85,swap,notBad
5152,5,189.2999999999996,2,120.85,move,improve
5153,5,189.2999999999996,2,120.85,move,improve
5154,5,189.2999999999996,2,120.85,move,improve
5155,5,189.2999999999996,2,120.85,swap,notBad
5156,5,189.2999999999996,2,120.85,2opt,notBad
5157,5,189.2999999999996,2,120.85,2opt,notBad
5158,5,189.2999999999996,2,120.85,swap,notBad
5159,5,189.2999999999996,2,120.85,move,improve
5160,5,189.2999999999996,2,120.85,move,improve
5161,5,189.2999999999996,2,120.85,swap,notBad
5162,5,189.2999999999996,2,120.85,swap,notBad
5163,5,189.2999999999996,2,120.85,swap,notBad
5164,5,189.2999999999996,2,120.85,swap,notBad
5165,5,189.2999999999996,2,120.85,2opt,notBad
5166,5,189.2999999999996,2,120.85,2opt,notBad
5167,5,189.2999999999996,2,120.85,swap,notBad
5168,5,189.2999999999996,2,120.85,2opt,notBad
5169,5,189.2999999999996,2,120.85,swap,notBad
5170,5,189.2999999999996,2,120.85,swap,notBad
5171,5,189.2999999999996,2,120.85,move,improve
5172,5,189.2999999999996,2,120.85,swap,notBad
5173,5,189.2999999999996,2,120.85,2opt,notBad
5174,5,189.2999999999996,2,120.85,2opt,improve
5175,5,189.2999999999996,2,120.85,move,improve
5176,5,189.2999999999996,2,120.85,swap,notBad
5177,5,189.2999999999996,2,120.85,move,improve
5178,5,198.0599999999996,2,120.85,swap,acceptBad
5179,5,198.0599999999996,2,120.85,2opt,notBad
5180,5,198.0599999999996,2,120.85,move,improve
5181,5,198.0599999999996,2,120.85,swap,notBad
5182,5,198.0599999999996,2,120.85,swap,notBad
5183,5,198.0599999999996,2,120.85,swap,notBad
5184,5,202.59999999999965,2,120.85,swap,acceptBad
5185,5,202.59999999999965,2,120.85,swap,notBad
5186,5,202.59999999999965,2,120.85,2opt,notBad
5187,5,202.59999999999965,2,120.85,swap,notBad
5188,5,199.19999999999965,2,120.85,move,improve
5189,5,199.19999999999965,2,120.85,2opt,notBad
5190,5,195.2000000000001,2,120.85,move,improve
5191,5,195.2000000000001,2,120.85,2opt,improve
5192,5,195.2000000000001,2,120.85,swap,notBad
5193,5,195.2000000000001,2,120.85,2opt,notBad
5194,5,195.2000000000001,2,120.85,2opt,notBad
5195,5,195.2000000000001,2,120.85,move,improve
5196,5,195.2000000000001,2,120.85,2opt,notBad
5197,5,195.2000000000001,2,120.85,2opt,notBad
5198,5,195.2000000000001,2,120.85,2opt,notBad
5199,5,200.68000000000004,2,120.85,swap,acceptBad
5200,5,200.68000000000004,2,120.85,swap,notBad
5201,5,200.68000000000004,2,120.85,move,improve
5202,5,200.68000000000004,2,120.85,swap,notBad
5203,5,200.68000000000004,2,120.85,move,improve
5204,5,200.68000000000004,2,120.85,2opt,notBad
5205,5,200.68000000000004,2,120.85,move,improve
5206,5,200.68000000000004,2,120.85,move,improve
5207,5,200.68000000000004,2,120.85,move,improve
5208,5,200.68000000000004,2,120.85,2opt,notBad
5209,5,200.68000000000004,2,120.85,swap,notBad
5210,5,200.68000000000004,2,120.85,2opt,notBad
5211,5,200.68000000000004,2,120.85,swap,notBad
5212,5,196.2600000000002,2,120.85,move,improve
5213,5,196.2600000000002,2,120.85,2opt,notBad
5214,5,196.2600000000002,2,120.85,move,improve
5215,5,196.2600000000002,2,120.85,move,improve
5216,5,196.2600000000002,2,120.85,move,improve
5217,5,196.2600000000002,2,120.85,2opt,notBad
5218,5,196.2600000000002,2,120.85,swap,notBad
5219,5,196.2600000000002,2,120.85,2opt,notBad
5220,5,196.2600000000002,2,120.85,move,improve
5221,5,196.2600000000002,2,120.85,move,improve
5222,5,196.2600000000002,2,120.85,2opt,notBad
5223,5,196.2600000000002,2,120.85,2opt,improve
5224,5,196.2600000000002,2,120.85,swap,notBad
5225,5,196.2600000000002,2,120.85,move,improve
5226,5,196.2600000000002,2,120.85,move,improve
5227,5,196.2600000000002,2,120.85,move,improve
5228,5,196.2600000000002,2,120.85,2opt,notBad
5229,5,196.2600000000002,2,120.85,move,improve
5230,5,196.2600000000002,2,120.85,swap,notBad
5231,5,196.2600000000002,2,120.85,move,improve
5232,5,196.2600000000002,2,120.85,move,improve
5233,5,197.44999999999987,2,120.85,swap,acceptBad
5234,5,197.44999999999987,2,120.85,move,improve
5235,5,197.44999999999987,2,120.85,2opt,improve
5236,5,197.44999999999987,2,120.85,swap,notBad
5237,5,197.44999999999987,2,120.85,2opt,notBad
5238,5,197.44999999999987,2,120.85,swap,notBad
5239,5,197.44999999999987,2,120.85,2opt,notBad
5240,5,197.44999999999987,2,120.85,2opt,notBad
5241,5,202.01999999999975,2,120.85,swap,acceptBad
5242,5,202.01999999999975,2,120.85,2opt,notBad
5243,5,202.01999999999975,2,120.85,2opt,notBad
5244,5,202.01999999999975,2,120.85,2opt,notBad
5245,5,200.75999999999996,2,120.85,move,improve
5246,5,200.75999999999996,2,120.85,swap,notBad
5247,5,200.75999999999996,2,120.85,swap,notBad
5248,5,200.75999999999996,2,120.85,swap,notBad
5249,5,200.75999999999996,2,120.85,swap,notBad
5250,5,200.75999999999996,2,120.85,move,improve
5251,5,200.75999999999996,2,120.85,move,improve
5252,5,200.75999999999996,2,120.85,swap,notBad
5253,5,200.45999999999995,2,120.85,move,improve
5254,5,200.45999999999995,2,120.85,move,improve
5255,5,200.45999999999995,2,120.85,swap,notBad
5256,5,196.08999999999983,2,120.85,move,improve
5257,5,196.08999999999983,2,120.85,swap,notBad
5258,5,194.14999999999984,2,120.85,move,improve
5259,5,194.14999999999984,2,120.85,swap,notBad
5260,5,189.84999999999982,2,120.85,move,improve
5261,5,189.84999999999982,2,120.85,move,improve
5262,5,189.84999999999982,2,120.85,move,improve
5263,5,189.84999999999982,2,120.85,2opt,notBad
5264,5,189.84999999999982,2,120.85,move,improve
5265,5,189.84999999999982,2,120.85,swap,notBad
5266,5,192.54999999999978,2,120.85,swap,acceptBad
5267,5,192.54999999999978,2,120.85,swap,notBad
5268,5,192.54999999999978,2,120.85,move,improve
5269,5,192.54999999999978,2,120.85,swap,notBad
5270,5,192.54999999999978,2,120.85,move,improve
5271,5,192.54999999999978,2,120.85,swap,notBad
5272,5,192.54999999999978,2,120.85,2opt,notBad
5273,5,192.54999999999978,2,120.85,2opt,notBad
5274,5,192.54999999999978,2,120.85,2opt,notBad
5275,5,195.95999999999987,2,120.85,2opt,acceptBad
5276,5,195.95999999999987,2,120.85,move,improve
5277,5,195.95999999999987,2,120.85,swap,notBad
5278,5,195.95999999999987,2,120.85,2opt,notBad
5279,5,195.95999999999987,2,120.85,2opt,notBad
5280,5,194.92999999999947,2,120.85,move,improve
5281,5,194.92999999999947,2,120.85,2opt,notBad
5282,5,194.92999999999947,2,120.85,move,improve
5283,5,194.92999999999947,2,120.85,move,improve
5284,5,194.92999999999947,2,120.85,swap,notBad
5285,5,194.92999999999947,2,120.85,2opt,notBad
5286,5,194.92999999999947,2,120.85,move,improve
5287,5,194.92999999999947,2,120.85,2opt,notBad
5288,5,194.92999999999947,2,120.85,swap,notBad
5289,5,194.92999999999947,2,120.85,swap,notBad
5290,5,194.92999999999947,2,120.85,move,improve
5291,5,194.92999999999947,2,120.85,move,improve
5292,5,194.92999999999947,2,120.85,2opt,notBad
5293,5,194.92999999999947,2,120.85,move,improve
5294,5,194.92999999999947,2,120.85,swap,notBad
5295,5,194.92999999999947,2,120.85,2opt,notBad
5296,5,194.92999999999947,2,120.85,move,improve
5297,5,194.92999999999947,2,120.85,swap,notBad
5298,5,194.92999999999947,2,120.85,2opt,notBad
5299,5,194.92999999999947,2,120.85,swap,notBad
5300,5,194.92999999999947,2,120.85,swap,notBad
5301,5,198.9099999999996,2,120.85,swap,acceptBad
5302,5,198.9099999999996,2,120.85,move,improve
5303,5,198.9099999999996,2,120.85,2opt,notBad
5304,5,198.9099999999996,2,120.85,move,improve
5305,5,198.9099999999996,2,120.85,2opt,improve
5306,5,198.9099999999996,2,120.85,move,improve
5307,5,198.9099999999996,2,120.85,swap,notBad
5308,5,198.9099999999996,2,120.85,2opt,notBad
5309,5,197.9499999999999,2,120.85,move,improve
5310,5,197.9499999999999,2,120.85,2opt,notBad
5311,5,197.9499999999999,2,120.85,2opt,notBad
5312,5,197.9499999999999,2,120.85,move,improve
5313,5,197.9499999999999,2,120.85,2opt,notBad
5314,5,197.9499999999999,2,120.85,2opt,notBad
5315,5,197.9499999999999,2,120.85,2opt,improve
5316,5,195.2500000000001,2,120.85,move,improve
5317,5,195.2500000000001,2,120.85,swap,notBad
5318,5,195.2500000000001,2,120.85,swap,notBad
5319,5,195.2500000000001,2,120.85,2opt,notBad
5320,5,195.2500000000001,2,120.85,move,improve
5321,5,195.2500000000001,2,120.85,2opt,notBad
5322,5,195.2500000000001,2,120.85,2opt,notBad
5323,5,195.2500000000001,2,120.85,swap,notBad
5324,5,195.2500000000001,2,120.85,move,improve
5325,5,195.2500000000001,2,120.85,move,improve
5326,5,195.2500000000001,2,120.85,2opt,improve
5327,5,195.2500000000001,2,120.85,swap,notBad
5328,5,195.2500000000001,2,120.85,swap,notBad
5329,5,195.2500000000001,2,120.85,move,improve
5330,5,195.2500000000001,2,120.85,swap,notBad
5331,5,195.2500000000001,2,120.85,move,improve
5332,5,195.2500000000001,2,120.85,move,improve
5333,5,195.2500000000001,2,120.85,move,improve
5334,5,195.2500000000001,2,120.85,swap,notBad
5335,5,195.2500000000001,2,120.85,move,improve
5336,5,195.2500000000001,2,120.85,move,improve
5337,5,195.2500000000001,2,120.85,2opt,notBad
5338,5,195.2500000000001,2,120.85,move,improve
5339,5,191.8400000000001,2,120.85,move,improve
5340,5,191.8400000000001,2,120.85,swap,notBad
5341,5,191.8400000000001,2,120.85,2opt,notBad
5342,5,191.8400000000001,2,120.85,move,improve
5343,5,191.8400000000001,2,120.85,2opt,notBad
5344,5,191.8400000000001,2,120.85,swap,notBad
5345,5,191.8400000000001,2,120.85,2opt,notBad
5346,5,181.11000000000058,2,120.85,move,improve
5347,5,181.11000000000058,2,120.85,swap,notBad
5348,5,181.11000000000058,2,120.85,move,improve
5349,5,181.11000000000058,2,120.85,2opt,improve
5350,5,181.11000000000058,2,120.85,2opt,notBad
5351,5,181.11000000000058,2,120.85,move,improve
5352,5,181.11000000000058,2,120.85,move,improve
5353,5,181.11000000000058,2,120.85,swap,notBad
5354,5,181.11000000000058,2,120.85,2opt,notBad
5355,5,181.11000000000058,2,120.85,swap,notBad
5356,5,181.11000000000058,2,120.85,swap,notBad
5357,5,182.09000000000032,2,120.85,swap,acceptBad
5358,5,182.09000000000032,2,120.85,2opt,notBad
5359,5,182.09000000000032,2,120.85,2opt,notBad
5360,5,181.11000000000058,2,120.85,move,improve
5361,5,181.11000000000058,2,120.85,swap,notBad
5362,5,181.11000000000058,2,120.85,swap,notBad
5363,5,181.11000000000058,2,120.85,move,improve
5364,5,181.11000000000058,2,120.85,2opt,notBad
5365,5,181.11000000000058,2,120.85,move,improve
5366,5,181.11000000000058,2,120.85,move,improve
5367,5,181.11000000000058,2,120.85,move,improve
5368,5,181.11000000000058,2,120.85,move,improve
5369,5,181.11000000000058,2,120.85,2opt,notBad
5370,5,181.11000000000058,2,120.85,swap,notBad
5371,5,181.11000000000058,2,120.85,swap,notBad
5372,5,179.36000000000038,2,120.85,move,improve
5373,5,179.36000000000038,2,120.85,2opt,notBad
5374,5,179.36000000000038,2,120.85,move,improve
5375,5,179.36000000000038,2,120.85,move,improve
5376,5,179.36000000000038,2,120.85,2opt,notBad
5377,5,179.36000000000038,2,120.85,2opt,notBad
5378,5,179.36000000000038,2,120.85,swap,notBad
5379,5,179.36000000000038,2,120.85,2opt,notBad
5380,5,179.36000000000038,2,120.85,move,improve
5381,5,179.36000000000038,2,120.85,swap,notBad
5382,5,179.36000000000038,2,120.85,2opt,improve
5383,5,179.36000000000038,2,120.85,swap,notBad
5384,5,179.36000000000038,2,120.85,move,improve
5385,5,179.36000000000038,2,120.85,2opt,improve
5386,5,179.36000000000038,2,120.85,swap,notBad
5387,5,179.66000000000008,2,120.85,swap,acceptBad
5388,5,179.66000000000008,2,120.85,swap,notBad
5389,5,179.66000000000008,2,120.85,2opt,notBad
5390,5,179.66000000000008,2,120.85,swap,notBad
5391,5,179.66000000000008,2,120.85,move,improve
5392,5,179.66000000000008,2,120.85,2opt,improve
5393,5,179.66000000000008,2,120.85,swap,notBad
5394,5,179.66000000000008,2,120.85,swap,notBad
5395,5,179.66000000000008,2,120.85,move,improve
5396,5,179.66000000000008,2,120.85,swap,notBad
5397,5,179.66000000000008,2,120.85,move,improve
5398,5,179.66000000000008,2,120.85,move,improve
5399,5,179.66000000000008,2,120.85,swap,notBad
5400,5,179.66000000000008,2,120.85,move,improve
5401,5,178.71000000000024,2,120.85,move,improve
5402,5,178.71000000000024,2,120.85,swap,notBad
5403,5,178.71000000000024,2,120.85,move,improve
5404,5,178.71000000000024,2,120.85,move,improve
5405,5,178.33000000000018,2,120.85,move,improve
5406,5,178.33000000000018,2,120.85,swap,notBad
5407,5,178.33000000000018,2,120.85,swap,notBad
5408,5,178.33000000000018,2,120.85,2opt,notBad
5409,5,177.31000000000012,2,120.85,move,improve
5410,5,177.31000000000012,2,120.85,move,improve
5411,5,176.60999999999956,2,120.85,move,improve
5412,5,176.60999999999956,2,120.85,2opt,improve
5413,5,175.0800000000002,2,120.85,move,improve
5414,5,175.0800000000002,2,120.85,move,improve
5415,5,175.0800000000002,2,120.85,move,improve
5416,5,175.0800000000002,2,120.85,move,improve
5417,5,175.0800000000002,2,120.85,swap,notBad
5418,5,175.0800000000002,2,120.85,2opt,notBad
5419,5,175.0800000000002,2,120.85,swap,notBad
5420,5,175.0800000000002,2,120.85,2opt,notBad
5421,5,175.0800000000002,2,120.85,2opt,notBad
5422,5,175.0800000000002,2,120.85,move,improve
5423,5,175.0800000000002,2,120.85,move,improve
5424,5,175.0800000000002,2,120.85,2opt,notBad
5425,5,175.0800000000002,2,120.85,2opt,notBad
5426,5,175.0800000000002,2,120.85,swap,notBad
5427,5,175.0800000000002,2,120.85,2opt,notBad
5428,5,175.0800000000002,2,120.85,move,improve
5429,5,175.0800000000002,2,120.85,swap,notBad
5430,5,175.0800000000002,2,120.85,move,improve
5431,5,175.0800000000002,2,120.85,swap,notBad
5432,5,175.0800000000002,2,120.85,move,improve
5433,5,175.0800000000002,2,120.85,swap,notBad
5434,5,175.0800000000002,2,120.85,move,improve
5435,5,175.0800000000002,2,120.85,2opt,notBad
5436,5,175.0800000000002,2,120.85,move,improve
5437,5,175.0800000000002,2,120.85,2opt,notBad
5438,5,175.0800000000002,2,120.85,2opt,notBad
5439,5,175.0800000000002,2,120.85,swap,notBad
5440,5,175.0800000000002,2,120.85,2opt,notBad
5441,5,175.0800000000002,2,120.85,2opt,notBad
5442,5,175.0800000000002,2,120.85,swap,notBad
5443,5,175.0800000000002,2,120.85,swap,notBad
5444,5,175.0800000000002,2,120.85,2opt,notBad
5445,5,175.0800000000002,2,120.85,move,improve
5446,5,175.0800000000002,2,120.85,2opt,improve
5447,5,175.0800000000002,2,120.85,move,improve
5448,5,175.0800000000002,2,120.85,swap,notBad
5449,5,175.0800000000002,2,120.85,swap,notBad
5450,5,175.0800000000002,2,120.85,swap,notBad
5451,5,175.0800000000002,2,120.85,2opt,notBad
5452,5,175.0800000000002,2,120.85,move,improve
5453,5,175.0800000000002,2,120.85,move,improve
5454,5,175.0800000000002,2,120.85,2opt,notBad
5455,5,175.0800000000002,2,120.85,swap,notBad
5456,5,175.0800000000002,2,120.85,2opt,notBad
5457,5,175.0800000000002,2,120.85,swap,notBad
5458,5,175.0800000000002,2,120.85,swap,notBad
5459,5,175.0800000000002,2,120.85,swap,notBad
5460,5,175.0800000000002,2,120.85,move,improve
5461,5,175.0800000000002,2,120.85,move,improve
5462,5,175.0800000000002,2,120.85,2opt,notBad
5463,5,175.0800000000002,2,120.85,swap,notBad
5464,5,175.0800000000002,2,120.85,swap,notBad
5465,5,175.0800000000002,2,120.85,2opt,improve
5466,5,175.0800000000002,2,120.85,2opt,notBad
5467,5,175.0800000000002,2,120.85,2opt,notBad
5468,5,175.0800000000002,2,120.85,swap,notBad
5469,5,175.0800000000002,2,120.85,swap,notBad
5470,5,175.0800000000002,2,120.85,move,improve
5471,5,175.0800000000002,2,120.85,move,improve
5472,5,175.0800000000002,2,120.85,move,improve
5473,5,175.0800000000002,2,120.85,swap,notBad
5474,5,175.0800000000002,2,120.85,move,improve
5475,5,175.0800000000002,2,120.85,2opt,improve
5476,5,175.0800000000002,2,120.85,2opt,notBad
5477,5,175.0800000000002,2,120.85,swap,notBad
5478,5,175.0800000000002,2,120.85,move,improve
5479,5,175.0800000000002,2,120.85,2opt,notBad
5480,5,175.0800000000002,2,120.85,swap,notBad
5481,5,175.0800000000002,2,120.85,swap,notBad
5482,5,175.0800000000002,2,120.85,2opt,notBad
5483,5,175.0800000000002,2,120.85,2opt,notBad
5484,5,175.0800000000002,2,120.85,move,improve
5485,5,175.0800000000002,2,120.85,swap,notBad
5486,5,175.0800000000002,2,120.85,2opt,notBad
5487,5,175.0800000000002,2,120.85,swap,notBad
5488,5,175.0800000000002,2,120.85,move,improve
5489,5,175.0800000000002,2,120.85,2opt,notBad
5490,5,175.0800000000002,2,120.85,move,improve
5491,5,175.0800000000002,2,120.85,2opt,notBad
5492,5,173.09000000000063,2,120.85,swap,improve
5493,5,173.09000000000063,2,120.85,swap,notBad
5494,5,172.74000000000055,2,120.85,move,improve
5495,5,172.74000000000055,2,120.85,swap,notBad
5496,5,172.74000000000055,2,120.85,move,improve
5497,5,172.74000000000055,2,120.85,2opt,notBad
5498,5,172.74000000000055,2,120.85,swap,notBad
5499,5,172.74000000000055,2,120.85,move,improve
5500,5,172.74000000000055,2,120.85,move,improve
5501,5,171.97000000000014,2,120.85,move,improve
5502,5,171.97000000000014,2,120.85,2opt,notBad
5503,5,171.97000000000014,2,120.85,swap,notBad
5504,5,171.97000000000014,2,120.85,move,improve
5505,5,171.97000000000014,2,120.85,2opt,notBad
5506,5,171.97000000000014,2,120.85,2opt,notBad
5507,5,171.97000000000014,2,120.85,2opt,notBad
5508,5,171.97000000000014,2,120.85,2opt,notBad
5509,5,171.97000000000014,2,120.85,move,improve
5510,5,171.99000000000012,2,120.85,2opt,acceptBad
5511,5,171.99000000000012,2,120.85,2opt,improve
5512,5,171.99000000000012,2,120.85,swap,notBad
5513,5,171.99000000000012,2,120.85,swap,notBad
5514,5,171.99000000000012,2,120.85,2opt,notBad
5515,5,171.99000000000012,2,120.85,move,improve
5516,5,172.34000000000023,2,120.85,swap,acceptBad
5517,5,172.34000000000023,2,120.85,swap,notBad
5518,5,172.34000000000023,2,120.85,move,improve
5519,5,172.34000000000023,2,120.85,2opt,notBad
5520,5,172.34000000000023,2,120.85,swap,notBad
5521,5,172.34000000000023,2,120.85,2opt,notBad
5522,5,172.34000000000023,2,120.85,move,improve
5523,5,172.34000000000023,2,120.85,2opt,notBad
5524,5,172.34000000000023,2,120.85,move,improve
5525,5,172.34000000000023,2,120.85,swap,notBad
5526,5,172.34000000000023,2,120.85,2opt,notBad
5527,5,172.34000000000023,2,120.85,swap,notBad
5528,5,172.34000000000023,2,120.85,swap,notBad
5529,5,172.34000000000023,2,120.85,move,improve
5530,5,172.34000000000023,2,120.85,2opt,notBad
5531,5,172.34000000000023,2,120.85,swap,notBad
5532,5,172.34000000000023,2,120.85,2opt,notBad
5533,5,172.34000000000023,2,120.85,2opt,notBad
5534,5,172.34000000000023,2,120.85,swap,notBad
5535,5,172.34000000000023,2,120.85,swap,notBad
5536,5,172.34000000000023,2,120.85,move,improve
5537,5,172.34000000000023,2,120.85,swap,notBad
5538,5,172.34000000000023,2,120.85,move,improve
5539,5,172.34000000000023,2,120.85,2opt,notBad
5540,5,172.34000000000023,2,120.85,2opt,notBad
5541,5,172.34000000000023,2,120.85,move,improve
5542,5,172.34000000000023,2,120.85,2opt,improve
5543,5,172.34000000000023,2,120.85,move,improve
5544,5,172.34000000000023,2,120.85,move,improve
5545,5,172.34000000000023,2,120.85,2opt,improve
5546,5,172.34000000000023,2,120.85,move,improve
5547,5,172.34000000000023,2,120.85,move,improve
5548,5,172.34000000000023,2,120.85,2opt,notBad
5549,5,172.34000000000023,2,120.85,swap,notBad
5550,5,172.34000000000023,2,120.85,swap,notBad
5551,5,172.34000000000023,2,120.85,2opt,notBad
5552,5,172.34000000000023,2,120.85,swap,notBad
5553,5,172.34000000000023,2,120.85,2opt,notBad
5554,5,172.34000000000023,2,120.85,2opt,notBad
5555,5,172.34000000000023,2,120.85,2opt,improve
5556,5,172.34000000000023,2,120.85,2opt,notBad
5557,5,172.34000000000023,2,120.85,move,improve
5558,5,172.34000000000023,2,120.85,move,improve
5559,5,172.34000000000023,2,120.85,2opt,notBad
5560,5,172.34000000000023,2,120.85,2opt,notBad
5561,5,172.34000000000023,2,120.85,move,improve
5562,5,172.34000000000023,2,120.85,move,improve
5563,5,172.34000000000023,2,120.85,swap,notBad
5564,5,172.34000000000023,2,120.85,2opt,notBad
5565,5,172.34000000000023,2,120.85,2opt,notBad
5566,5,172.34000000000023,2,120.85,2opt,notBad
5567,5,172.34000000000023,2,120.85,swap,notBad
5568,5,172.34000000000023,2,120.85,swap,notBad
5569,5,172.34000000000023,2,120.85,2opt,notBad
5570,5,172.34000000000023,2,120.85,2opt,notBad
5571,5,172.34000000000023,2,120.85,move,improve
5572,5,172.34000000000023,2,120.85,swap,notBad
5573,5,172.34000000000023,2,120.85,swap,notBad
5574,5,172.34000000000023,2,120.85,2opt,notBad
5575,5,172.34000000000023,2,120.85,move,improve
5576,5,172.34000000000023,2,120.85,swap,notBad
5577,5,172.34000000000023,2,120.85,swap,notBad
5578,5,172.34000000000023,2,120.85,swap,notBad
5579,5,172.34000000000023,2,120.85,2opt,notBad
5580,5,172.34000000000023,2,120.85,swap,notBad
5581,5,172.34000000000023,2,120.85,move,improve
5582,5,172.34000000000023,2,120.85,2opt,notBad
5583,5,172.34000000000023,2,120.85,2opt,notBad
5584,5,172.34000000000023,2,120.85,2opt,notBad
5585,5,172.34000000000023,2,120.85,2opt,improve
5586,5,172.34000000000023,2,120.85,2opt,notBad
5587,5,172.34000000000023,2,120.85,swap,notBad
5588,5,172.34000000000023,2,120.85,swap,notBad
5589,5,172.34000000000023,2,120.85,2opt,notBad
5590,5,172.34000000000023,2,120.85,move,improve
5591,5,172.34000000000023,2,120.85,move,improve
5592,5,172.34000000000023,2,120.85,2opt,notBad
5593,5,171.81000000000023,2,120.85,move,improve
5594,5,171.81000000000023,2,120.85,2opt,notBad
5595,5,171.81000000000023,2,120.85,swap,notBad
5596,5,171.81000000000023,2,120.85,swap,notBad
5597,5,171.81000000000023,2,120.85,swap,notBad
5598,5,174.22000000000023,2,120.85,swap,acceptBad
5599,5,174.22000000000023,2,120.85,2opt,notBad
5600,5,174.22000000000023,2,120.85,2opt,notBad
5601,5,192.15000000000015,2,120.85,move,acceptBad
5602,5,192.15000000000015,2,120.85,swap,notBad
5603,5,192.4800000000002,2,120.85,2opt,acceptBad
5604,5,192.4800000000002,2,120.85,move,improve
5605,5,192.4800000000002,2,120.85,2opt,notBad
5606,5,192.4800000000002,2,120.85,swap,notBad
5607,5,192.4800000000002,2,120.85,2opt,notBad
5608,5,192.4800000000002,2,120.85,swap,notBad
5609,5,192.4800000000002,2,120.85,swap,notBad
5610,5,192.4800000000002,2,120.85,swap,notBad
5611,5,192.4800000000002,2,120.85,swap,notBad
5612,5,192.4800000000002,2,120.85,2opt,notBad
5613,5,192.4800000000002,2,120.85,move,improve
5614,5,192.4800000000002,2,120.85,swap,notBad
5615,5,192.4800000000002,2,120.85,swap,notBad
5616,5,192.4800000000002,2,120.85,2opt,notBad
5617,5,193.07999999999976,2,120.85,swap,acceptBad
5618,5,193.07999999999976,2,120.85,2opt,notBad
5619,5,193.07999999999976,2,120.85,2opt,notBad
5620,5,193.07999999999976,2,120.85,swap,notBad
5621,5,193.07999999999976,2,120.85,swap,notBad
5622,5,193.07999999999976,2,120.85,swap,notBad
5623,5,193.07999999999976,2,120.85,2opt,notBad
5624,5,193.07999999999976,2,120.85,swap,notBad
5625,5,190.85999999999964,2,120.85,swap,improve
5626,5,190.85999999999964,2,120.85,2opt,notBad
5627,5,190.85999999999964,2,120.85,2opt,notBad
5628,5,190.85999999999964,2,120.85,move,improve
5629,5,190.85999999999964,2,120.85,swap,notBad
5630,5,190.85999999999964,2,120.85,2opt,notBad
5631,5,190.85999999999964,2,120.85,move,improve
5632,5,190.85999999999964,2,120.85,2opt,notBad
5633,5,190.85999999999964,2,120.85,swap,notBad
5634,5,190.85999999999964,2,120.85,move,improve
5635,5,190.85999999999964,2,120.85,swap,notBad
5636,5,190.85999999999964,2,120.85,2opt,notBad
5637,5,190.85999999999964,2,120.85,move,improve
5638,5,190.85999999999964,2,120.85,2opt,improve
5639,5,190.85999999999964,2,120.85,move,improve
5640,5,190.31999999999965,2,120.85,move,improve
5641,5,190.31999999999965,2,120.85,move,improve
5642,5,190.31999999999965,2,120.85,move,improve
5643,5,190.31999999999965,2,120.85,2opt,notBad
5644,5,190.31999999999965,2,120.85,move,improve
5645,5,190.31999999999965,2,120.85,2opt,notBad
5646,5,190.31999999999965,2,120.85,move,improve
5647,5,190.31999999999965,2,120.85,swap,notBad
5648,5,190.31999999999965,2,120.85,swap,notBad
5649,5,190.31999999999965,2,120.85,2opt,notBad
5650,5,190.31999999999965,2,120.85,move,improve
5651,5,190.31999999999965,2,120.85,2opt,improve
5652,5,190.31999999999965,2,120.85,swap,notBad
5653,5,181.02999999999983,2,120.85,move,improve
5654,5,181.02999999999983,2,120.85,move,improve
5655,5,181.02999999999983,2,120.85,swap,notBad
5656,5,181.02999999999983,2,120.85,swap,notBad
5657,5,181.02999999999983,2,120.85,2opt,notBad
5658,5,181.02999999999983,2,120.85,2opt,notBad
5659,5,181.02999999999983,2,120.85,move,improve
5660,5,181.02999999999983,2,120.85,move,improve
5661,5,181.02999999999983,2,120.85,move,improve
5662,5,181.02999999999983,2,120.85,move,improve
5663,5,181.02999999999983,2,120.85,2opt,improve
5664,5,181.02999999999983,2,120.85,swap,notBad
5665,5,181.02999999999983,2,120.85,swap,notBad
5666,5,181.02999999999983,2,120.85,2opt,notBad
5667,5,181.02999999999983,2,120.85,move,improve
5668,5,181.02999999999983,2,120.85,move,improve
5669,5,180.88999999999982,2,120.85,2opt,improve
5670,5,180.88999999999982,2,120.85,move,improve
5671,5,180.88999999999982,2,120.85,swap,notBad
5672,5,180.88999999999982,2,120.85,move,improve
5673,5,180.88999999999982,2,120.85,2opt,improve
5674,5,180.88999999999982,2,120.85,move,improve
5675,5,180.88999999999982,2,120.85,move,improve
5676,5,180.88999999999982,2,120.85,2opt,notBad
5677,5,180.88999999999982,2,120.85,move,improve
5678,5,180.88999999999982,2,120.85,move,improve
5679,5,180.88999999999982,2,120.85,move,improve
5680,5,180.88999999999982,2,120.85,2opt,improve
5681,5,180.88999999999982,2,120.85,2opt,notBad
5682,5,180.88999999999982,2,120.85,move,improve
5683,5,180.88999999999982,2,120.85,move,improve
5684,5,180.88999999999982,2,120.85,2opt,improve
5685,5,180.88999999999982,2,120.85,swap,notBad
5686,5,180.88999999999982,2,120.85,2opt,notBad
5687,5,173.43999999999983,2,120.85,move,improve
5688,5,173.43999999999983,2,120.85,swap,notBad
5689,5,173.43999999999983,2,120.85,swap,notBad
5690,5,173.43999999999983,2,120.85,move,improve
5691,5,173.43999999999983,2,120.85,move,improve
5692,5,173.43999999999983,2,120.85,swap,notBad
5693,5,173.43999999999983,2,120.85,swap,notBad
5694,5,173.43999999999983,2,120.85,2opt,improve
5695,5,173.43999999999983,2,120.85,swap,notBad
5696,5,173.43999999999983,2,120.85,2opt,notBad
5697,5,173.43999999999983,2,120.85,2opt,notBad
5698,5,173.43999999999983,2,120.85,move,improve
5699,5,173.43999999999983,2,120.85,swap,notBad
5700,5,173.43999999999983,2,120.85,swap,notBad
5701,5,173.43999999999983,2,120.85,swap,notBad
5702,5,173.43999999999983,2,120.85,swap,notBad
5703,5,173.43999999999983,2,120.85,move,improve
5704,5,173.43999999999983,2,120.85,move,improve
5705,5,173.43999999999983,2,120.85,swap,notBad
5706,5,173.43999999999983,2,120.85,2opt,notBad
5707,5,173.43999999999983,2,120.85,2opt,notBad
5708,5,173.43999999999983,2,120.85,2opt,notBad
5709,5,173.43999999999983,2,120.85,swap,notBad
5710,5,173.43999999999983,2,120.85,swap,notBad
5711,5,173.43999999999983,2,120.85,swap,notBad
5712,5,173.43999999999983,2,120.85,2opt,notBad
5713,5,173.43999999999983,2,120.85,move,improve
5714,5,173.43999999999983,2,120.85,swap,notBad
5715,5,176.35999999999964,2,120.85,swap,acceptBad
5716,5,176.35999999999964,2,120.85,swap,notBad
5717,5,176.35999999999964,2,120.85,2opt,notBad
5718,5,176.35999999999964,2,120.85,swap,notBad
5719,5,176.35999999999964,2,120.85,2opt,notBad
5720,5,176.35999999999964,2,120.85,move,improve
5721,5,176.35999999999964,2,120.85,2opt,notBad
5722,5,176.35999999999964,2,120.85,swap,notBad
5723,5,176.35999999999964,2,120.85,swap,notBad
5724,5,176.35999999999964,2,120.85,2opt,notBad
5725,5,176.35999999999964,2,120.85,swap,notBad
5726,5,176.35999999999964,2,120.85,2opt,notBad
5727,5,176.35999999999964,2,120.85,move,improve
5728,5,176.35999999999964,2,120.85,2opt,notBad
5729,5,176.35999999999964,2,120.85,2opt,notBad
5730,5,176.35999999999964,2,120.85,2opt,notBad
5731,5,176.35999999999964,2,120.85,move,improve
5732,5,176.35999999999964,2,120.85,swap,notBad
5733,5,176.35999999999964,2,120.85,swap,notBad
5734,5,176.35999999999964,2,120.85,2opt,improve
5735,5,176.35999999999964,2,120.85,2opt,notBad
5736,5,176.35999999999964,2,120.85,swap,notBad
5737,5,176.35999999999964,2,120.85,swap,notBad
5738,5,176.35999999999964,2,120.85,2opt,notBad
5739,5,176.35999999999964,2,120.85,swap,notBad
5740,5,176.35999999999964,2,120.85,2opt,notBad
5741,5,176.35999999999964,2,120.85,swap,notBad
5742,5,176.35999999999964,2,120.85,move,improve
5743,5,176.35999999999964,2,120.85,2opt,notBad
5744,5,176.35999999999964,2,120.85,move,improve
5745,5,176.35999999999964,2,120.85,swap,notBad
5746,5,176.35999999999964,2,120.85,2opt,notBad
5747,5,176.35999999999964,2,120.85,2opt,improve
5748,5,176.01999999999958,2,120.85,move,improve
5749,5,176.01999999999958,2,120.85,swap,notBad
5750,5,176.01999999999958,2,120.85,swap,notBad
5751,5,176.01999999999958,2,120.85,swap,notBad
5752,5,176.01999999999958,2,120.85,swap,notBad
5753,5,176.01999999999958,2,120.85,move,improve
5754,5,176.01999999999958,2,120.85,swap,notBad
5755,5,176.01999999999958,2,120.85,move,improve
5756,5,176.01999999999958,2,120.85,2opt,notBad
5757,5,176.01999999999958,2,120.85,swap,notBad
5758,5,176.01999999999958,2,120.85,2opt,notBad
5759,5,176.01999999999958,2,120.85,swap,notBad
5760,5,176.01999999999958,2,120.85,swap,notBad
5761,5,173.06000000000017,2,120.85,move,improve
5762,5,173.06000000000017,2,120.85,swap,notBad
5763,5,173.06000000000017,2,120.85,move,improve
5764,5,173.06000000000017,2,120.85,2opt,notBad
5765,5,173.06000000000017,2,120.85,swap,notBad
5766,5,173.06000000000017,2,120.85,swap,notBad
5767,5,173.06000000000017,2,120.85,2opt,notBad
5768,5,173.06000000000017,2,120.85,swap,notBad
5769,5,173.06000000000017,2,120.85,2opt,notBad
5770,5,173.06000000000017,2,120.85,2opt,notBad
5771,5,173.06000000000017,2,120.85,swap,notBad
5772,5,173.06000000000017,2,120.85,swap,notBad
5773,5,173.06000000000017,2,120.85,move,improve
5774,5,173.06000000000017,2,120.85,move,improve
5775,5,173.06000000000017,2,120.85,move,improve
5776,5,173.06000000000017,2,120.85,2opt,improve
5777,5,173.06000000000017,2,120.85,swap,notBad
5778,5,173.06000000000017,2,120.85,2opt,notBad
5779,5,173.06000000000017,2,120.85,2opt,notBad
5780,5,173.06000000000017,2,120.85,move,improve
5781,5,173.06000000000017,2,120.85,swap,notBad
5782,5,173.06000000000017,2,120.85,2opt,notBad
5783,5,173.06000000000017,2,120.85,2opt,notBad
5784,5,173.06000000000017,2,120.85,swap,notBad
5785,5,173.06000000000017,2,120.85,2opt,improve
5786,5,173.06000000000017,2,120.85,2opt,notBad
5787,5,173.06000000000017,2,120.85,2opt,notBad
5788,5,173.06000000000017,2,120.85,move,improve
5789,5,173.06000000000017,2,120.85,move,improve
5790,5,173.06000000000017,2,120.85,swap,notBad
5791,5,173.06000000000017,2,120.85,move,improve
5792,5,173.06000000000017,2,120.85,2opt,notBad
5793,5,173.06000000000017,2,120.85,2opt,notBad
5794,5,173.06000000000017,2,120.85,swap,notBad
5795,5,173.06000000000017,2,120.85,2opt,notBad
5796,5,173.06000000000017,2,120.85,move,improve
5797,5,173.06000000000017,2,120.85,swap,notBad
5798,5,173.06000000000017,2,120.85,2opt,notBad
5799,5,173.06000000000017,2,120.85,2opt,notBad
5800,5,173.06000000000017,2,120.85,swap,notBad
5801,5,173.06000000000017,2,120.85,2opt,notBad
5802,5,173.06000000000017,2,120.85,2opt,notBad
5803,5,173.06000000000017,2,120.85,move,improve
5804,5,173.06000000000017,2,120.85,2opt,notBad
5805,5,173.06000000000017,2,120.85,move,improve
5806,5,173.06000000000017,2,120.85,2opt,notBad
5807,5,173.06000000000017,2,120.85,swap,notBad
5808,5,173.06000000000017,2,120.85,2opt,notBad
5809,5,173.06000000000017,2,120.85,move,improve
5810,5,173.06000000000017,2,120.85,swap,notBad
5811,5,173.06000000000017,2,120.85,move,improve
5812,5,179.07000000000002,2,120.85,swap,acceptBad
5813,5,179.07000000000002,2,120.85,move,improve
5814,5,179.07000000000002,2,120.85,swap,notBad
5815,5,179.07000000000002,2,120.85,2opt,notBad
5816,5,179.07000000000002,2,120.85,move,improve
5817,5,179.07000000000002,2,120.85,2opt,notBad
5818,5,179.07000000000002,2,120.85,swap,notBad
5819,5,179.07000000000002,2,120.85,swap,notBad
5820,5,179.07000000000002,2,120.85,move,improve
5821,5,179.07000000000002,2,120.85,move,improve
5822,5,179.07000000000002,2,120.85,2opt,notBad
5823,5,179.07000000000002,2,120.85,2opt,notBad
5824,5,179.07000000000002,2,120.85,swap,notBad
5825,5,179.07000000000002,2,120.85,2opt,notBad
5826,5,181.95000000000044,2,120.85,swap,acceptBad
5827,5,181.95000000000044,2,120.85,2opt,notBad
5828,5,181.95000000000044,2,120.85,2opt,notBad
5829,5,181.95000000000044,2,120.85,2opt,notBad
5830,5,181.95000000000044,2,120.85,2opt,notBad
5831,5,181.95000000000044,2,120.85,swap,notBad
5832,5,181.95000000000044,2,120.85,2opt,notBad
5833,5,181.95000000000044,2,120.85,move,improve
5834,5,181.95000000000044,2,120.85,swap,notBad
5835,5,181.95000000000044,2,120.85,move,improve
5836,5,181.95000000000044,2,120.85,2opt,notBad
5837,5,181.95000000000044,2,120.85,move,improve
5838,5,181.95000000000044,2,120.85,move,improve
5839,5,181.95000000000044,2,120.85,2opt,notBad
5840,5,181.95000000000044,2,120.85,move,improve
5841,5,181.95000000000044,2,120.85,2opt,notBad
5842,5,181.95000000000044,2,120.85,2opt,notBad
5843,5,189.47999999999988,2,120.85,swap,acceptBad
5844,5,186.76999999999953,2,120.85,move,improve
5845,5,186.76999999999953,2,120.85,2opt,notBad
5846,5,186.76999999999953,2,120.85,move,improve
5847,5,186.76999999999953,2,120.85,move,improve
5848,5,186.76999999999953,2,120.85,swap,notBad
5849,5,186.76999999999953,2,120.85,swap,notBad
5850,5,186.76999999999953,2,120.85,2opt,notBad
5851,5,186.76999999999953,2,120.85,move,improve
5852,5,186.76999999999953,2,120.85,swap,notBad
5853,5,186.76999999999953,2,120.85,swap,notBad
5854,5,186.76999999999953,2,120.85,move,improve
5855,5,186.76999999999953,2,120.85,move,improve
5856,5,186.76999999999953,2,120.85,2opt,notBad
5857,5,186.76999999999953,2,120.85,move,improve
5858,5,186.76999999999953,2,120.85,2opt,improve
5859,5,186.76999999999953,2,120.85,swap,notBad
5860,5,186.76999999999953,2,120.85,swap,notBad
5861,5,186.76999999999953,2,120.85,swap,notBad
5862,5,186.76999999999953,2,120.85,swap,notBad
5863,5,186.76999999999953,2,120.85,2opt,notBad
5864,5,186.76999999999953,2,120.85,2opt,notBad
5865,5,186.76999999999953,2,120.85,2opt,notBad
5866,5,186.76999999999953,2,120.85,move,improve
5867,5,186.76999999999953,2,120.85,move,improve
5868,5,186.76999999999953,2,120.85,swap,notBad
5869,5,186.76999999999953,2,120.85,move,improve
5870,5,186.76999999999953,2,120.85,swap,notBad
5871,5,186.76999999999953,2,120.85,swap,notBad
5872,5,186.76999999999953,2,120.85,2opt,notBad
5873,5,186.76999999999953,2,120.85,move,improve
5874,5,186.76999999999953,2,120.85,swap,notBad
5875,5,186.76999999999953,2,120.85,move,improve
5876,5,186.76999999999953,2,120.85,2opt,notBad
5877,5,186.76999999999953,2,120.85,swap,notBad
5878,5,186.62999999999968,2,120.85,move,improve
5879,5,186.62999999999968,2,120.85,move,improve
5880,5,186.62999999999968,2,120.85,2opt,notBad
5881,5,186.62999999999968,2,120.85,swap,notBad
5882,5,186.62999999999968,2,120.85,move,improve
5883,5,186.62999999999968,2,120.85,2opt,notBad
5884,5,186.62999999999968,2,120.85,2opt,notBad
5885,5,186.62999999999968,2,120.85,move,improve
5886,5,186.62999999999968,2,120.85,swap,notBad
5887,5,186.62999999999968,2,120.85,swap,notBad
5888,5,185.6199999999997,2,120.85,move,improve
5889,5,185.6199999999997,2,120.85,move,improve
5890,5,185.6199999999997,2,120.85,move,improve
5891,5,183.77999999999992,2,120.85,swap,improve
5892,5,183.77999999999992,2,120.85,swap,notBad
5893,5,183.77999999999992,2,120.85,2opt,notBad
5894,5,183.77999999999992,2,120.85,swap,notBad
5895,5,183.77999999999992,2,120.85,2opt,notBad
5896,5,183.77999999999992,2,120.85,swap,notBad
5897,5,183.77999999999992,2,120.85,swap,notBad
5898,5,183.77999999999992,2,120.85,move,improve
5899,5,183.77999999999992,2,120.85,2opt,improve
5900,5,183.77999999999992,2,120.85,swap,notBad
5901,5,183.77999999999992,2,120.85,swap,notBad
5902,5,183.77999999999992,2,120.85,2opt,notBad
5903,5,183.77999999999992,2,120.85,move,improve
5904,5,183.77999999999992,2,120.85,2opt,notBad
5905,5,183.77999999999992,2,120.85,2opt,notBad
5906,5,183.77999999999992,2,120.85,move,improve
5907,5,183.77999999999992,2,120.85,move,improve
5908,5,183.77999999999992,2,120.85,2opt,notBad
5909,5,183.77999999999992,2,120.85,2opt,notBad
5910,5,183.77999999999992,2,120.85,2opt,notBad
5911,5,183.77999999999992,2,120.85,2opt,notBad
5912,5,183.77999999999992,2,120.85,move,improve
5913,5,183.77999999999992,2,120.85,move,improve
5914,5,183.77999999999992,2,120.85,2opt,notBad
5915,5,183.77999999999992,2,120.85,move,notBad
5916,5,183.77999999999992,2,120.85,move,improve
5917,5,183.77999999999992,2,120.85,move,improve
5918,5,182.42000000000021,2,120.85,move,improve
5919,5,182.42000000000021,2,120.85,2opt,notBad
5920,5,182.42000000000021,2,120.85,2opt,notBad
5921,5,182.42000000000021,2,120.85,swap,notBad
5922,5,182.42000000000021,2,120.85,swap,notBad
5923,5,182.42000000000021,2,120.85,2opt,notBad
5924,5,182.42000000000021,2,120.85,2opt,notBad
5925,5,182.42000000000021,2,120.85,swap,notBad
5926,5,182.42000000000021,2,120.85,swap,notBad
5927,5,182.42000000000021,2,120.85,2opt,notBad
5928,5,182.42000000000021,2,120.85,swap,notBad
5929,5,189.09999999999982,2,120.85,swap,acceptBad
5930,5,189.09999999999982,2,120.85,move,improve
5931,5,189.09999999999982,2,120.85,swap,notBad
5932,5,189.09999999999982,2,120.85,swap,notBad
5933,5,189.09999999999982,2,120.85,move,improve
5934,5,189.09999999999982,2,120.85,2opt,notBad
5935,5,189.09999999999982,2,120.85,move,improve
5936,5,189.09999999999982,2,120.85,move,improve
5937,5,189.09999999999982,2,120.85,move,improve
5938,5,189.09999999999982,2,120.85,2opt,notBad
5939,5,189.09999999999982,2,120.85,move,improve
5940,5,189.09999999999982,2,120.85,move,improve
5941,5,189.09999999999982,2,120.85,2opt,improve
5942,5,189.09999999999982,2,120.85,2opt,notBad
5943,5,189.09999999999982,2,120.85,swap,notBad
5944,5,189.09999999999982,2,120.85,swap,notBad
5945,5,189.09999999999982,2,120.85,move,improve
5946,5,189.09999999999982,2,120.85,2opt,notBad
5947,5,189.09999999999982,2,120.85,move,improve
5948,5,189.09999999999982,2,120.85,2opt,notBad
5949,5,189.09999999999982,2,120.85,2opt,notBad
5950,5,189.09999999999982,2,120.85,swap,notBad
5951,5,189.09999999999982,2,120.85,2opt,improve
5952,5,189.09999999999982,2,120.85,2opt,notBad
5953,5,189.09999999999982,2,120.85,swap,notBad
5954,5,189.09999999999982,2,120.85,2opt,notBad
5955,5,189.09999999999982,2,120.85,2opt,notBad
5956,5,189.09999999999982,2,120.85,move,improve
5957,5,189.09999999999982,2,120.85,2opt,improve
5958,5,189.09999999999982,2,120.85,move,improve
5959,5,189.09999999999982,2,120.85,move,improve
5960,5,189.09999999999982,2,120.85,swap,notBad
5961,5,188.92999999999978,2,120.85,move,improve
5962,5,188.92999999999978,2,120.85,swap,notBad
5963,5,184.07999999999979,2,120.85,move,improve
5964,5,187.31000000000012,2,120.85,swap,acceptBad
5965,5,187.31000000000012,2,120.85,2opt,notBad
5966,5,187.31000000000012,2,120.85,move,improve
5967,5,187.31000000000012,2,120.85,2opt,notBad
5968,5,187.31000000000012,2,120.85,2opt,notBad
5969,5,187.31000000000012,2,120.85,2opt,improve
5970,5,187.31000000000012,2,120.85,2opt,improve
5971,5,187.31000000000012,2,120.85,swap,notBad
5972,5,187.31000000000012,2,120.85,swap,notBad
5973,5,187.31000000000012,2,120.85,2opt,notBad
5974,5,187.31000000000012,2,120.85,move,improve
5975,5,178.7700000000001,2,120.85,move,improve
5976,5,178.7700000000001,2,120.85,swap,notBad
5977,5,178.7700000000001,2,120.85,2opt,notBad
5978,5,178.7700000000001,2,120.85,move,improve
5979,5,178.7700000000001,2,120.85,2opt,notBad
5980,5,178.7700000000001,2,120.85,swap,notBad
5981,5,178.7700000000001,2,120.85,2opt,notBad
5982,5,178.7700000000001,2,120.85,swap,notBad
5983,5,178.7700000000001,2,120.85,2opt,notBad
5984,5,178.7700000000001,2,120.85,2opt,notBad
5985,5,178.7700000000001,2,120.85,move,improve
5986,5,178.7700000000001,2,120.85,swap,notBad
5987,5,178.7700000000001,2,120.85,swap,notBad
5988,5,178.7700000000001,2,120.85,swap,notBad
5989,5,178.7700000000001,2,120.85,swap,notBad
5990,5,178.7700000000001,2,120.85,2opt,notBad
5991,5,178.7700000000001,2,120.85,2opt,notBad
5992,5,178.7700000000001,2,120.85,2opt,notBad
5993,5,189.6900000000002,2,120.85,swap,acceptBad
5994,5,189.6900000000002,2,120.85,2opt,improve
5995,5,189.6900000000002,2,120.85,2opt,notBad
5996,5,189.6900000000002,2,120.85,swap,notBad
5997,5,189.6900000000002,2,120.85,2opt,notBad
5998,5,189.6900000000002,2,120.85,swap,notBad
5999,5,189.6900000000002,2,120.85,swap,notBad
6000,5,189.6900000000002,2,120.85,2opt,notBad
6001,5,189.6900000000002,2,120.85,swap,notBad
6002,5,189.6900000000002,2,120.85,2opt,notBad
6003,5,189.6900000000002,2,120.85,swap,notBad
6004,5,189.6900000000002,2,120.85,2opt,notBad
6005,5,189.6900000000002,2,120.85,swap,notBad
6006,5,189.6900000000002,2,120.85,move,improve
6007,5,189.6900000000002,2,120.85,move,improve
6008,5,189.6900000000002,2,120.85,move,improve
6009,5,189.6900000000002,2,120.85,swap,notBad
6010,5,187.8400000000002,2,120.85,move,improve
6011,5,187.07,2,120.85,move,improve
6012,5,187.07,2,120.85,move,improve
6013,5,187.07,2,120.85,swap,notBad
6014,5,187.07,2,120.85,2opt,notBad
6015,5,187.07,2,120.85,2opt,notBad
6016,5,187.07,2,120.85,move,improve
6017,5,187.07,2,120.85,swap,notBad
6018,5,187.07,2,120.85,swap,notBad
6019,5,187.07,2,120.85,swap,notBad
6020,5,187.07,2,120.85,move,improve
6021,5,187.07,2,120.85,2opt,notBad
6022,5,187.07,2,120.85,move,improve
6023,5,187.07,2,120.85,swap,notBad
6024,5,187.07,2,120.85,2opt,notBad
6025,5,187.07,2,120.85,swap,notBad
6026,5,187.07,2,120.85,swap,notBad
6027,5,190.54000000000002,2,120.85,swap,acceptBad
6028,5,190.54000000000002,2,120.85,2opt,notBad
6029,5,190.54000000000002,2,120.85,swap,notBad
6030,5,190.54000000000002,2,120.85,2opt,improve
6031,5,190.54000000000002,2,120.85,2opt,notBad
6032,5,190.54000000000002,2,120.85,move,improve
6033,5,190.54000000000002,2,120.85,move,notBad
6034,5,190.54000000000002,2,120.85,2opt,notBad
6035,5,186.97,2,120.85,move,improve
6036,5,184.86999999999992,2,120.85,move,improve
6037,5,184.86999999999992,2,120.85,swap,notBad
6038,5,184.86999999999992,2,120.85,swap,notBad
6039,5,184.86999999999992,2,120.85,move,improve
6040,5,184.86999999999992,2,120.85,swap,notBad
6041,5,184.86999999999992,2,120.85,swap,notBad
6042,5,184.78000000000017,2,120.85,move,improve
6043,5,184.78000000000017,2,120.85,2opt,notBad
6044,5,181.17000000000007,2,120.85,move,improve
6045,5,181.17000000000007,2,120.85,swap,notBad
6046,5,181.17000000000007,2,120.85,move,improve
6047,5,181.17000000000007,2,120.85,swap,notBad
6048,5,181.17000000000007,2,120.85,move,improve
6049,5,181.17000000000007,2,120.85,move,notBad
6050,5,181.17000000000007,2,120.85,move,improve
6051,5,181.17000000000007,2,120.85,2opt,improve
6052,5,181.17000000000007,2,120.85,swap,notBad
6053,5,181.17000000000007,2,120.85,move,improve
6054,5,181.17000000000007,2,120.85,2opt,notBad
6055,5,181.17000000000007,2,120.85,move,improve
6056,5,181.17000000000007,2,120.85,move,improve
6057,5,179.98999999999998,2,120.85,move,improve
6058,5,179.98999999999998,2,120.85,move,improve
6059,5,179.98999999999998,2,120.85,move,improve
6060,5,179.98999999999998,2,120.85,swap,notBad
6061,5,179.98999999999998,2,120.85,2opt,notBad
6062,5,179.98999999999998,2,120.85,swap,notBad
6063,5,179.98999999999998,2,120.85,2opt,notBad
6064,5,179.98999999999998,2,120.85,swap,notBad
6065,5,179.98999999999998,2,120.85,move,improve
6066,5,181.74,2,120.85,2opt,acceptBad
6067,5,181.74,2,120.85,2opt,notBad
6068,5,181.74,2,120.85,swap,notBad
6069,5,181.74,2,120.85,move,improve
6070,5,181.74,2,120.85,2opt,notBad
6071,5,181.74,2,120.85,swap,notBad
6072,5,181.74,2,120.85,2opt,notBad
6073,5,181.74,2,120.85,2opt,notBad
6074,5,181.74,2,120.85,swap,notBad
6075,5,181.74,2,120.85,swap,notBad
6076,5,181.74,2,120.85,move,improve
6077,5,182.1,2,120.85,2opt,acceptBad
6078,5,182.1,2,120.85,move,improve
6079,5,182.1,2,120.85,move,improve
6080,5,182.1,2,120.85,move,improve
6081,5,182.1,2,120.85,swap,notBad
6082,5,182.1,2,120.85,swap,notBad
6083,5,182.1,2,120.85,2opt,notBad
6084,5,182.1,2,120.85,move,improve
6085,5,182.1,2,120.85,swap,notBad
6086,5,182.1,2,120.85,move,improve
6087,5,182.1,2,120.85,swap,notBad
6088,5,182.1,2,120.85,move,improve
6089,5,182.1,2,120.85,move,improve
6090,5,182.1,2,120.85,move,improve
6091,5,182.1,2,120.85,swap,notBad
6092,5,182.1,2,120.85,move,improve
6093,5,182.1,2,120.85,swap,notBad
6094,5,182.1,2,120.85,swap,notBad
6095,5,182.1,2,120.85,2opt,notBad
6096,5,182.1,2,120.85,swap,notBad
6097,5,182.1,2,120.85,2opt,notBad
6098,5,182.1,2,120.85,2opt,notBad
6099,5,182.1,2,120.85,move,improve
6100,5,182.1,2,120.85,2opt,notBad
6101,5,182.1,2,120.85,move,improve
6102,5,182.1,2,120.85,move,improve
6103,5,182.1,2,120.85,swap,notBad
6104,5,182.1,2,120.85,move,improve
6105,5,182.1,2,120.85,move,improve
6106,5,182.1,2,120.85,2opt,notBad
6107,5,182.1,2,120.85,move,improve
6108,5,182.1,2,120.85,2opt,notBad
6109,5,182.1,2,120.85,move,improve
6110,5,182.1,2,120.85,move,improve
6111,5,182.1,2,120.85,2opt,notBad
6112,5,180.11,2,120.85,move,improve
6113,5,179.94,2,120.85,move,improve
6114,5,179.94,2,120.85,2opt,notBad
6115,5,179.94,2,120.85,swap,notBad
6116,5,179.94,2,120.85,2opt,notBad
6117,5,179.94,2,120.85,2opt,notBad
6118,5,179.94,2,120.85,2opt,notBad
6119,5,179.94,2,120.85,swap,notBad
6120,5,179.94,2,120.85,move,improve
6121,5,179.94,2,120.85,2opt,notBad
6122,5,179.94,2,120.85,2opt,notBad
6123,5,179.94,2,120.85,move,improve
6124,5,179.94,2,120.85,move,improve
6125,5,179.94,2,120.85,2opt,notBad
6126,5,179.94,2,120.85,swap,notBad
6127,5,179.94,2,120.85,swap,notBad
6128,5,179.94,2,120.85,swap,notBad
6129,5,179.94,2,120.85,swap,notBad
6130,5,179.94,2,120.85,2opt,notBad
6131,5,179.94,2,120.85,2opt,notBad
6132,5,179.94,2,120.85,swap,notBad
6133,5,179.94,2,120.85,swap,notBad
6134,5,179.94,2,120.85,2opt,improve
6135,5,179.94,2,120.85,swap,notBad
6136,5,179.94,2,120.85,swap,notBad
6137,5,179.92,2,120.85,move,improve
6138,5,179.92,2,120.85,2opt,notBad
6139,5,179.92,2,120.85,swap,notBad
6140,5,179.92,2,120.85,swap,notBad
6141,5,179.92,2,120.85,swap,notBad
6142,5,179.92,2,120.85,swap,notBad
6143,5,179.92,2,120.85,move,improve
6144,5,179.92,2,120.85,2opt,notBad
6145,5,179.92,2,120.85,move,improve
6146,5,179.92,2,120.85,2opt,notBad
6147,5,182.0200000000001,2,120.85,swap,acceptBad
6148,5,182.0200000000001,2,120.85,2opt,notBad
6149,5,182.0200000000001,2,120.85,swap,notBad
6150,5,182.0200000000001,2,120.85,move,improve
6151,5,182.0200000000001,2,120.85,move,improve
6152,5,182.0200000000001,2,120.85,2opt,notBad
6153,5,182.0200000000001,2,120.85,move,improve
6154,5,182.0200000000001,2,120.85,swap,notBad
6155,5,182.0200000000001,2,120.85,swap,notBad
6156,5,182.0200000000001,2,120.85,swap,notBad
6157,5,182.0200000000001,2,120.85,swap,notBad
6158,5,182.0200000000001,2,120.85,move,improve
6159,5,182.0200000000001,2,120.85,2opt,notBad
6160,5,182.0200000000001,2,120.85,move,improve
6161,5,182.0200000000001,2,120.85,2opt,notBad
6162,5,182.0200000000001,2,120.85,2opt,notBad
6163,5,182.0200000000001,2,120.85,move,improve
6164,5,182.0200000000001,2,120.85,2opt,notBad
6165,5,182.0200000000001,2,120.85,move,improve
6166,5,182.0200000000001,2,120.85,2opt,notBad
6167,5,182.0200000000001,2,120.85,2opt,notBad
6168,5,182.0200000000001,2,120.85,move,improve
6169,5,182.0200000000001,2,120.85,2opt,notBad
6170,5,182.0200000000001,2,120.85,swap,notBad
6171,5,182.0200000000001,2,120.85,2opt,improve
6172,5,182.0200000000001,2,120.85,2opt,notBad
6173,5,182.0200000000001,2,120.85,2opt,notBad
6174,5,181.6500000000001,2,120.85,move,improve
6175,5,181.6500000000001,2,120.85,swap,notBad
6176,5,181.6500000000001,2,120.85,move,improve
6177,5,182.18000000000006,2,120.85,swap,acceptBad
6178,5,182.18000000000006,2,120.85,move,improve
6179,5,182.18000000000006,2,120.85,swap,notBad
6180,5,182.18000000000006,2,120.85,2opt,notBad
6181,5,182.18000000000006,2,120.85,2opt,notBad
6182,5,182.18000000000006,2,120.85,swap,notBad
6183,5,182.18000000000006,2,120.85,2opt,notBad
6184,5,182.18000000000006,2,120.85,swap,notBad
6185,5,182.18000000000006,2,120.85,2opt,notBad
6186,5,187.84000000000006,2,120.85,swap,acceptBad
6187,5,187.84000000000006,2,120.85,2opt,notBad
6188,5,187.84000000000006,2,120.85,2opt,notBad
6189,5,187.84000000000006,2,120.85,2opt,notBad
6190,5,182.18000000000006,2,120.85,swap,improve
6191,5,182.18000000000006,2,120.85,2opt,notBad
6192,5,182.18000000000006,2,120.85,swap,notBad
6193,5,182.18000000000006,2,120.85,swap,notBad
6194,5,182.18000000000006,2,120.85,move,improve
6195,5,182.18000000000006,2,120.85,swap,notBad
6196,5,182.18000000000006,2,120.85,move,improve
6197,5,182.18000000000006,2,120.85,2opt,improve
6198,5,182.18000000000006,2,120.85,swap,notBad
6199,5,182.18000000000006,2,120.85,swap,notBad
6200,5,182.18000000000006,2,120.85,move,improve
6201,5,182.18000000000006,2,120.85,2opt,notBad
6202,5,182.18000000000006,2,120.85,move,improve
6203,5,182.18000000000006,2,120.85,swap,notBad
6204,5,185.76000000000045,2,120.85,swap,acceptBad
6205,5,185.76000000000045,2,120.85,move,improve
6206,5,185.76000000000045,2,120.85,2opt,notBad
6207,5,185.76000000000045,2,120.85,swap,notBad
6208,5,185.76000000000045,2,120.85,move,improve
6209,5,183.49000000000055,2,120.85,move,improve
6210,5,183.49000000000055,2,120.85,swap,notBad
6211,5,183.49000000000055,2,120.85,2opt,notBad
6212,5,183.49000000000055,2,120.85,move,improve
6213,5,183.49000000000055,2,120.85,2opt,notBad
6214,5,183.49000000000055,2,120.85,2opt,notBad
6215,5,183.49000000000055,2,120.85,2opt,improve
6216,5,183.49000000000055,2,120.85,2opt,improve
6217,5,183.49000000000055,2,120.85,swap,notBad
6218,5,183.49000000000055,2,120.85,2opt,notBad
6219,5,183.49000000000055,2,120.85,swap,notBad
6220,5,183.49000000000055,2,120.85,move,improve
6221,5,183.49000000000055,2,120.85,2opt,notBad
6222,5,183.49000000000055,2,120.85,2opt,notBad
6223,5,181.45000000000078,2,120.85,move,improve
6224,5,181.45000000000078,2,120.85,swap,notBad
6225,5,181.45000000000078,2,120.85,2opt,notBad
6226,5,181.45000000000078,2,120.85,swap,notBad
6227,5,181.45000000000078,2,120.85,swap,notBad
6228,5,181.45000000000078,2,120.85,2opt,notBad
6229,5,181.45000000000078,2,120.85,2opt,notBad
6230,5,181.45000000000078,2,120.85,2opt,notBad
6231,5,181.45000000000078,2,120.85,move,improve
6232,5,181.45000000000078,2,120.85,swap,notBad
6233,5,181.45000000000078,2,120.85,move,improve
6234,5,181.45000000000078,2,120.85,2opt,notBad
6235,5,181.45000000000078,2,120.85,swap,notBad
6236,5,181.45000000000078,2,120.85,2opt,notBad
6237,5,181.45000000000078,2,120.85,move,notBad
6238,5,181.45000000000078,2,120.85,swap,notBad
6239,5,181.45000000000078,2,120.85,2opt,notBad
6240,5,181.45000000000078,2,120.85,move,improve
6241,5,181.45000000000078,2,120.85,move,improve
6242,5,181.45000000000078,2,120.85,move,improve
6243,5,181.45000000000078,2,120.85,swap,notBad
6244,5,181.45000000000078,2,120.85,move,improve
6245,5,180.9200000000008,2,120.85,move,improve
6246,5,180.9200000000008,2,120.85,2opt,notBad
6247,5,180.9200000000008,2,120.85,swap,notBad
6248,5,180.9200000000008,2,120.85,move,improve
6249,5,179.46000000000106,2,120.85,swap,improve
6250,5,176.00000000000054,2,120.85,move,improve
6251,5,175.13000000000056,2,120.85,move,improve
6252,5,175.13000000000056,2,120.85,2opt,notBad
6253,5,175.13000000000056,2,120.85,2opt,notBad
6254,5,175.13000000000056,2,120.85,2opt,notBad
6255,5,175.13000000000056,2,120.85,2opt,notBad
6256,5,175.13000000000056,2,120.85,2opt,notBad
6257,5,181.49000000000066,2,120.85,swap,acceptBad
6258,5,181.49000000000066,2,120.85,swap,notBad
6259,5,181.49000000000066,2,120.85,2opt,notBad
6260,5,181.49000000000066,2,120.85,2opt,notBad
6261,5,181.49000000000066,2,120.85,move,improve
6262,5,181.49000000000066,2,120.85,move,improve
6263,5,181.49000000000066,2,120.85,swap,notBad
6264,5,181.49000000000066,2,120.85,2opt,notBad
6265,5,181.49000000000066,2,120.85,swap,notBad
6266,5,181.49000000000066,2,120.85,2opt,notBad
6267,5,181.49000000000066,2,120.85,2opt,improve
6268,5,181.49000000000066,2,120.85,move,improve
6269,5,181.49000000000066,2,120.85,move,improve
6270,5,181.49000000000066,2,120.85,move,improve
6271,5,181.49000000000066,2,120.85,swap,notBad
6272,5,181.04000000000065,2,120.85,2opt,improve
6273,5,181.04000000000065,2,120.85,move,improve
6274,5,181.04000000000065,2,120.85,swap,notBad
6275,5,181.04000000000065,2,120.85,2opt,notBad
6276,5,181.04000000000065,2,120.85,move,improve
6277,5,181.04000000000065,2,120.85,2opt,notBad
6278,5,181.04000000000065,2,120.85,swap,notBad
6279,5,181.04000000000065,2,120.85,2opt,notBad
6280,5,181.04000000000065,2,120.85,move,improve
6281,5,181.04000000000065,2,120.85,2opt,notBad
6282,5,181.04000000000065,2,120.85,swap,notBad
6283,5,181.04000000000065,2,120.85,2opt,improve
6284,5,181.04000000000065,2,120.85,2opt,notBad
6285,5,181.04000000000065,2,120.85,2opt,notBad
6286,5,181.04000000000065,2,120.85,move,improve
6287,5,181.04000000000065,2,120.85,swap,notBad
6288,5,181.04000000000065,2,120.85,move,improve
6289,5,181.04000000000065,2,120.85,swap,notBad
6290,5,181.04000000000065,2,120.85,swap,notBad
6291,5,181.04000000000065,2,120.85,2opt,notBad
6292,5,181.04000000000065,2,120.85,swap,notBad
6293,5,181.04000000000065,2,120.85,2opt,notBad
6294,5,181.04000000000065,2,120.85,2opt,improve
6295,5,181.04000000000065,2,120.85,swap,notBad
6296,5,181.04000000000065,2,120.85,2opt,notBad
6297,5,181.04000000000065,2,120.85,swap,notBad
6298,5,181.04000000000065,2,120.85,swap,notBad
6299,5,181.04000000000065,2,120.85,move,improve
6300,5,181.04000000000065,2,120.85,move,improve
6301,5,181.04000000000065,2,120.85,swap,notBad
6302,5,181.04000000000065,2,120.85,swap,notBad
6303,5,181.04000000000065,2,120.85,2opt,notBad
6304,5,181.04000000000065,2,120.85,move,improve
6305,5,181.04000000000065,2,120.85,move,improve
6306,5,181.04000000000065,2,120.85,2opt,notBad
6307,5,181.04000000000065,2,120.85,2opt,improve
6308,5,181.04000000000065,2,120.85,2opt,notBad
6309,5,181.04000000000065,2,120.85,2opt,notBad
6310,5,181.04000000000065,2,120.85,2opt,notBad
6311,5,181.04000000000065,2,120.85,2opt,improve
6312,5,181.04000000000065,2,120.85,move,improve
6313,5,181.04000000000065,2,120.85,move,improve
6314,5,181.04000000000065,2,120.85,2opt,notBad
6315,5,181.04000000000065,2,120.85,move,improve
6316,5,181.04000000000065,2,120.85,2opt,notBad
6317,5,181.04000000000065,2,120.85,2opt,notBad
6318,5,181.04000000000065,2,120.85,move,improve
6319,5,181.04000000000065,2,120.85,2opt,improve
6320,5,181.04000000000065,2,120.85,2opt,notBad
6321,5,181.04000000000065,2,120.85,2opt,notBad
6322,5,181.04000000000065,2,120.85,2opt,improve
6323,5,181.04000000000065,2,120.85,swap,notBad
6324,5,181.04000000000065,2,120.85,swap,notBad
6325,5,177.3400000000002,2,120.85,move,improve
6326,5,177.3400000000002,2,120.85,swap,notBad
6327,5,177.3400000000002,2,120.85,2opt,notBad
6328,5,177.3400000000002,2,120.85,swap,notBad
6329,5,177.3400000000002,2,120.85,move,improve
6330,5,177.3400000000002,2,120.85,move,improve
6331,5,177.3400000000002,2,120.85,2opt,notBad
6332,5,177.3400000000002,2,120.85,swap,notBad
6333,5,177.3400000000002,2,120.85,2opt,improve
6334,5,177.3400000000002,2,120.85,move,improve
6335,5,177.3400000000002,2,120.85,2opt,notBad
6336,5,183.73000000000033,2,120.85,swap,acceptBad
6337,5,183.73000000000033,2,120.85,2opt,notBad
6338,5,183.73000000000033,2,120.85,2opt,notBad
6339,5,183.73000000000033,2,120.85,2opt,improve
6340,5,183.73000000000033,2,120.85,swap,notBad
6341,5,183.73000000000033,2,120.85,move,improve
6342,5,183.73000000000033,2,120.85,2opt,improve
6343,5,183.73000000000033,2,120.85,move,improve
6344,5,183.73000000000033,2,120.85,2opt,notBad
6345,5,183.73000000000033,2,120.85,swap,notBad
6346,5,183.73000000000033,2,120.85,move,improve
6347,5,193.22000000000034,2,120.85,move,acceptBad
6348,5,193.52000000000038,2,120.85,2opt,acceptBad
6349,5,193.52000000000038,2,120.85,move,improve
6350,5,193.52000000000038,2,120.85,move,improve
6351,5,193.52000000000038,2,120.85,swap,notBad
6352,5,193.52000000000038,2,120.85,2opt,notBad
6353,5,193.52000000000038,2,120.85,swap,notBad
6354,5,193.52000000000038,2,120.85,2opt,improve
6355,5,191.81000000000012,2,120.85,move,improve
6356,5,191.81000000000012,2,120.85,swap,notBad
6357,5,197.9800000000001,2,120.85,swap,acceptBad
6358,5,197.9800000000001,2,120.85,move,improve
6359,5,197.9800000000001,2,120.85,2opt,improve
6360,5,197.9800000000001,2,120.85,2opt,notBad
6361,5,197.9800000000001,2,120.85,move,improve
6362,5,197.9800000000001,2,120.85,swap,notBad
6363,5,197.9800000000001,2,120.85,2opt,improve
6364,5,196.74000000000012,2,120.85,move,improve
6365,5,196.74000000000012,2,120.85,2opt,improve
6366,5,187.2500000000001,2,120.85,move,improve
6367,5,187.2500000000001,2,120.85,2opt,notBad
6368,5,187.2500000000001,2,120.85,swap,notBad
6369,5,187.2500000000001,2,120.85,move,improve
6370,5,187.2500000000001,2,120.85,swap,notBad
6371,5,187.2500000000001,2,120.85,2opt,notBad
6372,5,193.29000000000056,2,120.85,swap,acceptBad
6373,5,193.29000000000056,2,120.85,2opt,notBad
6374,5,193.29000000000056,2,120.85,2opt,notBad
6375,5,192.61000000000055,2,120.85,move,improve
6376,5,192.61000000000055,2,120.85,move,improve
6377,5,192.61000000000055,2,120.85,move,improve
6378,5,192.61000000000055,2,120.85,2opt,notBad
6379,5,192.61000000000055,2,120.85,swap,notBad
6380,5,192.61000000000055,2,120.85,move,improve
6381,5,192.61000000000055,2,120.85,2opt,notBad
6382,5,192.61000000000055,2,120.85,move,improve
6383,5,186.10000000000056,2,120.85,2opt,improve
6384,5,186.10000000000056,2,120.85,2opt,improve
6385,5,186.10000000000056,2,120.85,2opt,notBad
6386,5,184.38000000000054,2,120.85,move,improve
6387,5,184.38000000000054,2,120.85,2opt,notBad
6388,5,184.38000000000054,2,120.85,move,improve
6389,5,184.38000000000054,2,120.85,move,improve
6390,5,178.4300000000004,2,120.85,move,improve
6391,5,178.4300000000004,2,120.85,2opt,notBad
6392,5,178.4300000000004,2,120.85,move,improve
6393,5,178.4300000000004,2,120.85,swap,notBad
6394,5,178.4300000000004,2,120.85,swap,notBad
6395,5,178.4300000000004,2,120.85,swap,notBad
6396,5,178.4300000000004,2,120.85,swap,notBad
6397,5,182.64999999999893,2,120.85,swap,acceptBad
6398,5,182.64999999999893,2,120.85,2opt,notBad
6399,5,182.64999999999893,2,120.85,swap,notBad
6400,5,182.64999999999893,2,120.85,swap,notBad
6401,5,179.279999999999,2,120.85,move,improve
6402,5,179.279999999999,2,120.85,swap,notBad
6403,5,179.279999999999,2,120.85,swap,notBad
6404,5,179.279999999999,2,120.85,2opt,notBad
6405,5,179.279999999999,2,120.85,2opt,notBad
6406,5,179.279999999999,2,120.85,move,improve
6407,5,179.279999999999,2,120.85,2opt,notBad
6408,5,179.279999999999,2,120.85,swap,notBad
6409,5,179.279999999999,2,120.85,swap,notBad
6410,5,179.279999999999,2,120.85,2opt,notBad
6411,5,179.279999999999,2,120.85,2opt,improve
6412,5,179.279999999999,2,120.85,swap,notBad
6413,5,179.279999999999,2,120.85,2opt,notBad
6414,5,179.279999999999,2,120.85,move,improve
6415,5,179.279999999999,2,120.85,swap,notBad
6416,5,179.279999999999,2,120.85,2opt,notBad
6417,5,179.279999999999,2,120.85,move,improve
6418,5,179.279999999999,2,120.85,2opt,notBad
6419,5,179.279999999999,2,120.85,swap,notBad
6420,5,179.279999999999,2,120.85,2opt,notBad
6421,5,179.279999999999,2,120.85,2opt,notBad
6422,5,179.279999999999,2,120.85,2opt,notBad
6423,5,179.10999999999896,2,120.85,move,improve
6424,5,179.10999999999896,2,120.85,move,improve
6425,5,179.10999999999896,2,120.85,2opt,notBad
6426,5,179.10999999999896,2,120.85,2opt,notBad
6427,5,179.10999999999896,2,120.85,2opt,notBad
6428,5,179.10999999999896,2,120.85,2opt,notBad
6429,5,179.10999999999896,2,120.85,2opt,notBad
6430,5,179.10999999999896,2,120.85,2opt,notBad
6431,5,179.10999999999896,2,120.85,2opt,notBad
6432,5,179.10999999999896,2,120.85,swap,notBad
6433,5,185.31999999999897,2,120.85,swap,acceptBad
6434,5,181.27999999999895,2,120.85,move,improve
6435,5,181.27999999999895,2,120.85,2opt,notBad
6436,5,181.27999999999895,2,120.85,move,improve
6437,5,181.27999999999895,2,120.85,2opt,notBad
6438,5,181.27999999999895,2,120.85,swap,notBad
6439,5,181.27999999999895,2,120.85,swap,notBad
6440,5,181.27999999999895,2,120.85,swap,notBad
6441,5,181.27999999999895,2,120.85,2opt,notBad
6442,5,181.27999999999895,2,120.85,swap,notBad
6443,5,181.27999999999895,2,120.85,2opt,notBad
6444,5,181.27999999999895,2,120.85,move,improve
6445,5,181.27999999999895,2,120.85,2opt,notBad
6446,5,181.27999999999895,2,120.85,2opt,notBad
6447,5,181.27999999999895,2,120.85,2opt,notBad
6448,5,181.27999999999895,2,120.85,swap,notBad
6449,5,181.27999999999895,2,120.85,swap,notBad
6450,5,175.7199999999999,2,120.85,move,improve
6451,5,175.7199999999999,2,120.85,move,improve
6452,5,175.7199999999999,2,120.85,2opt,notBad
6453,5,175.7199999999999,2,120.85,2opt,notBad
6454,5,179.87999999999985,2,120.85,swap,acceptBad
6455,5,179.87999999999985,2,120.85,move,improve
6456,5,179.87999999999985,2,120.85,2opt,notBad
6457,5,179.87999999999985,2,120.85,2opt,notBad
6458,5,179.87999999999985,2,120.85,swap,notBad
6459,5,179.87999999999985,2,120.85,2opt,notBad
6460,5,179.87999999999985,2,120.85,move,improve
6461,5,179.87999999999985,2,120.85,move,improve
6462,5,179.65999999999963,2,120.85,move,improve
6463,5,179.65999999999963,2,120.85,move,improve
6464,5,179.65999999999963,2,120.85,2opt,notBad
6465,5,179.65999999999963,2,120.85,2opt,notBad
6466,5,179.65999999999963,2,120.85,move,improve
6467,5,179.65999999999963,2,120.85,2opt,notBad
6468,5,179.65999999999963,2,120.85,swap,notBad
6469,5,180.63999999999942,2,120.85,swap,acceptBad
6470,5,180.63999999999942,2,120.85,move,improve
6471,5,180.63999999999942,2,120.85,move,improve
6472,5,180.63999999999942,2,120.85,swap,notBad
6473,5,180.63999999999942,2,120.85,swap,notBad
6474,5,180.63999999999942,2,120.85,swap,notBad
6475,5,180.63999999999942,2,120.85,2opt,notBad
6476,5,180.63999999999942,2,120.85,swap,notBad
6477,5,180.63999999999942,2,120.85,move,improve
6478,5,180.63999999999942,2,120.85,swap,notBad
6479,5,180.63999999999942,2,120.85,move,improve
6480,5,180.63999999999942,2,120.85,move,improve
6481,5,180.63999999999942,2,120.85,move,improve
6482,5,179.66999999999942,2,120.85,move,improve
6483,5,179.66999999999942,2,120.85,swap,notBad
6484,5,179.66999999999942,2,120.85,swap,notBad
6485,5,179.66999999999942,2,120.85,2opt,notBad
6486,5,179.66999999999942,2,120.85,swap,notBad
6487,5,179.66999999999942,2,120.85,move,improve
6488,5,179.66999999999942,2,120.85,2opt,notBad
6489,5,179.4499999999998,2,120.85,move,improve
6490,5,179.4499999999998,2,120.85,move,improve
6491,5,179.4499999999998,2,120.85,swap,notBad
6492,5,179.4499999999998,2,120.85,2opt,notBad
6493,5,179.4499999999998,2,120.85,2opt,notBad
6494,5,179.4499999999998,2,120.85,move,improve
6495,5,179.4499999999998,2,120.85,2opt,notBad
6496,5,179.4499999999998,2,120.85,swap,notBad
6497,5,179.4499999999998,2,120.85,2opt,notBad
6498,5,179.4499999999998,2,120.85,swap,notBad
6499,5,179.4499999999998,2,120.85,2opt,notBad
6500,5,179.4499999999998,2,120.85,move,improve
6501,5,179.4499999999998,2,120.85,swap,notBad
6502,5,179.4499999999998,2,120.85,move,improve
6503,5,179.4499999999998,2,120.85,2opt,notBad
6504,5,179.4499999999998,2,120.85,swap,notBad
6505,5,179.4499999999998,2,120.85,swap,notBad
6506,5,179.4499999999998,2,120.85,2opt,notBad
6507,5,179.4499999999998,2,120.85,move,improve
6508,5,179.4499999999998,2,120.85,swap,notBad
6509,5,179.3199999999998,2,120.85,move,improve
6510,5,179.3199999999998,2,120.85,2opt,notBad
6511,5,180.43999999999974,2,120.85,2opt,acceptBad
6512,5,180.43999999999974,2,120.85,2opt,notBad
6513,5,180.43999999999974,2,120.85,2opt,notBad
6514,5,180.43999999999974,2,120.85,swap,notBad
6515,5,181.02999999999977,2,120.85,2opt,acceptBad
6516,5,181.02999999999977,2,120.85,swap,notBad
6517,5,181.02999999999977,2,120.85,swap,notBad
6518,5,181.02999999999977,2,120.85,swap,notBad
6519,5,181.02999999999977,2,120.85,2opt,notBad
6520,5,181.02999999999977,2,120.85,2opt,notBad
6521,5,181.02999999999977,2,120.85,move,improve
6522,5,181.02999999999977,2,120.85,2opt,notBad
6523,5,181.02999999999977,2,120.85,2opt,notBad
6524,5,181.02999999999977,2,120.85,2opt,notBad
6525,5,181.02999999999977,2,120.85,2opt,notBad
6526,5,181.02999999999977,2,120.85,swap,notBad
6527,5,181.02999999999977,2,120.85,2opt,notBad
6528,5,181.02999999999977,2,120.85,swap,notBad
6529,5,180.23999999999992,2,120.85,swap,improve
6530,5,180.23999999999992,2,120.85,2opt,notBad
6531,5,180.23999999999992,2,120.85,move,improve
6532,5,180.23999999999992,2,120.85,2opt,notBad
6533,5,180.23999999999992,2,120.85,move,improve
6534,5,178.13999999999993,2,120.85,move,improve
6535,5,178.13999999999993,2,120.85,move,improve
6536,5,178.13999999999993,2,120.85,2opt,notBad
6537,5,178.13999999999993,2,120.85,2opt,notBad
6538,5,178.13999999999993,2,120.85,2opt,notBad
6539,5,178.13999999999993,2,120.85,move,improve
6540,5,178.13999999999993,2,120.85,2opt,notBad
6541,5,178.13999999999993,2,120.85,move,improve
6542,5,178.13999999999993,2,120.85,2opt,notBad
6543,5,178.13999999999993,2,120.85,2opt,notBad
6544,5,178.13999999999993,2,120.85,2opt,notBad
6545,5,178.13999999999993,2,120.85,swap,notBad
6546,5,178.13999999999993,2,120.85,move,improve
6547,5,178.13999999999993,2,120.85,2opt,notBad
6548,5,178.13999999999993,2,120.85,2opt,notBad
6549,5,178.13999999999993,2,120.85,swap,notBad
6550,5,178.13999999999993,2,120.85,2opt,notBad
6551,5,178.13999999999993,2,120.85,swap,notBad
6552,5,178.13999999999993,2,120.85,2opt,notBad
6553,5,178.13999999999993,2,120.85,2opt,notBad
6554,5,178.13999999999993,2,120.85,move,improve
6555,5,178.13999999999993,2,120.85,2opt,notBad
6556,5,178.13999999999993,2,120.85,swap,notBad
6557,5,178.13999999999993,2,120.85,move,improve
6558,5,178.13999999999993,2,120.85,2opt,notBad
6559,5,178.13999999999993,2,120.85,move,improve
6560,5,178.13999999999993,2,120.85,swap,notBad
6561,5,178.13999999999993,2,120.85,2opt,notBad
6562,5,178.13999999999993,2,120.85,move,improve
6563,5,178.13999999999993,2,120.85,2opt,notBad
6564,5,178.13999999999993,2,120.85,swap,notBad
6565,5,178.13999999999993,2,120.85,2opt,notBad
6566,5,178.13999999999993,2,120.85,2opt,notBad
6567,5,178.13999999999993,2,120.85,2opt,improve
6568,5,178.13999999999993,2,120.85,swap,notBad
6569,5,178.13999999999993,2,120.85,2opt,notBad
6570,5,178.13999999999993,2,120.85,swap,notBad
6571,5,178.13999999999993,2,120.85,swap,notBad
6572,5,178.13999999999993,2,120.85,2opt,notBad
6573,5,178.13999999999993,2,120.85,swap,notBad
6574,5,178.13999999999993,2,120.85,swap,notBad
6575,5,178.13999999999993,2,120.85,2opt,notBad
6576,5,178.06000000000003,2,120.85,move,improve
6577,5,178.06000000000003,2,120.85,swap,notBad
6578,5,178.06000000000003,2,120.85,2opt,notBad
6579,5,178.06000000000003,2,120.85,swap,notBad
6580,5,178.06000000000003,2,120.85,move,improve
6581,5,178.06000000000003,2,120.85,move,improve
6582,5,178.06000000000003,2,120.85,move,improve
6583,5,178.06000000000003,2,120.85,2opt,notBad
6584,5,178.06000000000003,2,120.85,2opt,notBad
6585,5,178.06000000000003,2,120.85,swap,notBad
6586,5,178.06000000000003,2,120.85,2opt,notBad
6587,5,178.06000000000003,2,120.85,move,improve
6588,5,178.06000000000003,2,120.85,2opt,improve
6589,5,178.06000000000003,2,120.85,swap,notBad
6590,5,178.06000000000003,2,120.85,swap,notBad
6591,5,178.06000000000003,2,120.85,swap,notBad
6592,5,177.78999999999945,2,120.85,move,improve
6593,5,177.78999999999945,2,120.85,swap,notBad
6594,5,177.78999999999945,2,120.85,2opt,notBad
6595,5,177.78999999999945,2,120.85,2opt,notBad
6596,5,177.78999999999945,2,120.85,2opt,notBad
6597,5,177.78999999999945,2,120.85,2opt,notBad
6598,5,177.78999999999945,2,120.85,2opt,notBad
6599,5,177.78999999999945,2,120.85,2opt,improve
6600,5,177.78999999999945,2,120.85,swap,notBad
6601,5,177.78999999999945,2,120.85,move,improve
6602,5,177.78999999999945,2,120.85,2opt,notBad
6603,5,177.78999999999945,2,120.85,2opt,notBad
6604,5,177.78999999999945,2,120.85,move,improve
6605,5,177.78999999999945,2,120.85,move,improve
6606,5,177.78999999999945,2,120.85,swap,notBad
6607,5,177.78999999999945,2,120.85,2opt,improve
6608,5,177.78999999999945,2,120.85,move,improve
6609,5,177.78999999999945,2,120.85,2opt,notBad
6610,5,177.78999999999945,2,120.85,swap,notBad
6611,5,177.78999999999945,2,120.85,swap,notBad
6612,5,177.78999999999945,2,120.85,move,improve
6613,5,177.78999999999945,2,120.85,move,improve
6614,5,177.78999999999945,2,120.85,move,improve
6615,5,177.78999999999945,2,120.85,swap,notBad
6616,5,177.78999999999945,2,120.85,move,improve
6617,5,177.78999999999945,2,120.85,2opt,notBad
6618,5,177.78999999999945,2,120.85,2opt,notBad
6619,5,177.78999999999945,2,120.85,swap,notBad
6620,5,177.78999999999945,2,120.85,2opt,notBad
6621,5,189.47999999999968,2,120.85,move,acceptBad
6622,5,189.47999999999968,2,120.85,swap,notBad
6623,5,189.47999999999968,2,120.85,2opt,notBad
6624,5,189.47999999999968,2,120.85,swap,notBad
6625,5,189.47999999999968,2,120.85,move,improve
6626,5,190.23999999999972,2,120.85,2opt,acceptBad
6627,5,190.23999999999972,2,120.85,swap,notBad
6628,5,190.23999999999972,2,120.85,move,improve
6629,5,190.23999999999972,2,120.85,move,improve
6630,5,190.23999999999972,2,120.85,move,improve
6631,5,190.19999999999953,2,120.85,move,improve
6632,5,190.19999999999953,2,120.85,swap,notBad
6633,5,188.3199999999995,2,120.85,move,improve
6634,5,188.3199999999995,2,120.85,2opt,notBad
6635,5,191.20999999999972,2,120.85,swap,acceptBad
6636,5,188.76999999999984,2,120.85,move,improve
6637,5,188.76999999999984,2,120.85,2opt,notBad
6638,5,188.76999999999984,2,120.85,2opt,notBad
6639,5,188.76999999999984,2,120.85,swap,notBad
6640,5,188.76999999999984,2,120.85,move,improve
6641,5,188.76999999999984,2,120.85,2opt,notBad
6642,5,188.76999999999984,2,120.85,2opt,notBad
6643,5,188.76999999999984,2,120.85,swap,notBad
6644,5,188.76999999999984,2,120.85,swap,notBad
6645,5,188.76999999999984,2,120.85,move,improve
6646,5,187.3699999999999,2,120.85,move,improve
6647,5,187.3699999999999,2,120.85,move,improve
6648,5,187.3699999999999,2,120.85,swap,notBad
6649,5,187.3699999999999,2,120.85,swap,notBad
6650,5,187.3699999999999,2,120.85,swap,notBad
6651,5,187.3699999999999,2,120.85,2opt,notBad
6652,5,187.3699999999999,2,120.85,move,improve
6653,5,187.3699999999999,2,120.85,2opt,notBad
6654,5,187.3699999999999,2,120.85,move,improve
6655,5,187.3699999999999,2,120.85,move,improve
6656,5,186.98999999999984,2,120.85,move,improve
6657,5,186.98999999999984,2,120.85,2opt,notBad
6658,5,186.98999999999984,2,120.85,swap,notBad
6659,5,186.98999999999984,2,120.85,2opt,notBad
6660,5,186.98999999999984,2,120.85,swap,notBad
6661,5,186.98999999999984,2,120.85,move,improve
6662,5,186.98999999999984,2,120.85,swap,notBad
6663,5,186.98999999999984,2,120.85,2opt,improve
6664,5,186.98999999999984,2,120.85,2opt,notBad
6665,5,186.98999999999984,2,120.85,2opt,improve
6666,5,186.98999999999984,2,120.85,move,improve
6667,5,186.98999999999984,2,120.85,2opt,notBad
6668,5,186.98999999999984,2,120.85,move,improve
6669,5,186.98999999999984,2,120.85,swap,notBad
6670,5,186.98999999999984,2,120.85,move,improve
6671,5,186.98999999999984,2,120.85,move,improve
6672,5,186.98999999999984,2,120.85,swap,notBad
6673,5,186.98999999999984,2,120.85,swap,notBad
6674,5,186.98999999999984,2,120.85,2opt,notBad
6675,5,186.98999999999984,2,120.85,2opt,notBad
6676,5,186.98999999999984,2,120.85,swap,notBad
6677,5,186.98999999999984,2,120.85,2opt,notBad
6678,5,186.98999999999984,2,120.85,2opt,notBad
6679,5,186.98999999999984,2,120.85,move,improve
6680,5,186.98999999999984,2,120.85,swap,notBad
6681,5,186.98999999999984,2,120.85,move,improve
6682,5,186.98999999999984,2,120.85,move,improve
6683,5,186.98999999999984,2,120.85,2opt,notBad
6684,5,186.98999999999984,2,120.85,move,improve
6685,5,186.98999999999984,2,120.85,move,improve
6686,5,186.98999999999984,2,120.85,move,improve
6687,5,186.98999999999984,2,120.85,swap,notBad
6688,5,186.98999999999984,2,120.85,2opt,notBad
6689,5,186.98999999999984,2,120.85,2opt,notBad
6690,5,186.98999999999984,2,120.85,move,improve
6691,5,186.98999999999984,2,120.85,swap,notBad
6692,5,186.98999999999984,2,120.85,2opt,notBad
6693,5,186.98999999999984,2,120.85,2opt,notBad
6694,5,186.98999999999984,2,120.85,swap,notBad
6695,5,186.98999999999984,2,120.85,move,improve
6696,5,186.98999999999984,2,120.85,move,improve
6697,5,186.98999999999984,2,120.85,move,improve
6698,5,186.98999999999984,2,120.85,swap,notBad
6699,5,186.98999999999984,2,120.85,move,improve
6700,5,186.98999999999984,2,120.85,swap,notBad
6701,5,186.98999999999984,2,120.85,2opt,notBad
6702,5,186.98999999999984,2,120.85,2opt,notBad
6703,5,186.98999999999984,2,120.85,swap,notBad
6704,5,186.98999999999984,2,120.85,swap,notBad
6705,5,186.98999999999984,2,120.85,swap,notBad
6706,5,186.98999999999984,2,120.85,swap,notBad
6707,5,186.98999999999984,2,120.85,swap,notBad
6708,5,186.98999999999984,2,120.85,swap,notBad
6709,5,186.98999999999984,2,120.85,swap,notBad
6710,5,186.98999999999984,2,120.85,move,improve
6711,5,186.98999999999984,2,120.85,2opt,notBad
6712,5,186.98999999999984,2,120.85,move,improve
6713,5,186.98999999999984,2,120.85,swap,notBad
6714,5,186.98999999999984,2,120.85,swap,notBad
6715,5,186.98999999999984,2,120.85,move,improve
6716,5,186.98999999999984,2,120.85,move,improve
6717,5,186.98999999999984,2,120.85,2opt,notBad
6718,5,186.98999999999984,2,120.85,swap,notBad
6719,5,186.98999999999984,2,120.85,swap,notBad
6720,5,186.98999999999984,2,120.85,move,improve
6721,5,186.98999999999984,2,120.85,2opt,notBad
6722,5,186.98999999999984,2,120.85,move,improve
6723,5,186.98999999999984,2,120.85,2opt,notBad
6724,5,186.98999999999984,2,120.85,2opt,notBad
6725,5,186.98999999999984,2,120.85,2opt,notBad
6726,5,186.98999999999984,2,120.85,swap,notBad
6727,5,186.98999999999984,2,120.85,move,improve
6728,5,186.98999999999984,2,120.85,move,improve
6729,5,186.98999999999984,2,120.85,swap,notBad
6730,5,186.98999999999984,2,120.85,move,improve
6731,5,186.98999999999984,2,120.85,swap,notBad
6732,5,186.98999999999984,2,120.85,swap,notBad
6733,5,186.98999999999984,2,120.85,move,improve
6734,5,186.98999999999984,2,120.85,move,improve
6735,5,186.98999999999984,2,120.85,move,improve
6736,5,186.98999999999984,2,120.85,swap,notBad
6737,5,190.77000000000015,2,120.85,swap,acceptBad
6738,5,190.77000000000015,2,120.85,swap,notBad
6739,5,190.77000000000015,2,120.85,swap,notBad
6740,5,190.77000000000015,2,120.85,move,improve
6741,5,190.77000000000015,2,120.85,move,improve
6742,5,190.77000000000015,2,120.85,2opt,notBad
6743,5,190.77000000000015,2,120.85,2opt,notBad
6744,5,190.77000000000015,2,120.85,move,improve
6745,5,190.77000000000015,2,120.85,move,improve
6746,5,190.77000000000015,2,120.85,2opt,notBad
6747,5,190.77000000000015,2,120.85,2opt,notBad
6748,5,190.77000000000015,2,120.85,swap,notBad
6749,5,190.77000000000015,2,120.85,2opt,improve
6750,5,190.77000000000015,2,120.85,2opt,improve
6751,5,190.77000000000015,2,120.85,swap,notBad
6752,5,190.77000000000015,2,120.85,2opt,improve
6753,5,190.77000000000015,2,120.85,swap,notBad
6754,5,190.77000000000015,2,120.85,move,improve
6755,5,190.77000000000015,2,120.85,2opt,notBad
6756,5,190.77000000000015,2,120.85,move,improve
6757,5,190.20000000000022,2,120.85,move,improve
6758,5,190.20000000000022,2,120.85,2opt,notBad
6759,5,190.20000000000022,2,120.85,swap,notBad
6760,5,190.20000000000022,2,120.85,swap,notBad
6761,5,189.86000000000013,2,120.85,move,improve
6762,5,189.86000000000013,2,120.85,2opt,notBad
6763,5,189.86000000000013,2,120.85,2opt,notBad
6764,5,189.86000000000013,2,120.85,move,improve
6765,5,189.86000000000013,2,120.85,move,improve
6766,5,189.86000000000013,2,120.85,2opt,notBad
6767,5,188.6199999999998,2,120.85,move,improve
6768,5,188.6199999999998,2,120.85,2opt,notBad
6769,5,188.6199999999998,2,120.85,move,improve
6770,5,188.6199999999998,2,120.85,2opt,notBad
6771,5,188.23999999999972,2,120.85,move,improve
6772,5,188.23999999999972,2,120.85,2opt,notBad
6773,5,188.23999999999972,2,120.85,swap,notBad
6774,5,188.23999999999972,2,120.85,swap,notBad
6775,5,188.23999999999972,2,120.85,swap,notBad
6776,5,188.23999999999972,2,120.85,2opt,notBad
6777,5,188.23999999999972,2,120.85,move,improve
6778,5,188.23999999999972,2,120.85,swap,notBad
6779,5,188.23999999999972,2,120.85,swap,notBad
6780,5,188.23999999999972,2,120.85,move,improve
6781,5,188.23999999999972,2,120.85,2opt,notBad
6782,5,188.23999999999972,2,120.85,2opt,notBad
6783,5,188.23999999999972,2,120.85,2opt,notBad
6784,5,188.23999999999972,2,120.85,move,improve
6785,5,188.23999999999972,2,120.85,2opt,notBad
6786,5,188.23999999999972,2,120.85,swap,notBad
6787,5,188.23999999999972,2,120.85,swap,notBad
6788,5,188.23999999999972,2,120.85,2opt,notBad
6789,5,188.23999999999972,2,120.85,swap,notBad
6790,5,188.23999999999972,2,120.85,2opt,notBad
6791,5,188.23999999999972,2,120.85,move,improve
6792,5,188.23999999999972,2,120.85,swap,notBad
6793,5,188.23999999999972,2,120.85,2opt,notBad
6794,5,188.23999999999972,2,120.85,move,improve
6795,5,187.66999999999982,2,120.85,move,improve
6796,5,187.66999999999982,2,120.85,swap,notBad
6797,5,187.66999999999982,2,120.85,move,improve
6798,5,187.66999999999982,2,120.85,swap,notBad
6799,5,187.66999999999982,2,120.85,swap,notBad
6800,5,187.66999999999982,2,120.85,swap,notBad
6801,5,187.66999999999982,2,120.85,move,improve
6802,5,187.66999999999982,2,120.85,swap,notBad
6803,5,187.66999999999982,2,120.85,2opt,notBad
6804,5,187.66999999999982,2,120.85,move,improve
6805,5,187.66999999999982,2,120.85,2opt,notBad
6806,5,187.66999999999982,2,120.85,move,improve
6807,5,187.66999999999982,2,120.85,swap,notBad
6808,5,187.66999999999982,2,120.85,swap,notBad
6809,5,187.66999999999982,2,120.85,2opt,notBad
6810,5,187.66999999999982,2,120.85,move,improve
6811,5,187.66999999999982,2,120.85,move,improve
6812,5,187.66999999999982,2,120.85,swap,notBad
6813,5,187.66999999999982,2,120.85,swap,notBad
6814,5,187.66999999999982,2,120.85,swap,notBad
6815,5,187.66999999999982,2,120.85,move,improve
6816,5,187.66999999999982,2,120.85,swap,notBad
6817,5,187.66999999999982,2,120.85,move,improve
6818,5,187.66999999999982,2,120.85,swap,notBad
6819,5,187.66999999999982,2,120.85,move,improve
6820,5,187.66999999999982,2,120.85,swap,notBad
6821,5,187.66999999999982,2,120.85,move,improve
6822,5,187.66999999999982,2,120.85,swap,notBad
6823,5,187.66999999999982,2,120.85,2opt,notBad
6824,5,187.66999999999982,2,120.85,swap,notBad
6825,5,187.66999999999982,2,120.85,move,improve
6826,5,187.66999999999982,2,120.85,move,improve
6827,5,187.66999999999982,2,120.85,2opt,notBad
6828,5,187.66999999999982,2,120.85,move,improve
6829,5,187.66999999999982,2,120.85,swap,notBad
6830,5,187.66999999999982,2,120.85,swap,notBad
6831,5,187.66999999999982,2,120.85,swap,notBad
6832,5,187.66999999999982,2,120.85,swap,notBad
6833,5,187.66999999999982,2,120.85,swap,notBad
6834,5,187.66999999999982,2,120.85,2opt,notBad
6835,5,187.66999999999982,2,120.85,2opt,notBad
6836,5,187.66999999999982,2,120.85,2opt,notBad
6837,5,187.66999999999982,2,120.85,move,improve
6838,5,187.66999999999982,2,120.85,swap,notBad
6839,5,187.66999999999982,2,120.85,swap,notBad
6840,5,187.66999999999982,2,120.85,swap,notBad
6841,5,187.66999999999982,2,120.85,move,improve
6842,5,187.66999999999982,2,120.85,2opt,notBad
6843,5,187.66999999999982,2,120.85,2opt,notBad
6844,5,187.66999999999982,2,120.85,move,improve
6845,5,187.66999999999982,2,120.85,2opt,improve
6846,5,187.66999999999982,2,120.85,swap,notBad
6847,5,189.7400000000001,2,120.85,swap,acceptBad
6848,5,189.7400000000001,2,120.85,swap,notBad
6849,5,189.7400000000001,2,120.85,2opt,notBad
6850,5,189.7400000000001,2,120.85,swap,notBad
6851,5,189.7400000000001,2,120.85,2opt,improve
6852,5,189.7400000000001,2,120.85,move,improve
6853,5,189.7400000000001,2,120.85,move,improve
6854,5,189.7400000000001,2,120.85,move,improve
6855,5,189.7400000000001,2,120.85,swap,notBad
6856,5,189.7400000000001,2,120.85,swap,notBad
6857,5,189.7400000000001,2,120.85,swap,notBad
6858,5,189.7400000000001,2,120.85,move,improve
6859,5,189.7400000000001,2,120.85,2opt,improve
6860,5,188.0200000000001,2,120.85,move,improve
6861,5,188.0200000000001,2,120.85,swap,notBad
6862,5,186.12000000000012,2,120.85,move,improve
6863,5,186.12000000000012,2,120.85,2opt,notBad
6864,5,186.12000000000012,2,120.85,swap,notBad
6865,5,186.12000000000012,2,120.85,swap,notBad
6866,5,186.12000000000012,2,120.85,2opt,notBad
6867,5,186.12000000000012,2,120.85,swap,notBad
6868,5,186.12000000000012,2,120.85,swap,notBad
6869,5,186.12000000000012,2,120.85,2opt,notBad
6870,5,186.12000000000012,2,120.85,move,improve
6871,5,186.12000000000012,2,120.85,move,improve
6872,5,186.12000000000012,2,120.85,2opt,notBad
6873,5,186.12000000000012,2,120.85,swap,notBad
6874,5,186.12000000000012,2,120.85,2opt,notBad
6875,5,186.12000000000012,2,120.85,2opt,notBad
6876,5,186.12000000000012,2,120.85,move,improve
6877,5,186.12000000000012,2,120.85,move,improve
6878,5,186.12000000000012,2,120.85,move,improve
6879,5,186.12000000000012,2,120.85,swap,notBad
6880,5,186.12000000000012,2,120.85,swap,notBad
6881,5,186.12000000000012,2,120.85,2opt,notBad
6882,5,186.12000000000012,2,120.85,swap,notBad
6883,5,186.12000000000012,2,120.85,swap,notBad
6884,5,186.12000000000012,2,120.85,2opt,notBad
6885,5,186.12000000000012,2,120.85,move,improve
6886,5,186.12000000000012,2,120.85,move,improve
6887,5,186.12000000000012,2,120.85,swap,notBad
6888,5,186.12000000000012,2,120.85,2opt,notBad
6889,5,186.12000000000012,2,120.85,swap,notBad
6890,5,186.12000000000012,2,120.85,move,improve
6891,5,186.12000000000012,2,120.85,swap,notBad
6892,5,186.12000000000012,2,120.85,swap,notBad
6893,5,186.12000000000012,2,120.85,move,improve
6894,5,186.12000000000012,2,120.85,swap,notBad
6895,5,186.12000000000012,2,120.85,move,improve
6896,5,186.12000000000012,2,120.85,move,improve
6897,5,186.12000000000012,2,120.85,2opt,notBad
6898,5,186.12000000000012,2,120.85,swap,notBad
6899,5,186.12000000000012,2,120.85,2opt,notBad
6900,5,186.12000000000012,2,120.85,move,improve
6901,5,186.12000000000012,2,120.85,swap,notBad
6902,5,186.12000000000012,2,120.85,2opt,notBad
6903,5,186.12000000000012,2,120.85,2opt,notBad
6904,5,186.12000000000012,2,120.85,move,improve
6905,5,186.12000000000012,2,120.85,move,improve
6906,5,186.12000000000012,2,120.85,move,improve
6907,5,186.12000000000012,2,120.85,2opt,notBad
6908,5,186.12000000000012,2,120.85,swap,notBad
6909,5,186.12000000000012,2,120.85,move,improve
6910,5,186.12000000000012,2,120.85,move,improve
6911,5,186.12000000000012,2,120.85,move,improve
6912,5,186.12000000000012,2,120.85,swap,notBad
6913,5,186.12000000000012,2,120.85,move,improve
6914,5,186.12000000000012,2,120.85,swap,notBad
6915,5,186.12000000000012,2,120.85,swap,notBad
6916,5,186.12000000000012,2,120.85,move,improve
6917,5,186.12000000000012,2,120.85,move,improve
6918,5,186.12000000000012,2,120.85,2opt,notBad
6919,5,186.12000000000012,2,120.85,2opt,notBad
6920,5,186.12000000000012,2,120.85,swap,notBad
6921,5,186.12000000000012,2,120.85,2opt,notBad
6922,5,186.12000000000012,2,120.85,2opt,improve
6923,5,186.12000000000012,2,120.85,swap,notBad
6924,5,186.12000000000012,2,120.85,swap,notBad
6925,5,186.12000000000012,2,120.85,2opt,notBad
6926,5,186.12000000000012,2,120.85,2opt,notBad
6927,5,186.12000000000012,2,120.85,move,improve
6928,5,186.12000000000012,2,120.85,move,improve
6929,5,186.12000000000012,2,120.85,2opt,notBad
6930,5,186.12000000000012,2,120.85,swap,notBad
6931,5,186.12000000000012,2,120.85,2opt,notBad
6932,5,186.12000000000012,2,120.85,2opt,improve
6933,5,186.12000000000012,2,120.85,move,improve
6934,5,186.12000000000012,2,120.85,move,improve
6935,5,186.12000000000012,2,120.85,swap,notBad
6936,5,186.12000000000012,2,120.85,swap,notBad
6937,5,186.12000000000012,2,120.85,swap,notBad
6938,5,186.12000000000012,2,120.85,2opt,improve
6939,5,186.12000000000012,2,120.85,swap,notBad
6940,5,186.12000000000012,2,120.85,move,improve
6941,5,186.12000000000012,2,120.85,swap,notBad
6942,5,186.12000000000012,2,120.85,2opt,notBad
6943,5,186.12000000000012,2,120.85,swap,notBad
6944,5,186.12000000000012,2,120.85,swap,notBad
6945,5,186.12000000000012,2,120.85,move,improve
6946,5,186.12000000000012,2,120.85,2opt,notBad
6947,5,186.12000000000012,2,120.85,2opt,notBad
6948,5,186.12000000000012,2,120.85,2opt,improve
6949,5,186.12000000000012,2,120.85,2opt,notBad
6950,5,186.12000000000012,2,120.85,swap,notBad
6951,5,186.12000000000012,2,120.85,move,notBad
6952,5,186.12000000000012,2,120.85,swap,notBad
6953,5,186.12000000000012,2,120.85,2opt,improve
6954,5,186.12000000000012,2,120.85,swap,notBad
6955,5,186.12000000000012,2,120.85,2opt,notBad
6956,5,186.12000000000012,2,120.85,swap,notBad
6957,5,186.12000000000012,2,120.85,2opt,notBad
6958,5,186.12000000000012,2,120.85,swap,notBad
6959,5,186.12000000000012,2,120.85,move,improve
6960,5,186.12000000000012,2,120.85,2opt,notBad
6961,5,186.12000000000012,2,120.85,move,improve
6962,5,186.12000000000012,2,120.85,2opt,notBad
6963,5,186.12000000000012,2,120.85,swap,notBad
6964,5,186.12000000000012,2,120.85,2opt,notBad
6965,5,186.12000000000012,2,120.85,swap,notBad
6966,5,186.12000000000012,2,120.85,move,improve
6967,5,186.12000000000012,2,120.85,move,notBad
6968,5,186.12000000000012,2,120.85,swap,notBad
6969,5,186.12000000000012,2,120.85,2opt,notBad
6970,5,186.12000000000012,2,120.85,swap,notBad
6971,5,186.12000000000012,2,120.85,swap,notBad
6972,5,186.12000000000012,2,120.85,move,improve
6973,5,186.12000000000012,2,120.85,move,improve
6974,5,186.12000000000012,2,120.85,swap,notBad
6975,5,186.12000000000012,2,120.85,swap,notBad
6976,5,186.12000000000012,2,120.85,2opt,notBad
6977,5,186.12000000000012,2,120.85,swap,notBad
6978,5,186.12000000000012,2,120.85,swap,notBad
6979,5,186.12000000000012,2,120.85,2opt,notBad
6980,5,186.12000000000012,2,120.85,2opt,notBad
6981,5,186.12000000000012,2,120.85,move,improve
6982,5,186.12000000000012,2,120.85,move,improve
6983,5,186.12000000000012,2,120.85,2opt,notBad
6984,5,186.12000000000012,2,120.85,move,improve
6985,5,186.12000000000012,2,120.85,move,improve
6986,5,186.12000000000012,2,120.85,move,improve
6987,5,186.12000000000012,2,120.85,swap,notBad
6988,5,186.12000000000012,2,120.85,2opt,notBad
6989,5,186.12000000000012,2,120.85,move,improve
6990,5,186.12000000000012,2,120.85,swap,notBad
6991,5,186.12000000000012,2,120.85,move,improve
6992,5,186.12000000000012,2,120.85,move,improve
6993,5,186.12000000000012,2,120.85,move,improve
6994,5,186.12000000000012,2,120.85,swap,notBad
6995,5,186.12000000000012,2,120.85,swap,notBad
6996,5,186.12000000000012,2,120.85,move,improve
6997,5,186.12000000000012,2,120.85,swap,notBad
6998,5,186.12000000000012,2,120.85,move,improve
6999,5,186.12000000000012,2,120.85,move,improve
7000,5,186.12000000000012,2,120.85,2opt,notBad
7001,5,186.12000000000012,2,120.85,swap,notBad
7002,5,186.12000000000012,2,120.85,swap,notBad
7003,5,186.12000000000012,2,120.85,2opt,notBad
7004,5,186.12000000000012,2,120.85,2opt,notBad
7005,5,186.12000000000012,2,120.85,move,improve
7006,5,186.12000000000012,2,120.85,swap,notBad
7007,5,186.12000000000012,2,120.85,move,improve
7008,5,186.12000000000012,2,120.85,2opt,notBad
7009,5,186.12000000000012,2,120.85,swap,notBad
7010,5,186.12000000000012,2,120.85,move,improve
7011,5,186.12000000000012,2,120.85,swap,notBad
7012,5,186.12000000000012,2,120.85,2opt,notBad
7013,5,186.12000000000012,2,120.85,move,improve
7014,5,186.12000000000012,2,120.85,move,improve
7015,5,186.12000000000012,2,120.85,2opt,notBad
7016,5,186.12000000000012,2,120.85,2opt,notBad
7017,5,186.12000000000012,2,120.85,swap,notBad
7018,5,186.12000000000012,2,120.85,move,improve
7019,5,187.52000000000004,2,120.85,swap,acceptBad
7020,5,187.52000000000004,2,120.85,2opt,notBad
7021,5,187.52000000000004,2,120.85,swap,notBad
7022,5,187.52000000000004,2,120.85,swap,notBad
7023,5,187.52000000000004,2,120.85,move,improve
7024,5,187.52000000000004,2,120.85,2opt,notBad
7025,5,187.52000000000004,2,120.85,swap,notBad
7026,5,187.52000000000004,2,120.85,move,improve
7027,5,187.52000000000004,2,120.85,move,notBad
7028,5,187.52000000000004,2,120.85,move,improve
7029,5,187.52000000000004,2,120.85,2opt,improve
7030,5,187.52000000000004,2,120.85,swap,notBad
7031,5,187.52000000000004,2,120.85,move,improve
7032,5,187.52000000000004,2,120.85,2opt,notBad
7033,5,187.52000000000004,2,120.85,move,improve
7034,5,187.52000000000004,2,120.85,swap,notBad
7035,5,187.52000000000004,2,120.85,swap,notBad
7036,5,187.52000000000004,2,120.85,swap,notBad
7037,5,187.52000000000004,2,120.85,swap,notBad
7038,5,187.52000000000004,2,120.85,swap,notBad
7039,5,186.12000000000012,2,120.85,move,improve
7040,5,186.12000000000012,2,120.85,swap,notBad
7041,5,186.12000000000012,2,120.85,move,improve
7042,5,186.12000000000012,2,120.85,move,improve
7043,5,186.12000000000012,2,120.85,2opt,notBad
7044,5,186.12000000000012,2,120.85,move,improve
7045,5,186.12000000000012,2,120.85,move,improve
7046,5,186.12000000000012,2,120.85,swap,notBad
7047,5,186.12000000000012,2,120.85,2opt,notBad
7048,5,186.12000000000012,2,120.85,move,improve
7049,5,186.12000000000012,2,120.85,2opt,improve
7050,5,186.12000000000012,2,120.85,swap,notBad
7051,5,186.12000000000012,2,120.85,move,improve
7052,5,186.12000000000012,2,120.85,swap,notBad
7053,5,186.12000000000012,2,120.85,move,improve
7054,5,186.12000000000012,2,120.85,move,improve
7055,5,186.12000000000012,2,120.85,move,improve
7056,5,186.12000000000012,2,120.85,2opt,notBad
7057,5,186.12000000000012,2,120.85,2opt,notBad
7058,5,186.12000000000012,2,120.85,move,improve
7059,5,186.12000000000012,2,120.85,move,improve
7060,5,186.12000000000012,2,120.85,2opt,notBad
7061,5,186.12000000000012,2,120.85,move,improve
7062,5,186.12000000000012,2,120.85,swap,notBad
7063,5,186.12000000000012,2,120.85,2opt,notBad
7064,5,186.12000000000012,2,120.85,move,improve
7065,5,186.12000000000012,2,120.85,swap,notBad
7066,5,186.12000000000012,2,120.85,swap,notBad
7067,5,186.12000000000012,2,120.85,move,improve
7068,5,186.12000000000012,2,120.85,swap,notBad
7069,5,186.12000000000012,2,120.85,2opt,improve
7070,5,186.12000000000012,2,120.85,2opt,notBad
7071,5,186.12000000000012,2,120.85,move,improve
7072,5,186.12000000000012,2,120.85,move,improve
7073,5,180.72999999999988,2,120.85,move,improve
7074,5,180.72999999999988,2,120.85,swap,notBad
7075,5,180.72999999999988,2,120.85,2opt,notBad
7076,5,180.72999999999988,2,120.85,2opt,notBad
7077,5,180.72999999999988,2,120.85,2opt,notBad
7078,5,180.72999999999988,2,120.85,2opt,notBad
7079,5,180.16999999999948,2,120.85,move,improve
7080,5,180.16999999999948,2,120.85,2opt,notBad
7081,5,180.16999999999948,2,120.85,2opt,notBad
7082,5,180.16999999999948,2,120.85,move,improve
7083,5,180.16999999999948,2,120.85,2opt,notBad
7084,5,180.52,2,120.85,swap,acceptBad
7085,5,180.52,2,120.85,2opt,notBad
7086,5,180.52,2,120.85,swap,notBad
7087,5,180.52,2,120.85,move,improve
7088,5,180.52,2,120.85,2opt,improve
7089,5,180.52,2,120.85,2opt,notBad
7090,5,180.52,2,120.85,2opt,notBad
7091,5,180.52,2,120.85,move,improve
7092,5,179.46999999999977,2,120.85,move,improve
7093,5,179.46999999999977,2,120.85,2opt,notBad
7094,5,179.46999999999977,2,120.85,swap,notBad
7095,5,179.46999999999977,2,120.85,swap,notBad
7096,5,179.46999999999977,2,120.85,2opt,notBad
7097,5,179.46999999999977,2,120.85,2opt,notBad
7098,5,179.46999999999977,2,120.85,swap,notBad
7099,5,179.46999999999977,2,120.85,move,improve
7100,5,179.46999999999977,2,120.85,swap,notBad
7101,5,179.46999999999977,2,120.85,swap,notBad
7102,5,179.46999999999977,2,120.85,move,improve
7103,5,179.46999999999977,2,120.85,move,improve
7104,5,179.46999999999977,2,120.85,move,improve
7105,5,179.46999999999977,2,120.85,move,improve
7106,5,179.46999999999977,2,120.85,2opt,notBad
7107,5,179.46999999999977,2,120.85,swap,notBad
7108,5,179.6599999999997,2,120.85,2opt,acceptBad
7109,5,179.6599999999997,2,120.85,move,improve
7110,5,179.6599999999997,2,120.85,2opt,notBad
7111,5,179.6599999999997,2,120.85,move,improve
7112,5,179.6599999999997,2,120.85,swap,notBad
7113,5,179.6599999999997,2,120.85,move,improve
7114,5,179.6599999999997,2,120.85,swap,notBad
7115,5,179.6599999999997,2,120.85,swap,notBad
7116,5,179.6599999999997,2,120.85,2opt,notBad
7117,5,179.6599999999997,2,120.85,swap,notBad
7118,5,179.6599999999997,2,120.85,2opt,improve
7119,5,179.6599999999997,2,120.85,2opt,notBad
7120,5,179.6599999999997,2,120.85,swap,notBad
7121,5,179.41999999999942,2,120.85,swap,improve
7122,5,179.41999999999942,2,120.85,move,improve
7123,5,179.41999999999942,2,120.85,2opt,notBad
7124,5,179.41999999999942,2,120.85,2opt,notBad
7125,5,179.41999999999942,2,120.85,2opt,notBad
7126,5,179.41999999999942,2,120.85,2opt,notBad
7127,5,179.41999999999942,2,120.85,swap,notBad
7128,5,179.41999999999942,2,120.85,swap,notBad
7129,5,179.41999999999942,2,120.85,swap,notBad
7130,5,179.41999999999942,2,120.85,move,improve
7131,5,179.41999999999942,2,120.85,swap,notBad
7132,5,179.41999999999942,2,120.85,2opt,notBad
7133,5,179.41999999999942,2,120.85,swap,notBad
7134,5,179.41999999999942,2,120.85,swap,notBad
7135,5,179.41999999999942,2,120.85,swap,notBad
7136,5,173.81999999999974,2,120.85,move,improve
7137,5,173.81999999999974,2,120.85,swap,notBad
7138,5,173.81999999999974,2,120.85,move,improve
7139,5,173.81999999999974,2,120.85,2opt,notBad
7140,5,173.81999999999974,2,120.85,2opt,notBad
7141,5,173.81999999999974,2,120.85,2opt,notBad
7142,5,173.81999999999974,2,120.85,move,improve
7143,5,173.81999999999974,2,120.85,swap,notBad
7144,5,173.81999999999974,2,120.85,move,improve
7145,5,173.81999999999974,2,120.85,swap,notBad
7146,5,173.81999999999974,2,120.85,swap,notBad
7147,5,173.81999999999974,2,120.85,swap,notBad
7148,5,173.81999999999974,2,120.85,move,improve
7149,5,173.81999999999974,2,120.85,swap,notBad
7150,5,173.81999999999974,2,120.85,swap,notBad
7151,5,173.62999999999974,2,120.85,move,improve
7152,5,173.62999999999974,2,120.85,2opt,notBad
7153,5,173.62999999999974,2,120.85,2opt,notBad
7154,5,173.62999999999974,2,120.85,2opt,notBad
7155,5,173.62999999999974,2,120.85,2opt,notBad
7156,5,173.62999999999974,2,120.85,2opt,notBad
7157,5,173.62999999999974,2,120.85,swap,notBad
7158,5,173.62999999999974,2,120.85,2opt,notBad
7159,5,173.62999999999974,2,120.85,2opt,notBad
7160,5,173.62999999999974,2,120.85,move,improve
7161,5,173.62999999999974,2,120.85,swap,notBad
7162,5,173.62999999999974,2,120.85,move,improve
7163,5,173.62999999999974,2,120.85,move,improve
7164,5,173.62999999999974,2,120.85,2opt,improve
7165,5,173.62999999999974,2,120.85,swap,notBad
7166,5,173.62999999999974,2,120.85,2opt,notBad
7167,5,173.62999999999974,2,120.85,2opt,notBad
7168,5,173.62999999999974,2,120.85,move,improve
7169,5,173.62999999999974,2,120.85,swap,notBad
7170,5,173.62999999999974,2,120.85,2opt,notBad
7171,5,173.62999999999974,2,120.85,2opt,notBad
7172,5,173.62999999999974,2,120.85,swap,notBad
7173,5,173.62999999999974,2,120.85,swap,notBad
7174,5,173.62999999999974,2,120.85,swap,notBad
7175,5,173.62999999999974,2,120.85,2opt,notBad
7176,5,173.62999999999974,2,120.85,2opt,improve
7177,5,173.62999999999974,2,120.85,swap,notBad
7178,5,173.62999999999974,2,120.85,swap,notBad
7179,5,173.62999999999974,2,120.85,move,improve
7180,5,173.62999999999974,2,120.85,swap,notBad
7181,5,173.62999999999974,2,120.85,2opt,notBad
7182,5,173.64999999999975,2,120.85,swap,acceptBad
7183,5,173.64999999999975,2,120.85,2opt,notBad
7184,5,173.64999999999975,2,120.85,swap,notBad
7185,5,173.64999999999975,2,120.85,swap,notBad
7186,5,173.64999999999975,2,120.85,2opt,notBad
7187,5,173.64999999999975,2,120.85,2opt,notBad
7188,5,173.64999999999975,2,120.85,swap,notBad
7189,5,173.64999999999975,2,120.85,move,improve
7190,5,173.64999999999975,2,120.85,swap,notBad
7191,5,173.64999999999975,2,120.85,swap,notBad
7192,5,173.64999999999975,2,120.85,2opt,notBad
7193,5,173.45999999999972,2,120.85,move,improve
7194,5,191.26999999999995,2,120.85,move,acceptBad
7195,5,191.26999999999995,2,120.85,2opt,notBad
7196,5,191.26999999999995,2,120.85,move,improve
7197,5,191.26999999999995,2,120.85,swap,notBad
7198,5,191.26999999999995,2,120.85,swap,notBad
7199,5,191.26999999999995,2,120.85,2opt,notBad
7200,5,191.26999999999995,2,120.85,2opt,notBad
7201,5,175.35999999999976,2,120.85,move,improve
7202,5,175.35999999999976,2,120.85,swap,notBad
7203,5,175.35999999999976,2,120.85,2opt,notBad
7204,5,175.35999999999976,2,120.85,swap,notBad
7205,5,175.35999999999976,2,120.85,move,improve
7206,5,175.35999999999976,2,120.85,swap,notBad
7207,5,175.35999999999976,2,120.85,swap,notBad
7208,5,175.35999999999976,2,120.85,move,improve
7209,5,175.35999999999976,2,120.85,swap,notBad
7210,5,175.35999999999976,2,120.85,move,improve
7211,5,175.35999999999976,2,120.85,2opt,notBad
7212,5,175.35999999999976,2,120.85,move,improve
7213,5,175.35999999999976,2,120.85,swap,notBad
7214,5,175.35999999999976,2,120.85,2opt,improve
7215,5,175.35999999999976,2,120.85,2opt,notBad
7216,5,175.35999999999976,2,120.85,2opt,improve
7217,5,176.0599999999995,2,120.85,swap,acceptBad
7218,5,176.0599999999995,2,120.85,swap,notBad
7219,5,175.7300000000002,2,120.85,move,improve
7220,5,175.7300000000002,2,120.85,swap,notBad
7221,5,175.7300000000002,2,120.85,swap,notBad
7222,5,175.7300000000002,2,120.85,swap,notBad
7223,5,175.7300000000002,2,120.85,2opt,notBad
7224,5,175.7300000000002,2,120.85,swap,notBad
7225,5,175.7300000000002,2,120.85,swap,notBad
7226,5,175.7300000000002,2,120.85,2opt,improve
7227,5,175.7300000000002,2,120.85,2opt,improve
7228,5,175.7300000000002,2,120.85,move,improve
7229,5,175.7300000000002,2,120.85,2opt,notBad
7230,5,175.7300000000002,2,120.85,2opt,improve
7231,5,175.7300000000002,2,120.85,swap,notBad
7232,5,175.7300000000002,2,120.85,swap,notBad
7233,5,175.7300000000002,2,120.85,move,improve
7234,5,175.7300000000002,2,120.85,swap,notBad
7235,5,175.7300000000002,2,120.85,move,improve
7236,5,175.7300000000002,2,120.85,2opt,notBad
7237,5,175.7300000000002,2,120.85,swap,notBad
7238,5,175.7300000000002,2,120.85,2opt,notBad
7239,5,174.3099999999995,2,120.85,move,improve
7240,5,174.3099999999995,2,120.85,move,improve
7241,5,174.3099999999995,2,120.85,swap,notBad
7242,5,174.3099999999995,2,120.85,2opt,notBad
7243,5,174.3099999999995,2,120.85,swap,notBad
7244,5,174.3099999999995,2,120.85,swap,notBad
7245,5,174.3099999999995,2,120.85,swap,notBad
7246,5,174.3099999999995,2,120.85,swap,notBad
7247,5,174.3099999999995,2,120.85,move,improve
7248,5,174.3099999999995,2,120.85,2opt,notBad
7249,5,174.3099999999995,2,120.85,move,improve
7250,5,174.3099999999995,2,120.85,move,improve
7251,5,174.3099999999995,2,120.85,move,improve
7252,5,174.3099999999995,2,120.85,move,improve
7253,5,174.3099999999995,2,120.85,swap,notBad
7254,5,174.3099999999995,2,120.85,2opt,improve
7255,5,174.3099999999995,2,120.85,2opt,notBad
7256,5,174.3099999999995,2,120.85,2opt,notBad
7257,5,174.3099999999995,2,120.85,2opt,notBad
7258,5,174.3099999999995,2,120.85,2opt,notBad
7259,5,174.3099999999995,2,120.85,move,improve
7260,5,174.3099999999995,2,120.85,2opt,notBad
7261,5,174.3099999999995,2,120.85,swap,notBad
7262,5,174.3099999999995,2,120.85,2opt,notBad
7263,5,174.3099999999995,2,120.85,move,improve
7264,5,174.3099999999995,2,120.85,move,improve
7265,5,174.3099999999995,2,120.85,move,improve
7266,5,174.3099999999995,2,120.85,move,improve
7267,5,174.3099999999995,2,120.85,swap,notBad
7268,5,174.3099999999995,2,120.85,swap,notBad
7269,5,174.3099999999995,2,120.85,swap,notBad
7270,5,174.3099999999995,2,120.85,swap,notBad
7271,5,174.3099999999995,2,120.85,swap,notBad
7272,5,174.3099999999995,2,120.85,2opt,notBad
7273,5,174.3099999999995,2,120.85,swap,notBad
7274,5,174.3099999999995,2,120.85,move,improve
7275,5,174.3099999999995,2,120.85,swap,notBad
7276,5,174.3099999999995,2,120.85,move,improve
7277,5,174.3099999999995,2,120.85,swap,notBad
7278,5,174.3099999999995,2,120.85,move,improve
7279,5,174.3099999999995,2,120.85,move,improve
7280,5,177.79999999999927,2,120.85,swap,acceptBad
7281,5,177.79999999999927,2,120.85,2opt,notBad
7282,5,177.79999999999927,2,120.85,swap,notBad
7283,5,177.79999999999927,2,120.85,2opt,notBad
7284,5,177.79999999999927,2,120.85,move,improve
7285,5,177.79999999999927,2,120.85,move,improve
7286,5,177.79999999999927,2,120.85,swap,notBad
7287,5,177.79999999999927,2,120.85,swap,notBad
7288,5,177.79999999999927,2,120.85,swap,notBad
7289,5,177.79999999999927,2,120.85,swap,notBad
7290,5,177.79999999999927,2,120.85,swap,notBad
7291,5,177.79999999999927,2,120.85,move,improve
7292,5,177.79999999999927,2,120.85,swap,notBad
7293,5,177.79999999999927,2,120.85,2opt,notBad
7294,5,177.79999999999927,2,120.85,2opt,notBad
7295,5,177.79999999999927,2,120.85,2opt,improve
7296,5,177.79999999999927,2,120.85,swap,notBad
7297,5,177.79999999999927,2,120.85,move,improve
7298,5,177.79999999999927,2,120.85,move,improve
7299,5,177.79999999999927,2,120.85,swap,notBad
7300,5,177.79999999999927,2,120.85,2opt,notBad
7301,5,177.79999999999927,2,120.85,move,improve
7302,5,177.79999999999927,2,120.85,2opt,notBad
7303,5,177.79999999999927,2,120.85,swap,notBad
7304,5,177.79999999999927,2,120.85,move,improve
7305,5,177.79999999999927,2,120.85,swap,notBad
7306,5,177.79999999999927,2,120.85,swap,notBad
7307,5,177.79999999999927,2,120.85,move,improve
7308,5,177.79999999999927,2,120.85,swap,notBad
7309,5,177.79999999999927,2,120.85,2opt,notBad
7310,5,177.79999999999927,2,120.85,2opt,notBad
7311,5,177.79999999999927,2,120.85,2opt,notBad
7312,5,177.79999999999927,2,120.85,swap,notBad
7313,5,177.79999999999927,2,120.85,move,improve
7314,5,177.79999999999927,2,120.85,swap,notBad
7315,5,177.79999999999927,2,120.85,swap,notBad
7316,5,177.79999999999927,2,120.85,swap,notBad
7317,5,177.79999999999927,2,120.85,move,improve
7318,5,177.79999999999927,2,120.85,2opt,notBad
7319,5,177.79999999999927,2,120.85,2opt,notBad
7320,5,177.79999999999927,2,120.85,swap,notBad
7321,5,177.79999999999927,2,120.85,move,improve
7322,5,177.79999999999927,2,120.85,2opt,notBad
7323,5,177.79999999999927,2,120.85,move,improve
7324,5,177.79999999999927,2,120.85,2opt,notBad
7325,5,177.79999999999927,2,120.85,swap,notBad
7326,5,177.79999999999927,2,120.85,2opt,notBad
7327,5,177.79999999999927,2,120.85,swap,notBad
7328,5,177.79999999999927,2,120.85,swap,notBad
7329,5,177.79999999999927,2,120.85,swap,notBad
7330,5,177.79999999999927,2,120.85,swap,notBad
7331,5,177.79999999999927,2,120.85,move,improve
7332,5,177.79999999999927,2,120.85,swap,notBad
7333,5,177.79999999999927,2,120.85,move,improve
7334,5,177.79999999999927,2,120.85,move,improve
7335,5,177.79999999999927,2,120.85,move,improve
7336,5,177.79999999999927,2,120.85,move,improve
7337,5,177.79999999999927,2,120.85,2opt,notBad
7338,5,177.79999999999927,2,120.85,swap,notBad
7339,5,177.79999999999927,2,120.85,swap,notBad
7340,5,177.79999999999927,2,120.85,swap,notBad
7341,5,179.3099999999993,2,120.85,2opt,acceptBad
7342,5,179.3099999999993,2,120.85,swap,notBad
7343,5,179.3099999999993,2,120.85,swap,notBad
7344,5,179.3099999999993,2,120.85,2opt,notBad
7345,5,179.3099999999993,2,120.85,move,improve
7346,5,179.3099999999993,2,120.85,2opt,notBad
7347,5,179.3099999999993,2,120.85,2opt,notBad
7348,5,179.3099999999993,2,120.85,2opt,notBad
7349,5,179.3099999999993,2,120.85,swap,notBad
7350,5,179.3099999999993,2,120.85,swap,notBad
7351,5,179.3099999999993,2,120.85,swap,notBad
7352,5,179.3099999999993,2,120.85,2opt,improve
7353,5,179.3099999999993,2,120.85,swap,notBad
7354,5,179.3099999999993,2,120.85,swap,notBad
7355,5,175.65999999999946,2,120.85,move,improve
7356,5,175.65999999999946,2,120.85,swap,notBad
7357,5,175.65999999999946,2,120.85,2opt,notBad
7358,5,175.65999999999946,2,120.85,swap,notBad
7359,5,175.65999999999946,2,120.85,swap,notBad
7360,5,175.65999999999946,2,120.85,swap,notBad
7361,5,175.65999999999946,2,120.85,swap,notBad
7362,5,174.43999999999963,2,120.85,move,improve
7363,5,174.43999999999963,2,120.85,swap,notBad
7364,5,174.43999999999963,2,120.85,swap,notBad
7365,5,174.43999999999963,2,120.85,swap,notBad
7366,5,174.43999999999963,2,120.85,move,improve
7367,5,174.43999999999963,2,120.85,move,improve
7368,5,174.43999999999963,2,120.85,swap,notBad
7369,5,174.43999999999963,2,120.85,2opt,notBad
7370,5,174.43999999999963,2,120.85,swap,notBad
7371,5,174.43999999999963,2,120.85,2opt,notBad
7372,5,174.43999999999963,2,120.85,swap,notBad
7373,5,174.43999999999963,2,120.85,move,improve
7374,5,174.43999999999963,2,120.85,2opt,notBad
7375,5,174.43999999999963,2,120.85,2opt,notBad
7376,5,174.43999999999963,2,120.85,swap,notBad
7377,5,174.43999999999963,2,120.85,move,improve
7378,5,174.43999999999963,2,120.85,swap,notBad
7379,5,174.43999999999963,2,120.85,2opt,notBad
7380,5,174.43999999999963,2,120.85,2opt,improve
7381,5,174.43999999999963,2,120.85,move,improve
7382,5,174.43999999999963,2,120.85,move,improve
7383,5,174.43999999999963,2,120.85,move,improve
7384,5,174.43999999999963,2,120.85,swap,notBad
7385,5,174.43999999999963,2,120.85,2opt,notBad
7386,5,174.43999999999963,2,120.85,swap,notBad
7387,5,174.43999999999963,2,120.85,2opt,notBad
7388,5,174.43999999999963,2,120.85,move,improve
7389,5,174.43999999999963,2,120.85,move,notBad
7390,5,174.43999999999963,2,120.85,2opt,notBad
7391,5,175.83999999999952,2,120.85,swap,acceptBad
7392,5,175.83999999999952,2,120.85,2opt,improve
7393,5,175.83999999999952,2,120.85,move,improve
7394,5,175.83999999999952,2,120.85,2opt,notBad
7395,5,175.83999999999952,2,120.85,swap,notBad
7396,5,175.83999999999952,2,120.85,swap,notBad
7397,5,175.83999999999952,2,120.85,2opt,notBad
7398,5,175.83999999999952,2,120.85,move,improve
7399,5,175.83999999999952,2,120.85,move,improve
7400,5,175.83999999999952,2,120.85,move,improve
7401,5,175.83999999999952,2,120.85,swap,notBad
7402,5,175.83999999999952,2,120.85,move,improve
7403,5,175.83999999999952,2,120.85,swap,notBad
7404,5,175.83999999999952,2,120.85,swap,notBad
7405,5,175.83999999999952,2,120.85,2opt,notBad
7406,5,175.83999999999952,2,120.85,move,improve
7407,5,175.83999999999952,2,120.85,swap,notBad
7408,5,174.3299999999995,2,120.85,2opt,improve
7409,5,174.3299999999995,2,120.85,move,improve
7410,5,174.3299999999995,2,120.85,move,improve
7411,5,174.3299999999995,2,120.85,2opt,notBad
7412,5,174.3299999999995,2,120.85,swap,notBad
7413,5,174.3299999999995,2,120.85,2opt,notBad
7414,5,175.29999999999978,2,120.85,move,acceptBad
7415,5,175.29999999999978,2,120.85,2opt,notBad
7416,5,175.29999999999978,2,120.85,2opt,notBad
7417,5,175.29999999999978,2,120.85,2opt,improve
7418,5,175.29999999999978,2,120.85,2opt,notBad
7419,5,175.29999999999978,2,120.85,swap,notBad
7420,5,175.29999999999978,2,120.85,2opt,notBad
7421,5,175.29999999999978,2,120.85,swap,notBad
7422,5,175.29999999999978,2,120.85,2opt,notBad
7423,5,175.29999999999978,2,120.85,swap,notBad
7424,5,173.9599999999995,2,120.85,move,improve
7425,5,173.9599999999995,2,120.85,swap,notBad
7426,5,173.9599999999995,2,120.85,2opt,notBad
7427,5,173.9599999999995,2,120.85,2opt,notBad
7428,5,173.9599999999995,2,120.85,2opt,improve
7429,5,173.9599999999995,2,120.85,swap,notBad
7430,5,173.9599999999995,2,120.85,2opt,notBad
7431,5,173.9599999999995,2,120.85,2opt,notBad
7432,5,173.9599999999995,2,120.85,move,improve
7433,5,173.9599999999995,2,120.85,swap,notBad
7434,5,173.9599999999995,2,120.85,swap,notBad
7435,5,173.9599999999995,2,120.85,move,improve
7436,5,173.9599999999995,2,120.85,swap,notBad
7437,5,173.9599999999995,2,120.85,move,improve
7438,5,173.9599999999995,2,120.85,2opt,notBad
7439,5,173.9599999999995,2,120.85,swap,notBad
7440,5,173.9599999999995,2,120.85,move,improve
7441,5,173.9599999999995,2,120.85,2opt,improve
7442,5,173.9599999999995,2,120.85,swap,notBad
7443,5,173.9599999999995,2,120.85,2opt,notBad
7444,5,173.9599999999995,2,120.85,move,improve
7445,5,173.9599999999995,2,120.85,2opt,notBad
7446,5,173.9599999999995,2,120.85,move,improve
7447,5,173.9599999999995,2,120.85,swap,notBad
7448,5,173.9599999999995,2,120.85,2opt,notBad
7449,5,173.9599999999995,2,120.85,move,improve
7450,5,173.9599999999995,2,120.85,swap,notBad
7451,5,173.9599999999995,2,120.85,2opt,notBad
7452,5,173.9599999999995,2,120.85,swap,notBad
7453,5,176.44999999999993,2,120.85,swap,acceptBad
7454,5,176.44999999999993,2,120.85,move,improve
7455,5,176.44999999999993,2,120.85,2opt,improve
7456,5,176.44999999999996,2,120.85,swap,acceptBad
7457,5,176.44999999999996,2,120.85,move,improve
7458,5,176.44999999999996,2,120.85,2opt,notBad
7459,5,176.44999999999996,2,120.85,swap,notBad
7460,5,176.44999999999996,2,120.85,swap,notBad
7461,5,176.44999999999996,2,120.85,2opt,notBad
7462,5,176.44999999999996,2,120.85,move,improve
7463,5,176.44999999999996,2,120.85,swap,notBad
7464,5,176.44999999999996,2,120.85,swap,notBad
7465,5,176.44999999999996,2,120.85,move,improve
7466,5,176.44999999999996,2,120.85,2opt,notBad
7467,5,176.44999999999996,2,120.85,2opt,notBad
7468,5,176.44999999999996,2,120.85,move,improve
7469,5,176.44999999999996,2,120.85,2opt,notBad
7470,5,176.44999999999996,2,120.85,swap,notBad
7471,5,176.44999999999996,2,120.85,2opt,notBad
7472,5,176.44999999999996,2,120.85,move,improve
7473,5,176.44999999999996,2,120.85,move,improve
7474,5,176.44999999999996,2,120.85,swap,notBad
7475,5,176.44999999999996,2,120.85,2opt,notBad
7476,5,176.44999999999996,2,120.85,2opt,notBad
7477,5,176.44999999999996,2,120.85,2opt,notBad
7478,5,176.44999999999996,2,120.85,swap,notBad
7479,5,176.44999999999996,2,120.85,swap,notBad
7480,5,176.4099999999999,2,120.85,move,improve
7481,5,176.4099999999999,2,120.85,move,improve
7482,5,176.4099999999999,2,120.85,move,improve
7483,5,176.4099999999999,2,120.85,swap,notBad
7484,5,176.4099999999999,2,120.85,swap,notBad
7485,5,176.4099999999999,2,120.85,2opt,notBad
7486,5,176.4099999999999,2,120.85,2opt,notBad
7487,5,176.4099999999999,2,120.85,swap,notBad
7488,5,176.4099999999999,2,120.85,move,improve
7489,5,178.52999999999966,2,120.85,swap,acceptBad
7490,5,178.52999999999966,2,120.85,move,improve
7491,5,178.52999999999966,2,120.85,2opt,notBad
7492,5,178.52999999999966,2,120.85,swap,notBad
7493,5,178.52999999999966,2,120.85,swap,notBad
7494,5,175.76000000000002,2,120.85,move,improve
7495,5,175.76000000000002,2,120.85,2opt,notBad
7496,5,175.76000000000002,2,120.85,move,improve
7497,5,175.76000000000002,2,120.85,2opt,notBad
7498,5,175.76000000000002,2,120.85,move,improve
7499,5,175.76000000000002,2,120.85,move,improve
7500,5,175.76000000000002,2,120.85,2opt,notBad
7501,5,175.76000000000002,2,120.85,2opt,notBad
7502,5,175.76000000000002,2,120.85,swap,notBad
7503,5,175.76000000000002,2,120.85,move,improve
7504,5,175.76000000000002,2,120.85,move,improve
7505,5,175.76000000000002,2,120.85,swap,notBad
7506,5,175.76000000000002,2,120.85,2opt,notBad
7507,5,175.76000000000002,2,120.85,move,improve
7508,5,175.76000000000002,2,120.85,2opt,notBad
7509,5,175.76000000000002,2,120.85,swap,notBad
7510,5,175.76000000000002,2,120.85,move,improve
7511,5,175.76000000000002,2,120.85,2opt,notBad
7512,5,175.76000000000002,2,120.85,move,improve
7513,5,175.76000000000002,2,120.85,move,improve
7514,5,175.76000000000002,2,120.85,swap,notBad
7515,5,175.76000000000002,2,120.85,2opt,notBad
7516,5,175.76000000000002,2,120.85,swap,notBad
7517,5,175.76000000000002,2,120.85,swap,notBad
7518,5,175.76000000000002,2,120.85,swap,notBad
7519,5,175.76000000000002,2,120.85,swap,notBad
7520,5,175.76000000000002,2,120.85,2opt,notBad
7521,5,175.76000000000002,2,120.85,2opt,notBad
7522,5,175.76000000000002,2,120.85,swap,notBad
7523,5,175.76000000000002,2,120.85,swap,notBad
7524,5,175.76000000000002,2,120.85,move,improve
7525,5,175.76000000000002,2,120.85,2opt,notBad
7526,5,175.76000000000002,2,120.85,move,improve
7527,5,175.76000000000002,2,120.85,swap,notBad
7528,5,175.76000000000002,2,120.85,move,improve
7529,5,175.76000000000002,2,120.85,move,improve
7530,5,175.76000000000002,2,120.85,move,improve
7531,5,175.76000000000002,2,120.85,2opt,notBad
7532,5,175.76000000000002,2,120.85,move,improve
7533,5,175.76000000000002,2,120.85,2opt,improve
7534,5,175.76000000000002,2,120.85,swap,notBad
7535,5,175.76000000000002,2,120.85,2opt,notBad
7536,5,175.76000000000002,2,120.85,2opt,notBad
7537,5,175.76000000000002,2,120.85,2opt,notBad
7538,5,175.76000000000002,2,120.85,swap,notBad
7539,5,175.76000000000002,2,120.85,swap,notBad
7540,5,175.76000000000002,2,120.85,swap,notBad
7541,5,175.76000000000002,2,120.85,move,improve
7542,5,175.76000000000002,2,120.85,move,improve
7543,5,175.76000000000002,2,120.85,2opt,notBad
7544,5,175.76000000000002,2,120.85,2opt,notBad
7545,5,175.76000000000002,2,120.85,2opt,improve
7546,5,175.76000000000002,2,120.85,move,improve
7547,5,175.76000000000002,2,120.85,swap,notBad
7548,5,175.76000000000002,2,120.85,swap,notBad
7549,5,175.76000000000002,2,120.85,move,improve
7550,5,175.76000000000002,2,120.85,swap,notBad
7551,5,175.76000000000002,2,120.85,2opt,notBad
7552,5,175.76000000000002,2,120.85,swap,notBad
7553,5,175.76000000000002,2,120.85,2opt,notBad
7554,5,175.76000000000002,2,120.85,2opt,notBad
7555,5,175.76000000000002,2,120.85,2opt,notBad
7556,5,175.76000000000002,2,120.85,swap,notBad
7557,5,175.76000000000002,2,120.85,swap,notBad
7558,5,175.76000000000002,2,120.85,swap,notBad
7559,5,175.76000000000002,2,120.85,move,improve
7560,5,175.76000000000002,2,120.85,2opt,notBad
7561,5,175.76000000000002,2,120.85,move,improve
7562,5,175.76000000000002,2,120.85,swap,notBad
7563,5,175.76000000000002,2,120.85,2opt,notBad
7564,5,175.76000000000002,2,120.85,2opt,notBad
7565,5,175.76000000000002,2,120.85,2opt,improve
7566,5,175.76000000000002,2,120.85,2opt,improve
7567,5,175.76000000000002,2,120.85,swap,notBad
7568,5,175.76000000000002,2,120.85,move,improve
7569,5,175.76000000000002,2,120.85,2opt,notBad
7570,5,175.76000000000002,2,120.85,swap,notBad
7571,5,175.76000000000002,2,120.85,move,improve
7572,5,175.76000000000002,2,120.85,swap,notBad
7573,5,175.76000000000002,2,120.85,move,improve
7574,5,175.76000000000002,2,120.85,swap,notBad
7575,5,175.76000000000002,2,120.85,move,improve
7576,5,175.76000000000002,2,120.85,swap,notBad
7577,5,175.76000000000002,2,120.85,move,improve
7578,5,175.76000000000002,2,120.85,2opt,notBad
7579,5,173.8900000000006,2,120.85,move,improve
7580,5,173.8900000000006,2,120.85,move,improve
7581,5,173.8900000000006,2,120.85,move,improve
7582,5,173.8900000000006,2,120.85,move,improve
7583,5,173.8900000000006,2,120.85,2opt,notBad
7584,5,173.8900000000006,2,120.85,swap,notBad
7585,5,173.8900000000006,2,120.85,move,improve
7586,5,173.8900000000006,2,120.85,swap,notBad
7587,5,173.8900000000006,2,120.85,2opt,notBad
7588,5,173.89000000000033,2,120.85,move,improve
7589,5,173.89000000000033,2,120.85,2opt,notBad
7590,5,173.89000000000033,2,120.85,move,improve
7591,5,173.89000000000033,2,120.85,2opt,notBad
7592,5,173.89000000000033,2,120.85,2opt,notBad
7593,5,173.89000000000033,2,120.85,move,improve
7594,5,173.89000000000033,2,120.85,swap,notBad
7595,5,173.89000000000033,2,120.85,2opt,notBad
7596,5,173.89000000000033,2,120.85,2opt,notBad
7597,5,173.89000000000033,2,120.85,move,improve
7598,5,173.89000000000033,2,120.85,move,improve
7599,5,173.89000000000033,2,120.85,swap,notBad
7600,5,173.89000000000033,2,120.85,swap,notBad
7601,5,173.89000000000033,2,120.85,2opt,notBad
7602,5,173.89000000000033,2,120.85,2opt,notBad
7603,5,173.89000000000033,2,120.85,swap,notBad
7604,5,173.89000000000033,2,120.85,2opt,notBad
7605,5,173.89000000000033,2,120.85,2opt,notBad
7606,5,173.72000000000028,2,120.85,move,improve
7607,5,173.72000000000028,2,120.85,2opt,notBad
7608,5,173.72000000000028,2,120.85,swap,notBad
7609,5,173.72000000000028,2,120.85,move,improve
7610,5,173.72000000000028,2,120.85,swap,notBad
7611,5,173.72000000000028,2,120.85,2opt,notBad
7612,5,173.72000000000028,2,120.85,2opt,notBad
7613,5,173.72000000000028,2,120.85,2opt,notBad
7614,5,173.72000000000028,2,120.85,move,improve
7615,5,173.72000000000028,2,120.85,2opt,notBad
7616,5,173.72000000000028,2,120.85,swap,notBad
7617,5,173.72000000000028,2,120.85,move,improve
7618,5,173.72000000000028,2,120.85,2opt,notBad
7619,5,173.72000000000028,2,120.85,move,improve
7620,5,173.72000000000028,2,120.85,swap,notBad
7621,5,173.72000000000028,2,120.85,swap,notBad
7622,5,173.72000000000028,2,120.85,swap,notBad
7623,5,173.72000000000028,2,120.85,move,improve
7624,5,173.72000000000028,2,120.85,2opt,notBad
7625,5,173.72000000000028,2,120.85,swap,notBad
7626,5,173.72000000000028,2,120.85,swap,notBad
7627,5,173.72000000000028,2,120.85,move,improve
7628,5,173.72000000000028,2,120.85,move,improve
7629,5,173.72000000000028,2,120.85,move,improve
7630,5,173.72000000000028,2,120.85,2opt,notBad
7631,5,173.72000000000028,2,120.85,swap,notBad
7632,5,173.72000000000028,2,120.85,move,improve
7633,5,173.72000000000028,2,120.85,move,improve
7634,5,173.72000000000028,2,120.85,move,improve
7635,5,173.72000000000028,2,120.85,move,improve
7636,5,173.72000000000028,2,120.85,swap,notBad
7637,5,183.26999999999998,2,120.85,move,acceptBad
7638,5,183.26999999999998,2,120.85,move,improve
7639,5,183.26999999999998,2,120.85,swap,notBad
7640,5,183.26999999999998,2,120.85,move,improve
7641,5,183.26999999999998,2,120.85,2opt,notBad
7642,5,183.26999999999998,2,120.85,move,improve
7643,5,183.26999999999998,2,120.85,swap,notBad
7644,5,183.26999999999998,2,120.85,move,improve
7645,5,183.26999999999998,2,120.85,2opt,notBad
7646,5,183.26999999999998,2,120.85,swap,notBad
7647,5,183.26999999999998,2,120.85,move,improve
7648,5,183.26999999999998,2,120.85,move,improve
7649,5,183.26999999999998,2,120.85,2opt,notBad
7650,5,183.26999999999998,2,120.85,move,improve
7651,5,183.26999999999998,2,120.85,2opt,notBad
7652,5,183.26999999999998,2,120.85,swap,notBad
7653,5,183.26999999999998,2,120.85,2opt,notBad
7654,5,183.26999999999998,2,120.85,move,improve
7655,5,183.26999999999998,2,120.85,2opt,notBad
7656,5,183.26999999999998,2,120.85,move,improve
7657,5,185.07000000000056,2,120.85,swap,acceptBad
7658,5,185.07000000000056,2,120.85,2opt,notBad
7659,5,185.07000000000056,2,120.85,move,improve
7660,5,185.07000000000056,2,120.85,2opt,notBad
7661,5,185.07000000000056,2,120.85,move,improve
7662,5,185.07000000000056,2,120.85,swap,notBad
7663,5,185.07000000000056,2,120.85,2opt,notBad
7664,5,185.07000000000056,2,120.85,swap,notBad
7665,5,185.07000000000056,2,120.85,move,improve
7666,5,185.07000000000056,2,120.85,2opt,notBad
7667,5,185.07000000000056,2,120.85,move,improve
7668,5,185.07000000000056,2,120.85,2opt,improve
7669,5,185.07000000000056,2,120.85,2opt,notBad
7670,5,185.07000000000056,2,120.85,2opt,notBad
7671,5,185.07000000000056,2,120.85,swap,notBad
7672,5,185.07000000000056,2,120.85,2opt,notBad
7673,5,185.05000000000058,2,120.85,move,improve
7674,5,176.21000000000032,2,120.85,move,improve
7675,5,176.21000000000032,2,120.85,2opt,notBad
7676,5,176.21000000000032,2,120.85,move,improve
7677,5,176.21000000000032,2,120.85,swap,notBad
7678,5,174.43000000000032,2,120.85,move,improve
7679,5,174.43000000000032,2,120.85,swap,notBad
7680,5,173.75000000000034,2,120.85,move,improve
7681,5,173.75000000000034,2,120.85,move,improve
7682,5,173.75000000000034,2,120.85,2opt,notBad
7683,5,173.75000000000034,2,120.85,swap,notBad
7684,5,173.75000000000034,2,120.85,move,improve
7685,5,173.75000000000034,2,120.85,2opt,notBad
7686,5,173.75000000000034,2,120.85,swap,notBad
7687,5,173.75000000000034,2,120.85,swap,notBad
7688,5,173.75000000000034,2,120.85,2opt,improve
7689,5,173.75000000000034,2,120.85,2opt,notBad
7690,5,173.75000000000034,2,120.85,swap,notBad
7691,5,173.75000000000034,2,120.85,2opt,improve
7692,5,173.75000000000034,2,120.85,move,improve
7693,5,173.75000000000034,2,120.85,swap,notBad
7694,5,173.75000000000034,2,120.85,move,improve
7695,5,173.75000000000034,2,120.85,2opt,notBad
7696,5,173.75000000000034,2,120.85,swap,notBad
7697,5,173.75000000000034,2,120.85,2opt,notBad
7698,5,173.75000000000034,2,120.85,2opt,notBad
7699,5,173.75000000000034,2,120.85,move,improve
7700,5,173.75000000000034,2,120.85,2opt,notBad
7701,5,173.75000000000034,2,120.85,2opt,notBad
7702,5,173.75000000000034,2,120.85,move,improve
7703,5,173.75000000000034,2,120.85,2opt,improve
7704,5,173.75000000000034,2,120.85,2opt,notBad
7705,5,173.75000000000034,2,120.85,swap,notBad
7706,5,173.75000000000034,2,120.85,swap,notBad
7707,5,173.75000000000034,2,120.85,swap,notBad
7708,5,173.75000000000034,2,120.85,2opt,notBad
7709,5,173.75000000000034,2,120.85,2opt,notBad
7710,5,173.75000000000034,2,120.85,2opt,notBad
7711,5,173.75000000000034,2,120.85,2opt,notBad
7712,5,173.75000000000034,2,120.85,2opt,notBad
7713,5,173.75000000000034,2,120.85,move,improve
7714,5,173.75000000000034,2,120.85,move,improve
7715,5,173.75000000000034,2,120.85,move,improve
7716,5,173.75000000000034,2,120.85,swap,notBad
7717,5,173.75000000000034,2,120.85,move,improve
7718,5,173.75000000000034,2,120.85,move,improve
7719,5,173.75000000000034,2,120.85,swap,notBad
7720,5,173.75000000000034,2,120.85,move,improve
7721,5,173.75000000000034,2,120.85,swap,notBad
7722,5,173.75000000000034,2,120.85,2opt,notBad
7723,5,173.75000000000034,2,120.85,swap,notBad
7724,5,173.75000000000034,2,120.85,swap,notBad
7725,5,173.75000000000034,2,120.85,move,improve
7726,5,173.75000000000034,2,120.85,swap,notBad
7727,5,173.75000000000034,2,120.85,swap,notBad
7728,5,173.75000000000034,2,120.85,2opt,notBad
7729,5,173.75000000000034,2,120.85,move,improve
7730,5,173.75000000000034,2,120.85,2opt,notBad
7731,5,173.75000000000034,2,120.85,swap,notBad
7732,5,173.75000000000034,2,120.85,2opt,notBad
7733,5,173.75000000000034,2,120.85,2opt,notBad
7734,5,173.75000000000034,2,120.85,2opt,notBad
7735,5,173.75000000000034,2,120.85,move,improve
7736,5,173.75000000000034,2,120.85,2opt,notBad
7737,5,173.75000000000034,2,120.85,move,improve
7738,5,173.75000000000034,2,120.85,move,improve
7739,5,173.75000000000034,2,120.85,2opt,notBad
7740,5,173.75000000000034,2,120.85,2opt,notBad
7741,5,173.75000000000034,2,120.85,swap,notBad
7742,5,173.75000000000034,2,120.85,2opt,improve
7743,5,173.75000000000034,2,120.85,2opt,improve
7744,5,173.75000000000034,2,120.85,2opt,notBad
7745,5,173.75000000000034,2,120.85,move,improve
7746,5,173.75000000000034,2,120.85,swap,notBad
7747,5,173.75000000000034,2,120.85,swap,notBad
7748,5,173.75000000000034,2,120.85,2opt,notBad
7749,5,173.75000000000034,2,120.85,swap,notBad
7750,5,173.75000000000034,2,120.85,2opt,notBad
7751,5,173.75000000000034,2,120.85,swap,notBad
7752,5,173.75000000000034,2,120.85,2opt,improve
7753,5,173.75000000000034,2,120.85,2opt,notBad
7754,5,173.75000000000034,2,120.85,2opt,notBad
7755,5,173.75000000000034,2,120.85,2opt,notBad
7756,5,173.75000000000034,2,120.85,move,improve
7757,5,173.75000000000034,2,120.85,swap,notBad
7758,5,173.75000000000034,2,120.85,move,improve
7759,5,173.75000000000034,2,120.85,2opt,notBad
7760,5,173.75000000000034,2,120.85,swap,notBad
7761,5,173.75000000000034,2,120.85,move,improve
7762,5,173.75000000000034,2,120.85,swap,notBad
7763,5,173.75000000000034,2,120.85,2opt,notBad
7764,5,173.75000000000034,2,120.85,move,improve
7765,5,173.75000000000034,2,120.85,swap,notBad
7766,5,173.75000000000034,2,120.85,move,improve
7767,5,173.75000000000034,2,120.85,move,notBad
7768,5,173.75000000000034,2,120.85,swap,notBad
7769,5,173.75000000000034,2,120.85,swap,notBad
7770,5,173.75000000000034,2,120.85,2opt,notBad
7771,5,173.75000000000034,2,120.85,2opt,notBad
7772,5,173.75000000000034,2,120.85,swap,notBad
7773,5,173.75000000000034,2,120.85,move,improve
7774,5,173.75000000000034,2,120.85,move,improve
7775,5,173.75000000000034,2,120.85,swap,notBad
7776,5,173.75000000000034,2,120.85,swap,notBad
7777,5,173.75000000000034,2,120.85,swap,notBad
7778,5,173.75000000000034,2,120.85,2opt,notBad
7779,5,173.75000000000034,2,120.85,move,improve
7780,5,173.75000000000034,2,120.85,2opt,notBad
7781,5,173.75000000000034,2,120.85,move,improve
7782,5,173.75000000000034,2,120.85,swap,notBad
7783,5,173.75000000000034,2,120.85,swap,notBad
7784,5,173.75000000000034,2,120.85,swap,notBad
7785,5,173.75000000000034,2,120.85,2opt,notBad
7786,5,173.75000000000034,2,120.85,move,improve
7787,5,173.75000000000034,2,120.85,swap,notBad
7788,5,173.75000000000034,2,120.85,move,improve
7789,5,173.75000000000034,2,120.85,move,improve
7790,5,173.75000000000034,2,120.85,move,improve
7791,5,173.75000000000034,2,120.85,2opt,notBad
7792,5,173.75000000000034,2,120.85,swap,notBad
7793,5,173.75000000000034,2,120.85,swap,notBad
7794,5,172.46999999999989,2,120.85,swap,improve
7795,5,172.46999999999989,2,120.85,swap,notBad
7796,5,172.46999999999989,2,120.85,swap,notBad
7797,5,172.46999999999989,2,120.85,2opt,improve
7798,5,172.46999999999989,2,120.85,move,improve
7799,5,172.46999999999989,2,120.85,move,improve
7800,5,172.46999999999989,2,120.85,move,improve
7801,5,172.46999999999989,2,120.85,2opt,notBad
7802,5,172.46999999999989,2,120.85,2opt,notBad
7803,5,172.46999999999989,2,120.85,move,improve
7804,5,172.46999999999989,2,120.85,move,improve
7805,5,172.46999999999989,2,120.85,swap,notBad
7806,5,172.46999999999989,2,120.85,swap,notBad
7807,5,172.46999999999989,2,120.85,swap,notBad
7808,5,172.46999999999989,2,120.85,swap,notBad
7809,5,172.46999999999989,2,120.85,move,improve
7810,5,172.46999999999989,2,120.85,2opt,notBad
7811,5,172.46999999999989,2,120.85,swap,notBad
7812,5,172.46999999999989,2,120.85,move,improve
7813,5,172.46999999999989,2,120.85,move,improve
7814,5,172.46999999999989,2,120.85,move,improve
7815,5,172.46999999999989,2,120.85,move,improve
7816,5,172.46999999999989,2,120.85,2opt,notBad
7817,5,172.46999999999989,2,120.85,2opt,notBad
7818,5,172.46999999999989,2,120.85,move,improve
7819,5,172.46999999999989,2,120.85,2opt,notBad
7820,5,172.46999999999989,2,120.85,move,improve
7821,5,172.46999999999989,2,120.85,move,improve
7822,5,173.76999999999998,2,120.85,swap,acceptBad
7823,5,173.76999999999998,2,120.85,2opt,notBad
7824,5,173.76999999999998,2,120.85,2opt,notBad
7825,5,173.76999999999998,2,120.85,swap,notBad
7826,5,173.76999999999998,2,120.85,2opt,notBad
7827,5,173.76999999999998,2,120.85,swap,notBad
7828,5,173.3700000000001,2,120.85,move,improve
7829,5,173.3700000000001,2,120.85,move,improve
7830,5,173.3700000000001,2,120.85,swap,notBad
7831,5,173.3700000000001,2,120.85,2opt,notBad
7832,5,173.3700000000001,2,120.85,move,improve
7833,5,173.3700000000001,2,120.85,2opt,notBad
7834,5,173.3700000000001,2,120.85,move,improve
7835,5,173.3700000000001,2,120.85,swap,notBad
7836,5,173.3700000000001,2,120.85,2opt,notBad
7837,5,173.3700000000001,2,120.85,move,improve
7838,5,173.3700000000001,2,120.85,move,improve
7839,5,173.3700000000001,2,120.85,move,improve
7840,5,173.3700000000001,2,120.85,2opt,notBad
7841,5,173.3700000000001,2,120.85,move,improve
7842,5,173.3700000000001,2,120.85,2opt,notBad
7843,5,173.3700000000001,2,120.85,2opt,notBad
7844,5,173.3700000000001,2,120.85,2opt,notBad
7845,5,173.3700000000001,2,120.85,move,improve
7846,5,173.3700000000001,2,120.85,move,improve
7847,5,173.3700000000001,2,120.85,swap,notBad
7848,5,173.3700000000001,2,120.85,swap,notBad
7849,5,173.3700000000001,2,120.85,2opt,notBad
7850,5,173.3700000000001,2,120.85,2opt,notBad
7851,5,173.3700000000001,2,120.85,2opt,notBad
7852,5,173.3700000000001,2,120.85,2opt,notBad
7853,5,173.3700000000001,2,120.85,2opt,notBad
7854,5,173.3700000000001,2,120.85,move,improve
7855,5,173.3700000000001,2,120.85,move,improve
7856,5,173.3700000000001,2,120.85,2opt,notBad
7857,5,173.3700000000001,2,120.85,2opt,notBad
7858,5,173.3700000000001,2,120.85,2opt,notBad
7859,5,173.3700000000001,2,120.85,swap,notBad
7860,5,173.3700000000001,2,120.85,move,improve
7861,5,173.3700000000001,2,120.85,2opt,notBad
7862,5,173.3700000000001,2,120.85,2opt,notBad
7863,5,173.3700000000001,2,120.85,move,improve
7864,5,173.3700000000001,2,120.85,swap,notBad
7865,5,173.3700000000001,2,120.85,move,improve
7866,5,173.3700000000001,2,120.85,2opt,notBad
7867,5,173.3700000000001,2,120.85,move,improve
7868,5,173.3700000000001,2,120.85,swap,notBad
7869,5,173.3700000000001,2,120.85,swap,notBad
7870,5,173.3700000000001,2,120.85,move,improve
7871,5,173.3700000000001,2,120.85,move,improve
7872,5,173.3700000000001,2,120.85,move,improve
7873,5,173.3700000000001,2,120.85,swap,notBad
7874,5,173.3700000000001,2,120.85,swap,notBad
7875,5,173.3700000000001,2,120.85,move,improve
7876,5,173.3700000000001,2,120.85,2opt,notBad
7877,5,173.3700000000001,2,120.85,move,improve
7878,5,173.3700000000001,2,120.85,swap,notBad
7879,5,173.3700000000001,2,120.85,2opt,notBad
7880,5,173.3700000000001,2,120.85,2opt,notBad
7881,5,173.3700000000001,2,120.85,move,improve
7882,5,173.3700000000001,2,120.85,swap,notBad
7883,5,173.3700000000001,2,120.85,move,improve
7884,5,173.3700000000001,2,120.85,2opt,notBad
7885,5,173.3700000000001,2,120.85,move,improve
7886,5,173.3700000000001,2,120.85,move,improve
7887,5,173.3700000000001,2,120.85,2opt,notBad
7888,5,173.3700000000001,2,120.85,swap,notBad
7889,5,173.3700000000001,2,120.85,swap,notBad
7890,5,173.3700000000001,2,120.85,move,improve
7891,5,173.3700000000001,2,120.85,swap,notBad
7892,5,173.3700000000001,2,120.85,2opt,notBad
7893,5,173.3700000000001,2,120.85,2opt,notBad
7894,5,173.3700000000001,2,120.85,2opt,improve
7895,5,173.3700000000001,2,120.85,swap,notBad
7896,5,173.3700000000001,2,120.85,2opt,notBad
7897,5,173.3700000000001,2,120.85,swap,notBad
7898,5,173.3700000000001,2,120.85,move,improve
7899,5,173.3700000000001,2,120.85,swap,notBad
7900,5,173.3700000000001,2,120.85,move,improve
7901,5,173.3700000000001,2,120.85,2opt,notBad
7902,5,173.3700000000001,2,120.85,swap,notBad
7903,5,173.3700000000001,2,120.85,move,improve
7904,5,173.3700000000001,2,120.85,swap,notBad
7905,5,173.3700000000001,2,120.85,move,improve
7906,5,173.3700000000001,2,120.85,2opt,notBad
7907,5,173.3700000000001,2,120.85,2opt,notBad
7908,5,173.3700000000001,2,120.85,2opt,notBad
7909,5,173.3700000000001,2,120.85,move,improve
7910,5,173.3700000000001,2,120.85,move,improve
7911,5,173.3700000000001,2,120.85,move,improve
7912,5,173.3700000000001,2,120.85,2opt,notBad
7913,5,173.3700000000001,2,120.85,move,improve
7914,5,173.3700000000001,2,120.85,swap,notBad
7915,5,173.3700000000001,2,120.85,2opt,improve
7916,5,173.3700000000001,2,120.85,move,improve
7917,5,173.3700000000001,2,120.85,swap,notBad
7918,5,173.3700000000001,2,120.85,swap,notBad
7919,5,173.3700000000001,2,120.85,2opt,notBad
7920,5,173.3700000000001,2,120.85,move,improve
7921,5,173.3700000000001,2,120.85,2opt,notBad
7922,5,173.3700000000001,2,120.85,2opt,notBad
7923,5,173.3700000000001,2,120.85,move,improve
7924,5,173.3700000000001,2,120.85,swap,notBad
7925,5,173.3700000000001,2,120.85,swap,notBad
7926,5,173.3700000000001,2,120.85,move,improve
7927,5,173.3700000000001,2,120.85,move,improve
7928,5,173.3700000000001,2,120.85,2opt,notBad
7929,5,173.3700000000001,2,120.85,swap,notBad
7930,5,173.3700000000001,2,120.85,swap,notBad
7931,5,173.3700000000001,2,120.85,swap,notBad
7932,5,173.3700000000001,2,120.85,swap,notBad
7933,5,173.3700000000001,2,120.85,swap,notBad
7934,5,173.3700000000001,2,120.85,swap,notBad
7935,5,173.3700000000001,2,120.85,swap,notBad
7936,5,173.3700000000001,2,120.85,2opt,notBad
7937,5,173.3700000000001,2,120.85,move,improve
7938,5,173.3700000000001,2,120.85,move,improve
7939,5,173.3700000000001,2,120.85,move,improve
7940,5,173.3700000000001,2,120.85,move,improve
7941,5,173.3700000000001,2,120.85,move,improve
7942,5,173.3700000000001,2,120.85,swap,notBad
7943,5,173.3700000000001,2,120.85,move,improve
7944,5,173.3700000000001,2,120.85,2opt,notBad
7945,5,173.3700000000001,2,120.85,move,improve
7946,5,173.3700000000001,2,120.85,move,improve
7947,5,173.3700000000001,2,120.85,2opt,notBad
7948,5,173.3700000000001,2,120.85,swap,notBad
7949,5,173.3700000000001,2,120.85,move,improve
7950,5,173.3700000000001,2,120.85,swap,notBad
7951,5,173.3700000000001,2,120.85,move,improve
7952,5,173.3700000000001,2,120.85,move,improve
7953,5,173.3700000000001,2,120.85,swap,notBad
7954,5,173.3700000000001,2,120.85,swap,notBad
7955,5,173.3700000000001,2,120.85,swap,notBad
7956,5,173.3700000000001,2,120.85,swap,notBad
7957,5,173.3700000000001,2,120.85,2opt,notBad
7958,5,173.3700000000001,2,120.85,move,improve
7959,5,173.3700000000001,2,120.85,move,improve
7960,5,173.3700000000001,2,120.85,swap,notBad
7961,5,173.3700000000001,2,120.85,2opt,improve
7962,5,173.3700000000001,2,120.85,move,improve
7963,5,173.3700000000001,2,120.85,2opt,improve
7964,5,173.3700000000001,2,120.85,move,improve
7965,5,173.3700000000001,2,120.85,swap,notBad
7966,5,173.3700000000001,2,120.85,swap,notBad
7967,5,173.3700000000001,2,120.85,swap,notBad
7968,5,173.3700000000001,2,120.85,move,improve
7969,5,173.3700000000001,2,120.85,2opt,notBad
7970,5,173.3700000000001,2,120.85,swap,notBad
7971,5,173.3700000000001,2,120.85,move,improve
7972,5,173.3700000000001,2,120.85,swap,notBad
7973,5,173.3700000000001,2,120.85,swap,notBad
7974,5,173.3700000000001,2,120.85,swap,notBad
7975,5,173.3700000000001,2,120.85,move,improve
7976,5,173.3700000000001,2,120.85,swap,notBad
7977,5,173.3700000000001,2,120.85,move,improve
7978,5,173.3700000000001,2,120.85,move,improve
7979,5,173.3700000000001,2,120.85,2opt,notBad
7980,5,173.3700000000001,2,120.85,2opt,notBad
7981,5,173.3700000000001,2,120.85,swap,notBad
7982,5,173.3700000000001,2,120.85,swap,notBad
7983,5,173.3700000000001,2,120.85,move,improve
7984,5,173.3700000000001,2,120.85,move,improve
7985,5,173.3700000000001,2,120.85,2opt,notBad
7986,5,173.3700000000001,2,120.85,2opt,notBad
7987,5,173.3700000000001,2,120.85,2opt,notBad
7988,5,173.3700000000001,2,120.85,2opt,notBad
7989,5,173.3700000000001,2,120.85,2opt,notBad
7990,5,173.3700000000001,2,120.85,move,improve
7991,5,173.3700000000001,2,120.85,2opt,notBad
7992,5,173.3700000000001,2,120.85,move,improve
7993,5,173.3700000000001,2,120.85,2opt,notBad
7994,5,173.3700000000001,2,120.85,2opt,notBad
7995,5,173.3700000000001,2,120.85,move,improve
7996,5,173.3700000000001,2,120.85,swap,notBad
7997,5,173.3700000000001,2,120.85,2opt,notBad
7998,5,173.3700000000001,2,120.85,2opt,notBad
7999,5,173.3700000000001,2,120.85,2opt,notBad
8000,5,173.3700000000001,2,120.85,move,improve
8001,5,173.3700000000001,2,120.85,2opt,notBad
8002,5,173.3700000000001,2,120.85,swap,notBad
8003,5,173.3700000000001,2,120.85,swap,notBad
8004,5,173.3700000000001,2,120.85,swap,notBad
8005,5,173.3700000000001,2,120.85,move,improve
8006,5,173.3700000000001,2,120.85,swap,notBad
8007,5,173.3700000000001,2,120.85,move,improve
8008,5,171.89000000000019,2,120.85,move,improve
8009,5,171.89000000000019,2,120.85,swap,notBad
8010,5,171.89000000000019,2,120.85,2opt,notBad
8011,5,171.89000000000019,2,120.85,2opt,notBad
8012,5,171.89000000000019,2,120.85,2opt,improve
8013,5,171.89000000000019,2,120.85,swap,notBad
8014,5,171.89000000000019,2,120.85,swap,notBad
8015,5,171.89000000000019,2,120.85,swap,notBad
8016,5,171.89000000000019,2,120.85,2opt,notBad
8017,5,171.89000000000019,2,120.85,swap,notBad
8018,5,171.89000000000019,2,120.85,swap,notBad
8019,5,171.89000000000019,2,120.85,move,improve
8020,5,171.89000000000019,2,120.85,2opt,notBad
8021,5,171.89000000000019,2,120.85,move,improve
8022,5,171.89000000000019,2,120.85,swap,notBad
8023,5,171.89000000000019,2,120.85,swap,notBad
8024,5,171.89000000000019,2,120.85,2opt,improve
8025,5,171.89000000000019,2,120.85,swap,notBad
8026,5,171.89000000000019,2,120.85,move,improve
8027,5,171.89000000000019,2,120.85,2opt,notBad
8028,5,171.89000000000019,2,120.85,move,improve
8029,5,171.89000000000019,2,120.85,2opt,notBad
8030,5,171.89000000000019,2,120.85,move,improve
8031,5,171.89000000000019,2,120.85,swap,notBad
8032,5,171.89000000000019,2,120.85,move,improve
8033,5,171.89000000000019,2,120.85,2opt,notBad
8034,5,171.89000000000019,2,120.85,swap,notBad
8035,5,171.89000000000019,2,120.85,swap,notBad
8036,5,171.89000000000019,2,120.85,swap,notBad
8037,5,171.89000000000019,2,120.85,swap,notBad
8038,5,171.89000000000019,2,120.85,2opt,notBad
8039,5,171.89000000000019,2,120.85,move,improve
8040,5,171.89000000000019,2,120.85,swap,notBad
8041,5,171.89000000000019,2,120.85,move,improve
8042,5,171.89000000000019,2,120.85,move,improve
8043,5,171.89000000000019,2,120.85,move,improve
8044,5,171.89000000000019,2,120.85,2opt,notBad
8045,5,171.89000000000019,2,120.85,move,improve
8046,5,171.89000000000019,2,120.85,2opt,notBad
8047,5,171.89000000000019,2,120.85,2opt,notBad
8048,5,171.89000000000019,2,120.85,2opt,notBad
8049,5,171.89000000000019,2,120.85,move,improve
8050,5,171.89000000000019,2,120.85,2opt,notBad
8051,5,171.89000000000019,2,120.85,move,improve
8052,5,171.89000000000019,2,120.85,swap,notBad
8053,5,171.89000000000019,2,120.85,2opt,notBad
8054,5,171.89000000000019,2,120.85,swap,notBad
8055,5,171.89000000000019,2,120.85,move,improve
8056,5,171.89000000000019,2,120.85,move,improve
8057,5,171.89000000000019,2,120.85,swap,notBad
8058,5,171.89000000000019,2,120.85,move,improve
8059,5,171.89000000000019,2,120.85,2opt,notBad
8060,5,171.89000000000019,2,120.85,2opt,notBad
8061,5,171.89000000000019,2,120.85,move,improve
8062,5,171.89000000000019,2,120.85,swap,notBad
8063,5,171.89000000000019,2,120.85,2opt,notBad
8064,5,171.89000000000019,2,120.85,move,improve
8065,5,171.89000000000019,2,120.85,2opt,notBad
8066,5,171.89000000000019,2,120.85,swap,notBad
8067,5,171.89000000000019,2,120.85,move,improve
8068,5,171.89000000000019,2,120.85,move,improve
8069,5,171.89000000000019,2,120.85,swap,notBad
8070,5,171.89000000000019,2,120.85,swap,notBad
8071,5,171.89000000000019,2,120.85,swap,notBad
8072,5,171.89000000000019,2,120.85,swap,notBad
8073,5,171.89000000000019,2,120.85,2opt,notBad
8074,5,171.89000000000019,2,120.85,move,improve
8075,5,171.89000000000019,2,120.85,move,improve
8076,5,171.89000000000019,2,120.85,move,improve
8077,5,171.89000000000019,2,120.85,swap,notBad
8078,5,171.89000000000019,2,120.85,swap,notBad
8079,5,171.89000000000019,2,120.85,swap,notBad
8080,5,171.89000000000019,2,120.85,swap,notBad
8081,5,171.89000000000019,2,120.85,move,improve
8082,5,171.89000000000019,2,120.85,2opt,notBad
8083,5,171.89000000000019,2,120.85,move,improve
8084,5,171.89000000000019,2,120.85,2opt,notBad
8085,5,171.89000000000019,2,120.85,2opt,improve
8086,5,171.89000000000019,2,120.85,2opt,notBad
8087,5,171.89000000000019,2,120.85,move,improve
8088,5,171.89000000000019,2,120.85,swap,notBad
8089,5,171.89000000000019,2,120.85,2opt,notBad
8090,5,171.89000000000019,2,120.85,swap,notBad
8091,5,171.89000000000019,2,120.85,swap,notBad
8092,5,171.89000000000019,2,120.85,swap,notBad
8093,5,171.89000000000019,2,120.85,swap,notBad
8094,5,171.89000000000019,2,120.85,swap,notBad
8095,5,171.89000000000019,2,120.85,move,improve
8096,5,171.89000000000019,2,120.85,swap,notBad
8097,5,171.89000000000019,2,120.85,2opt,notBad
8098,5,171.89000000000019,2,120.85,move,improve
8099,5,171.89000000000019,2,120.85,swap,notBad
8100,5,171.89000000000019,2,120.85,swap,notBad
8101,5,171.89000000000019,2,120.85,move,improve
8102,5,171.89000000000019,2,120.85,swap,notBad
8103,5,171.89000000000019,2,120.85,2opt,notBad
8104,5,171.89000000000019,2,120.85,2opt,notBad
8105,5,171.89000000000019,2,120.85,move,improve
8106,5,171.89000000000019,2,120.85,2opt,notBad
8107,5,171.89000000000019,2,120.85,swap,notBad
8108,5,171.89000000000019,2,120.85,swap,notBad
8109,5,171.89000000000019,2,120.85,swap,notBad
8110,5,171.89000000000019,2,120.85,move,improve
8111,5,171.89000000000019,2,120.85,move,improve
8112,5,171.89000000000019,2,120.85,swap,notBad
8113,5,171.89000000000019,2,120.85,swap,notBad
8114,5,171.89000000000019,2,120.85,move,improve
8115,5,175.1699999999999,2,120.85,move,acceptBad
8116,5,175.1699999999999,2,120.85,2opt,notBad
8117,5,175.1699999999999,2,120.85,swap,notBad
8118,5,175.1699999999999,2,120.85,swap,notBad
8119,5,175.1699999999999,2,120.85,swap,notBad
8120,5,175.1699999999999,2,120.85,move,improve
8121,5,175.1699999999999,2,120.85,2opt,notBad
8122,5,175.1699999999999,2,120.85,swap,notBad
8123,5,175.1699999999999,2,120.85,2opt,notBad
8124,5,175.1699999999999,2,120.85,swap,notBad
8125,5,175.1699999999999,2,120.85,swap,notBad
8126,5,175.1699999999999,2,120.85,swap,notBad
8127,5,175.1699999999999,2,120.85,move,improve
8128,5,175.1699999999999,2,120.85,move,improve
8129,5,175.1699999999999,2,120.85,swap,notBad
8130,5,175.1699999999999,2,120.85,swap,notBad
8131,5,175.1699999999999,2,120.85,move,improve
8132,5,175.1699999999999,2,120.85,move,improve
8133,5,175.1699999999999,2,120.85,swap,notBad
8134,5,175.1699999999999,2,120.85,2opt,notBad
8135,5,175.1699999999999,2,120.85,2opt,notBad
8136,5,175.1699999999999,2,120.85,swap,notBad
8137,5,175.1699999999999,2,120.85,move,improve
8138,5,175.1699999999999,2,120.85,move,improve
8139,5,175.1699999999999,2,120.85,2opt,notBad
8140,5,175.1699999999999,2,120.85,2opt,notBad
8141,5,175.1699999999999,2,120.85,move,improve
8142,5,175.1699999999999,2,120.85,move,improve
8143,5,175.1699999999999,2,120.85,swap,notBad
8144,5,175.1699999999999,2,120.85,swap,notBad
8145,5,175.1699999999999,2,120.85,move,improve
8146,5,175.1699999999999,2,120.85,swap,notBad
8147,5,175.1699999999999,2,120.85,2opt,notBad
8148,5,175.1699999999999,2,120.85,swap,notBad
8149,5,178.17999999999955,2,120.85,swap,acceptBad
8150,5,178.17999999999955,2,120.85,move,improve
8151,5,178.17999999999955,2,120.85,move,improve
8152,5,167.62000000000046,2,120.85,move,improve
8153,5,167.62000000000046,2,120.85,move,improve
8154,5,167.62000000000046,2,120.85,move,improve
8155,5,167.62000000000046,2,120.85,2opt,notBad
8156,5,167.62000000000046,2,120.85,swap,notBad
8157,5,167.62000000000046,2,120.85,2opt,notBad
8158,5,167.62000000000046,2,120.85,swap,notBad
8159,5,167.62000000000046,2,120.85,swap,notBad
8160,5,167.62000000000046,2,120.85,2opt,notBad
8161,5,167.62000000000046,2,120.85,move,improve
8162,5,167.62000000000046,2,120.85,move,improve
8163,5,167.62000000000046,2,120.85,swap,notBad
8164,5,167.62000000000046,2,120.85,swap,notBad
8165,5,167.62000000000046,2,120.85,swap,notBad
8166,5,167.62000000000046,2,120.85,move,improve
8167,5,167.62000000000046,2,120.85,2opt,notBad
8168,5,167.62000000000046,2,120.85,move,improve
8169,5,167.62000000000046,2,120.85,swap,notBad
8170,5,167.62000000000046,2,120.85,2opt,notBad
8171,5,167.62000000000046,2,120.85,move,improve
8172,5,167.62000000000046,2,120.85,move,improve
8173,5,167.62000000000046,2,120.85,move,improve
8174,5,167.62000000000046,2,120.85,2opt,notBad
8175,5,167.62000000000046,2,120.85,2opt,improve
8176,5,167.62000000000046,2,120.85,2opt,notBad
8177,5,167.62000000000046,2,120.85,2opt,notBad
8178,5,167.62000000000046,2,120.85,2opt,notBad
8179,5,167.62000000000046,2,120.85,move,improve
8180,5,167.62000000000046,2,120.85,swap,notBad
8181,5,167.62000000000046,2,120.85,move,improve
8182,5,167.62000000000046,2,120.85,swap,notBad
8183,5,167.62000000000046,2,120.85,swap,notBad
8184,5,167.62000000000046,2,120.85,move,improve
8185,5,167.10000000000014,2,120.85,move,improve
8186,5,167.10000000000014,2,120.85,move,improve
8187,5,167.10000000000014,2,120.85,2opt,notBad
8188,5,167.10000000000014,2,120.85,2opt,notBad
8189,5,167.10000000000014,2,120.85,swap,notBad
8190,5,167.10000000000014,2,120.85,move,improve
8191,5,167.10000000000014,2,120.85,swap,notBad
8192,5,167.10000000000014,2,120.85,2opt,notBad
8193,5,167.10000000000014,2,120.85,swap,notBad
8194,5,167.10000000000014,2,120.85,move,improve
8195,5,167.10000000000014,2,120.85,swap,notBad
8196,5,167.10000000000014,2,120.85,2opt,notBad
8197,5,167.10000000000014,2,120.85,2opt,notBad
8198,5,167.10000000000014,2,120.85,swap,notBad
8199,5,167.10000000000014,2,120.85,swap,notBad
8200,5,167.10000000000014,2,120.85,swap,notBad
8201,5,167.10000000000014,2,120.85,move,improve
8202,5,167.10000000000014,2,120.85,2opt,notBad
8203,5,167.10000000000014,2,120.85,2opt,improve
8204,5,167.10000000000014,2,120.85,2opt,notBad
8205,5,167.10000000000014,2,120.85,move,improve
8206,5,167.10000000000014,2,120.85,move,improve
8207,5,165.6200000000002,2,120.85,move,improve
8208,5,165.6200000000002,2,120.85,move,improve
8209,5,165.6200000000002,2,120.85,move,improve
8210,5,165.6200000000002,2,120.85,2opt,notBad
8211,5,165.6200000000002,2,120.85,move,improve
8212,5,165.6200000000002,2,120.85,move,improve
8213,5,165.6200000000002,2,120.85,2opt,notBad
8214,5,165.6200000000002,2,120.85,swap,notBad
8215,5,165.6200000000002,2,120.85,move,improve
8216,5,165.6200000000002,2,120.85,2opt,notBad
8217,5,165.6200000000002,2,120.85,move,improve
8218,5,165.6200000000002,2,120.85,swap,notBad
8219,5,165.6200000000002,2,120.85,swap,notBad
8220,5,165.6200000000002,2,120.85,2opt,notBad
8221,5,165.6200000000002,2,120.85,2opt,improve
8222,5,165.6200000000002,2,120.85,swap,notBad
8223,5,165.6200000000002,2,120.85,2opt,improve
8224,5,165.6200000000002,2,120.85,move,improve
8225,5,165.6200000000002,2,120.85,swap,notBad
8226,5,165.6200000000002,2,120.85,2opt,notBad
8227,5,165.6200000000002,2,120.85,2opt,notBad
8228,5,165.6200000000002,2,120.85,swap,notBad
8229,5,165.6200000000002,2,120.85,move,improve
8230,5,165.6200000000002,2,120.85,2opt,notBad
8231,5,165.6200000000002,2,120.85,2opt,improve
8232,5,165.6200000000002,2,120.85,swap,notBad
8233,5,165.6200000000002,2,120.85,2opt,notBad
8234,5,165.6200000000002,2,120.85,move,improve
8235,5,165.6200000000002,2,120.85,2opt,improve
8236,5,165.6200000000002,2,120.85,swap,notBad
8237,5,165.6200000000002,2,120.85,move,improve
8238,5,165.6200000000002,2,120.85,2opt,notBad
8239,5,165.6200000000002,2,120.85,swap,notBad
8240,5,165.6200000000002,2,120.85,2opt,notBad
8241,5,167.4500000000002,2,120.85,swap,acceptBad
8242,5,167.4500000000002,2,120.85,swap,notBad
8243,5,167.4500000000002,2,120.85,move,improve
8244,5,167.4500000000002,2,120.85,swap,notBad
8245,5,167.4500000000002,2,120.85,move,improve
8246,5,167.4500000000002,2,120.85,2opt,notBad
8247,5,167.4500000000002,2,120.85,2opt,notBad
8248,5,167.4500000000002,2,120.85,swap,notBad
8249,5,167.4500000000002,2,120.85,2opt,notBad
8250,5,167.4500000000002,2,120.85,move,improve
8251,5,167.4500000000002,2,120.85,move,improve
8252,5,167.4500000000002,2,120.85,move,improve
8253,5,167.4500000000002,2,120.85,swap,notBad
8254,5,167.4500000000002,2,120.85,2opt,notBad
8255,5,167.4500000000002,2,120.85,swap,notBad
8256,5,167.4500000000002,2,120.85,move,improve
8257,5,167.4500000000002,2,120.85,2opt,notBad
8258,5,167.4500000000002,2,120.85,swap,notBad
8259,5,167.4500000000002,2,120.85,move,improve
8260,5,167.4500000000002,2,120.85,2opt,notBad
8261,5,167.4500000000002,2,120.85,swap,notBad
8262,5,167.4500000000002,2,120.85,move,improve
8263,5,167.4500000000002,2,120.85,move,improve
8264,5,167.4500000000002,2,120.85,swap,notBad
8265,5,167.4500000000002,2,120.85,2opt,notBad
8266,5,167.4500000000002,2,120.85,swap,notBad
8267,5,167.4500000000002,2,120.85,move,improve
8268,5,167.4500000000002,2,120.85,swap,notBad
8269,5,167.4500000000002,2,120.85,swap,notBad
8270,5,167.4500000000002,2,120.85,2opt,improve
8271,5,167.4500000000002,2,120.85,2opt,notBad
8272,5,167.4500000000002,2,120.85,2opt,notBad
8273,5,167.4500000000002,2,120.85,swap,notBad
8274,5,167.4500000000002,2,120.85,move,improve
8275,5,167.4500000000002,2,120.85,move,improve
8276,5,167.4500000000002,2,120.85,2opt,notBad
8277,5,167.4500000000002,2,120.85,2opt,improve
8278,5,167.4500000000002,2,120.85,swap,notBad
8279,5,167.4500000000002,2,120.85,swap,notBad
8280,5,167.4500000000002,2,120.85,2opt,improve
8281,5,167.4500000000002,2,120.85,2opt,notBad
8282,5,167.4500000000002,2,120.85,2opt,notBad
8283,5,167.4500000000002,2,120.85,swap,notBad
8284,5,167.4500000000002,2,120.85,move,improve
8285,5,167.4500000000002,2,120.85,2opt,notBad
8286,5,167.4500000000002,2,120.85,2opt,improve
8287,5,167.4500000000002,2,120.85,2opt,notBad
8288,5,167.4500000000002,2,120.85,swap,notBad
8289,5,167.4500000000002,2,120.85,2opt,improve
8290,5,167.4500000000002,2,120.85,swap,notBad
8291,5,167.58000000000018,2,120.85,swap,acceptBad
8292,5,167.58000000000018,2,120.85,2opt,notBad
8293,5,167.58000000000018,2,120.85,move,improve
8294,5,167.58000000000018,2,120.85,move,improve
8295,5,167.58000000000018,2,120.85,swap,notBad
8296,5,167.58000000000018,2,120.85,move,improve
8297,5,167.58000000000018,2,120.85,2opt,notBad
8298,5,167.58000000000018,2,120.85,swap,notBad
8299,5,167.58000000000018,2,120.85,move,improve
8300,5,167.58000000000018,2,120.85,2opt,notBad
8301,5,167.58000000000018,2,120.85,move,improve
8302,5,167.58000000000018,2,120.85,2opt,notBad
8303,5,167.58000000000018,2,120.85,move,improve
8304,5,167.58000000000018,2,120.85,swap,notBad
8305,5,167.58000000000018,2,120.85,swap,notBad
8306,5,167.58000000000018,2,120.85,move,improve
8307,5,167.58000000000018,2,120.85,2opt,notBad
8308,5,167.58000000000018,2,120.85,move,improve
8309,5,167.58000000000018,2,120.85,2opt,notBad
8310,5,167.58000000000018,2,120.85,2opt,notBad
8311,5,167.58000000000018,2,120.85,2opt,notBad
8312,5,167.58000000000018,2,120.85,move,improve
8313,5,167.58000000000018,2,120.85,swap,notBad
8314,5,167.58000000000018,2,120.85,swap,notBad
8315,5,167.58000000000018,2,120.85,move,improve
8316,5,167.58000000000018,2,120.85,2opt,notBad
8317,5,167.58000000000018,2,120.85,move,improve
8318,5,167.58000000000018,2,120.85,2opt,notBad
8319,5,167.58000000000018,2,120.85,move,improve
8320,5,167.58000000000018,2,120.85,swap,notBad
8321,5,167.58000000000018,2,120.85,swap,notBad
8322,5,167.58000000000018,2,120.85,move,improve
8323,5,167.58000000000018,2,120.85,2opt,notBad
8324,5,167.58000000000018,2,120.85,2opt,notBad
8325,5,167.58000000000018,2,120.85,2opt,notBad
8326,5,167.58000000000018,2,120.85,swap,notBad
8327,5,167.58000000000018,2,120.85,2opt,notBad
8328,5,167.58000000000018,2,120.85,swap,notBad
8329,5,167.58000000000018,2,120.85,swap,notBad
8330,5,167.58000000000018,2,120.85,2opt,notBad
8331,5,167.58000000000018,2,120.85,2opt,notBad
8332,5,167.58000000000018,2,120.85,move,improve
8333,5,167.58000000000018,2,120.85,2opt,notBad
8334,5,167.58000000000018,2,120.85,2opt,notBad
8335,5,167.58000000000018,2,120.85,swap,notBad
8336,5,167.58000000000018,2,120.85,move,improve
8337,5,167.58000000000018,2,120.85,move,improve
8338,5,167.58000000000018,2,120.85,move,improve
8339,5,167.58000000000018,2,120.85,2opt,notBad
8340,5,167.58000000000018,2,120.85,swap,notBad
8341,5,167.58000000000018,2,120.85,swap,notBad
8342,5,167.58000000000018,2,120.85,swap,notBad
8343,5,167.58000000000018,2,120.85,2opt,notBad
8344,5,167.58000000000018,2,120.85,move,improve
8345,5,167.58000000000018,2,120.85,swap,notBad
8346,5,167.58000000000018,2,120.85,move,improve
8347,5,167.58000000000018,2,120.85,2opt,notBad
8348,5,167.58000000000018,2,120.85,swap,notBad
8349,5,167.58000000000018,2,120.85,move,improve
8350,5,167.58000000000018,2,120.85,2opt,notBad
8351,5,167.58000000000018,2,120.85,move,improve
8352,5,167.58000000000018,2,120.85,move,improve
8353,5,167.58000000000018,2,120.85,move,improve
8354,5,167.58000000000018,2,120.85,2opt,notBad
8355,5,167.58000000000018,2,120.85,swap,notBad
8356,5,167.58000000000018,2,120.85,2opt,notBad
8357,5,167.58000000000018,2,120.85,2opt,notBad
8358,5,165.7500000000002,2,120.85,move,improve
8359,5,165.7500000000002,2,120.85,move,improve
8360,5,165.7500000000002,2,120.85,move,improve
8361,5,165.7500000000002,2,120.85,swap,notBad
8362,5,165.7500000000002,2,120.85,move,improve
8363,5,165.7500000000002,2,120.85,swap,notBad
8364,5,165.7500000000002,2,120.85,move,improve
8365,5,165.7500000000002,2,120.85,swap,notBad
8366,5,165.7500000000002,2,120.85,swap,notBad
8367,5,165.7500000000002,2,120.85,2opt,improve
8368,5,165.7500000000002,2,120.85,move,improve
8369,5,165.7500000000002,2,120.85,2opt,notBad
8370,5,165.7500000000002,2,120.85,move,improve
8371,5,165.7500000000002,2,120.85,2opt,notBad
8372,5,165.7500000000002,2,120.85,swap,notBad
8373,5,165.7500000000002,2,120.85,swap,notBad
8374,5,165.7500000000002,2,120.85,swap,notBad
8375,5,165.7500000000002,2,120.85,2opt,notBad
8376,5,165.7500000000002,2,120.85,swap,notBad
8377,5,165.7500000000002,2,120.85,move,improve
8378,5,165.7500000000002,2,120.85,swap,notBad
8379,5,165.7500000000002,2,120.85,2opt,notBad
8380,5,165.7500000000002,2,120.85,2opt,notBad
8381,5,165.7500000000002,2,120.85,2opt,notBad
8382,5,165.7500000000002,2,120.85,swap,notBad
8383,5,165.7500000000002,2,120.85,2opt,notBad
8384,5,165.7500000000002,2,120.85,2opt,improve
8385,5,165.7500000000002,2,120.85,2opt,notBad
8386,5,165.7500000000002,2,120.85,move,improve
8387,5,165.7500000000002,2,120.85,move,improve
8388,5,165.7500000000002,2,120.85,swap,notBad
8389,5,165.7500000000002,2,120.85,move,improve
8390,5,165.7500000000002,2,120.85,swap,notBad
8391,5,165.7500000000002,2,120.85,swap,notBad
8392,5,165.7500000000002,2,120.85,swap,notBad
8393,5,165.7500000000002,2,120.85,move,improve
8394,5,165.7500000000002,2,120.85,2opt,notBad
8395,5,165.7500000000002,2,120.85,2opt,improve
8396,5,165.7500000000002,2,120.85,2opt,notBad
8397,5,165.7500000000002,2,120.85,move,improve
8398,5,165.7500000000002,2,120.85,2opt,notBad
8399,5,165.7500000000002,2,120.85,swap,notBad
8400,5,165.7500000000002,2,120.85,2opt,notBad
8401,5,165.7500000000002,2,120.85,2opt,notBad
8402,5,165.7500000000002,2,120.85,move,improve
8403,5,165.7500000000002,2,120.85,move,improve
8404,5,165.7500000000002,2,120.85,2opt,notBad
8405,5,165.6200000000002,2,120.85,move,improve
8406,5,165.6200000000002,2,120.85,2opt,notBad
8407,5,165.6200000000002,2,120.85,move,improve
8408,5,165.6200000000002,2,120.85,move,improve
8409,5,165.6200000000002,2,120.85,2opt,improve
8410,5,165.6200000000002,2,120.85,2opt,notBad
8411,5,165.6200000000002,2,120.85,move,improve
8412,5,165.6200000000002,2,120.85,swap,notBad
8413,5,165.6200000000002,2,120.85,2opt,notBad
8414,5,165.6200000000002,2,120.85,swap,notBad
8415,5,165.6200000000002,2,120.85,2opt,notBad
8416,5,165.6200000000002,2,120.85,move,improve
8417,5,165.6200000000002,2,120.85,move,improve
8418,5,165.6200000000002,2,120.85,swap,notBad
8419,5,165.6200000000002,2,120.85,move,improve
8420,5,165.6200000000002,2,120.85,2opt,notBad
8421,5,165.6200000000002,2,120.85,move,improve
8422,5,165.6200000000002,2,120.85,swap,notBad
8423,5,165.6200000000002,2,120.85,2opt,notBad
8424,5,165.6200000000002,2,120.85,2opt,notBad
8425,5,165.6200000000002,2,120.85,move,improve
8426,5,165.6200000000002,2,120.85,swap,notBad
8427,5,165.6200000000002,2,120.85,swap,notBad
8428,5,165.6200000000002,2,120.85,2opt,notBad
8429,5,165.6200000000002,2,120.85,2opt,notBad
8430,5,165.6200000000002,2,120.85,move,improve
8431,5,165.6200000000002,2,120.85,move,improve
8432,5,165.6200000000002,2,120.85,swap,notBad
8433,5,165.6200000000002,2,120.85,move,improve
8434,5,165.6200000000002,2,120.85,swap,notBad
8435,5,165.6200000000002,2,120.85,move,improve
8436,5,165.6200000000002,2,120.85,move,improve
8437,5,165.6200000000002,2,120.85,move,improve
8438,5,165.6200000000002,2,120.85,2opt,notBad
8439,5,165.6200000000002,2,120.85,2opt,notBad
8440,5,165.6200000000002,2,120.85,swap,notBad
8441,5,165.6200000000002,2,120.85,move,improve
8442,5,165.6200000000002,2,120.85,move,improve
8443,5,165.6200000000002,2,120.85,move,improve
8444,5,165.6200000000002,2,120.85,2opt,notBad
8445,5,165.6200000000002,2,120.85,2opt,improve
8446,5,165.6200000000002,2,120.85,swap,notBad
8447,5,165.6200000000002,2,120.85,2opt,notBad
8448,5,165.6200000000002,2,120.85,2opt,notBad
8449,5,165.6200000000002,2,120.85,swap,notBad
8450,5,165.6200000000002,2,120.85,move,improve
8451,5,165.6200000000002,2,120.85,2opt,notBad
8452,5,165.6200000000002,2,120.85,move,improve
8453,5,165.6200000000002,2,120.85,swap,notBad
8454,5,165.6200000000002,2,120.85,move,improve
8455,5,165.6200000000002,2,120.85,swap,notBad
8456,5,165.6200000000002,2,120.85,move,improve
8457,5,165.6200000000002,2,120.85,swap,notBad
8458,5,165.6200000000002,2,120.85,2opt,improve
8459,5,165.6200000000002,2,120.85,move,improve
8460,5,165.6200000000002,2,120.85,2opt,notBad
8461,5,165.6200000000002,2,120.85,move,improve
8462,5,165.6200000000002,2,120.85,move,improve
8463,5,165.6200000000002,2,120.85,move,improve
8464,5,165.6200000000002,2,120.85,move,improve
8465,5,165.6200000000002,2,120.85,swap,notBad
8466,5,165.6200000000002,2,120.85,swap,notBad
8467,5,165.6200000000002,2,120.85,2opt,notBad
8468,5,165.6200000000002,2,120.85,2opt,notBad
8469,5,165.6200000000002,2,120.85,2opt,notBad
8470,5,165.6200000000002,2,120.85,2opt,notBad
8471,5,165.6200000000002,2,120.85,move,improve
8472,5,165.6200000000002,2,120.85,swap,notBad
8473,5,165.6200000000002,2,120.85,move,improve
8474,5,165.6200000000002,2,120.85,swap,notBad
8475,5,165.6200000000002,2,120.85,2opt,notBad
8476,5,165.6200000000002,2,120.85,swap,notBad
8477,5,165.6200000000002,2,120.85,swap,notBad
8478,5,165.6200000000002,2,120.85,move,improve
8479,5,165.6200000000002,2,120.85,2opt,notBad
8480,5,165.6200000000002,2,120.85,swap,notBad
8481,5,165.6200000000002,2,120.85,2opt,improve
8482,5,165.6200000000002,2,120.85,move,improve
8483,5,165.6200000000002,2,120.85,2opt,improve
8484,5,165.6200000000002,2,120.85,2opt,notBad
8485,5,165.6200000000002,2,120.85,2opt,notBad
8486,5,165.6200000000002,2,120.85,move,improve
8487,5,165.6200000000002,2,120.85,move,improve
8488,5,165.6200000000002,2,120.85,move,improve
8489,5,165.6200000000002,2,120.85,swap,notBad
8490,5,165.6200000000002,2,120.85,move,improve
8491,5,165.6200000000002,2,120.85,swap,notBad
8492,5,165.6200000000002,2,120.85,swap,notBad
8493,5,165.6200000000002,2,120.85,move,improve
8494,5,165.6200000000002,2,120.85,swap,notBad
8495,5,165.6200000000002,2,120.85,2opt,notBad
8496,5,165.6200000000002,2,120.85,2opt,notBad
8497,5,165.6200000000002,2,120.85,swap,notBad
8498,5,165.6200000000002,2,120.85,swap,notBad
8499,5,165.6200000000002,2,120.85,2opt,improve
8500,5,165.6200000000002,2,120.85,swap,notBad
8501,5,165.6200000000002,2,120.85,move,improve
8502,5,165.6200000000002,2,120.85,2opt,notBad
8503,5,165.6200000000002,2,120.85,2opt,notBad
8504,5,165.6200000000002,2,120.85,move,improve
8505,5,165.6200000000002,2,120.85,2opt,notBad
8506,5,165.6200000000002,2,120.85,move,improve
8507,5,165.6200000000002,2,120.85,swap,notBad
8508,5,165.6200000000002,2,120.85,2opt,notBad
8509,5,165.6200000000002,2,120.85,swap,notBad
8510,5,165.6200000000002,2,120.85,move,improve
8511,5,165.6200000000002,2,120.85,2opt,notBad
8512,5,165.6200000000002,2,120.85,move,improve
8513,5,165.6200000000002,2,120.85,move,improve
8514,5,165.6200000000002,2,120.85,move,improve
8515,5,165.6200000000002,2,120.85,swap,notBad
8516,5,165.6200000000002,2,120.85,move,improve
8517,5,165.6200000000002,2,120.85,swap,notBad
8518,5,165.6200000000002,2,120.85,2opt,notBad
8519,5,165.6200000000002,2,120.85,move,improve
8520,5,165.6200000000002,2,120.85,swap,notBad
8521,5,165.6200000000002,2,120.85,2opt,notBad
8522,5,165.6200000000002,2,120.85,2opt,improve
8523,5,165.6200000000002,2,120.85,swap,notBad
8524,5,165.6200000000002,2,120.85,2opt,improve
8525,5,165.6200000000002,2,120.85,2opt,notBad
8526,5,165.6200000000002,2,120.85,move,improve
8527,5,165.6200000000002,2,120.85,move,improve
8528,5,165.6200000000002,2,120.85,move,improve
8529,5,165.6200000000002,2,120.85,move,improve
8530,5,165.6200000000002,2,120.85,2opt,notBad
8531,5,165.6200000000002,2,120.85,2opt,notBad
8532,5,165.6200000000002,2,120.85,move,improve
8533,5,165.6200000000002,2,120.85,swap,notBad
8534,5,165.6200000000002,2,120.85,move,improve
8535,5,165.6200000000002,2,120.85,move,improve
8536,5,165.6200000000002,2,120.85,swap,notBad
8537,5,165.6200000000002,2,120.85,swap,notBad
8538,5,165.6200000000002,2,120.85,swap,notBad
8539,5,165.6200000000002,2,120.85,move,improve
8540,5,165.6200000000002,2,120.85,move,improve
8541,5,165.6200000000002,2,120.85,swap,notBad
8542,5,165.6200000000002,2,120.85,2opt,notBad
8543,5,165.6200000000002,2,120.85,2opt,improve
8544,5,165.6200000000002,2,120.85,swap,notBad
8545,5,165.6200000000002,2,120.85,swap,notBad
8546,5,165.6200000000002,2,120.85,2opt,notBad
8547,5,165.6200000000002,2,120.85,move,improve
8548,5,165.6200000000002,2,120.85,move,improve
8549,5,165.6200000000002,2,120.85,2opt,notBad
8550,5,165.6200000000002,2,120.85,swap,notBad
8551,5,165.6200000000002,2,120.85,swap,notBad
8552,5,165.6200000000002,2,120.85,swap,notBad
8553,5,165.6200000000002,2,120.85,2opt,improve
8554,5,165.6200000000002,2,120.85,2opt,notBad
8555,5,165.6200000000002,2,120.85,2opt,notBad
8556,5,165.6200000000002,2,120.85,2opt,notBad
8557,5,165.6200000000002,2,120.85,swap,notBad
8558,5,165.6200000000002,2,120.85,2opt,notBad
8559,5,165.6200000000002,2,120.85,2opt,notBad
8560,5,165.6200000000002,2,120.85,swap,notBad
8561,5,165.6200000000002,2,120.85,swap,notBad
8562,5,165.6200000000002,2,120.85,move,improve
8563,5,165.6200000000002,2,120.85,swap,notBad
8564,5,165.6200000000002,2,120.85,move,improve
8565,5,165.6200000000002,2,120.85,2opt,notBad
8566,5,165.6200000000002,2,120.85,2opt,notBad
8567,5,165.6200000000002,2,120.85,move,improve
8568,5,165.6200000000002,2,120.85,move,improve
8569,5,165.6200000000002,2,120.85,move,improve
8570,5,165.6200000000002,2,120.85,swap,notBad
8571,5,165.6200000000002,2,120.85,move,improve
8572,5,165.6200000000002,2,120.85,2opt,notBad
8573,5,165.6200000000002,2,120.85,swap,notBad
8574,5,165.6200000000002,2,120.85,2opt,notBad
8575,5,165.6200000000002,2,120.85,move,improve
8576,5,165.6200000000002,2,120.85,2opt,improve
8577,5,165.6200000000002,2,120.85,swap,notBad
8578,5,165.6200000000002,2,120.85,2opt,notBad
8579,5,165.6200000000002,2,120.85,swap,notBad
8580,5,165.6200000000002,2,120.85,swap,notBad
8581,5,165.6200000000002,2,120.85,move,improve
8582,5,165.6200000000002,2,120.85,move,improve
8583,5,165.6200000000002,2,120.85,2opt,notBad
8584,5,165.6200000000002,2,120.85,swap,notBad
8585,5,165.6200000000002,2,120.85,2opt,notBad
8586,5,165.6200000000002,2,120.85,swap,notBad
8587,5,165.6200000000002,2,120.85,swap,notBad
8588,5,165.6200000000002,2,120.85,move,improve
8589,5,165.6200000000002,2,120.85,2opt,notBad
8590,5,165.6200000000002,2,120.85,move,improve
8591,5,165.6200000000002,2,120.85,move,improve
8592,5,165.6200000000002,2,120.85,swap,notBad
8593,5,165.6200000000002,2,120.85,swap,notBad
8594,5,165.6200000000002,2,120.85,swap,notBad
8595,5,165.6200000000002,2,120.85,move,improve
8596,5,165.6200000000002,2,120.85,2opt,notBad
8597,5,165.6200000000002,2,120.85,swap,notBad
8598,5,165.6200000000002,2,120.85,swap,notBad
8599,5,165.6200000000002,2,120.85,2opt,notBad
8600,5,165.6200000000002,2,120.85,2opt,notBad
8601,5,165.6200000000002,2,120.85,move,improve
8602,5,165.6200000000002,2,120.85,move,improve
8603,5,165.6200000000002,2,120.85,move,improve
8604,5,165.6200000000002,2,120.85,move,improve
8605,5,165.6200000000002,2,120.85,move,improve
8606,5,165.6200000000002,2,120.85,move,improve
8607,5,165.6200000000002,2,120.85,2opt,notBad
8608,5,165.6200000000002,2,120.85,2opt,notBad
8609,5,165.6200000000002,2,120.85,2opt,notBad
8610,5,165.6200000000002,2,120.85,2opt,notBad
8611,5,165.6200000000002,2,120.85,move,improve
8612,5,165.6200000000002,2,120.85,move,improve
8613,5,165.6200000000002,2,120.85,move,improve
8614,5,165.6200000000002,2,120.85,2opt,notBad
8615,5,165.6200000000002,2,120.85,move,improve
8616,5,165.6200000000002,2,120.85,2opt,improve
8617,5,165.6200000000002,2,120.85,2opt,notBad
8618,5,165.6200000000002,2,120.85,move,improve
8619,5,165.6200000000002,2,120.85,move,improve
8620,5,165.6200000000002,2,120.85,move,improve
8621,5,165.6200000000002,2,120.85,swap,notBad
8622,5,165.6200000000002,2,120.85,2opt,notBad
8623,5,165.6200000000002,2,120.85,2opt,improve
8624,5,165.6200000000002,2,120.85,swap,notBad
8625,5,165.6200000000002,2,120.85,swap,notBad
8626,5,165.6200000000002,2,120.85,move,improve
8627,5,165.6200000000002,2,120.85,2opt,notBad
8628,5,165.6200000000002,2,120.85,swap,notBad
8629,5,165.6200000000002,2,120.85,2opt,notBad
8630,5,165.6200000000002,2,120.85,2opt,notBad
8631,5,165.6200000000002,2,120.85,swap,notBad
8632,5,165.6200000000002,2,120.85,2opt,notBad
8633,5,165.6200000000002,2,120.85,move,improve
8634,5,165.6200000000002,2,120.85,swap,notBad
8635,5,165.6200000000002,2,120.85,2opt,notBad
8636,5,165.6200000000002,2,120.85,2opt,notBad
8637,5,166.02000000000024,2,120.85,swap,acceptBad
8638,5,166.02000000000024,2,120.85,swap,notBad
8639,5,166.02000000000024,2,120.85,2opt,improve
8640,5,166.02000000000024,2,120.85,2opt,notBad
8641,5,166.02000000000024,2,120.85,move,improve
8642,5,166.02000000000024,2,120.85,swap,notBad
8643,5,166.02000000000024,2,120.85,swap,notBad
8644,5,166.02000000000024,2,120.85,move,improve
8645,5,166.02000000000024,2,120.85,swap,notBad
8646,5,166.02000000000024,2,120.85,2opt,notBad
8647,5,166.02000000000024,2,120.85,swap,notBad
8648,5,166.02000000000024,2,120.85,2opt,improve
8649,5,166.02000000000024,2,120.85,swap,notBad
8650,5,166.02000000000024,2,120.85,swap,notBad
8651,5,166.02000000000024,2,120.85,swap,notBad
8652,5,166.02000000000024,2,120.85,swap,notBad
8653,5,166.02000000000024,2,120.85,move,improve
8654,5,166.02000000000024,2,120.85,swap,notBad
8655,5,166.02000000000024,2,120.85,2opt,notBad
8656,5,166.02000000000024,2,120.85,2opt,notBad
8657,5,166.02000000000024,2,120.85,swap,notBad
8658,5,166.02000000000024,2,120.85,2opt,notBad
8659,5,166.02000000000024,2,120.85,swap,notBad
8660,5,166.02000000000024,2,120.85,2opt,notBad
8661,5,166.02000000000024,2,120.85,move,improve
8662,5,166.02000000000024,2,120.85,swap,notBad
8663,5,166.02000000000024,2,120.85,2opt,improve
8664,5,166.02000000000024,2,120.85,swap,notBad
8665,5,169.08000000000064,2,120.85,swap,acceptBad
8666,5,169.08000000000064,2,120.85,2opt,notBad
8667,5,169.08000000000064,2,120.85,2opt,notBad
8668,5,169.08000000000064,2,120.85,move,improve
8669,5,169.08000000000064,2,120.85,2opt,notBad
8670,5,169.08000000000064,2,120.85,swap,notBad
8671,5,169.08000000000064,2,120.85,move,improve
8672,5,169.08000000000064,2,120.85,2opt,notBad
8673,5,169.08000000000064,2,120.85,move,improve
8674,5,169.08000000000064,2,120.85,2opt,notBad
8675,5,169.08000000000064,2,120.85,2opt,notBad
8676,5,169.08000000000064,2,120.85,move,improve
8677,5,169.08000000000064,2,120.85,move,improve
8678,5,169.08000000000064,2,120.85,2opt,notBad
8679,5,169.08000000000064,2,120.85,swap,notBad
8680,5,169.08000000000064,2,120.85,2opt,notBad
8681,5,169.08000000000064,2,120.85,swap,notBad
8682,5,169.08000000000064,2,120.85,2opt,notBad
8683,5,169.08000000000064,2,120.85,move,improve
8684,5,169.08000000000064,2,120.85,swap,notBad
8685,5,169.08000000000064,2,120.85,2opt,notBad
8686,5,169.08000000000064,2,120.85,2opt,notBad
8687,5,169.08000000000064,2,120.85,2opt,notBad
8688,5,169.08000000000064,2,120.85,move,improve
8689,5,169.08000000000064,2,120.85,swap,notBad
8690,5,169.08000000000064,2,120.85,swap,notBad
8691,5,169.08000000000064,2,120.85,swap,notBad
8692,5,169.08000000000064,2,120.85,swap,notBad
8693,5,169.08000000000064,2,120.85,move,improve
8694,5,169.08000000000064,2,120.85,swap,notBad
8695,5,169.08000000000064,2,120.85,2opt,notBad
8696,5,166.63000000000042,2,120.85,move,improve
8697,5,166.63000000000042,2,120.85,move,improve
8698,5,166.63000000000042,2,120.85,swap,notBad
8699,5,166.63000000000042,2,120.85,move,improve
8700,5,166.63000000000042,2,120.85,2opt,improve
8701,5,166.63000000000042,2,120.85,move,improve
8702,5,166.63000000000042,2,120.85,swap,notBad
8703,5,166.63000000000042,2,120.85,2opt,notBad
8704,5,166.63000000000042,2,120.85,move,improve
8705,5,166.63000000000042,2,120.85,swap,notBad
8706,5,166.63000000000042,2,120.85,swap,notBad
8707,5,166.63000000000042,2,120.85,2opt,notBad
8708,5,166.63000000000042,2,120.85,move,improve
8709,5,166.63000000000042,2,120.85,move,improve
8710,5,166.63000000000042,2,120.85,move,improve
8711,5,166.63000000000042,2,120.85,2opt,notBad
8712,5,166.63000000000042,2,120.85,2opt,notBad
8713,5,166.63000000000042,2,120.85,2opt,notBad
8714,5,166.63000000000042,2,120.85,swap,notBad
8715,5,166.63000000000042,2,120.85,2opt,notBad
8716,5,166.63000000000042,2,120.85,2opt,notBad
8717,5,166.63000000000042,2,120.85,swap,notBad
8718,5,166.63000000000042,2,120.85,swap,notBad
8719,5,166.63000000000042,2,120.85,swap,notBad
8720,5,166.63000000000042,2,120.85,2opt,notBad
8721,5,166.63000000000042,2,120.85,2opt,notBad
8722,5,166.63000000000042,2,120.85,swap,notBad
8723,5,166.63000000000042,2,120.85,move,improve
8724,5,166.63000000000042,2,120.85,swap,notBad
8725,5,166.63000000000042,2,120.85,move,improve
8726,5,166.63000000000042,2,120.85,move,improve
8727,5,166.63000000000042,2,120.85,move,improve
8728,5,166.63000000000042,2,120.85,2opt,notBad
8729,5,166.63000000000042,2,120.85,2opt,improve
8730,5,166.63000000000042,2,120.85,move,improve
8731,5,166.63000000000042,2,120.85,2opt,notBad
8732,5,166.63000000000042,2,120.85,move,improve
8733,5,166.63000000000042,2,120.85,move,improve
8734,5,166.63000000000042,2,120.85,move,improve
8735,5,166.63000000000042,2,120.85,move,improve
8736,5,166.63000000000042,2,120.85,2opt,notBad
8737,5,166.63000000000042,2,120.85,2opt,improve
8738,5,166.63000000000042,2,120.85,swap,notBad
8739,5,166.63000000000042,2,120.85,swap,notBad
8740,5,166.63000000000042,2,120.85,move,improve
8741,5,166.63000000000042,2,120.85,2opt,notBad
8742,5,166.63000000000042,2,120.85,swap,notBad
8743,5,166.63000000000042,2,120.85,swap,notBad
8744,5,166.63000000000042,2,120.85,move,improve
8745,5,166.63000000000042,2,120.85,2opt,notBad
8746,5,166.63000000000042,2,120.85,2opt,notBad
8747,5,166.63000000000042,2,120.85,swap,notBad
8748,5,166.63000000000042,2,120.85,move,improve
8749,5,166.63000000000042,2,120.85,2opt,notBad
8750,5,166.63000000000042,2,120.85,move,improve
8751,5,166.63000000000042,2,120.85,move,improve
8752,5,166.63000000000042,2,120.85,swap,notBad
8753,5,166.63000000000042,2,120.85,2opt,notBad
8754,5,166.63000000000042,2,120.85,move,improve
8755,5,166.63000000000042,2,120.85,2opt,notBad
8756,5,166.63000000000042,2,120.85,2opt,notBad
8757,5,166.63000000000042,2,120.85,swap,notBad
8758,5,166.63000000000042,2,120.85,move,improve
8759,5,166.63000000000042,2,120.85,swap,notBad
8760,5,166.63000000000042,2,120.85,swap,notBad
8761,5,166.63000000000042,2,120.85,swap,notBad
8762,5,166.63000000000042,2,120.85,move,improve
8763,5,166.63000000000042,2,120.85,move,improve
8764,5,166.63000000000042,2,120.85,swap,notBad
8765,5,166.63000000000042,2,120.85,2opt,notBad
8766,5,166.63000000000042,2,120.85,move,improve
8767,5,166.63000000000042,2,120.85,2opt,improve
8768,5,166.63000000000042,2,120.85,move,improve
8769,5,166.63000000000042,2,120.85,swap,notBad
8770,5,166.63000000000042,2,120.85,swap,notBad
8771,5,166.63000000000042,2,120.85,2opt,notBad
8772,5,166.63000000000042,2,120.85,2opt,improve
8773,5,166.63000000000042,2,120.85,move,improve
8774,5,166.63000000000042,2,120.85,move,improve
8775,5,166.63000000000042,2,120.85,move,improve
8776,5,166.63000000000042,2,120.85,swap,notBad
8777,5,166.63000000000042,2,120.85,swap,improve
8778,5,166.63000000000042,2,120.85,2opt,notBad
8779,5,166.63000000000042,2,120.85,move,improve
8780,5,166.63000000000042,2,120.85,swap,notBad
8781,5,166.63000000000042,2,120.85,2opt,notBad
8782,5,166.63000000000042,2,120.85,2opt,notBad
8783,5,166.63000000000042,2,120.85,swap,notBad
8784,5,166.63000000000042,2,120.85,swap,notBad
8785,5,166.63000000000042,2,120.85,swap,notBad
8786,5,166.63000000000042,2,120.85,move,improve
8787,5,166.63000000000042,2,120.85,move,improve
8788,5,166.63000000000042,2,120.85,move,improve
8789,5,166.63000000000042,2,120.85,2opt,notBad
8790,5,166.63000000000042,2,120.85,2opt,notBad
8791,5,166.63000000000042,2,120.85,swap,notBad
8792,5,166.63000000000042,2,120.85,2opt,notBad
8793,5,166.63000000000042,2,120.85,swap,notBad
8794,5,166.63000000000042,2,120.85,2opt,notBad
8795,5,166.63000000000042,2,120.85,move,improve
8796,5,166.63000000000042,2,120.85,move,improve
8797,5,166.63000000000042,2,120.85,move,improve
8798,5,166.63000000000042,2,120.85,swap,notBad
8799,5,166.63000000000042,2,120.85,2opt,notBad
8800,5,166.63000000000042,2,120.85,2opt,improve
8801,5,166.63000000000042,2,120.85,move,improve
8802,5,166.63000000000042,2,120.85,swap,notBad
8803,5,166.63000000000042,2,120.85,swap,notBad
8804,5,166.63000000000042,2,120.85,swap,notBad
8805,5,166.63000000000042,2,120.85,swap,notBad
8806,5,166.63000000000042,2,120.85,2opt,notBad
8807,5,166.63000000000042,2,120.85,move,notBad
8808,5,166.63000000000042,2,120.85,swap,notBad
8809,5,166.63000000000042,2,120.85,swap,notBad
8810,5,166.63000000000042,2,120.85,swap,notBad
8811,5,166.63000000000042,2,120.85,swap,notBad
8812,5,166.63000000000042,2,120.85,move,improve
8813,5,166.63000000000042,2,120.85,swap,notBad
8814,5,166.63000000000042,2,120.85,2opt,notBad
8815,5,166.63000000000042,2,120.85,swap,notBad
8816,5,166.63000000000042,2,120.85,swap,notBad
8817,5,166.63000000000042,2,120.85,2opt,notBad
8818,5,166.63000000000042,2,120.85,swap,notBad
8819,5,166.63000000000042,2,120.85,move,improve
8820,5,166.63000000000042,2,120.85,2opt,notBad
8821,5,166.63000000000042,2,120.85,move,improve
8822,5,166.63000000000042,2,120.85,swap,notBad
8823,5,166.63000000000042,2,120.85,2opt,notBad
8824,5,166.63000000000042,2,120.85,move,improve
8825,5,166.63000000000042,2,120.85,swap,notBad
8826,5,166.63000000000042,2,120.85,swap,notBad
8827,5,166.63000000000042,2,120.85,move,improve
8828,5,166.63000000000042,2,120.85,swap,notBad
8829,5,166.63000000000042,2,120.85,swap,notBad
8830,5,166.63000000000042,2,120.85,2opt,notBad
8831,5,166.63000000000042,2,120.85,swap,notBad
8832,5,166.63000000000042,2,120.85,swap,notBad
8833,5,166.63000000000042,2,120.85,move,improve
8834,5,166.63000000000042,2,120.85,move,improve
8835,5,166.63000000000042,2,120.85,move,improve
8836,5,166.63000000000042,2,120.85,2opt,notBad
8837,5,166.63000000000042,2,120.85,swap,notBad
8838,5,166.63000000000042,2,120.85,swap,notBad
8839,5,166.63000000000042,2,120.85,move,improve
8840,5,166.63000000000042,2,120.85,2opt,notBad
8841,5,166.63000000000042,2,120.85,2opt,notBad
8842,5,166.63000000000042,2,120.85,move,improve
8843,5,166.63000000000042,2,120.85,move,improve
8844,5,166.63000000000042,2,120.85,2opt,notBad
8845,5,166.63000000000042,2,120.85,move,improve
8846,5,166.63000000000042,2,120.85,swap,notBad
8847,5,166.63000000000042,2,120.85,move,improve
8848,5,166.63000000000042,2,120.85,swap,notBad
8849,5,166.63000000000042,2,120.85,2opt,notBad
8850,5,166.63000000000042,2,120.85,2opt,notBad
8851,5,166.63000000000042,2,120.85,2opt,improve
8852,5,166.63000000000042,2,120.85,move,improve
8853,5,166.63000000000042,2,120.85,2opt,notBad
8854,5,166.98000000000042,2,120.85,swap,acceptBad
8855,5,166.98000000000042,2,120.85,move,improve
8856,5,166.98000000000042,2,120.85,2opt,notBad
8857,5,166.98000000000042,2,120.85,swap,notBad
8858,5,166.98000000000042,2,120.85,swap,notBad
8859,5,166.98000000000042,2,120.85,move,improve
8860,5,166.98000000000042,2,120.85,move,improve
8861,5,166.98000000000042,2,120.85,2opt,notBad
8862,5,166.98000000000042,2,120.85,2opt,notBad
8863,5,166.98000000000042,2,120.85,swap,notBad
8864,5,166.98000000000042,2,120.85,swap,notBad
8865,5,166.98000000000042,2,120.85,2opt,improve
8866,5,166.98000000000042,2,120.85,move,improve
8867,5,166.98000000000042,2,120.85,swap,notBad
8868,5,166.98000000000042,2,120.85,move,improve
8869,5,166.98000000000042,2,120.85,move,improve
8870,5,166.98000000000042,2,120.85,swap,notBad
8871,5,166.98000000000042,2,120.85,2opt,notBad
8872,5,166.98000000000042,2,120.85,move,improve
8873,5,166.98000000000042,2,120.85,2opt,notBad
8874,5,166.98000000000042,2,120.85,2opt,notBad
8875,5,166.98000000000042,2,120.85,move,improve
8876,5,174.85000000000036,2,120.85,move,acceptBad
8877,5,174.85000000000036,2,120.85,move,improve
8878,5,174.85000000000036,2,120.85,swap,notBad
8879,5,174.85000000000036,2,120.85,swap,notBad
8880,5,174.85000000000036,2,120.85,move,improve
8881,5,174.85000000000036,2,120.85,swap,notBad
8882,5,174.85000000000036,2,120.85,2opt,notBad
8883,5,174.85000000000036,2,120.85,swap,notBad
8884,5,174.85000000000036,2,120.85,2opt,notBad
8885,5,174.85000000000036,2,120.85,2opt,notBad
8886,5,174.85000000000036,2,120.85,move,improve
8887,5,174.85000000000036,2,120.85,2opt,notBad
8888,5,174.85000000000036,2,120.85,move,improve
8889,5,174.85000000000036,2,120.85,swap,notBad
8890,5,174.85000000000036,2,120.85,2opt,notBad
8891,5,174.85000000000036,2,120.85,swap,notBad
8892,5,174.85000000000036,2,120.85,swap,notBad
8893,5,174.85000000000036,2,120.85,move,improve
8894,5,174.85000000000036,2,120.85,swap,notBad
8895,5,174.85000000000036,2,120.85,move,improve
8896,5,174.85000000000036,2,120.85,2opt,notBad
8897,5,174.85000000000036,2,120.85,swap,notBad
8898,5,174.85000000000036,2,120.85,2opt,notBad
8899,5,174.85000000000036,2,120.85,swap,notBad
8900,5,174.85000000000036,2,120.85,swap,notBad
8901,5,174.85000000000036,2,120.85,swap,notBad
8902,5,174.85000000000036,2,120.85,move,improve
8903,5,174.85000000000036,2,120.85,2opt,notBad
8904,5,174.85000000000036,2,120.85,2opt,notBad
8905,5,174.85000000000036,2,120.85,move,improve
8906,5,174.85000000000036,2,120.85,move,improve
8907,5,174.85000000000036,2,120.85,2opt,notBad
8908,5,174.85000000000036,2,120.85,2opt,improve
8909,5,174.85000000000036,2,120.85,swap,notBad
8910,5,174.85000000000036,2,120.85,swap,notBad
8911,5,174.85000000000036,2,120.85,swap,notBad
8912,5,174.85000000000036,2,120.85,swap,notBad
8913,5,174.85000000000036,2,120.85,2opt,notBad
8914,5,174.85000000000036,2,120.85,2opt,notBad
8915,5,174.85000000000036,2,120.85,move,improve
8916,5,174.85000000000036,2,120.85,2opt,notBad
8917,5,174.85000000000036,2,120.85,move,improve
8918,5,174.85000000000036,2,120.85,2opt,notBad
8919,5,174.85000000000036,2,120.85,swap,notBad
8920,5,174.85000000000036,2,120.85,move,improve
8921,5,174.85000000000036,2,120.85,2opt,notBad
8922,5,174.85000000000036,2,120.85,2opt,notBad
8923,5,174.85000000000036,2,120.85,2opt,improve
8924,5,174.85000000000036,2,120.85,move,improve
8925,5,174.85000000000036,2,120.85,move,improve
8926,5,174.85000000000036,2,120.85,move,improve
8927,5,174.85000000000036,2,120.85,swap,notBad
8928,5,174.50000000000037,2,120.85,move,improve
8929,5,174.50000000000037,2,120.85,swap,notBad
8930,5,174.50000000000037,2,120.85,move,improve
8931,5,174.50000000000037,2,120.85,2opt,notBad
8932,5,174.50000000000037,2,120.85,swap,notBad
8933,5,174.50000000000037,2,120.85,2opt,improve
8934,5,174.50000000000037,2,120.85,move,improve
8935,5,174.50000000000037,2,120.85,move,improve
8936,5,174.50000000000037,2,120.85,move,improve
8937,5,174.50000000000037,2,120.85,swap,notBad
8938,5,174.50000000000037,2,120.85,2opt,improve
8939,5,174.50000000000037,2,120.85,swap,notBad
8940,5,174.50000000000037,2,120.85,2opt,notBad
8941,5,174.50000000000037,2,120.85,swap,notBad
8942,5,174.50000000000037,2,120.85,swap,notBad
8943,5,174.50000000000037,2,120.85,move,improve
8944,5,174.50000000000037,2,120.85,move,improve
8945,5,174.50000000000037,2,120.85,move,improve
8946,5,174.50000000000037,2,120.85,2opt,improve
8947,5,174.50000000000037,2,120.85,swap,notBad
8948,5,174.50000000000037,2,120.85,2opt,notBad
8949,5,174.50000000000037,2,120.85,swap,notBad
8950,5,174.50000000000037,2,120.85,move,improve
8951,5,174.50000000000037,2,120.85,2opt,notBad
8952,5,174.50000000000037,2,120.85,2opt,notBad
8953,5,174.50000000000037,2,120.85,2opt,improve
8954,5,174.50000000000037,2,120.85,2opt,notBad
8955,5,174.50000000000037,2,120.85,2opt,improve
8956,5,168.91000000000045,2,120.85,move,improve
8957,5,168.91000000000045,2,120.85,move,improve
8958,5,168.91000000000045,2,120.85,move,improve
8959,5,168.91000000000045,2,120.85,move,improve
8960,5,168.91000000000045,2,120.85,move,improve
8961,5,168.91000000000045,2,120.85,move,improve
8962,5,168.91000000000045,2,120.85,move,improve
8963,5,168.91000000000045,2,120.85,move,improve
8964,5,168.91000000000045,2,120.85,move,improve
8965,5,168.91000000000045,2,120.85,swap,notBad
8966,5,168.91000000000045,2,120.85,2opt,notBad
8967,5,168.91000000000045,2,120.85,2opt,notBad
8968,5,168.91000000000045,2,120.85,move,improve
8969,5,168.91000000000045,2,120.85,2opt,notBad
8970,5,168.91000000000045,2,120.85,2opt,notBad
8971,5,168.91000000000045,2,120.85,move,improve
8972,5,168.91000000000045,2,120.85,2opt,notBad
8973,5,168.91000000000045,2,120.85,2opt,notBad
8974,5,168.91000000000045,2,120.85,2opt,improve
8975,5,168.91000000000045,2,120.85,swap,notBad
8976,5,168.91000000000045,2,120.85,2opt,notBad
8977,5,168.91000000000045,2,120.85,2opt,notBad
8978,5,168.91000000000045,2,120.85,swap,notBad
8979,5,168.91000000000045,2,120.85,move,improve
8980,5,168.91000000000045,2,120.85,2opt,notBad
8981,5,168.91000000000045,2,120.85,move,improve
8982,5,169.42999999999952,2,120.85,swap,acceptBad
8983,5,169.42999999999952,2,120.85,2opt,notBad
8984,5,169.42999999999952,2,120.85,move,improve
8985,5,169.42999999999952,2,120.85,swap,notBad
8986,5,169.42999999999952,2,120.85,2opt,notBad
8987,5,169.42999999999952,2,120.85,swap,notBad
8988,5,169.42999999999952,2,120.85,2opt,notBad
8989,5,169.42999999999952,2,120.85,2opt,notBad
8990,5,169.42999999999952,2,120.85,swap,notBad
8991,5,169.42999999999952,2,120.85,swap,notBad
8992,5,169.42999999999952,2,120.85,2opt,notBad
8993,5,169.42999999999952,2,120.85,swap,notBad
8994,5,169.42999999999952,2,120.85,swap,notBad
8995,5,169.42999999999952,2,120.85,swap,notBad
8996,5,169.42999999999952,2,120.85,swap,notBad
8997,5,169.42999999999952,2,120.85,swap,notBad
8998,5,169.42999999999952,2,120.85,move,improve
8999,5,169.42999999999952,2,120.85,swap,notBad
9000,5,169.42999999999952,2,120.85,move,improve
9001,5,169.42999999999952,2,120.85,move,improve
9002,5,169.42999999999952,2,120.85,2opt,notBad
9003,5,169.42999999999952,2,120.85,swap,notBad
9004,5,169.42999999999952,2,120.85,2opt,notBad
9005,5,169.42999999999952,2,120.85,move,improve
9006,5,169.42999999999952,2,120.85,2opt,notBad
9007,5,169.42999999999952,2,120.85,2opt,notBad
9008,5,169.42999999999952,2,120.85,move,improve
9009,5,169.42999999999952,2,120.85,2opt,notBad
9010,5,169.42999999999952,2,120.85,move,improve
9011,5,169.42999999999952,2,120.85,move,improve
9012,5,169.42999999999952,2,120.85,move,improve
9013,5,169.42999999999952,2,120.85,2opt,notBad
9014,5,169.42999999999952,2,120.85,swap,notBad
9015,5,171.7699999999995,2,120.85,move,acceptBad
9016,5,171.7699999999995,2,120.85,swap,notBad
9017,5,171.7699999999995,2,120.85,swap,notBad
9018,5,171.7699999999995,2,120.85,2opt,notBad
9019,5,171.7699999999995,2,120.85,2opt,notBad
9020,5,171.7699999999995,2,120.85,move,improve
9021,5,171.7699999999995,2,120.85,2opt,improve
9022,5,169.3199999999989,2,120.85,move,improve
9023,5,169.3199999999989,2,120.85,swap,notBad
9024,5,169.3199999999989,2,120.85,swap,notBad
9025,5,169.3199999999989,2,120.85,swap,notBad
9026,5,169.3199999999989,2,120.85,swap,notBad
9027,5,169.3199999999989,2,120.85,2opt,notBad
9028,5,169.3199999999989,2,120.85,move,improve
9029,5,169.3199999999989,2,120.85,move,improve
9030,5,169.3199999999989,2,120.85,move,improve
9031,5,169.3199999999989,2,120.85,swap,notBad
9032,5,169.3199999999989,2,120.85,2opt,improve
9033,5,169.3199999999989,2,120.85,2opt,notBad
9034,5,169.3199999999989,2,120.85,move,improve
9035,5,169.3199999999989,2,120.85,2opt,notBad
9036,5,169.3199999999989,2,120.85,2opt,notBad
9037,5,169.3199999999989,2,120.85,swap,notBad
9038,5,169.3199999999989,2,120.85,2opt,notBad
9039,5,169.3199999999989,2,120.85,swap,notBad
9040,5,169.4499999999989,2,120.85,swap,acceptBad
9041,5,169.4499999999989,2,120.85,2opt,notBad
9042,5,169.4499999999989,2,120.85,move,improve
9043,5,169.4499999999989,2,120.85,2opt,notBad
9044,5,169.4499999999989,2,120.85,move,improve
9045,5,169.4499999999989,2,120.85,move,improve
9046,5,169.4499999999989,2,120.85,2opt,notBad
9047,5,169.4499999999989,2,120.85,2opt,notBad
9048,5,169.4499999999989,2,120.85,move,improve
9049,5,169.4499999999989,2,120.85,swap,notBad
9050,5,168.74999999999918,2,120.85,move,improve
9051,5,168.54999999999973,2,120.85,move,improve
9052,5,168.54999999999973,2,120.85,swap,notBad
9053,5,168.54999999999973,2,120.85,move,improve
9054,5,168.54999999999973,2,120.85,swap,notBad
9055,5,168.54999999999973,2,120.85,swap,notBad
9056,5,168.54999999999973,2,120.85,swap,notBad
9057,5,168.54999999999973,2,120.85,move,improve
9058,5,168.54999999999973,2,120.85,move,improve
9059,5,168.54999999999973,2,120.85,2opt,notBad
9060,5,168.54999999999973,2,120.85,move,improve
9061,5,168.54999999999973,2,120.85,move,improve
9062,5,168.54999999999973,2,120.85,move,improve
9063,5,168.54999999999973,2,120.85,move,improve
9064,5,168.41999999999973,2,120.85,move,improve
9065,5,168.41999999999973,2,120.85,2opt,notBad
9066,5,168.41999999999973,2,120.85,2opt,notBad
9067,5,168.41999999999973,2,120.85,move,improve
9068,5,168.41999999999973,2,120.85,swap,notBad
9069,5,168.41999999999973,2,120.85,2opt,notBad
9070,5,168.41999999999973,2,120.85,move,improve
9071,5,168.41999999999973,2,120.85,move,improve
9072,5,168.41999999999973,2,120.85,2opt,notBad
9073,5,168.41999999999973,2,120.85,2opt,notBad
9074,5,168.41999999999973,2,120.85,2opt,notBad
9075,5,168.41999999999973,2,120.85,swap,notBad
9076,5,168.41999999999973,2,120.85,move,improve
9077,5,168.41999999999973,2,120.85,swap,notBad
9078,5,168.41999999999973,2,120.85,2opt,notBad
9079,5,168.41999999999973,2,120.85,move,improve
9080,5,168.41999999999973,2,120.85,2opt,notBad
9081,5,164.2200000000002,2,120.85,move,improve
9082,5,164.2200000000002,2,120.85,2opt,notBad
9083,5,164.2200000000002,2,120.85,swap,notBad
9084,5,164.2200000000002,2,120.85,swap,notBad
9085,5,164.2200000000002,2,120.85,swap,notBad
9086,5,164.2200000000002,2,120.85,move,improve
9087,5,164.2200000000002,2,120.85,2opt,notBad
9088,5,164.2200000000002,2,120.85,2opt,notBad
9089,5,164.2200000000002,2,120.85,swap,notBad
9090,5,164.2200000000002,2,120.85,2opt,notBad
9091,5,164.2200000000002,2,120.85,move,improve
9092,5,164.2200000000002,2,120.85,2opt,notBad
9093,5,164.2200000000002,2,120.85,2opt,notBad
9094,5,164.2200000000002,2,120.85,move,improve
9095,5,164.2200000000002,2,120.85,2opt,improve
9096,5,164.2200000000002,2,120.85,move,improve
9097,5,164.2200000000002,2,120.85,move,improve
9098,5,164.2200000000002,2,120.85,move,improve
9099,5,164.2200000000002,2,120.85,2opt,notBad
9100,5,164.2200000000002,2,120.85,swap,notBad
9101,5,164.2200000000002,2,120.85,swap,notBad
9102,5,164.2200000000002,2,120.85,2opt,improve
9103,5,164.2200000000002,2,120.85,2opt,notBad
9104,5,164.2200000000002,2,120.85,move,improve
9105,5,164.2200000000002,2,120.85,move,improve
9106,5,164.2200000000002,2,120.85,move,improve
9107,5,164.2200000000002,2,120.85,2opt,notBad
9108,5,164.2200000000002,2,120.85,move,improve
9109,5,164.2200000000002,2,120.85,2opt,notBad
9110,5,164.2200000000002,2,120.85,2opt,notBad
9111,5,164.2200000000002,2,120.85,2opt,notBad
9112,5,164.2200000000002,2,120.85,2opt,notBad
9113,5,167.92000000000002,2,120.85,move,acceptBad
9114,5,167.92000000000002,2,120.85,swap,notBad
9115,5,167.92000000000002,2,120.85,2opt,notBad
9116,5,167.92000000000002,2,120.85,2opt,notBad
9117,5,167.92000000000002,2,120.85,swap,notBad
9118,5,167.92000000000002,2,120.85,2opt,notBad
9119,5,167.92000000000002,2,120.85,swap,notBad
9120,5,167.92000000000002,2,120.85,2opt,notBad
9121,5,167.92000000000002,2,120.85,swap,notBad
9122,5,167.92000000000002,2,120.85,swap,notBad
9123,5,167.92000000000002,2,120.85,2opt,notBad
9124,5,167.92000000000002,2,120.85,move,improve
9125,5,167.92000000000002,2,120.85,2opt,notBad
9126,5,167.92000000000002,2,120.85,move,improve
9127,5,167.92000000000002,2,120.85,swap,notBad
9128,5,167.92000000000002,2,120.85,swap,notBad
9129,5,167.92000000000002,2,120.85,2opt,notBad
9130,5,167.92000000000002,2,120.85,2opt,notBad
9131,5,167.92000000000002,2,120.85,move,improve
9132,5,167.92000000000002,2,120.85,swap,notBad
9133,5,167.92000000000002,2,120.85,swap,notBad
9134,5,167.92000000000002,2,120.85,swap,notBad
9135,5,167.92000000000002,2,120.85,move,improve
9136,5,167.92000000000002,2,120.85,2opt,notBad
9137,5,167.92000000000002,2,120.85,2opt,improve
9138,5,167.92000000000002,2,120.85,swap,notBad
9139,5,167.92000000000002,2,120.85,move,improve
9140,5,167.92000000000002,2,120.85,2opt,notBad
9141,5,167.92000000000002,2,120.85,move,improve
9142,5,167.92000000000002,2,120.85,2opt,notBad
9143,5,167.92000000000002,2,120.85,2opt,improve
9144,5,167.92000000000002,2,120.85,swap,notBad
9145,5,167.92000000000002,2,120.85,swap,notBad
9146,5,167.92000000000002,2,120.85,move,improve
9147,5,167.92000000000002,2,120.85,swap,notBad
9148,5,167.92000000000002,2,120.85,swap,notBad
9149,5,167.92000000000002,2,120.85,swap,notBad
9150,5,167.92000000000002,2,120.85,2opt,notBad
9151,5,167.92000000000002,2,120.85,2opt,improve
9152,5,167.92000000000002,2,120.85,2opt,notBad
9153,5,167.92000000000002,2,120.85,move,improve
9154,5,167.92000000000002,2,120.85,move,improve
9155,5,167.92000000000002,2,120.85,swap,notBad
9156,5,167.5499999999999,2,120.85,move,improve
9157,5,167.5499999999999,2,120.85,2opt,notBad
9158,5,167.5499999999999,2,120.85,2opt,notBad
9159,5,167.5499999999999,2,120.85,2opt,notBad
9160,5,167.5499999999999,2,120.85,move,improve
9161,5,167.5499999999999,2,120.85,swap,notBad
9162,5,167.5499999999999,2,120.85,swap,notBad
9163,5,167.5499999999999,2,120.85,swap,notBad
9164,5,167.5499999999999,2,120.85,swap,notBad
9165,5,167.5499999999999,2,120.85,swap,notBad
9166,5,167.5499999999999,2,120.85,swap,notBad
9167,5,166.41000000000005,2,120.85,move,improve
9168,5,166.41000000000005,2,120.85,2opt,notBad
9169,5,166.41000000000005,2,120.85,move,improve
9170,5,166.41000000000005,2,120.85,swap,notBad
9171,5,166.41000000000005,2,120.85,move,improve
9172,5,166.41000000000005,2,120.85,swap,notBad
9173,5,166.41000000000005,2,120.85,2opt,notBad
9174,5,166.41000000000005,2,120.85,2opt,notBad
9175,5,166.41000000000005,2,120.85,2opt,notBad
9176,5,166.41000000000005,2,120.85,move,improve
9177,5,166.41000000000005,2,120.85,move,improve
9178,5,166.41000000000005,2,120.85,swap,notBad
9179,5,166.41000000000005,2,120.85,swap,notBad
9180,5,166.41000000000005,2,120.85,2opt,notBad
9181,5,166.41000000000005,2,120.85,2opt,notBad
9182,5,166.41000000000005,2,120.85,swap,notBad
9183,5,166.41000000000005,2,120.85,swap,notBad
9184,5,166.41000000000005,2,120.85,move,improve
9185,5,166.41000000000005,2,120.85,2opt,notBad
9186,5,166.41000000000005,2,120.85,2opt,notBad
9187,5,166.41000000000005,2,120.85,move,improve
9188,5,166.41000000000005,2,120.85,move,improve
9189,5,166.41000000000005,2,120.85,move,improve
9190,5,166.41000000000005,2,120.85,2opt,notBad
9191,5,166.41000000000005,2,120.85,2opt,notBad
9192,5,166.41000000000005,2,120.85,swap,notBad
9193,5,166.41000000000005,2,120.85,2opt,improve
9194,5,166.41000000000005,2,120.85,2opt,notBad
9195,5,166.41000000000005,2,120.85,swap,notBad
9196,5,166.41000000000005,2,120.85,swap,notBad
9197,5,166.41000000000005,2,120.85,move,improve
9198,5,166.41000000000005,2,120.85,move,improve
9199,5,166.41000000000005,2,120.85,move,improve
9200,5,166.41000000000005,2,120.85,2opt,improve
9201,5,166.41000000000005,2,120.85,swap,notBad
9202,5,166.41000000000005,2,120.85,swap,notBad
9203,5,166.41000000000005,2,120.85,2opt,notBad
9204,5,166.41000000000005,2,120.85,move,improve
9205,5,166.41000000000005,2,120.85,move,improve
9206,5,166.41000000000005,2,120.85,swap,notBad
9207,5,166.41000000000005,2,120.85,2opt,notBad
9208,5,166.41000000000005,2,120.85,2opt,notBad
9209,5,166.41000000000005,2,120.85,swap,notBad
9210,5,166.41000000000005,2,120.85,swap,notBad
9211,5,166.41000000000005,2,120.85,swap,notBad
9212,5,166.41000000000005,2,120.85,2opt,notBad
9213,5,166.41000000000005,2,120.85,2opt,notBad
9214,5,166.41000000000005,2,120.85,move,improve
9215,5,166.41000000000005,2,120.85,swap,notBad
9216,5,166.41000000000005,2,120.85,swap,notBad
9217,5,166.41000000000005,2,120.85,move,improve
9218,5,166.41000000000005,2,120.85,2opt,notBad
9219,5,166.41000000000005,2,120.85,2opt,notBad
9220,5,166.41000000000005,2,120.85,swap,notBad
9221,5,166.41000000000005,2,120.85,swap,notBad
9222,5,166.41000000000005,2,120.85,move,improve
9223,5,166.41000000000005,2,120.85,move,improve
9224,5,166.41000000000005,2,120.85,2opt,notBad
9225,5,166.41000000000005,2,120.85,swap,notBad
9226,5,166.41000000000005,2,120.85,move,improve
9227,5,166.41000000000005,2,120.85,2opt,notBad
9228,5,166.41000000000005,2,120.85,swap,notBad
9229,5,166.41000000000005,2,120.85,2opt,notBad
9230,5,166.41000000000005,2,120.85,2opt,notBad
9231,5,166.41000000000005,2,120.85,2opt,notBad
9232,5,166.41000000000005,2,120.85,move,improve
9233,5,166.41000000000005,2,120.85,swap,notBad
9234,5,166.41000000000005,2,120.85,move,improve
9235,5,166.41000000000005,2,120.85,2opt,notBad
9236,5,166.41000000000005,2,120.85,swap,notBad
9237,5,166.41000000000005,2,120.85,2opt,improve
9238,5,166.41000000000005,2,120.85,2opt,notBad
9239,5,166.41000000000005,2,120.85,move,improve
9240,5,166.41000000000005,2,120.85,2opt,notBad
9241,5,166.41000000000005,2,120.85,2opt,notBad
9242,5,166.41000000000005,2,120.85,2opt,notBad
9243,5,166.41000000000005,2,120.85,2opt,notBad
9244,5,166.41000000000005,2,120.85,move,improve
9245,5,166.41000000000005,2,120.85,swap,notBad
9246,5,166.41000000000005,2,120.85,move,improve
9247,5,166.41000000000005,2,120.85,2opt,notBad
9248,5,166.41000000000005,2,120.85,swap,notBad
9249,5,166.41000000000005,2,120.85,2opt,notBad
9250,5,166.41000000000005,2,120.85,swap,notBad
9251,5,166.41000000000005,2,120.85,move,improve
9252,5,166.41000000000005,2,120.85,move,improve
9253,5,166.41000000000005,2,120.85,2opt,notBad
9254,5,166.41000000000005,2,120.85,swap,notBad
9255,5,166.41000000000005,2,120.85,2opt,notBad
9256,5,166.41000000000005,2,120.85,2opt,notBad
9257,5,166.41000000000005,2,120.85,move,improve
9258,5,166.41000000000005,2,120.85,move,improve
9259,5,166.41000000000005,2,120.85,2opt,improve
9260,5,166.41000000000005,2,120.85,swap,notBad
9261,5,166.41000000000005,2,120.85,swap,notBad
9262,5,166.41000000000005,2,120.85,swap,notBad
9263,5,166.41000000000005,2,120.85,move,improve
9264,5,166.41000000000005,2,120.85,swap,notBad
9265,5,166.41000000000005,2,120.85,2opt,notBad
9266,5,166.41000000000005,2,120.85,2opt,notBad
9267,5,166.41000000000005,2,120.85,swap,notBad
9268,5,166.41000000000005,2,120.85,move,improve
9269,5,166.41000000000005,2,120.85,2opt,notBad
9270,5,166.41000000000005,2,120.85,move,improve
9271,5,166.41000000000005,2,120.85,swap,notBad
9272,5,166.41000000000005,2,120.85,move,improve
9273,5,166.41000000000005,2,120.85,move,improve
9274,5,166.41000000000005,2,120.85,move,improve
9275,5,166.41000000000005,2,120.85,move,improve
9276,5,166.41000000000005,2,120.85,move,improve
9277,5,166.41000000000005,2,120.85,move,improve
9278,5,166.41000000000005,2,120.85,2opt,notBad
9279,5,166.41000000000005,2,120.85,move,improve
9280,5,166.06000000000023,2,120.85,move,improve
9281,5,166.06000000000023,2,120.85,swap,notBad
9282,5,166.06000000000023,2,120.85,swap,notBad
9283,5,166.06000000000023,2,120.85,swap,notBad
9284,5,166.06000000000023,2,120.85,swap,notBad
9285,5,166.06000000000023,2,120.85,swap,notBad
9286,5,166.06000000000023,2,120.85,swap,notBad
9287,5,166.06000000000023,2,120.85,2opt,notBad
9288,5,166.06000000000023,2,120.85,swap,notBad
9289,5,166.06000000000023,2,120.85,swap,notBad
9290,5,166.06000000000023,2,120.85,move,improve
9291,5,166.06000000000023,2,120.85,2opt,improve
9292,5,166.06000000000023,2,120.85,swap,notBad
9293,5,166.06000000000023,2,120.85,swap,notBad
9294,5,166.06000000000023,2,120.85,move,improve
9295,5,166.06000000000023,2,120.85,move,improve
9296,5,166.06000000000023,2,120.85,move,improve
9297,5,166.06000000000023,2,120.85,swap,notBad
9298,5,166.06000000000023,2,120.85,move,improve
9299,5,166.06000000000023,2,120.85,2opt,notBad
9300,5,166.06000000000023,2,120.85,swap,notBad
9301,5,166.06000000000023,2,120.85,move,notBad
9302,5,166.06000000000023,2,120.85,2opt,notBad
9303,5,166.06000000000023,2,120.85,swap,notBad
9304,5,166.06000000000023,2,120.85,2opt,notBad
9305,5,166.06000000000023,2,120.85,move,improve
9306,5,166.06000000000023,2,120.85,move,improve
9307,5,166.06000000000023,2,120.85,2opt,improve
9308,5,166.06000000000023,2,120.85,move,improve
9309,5,166.06000000000023,2,120.85,swap,notBad
9310,5,166.06000000000023,2,120.85,2opt,notBad
9311,5,166.06000000000023,2,120.85,2opt,notBad
9312,5,166.06000000000023,2,120.85,swap,notBad
9313,5,166.06000000000023,2,120.85,2opt,notBad
9314,5,166.06000000000023,2,120.85,2opt,notBad
9315,5,166.06000000000023,2,120.85,2opt,notBad
9316,5,166.06000000000023,2,120.85,swap,notBad
9317,5,166.06000000000023,2,120.85,move,improve
9318,5,166.06000000000023,2,120.85,move,improve
9319,5,166.06000000000023,2,120.85,move,improve
9320,5,166.06000000000023,2,120.85,move,improve
9321,5,166.06000000000023,2,120.85,2opt,notBad
9322,5,166.06000000000023,2,120.85,move,improve
9323,5,166.06000000000023,2,120.85,2opt,notBad
9324,5,166.06000000000023,2,120.85,swap,notBad
9325,5,166.06000000000023,2,120.85,2opt,notBad
9326,5,166.06000000000023,2,120.85,2opt,notBad
9327,5,166.06000000000023,2,120.85,2opt,notBad
9328,5,166.06000000000023,2,120.85,swap,notBad
9329,5,166.06000000000023,2,120.85,swap,notBad
9330,5,166.06000000000023,2,120.85,swap,notBad
9331,5,166.06000000000023,2,120.85,swap,notBad
9332,5,166.06000000000023,2,120.85,move,improve
9333,5,166.06000000000023,2,120.85,move,improve
9334,5,166.06000000000023,2,120.85,swap,notBad
9335,5,166.06000000000023,2,120.85,2opt,notBad
9336,5,166.06000000000023,2,120.85,2opt,notBad
9337,5,166.06000000000023,2,120.85,move,improve
9338,5,166.06000000000023,2,120.85,2opt,notBad
9339,5,166.06000000000023,2,120.85,move,improve
9340,5,166.06000000000023,2,120.85,swap,notBad
9341,5,166.06000000000023,2,120.85,2opt,notBad
9342,5,166.06000000000023,2,120.85,swap,notBad
9343,5,166.06000000000023,2,120.85,2opt,notBad
9344,5,166.06000000000023,2,120.85,move,improve
9345,5,166.06000000000023,2,120.85,2opt,notBad
9346,5,166.06000000000023,2,120.85,2opt,notBad
9347,5,166.06000000000023,2,120.85,move,improve
9348,5,166.06000000000023,2,120.85,2opt,improve
9349,5,166.06000000000023,2,120.85,swap,notBad
9350,5,166.06000000000023,2,120.85,2opt,notBad
9351,5,166.06000000000023,2,120.85,move,improve
9352,5,166.06000000000023,2,120.85,swap,notBad
9353,5,166.06000000000023,2,120.85,swap,notBad
9354,5,166.06000000000023,2,120.85,swap,notBad
9355,5,166.06000000000023,2,120.85,2opt,notBad
9356,5,166.06000000000023,2,120.85,swap,notBad
9357,5,166.06000000000023,2,120.85,swap,notBad
9358,5,166.06000000000023,2,120.85,swap,notBad
9359,5,166.06000000000023,2,120.85,2opt,notBad
9360,5,166.06000000000023,2,120.85,2opt,notBad
9361,5,166.06000000000023,2,120.85,move,improve
9362,5,166.06000000000023,2,120.85,2opt,notBad
9363,5,166.06000000000023,2,120.85,move,improve
9364,5,166.06000000000023,2,120.85,move,improve
9365,5,166.06000000000023,2,120.85,2opt,notBad
9366,5,166.06000000000023,2,120.85,2opt,notBad
9367,5,166.06000000000023,2,120.85,2opt,notBad
9368,5,166.06000000000023,2,120.85,move,improve
9369,5,166.06000000000023,2,120.85,swap,notBad
9370,5,166.06000000000023,2,120.85,swap,notBad
9371,5,166.06000000000023,2,120.85,swap,notBad
9372,5,166.06000000000023,2,120.85,move,improve
9373,5,166.06000000000023,2,120.85,2opt,notBad
9374,5,166.06000000000023,2,120.85,2opt,notBad
9375,5,166.06000000000023,2,120.85,2opt,notBad
9376,5,166.06000000000023,2,120.85,swap,notBad
9377,5,166.06000000000023,2,120.85,swap,notBad
9378,5,166.06000000000023,2,120.85,swap,notBad
9379,5,166.06000000000023,2,120.85,swap,notBad
9380,5,166.06000000000023,2,120.85,move,improve
9381,5,166.06000000000023,2,120.85,swap,notBad
9382,5,166.06000000000023,2,120.85,2opt,notBad
9383,5,166.06000000000023,2,120.85,2opt,notBad
9384,5,166.06000000000023,2,120.85,2opt,notBad
9385,5,166.06000000000023,2,120.85,move,improve
9386,5,166.06000000000023,2,120.85,move,improve
9387,5,166.06000000000023,2,120.85,2opt,notBad
9388,5,166.06000000000023,2,120.85,swap,notBad
9389,5,166.06000000000023,2,120.85,swap,notBad
9390,5,166.06000000000023,2,120.85,2opt,notBad
9391,5,166.06000000000023,2,120.85,move,improve
9392,5,166.06000000000023,2,120.85,2opt,notBad
9393,5,166.06000000000023,2,120.85,swap,notBad
9394,5,166.06000000000023,2,120.85,swap,notBad
9395,5,166.06000000000023,2,120.85,swap,notBad
9396,5,166.06000000000023,2,120.85,move,improve
9397,5,166.06000000000023,2,120.85,2opt,notBad
9398,5,166.06000000000023,2,120.85,move,improve
9399,5,166.06000000000023,2,120.85,2opt,notBad
9400,5,166.06000000000023,2,120.85,2opt,notBad
9401,5,166.06000000000023,2,120.85,2opt,notBad
9402,5,166.06000000000023,2,120.85,move,improve
9403,5,166.06000000000023,2,120.85,2opt,notBad
9404,5,166.06000000000023,2,120.85,2opt,notBad
9405,5,166.06000000000023,2,120.85,move,improve
9406,5,166.06000000000023,2,120.85,move,improve
9407,5,166.06000000000023,2,120.85,swap,notBad
9408,5,166.06000000000023,2,120.85,swap,notBad
9409,5,166.06000000000023,2,120.85,swap,notBad
9410,5,166.06000000000023,2,120.85,2opt,notBad
9411,5,166.06000000000023,2,120.85,2opt,notBad
9412,5,166.06000000000023,2,120.85,2opt,notBad
9413,5,166.06000000000023,2,120.85,move,improve
9414,5,166.06000000000023,2,120.85,2opt,notBad
9415,5,166.06000000000023,2,120.85,swap,notBad
9416,5,166.06000000000023,2,120.85,swap,notBad
9417,5,166.06000000000023,2,120.85,move,improve
9418,5,166.06000000000023,2,120.85,move,improve
9419,5,166.06000000000023,2,120.85,2opt,notBad
9420,5,166.06000000000023,2,120.85,swap,notBad
9421,5,166.06000000000023,2,120.85,2opt,improve
9422,5,166.06000000000023,2,120.85,move,improve
9423,5,166.06000000000023,2,120.85,move,improve
9424,5,166.06000000000023,2,120.85,move,notBad
9425,5,166.06000000000023,2,120.85,swap,notBad
9426,5,166.06000000000023,2,120.85,swap,notBad
9427,5,166.06000000000023,2,120.85,swap,notBad
9428,5,166.06000000000023,2,120.85,2opt,notBad
9429,5,166.06000000000023,2,120.85,move,improve
9430,5,166.06000000000023,2,120.85,move,improve
9431,5,166.06000000000023,2,120.85,swap,notBad
9432,5,166.06000000000023,2,120.85,swap,notBad
9433,5,166.06000000000023,2,120.85,move,improve
9434,5,166.06000000000023,2,120.85,2opt,notBad
9435,5,166.06000000000023,2,120.85,move,improve
9436,5,166.06000000000023,2,120.85,swap,notBad
9437,5,166.06000000000023,2,120.85,move,improve
9438,5,166.06000000000023,2,120.85,move,improve
9439,5,166.06000000000023,2,120.85,move,improve
9440,5,166.06000000000023,2,120.85,move,improve
9441,5,166.06000000000023,2,120.85,move,improve
9442,5,166.06000000000023,2,120.85,2opt,notBad
9443,5,166.06000000000023,2,120.85,2opt,notBad
9444,5,166.06000000000023,2,120.85,swap,notBad
9445,5,166.06000000000023,2,120.85,2opt,improve
9446,5,166.06000000000023,2,120.85,2opt,notBad
9447,5,166.06000000000023,2,120.85,swap,notBad
9448,5,166.06000000000023,2,120.85,swap,notBad
9449,5,166.06000000000023,2,120.85,move,improve
9450,5,166.06000000000023,2,120.85,swap,notBad
9451,5,166.06000000000023,2,120.85,move,improve
9452,5,166.06000000000023,2,120.85,swap,notBad
9453,5,166.06000000000023,2,120.85,2opt,notBad
9454,5,166.06000000000023,2,120.85,swap,notBad
9455,5,166.06000000000023,2,120.85,2opt,notBad
9456,5,166.06000000000023,2,120.85,swap,notBad
9457,5,166.06000000000023,2,120.85,2opt,improve
9458,5,166.06000000000023,2,120.85,move,improve
9459,5,166.06000000000023,2,120.85,2opt,notBad
9460,5,166.06000000000023,2,120.85,move,improve
9461,5,166.06000000000023,2,120.85,move,improve
9462,5,166.06000000000023,2,120.85,swap,notBad
9463,5,166.06000000000023,2,120.85,2opt,notBad
9464,5,166.06000000000023,2,120.85,move,improve
9465,5,166.06000000000023,2,120.85,swap,notBad
9466,5,166.06000000000023,2,120.85,2opt,notBad
9467,5,166.06000000000023,2,120.85,move,improve
9468,5,166.06000000000023,2,120.85,2opt,notBad
9469,5,166.06000000000023,2,120.85,move,improve
9470,5,166.06000000000023,2,120.85,move,improve
9471,5,166.06000000000023,2,120.85,swap,notBad
9472,5,166.06000000000023,2,120.85,move,improve
9473,5,166.06000000000023,2,120.85,move,improve
9474,5,166.06000000000023,2,120.85,move,improve
9475,5,166.06000000000023,2,120.85,move,improve
9476,5,166.06000000000023,2,120.85,move,improve
9477,5,166.06000000000023,2,120.85,move,improve
9478,5,166.06000000000023,2,120.85,move,improve
9479,5,166.06000000000023,2,120.85,move,improve
9480,5,166.06000000000023,2,120.85,swap,notBad
9481,5,166.06000000000023,2,120.85,2opt,notBad
9482,5,166.06000000000023,2,120.85,2opt,notBad
9483,5,166.06000000000023,2,120.85,swap,notBad
9484,5,166.06000000000023,2,120.85,swap,notBad
9485,5,166.06000000000023,2,120.85,swap,notBad
9486,5,166.06000000000023,2,120.85,2opt,notBad
9487,5,166.06000000000023,2,120.85,move,improve
9488,5,166.06000000000023,2,120.85,2opt,notBad
9489,5,166.06000000000023,2,120.85,swap,notBad
9490,5,166.06000000000023,2,120.85,2opt,notBad
9491,5,166.06000000000023,2,120.85,move,improve
9492,5,166.06000000000023,2,120.85,move,improve
9493,5,166.06000000000023,2,120.85,2opt,notBad
9494,5,166.06000000000023,2,120.85,2opt,notBad
9495,5,166.06000000000023,2,120.85,move,improve
9496,5,166.06000000000023,2,120.85,2opt,notBad
9497,5,166.06000000000023,2,120.85,2opt,notBad
9498,5,166.06000000000023,2,120.85,move,improve
9499,5,166.06000000000023,2,120.85,move,improve
9500,5,166.06000000000023,2,120.85,swap,notBad
9501,5,166.06000000000023,2,120.85,move,notBad
9502,5,166.06000000000023,2,120.85,2opt,notBad
9503,5,166.06000000000023,2,120.85,move,improve
9504,5,166.06000000000023,2,120.85,2opt,notBad
9505,5,166.06000000000023,2,120.85,move,improve
9506,5,166.06000000000023,2,120.85,swap,notBad
9507,5,166.06000000000023,2,120.85,move,improve
9508,5,166.06000000000023,2,120.85,2opt,improve
9509,5,166.06000000000023,2,120.85,move,improve
9510,5,166.06000000000023,2,120.85,move,improve
9511,5,166.06000000000023,2,120.85,move,improve
9512,5,166.06000000000023,2,120.85,2opt,notBad
9513,5,166.06000000000023,2,120.85,move,improve
9514,5,166.06000000000023,2,120.85,swap,notBad
9515,5,166.06000000000023,2,120.85,swap,notBad
9516,5,166.06000000000023,2,120.85,2opt,notBad
9517,5,166.06000000000023,2,120.85,swap,notBad
9518,5,166.06000000000023,2,120.85,2opt,notBad
9519,5,166.06000000000023,2,120.85,2opt,notBad
9520,5,166.06000000000023,2,120.85,2opt,notBad
9521,5,166.06000000000023,2,120.85,swap,notBad
9522,5,166.06000000000023,2,120.85,move,improve
9523,5,166.06000000000023,2,120.85,swap,notBad
9524,5,166.06000000000023,2,120.85,2opt,notBad
9525,5,166.06000000000023,2,120.85,move,improve
9526,5,166.06000000000023,2,120.85,move,improve
9527,5,166.06000000000023,2,120.85,swap,notBad
9528,5,166.06000000000023,2,120.85,move,improve
9529,5,166.06000000000023,2,120.85,2opt,notBad
9530,5,166.06000000000023,2,120.85,2opt,notBad
9531,5,166.06000000000023,2,120.85,move,improve
9532,5,166.06000000000023,2,120.85,move,improve
9533,5,166.06000000000023,2,120.85,move,improve
9534,5,166.06000000000023,2,120.85,swap,notBad
9535,5,166.06000000000023,2,120.85,move,improve
9536,5,166.06000000000023,2,120.85,move,improve
9537,5,166.06000000000023,2,120.85,swap,notBad
9538,5,166.06000000000023,2,120.85,swap,notBad
9539,5,166.06000000000023,2,120.85,move,improve
9540,5,166.06000000000023,2,120.85,move,improve
9541,5,166.06000000000023,2,120.85,swap,notBad
9542,5,166.06000000000023,2,120.85,move,improve
9543,5,166.06000000000023,2,120.85,move,improve
9544,5,166.06000000000023,2,120.85,2opt,notBad
9545,5,166.06000000000023,2,120.85,2opt,notBad
9546,5,166.06000000000023,2,120.85,2opt,notBad
9547,5,166.06000000000023,2,120.85,swap,notBad
9548,5,166.06000000000023,2,120.85,move,improve
9549,5,166.06000000000023,2,120.85,swap,notBad
9550,5,166.06000000000023,2,120.85,2opt,notBad
9551,5,166.06000000000023,2,120.85,move,improve
9552,5,166.06000000000023,2,120.85,move,improve
9553,5,166.06000000000023,2,120.85,move,improve
9554,5,166.06000000000023,2,120.85,swap,notBad
9555,5,166.06000000000023,2,120.85,2opt,notBad
9556,5,166.06000000000023,2,120.85,2opt,notBad
9557,5,166.06000000000023,2,120.85,move,notBad
9558,5,166.06000000000023,2,120.85,2opt,notBad
9559,5,166.06000000000023,2,120.85,move,improve
9560,5,166.06000000000023,2,120.85,2opt,notBad
9561,5,166.06000000000023,2,120.85,move,improve
9562,5,166.06000000000023,2,120.85,move,improve
9563,5,166.06000000000023,2,120.85,2opt,notBad
9564,5,166.06000000000023,2,120.85,move,improve
9565,5,166.06000000000023,2,120.85,move,improve
9566,5,166.06000000000023,2,120.85,swap,notBad
9567,5,166.06000000000023,2,120.85,swap,notBad
9568,5,166.06000000000023,2,120.85,move,improve
9569,5,166.06000000000023,2,120.85,2opt,improve
9570,5,166.06000000000023,2,120.85,2opt,notBad
9571,5,166.06000000000023,2,120.85,move,improve
9572,5,166.06000000000023,2,120.85,swap,notBad
9573,5,166.06000000000023,2,120.85,2opt,notBad
9574,5,166.06000000000023,2,120.85,move,improve
9575,5,166.06000000000023,2,120.85,move,improve
9576,5,166.06000000000023,2,120.85,move,improve
9577,5,166.06000000000023,2,120.85,swap,notBad
9578,5,166.06000000000023,2,120.85,move,improve
9579,5,166.06000000000023,2,120.85,move,improve
9580,5,166.06000000000023,2,120.85,move,improve
9581,5,166.06000000000023,2,120.85,swap,notBad
9582,5,166.06000000000023,2,120.85,swap,notBad
9583,5,166.06000000000023,2,120.85,2opt,notBad
9584,5,166.06000000000023,2,120.85,swap,notBad
9585,5,166.06000000000023,2,120.85,move,improve
9586,5,166.06000000000023,2,120.85,move,improve
9587,5,166.06000000000023,2,120.85,2opt,notBad
9588,5,166.06000000000023,2,120.85,2opt,notBad
9589,5,166.06000000000023,2,120.85,move,improve
9590,5,166.06000000000023,2,120.85,2opt,notBad
9591,5,166.06000000000023,2,120.85,move,improve
9592,5,166.06000000000023,2,120.85,move,improve
9593,5,166.06000000000023,2,120.85,swap,notBad
9594,5,166.06000000000023,2,120.85,2opt,notBad
9595,5,166.06000000000023,2,120.85,move,improve
9596,5,166.06000000000023,2,120.85,swap,notBad
9597,5,166.06000000000023,2,120.85,move,improve
9598,5,166.06000000000023,2,120.85,2opt,improve
9599,5,166.06000000000023,2,120.85,move,improve
9600,5,166.06000000000023,2,120.85,move,improve
9601,5,166.06000000000023,2,120.85,swap,notBad
9602,5,166.06000000000023,2,120.85,2opt,notBad
9603,5,166.06000000000023,2,120.85,2opt,notBad
9604,5,166.06000000000023,2,120.85,swap,notBad
9605,5,166.06000000000023,2,120.85,2opt,notBad
9606,5,166.06000000000023,2,120.85,move,improve
9607,5,166.06000000000023,2,120.85,move,improve
9608,5,166.06000000000023,2,120.85,2opt,notBad
9609,5,166.06000000000023,2,120.85,swap,notBad
9610,5,166.06000000000023,2,120.85,2opt,notBad
9611,5,166.06000000000023,2,120.85,2opt,notBad
9612,5,166.06000000000023,2,120.85,2opt,notBad
9613,5,166.06000000000023,2,120.85,swap,notBad
9614,5,166.06000000000023,2,120.85,swap,notBad
9615,5,166.06000000000023,2,120.85,move,improve
9616,5,166.06000000000023,2,120.85,2opt,notBad
9617,5,166.06000000000023,2,120.85,swap,notBad
9618,5,166.06000000000023,2,120.85,move,improve
9619,5,166.06000000000023,2,120.85,swap,notBad
9620,5,166.06000000000023,2,120.85,move,improve
9621,5,166.06000000000023,2,120.85,2opt,improve
9622,5,166.06000000000023,2,120.85,move,improve
9623,5,166.06000000000023,2,120.85,move,improve
9624,5,166.06000000000023,2,120.85,2opt,notBad
9625,5,166.06000000000023,2,120.85,2opt,notBad
9626,5,166.06000000000023,2,120.85,2opt,notBad
9627,5,166.06000000000023,2,120.85,2opt,improve
9628,5,166.06000000000023,2,120.85,move,improve
9629,5,166.06000000000023,2,120.85,move,improve
9630,5,166.06000000000023,2,120.85,2opt,notBad
9631,5,166.06000000000023,2,120.85,move,improve
9632,5,166.06000000000023,2,120.85,swap,notBad
9633,5,166.06000000000023,2,120.85,swap,notBad
9634,5,166.06000000000023,2,120.85,move,improve
9635,5,166.06000000000023,2,120.85,swap,notBad
9636,5,166.06000000000023,2,120.85,swap,notBad
9637,5,166.06000000000023,2,120.85,2opt,notBad
9638,5,166.06000000000023,2,120.85,swap,notBad
9639,5,166.06000000000023,2,120.85,swap,notBad
9640,5,166.06000000000023,2,120.85,swap,notBad
9641,5,166.06000000000023,2,120.85,swap,notBad
9642,5,166.06000000000023,2,120.85,move,improve
9643,5,166.06000000000023,2,120.85,swap,notBad
9644,5,166.06000000000023,2,120.85,2opt,notBad
9645,5,166.06000000000023,2,120.85,move,improve
9646,5,166.06000000000023,2,120.85,2opt,improve
9647,5,166.06000000000023,2,120.85,swap,notBad
9648,5,166.06000000000023,2,120.85,2opt,notBad
9649,5,166.06000000000023,2,120.85,swap,notBad
9650,5,166.06000000000023,2,120.85,move,improve
9651,5,166.06000000000023,2,120.85,swap,notBad
9652,5,166.06000000000023,2,120.85,2opt,notBad
9653,5,166.06000000000023,2,120.85,2opt,notBad
9654,5,166.06000000000023,2,120.85,2opt,notBad
9655,5,166.06000000000023,2,120.85,move,improve
9656,5,166.06000000000023,2,120.85,2opt,notBad
9657,5,166.06000000000023,2,120.85,2opt,notBad
9658,5,166.06000000000023,2,120.85,swap,notBad
9659,5,166.06000000000023,2,120.85,swap,notBad
9660,5,166.06000000000023,2,120.85,2opt,notBad
9661,5,166.06000000000023,2,120.85,move,improve
9662,5,166.06000000000023,2,120.85,swap,notBad
9663,5,166.06000000000023,2,120.85,2opt,notBad
9664,5,166.06000000000023,2,120.85,swap,notBad
9665,5,166.06000000000023,2,120.85,move,improve
9666,5,166.06000000000023,2,120.85,swap,notBad
9667,5,166.06000000000023,2,120.85,move,improve
9668,5,166.06000000000023,2,120.85,2opt,notBad
9669,5,166.06000000000023,2,120.85,swap,notBad
9670,5,166.06000000000023,2,120.85,move,improve
9671,5,166.06000000000023,2,120.85,2opt,notBad
9672,5,166.06000000000023,2,120.85,swap,notBad
9673,5,166.06000000000023,2,120.85,2opt,notBad
9674,5,166.06000000000023,2,120.85,2opt,notBad
9675,5,166.06000000000023,2,120.85,2opt,notBad
9676,5,166.06000000000023,2,120.85,swap,notBad
9677,5,166.06000000000023,2,120.85,swap,notBad
9678,5,166.06000000000023,2,120.85,move,improve
9679,5,166.06000000000023,2,120.85,2opt,notBad
9680,5,166.06000000000023,2,120.85,2opt,notBad
9681,5,166.06000000000023,2,120.85,2opt,notBad
9682,5,166.06000000000023,2,120.85,move,improve
9683,5,166.06000000000023,2,120.85,swap,notBad
9684,5,166.06000000000023,2,120.85,2opt,notBad
9685,5,166.06000000000023,2,120.85,2opt,notBad
9686,5,166.06000000000023,2,120.85,2opt,notBad
9687,5,166.06000000000023,2,120.85,2opt,notBad
9688,5,166.06000000000023,2,120.85,move,improve
9689,5,166.06000000000023,2,120.85,move,improve
9690,5,166.06000000000023,2,120.85,swap,notBad
9691,5,166.06000000000023,2,120.85,move,improve
9692,5,166.06000000000023,2,120.85,move,improve
9693,5,166.06000000000023,2,120.85,swap,notBad
9694,5,166.06000000000023,2,120.85,move,improve
9695,5,166.06000000000023,2,120.85,swap,notBad
9696,5,166.06000000000023,2,120.85,2opt,notBad
9697,5,166.06000000000023,2,120.85,2opt,notBad
9698,5,166.06000000000023,2,120.85,2opt,notBad
9699,5,166.06000000000023,2,120.85,swap,notBad
9700,5,166.06000000000023,2,120.85,move,improve
9701,5,166.06000000000023,2,120.85,swap,notBad
9702,5,166.06000000000023,2,120.85,2opt,notBad
9703,5,166.06000000000023,2,120.85,swap,notBad
9704,5,166.06000000000023,2,120.85,2opt,improve
9705,5,166.06000000000023,2,120.85,swap,notBad
9706,5,166.06000000000023,2,120.85,swap,notBad
9707,5,166.06000000000023,2,120.85,2opt,notBad
9708,5,166.06000000000023,2,120.85,move,improve
9709,5,166.06000000000023,2,120.85,2opt,improve
9710,5,166.06000000000023,2,120.85,2opt,notBad
9711,5,166.06000000000023,2,120.85,swap,notBad
9712,5,166.06000000000023,2,120.85,2opt,notBad
9713,5,166.06000000000023,2,120.85,move,improve
9714,5,166.06000000000023,2,120.85,swap,notBad
9715,5,166.06000000000023,2,120.85,2opt,notBad
9716,5,166.06000000000023,2,120.85,2opt,improve
9717,5,166.06000000000023,2,120.85,move,improve
9718,5,166.06000000000023,2,120.85,swap,notBad
9719,5,166.06000000000023,2,120.85,move,improve
9720,5,166.06000000000023,2,120.85,swap,notBad
9721,5,166.06000000000023,2,120.85,move,improve
9722,5,166.06000000000023,2,120.85,swap,notBad
9723,5,166.06000000000023,2,120.85,2opt,notBad
9724,5,166.06000000000023,2,120.85,swap,notBad
9725,5,166.06000000000023,2,120.85,move,improve
9726,5,166.06000000000023,2,120.85,swap,notBad
9727,5,166.06000000000023,2,120.85,swap,notBad
9728,5,166.06000000000023,2,120.85,swap,notBad
9729,5,166.06000000000023,2,120.85,2opt,notBad
9730,5,166.06000000000023,2,120.85,2opt,notBad
9731,5,166.06000000000023,2,120.85,move,improve
9732,5,166.06000000000023,2,120.85,move,improve
9733,5,166.06000000000023,2,120.85,move,improve
9734,5,166.06000000000023,2,120.85,move,notBad
9735,5,166.06000000000023,2,120.85,swap,notBad
9736,5,166.06000000000023,2,120.85,swap,notBad
9737,5,166.06000000000023,2,120.85,2opt,notBad
9738,5,166.06000000000023,2,120.85,swap,notBad
9739,5,166.06000000000023,2,120.85,move,improve
9740,5,166.06000000000023,2,120.85,move,improve
9741,5,166.06000000000023,2,120.85,move,improve
9742,5,166.06000000000023,2,120.85,swap,notBad
9743,5,166.06000000000023,2,120.85,swap,notBad
9744,5,166.06000000000023,2,120.85,2opt,notBad
9745,5,166.06000000000023,2,120.85,move,improve
9746,5,166.06000000000023,2,120.85,move,improve
9747,5,166.06000000000023,2,120.85,2opt,notBad
9748,5,166.06000000000023,2,120.85,move,improve
9749,5,166.06000000000023,2,120.85,swap,notBad
9750,5,166.06000000000023,2,120.85,2opt,notBad
9751,5,166.06000000000023,2,120.85,2opt,notBad
9752,5,166.06000000000023,2,120.85,move,improve
9753,5,166.06000000000023,2,120.85,move,improve
9754,5,166.06000000000023,2,120.85,swap,notBad
9755,5,166.06000000000023,2,120.85,2opt,notBad
9756,5,166.06000000000023,2,120.85,2opt,notBad
9757,5,166.06000000000023,2,120.85,2opt,notBad
9758,5,166.06000000000023,2,120.85,swap,notBad
9759,5,166.06000000000023,2,120.85,move,improve
9760,5,166.06000000000023,2,120.85,move,improve
9761,5,166.06000000000023,2,120.85,swap,notBad
9762,5,166.06000000000023,2,120.85,2opt,notBad
9763,5,166.06000000000023,2,120.85,swap,notBad
9764,5,166.06000000000023,2,120.85,move,improve
9765,5,166.06000000000023,2,120.85,swap,notBad
9766,5,166.06000000000023,2,120.85,2opt,notBad
9767,5,166.06000000000023,2,120.85,move,improve
9768,5,166.06000000000023,2,120.85,2opt,notBad
9769,5,166.06000000000023,2,120.85,2opt,notBad
9770,5,166.06000000000023,2,120.85,move,improve
9771,5,166.25999999999945,2,120.85,swap,acceptBad
9772,5,166.25999999999945,2,120.85,2opt,notBad
9773,5,166.25999999999945,2,120.85,swap,notBad
9774,5,166.25999999999945,2,120.85,2opt,notBad
9775,5,166.25999999999945,2,120.85,move,improve
9776,5,166.25999999999945,2,120.85,swap,notBad
9777,5,166.25999999999945,2,120.85,swap,notBad
9778,5,166.25999999999945,2,120.85,move,improve
9779,5,166.25999999999945,2,120.85,swap,notBad
9780,5,166.25999999999945,2,120.85,move,improve
9781,5,166.25999999999945,2,120.85,move,improve
9782,5,166.25999999999945,2,120.85,move,improve
9783,5,166.25999999999945,2,120.85,2opt,notBad
9784,5,166.25999999999945,2,120.85,2opt,notBad
9785,5,166.25999999999945,2,120.85,2opt,notBad
9786,5,166.25999999999945,2,120.85,swap,notBad
9787,5,166.25999999999945,2,120.85,2opt,notBad
9788,5,166.25999999999945,2,120.85,swap,notBad
9789,5,167.5299999999995,2,120.85,2opt,acceptBad
9790,5,167.5299999999995,2,120.85,move,improve
9791,5,167.5299999999995,2,120.85,2opt,notBad
9792,5,167.5299999999995,2,120.85,swap,notBad
9793,5,167.5299999999995,2,120.85,2opt,improve
9794,5,167.5299999999995,2,120.85,2opt,notBad
9795,5,167.5299999999995,2,120.85,move,improve
9796,5,167.5299999999995,2,120.85,swap,notBad
9797,5,167.5299999999995,2,120.85,swap,notBad
9798,5,167.5299999999995,2,120.85,move,improve
9799,5,167.5299999999995,2,120.85,2opt,notBad
9800,5,167.5299999999995,2,120.85,swap,notBad
9801,5,167.5299999999995,2,120.85,swap,notBad
9802,5,167.5299999999995,2,120.85,2opt,notBad
9803,5,167.5299999999995,2,120.85,2opt,notBad
9804,5,167.5299999999995,2,120.85,move,improve
9805,5,167.5299999999995,2,120.85,2opt,notBad
9806,5,167.5299999999995,2,120.85,move,improve
9807,5,167.5299999999995,2,120.85,2opt,improve
9808,5,167.5299999999995,2,120.85,move,improve
9809,5,167.5299999999995,2,120.85,move,improve
9810,5,167.33000000000027,2,120.85,move,improve
9811,5,167.33000000000027,2,120.85,swap,notBad
9812,5,167.33000000000027,2,120.85,move,improve
9813,5,167.33000000000027,2,120.85,2opt,notBad
9814,5,167.33000000000027,2,120.85,swap,notBad
9815,5,167.33000000000027,2,120.85,swap,notBad
9816,5,167.33000000000027,2,120.85,move,improve
9817,5,167.33000000000027,2,120.85,2opt,notBad
9818,5,167.33000000000027,2,120.85,swap,notBad
9819,5,167.33000000000027,2,120.85,move,improve
9820,5,167.33000000000027,2,120.85,move,improve
9821,5,167.33000000000027,2,120.85,move,improve
9822,5,167.33000000000027,2,120.85,2opt,notBad
9823,5,167.33000000000027,2,120.85,2opt,improve
9824,5,167.33000000000027,2,120.85,swap,notBad
9825,5,167.33000000000027,2,120.85,swap,notBad
9826,5,167.33000000000027,2,120.85,swap,notBad
9827,5,167.33000000000027,2,120.85,move,improve
9828,5,167.33000000000027,2,120.85,swap,notBad
9829,5,167.33000000000027,2,120.85,move,improve
9830,5,167.33000000000027,2,120.85,move,improve
9831,5,167.33000000000027,2,120.85,move,improve
9832,5,167.33000000000027,2,120.85,move,improve
9833,5,167.33000000000027,2,120.85,swap,notBad
9834,5,167.33000000000027,2,120.85,2opt,notBad
9835,5,167.33000000000027,2,120.85,move,improve
9836,5,167.33000000000027,2,120.85,2opt,notBad
9837,5,167.33000000000027,2,120.85,2opt,notBad
9838,5,167.33000000000027,2,120.85,swap,notBad
9839,5,167.33000000000027,2,120.85,swap,notBad
9840,5,167.33000000000027,2,120.85,swap,notBad
9841,5,167.33000000000027,2,120.85,swap,notBad
9842,5,167.33000000000027,2,120.85,move,improve
9843,5,167.33000000000027,2,120.85,move,improve
9844,5,167.33000000000027,2,120.85,move,improve
9845,5,167.33000000000027,2,120.85,move,improve
9846,5,167.33000000000027,2,120.85,move,improve
9847,5,167.33000000000027,2,120.85,2opt,notBad
9848,5,167.33000000000027,2,120.85,swap,notBad
9849,5,167.33000000000027,2,120.85,move,improve
9850,5,167.33000000000027,2,120.85,2opt,notBad
9851,5,167.33000000000027,2,120.85,move,improve
9852,5,167.33000000000027,2,120.85,move,improve
9853,5,167.33000000000027,2,120.85,swap,notBad
9854,5,167.33000000000027,2,120.85,move,improve
9855,5,167.33000000000027,2,120.85,2opt,notBad
9856,5,167.33000000000027,2,120.85,2opt,notBad
9857,5,167.33000000000027,2,120.85,2opt,notBad
9858,5,167.33000000000027,2,120.85,2opt,notBad
9859,5,167.33000000000027,2,120.85,2opt,notBad
9860,5,167.33000000000027,2,120.85,2opt,notBad
9861,5,167.33000000000027,2,120.85,move,notBad
9862,5,167.33000000000027,2,120.85,swap,notBad
9863,5,167.33000000000027,2,120.85,move,improve
9864,5,167.33000000000027,2,120.85,2opt,notBad
9865,5,167.33000000000027,2,120.85,move,improve
9866,5,167.33000000000027,2,120.85,2opt,notBad
9867,5,167.33000000000027,2,120.85,move,improve
9868,5,167.33000000000027,2,120.85,2opt,notBad
9869,5,167.33000000000027,2,120.85,2opt,notBad
9870,5,167.33000000000027,2,120.85,move,improve
9871,5,167.33000000000027,2,120.85,2opt,notBad
9872,5,167.33000000000027,2,120.85,move,improve
9873,5,167.33000000000027,2,120.85,move,improve
9874,5,167.33000000000027,2,120.85,swap,notBad
9875,5,167.33000000000027,2,120.85,2opt,notBad
9876,5,167.33000000000027,2,120.85,2opt,notBad
9877,5,167.33000000000027,2,120.85,swap,notBad
9878,5,167.33000000000027,2,120.85,2opt,notBad
9879,5,167.33000000000027,2,120.85,2opt,notBad
9880,5,167.5299999999995,2,120.85,swap,acceptBad
9881,5,167.5299999999995,2,120.85,2opt,notBad
9882,5,167.5299999999995,2,120.85,swap,notBad
9883,5,167.5299999999995,2,120.85,2opt,notBad
9884,5,167.5299999999995,2,120.85,2opt,notBad
9885,5,167.5299999999995,2,120.85,2opt,notBad
9886,5,167.5299999999995,2,120.85,2opt,notBad
9887,5,167.5299999999995,2,120.85,move,improve
9888,5,167.5299999999995,2,120.85,swap,notBad
9889,5,167.5299999999995,2,120.85,2opt,notBad
9890,5,167.5299999999995,2,120.85,2opt,notBad
9891,5,167.5299999999995,2,120.85,swap,notBad
9892,5,167.5299999999995,2,120.85,move,improve
9893,5,167.5299999999995,2,120.85,move,improve
9894,5,167.5299999999995,2,120.85,2opt,notBad
9895,5,167.5299999999995,2,120.85,2opt,improve
9896,5,167.5299999999995,2,120.85,2opt,notBad
9897,5,167.5299999999995,2,120.85,swap,notBad
9898,5,167.5299999999995,2,120.85,2opt,improve
9899,5,167.5299999999995,2,120.85,swap,notBad
9900,5,167.5299999999995,2,120.85,swap,notBad
9901,5,167.5299999999995,2,120.85,move,improve
9902,5,167.5299999999995,2,120.85,move,improve
9903,5,167.5299999999995,2,120.85,2opt,notBad
9904,5,167.5299999999995,2,120.85,move,improve
9905,5,167.5299999999995,2,120.85,move,improve
9906,5,167.5299999999995,2,120.85,swap,notBad
9907,5,167.3700000000005,2,120.85,move,improve
9908,5,167.3700000000005,2,120.85,move,improve
9909,5,167.3700000000005,2,120.85,move,improve
9910,5,167.3700000000005,2,120.85,swap,notBad
9911,5,167.3700000000005,2,120.85,swap,notBad
9912,5,167.3700000000005,2,120.85,move,improve
9913,5,167.3700000000005,2,120.85,swap,notBad
9914,5,167.3700000000005,2,120.85,swap,notBad
9915,5,167.3700000000005,2,120.85,2opt,notBad
9916,5,167.3700000000005,2,120.85,move,improve
9917,5,167.3700000000005,2,120.85,2opt,notBad
9918,5,167.3700000000005,2,120.85,swap,notBad
9919,5,167.3700000000005,2,120.85,2opt,notBad
9920,5,167.3700000000005,2,120.85,swap,notBad
9921,5,167.3700000000005,2,120.85,move,improve
9922,5,167.3700000000005,2,120.85,move,improve
9923,5,167.3700000000005,2,120.85,2opt,notBad
9924,5,167.3700000000005,2,120.85,2opt,notBad
9925,5,167.3700000000005,2,120.85,move,improve
9926,5,167.3700000000005,2,120.85,2opt,notBad
9927,5,167.3700000000005,2,120.85,2opt,notBad
9928,5,167.53000000000094,2,120.85,swap,acceptBad
9929,5,167.53000000000094,2,120.85,swap,notBad
9930,5,167.53000000000094,2,120.85,2opt,notBad
9931,5,167.53000000000094,2,120.85,move,improve
9932,5,167.53000000000094,2,120.85,2opt,notBad
9933,5,167.53000000000094,2,120.85,2opt,notBad
9934,5,167.53000000000094,2,120.85,2opt,notBad
9935,5,167.53000000000094,2,120.85,move,improve
9936,5,167.53000000000094,2,120.85,move,improve
9937,5,167.53000000000094,2,120.85,2opt,notBad
9938,5,167.53000000000094,2,120.85,swap,notBad
9939,5,167.53000000000094,2,120.85,2opt,notBad
9940,5,167.53000000000094,2,120.85,swap,notBad
9941,5,167.53000000000094,2,120.85,2opt,notBad
9942,5,167.53000000000094,2,120.85,swap,notBad
9943,5,167.53000000000094,2,120.85,2opt,notBad
9944,5,167.53000000000094,2,120.85,swap,notBad
9945,5,167.53000000000094,2,120.85,move,improve
9946,5,167.53000000000094,2,120.85,2opt,notBad
9947,5,167.53000000000094,2,120.85,move,improve
9948,5,167.53000000000094,2,120.85,move,improve
9949,5,167.53000000000094,2,120.85,swap,notBad
9950,5,167.33000000000027,2,120.85,swap,improve
9951,5,167.33000000000027,2,120.85,swap,notBad
9952,5,167.33000000000027,2,120.85,2opt,notBad
9953,5,167.33000000000027,2,120.85,swap,notBad
9954,5,167.33000000000027,2,120.85,swap,notBad
9955,5,167.33000000000027,2,120.85,2opt,improve
9956,5,167.33000000000027,2,120.85,move,improve
9957,5,167.33000000000027,2,120.85,swap,notBad
9958,5,167.33000000000027,2,120.85,swap,notBad
9959,5,167.33000000000027,2,120.85,2opt,notBad
9960,5,167.33000000000027,2,120.85,2opt,notBad
9961,5,167.33000000000027,2,120.85,swap,notBad
9962,5,167.33000000000027,2,120.85,move,improve
9963,5,167.33000000000027,2,120.85,swap,notBad
9964,5,167.33000000000027,2,120.85,move,improve
9965,5,167.33000000000027,2,120.85,2opt,notBad
9966,5,167.33000000000027,2,120.85,swap,notBad
9967,5,167.33000000000027,2,120.85,swap,notBad
9968,5,167.33000000000027,2,120.85,move,improve
9969,5,167.33000000000027,2,120.85,2opt,notBad
9970,5,167.33000000000027,2,120.85,2opt,notBad
9971,5,167.33000000000027,2,120.85,swap,notBad
9972,5,167.33000000000027,2,120.85,move,improve
9973,5,167.33000000000027,2,120.85,2opt,notBad
9974,5,167.33000000000027,2,120.85,swap,notBad
9975,5,167.33000000000027,2,120.85,2opt,improve
9976,5,167.33000000000027,2,120.85,2opt,notBad
9977,5,167.33000000000027,2,120.85,move,improve
9978,5,167.33000000000027,2,120.85,swap,notBad
9979,5,167.33000000000027,2,120.85,swap,notBad
9980,5,167.33000000000027,2,120.85,swap,notBad
9981,5,167.33000000000027,2,120.85,move,improve
9982,5,167.33000000000027,2,120.85,2opt,notBad
9983,5,167.33000000000027,2,120.85,move,improve
9984,5,167.33000000000027,2,120.85,2opt,notBad
9985,5,167.33000000000027,2,120.85,swap,notBad
9986,5,167.33000000000027,2,120.85,move,improve
9987,5,167.33000000000027,2,120.85,swap,notBad
9988,5,167.33000000000027,2,120.85,swap,notBad
9989,5,167.33000000000027,2,120.85,move,improve
9990,5,167.33000000000027,2,120.85,swap,notBad
9991,5,167.33000000000027,2,120.85,swap,notBad
9992,5,167.33000000000027,2,120.85,swap,notBad
9993,5,167.33000000000027,2,120.85,swap,notBad
9994,5,167.33000000000027,2,120.85,2opt,notBad
9995,5,167.33000000000027,2,120.85,swap,notBad
9996,5,167.33000000000027,2,120.85,swap,notBad
9997,5,167.33000000000027,2,120.85,move,improve
9998,5,167.33000000000027,2,120.85,move,improve
9999,5,167.33000000000027,2,120.85,swap,notBad
10000,5,167.33000000000027,2,120.85,swap,notBad
10001,5,167.33000000000027,2,120.85,2opt,notBad
10002,5,167.33000000000027,2,120.85,move,improve
10003,5,167.33000000000027,2,120.85,2opt,notBad
10004,5,167.33000000000027,2,120.85,swap,notBad
10005,5,167.33000000000027,2,120.85,move,improve
10006,5,167.33000000000027,2,120.85,2opt,improve
10007,5,167.33000000000027,2,120.85,swap,notBad
10008,5,167.33000000000027,2,120.85,move,improve
10009,5,167.33000000000027,2,120.85,2opt,notBad
10010,5,167.33000000000027,2,120.85,move,improve
10011,5,167.33000000000027,2,120.85,2opt,notBad
10012,5,167.33000000000027,2,120.85,2opt,notBad
10013,5,167.33000000000027,2,120.85,swap,notBad
10014,5,167.33000000000027,2,120.85,move,improve
10015,5,167.33000000000027,2,120.85,move,improve
10016,5,167.33000000000027,2,120.85,move,improve
10017,5,167.33000000000027,2,120.85,2opt,improve
10018,5,167.33000000000027,2,120.85,swap,notBad
10019,5,167.33000000000027,2,120.85,swap,notBad
10020,5,167.33000000000027,2,120.85,2opt,improve
10021,5,167.33000000000027,2,120.85,2opt,notBad
10022,5,167.33000000000027,2,120.85,swap,notBad
10023,5,167.33000000000027,2,120.85,move,improve
10024,5,167.33000000000027,2,120.85,swap,notBad
10025,5,167.33000000000027,2,120.85,swap,notBad
10026,5,167.33000000000027,2,120.85,move,improve
10027,5,167.33000000000027,2,120.85,move,improve
10028,5,167.33000000000027,2,120.85,swap,notBad
10029,5,167.33000000000027,2,120.85,swap,notBad
10030,5,167.33000000000027,2,120.85,swap,notBad
10031,5,167.33000000000027,2,120.85,swap,notBad
10032,5,167.33000000000027,2,120.85,2opt,notBad
10033,5,167.33000000000027,2,120.85,swap,notBad
10034,5,167.33000000000027,2,120.85,move,improve
10035,5,167.33000000000027,2,120.85,move,improve
10036,5,167.33000000000027,2,120.85,move,improve
10037,5,167.33000000000027,2,120.85,move,improve
10038,5,167.33000000000027,2,120.85,swap,notBad
10039,5,167.33000000000027,2,120.85,move,improve
10040,5,167.33000000000027,2,120.85,swap,notBad
10041,5,167.33000000000027,2,120.85,2opt,improve
10042,5,167.33000000000027,2,120.85,move,improve
10043,5,167.33000000000027,2,120.85,swap,notBad
10044,5,167.33000000000027,2,120.85,move,improve
10045,5,167.33000000000027,2,120.85,2opt,notBad
10046,5,167.33000000000027,2,120.85,2opt,notBad
10047,5,167.33000000000027,2,120.85,move,improve
10048,5,167.33000000000027,2,120.85,move,improve
10049,5,167.33000000000027,2,120.85,move,improve
10050,5,167.33000000000027,2,120.85,2opt,notBad
10051,5,167.33000000000027,2,120.85,swap,notBad
10052,5,167.33000000000027,2,120.85,move,improve
10053,5,167.33000000000027,2,120.85,swap,notBad
10054,5,167.33000000000027,2,120.85,2opt,notBad
10055,5,167.33000000000027,2,120.85,swap,notBad
10056,5,167.33000000000027,2,120.85,swap,notBad
10057,5,167.33000000000027,2,120.85,swap,notBad
10058,5,167.33000000000027,2,120.85,2opt,notBad
10059,5,167.33000000000027,2,120.85,swap,notBad
10060,5,167.33000000000027,2,120.85,2opt,notBad
10061,5,167.33000000000027,2,120.85,2opt,improve
10062,5,167.33000000000027,2,120.85,swap,notBad
10063,5,167.33000000000027,2,120.85,swap,notBad
10064,5,167.33000000000027,2,120.85,move,improve
10065,5,167.33000000000027,2,120.85,2opt,notBad
10066,5,167.33000000000027,2,120.85,move,improve
10067,5,167.33000000000027,2,120.85,2opt,notBad
10068,5,167.33000000000027,2,120.85,2opt,notBad
10069,5,167.33000000000027,2,120.85,2opt,notBad
10070,5,167.33000000000027,2,120.85,move,improve
10071,5,167.33000000000027,2,120.85,move,improve
10072,5,167.33000000000027,2,120.85,move,improve
10073,5,167.33000000000027,2,120.85,move,improve
10074,5,167.33000000000027,2,120.85,2opt,notBad
10075,5,167.33000000000027,2,120.85,move,improve
10076,5,167.33000000000027,2,120.85,move,improve
10077,5,167.33000000000027,2,120.85,move,improve
10078,5,167.33000000000027,2,120.85,move,improve
10079,5,167.33000000000027,2,120.85,move,improve
10080,5,167.33000000000027,2,120.85,move,improve
10081,5,167.33000000000027,2,120.85,2opt,notBad
10082,5,167.33000000000027,2,120.85,move,improve
10083,5,167.33000000000027,2,120.85,swap,notBad
10084,5,167.33000000000027,2,120.85,swap,notBad
10085,5,167.33000000000027,2,120.85,swap,notBad
10086,5,167.33000000000027,2,120.85,move,improve
10087,5,167.33000000000027,2,120.85,move,improve
10088,5,167.33000000000027,2,120.85,2opt,notBad
10089,5,167.33000000000027,2,120.85,swap,notBad
10090,5,167.33000000000027,2,120.85,move,improve
10091,5,167.33000000000027,2,120.85,swap,notBad
10092,5,167.33000000000027,2,120.85,2opt,notBad
10093,5,167.33000000000027,2,120.85,swap,notBad
10094,5,167.33000000000027,2,120.85,swap,notBad
10095,5,167.33000000000027,2,120.85,2opt,notBad
10096,5,167.33000000000027,2,120.85,2opt,notBad
10097,5,167.33000000000027,2,120.85,move,improve
10098,5,167.33000000000027,2,120.85,2opt,notBad
10099,5,167.33000000000027,2,120.85,2opt,notBad
10100,5,167.33000000000027,2,120.85,swap,notBad
10101,5,167.33000000000027,2,120.85,2opt,notBad
10102,5,167.33000000000027,2,120.85,swap,notBad
10103,5,167.33000000000027,2,120.85,2opt,notBad
10104,5,167.33000000000027,2,120.85,move,improve
10105,5,167.33000000000027,2,120.85,move,improve
10106,5,167.33000000000027,2,120.85,move,improve
10107,5,167.33000000000027,2,120.85,swap,notBad
10108,5,167.33000000000027,2,120.85,swap,notBad
10109,5,167.33000000000027,2,120.85,swap,notBad
10110,5,167.33000000000027,2,120.85,swap,notBad
10111,5,167.33000000000027,2,120.85,swap,notBad
10112,5,167.33000000000027,2,120.85,swap,notBad
10113,5,167.33000000000027,2,120.85,2opt,notBad
10114,5,167.33000000000027,2,120.85,move,improve
10115,5,167.33000000000027,2,120.85,2opt,notBad
10116,5,167.33000000000027,2,120.85,2opt,notBad
10117,5,167.33000000000027,2,120.85,swap,notBad
10118,5,167.33000000000027,2,120.85,2opt,notBad
10119,5,167.33000000000027,2,120.85,move,improve
10120,5,167.33000000000027,2,120.85,2opt,notBad
10121,5,167.33000000000027,2,120.85,swap,notBad
10122,5,167.33000000000027,2,120.85,swap,notBad
10123,5,167.33000000000027,2,120.85,2opt,notBad
10124,5,167.33000000000027,2,120.85,2opt,notBad
10125,5,167.33000000000027,2,120.85,move,improve
10126,5,167.33000000000027,2,120.85,2opt,improve
10127,5,167.33000000000027,2,120.85,swap,notBad
10128,5,167.33000000000027,2,120.85,swap,notBad
10129,5,167.33000000000027,2,120.85,move,improve
10130,5,167.33000000000027,2,120.85,move,improve
10131,5,167.33000000000027,2,120.85,2opt,notBad
10132,5,167.33000000000027,2,120.85,swap,notBad
10133,5,167.33000000000027,2,120.85,swap,notBad
10134,5,167.33000000000027,2,120.85,2opt,notBad
10135,5,167.33000000000027,2,120.85,2opt,notBad
10136,5,167.33000000000027,2,120.85,swap,notBad
10137,5,167.33000000000027,2,120.85,swap,notBad
10138,5,167.33000000000027,2,120.85,swap,notBad
10139,5,167.33000000000027,2,120.85,swap,notBad
10140,5,167.33000000000027,2,120.85,2opt,notBad
10141,5,167.33000000000027,2,120.85,swap,notBad
10142,5,167.33000000000027,2,120.85,move,improve
10143,5,167.33000000000027,2,120.85,swap,notBad
10144,5,167.33000000000027,2,120.85,2opt,notBad
10145,5,166.06000000000023,2,120.85,2opt,improve
10146,5,166.06000000000023,2,120.85,2opt,notBad
10147,5,166.06000000000023,2,120.85,move,improve
10148,5,166.06000000000023,2,120.85,swap,notBad
10149,5,166.06000000000023,2,120.85,swap,notBad
10150,5,166.06000000000023,2,120.85,2opt,notBad
10151,5,166.06000000000023,2,120.85,2opt,notBad
10152,5,166.06000000000023,2,120.85,move,improve
10153,5,166.06000000000023,2,120.85,swap,notBad
10154,5,166.06000000000023,2,120.85,swap,notBad
10155,5,166.06000000000023,2,120.85,swap,notBad
10156,5,166.06000000000023,2,120.85,move,improve
10157,5,166.06000000000023,2,120.85,move,improve
10158,5,166.06000000000023,2,120.85,swap,notBad
10159,5,166.06000000000023,2,120.85,2opt,improve
10160,5,166.06000000000023,2,120.85,move,improve
10161,5,166.06000000000023,2,120.85,2opt,notBad
10162,5,166.06000000000023,2,120.85,2opt,notBad
10163,5,166.06000000000023,2,120.85,move,improve
10164,5,166.06000000000023,2,120.85,swap,notBad
10165,5,166.06000000000023,2,120.85,2opt,notBad
10166,5,166.06000000000023,2,120.85,swap,notBad
10167,5,166.06000000000023,2,120.85,swap,notBad
10168,5,166.06000000000023,2,120.85,2opt,improve
10169,5,166.06000000000023,2,120.85,move,improve
10170,5,166.06000000000023,2,120.85,swap,notBad
10171,5,166.06000000000023,2,120.85,2opt,notBad
10172,5,166.06000000000023,2,120.85,move,improve
10173,5,166.06000000000023,2,120.85,move,improve
10174,5,166.06000000000023,2,120.85,2opt,notBad
10175,5,166.06000000000023,2,120.85,2opt,notBad
10176,5,166.06000000000023,2,120.85,move,improve
10177,5,166.06000000000023,2,120.85,swap,notBad
10178,5,166.06000000000023,2,120.85,2opt,notBad
10179,5,166.06000000000023,2,120.85,swap,notBad
10180,5,166.06000000000023,2,120.85,move,improve
10181,5,166.06000000000023,2,120.85,2opt,notBad
10182,5,166.06000000000023,2,120.85,swap,notBad
10183,5,166.06000000000023,2,120.85,move,improve
10184,5,166.06000000000023,2,120.85,2opt,notBad
10185,5,166.06000000000023,2,120.85,swap,notBad
10186,5,166.06000000000023,2,120.85,move,improve
10187,5,166.06000000000023,2,120.85,move,improve
10188,5,166.06000000000023,2,120.85,move,improve
10189,5,166.06000000000023,2,120.85,2opt,notBad
10190,5,166.06000000000023,2,120.85,2opt,notBad
10191,5,166.06000000000023,2,120.85,2opt,notBad
10192,5,166.06000000000023,2,120.85,2opt,notBad
10193,5,166.06000000000023,2,120.85,swap,notBad
10194,5,166.06000000000023,2,120.85,move,improve
10195,5,166.06000000000023,2,120.85,swap,notBad
10196,5,166.06000000000023,2,120.85,swap,notBad
10197,5,166.06000000000023,2,120.85,2opt,notBad
10198,5,166.06000000000023,2,120.85,swap,notBad
10199,5,166.06000000000023,2,120.85,move,improve
10200,5,166.06000000000023,2,120.85,move,improve
10201,5,166.06000000000023,2,120.85,swap,notBad
10202,5,166.06000000000023,2,120.85,2opt,notBad
10203,5,166.06000000000023,2,120.85,2opt,notBad
10204,5,166.06000000000023,2,120.85,move,improve
10205,5,166.06000000000023,2,120.85,swap,notBad
10206,5,166.06000000000023,2,120.85,2opt,improve
10207,5,166.06000000000023,2,120.85,2opt,notBad
10208,5,166.06000000000023,2,120.85,move,improve
10209,5,166.06000000000023,2,120.85,2opt,notBad
10210,5,166.06000000000023,2,120.85,swap,notBad
10211,5,166.06000000000023,2,120.85,2opt,notBad
10212,5,166.06000000000023,2,120.85,swap,notBad
10213,5,166.06000000000023,2,120.85,swap,notBad
10214,5,166.06000000000023,2,120.85,swap,notBad
10215,5,166.06000000000023,2,120.85,2opt,notBad
10216,5,166.06000000000023,2,120.85,swap,notBad
10217,5,166.06000000000023,2,120.85,swap,notBad
10218,5,166.06000000000023,2,120.85,2opt,notBad
10219,5,166.06000000000023,2,120.85,2opt,notBad
10220,5,166.06000000000023,2,120.85,move,improve
10221,5,166.06000000000023,2,120.85,swap,notBad
10222,5,166.06000000000023,2,120.85,swap,notBad
10223,5,166.06000000000023,2,120.85,2opt,notBad
10224,5,166.06000000000023,2,120.85,swap,notBad
10225,5,166.06000000000023,2,120.85,move,improve
10226,5,166.06000000000023,2,120.85,2opt,notBad
10227,5,166.06000000000023,2,120.85,swap,notBad
10228,5,166.06000000000023,2,120.85,move,improve
10229,5,166.06000000000023,2,120.85,move,improve
10230,5,166.06000000000023,2,120.85,swap,notBad
10231,5,166.06000000000023,2,120.85,2opt,improve
10232,5,166.06000000000023,2,120.85,move,improve
10233,5,166.06000000000023,2,120.85,swap,notBad
10234,5,166.06000000000023,2,120.85,swap,notBad
10235,5,166.06000000000023,2,120.85,swap,notBad
10236,5,166.06000000000023,2,120.85,move,improve
10237,5,166.06000000000023,2,120.85,swap,notBad
10238,5,166.06000000000023,2,120.85,move,improve
10239,5,166.06000000000023,2,120.85,move,improve
10240,5,166.06000000000023,2,120.85,move,improve
10241,5,166.06000000000023,2,120.85,2opt,notBad
10242,5,166.06000000000023,2,120.85,2opt,notBad
10243,5,166.06000000000023,2,120.85,swap,notBad
10244,5,166.06000000000023,2,120.85,2opt,notBad
10245,5,166.06000000000023,2,120.85,swap,notBad
10246,5,166.06000000000023,2,120.85,swap,notBad
10247,5,166.06000000000023,2,120.85,move,improve
10248,5,166.06000000000023,2,120.85,move,improve
10249,5,166.06000000000023,2,120.85,swap,notBad
10250,5,166.06000000000023,2,120.85,2opt,notBad
10251,5,166.06000000000023,2,120.85,2opt,notBad
10252,5,166.06000000000023,2,120.85,swap,notBad
10253,5,166.06000000000023,2,120.85,2opt,improve
10254,5,166.06000000000023,2,120.85,2opt,notBad
10255,5,166.06000000000023,2,120.85,swap,notBad
10256,5,166.06000000000023,2,120.85,move,improve
10257,5,166.06000000000023,2,120.85,swap,notBad
10258,5,166.06000000000023,2,120.85,swap,notBad
10259,5,166.06000000000023,2,120.85,move,improve
10260,5,166.06000000000023,2,120.85,swap,notBad
10261,5,166.06000000000023,2,120.85,move,improve
10262,5,166.06000000000023,2,120.85,move,improve
10263,5,166.06000000000023,2,120.85,move,improve
10264,5,166.06000000000023,2,120.85,swap,notBad
10265,5,166.06000000000023,2,120.85,swap,notBad
10266,5,166.06000000000023,2,120.85,2opt,notBad
10267,5,166.06000000000023,2,120.85,swap,notBad
10268,5,166.06000000000023,2,120.85,swap,notBad
10269,5,166.06000000000023,2,120.85,2opt,notBad
10270,5,166.06000000000023,2,120.85,swap,notBad
10271,5,166.06000000000023,2,120.85,move,improve
10272,5,166.06000000000023,2,120.85,swap,notBad
10273,5,166.06000000000023,2,120.85,2opt,notBad
10274,5,166.06000000000023,2,120.85,move,improve
10275,5,166.06000000000023,2,120.85,2opt,notBad
10276,5,166.06000000000023,2,120.85,move,improve
10277,5,166.06000000000023,2,120.85,swap,notBad
10278,5,166.06000000000023,2,120.85,swap,notBad
10279,5,166.06000000000023,2,120.85,2opt,notBad
10280,5,166.06000000000023,2,120.85,swap,notBad
10281,5,166.06000000000023,2,120.85,2opt,notBad
10282,5,166.06000000000023,2,120.85,swap,notBad
10283,5,166.06000000000023,2,120.85,swap,notBad
10284,5,166.06000000000023,2,120.85,2opt,notBad
10285,5,166.06000000000023,2,120.85,move,improve
10286,5,166.06000000000023,2,120.85,swap,notBad
10287,5,166.06000000000023,2,120.85,2opt,notBad
10288,5,166.06000000000023,2,120.85,move,improve
10289,5,166.06000000000023,2,120.85,swap,notBad
10290,5,166.06000000000023,2,120.85,2opt,notBad
10291,5,166.06000000000023,2,120.85,swap,notBad
10292,5,166.06000000000023,2,120.85,2opt,notBad
10293,5,166.06000000000023,2,120.85,move,improve
10294,5,166.06000000000023,2,120.85,swap,notBad
10295,5,166.06000000000023,2,120.85,move,improve
10296,5,166.06000000000023,2,120.85,move,improve
10297,5,166.06000000000023,2,120.85,swap,notBad
10298,5,166.06000000000023,2,120.85,move,improve
10299,5,166.06000000000023,2,120.85,move,improve
10300,5,166.06000000000023,2,120.85,swap,notBad
10301,5,166.06000000000023,2,120.85,move,improve
10302,5,166.06000000000023,2,120.85,2opt,notBad
10303,5,166.06000000000023,2,120.85,move,improve
10304,5,166.06000000000023,2,120.85,swap,notBad
10305,5,166.06000000000023,2,120.85,move,improve
10306,5,166.06000000000023,2,120.85,swap,notBad
10307,5,166.06000000000023,2,120.85,move,improve
10308,5,166.06000000000023,2,120.85,2opt,notBad
10309,5,166.06000000000023,2,120.85,swap,notBad
10310,5,166.06000000000023,2,120.85,move,improve
10311,5,166.06000000000023,2,120.85,2opt,notBad
10312,5,166.06000000000023,2,120.85,2opt,notBad
10313,5,166.06000000000023,2,120.85,move,improve
10314,5,166.06000000000023,2,120.85,swap,notBad
10315,5,166.06000000000023,2,120.85,move,improve
10316,5,166.06000000000023,2,120.85,2opt,improve
10317,5,166.06000000000023,2,120.85,2opt,notBad
10318,5,166.06000000000023,2,120.85,swap,notBad
10319,5,166.06000000000023,2,120.85,move,improve
10320,5,166.06000000000023,2,120.85,swap,notBad
10321,5,166.06000000000023,2,120.85,move,improve
10322,5,166.06000000000023,2,120.85,2opt,improve
10323,5,166.06000000000023,2,120.85,swap,notBad
10324,5,166.06000000000023,2,120.85,swap,notBad
10325,5,166.06000000000023,2,120.85,2opt,notBad
10326,5,166.06000000000023,2,120.85,2opt,notBad
10327,5,166.06000000000023,2,120.85,swap,notBad
10328,5,166.06000000000023,2,120.85,swap,notBad
10329,5,166.06000000000023,2,120.85,move,improve
10330,5,166.06000000000023,2,120.85,2opt,notBad
10331,5,166.06000000000023,2,120.85,swap,notBad
10332,5,166.06000000000023,2,120.85,swap,notBad
10333,5,166.06000000000023,2,120.85,move,improve
10334,5,166.06000000000023,2,120.85,move,improve
10335,5,166.06000000000023,2,120.85,move,improve
10336,5,166.06000000000023,2,120.85,swap,notBad
10337,5,166.06000000000023,2,120.85,2opt,notBad
10338,5,166.06000000000023,2,120.85,2opt,improve
10339,5,166.06000000000023,2,120.85,move,improve
10340,5,166.06000000000023,2,120.85,2opt,notBad
10341,5,166.06000000000023,2,120.85,swap,notBad
10342,5,166.06000000000023,2,120.85,2opt,notBad
10343,5,166.06000000000023,2,120.85,2opt,notBad
10344,5,166.06000000000023,2,120.85,2opt,notBad
10345,5,166.06000000000023,2,120.85,2opt,notBad
10346,5,166.06000000000023,2,120.85,2opt,notBad
10347,5,166.06000000000023,2,120.85,move,improve
10348,5,166.06000000000023,2,120.85,2opt,notBad
10349,5,166.06000000000023,2,120.85,swap,notBad
10350,5,166.06000000000023,2,120.85,2opt,notBad
10351,5,166.06000000000023,2,120.85,2opt,notBad
10352,5,166.06000000000023,2,120.85,swap,notBad
10353,5,166.06000000000023,2,120.85,swap,notBad
10354,5,166.06000000000023,2,120.85,move,improve
10355,5,166.06000000000023,2,120.85,swap,notBad
10356,5,166.06000000000023,2,120.85,swap,notBad
10357,5,166.06000000000023,2,120.85,move,improve
10358,5,166.06000000000023,2,120.85,2opt,notBad
10359,5,166.06000000000023,2,120.85,swap,notBad
10360,5,166.06000000000023,2,120.85,move,improve
10361,5,166.06000000000023,2,120.85,swap,notBad
10362,5,166.06000000000023,2,120.85,swap,notBad
10363,5,166.06000000000023,2,120.85,move,improve
10364,5,166.06000000000023,2,120.85,2opt,notBad
10365,5,166.06000000000023,2,120.85,swap,notBad
10366,5,166.06000000000023,2,120.85,swap,notBad
10367,5,166.06000000000023,2,120.85,swap,notBad
10368,5,166.06000000000023,2,120.85,move,improve
10369,5,166.06000000000023,2,120.85,swap,notBad
10370,5,166.06000000000023,2,120.85,move,improve
10371,5,166.06000000000023,2,120.85,swap,notBad
10372,5,166.06000000000023,2,120.85,2opt,notBad
10373,5,166.06000000000023,2,120.85,move,improve
10374,5,166.06000000000023,2,120.85,move,improve
10375,5,166.06000000000023,2,120.85,2opt,notBad
10376,5,166.06000000000023,2,120.85,2opt,notBad
10377,5,166.06000000000023,2,120.85,2opt,notBad
10378,5,166.06000000000023,2,120.85,swap,notBad
10379,5,166.06000000000023,2,120.85,move,improve
10380,5,166.06000000000023,2,120.85,swap,notBad
10381,5,166.06000000000023,2,120.85,swap,notBad
10382,5,166.06000000000023,2,120.85,move,improve
10383,5,166.06000000000023,2,120.85,swap,notBad
10384,5,166.06000000000023,2,120.85,move,improve
10385,5,166.06000000000023,2,120.85,swap,notBad
10386,5,166.06000000000023,2,120.85,2opt,notBad
10387,5,166.06000000000023,2,120.85,move,improve
10388,5,166.06000000000023,2,120.85,2opt,notBad
10389,5,166.06000000000023,2,120.85,move,improve
10390,5,166.06000000000023,2,120.85,move,improve
10391,5,166.06000000000023,2,120.85,move,improve
10392,5,166.06000000000023,2,120.85,move,improve
10393,5,166.06000000000023,2,120.85,swap,notBad
10394,5,166.06000000000023,2,120.85,2opt,notBad
10395,5,166.06000000000023,2,120.85,move,improve
10396,5,166.06000000000023,2,120.85,move,improve
10397,5,166.06000000000023,2,120.85,move,improve
10398,5,166.06000000000023,2,120.85,move,improve
10399,5,166.06000000000023,2,120.85,move,improve
10400,5,166.06000000000023,2,120.85,move,improve
10401,5,166.06000000000023,2,120.85,2opt,notBad
10402,5,166.06000000000023,2,120.85,move,improve
10403,5,166.06000000000023,2,120.85,2opt,notBad
10404,5,166.06000000000023,2,120.85,2opt,notBad
10405,5,166.06000000000023,2,120.85,2opt,notBad
10406,5,166.06000000000023,2,120.85,2opt,notBad
10407,5,166.06000000000023,2,120.85,move,improve
10408,5,166.06000000000023,2,120.85,swap,notBad
10409,5,166.06000000000023,2,120.85,move,improve
10410,5,166.06000000000023,2,120.85,2opt,notBad
10411,5,166.06000000000023,2,120.85,move,improve
10412,5,166.06000000000023,2,120.85,swap,notBad
10413,5,166.06000000000023,2,120.85,2opt,improve
10414,5,166.06000000000023,2,120.85,swap,notBad
10415,5,166.06000000000023,2,120.85,move,improve
10416,5,166.06000000000023,2,120.85,2opt,notBad
10417,5,166.06000000000023,2,120.85,swap,notBad
10418,5,166.06000000000023,2,120.85,2opt,notBad
10419,5,166.06000000000023,2,120.85,move,improve
10420,5,166.06000000000023,2,120.85,2opt,notBad
10421,5,166.06000000000023,2,120.85,move,improve
10422,5,166.06000000000023,2,120.85,2opt,improve
10423,5,166.06000000000023,2,120.85,move,improve
10424,5,166.06000000000023,2,120.85,swap,notBad
10425,5,166.06000000000023,2,120.85,move,improve
10426,5,166.06000000000023,2,120.85,2opt,notBad
10427,5,166.06000000000023,2,120.85,move,improve
10428,5,166.06000000000023,2,120.85,move,improve
10429,5,166.06000000000023,2,120.85,swap,notBad
10430,5,166.06000000000023,2,120.85,move,improve
10431,5,166.06000000000023,2,120.85,move,improve
10432,5,166.06000000000023,2,120.85,swap,notBad
10433,5,166.06000000000023,2,120.85,move,improve
10434,5,166.06000000000023,2,120.85,2opt,notBad
10435,5,166.06000000000023,2,120.85,swap,notBad
10436,5,166.06000000000023,2,120.85,2opt,notBad
10437,5,166.06000000000023,2,120.85,2opt,notBad
10438,5,166.06000000000023,2,120.85,move,improve
10439,5,166.06000000000023,2,120.85,swap,notBad
10440,5,166.06000000000023,2,120.85,swap,notBad
10441,5,166.06000000000023,2,120.85,move,notBad
10442,5,166.06000000000023,2,120.85,swap,notBad
10443,5,166.06000000000023,2,120.85,2opt,notBad
10444,5,166.06000000000023,2,120.85,swap,notBad
10445,5,166.06000000000023,2,120.85,2opt,notBad
10446,5,166.06000000000023,2,120.85,2opt,notBad
10447,5,166.06000000000023,2,120.85,2opt,notBad
10448,5,166.06000000000023,2,120.85,move,improve
10449,5,166.06000000000023,2,120.85,swap,notBad
10450,5,166.06000000000023,2,120.85,swap,notBad
10451,5,166.06000000000023,2,120.85,move,improve
10452,5,166.06000000000023,2,120.85,2opt,notBad
10453,5,166.06000000000023,2,120.85,move,improve
10454,5,166.06000000000023,2,120.85,swap,notBad
10455,5,166.06000000000023,2,120.85,swap,notBad
10456,5,166.06000000000023,2,120.85,2opt,notBad
10457,5,166.06000000000023,2,120.85,swap,notBad
10458,5,166.06000000000023,2,120.85,2opt,notBad
10459,5,166.06000000000023,2,120.85,swap,notBad
10460,5,166.06000000000023,2,120.85,move,improve
10461,5,166.06000000000023,2,120.85,swap,notBad
10462,5,166.06000000000023,2,120.85,swap,notBad
10463,5,166.06000000000023,2,120.85,2opt,notBad
10464,5,166.06000000000023,2,120.85,2opt,improve
10465,5,166.06000000000023,2,120.85,move,improve
10466,5,166.06000000000023,2,120.85,move,improve
10467,5,166.06000000000023,2,120.85,swap,notBad
10468,5,166.06000000000023,2,120.85,swap,notBad
10469,5,166.06000000000023,2,120.85,move,improve
10470,5,166.06000000000023,2,120.85,move,improve
10471,5,166.06000000000023,2,120.85,swap,notBad
10472,5,166.06000000000023,2,120.85,swap,notBad
10473,5,166.06000000000023,2,120.85,move,improve
10474,5,166.06000000000023,2,120.85,move,improve
10475,5,166.06000000000023,2,120.85,move,improve
10476,5,166.06000000000023,2,120.85,move,improve
10477,5,166.06000000000023,2,120.85,2opt,notBad
10478,5,166.06000000000023,2,120.85,2opt,notBad
10479,5,166.06000000000023,2,120.85,2opt,notBad
10480,5,166.06000000000023,2,120.85,move,improve
10481,5,166.06000000000023,2,120.85,2opt,notBad
10482,5,166.06000000000023,2,120.85,2opt,notBad
10483,5,166.06000000000023,2,120.85,2opt,notBad
10484,5,166.06000000000023,2,120.85,swap,notBad
10485,5,166.06000000000023,2,120.85,swap,notBad
10486,5,166.06000000000023,2,120.85,2opt,notBad
10487,5,166.06000000000023,2,120.85,2opt,notBad
10488,5,166.06000000000023,2,120.85,move,improve
10489,5,166.06000000000023,2,120.85,move,improve
10490,5,166.06000000000023,2,120.85,move,improve
10491,5,166.06000000000023,2,120.85,move,improve
10492,5,166.06000000000023,2,120.85,move,improve
10493,5,166.06000000000023,2,120.85,swap,notBad
10494,5,166.06000000000023,2,120.85,swap,notBad
10495,5,166.06000000000023,2,120.85,move,improve
10496,5,166.06000000000023,2,120.85,swap,notBad
10497,5,166.06000000000023,2,120.85,2opt,notBad
10498,5,166.06000000000023,2,120.85,swap,notBad
10499,5,166.06000000000023,2,120.85,2opt,notBad
10500,5,166.06000000000023,2,120.85,move,improve
10501,5,166.06000000000023,2,120.85,move,improve
10502,5,166.06000000000023,2,120.85,swap,notBad
10503,5,166.06000000000023,2,120.85,move,improve
10504,5,166.06000000000023,2,120.85,swap,notBad
10505,5,166.06000000000023,2,120.85,swap,notBad
10506,5,166.06000000000023,2,120.85,swap,notBad
10507,5,166.06000000000023,2,120.85,move,notBad
10508,5,166.06000000000023,2,120.85,swap,notBad
10509,5,166.06000000000023,2,120.85,swap,notBad
10510,5,166.06000000000023,2,120.85,swap,notBad
10511,5,166.06000000000023,2,120.85,2opt,notBad
10512,5,166.06000000000023,2,120.85,move,improve
10513,5,166.06000000000023,2,120.85,move,improve
10514,5,166.06000000000023,2,120.85,swap,notBad
10515,5,166.06000000000023,2,120.85,move,improve
10516,5,166.06000000000023,2,120.85,move,improve
10517,5,166.06000000000023,2,120.85,2opt,notBad
10518,5,166.06000000000023,2,120.85,swap,notBad
10519,5,166.06000000000023,2,120.85,2opt,notBad
10520,5,166.06000000000023,2,120.85,2opt,notBad
10521,5,166.06000000000023,2,120.85,swap,notBad
10522,5,166.06000000000023,2,120.85,swap,notBad
10523,5,166.06000000000023,2,120.85,swap,notBad
10524,5,166.06000000000023,2,120.85,swap,notBad
10525,5,166.06000000000023,2,120.85,swap,notBad
10526,5,166.06000000000023,2,120.85,swap,notBad
10527,5,166.06000000000023,2,120.85,move,improve
10528,5,166.06000000000023,2,120.85,swap,notBad
10529,5,166.06000000000023,2,120.85,2opt,notBad
10530,5,166.06000000000023,2,120.85,2opt,notBad
10531,5,166.06000000000023,2,120.85,2opt,notBad
10532,5,166.06000000000023,2,120.85,move,improve
10533,5,166.06000000000023,2,120.85,2opt,improve
10534,5,166.06000000000023,2,120.85,2opt,notBad
10535,5,166.06000000000023,2,120.85,swap,notBad
10536,5,166.06000000000023,2,120.85,move,improve
10537,5,166.06000000000023,2,120.85,2opt,notBad
10538,5,166.06000000000023,2,120.85,move,improve
10539,5,166.06000000000023,2,120.85,swap,notBad
10540,5,166.06000000000023,2,120.85,move,improve
10541,5,166.06000000000023,2,120.85,swap,notBad
10542,5,166.06000000000023,2,120.85,swap,notBad
10543,5,166.06000000000023,2,120.85,swap,notBad
10544,5,166.06000000000023,2,120.85,swap,notBad
10545,5,166.06000000000023,2,120.85,move,improve
10546,5,166.06000000000023,2,120.85,swap,notBad
10547,5,166.06000000000023,2,120.85,move,improve
10548,5,166.06000000000023,2,120.85,move,improve
10549,5,166.06000000000023,2,120.85,move,improve
10550,5,166.06000000000023,2,120.85,swap,notBad
10551,5,166.06000000000023,2,120.85,2opt,notBad
10552,5,166.06000000000023,2,120.85,2opt,notBad
10553,5,166.06000000000023,2,120.85,swap,notBad
10554,5,166.06000000000023,2,120.85,2opt,notBad
10555,5,166.06000000000023,2,120.85,move,improve
10556,5,166.06000000000023,2,120.85,2opt,notBad
10557,5,166.06000000000023,2,120.85,swap,notBad
10558,5,166.06000000000023,2,120.85,2opt,notBad
10559,5,166.06000000000023,2,120.85,swap,notBad
10560,5,166.06000000000023,2,120.85,swap,notBad
10561,5,166.06000000000023,2,120.85,move,improve
10562,5,166.06000000000023,2,120.85,2opt,notBad
10563,5,166.06000000000023,2,120.85,move,improve
10564,5,166.06000000000023,2,120.85,move,improve
10565,5,166.06000000000023,2,120.85,swap,notBad
10566,5,166.06000000000023,2,120.85,move,improve
10567,5,166.06000000000023,2,120.85,swap,notBad
10568,5,166.06000000000023,2,120.85,2opt,notBad
10569,5,166.06000000000023,2,120.85,swap,notBad
10570,5,166.06000000000023,2,120.85,move,improve
10571,5,166.06000000000023,2,120.85,swap,notBad
10572,5,166.06000000000023,2,120.85,2opt,improve
10573,5,166.06000000000023,2,120.85,2opt,notBad
10574,5,166.06000000000023,2,120.85,move,improve
10575,5,166.06000000000023,2,120.85,move,improve
10576,5,166.06000000000023,2,120.85,move,improve
10577,5,166.06000000000023,2,120.85,swap,notBad
10578,5,166.06000000000023,2,120.85,2opt,notBad
10579,5,166.06000000000023,2,120.85,2opt,notBad
10580,5,166.06000000000023,2,120.85,swap,notBad
10581,5,166.06000000000023,2,120.85,move,improve
10582,5,166.06000000000023,2,120.85,swap,notBad
10583,5,166.06000000000023,2,120.85,swap,notBad
10584,5,166.06000000000023,2,120.85,2opt,notBad
10585,5,166.06000000000023,2,120.85,move,improve
10586,5,166.06000000000023,2,120.85,2opt,improve
10587,5,166.06000000000023,2,120.85,move,notBad
10588,5,166.06000000000023,2,120.85,2opt,notBad
10589,5,166.06000000000023,2,120.85,2opt,improve
10590,5,166.06000000000023,2,120.85,move,improve
10591,5,166.06000000000023,2,120.85,move,improve
10592,5,166.06000000000023,2,120.85,swap,notBad
10593,5,166.06000000000023,2,120.85,2opt,notBad
10594,5,166.06000000000023,2,120.85,2opt,notBad
10595,5,166.06000000000023,2,120.85,2opt,notBad
10596,5,166.06000000000023,2,120.85,move,improve
10597,5,166.06000000000023,2,120.85,swap,notBad
10598,5,166.06000000000023,2,120.85,swap,notBad
10599,5,166.06000000000023,2,120.85,2opt,notBad
10600,5,166.06000000000023,2,120.85,2opt,notBad
10601,5,166.06000000000023,2,120.85,2opt,notBad
10602,5,166.06000000000023,2,120.85,2opt,notBad
10603,5,166.2600000000009,2,120.85,swap,acceptBad
10604,5,166.2600000000009,2,120.85,2opt,improve
10605,5,166.2600000000009,2,120.85,move,improve
10606,5,166.2600000000009,2,120.85,swap,notBad
10607,5,166.2600000000009,2,120.85,2opt,notBad
10608,5,166.2600000000009,2,120.85,move,improve
10609,5,166.2600000000009,2,120.85,swap,notBad
10610,5,166.2600000000009,2,120.85,move,improve
10611,5,166.2600000000009,2,120.85,move,improve
10612,5,166.2600000000009,2,120.85,swap,notBad
10613,5,166.2600000000009,2,120.85,swap,notBad
10614,5,166.2600000000009,2,120.85,swap,notBad
10615,5,166.2600000000009,2,120.85,2opt,notBad
10616,5,166.2600000000009,2,120.85,2opt,notBad
10617,5,166.2600000000009,2,120.85,2opt,notBad
10618,5,166.2600000000009,2,120.85,move,improve
10619,5,166.2600000000009,2,120.85,2opt,notBad
10620,5,166.2600000000009,2,120.85,swap,notBad
10621,5,166.2600000000009,2,120.85,move,improve
10622,5,166.2600000000009,2,120.85,move,improve
10623,5,166.10000000000045,2,120.85,move,improve
10624,5,166.10000000000045,2,120.85,2opt,notBad
10625,5,166.10000000000045,2,120.85,swap,notBad
10626,5,166.10000000000045,2,120.85,2opt,improve
10627,5,166.10000000000045,2,120.85,swap,notBad
10628,5,166.10000000000045,2,120.85,2opt,notBad
10629,5,166.10000000000045,2,120.85,move,improve
10630,5,166.10000000000045,2,120.85,2opt,notBad
10631,5,166.10000000000045,2,120.85,2opt,notBad
10632,5,166.10000000000045,2,120.85,2opt,notBad
10633,5,166.10000000000045,2,120.85,move,improve
10634,5,166.10000000000045,2,120.85,2opt,notBad
10635,5,166.10000000000045,2,120.85,move,improve
10636,5,166.10000000000045,2,120.85,move,improve
10637,5,166.10000000000045,2,120.85,move,improve
10638,5,166.10000000000045,2,120.85,2opt,notBad
10639,5,166.10000000000045,2,120.85,swap,notBad
10640,5,166.10000000000045,2,120.85,2opt,notBad
10641,5,166.10000000000045,2,120.85,swap,notBad
10642,5,166.10000000000045,2,120.85,swap,notBad
10643,5,166.10000000000045,2,120.85,2opt,notBad
10644,5,166.10000000000045,2,120.85,swap,notBad
10645,5,166.10000000000045,2,120.85,swap,notBad
10646,5,166.10000000000045,2,120.85,move,improve
10647,5,166.10000000000045,2,120.85,swap,notBad
10648,5,166.10000000000045,2,120.85,2opt,notBad
10649,5,166.10000000000045,2,120.85,2opt,improve
10650,5,166.10000000000045,2,120.85,swap,notBad
10651,5,166.10000000000045,2,120.85,2opt,notBad
10652,5,166.10000000000045,2,120.85,move,improve
10653,5,166.10000000000045,2,120.85,move,improve
10654,5,166.10000000000045,2,120.85,move,improve
10655,5,166.10000000000045,2,120.85,2opt,notBad
10656,5,166.10000000000045,2,120.85,2opt,notBad
10657,5,166.10000000000045,2,120.85,swap,notBad
10658,5,166.10000000000045,2,120.85,2opt,notBad
10659,5,166.10000000000045,2,120.85,2opt,notBad
10660,5,166.10000000000045,2,120.85,2opt,notBad
10661,5,166.10000000000045,2,120.85,move,improve
10662,5,166.10000000000045,2,120.85,swap,notBad
10663,5,166.10000000000045,2,120.85,swap,notBad
10664,5,166.10000000000045,2,120.85,move,improve
10665,5,166.10000000000045,2,120.85,swap,notBad
10666,5,166.10000000000045,2,120.85,swap,notBad
10667,5,166.10000000000045,2,120.85,move,improve
10668,5,166.10000000000045,2,120.85,swap,notBad
10669,5,166.10000000000045,2,120.85,move,improve
10670,5,166.10000000000045,2,120.85,2opt,notBad
10671,5,166.10000000000045,2,120.85,swap,notBad
10672,5,166.10000000000045,2,120.85,2opt,notBad
10673,5,166.10000000000045,2,120.85,move,improve
10674,5,166.10000000000045,2,120.85,move,improve
10675,5,166.10000000000045,2,120.85,move,improve
10676,5,166.10000000000045,2,120.85,swap,notBad
10677,5,166.10000000000045,2,120.85,2opt,notBad
10678,5,166.10000000000045,2,120.85,move,improve
10679,5,166.10000000000045,2,120.85,swap,notBad
10680,5,166.10000000000045,2,120.85,swap,notBad
10681,5,166.10000000000045,2,120.85,move,improve
10682,5,166.10000000000045,2,120.85,move,improve
10683,5,166.10000000000045,2,120.85,2opt,notBad
10684,5,166.10000000000045,2,120.85,move,improve
10685,5,166.10000000000045,2,120.85,swap,notBad
10686,5,166.10000000000045,2,120.85,move,improve
10687,5,166.10000000000045,2,120.85,swap,notBad
10688,5,166.10000000000045,2,120.85,2opt,notBad
10689,5,166.10000000000045,2,120.85,swap,notBad
10690,5,166.10000000000045,2,120.85,move,improve
10691,5,166.10000000000045,2,120.85,2opt,notBad
10692,5,166.10000000000045,2,120.85,2opt,notBad
10693,5,166.10000000000045,2,120.85,2opt,improve
10694,5,166.10000000000045,2,120.85,2opt,notBad
10695,5,166.10000000000045,2,120.85,move,improve
10696,5,166.10000000000045,2,120.85,move,improve
10697,5,166.10000000000045,2,120.85,swap,notBad
10698,5,166.10000000000045,2,120.85,move,improve
10699,5,166.10000000000045,2,120.85,2opt,notBad
10700,5,166.10000000000045,2,120.85,2opt,notBad
10701,5,166.10000000000045,2,120.85,2opt,notBad
10702,5,166.10000000000045,2,120.85,move,improve
10703,5,166.10000000000045,2,120.85,swap,notBad
10704,5,166.10000000000045,2,120.85,2opt,improve
10705,5,166.10000000000045,2,120.85,2opt,notBad
10706,5,166.10000000000045,2,120.85,move,improve
10707,5,166.10000000000045,2,120.85,2opt,notBad
10708,5,166.10000000000045,2,120.85,2opt,notBad
10709,5,166.10000000000045,2,120.85,move,improve
10710,5,166.10000000000045,2,120.85,swap,notBad
10711,5,166.10000000000045,2,120.85,2opt,notBad
10712,5,166.10000000000045,2,120.85,swap,notBad
10713,5,166.10000000000045,2,120.85,swap,notBad
10714,5,166.10000000000045,2,120.85,move,notBad
10715,5,166.10000000000045,2,120.85,2opt,notBad
10716,5,166.10000000000045,2,120.85,2opt,notBad
10717,5,166.10000000000045,2,120.85,swap,notBad
10718,5,166.10000000000045,2,120.85,swap,notBad
10719,5,166.10000000000045,2,120.85,move,improve
10720,5,166.10000000000045,2,120.85,swap,notBad
10721,5,166.10000000000045,2,120.85,2opt,notBad
10722,5,166.10000000000045,2,120.85,move,improve
10723,5,166.10000000000045,2,120.85,move,improve
10724,5,166.10000000000045,2,120.85,swap,notBad
10725,5,166.10000000000045,2,120.85,2opt,notBad
10726,5,166.10000000000045,2,120.85,move,improve
10727,5,166.10000000000045,2,120.85,2opt,improve
10728,5,166.10000000000045,2,120.85,move,improve
10729,5,166.10000000000045,2,120.85,move,improve
10730,5,166.10000000000045,2,120.85,2opt,notBad
10731,5,166.10000000000045,2,120.85,2opt,notBad
10732,5,166.10000000000045,2,120.85,2opt,notBad
10733,5,166.10000000000045,2,120.85,2opt,notBad
10734,5,166.10000000000045,2,120.85,move,improve
10735,5,166.10000000000045,2,120.85,2opt,notBad
10736,5,166.10000000000045,2,120.85,swap,notBad
10737,5,166.10000000000045,2,120.85,move,improve
10738,5,166.10000000000045,2,120.85,2opt,improve
10739,5,166.10000000000045,2,120.85,move,improve
10740,5,166.10000000000045,2,120.85,swap,notBad
10741,5,166.10000000000045,2,120.85,swap,notBad
10742,5,166.10000000000045,2,120.85,move,improve
10743,5,166.10000000000045,2,120.85,2opt,improve
10744,5,166.10000000000045,2,120.85,swap,notBad
10745,5,166.10000000000045,2,120.85,move,improve
10746,5,166.10000000000045,2,120.85,2opt,improve
10747,5,166.10000000000045,2,120.85,2opt,notBad
10748,5,166.10000000000045,2,120.85,2opt,improve
10749,5,166.10000000000045,2,120.85,swap,notBad
10750,5,166.10000000000045,2,120.85,move,improve
10751,5,166.10000000000045,2,120.85,move,improve
10752,5,166.10000000000045,2,120.85,move,improve
10753,5,166.10000000000045,2,120.85,move,improve
10754,5,166.10000000000045,2,120.85,swap,notBad
10755,5,166.10000000000045,2,120.85,move,improve
10756,5,166.10000000000045,2,120.85,2opt,notBad
10757,5,166.10000000000045,2,120.85,swap,notBad
10758,5,166.10000000000045,2,120.85,swap,notBad
10759,5,166.10000000000045,2,120.85,move,notBad
10760,5,166.10000000000045,2,120.85,swap,notBad
10761,5,166.10000000000045,2,120.85,swap,notBad
10762,5,166.10000000000045,2,120.85,2opt,improve
10763,5,166.10000000000045,2,120.85,swap,notBad
10764,5,166.10000000000045,2,120.85,swap,notBad
10765,5,166.10000000000045,2,120.85,2opt,notBad
10766,5,166.10000000000045,2,120.85,move,improve
10767,5,166.10000000000045,2,120.85,2opt,notBad
10768,5,166.10000000000045,2,120.85,swap,notBad
10769,5,166.10000000000045,2,120.85,2opt,notBad
10770,5,166.10000000000045,2,120.85,move,improve
10771,5,166.10000000000045,2,120.85,move,improve
10772,5,166.10000000000045,2,120.85,swap,notBad
10773,5,166.10000000000045,2,120.85,move,improve
10774,5,166.10000000000045,2,120.85,swap,notBad
10775,5,166.10000000000045,2,120.85,2opt,notBad
10776,5,166.10000000000045,2,120.85,2opt,notBad
10777,5,166.10000000000045,2,120.85,swap,notBad
10778,5,166.10000000000045,2,120.85,move,improve
10779,5,166.10000000000045,2,120.85,2opt,notBad
10780,5,166.10000000000045,2,120.85,2opt,notBad
10781,5,166.10000000000045,2,120.85,swap,notBad
10782,5,166.10000000000045,2,120.85,2opt,improve
10783,5,166.10000000000045,2,120.85,2opt,notBad
10784,5,166.10000000000045,2,120.85,move,improve
10785,5,166.10000000000045,2,120.85,move,improve
10786,5,166.10000000000045,2,120.85,2opt,notBad
10787,5,166.10000000000045,2,120.85,move,improve
10788,5,166.10000000000045,2,120.85,move,improve
10789,5,166.10000000000045,2,120.85,move,improve
10790,5,166.10000000000045,2,120.85,swap,notBad
10791,5,166.10000000000045,2,120.85,move,improve
10792,5,166.10000000000045,2,120.85,move,improve
10793,5,166.10000000000045,2,120.85,move,notBad
10794,5,166.10000000000045,2,120.85,2opt,notBad
10795,5,166.10000000000045,2,120.85,2opt,notBad
10796,5,166.10000000000045,2,120.85,swap,notBad
10797,5,166.10000000000045,2,120.85,2opt,notBad
10798,5,166.10000000000045,2,120.85,swap,notBad
10799,5,166.10000000000045,2,120.85,swap,notBad
10800,5,165.75000000000037,2,120.85,move,improve
10801,5,165.75000000000037,2,120.85,move,improve
10802,5,165.75000000000037,2,120.85,swap,notBad
10803,5,165.75000000000037,2,120.85,2opt,notBad
10804,5,165.75000000000037,2,120.85,move,improve
10805,5,165.75000000000037,2,120.85,move,improve
10806,5,165.75000000000037,2,120.85,swap,notBad
10807,5,165.75000000000037,2,120.85,swap,notBad
10808,5,165.75000000000037,2,120.85,swap,notBad
10809,5,165.75000000000037,2,120.85,move,improve
10810,5,165.75000000000037,2,120.85,2opt,improve
10811,5,165.75000000000037,2,120.85,2opt,notBad
10812,5,165.75000000000037,2,120.85,2opt,notBad
10813,5,165.75000000000037,2,120.85,2opt,notBad
10814,5,165.75000000000037,2,120.85,swap,notBad
10815,5,165.75000000000037,2,120.85,move,improve
10816,5,165.75000000000037,2,120.85,2opt,notBad
10817,5,165.75000000000037,2,120.85,move,improve
10818,5,165.75000000000037,2,120.85,swap,notBad
10819,5,165.75000000000037,2,120.85,swap,notBad
10820,5,165.75000000000037,2,120.85,swap,notBad
10821,5,165.75000000000037,2,120.85,swap,notBad
10822,5,165.75000000000037,2,120.85,move,improve
10823,5,165.75000000000037,2,120.85,2opt,notBad
10824,5,165.75000000000037,2,120.85,move,improve
10825,5,165.75000000000037,2,120.85,move,improve
10826,5,165.75000000000037,2,120.85,swap,notBad
10827,5,165.75000000000037,2,120.85,move,improve
10828,5,165.75000000000037,2,120.85,swap,notBad
10829,5,165.75000000000037,2,120.85,move,improve
10830,5,165.75000000000037,2,120.85,move,improve
10831,5,165.75000000000037,2,120.85,move,improve
10832,5,165.75000000000037,2,120.85,move,improve
10833,5,165.75000000000037,2,120.85,swap,notBad
10834,5,165.75000000000037,2,120.85,move,improve
10835,5,165.75000000000037,2,120.85,swap,notBad
10836,5,165.75000000000037,2,120.85,2opt,notBad
10837,5,165.75000000000037,2,120.85,swap,notBad
10838,5,165.75000000000037,2,120.85,swap,notBad
10839,5,165.75000000000037,2,120.85,2opt,notBad
10840,5,165.75000000000037,2,120.85,2opt,notBad
10841,5,165.75000000000037,2,120.85,swap,notBad
10842,5,165.75000000000037,2,120.85,2opt,notBad
10843,5,165.75000000000037,2,120.85,move,improve
10844,5,165.75000000000037,2,120.85,swap,notBad
10845,5,165.75000000000037,2,120.85,2opt,improve
10846,5,165.75000000000037,2,120.85,swap,notBad
10847,5,165.75000000000037,2,120.85,move,improve
10848,5,165.75000000000037,2,120.85,swap,notBad
10849,5,165.75000000000037,2,120.85,move,improve
10850,5,165.75000000000037,2,120.85,move,improve
10851,5,165.75000000000037,2,120.85,2opt,notBad
10852,5,165.75000000000037,2,120.85,move,improve
10853,5,165.75000000000037,2,120.85,2opt,notBad
10854,5,165.75000000000037,2,120.85,move,improve
10855,5,165.75000000000037,2,120.85,move,improve
10856,5,165.75000000000037,2,120.85,2opt,notBad
10857,5,165.75000000000037,2,120.85,swap,notBad
10858,5,165.75000000000037,2,120.85,2opt,notBad
10859,5,165.75000000000037,2,120.85,swap,notBad
10860,5,165.75000000000037,2,120.85,move,improve
10861,5,165.75000000000037,2,120.85,move,improve
10862,5,165.75000000000037,2,120.85,move,improve
10863,5,165.75000000000037,2,120.85,swap,notBad
10864,5,165.75000000000037,2,120.85,swap,notBad
10865,5,165.75000000000037,2,120.85,swap,notBad
10866,5,165.75000000000037,2,120.85,move,improve
10867,5,165.75000000000037,2,120.85,swap,notBad
10868,5,165.75000000000037,2,120.85,move,improve
10869,5,165.75000000000037,2,120.85,move,improve
10870,5,165.75000000000037,2,120.85,move,improve
10871,5,165.75000000000037,2,120.85,2opt,notBad
10872,5,165.75000000000037,2,120.85,2opt,notBad
10873,5,165.75000000000037,2,120.85,2opt,notBad
10874,5,165.75000000000037,2,120.85,2opt,notBad
10875,5,165.75000000000037,2,120.85,2opt,notBad
10876,5,165.75000000000037,2,120.85,swap,notBad
10877,5,165.75000000000037,2,120.85,move,improve
10878,5,165.75000000000037,2,120.85,2opt,notBad
10879,5,165.75000000000037,2,120.85,swap,notBad
10880,5,165.75000000000037,2,120.85,move,improve
10881,5,165.75000000000037,2,120.85,move,improve
10882,5,165.75000000000037,2,120.85,swap,notBad
10883,5,165.75000000000037,2,120.85,swap,notBad
10884,5,165.75000000000037,2,120.85,move,improve
10885,5,165.75000000000037,2,120.85,swap,notBad
10886,5,165.75000000000037,2,120.85,2opt,notBad
10887,5,165.75000000000037,2,120.85,swap,notBad
10888,5,165.75000000000037,2,120.85,move,improve
10889,5,165.75000000000037,2,120.85,swap,notBad
10890,5,165.75000000000037,2,120.85,swap,notBad
10891,5,165.75000000000037,2,120.85,swap,notBad
10892,5,165.75000000000037,2,120.85,move,improve
10893,5,165.75000000000037,2,120.85,move,improve
10894,5,165.75000000000037,2,120.85,2opt,notBad
10895,5,165.75000000000037,2,120.85,move,improve
10896,5,165.75000000000037,2,120.85,move,improve
10897,5,165.75000000000037,2,120.85,move,improve
10898,5,165.75000000000037,2,120.85,2opt,notBad
10899,5,165.75000000000037,2,120.85,swap,notBad
10900,5,165.75000000000037,2,120.85,2opt,notBad
10901,5,165.75000000000037,2,120.85,move,improve
10902,5,165.75000000000037,2,120.85,swap,notBad
10903,5,165.75000000000037,2,120.85,swap,notBad
10904,5,165.75000000000037,2,120.85,move,improve
10905,5,165.75000000000037,2,120.85,2opt,notBad
10906,5,165.75000000000037,2,120.85,move,improve
10907,5,165.75000000000037,2,120.85,swap,notBad
10908,5,165.75000000000037,2,120.85,2opt,notBad
10909,5,165.75000000000037,2,120.85,2opt,notBad
10910,5,165.75000000000037,2,120.85,swap,notBad
10911,5,165.75000000000037,2,120.85,move,improve
10912,5,165.75000000000037,2,120.85,2opt,notBad
10913,5,165.75000000000037,2,120.85,move,improve
10914,5,165.75000000000037,2,120.85,move,improve
10915,5,165.75000000000037,2,120.85,2opt,notBad
10916,5,165.75000000000037,2,120.85,move,improve
10917,5,165.75000000000037,2,120.85,swap,notBad
10918,5,165.75000000000037,2,120.85,swap,notBad
10919,5,165.75000000000037,2,120.85,move,improve
10920,5,165.75000000000037,2,120.85,swap,notBad
10921,5,165.75000000000037,2,120.85,2opt,improve
10922,5,165.75000000000037,2,120.85,move,improve
10923,5,165.75000000000037,2,120.85,2opt,notBad
10924,5,165.75000000000037,2,120.85,2opt,notBad
10925,5,165.75000000000037,2,120.85,move,improve
10926,5,165.75000000000037,2,120.85,2opt,notBad
10927,5,165.75000000000037,2,120.85,swap,notBad
10928,5,165.75000000000037,2,120.85,swap,notBad
10929,5,165.75000000000037,2,120.85,swap,notBad
10930,5,165.75000000000037,2,120.85,move,notBad
10931,5,165.75000000000037,2,120.85,2opt,improve
10932,5,165.75000000000037,2,120.85,2opt,notBad
10933,5,165.75000000000037,2,120.85,2opt,improve
10934,5,165.75000000000037,2,120.85,2opt,notBad
10935,5,165.75000000000037,2,120.85,2opt,notBad
10936,5,165.75000000000037,2,120.85,swap,notBad
10937,5,165.75000000000037,2,120.85,2opt,notBad
10938,5,165.75000000000037,2,120.85,2opt,notBad
10939,5,165.75000000000037,2,120.85,swap,notBad
10940,5,165.75000000000037,2,120.85,swap,notBad
10941,5,165.75000000000037,2,120.85,2opt,notBad
10942,5,165.75000000000037,2,120.85,swap,notBad
10943,5,165.75000000000037,2,120.85,swap,notBad
10944,5,165.75000000000037,2,120.85,2opt,notBad
10945,5,165.75000000000037,2,120.85,swap,notBad
10946,5,165.75000000000037,2,120.85,move,improve
10947,5,165.75000000000037,2,120.85,move,improve
10948,5,165.75000000000037,2,120.85,move,improve
10949,5,165.75000000000037,2,120.85,2opt,notBad
10950,5,165.75000000000037,2,120.85,swap,notBad
10951,5,165.75000000000037,2,120.85,swap,notBad
10952,5,165.75000000000037,2,120.85,swap,notBad
10953,5,165.75000000000037,2,120.85,move,improve
10954,5,165.75000000000037,2,120.85,swap,notBad
10955,5,165.75000000000037,2,120.85,swap,notBad
10956,5,165.75000000000037,2,120.85,2opt,notBad
10957,5,165.75000000000037,2,120.85,move,improve
10958,5,165.75000000000037,2,120.85,2opt,notBad
10959,5,165.75000000000037,2,120.85,swap,notBad
10960,5,165.75000000000037,2,120.85,2opt,improve
10961,5,165.75000000000037,2,120.85,swap,notBad
10962,5,165.75000000000037,2,120.85,swap,notBad
10963,5,165.75000000000037,2,120.85,swap,notBad
10964,5,165.75000000000037,2,120.85,swap,notBad
10965,5,165.75000000000037,2,120.85,2opt,notBad
10966,5,165.75000000000037,2,120.85,2opt,notBad
10967,5,165.75000000000037,2,120.85,move,improve
10968,5,165.75000000000037,2,120.85,2opt,notBad
10969,5,165.75000000000037,2,120.85,swap,notBad
10970,5,165.58000000000072,2,120.85,move,improve
10971,5,165.58000000000072,2,120.85,swap,notBad
10972,5,165.58000000000072,2,120.85,2opt,improve
10973,5,165.58000000000072,2,120.85,2opt,improve
10974,5,165.58000000000072,2,120.85,swap,notBad
10975,5,165.58000000000072,2,120.85,swap,notBad
10976,5,165.58000000000072,2,120.85,move,improve
10977,5,165.58000000000072,2,120.85,2opt,notBad
10978,5,165.58000000000072,2,120.85,move,improve
10979,5,165.58000000000072,2,120.85,2opt,notBad
10980,5,165.58000000000072,2,120.85,2opt,improve
10981,5,165.58000000000072,2,120.85,move,improve
10982,5,165.58000000000072,2,120.85,swap,notBad
10983,5,165.58000000000072,2,120.85,2opt,notBad
10984,5,165.58000000000072,2,120.85,2opt,notBad
10985,5,165.58000000000072,2,120.85,swap,notBad
10986,5,165.58000000000072,2,120.85,move,improve
10987,5,165.58000000000072,2,120.85,swap,notBad
10988,5,165.58000000000072,2,120.85,2opt,improve
10989,5,165.58000000000072,2,120.85,move,notBad
10990,5,165.58000000000072,2,120.85,2opt,notBad
10991,5,165.58000000000072,2,120.85,move,improve
10992,5,165.58000000000072,2,120.85,move,improve
10993,5,165.58000000000072,2,120.85,move,improve
10994,5,165.58000000000072,2,120.85,move,improve
10995,5,165.58000000000072,2,120.85,swap,notBad
10996,5,165.58000000000072,2,120.85,swap,notBad
10997,5,165.58000000000072,2,120.85,2opt,improve
10998,5,165.58000000000072,2,120.85,2opt,notBad
10999,5,165.58000000000072,2,120.85,2opt,notBad
11000,5,165.58000000000072,2,120.85,swap,notBad
11001,5,165.58000000000072,2,120.85,move,improve
11002,5,165.58000000000072,2,120.85,move,improve
11003,5,165.58000000000072,2,120.85,swap,notBad
11004,5,165.58000000000072,2,120.85,move,improve
11005,5,165.58000000000072,2,120.85,swap,notBad
11006,5,165.58000000000072,2,120.85,swap,notBad
11007,5,165.58000000000072,2,120.85,2opt,improve
11008,5,165.58000000000072,2,120.85,swap,notBad
11009,5,165.58000000000072,2,120.85,2opt,notBad
11010,5,165.58000000000072,2,120.85,move,improve
11011,5,165.58000000000072,2,120.85,swap,notBad
11012,5,165.58000000000072,2,120.85,2opt,notBad
11013,5,165.58000000000072,2,120.85,move,improve
11014,5,165.58000000000072,2,120.85,swap,notBad
11015,5,165.58000000000072,2,120.85,move,improve
11016,5,165.58000000000072,2,120.85,2opt,notBad
11017,5,165.58000000000072,2,120.85,swap,notBad
11018,5,165.58000000000072,2,120.85,2opt,notBad
11019,5,165.58000000000072,2,120.85,2opt,notBad
11020,5,165.58000000000072,2,120.85,swap,notBad
11021,5,165.58000000000072,2,120.85,move,improve
11022,5,165.58000000000072,2,120.85,move,improve
11023,5,165.58000000000072,2,120.85,swap,notBad
11024,5,165.58000000000072,2,120.85,move,improve
11025,5,165.58000000000072,2,120.85,2opt,notBad
11026,5,165.58000000000072,2,120.85,move,improve
11027,5,165.58000000000072,2,120.85,move,improve
11028,5,165.58000000000072,2,120.85,swap,notBad
11029,5,165.58000000000072,2,120.85,move,improve
11030,5,165.58000000000072,2,120.85,2opt,notBad
11031,5,165.58000000000072,2,120.85,move,improve
11032,5,165.58000000000072,2,120.85,2opt,improve
11033,5,165.58000000000072,2,120.85,swap,notBad
11034,5,165.58000000000072,2,120.85,move,improve
11035,5,165.58000000000072,2,120.85,swap,notBad
11036,5,165.58000000000072,2,120.85,move,improve
11037,5,165.58000000000072,2,120.85,move,improve
11038,5,165.58000000000072,2,120.85,move,improve
11039,5,165.58000000000072,2,120.85,swap,notBad
11040,5,165.58000000000072,2,120.85,2opt,improve
11041,5,165.58000000000072,2,120.85,move,improve
11042,5,165.58000000000072,2,120.85,2opt,notBad
11043,5,165.58000000000072,2,120.85,move,improve
11044,5,165.58000000000072,2,120.85,swap,notBad
11045,5,165.58000000000072,2,120.85,move,improve
11046,5,165.58000000000072,2,120.85,swap,notBad
11047,5,165.58000000000072,2,120.85,2opt,notBad
11048,5,165.58000000000072,2,120.85,swap,notBad
11049,5,165.58000000000072,2,120.85,2opt,notBad
11050,5,165.58000000000072,2,120.85,move,improve
11051,5,165.58000000000072,2,120.85,2opt,notBad
11052,5,165.58000000000072,2,120.85,swap,notBad
11053,5,165.58000000000072,2,120.85,move,improve
11054,5,165.58000000000072,2,120.85,swap,notBad
11055,5,165.58000000000072,2,120.85,2opt,improve
11056,5,165.58000000000072,2,120.85,move,notBad
11057,5,165.58000000000072,2,120.85,move,improve
11058,5,165.58000000000072,2,120.85,2opt,improve
11059,5,165.58000000000072,2,120.85,2opt,notBad
11060,5,165.58000000000072,2,120.85,swap,notBad
11061,5,165.58000000000072,2,120.85,2opt,improve
11062,5,165.58000000000072,2,120.85,2opt,notBad
11063,5,165.58000000000072,2,120.85,2opt,notBad
11064,5,165.58000000000072,2,120.85,swap,notBad
11065,5,165.58000000000072,2,120.85,swap,notBad
11066,5,165.58000000000072,2,120.85,move,improve
11067,5,165.58000000000072,2,120.85,swap,notBad
11068,5,165.58000000000072,2,120.85,2opt,notBad
11069,5,165.58000000000072,2,120.85,swap,notBad
11070,5,165.58000000000072,2,120.85,swap,notBad
11071,5,165.58000000000072,2,120.85,2opt,notBad
11072,5,165.58000000000072,2,120.85,move,improve
11073,5,165.58000000000072,2,120.85,2opt,notBad
11074,5,165.58000000000072,2,120.85,swap,notBad
11075,5,165.58000000000072,2,120.85,2opt,notBad
11076,5,165.58000000000072,2,120.85,move,improve
11077,5,165.58000000000072,2,120.85,move,improve
11078,5,165.58000000000072,2,120.85,2opt,improve
11079,5,165.58000000000072,2,120.85,2opt,notBad
11080,5,165.58000000000072,2,120.85,swap,notBad
11081,5,165.58000000000072,2,120.85,2opt,notBad
11082,5,165.58000000000072,2,120.85,swap,notBad
11083,5,165.58000000000072,2,120.85,move,improve
11084,5,165.58000000000072,2,120.85,swap,notBad
11085,5,165.58000000000072,2,120.85,2opt,improve
11086,5,165.58000000000072,2,120.85,2opt,notBad
11087,5,165.58000000000072,2,120.85,swap,notBad
11088,5,165.58000000000072,2,120.85,move,improve
11089,5,165.58000000000072,2,120.85,swap,notBad
11090,5,165.58000000000072,2,120.85,move,improve
11091,5,165.58000000000072,2,120.85,2opt,notBad
11092,5,165.58000000000072,2,120.85,2opt,notBad
11093,5,165.58000000000072,2,120.85,2opt,notBad
11094,5,165.58000000000072,2,120.85,2opt,notBad
11095,5,165.58000000000072,2,120.85,swap,notBad
11096,5,165.58000000000072,2,120.85,2opt,notBad
11097,5,165.58000000000072,2,120.85,swap,notBad
11098,5,165.58000000000072,2,120.85,move,improve
11099,5,165.58000000000072,2,120.85,move,improve
11100,5,165.58000000000072,2,120.85,move,improve
11101,5,165.58000000000072,2,120.85,swap,notBad
11102,5,165.58000000000072,2,120.85,move,improve
11103,5,165.58000000000072,2,120.85,2opt,notBad
11104,5,165.58000000000072,2,120.85,swap,notBad
11105,5,165.58000000000072,2,120.85,swap,notBad
11106,5,165.58000000000072,2,120.85,2opt,notBad
11107,5,165.58000000000072,2,120.85,2opt,notBad
11108,5,165.58000000000072,2,120.85,move,improve
11109,5,165.58000000000072,2,120.85,swap,notBad
11110,5,165.58000000000072,2,120.85,2opt,notBad
11111,5,165.58000000000072,2,120.85,2opt,notBad
11112,5,165.58000000000072,2,120.85,move,improve
11113,5,165.58000000000072,2,120.85,move,improve
11114,5,165.58000000000072,2,120.85,move,improve
11115,5,165.58000000000072,2,120.85,swap,notBad
11116,5,165.58000000000072,2,120.85,2opt,notBad
11117,5,165.58000000000072,2,120.85,move,improve
11118,5,165.58000000000072,2,120.85,move,improve
11119,5,165.58000000000072,2,120.85,2opt,notBad
11120,5,165.58000000000072,2,120.85,move,improve
11121,5,165.58000000000072,2,120.85,swap,notBad
11122,5,165.58000000000072,2,120.85,move,improve
11123,5,165.58000000000072,2,120.85,swap,notBad
11124,5,165.58000000000072,2,120.85,move,improve
11125,5,165.58000000000072,2,120.85,move,improve
11126,5,165.58000000000072,2,120.85,2opt,improve
11127,5,165.58000000000072,2,120.85,swap,notBad
11128,5,165.58000000000072,2,120.85,swap,notBad
11129,5,165.58000000000072,2,120.85,2opt,notBad
11130,5,165.58000000000072,2,120.85,2opt,notBad
11131,5,165.58000000000072,2,120.85,move,improve
11132,5,165.58000000000072,2,120.85,2opt,notBad
11133,5,165.58000000000072,2,120.85,move,improve
11134,5,165.58000000000072,2,120.85,move,improve
11135,5,165.93000000000075,2,120.85,swap,acceptBad
11136,5,165.93000000000075,2,120.85,swap,notBad
11137,5,165.93000000000075,2,120.85,2opt,notBad
11138,5,165.93000000000075,2,120.85,swap,notBad
11139,5,165.93000000000075,2,120.85,2opt,notBad
11140,5,165.93000000000075,2,120.85,swap,notBad
11141,5,165.93000000000075,2,120.85,swap,notBad
11142,5,165.93000000000075,2,120.85,move,improve
11143,5,165.93000000000075,2,120.85,swap,notBad
11144,5,165.93000000000075,2,120.85,swap,notBad
11145,5,165.93000000000075,2,120.85,2opt,notBad
11146,5,165.93000000000075,2,120.85,swap,notBad
11147,5,165.93000000000075,2,120.85,swap,notBad
11148,5,165.93000000000075,2,120.85,move,improve
11149,5,165.93000000000075,2,120.85,move,improve
11150,5,165.93000000000075,2,120.85,2opt,notBad
11151,5,165.93000000000075,2,120.85,swap,notBad
11152,5,165.93000000000075,2,120.85,swap,notBad
11153,5,165.93000000000075,2,120.85,swap,notBad
11154,5,165.93000000000075,2,120.85,move,improve
11155,5,165.93000000000075,2,120.85,swap,notBad
11156,5,165.93000000000075,2,120.85,swap,notBad
11157,5,165.93000000000075,2,120.85,swap,notBad
11158,5,165.93000000000075,2,120.85,move,improve
11159,5,165.93000000000075,2,120.85,2opt,notBad
11160,5,165.93000000000075,2,120.85,move,improve
11161,5,165.93000000000075,2,120.85,move,improve
11162,5,165.93000000000075,2,120.85,2opt,notBad
11163,5,165.93000000000075,2,120.85,move,improve
11164,5,165.93000000000075,2,120.85,2opt,notBad
11165,5,165.93000000000075,2,120.85,move,improve
11166,5,165.93000000000075,2,120.85,move,improve
11167,5,165.93000000000075,2,120.85,swap,notBad
11168,5,165.93000000000075,2,120.85,move,improve
11169,5,165.93000000000075,2,120.85,move,improve
11170,5,165.93000000000075,2,120.85,move,improve
11171,5,165.93000000000075,2,120.85,swap,notBad
11172,5,165.93000000000075,2,120.85,2opt,notBad
11173,5,165.93000000000075,2,120.85,move,improve
11174,5,165.93000000000075,2,120.85,swap,notBad
11175,5,165.93000000000075,2,120.85,swap,notBad
11176,5,165.93000000000075,2,120.85,swap,notBad
11177,5,165.93000000000075,2,120.85,swap,notBad
11178,5,165.93000000000075,2,120.85,move,improve
11179,5,165.93000000000075,2,120.85,2opt,notBad
11180,5,165.93000000000075,2,120.85,2opt,notBad
11181,5,165.93000000000075,2,120.85,move,improve
11182,5,165.93000000000075,2,120.85,move,improve
11183,5,165.93000000000075,2,120.85,swap,notBad
11184,5,165.93000000000075,2,120.85,move,improve
11185,5,165.93000000000075,2,120.85,move,improve
11186,5,165.93000000000075,2,120.85,swap,notBad
11187,5,165.93000000000075,2,120.85,2opt,notBad
11188,5,165.93000000000075,2,120.85,swap,notBad
11189,5,165.93000000000075,2,120.85,move,improve
11190,5,165.93000000000075,2,120.85,2opt,notBad
11191,5,166.6900000000007,2,120.85,swap,acceptBad
11192,5,165.93000000000075,2,120.85,move,improve
11193,5,165.93000000000075,2,120.85,2opt,notBad
11194,5,165.93000000000075,2,120.85,move,improve
11195,5,165.93000000000075,2,120.85,swap,notBad
11196,5,165.93000000000075,2,120.85,swap,notBad
11197,5,165.93000000000075,2,120.85,2opt,notBad
11198,5,165.93000000000075,2,120.85,swap,notBad
11199,5,165.58000000000072,2,120.85,move,improve
11200,5,165.58000000000072,2,120.85,2opt,notBad
11201,5,165.58000000000072,2,120.85,2opt,notBad
11202,5,165.58000000000072,2,120.85,swap,notBad
11203,5,165.58000000000072,2,120.85,move,improve
11204,5,165.58000000000072,2,120.85,swap,notBad
11205,5,165.58000000000072,2,120.85,move,improve
11206,5,165.58000000000072,2,120.85,move,improve
11207,5,165.58000000000072,2,120.85,2opt,notBad
11208,5,165.58000000000072,2,120.85,move,improve
11209,5,165.58000000000072,2,120.85,2opt,notBad
11210,5,165.58000000000072,2,120.85,2opt,notBad
11211,5,165.58000000000072,2,120.85,swap,notBad
11212,5,165.58000000000072,2,120.85,move,improve
11213,5,165.58000000000072,2,120.85,move,improve
11214,5,165.58000000000072,2,120.85,move,improve
11215,5,165.58000000000072,2,120.85,2opt,notBad
11216,5,165.58000000000072,2,120.85,2opt,improve
11217,5,165.58000000000072,2,120.85,swap,notBad
11218,5,165.58000000000072,2,120.85,swap,notBad
11219,5,165.58000000000072,2,120.85,swap,notBad
11220,5,165.58000000000072,2,120.85,swap,notBad
11221,5,165.58000000000072,2,120.85,swap,notBad
11222,5,165.58000000000072,2,120.85,swap,notBad
11223,5,165.58000000000072,2,120.85,2opt,notBad
11224,5,165.58000000000072,2,120.85,swap,notBad
11225,5,165.58000000000072,2,120.85,move,improve
11226,5,165.58000000000072,2,120.85,2opt,notBad
11227,5,165.58000000000072,2,120.85,swap,notBad
11228,5,165.58000000000072,2,120.85,swap,notBad
11229,5,165.58000000000072,2,120.85,swap,notBad
11230,5,165.58000000000072,2,120.85,move,improve
11231,5,165.58000000000072,2,120.85,move,improve
11232,5,165.58000000000072,2,120.85,move,improve
11233,5,165.58000000000072,2,120.85,2opt,notBad
11234,5,165.58000000000072,2,120.85,2opt,notBad
11235,5,165.58000000000072,2,120.85,2opt,notBad
11236,5,165.58000000000072,2,120.85,2opt,notBad
11237,5,165.58000000000072,2,120.85,2opt,notBad
11238,5,165.58000000000072,2,120.85,move,improve
11239,5,165.58000000000072,2,120.85,2opt,notBad
11240,5,165.58000000000072,2,120.85,swap,notBad
11241,5,165.58000000000072,2,120.85,swap,notBad
11242,5,165.58000000000072,2,120.85,swap,notBad
11243,5,165.58000000000072,2,120.85,move,improve
11244,5,165.58000000000072,2,120.85,move,improve
11245,5,165.58000000000072,2,120.85,move,improve
11246,5,165.58000000000072,2,120.85,2opt,notBad
11247,5,165.58000000000072,2,120.85,move,improve
11248,5,165.58000000000072,2,120.85,move,improve
11249,5,165.58000000000072,2,120.85,swap,notBad
11250,5,165.58000000000072,2,120.85,swap,notBad
11251,5,165.58000000000072,2,120.85,swap,notBad
11252,5,165.58000000000072,2,120.85,2opt,improve
11253,5,165.58000000000072,2,120.85,move,improve
11254,5,165.58000000000072,2,120.85,swap,notBad
11255,5,165.58000000000072,2,120.85,move,improve
11256,5,165.58000000000072,2,120.85,swap,notBad
11257,5,165.58000000000072,2,120.85,2opt,notBad
11258,5,165.58000000000072,2,120.85,move,improve
11259,5,165.58000000000072,2,120.85,swap,notBad
11260,5,165.58000000000072,2,120.85,2opt,notBad
11261,5,165.58000000000072,2,120.85,swap,notBad
11262,5,165.58000000000072,2,120.85,move,improve
11263,5,165.58000000000072,2,120.85,move,improve
11264,5,165.58000000000072,2,120.85,move,improve
11265,5,165.58000000000072,2,120.85,move,improve
11266,5,165.58000000000072,2,120.85,move,improve
11267,5,165.58000000000072,2,120.85,2opt,notBad
11268,5,165.58000000000072,2,120.85,move,improve
11269,5,165.58000000000072,2,120.85,move,improve
11270,5,165.58000000000072,2,120.85,swap,notBad
11271,5,165.58000000000072,2,120.85,swap,notBad
11272,5,165.58000000000072,2,120.85,2opt,notBad
11273,5,165.58000000000072,2,120.85,swap,notBad
11274,5,165.58000000000072,2,120.85,swap,notBad
11275,5,165.58000000000072,2,120.85,swap,notBad
11276,5,165.58000000000072,2,120.85,2opt,notBad
11277,5,165.58000000000072,2,120.85,swap,notBad
11278,5,165.58000000000072,2,120.85,2opt,improve
11279,5,165.58000000000072,2,120.85,move,improve
11280,5,165.58000000000072,2,120.85,2opt,notBad
11281,5,165.58000000000072,2,120.85,move,improve
11282,5,165.58000000000072,2,120.85,2opt,notBad
11283,5,165.58000000000072,2,120.85,swap,notBad
11284,5,165.58000000000072,2,120.85,2opt,notBad
11285,5,165.58000000000072,2,120.85,move,improve
11286,5,165.58000000000072,2,120.85,2opt,notBad
11287,5,165.58000000000072,2,120.85,2opt,notBad
11288,5,165.58000000000072,2,120.85,swap,notBad
11289,5,165.58000000000072,2,120.85,2opt,notBad
11290,5,165.58000000000072,2,120.85,move,improve
11291,5,165.58000000000072,2,120.85,2opt,notBad
11292,5,165.58000000000072,2,120.85,move,improve
11293,5,165.58000000000072,2,120.85,2opt,notBad
11294,5,165.58000000000072,2,120.85,move,improve
11295,5,165.58000000000072,2,120.85,move,improve
11296,5,165.58000000000072,2,120.85,move,improve
11297,5,165.58000000000072,2,120.85,move,improve
11298,5,165.58000000000072,2,120.85,2opt,notBad
11299,5,165.58000000000072,2,120.85,swap,notBad
11300,5,165.58000000000072,2,120.85,swap,notBad
11301,5,165.58000000000072,2,120.85,2opt,notBad
11302,5,165.58000000000072,2,120.85,2opt,notBad
11303,5,165.58000000000072,2,120.85,2opt,notBad
11304,5,165.58000000000072,2,120.85,2opt,notBad
11305,5,165.58000000000072,2,120.85,move,improve
11306,5,165.58000000000072,2,120.85,move,improve
11307,5,165.58000000000072,2,120.85,move,improve
11308,5,165.58000000000072,2,120.85,move,improve
11309,5,165.58000000000072,2,120.85,move,improve
11310,5,165.58000000000072,2,120.85,swap,notBad
11311,5,165.58000000000072,2,120.85,swap,notBad
11312,5,165.58000000000072,2,120.85,move,improve
11313,5,165.58000000000072,2,120.85,move,improve
11314,5,165.58000000000072,2,120.85,swap,notBad
11315,5,165.58000000000072,2,120.85,swap,notBad
11316,5,165.58000000000072,2,120.85,2opt,notBad
11317,5,165.58000000000072,2,120.85,swap,notBad
11318,5,165.58000000000072,2,120.85,2opt,improve
11319,5,165.58000000000072,2,120.85,move,improve
11320,5,165.58000000000072,2,120.85,2opt,improve
11321,5,165.58000000000072,2,120.85,2opt,notBad
11322,5,165.58000000000072,2,120.85,swap,notBad
11323,5,165.58000000000072,2,120.85,move,improve
11324,5,165.58000000000072,2,120.85,move,improve
11325,5,165.58000000000072,2,120.85,swap,notBad
11326,5,165.58000000000072,2,120.85,move,improve
11327,5,165.58000000000072,2,120.85,move,improve
11328,5,165.58000000000072,2,120.85,swap,notBad
11329,5,165.58000000000072,2,120.85,swap,notBad
11330,5,165.58000000000072,2,120.85,swap,notBad
11331,5,165.58000000000072,2,120.85,2opt,notBad
11332,5,165.58000000000072,2,120.85,move,improve
11333,5,165.58000000000072,2,120.85,swap,notBad
11334,5,165.58000000000072,2,120.85,swap,notBad
11335,5,165.58000000000072,2,120.85,swap,notBad
11336,5,165.58000000000072,2,120.85,2opt,notBad
11337,5,165.58000000000072,2,120.85,swap,notBad
11338,5,165.58000000000072,2,120.85,move,improve
11339,5,165.58000000000072,2,120.85,2opt,notBad
11340,5,165.58000000000072,2,120.85,2opt,notBad
11341,5,165.58000000000072,2,120.85,2opt,notBad
11342,5,165.58000000000072,2,120.85,swap,notBad
11343,5,165.58000000000072,2,120.85,move,improve
11344,5,165.58000000000072,2,120.85,move,improve
11345,5,165.58000000000072,2,120.85,swap,notBad
11346,5,165.58000000000072,2,120.85,2opt,improve
11347,5,165.58000000000072,2,120.85,swap,notBad
11348,5,165.58000000000072,2,120.85,2opt,notBad
11349,5,165.58000000000072,2,120.85,swap,notBad
11350,5,165.58000000000072,2,120.85,swap,notBad
11351,5,165.58000000000072,2,120.85,swap,notBad
11352,5,165.58000000000072,2,120.85,move,improve
11353,5,165.58000000000072,2,120.85,2opt,notBad
11354,5,165.58000000000072,2,120.85,2opt,notBad
11355,5,165.58000000000072,2,120.85,2opt,notBad
11356,5,165.58000000000072,2,120.85,2opt,notBad
11357,5,165.58000000000072,2,120.85,move,improve
11358,5,165.58000000000072,2,120.85,move,improve
11359,5,165.58000000000072,2,120.85,swap,notBad
11360,5,165.58000000000072,2,120.85,move,improve
11361,5,165.58000000000072,2,120.85,move,improve
11362,5,165.58000000000072,2,120.85,move,improve
11363,5,165.58000000000072,2,120.85,2opt,improve
11364,5,165.58000000000072,2,120.85,move,improve
11365,5,165.58000000000072,2,120.85,move,improve
11366,5,165.58000000000072,2,120.85,2opt,notBad
11367,5,165.58000000000072,2,120.85,2opt,notBad
11368,5,165.58000000000072,2,120.85,2opt,notBad
11369,5,165.58000000000072,2,120.85,2opt,notBad
11370,5,165.58000000000072,2,120.85,2opt,notBad
11371,5,165.58000000000072,2,120.85,swap,notBad
11372,5,165.58000000000072,2,120.85,move,improve
11373,5,165.58000000000072,2,120.85,2opt,notBad
11374,5,165.58000000000072,2,120.85,swap,notBad
11375,5,165.58000000000072,2,120.85,swap,notBad
11376,5,165.58000000000072,2,120.85,2opt,notBad
11377,5,165.58000000000072,2,120.85,swap,notBad
11378,5,165.58000000000072,2,120.85,2opt,notBad
11379,5,165.58000000000072,2,120.85,2opt,notBad
11380,5,165.58000000000072,2,120.85,move,improve
11381,5,165.58000000000072,2,120.85,2opt,notBad
11382,5,165.58000000000072,2,120.85,swap,notBad
11383,5,165.58000000000072,2,120.85,swap,notBad
11384,5,165.58000000000072,2,120.85,move,improve
11385,5,165.58000000000072,2,120.85,2opt,notBad
11386,5,165.58000000000072,2,120.85,swap,notBad
11387,5,165.58000000000072,2,120.85,swap,notBad
11388,5,165.58000000000072,2,120.85,2opt,notBad
11389,5,165.58000000000072,2,120.85,2opt,notBad
11390,5,165.58000000000072,2,120.85,move,improve
11391,5,165.58000000000072,2,120.85,swap,notBad
11392,5,165.58000000000072,2,120.85,swap,notBad
11393,5,165.58000000000072,2,120.85,swap,notBad
11394,5,165.58000000000072,2,120.85,swap,notBad
11395,5,165.58000000000072,2,120.85,2opt,notBad
11396,5,165.58000000000072,2,120.85,swap,notBad
11397,5,165.58000000000072,2,120.85,swap,notBad
11398,5,165.58000000000072,2,120.85,swap,notBad
11399,5,165.58000000000072,2,120.85,2opt,notBad
11400,5,165.58000000000072,2,120.85,move,improve
11401,5,165.58000000000072,2,120.85,2opt,notBad
11402,5,165.58000000000072,2,120.85,swap,notBad
11403,5,165.58000000000072,2,120.85,move,improve
11404,5,165.58000000000072,2,120.85,move,improve
11405,5,165.58000000000072,2,120.85,move,improve
11406,5,165.58000000000072,2,120.85,move,improve
11407,5,165.58000000000072,2,120.85,swap,notBad
11408,5,165.58000000000072,2,120.85,move,improve
11409,5,165.58000000000072,2,120.85,move,improve
11410,5,165.58000000000072,2,120.85,swap,notBad
11411,5,165.58000000000072,2,120.85,move,improve
11412,5,165.58000000000072,2,120.85,move,improve
11413,5,165.58000000000072,2,120.85,2opt,notBad
11414,5,165.58000000000072,2,120.85,move,improve
11415,5,165.58000000000072,2,120.85,move,improve
11416,5,165.58000000000072,2,120.85,2opt,notBad
11417,5,165.58000000000072,2,120.85,swap,notBad
11418,5,165.58000000000072,2,120.85,2opt,notBad
11419,5,165.58000000000072,2,120.85,swap,notBad
11420,5,165.58000000000072,2,120.85,move,improve
11421,5,165.58000000000072,2,120.85,swap,notBad
11422,5,165.58000000000072,2,120.85,swap,notBad
11423,5,165.58000000000072,2,120.85,2opt,notBad
11424,5,165.58000000000072,2,120.85,2opt,improve
11425,5,166.3400000000007,2,120.85,swap,acceptBad
11426,5,166.3400000000007,2,120.85,2opt,notBad
11427,5,166.3400000000007,2,120.85,2opt,notBad
11428,5,166.3400000000007,2,120.85,2opt,notBad
11429,5,166.3400000000007,2,120.85,swap,notBad
11430,5,166.3400000000007,2,120.85,2opt,notBad
11431,5,166.3400000000007,2,120.85,2opt,notBad
11432,5,166.3400000000007,2,120.85,move,improve
11433,5,166.3400000000007,2,120.85,2opt,notBad
11434,5,166.3400000000007,2,120.85,move,improve
11435,5,166.3400000000007,2,120.85,swap,notBad
11436,5,166.3400000000007,2,120.85,move,improve
11437,5,166.3400000000007,2,120.85,swap,notBad
11438,5,166.3400000000007,2,120.85,2opt,notBad
11439,5,166.3400000000007,2,120.85,move,improve
11440,5,166.3400000000007,2,120.85,2opt,notBad
11441,5,166.3400000000007,2,120.85,move,improve
11442,5,166.3400000000007,2,120.85,move,improve
11443,5,166.3400000000007,2,120.85,swap,notBad
11444,5,166.3400000000007,2,120.85,2opt,notBad
11445,5,166.3400000000007,2,120.85,2opt,notBad
11446,5,166.3400000000007,2,120.85,swap,notBad
11447,5,166.3400000000007,2,120.85,move,improve
11448,5,166.3400000000007,2,120.85,move,improve
11449,5,166.3400000000007,2,120.85,2opt,notBad
11450,5,166.3400000000007,2,120.85,move,improve
11451,5,166.3400000000007,2,120.85,2opt,notBad
11452,5,166.3400000000007,2,120.85,2opt,notBad
11453,5,166.3400000000007,2,120.85,2opt,notBad
11454,5,166.3400000000007,2,120.85,move,improve
11455,5,166.3400000000007,2,120.85,2opt,notBad
11456,5,166.3400000000007,2,120.85,2opt,notBad
11457,5,166.3400000000007,2,120.85,2opt,notBad
11458,5,166.3400000000007,2,120.85,2opt,improve
11459,5,166.3400000000007,2,120.85,2opt,notBad
11460,5,166.3400000000007,2,120.85,2opt,notBad
11461,5,166.3400000000007,2,120.85,move,improve
11462,5,166.3400000000007,2,120.85,swap,notBad
11463,5,166.3400000000007,2,120.85,move,improve
11464,5,166.3400000000007,2,120.85,2opt,improve
11465,5,166.3400000000007,2,120.85,move,improve
11466,5,166.3400000000007,2,120.85,move,improve
11467,5,166.3400000000007,2,120.85,move,improve
11468,5,166.3400000000007,2,120.85,swap,notBad
11469,5,166.3400000000007,2,120.85,2opt,improve
11470,5,166.3400000000007,2,120.85,move,improve
11471,5,166.3400000000007,2,120.85,2opt,notBad
11472,5,166.3400000000007,2,120.85,move,improve
11473,5,166.3400000000007,2,120.85,swap,notBad
11474,5,166.3400000000007,2,120.85,move,improve
11475,5,166.3400000000007,2,120.85,swap,notBad
11476,5,166.3400000000007,2,120.85,swap,notBad
11477,5,166.3400000000007,2,120.85,swap,notBad
11478,5,166.3400000000007,2,120.85,swap,notBad
11479,5,166.3400000000007,2,120.85,swap,notBad
11480,5,166.3400000000007,2,120.85,2opt,notBad
11481,5,166.3400000000007,2,120.85,move,improve
11482,5,166.3400000000007,2,120.85,2opt,notBad
11483,5,166.3400000000007,2,120.85,swap,notBad
11484,5,166.3400000000007,2,120.85,swap,notBad
11485,5,166.3400000000007,2,120.85,2opt,improve
11486,5,166.3400000000007,2,120.85,2opt,notBad
11487,5,166.3400000000007,2,120.85,swap,notBad
11488,5,166.3400000000007,2,120.85,swap,notBad
11489,5,166.3400000000007,2,120.85,swap,notBad
11490,5,166.3400000000007,2,120.85,move,improve
11491,5,166.3400000000007,2,120.85,move,improve
11492,5,166.3400000000007,2,120.85,swap,notBad
11493,5,166.3400000000007,2,120.85,swap,notBad
11494,5,166.3400000000007,2,120.85,move,improve
11495,5,166.3400000000007,2,120.85,swap,notBad
11496,5,166.3400000000007,2,120.85,2opt,notBad
11497,5,166.3400000000007,2,120.85,2opt,notBad
11498,5,166.3400000000007,2,120.85,swap,notBad
11499,5,166.3400000000007,2,120.85,swap,notBad
11500,5,166.3400000000007,2,120.85,swap,notBad
11501,5,166.3400000000007,2,120.85,move,improve
11502,5,166.3400000000007,2,120.85,swap,notBad
11503,5,166.3400000000007,2,120.85,2opt,notBad
11504,5,166.3400000000007,2,120.85,2opt,notBad
11505,5,166.3400000000007,2,120.85,2opt,notBad
11506,5,166.3400000000007,2,120.85,move,improve
11507,5,166.3400000000007,2,120.85,swap,notBad
11508,5,166.3400000000007,2,120.85,move,improve
11509,5,166.3400000000007,2,120.85,move,improve
11510,5,166.3400000000007,2,120.85,swap,notBad
11511,5,166.3400000000007,2,120.85,2opt,notBad
11512,5,166.3400000000007,2,120.85,swap,notBad
11513,5,166.3400000000007,2,120.85,swap,notBad
11514,5,166.3400000000007,2,120.85,2opt,notBad
11515,5,166.3400000000007,2,120.85,2opt,improve
11516,5,166.3400000000007,2,120.85,move,improve
11517,5,166.3400000000007,2,120.85,swap,notBad
11518,5,166.3400000000007,2,120.85,2opt,notBad
11519,5,166.3400000000007,2,120.85,move,improve
11520,5,166.3400000000007,2,120.85,move,improve
11521,5,166.3400000000007,2,120.85,swap,notBad
11522,5,166.3400000000007,2,120.85,2opt,notBad
11523,5,166.3400000000007,2,120.85,swap,notBad
11524,5,166.3400000000007,2,120.85,move,improve
11525,5,166.3400000000007,2,120.85,2opt,improve
11526,5,166.3400000000007,2,120.85,swap,notBad
11527,5,166.3400000000007,2,120.85,move,improve
11528,5,166.3400000000007,2,120.85,swap,notBad
11529,5,166.3400000000007,2,120.85,move,improve
11530,5,166.3400000000007,2,120.85,move,improve
11531,5,166.3400000000007,2,120.85,move,improve
11532,5,166.3400000000007,2,120.85,2opt,notBad
11533,5,166.3400000000007,2,120.85,swap,notBad
11534,5,166.3400000000007,2,120.85,2opt,notBad
11535,5,166.3400000000007,2,120.85,move,improve
11536,5,166.3400000000007,2,120.85,2opt,notBad
11537,5,165.58000000000072,2,120.85,move,improve
11538,5,165.58000000000072,2,120.85,2opt,notBad
11539,5,165.58000000000072,2,120.85,move,improve
11540,5,165.58000000000072,2,120.85,move,improve
11541,5,165.58000000000072,2,120.85,move,improve
11542,5,165.58000000000072,2,120.85,move,improve
11543,5,165.58000000000072,2,120.85,2opt,notBad
11544,5,165.58000000000072,2,120.85,move,improve
11545,5,165.58000000000072,2,120.85,move,improve
11546,5,165.58000000000072,2,120.85,move,improve
11547,5,165.58000000000072,2,120.85,swap,notBad
11548,5,165.58000000000072,2,120.85,move,improve
11549,5,165.58000000000072,2,120.85,swap,notBad
11550,5,165.58000000000072,2,120.85,2opt,notBad
11551,5,165.58000000000072,2,120.85,swap,notBad
11552,5,165.58000000000072,2,120.85,2opt,notBad
11553,5,165.58000000000072,2,120.85,2opt,notBad
11554,5,165.58000000000072,2,120.85,move,improve
11555,5,165.58000000000072,2,120.85,swap,notBad
11556,5,165.58000000000072,2,120.85,2opt,notBad
11557,5,165.58000000000072,2,120.85,swap,notBad
11558,5,165.58000000000072,2,120.85,move,improve
11559,5,165.58000000000072,2,120.85,swap,notBad
11560,5,165.58000000000072,2,120.85,swap,notBad
11561,5,165.58000000000072,2,120.85,2opt,notBad
11562,5,165.58000000000072,2,120.85,swap,notBad
11563,5,165.58000000000072,2,120.85,swap,notBad
11564,5,165.58000000000072,2,120.85,move,improve
11565,5,165.58000000000072,2,120.85,swap,notBad
11566,5,165.58000000000072,2,120.85,move,improve
11567,5,165.58000000000072,2,120.85,2opt,notBad
11568,5,165.58000000000072,2,120.85,swap,notBad
11569,5,165.58000000000072,2,120.85,swap,notBad
11570,5,165.58000000000072,2,120.85,move,improve
11571,5,165.58000000000072,2,120.85,move,improve
11572,5,165.58000000000072,2,120.85,swap,notBad
11573,5,165.58000000000072,2,120.85,swap,notBad
11574,5,165.58000000000072,2,120.85,move,improve
11575,5,165.58000000000072,2,120.85,swap,notBad
11576,5,165.58000000000072,2,120.85,2opt,notBad
11577,5,165.58000000000072,2,120.85,2opt,improve
11578,5,165.58000000000072,2,120.85,move,improve
11579,5,165.58000000000072,2,120.85,2opt,notBad
11580,5,165.58000000000072,2,120.85,move,improve
11581,5,165.58000000000072,2,120.85,2opt,notBad
11582,5,165.58000000000072,2,120.85,swap,notBad
11583,5,165.58000000000072,2,120.85,2opt,notBad
11584,5,165.58000000000072,2,120.85,2opt,improve
11585,5,165.58000000000072,2,120.85,2opt,notBad
11586,5,165.58000000000072,2,120.85,2opt,notBad
11587,5,165.58000000000072,2,120.85,swap,notBad
11588,5,165.58000000000072,2,120.85,2opt,notBad
11589,5,165.58000000000072,2,120.85,swap,notBad
11590,5,165.58000000000072,2,120.85,move,improve
11591,5,165.58000000000072,2,120.85,2opt,notBad
11592,5,165.58000000000072,2,120.85,2opt,notBad
11593,5,165.58000000000072,2,120.85,move,improve
11594,5,165.58000000000072,2,120.85,move,improve
11595,5,165.58000000000072,2,120.85,2opt,notBad
11596,5,165.58000000000072,2,120.85,swap,notBad
11597,5,165.58000000000072,2,120.85,move,improve
11598,5,165.58000000000072,2,120.85,2opt,improve
11599,5,165.58000000000072,2,120.85,swap,notBad
11600,5,165.58000000000072,2,120.85,move,improve
11601,5,165.58000000000072,2,120.85,move,improve
11602,5,165.58000000000072,2,120.85,2opt,notBad
11603,5,165.58000000000072,2,120.85,move,improve
11604,5,165.58000000000072,2,120.85,move,improve
11605,5,165.58000000000072,2,120.85,2opt,improve
11606,5,165.58000000000072,2,120.85,swap,notBad
11607,5,165.58000000000072,2,120.85,2opt,notBad
11608,5,165.58000000000072,2,120.85,move,improve
11609,5,165.58000000000072,2,120.85,move,improve
11610,5,165.58000000000072,2,120.85,move,improve
11611,5,165.58000000000072,2,120.85,swap,notBad
11612,5,165.58000000000072,2,120.85,move,improve
11613,5,165.58000000000072,2,120.85,swap,notBad
11614,5,165.58000000000072,2,120.85,2opt,notBad
11615,5,165.58000000000072,2,120.85,swap,notBad
11616,5,165.58000000000072,2,120.85,move,improve
11617,5,165.58000000000072,2,120.85,swap,notBad
11618,5,165.58000000000072,2,120.85,swap,notBad
11619,5,165.58000000000072,2,120.85,move,improve
11620,5,165.58000000000072,2,120.85,2opt,notBad
11621,5,165.58000000000072,2,120.85,move,improve
11622,5,165.58000000000072,2,120.85,2opt,notBad
11623,5,165.58000000000072,2,120.85,2opt,notBad
11624,5,165.58000000000072,2,120.85,move,improve
11625,5,165.58000000000072,2,120.85,move,improve
11626,5,165.58000000000072,2,120.85,swap,notBad
11627,5,165.58000000000072,2,120.85,move,improve
11628,5,165.58000000000072,2,120.85,2opt,notBad
11629,5,165.58000000000072,2,120.85,move,improve
11630,5,165.58000000000072,2,120.85,2opt,notBad
11631,5,165.58000000000072,2,120.85,2opt,notBad
11632,5,165.58000000000072,2,120.85,2opt,notBad
11633,5,165.58000000000072,2,120.85,swap,notBad
11634,5,165.58000000000072,2,120.85,swap,notBad
11635,5,165.58000000000072,2,120.85,swap,notBad
11636,5,165.58000000000072,2,120.85,swap,notBad
11637,5,165.58000000000072,2,120.85,swap,notBad
11638,5,165.58000000000072,2,120.85,swap,notBad
11639,5,165.58000000000072,2,120.85,move,improve
11640,5,165.58000000000072,2,120.85,swap,notBad
11641,5,165.58000000000072,2,120.85,move,improve
11642,5,165.58000000000072,2,120.85,2opt,notBad
11643,5,165.58000000000072,2,120.85,2opt,notBad
11644,5,165.58000000000072,2,120.85,move,improve
11645,5,165.58000000000072,2,120.85,2opt,notBad
11646,5,165.58000000000072,2,120.85,2opt,notBad
11647,5,165.58000000000072,2,120.85,2opt,notBad
11648,5,165.58000000000072,2,120.85,swap,notBad
11649,5,165.58000000000072,2,120.85,move,improve
11650,5,165.58000000000072,2,120.85,move,improve
11651,5,165.58000000000072,2,120.85,2opt,notBad
11652,5,165.58000000000072,2,120.85,swap,notBad
11653,5,165.58000000000072,2,120.85,swap,notBad
11654,5,165.58000000000072,2,120.85,swap,notBad
11655,5,165.58000000000072,2,120.85,swap,notBad
11656,5,165.58000000000072,2,120.85,2opt,notBad
11657,5,165.58000000000072,2,120.85,2opt,notBad
11658,5,165.58000000000072,2,120.85,swap,notBad
11659,5,165.58000000000072,2,120.85,swap,notBad
11660,5,165.58000000000072,2,120.85,swap,notBad
11661,5,165.58000000000072,2,120.85,swap,notBad
11662,5,165.58000000000072,2,120.85,2opt,notBad
11663,5,165.58000000000072,2,120.85,2opt,notBad
11664,5,165.58000000000072,2,120.85,swap,notBad
11665,5,165.58000000000072,2,120.85,swap,notBad
11666,5,165.58000000000072,2,120.85,swap,notBad
11667,5,165.58000000000072,2,120.85,2opt,notBad
11668,5,165.58000000000072,2,120.85,2opt,notBad
11669,5,165.58000000000072,2,120.85,2opt,notBad
11670,5,165.58000000000072,2,120.85,swap,notBad
11671,5,165.58000000000072,2,120.85,2opt,notBad
11672,5,165.58000000000072,2,120.85,2opt,notBad
11673,5,165.58000000000072,2,120.85,swap,notBad
11674,5,165.58000000000072,2,120.85,move,improve
11675,5,165.58000000000072,2,120.85,2opt,notBad
11676,5,165.58000000000072,2,120.85,move,improve
11677,5,165.58000000000072,2,120.85,2opt,notBad
11678,5,165.58000000000072,2,120.85,move,improve
11679,5,165.58000000000072,2,120.85,move,improve
11680,5,165.58000000000072,2,120.85,swap,notBad
11681,5,165.58000000000072,2,120.85,2opt,notBad
11682,5,165.58000000000072,2,120.85,move,improve
11683,5,165.58000000000072,2,120.85,2opt,notBad
11684,5,165.58000000000072,2,120.85,move,improve
11685,5,165.58000000000072,2,120.85,swap,notBad
11686,5,165.58000000000072,2,120.85,2opt,notBad
11687,5,165.58000000000072,2,120.85,2opt,notBad
11688,5,165.58000000000072,2,120.85,move,improve
11689,5,165.58000000000072,2,120.85,move,improve
11690,5,165.58000000000072,2,120.85,move,improve
11691,5,165.58000000000072,2,120.85,move,improve
11692,5,165.58000000000072,2,120.85,move,improve
11693,5,165.58000000000072,2,120.85,2opt,notBad
11694,5,165.58000000000072,2,120.85,2opt,notBad
11695,5,165.58000000000072,2,120.85,swap,notBad
11696,5,165.58000000000072,2,120.85,move,improve
11697,5,165.58000000000072,2,120.85,move,improve
11698,5,165.58000000000072,2,120.85,move,improve
11699,5,165.58000000000072,2,120.85,2opt,notBad
11700,5,165.58000000000072,2,120.85,move,improve
11701,5,165.58000000000072,2,120.85,swap,notBad
11702,5,165.58000000000072,2,120.85,swap,notBad
11703,5,165.58000000000072,2,120.85,move,improve
11704,5,165.58000000000072,2,120.85,2opt,notBad
11705,5,165.58000000000072,2,120.85,swap,notBad
11706,5,165.58000000000072,2,120.85,swap,notBad
11707,5,165.58000000000072,2,120.85,swap,notBad
11708,5,165.58000000000072,2,120.85,move,improve
11709,5,165.58000000000072,2,120.85,2opt,notBad
11710,5,165.58000000000072,2,120.85,2opt,notBad
11711,5,165.58000000000072,2,120.85,move,improve
11712,5,165.58000000000072,2,120.85,2opt,notBad
11713,5,165.58000000000072,2,120.85,move,improve
11714,5,165.58000000000072,2,120.85,move,improve
11715,5,165.58000000000072,2,120.85,swap,notBad
11716,5,165.58000000000072,2,120.85,2opt,notBad
11717,5,165.58000000000072,2,120.85,swap,notBad
11718,5,165.58000000000072,2,120.85,2opt,notBad
11719,5,165.58000000000072,2,120.85,swap,notBad
11720,5,165.58000000000072,2,120.85,move,improve
11721,5,165.58000000000072,2,120.85,2opt,notBad
11722,5,165.58000000000072,2,120.85,2opt,improve
11723,5,165.58000000000072,2,120.85,swap,notBad
11724,5,165.58000000000072,2,120.85,swap,notBad
11725,5,165.58000000000072,2,120.85,2opt,notBad
11726,5,165.58000000000072,2,120.85,swap,notBad
11727,5,165.58000000000072,2,120.85,2opt,notBad
11728,5,165.58000000000072,2,120.85,move,improve
11729,5,165.58000000000072,2,120.85,2opt,notBad
11730,5,165.58000000000072,2,120.85,move,improve
11731,5,165.58000000000072,2,120.85,move,improve
11732,5,165.58000000000072,2,120.85,2opt,notBad
11733,5,165.58000000000072,2,120.85,swap,notBad
11734,5,165.58000000000072,2,120.85,move,improve
11735,5,165.58000000000072,2,120.85,2opt,notBad
11736,5,165.58000000000072,2,120.85,swap,notBad
11737,5,165.58000000000072,2,120.85,move,improve
11738,5,165.58000000000072,2,120.85,swap,notBad
11739,5,165.58000000000072,2,120.85,move,improve
11740,5,165.58000000000072,2,120.85,move,improve
11741,5,165.58000000000072,2,120.85,2opt,notBad
11742,5,165.58000000000072,2,120.85,swap,notBad
11743,5,165.58000000000072,2,120.85,move,improve
11744,5,165.58000000000072,2,120.85,2opt,notBad
11745,5,165.58000000000072,2,120.85,move,improve
11746,5,165.58000000000072,2,120.85,2opt,notBad
11747,5,165.58000000000072,2,120.85,swap,notBad
11748,5,165.58000000000072,2,120.85,2opt,notBad
11749,5,165.58000000000072,2,120.85,2opt,notBad
11750,5,165.58000000000072,2,120.85,2opt,improve
11751,5,165.58000000000072,2,120.85,move,improve
11752,5,165.58000000000072,2,120.85,swap,notBad
11753,5,165.58000000000072,2,120.85,swap,notBad
11754,5,165.58000000000072,2,120.85,swap,notBad
11755,5,165.58000000000072,2,120.85,2opt,notBad
11756,5,165.58000000000072,2,120.85,swap,notBad
11757,5,165.58000000000072,2,120.85,move,improve
11758,5,165.58000000000072,2,120.85,move,improve
11759,5,165.58000000000072,2,120.85,swap,notBad
11760,5,165.58000000000072,2,120.85,2opt,improve
11761,5,165.58000000000072,2,120.85,2opt,notBad
11762,5,165.58000000000072,2,120.85,move,improve
11763,5,165.58000000000072,2,120.85,swap,notBad
11764,5,165.58000000000072,2,120.85,move,improve
11765,5,165.58000000000072,2,120.85,2opt,notBad
11766,5,165.58000000000072,2,120.85,move,improve
11767,5,165.58000000000072,2,120.85,swap,notBad
11768,5,165.58000000000072,2,120.85,swap,notBad
11769,5,165.58000000000072,2,120.85,move,notBad
11770,5,165.58000000000072,2,120.85,swap,notBad
11771,5,165.58000000000072,2,120.85,2opt,notBad
11772,5,165.58000000000072,2,120.85,swap,notBad
11773,5,165.58000000000072,2,120.85,move,improve
11774,5,165.58000000000072,2,120.85,move,improve
11775,5,165.58000000000072,2,120.85,2opt,notBad
11776,5,165.58000000000072,2,120.85,2opt,notBad
11777,5,165.58000000000072,2,120.85,swap,notBad
11778,5,165.58000000000072,2,120.85,swap,notBad
11779,5,165.58000000000072,2,120.85,move,improve
11780,5,165.58000000000072,2,120.85,move,improve
11781,5,165.58000000000072,2,120.85,swap,notBad
11782,5,165.58000000000072,2,120.85,2opt,notBad
11783,5,165.58000000000072,2,120.85,2opt,notBad
11784,5,165.58000000000072,2,120.85,move,improve
11785,5,165.58000000000072,2,120.85,move,improve
11786,5,165.58000000000072,2,120.85,move,improve
11787,5,165.58000000000072,2,120.85,swap,notBad
11788,5,165.58000000000072,2,120.85,2opt,notBad
11789,5,165.58000000000072,2,120.85,move,improve
11790,5,165.58000000000072,2,120.85,swap,notBad
11791,5,165.58000000000072,2,120.85,2opt,notBad
11792,5,165.58000000000072,2,120.85,2opt,notBad
11793,5,165.58000000000072,2,120.85,2opt,notBad
11794,5,165.58000000000072,2,120.85,move,improve
11795,5,165.58000000000072,2,120.85,2opt,notBad
11796,5,165.58000000000072,2,120.85,2opt,notBad
11797,5,165.58000000000072,2,120.85,swap,notBad
11798,5,165.58000000000072,2,120.85,swap,notBad
11799,5,165.58000000000072,2,120.85,move,improve
11800,5,165.58000000000072,2,120.85,move,improve
11801,5,165.58000000000072,2,120.85,2opt,notBad
11802,5,165.58000000000072,2,120.85,2opt,notBad
11803,5,165.58000000000072,2,120.85,swap,notBad
11804,5,165.58000000000072,2,120.85,swap,notBad
11805,5,165.58000000000072,2,120.85,2opt,notBad
11806,5,165.58000000000072,2,120.85,2opt,improve
11807,5,165.58000000000072,2,120.85,move,improve
11808,5,165.58000000000072,2,120.85,2opt,notBad
11809,5,165.58000000000072,2,120.85,move,improve
11810,5,165.58000000000072,2,120.85,swap,notBad
11811,5,165.58000000000072,2,120.85,2opt,notBad
11812,5,165.58000000000072,2,120.85,swap,notBad
11813,5,165.58000000000072,2,120.85,2opt,notBad
11814,5,165.58000000000072,2,120.85,2opt,notBad
11815,5,165.58000000000072,2,120.85,2opt,notBad
11816,5,165.58000000000072,2,120.85,2opt,notBad
11817,5,165.58000000000072,2,120.85,move,improve
11818,5,165.58000000000072,2,120.85,2opt,notBad
11819,5,165.58000000000072,2,120.85,move,improve
11820,5,165.58000000000072,2,120.85,2opt,improve
11821,5,165.58000000000072,2,120.85,swap,notBad
11822,5,165.58000000000072,2,120.85,2opt,notBad
11823,5,165.58000000000072,2,120.85,move,improve
11824,5,165.58000000000072,2,120.85,swap,notBad
11825,5,165.58000000000072,2,120.85,swap,notBad
11826,5,165.58000000000072,2,120.85,2opt,notBad
11827,5,165.58000000000072,2,120.85,2opt,notBad
11828,5,165.58000000000072,2,120.85,swap,notBad
11829,5,165.58000000000072,2,120.85,swap,notBad
11830,5,165.58000000000072,2,120.85,move,improve
11831,5,165.58000000000072,2,120.85,2opt,notBad
11832,5,165.58000000000072,2,120.85,swap,notBad
11833,5,165.58000000000072,2,120.85,2opt,notBad
11834,5,165.58000000000072,2,120.85,2opt,notBad
11835,5,165.58000000000072,2,120.85,swap,notBad
11836,5,165.58000000000072,2,120.85,2opt,notBad
11837,5,165.58000000000072,2,120.85,move,improve
11838,5,165.58000000000072,2,120.85,2opt,notBad
11839,5,165.58000000000072,2,120.85,swap,notBad
11840,5,165.58000000000072,2,120.85,move,improve
11841,5,165.58000000000072,2,120.85,move,improve
11842,5,165.58000000000072,2,120.85,swap,notBad
11843,5,165.58000000000072,2,120.85,swap,notBad
11844,5,165.58000000000072,2,120.85,swap,notBad
11845,5,165.58000000000072,2,120.85,2opt,notBad
11846,5,165.58000000000072,2,120.85,swap,notBad
11847,5,165.58000000000072,2,120.85,swap,notBad
11848,5,165.58000000000072,2,120.85,2opt,notBad
11849,5,165.58000000000072,2,120.85,2opt,notBad
11850,5,165.58000000000072,2,120.85,move,improve
11851,5,165.58000000000072,2,120.85,move,improve
11852,5,165.58000000000072,2,120.85,2opt,notBad
11853,5,165.58000000000072,2,120.85,2opt,notBad
11854,5,165.58000000000072,2,120.85,move,improve
11855,5,165.58000000000072,2,120.85,move,improve
11856,5,165.58000000000072,2,120.85,2opt,notBad
11857,5,165.58000000000072,2,120.85,move,improve
11858,5,165.58000000000072,2,120.85,2opt,notBad
11859,5,165.58000000000072,2,120.85,2opt,notBad
11860,5,165.58000000000072,2,120.85,move,improve
11861,5,165.58000000000072,2,120.85,2opt,notBad
11862,5,165.58000000000072,2,120.85,2opt,notBad
11863,5,165.58000000000072,2,120.85,2opt,notBad
11864,5,165.58000000000072,2,120.85,swap,notBad
11865,5,165.58000000000072,2,120.85,move,improve
11866,5,165.58000000000072,2,120.85,move,improve
11867,5,165.58000000000072,2,120.85,move,improve
11868,5,165.58000000000072,2,120.85,move,improve
11869,5,165.58000000000072,2,120.85,2opt,notBad
11870,5,165.58000000000072,2,120.85,swap,notBad
11871,5,165.58000000000072,2,120.85,2opt,notBad
11872,5,165.58000000000072,2,120.85,swap,notBad
11873,5,165.58000000000072,2,120.85,2opt,notBad
11874,5,165.58000000000072,2,120.85,swap,notBad
11875,5,165.58000000000072,2,120.85,move,improve
11876,5,165.58000000000072,2,120.85,swap,notBad
11877,5,165.58000000000072,2,120.85,move,notBad
11878,5,165.58000000000072,2,120.85,swap,notBad
11879,5,165.58000000000072,2,120.85,move,improve
11880,5,165.58000000000072,2,120.85,move,improve
11881,5,165.58000000000072,2,120.85,swap,notBad
11882,5,165.58000000000072,2,120.85,move,improve
11883,5,165.58000000000072,2,120.85,2opt,notBad
11884,5,165.58000000000072,2,120.85,2opt,notBad
11885,5,165.58000000000072,2,120.85,swap,notBad
11886,5,165.58000000000072,2,120.85,move,improve
11887,5,165.58000000000072,2,120.85,2opt,notBad
11888,5,165.58000000000072,2,120.85,swap,notBad
11889,5,165.58000000000072,2,120.85,move,improve
11890,5,165.58000000000072,2,120.85,swap,notBad
11891,5,165.58000000000072,2,120.85,swap,notBad
11892,5,165.58000000000072,2,120.85,swap,notBad
11893,5,165.58000000000072,2,120.85,move,improve
11894,5,165.58000000000072,2,120.85,swap,notBad
11895,5,165.58000000000072,2,120.85,swap,notBad
11896,5,165.58000000000072,2,120.85,2opt,notBad
11897,5,165.58000000000072,2,120.85,swap,notBad
11898,5,165.58000000000072,2,120.85,move,improve
11899,5,165.58000000000072,2,120.85,move,improve
11900,5,165.58000000000072,2,120.85,2opt,notBad
11901,5,165.58000000000072,2,120.85,move,improve
11902,5,165.58000000000072,2,120.85,2opt,notBad
11903,5,165.58000000000072,2,120.85,2opt,notBad
11904,5,165.58000000000072,2,120.85,2opt,notBad
11905,5,165.58000000000072,2,120.85,swap,notBad
11906,5,165.58000000000072,2,120.85,move,improve
11907,5,165.58000000000072,2,120.85,move,improve
11908,5,165.58000000000072,2,120.85,swap,notBad
11909,5,165.58000000000072,2,120.85,move,improve
11910,5,165.58000000000072,2,120.85,2opt,notBad
11911,5,165.58000000000072,2,120.85,2opt,notBad
11912,5,165.58000000000072,2,120.85,move,improve
11913,5,165.58000000000072,2,120.85,move,improve
11914,5,165.58000000000072,2,120.85,swap,notBad
11915,5,165.58000000000072,2,120.85,2opt,notBad
11916,5,165.58000000000072,2,120.85,swap,notBad
11917,5,165.58000000000072,2,120.85,move,improve
11918,5,165.58000000000072,2,120.85,move,improve
11919,5,165.58000000000072,2,120.85,swap,notBad
11920,5,165.58000000000072,2,120.85,2opt,notBad
11921,5,165.58000000000072,2,120.85,move,improve
11922,5,165.58000000000072,2,120.85,move,notBad
11923,5,165.58000000000072,2,120.85,move,improve
11924,5,165.58000000000072,2,120.85,swap,notBad
11925,5,165.58000000000072,2,120.85,move,improve
11926,5,165.58000000000072,2,120.85,swap,notBad
11927,5,165.58000000000072,2,120.85,swap,notBad
11928,5,165.58000000000072,2,120.85,swap,notBad
11929,5,165.58000000000072,2,120.85,move,improve
11930,5,165.58000000000072,2,120.85,swap,notBad
11931,5,165.58000000000072,2,120.85,2opt,notBad
11932,5,165.58000000000072,2,120.85,2opt,improve
11933,5,165.58000000000072,2,120.85,2opt,notBad
11934,5,165.58000000000072,2,120.85,2opt,notBad
11935,5,165.58000000000072,2,120.85,2opt,notBad
11936,5,165.58000000000072,2,120.85,2opt,notBad
11937,5,165.58000000000072,2,120.85,2opt,notBad
11938,5,165.58000000000072,2,120.85,move,improve
11939,5,165.58000000000072,2,120.85,swap,notBad
11940,5,165.58000000000072,2,120.85,swap,notBad
11941,5,165.58000000000072,2,120.85,move,improve
11942,5,165.58000000000072,2,120.85,swap,notBad
11943,5,165.58000000000072,2,120.85,swap,notBad
11944,5,165.58000000000072,2,120.85,swap,notBad
11945,5,165.58000000000072,2,120.85,swap,notBad
11946,5,165.58000000000072,2,120.85,move,improve
11947,5,165.58000000000072,2,120.85,swap,notBad
11948,5,165.58000000000072,2,120.85,swap,notBad
11949,5,165.58000000000072,2,120.85,2opt,improve
11950,5,165.58000000000072,2,120.85,2opt,notBad
11951,5,165.58000000000072,2,120.85,move,improve
11952,5,165.58000000000072,2,120.85,move,improve
11953,5,165.58000000000072,2,120.85,swap,notBad
11954,5,165.58000000000072,2,120.85,2opt,notBad
11955,5,165.58000000000072,2,120.85,move,improve
11956,5,165.58000000000072,2,120.85,2opt,notBad
11957,5,165.58000000000072,2,120.85,swap,notBad
11958,5,165.58000000000072,2,120.85,move,improve
11959,5,165.58000000000072,2,120.85,swap,notBad
11960,5,165.58000000000072,2,120.85,2opt,notBad
11961,5,165.58000000000072,2,120.85,move,improve
11962,5,165.58000000000072,2,120.85,swap,notBad
11963,5,165.58000000000072,2,120.85,2opt,notBad
11964,5,165.58000000000072,2,120.85,swap,notBad
11965,5,165.58000000000072,2,120.85,swap,notBad
11966,5,165.58000000000072,2,120.85,2opt,notBad
11967,5,165.58000000000072,2,120.85,move,improve
11968,5,165.58000000000072,2,120.85,swap,notBad
11969,5,165.58000000000072,2,120.85,move,improve
11970,5,165.58000000000072,2,120.85,2opt,improve
11971,5,165.58000000000072,2,120.85,2opt,improve
11972,5,165.58000000000072,2,120.85,2opt,improve
11973,5,165.58000000000072,2,120.85,2opt,notBad
11974,5,165.58000000000072,2,120.85,swap,notBad
11975,5,165.58000000000072,2,120.85,move,improve
11976,5,165.58000000000072,2,120.85,2opt,notBad
11977,5,165.58000000000072,2,120.85,swap,notBad
11978,5,165.58000000000072,2,120.85,move,improve
11979,5,165.58000000000072,2,120.85,swap,notBad
11980,5,165.58000000000072,2,120.85,move,improve
11981,5,165.58000000000072,2,120.85,swap,notBad
11982,5,165.58000000000072,2,120.85,move,improve
11983,5,165.58000000000072,2,120.85,move,improve
11984,5,165.58000000000072,2,120.85,move,improve
11985,5,165.58000000000072,2,120.85,2opt,notBad
11986,5,165.58000000000072,2,120.85,swap,notBad
11987,5,165.58000000000072,2,120.85,move,improve
11988,5,165.58000000000072,2,120.85,swap,notBad
11989,5,165.58000000000072,2,120.85,2opt,notBad
11990,5,165.58000000000072,2,120.85,move,improve
11991,5,165.58000000000072,2,120.85,swap,notBad
11992,5,165.58000000000072,2,120.85,move,improve
11993,5,165.58000000000072,2,120.85,swap,notBad
11994,5,165.58000000000072,2,120.85,2opt,notBad
11995,5,165.58000000000072,2,120.85,2opt,improve
11996,5,165.58000000000072,2,120.85,swap,notBad
11997,5,165.58000000000072,2,120.85,move,improve
11998,5,165.58000000000072,2,120.85,2opt,notBad
11999,5,165.58000000000072,2,120.85,2opt,notBad
12000,5,165.58000000000072,2,120.85,swap,notBad
12001,5,165.58000000000072,2,120.85,swap,notBad
12002,5,165.58000000000072,2,120.85,swap,notBad
12003,5,165.58000000000072,2,120.85,move,improve
12004,5,165.58000000000072,2,120.85,move,improve
12005,5,165.58000000000072,2,120.85,2opt,notBad
12006,5,165.58000000000072,2,120.85,move,improve
12007,5,165.58000000000072,2,120.85,2opt,notBad
12008,5,165.58000000000072,2,120.85,swap,notBad
12009,5,165.58000000000072,2,120.85,swap,notBad
12010,5,165.58000000000072,2,120.85,move,improve
12011,5,165.58000000000072,2,120.85,move,notBad
12012,5,165.58000000000072,2,120.85,swap,notBad
12013,5,165.58000000000072,2,120.85,swap,notBad
12014,5,165.58000000000072,2,120.85,2opt,notBad
12015,5,165.58000000000072,2,120.85,move,improve
12016,5,165.58000000000072,2,120.85,swap,notBad
12017,5,165.58000000000072,2,120.85,2opt,notBad
12018,5,165.58000000000072,2,120.85,swap,notBad
12019,5,165.58000000000072,2,120.85,swap,notBad
12020,5,165.58000000000072,2,120.85,move,improve
12021,5,165.58000000000072,2,120.85,2opt,notBad
12022,5,165.58000000000072,2,120.85,swap,notBad
12023,5,165.58000000000072,2,120.85,move,improve
12024,5,165.58000000000072,2,120.85,move,improve
12025,5,165.58000000000072,2,120.85,2opt,notBad
12026,5,166.09999999999962,2,120.85,swap,acceptBad
12027,5,166.09999999999962,2,120.85,swap,notBad
12028,5,166.09999999999962,2,120.85,2opt,notBad
12029,5,166.09999999999962,2,120.85,swap,notBad
12030,5,166.09999999999962,2,120.85,2opt,notBad
12031,5,166.09999999999962,2,120.85,move,improve
12032,5,166.0899999999992,2,120.85,move,improve
12033,5,166.0899999999992,2,120.85,swap,notBad
12034,5,166.0899999999992,2,120.85,swap,notBad
12035,5,166.0899999999992,2,120.85,2opt,notBad
12036,5,166.0899999999992,2,120.85,2opt,notBad
12037,5,166.0899999999992,2,120.85,swap,notBad
12038,5,166.0899999999992,2,120.85,swap,notBad
12039,5,166.0899999999992,2,120.85,move,improve
12040,5,166.0899999999992,2,120.85,2opt,notBad
12041,5,166.0899999999992,2,120.85,swap,notBad
12042,5,166.0899999999992,2,120.85,swap,notBad
12043,5,166.0899999999992,2,120.85,2opt,notBad
12044,5,166.0899999999992,2,120.85,2opt,notBad
12045,5,166.0899999999992,2,120.85,move,improve
12046,5,166.0899999999992,2,120.85,2opt,notBad
12047,5,166.0899999999992,2,120.85,swap,notBad
12048,5,166.0899999999992,2,120.85,2opt,improve
12049,5,166.0899999999992,2,120.85,move,improve
12050,5,166.0899999999992,2,120.85,swap,notBad
12051,5,166.0899999999992,2,120.85,move,improve
12052,5,166.0899999999992,2,120.85,move,improve
12053,5,166.0899999999992,2,120.85,swap,notBad
12054,5,166.0899999999992,2,120.85,2opt,notBad
12055,5,166.0899999999992,2,120.85,move,improve
12056,5,166.0899999999992,2,120.85,move,improve
12057,5,166.0899999999992,2,120.85,move,improve
12058,5,166.0899999999992,2,120.85,2opt,notBad
12059,5,166.0899999999992,2,120.85,move,improve
12060,5,166.0899999999992,2,120.85,2opt,notBad
12061,5,166.0899999999992,2,120.85,swap,notBad
12062,5,166.0899999999992,2,120.85,2opt,improve
12063,5,166.0899999999992,2,120.85,move,improve
12064,5,166.0899999999992,2,120.85,move,improve
12065,5,166.0899999999992,2,120.85,2opt,notBad
12066,5,166.0899999999992,2,120.85,2opt,notBad
12067,5,166.0899999999992,2,120.85,swap,notBad
12068,5,166.0899999999992,2,120.85,swap,notBad
12069,5,166.0899999999992,2,120.85,swap,notBad
12070,5,166.0899999999992,2,120.85,move,improve
12071,5,165.75000000000037,2,120.85,move,improve
12072,5,165.75000000000037,2,120.85,move,improve
12073,5,165.75000000000037,2,120.85,2opt,notBad
12074,5,165.75000000000037,2,120.85,move,improve
12075,5,165.75000000000037,2,120.85,swap,notBad
12076,5,165.75000000000037,2,120.85,move,improve
12077,5,165.75000000000037,2,120.85,swap,notBad
12078,5,165.75000000000037,2,120.85,move,improve
12079,5,165.75000000000037,2,120.85,2opt,notBad
12080,5,165.75000000000037,2,120.85,swap,notBad
12081,5,165.75000000000037,2,120.85,swap,notBad
12082,5,165.75000000000037,2,120.85,move,improve
12083,5,165.75000000000037,2,120.85,swap,notBad
12084,5,165.75000000000037,2,120.85,move,improve
12085,5,165.75000000000037,2,120.85,2opt,notBad
12086,5,165.75000000000037,2,120.85,2opt,notBad
12087,5,165.75000000000037,2,120.85,swap,notBad
12088,5,165.75000000000037,2,120.85,move,improve
12089,5,165.75000000000037,2,120.85,move,improve
12090,5,165.75000000000037,2,120.85,swap,notBad
12091,5,165.75000000000037,2,120.85,2opt,notBad
12092,5,165.75000000000037,2,120.85,swap,notBad
12093,5,165.75000000000037,2,120.85,move,improve
12094,5,165.75000000000037,2,120.85,move,improve
12095,5,165.75000000000037,2,120.85,swap,notBad
12096,5,165.75000000000037,2,120.85,swap,notBad
12097,5,165.75000000000037,2,120.85,2opt,improve
12098,5,165.75000000000037,2,120.85,swap,notBad
12099,5,165.75000000000037,2,120.85,move,improve
12100,5,165.75000000000037,2,120.85,2opt,notBad
12101,5,165.75000000000037,2,120.85,2opt,notBad
12102,5,165.75000000000037,2,120.85,move,improve
12103,5,165.75000000000037,2,120.85,swap,notBad
12104,5,165.75000000000037,2,120.85,move,improve
12105,5,165.75000000000037,2,120.85,2opt,notBad
12106,5,165.75000000000037,2,120.85,move,improve
12107,5,165.75000000000037,2,120.85,2opt,notBad
12108,5,165.75000000000037,2,120.85,move,improve
12109,5,165.75000000000037,2,120.85,2opt,notBad
12110,5,165.75000000000037,2,120.85,2opt,improve
12111,5,165.75000000000037,2,120.85,swap,notBad
12112,5,165.75000000000037,2,120.85,2opt,notBad
12113,5,165.75000000000037,2,120.85,swap,notBad
12114,5,165.75000000000037,2,120.85,swap,notBad
12115,5,165.75000000000037,2,120.85,move,improve
12116,5,165.75000000000037,2,120.85,move,improve
12117,5,165.75000000000037,2,120.85,swap,notBad
12118,5,165.75000000000037,2,120.85,2opt,improve
12119,5,165.75000000000037,2,120.85,2opt,notBad
12120,5,165.75000000000037,2,120.85,swap,notBad
12121,5,165.75000000000037,2,120.85,move,improve
12122,5,165.75000000000037,2,120.85,swap,notBad
12123,5,165.75000000000037,2,120.85,swap,notBad
12124,5,165.75000000000037,2,120.85,move,improve
12125,5,165.75000000000037,2,120.85,2opt,notBad
12126,5,165.75000000000037,2,120.85,swap,notBad
12127,5,165.75000000000037,2,120.85,move,improve
12128,5,165.75000000000037,2,120.85,2opt,notBad
12129,5,165.75000000000037,2,120.85,move,improve
12130,5,165.75000000000037,2,120.85,swap,notBad
12131,5,165.75000000000037,2,120.85,swap,notBad
12132,5,165.75000000000037,2,120.85,move,improve
12133,5,165.75000000000037,2,120.85,move,improve
12134,5,165.75000000000037,2,120.85,2opt,notBad
12135,5,165.75000000000037,2,120.85,2opt,notBad
12136,5,165.75000000000037,2,120.85,move,improve
12137,5,165.75000000000037,2,120.85,2opt,notBad
12138,5,165.75000000000037,2,120.85,2opt,notBad
12139,5,165.75000000000037,2,120.85,swap,notBad
12140,5,165.75000000000037,2,120.85,2opt,notBad
12141,5,165.75000000000037,2,120.85,swap,notBad
12142,5,165.75000000000037,2,120.85,move,improve
12143,5,165.75000000000037,2,120.85,move,improve
12144,5,165.75000000000037,2,120.85,swap,notBad
12145,5,165.75000000000037,2,120.85,move,improve
12146,5,165.75000000000037,2,120.85,2opt,notBad
12147,5,165.75000000000037,2,120.85,2opt,notBad
12148,5,165.75000000000037,2,120.85,2opt,notBad
12149,5,165.75000000000037,2,120.85,swap,notBad
12150,5,165.75000000000037,2,120.85,2opt,notBad
12151,5,165.75000000000037,2,120.85,move,improve
12152,5,165.75000000000037,2,120.85,swap,notBad
12153,5,165.75000000000037,2,120.85,swap,notBad
12154,5,165.75000000000037,2,120.85,move,improve
12155,5,165.75000000000037,2,120.85,move,improve
12156,5,165.75000000000037,2,120.85,2opt,notBad
12157,5,165.75000000000037,2,120.85,swap,notBad
12158,5,165.75000000000037,2,120.85,2opt,notBad
12159,5,165.75000000000037,2,120.85,2opt,notBad
12160,5,165.75000000000037,2,120.85,swap,notBad
12161,5,165.75000000000037,2,120.85,2opt,improve
12162,5,165.75000000000037,2,120.85,2opt,notBad
12163,5,165.75000000000037,2,120.85,2opt,notBad
12164,5,165.75000000000037,2,120.85,swap,notBad
12165,5,165.75000000000037,2,120.85,swap,notBad
12166,5,165.75000000000037,2,120.85,2opt,notBad
12167,5,165.75000000000037,2,120.85,move,improve
12168,5,165.75000000000037,2,120.85,move,improve
12169,5,165.58000000000072,2,120.85,move,improve
12170,5,165.58000000000072,2,120.85,2opt,improve
12171,5,165.58000000000072,2,120.85,2opt,notBad
12172,5,165.58000000000072,2,120.85,2opt,notBad
12173,5,165.58000000000072,2,120.85,2opt,notBad
12174,5,165.58000000000072,2,120.85,2opt,improve
12175,5,165.58000000000072,2,120.85,2opt,improve
12176,5,165.58000000000072,2,120.85,swap,notBad
12177,5,165.58000000000072,2,120.85,2opt,notBad
12178,5,165.58000000000072,2,120.85,swap,notBad
12179,5,165.58000000000072,2,120.85,swap,notBad
12180,5,165.58000000000072,2,120.85,move,improve
12181,5,165.58000000000072,2,120.85,2opt,notBad
12182,5,165.58000000000072,2,120.85,2opt,notBad
12183,5,165.58000000000072,2,120.85,move,improve
12184,5,165.58000000000072,2,120.85,2opt,notBad
12185,5,165.58000000000072,2,120.85,move,improve
12186,5,165.58000000000072,2,120.85,swap,notBad
12187,5,165.58000000000072,2,120.85,swap,notBad
12188,5,165.58000000000072,2,120.85,swap,notBad
12189,5,165.58000000000072,2,120.85,2opt,notBad
12190,5,165.58000000000072,2,120.85,swap,notBad
12191,5,165.58000000000072,2,120.85,move,improve
12192,5,165.58000000000072,2,120.85,2opt,notBad
12193,5,165.58000000000072,2,120.85,swap,notBad
12194,5,166.3400000000007,2,120.85,swap,acceptBad
12195,5,166.3400000000007,2,120.85,2opt,notBad
12196,5,166.3400000000007,2,120.85,2opt,notBad
12197,5,166.3400000000007,2,120.85,move,improve
12198,5,166.3400000000007,2,120.85,move,improve
12199,5,166.3400000000007,2,120.85,move,improve
12200,5,166.3400000000007,2,120.85,move,improve
12201,5,166.3400000000007,2,120.85,2opt,notBad
12202,5,165.58000000000072,2,120.85,move,improve
12203,5,165.58000000000072,2,120.85,move,improve
12204,5,165.58000000000072,2,120.85,move,improve
12205,5,165.58000000000072,2,120.85,move,improve
12206,5,165.58000000000072,2,120.85,swap,notBad
12207,5,165.58000000000072,2,120.85,2opt,notBad
12208,5,165.58000000000072,2,120.85,swap,notBad
12209,5,165.58000000000072,2,120.85,2opt,notBad
12210,5,165.58000000000072,2,120.85,move,improve
12211,5,165.58000000000072,2,120.85,move,improve
12212,5,165.58000000000072,2,120.85,2opt,improve
12213,5,165.58000000000072,2,120.85,swap,notBad
12214,5,165.58000000000072,2,120.85,move,improve
12215,5,165.58000000000072,2,120.85,swap,notBad
12216,5,165.58000000000072,2,120.85,move,improve
12217,5,165.58000000000072,2,120.85,swap,notBad
12218,5,165.58000000000072,2,120.85,move,improve
12219,5,165.58000000000072,2,120.85,swap,notBad
12220,5,165.58000000000072,2,120.85,2opt,notBad
12221,5,165.58000000000072,2,120.85,swap,notBad
12222,5,165.58000000000072,2,120.85,move,improve
12223,5,165.58000000000072,2,120.85,2opt,notBad
12224,5,165.58000000000072,2,120.85,swap,notBad
12225,5,165.58000000000072,2,120.85,swap,notBad
12226,5,165.58000000000072,2,120.85,move,improve
12227,5,165.58000000000072,2,120.85,2opt,notBad
12228,5,165.58000000000072,2,120.85,2opt,notBad
12229,5,165.58000000000072,2,120.85,swap,notBad
12230,5,165.58000000000072,2,120.85,2opt,notBad
12231,5,165.58000000000072,2,120.85,2opt,notBad
12232,5,165.58000000000072,2,120.85,move,improve
12233,5,165.58000000000072,2,120.85,move,improve
12234,5,165.58000000000072,2,120.85,swap,notBad
12235,5,165.58000000000072,2,120.85,2opt,notBad
12236,5,165.58000000000072,2,120.85,move,improve
12237,5,165.58000000000072,2,120.85,swap,notBad
12238,5,165.58000000000072,2,120.85,swap,notBad
12239,5,165.58000000000072,2,120.85,2opt,notBad
12240,5,165.58000000000072,2,120.85,2opt,notBad
12241,5,165.58000000000072,2,120.85,move,improve
12242,5,165.58000000000072,2,120.85,swap,notBad
12243,5,165.58000000000072,2,120.85,move,improve
12244,5,165.58000000000072,2,120.85,2opt,notBad
12245,5,165.58000000000072,2,120.85,2opt,notBad
12246,5,165.58000000000072,2,120.85,swap,notBad
12247,5,165.58000000000072,2,120.85,move,improve
12248,5,165.58000000000072,2,120.85,2opt,notBad
12249,5,165.58000000000072,2,120.85,2opt,notBad
12250,5,165.58000000000072,2,120.85,move,improve
12251,5,165.58000000000072,2,120.85,move,improve
12252,5,165.58000000000072,2,120.85,move,improve
12253,5,165.58000000000072,2,120.85,move,improve
12254,5,165.58000000000072,2,120.85,2opt,notBad
12255,5,165.58000000000072,2,120.85,swap,notBad
12256,5,165.58000000000072,2,120.85,2opt,notBad
12257,5,165.58000000000072,2,120.85,move,improve
12258,5,165.58000000000072,2,120.85,move,improve
12259,5,165.58000000000072,2,120.85,2opt,notBad
12260,5,165.58000000000072,2,120.85,swap,notBad
12261,5,165.58000000000072,2,120.85,2opt,notBad
12262,5,165.58000000000072,2,120.85,2opt,notBad
12263,5,165.58000000000072,2,120.85,swap,notBad
12264,5,165.58000000000072,2,120.85,2opt,notBad
12265,5,165.58000000000072,2,120.85,move,improve
12266,5,165.58000000000072,2,120.85,move,improve
12267,5,165.58000000000072,2,120.85,swap,notBad
12268,5,165.58000000000072,2,120.85,move,improve
12269,5,165.58000000000072,2,120.85,2opt,notBad
12270,5,165.58000000000072,2,120.85,move,improve
12271,5,165.58000000000072,2,120.85,swap,notBad
12272,5,165.58000000000072,2,120.85,swap,notBad
12273,5,165.58000000000072,2,120.85,move,improve
12274,5,165.58000000000072,2,120.85,swap,notBad
12275,5,165.58000000000072,2,120.85,move,improve
12276,5,165.58000000000072,2,120.85,swap,notBad
12277,5,165.58000000000072,2,120.85,swap,notBad
12278,5,165.58000000000072,2,120.85,2opt,notBad
12279,5,165.58000000000072,2,120.85,swap,notBad
12280,5,165.58000000000072,2,120.85,move,improve
12281,5,165.58000000000072,2,120.85,2opt,notBad
12282,5,165.58000000000072,2,120.85,swap,notBad
12283,5,165.58000000000072,2,120.85,swap,notBad
12284,5,165.58000000000072,2,120.85,move,improve
12285,5,165.58000000000072,2,120.85,move,improve
12286,5,165.58000000000072,2,120.85,move,improve
12287,5,165.58000000000072,2,120.85,2opt,notBad
12288,5,165.58000000000072,2,120.85,swap,notBad
12289,5,165.58000000000072,2,120.85,2opt,improve
12290,5,165.58000000000072,2,120.85,swap,notBad
12291,5,165.58000000000072,2,120.85,2opt,notBad
12292,5,165.58000000000072,2,120.85,2opt,notBad
12293,5,165.58000000000072,2,120.85,2opt,notBad
12294,5,165.58000000000072,2,120.85,swap,notBad
12295,5,165.58000000000072,2,120.85,2opt,notBad
12296,5,165.58000000000072,2,120.85,2opt,notBad
12297,5,165.58000000000072,2,120.85,move,improve
12298,5,165.58000000000072,2,120.85,2opt,notBad
12299,5,165.58000000000072,2,120.85,2opt,notBad
12300,5,165.58000000000072,2,120.85,swap,notBad
12301,5,165.58000000000072,2,120.85,2opt,improve
12302,5,165.58000000000072,2,120.85,2opt,notBad
12303,5,165.58000000000072,2,120.85,swap,notBad
12304,5,165.58000000000072,2,120.85,swap,notBad
12305,5,165.58000000000072,2,120.85,move,improve
12306,5,165.58000000000072,2,120.85,move,improve
12307,5,165.58000000000072,2,120.85,2opt,notBad
12308,5,165.58000000000072,2,120.85,move,improve
12309,5,165.58000000000072,2,120.85,2opt,improve
12310,5,165.58000000000072,2,120.85,2opt,notBad
12311,5,165.58000000000072,2,120.85,move,improve
12312,5,165.58000000000072,2,120.85,move,improve
12313,5,165.58000000000072,2,120.85,2opt,notBad
12314,5,165.58000000000072,2,120.85,2opt,improve
12315,5,165.58000000000072,2,120.85,2opt,notBad
12316,5,165.58000000000072,2,120.85,move,improve
12317,5,165.58000000000072,2,120.85,swap,notBad
12318,5,165.58000000000072,2,120.85,swap,notBad
12319,5,165.58000000000072,2,120.85,move,improve
12320,5,165.58000000000072,2,120.85,2opt,notBad
12321,5,165.58000000000072,2,120.85,2opt,notBad
12322,5,165.58000000000072,2,120.85,2opt,notBad
12323,5,165.58000000000072,2,120.85,2opt,notBad
12324,5,165.58000000000072,2,120.85,move,improve
12325,5,165.58000000000072,2,120.85,swap,notBad
12326,5,165.58000000000072,2,120.85,2opt,notBad
12327,5,165.58000000000072,2,120.85,swap,notBad
12328,5,165.58000000000072,2,120.85,swap,notBad
12329,5,165.58000000000072,2,120.85,swap,notBad
12330,5,165.58000000000072,2,120.85,2opt,notBad
12331,5,165.58000000000072,2,120.85,swap,notBad
12332,5,165.58000000000072,2,120.85,move,improve
12333,5,165.58000000000072,2,120.85,swap,notBad
12334,5,165.58000000000072,2,120.85,2opt,notBad
12335,5,165.58000000000072,2,120.85,swap,notBad
12336,5,165.58000000000072,2,120.85,2opt,notBad
12337,5,165.58000000000072,2,120.85,swap,notBad
12338,5,165.58000000000072,2,120.85,2opt,notBad
12339,5,165.58000000000072,2,120.85,move,improve
12340,5,165.58000000000072,2,120.85,move,improve
12341,5,165.58000000000072,2,120.85,move,improve
12342,5,165.58000000000072,2,120.85,move,improve
12343,5,165.58000000000072,2,120.85,2opt,notBad
12344,5,165.58000000000072,2,120.85,swap,notBad
12345,5,165.58000000000072,2,120.85,2opt,notBad
12346,5,165.58000000000072,2,120.85,swap,notBad
12347,5,165.58000000000072,2,120.85,swap,notBad
12348,5,165.58000000000072,2,120.85,move,improve
12349,5,165.58000000000072,2,120.85,move,improve
12350,5,165.58000000000072,2,120.85,move,improve
12351,5,165.58000000000072,2,120.85,2opt,improve
12352,5,165.58000000000072,2,120.85,2opt,notBad
12353,5,165.58000000000072,2,120.85,2opt,notBad
12354,5,165.58000000000072,2,120.85,2opt,notBad
12355,5,165.58000000000072,2,120.85,2opt,notBad
12356,5,165.58000000000072,2,120.85,swap,notBad
12357,5,165.58000000000072,2,120.85,swap,notBad
12358,5,165.58000000000072,2,120.85,move,improve
12359,5,165.58000000000072,2,120.85,move,improve
12360,5,165.58000000000072,2,120.85,swap,notBad
12361,5,165.58000000000072,2,120.85,move,improve
12362,5,165.58000000000072,2,120.85,move,improve
12363,5,165.58000000000072,2,120.85,swap,notBad
12364,5,165.58000000000072,2,120.85,swap,notBad
12365,5,165.58000000000072,2,120.85,swap,notBad
12366,5,165.58000000000072,2,120.85,2opt,notBad
12367,5,165.58000000000072,2,120.85,2opt,notBad
12368,5,165.58000000000072,2,120.85,swap,notBad
12369,5,165.58000000000072,2,120.85,move,improve
12370,5,165.58000000000072,2,120.85,2opt,notBad
12371,5,165.58000000000072,2,120.85,move,improve
12372,5,165.58000000000072,2,120.85,2opt,notBad
12373,5,165.58000000000072,2,120.85,2opt,notBad
12374,5,165.58000000000072,2,120.85,swap,notBad
12375,5,165.58000000000072,2,120.85,2opt,notBad
12376,5,165.58000000000072,2,120.85,move,improve
12377,5,165.58000000000072,2,120.85,move,improve
12378,5,165.58000000000072,2,120.85,move,improve
12379,5,165.58000000000072,2,120.85,move,improve
12380,5,165.58000000000072,2,120.85,2opt,notBad
12381,5,165.58000000000072,2,120.85,swap,notBad
12382,5,165.58000000000072,2,120.85,move,improve
12383,5,165.58000000000072,2,120.85,2opt,improve
12384,5,165.58000000000072,2,120.85,swap,notBad
12385,5,165.58000000000072,2,120.85,swap,notBad
12386,5,165.58000000000072,2,120.85,swap,notBad
12387,5,165.58000000000072,2,120.85,2opt,notBad
12388,5,165.58000000000072,2,120.85,swap,notBad
12389,5,165.58000000000072,2,120.85,swap,notBad
12390,5,165.58000000000072,2,120.85,move,improve
12391,5,165.58000000000072,2,120.85,move,improve
12392,5,165.58000000000072,2,120.85,2opt,notBad
12393,5,165.58000000000072,2,120.85,2opt,notBad
12394,5,165.58000000000072,2,120.85,swap,notBad
12395,5,165.58000000000072,2,120.85,2opt,notBad
12396,5,165.58000000000072,2,120.85,swap,notBad
12397,5,165.58000000000072,2,120.85,move,improve
12398,5,165.58000000000072,2,120.85,2opt,notBad
12399,5,165.58000000000072,2,120.85,move,improve
12400,5,165.58000000000072,2,120.85,swap,notBad
12401,5,165.58000000000072,2,120.85,2opt,notBad
12402,5,165.58000000000072,2,120.85,swap,notBad
12403,5,165.58000000000072,2,120.85,swap,notBad
12404,5,165.58000000000072,2,120.85,swap,notBad
12405,5,165.58000000000072,2,120.85,swap,notBad
12406,5,165.58000000000072,2,120.85,swap,notBad
12407,5,165.58000000000072,2,120.85,2opt,notBad
12408,5,165.58000000000072,2,120.85,2opt,improve
12409,5,165.58000000000072,2,120.85,2opt,notBad
12410,5,165.58000000000072,2,120.85,2opt,notBad
12411,5,165.58000000000072,2,120.85,2opt,notBad
12412,5,165.58000000000072,2,120.85,swap,notBad
12413,5,165.58000000000072,2,120.85,2opt,notBad
12414,5,165.58000000000072,2,120.85,swap,notBad
12415,5,165.58000000000072,2,120.85,move,improve
12416,5,165.58000000000072,2,120.85,2opt,notBad
12417,5,165.58000000000072,2,120.85,swap,notBad
12418,5,165.58000000000072,2,120.85,move,improve
12419,5,165.58000000000072,2,120.85,swap,notBad
12420,5,165.58000000000072,2,120.85,2opt,notBad
12421,5,165.58000000000072,2,120.85,move,improve
12422,5,165.58000000000072,2,120.85,move,improve
12423,5,165.58000000000072,2,120.85,2opt,improve
12424,5,165.58000000000072,2,120.85,move,improve
12425,5,165.58000000000072,2,120.85,move,improve
12426,5,165.58000000000072,2,120.85,swap,notBad
12427,5,165.58000000000072,2,120.85,move,improve
12428,5,165.58000000000072,2,120.85,move,improve
12429,5,165.58000000000072,2,120.85,2opt,notBad
12430,5,165.58000000000072,2,120.85,2opt,improve
12431,5,165.58000000000072,2,120.85,move,improve
12432,5,165.58000000000072,2,120.85,swap,notBad
12433,5,165.58000000000072,2,120.85,swap,notBad
12434,5,165.58000000000072,2,120.85,swap,notBad
12435,5,165.58000000000072,2,120.85,2opt,notBad
12436,5,165.58000000000072,2,120.85,2opt,notBad
12437,5,165.58000000000072,2,120.85,swap,notBad
12438,5,165.58000000000072,2,120.85,swap,notBad
12439,5,165.58000000000072,2,120.85,move,improve
12440,5,165.58000000000072,2,120.85,2opt,notBad
12441,5,165.58000000000072,2,120.85,swap,notBad
12442,5,165.58000000000072,2,120.85,move,improve
12443,5,165.58000000000072,2,120.85,move,improve
12444,5,165.58000000000072,2,120.85,swap,notBad
12445,5,165.58000000000072,2,120.85,swap,notBad
12446,5,165.58000000000072,2,120.85,swap,notBad
12447,5,165.58000000000072,2,120.85,2opt,notBad
12448,5,165.58000000000072,2,120.85,swap,notBad
12449,5,165.58000000000072,2,120.85,move,improve
12450,5,165.58000000000072,2,120.85,swap,notBad
12451,5,165.58000000000072,2,120.85,move,improve
12452,5,165.58000000000072,2,120.85,2opt,notBad
12453,5,165.58000000000072,2,120.85,swap,notBad
12454,5,165.58000000000072,2,120.85,swap,notBad
12455,5,165.58000000000072,2,120.85,swap,notBad
12456,5,165.58000000000072,2,120.85,swap,notBad
12457,5,165.58000000000072,2,120.85,2opt,notBad
12458,5,165.58000000000072,2,120.85,move,improve
12459,5,165.58000000000072,2,120.85,move,improve
12460,5,165.58000000000072,2,120.85,2opt,notBad
12461,5,165.58000000000072,2,120.85,2opt,notBad
12462,5,165.58000000000072,2,120.85,2opt,notBad
12463,5,165.58000000000072,2,120.85,swap,notBad
12464,5,165.58000000000072,2,120.85,2opt,notBad
12465,5,165.58000000000072,2,120.85,move,improve
12466,5,165.58000000000072,2,120.85,swap,notBad
12467,5,165.58000000000072,2,120.85,2opt,notBad
12468,5,165.58000000000072,2,120.85,2opt,improve
12469,5,165.58000000000072,2,120.85,2opt,notBad
12470,5,165.58000000000072,2,120.85,swap,notBad
12471,5,165.58000000000072,2,120.85,2opt,notBad
12472,5,165.58000000000072,2,120.85,move,improve
12473,5,165.58000000000072,2,120.85,2opt,notBad
12474,5,165.58000000000072,2,120.85,2opt,notBad
12475,5,165.58000000000072,2,120.85,swap,notBad
12476,5,165.58000000000072,2,120.85,move,improve
12477,5,165.58000000000072,2,120.85,swap,notBad
12478,5,165.58000000000072,2,120.85,swap,notBad
12479,5,165.58000000000072,2,120.85,move,improve
12480,5,165.58000000000072,2,120.85,swap,notBad
12481,5,165.58000000000072,2,120.85,swap,notBad
12482,5,165.58000000000072,2,120.85,move,improve
12483,5,165.58000000000072,2,120.85,2opt,notBad
12484,5,165.58000000000072,2,120.85,move,improve
12485,5,165.58000000000072,2,120.85,move,improve
12486,5,165.58000000000072,2,120.85,swap,notBad
12487,5,165.58000000000072,2,120.85,swap,notBad
12488,5,165.58000000000072,2,120.85,swap,notBad
12489,5,165.58000000000072,2,120.85,2opt,notBad
12490,5,165.58000000000072,2,120.85,move,improve
12491,5,165.58000000000072,2,120.85,swap,notBad
12492,5,165.58000000000072,2,120.85,swap,notBad
12493,5,165.58000000000072,2,120.85,2opt,notBad
12494,5,165.58000000000072,2,120.85,swap,notBad
12495,5,165.58000000000072,2,120.85,move,improve
12496,5,165.58000000000072,2,120.85,move,improve
12497,5,165.58000000000072,2,120.85,move,improve
12498,5,165.58000000000072,2,120.85,2opt,improve
12499,5,165.58000000000072,2,120.85,swap,notBad
12500,5,165.58000000000072,2,120.85,2opt,improve
12501,5,165.58000000000072,2,120.85,2opt,notBad
12502,5,165.58000000000072,2,120.85,move,improve
12503,5,165.58000000000072,2,120.85,2opt,notBad
12504,5,165.58000000000072,2,120.85,move,improve
12505,5,165.58000000000072,2,120.85,move,improve
12506,5,165.58000000000072,2,120.85,2opt,notBad
12507,5,165.58000000000072,2,120.85,move,improve
12508,5,165.58000000000072,2,120.85,move,improve
12509,5,165.58000000000072,2,120.85,swap,notBad
12510,5,165.58000000000072,2,120.85,move,improve
12511,5,165.58000000000072,2,120.85,2opt,notBad
12512,5,165.58000000000072,2,120.85,2opt,notBad
12513,5,165.58000000000072,2,120.85,swap,notBad
12514,5,165.58000000000072,2,120.85,move,improve
12515,5,165.58000000000072,2,120.85,move,improve
12516,5,165.58000000000072,2,120.85,swap,notBad
12517,5,165.58000000000072,2,120.85,swap,notBad
12518,5,165.58000000000072,2,120.85,move,improve
12519,5,165.58000000000072,2,120.85,2opt,improve
12520,5,165.58000000000072,2,120.85,2opt,notBad
12521,5,165.58000000000072,2,120.85,move,improve
12522,5,165.58000000000072,2,120.85,2opt,notBad
12523,5,165.58000000000072,2,120.85,move,improve
12524,5,165.58000000000072,2,120.85,2opt,notBad
12525,5,165.58000000000072,2,120.85,swap,notBad
12526,5,165.58000000000072,2,120.85,move,improve
12527,5,165.58000000000072,2,120.85,2opt,notBad
12528,5,165.58000000000072,2,120.85,2opt,notBad
12529,5,165.58000000000072,2,120.85,2opt,notBad
12530,5,165.58000000000072,2,120.85,2opt,improve
12531,5,165.58000000000072,2,120.85,move,improve
12532,5,165.58000000000072,2,120.85,2opt,notBad
12533,5,165.58000000000072,2,120.85,swap,notBad
12534,5,165.58000000000072,2,120.85,2opt,notBad
12535,5,165.58000000000072,2,120.85,move,improve
12536,5,165.58000000000072,2,120.85,swap,notBad
12537,5,165.58000000000072,2,120.85,move,improve
12538,5,165.58000000000072,2,120.85,2opt,notBad
12539,5,165.58000000000072,2,120.85,swap,notBad
12540,5,165.58000000000072,2,120.85,move,improve
12541,5,165.58000000000072,2,120.85,2opt,notBad
12542,5,165.58000000000072,2,120.85,swap,notBad
12543,5,165.58000000000072,2,120.85,move,improve
12544,5,165.58000000000072,2,120.85,swap,notBad
12545,5,165.58000000000072,2,120.85,move,improve
12546,5,165.58000000000072,2,120.85,swap,notBad
12547,5,165.58000000000072,2,120.85,swap,notBad
12548,5,165.58000000000072,2,120.85,move,improve
12549,5,165.58000000000072,2,120.85,swap,notBad
12550,5,165.58000000000072,2,120.85,2opt,notBad
12551,5,165.58000000000072,2,120.85,swap,notBad
12552,5,165.58000000000072,2,120.85,move,improve
12553,5,165.58000000000072,2,120.85,swap,notBad
12554,5,165.58000000000072,2,120.85,swap,notBad
12555,5,165.58000000000072,2,120.85,2opt,notBad
12556,5,165.58000000000072,2,120.85,swap,notBad
12557,5,165.58000000000072,2,120.85,move,improve
12558,5,165.58000000000072,2,120.85,swap,notBad
12559,5,165.58000000000072,2,120.85,move,improve
12560,5,165.58000000000072,2,120.85,move,improve
12561,5,165.58000000000072,2,120.85,swap,notBad
12562,5,165.58000000000072,2,120.85,2opt,notBad
12563,5,165.58000000000072,2,120.85,move,improve
12564,5,165.58000000000072,2,120.85,swap,notBad
12565,5,165.58000000000072,2,120.85,2opt,notBad
12566,5,165.58000000000072,2,120.85,2opt,notBad
12567,5,165.58000000000072,2,120.85,move,improve
12568,5,165.58000000000072,2,120.85,2opt,notBad
12569,5,165.58000000000072,2,120.85,2opt,improve
12570,5,165.58000000000072,2,120.85,swap,notBad
12571,5,165.58000000000072,2,120.85,move,improve
12572,5,165.58000000000072,2,120.85,2opt,notBad
12573,5,165.58000000000072,2,120.85,2opt,notBad
12574,5,165.58000000000072,2,120.85,2opt,notBad
12575,5,165.58000000000072,2,120.85,move,improve
12576,5,165.58000000000072,2,120.85,swap,notBad
12577,5,165.58000000000072,2,120.85,swap,notBad
12578,5,165.58000000000072,2,120.85,move,improve
12579,5,165.58000000000072,2,120.85,2opt,notBad
12580,5,165.58000000000072,2,120.85,swap,notBad
12581,5,165.58000000000072,2,120.85,move,improve
12582,5,165.58000000000072,2,120.85,2opt,notBad
12583,5,165.58000000000072,2,120.85,move,improve
12584,5,165.58000000000072,2,120.85,move,improve
12585,5,165.58000000000072,2,120.85,swap,notBad
12586,5,165.58000000000072,2,120.85,move,improve
12587,5,165.58000000000072,2,120.85,swap,notBad
12588,5,165.58000000000072,2,120.85,2opt,improve
12589,5,165.58000000000072,2,120.85,move,improve
12590,5,165.58000000000072,2,120.85,swap,notBad
12591,5,165.58000000000072,2,120.85,move,improve
12592,5,165.58000000000072,2,120.85,2opt,notBad
12593,5,165.58000000000072,2,120.85,2opt,notBad
12594,5,165.58000000000072,2,120.85,2opt,notBad
12595,5,165.58000000000072,2,120.85,2opt,notBad
12596,5,165.58000000000072,2,120.85,2opt,notBad
12597,5,165.58000000000072,2,120.85,swap,notBad
12598,5,165.58000000000072,2,120.85,2opt,notBad
12599,5,165.58000000000072,2,120.85,swap,notBad
12600,5,165.58000000000072,2,120.85,swap,notBad
12601,5,165.58000000000072,2,120.85,swap,notBad
12602,5,165.58000000000072,2,120.85,2opt,notBad
12603,5,165.58000000000072,2,120.85,2opt,notBad
12604,5,165.58000000000072,2,120.85,swap,notBad
12605,5,165.58000000000072,2,120.85,2opt,notBad
12606,5,165.58000000000072,2,120.85,move,improve
12607,5,165.58000000000072,2,120.85,swap,notBad
12608,5,165.58000000000072,2,120.85,move,improve
12609,5,165.58000000000072,2,120.85,swap,notBad
12610,5,165.58000000000072,2,120.85,move,improve
12611,5,165.58000000000072,2,120.85,swap,notBad
12612,5,165.58000000000072,2,120.85,swap,notBad
12613,5,165.58000000000072,2,120.85,2opt,improve
12614,5,165.58000000000072,2,120.85,2opt,notBad
12615,5,165.58000000000072,2,120.85,swap,notBad
12616,5,165.58000000000072,2,120.85,move,improve
12617,5,165.58000000000072,2,120.85,2opt,notBad
12618,5,165.58000000000072,2,120.85,2opt,notBad
12619,5,165.58000000000072,2,120.85,2opt,notBad
12620,5,165.58000000000072,2,120.85,move,improve
12621,5,165.58000000000072,2,120.85,swap,notBad
12622,5,165.58000000000072,2,120.85,move,improve
12623,5,165.58000000000072,2,120.85,swap,notBad
12624,5,165.58000000000072,2,120.85,swap,notBad
12625,5,165.58000000000072,2,120.85,move,improve
12626,5,165.58000000000072,2,120.85,move,improve
12627,5,165.58000000000072,2,120.85,2opt,notBad
12628,5,165.58000000000072,2,120.85,move,improve
12629,5,165.58000000000072,2,120.85,swap,notBad
12630,5,165.58000000000072,2,120.85,move,improve
12631,5,165.58000000000072,2,120.85,move,improve
12632,5,165.58000000000072,2,120.85,2opt,notBad
12633,5,165.58000000000072,2,120.85,2opt,notBad
12634,5,165.58000000000072,2,120.85,2opt,notBad
12635,5,165.58000000000072,2,120.85,swap,notBad
12636,5,165.58000000000072,2,120.85,move,improve
12637,5,165.58000000000072,2,120.85,2opt,notBad
12638,5,165.58000000000072,2,120.85,2opt,notBad
12639,5,165.58000000000072,2,120.85,swap,notBad
12640,5,165.58000000000072,2,120.85,2opt,notBad
12641,5,165.58000000000072,2,120.85,2opt,improve
12642,5,165.58000000000072,2,120.85,swap,notBad
12643,5,165.58000000000072,2,120.85,swap,notBad
12644,5,165.58000000000072,2,120.85,2opt,notBad
12645,5,165.58000000000072,2,120.85,swap,notBad
12646,5,165.58000000000072,2,120.85,swap,notBad
12647,5,165.58000000000072,2,120.85,2opt,notBad
12648,5,165.58000000000072,2,120.85,swap,notBad
12649,5,165.58000000000072,2,120.85,swap,notBad
12650,5,165.58000000000072,2,120.85,move,improve
12651,5,165.58000000000072,2,120.85,2opt,notBad
12652,5,165.58000000000072,2,120.85,2opt,improve
12653,5,165.58000000000072,2,120.85,2opt,notBad
12654,5,165.58000000000072,2,120.85,swap,notBad
12655,5,165.58000000000072,2,120.85,move,improve
12656,5,165.58000000000072,2,120.85,swap,notBad
12657,5,165.58000000000072,2,120.85,move,improve
12658,5,165.58000000000072,2,120.85,2opt,notBad
12659,5,165.58000000000072,2,120.85,swap,notBad
12660,5,165.58000000000072,2,120.85,2opt,notBad
12661,5,165.58000000000072,2,120.85,move,improve
12662,5,165.58000000000072,2,120.85,move,improve
12663,5,165.58000000000072,2,120.85,2opt,notBad
12664,5,165.58000000000072,2,120.85,move,improve
12665,5,165.58000000000072,2,120.85,swap,notBad
12666,5,165.58000000000072,2,120.85,move,improve
12667,5,165.58000000000072,2,120.85,2opt,notBad
12668,5,165.58000000000072,2,120.85,move,improve
12669,5,165.58000000000072,2,120.85,swap,notBad
12670,5,165.58000000000072,2,120.85,swap,notBad
12671,5,165.58000000000072,2,120.85,2opt,improve
12672,5,165.58000000000072,2,120.85,swap,notBad
12673,5,165.58000000000072,2,120.85,move,improve
12674,5,165.58000000000072,2,120.85,move,improve
12675,5,165.58000000000072,2,120.85,2opt,notBad
12676,5,165.58000000000072,2,120.85,move,improve
12677,5,165.58000000000072,2,120.85,move,improve
12678,5,165.58000000000072,2,120.85,2opt,notBad
12679,5,165.58000000000072,2,120.85,move,improve
12680,5,165.58000000000072,2,120.85,2opt,notBad
12681,5,165.58000000000072,2,120.85,swap,notBad
12682,5,165.58000000000072,2,120.85,swap,notBad
12683,5,165.58000000000072,2,120.85,2opt,notBad
12684,5,165.58000000000072,2,120.85,swap,notBad
12685,5,165.58000000000072,2,120.85,move,improve
12686,5,165.58000000000072,2,120.85,swap,notBad
12687,5,165.58000000000072,2,120.85,2opt,notBad
12688,5,165.58000000000072,2,120.85,move,improve
12689,5,165.58000000000072,2,120.85,2opt,improve
12690,5,165.58000000000072,2,120.85,2opt,notBad
12691,5,165.58000000000072,2,120.85,swap,notBad
12692,5,165.58000000000072,2,120.85,2opt,notBad
12693,5,165.58000000000072,2,120.85,move,improve
12694,5,165.58000000000072,2,120.85,swap,notBad
12695,5,165.58000000000072,2,120.85,2opt,notBad
12696,5,165.58000000000072,2,120.85,2opt,notBad
12697,5,165.58000000000072,2,120.85,move,improve
12698,5,165.58000000000072,2,120.85,move,improve
12699,5,165.58000000000072,2,120.85,2opt,notBad
12700,5,165.58000000000072,2,120.85,move,improve
12701,5,165.58000000000072,2,120.85,swap,notBad
12702,5,165.58000000000072,2,120.85,swap,notBad
12703,5,165.58000000000072,2,120.85,swap,notBad
12704,5,165.58000000000072,2,120.85,2opt,notBad
12705,5,165.58000000000072,2,120.85,move,improve
12706,5,165.58000000000072,2,120.85,move,improve
12707,5,165.58000000000072,2,120.85,2opt,notBad
12708,5,165.58000000000072,2,120.85,2opt,notBad
12709,5,165.58000000000072,2,120.85,swap,notBad
12710,5,165.58000000000072,2,120.85,swap,notBad
12711,5,165.58000000000072,2,120.85,2opt,improve
12712,5,165.58000000000072,2,120.85,swap,notBad
12713,5,165.58000000000072,2,120.85,move,improve
12714,5,165.58000000000072,2,120.85,swap,notBad
12715,5,165.58000000000072,2,120.85,move,improve
12716,5,165.58000000000072,2,120.85,2opt,notBad
12717,5,165.58000000000072,2,120.85,move,improve
12718,5,165.58000000000072,2,120.85,move,improve
12719,5,165.58000000000072,2,120.85,move,improve
12720,5,165.58000000000072,2,120.85,2opt,notBad
12721,5,165.58000000000072,2,120.85,swap,notBad
12722,5,165.58000000000072,2,120.85,move,improve
12723,5,165.58000000000072,2,120.85,swap,notBad
12724,5,165.58000000000072,2,120.85,move,improve
12725,5,165.58000000000072,2,120.85,2opt,improve
12726,5,165.58000000000072,2,120.85,move,improve
12727,5,165.58000000000072,2,120.85,move,improve
12728,5,165.58000000000072,2,120.85,swap,notBad
12729,5,165.58000000000072,2,120.85,2opt,notBad
12730,5,165.58000000000072,2,120.85,2opt,notBad
12731,5,165.58000000000072,2,120.85,2opt,notBad
12732,5,165.58000000000072,2,120.85,move,improve
12733,5,165.58000000000072,2,120.85,swap,notBad
12734,5,165.58000000000072,2,120.85,move,improve
12735,5,165.58000000000072,2,120.85,move,improve
12736,5,165.58000000000072,2,120.85,swap,notBad
12737,5,165.58000000000072,2,120.85,move,improve
12738,5,165.58000000000072,2,120.85,swap,notBad
12739,5,165.58000000000072,2,120.85,2opt,notBad
12740,5,165.71000000000072,2,120.85,swap,acceptBad
12741,5,165.71000000000072,2,120.85,swap,notBad
12742,5,165.71000000000072,2,120.85,2opt,notBad
12743,5,165.71000000000072,2,120.85,2opt,notBad
12744,5,165.71000000000072,2,120.85,2opt,notBad
12745,5,165.71000000000072,2,120.85,2opt,notBad
12746,5,165.71000000000072,2,120.85,move,improve
12747,5,165.71000000000072,2,120.85,move,improve
12748,5,165.71000000000072,2,120.85,2opt,improve
12749,5,165.71000000000072,2,120.85,2opt,notBad
12750,5,165.71000000000072,2,120.85,2opt,improve
12751,5,165.71000000000072,2,120.85,move,improve
12752,5,165.71000000000072,2,120.85,swap,notBad
12753,5,165.71000000000072,2,120.85,move,improve
12754,5,165.71000000000072,2,120.85,2opt,notBad
12755,5,165.71000000000072,2,120.85,swap,notBad
12756,5,165.71000000000072,2,120.85,move,improve
12757,5,165.71000000000072,2,120.85,move,improve
12758,5,165.71000000000072,2,120.85,swap,notBad
12759,5,165.71000000000072,2,120.85,move,improve
12760,5,165.71000000000072,2,120.85,swap,notBad
12761,5,165.71000000000072,2,120.85,2opt,notBad
12762,5,165.71000000000072,2,120.85,swap,notBad
12763,5,165.71000000000072,2,120.85,swap,notBad
12764,5,165.71000000000072,2,120.85,2opt,notBad
12765,5,165.58000000000072,2,120.85,swap,improve
12766,5,165.58000000000072,2,120.85,move,improve
12767,5,165.58000000000072,2,120.85,swap,notBad
12768,5,165.58000000000072,2,120.85,move,improve
12769,5,165.58000000000072,2,120.85,swap,notBad
12770,5,165.58000000000072,2,120.85,move,improve
12771,5,165.58000000000072,2,120.85,move,improve
12772,5,165.58000000000072,2,120.85,move,improve
12773,5,165.58000000000072,2,120.85,move,improve
12774,5,165.58000000000072,2,120.85,2opt,notBad
12775,5,165.58000000000072,2,120.85,swap,notBad
12776,5,165.58000000000072,2,120.85,2opt,notBad
12777,5,165.58000000000072,2,120.85,2opt,notBad
12778,5,165.58000000000072,2,120.85,move,improve
12779,5,165.58000000000072,2,120.85,swap,notBad
12780,5,165.58000000000072,2,120.85,2opt,notBad
12781,5,165.58000000000072,2,120.85,2opt,notBad
12782,5,165.58000000000072,2,120.85,move,improve
12783,5,165.58000000000072,2,120.85,move,improve
12784,5,165.58000000000072,2,120.85,2opt,notBad
12785,5,165.58000000000072,2,120.85,2opt,notBad
12786,5,165.58000000000072,2,120.85,2opt,notBad
12787,5,165.58000000000072,2,120.85,swap,notBad
12788,5,165.58000000000072,2,120.85,move,improve
12789,5,165.58000000000072,2,120.85,2opt,notBad
12790,5,165.58000000000072,2,120.85,move,improve
12791,5,165.58000000000072,2,120.85,2opt,notBad
12792,5,165.58000000000072,2,120.85,move,notBad
12793,5,165.58000000000072,2,120.85,2opt,notBad
12794,5,165.58000000000072,2,120.85,2opt,notBad
12795,5,165.58000000000072,2,120.85,swap,notBad
12796,5,165.58000000000072,2,120.85,swap,notBad
12797,5,165.58000000000072,2,120.85,2opt,notBad
12798,5,165.58000000000072,2,120.85,move,improve
12799,5,165.58000000000072,2,120.85,move,improve
12800,5,165.58000000000072,2,120.85,2opt,notBad
12801,5,165.58000000000072,2,120.85,swap,notBad
12802,5,165.58000000000072,2,120.85,swap,notBad
12803,5,165.58000000000072,2,120.85,2opt,improve
12804,5,165.58000000000072,2,120.85,move,improve
12805,5,165.58000000000072,2,120.85,swap,notBad
12806,5,165.58000000000072,2,120.85,swap,notBad
12807,5,165.58000000000072,2,120.85,swap,notBad
12808,5,165.58000000000072,2,120.85,2opt,notBad
12809,5,165.58000000000072,2,120.85,move,improve
12810,5,165.58000000000072,2,120.85,2opt,notBad
12811,5,165.58000000000072,2,120.85,move,improve
12812,5,165.58000000000072,2,120.85,swap,notBad
12813,5,165.58000000000072,2,120.85,move,improve
12814,5,165.58000000000072,2,120.85,move,improve
12815,5,165.58000000000072,2,120.85,2opt,notBad
12816,5,165.58000000000072,2,120.85,move,improve
12817,5,165.58000000000072,2,120.85,2opt,notBad
12818,5,165.58000000000072,2,120.85,move,improve
12819,5,165.58000000000072,2,120.85,2opt,notBad
12820,5,165.58000000000072,2,120.85,swap,notBad
12821,5,165.58000000000072,2,120.85,2opt,improve
12822,5,165.58000000000072,2,120.85,swap,notBad
12823,5,165.58000000000072,2,120.85,2opt,notBad
12824,5,165.58000000000072,2,120.85,move,improve
12825,5,165.58000000000072,2,120.85,swap,notBad
12826,5,165.58000000000072,2,120.85,move,improve
12827,5,165.58000000000072,2,120.85,swap,notBad
12828,5,165.58000000000072,2,120.85,move,improve
12829,5,165.58000000000072,2,120.85,move,improve
12830,5,165.58000000000072,2,120.85,2opt,notBad
12831,5,165.58000000000072,2,120.85,move,improve
12832,5,165.58000000000072,2,120.85,2opt,notBad
12833,5,165.58000000000072,2,120.85,2opt,notBad
12834,5,165.58000000000072,2,120.85,swap,notBad
12835,5,165.58000000000072,2,120.85,2opt,notBad
12836,5,165.58000000000072,2,120.85,move,improve
12837,5,165.58000000000072,2,120.85,move,improve
12838,5,165.58000000000072,2,120.85,2opt,notBad
12839,5,165.58000000000072,2,120.85,swap,notBad
12840,5,165.58000000000072,2,120.85,swap,notBad
12841,5,165.58000000000072,2,120.85,2opt,notBad
12842,5,165.58000000000072,2,120.85,2opt,notBad
12843,5,165.58000000000072,2,120.85,move,improve
12844,5,165.58000000000072,2,120.85,swap,notBad
12845,5,165.58000000000072,2,120.85,2opt,notBad
12846,5,165.58000000000072,2,120.85,2opt,notBad
12847,5,165.58000000000072,2,120.85,move,improve
12848,5,165.58000000000072,2,120.85,2opt,notBad
12849,5,165.58000000000072,2,120.85,move,improve
12850,5,165.58000000000072,2,120.85,move,improve
12851,5,165.58000000000072,2,120.85,move,improve
12852,5,165.58000000000072,2,120.85,swap,notBad
12853,5,165.58000000000072,2,120.85,2opt,notBad
12854,5,165.58000000000072,2,120.85,2opt,notBad
12855,5,165.58000000000072,2,120.85,move,improve
12856,5,165.58000000000072,2,120.85,2opt,notBad
12857,5,165.58000000000072,2,120.85,swap,notBad
12858,5,165.58000000000072,2,120.85,swap,notBad
12859,5,165.58000000000072,2,120.85,2opt,notBad
12860,5,165.58000000000072,2,120.85,move,improve
12861,5,165.58000000000072,2,120.85,2opt,notBad
12862,5,165.58000000000072,2,120.85,swap,notBad
12863,5,165.58000000000072,2,120.85,move,improve
12864,5,165.58000000000072,2,120.85,swap,notBad
12865,5,165.58000000000072,2,120.85,2opt,notBad
12866,5,165.58000000000072,2,120.85,swap,notBad
12867,5,165.58000000000072,2,120.85,2opt,notBad
12868,5,165.58000000000072,2,120.85,move,improve
12869,5,165.58000000000072,2,120.85,swap,notBad
12870,5,165.58000000000072,2,120.85,move,improve
12871,5,165.58000000000072,2,120.85,swap,notBad
12872,5,165.58000000000072,2,120.85,move,improve
12873,5,165.58000000000072,2,120.85,2opt,notBad
12874,5,165.58000000000072,2,120.85,swap,notBad
12875,5,165.58000000000072,2,120.85,move,improve
12876,5,165.58000000000072,2,120.85,2opt,notBad
12877,5,165.58000000000072,2,120.85,swap,notBad
12878,5,165.58000000000072,2,120.85,move,improve
12879,5,165.58000000000072,2,120.85,move,improve
12880,5,165.58000000000072,2,120.85,2opt,notBad
12881,5,165.58000000000072,2,120.85,2opt,notBad
12882,5,165.58000000000072,2,120.85,2opt,notBad
12883,5,165.58000000000072,2,120.85,move,notBad
12884,5,165.58000000000072,2,120.85,2opt,notBad
12885,5,165.58000000000072,2,120.85,swap,notBad
12886,5,165.58000000000072,2,120.85,swap,notBad
12887,5,165.58000000000072,2,120.85,move,improve
12888,5,165.58000000000072,2,120.85,move,improve
12889,5,165.58000000000072,2,120.85,move,improve
12890,5,165.58000000000072,2,120.85,swap,notBad
12891,5,165.58000000000072,2,120.85,move,improve
12892,5,165.58000000000072,2,120.85,2opt,notBad
12893,5,165.58000000000072,2,120.85,swap,notBad
12894,5,165.58000000000072,2,120.85,swap,notBad
12895,5,165.58000000000072,2,120.85,2opt,notBad
12896,5,165.58000000000072,2,120.85,swap,notBad
12897,5,165.58000000000072,2,120.85,2opt,notBad
12898,5,165.58000000000072,2,120.85,2opt,notBad
12899,5,165.58000000000072,2,120.85,move,improve
12900,5,165.58000000000072,2,120.85,move,improve
12901,5,165.58000000000072,2,120.85,move,improve
12902,5,165.58000000000072,2,120.85,move,improve
12903,5,165.58000000000072,2,120.85,2opt,notBad
12904,5,165.58000000000072,2,120.85,2opt,notBad
12905,5,165.58000000000072,2,120.85,move,improve
12906,5,165.58000000000072,2,120.85,move,improve
12907,5,165.58000000000072,2,120.85,swap,notBad
12908,5,165.58000000000072,2,120.85,swap,notBad
12909,5,165.58000000000072,2,120.85,2opt,notBad
12910,5,165.58000000000072,2,120.85,move,improve
12911,5,165.58000000000072,2,120.85,2opt,notBad
12912,5,165.58000000000072,2,120.85,swap,notBad
12913,5,165.58000000000072,2,120.85,swap,notBad
12914,5,165.58000000000072,2,120.85,2opt,notBad
12915,5,165.58000000000072,2,120.85,swap,notBad
12916,5,165.58000000000072,2,120.85,2opt,notBad
12917,5,165.58000000000072,2,120.85,2opt,notBad
12918,5,165.58000000000072,2,120.85,move,improve
12919,5,165.58000000000072,2,120.85,2opt,notBad
12920,5,165.58000000000072,2,120.85,2opt,notBad
12921,5,165.58000000000072,2,120.85,2opt,notBad
12922,5,165.58000000000072,2,120.85,swap,notBad
12923,5,165.58000000000072,2,120.85,2opt,notBad
12924,5,165.58000000000072,2,120.85,move,improve
12925,5,165.58000000000072,2,120.85,2opt,notBad
12926,5,165.58000000000072,2,120.85,move,improve
12927,5,165.58000000000072,2,120.85,move,improve
12928,5,165.58000000000072,2,120.85,swap,notBad
12929,5,165.58000000000072,2,120.85,swap,notBad
12930,5,165.58000000000072,2,120.85,swap,notBad
12931,5,165.58000000000072,2,120.85,swap,notBad
12932,5,165.58000000000072,2,120.85,swap,notBad
12933,5,165.58000000000072,2,120.85,swap,notBad
12934,5,165.58000000000072,2,120.85,2opt,notBad
12935,5,165.58000000000072,2,120.85,move,improve
12936,5,165.58000000000072,2,120.85,swap,notBad
12937,5,165.58000000000072,2,120.85,move,improve
12938,5,165.58000000000072,2,120.85,swap,notBad
12939,5,165.58000000000072,2,120.85,swap,notBad
12940,5,165.58000000000072,2,120.85,move,improve
12941,5,165.58000000000072,2,120.85,swap,notBad
12942,5,165.58000000000072,2,120.85,move,improve
12943,5,165.58000000000072,2,120.85,2opt,notBad
12944,5,165.58000000000072,2,120.85,2opt,notBad
12945,5,165.58000000000072,2,120.85,swap,notBad
12946,5,165.58000000000072,2,120.85,swap,notBad
12947,5,165.58000000000072,2,120.85,2opt,notBad
12948,5,165.58000000000072,2,120.85,swap,notBad
12949,5,165.58000000000072,2,120.85,2opt,notBad
12950,5,165.58000000000072,2,120.85,swap,notBad
12951,5,165.58000000000072,2,120.85,2opt,notBad
12952,5,165.58000000000072,2,120.85,move,improve
12953,5,165.58000000000072,2,120.85,2opt,notBad
12954,5,165.58000000000072,2,120.85,move,improve
12955,5,165.58000000000072,2,120.85,2opt,notBad
12956,5,165.58000000000072,2,120.85,2opt,notBad
12957,5,165.58000000000072,2,120.85,move,improve
12958,5,165.58000000000072,2,120.85,2opt,notBad
12959,5,165.58000000000072,2,120.85,move,improve
12960,5,165.58000000000072,2,120.85,move,improve
12961,5,165.58000000000072,2,120.85,swap,notBad
12962,5,165.58000000000072,2,120.85,swap,notBad
12963,5,165.58000000000072,2,120.85,move,improve
12964,5,165.58000000000072,2,120.85,2opt,notBad
12965,5,165.58000000000072,2,120.85,move,improve
12966,5,165.58000000000072,2,120.85,move,improve
12967,5,165.58000000000072,2,120.85,2opt,notBad
12968,5,165.58000000000072,2,120.85,2opt,notBad
12969,5,165.58000000000072,2,120.85,2opt,notBad
12970,5,165.58000000000072,2,120.85,move,improve
12971,5,165.58000000000072,2,120.85,2opt,improve
12972,5,165.58000000000072,2,120.85,move,improve
12973,5,165.58000000000072,2,120.85,swap,notBad
12974,5,165.58000000000072,2,120.85,2opt,notBad
12975,5,165.58000000000072,2,120.85,move,improve
12976,5,165.58000000000072,2,120.85,move,improve
12977,5,165.58000000000072,2,120.85,move,improve
12978,5,165.58000000000072,2,120.85,move,improve
12979,5,165.58000000000072,2,120.85,2opt,notBad
12980,5,165.58000000000072,2,120.85,swap,notBad
12981,5,165.58000000000072,2,120.85,swap,notBad
12982,5,165.58000000000072,2,120.85,move,improve
12983,5,165.58000000000072,2,120.85,swap,notBad
12984,5,165.58000000000072,2,120.85,swap,notBad
12985,5,165.58000000000072,2,120.85,move,improve
12986,5,165.58000000000072,2,120.85,move,improve
12987,5,165.58000000000072,2,120.85,swap,notBad
12988,5,165.58000000000072,2,120.85,swap,notBad
12989,5,165.58000000000072,2,120.85,swap,notBad
12990,5,165.58000000000072,2,120.85,move,improve
12991,5,165.58000000000072,2,120.85,2opt,notBad
12992,5,165.58000000000072,2,120.85,swap,notBad
12993,5,165.58000000000072,2,120.85,swap,notBad
12994,5,165.58000000000072,2,120.85,swap,notBad
12995,5,165.58000000000072,2,120.85,2opt,notBad
12996,5,165.58000000000072,2,120.85,swap,notBad
12997,5,165.58000000000072,2,120.85,2opt,notBad
12998,5,165.58000000000072,2,120.85,swap,notBad
12999,5,165.58000000000072,2,120.85,2opt,notBad
13000,5,165.58000000000072,2,120.85,swap,notBad
13001,5,165.58000000000072,2,120.85,2opt,notBad
13002,5,165.58000000000072,2,120.85,swap,notBad
13003,5,165.58000000000072,2,120.85,2opt,notBad
13004,5,165.58000000000072,2,120.85,swap,notBad
13005,5,165.58000000000072,2,120.85,2opt,notBad
13006,5,165.58000000000072,2,120.85,move,improve
13007,5,165.58000000000072,2,120.85,move,improve
13008,5,165.58000000000072,2,120.85,move,improve
13009,5,165.58000000000072,2,120.85,move,improve
13010,5,165.58000000000072,2,120.85,2opt,notBad
13011,5,165.58000000000072,2,120.85,move,improve
13012,5,165.58000000000072,2,120.85,swap,notBad
13013,5,165.58000000000072,2,120.85,move,improve
13014,5,165.58000000000072,2,120.85,swap,notBad
13015,5,165.58000000000072,2,120.85,2opt,notBad
13016,5,165.58000000000072,2,120.85,move,improve
13017,5,165.58000000000072,2,120.85,swap,notBad
13018,5,165.58000000000072,2,120.85,2opt,notBad
13019,5,165.58000000000072,2,120.85,move,improve
13020,5,165.58000000000072,2,120.85,swap,notBad
13021,5,165.58000000000072,2,120.85,move,improve
13022,5,165.58000000000072,2,120.85,move,improve
13023,5,165.58000000000072,2,120.85,swap,notBad
13024,5,165.58000000000072,2,120.85,move,improve
13025,5,165.58000000000072,2,120.85,2opt,improve
13026,5,165.58000000000072,2,120.85,swap,notBad
13027,5,165.58000000000072,2,120.85,swap,notBad
13028,5,165.58000000000072,2,120.85,swap,notBad
13029,5,165.58000000000072,2,120.85,swap,notBad
13030,5,165.58000000000072,2,120.85,move,improve
13031,5,165.58000000000072,2,120.85,2opt,notBad
13032,5,165.58000000000072,2,120.85,move,improve
13033,5,165.58000000000072,2,120.85,2opt,notBad
13034,5,165.58000000000072,2,120.85,2opt,notBad
13035,5,165.58000000000072,2,120.85,2opt,notBad
13036,5,165.58000000000072,2,120.85,move,improve
13037,5,165.58000000000072,2,120.85,swap,notBad
13038,5,165.58000000000072,2,120.85,move,improve
13039,5,165.58000000000072,2,120.85,move,improve
13040,5,165.58000000000072,2,120.85,2opt,notBad
13041,5,165.58000000000072,2,120.85,2opt,notBad
13042,5,165.58000000000072,2,120.85,2opt,notBad
13043,5,165.58000000000072,2,120.85,move,improve
13044,5,165.58000000000072,2,120.85,2opt,notBad
13045,5,165.58000000000072,2,120.85,move,improve
13046,5,165.58000000000072,2,120.85,swap,notBad
13047,5,165.58000000000072,2,120.85,2opt,notBad
13048,5,165.58000000000072,2,120.85,2opt,notBad
13049,5,165.58000000000072,2,120.85,swap,notBad
13050,5,165.58000000000072,2,120.85,move,improve
13051,5,165.58000000000072,2,120.85,move,improve
13052,5,165.58000000000072,2,120.85,swap,notBad
13053,5,165.58000000000072,2,120.85,swap,notBad
13054,5,165.58000000000072,2,120.85,swap,notBad
13055,5,165.58000000000072,2,120.85,move,notBad
13056,5,165.58000000000072,2,120.85,move,improve
13057,5,165.58000000000072,2,120.85,swap,notBad
13058,5,165.58000000000072,2,120.85,move,improve
13059,5,165.58000000000072,2,120.85,2opt,notBad
13060,5,165.58000000000072,2,120.85,swap,notBad
13061,5,165.58000000000072,2,120.85,2opt,notBad
13062,5,165.58000000000072,2,120.85,move,improve
13063,5,165.58000000000072,2,120.85,2opt,notBad
13064,5,165.58000000000072,2,120.85,2opt,notBad
13065,5,165.58000000000072,2,120.85,swap,notBad
13066,5,165.58000000000072,2,120.85,swap,notBad
13067,5,165.58000000000072,2,120.85,swap,notBad
13068,5,165.58000000000072,2,120.85,swap,notBad
13069,5,165.58000000000072,2,120.85,swap,notBad
13070,5,165.58000000000072,2,120.85,2opt,notBad
13071,5,165.58000000000072,2,120.85,swap,notBad
13072,5,165.58000000000072,2,120.85,move,improve
13073,5,165.58000000000072,2,120.85,swap,notBad
13074,5,165.58000000000072,2,120.85,move,improve
13075,5,165.58000000000072,2,120.85,swap,notBad
13076,5,165.58000000000072,2,120.85,2opt,notBad
13077,5,165.58000000000072,2,120.85,move,improve
13078,5,165.58000000000072,2,120.85,swap,notBad
13079,5,165.58000000000072,2,120.85,2opt,notBad
13080,5,165.58000000000072,2,120.85,move,improve
13081,5,165.58000000000072,2,120.85,2opt,notBad
13082,5,165.58000000000072,2,120.85,swap,notBad
13083,5,165.58000000000072,2,120.85,swap,notBad
13084,5,165.58000000000072,2,120.85,2opt,notBad
13085,5,165.58000000000072,2,120.85,swap,notBad
13086,5,165.58000000000072,2,120.85,swap,notBad
13087,5,165.58000000000072,2,120.85,2opt,notBad
13088,5,165.58000000000072,2,120.85,2opt,notBad
13089,5,165.58000000000072,2,120.85,move,improve
13090,5,165.58000000000072,2,120.85,swap,notBad
13091,5,165.58000000000072,2,120.85,2opt,notBad
13092,5,165.58000000000072,2,120.85,swap,notBad
13093,5,165.58000000000072,2,120.85,move,improve
13094,5,165.58000000000072,2,120.85,swap,notBad
13095,5,165.58000000000072,2,120.85,2opt,notBad
13096,5,165.58000000000072,2,120.85,2opt,notBad
13097,5,165.58000000000072,2,120.85,move,improve
13098,5,165.58000000000072,2,120.85,2opt,notBad
13099,5,165.58000000000072,2,120.85,move,improve
13100,5,165.58000000000072,2,120.85,swap,notBad
13101,5,165.58000000000072,2,120.85,2opt,notBad
13102,5,165.58000000000072,2,120.85,move,notBad
13103,5,165.58000000000072,2,120.85,2opt,notBad
13104,5,165.58000000000072,2,120.85,swap,notBad
13105,5,165.58000000000072,2,120.85,2opt,notBad
13106,5,165.58000000000072,2,120.85,2opt,notBad
13107,5,165.58000000000072,2,120.85,2opt,notBad
13108,5,165.58000000000072,2,120.85,move,improve
13109,5,165.58000000000072,2,120.85,2opt,notBad
13110,5,165.58000000000072,2,120.85,move,improve
13111,5,165.58000000000072,2,120.85,swap,notBad
13112,5,165.58000000000072,2,120.85,swap,notBad
13113,5,165.58000000000072,2,120.85,swap,notBad
13114,5,165.58000000000072,2,120.85,2opt,notBad
13115,5,165.58000000000072,2,120.85,swap,notBad
13116,5,165.58000000000072,2,120.85,move,improve
13117,5,165.58000000000072,2,120.85,2opt,improve
13118,5,165.58000000000072,2,120.85,2opt,notBad
13119,5,165.58000000000072,2,120.85,swap,notBad
13120,5,165.58000000000072,2,120.85,swap,notBad
13121,5,165.58000000000072,2,120.85,2opt,notBad
13122,5,165.58000000000072,2,120.85,move,improve
13123,5,165.58000000000072,2,120.85,move,improve
13124,5,165.58000000000072,2,120.85,swap,notBad
13125,5,165.58000000000072,2,120.85,2opt,notBad
13126,5,165.58000000000072,2,120.85,move,improve
13127,5,165.58000000000072,2,120.85,2opt,notBad
13128,5,165.58000000000072,2,120.85,swap,notBad
13129,5,165.58000000000072,2,120.85,swap,notBad
13130,5,165.58000000000072,2,120.85,2opt,notBad
13131,5,165.58000000000072,2,120.85,2opt,notBad
13132,5,165.58000000000072,2,120.85,2opt,improve
13133,5,165.58000000000072,2,120.85,move,improve
13134,5,165.58000000000072,2,120.85,move,improve
13135,5,165.58000000000072,2,120.85,move,improve
13136,5,165.58000000000072,2,120.85,move,improve
13137,5,165.58000000000072,2,120.85,move,improve
13138,5,165.58000000000072,2,120.85,swap,notBad
13139,5,165.58000000000072,2,120.85,move,improve
13140,5,165.58000000000072,2,120.85,2opt,notBad
13141,5,165.58000000000072,2,120.85,swap,notBad
13142,5,165.58000000000072,2,120.85,swap,notBad
13143,5,165.58000000000072,2,120.85,swap,notBad
13144,5,166.09999999999962,2,120.85,swap,acceptBad
13145,5,166.09999999999962,2,120.85,swap,notBad
13146,5,166.09999999999962,2,120.85,swap,notBad
13147,5,166.09999999999962,2,120.85,2opt,notBad
13148,5,166.09999999999962,2,120.85,move,improve
13149,5,166.09999999999962,2,120.85,2opt,notBad
13150,5,166.09999999999962,2,120.85,2opt,improve
13151,5,166.09999999999962,2,120.85,2opt,notBad
13152,5,166.09999999999962,2,120.85,move,improve
13153,5,166.09999999999962,2,120.85,swap,notBad
13154,5,166.09999999999962,2,120.85,2opt,notBad
13155,5,166.09999999999962,2,120.85,swap,notBad
13156,5,166.09999999999962,2,120.85,swap,notBad
13157,5,166.09999999999962,2,120.85,move,improve
13158,5,166.09999999999962,2,120.85,swap,notBad
13159,5,166.09999999999962,2,120.85,2opt,notBad
13160,5,166.09999999999962,2,120.85,2opt,notBad
13161,5,166.09999999999962,2,120.85,2opt,notBad
13162,5,166.09999999999962,2,120.85,move,improve
13163,5,166.09999999999962,2,120.85,2opt,notBad
13164,5,166.09999999999962,2,120.85,move,improve
13165,5,166.09999999999962,2,120.85,swap,notBad
13166,5,166.09999999999962,2,120.85,move,improve
13167,5,166.09999999999962,2,120.85,move,improve
13168,5,166.09999999999962,2,120.85,swap,notBad
13169,5,166.09999999999962,2,120.85,move,improve
13170,5,166.09999999999962,2,120.85,swap,notBad
13171,5,166.09999999999962,2,120.85,move,improve
13172,5,166.09999999999962,2,120.85,swap,notBad
13173,5,166.09999999999962,2,120.85,move,improve
13174,5,166.09999999999962,2,120.85,swap,notBad
13175,5,166.09999999999962,2,120.85,move,improve
13176,5,166.09999999999962,2,120.85,2opt,notBad
13177,5,166.09999999999962,2,120.85,move,improve
13178,5,166.09999999999962,2,120.85,2opt,notBad
13179,5,166.09999999999962,2,120.85,move,improve
13180,5,166.09999999999962,2,120.85,swap,notBad
13181,5,166.09999999999962,2,120.85,swap,notBad
13182,5,166.09999999999962,2,120.85,swap,notBad
13183,5,166.09999999999962,2,120.85,swap,notBad
13184,5,166.09999999999962,2,120.85,2opt,notBad
13185,5,166.09999999999962,2,120.85,move,improve
13186,5,166.09999999999962,2,120.85,swap,notBad
13187,5,166.09999999999962,2,120.85,move,improve
13188,5,166.09999999999962,2,120.85,move,improve
13189,5,166.09999999999962,2,120.85,swap,notBad
13190,5,166.09999999999962,2,120.85,swap,notBad
13191,5,166.09999999999962,2,120.85,move,improve
13192,5,166.09999999999962,2,120.85,2opt,notBad
13193,5,166.09999999999962,2,120.85,swap,notBad
13194,5,166.09999999999962,2,120.85,2opt,notBad
13195,5,166.09999999999962,2,120.85,move,improve
13196,5,166.09999999999962,2,120.85,move,improve
13197,5,166.09999999999962,2,120.85,swap,notBad
13198,5,166.09999999999962,2,120.85,swap,notBad
13199,5,166.09999999999962,2,120.85,2opt,notBad
13200,5,166.09999999999962,2,120.85,move,improve
13201,5,166.09999999999962,2,120.85,2opt,notBad
13202,5,166.09999999999962,2,120.85,move,improve
13203,5,166.09999999999962,2,120.85,move,improve
13204,5,166.09999999999962,2,120.85,swap,notBad
13205,5,166.09999999999962,2,120.85,swap,notBad
13206,5,166.09999999999962,2,120.85,swap,notBad
13207,5,166.09999999999962,2,120.85,swap,notBad
13208,5,166.09999999999962,2,120.85,2opt,notBad
13209,5,166.09999999999962,2,120.85,2opt,notBad
13210,5,166.09999999999962,2,120.85,move,improve
13211,5,166.09999999999962,2,120.85,2opt,notBad
13212,5,166.09999999999962,2,120.85,swap,notBad
13213,5,166.09999999999962,2,120.85,move,improve
13214,5,166.09999999999962,2,120.85,swap,notBad
13215,5,166.09999999999962,2,120.85,swap,notBad
13216,5,166.09999999999962,2,120.85,move,improve
13217,5,166.09999999999962,2,120.85,swap,notBad
13218,5,166.09999999999962,2,120.85,swap,notBad
13219,5,166.09999999999962,2,120.85,2opt,improve
13220,5,166.09999999999962,2,120.85,swap,notBad
13221,5,166.09999999999962,2,120.85,move,improve
13222,5,166.09999999999962,2,120.85,swap,notBad
13223,5,166.09999999999962,2,120.85,move,improve
13224,5,166.09999999999962,2,120.85,move,improve
13225,5,166.09999999999962,2,120.85,move,notBad
13226,5,166.09999999999962,2,120.85,swap,notBad
13227,5,166.09999999999962,2,120.85,swap,notBad
13228,5,166.09999999999962,2,120.85,swap,notBad
13229,5,166.09999999999962,2,120.85,swap,notBad
13230,5,166.09999999999962,2,120.85,move,improve
13231,5,166.09999999999962,2,120.85,swap,notBad
13232,5,166.09999999999962,2,120.85,swap,notBad
13233,5,166.09999999999962,2,120.85,move,improve
13234,5,166.09999999999962,2,120.85,swap,notBad
13235,5,166.09999999999962,2,120.85,swap,notBad
13236,5,166.09999999999962,2,120.85,swap,notBad
13237,5,166.09999999999962,2,120.85,swap,notBad
13238,5,166.09999999999962,2,120.85,move,improve
13239,5,166.09999999999962,2,120.85,swap,notBad
13240,5,166.09999999999962,2,120.85,move,improve
13241,5,166.09999999999962,2,120.85,swap,notBad
13242,5,166.09999999999962,2,120.85,swap,notBad
13243,5,166.09999999999962,2,120.85,move,improve
13244,5,166.09999999999962,2,120.85,swap,notBad
13245,5,166.09999999999962,2,120.85,2opt,notBad
13246,5,166.09999999999962,2,120.85,swap,notBad
13247,5,166.09999999999962,2,120.85,2opt,notBad
13248,5,166.09999999999962,2,120.85,swap,notBad
13249,5,166.09999999999962,2,120.85,swap,notBad
13250,5,166.09999999999962,2,120.85,swap,notBad
13251,5,166.09999999999962,2,120.85,move,improve
13252,5,166.09999999999962,2,120.85,move,improve
13253,5,166.09999999999962,2,120.85,swap,notBad
13254,5,165.58000000000072,2,120.85,move,improve
13255,5,165.58000000000072,2,120.85,2opt,notBad
13256,5,165.58000000000072,2,120.85,swap,notBad
13257,5,165.58000000000072,2,120.85,swap,notBad
13258,5,165.58000000000072,2,120.85,2opt,improve
13259,5,165.58000000000072,2,120.85,swap,notBad
13260,5,165.58000000000072,2,120.85,2opt,notBad
13261,5,165.58000000000072,2,120.85,swap,notBad
13262,5,165.58000000000072,2,120.85,move,improve
13263,5,165.58000000000072,2,120.85,move,improve
13264,5,165.58000000000072,2,120.85,move,improve
13265,5,165.58000000000072,2,120.85,move,improve
13266,5,165.58000000000072,2,120.85,2opt,notBad
13267,5,165.58000000000072,2,120.85,swap,notBad
13268,5,165.58000000000072,2,120.85,2opt,notBad
13269,5,165.58000000000072,2,120.85,swap,notBad
13270,5,165.58000000000072,2,120.85,2opt,notBad
13271,5,165.58000000000072,2,120.85,swap,notBad
13272,5,165.58000000000072,2,120.85,2opt,notBad
13273,5,165.58000000000072,2,120.85,swap,notBad
13274,5,165.58000000000072,2,120.85,move,improve
13275,5,165.58000000000072,2,120.85,swap,notBad
13276,5,165.58000000000072,2,120.85,swap,notBad
13277,5,165.58000000000072,2,120.85,swap,notBad
13278,5,165.58000000000072,2,120.85,move,improve
13279,5,165.58000000000072,2,120.85,2opt,notBad
13280,5,165.58000000000072,2,120.85,swap,notBad
13281,5,165.58000000000072,2,120.85,move,improve
13282,5,165.58000000000072,2,120.85,move,improve
13283,5,165.58000000000072,2,120.85,move,improve
13284,5,165.58000000000072,2,120.85,2opt,notBad
13285,5,165.58000000000072,2,120.85,2opt,notBad
13286,5,165.58000000000072,2,120.85,2opt,notBad
13287,5,165.58000000000072,2,120.85,swap,notBad
13288,5,165.58000000000072,2,120.85,move,improve
13289,5,165.58000000000072,2,120.85,move,improve
13290,5,165.58000000000072,2,120.85,move,improve
13291,5,165.58000000000072,2,120.85,2opt,notBad
13292,5,165.58000000000072,2,120.85,swap,notBad
13293,5,165.58000000000072,2,120.85,2opt,notBad
13294,5,165.58000000000072,2,120.85,move,improve
13295,5,165.58000000000072,2,120.85,swap,notBad
13296,5,165.58000000000072,2,120.85,2opt,notBad
13297,5,165.58000000000072,2,120.85,move,improve
13298,5,165.58000000000072,2,120.85,move,improve
13299,5,165.58000000000072,2,120.85,move,improve
13300,5,165.58000000000072,2,120.85,swap,notBad
13301,5,165.58000000000072,2,120.85,2opt,improve
13302,5,165.58000000000072,2,120.85,move,improve
13303,5,165.58000000000072,2,120.85,2opt,notBad
13304,5,165.58000000000072,2,120.85,move,improve
13305,5,165.58000000000072,2,120.85,2opt,notBad
13306,5,165.58000000000072,2,120.85,move,improve
13307,5,165.58000000000072,2,120.85,2opt,notBad
13308,5,165.58000000000072,2,120.85,move,improve
13309,5,165.58000000000072,2,120.85,move,improve
13310,5,165.58000000000072,2,120.85,swap,notBad
13311,5,165.58000000000072,2,120.85,swap,notBad
13312,5,165.58000000000072,2,120.85,move,improve
13313,5,165.58000000000072,2,120.85,swap,notBad
13314,5,165.58000000000072,2,120.85,move,notBad
13315,5,165.58000000000072,2,120.85,2opt,notBad
13316,5,165.58000000000072,2,120.85,move,improve
13317,5,165.58000000000072,2,120.85,2opt,notBad
13318,5,165.58000000000072,2,120.85,2opt,notBad
13319,5,165.58000000000072,2,120.85,swap,notBad
13320,5,165.58000000000072,2,120.85,2opt,notBad
13321,5,165.58000000000072,2,120.85,move,improve
13322,5,165.58000000000072,2,120.85,move,improve
13323,5,165.58000000000072,2,120.85,swap,notBad
13324,5,165.58000000000072,2,120.85,move,improve
13325,5,165.58000000000072,2,120.85,2opt,notBad
13326,5,165.58000000000072,2,120.85,swap,notBad
13327,5,165.58000000000072,2,120.85,2opt,notBad
13328,5,165.58000000000072,2,120.85,move,improve
13329,5,165.58000000000072,2,120.85,move,improve
13330,5,165.58000000000072,2,120.85,swap,notBad
13331,5,165.58000000000072,2,120.85,move,improve
13332,5,165.58000000000072,2,120.85,swap,notBad
13333,5,165.58000000000072,2,120.85,swap,notBad
13334,5,165.58000000000072,2,120.85,2opt,notBad
13335,5,165.58000000000072,2,120.85,2opt,notBad
13336,5,165.58000000000072,2,120.85,2opt,notBad
13337,5,165.58000000000072,2,120.85,swap,notBad
13338,5,165.58000000000072,2,120.85,move,improve
13339,5,165.58000000000072,2,120.85,2opt,notBad
13340,5,165.58000000000072,2,120.85,move,improve
13341,5,165.58000000000072,2,120.85,swap,notBad
13342,5,165.58000000000072,2,120.85,swap,notBad
13343,5,165.58000000000072,2,120.85,2opt,notBad
13344,5,165.58000000000072,2,120.85,move,improve
13345,5,165.58000000000072,2,120.85,move,improve
13346,5,165.58000000000072,2,120.85,move,improve
13347,5,165.58000000000072,2,120.85,2opt,notBad
13348,5,165.58000000000072,2,120.85,2opt,notBad
13349,5,165.58000000000072,2,120.85,move,notBad
13350,5,165.58000000000072,2,120.85,swap,notBad
13351,5,165.58000000000072,2,120.85,move,improve
13352,5,165.58000000000072,2,120.85,move,improve
13353,5,165.58000000000072,2,120.85,swap,notBad
13354,5,165.58000000000072,2,120.85,move,improve
13355,5,165.58000000000072,2,120.85,2opt,notBad
13356,5,165.58000000000072,2,120.85,swap,notBad
13357,5,165.58000000000072,2,120.85,swap,notBad
13358,5,165.58000000000072,2,120.85,2opt,notBad
13359,5,165.58000000000072,2,120.85,2opt,notBad
13360,5,165.58000000000072,2,120.85,swap,notBad
13361,5,165.58000000000072,2,120.85,swap,notBad
13362,5,165.58000000000072,2,120.85,2opt,improve
13363,5,165.58000000000072,2,120.85,swap,notBad
13364,5,165.58000000000072,2,120.85,2opt,notBad
13365,5,165.58000000000072,2,120.85,2opt,notBad
13366,5,165.58000000000072,2,120.85,swap,notBad
13367,5,165.58000000000072,2,120.85,move,improve
13368,5,165.58000000000072,2,120.85,swap,notBad
13369,5,165.58000000000072,2,120.85,move,improve
13370,5,165.58000000000072,2,120.85,swap,notBad
13371,5,165.58000000000072,2,120.85,move,improve
13372,5,165.58000000000072,2,120.85,swap,notBad
13373,5,165.58000000000072,2,120.85,2opt,notBad
13374,5,165.58000000000072,2,120.85,move,improve
13375,5,165.58000000000072,2,120.85,move,improve
13376,5,165.58000000000072,2,120.85,swap,notBad
13377,5,165.58000000000072,2,120.85,move,improve
13378,5,165.58000000000072,2,120.85,2opt,notBad
13379,5,165.58000000000072,2,120.85,swap,notBad
13380,5,165.58000000000072,2,120.85,swap,notBad
13381,5,165.58000000000072,2,120.85,move,improve
13382,5,165.58000000000072,2,120.85,2opt,notBad
13383,5,165.58000000000072,2,120.85,swap,notBad
13384,5,165.58000000000072,2,120.85,swap,notBad
13385,5,165.58000000000072,2,120.85,2opt,notBad
13386,5,165.58000000000072,2,120.85,move,improve
13387,5,165.58000000000072,2,120.85,move,improve
13388,5,165.58000000000072,2,120.85,swap,notBad
13389,5,165.58000000000072,2,120.85,2opt,notBad
13390,5,165.58000000000072,2,120.85,move,improve
13391,5,165.58000000000072,2,120.85,2opt,notBad
13392,5,165.58000000000072,2,120.85,2opt,notBad
13393,5,165.58000000000072,2,120.85,2opt,notBad
13394,5,165.58000000000072,2,120.85,2opt,notBad
13395,5,165.58000000000072,2,120.85,move,improve
13396,5,165.58000000000072,2,120.85,swap,notBad
13397,5,165.58000000000072,2,120.85,move,improve
13398,5,165.58000000000072,2,120.85,move,improve
13399,5,165.58000000000072,2,120.85,2opt,notBad
13400,5,165.58000000000072,2,120.85,move,improve
13401,5,165.58000000000072,2,120.85,2opt,notBad
13402,5,165.58000000000072,2,120.85,2opt,notBad
13403,5,165.58000000000072,2,120.85,swap,notBad
13404,5,165.58000000000072,2,120.85,move,improve
13405,5,165.58000000000072,2,120.85,move,improve
13406,5,165.58000000000072,2,120.85,2opt,notBad
13407,5,165.58000000000072,2,120.85,2opt,improve
13408,5,165.58000000000072,2,120.85,2opt,notBad
13409,5,165.58000000000072,2,120.85,move,improve
13410,5,165.58000000000072,2,120.85,move,improve
13411,5,165.58000000000072,2,120.85,swap,notBad
13412,5,165.58000000000072,2,120.85,swap,notBad
13413,5,165.58000000000072,2,120.85,swap,notBad
13414,5,165.58000000000072,2,120.85,2opt,notBad
13415,5,165.58000000000072,2,120.85,2opt,notBad
13416,5,165.58000000000072,2,120.85,2opt,notBad
13417,5,165.58000000000072,2,120.85,2opt,notBad
13418,5,165.58000000000072,2,120.85,2opt,notBad
13419,5,165.58000000000072,2,120.85,move,improve
13420,5,165.58000000000072,2,120.85,swap,notBad
13421,5,165.58000000000072,2,120.85,swap,notBad
13422,5,165.58000000000072,2,120.85,swap,notBad
13423,5,165.58000000000072,2,120.85,swap,notBad
13424,5,165.58000000000072,2,120.85,swap,notBad
13425,5,165.58000000000072,2,120.85,swap,notBad
13426,5,165.58000000000072,2,120.85,swap,notBad
13427,5,165.58000000000072,2,120.85,swap,notBad
13428,5,165.58000000000072,2,120.85,swap,notBad
13429,5,165.58000000000072,2,120.85,move,improve
13430,5,165.58000000000072,2,120.85,swap,notBad
13431,5,165.58000000000072,2,120.85,move,improve
13432,5,165.58000000000072,2,120.85,2opt,notBad
13433,5,165.58000000000072,2,120.85,move,improve
13434,5,165.58000000000072,2,120.85,2opt,notBad
13435,5,165.58000000000072,2,120.85,swap,notBad
13436,5,165.58000000000072,2,120.85,2opt,improve
13437,5,165.58000000000072,2,120.85,move,improve
13438,5,165.58000000000072,2,120.85,move,improve
13439,5,165.58000000000072,2,120.85,swap,notBad
13440,5,165.58000000000072,2,120.85,2opt,notBad
13441,5,165.58000000000072,2,120.85,move,improve
13442,5,165.58000000000072,2,120.85,swap,notBad
13443,5,165.58000000000072,2,120.85,swap,notBad
13444,5,165.58000000000072,2,120.85,swap,notBad
13445,5,165.58000000000072,2,120.85,2opt,notBad
13446,5,165.58000000000072,2,120.85,2opt,notBad
13447,5,165.58000000000072,2,120.85,2opt,notBad
13448,5,165.58000000000072,2,120.85,move,improve
13449,5,165.58000000000072,2,120.85,2opt,notBad
13450,5,165.58000000000072,2,120.85,swap,notBad
13451,5,165.58000000000072,2,120.85,2opt,improve
13452,5,165.58000000000072,2,120.85,swap,notBad
13453,5,165.58000000000072,2,120.85,swap,notBad
13454,5,165.58000000000072,2,120.85,move,improve
13455,5,165.58000000000072,2,120.85,move,improve
13456,5,165.58000000000072,2,120.85,2opt,notBad
13457,5,165.58000000000072,2,120.85,swap,notBad
13458,5,165.58000000000072,2,120.85,2opt,notBad
13459,5,165.58000000000072,2,120.85,2opt,notBad
13460,5,165.58000000000072,2,120.85,move,improve
13461,5,165.58000000000072,2,120.85,2opt,notBad
13462,5,165.58000000000072,2,120.85,move,improve
13463,5,165.58000000000072,2,120.85,move,improve
13464,5,165.58000000000072,2,120.85,move,improve
13465,5,165.58000000000072,2,120.85,2opt,notBad
13466,5,165.58000000000072,2,120.85,2opt,notBad
13467,5,165.58000000000072,2,120.85,2opt,notBad
13468,5,165.58000000000072,2,120.85,move,improve
13469,5,165.58000000000072,2,120.85,2opt,notBad
13470,5,165.58000000000072,2,120.85,2opt,notBad
13471,5,165.58000000000072,2,120.85,swap,notBad
13472,5,165.58000000000072,2,120.85,swap,notBad
13473,5,165.58000000000072,2,120.85,swap,notBad
13474,5,165.58000000000072,2,120.85,2opt,notBad
13475,5,165.58000000000072,2,120.85,swap,notBad
13476,5,165.58000000000072,2,120.85,2opt,notBad
13477,5,165.58000000000072,2,120.85,swap,notBad
13478,5,165.58000000000072,2,120.85,swap,notBad
13479,5,165.58000000000072,2,120.85,2opt,notBad
13480,5,165.58000000000072,2,120.85,swap,notBad
13481,5,165.58000000000072,2,120.85,swap,notBad
13482,5,165.58000000000072,2,120.85,move,improve
13483,5,165.58000000000072,2,120.85,2opt,notBad
13484,5,165.58000000000072,2,120.85,move,improve
13485,5,165.58000000000072,2,120.85,swap,notBad
13486,5,165.58000000000072,2,120.85,move,improve
13487,5,165.58000000000072,2,120.85,move,improve
13488,5,165.58000000000072,2,120.85,move,improve
13489,5,165.58000000000072,2,120.85,swap,notBad
13490,5,165.58000000000072,2,120.85,swap,notBad
13491,5,165.58000000000072,2,120.85,move,improve
13492,5,165.58000000000072,2,120.85,2opt,notBad
13493,5,165.58000000000072,2,120.85,2opt,notBad
13494,5,165.58000000000072,2,120.85,move,improve
13495,5,165.58000000000072,2,120.85,2opt,notBad
13496,5,165.58000000000072,2,120.85,2opt,notBad
13497,5,165.58000000000072,2,120.85,swap,notBad
13498,5,165.58000000000072,2,120.85,move,improve
13499,5,165.58000000000072,2,120.85,2opt,notBad
13500,5,165.58000000000072,2,120.85,swap,notBad
13501,5,165.58000000000072,2,120.85,move,improve
13502,5,165.58000000000072,2,120.85,move,improve
13503,5,165.58000000000072,2,120.85,2opt,notBad
13504,5,165.58000000000072,2,120.85,2opt,notBad
13505,5,165.58000000000072,2,120.85,swap,notBad
13506,5,165.58000000000072,2,120.85,2opt,notBad
13507,5,165.58000000000072,2,120.85,swap,notBad
13508,5,165.58000000000072,2,120.85,swap,notBad
13509,5,165.58000000000072,2,120.85,move,improve
13510,5,165.58000000000072,2,120.85,2opt,notBad
13511,5,165.58000000000072,2,120.85,swap,notBad
13512,5,165.58000000000072,2,120.85,swap,notBad
13513,5,165.58000000000072,2,120.85,2opt,notBad
13514,5,165.58000000000072,2,120.85,2opt,notBad
13515,5,165.58000000000072,2,120.85,2opt,notBad
13516,5,165.58000000000072,2,120.85,move,improve
13517,5,165.58000000000072,2,120.85,2opt,notBad
13518,5,165.58000000000072,2,120.85,move,improve
13519,5,165.58000000000072,2,120.85,move,improve
13520,5,165.58000000000072,2,120.85,2opt,notBad
13521,5,165.58000000000072,2,120.85,swap,notBad
13522,5,165.58000000000072,2,120.85,move,improve
13523,5,165.58000000000072,2,120.85,2opt,notBad
13524,5,165.58000000000072,2,120.85,2opt,notBad
13525,5,165.58000000000072,2,120.85,swap,notBad
13526,5,165.58000000000072,2,120.85,move,improve
13527,5,165.58000000000072,2,120.85,2opt,improve
13528,5,165.58000000000072,2,120.85,swap,notBad
13529,5,165.58000000000072,2,120.85,2opt,notBad
13530,5,165.58000000000072,2,120.85,2opt,notBad
13531,5,165.58000000000072,2,120.85,2opt,notBad
13532,5,165.58000000000072,2,120.85,2opt,notBad
13533,5,165.58000000000072,2,120.85,move,improve
13534,5,165.58000000000072,2,120.85,swap,notBad
13535,5,165.58000000000072,2,120.85,move,improve
13536,5,165.58000000000072,2,120.85,2opt,notBad
13537,5,165.58000000000072,2,120.85,move,improve
13538,5,165.58000000000072,2,120.85,2opt,notBad
13539,5,165.58000000000072,2,120.85,move,improve
13540,5,165.58000000000072,2,120.85,2opt,notBad
13541,5,165.58000000000072,2,120.85,swap,notBad
13542,5,165.58000000000072,2,120.85,2opt,notBad
13543,5,165.58000000000072,2,120.85,move,improve
13544,5,165.58000000000072,2,120.85,swap,notBad
13545,5,165.58000000000072,2,120.85,move,improve
13546,5,165.58000000000072,2,120.85,move,improve
13547,5,165.58000000000072,2,120.85,2opt,notBad
13548,5,165.58000000000072,2,120.85,swap,notBad
13549,5,165.58000000000072,2,120.85,move,improve
13550,5,165.58000000000072,2,120.85,swap,notBad
13551,5,165.58000000000072,2,120.85,2opt,notBad
13552,5,165.58000000000072,2,120.85,swap,notBad
13553,5,165.58000000000072,2,120.85,move,improve
13554,5,165.58000000000072,2,120.85,2opt,notBad
13555,5,165.58000000000072,2,120.85,2opt,notBad
13556,5,165.58000000000072,2,120.85,2opt,notBad
13557,5,165.58000000000072,2,120.85,swap,notBad
13558,5,165.58000000000072,2,120.85,swap,notBad
13559,5,165.58000000000072,2,120.85,move,improve
13560,5,165.58000000000072,2,120.85,swap,notBad
13561,5,165.58000000000072,2,120.85,2opt,improve
13562,5,165.58000000000072,2,120.85,2opt,improve
13563,5,165.58000000000072,2,120.85,move,improve
13564,5,165.58000000000072,2,120.85,move,improve
13565,5,165.58000000000072,2,120.85,swap,notBad
13566,5,165.58000000000072,2,120.85,2opt,notBad
13567,5,165.58000000000072,2,120.85,2opt,notBad
13568,5,165.58000000000072,2,120.85,2opt,improve
13569,5,165.58000000000072,2,120.85,2opt,notBad
13570,5,165.58000000000072,2,120.85,swap,notBad
13571,5,165.58000000000072,2,120.85,swap,notBad
13572,5,165.58000000000072,2,120.85,swap,notBad
13573,5,165.58000000000072,2,120.85,swap,notBad
13574,5,165.58000000000072,2,120.85,move,improve
13575,5,165.58000000000072,2,120.85,move,improve
13576,5,165.58000000000072,2,120.85,2opt,notBad
13577,5,165.58000000000072,2,120.85,move,improve
13578,5,165.58000000000072,2,120.85,2opt,notBad
13579,5,165.58000000000072,2,120.85,move,improve
13580,5,165.58000000000072,2,120.85,move,improve
13581,5,165.58000000000072,2,120.85,move,improve
13582,5,165.58000000000072,2,120.85,2opt,notBad
13583,5,165.58000000000072,2,120.85,2opt,notBad
13584,5,165.58000000000072,2,120.85,2opt,notBad
13585,5,165.58000000000072,2,120.85,move,improve
13586,5,165.58000000000072,2,120.85,move,improve
13587,5,165.58000000000072,2,120.85,swap,notBad
13588,5,165.58000000000072,2,120.85,move,improve
13589,5,165.58000000000072,2,120.85,swap,notBad
13590,5,165.58000000000072,2,120.85,2opt,notBad
13591,5,165.58000000000072,2,120.85,swap,notBad
13592,5,165.58000000000072,2,120.85,swap,notBad
13593,5,165.58000000000072,2,120.85,move,improve
13594,5,165.58000000000072,2,120.85,swap,notBad
13595,5,165.58000000000072,2,120.85,2opt,improve
13596,5,165.58000000000072,2,120.85,2opt,notBad
13597,5,165.58000000000072,2,120.85,2opt,improve
13598,5,165.58000000000072,2,120.85,move,improve
13599,5,165.58000000000072,2,120.85,move,improve
13600,5,165.58000000000072,2,120.85,2opt,notBad
13601,5,165.58000000000072,2,120.85,move,improve
13602,5,165.58000000000072,2,120.85,swap,notBad
13603,5,165.58000000000072,2,120.85,swap,notBad
13604,5,165.58000000000072,2,120.85,move,improve
13605,5,165.58000000000072,2,120.85,move,improve
13606,5,165.58000000000072,2,120.85,2opt,notBad
13607,5,165.58000000000072,2,120.85,swap,notBad
13608,5,165.58000000000072,2,120.85,swap,notBad
13609,5,165.58000000000072,2,120.85,swap,notBad
13610,5,165.58000000000072,2,120.85,move,improve
13611,5,165.58000000000072,2,120.85,move,improve
13612,5,165.58000000000072,2,120.85,2opt,notBad
13613,5,165.58000000000072,2,120.85,2opt,notBad
13614,5,165.58000000000072,2,120.85,2opt,notBad
13615,5,165.58000000000072,2,120.85,move,improve
13616,5,165.58000000000072,2,120.85,move,improve
13617,5,165.58000000000072,2,120.85,move,improve
13618,5,165.58000000000072,2,120.85,swap,notBad
13619,5,165.58000000000072,2,120.85,move,improve
13620,5,165.58000000000072,2,120.85,move,improve
13621,5,165.58000000000072,2,120.85,2opt,notBad
13622,5,165.58000000000072,2,120.85,2opt,notBad
13623,5,165.58000000000072,2,120.85,move,improve
13624,5,165.58000000000072,2,120.85,2opt,notBad
13625,5,165.58000000000072,2,120.85,2opt,notBad
13626,5,165.58000000000072,2,120.85,2opt,notBad
13627,5,165.58000000000072,2,120.85,2opt,notBad
13628,5,165.58000000000072,2,120.85,move,improve
13629,5,165.58000000000072,2,120.85,swap,notBad
13630,5,165.58000000000072,2,120.85,2opt,improve
13631,5,165.58000000000072,2,120.85,move,improve
13632,5,165.58000000000072,2,120.85,swap,notBad
13633,5,166.10000000000107,2,120.85,swap,acceptBad
13634,5,166.10000000000107,2,120.85,2opt,improve
13635,5,166.10000000000107,2,120.85,swap,notBad
13636,5,166.10000000000107,2,120.85,swap,notBad
13637,5,166.10000000000107,2,120.85,2opt,notBad
13638,5,166.10000000000107,2,120.85,move,improve
13639,5,166.10000000000107,2,120.85,2opt,notBad
13640,5,166.10000000000107,2,120.85,swap,notBad
13641,5,166.10000000000107,2,120.85,swap,notBad
13642,5,166.10000000000107,2,120.85,swap,notBad
13643,5,166.10000000000107,2,120.85,swap,notBad
13644,5,166.10000000000107,2,120.85,swap,notBad
13645,5,166.10000000000107,2,120.85,move,improve
13646,5,166.10000000000107,2,120.85,swap,notBad
13647,5,166.10000000000107,2,120.85,swap,notBad
13648,5,166.10000000000107,2,120.85,swap,notBad
13649,5,166.10000000000107,2,120.85,move,improve
13650,5,166.10000000000107,2,120.85,2opt,notBad
13651,5,166.10000000000107,2,120.85,2opt,notBad
13652,5,166.10000000000107,2,120.85,move,improve
13653,5,166.10000000000107,2,120.85,move,notBad
13654,5,166.10000000000107,2,120.85,swap,notBad
13655,5,166.10000000000107,2,120.85,move,improve
13656,5,166.10000000000107,2,120.85,swap,notBad
13657,5,166.10000000000107,2,120.85,2opt,notBad
13658,5,166.10000000000107,2,120.85,swap,notBad
13659,5,166.10000000000107,2,120.85,2opt,notBad
13660,5,166.10000000000107,2,120.85,swap,notBad
13661,5,166.10000000000107,2,120.85,2opt,notBad
13662,5,166.10000000000107,2,120.85,2opt,notBad
13663,5,166.10000000000107,2,120.85,move,improve
13664,5,166.10000000000107,2,120.85,2opt,notBad
13665,5,166.10000000000107,2,120.85,move,improve
13666,5,166.10000000000107,2,120.85,2opt,notBad
13667,5,166.10000000000107,2,120.85,swap,notBad
13668,5,166.10000000000107,2,120.85,move,improve
13669,5,166.10000000000107,2,120.85,2opt,notBad
13670,5,166.10000000000107,2,120.85,swap,notBad
13671,5,166.10000000000107,2,120.85,move,improve
13672,5,166.10000000000107,2,120.85,2opt,notBad
13673,5,166.10000000000107,2,120.85,2opt,notBad
13674,5,166.10000000000107,2,120.85,swap,notBad
13675,5,166.10000000000107,2,120.85,swap,notBad
13676,5,166.10000000000107,2,120.85,move,improve
13677,5,166.10000000000107,2,120.85,2opt,notBad
13678,5,166.10000000000107,2,120.85,swap,notBad
13679,5,166.10000000000107,2,120.85,2opt,notBad
13680,5,166.10000000000107,2,120.85,swap,notBad
13681,5,166.10000000000107,2,120.85,2opt,notBad
13682,5,166.10000000000107,2,120.85,move,improve
13683,5,166.10000000000107,2,120.85,swap,notBad
13684,5,165.58000000000072,2,120.85,move,improve
13685,5,165.58000000000072,2,120.85,2opt,improve
13686,5,165.58000000000072,2,120.85,2opt,notBad
13687,5,165.58000000000072,2,120.85,move,improve
13688,5,165.58000000000072,2,120.85,move,improve
13689,5,165.58000000000072,2,120.85,move,improve
13690,5,165.58000000000072,2,120.85,swap,notBad
13691,5,165.58000000000072,2,120.85,move,improve
13692,5,165.58000000000072,2,120.85,move,improve
13693,5,165.58000000000072,2,120.85,move,improve
13694,5,165.58000000000072,2,120.85,swap,notBad
13695,5,165.58000000000072,2,120.85,move,improve
13696,5,165.58000000000072,2,120.85,move,improve
13697,5,165.58000000000072,2,120.85,swap,notBad
13698,5,165.58000000000072,2,120.85,swap,notBad
13699,5,165.58000000000072,2,120.85,move,improve
13700,5,165.58000000000072,2,120.85,2opt,notBad
13701,5,165.58000000000072,2,120.85,swap,notBad
13702,5,165.58000000000072,2,120.85,swap,notBad
13703,5,165.58000000000072,2,120.85,move,improve
13704,5,165.58000000000072,2,120.85,move,improve
13705,5,165.58000000000072,2,120.85,swap,notBad
13706,5,165.71000000000072,2,120.85,swap,acceptBad
13707,5,165.71000000000072,2,120.85,2opt,notBad
13708,5,165.71000000000072,2,120.85,swap,notBad
13709,5,165.71000000000072,2,120.85,move,improve
13710,5,165.71000000000072,2,120.85,swap,notBad
13711,5,165.71000000000072,2,120.85,2opt,notBad
13712,5,165.71000000000072,2,120.85,2opt,notBad
13713,5,165.71000000000072,2,120.85,2opt,notBad
13714,5,165.71000000000072,2,120.85,swap,notBad
13715,5,165.71000000000072,2,120.85,move,improve
13716,5,165.71000000000072,2,120.85,2opt,improve
13717,5,165.71000000000072,2,120.85,move,improve
13718,5,165.71000000000072,2,120.85,2opt,notBad
13719,5,165.71000000000072,2,120.85,swap,notBad
13720,5,165.71000000000072,2,120.85,swap,notBad
13721,5,165.71000000000072,2,120.85,swap,notBad
13722,5,165.71000000000072,2,120.85,2opt,notBad
13723,5,165.71000000000072,2,120.85,swap,notBad
13724,5,165.71000000000072,2,120.85,2opt,notBad
13725,5,165.71000000000072,2,120.85,move,improve
13726,5,165.71000000000072,2,120.85,swap,notBad
13727,5,165.71000000000072,2,120.85,swap,notBad
13728,5,165.71000000000072,2,120.85,move,improve
13729,5,165.71000000000072,2,120.85,move,improve
13730,5,165.71000000000072,2,120.85,move,improve
13731,5,165.71000000000072,2,120.85,swap,notBad
13732,5,165.71000000000072,2,120.85,swap,notBad
13733,5,165.71000000000072,2,120.85,move,improve
13734,5,165.71000000000072,2,120.85,swap,notBad
13735,5,165.71000000000072,2,120.85,2opt,notBad
13736,5,165.71000000000072,2,120.85,swap,notBad
13737,5,165.71000000000072,2,120.85,2opt,notBad
13738,5,165.71000000000072,2,120.85,move,improve
13739,5,165.71000000000072,2,120.85,move,improve
13740,5,165.71000000000072,2,120.85,swap,notBad
13741,5,165.71000000000072,2,120.85,swap,notBad
13742,5,165.71000000000072,2,120.85,swap,notBad
13743,5,165.71000000000072,2,120.85,swap,notBad
13744,5,165.71000000000072,2,120.85,move,improve
13745,5,165.71000000000072,2,120.85,swap,notBad
13746,5,165.71000000000072,2,120.85,move,improve
13747,5,165.71000000000072,2,120.85,move,improve
13748,5,165.71000000000072,2,120.85,swap,notBad
13749,5,165.71000000000072,2,120.85,move,improve
13750,5,165.71000000000072,2,120.85,move,improve
13751,5,165.71000000000072,2,120.85,2opt,notBad
13752,5,165.71000000000072,2,120.85,move,notBad
13753,5,165.71000000000072,2,120.85,move,improve
13754,5,165.71000000000072,2,120.85,swap,notBad
13755,5,165.71000000000072,2,120.85,swap,notBad
13756,5,165.71000000000072,2,120.85,2opt,notBad
13757,5,165.71000000000072,2,120.85,move,improve
13758,5,165.71000000000072,2,120.85,move,improve
13759,5,165.71000000000072,2,120.85,swap,notBad
13760,5,165.71000000000072,2,120.85,move,improve
13761,5,165.71000000000072,2,120.85,swap,notBad
13762,5,165.71000000000072,2,120.85,move,improve
13763,5,165.71000000000072,2,120.85,move,improve
13764,5,165.71000000000072,2,120.85,move,improve
13765,5,165.71000000000072,2,120.85,2opt,notBad
13766,5,165.71000000000072,2,120.85,move,improve
13767,5,165.71000000000072,2,120.85,swap,notBad
13768,5,165.71000000000072,2,120.85,move,improve
13769,5,165.71000000000072,2,120.85,swap,notBad
13770,5,165.71000000000072,2,120.85,swap,notBad
13771,5,165.71000000000072,2,120.85,2opt,notBad
13772,5,165.71000000000072,2,120.85,2opt,notBad
13773,5,165.71000000000072,2,120.85,swap,notBad
13774,5,165.71000000000072,2,120.85,move,improve
13775,5,165.71000000000072,2,120.85,swap,notBad
13776,5,165.71000000000072,2,120.85,move,improve
13777,5,165.71000000000072,2,120.85,move,improve
13778,5,165.71000000000072,2,120.85,2opt,notBad
13779,5,165.71000000000072,2,120.85,move,improve
13780,5,165.71000000000072,2,120.85,swap,notBad
13781,5,165.71000000000072,2,120.85,move,improve
13782,5,165.71000000000072,2,120.85,2opt,notBad
13783,5,165.71000000000072,2,120.85,2opt,notBad
13784,5,165.71000000000072,2,120.85,swap,notBad
13785,5,165.71000000000072,2,120.85,move,improve
13786,5,165.71000000000072,2,120.85,move,improve
13787,5,165.71000000000072,2,120.85,swap,notBad
13788,5,165.71000000000072,2,120.85,swap,notBad
13789,5,165.71000000000072,2,120.85,swap,notBad
13790,5,165.71000000000072,2,120.85,move,improve
13791,5,165.71000000000072,2,120.85,move,improve
13792,5,165.71000000000072,2,120.85,move,improve
13793,5,165.71000000000072,2,120.85,2opt,notBad
13794,5,165.71000000000072,2,120.85,move,improve
13795,5,165.71000000000072,2,120.85,2opt,notBad
13796,5,165.71000000000072,2,120.85,move,improve
13797,5,165.71000000000072,2,120.85,2opt,notBad
13798,5,165.71000000000072,2,120.85,swap,notBad
13799,5,165.71000000000072,2,120.85,move,improve
13800,5,165.71000000000072,2,120.85,swap,notBad
13801,5,165.71000000000072,2,120.85,2opt,notBad
13802,5,165.71000000000072,2,120.85,move,improve
13803,5,165.71000000000072,2,120.85,move,improve
13804,5,165.71000000000072,2,120.85,swap,notBad
13805,5,165.71000000000072,2,120.85,swap,notBad
13806,5,165.71000000000072,2,120.85,2opt,improve
13807,5,165.71000000000072,2,120.85,move,improve
13808,5,165.71000000000072,2,120.85,2opt,notBad
13809,5,165.71000000000072,2,120.85,move,improve
13810,5,165.71000000000072,2,120.85,move,improve
13811,5,165.71000000000072,2,120.85,2opt,notBad
13812,5,165.71000000000072,2,120.85,swap,notBad
13813,5,165.71000000000072,2,120.85,move,improve
13814,5,165.71000000000072,2,120.85,move,improve
13815,5,165.71000000000072,2,120.85,2opt,notBad
13816,5,165.71000000000072,2,120.85,move,improve
13817,5,165.71000000000072,2,120.85,move,improve
13818,5,165.71000000000072,2,120.85,2opt,improve
13819,5,165.71000000000072,2,120.85,2opt,notBad
13820,5,165.71000000000072,2,120.85,swap,notBad
13821,5,165.71000000000072,2,120.85,swap,notBad
13822,5,165.71000000000072,2,120.85,swap,notBad
13823,5,165.71000000000072,2,120.85,move,improve
13824,5,165.71000000000072,2,120.85,swap,notBad
13825,5,165.71000000000072,2,120.85,2opt,notBad
13826,5,165.71000000000072,2,120.85,swap,notBad
13827,5,165.71000000000072,2,120.85,swap,notBad
13828,5,165.71000000000072,2,120.85,swap,notBad
13829,5,165.71000000000072,2,120.85,move,improve
13830,5,165.71000000000072,2,120.85,swap,notBad
13831,5,165.71000000000072,2,120.85,2opt,improve
13832,5,165.71000000000072,2,120.85,move,improve
13833,5,165.71000000000072,2,120.85,move,improve
13834,5,165.71000000000072,2,120.85,2opt,improve
13835,5,165.71000000000072,2,120.85,2opt,notBad
13836,5,165.71000000000072,2,120.85,2opt,notBad
13837,5,165.71000000000072,2,120.85,move,improve
13838,5,165.71000000000072,2,120.85,2opt,notBad
13839,5,165.71000000000072,2,120.85,2opt,notBad
13840,5,165.71000000000072,2,120.85,swap,notBad
13841,5,165.71000000000072,2,120.85,move,improve
13842,5,165.71000000000072,2,120.85,swap,notBad
13843,5,165.71000000000072,2,120.85,2opt,notBad
13844,5,165.71000000000072,2,120.85,swap,notBad
13845,5,165.58000000000072,2,120.85,move,improve
13846,5,165.58000000000072,2,120.85,move,improve
13847,5,165.58000000000072,2,120.85,swap,notBad
13848,5,165.58000000000072,2,120.85,2opt,notBad
13849,5,165.58000000000072,2,120.85,2opt,notBad
13850,5,165.58000000000072,2,120.85,move,improve
13851,5,165.58000000000072,2,120.85,move,improve
13852,5,166.10000000000107,2,120.85,swap,acceptBad
13853,5,166.10000000000107,2,120.85,2opt,notBad
13854,5,166.10000000000107,2,120.85,2opt,notBad
13855,5,166.10000000000107,2,120.85,2opt,improve
13856,5,166.10000000000107,2,120.85,swap,notBad
13857,5,166.10000000000107,2,120.85,move,improve
13858,5,166.10000000000107,2,120.85,2opt,notBad
13859,5,166.10000000000107,2,120.85,2opt,notBad
13860,5,166.10000000000107,2,120.85,2opt,notBad
13861,5,166.10000000000107,2,120.85,2opt,notBad
13862,5,166.10000000000107,2,120.85,swap,notBad
13863,5,166.10000000000107,2,120.85,2opt,notBad
13864,5,166.10000000000107,2,120.85,2opt,notBad
13865,5,166.10000000000107,2,120.85,2opt,notBad
13866,5,166.10000000000107,2,120.85,2opt,notBad
13867,5,166.10000000000107,2,120.85,swap,notBad
13868,5,165.58000000000072,2,120.85,move,improve
13869,5,165.58000000000072,2,120.85,move,improve
13870,5,165.58000000000072,2,120.85,swap,notBad
13871,5,165.58000000000072,2,120.85,move,improve
13872,5,165.58000000000072,2,120.85,swap,notBad
13873,5,165.58000000000072,2,120.85,move,improve
13874,5,165.58000000000072,2,120.85,move,improve
13875,5,165.58000000000072,2,120.85,swap,notBad
13876,5,165.58000000000072,2,120.85,move,improve
13877,5,165.58000000000072,2,120.85,2opt,notBad
13878,5,165.58000000000072,2,120.85,2opt,notBad
13879,5,165.58000000000072,2,120.85,swap,notBad
13880,5,165.58000000000072,2,120.85,move,improve
13881,5,165.58000000000072,2,120.85,swap,notBad
13882,5,165.58000000000072,2,120.85,2opt,notBad
13883,5,165.58000000000072,2,120.85,2opt,notBad
13884,5,165.58000000000072,2,120.85,swap,notBad
13885,5,165.58000000000072,2,120.85,move,improve
13886,5,165.58000000000072,2,120.85,2opt,notBad
13887,5,165.58000000000072,2,120.85,move,improve
13888,5,165.58000000000072,2,120.85,2opt,notBad
13889,5,165.58000000000072,2,120.85,2opt,notBad
13890,5,165.58000000000072,2,120.85,move,improve
13891,5,165.58000000000072,2,120.85,swap,notBad
13892,5,165.58000000000072,2,120.85,move,improve
13893,5,165.58000000000072,2,120.85,move,improve
13894,5,165.58000000000072,2,120.85,move,improve
13895,5,165.58000000000072,2,120.85,move,improve
13896,5,165.58000000000072,2,120.85,move,improve
13897,5,165.58000000000072,2,120.85,swap,notBad
13898,5,165.58000000000072,2,120.85,swap,notBad
13899,5,165.58000000000072,2,120.85,2opt,notBad
13900,5,165.58000000000072,2,120.85,move,improve
13901,5,165.58000000000072,2,120.85,swap,notBad
13902,5,165.58000000000072,2,120.85,swap,notBad
13903,5,165.58000000000072,2,120.85,swap,notBad
13904,5,165.58000000000072,2,120.85,move,improve
13905,5,165.58000000000072,2,120.85,move,improve
13906,5,165.58000000000072,2,120.85,2opt,notBad
13907,5,165.58000000000072,2,120.85,move,improve
13908,5,165.58000000000072,2,120.85,2opt,notBad
13909,5,165.58000000000072,2,120.85,swap,notBad
13910,5,165.58000000000072,2,120.85,2opt,notBad
13911,5,165.58000000000072,2,120.85,move,improve
13912,5,165.58000000000072,2,120.85,move,improve
13913,5,165.58000000000072,2,120.85,move,improve
13914,5,165.58000000000072,2,120.85,swap,notBad
13915,5,165.58000000000072,2,120.85,2opt,improve
13916,5,165.58000000000072,2,120.85,2opt,improve
13917,5,165.58000000000072,2,120.85,swap,notBad
13918,5,165.58000000000072,2,120.85,swap,notBad
13919,5,165.58000000000072,2,120.85,move,improve
13920,5,165.58000000000072,2,120.85,2opt,notBad
13921,5,165.58000000000072,2,120.85,move,improve
13922,5,165.58000000000072,2,120.85,move,improve
13923,5,165.58000000000072,2,120.85,swap,notBad
13924,5,165.58000000000072,2,120.85,swap,notBad
13925,5,165.58000000000072,2,120.85,swap,notBad
13926,5,165.58000000000072,2,120.85,move,improve
13927,5,165.58000000000072,2,120.85,move,improve
13928,5,165.58000000000072,2,120.85,2opt,notBad
13929,5,165.58000000000072,2,120.85,2opt,notBad
13930,5,165.58000000000072,2,120.85,move,improve
13931,5,165.58000000000072,2,120.85,2opt,notBad
13932,5,165.58000000000072,2,120.85,swap,notBad
13933,5,165.58000000000072,2,120.85,2opt,notBad
13934,5,165.58000000000072,2,120.85,swap,notBad
13935,5,165.58000000000072,2,120.85,move,improve
13936,5,165.58000000000072,2,120.85,2opt,improve
13937,5,165.58000000000072,2,120.85,swap,notBad
13938,5,165.58000000000072,2,120.85,2opt,notBad
13939,5,165.58000000000072,2,120.85,swap,notBad
13940,5,165.58000000000072,2,120.85,swap,notBad
13941,5,165.58000000000072,2,120.85,move,improve
13942,5,165.58000000000072,2,120.85,move,improve
13943,5,165.58000000000072,2,120.85,swap,notBad
13944,5,165.58000000000072,2,120.85,2opt,notBad
13945,5,165.58000000000072,2,120.85,swap,notBad
13946,5,165.58000000000072,2,120.85,2opt,notBad
13947,5,165.58000000000072,2,120.85,2opt,improve
13948,5,165.58000000000072,2,120.85,swap,notBad
13949,5,165.58000000000072,2,120.85,2opt,notBad
13950,5,165.58000000000072,2,120.85,2opt,notBad
13951,5,165.58000000000072,2,120.85,2opt,notBad
13952,5,165.58000000000072,2,120.85,swap,notBad
13953,5,165.58000000000072,2,120.85,move,improve
13954,5,165.58000000000072,2,120.85,swap,notBad
13955,5,165.58000000000072,2,120.85,swap,notBad
13956,5,165.58000000000072,2,120.85,move,improve
13957,5,165.58000000000072,2,120.85,2opt,notBad
13958,5,165.58000000000072,2,120.85,move,improve
13959,5,165.58000000000072,2,120.85,2opt,notBad
13960,5,165.58000000000072,2,120.85,2opt,notBad
13961,5,165.58000000000072,2,120.85,swap,notBad
13962,5,165.58000000000072,2,120.85,move,improve
13963,5,165.58000000000072,2,120.85,2opt,notBad
13964,5,165.58000000000072,2,120.85,swap,notBad
13965,5,165.58000000000072,2,120.85,swap,notBad
13966,5,165.58000000000072,2,120.85,move,improve
13967,5,165.58000000000072,2,120.85,swap,notBad
13968,5,165.58000000000072,2,120.85,2opt,improve
13969,5,165.58000000000072,2,120.85,move,improve
13970,5,165.58000000000072,2,120.85,move,improve
13971,5,165.58000000000072,2,120.85,2opt,notBad
13972,5,165.58000000000072,2,120.85,2opt,notBad
13973,5,165.58000000000072,2,120.85,2opt,notBad
13974,5,165.58000000000072,2,120.85,2opt,notBad
13975,5,165.58000000000072,2,120.85,swap,notBad
13976,5,165.58000000000072,2,120.85,swap,notBad
13977,5,165.58000000000072,2,120.85,swap,notBad
13978,5,165.58000000000072,2,120.85,move,improve
13979,5,165.58000000000072,2,120.85,move,improve
13980,5,165.58000000000072,2,120.85,2opt,notBad
13981,5,165.58000000000072,2,120.85,move,improve
13982,5,165.58000000000072,2,120.85,2opt,notBad
13983,5,165.58000000000072,2,120.85,swap,notBad
13984,5,165.58000000000072,2,120.85,2opt,notBad
13985,5,165.58000000000072,2,120.85,move,improve
13986,5,165.58000000000072,2,120.85,move,improve
13987,5,165.58000000000072,2,120.85,2opt,improve
13988,5,165.58000000000072,2,120.85,move,improve
13989,5,165.58000000000072,2,120.85,2opt,notBad
13990,5,165.58000000000072,2,120.85,2opt,notBad
13991,5,165.58000000000072,2,120.85,move,notBad
13992,5,165.58000000000072,2,120.85,2opt,notBad
13993,5,165.58000000000072,2,120.85,2opt,notBad
13994,5,165.58000000000072,2,120.85,swap,notBad
13995,5,165.58000000000072,2,120.85,2opt,notBad
13996,5,165.58000000000072,2,120.85,move,improve
13997,5,165.58000000000072,2,120.85,move,improve
13998,5,165.58000000000072,2,120.85,move,improve
13999,5,165.58000000000072,2,120.85,move,improve
14000,5,165.58000000000072,2,120.85,2opt,notBad
14001,5,165.58000000000072,2,120.85,move,improve
14002,5,165.58000000000072,2,120.85,swap,notBad
14003,5,165.58000000000072,2,120.85,swap,notBad
14004,5,165.58000000000072,2,120.85,move,improve
14005,5,165.58000000000072,2,120.85,2opt,notBad
14006,5,165.58000000000072,2,120.85,move,improve
14007,5,165.58000000000072,2,120.85,move,improve
14008,5,165.58000000000072,2,120.85,2opt,notBad
14009,5,165.58000000000072,2,120.85,swap,notBad
14010,5,165.58000000000072,2,120.85,2opt,notBad
14011,5,165.58000000000072,2,120.85,move,improve
14012,5,165.58000000000072,2,120.85,swap,notBad
14013,5,165.58000000000072,2,120.85,2opt,notBad
14014,5,165.58000000000072,2,120.85,2opt,notBad
14015,5,165.58000000000072,2,120.85,2opt,notBad
14016,5,165.58000000000072,2,120.85,swap,notBad
14017,5,165.58000000000072,2,120.85,move,improve
14018,5,165.58000000000072,2,120.85,move,improve
14019,5,165.58000000000072,2,120.85,swap,notBad
14020,5,165.58000000000072,2,120.85,2opt,notBad
14021,5,165.58000000000072,2,120.85,move,improve
14022,5,165.58000000000072,2,120.85,move,notBad
14023,5,165.58000000000072,2,120.85,move,improve
14024,5,165.58000000000072,2,120.85,move,improve
14025,5,165.58000000000072,2,120.85,2opt,notBad
14026,5,165.58000000000072,2,120.85,2opt,notBad
14027,5,165.58000000000072,2,120.85,2opt,notBad
14028,5,165.58000000000072,2,120.85,2opt,notBad
14029,5,165.58000000000072,2,120.85,2opt,notBad
14030,5,165.58000000000072,2,120.85,2opt,notBad
14031,5,165.58000000000072,2,120.85,swap,notBad
14032,5,165.58000000000072,2,120.85,2opt,notBad
14033,5,165.58000000000072,2,120.85,swap,notBad
14034,5,165.58000000000072,2,120.85,2opt,notBad
14035,5,165.58000000000072,2,120.85,2opt,notBad
14036,5,165.58000000000072,2,120.85,swap,notBad
14037,5,165.58000000000072,2,120.85,swap,notBad
14038,5,165.58000000000072,2,120.85,move,improve
14039,5,165.58000000000072,2,120.85,move,improve
14040,5,165.58000000000072,2,120.85,move,improve
14041,5,165.58000000000072,2,120.85,move,improve
14042,5,165.58000000000072,2,120.85,swap,notBad
14043,5,165.58000000000072,2,120.85,move,improve
14044,5,165.58000000000072,2,120.85,move,improve
14045,5,165.58000000000072,2,120.85,2opt,notBad
14046,5,165.58000000000072,2,120.85,move,improve
14047,5,165.58000000000072,2,120.85,2opt,notBad
14048,5,165.58000000000072,2,120.85,move,improve
14049,5,165.58000000000072,2,120.85,swap,notBad
14050,5,165.58000000000072,2,120.85,2opt,notBad
14051,5,165.58000000000072,2,120.85,swap,notBad
14052,5,165.58000000000072,2,120.85,2opt,notBad
14053,5,165.58000000000072,2,120.85,2opt,notBad
14054,5,165.58000000000072,2,120.85,move,improve
14055,5,165.58000000000072,2,120.85,move,improve
14056,5,165.58000000000072,2,120.85,swap,notBad
14057,5,165.58000000000072,2,120.85,2opt,notBad
14058,5,165.58000000000072,2,120.85,2opt,improve
14059,5,165.58000000000072,2,120.85,swap,notBad
14060,5,165.58000000000072,2,120.85,move,improve
14061,5,165.58000000000072,2,120.85,move,improve
14062,5,165.58000000000072,2,120.85,move,improve
14063,5,165.58000000000072,2,120.85,2opt,notBad
14064,5,165.58000000000072,2,120.85,move,improve
14065,5,165.58000000000072,2,120.85,move,improve
14066,5,165.58000000000072,2,120.85,2opt,notBad
14067,5,165.58000000000072,2,120.85,2opt,notBad
14068,5,165.58000000000072,2,120.85,swap,notBad
14069,5,165.58000000000072,2,120.85,2opt,notBad
14070,5,165.58000000000072,2,120.85,move,improve
14071,5,165.58000000000072,2,120.85,2opt,notBad
14072,5,165.58000000000072,2,120.85,move,improve
14073,5,165.58000000000072,2,120.85,2opt,notBad
14074,5,165.58000000000072,2,120.85,swap,notBad
14075,5,165.58000000000072,2,120.85,2opt,notBad
14076,5,165.58000000000072,2,120.85,2opt,notBad
14077,5,165.58000000000072,2,120.85,move,notBad
14078,5,165.58000000000072,2,120.85,2opt,notBad
14079,5,165.58000000000072,2,120.85,2opt,notBad
14080,5,165.58000000000072,2,120.85,move,improve
14081,5,165.58000000000072,2,120.85,swap,notBad
14082,5,165.58000000000072,2,120.85,move,improve
14083,5,165.58000000000072,2,120.85,swap,notBad
14084,5,165.58000000000072,2,120.85,2opt,notBad
14085,5,165.58000000000072,2,120.85,2opt,improve
14086,5,165.58000000000072,2,120.85,2opt,notBad
14087,5,165.58000000000072,2,120.85,2opt,improve
14088,5,165.58000000000072,2,120.85,2opt,notBad
14089,5,165.58000000000072,2,120.85,2opt,notBad
14090,5,165.58000000000072,2,120.85,swap,notBad
14091,5,165.58000000000072,2,120.85,move,improve
14092,5,165.58000000000072,2,120.85,swap,notBad
14093,5,165.58000000000072,2,120.85,swap,notBad
14094,5,165.58000000000072,2,120.85,move,improve
14095,5,165.58000000000072,2,120.85,swap,notBad
14096,5,165.58000000000072,2,120.85,swap,notBad
14097,5,165.58000000000072,2,120.85,move,improve
14098,5,165.58000000000072,2,120.85,2opt,notBad
14099,5,165.58000000000072,2,120.85,swap,notBad
14100,5,165.58000000000072,2,120.85,2opt,notBad
14101,5,165.58000000000072,2,120.85,move,improve
14102,5,165.58000000000072,2,120.85,2opt,notBad
14103,5,165.58000000000072,2,120.85,2opt,notBad
14104,5,165.58000000000072,2,120.85,2opt,notBad
14105,5,165.58000000000072,2,120.85,move,improve
14106,5,165.58000000000072,2,120.85,swap,notBad
14107,5,165.58000000000072,2,120.85,swap,notBad
14108,5,165.58000000000072,2,120.85,move,improve
14109,5,165.58000000000072,2,120.85,2opt,notBad
14110,5,165.58000000000072,2,120.85,swap,notBad
14111,5,165.58000000000072,2,120.85,2opt,notBad
14112,5,165.58000000000072,2,120.85,2opt,notBad
14113,5,165.58000000000072,2,120.85,swap,notBad
14114,5,165.58000000000072,2,120.85,2opt,notBad
14115,5,165.58000000000072,2,120.85,2opt,notBad
14116,5,165.58000000000072,2,120.85,swap,notBad
14117,5,165.58000000000072,2,120.85,swap,notBad
14118,5,165.58000000000072,2,120.85,2opt,notBad
14119,5,165.58000000000072,2,120.85,move,improve
14120,5,165.58000000000072,2,120.85,2opt,notBad
14121,5,165.58000000000072,2,120.85,swap,notBad
14122,5,165.58000000000072,2,120.85,swap,notBad
14123,5,165.58000000000072,2,120.85,2opt,notBad
14124,5,165.58000000000072,2,120.85,swap,notBad
14125,5,165.58000000000072,2,120.85,swap,notBad
14126,5,165.58000000000072,2,120.85,move,improve
14127,5,165.58000000000072,2,120.85,move,improve
14128,5,165.58000000000072,2,120.85,move,improve
14129,5,165.58000000000072,2,120.85,swap,notBad
14130,5,165.58000000000072,2,120.85,move,improve
14131,5,165.58000000000072,2,120.85,2opt,notBad
14132,5,165.58000000000072,2,120.85,move,improve
14133,5,165.58000000000072,2,120.85,move,improve
14134,5,165.58000000000072,2,120.85,move,improve
14135,5,165.58000000000072,2,120.85,move,improve
14136,5,165.58000000000072,2,120.85,2opt,notBad
14137,5,165.58000000000072,2,120.85,swap,notBad
14138,5,165.58000000000072,2,120.85,move,improve
14139,5,165.58000000000072,2,120.85,2opt,improve
14140,5,165.58000000000072,2,120.85,move,improve
14141,5,165.58000000000072,2,120.85,move,improve
14142,5,165.58000000000072,2,120.85,swap,notBad
14143,5,165.58000000000072,2,120.85,swap,notBad
14144,5,165.58000000000072,2,120.85,2opt,notBad
14145,5,165.58000000000072,2,120.85,2opt,improve
14146,5,165.58000000000072,2,120.85,move,improve
14147,5,165.58000000000072,2,120.85,move,improve
14148,5,165.58000000000072,2,120.85,2opt,notBad
14149,5,165.58000000000072,2,120.85,swap,notBad
14150,5,165.58000000000072,2,120.85,2opt,notBad
14151,5,165.58000000000072,2,120.85,move,notBad
14152,5,165.58000000000072,2,120.85,swap,notBad
14153,5,165.58000000000072,2,120.85,move,improve
14154,5,165.58000000000072,2,120.85,2opt,notBad
14155,5,165.58000000000072,2,120.85,move,improve
14156,5,165.58000000000072,2,120.85,move,improve
14157,5,165.58000000000072,2,120.85,move,notBad
14158,5,165.58000000000072,2,120.85,2opt,notBad
14159,5,165.58000000000072,2,120.85,2opt,notBad
14160,5,165.58000000000072,2,120.85,2opt,improve
14161,5,165.58000000000072,2,120.85,2opt,notBad
14162,5,165.58000000000072,2,120.85,swap,notBad
14163,5,165.58000000000072,2,120.85,move,improve
14164,5,165.58000000000072,2,120.85,2opt,improve
14165,5,165.58000000000072,2,120.85,2opt,notBad
14166,5,165.58000000000072,2,120.85,2opt,notBad
14167,5,165.58000000000072,2,120.85,2opt,notBad
14168,5,165.58000000000072,2,120.85,move,improve
14169,5,165.58000000000072,2,120.85,move,improve
14170,5,165.58000000000072,2,120.85,move,improve
14171,5,165.58000000000072,2,120.85,swap,notBad
14172,5,165.58000000000072,2,120.85,move,improve
14173,5,165.58000000000072,2,120.85,swap,notBad
14174,5,165.58000000000072,2,120.85,2opt,notBad
14175,5,165.58000000000072,2,120.85,swap,notBad
14176,5,165.58000000000072,2,120.85,2opt,notBad
14177,5,165.58000000000072,2,120.85,move,improve
14178,5,165.58000000000072,2,120.85,swap,notBad
14179,5,165.58000000000072,2,120.85,swap,notBad
14180,5,165.58000000000072,2,120.85,2opt,notBad
14181,5,165.58000000000072,2,120.85,2opt,notBad
14182,5,165.58000000000072,2,120.85,move,improve
14183,5,165.58000000000072,2,120.85,move,improve
14184,5,165.58000000000072,2,120.85,swap,notBad
14185,5,165.58000000000072,2,120.85,swap,notBad
14186,5,165.58000000000072,2,120.85,move,improve
14187,5,165.58000000000072,2,120.85,swap,notBad
14188,5,165.58000000000072,2,120.85,2opt,notBad
14189,5,165.58000000000072,2,120.85,move,improve
14190,5,165.58000000000072,2,120.85,swap,notBad
14191,5,165.58000000000072,2,120.85,swap,notBad
14192,5,165.58000000000072,2,120.85,swap,notBad
14193,5,165.58000000000072,2,120.85,swap,notBad
14194,5,165.58000000000072,2,120.85,swap,notBad
14195,5,165.58000000000072,2,120.85,move,improve
14196,5,165.58000000000072,2,120.85,swap,notBad
14197,5,165.58000000000072,2,120.85,swap,notBad
14198,5,165.58000000000072,2,120.85,move,improve
14199,5,165.58000000000072,2,120.85,2opt,notBad
14200,5,165.58000000000072,2,120.85,move,improve
14201,5,165.58000000000072,2,120.85,2opt,notBad
14202,5,165.58000000000072,2,120.85,2opt,notBad
14203,5,165.58000000000072,2,120.85,move,improve
14204,5,165.58000000000072,2,120.85,2opt,notBad
14205,5,165.58000000000072,2,120.85,swap,notBad
14206,5,165.58000000000072,2,120.85,swap,notBad
14207,5,165.58000000000072,2,120.85,move,improve
14208,5,165.58000000000072,2,120.85,2opt,notBad
14209,5,165.58000000000072,2,120.85,2opt,notBad
14210,5,165.58000000000072,2,120.85,swap,notBad
14211,5,165.58000000000072,2,120.85,2opt,notBad
14212,5,165.58000000000072,2,120.85,2opt,improve
14213,5,165.58000000000072,2,120.85,2opt,notBad
14214,5,165.58000000000072,2,120.85,move,improve
14215,5,165.58000000000072,2,120.85,2opt,notBad
14216,5,165.58000000000072,2,120.85,swap,notBad
14217,5,165.58000000000072,2,120.85,swap,notBad
14218,5,165.58000000000072,2,120.85,swap,notBad
14219,5,165.58000000000072,2,120.85,swap,notBad
14220,5,165.58000000000072,2,120.85,swap,notBad
14221,5,165.58000000000072,2,120.85,move,improve
14222,5,165.58000000000072,2,120.85,move,improve
14223,5,165.58000000000072,2,120.85,swap,notBad
14224,5,165.58000000000072,2,120.85,2opt,notBad
14225,5,165.58000000000072,2,120.85,2opt,notBad
14226,5,165.58000000000072,2,120.85,move,improve
14227,5,165.58000000000072,2,120.85,2opt,notBad
14228,5,165.58000000000072,2,120.85,move,improve
14229,5,165.58000000000072,2,120.85,swap,notBad
14230,5,165.58000000000072,2,120.85,move,improve
14231,5,165.58000000000072,2,120.85,move,improve
14232,5,165.58000000000072,2,120.85,2opt,notBad
14233,5,165.58000000000072,2,120.85,move,improve
14234,5,165.58000000000072,2,120.85,move,improve
14235,5,165.58000000000072,2,120.85,move,improve
14236,5,165.58000000000072,2,120.85,move,improve
14237,5,165.58000000000072,2,120.85,move,improve
14238,5,165.58000000000072,2,120.85,swap,notBad
14239,5,165.58000000000072,2,120.85,swap,notBad
14240,5,165.58000000000072,2,120.85,swap,notBad
14241,5,165.58000000000072,2,120.85,2opt,notBad
14242,5,165.58000000000072,2,120.85,move,improve
14243,5,165.58000000000072,2,120.85,move,improve
14244,5,165.58000000000072,2,120.85,swap,notBad
14245,5,165.58000000000072,2,120.85,swap,notBad
14246,5,165.58000000000072,2,120.85,swap,notBad
14247,5,165.58000000000072,2,120.85,2opt,notBad
14248,5,165.58000000000072,2,120.85,2opt,notBad
14249,5,165.58000000000072,2,120.85,move,notBad
14250,5,165.58000000000072,2,120.85,2opt,improve
14251,5,165.58000000000072,2,120.85,move,improve
14252,5,165.58000000000072,2,120.85,2opt,improve
14253,5,165.58000000000072,2,120.85,move,improve
14254,5,165.58000000000072,2,120.85,move,improve
14255,5,165.58000000000072,2,120.85,swap,notBad
14256,5,165.58000000000072,2,120.85,swap,notBad
14257,5,165.58000000000072,2,120.85,move,improve
14258,5,165.58000000000072,2,120.85,swap,notBad
14259,5,165.58000000000072,2,120.85,move,improve
14260,5,165.58000000000072,2,120.85,swap,notBad
14261,5,165.58000000000072,2,120.85,swap,notBad
14262,5,165.58000000000072,2,120.85,2opt,notBad
14263,5,165.58000000000072,2,120.85,move,improve
14264,5,165.58000000000072,2,120.85,move,improve
14265,5,165.58000000000072,2,120.85,swap,notBad
14266,5,165.58000000000072,2,120.85,swap,notBad
14267,5,165.58000000000072,2,120.85,2opt,notBad
14268,5,165.58000000000072,2,120.85,2opt,improve
14269,5,165.58000000000072,2,120.85,swap,notBad
14270,5,165.58000000000072,2,120.85,2opt,notBad
14271,5,165.58000000000072,2,120.85,move,improve
14272,5,165.58000000000072,2,120.85,2opt,notBad
14273,5,165.58000000000072,2,120.85,swap,notBad
14274,5,165.58000000000072,2,120.85,2opt,notBad
14275,5,165.58000000000072,2,120.85,swap,notBad
14276,5,165.58000000000072,2,120.85,move,improve
14277,5,165.58000000000072,2,120.85,swap,notBad
14278,5,165.58000000000072,2,120.85,2opt,notBad
14279,5,165.58000000000072,2,120.85,move,improve
14280,5,165.58000000000072,2,120.85,move,improve
14281,5,165.58000000000072,2,120.85,move,improve
14282,5,165.58000000000072,2,120.85,swap,notBad
14283,5,165.58000000000072,2,120.85,move,improve
14284,5,165.58000000000072,2,120.85,swap,notBad
14285,5,165.58000000000072,2,120.85,move,improve
14286,5,165.58000000000072,2,120.85,2opt,notBad
14287,5,165.58000000000072,2,120.85,swap,notBad
14288,5,165.58000000000072,2,120.85,swap,notBad
14289,5,165.58000000000072,2,120.85,move,improve
14290,5,165.58000000000072,2,120.85,swap,notBad
14291,5,165.58000000000072,2,120.85,move,improve
14292,5,165.58000000000072,2,120.85,2opt,notBad
14293,5,165.58000000000072,2,120.85,2opt,notBad
14294,5,165.58000000000072,2,120.85,move,improve
14295,5,165.58000000000072,2,120.85,move,improve
14296,5,165.58000000000072,2,120.85,swap,notBad
14297,5,165.58000000000072,2,120.85,move,improve
14298,5,165.58000000000072,2,120.85,move,improve
14299,5,165.58000000000072,2,120.85,2opt,notBad
14300,5,165.58000000000072,2,120.85,2opt,notBad
14301,5,165.58000000000072,2,120.85,2opt,notBad
14302,5,165.58000000000072,2,120.85,2opt,notBad
14303,5,165.58000000000072,2,120.85,2opt,notBad
14304,5,165.58000000000072,2,120.85,2opt,notBad
14305,5,165.58000000000072,2,120.85,swap,notBad
14306,5,165.58000000000072,2,120.85,2opt,notBad
14307,5,165.58000000000072,2,120.85,swap,notBad
14308,5,165.58000000000072,2,120.85,2opt,notBad
14309,5,165.58000000000072,2,120.85,swap,notBad
14310,5,165.58000000000072,2,120.85,swap,notBad
14311,5,165.58000000000072,2,120.85,swap,notBad
14312,5,165.58000000000072,2,120.85,move,improve
14313,5,165.58000000000072,2,120.85,2opt,notBad
14314,5,165.58000000000072,2,120.85,move,improve
14315,5,165.58000000000072,2,120.85,swap,notBad
14316,5,165.58000000000072,2,120.85,swap,notBad
14317,5,165.58000000000072,2,120.85,2opt,notBad
14318,5,165.58000000000072,2,120.85,swap,notBad
14319,5,165.58000000000072,2,120.85,move,improve
14320,5,165.58000000000072,2,120.85,move,improve
14321,5,165.58000000000072,2,120.85,move,improve
14322,5,165.58000000000072,2,120.85,2opt,notBad
14323,5,165.58000000000072,2,120.85,move,improve
14324,5,165.58000000000072,2,120.85,2opt,notBad
14325,5,165.58000000000072,2,120.85,swap,notBad
14326,5,165.58000000000072,2,120.85,swap,notBad
14327,5,165.58000000000072,2,120.85,move,improve
14328,5,165.58000000000072,2,120.85,2opt,improve
14329,5,165.58000000000072,2,120.85,2opt,notBad
14330,5,165.58000000000072,2,120.85,move,improve
14331,5,165.58000000000072,2,120.85,swap,notBad
14332,5,165.58000000000072,2,120.85,swap,notBad
14333,5,165.58000000000072,2,120.85,2opt,notBad
14334,5,165.58000000000072,2,120.85,move,improve
14335,5,165.58000000000072,2,120.85,2opt,notBad
14336,5,165.58000000000072,2,120.85,swap,notBad
14337,5,165.58000000000072,2,120.85,move,improve
14338,5,165.58000000000072,2,120.85,move,improve
14339,5,165.58000000000072,2,120.85,swap,notBad
14340,5,165.58000000000072,2,120.85,move,improve
14341,5,165.58000000000072,2,120.85,2opt,notBad
14342,5,165.58000000000072,2,120.85,2opt,notBad
14343,5,165.58000000000072,2,120.85,swap,notBad
14344,5,165.58000000000072,2,120.85,2opt,notBad
14345,5,165.58000000000072,2,120.85,move,improve
14346,5,165.58000000000072,2,120.85,move,improve
14347,5,165.58000000000072,2,120.85,2opt,notBad
14348,5,165.58000000000072,2,120.85,swap,notBad
14349,5,165.58000000000072,2,120.85,move,improve
14350,5,165.58000000000072,2,120.85,2opt,notBad
14351,5,165.58000000000072,2,120.85,swap,notBad
14352,5,165.58000000000072,2,120.85,2opt,notBad
14353,5,165.58000000000072,2,120.85,swap,notBad
14354,5,165.58000000000072,2,120.85,move,improve
14355,5,165.58000000000072,2,120.85,swap,notBad
14356,5,165.58000000000072,2,120.85,swap,notBad
14357,5,165.58000000000072,2,120.85,swap,notBad
14358,5,165.58000000000072,2,120.85,2opt,notBad
14359,5,165.58000000000072,2,120.85,move,improve
14360,5,165.58000000000072,2,120.85,move,improve
14361,5,165.58000000000072,2,120.85,move,improve
14362,5,165.58000000000072,2,120.85,2opt,notBad
14363,5,165.58000000000072,2,120.85,swap,notBad
14364,5,165.58000000000072,2,120.85,2opt,notBad
14365,5,165.58000000000072,2,120.85,swap,notBad
14366,5,165.58000000000072,2,120.85,swap,notBad
14367,5,165.58000000000072,2,120.85,2opt,notBad
14368,5,165.58000000000072,2,120.85,move,improve
14369,5,165.58000000000072,2,120.85,2opt,notBad
14370,5,165.58000000000072,2,120.85,swap,notBad
14371,5,165.58000000000072,2,120.85,2opt,notBad
14372,5,165.58000000000072,2,120.85,move,improve
14373,5,165.58000000000072,2,120.85,2opt,notBad
14374,5,165.58000000000072,2,120.85,swap,notBad
14375,5,165.58000000000072,2,120.85,move,improve
14376,5,165.58000000000072,2,120.85,move,improve
14377,5,165.58000000000072,2,120.85,move,improve
14378,5,165.58000000000072,2,120.85,2opt,notBad
14379,5,165.58000000000072,2,120.85,swap,notBad
14380,5,165.58000000000072,2,120.85,move,improve
14381,5,165.58000000000072,2,120.85,2opt,notBad
14382,5,165.58000000000072,2,120.85,swap,notBad
14383,5,165.58000000000072,2,120.85,2opt,notBad
14384,5,165.58000000000072,2,120.85,swap,notBad
14385,5,165.58000000000072,2,120.85,swap,notBad
14386,5,165.58000000000072,2,120.85,move,improve
14387,5,165.58000000000072,2,120.85,move,improve
14388,5,165.58000000000072,2,120.85,move,improve
14389,5,165.58000000000072,2,120.85,2opt,notBad
14390,5,165.58000000000072,2,120.85,swap,notBad
14391,5,165.58000000000072,2,120.85,2opt,notBad
14392,5,165.58000000000072,2,120.85,2opt,notBad
14393,5,165.58000000000072,2,120.85,move,improve
14394,5,165.58000000000072,2,120.85,2opt,improve
14395,5,165.58000000000072,2,120.85,move,improve
14396,5,165.58000000000072,2,120.85,2opt,notBad
14397,5,165.58000000000072,2,120.85,swap,notBad
14398,5,165.58000000000072,2,120.85,move,improve
14399,5,165.58000000000072,2,120.85,move,improve
14400,5,165.58000000000072,2,120.85,2opt,notBad
14401,5,165.58000000000072,2,120.85,swap,notBad
14402,5,165.58000000000072,2,120.85,swap,notBad
14403,5,165.58000000000072,2,120.85,2opt,improve
14404,5,165.58000000000072,2,120.85,swap,notBad
14405,5,165.58000000000072,2,120.85,swap,notBad
14406,5,165.58000000000072,2,120.85,2opt,notBad
14407,5,165.58000000000072,2,120.85,move,improve
14408,5,165.58000000000072,2,120.85,2opt,notBad
14409,5,165.58000000000072,2,120.85,2opt,notBad
14410,5,165.58000000000072,2,120.85,move,improve
14411,5,165.58000000000072,2,120.85,2opt,notBad
14412,5,165.58000000000072,2,120.85,swap,notBad
14413,5,165.58000000000072,2,120.85,2opt,notBad
14414,5,165.58000000000072,2,120.85,2opt,notBad
14415,5,165.58000000000072,2,120.85,swap,notBad
14416,5,165.58000000000072,2,120.85,swap,notBad
14417,5,165.58000000000072,2,120.85,move,improve
14418,5,165.58000000000072,2,120.85,2opt,notBad
14419,5,165.58000000000072,2,120.85,swap,notBad
14420,5,165.58000000000072,2,120.85,move,improve
14421,5,165.58000000000072,2,120.85,move,improve
14422,5,165.58000000000072,2,120.85,2opt,notBad
14423,5,165.58000000000072,2,120.85,swap,notBad
14424,5,165.58000000000072,2,120.85,move,improve
14425,5,165.58000000000072,2,120.85,2opt,notBad
14426,5,165.58000000000072,2,120.85,2opt,notBad
14427,5,165.58000000000072,2,120.85,move,improve
14428,5,165.58000000000072,2,120.85,2opt,notBad
14429,5,165.58000000000072,2,120.85,swap,notBad
14430,5,165.58000000000072,2,120.85,2opt,notBad
14431,5,165.58000000000072,2,120.85,2opt,notBad
14432,5,165.58000000000072,2,120.85,swap,notBad
14433,5,165.58000000000072,2,120.85,swap,notBad
14434,5,165.58000000000072,2,120.85,swap,notBad
14435,5,165.58000000000072,2,120.85,swap,notBad
14436,5,165.58000000000072,2,120.85,move,improve
14437,5,165.58000000000072,2,120.85,move,improve
14438,5,165.58000000000072,2,120.85,2opt,improve
14439,5,165.58000000000072,2,120.85,2opt,notBad
14440,5,165.58000000000072,2,120.85,2opt,notBad
14441,5,165.58000000000072,2,120.85,move,improve
14442,5,165.58000000000072,2,120.85,2opt,notBad
14443,5,165.58000000000072,2,120.85,2opt,notBad
14444,5,165.58000000000072,2,120.85,swap,notBad
14445,5,165.58000000000072,2,120.85,move,improve
14446,5,165.58000000000072,2,120.85,swap,notBad
14447,5,165.58000000000072,2,120.85,2opt,notBad
14448,5,165.58000000000072,2,120.85,2opt,improve
14449,5,165.58000000000072,2,120.85,2opt,notBad
14450,5,165.58000000000072,2,120.85,2opt,notBad
14451,5,165.58000000000072,2,120.85,swap,notBad
14452,5,165.58000000000072,2,120.85,swap,notBad
14453,5,165.58000000000072,2,120.85,2opt,notBad
14454,5,165.58000000000072,2,120.85,2opt,notBad
14455,5,165.58000000000072,2,120.85,2opt,notBad
14456,5,165.58000000000072,2,120.85,swap,notBad
14457,5,165.58000000000072,2,120.85,2opt,notBad
14458,5,165.58000000000072,2,120.85,move,improve
14459,5,165.58000000000072,2,120.85,2opt,notBad
14460,5,165.58000000000072,2,120.85,move,improve
14461,5,165.58000000000072,2,120.85,swap,notBad
14462,5,165.58000000000072,2,120.85,swap,notBad
14463,5,165.58000000000072,2,120.85,2opt,improve
14464,5,165.58000000000072,2,120.85,move,improve
14465,5,165.58000000000072,2,120.85,2opt,notBad
14466,5,165.58000000000072,2,120.85,swap,notBad
14467,5,165.58000000000072,2,120.85,2opt,notBad
14468,5,165.58000000000072,2,120.85,move,improve
14469,5,165.58000000000072,2,120.85,move,improve
14470,5,165.58000000000072,2,120.85,move,improve
14471,5,165.58000000000072,2,120.85,swap,notBad
14472,5,165.58000000000072,2,120.85,swap,notBad
14473,5,165.58000000000072,2,120.85,swap,notBad
14474,5,165.58000000000072,2,120.85,swap,notBad
14475,5,165.58000000000072,2,120.85,move,improve
14476,5,165.58000000000072,2,120.85,2opt,notBad
14477,5,165.58000000000072,2,120.85,2opt,notBad
14478,5,165.58000000000072,2,120.85,swap,notBad
14479,5,165.58000000000072,2,120.85,swap,notBad
14480,5,165.58000000000072,2,120.85,move,improve
14481,5,165.58000000000072,2,120.85,2opt,notBad
14482,5,165.58000000000072,2,120.85,move,improve
14483,5,165.58000000000072,2,120.85,2opt,notBad
14484,5,165.58000000000072,2,120.85,swap,notBad
14485,5,165.58000000000072,2,120.85,swap,notBad
14486,5,165.58000000000072,2,120.85,swap,notBad
14487,5,165.58000000000072,2,120.85,move,improve
14488,5,165.58000000000072,2,120.85,swap,notBad
14489,5,165.58000000000072,2,120.85,2opt,notBad
14490,5,165.58000000000072,2,120.85,move,improve
14491,5,165.58000000000072,2,120.85,swap,notBad
14492,5,165.58000000000072,2,120.85,swap,notBad
14493,5,165.58000000000072,2,120.85,2opt,notBad
14494,5,165.58000000000072,2,120.85,swap,notBad
14495,5,165.58000000000072,2,120.85,2opt,notBad
14496,5,165.58000000000072,2,120.85,swap,notBad
14497,5,165.58000000000072,2,120.85,2opt,notBad
14498,5,165.58000000000072,2,120.85,2opt,notBad
14499,5,165.58000000000072,2,120.85,swap,notBad
14500,5,165.58000000000072,2,120.85,move,improve
14501,5,165.58000000000072,2,120.85,swap,notBad
14502,5,165.58000000000072,2,120.85,swap,notBad
14503,5,165.58000000000072,2,120.85,swap,notBad
14504,5,165.58000000000072,2,120.85,2opt,notBad
14505,5,165.58000000000072,2,120.85,swap,notBad
14506,5,165.58000000000072,2,120.85,move,improve
14507,5,165.58000000000072,2,120.85,2opt,notBad
14508,5,165.58000000000072,2,120.85,swap,notBad
14509,5,165.58000000000072,2,120.85,2opt,notBad
14510,5,165.58000000000072,2,120.85,2opt,notBad
14511,5,165.58000000000072,2,120.85,move,improve
14512,5,165.58000000000072,2,120.85,2opt,notBad
14513,5,165.58000000000072,2,120.85,swap,notBad
14514,5,165.58000000000072,2,120.85,move,improve
14515,5,165.58000000000072,2,120.85,move,improve
14516,5,165.58000000000072,2,120.85,swap,notBad
14517,5,165.58000000000072,2,120.85,move,improve
14518,5,165.58000000000072,2,120.85,swap,notBad
14519,5,165.58000000000072,2,120.85,move,improve
14520,5,165.58000000000072,2,120.85,move,improve
14521,5,165.58000000000072,2,120.85,move,improve
14522,5,165.58000000000072,2,120.85,2opt,notBad
14523,5,165.58000000000072,2,120.85,2opt,notBad
14524,5,165.58000000000072,2,120.85,2opt,notBad
14525,5,166.10000000000107,2,120.85,swap,acceptBad
14526,5,166.10000000000107,2,120.85,swap,notBad
14527,5,166.10000000000107,2,120.85,move,improve
14528,5,166.10000000000107,2,120.85,move,improve
14529,5,166.10000000000107,2,120.85,move,improve
14530,5,166.10000000000107,2,120.85,swap,notBad
14531,5,166.10000000000107,2,120.85,move,improve
14532,5,166.10000000000107,2,120.85,swap,notBad
14533,5,166.10000000000107,2,120.85,move,improve
14534,5,166.10000000000107,2,120.85,2opt,notBad
14535,5,166.10000000000107,2,120.85,2opt,notBad
14536,5,166.10000000000107,2,120.85,2opt,notBad
14537,5,166.10000000000107,2,120.85,swap,notBad
14538,5,166.10000000000107,2,120.85,swap,notBad
14539,5,166.10000000000107,2,120.85,swap,notBad
14540,5,166.10000000000107,2,120.85,move,improve
14541,5,166.10000000000107,2,120.85,move,improve
14542,5,166.10000000000107,2,120.85,move,improve
14543,5,166.10000000000107,2,120.85,move,improve
14544,5,166.10000000000107,2,120.85,swap,notBad
14545,5,166.10000000000107,2,120.85,swap,notBad
14546,5,166.10000000000107,2,120.85,swap,notBad
14547,5,166.10000000000107,2,120.85,move,improve
14548,5,166.10000000000107,2,120.85,2opt,notBad
14549,5,166.10000000000107,2,120.85,swap,notBad
14550,5,166.10000000000107,2,120.85,swap,notBad
14551,5,166.10000000000107,2,120.85,2opt,notBad
14552,5,166.10000000000107,2,120.85,swap,notBad
14553,5,166.09000000000086,2,120.85,move,improve
14554,5,166.09000000000086,2,120.85,move,improve
14555,5,166.09000000000086,2,120.85,swap,notBad
14556,5,166.09000000000086,2,120.85,2opt,notBad
14557,5,166.09000000000086,2,120.85,2opt,notBad
14558,5,166.09000000000086,2,120.85,2opt,notBad
14559,5,166.09000000000086,2,120.85,2opt,notBad
14560,5,166.09000000000086,2,120.85,swap,notBad
14561,5,166.09000000000086,2,120.85,move,improve
14562,5,166.09000000000086,2,120.85,2opt,notBad
14563,5,166.09000000000086,2,120.85,swap,notBad
14564,5,166.09000000000086,2,120.85,swap,notBad
14565,5,166.09000000000086,2,120.85,move,improve
14566,5,166.09000000000086,2,120.85,move,improve
14567,5,166.09000000000086,2,120.85,move,improve
14568,5,166.09000000000086,2,120.85,swap,notBad
14569,5,166.09000000000086,2,120.85,2opt,notBad
14570,5,166.09000000000086,2,120.85,move,improve
14571,5,166.09000000000086,2,120.85,move,improve
14572,5,166.09000000000086,2,120.85,move,improve
14573,5,166.09000000000086,2,120.85,2opt,notBad
14574,5,166.09000000000086,2,120.85,2opt,notBad
14575,5,166.09000000000086,2,120.85,move,improve
14576,5,166.09000000000086,2,120.85,2opt,notBad
14577,5,166.09000000000086,2,120.85,move,improve
14578,5,166.09000000000086,2,120.85,move,improve
14579,5,166.09000000000086,2,120.85,move,improve
14580,5,165.75000000000037,2,120.85,move,improve
14581,5,165.75000000000037,2,120.85,2opt,notBad
14582,5,165.75000000000037,2,120.85,swap,notBad
14583,5,165.75000000000037,2,120.85,swap,notBad
14584,5,165.75000000000037,2,120.85,swap,notBad
14585,5,165.75000000000037,2,120.85,swap,notBad
14586,5,165.75000000000037,2,120.85,2opt,notBad
14587,5,165.75000000000037,2,120.85,2opt,notBad
14588,5,165.75000000000037,2,120.85,swap,notBad
14589,5,165.75000000000037,2,120.85,2opt,notBad
14590,5,165.75000000000037,2,120.85,swap,notBad
14591,5,165.75000000000037,2,120.85,swap,notBad
14592,5,165.75000000000037,2,120.85,2opt,notBad
14593,5,165.75000000000037,2,120.85,swap,notBad
14594,5,165.75000000000037,2,120.85,2opt,notBad
14595,5,165.75000000000037,2,120.85,swap,notBad
14596,5,165.75000000000037,2,120.85,2opt,notBad
14597,5,165.75000000000037,2,120.85,swap,notBad
14598,5,165.75000000000037,2,120.85,swap,notBad
14599,5,165.75000000000037,2,120.85,swap,notBad
14600,5,165.75000000000037,2,120.85,2opt,notBad
14601,5,165.75000000000037,2,120.85,2opt,notBad
14602,5,165.75000000000037,2,120.85,2opt,notBad
14603,5,165.75000000000037,2,120.85,2opt,notBad
14604,5,165.75000000000037,2,120.85,2opt,notBad
14605,5,165.75000000000037,2,120.85,move,improve
14606,5,165.75000000000037,2,120.85,move,improve
14607,5,165.75000000000037,2,120.85,move,improve
14608,5,165.75000000000037,2,120.85,2opt,notBad
14609,5,165.75000000000037,2,120.85,2opt,improve
14610,5,165.75000000000037,2,120.85,move,improve
14611,5,165.75000000000037,2,120.85,2opt,notBad
14612,5,165.75000000000037,2,120.85,move,improve
14613,5,165.75000000000037,2,120.85,2opt,notBad
14614,5,165.75000000000037,2,120.85,swap,notBad
14615,5,165.75000000000037,2,120.85,2opt,notBad
14616,5,165.75000000000037,2,120.85,2opt,notBad
14617,5,165.75000000000037,2,120.85,swap,notBad
14618,5,165.75000000000037,2,120.85,move,improve
14619,5,165.75000000000037,2,120.85,swap,notBad
14620,5,165.75000000000037,2,120.85,swap,notBad
14621,5,165.75000000000037,2,120.85,move,improve
14622,5,165.75000000000037,2,120.85,2opt,improve
14623,5,165.75000000000037,2,120.85,swap,notBad
14624,5,165.75000000000037,2,120.85,move,improve
14625,5,165.75000000000037,2,120.85,move,improve
14626,5,165.75000000000037,2,120.85,2opt,notBad
14627,5,165.75000000000037,2,120.85,2opt,notBad
14628,5,165.75000000000037,2,120.85,swap,notBad
14629,5,165.75000000000037,2,120.85,swap,notBad
14630,5,165.75000000000037,2,120.85,swap,notBad
14631,5,165.75000000000037,2,120.85,swap,notBad
14632,5,165.75000000000037,2,120.85,move,improve
14633,5,165.75000000000037,2,120.85,swap,notBad
14634,5,165.75000000000037,2,120.85,swap,notBad
14635,5,165.75000000000037,2,120.85,swap,notBad
14636,5,165.75000000000037,2,120.85,2opt,improve
14637,5,165.75000000000037,2,120.85,swap,notBad
14638,5,165.75000000000037,2,120.85,move,improve
14639,5,165.75000000000037,2,120.85,swap,notBad
14640,5,165.75000000000037,2,120.85,2opt,notBad
14641,5,165.75000000000037,2,120.85,swap,notBad
14642,5,165.75000000000037,2,120.85,move,improve
14643,5,165.75000000000037,2,120.85,swap,notBad
14644,5,165.75000000000037,2,120.85,move,improve
14645,5,165.75000000000037,2,120.85,2opt,notBad
14646,5,165.75000000000037,2,120.85,swap,notBad
14647,5,165.75000000000037,2,120.85,move,improve
14648,5,165.75000000000037,2,120.85,2opt,notBad
14649,5,165.58000000000072,2,120.85,move,improve
14650,5,165.58000000000072,2,120.85,move,improve
14651,5,165.58000000000072,2,120.85,swap,notBad
14652,5,165.58000000000072,2,120.85,move,improve
14653,5,165.58000000000072,2,120.85,2opt,notBad
14654,5,165.58000000000072,2,120.85,swap,notBad
14655,5,165.58000000000072,2,120.85,move,improve
14656,5,165.58000000000072,2,120.85,2opt,notBad
14657,5,165.58000000000072,2,120.85,move,improve
14658,5,165.58000000000072,2,120.85,swap,notBad
14659,5,165.58000000000072,2,120.85,swap,notBad
14660,5,165.58000000000072,2,120.85,2opt,notBad
14661,5,165.58000000000072,2,120.85,swap,notBad
14662,5,165.58000000000072,2,120.85,swap,notBad
14663,5,165.58000000000072,2,120.85,2opt,notBad
14664,5,165.58000000000072,2,120.85,move,improve
14665,5,165.58000000000072,2,120.85,move,improve
14666,5,165.58000000000072,2,120.85,move,improve
14667,5,165.58000000000072,2,120.85,2opt,improve
14668,5,165.58000000000072,2,120.85,2opt,notBad
14669,5,165.58000000000072,2,120.85,swap,notBad
14670,5,165.58000000000072,2,120.85,2opt,notBad
14671,5,165.58000000000072,2,120.85,2opt,notBad
14672,5,165.58000000000072,2,120.85,2opt,notBad
14673,5,165.58000000000072,2,120.85,move,improve
14674,5,165.58000000000072,2,120.85,swap,notBad
14675,5,165.58000000000072,2,120.85,2opt,notBad
14676,5,165.58000000000072,2,120.85,swap,notBad
14677,5,165.58000000000072,2,120.85,swap,notBad
14678,5,165.58000000000072,2,120.85,move,improve
14679,5,165.58000000000072,2,120.85,2opt,notBad
14680,5,165.58000000000072,2,120.85,2opt,improve
14681,5,165.58000000000072,2,120.85,move,improve
14682,5,165.58000000000072,2,120.85,2opt,notBad
14683,5,165.58000000000072,2,120.85,swap,notBad
14684,5,165.58000000000072,2,120.85,swap,notBad
14685,5,165.58000000000072,2,120.85,move,improve
14686,5,165.58000000000072,2,120.85,2opt,notBad
14687,5,165.58000000000072,2,120.85,2opt,notBad
14688,5,165.58000000000072,2,120.85,swap,notBad
14689,5,165.58000000000072,2,120.85,swap,notBad
14690,5,165.58000000000072,2,120.85,swap,notBad
14691,5,165.58000000000072,2,120.85,2opt,notBad
14692,5,165.58000000000072,2,120.85,move,improve
14693,5,165.58000000000072,2,120.85,move,improve
14694,5,165.58000000000072,2,120.85,move,improve
14695,5,165.58000000000072,2,120.85,swap,notBad
14696,5,165.58000000000072,2,120.85,swap,notBad
14697,5,165.58000000000072,2,120.85,2opt,improve
14698,5,165.58000000000072,2,120.85,2opt,notBad
14699,5,165.58000000000072,2,120.85,2opt,notBad
14700,5,165.58000000000072,2,120.85,2opt,notBad
14701,5,165.58000000000072,2,120.85,2opt,notBad
14702,5,165.58000000000072,2,120.85,swap,notBad
14703,5,165.58000000000072,2,120.85,move,improve
14704,5,165.58000000000072,2,120.85,swap,notBad
14705,5,165.58000000000072,2,120.85,move,improve
14706,5,165.58000000000072,2,120.85,move,improve
14707,5,165.58000000000072,2,120.85,swap,notBad
14708,5,165.58000000000072,2,120.85,2opt,notBad
14709,5,165.58000000000072,2,120.85,2opt,notBad
14710,5,165.58000000000072,2,120.85,2opt,notBad
14711,5,165.58000000000072,2,120.85,swap,notBad
14712,5,165.58000000000072,2,120.85,swap,notBad
14713,5,165.58000000000072,2,120.85,move,improve
14714,5,165.58000000000072,2,120.85,2opt,improve
14715,5,165.58000000000072,2,120.85,move,improve
14716,5,165.58000000000072,2,120.85,move,improve
14717,5,165.58000000000072,2,120.85,2opt,notBad
14718,5,165.58000000000072,2,120.85,2opt,notBad
14719,5,165.58000000000072,2,120.85,swap,notBad
14720,5,165.58000000000072,2,120.85,move,improve
14721,5,165.58000000000072,2,120.85,move,improve
14722,5,165.58000000000072,2,120.85,2opt,notBad
14723,5,165.58000000000072,2,120.85,move,improve
14724,5,165.58000000000072,2,120.85,swap,notBad
14725,5,165.58000000000072,2,120.85,2opt,notBad
14726,5,165.58000000000072,2,120.85,move,improve
14727,5,165.58000000000072,2,120.85,2opt,notBad
14728,5,165.58000000000072,2,120.85,2opt,notBad
14729,5,165.58000000000072,2,120.85,2opt,notBad
14730,5,165.58000000000072,2,120.85,swap,notBad
14731,5,165.58000000000072,2,120.85,2opt,notBad
14732,5,165.58000000000072,2,120.85,swap,notBad
14733,5,165.58000000000072,2,120.85,swap,notBad
14734,5,165.58000000000072,2,120.85,2opt,notBad
14735,5,165.58000000000072,2,120.85,move,improve
14736,5,165.58000000000072,2,120.85,2opt,notBad
14737,5,165.58000000000072,2,120.85,swap,notBad
14738,5,165.58000000000072,2,120.85,swap,notBad
14739,5,165.58000000000072,2,120.85,swap,notBad
14740,5,165.58000000000072,2,120.85,2opt,notBad
14741,5,165.58000000000072,2,120.85,move,improve
14742,5,165.58000000000072,2,120.85,move,improve
14743,5,165.58000000000072,2,120.85,2opt,notBad
14744,5,165.58000000000072,2,120.85,swap,notBad
14745,5,165.58000000000072,2,120.85,swap,notBad
14746,5,165.58000000000072,2,120.85,2opt,notBad
14747,5,165.58000000000072,2,120.85,2opt,notBad
14748,5,165.58000000000072,2,120.85,move,improve
14749,5,165.58000000000072,2,120.85,move,improve
14750,5,165.93000000000075,2,120.85,swap,acceptBad
14751,5,165.93000000000075,2,120.85,2opt,notBad
14752,5,165.93000000000075,2,120.85,swap,notBad
14753,5,165.93000000000075,2,120.85,swap,notBad
14754,5,165.93000000000075,2,120.85,2opt,notBad
14755,5,165.93000000000075,2,120.85,move,improve
14756,5,165.93000000000075,2,120.85,swap,notBad
14757,5,165.93000000000075,2,120.85,move,improve
14758,5,165.93000000000075,2,120.85,swap,notBad
14759,5,165.93000000000075,2,120.85,move,improve
14760,5,165.93000000000075,2,120.85,2opt,improve
14761,5,165.93000000000075,2,120.85,2opt,notBad
14762,5,165.93000000000075,2,120.85,2opt,notBad
14763,5,165.93000000000075,2,120.85,move,improve
14764,5,165.93000000000075,2,120.85,swap,notBad
14765,5,165.93000000000075,2,120.85,2opt,notBad
14766,5,165.93000000000075,2,120.85,2opt,notBad
14767,5,165.93000000000075,2,120.85,move,improve
14768,5,165.93000000000075,2,120.85,swap,notBad
14769,5,165.93000000000075,2,120.85,move,improve
14770,5,165.93000000000075,2,120.85,2opt,notBad
14771,5,165.93000000000075,2,120.85,move,improve
14772,5,165.93000000000075,2,120.85,move,improve
14773,5,165.58000000000072,2,120.85,move,improve
14774,5,165.58000000000072,2,120.85,swap,notBad
14775,5,165.58000000000072,2,120.85,2opt,notBad
14776,5,165.58000000000072,2,120.85,2opt,improve
14777,5,165.58000000000072,2,120.85,move,improve
14778,5,165.58000000000072,2,120.85,swap,notBad
14779,5,165.58000000000072,2,120.85,swap,notBad
14780,5,165.58000000000072,2,120.85,swap,notBad
14781,5,165.58000000000072,2,120.85,2opt,notBad
14782,5,165.58000000000072,2,120.85,move,improve
14783,5,165.58000000000072,2,120.85,2opt,notBad
14784,5,165.58000000000072,2,120.85,swap,notBad
14785,5,165.58000000000072,2,120.85,swap,notBad
14786,5,165.58000000000072,2,120.85,2opt,notBad
14787,5,165.58000000000072,2,120.85,2opt,notBad
14788,5,165.58000000000072,2,120.85,move,improve
14789,5,165.58000000000072,2,120.85,move,improve
14790,5,165.58000000000072,2,120.85,move,improve
14791,5,165.58000000000072,2,120.85,2opt,notBad
14792,5,165.58000000000072,2,120.85,move,improve
14793,5,165.58000000000072,2,120.85,move,improve
14794,5,165.58000000000072,2,120.85,move,improve
14795,5,165.58000000000072,2,120.85,2opt,notBad
14796,5,165.58000000000072,2,120.85,swap,notBad
14797,5,165.58000000000072,2,120.85,2opt,notBad
14798,5,165.58000000000072,2,120.85,2opt,notBad
14799,5,165.58000000000072,2,120.85,move,improve
14800,5,165.58000000000072,2,120.85,swap,notBad
14801,5,165.58000000000072,2,120.85,2opt,notBad
14802,5,165.58000000000072,2,120.85,swap,notBad
14803,5,165.58000000000072,2,120.85,2opt,notBad
14804,5,165.58000000000072,2,120.85,swap,notBad
14805,5,165.58000000000072,2,120.85,swap,notBad
14806,5,165.58000000000072,2,120.85,move,improve
14807,5,165.58000000000072,2,120.85,2opt,notBad
14808,5,165.58000000000072,2,120.85,2opt,notBad
14809,5,165.58000000000072,2,120.85,2opt,notBad
14810,5,165.58000000000072,2,120.85,2opt,notBad
14811,5,165.58000000000072,2,120.85,swap,notBad
14812,5,165.58000000000072,2,120.85,move,improve
14813,5,165.58000000000072,2,120.85,2opt,notBad
14814,5,165.58000000000072,2,120.85,2opt,improve
14815,5,165.58000000000072,2,120.85,2opt,notBad
14816,5,165.58000000000072,2,120.85,move,improve
14817,5,165.58000000000072,2,120.85,2opt,notBad
14818,5,165.58000000000072,2,120.85,swap,notBad
14819,5,165.58000000000072,2,120.85,2opt,notBad
14820,5,165.58000000000072,2,120.85,move,improve
14821,5,165.58000000000072,2,120.85,move,improve
14822,5,165.58000000000072,2,120.85,move,improve
14823,5,165.58000000000072,2,120.85,2opt,notBad
14824,5,165.58000000000072,2,120.85,move,improve
14825,5,165.58000000000072,2,120.85,2opt,improve
14826,5,165.58000000000072,2,120.85,swap,notBad
14827,5,165.58000000000072,2,120.85,2opt,notBad
14828,5,165.58000000000072,2,120.85,swap,notBad
14829,5,165.58000000000072,2,120.85,2opt,improve
14830,5,165.58000000000072,2,120.85,swap,notBad
14831,5,165.58000000000072,2,120.85,2opt,notBad
14832,5,165.58000000000072,2,120.85,2opt,notBad
14833,5,165.58000000000072,2,120.85,2opt,notBad
14834,5,165.58000000000072,2,120.85,swap,notBad
14835,5,165.58000000000072,2,120.85,2opt,notBad
14836,5,165.58000000000072,2,120.85,2opt,notBad
14837,5,165.58000000000072,2,120.85,move,improve
14838,5,165.58000000000072,2,120.85,swap,notBad
14839,5,165.58000000000072,2,120.85,swap,notBad
14840,5,165.58000000000072,2,120.85,2opt,notBad
14841,5,165.58000000000072,2,120.85,2opt,notBad
14842,5,165.58000000000072,2,120.85,2opt,notBad
14843,5,165.58000000000072,2,120.85,move,improve
14844,5,165.58000000000072,2,120.85,2opt,notBad
14845,5,165.58000000000072,2,120.85,move,improve
14846,5,165.58000000000072,2,120.85,move,improve
14847,5,165.58000000000072,2,120.85,2opt,notBad
14848,5,165.58000000000072,2,120.85,swap,notBad
14849,5,165.58000000000072,2,120.85,swap,notBad
14850,5,165.58000000000072,2,120.85,2opt,notBad
14851,5,165.58000000000072,2,120.85,move,improve
14852,5,165.58000000000072,2,120.85,swap,notBad
14853,5,165.58000000000072,2,120.85,swap,notBad
14854,5,165.58000000000072,2,120.85,move,improve
14855,5,165.58000000000072,2,120.85,swap,notBad
14856,5,165.58000000000072,2,120.85,2opt,notBad
14857,5,165.58000000000072,2,120.85,2opt,notBad
14858,5,165.58000000000072,2,120.85,move,improve
14859,5,165.58000000000072,2,120.85,2opt,notBad
14860,5,165.58000000000072,2,120.85,2opt,improve
14861,5,165.58000000000072,2,120.85,swap,notBad
14862,5,165.58000000000072,2,120.85,swap,notBad
14863,5,165.58000000000072,2,120.85,swap,notBad
14864,5,165.58000000000072,2,120.85,swap,notBad
14865,5,165.58000000000072,2,120.85,2opt,improve
14866,5,165.58000000000072,2,120.85,swap,notBad
14867,5,165.58000000000072,2,120.85,swap,notBad
14868,5,165.58000000000072,2,120.85,2opt,notBad
14869,5,165.58000000000072,2,120.85,move,improve
14870,5,165.58000000000072,2,120.85,2opt,notBad
14871,5,165.58000000000072,2,120.85,move,improve
14872,5,165.58000000000072,2,120.85,swap,notBad
14873,5,165.58000000000072,2,120.85,swap,notBad
14874,5,165.58000000000072,2,120.85,2opt,notBad
14875,5,165.58000000000072,2,120.85,move,improve
14876,5,165.58000000000072,2,120.85,swap,notBad
14877,5,165.58000000000072,2,120.85,move,improve
14878,5,165.58000000000072,2,120.85,move,improve
14879,5,165.58000000000072,2,120.85,2opt,notBad
14880,5,165.58000000000072,2,120.85,2opt,notBad
14881,5,165.58000000000072,2,120.85,move,improve
14882,5,165.58000000000072,2,120.85,2opt,notBad
14883,5,165.58000000000072,2,120.85,2opt,notBad
14884,5,165.58000000000072,2,120.85,swap,notBad
14885,5,165.58000000000072,2,120.85,2opt,notBad
14886,5,165.58000000000072,2,120.85,swap,notBad
14887,5,165.58000000000072,2,120.85,swap,notBad
14888,5,165.58000000000072,2,120.85,move,improve
14889,5,165.58000000000072,2,120.85,2opt,improve
14890,5,165.58000000000072,2,120.85,move,improve
14891,5,165.58000000000072,2,120.85,swap,notBad
14892,5,165.58000000000072,2,120.85,move,improve
14893,5,165.58000000000072,2,120.85,2opt,notBad
14894,5,165.58000000000072,2,120.85,2opt,notBad
14895,5,165.58000000000072,2,120.85,move,improve
14896,5,165.58000000000072,2,120.85,2opt,notBad
14897,5,165.58000000000072,2,120.85,swap,notBad
14898,5,165.58000000000072,2,120.85,2opt,improve
14899,5,165.58000000000072,2,120.85,move,improve
14900,5,165.58000000000072,2,120.85,swap,notBad
14901,5,165.58000000000072,2,120.85,move,improve
14902,5,165.58000000000072,2,120.85,swap,notBad
14903,5,165.58000000000072,2,120.85,swap,notBad
14904,5,165.58000000000072,2,120.85,swap,notBad
14905,5,165.58000000000072,2,120.85,move,improve
14906,5,165.58000000000072,2,120.85,move,notBad
14907,5,165.58000000000072,2,120.85,swap,notBad
14908,5,165.58000000000072,2,120.85,2opt,notBad
14909,5,165.58000000000072,2,120.85,2opt,notBad
14910,5,165.58000000000072,2,120.85,swap,notBad
14911,5,165.58000000000072,2,120.85,2opt,notBad
14912,5,165.58000000000072,2,120.85,2opt,notBad
14913,5,165.58000000000072,2,120.85,swap,notBad
14914,5,165.58000000000072,2,120.85,2opt,notBad
14915,5,165.58000000000072,2,120.85,2opt,notBad
14916,5,165.58000000000072,2,120.85,2opt,improve
14917,5,165.58000000000072,2,120.85,swap,notBad
14918,5,165.58000000000072,2,120.85,swap,notBad
14919,5,165.58000000000072,2,120.85,move,improve
14920,5,165.58000000000072,2,120.85,swap,notBad
14921,5,165.58000000000072,2,120.85,2opt,notBad
14922,5,165.58000000000072,2,120.85,swap,notBad
14923,5,165.58000000000072,2,120.85,move,improve
14924,5,165.58000000000072,2,120.85,swap,notBad
14925,5,165.58000000000072,2,120.85,swap,notBad
14926,5,165.58000000000072,2,120.85,2opt,notBad
14927,5,165.58000000000072,2,120.85,move,improve
14928,5,165.58000000000072,2,120.85,swap,notBad
14929,5,165.58000000000072,2,120.85,2opt,notBad
14930,5,165.58000000000072,2,120.85,swap,notBad
14931,5,165.58000000000072,2,120.85,swap,notBad
14932,5,165.58000000000072,2,120.85,move,improve
14933,5,165.58000000000072,2,120.85,move,improve
14934,5,165.58000000000072,2,120.85,move,improve
14935,5,165.58000000000072,2,120.85,move,improve
14936,5,165.58000000000072,2,120.85,2opt,notBad
14937,5,165.58000000000072,2,120.85,swap,notBad
14938,5,165.58000000000072,2,120.85,2opt,notBad
14939,5,165.58000000000072,2,120.85,swap,notBad
14940,5,165.58000000000072,2,120.85,swap,notBad
14941,5,165.58000000000072,2,120.85,swap,notBad
14942,5,165.58000000000072,2,120.85,swap,notBad
14943,5,165.58000000000072,2,120.85,swap,notBad
14944,5,165.58000000000072,2,120.85,2opt,improve
14945,5,165.58000000000072,2,120.85,2opt,notBad
14946,5,165.58000000000072,2,120.85,move,improve
14947,5,165.58000000000072,2,120.85,2opt,notBad
14948,5,165.58000000000072,2,120.85,swap,notBad
14949,5,165.58000000000072,2,120.85,2opt,notBad
14950,5,165.58000000000072,2,120.85,2opt,notBad
14951,5,165.58000000000072,2,120.85,2opt,notBad
14952,5,165.58000000000072,2,120.85,swap,notBad
14953,5,165.58000000000072,2,120.85,move,improve
14954,5,165.58000000000072,2,120.85,move,improve
14955,5,165.58000000000072,2,120.85,move,improve
14956,5,165.58000000000072,2,120.85,move,improve
14957,5,165.58000000000072,2,120.85,swap,notBad
14958,5,165.58000000000072,2,120.85,move,improve
14959,5,165.58000000000072,2,120.85,2opt,notBad
14960,5,165.58000000000072,2,120.85,2opt,notBad
14961,5,165.58000000000072,2,120.85,move,improve
14962,5,165.58000000000072,2,120.85,move,improve
14963,5,165.58000000000072,2,120.85,2opt,notBad
14964,5,165.58000000000072,2,120.85,2opt,notBad
14965,5,165.58000000000072,2,120.85,2opt,notBad
14966,5,165.58000000000072,2,120.85,2opt,notBad
14967,5,165.58000000000072,2,120.85,2opt,notBad
14968,5,165.58000000000072,2,120.85,swap,notBad
14969,5,165.58000000000072,2,120.85,move,improve
14970,5,165.58000000000072,2,120.85,2opt,notBad
14971,5,165.58000000000072,2,120.85,move,improve
14972,5,165.58000000000072,2,120.85,swap,notBad
14973,5,165.58000000000072,2,120.85,2opt,notBad
14974,5,165.58000000000072,2,120.85,swap,notBad
14975,5,165.58000000000072,2,120.85,swap,notBad
14976,5,165.58000000000072,2,120.85,2opt,notBad
14977,5,165.58000000000072,2,120.85,move,improve
14978,5,165.58000000000072,2,120.85,move,improve
14979,5,165.58000000000072,2,120.85,swap,notBad
14980,5,165.58000000000072,2,120.85,swap,notBad
14981,5,165.58000000000072,2,120.85,2opt,notBad
14982,5,165.58000000000072,2,120.85,move,improve
14983,5,165.58000000000072,2,120.85,2opt,notBad
14984,5,165.58000000000072,2,120.85,2opt,notBad
14985,5,165.58000000000072,2,120.85,move,improve
14986,5,165.58000000000072,2,120.85,swap,notBad
14987,5,165.58000000000072,2,120.85,swap,notBad
14988,5,165.58000000000072,2,120.85,2opt,notBad
14989,5,165.58000000000072,2,120.85,move,improve
14990,5,165.58000000000072,2,120.85,move,improve
14991,5,165.58000000000072,2,120.85,2opt,notBad
14992,5,165.58000000000072,2,120.85,2opt,notBad
14993,5,165.58000000000072,2,120.85,swap,notBad
14994,5,165.58000000000072,2,120.85,move,improve
14995,5,165.58000000000072,2,120.85,swap,notBad
14996,5,165.58000000000072,2,120.85,move,improve
14997,5,165.58000000000072,2,120.85,move,improve
14998,5,165.58000000000072,2,120.85,move,improve
14999,5,165.58000000000072,2,120.85,2opt,notBad
15000,5,165.58000000000072,2,120.85,swap,notBad
15001,5,165.58000000000072,2,120.85,swap,notBad
15002,5,165.58000000000072,2,120.85,swap,notBad
15003,5,165.58000000000072,2,120.85,swap,notBad
15004,5,165.58000000000072,2,120.85,swap,notBad
15005,5,165.58000000000072,2,120.85,swap,notBad
15006,5,165.58000000000072,2,120.85,swap,notBad
15007,5,165.58000000000072,2,120.85,swap,notBad
15008,5,165.58000000000072,2,120.85,move,improve
15009,5,165.58000000000072,2,120.85,swap,notBad
15010,5,165.58000000000072,2,120.85,move,improve
15011,5,165.58000000000072,2,120.85,swap,notBad
15012,5,165.58000000000072,2,120.85,move,improve
15013,5,165.58000000000072,2,120.85,swap,notBad
15014,5,165.58000000000072,2,120.85,2opt,notBad
15015,5,165.58000000000072,2,120.85,2opt,notBad
15016,5,165.58000000000072,2,120.85,move,improve
15017,5,165.58000000000072,2,120.85,swap,notBad
15018,5,165.58000000000072,2,120.85,swap,notBad
15019,5,165.58000000000072,2,120.85,swap,notBad
15020,5,165.58000000000072,2,120.85,2opt,notBad
15021,5,165.58000000000072,2,120.85,2opt,notBad
15022,5,165.58000000000072,2,120.85,swap,notBad
15023,5,165.58000000000072,2,120.85,2opt,notBad
15024,5,165.58000000000072,2,120.85,swap,notBad
15025,5,165.58000000000072,2,120.85,swap,notBad
15026,5,165.58000000000072,2,120.85,move,improve
15027,5,165.58000000000072,2,120.85,2opt,notBad
15028,5,165.58000000000072,2,120.85,move,improve
15029,5,165.58000000000072,2,120.85,2opt,notBad
15030,5,165.58000000000072,2,120.85,move,improve
15031,5,165.58000000000072,2,120.85,move,improve
15032,5,165.58000000000072,2,120.85,move,improve
15033,5,165.58000000000072,2,120.85,swap,notBad
15034,5,165.58000000000072,2,120.85,2opt,notBad
15035,5,165.58000000000072,2,120.85,swap,notBad
15036,5,165.58000000000072,2,120.85,2opt,notBad
15037,5,165.58000000000072,2,120.85,move,improve
15038,5,165.58000000000072,2,120.85,move,improve
15039,5,165.58000000000072,2,120.85,swap,notBad
15040,5,165.58000000000072,2,120.85,swap,notBad
15041,5,165.58000000000072,2,120.85,swap,notBad
15042,5,165.58000000000072,2,120.85,2opt,notBad
15043,5,165.58000000000072,2,120.85,swap,notBad
15044,5,165.58000000000072,2,120.85,swap,notBad
15045,5,165.58000000000072,2,120.85,move,improve
15046,5,165.58000000000072,2,120.85,2opt,notBad
15047,5,165.58000000000072,2,120.85,move,improve
15048,5,165.58000000000072,2,120.85,swap,notBad
15049,5,165.58000000000072,2,120.85,move,improve
15050,5,165.58000000000072,2,120.85,2opt,notBad
15051,5,165.58000000000072,2,120.85,2opt,notBad
15052,5,165.58000000000072,2,120.85,move,improve
15053,5,165.58000000000072,2,120.85,move,improve
15054,5,165.58000000000072,2,120.85,swap,notBad
15055,5,165.58000000000072,2,120.85,move,improve
15056,5,165.58000000000072,2,120.85,2opt,notBad
15057,5,165.58000000000072,2,120.85,move,improve
15058,5,165.58000000000072,2,120.85,move,improve
15059,5,165.58000000000072,2,120.85,2opt,notBad
15060,5,165.58000000000072,2,120.85,move,improve
15061,5,165.58000000000072,2,120.85,swap,notBad
15062,5,165.58000000000072,2,120.85,2opt,notBad
15063,5,165.58000000000072,2,120.85,swap,notBad
15064,5,165.58000000000072,2,120.85,swap,notBad
15065,5,165.58000000000072,2,120.85,move,improve
15066,5,165.58000000000072,2,120.85,move,improve
15067,5,165.58000000000072,2,120.85,2opt,notBad
15068,5,165.58000000000072,2,120.85,move,improve
15069,5,165.58000000000072,2,120.85,2opt,notBad
15070,5,165.58000000000072,2,120.85,swap,notBad
15071,5,165.58000000000072,2,120.85,move,improve
15072,5,165.58000000000072,2,120.85,2opt,notBad
15073,5,165.58000000000072,2,120.85,swap,notBad
15074,5,165.58000000000072,2,120.85,2opt,notBad
15075,5,165.58000000000072,2,120.85,2opt,notBad
15076,5,165.58000000000072,2,120.85,swap,notBad
15077,5,165.58000000000072,2,120.85,move,improve
15078,5,165.58000000000072,2,120.85,move,improve
15079,5,165.58000000000072,2,120.85,2opt,notBad
15080,5,165.58000000000072,2,120.85,2opt,notBad
15081,5,165.58000000000072,2,120.85,move,improve
15082,5,165.58000000000072,2,120.85,swap,notBad
15083,5,165.58000000000072,2,120.85,move,improve
15084,5,165.58000000000072,2,120.85,swap,notBad
15085,5,165.58000000000072,2,120.85,swap,notBad
15086,5,165.58000000000072,2,120.85,2opt,notBad
15087,5,165.58000000000072,2,120.85,2opt,notBad
15088,5,165.58000000000072,2,120.85,swap,notBad
15089,5,165.58000000000072,2,120.85,swap,notBad
15090,5,165.58000000000072,2,120.85,move,improve
15091,5,165.58000000000072,2,120.85,swap,notBad
15092,5,165.58000000000072,2,120.85,2opt,notBad
15093,5,165.58000000000072,2,120.85,2opt,notBad
15094,5,165.58000000000072,2,120.85,swap,notBad
15095,5,165.58000000000072,2,120.85,swap,notBad
15096,5,165.58000000000072,2,120.85,2opt,improve
15097,5,165.58000000000072,2,120.85,swap,notBad
15098,5,165.58000000000072,2,120.85,2opt,notBad
15099,5,165.58000000000072,2,120.85,swap,notBad
15100,5,165.58000000000072,2,120.85,2opt,notBad
15101,5,165.58000000000072,2,120.85,move,improve
15102,5,165.58000000000072,2,120.85,swap,notBad
15103,5,165.58000000000072,2,120.85,move,improve
15104,5,165.58000000000072,2,120.85,swap,notBad
15105,5,165.58000000000072,2,120.85,2opt,improve
15106,5,165.58000000000072,2,120.85,2opt,notBad
15107,5,165.58000000000072,2,120.85,move,improve
15108,5,165.58000000000072,2,120.85,swap,notBad
15109,5,165.58000000000072,2,120.85,2opt,notBad
15110,5,165.58000000000072,2,120.85,move,improve
15111,5,165.58000000000072,2,120.85,move,improve
15112,5,165.58000000000072,2,120.85,2opt,notBad
15113,5,165.58000000000072,2,120.85,swap,notBad
15114,5,165.58000000000072,2,120.85,swap,notBad
15115,5,165.58000000000072,2,120.85,swap,notBad
15116,5,165.58000000000072,2,120.85,move,improve
15117,5,165.58000000000072,2,120.85,2opt,notBad
15118,5,165.58000000000072,2,120.85,2opt,improve
15119,5,165.58000000000072,2,120.85,2opt,notBad
15120,5,165.58000000000072,2,120.85,move,improve
15121,5,165.58000000000072,2,120.85,2opt,notBad
15122,5,165.58000000000072,2,120.85,2opt,notBad
15123,5,165.58000000000072,2,120.85,swap,notBad
15124,5,165.58000000000072,2,120.85,swap,notBad
15125,5,165.58000000000072,2,120.85,2opt,notBad
15126,5,165.58000000000072,2,120.85,move,improve
15127,5,165.58000000000072,2,120.85,swap,notBad
15128,5,165.58000000000072,2,120.85,move,improve
15129,5,165.58000000000072,2,120.85,move,improve
15130,5,165.58000000000072,2,120.85,2opt,notBad
15131,5,165.58000000000072,2,120.85,2opt,notBad
15132,5,165.58000000000072,2,120.85,move,improve
15133,5,165.58000000000072,2,120.85,2opt,notBad
15134,5,165.58000000000072,2,120.85,2opt,notBad
15135,5,165.58000000000072,2,120.85,2opt,notBad
15136,5,165.58000000000072,2,120.85,2opt,notBad
15137,5,165.58000000000072,2,120.85,move,improve
15138,5,165.58000000000072,2,120.85,move,improve
15139,5,165.58000000000072,2,120.85,2opt,notBad
15140,5,165.58000000000072,2,120.85,swap,notBad
15141,5,165.58000000000072,2,120.85,2opt,improve
15142,5,165.58000000000072,2,120.85,move,improve
15143,5,165.58000000000072,2,120.85,2opt,notBad
15144,5,165.58000000000072,2,120.85,swap,notBad
15145,5,165.58000000000072,2,120.85,move,improve
15146,5,165.58000000000072,2,120.85,move,improve
15147,5,165.58000000000072,2,120.85,move,improve
15148,5,165.58000000000072,2,120.85,2opt,improve
15149,5,165.58000000000072,2,120.85,2opt,improve
15150,5,165.58000000000072,2,120.85,2opt,notBad
15151,5,165.58000000000072,2,120.85,swap,notBad
15152,5,165.58000000000072,2,120.85,move,improve
15153,5,165.58000000000072,2,120.85,swap,notBad
15154,5,165.58000000000072,2,120.85,move,improve
15155,5,165.58000000000072,2,120.85,swap,notBad
15156,5,165.58000000000072,2,120.85,move,improve
15157,5,165.58000000000072,2,120.85,move,improve
15158,5,165.58000000000072,2,120.85,swap,notBad
15159,5,165.58000000000072,2,120.85,swap,notBad
15160,5,165.58000000000072,2,120.85,move,notBad
15161,5,165.58000000000072,2,120.85,move,improve
15162,5,165.58000000000072,2,120.85,2opt,notBad
15163,5,165.58000000000072,2,120.85,2opt,notBad
15164,5,165.58000000000072,2,120.85,2opt,notBad
15165,5,165.58000000000072,2,120.85,swap,notBad
15166,5,165.58000000000072,2,120.85,move,improve
15167,5,165.58000000000072,2,120.85,move,improve
15168,5,165.58000000000072,2,120.85,move,improve
15169,5,165.58000000000072,2,120.85,move,improve
15170,5,165.58000000000072,2,120.85,swap,notBad
15171,5,165.58000000000072,2,120.85,2opt,notBad
15172,5,165.58000000000072,2,120.85,2opt,notBad
15173,5,165.58000000000072,2,120.85,2opt,improve
15174,5,165.58000000000072,2,120.85,swap,notBad
15175,5,165.58000000000072,2,120.85,swap,notBad
15176,5,165.58000000000072,2,120.85,swap,notBad
15177,5,165.58000000000072,2,120.85,move,improve
15178,5,165.58000000000072,2,120.85,move,improve
15179,5,165.58000000000072,2,120.85,2opt,notBad
15180,5,165.58000000000072,2,120.85,move,improve
15181,5,165.58000000000072,2,120.85,move,improve
15182,5,165.58000000000072,2,120.85,2opt,notBad
15183,5,165.58000000000072,2,120.85,swap,notBad
15184,5,165.58000000000072,2,120.85,2opt,notBad
15185,5,165.58000000000072,2,120.85,swap,notBad
15186,5,165.58000000000072,2,120.85,move,improve
15187,5,165.58000000000072,2,120.85,swap,notBad
15188,5,165.58000000000072,2,120.85,2opt,notBad
15189,5,165.58000000000072,2,120.85,swap,notBad
15190,5,165.58000000000072,2,120.85,swap,notBad
15191,5,165.58000000000072,2,120.85,2opt,notBad
15192,5,165.58000000000072,2,120.85,move,improve
15193,5,165.58000000000072,2,120.85,swap,notBad
15194,5,165.58000000000072,2,120.85,swap,notBad
15195,5,165.58000000000072,2,120.85,swap,notBad
15196,5,165.58000000000072,2,120.85,swap,notBad
15197,5,165.58000000000072,2,120.85,swap,notBad
15198,5,165.58000000000072,2,120.85,2opt,notBad
15199,5,165.58000000000072,2,120.85,move,improve
15200,5,165.58000000000072,2,120.85,swap,notBad
15201,5,165.58000000000072,2,120.85,move,improve
15202,5,165.58000000000072,2,120.85,2opt,notBad
15203,5,165.58000000000072,2,120.85,2opt,notBad
15204,5,165.58000000000072,2,120.85,2opt,notBad
15205,5,165.58000000000072,2,120.85,2opt,notBad
15206,5,165.58000000000072,2,120.85,swap,notBad
15207,5,166.09999999999962,2,120.85,swap,acceptBad
15208,5,166.09999999999962,2,120.85,move,improve
15209,5,166.09999999999962,2,120.85,2opt,notBad
15210,5,166.09999999999962,2,120.85,swap,notBad
15211,5,166.09999999999962,2,120.85,swap,notBad
15212,5,166.09999999999962,2,120.85,move,improve
15213,5,166.09999999999962,2,120.85,swap,notBad
15214,5,166.09999999999962,2,120.85,2opt,notBad
15215,5,166.09999999999962,2,120.85,2opt,notBad
15216,5,166.09999999999962,2,120.85,swap,notBad
15217,5,166.09999999999962,2,120.85,move,improve
15218,5,166.09999999999962,2,120.85,move,improve
15219,5,166.09999999999962,2,120.85,swap,notBad
15220,5,166.09999999999962,2,120.85,2opt,notBad
15221,5,166.09999999999962,2,120.85,2opt,notBad
15222,5,166.09999999999962,2,120.85,move,improve
15223,5,166.09999999999962,2,120.85,swap,notBad
15224,5,166.09999999999962,2,120.85,swap,notBad
15225,5,166.09999999999962,2,120.85,move,improve
15226,5,166.09999999999962,2,120.85,move,improve
15227,5,166.09999999999962,2,120.85,swap,notBad
15228,5,166.09999999999962,2,120.85,move,improve
15229,5,166.09999999999962,2,120.85,swap,notBad
15230,5,166.09999999999962,2,120.85,2opt,notBad
15231,5,166.09999999999962,2,120.85,swap,notBad
15232,5,166.09999999999962,2,120.85,swap,notBad
15233,5,166.09999999999962,2,120.85,swap,notBad
15234,5,166.09999999999962,2,120.85,2opt,notBad
15235,5,166.09999999999962,2,120.85,swap,notBad
15236,5,166.09999999999962,2,120.85,2opt,notBad
15237,5,166.09999999999962,2,120.85,2opt,notBad
15238,5,166.09999999999962,2,120.85,swap,notBad
15239,5,166.09999999999962,2,120.85,move,improve
15240,5,166.09999999999962,2,120.85,2opt,improve
15241,5,166.09999999999962,2,120.85,move,improve
15242,5,166.09999999999962,2,120.85,2opt,notBad
15243,5,166.09999999999962,2,120.85,2opt,notBad
15244,5,166.09999999999962,2,120.85,swap,notBad
15245,5,166.09999999999962,2,120.85,2opt,notBad
15246,5,166.09999999999962,2,120.85,2opt,notBad
15247,5,166.09999999999962,2,120.85,swap,notBad
15248,5,166.09999999999962,2,120.85,swap,notBad
15249,5,166.09999999999962,2,120.85,move,notBad
15250,5,166.09999999999962,2,120.85,move,improve
15251,5,166.09999999999962,2,120.85,move,improve
15252,5,166.09999999999962,2,120.85,move,improve
15253,5,166.09999999999962,2,120.85,2opt,improve
15254,5,166.09999999999962,2,120.85,2opt,notBad
15255,5,166.09999999999962,2,120.85,swap,notBad
15256,5,166.09999999999962,2,120.85,move,improve
15257,5,166.09999999999962,2,120.85,move,improve
15258,5,166.09999999999962,2,120.85,move,improve
15259,5,166.09999999999962,2,120.85,swap,notBad
15260,5,166.09999999999962,2,120.85,2opt,notBad
15261,5,166.09999999999962,2,120.85,swap,notBad
15262,5,166.09999999999962,2,120.85,move,improve
15263,5,166.09999999999962,2,120.85,2opt,notBad
15264,5,166.09999999999962,2,120.85,move,improve
15265,5,166.09999999999962,2,120.85,2opt,notBad
15266,5,166.09999999999962,2,120.85,move,improve
15267,5,166.09999999999962,2,120.85,move,improve
15268,5,166.09999999999962,2,120.85,2opt,notBad
15269,5,166.09999999999962,2,120.85,move,improve
15270,5,166.09999999999962,2,120.85,2opt,notBad
15271,5,166.09999999999962,2,120.85,move,improve
15272,5,166.09999999999962,2,120.85,2opt,notBad
15273,5,166.09999999999962,2,120.85,move,improve
15274,5,166.09999999999962,2,120.85,swap,notBad
15275,5,166.09999999999962,2,120.85,swap,notBad
15276,5,166.09999999999962,2,120.85,2opt,improve
15277,5,166.09999999999962,2,120.85,swap,notBad
15278,5,166.09999999999962,2,120.85,move,improve
15279,5,166.09999999999962,2,120.85,swap,notBad
15280,5,166.09999999999962,2,120.85,swap,notBad
15281,5,166.09999999999962,2,120.85,swap,notBad
15282,5,166.09999999999962,2,120.85,swap,notBad
15283,5,166.09999999999962,2,120.85,swap,notBad
15284,5,166.09999999999962,2,120.85,2opt,notBad
15285,5,166.09999999999962,2,120.85,2opt,improve
15286,5,166.09999999999962,2,120.85,2opt,notBad
15287,5,166.09999999999962,2,120.85,move,improve
15288,5,166.09999999999962,2,120.85,2opt,notBad
15289,5,166.09999999999962,2,120.85,2opt,notBad
15290,5,166.09999999999962,2,120.85,2opt,notBad
15291,5,166.09999999999962,2,120.85,move,improve
15292,5,166.09999999999962,2,120.85,move,improve
15293,5,166.09999999999962,2,120.85,move,improve
15294,5,166.09999999999962,2,120.85,swap,notBad
15295,5,166.09999999999962,2,120.85,move,improve
15296,5,166.09999999999962,2,120.85,2opt,notBad
15297,5,166.09999999999962,2,120.85,swap,notBad
15298,5,166.09999999999962,2,120.85,swap,notBad
15299,5,166.09999999999962,2,120.85,swap,notBad
15300,5,166.09999999999962,2,120.85,move,improve
15301,5,166.09999999999962,2,120.85,move,improve
15302,5,166.09999999999962,2,120.85,2opt,notBad
15303,5,166.09999999999962,2,120.85,move,improve
15304,5,166.09999999999962,2,120.85,2opt,improve
15305,5,166.09999999999962,2,120.85,move,improve
15306,5,166.09999999999962,2,120.85,move,improve
15307,5,166.09999999999962,2,120.85,move,improve
15308,5,166.09999999999962,2,120.85,2opt,notBad
15309,5,166.09999999999962,2,120.85,move,improve
15310,5,166.09999999999962,2,120.85,2opt,notBad
15311,5,166.09999999999962,2,120.85,move,improve
15312,5,166.09999999999962,2,120.85,swap,notBad
15313,5,166.09999999999962,2,120.85,swap,notBad
15314,5,166.09999999999962,2,120.85,2opt,notBad
15315,5,166.09999999999962,2,120.85,move,improve
15316,5,166.09999999999962,2,120.85,swap,notBad
15317,5,166.09999999999962,2,120.85,swap,notBad
15318,5,166.09999999999962,2,120.85,move,improve
15319,5,166.09999999999962,2,120.85,2opt,notBad
15320,5,166.09999999999962,2,120.85,swap,notBad
15321,5,166.09999999999962,2,120.85,2opt,notBad
15322,5,166.09999999999962,2,120.85,2opt,notBad
15323,5,166.09999999999962,2,120.85,move,improve
15324,5,166.09999999999962,2,120.85,2opt,improve
15325,5,166.09999999999962,2,120.85,2opt,notBad
15326,5,166.09999999999962,2,120.85,move,improve
15327,5,166.09999999999962,2,120.85,move,improve
15328,5,166.09999999999962,2,120.85,move,improve
15329,5,166.09999999999962,2,120.85,swap,notBad
15330,5,166.09999999999962,2,120.85,2opt,improve
15331,5,166.09999999999962,2,120.85,move,notBad
15332,5,166.09999999999962,2,120.85,2opt,notBad
15333,5,166.09999999999962,2,120.85,move,improve
15334,5,166.09999999999962,2,120.85,move,improve
15335,5,166.09999999999962,2,120.85,swap,notBad
15336,5,166.09999999999962,2,120.85,2opt,notBad
15337,5,166.09999999999962,2,120.85,swap,notBad
15338,5,166.09999999999962,2,120.85,swap,notBad
15339,5,166.09999999999962,2,120.85,move,improve
15340,5,166.09999999999962,2,120.85,swap,notBad
15341,5,166.09999999999962,2,120.85,2opt,notBad
15342,5,166.09999999999962,2,120.85,swap,notBad
15343,5,166.09999999999962,2,120.85,2opt,notBad
15344,5,166.09999999999962,2,120.85,swap,notBad
15345,5,166.09999999999962,2,120.85,swap,notBad
15346,5,166.09999999999962,2,120.85,swap,notBad
15347,5,166.09999999999962,2,120.85,2opt,notBad
15348,5,166.09999999999962,2,120.85,2opt,notBad
15349,5,166.09999999999962,2,120.85,2opt,notBad
15350,5,166.09999999999962,2,120.85,2opt,notBad
15351,5,166.09999999999962,2,120.85,2opt,notBad
15352,5,166.09999999999962,2,120.85,swap,notBad
15353,5,166.09999999999962,2,120.85,2opt,notBad
15354,5,166.09999999999962,2,120.85,swap,notBad
15355,5,166.09999999999962,2,120.85,swap,notBad
15356,5,166.09999999999962,2,120.85,swap,notBad
15357,5,166.09999999999962,2,120.85,swap,notBad
15358,5,166.09999999999962,2,120.85,swap,notBad
15359,5,166.09999999999962,2,120.85,2opt,notBad
15360,5,166.09999999999962,2,120.85,swap,notBad
15361,5,166.09999999999962,2,120.85,2opt,notBad
15362,5,166.09999999999962,2,120.85,2opt,notBad
15363,5,166.09999999999962,2,120.85,2opt,notBad
15364,5,166.09999999999962,2,120.85,swap,notBad
15365,5,166.09999999999962,2,120.85,2opt,notBad
15366,5,166.09999999999962,2,120.85,2opt,notBad
15367,5,166.09999999999962,2,120.85,2opt,notBad
15368,5,166.09999999999962,2,120.85,2opt,notBad
15369,5,166.09999999999962,2,120.85,move,improve
15370,5,166.09999999999962,2,120.85,move,improve
15371,5,166.09999999999962,2,120.85,move,improve
15372,5,166.09999999999962,2,120.85,swap,notBad
15373,5,166.09999999999962,2,120.85,2opt,notBad
15374,5,166.09999999999962,2,120.85,swap,notBad
15375,5,166.09999999999962,2,120.85,2opt,notBad
15376,5,166.09999999999962,2,120.85,swap,notBad
15377,5,166.09999999999962,2,120.85,move,improve
15378,5,166.09999999999962,2,120.85,2opt,notBad
15379,5,166.09999999999962,2,120.85,2opt,notBad
15380,5,166.09999999999962,2,120.85,swap,notBad
15381,5,166.09999999999962,2,120.85,move,improve
15382,5,166.09999999999962,2,120.85,2opt,notBad
15383,5,166.09999999999962,2,120.85,swap,notBad
15384,5,166.09999999999962,2,120.85,2opt,notBad
15385,5,166.09999999999962,2,120.85,swap,notBad
15386,5,166.09999999999962,2,120.85,move,improve
15387,5,165.58000000000072,2,120.85,move,improve
15388,5,165.58000000000072,2,120.85,move,improve
15389,5,165.58000000000072,2,120.85,move,improve
15390,5,165.58000000000072,2,120.85,move,improve
15391,5,165.58000000000072,2,120.85,move,improve
15392,5,165.58000000000072,2,120.85,swap,notBad
15393,5,165.58000000000072,2,120.85,2opt,notBad
15394,5,165.58000000000072,2,120.85,2opt,notBad
15395,5,165.58000000000072,2,120.85,swap,notBad
15396,5,165.58000000000072,2,120.85,swap,notBad
15397,5,165.58000000000072,2,120.85,move,improve
15398,5,165.58000000000072,2,120.85,move,improve
15399,5,165.58000000000072,2,120.85,2opt,notBad
15400,5,165.58000000000072,2,120.85,swap,notBad
15401,5,165.58000000000072,2,120.85,move,improve
15402,5,165.58000000000072,2,120.85,swap,notBad
15403,5,165.58000000000072,2,120.85,move,improve
15404,5,165.58000000000072,2,120.85,2opt,notBad
15405,5,165.58000000000072,2,120.85,2opt,notBad
15406,5,165.58000000000072,2,120.85,2opt,notBad
15407,5,165.58000000000072,2,120.85,move,improve
15408,5,165.58000000000072,2,120.85,move,improve
15409,5,165.58000000000072,2,120.85,2opt,notBad
15410,5,165.58000000000072,2,120.85,move,improve
15411,5,165.58000000000072,2,120.85,2opt,notBad
15412,5,165.58000000000072,2,120.85,2opt,notBad
15413,5,165.58000000000072,2,120.85,move,improve
15414,5,165.58000000000072,2,120.85,2opt,notBad
15415,5,165.58000000000072,2,120.85,swap,notBad
15416,5,165.58000000000072,2,120.85,swap,notBad
15417,5,165.58000000000072,2,120.85,move,improve
15418,5,165.58000000000072,2,120.85,swap,notBad
15419,5,165.58000000000072,2,120.85,2opt,notBad
15420,5,165.58000000000072,2,120.85,move,improve
15421,5,165.58000000000072,2,120.85,swap,notBad
15422,5,165.58000000000072,2,120.85,2opt,notBad
15423,5,165.58000000000072,2,120.85,swap,notBad
15424,5,165.58000000000072,2,120.85,swap,notBad
15425,5,165.58000000000072,2,120.85,2opt,notBad
15426,5,165.58000000000072,2,120.85,move,improve
15427,5,165.58000000000072,2,120.85,move,improve
15428,5,165.58000000000072,2,120.85,move,improve
15429,5,165.58000000000072,2,120.85,swap,notBad
15430,5,165.58000000000072,2,120.85,move,improve
15431,5,165.58000000000072,2,120.85,move,improve
15432,5,165.58000000000072,2,120.85,move,improve
15433,5,165.58000000000072,2,120.85,2opt,notBad
15434,5,165.58000000000072,2,120.85,swap,notBad
15435,5,165.58000000000072,2,120.85,move,improve
15436,5,165.58000000000072,2,120.85,swap,notBad
15437,5,165.58000000000072,2,120.85,move,improve
15438,5,165.58000000000072,2,120.85,2opt,notBad
15439,5,165.58000000000072,2,120.85,2opt,notBad
15440,5,165.58000000000072,2,120.85,move,improve
15441,5,165.58000000000072,2,120.85,swap,notBad
15442,5,165.58000000000072,2,120.85,move,notBad
15443,5,165.58000000000072,2,120.85,swap,notBad
15444,5,165.58000000000072,2,120.85,2opt,notBad
15445,5,165.58000000000072,2,120.85,swap,notBad
15446,5,165.58000000000072,2,120.85,move,improve
15447,5,165.58000000000072,2,120.85,2opt,notBad
15448,5,165.58000000000072,2,120.85,swap,notBad
15449,5,165.58000000000072,2,120.85,move,improve
15450,5,165.58000000000072,2,120.85,2opt,notBad
15451,5,165.58000000000072,2,120.85,swap,notBad
15452,5,165.58000000000072,2,120.85,move,improve
15453,5,165.58000000000072,2,120.85,move,improve
15454,5,165.58000000000072,2,120.85,move,improve
15455,5,165.58000000000072,2,120.85,2opt,improve
15456,5,165.58000000000072,2,120.85,swap,notBad
15457,5,165.58000000000072,2,120.85,2opt,notBad
15458,5,165.58000000000072,2,120.85,move,improve
15459,5,165.58000000000072,2,120.85,move,improve
15460,5,165.58000000000072,2,120.85,swap,notBad
15461,5,165.58000000000072,2,120.85,move,improve
15462,5,165.58000000000072,2,120.85,move,improve
15463,5,165.58000000000072,2,120.85,move,improve
15464,5,165.58000000000072,2,120.85,2opt,notBad
15465,5,165.58000000000072,2,120.85,2opt,notBad
15466,5,165.58000000000072,2,120.85,swap,notBad
15467,5,165.58000000000072,2,120.85,swap,notBad
15468,5,165.58000000000072,2,120.85,2opt,notBad
15469,5,165.58000000000072,2,120.85,swap,notBad
15470,5,165.58000000000072,2,120.85,2opt,notBad
15471,5,165.58000000000072,2,120.85,move,notBad
15472,5,165.58000000000072,2,120.85,swap,notBad
15473,5,165.58000000000072,2,120.85,2opt,notBad
15474,5,165.58000000000072,2,120.85,2opt,notBad
15475,5,165.58000000000072,2,120.85,swap,notBad
15476,5,165.58000000000072,2,120.85,move,improve
15477,5,165.58000000000072,2,120.85,swap,notBad
15478,5,165.58000000000072,2,120.85,swap,notBad
15479,5,165.58000000000072,2,120.85,move,improve
15480,5,165.58000000000072,2,120.85,move,improve
15481,5,165.58000000000072,2,120.85,swap,notBad
15482,5,165.58000000000072,2,120.85,swap,notBad
15483,5,165.58000000000072,2,120.85,2opt,notBad
15484,5,165.58000000000072,2,120.85,move,improve
15485,5,165.58000000000072,2,120.85,swap,notBad
15486,5,165.58000000000072,2,120.85,2opt,notBad
15487,5,165.58000000000072,2,120.85,2opt,notBad
15488,5,165.58000000000072,2,120.85,swap,notBad
15489,5,165.58000000000072,2,120.85,move,improve
15490,5,165.58000000000072,2,120.85,move,improve
15491,5,165.58000000000072,2,120.85,2opt,notBad
15492,5,165.58000000000072,2,120.85,move,improve
15493,5,165.58000000000072,2,120.85,2opt,notBad
15494,5,165.58000000000072,2,120.85,2opt,notBad
15495,5,165.58000000000072,2,120.85,swap,notBad
15496,5,165.58000000000072,2,120.85,swap,notBad
15497,5,165.58000000000072,2,120.85,swap,notBad
15498,5,165.58000000000072,2,120.85,swap,notBad
15499,5,165.58000000000072,2,120.85,2opt,notBad
15500,5,165.58000000000072,2,120.85,2opt,notBad
15501,5,165.58000000000072,2,120.85,swap,notBad
15502,5,165.58000000000072,2,120.85,move,improve
15503,5,165.58000000000072,2,120.85,move,improve
15504,5,165.58000000000072,2,120.85,2opt,notBad
15505,5,165.58000000000072,2,120.85,swap,notBad
15506,5,165.58000000000072,2,120.85,move,improve
15507,5,165.58000000000072,2,120.85,move,improve
15508,5,165.58000000000072,2,120.85,swap,notBad
15509,5,165.58000000000072,2,120.85,2opt,notBad
15510,5,165.58000000000072,2,120.85,2opt,notBad
15511,5,165.58000000000072,2,120.85,2opt,notBad
15512,5,165.58000000000072,2,120.85,move,improve
15513,5,165.58000000000072,2,120.85,swap,notBad
15514,5,165.58000000000072,2,120.85,swap,notBad
15515,5,165.58000000000072,2,120.85,move,improve
15516,5,165.58000000000072,2,120.85,2opt,notBad
15517,5,165.58000000000072,2,120.85,swap,notBad
15518,5,165.58000000000072,2,120.85,2opt,notBad
15519,5,165.58000000000072,2,120.85,2opt,notBad
15520,5,165.58000000000072,2,120.85,swap,notBad
15521,5,165.58000000000072,2,120.85,2opt,notBad
15522,5,165.58000000000072,2,120.85,2opt,improve
15523,5,165.58000000000072,2,120.85,2opt,notBad
15524,5,165.58000000000072,2,120.85,move,improve
15525,5,165.58000000000072,2,120.85,move,improve
15526,5,165.58000000000072,2,120.85,2opt,notBad
15527,5,165.58000000000072,2,120.85,2opt,notBad
15528,5,165.58000000000072,2,120.85,move,improve
15529,5,165.58000000000072,2,120.85,2opt,notBad
15530,5,165.58000000000072,2,120.85,move,improve
15531,5,165.58000000000072,2,120.85,swap,notBad
15532,5,165.58000000000072,2,120.85,move,improve
15533,5,165.58000000000072,2,120.85,move,improve
15534,5,165.58000000000072,2,120.85,move,improve
15535,5,165.58000000000072,2,120.85,move,improve
15536,5,165.58000000000072,2,120.85,move,improve
15537,5,165.58000000000072,2,120.85,move,improve
15538,5,165.58000000000072,2,120.85,move,improve
15539,5,165.58000000000072,2,120.85,2opt,notBad
15540,5,165.58000000000072,2,120.85,2opt,notBad
15541,5,165.58000000000072,2,120.85,2opt,notBad
15542,5,165.58000000000072,2,120.85,swap,notBad
15543,5,165.58000000000072,2,120.85,2opt,notBad
15544,5,165.58000000000072,2,120.85,2opt,notBad
15545,5,165.58000000000072,2,120.85,swap,notBad
15546,5,165.58000000000072,2,120.85,move,improve
15547,5,165.58000000000072,2,120.85,move,improve
15548,5,165.58000000000072,2,120.85,swap,notBad
15549,5,165.58000000000072,2,120.85,swap,notBad
15550,5,165.58000000000072,2,120.85,2opt,notBad
15551,5,165.58000000000072,2,120.85,2opt,notBad
15552,5,165.58000000000072,2,120.85,swap,notBad
15553,5,165.58000000000072,2,120.85,swap,notBad
15554,5,165.58000000000072,2,120.85,move,improve
15555,5,165.58000000000072,2,120.85,move,improve
15556,5,165.58000000000072,2,120.85,swap,notBad
15557,5,165.58000000000072,2,120.85,move,improve
15558,5,165.58000000000072,2,120.85,move,improve
15559,5,165.58000000000072,2,120.85,swap,notBad
15560,5,165.58000000000072,2,120.85,move,improve
15561,5,165.58000000000072,2,120.85,2opt,notBad
15562,5,165.58000000000072,2,120.85,swap,notBad
15563,5,165.58000000000072,2,120.85,swap,notBad
15564,5,165.58000000000072,2,120.85,swap,notBad
15565,5,165.58000000000072,2,120.85,swap,notBad
15566,5,165.58000000000072,2,120.85,swap,notBad
15567,5,165.58000000000072,2,120.85,2opt,notBad
15568,5,165.58000000000072,2,120.85,swap,notBad
15569,5,165.58000000000072,2,120.85,move,improve
15570,5,165.58000000000072,2,120.85,2opt,notBad
15571,5,165.58000000000072,2,120.85,swap,notBad
15572,5,165.58000000000072,2,120.85,move,improve
15573,5,165.58000000000072,2,120.85,move,improve
15574,5,165.58000000000072,2,120.85,2opt,notBad
15575,5,165.58000000000072,2,120.85,swap,notBad
15576,5,165.58000000000072,2,120.85,swap,notBad
15577,5,165.58000000000072,2,120.85,swap,notBad
15578,5,165.58000000000072,2,120.85,2opt,improve
15579,5,165.58000000000072,2,120.85,swap,notBad
15580,5,165.58000000000072,2,120.85,swap,notBad
15581,5,165.58000000000072,2,120.85,swap,notBad
15582,5,165.58000000000072,2,120.85,swap,notBad
15583,5,165.58000000000072,2,120.85,swap,notBad
15584,5,165.58000000000072,2,120.85,2opt,notBad
15585,5,165.58000000000072,2,120.85,swap,notBad
15586,5,165.58000000000072,2,120.85,move,improve
15587,5,165.58000000000072,2,120.85,2opt,notBad
15588,5,165.58000000000072,2,120.85,move,improve
15589,5,165.58000000000072,2,120.85,swap,notBad
15590,5,165.58000000000072,2,120.85,swap,notBad
15591,5,165.58000000000072,2,120.85,move,improve
15592,5,165.58000000000072,2,120.85,2opt,improve
15593,5,165.58000000000072,2,120.85,move,improve
15594,5,165.58000000000072,2,120.85,2opt,notBad
15595,5,165.58000000000072,2,120.85,swap,notBad
15596,5,165.58000000000072,2,120.85,move,improve
15597,5,165.58000000000072,2,120.85,move,improve
15598,5,165.58000000000072,2,120.85,2opt,notBad
15599,5,165.58000000000072,2,120.85,2opt,notBad
15600,5,165.58000000000072,2,120.85,swap,notBad
15601,5,165.58000000000072,2,120.85,move,improve
15602,5,165.58000000000072,2,120.85,move,improve
15603,5,165.58000000000072,2,120.85,move,improve
15604,5,165.58000000000072,2,120.85,move,improve
15605,5,165.58000000000072,2,120.85,2opt,notBad
15606,5,165.58000000000072,2,120.85,2opt,notBad
15607,5,165.58000000000072,2,120.85,swap,notBad
15608,5,165.58000000000072,2,120.85,move,improve
15609,5,165.58000000000072,2,120.85,swap,notBad
15610,5,165.58000000000072,2,120.85,2opt,notBad
15611,5,165.58000000000072,2,120.85,2opt,notBad
15612,5,165.58000000000072,2,120.85,swap,notBad
15613,5,165.58000000000072,2,120.85,move,improve
15614,5,165.58000000000072,2,120.85,2opt,improve
15615,5,165.58000000000072,2,120.85,2opt,improve
15616,5,165.58000000000072,2,120.85,move,improve
15617,5,165.58000000000072,2,120.85,2opt,notBad
15618,5,165.58000000000072,2,120.85,2opt,notBad
15619,5,165.58000000000072,2,120.85,swap,notBad
15620,5,165.58000000000072,2,120.85,2opt,notBad
15621,5,165.58000000000072,2,120.85,swap,notBad
15622,5,165.58000000000072,2,120.85,move,improve
15623,5,165.58000000000072,2,120.85,2opt,notBad
15624,5,165.58000000000072,2,120.85,swap,notBad
15625,5,165.58000000000072,2,120.85,swap,notBad
15626,5,165.58000000000072,2,120.85,2opt,improve
15627,5,165.58000000000072,2,120.85,swap,notBad
15628,5,165.58000000000072,2,120.85,swap,notBad
15629,5,165.58000000000072,2,120.85,swap,notBad
15630,5,165.58000000000072,2,120.85,2opt,notBad
15631,5,165.58000000000072,2,120.85,2opt,notBad
15632,5,165.58000000000072,2,120.85,move,improve
15633,5,165.58000000000072,2,120.85,2opt,notBad
15634,5,165.58000000000072,2,120.85,move,improve
15635,5,165.58000000000072,2,120.85,swap,notBad
15636,5,165.58000000000072,2,120.85,swap,notBad
15637,5,165.58000000000072,2,120.85,2opt,notBad
15638,5,165.58000000000072,2,120.85,move,improve
15639,5,165.58000000000072,2,120.85,move,improve
15640,5,165.58000000000072,2,120.85,move,improve
15641,5,165.58000000000072,2,120.85,swap,notBad
15642,5,165.58000000000072,2,120.85,swap,notBad
15643,5,165.58000000000072,2,120.85,2opt,notBad
15644,5,165.58000000000072,2,120.85,2opt,improve
15645,5,165.58000000000072,2,120.85,move,improve
15646,5,165.58000000000072,2,120.85,swap,notBad
15647,5,165.58000000000072,2,120.85,move,improve
15648,5,165.58000000000072,2,120.85,2opt,notBad
15649,5,165.58000000000072,2,120.85,2opt,notBad
15650,5,165.58000000000072,2,120.85,swap,notBad
15651,5,165.58000000000072,2,120.85,swap,notBad
15652,5,165.58000000000072,2,120.85,move,improve
15653,5,165.58000000000072,2,120.85,move,improve
15654,5,165.58000000000072,2,120.85,swap,notBad
15655,5,165.58000000000072,2,120.85,swap,notBad
15656,5,165.58000000000072,2,120.85,swap,notBad
15657,5,165.58000000000072,2,120.85,2opt,improve
15658,5,165.58000000000072,2,120.85,swap,notBad
15659,5,165.58000000000072,2,120.85,swap,notBad
15660,5,165.58000000000072,2,120.85,move,improve
15661,5,165.58000000000072,2,120.85,swap,notBad
15662,5,165.58000000000072,2,120.85,swap,notBad
15663,5,165.58000000000072,2,120.85,move,improve
15664,5,165.58000000000072,2,120.85,move,improve
15665,5,165.58000000000072,2,120.85,swap,notBad
15666,5,165.58000000000072,2,120.85,swap,notBad
15667,5,165.58000000000072,2,120.85,2opt,notBad
15668,5,165.58000000000072,2,120.85,2opt,notBad
15669,5,165.58000000000072,2,120.85,swap,notBad
15670,5,165.58000000000072,2,120.85,swap,notBad
15671,5,165.58000000000072,2,120.85,swap,notBad
15672,5,165.58000000000072,2,120.85,swap,notBad
15673,5,165.58000000000072,2,120.85,2opt,notBad
15674,5,165.58000000000072,2,120.85,swap,notBad
15675,5,165.58000000000072,2,120.85,2opt,notBad
15676,5,165.58000000000072,2,120.85,move,improve
15677,5,165.58000000000072,2,120.85,2opt,notBad
15678,5,165.58000000000072,2,120.85,2opt,notBad
15679,5,165.58000000000072,2,120.85,2opt,improve
15680,5,165.58000000000072,2,120.85,2opt,notBad
15681,5,165.58000000000072,2,120.85,swap,notBad
15682,5,165.58000000000072,2,120.85,move,improve
15683,5,165.58000000000072,2,120.85,2opt,notBad
15684,5,165.58000000000072,2,120.85,move,improve
15685,5,165.58000000000072,2,120.85,move,improve
15686,5,165.58000000000072,2,120.85,swap,notBad
15687,5,165.58000000000072,2,120.85,move,improve
15688,5,165.58000000000072,2,120.85,swap,notBad
15689,5,165.58000000000072,2,120.85,move,improve
15690,5,165.58000000000072,2,120.85,swap,notBad
15691,5,165.58000000000072,2,120.85,2opt,notBad
15692,5,165.58000000000072,2,120.85,2opt,notBad
15693,5,165.58000000000072,2,120.85,swap,notBad
15694,5,165.58000000000072,2,120.85,move,improve
15695,5,165.58000000000072,2,120.85,2opt,improve
15696,5,165.58000000000072,2,120.85,2opt,notBad
15697,5,165.58000000000072,2,120.85,swap,notBad
15698,5,165.58000000000072,2,120.85,swap,notBad
15699,5,165.58000000000072,2,120.85,move,improve
15700,5,165.58000000000072,2,120.85,2opt,notBad
15701,5,165.58000000000072,2,120.85,2opt,notBad
15702,5,165.58000000000072,2,120.85,2opt,improve
15703,5,165.58000000000072,2,120.85,2opt,notBad
15704,5,165.58000000000072,2,120.85,swap,notBad
15705,5,165.58000000000072,2,120.85,move,improve
15706,5,165.58000000000072,2,120.85,2opt,notBad
15707,5,165.58000000000072,2,120.85,2opt,notBad
15708,5,165.58000000000072,2,120.85,move,improve
15709,5,165.58000000000072,2,120.85,move,improve
15710,5,165.58000000000072,2,120.85,move,improve
15711,5,165.58000000000072,2,120.85,2opt,notBad
15712,5,165.58000000000072,2,120.85,move,improve
15713,5,165.58000000000072,2,120.85,swap,notBad
15714,5,165.58000000000072,2,120.85,swap,notBad
15715,5,165.58000000000072,2,120.85,swap,notBad
15716,5,165.58000000000072,2,120.85,move,improve
15717,5,165.58000000000072,2,120.85,2opt,notBad
15718,5,165.58000000000072,2,120.85,swap,notBad
15719,5,165.58000000000072,2,120.85,2opt,notBad
15720,5,165.58000000000072,2,120.85,move,improve
15721,5,165.58000000000072,2,120.85,swap,notBad
15722,5,165.58000000000072,2,120.85,move,improve
15723,5,165.58000000000072,2,120.85,2opt,notBad
15724,5,165.58000000000072,2,120.85,move,improve
15725,5,165.58000000000072,2,120.85,move,improve
15726,5,165.58000000000072,2,120.85,swap,notBad
15727,5,165.58000000000072,2,120.85,move,improve
15728,5,165.58000000000072,2,120.85,move,improve
15729,5,165.58000000000072,2,120.85,swap,notBad
15730,5,165.58000000000072,2,120.85,2opt,notBad
15731,5,165.58000000000072,2,120.85,move,improve
15732,5,165.58000000000072,2,120.85,2opt,notBad
15733,5,165.58000000000072,2,120.85,2opt,notBad
15734,5,165.58000000000072,2,120.85,move,improve
15735,5,165.58000000000072,2,120.85,move,improve
15736,5,165.58000000000072,2,120.85,swap,notBad
15737,5,165.58000000000072,2,120.85,swap,notBad
15738,5,165.58000000000072,2,120.85,move,improve
15739,5,165.58000000000072,2,120.85,swap,notBad
15740,5,165.58000000000072,2,120.85,2opt,notBad
15741,5,165.58000000000072,2,120.85,move,improve
15742,5,165.58000000000072,2,120.85,2opt,notBad
15743,5,165.58000000000072,2,120.85,move,improve
15744,5,165.58000000000072,2,120.85,move,improve
15745,5,165.58000000000072,2,120.85,move,improve
15746,5,165.58000000000072,2,120.85,swap,notBad
15747,5,165.58000000000072,2,120.85,move,improve
15748,5,165.58000000000072,2,120.85,2opt,notBad
15749,5,165.58000000000072,2,120.85,2opt,notBad
15750,5,165.58000000000072,2,120.85,2opt,notBad
15751,5,165.58000000000072,2,120.85,swap,notBad
15752,5,165.58000000000072,2,120.85,move,improve
15753,5,165.58000000000072,2,120.85,swap,notBad
15754,5,165.58000000000072,2,120.85,2opt,notBad
15755,5,165.58000000000072,2,120.85,2opt,notBad
15756,5,165.58000000000072,2,120.85,swap,notBad
15757,5,165.58000000000072,2,120.85,swap,notBad
15758,5,165.58000000000072,2,120.85,move,improve
15759,5,165.58000000000072,2,120.85,swap,notBad
15760,5,165.58000000000072,2,120.85,move,improve
15761,5,165.58000000000072,2,120.85,swap,notBad
15762,5,165.58000000000072,2,120.85,2opt,notBad
15763,5,165.58000000000072,2,120.85,move,improve
15764,5,165.58000000000072,2,120.85,swap,notBad
15765,5,165.58000000000072,2,120.85,move,improve
15766,5,165.58000000000072,2,120.85,2opt,notBad
15767,5,165.58000000000072,2,120.85,swap,notBad
15768,5,165.58000000000072,2,120.85,2opt,notBad
15769,5,165.58000000000072,2,120.85,move,improve
15770,5,165.58000000000072,2,120.85,2opt,notBad
15771,5,165.58000000000072,2,120.85,move,improve
15772,5,165.58000000000072,2,120.85,swap,notBad
15773,5,165.58000000000072,2,120.85,swap,notBad
15774,5,165.58000000000072,2,120.85,move,improve
15775,5,165.58000000000072,2,120.85,2opt,notBad
15776,5,165.58000000000072,2,120.85,swap,notBad
15777,5,165.58000000000072,2,120.85,2opt,notBad
15778,5,165.58000000000072,2,120.85,move,improve
15779,5,165.58000000000072,2,120.85,move,improve
15780,5,165.58000000000072,2,120.85,swap,notBad
15781,5,165.58000000000072,2,120.85,move,improve
15782,5,165.58000000000072,2,120.85,2opt,notBad
15783,5,165.58000000000072,2,120.85,2opt,notBad
15784,5,165.58000000000072,2,120.85,swap,notBad
15785,5,165.58000000000072,2,120.85,swap,notBad
15786,5,165.58000000000072,2,120.85,move,improve
15787,5,165.58000000000072,2,120.85,2opt,improve
15788,5,165.58000000000072,2,120.85,swap,notBad
15789,5,165.58000000000072,2,120.85,2opt,notBad
15790,5,165.58000000000072,2,120.85,swap,notBad
15791,5,165.58000000000072,2,120.85,swap,notBad
15792,5,165.58000000000072,2,120.85,2opt,notBad
15793,5,165.58000000000072,2,120.85,move,improve
15794,5,165.58000000000072,2,120.85,2opt,notBad
15795,5,165.58000000000072,2,120.85,swap,notBad
15796,5,165.58000000000072,2,120.85,2opt,notBad
15797,5,165.58000000000072,2,120.85,swap,notBad
15798,5,165.58000000000072,2,120.85,swap,notBad
15799,5,165.58000000000072,2,120.85,2opt,notBad
15800,5,165.58000000000072,2,120.85,2opt,notBad
15801,5,165.58000000000072,2,120.85,swap,notBad
15802,5,165.58000000000072,2,120.85,move,improve
15803,5,165.58000000000072,2,120.85,swap,notBad
15804,5,165.58000000000072,2,120.85,move,improve
15805,5,165.58000000000072,2,120.85,swap,notBad
15806,5,165.58000000000072,2,120.85,swap,notBad
15807,5,165.58000000000072,2,120.85,move,improve
15808,5,165.58000000000072,2,120.85,move,improve
15809,5,165.58000000000072,2,120.85,move,improve
15810,5,165.58000000000072,2,120.85,swap,notBad
15811,5,165.58000000000072,2,120.85,2opt,notBad
15812,5,165.58000000000072,2,120.85,move,improve
15813,5,165.58000000000072,2,120.85,2opt,notBad
15814,5,165.58000000000072,2,120.85,swap,notBad
15815,5,165.58000000000072,2,120.85,2opt,improve
15816,5,165.58000000000072,2,120.85,move,improve
15817,5,165.58000000000072,2,120.85,move,improve
15818,5,165.58000000000072,2,120.85,move,improve
15819,5,165.58000000000072,2,120.85,move,improve
15820,5,165.58000000000072,2,120.85,move,improve
15821,5,165.58000000000072,2,120.85,swap,notBad
15822,5,165.58000000000072,2,120.85,move,improve
15823,5,165.58000000000072,2,120.85,2opt,notBad
15824,5,165.58000000000072,2,120.85,2opt,notBad
15825,5,165.58000000000072,2,120.85,swap,notBad
15826,5,165.58000000000072,2,120.85,move,improve
15827,5,165.58000000000072,2,120.85,swap,notBad
15828,5,165.58000000000072,2,120.85,move,improve
15829,5,165.58000000000072,2,120.85,swap,notBad
15830,5,165.58000000000072,2,120.85,move,improve
15831,5,165.58000000000072,2,120.85,swap,notBad
15832,5,165.58000000000072,2,120.85,move,improve
15833,5,165.58000000000072,2,120.85,swap,notBad
15834,5,165.58000000000072,2,120.85,2opt,notBad
15835,5,165.58000000000072,2,120.85,2opt,notBad
15836,5,165.58000000000072,2,120.85,2opt,notBad
15837,5,165.58000000000072,2,120.85,swap,notBad
15838,5,165.58000000000072,2,120.85,move,improve
15839,5,165.58000000000072,2,120.85,2opt,notBad
15840,5,165.58000000000072,2,120.85,swap,notBad
15841,5,165.58000000000072,2,120.85,2opt,notBad
15842,5,165.58000000000072,2,120.85,swap,notBad
15843,5,165.58000000000072,2,120.85,2opt,notBad
15844,5,165.58000000000072,2,120.85,move,improve
15845,5,165.58000000000072,2,120.85,swap,notBad
15846,5,165.58000000000072,2,120.85,swap,notBad
15847,5,165.58000000000072,2,120.85,swap,notBad
15848,5,165.58000000000072,2,120.85,2opt,notBad
15849,5,165.58000000000072,2,120.85,move,improve
15850,5,165.58000000000072,2,120.85,swap,notBad
15851,5,165.58000000000072,2,120.85,swap,notBad
15852,5,165.58000000000072,2,120.85,swap,notBad
15853,5,165.58000000000072,2,120.85,2opt,notBad
15854,5,165.58000000000072,2,120.85,2opt,notBad
15855,5,165.58000000000072,2,120.85,move,improve
15856,5,165.58000000000072,2,120.85,move,improve
15857,5,165.58000000000072,2,120.85,move,improve
15858,5,165.58000000000072,2,120.85,move,improve
15859,5,165.58000000000072,2,120.85,2opt,notBad
15860,5,165.58000000000072,2,120.85,swap,notBad
15861,5,165.58000000000072,2,120.85,move,improve
15862,5,165.58000000000072,2,120.85,swap,notBad
15863,5,165.58000000000072,2,120.85,2opt,notBad
15864,5,165.58000000000072,2,120.85,2opt,notBad
15865,5,165.58000000000072,2,120.85,move,improve
15866,5,165.58000000000072,2,120.85,2opt,notBad
15867,5,165.58000000000072,2,120.85,swap,notBad
15868,5,165.58000000000072,2,120.85,swap,notBad
15869,5,165.58000000000072,2,120.85,swap,notBad
15870,5,165.58000000000072,2,120.85,2opt,notBad
15871,5,165.58000000000072,2,120.85,move,improve
15872,5,165.58000000000072,2,120.85,2opt,notBad
15873,5,165.58000000000072,2,120.85,move,improve
15874,5,165.58000000000072,2,120.85,2opt,notBad
15875,5,165.58000000000072,2,120.85,2opt,improve
15876,5,165.58000000000072,2,120.85,move,improve
15877,5,165.58000000000072,2,120.85,2opt,notBad
15878,5,165.58000000000072,2,120.85,swap,notBad
15879,5,165.58000000000072,2,120.85,move,improve
15880,5,165.58000000000072,2,120.85,2opt,notBad
15881,5,165.58000000000072,2,120.85,swap,notBad
15882,5,165.58000000000072,2,120.85,swap,notBad
15883,5,165.58000000000072,2,120.85,move,improve
15884,5,165.58000000000072,2,120.85,move,improve
15885,5,165.58000000000072,2,120.85,swap,notBad
15886,5,165.58000000000072,2,120.85,swap,notBad
15887,5,165.58000000000072,2,120.85,2opt,notBad
15888,5,165.58000000000072,2,120.85,swap,notBad
15889,5,165.58000000000072,2,120.85,swap,notBad
15890,5,165.58000000000072,2,120.85,2opt,notBad
15891,5,165.58000000000072,2,120.85,move,improve
15892,5,165.58000000000072,2,120.85,2opt,notBad
15893,5,165.58000000000072,2,120.85,swap,notBad
15894,5,165.58000000000072,2,120.85,2opt,notBad
15895,5,165.58000000000072,2,120.85,swap,notBad
15896,5,165.58000000000072,2,120.85,2opt,notBad
15897,5,165.58000000000072,2,120.85,move,improve
15898,5,165.58000000000072,2,120.85,2opt,notBad
15899,5,165.58000000000072,2,120.85,move,improve
15900,5,165.58000000000072,2,120.85,swap,notBad
15901,5,165.58000000000072,2,120.85,move,improve
15902,5,165.58000000000072,2,120.85,2opt,notBad
15903,5,165.58000000000072,2,120.85,swap,notBad
15904,5,165.58000000000072,2,120.85,2opt,notBad
15905,5,165.58000000000072,2,120.85,swap,notBad
15906,5,165.58000000000072,2,120.85,2opt,improve
15907,5,165.58000000000072,2,120.85,move,improve
15908,5,165.58000000000072,2,120.85,swap,notBad
15909,5,165.58000000000072,2,120.85,swap,notBad
15910,5,165.58000000000072,2,120.85,swap,notBad
15911,5,165.58000000000072,2,120.85,2opt,notBad
15912,5,165.58000000000072,2,120.85,move,improve
15913,5,165.58000000000072,2,120.85,move,improve
15914,5,165.58000000000072,2,120.85,swap,notBad
15915,5,165.58000000000072,2,120.85,swap,notBad
15916,5,165.58000000000072,2,120.85,2opt,notBad
15917,5,165.58000000000072,2,120.85,2opt,notBad
15918,5,165.58000000000072,2,120.85,2opt,improve
15919,5,165.58000000000072,2,120.85,2opt,notBad
15920,5,165.58000000000072,2,120.85,2opt,notBad
15921,5,165.58000000000072,2,120.85,2opt,notBad
15922,5,165.58000000000072,2,120.85,swap,notBad
15923,5,165.58000000000072,2,120.85,2opt,notBad
15924,5,165.58000000000072,2,120.85,2opt,notBad
15925,5,165.58000000000072,2,120.85,2opt,notBad
15926,5,165.58000000000072,2,120.85,move,improve
15927,5,165.58000000000072,2,120.85,swap,notBad
15928,5,165.58000000000072,2,120.85,2opt,notBad
15929,5,165.58000000000072,2,120.85,move,improve
15930,5,165.58000000000072,2,120.85,move,improve
15931,5,165.58000000000072,2,120.85,swap,notBad
15932,5,165.58000000000072,2,120.85,swap,notBad
15933,5,165.58000000000072,2,120.85,move,improve
15934,5,165.58000000000072,2,120.85,2opt,notBad
15935,5,165.58000000000072,2,120.85,2opt,notBad
15936,5,165.58000000000072,2,120.85,swap,notBad
15937,5,165.58000000000072,2,120.85,swap,notBad
15938,5,165.58000000000072,2,120.85,move,improve
15939,5,165.58000000000072,2,120.85,2opt,notBad
15940,5,165.58000000000072,2,120.85,2opt,notBad
15941,5,165.58000000000072,2,120.85,swap,notBad
15942,5,165.58000000000072,2,120.85,move,improve
15943,5,165.58000000000072,2,120.85,2opt,notBad
15944,5,165.58000000000072,2,120.85,move,improve
15945,5,165.58000000000072,2,120.85,swap,notBad
15946,5,165.58000000000072,2,120.85,move,improve
15947,5,165.58000000000072,2,120.85,swap,notBad
15948,5,165.58000000000072,2,120.85,move,improve
15949,5,165.58000000000072,2,120.85,move,improve
15950,5,165.58000000000072,2,120.85,2opt,notBad
15951,5,165.58000000000072,2,120.85,2opt,notBad
15952,5,165.58000000000072,2,120.85,move,improve
15953,5,165.58000000000072,2,120.85,2opt,notBad
15954,5,165.58000000000072,2,120.85,2opt,notBad
15955,5,165.58000000000072,2,120.85,swap,notBad
15956,5,165.58000000000072,2,120.85,2opt,notBad
15957,5,165.58000000000072,2,120.85,2opt,notBad
15958,5,165.58000000000072,2,120.85,move,improve
15959,5,165.58000000000072,2,120.85,move,improve
15960,5,165.58000000000072,2,120.85,2opt,notBad
15961,5,165.58000000000072,2,120.85,2opt,notBad
15962,5,165.58000000000072,2,120.85,move,improve
15963,5,165.58000000000072,2,120.85,swap,notBad
15964,5,165.58000000000072,2,120.85,move,improve
15965,5,165.58000000000072,2,120.85,move,notBad
15966,5,165.58000000000072,2,120.85,swap,notBad
15967,5,165.58000000000072,2,120.85,move,improve
15968,5,165.58000000000072,2,120.85,swap,notBad
15969,5,165.58000000000072,2,120.85,2opt,notBad
15970,5,165.58000000000072,2,120.85,swap,notBad
15971,5,165.58000000000072,2,120.85,move,improve
15972,5,165.58000000000072,2,120.85,swap,notBad
15973,5,165.58000000000072,2,120.85,2opt,notBad
15974,5,165.58000000000072,2,120.85,2opt,notBad
15975,5,165.58000000000072,2,120.85,move,improve
15976,5,165.58000000000072,2,120.85,swap,notBad
15977,5,165.58000000000072,2,120.85,swap,notBad
15978,5,165.58000000000072,2,120.85,2opt,notBad
15979,5,165.58000000000072,2,120.85,swap,notBad
15980,5,165.58000000000072,2,120.85,2opt,notBad
15981,5,165.58000000000072,2,120.85,move,improve
15982,5,165.58000000000072,2,120.85,2opt,notBad
15983,5,165.58000000000072,2,120.85,2opt,notBad
15984,5,165.58000000000072,2,120.85,2opt,notBad
15985,5,165.58000000000072,2,120.85,move,improve
15986,5,165.58000000000072,2,120.85,2opt,notBad
15987,5,165.58000000000072,2,120.85,move,improve
15988,5,165.58000000000072,2,120.85,move,improve
15989,5,165.58000000000072,2,120.85,2opt,notBad
15990,5,165.58000000000072,2,120.85,swap,notBad
15991,5,165.58000000000072,2,120.85,swap,notBad
15992,5,165.58000000000072,2,120.85,move,improve
15993,5,165.58000000000072,2,120.85,2opt,notBad
15994,5,165.58000000000072,2,120.85,2opt,notBad
15995,5,165.58000000000072,2,120.85,swap,notBad
15996,5,165.58000000000072,2,120.85,2opt,notBad
15997,5,165.58000000000072,2,120.85,swap,notBad
15998,5,165.58000000000072,2,120.85,swap,notBad
15999,5,165.58000000000072,2,120.85,2opt,notBad
16000,5,165.58000000000072,2,120.85,swap,notBad
16001,5,165.58000000000072,2,120.85,swap,notBad
16002,5,165.58000000000072,2,120.85,swap,notBad
16003,5,165.58000000000072,2,120.85,move,improve
16004,5,165.58000000000072,2,120.85,move,improve
16005,5,165.58000000000072,2,120.85,2opt,notBad
16006,5,165.58000000000072,2,120.85,move,improve
16007,5,165.58000000000072,2,120.85,move,improve
16008,5,165.58000000000072,2,120.85,swap,notBad
16009,5,165.58000000000072,2,120.85,swap,notBad
16010,5,165.58000000000072,2,120.85,swap,notBad
16011,5,165.58000000000072,2,120.85,2opt,notBad
16012,5,165.58000000000072,2,120.85,2opt,notBad
16013,5,165.58000000000072,2,120.85,swap,notBad
16014,5,165.58000000000072,2,120.85,swap,notBad
16015,5,165.58000000000072,2,120.85,2opt,notBad
16016,5,165.58000000000072,2,120.85,swap,notBad
16017,5,165.58000000000072,2,120.85,swap,notBad
16018,5,165.58000000000072,2,120.85,move,improve
16019,5,165.58000000000072,2,120.85,move,improve
16020,5,165.58000000000072,2,120.85,2opt,notBad
16021,5,165.58000000000072,2,120.85,move,improve
16022,5,165.58000000000072,2,120.85,swap,notBad
16023,5,165.58000000000072,2,120.85,2opt,notBad
16024,5,165.58000000000072,2,120.85,swap,notBad
16025,5,165.58000000000072,2,120.85,move,improve
16026,5,165.58000000000072,2,120.85,swap,notBad
16027,5,165.58000000000072,2,120.85,swap,notBad
16028,5,165.58000000000072,2,120.85,swap,notBad
16029,5,165.58000000000072,2,120.85,2opt,notBad
16030,5,165.58000000000072,2,120.85,swap,notBad
16031,5,165.58000000000072,2,120.85,2opt,notBad
16032,5,165.58000000000072,2,120.85,2opt,notBad
16033,5,165.58000000000072,2,120.85,move,improve
16034,5,165.58000000000072,2,120.85,2opt,improve
16035,5,165.58000000000072,2,120.85,move,improve
16036,5,165.58000000000072,2,120.85,2opt,improve
16037,5,165.58000000000072,2,120.85,move,improve
16038,5,165.58000000000072,2,120.85,swap,notBad
16039,5,165.58000000000072,2,120.85,move,improve
16040,5,165.58000000000072,2,120.85,move,notBad
16041,5,165.58000000000072,2,120.85,2opt,notBad
16042,5,165.58000000000072,2,120.85,swap,notBad
16043,5,165.58000000000072,2,120.85,swap,notBad
16044,5,165.58000000000072,2,120.85,2opt,notBad
16045,5,165.58000000000072,2,120.85,2opt,notBad
16046,5,165.58000000000072,2,120.85,2opt,notBad
16047,5,165.58000000000072,2,120.85,move,improve
16048,5,165.58000000000072,2,120.85,move,improve
16049,5,165.58000000000072,2,120.85,move,improve
16050,5,165.58000000000072,2,120.85,move,improve
16051,5,165.58000000000072,2,120.85,move,improve
16052,5,165.58000000000072,2,120.85,swap,notBad
16053,5,165.58000000000072,2,120.85,move,improve
16054,5,165.58000000000072,2,120.85,swap,notBad
16055,5,165.58000000000072,2,120.85,swap,notBad
16056,5,165.58000000000072,2,120.85,move,improve
16057,5,165.58000000000072,2,120.85,move,improve
16058,5,165.58000000000072,2,120.85,move,improve
16059,5,165.58000000000072,2,120.85,move,improve
16060,5,165.58000000000072,2,120.85,swap,notBad
16061,5,165.58000000000072,2,120.85,move,improve
16062,5,165.58000000000072,2,120.85,move,improve
16063,5,165.58000000000072,2,120.85,move,improve
16064,5,165.58000000000072,2,120.85,move,improve
16065,5,165.58000000000072,2,120.85,swap,notBad
16066,5,165.58000000000072,2,120.85,2opt,notBad
16067,5,165.58000000000072,2,120.85,move,improve
16068,5,165.58000000000072,2,120.85,swap,notBad
16069,5,165.58000000000072,2,120.85,swap,notBad
16070,5,165.58000000000072,2,120.85,move,improve
16071,5,165.58000000000072,2,120.85,swap,notBad
16072,5,165.58000000000072,2,120.85,move,improve
16073,5,165.58000000000072,2,120.85,swap,notBad
16074,5,165.58000000000072,2,120.85,swap,notBad
16075,5,165.58000000000072,2,120.85,swap,notBad
16076,5,165.58000000000072,2,120.85,2opt,notBad
16077,5,165.58000000000072,2,120.85,move,improve
16078,5,165.58000000000072,2,120.85,2opt,notBad
16079,5,165.58000000000072,2,120.85,swap,notBad
16080,5,165.58000000000072,2,120.85,swap,notBad
16081,5,165.58000000000072,2,120.85,2opt,notBad
16082,5,165.58000000000072,2,120.85,swap,notBad
16083,5,165.58000000000072,2,120.85,2opt,notBad
16084,5,165.58000000000072,2,120.85,swap,notBad
16085,5,165.58000000000072,2,120.85,swap,notBad
16086,5,165.58000000000072,2,120.85,move,improve
16087,5,165.58000000000072,2,120.85,swap,notBad
16088,5,165.58000000000072,2,120.85,2opt,notBad
16089,5,165.58000000000072,2,120.85,2opt,improve
16090,5,165.58000000000072,2,120.85,move,improve
16091,5,165.58000000000072,2,120.85,move,improve
16092,5,165.58000000000072,2,120.85,2opt,notBad
16093,5,165.58000000000072,2,120.85,swap,notBad
16094,5,165.58000000000072,2,120.85,2opt,improve
16095,5,165.58000000000072,2,120.85,swap,notBad
16096,5,165.58000000000072,2,120.85,move,improve
16097,5,165.58000000000072,2,120.85,swap,notBad
16098,5,165.58000000000072,2,120.85,move,improve
16099,5,165.58000000000072,2,120.85,swap,notBad
16100,5,165.58000000000072,2,120.85,swap,notBad
16101,5,165.58000000000072,2,120.85,2opt,notBad
16102,5,165.58000000000072,2,120.85,swap,notBad
16103,5,165.58000000000072,2,120.85,2opt,notBad
16104,5,165.58000000000072,2,120.85,swap,notBad
16105,5,165.58000000000072,2,120.85,move,improve
16106,5,165.58000000000072,2,120.85,2opt,notBad
16107,5,165.58000000000072,2,120.85,move,improve
16108,5,165.58000000000072,2,120.85,move,improve
16109,5,165.58000000000072,2,120.85,swap,notBad
16110,5,165.58000000000072,2,120.85,move,improve
16111,5,165.58000000000072,2,120.85,move,improve
16112,5,165.58000000000072,2,120.85,swap,notBad
16113,5,165.58000000000072,2,120.85,swap,notBad
16114,5,165.58000000000072,2,120.85,swap,notBad
16115,5,165.58000000000072,2,120.85,move,improve
16116,5,165.58000000000072,2,120.85,swap,notBad
16117,5,165.58000000000072,2,120.85,2opt,notBad
16118,5,165.58000000000072,2,120.85,move,improve
16119,5,165.58000000000072,2,120.85,move,improve
16120,5,165.58000000000072,2,120.85,2opt,notBad
16121,5,165.58000000000072,2,120.85,swap,notBad
16122,5,165.58000000000072,2,120.85,2opt,notBad
16123,5,165.58000000000072,2,120.85,2opt,notBad
16124,5,165.58000000000072,2,120.85,move,improve
16125,5,165.58000000000072,2,120.85,move,improve
16126,5,165.58000000000072,2,120.85,move,improve
16127,5,165.58000000000072,2,120.85,move,improve
16128,5,165.58000000000072,2,120.85,2opt,notBad
16129,5,165.58000000000072,2,120.85,2opt,notBad
16130,5,165.58000000000072,2,120.85,swap,notBad
16131,5,165.58000000000072,2,120.85,2opt,notBad
16132,5,165.58000000000072,2,120.85,move,improve
16133,5,165.58000000000072,2,120.85,2opt,improve
16134,5,165.58000000000072,2,120.85,move,improve
16135,5,165.58000000000072,2,120.85,move,improve
16136,5,165.58000000000072,2,120.85,2opt,notBad
16137,5,165.58000000000072,2,120.85,swap,notBad
16138,5,165.58000000000072,2,120.85,2opt,notBad
16139,5,165.58000000000072,2,120.85,move,improve
16140,5,165.58000000000072,2,120.85,move,improve
16141,5,165.58000000000072,2,120.85,move,improve
16142,5,165.58000000000072,2,120.85,swap,notBad
16143,5,165.58000000000072,2,120.85,2opt,notBad
16144,5,165.58000000000072,2,120.85,move,improve
16145,5,165.58000000000072,2,120.85,2opt,improve
16146,5,165.58000000000072,2,120.85,swap,notBad
16147,5,165.58000000000072,2,120.85,2opt,improve
16148,5,165.58000000000072,2,120.85,2opt,notBad
16149,5,165.58000000000072,2,120.85,swap,notBad
16150,5,165.58000000000072,2,120.85,swap,notBad
16151,5,165.58000000000072,2,120.85,swap,notBad
16152,5,165.58000000000072,2,120.85,swap,notBad
16153,5,165.58000000000072,2,120.85,2opt,notBad
16154,5,165.58000000000072,2,120.85,2opt,notBad
16155,5,165.58000000000072,2,120.85,swap,notBad
16156,5,165.58000000000072,2,120.85,move,improve
16157,5,165.58000000000072,2,120.85,move,improve
16158,5,165.58000000000072,2,120.85,swap,notBad
16159,5,165.58000000000072,2,120.85,move,improve
16160,5,165.58000000000072,2,120.85,2opt,notBad
16161,5,165.58000000000072,2,120.85,swap,notBad
16162,5,165.58000000000072,2,120.85,move,improve
16163,5,165.58000000000072,2,120.85,2opt,notBad
16164,5,165.58000000000072,2,120.85,2opt,notBad
16165,5,165.58000000000072,2,120.85,move,improve
16166,5,165.58000000000072,2,120.85,move,improve
16167,5,165.58000000000072,2,120.85,swap,notBad
16168,5,165.58000000000072,2,120.85,swap,notBad
16169,5,165.58000000000072,2,120.85,swap,notBad
16170,5,165.58000000000072,2,120.85,swap,notBad
16171,5,165.58000000000072,2,120.85,2opt,notBad
16172,5,165.58000000000072,2,120.85,swap,notBad
16173,5,165.58000000000072,2,120.85,2opt,improve
16174,5,165.58000000000072,2,120.85,move,improve
16175,5,165.58000000000072,2,120.85,2opt,notBad
16176,5,165.58000000000072,2,120.85,swap,notBad
16177,5,165.58000000000072,2,120.85,swap,notBad
16178,5,165.58000000000072,2,120.85,move,improve
16179,5,165.58000000000072,2,120.85,2opt,improve
16180,5,165.58000000000072,2,120.85,move,improve
16181,5,165.58000000000072,2,120.85,2opt,notBad
16182,5,165.58000000000072,2,120.85,2opt,notBad
16183,5,165.58000000000072,2,120.85,2opt,notBad
16184,5,165.58000000000072,2,120.85,swap,notBad
16185,5,165.58000000000072,2,120.85,swap,notBad
16186,5,165.58000000000072,2,120.85,swap,notBad
16187,5,165.58000000000072,2,120.85,move,improve
16188,5,165.58000000000072,2,120.85,2opt,notBad
16189,5,165.58000000000072,2,120.85,move,improve
16190,5,165.58000000000072,2,120.85,swap,notBad
16191,5,165.58000000000072,2,120.85,2opt,notBad
16192,5,165.58000000000072,2,120.85,2opt,notBad
16193,5,165.58000000000072,2,120.85,move,improve
16194,5,165.58000000000072,2,120.85,2opt,improve
16195,5,165.58000000000072,2,120.85,move,improve
16196,5,165.58000000000072,2,120.85,2opt,notBad
16197,5,165.58000000000072,2,120.85,2opt,notBad
16198,5,165.58000000000072,2,120.85,2opt,notBad
16199,5,165.58000000000072,2,120.85,swap,notBad
16200,5,165.58000000000072,2,120.85,move,improve
16201,5,165.58000000000072,2,120.85,2opt,notBad
16202,5,165.58000000000072,2,120.85,2opt,notBad
16203,5,165.58000000000072,2,120.85,swap,notBad
16204,5,165.58000000000072,2,120.85,swap,notBad
16205,5,165.58000000000072,2,120.85,swap,notBad
16206,5,165.58000000000072,2,120.85,move,improve
